"","gene","cluster_id","logFC","logCPM","F","p_val","p_adj.loc","p_adj.glb","coef"
"1","AL627309.1","Exc L5/6 IT Car3",-0.0235828053630449,3.35033369181931,0.865727800849458,0.352741457265291,0.719317745768229,0.776235907893585,"cogn_se_lv"
"2","AL669831.5","Exc L5/6 IT Car3",0.0121851226508875,6.03817256653889,0.598698966008802,0.439564090617233,0.776403982764389,0.829541233518089,"cogn_se_lv"
"3","NOC2L","Exc L5/6 IT Car3",-0.00623889747618361,4.85890191852364,0.139271585394311,0.709217842990458,0.914678840494691,0.946472547880963,"cogn_se_lv"
"4","KLHL17","Exc L5/6 IT Car3",-0.068867144928614,3.02927317213688,5.79951143459309,0.0165141934968435,0.244862693729978,0.239020903298968,"cogn_se_lv"
"5","HES4","Exc L5/6 IT Car3",0.0292719167614934,5.14706221465272,1.37173612884205,0.242260105700763,0.627251518629668,0.686561156954158,"cogn_se_lv"
"6","ISG15","Exc L5/6 IT Car3",0.0153073910336518,2.8445039962872,0.120220005752536,0.728991167698287,0.925001825586439,0.953054317557942,"cogn_se_lv"
"7","AGRN","Exc L5/6 IT Car3",-0.00236751896605621,5.44856277495743,0.0175680862862424,0.894624845581302,0.9857013440361,0.991250356580458,"cogn_se_lv"
"8","C1orf159","Exc L5/6 IT Car3",0.00342177466210871,5.41539577359069,0.0551051605708522,0.814535324755156,0.959870452932088,0.97654591430871,"cogn_se_lv"
"9","SDF4","Exc L5/6 IT Car3",0.000511769702635348,5.04684866930603,0.00132321568454319,0.97587281794551,0.998267578294294,0.999481105410931,"cogn_se_lv"
"10","B3GALT6","Exc L5/6 IT Car3",0.0126375786992226,3.18100297530511,0.216268535650858,0.642168814376546,0.884918146682185,0.921824121377638,"cogn_se_lv"
"11","UBE2J2","Exc L5/6 IT Car3",-0.00075831967425687,4.76247201363237,0.00324222444781709,0.98495530068216,0.998390354534415,0.999870711362408,"cogn_se_lv"
"12","LINC01786","Exc L5/6 IT Car3",0.0259084679099876,2.48049275129556,0.637319660423198,0.425190119825277,0.770297344804122,0.821965427297654,"cogn_se_lv"
"13","SCNN1D","Exc L5/6 IT Car3",0.00721382681000033,3.13891152261295,0.0778330583081559,0.780410082324247,0.948397912742432,0.967748732119795,"cogn_se_lv"
"14","ACAP3","Exc L5/6 IT Car3",-0.0199815173384403,6.60863262360372,1.99279900651418,0.158880652188763,0.540776862911108,0.592902251185763,"cogn_se_lv"
"15","PUSL1","Exc L5/6 IT Car3",-0.00906985354873142,2.27619786838437,0.0681116558859252,0.794250082735168,0.952216125954876,0.971429173515194,"cogn_se_lv"
"16","INTS11","Exc L5/6 IT Car3",-0.0212640544047917,5.1879274761635,2.9620210205126,0.0860690574323424,0.434295997994672,0.472078070529073,"cogn_se_lv"
"17","CPTP","Exc L5/6 IT Car3",-0.0460009856199413,3.1103394158406,2.43259918507611,0.119682203308905,0.489738487304808,0.534526776217269,"cogn_se_lv"
"18","DVL1","Exc L5/6 IT Car3",-0.0426288148234384,4.32390694964505,6.27584740747135,0.0126642427912323,0.223512266693882,0.212786315123767,"cogn_se_lv"
"19","AURKAIP1","Exc L5/6 IT Car3",-0.0361615042811268,4.3214113422372,1.30140708078543,0.25468696283965,0.638392774831126,0.699100463088812,"cogn_se_lv"
"20","CCNL2","Exc L5/6 IT Car3",0.0149325777072833,5.98358113683159,2.33437670503873,0.127391631797163,0.497214837075747,0.546543943450418,"cogn_se_lv"
"21","MRPL20","Exc L5/6 IT Car3",-0.0299553368542451,4.80846557555315,2.13295675701855,0.145002695488811,0.520856465850307,0.573739577966556,"cogn_se_lv"
"22","ANKRD65","Exc L5/6 IT Car3",-0.0849753869956986,3.2020583083324,5.85980466662424,0.0159664124541338,0.242264567911383,0.235558351314987,"cogn_se_lv"
"23","ATAD3C","Exc L5/6 IT Car3",-0.0391120201450285,1.73041999314886,0.552360214665789,0.457821910974027,0.788028655907772,0.839122940510574,"cogn_se_lv"
"24","ATAD3B","Exc L5/6 IT Car3",0.0292177055385369,4.52850391803289,2.7672573665586,0.0970492679708549,0.451509102692813,0.492392837088973,"cogn_se_lv"
"25","ATAD3A","Exc L5/6 IT Car3",-0.0161771989965221,3.8250404857321,0.84243560656127,0.359293140724142,0.72356993401525,0.78060553033428,"cogn_se_lv"
"26","TMEM240","Exc L5/6 IT Car3",-0.0032545047882875,2.18567132930242,0.00849167889054132,0.926628001645054,0.991538479686899,0.995639170360381,"cogn_se_lv"
"27","SSU72","Exc L5/6 IT Car3",-0.0408300825668398,5.53222132406212,3.98638042631178,0.0465945485263668,0.349800049668676,0.367902149342963,"cogn_se_lv"
"28","AL645728.1","Exc L5/6 IT Car3",0.0258229946680695,2.1415032952268,0.41646984295858,0.51909984343547,0.820971047083305,0.868230190579647,"cogn_se_lv"
"29","FNDC10","Exc L5/6 IT Car3",-0.00665592664381221,3.3669268371054,0.0546911809957033,0.815220605103091,0.959870452932088,0.97662723185883,"cogn_se_lv"
"30","AL691432.2","Exc L5/6 IT Car3",-0.00318562841435689,3.2935361778725,0.0142594219924482,0.905012475310804,0.987810604126722,0.992856323362381,"cogn_se_lv"
"31","MIB2","Exc L5/6 IT Car3",-0.0112539003456043,5.09837438068347,0.756088234963385,0.385113659272446,0.742917611078674,0.798570184697383,"cogn_se_lv"
"32","MMP23B","Exc L5/6 IT Car3",-0.0436804619884312,1.9531976117127,0.967233164240886,0.326007529173619,0.698802673064305,0.758424179542599,"cogn_se_lv"
"33","CDK11B","Exc L5/6 IT Car3",-0.0600840056968074,4.93550026213836,12.797487059613,0.000392735025031879,0.0530679183971385,0.0385017600789815,"cogn_se_lv"
"34","SLC35E2B","Exc L5/6 IT Car3",0.0199465046772791,4.90092700540332,1.57162421343105,0.210755055990612,0.598585727280052,0.654312733524248,"cogn_se_lv"
"35","CDK11A","Exc L5/6 IT Car3",-0.0471683938734147,4.08092206679671,5.07901746611176,0.0247960764506365,0.289099594031926,0.285072890512023,"cogn_se_lv"
"36","SLC35E2A","Exc L5/6 IT Car3",-0.016584773285247,4.74997908482567,0.912984111464759,0.339941609877279,0.71004939771855,0.767374801452923,"cogn_se_lv"
"37","NADK","Exc L5/6 IT Car3",-0.0134547108132521,4.07827474349617,0.791347945850756,0.37426517460171,0.734135603387086,0.790976264594793,"cogn_se_lv"
"38","GNB1","Exc L5/6 IT Car3",-0.0138401361811771,7.92200370354204,2.53333319805077,0.11231010268829,0.476814477344217,0.520902112724273,"cogn_se_lv"
"39","CFAP74","Exc L5/6 IT Car3",-0.0166221904434711,4.80166333241936,0.917096961997953,0.338857543051949,0.709363247213108,0.766727378746193,"cogn_se_lv"
"40","GABRD","Exc L5/6 IT Car3",0.00437220389759327,5.64143478423242,0.0695434214941403,0.792148085491992,0.95191251091831,0.970852853883027,"cogn_se_lv"
"41","PRKCZ","Exc L5/6 IT Car3",0.00461980562452986,7.00906111176431,0.156524677363962,0.692602304882467,0.905339694814214,0.940315874980904,"cogn_se_lv"
"42","AL590822.2","Exc L5/6 IT Car3",-0.03564389237613,1.85107694457738,0.530687119128229,0.466774399446833,0.79216380586464,0.843493390500195,"cogn_se_lv"
"43","FAAP20","Exc L5/6 IT Car3",-0.00343979563702325,3.22647290462049,0.0207729802116689,0.917030821119935,0.989976454618112,0.99445421568911,"cogn_se_lv"
"44","SKI","Exc L5/6 IT Car3",0.0206361705502829,5.81762953060898,1.60497500373955,0.205988641677758,0.593837017111036,0.64916189672954,"cogn_se_lv"
"45","MORN1","Exc L5/6 IT Car3",0.0254690255323672,4.83771081955368,2.9997676907047,0.0841016805506077,0.43113965258299,0.468353627055489,"cogn_se_lv"
"46","RER1","Exc L5/6 IT Car3",-0.0106292286048852,4.8026949657999,0.550538845990476,0.458563711288039,0.788028655907772,0.839618221684467,"cogn_se_lv"
"47","PEX10","Exc L5/6 IT Car3",0.00192882216654847,3.5034861744366,0.00661416479190091,0.93522503378215,0.993382101587914,0.996736568338213,"cogn_se_lv"
"48","PLCH2","Exc L5/6 IT Car3",0.0268837970536262,1.40591810577461,0.207286812297422,0.649166757234825,0.88736452997967,0.924412799739312,"cogn_se_lv"
"49","PANK4","Exc L5/6 IT Car3",-0.0551961243637305,3.31566742676168,4.33844103168782,0.0379405158811331,0.325476331889988,0.339119280387171,"cogn_se_lv"
"50","FAM213B","Exc L5/6 IT Car3",-0.0367604028367265,3.66936215620196,2.18866115043013,0.139872635533981,0.513388948454082,0.565650209716766,"cogn_se_lv"
"51","TTC34","Exc L5/6 IT Car3",-0.0117899160670636,1.84577023486254,0.0584926226159279,0.8090271412283,0.957837349296372,0.975322173576764,"cogn_se_lv"
"52","PRDM16","Exc L5/6 IT Car3",0.00422074834553146,2.45525070460999,0.0132918570137534,0.908276940776777,0.988416424129917,0.99330549252832,"cogn_se_lv"
"53","TPRG1L","Exc L5/6 IT Car3",-0.0337914111963397,5.31026024956625,2.31038120997068,0.129358186497638,0.499726372098624,0.550228965304892,"cogn_se_lv"
"54","WRAP73","Exc L5/6 IT Car3",0.024050589808183,3.55277464540654,1.33736137854806,0.248238620559407,0.632515293114118,0.692875776977192,"cogn_se_lv"
"55","LRRC47","Exc L5/6 IT Car3",-0.0198032724560337,4.39289212770844,1.33774200163547,0.248171438023317,0.632515293114118,0.692836151880653,"cogn_se_lv"
"56","CEP104","Exc L5/6 IT Car3",0.0103737678371085,5.77873656933069,0.720596807283132,0.959066196204107,0.997053628956036,0.998555548513014,"cogn_se_lv"
"57","DFFB","Exc L5/6 IT Car3",-0.000672922626612945,4.36745258175064,0.00152240783946619,0.968896838743822,0.998218784586391,0.999043275832252,"cogn_se_lv"
"58","C1orf174","Exc L5/6 IT Car3",-0.0180934594540091,2.76958480295112,0.380335578247512,0.537799241762065,0.828690113710241,0.876579284247151,"cogn_se_lv"
"59","AL805961.2","Exc L5/6 IT Car3",-0.0650194526331616,1.5155866735507,0.862551327109578,0.353625234274313,0.719780905455015,0.776803965180423,"cogn_se_lv"
"60","AJAP1","Exc L5/6 IT Car3",0.0150325773705888,6.3107573807667,0.575549922914282,0.448540155159624,0.782302015855237,0.8340974347266,"cogn_se_lv"
"61","AL365255.1","Exc L5/6 IT Car3",0.0559340203833138,2.11585684519248,1.34246849419729,0.247339037202879,0.631271297296301,0.691854739151022,"cogn_se_lv"
"62","NPHP4","Exc L5/6 IT Car3",0.0210833219415903,6.08722136701923,2.01434427433856,0.15665218773069,0.538502829835899,0.590028816921167,"cogn_se_lv"
"63","KCNAB2","Exc L5/6 IT Car3",-0.00127798183526768,7.36914530002189,0.0178241668567271,0.893864156733956,0.9857013440361,0.991179311614651,"cogn_se_lv"
"64","CHD5","Exc L5/6 IT Car3",-0.0299629104540951,7.23823426928869,4.70361965960202,0.0307293592390812,0.304222598957164,0.310511356101412,"cogn_se_lv"
"65","RPL22","Exc L5/6 IT Car3",-0.0231985136269824,5.30979099797546,2.25370200694317,0.134139672795079,0.505062518355585,0.557045274582642,"cogn_se_lv"
"66","RNF207","Exc L5/6 IT Car3",0.0324489226777979,4.02400020741702,2.86980439042593,0.09108909545274,0.441871247275088,0.482111900307145,"cogn_se_lv"
"67","ICMT","Exc L5/6 IT Car3",-0.0391034889053948,4.43938064668839,4.85297575441361,0.0282082881892108,0.298368509743409,0.299795887259236,"cogn_se_lv"
"68","GPR153","Exc L5/6 IT Car3",0.0403655952101868,3.72452916677142,1.39739879877132,0.237911262369317,0.624685280902288,0.682914534237226,"cogn_se_lv"
"69","ACOT7","Exc L5/6 IT Car3",-0.00447041022744414,6.4967452920749,0.0954842119911795,0.757489786816214,0.938352065141105,0.961463767346485,"cogn_se_lv"
"70","TNFRSF25","Exc L5/6 IT Car3",-0.0222808388352739,5.34802215348963,1.36608862909886,0.243230128760809,0.628295163995429,0.687558162356735,"cogn_se_lv"
"71","PLEKHG5","Exc L5/6 IT Car3",-0.0193640022692307,4.79538817047248,1.05882098966627,0.304149823753109,0.68095225306377,0.742002746047917,"cogn_se_lv"
"72","NOL9","Exc L5/6 IT Car3",0.016238932845307,4.96383744277973,1.44750925829665,0.568212266217327,0.847123450067246,0.889940935127763,"cogn_se_lv"
"73","TAS1R1","Exc L5/6 IT Car3",-0.0159398516425662,1.69411016886351,0.12908962185714,0.71958076361709,0.920790550600068,0.94965400138481,"cogn_se_lv"
"74","ZBTB48","Exc L5/6 IT Car3",0.0297409364530299,3.59895745130631,2.00344597021554,0.157774928183116,0.540291084826352,0.591547831473502,"cogn_se_lv"
"75","KLHL21","Exc L5/6 IT Car3",-0.052893240837778,3.99657207637433,6.90279758182528,0.0089604984558923,0.197284794329303,0.182025939058269,"cogn_se_lv"
"76","PHF13","Exc L5/6 IT Car3",-0.0122641841055602,2.60726060238846,0.133687887485819,0.714845429595033,0.918247374513744,0.948322851385306,"cogn_se_lv"
"77","THAP3","Exc L5/6 IT Car3",-0.0124132052272866,3.09652130281811,0.248839332193227,0.618187047602238,0.873593287013005,0.912602477640328,"cogn_se_lv"
"78","DNAJC11","Exc L5/6 IT Car3",0.0197329335931777,5.55596458270455,3.03312410534452,0.0994586902736708,0.455285319248005,0.496621601321471,"cogn_se_lv"
"79","CAMTA1","Exc L5/6 IT Car3",0.0123476791992679,8.59734016323102,1.67051658690957,0.196987998572494,0.584763381151275,0.639029476518256,"cogn_se_lv"
"80","AL512330.1","Exc L5/6 IT Car3",0.0479293377368137,1.44963098614098,0.612837611744344,0.434217225761385,0.773613831177909,0.826340416223927,"cogn_se_lv"
"81","VAMP3","Exc L5/6 IT Car3",0.0180502333878476,3.59392784519625,0.87040208517785,0.351446438420807,0.718772184358302,0.774960558833551,"cogn_se_lv"
"82","PER3","Exc L5/6 IT Car3",-0.00216066331274182,6.51182782186039,0.0237525924488056,0.877599297447497,0.980419075763427,0.988533357496548,"cogn_se_lv"
"83","PARK7","Exc L5/6 IT Car3",-0.0454736459647902,5.33398308537565,2.69170436314588,0.101713291626566,0.460599159063424,0.501229886002618,"cogn_se_lv"
"84","ERRFI1","Exc L5/6 IT Car3",-0.0325158346954053,4.74359603637446,2.26385863550558,0.133268482232286,0.504511652800281,0.556188248008113,"cogn_se_lv"
"85","AL034417.2","Exc L5/6 IT Car3",0.0521123472552589,2.43297711423995,2.31601891111564,0.128893116243558,0.499046914761922,0.54913384549255,"cogn_se_lv"
"86","SLC45A1","Exc L5/6 IT Car3",0.00615038576366252,4.18771537666674,0.120635877176853,0.728541389106429,0.924999994394571,0.952947841120065,"cogn_se_lv"
"87","RERE","Exc L5/6 IT Car3",0.00197016561654342,8.6468337157123,0.0441417783499742,0.833704563547204,0.966446547282248,0.980097497109394,"cogn_se_lv"
"88","AL096855.1","Exc L5/6 IT Car3",-0.010077846807077,2.01807828799774,0.0448192175443141,0.832452218035194,0.966312347611673,0.97980968153495,"cogn_se_lv"
"89","ENO1","Exc L5/6 IT Car3",-0.0474197659715316,5.68255543804888,2.9271488147472,0.0879311068268089,0.436616651530482,0.475268525402695,"cogn_se_lv"
"90","SLC2A5","Exc L5/6 IT Car3",0.0425835499443424,1.70371742357927,0.884011977963616,0.347712560036275,0.715700650197033,0.772698684002858,"cogn_se_lv"
"91","MIR34AHG","Exc L5/6 IT Car3",-0.0103042143960017,2.95557487545825,0.103454839872994,0.747902276424402,0.933897613787942,0.958571889555911,"cogn_se_lv"
"92","H6PD","Exc L5/6 IT Car3",0.0145990389678584,3.6463279930144,0.349059679466652,0.555003074596762,0.839929682996154,0.884571468952564,"cogn_se_lv"
"93","SPSB1","Exc L5/6 IT Car3",0.0600613711375743,1.73042453280904,1.35407559504119,0.245309353813607,0.630479451434772,0.689721706279246,"cogn_se_lv"
"94","SLC25A33","Exc L5/6 IT Car3",0.0153264978729356,4.16042725028889,0.863188638433652,0.353447674822885,0.719780905455015,0.77668462885255,"cogn_se_lv"
"95","TMEM201","Exc L5/6 IT Car3",-0.054328812251129,3.13090729796959,5.14783780940552,0.0238449840884927,0.286922834340815,0.280738290692048,"cogn_se_lv"
"96","PIK3CD","Exc L5/6 IT Car3",0.00403786317328598,3.81717710656937,0.0350228953761341,0.851649259697968,0.971931624594265,0.983818184270067,"cogn_se_lv"
"97","CLSTN1","Exc L5/6 IT Car3",-0.00505741404290661,8.37879965181318,0.181092359429215,0.67068113816068,0.896973919231145,0.932384636476402,"cogn_se_lv"
"98","CTNNBIP1","Exc L5/6 IT Car3",0.0155488503755352,4.3655911210666,0.838989899669206,0.556329327783215,0.840473972178627,0.885071400868665,"cogn_se_lv"
"99","LZIC","Exc L5/6 IT Car3",-0.000265138691255251,4.10393215552188,0.000259376007366037,0.987159096522976,0.998407505464475,0.999870711362408,"cogn_se_lv"
"100","NMNAT1","Exc L5/6 IT Car3",0.0219139842645312,4.31268982183274,1.40818019089524,0.236112619289432,0.623140686898157,0.681153820488831,"cogn_se_lv"
"101","UBE4B","Exc L5/6 IT Car3",0.0158690754797265,7.44029159609037,1.81200650661856,0.17908376275659,0.566094102345684,0.619274100208014,"cogn_se_lv"
"102","KIF1B","Exc L5/6 IT Car3",0.00193726616854677,8.84872118378568,0.0738569928037899,0.785951703360414,0.949992646450748,0.968940983743968,"cogn_se_lv"
"103","AL139424.2","Exc L5/6 IT Car3",-0.0535896737757108,2.68562352102478,3.11572628164449,0.0783566521701328,0.420387560324412,0.455576441254081,"cogn_se_lv"
"104","PGD","Exc L5/6 IT Car3",0.00687933797559866,3.5610081724805,0.128149215921786,0.802492280743173,0.955597215489341,0.973652450180712,"cogn_se_lv"
"105","DFFA","Exc L5/6 IT Car3",0.00953239831507897,4.48446480731231,0.349093399181604,0.622683018888723,0.8750796656557,0.914395627238099,"cogn_se_lv"
"106","PEX14","Exc L5/6 IT Car3",0.000459960308514762,5.74734210753178,0.00182116760152633,0.965983290117486,0.997621680933237,0.99892010896344,"cogn_se_lv"
"107","CASZ1","Exc L5/6 IT Car3",0.0461762746388697,3.59041344807316,3.24500865995489,0.072447311698953,0.411675203510907,0.441350148837359,"cogn_se_lv"
"108","AL139423.1","Exc L5/6 IT Car3",0.139708818565221,1.81380107052197,7.71390650025325,0.0057559158588284,0.163835011002822,0.149050737444597,"cogn_se_lv"
"109","AL109811.4","Exc L5/6 IT Car3",0.00448131503884046,2.61438418530307,0.0201085173610015,0.887310846593081,0.983982845443689,0.989907480718003,"cogn_se_lv"
"110","MASP2","Exc L5/6 IT Car3",0.0209651711733249,3.15905342164662,0.317808442671484,0.573265834044445,0.849998307763332,0.892603236313394,"cogn_se_lv"
"111","SRM","Exc L5/6 IT Car3",-0.0122692117986179,4.61829039150149,0.420058471302822,0.517305907343194,0.819995665260249,0.867292233707145,"cogn_se_lv"
"112","EXOSC10","Exc L5/6 IT Car3",-0.0036196999493838,5.0945705523851,0.0744682193958663,0.785089549994716,0.949799006551862,0.968605708823016,"cogn_se_lv"
"113","AL109811.1","Exc L5/6 IT Car3",-0.0389237870833243,2.39301523241544,1.09011222908728,0.297121304008127,0.675435283409908,0.735366882543255,"cogn_se_lv"
"114","MTOR","Exc L5/6 IT Car3",0.0166915354366468,6.03167070817589,2.5445601184443,0.11152010918874,0.476351507192535,0.519420849285616,"cogn_se_lv"
"115","UBIAD1","Exc L5/6 IT Car3",0.0296463352408286,3.31694225832331,1.82401523984617,0.177653395006002,0.564077934628094,0.617540095363544,"cogn_se_lv"
"116","DISP3","Exc L5/6 IT Car3",-0.0657919103020065,5.47822460397228,5.91419995482327,0.01548835837774,0.2393231279452,0.231705693657246,"cogn_se_lv"
"117","AL031731.1","Exc L5/6 IT Car3",0.032368630994362,2.10691932895098,0.493569415172686,0.482776784781043,0.802169611459778,0.850662213444321,"cogn_se_lv"
"118","FBXO2","Exc L5/6 IT Car3",-0.0346373171053868,5.82136386638709,2.28956020109452,0.131092113795374,0.501618008779415,0.553136661126443,"cogn_se_lv"
"119","FBXO44","Exc L5/6 IT Car3",-0.0199770891199812,5.99255334834409,1.62733352317262,0.202864685310058,0.589852164542185,0.645131655780025,"cogn_se_lv"
"120","FBXO6","Exc L5/6 IT Car3",-0.0326660720015843,2.37232854091616,1.05370384207178,0.305319614957699,0.681888864292765,0.742865790069347,"cogn_se_lv"
"121","MAD2L2","Exc L5/6 IT Car3",0.0395804728522709,2.50826004272497,1.37717970147804,0.241329578838717,0.626366937057414,0.685784050555076,"cogn_se_lv"
"122","DRAXIN","Exc L5/6 IT Car3",-0.00439405779684688,1.85237393546111,0.00883833046194361,0.925149698375025,0.991196077697388,0.995470927775795,"cogn_se_lv"
"123","AGTRAP","Exc L5/6 IT Car3",0.0562537989208799,2.99818607834039,3.18919004727103,0.0749375298774663,0.414798996464227,0.44741980645046,"cogn_se_lv"
"124","MTHFR","Exc L5/6 IT Car3",0.0112937235194779,5.48780756553285,0.55097471540927,0.458386018863874,0.788028655907772,0.839450197845375,"cogn_se_lv"
"125","CLCN6","Exc L5/6 IT Car3",0.0368020298874518,4.52681663906162,5.23604493686459,0.0226812368448708,0.279923203722984,0.27462414051563,"cogn_se_lv"
"126","NPPA","Exc L5/6 IT Car3",-0.0301665119114492,1.8461711630804,0.420363747807481,0.517153804032924,0.819995665260249,0.867267928820191,"cogn_se_lv"
"127","KIAA2013","Exc L5/6 IT Car3",-0.00861740675866208,4.22804320257129,0.31358115091733,0.575826449477359,0.851796959783132,0.894080305710013,"cogn_se_lv"
"128","PLOD1","Exc L5/6 IT Car3",-0.000482360859550747,3.24641044442433,0.000267575231604339,0.986957734374221,0.998407505464475,0.999870711362408,"cogn_se_lv"
"129","MFN2","Exc L5/6 IT Car3",0.00720587432833891,5.23237326822993,0.304443604566953,0.581439809669928,0.855233062269629,0.896737086295844,"cogn_se_lv"
"130","MIIP","Exc L5/6 IT Car3",-0.00330736705932896,3.11524815470116,0.0149306584116416,0.902813381908073,0.987810604126722,0.992744989013678,"cogn_se_lv"
"131","VPS13D","Exc L5/6 IT Car3",-0.0476349813280028,9.64386310272714,8.15238960390916,0.00454040945576156,0.146875328353949,0.132085367579626,"cogn_se_lv"
"132","DHRS3","Exc L5/6 IT Car3",0.0748815282265566,2.8815506043809,4.02162528043454,0.0456410279609359,0.346452112382903,0.364482948733988,"cogn_se_lv"
"133","PRDM2","Exc L5/6 IT Car3",0.0086611489587936,7.57503046219561,0.702521694812527,0.402473465093342,0.755558261501162,0.808783227017913,"cogn_se_lv"
"134","KAZN","Exc L5/6 IT Car3",0.036215305724101,10.5620584055673,6.83807614839229,0.0092847613087051,0.199491591498572,0.185181811658031,"cogn_se_lv"
"135","KAZN-AS1","Exc L5/6 IT Car3",0.0276402014181484,2.23404147471037,0.444294055547044,0.505468472994857,0.815682059283931,0.861958979345572,"cogn_se_lv"
"136","TMEM51","Exc L5/6 IT Car3",-0.102836509884002,1.32147148651868,2.83197559158593,0.0932399025668404,0.444673721879044,0.485977560579366,"cogn_se_lv"
"137","FHAD1","Exc L5/6 IT Car3",0.0466781213116925,2.13911423452265,1.24165181210978,0.265869131442354,0.648553801378637,0.709630419723621,"cogn_se_lv"
"138","EFHD2","Exc L5/6 IT Car3",-0.0207426598317232,5.1941614545353,0.996448052242034,0.318817464048448,0.692808967221059,0.753431881529604,"cogn_se_lv"
"139","CELA2B","Exc L5/6 IT Car3",0.0597179661979756,1.96226682098667,1.60044433961805,0.206628590342047,0.594467191452667,0.649773120700617,"cogn_se_lv"
"140","CASP9","Exc L5/6 IT Car3",0.0204004845041415,3.87144181025725,0.973374425708442,0.324478430662262,0.697162923444783,0.757376044590151,"cogn_se_lv"
"141","DNAJC16","Exc L5/6 IT Car3",-0.00385619761416723,5.7206332337665,0.123756673093747,0.72519355237288,0.923824912757108,0.951593038523172,"cogn_se_lv"
"142","AGMAT","Exc L5/6 IT Car3",-0.0125466186553864,1.91905071085974,0.0871819130500197,0.974635425526059,0.998267578294294,0.999481105410931,"cogn_se_lv"
"143","DDI2","Exc L5/6 IT Car3",0.0102381417673991,5.47335120166677,0.684717638536145,0.460581898787469,0.788822103532066,0.840271812303876,"cogn_se_lv"
"144","PLEKHM2","Exc L5/6 IT Car3",-0.00649993887460015,5.75917835094157,0.351362696224381,0.553701295925149,0.839470293004437,0.884026276074887,"cogn_se_lv"
"145","SLC25A34","Exc L5/6 IT Car3",0.01614601152674,3.11386344699451,0.392408918137333,0.531418361730515,0.826671325785064,0.873476898735906,"cogn_se_lv"
"146","UQCRHL","Exc L5/6 IT Car3",-0.05392281260718,3.06434808060148,2.00805762423875,0.157298720135487,0.539640504432713,0.59090275555367,"cogn_se_lv"
"147","AL450998.2","Exc L5/6 IT Car3",0.0458236940363248,3.40094053874333,3.95907468080267,0.0473477741005887,0.352190547804766,0.370333197452469,"cogn_se_lv"
"148","SPEN","Exc L5/6 IT Car3",-0.0174739350218387,6.26529648509138,2.25715173853233,0.133843055644952,0.504976930664488,0.556793674499199,"cogn_se_lv"
"149","ZBTB17","Exc L5/6 IT Car3",-0.0123900739478219,3.82539413502224,0.512725595596461,0.474408567803934,0.796877131140775,0.846843619954376,"cogn_se_lv"
"150","FAM131C","Exc L5/6 IT Car3",-0.0869419074176502,1.41265924809856,2.49353251215226,0.115160985066631,0.482134809623356,0.525722067852414,"cogn_se_lv"
"151","FBXO42","Exc L5/6 IT Car3",0.0135381767333797,6.65300691576332,1.14884803725698,0.284482179065948,0.66397925229522,0.725136166772156,"cogn_se_lv"
"152","SZRD1","Exc L5/6 IT Car3",0.0296588109682477,3.84505393740404,2.42797286691364,0.130077298936785,0.500474253092376,0.55152295748445,"cogn_se_lv"
"153","SPATA21","Exc L5/6 IT Car3",0.0310618266803614,1.89905561423695,0.497586279238667,0.481002096419493,0.80063394477736,0.8500014573392,"cogn_se_lv"
"154","NECAP2","Exc L5/6 IT Car3",0.0211532082105019,3.58410254224261,0.95163161404039,0.329935417659096,0.700406022244585,0.760730255240392,"cogn_se_lv"
"155","NBPF1","Exc L5/6 IT Car3",0.00374230667539513,4.88099245503399,0.0439139851033536,0.834127924967151,0.966563259257668,0.980242942891289,"cogn_se_lv"
"156","CROCC","Exc L5/6 IT Car3",-0.0230609747807958,5.80367159141963,2.14095259049202,0.144253429414683,0.520632076517234,0.572701547204793,"cogn_se_lv"
"157","BX284668.5","Exc L5/6 IT Car3",-0.00575965817508791,1.8149390075198,0.0143471571533464,0.904722098745202,0.987810604126722,0.992829790111693,"cogn_se_lv"
"158","AL049569.1","Exc L5/6 IT Car3",0.0226769103209814,3.6066407102114,0.390647311641265,0.532340816654433,0.826815321335292,0.873912956439972,"cogn_se_lv"
"159","ATP13A2","Exc L5/6 IT Car3",-0.0185816677713657,6.36756104431644,3.70916684957582,0.0548727840566364,0.37104224368701,0.39562916909839,"cogn_se_lv"
"160","SDHB","Exc L5/6 IT Car3",0.00217577105489085,5.31644800530208,0.0366613322396264,0.848260209511088,0.971136553429121,0.983106022555808,"cogn_se_lv"
"161","PADI2","Exc L5/6 IT Car3",0.089696895044517,2.06380336936587,4.97943887021202,0.0262428470580754,0.293064283242318,0.29092098218019,"cogn_se_lv"
"162","RCC2","Exc L5/6 IT Car3",-0.0138191577662245,4.52803259110256,0.614720941399388,0.433512512536942,0.77353077346411,0.826010093580819,"cogn_se_lv"
"163","ARHGEF10L","Exc L5/6 IT Car3",0.0379224374611249,4.83238041839195,4.90712138156135,0.0273485934658304,0.296436903469433,0.295609082120295,"cogn_se_lv"
"164","IGSF21","Exc L5/6 IT Car3",-0.0319443880361531,7.36012648888812,4.0104383272023,0.04594142462084,0.347609894255029,0.365613990529431,"cogn_se_lv"
"165","IFFO2","Exc L5/6 IT Car3",0.0536019386174175,2.99233496199848,3.69121637221012,0.0554601543279791,0.372071392810636,0.397155995722213,"cogn_se_lv"
"166","UBR4","Exc L5/6 IT Car3",-0.00831990976091391,6.71850087672894,0.730331730101376,0.393323238517733,0.750092272712256,0.803652655246326,"cogn_se_lv"
"167","AL035413.1","Exc L5/6 IT Car3",0.0049690197652811,3.88028654187842,0.0425190601114116,0.83674581316731,0.967115719302831,0.980789525289319,"cogn_se_lv"
"168","EMC1","Exc L5/6 IT Car3",0.0186727227193628,4.28293646352136,1.58836121290831,0.208346870207615,0.59639559301436,0.651864947476046,"cogn_se_lv"
"169","MRTO4","Exc L5/6 IT Car3",0.0376020318901256,3.82835759044972,3.31693611137008,0.0693689897675866,0.403285947329972,0.433254982876387,"cogn_se_lv"
"170","AKR7A2","Exc L5/6 IT Car3",0.00256842782005538,3.60577051790301,0.0164680139379893,0.897958633848345,0.986715578313859,0.992164474469188,"cogn_se_lv"
"171","PQLC2","Exc L5/6 IT Car3",-0.00544343814412692,2.72044361138674,0.0447700120578087,0.832542847137903,0.966312347611673,0.97980968153495,"cogn_se_lv"
"172","CAPZB","Exc L5/6 IT Car3",0.0020371799145481,6.57348151538322,0.0454323401413865,0.831327269922791,0.966177555530849,0.979556835434487,"cogn_se_lv"
"173","NBL1","Exc L5/6 IT Car3",-0.057824154780292,3.09244477219248,2.07042359535762,0.151016877068356,0.530143644635493,0.582414460392319,"cogn_se_lv"
"174","TMCO4","Exc L5/6 IT Car3",0.0661817980206657,2.24673273804359,2.16598176511017,0.14193614572427,0.517139508214136,0.569209183804008,"cogn_se_lv"
"175","OTUD3","Exc L5/6 IT Car3",-0.0087092395703481,6.03559123059407,0.343691042506318,0.55806034175657,0.841272275407347,0.886076926058256,"cogn_se_lv"
"176","UBXN10","Exc L5/6 IT Car3",-0.0121515305860365,2.30831665956266,0.120064599136602,0.729159468769784,0.925001825586439,0.953054317557942,"cogn_se_lv"
"177","CAMK2N1","Exc L5/6 IT Car3",0.00152810996761466,8.03895115998801,0.00448349466529583,0.946650231656219,0.994804925328349,0.997654339150977,"cogn_se_lv"
"178","MUL1","Exc L5/6 IT Car3",-0.0378352798766667,3.28793276188982,3.08303380512072,0.0799320840884794,0.421815717772742,0.458903792223799,"cogn_se_lv"
"179","PINK1","Exc L5/6 IT Car3",-0.0363016662304231,5.96574657412492,3.17649857277165,0.0755165111848045,0.415938098540445,0.448781696345309,"cogn_se_lv"
"180","PINK1-AS","Exc L5/6 IT Car3",0.0033578698021913,1.76866014710446,0.00665880453750651,0.935007298979684,0.993382101587914,0.996730078864881,"cogn_se_lv"
"181","DDOST","Exc L5/6 IT Car3",0.00893271000998599,3.90096165783852,0.217563976605652,0.641174150083579,0.884165491529093,0.921571471474882,"cogn_se_lv"
"182","KIF17","Exc L5/6 IT Car3",0.0269373750253101,3.8197197673704,1.73859920877504,0.188123984335154,0.575062928090689,0.629222569624917,"cogn_se_lv"
"183","SH2D5","Exc L5/6 IT Car3",0.0394365898764102,3.39787077026857,3.33739638846184,0.0685192519918535,0.400498020567651,0.430937152705907,"cogn_se_lv"
"184","HP1BP3","Exc L5/6 IT Car3",-0.0242238055799481,7.28334395789059,2.72954979623868,0.0993470348462416,0.455229935733559,0.496384609411786,"cogn_se_lv"
"185","EIF4G3","Exc L5/6 IT Car3",0.00235610199296774,9.130048716093,0.0725892903809306,0.787752131255439,0.95034140472064,0.969493753479715,"cogn_se_lv"
"186","ECE1","Exc L5/6 IT Car3",0.0292741387110541,4.88808140748215,1.96166875995466,0.16216478185791,0.546016342755849,0.597450231087716,"cogn_se_lv"
"187","NBPF3","Exc L5/6 IT Car3",0.00914236661424477,3.89521514062784,0.246931609787862,0.619536185386021,0.873687478415488,0.912958269792939,"cogn_se_lv"
"188","RAP1GAP","Exc L5/6 IT Car3",-0.0420345167890478,7.19054677613556,10.0463049789418,0.00165242618584777,0.0971689599082161,0.081032999161187,"cogn_se_lv"
"189","USP48","Exc L5/6 IT Car3",-0.000804038587844083,6.87046358260517,0.00801020012054439,0.928732724865677,0.991644887442834,0.995925713518617,"cogn_se_lv"
"190","HSPG2","Exc L5/6 IT Car3",-0.0427878397317348,3.2177536977462,1.82845113331049,0.17712838388313,0.563465498502014,0.61684901616772,"cogn_se_lv"
"191","CDC42","Exc L5/6 IT Car3",-0.0133794468672065,6.26176941024813,1.26295057172304,0.26181476426083,0.645316293102761,0.705825132079123,"cogn_se_lv"
"192","ZBTB40","Exc L5/6 IT Car3",0.00277578461467748,4.50448564077806,0.0250170359190155,0.874410057368663,0.979751648832088,0.988122988421575,"cogn_se_lv"
"193","EPHB2","Exc L5/6 IT Car3",0.00537212013480822,5.91160671498069,0.0936379603447202,0.759772617337606,0.939792684522244,0.962001071963454,"cogn_se_lv"
"194","KDM1A","Exc L5/6 IT Car3",0.00861668627545404,6.0628664776118,0.589418502511274,0.841894524550533,0.96974453505222,0.981750004671456,"cogn_se_lv"
"195","AL031428.1","Exc L5/6 IT Car3",0.00760315057850175,3.86983901329454,0.111485680891321,0.738646305274451,0.930782115216792,0.955977581832945,"cogn_se_lv"
"196","LUZP1","Exc L5/6 IT Car3",0.0109382221699104,6.33030894810138,1.06963220587059,0.301697391826573,0.679307849352746,0.739903805933883,"cogn_se_lv"
"197","LINC01355","Exc L5/6 IT Car3",-0.00950756345922702,3.8899355752432,0.232816829226402,0.629725539077993,0.879011085487607,0.917488427466986,"cogn_se_lv"
"198","AL109936.6","Exc L5/6 IT Car3",0.0940667538187671,1.92723928817984,3.91410356705759,0.0486165494874302,0.354268643104519,0.374643411546598,"cogn_se_lv"
"199","HNRNPR","Exc L5/6 IT Car3",-0.0114189063752203,5.86712252301067,0.988482285611357,0.320756964292116,0.693607301690158,0.754618259548611,"cogn_se_lv"
"200","ZNF436","Exc L5/6 IT Car3",-0.0286852154679232,3.41949618914035,0.971368028767808,0.32497695070623,0.697738367475659,0.757771198387103,"cogn_se_lv"
"201","ZNF436-AS1","Exc L5/6 IT Car3",0.0645506903066669,4.0682745259925,5.38975840566457,0.0207923814443192,0.271181991888197,0.265152491894267,"cogn_se_lv"
"202","TCEA3","Exc L5/6 IT Car3",0.00550271948937815,3.5745819636538,0.0423764469297278,0.837015966560175,0.967115719302831,0.980833563614509,"cogn_se_lv"
"203","ASAP3","Exc L5/6 IT Car3",0.00860811511261881,4.51331561559341,0.192907076658581,0.660761884143267,0.892095015618499,0.928953442339163,"cogn_se_lv"
"204","RPL11","Exc L5/6 IT Car3",-0.0422091812509885,6.08486421112034,1.10362157155591,0.29415160831885,0.672512011030238,0.733207358878699,"cogn_se_lv"
"205","ELOA","Exc L5/6 IT Car3",-0.00322513752521962,4.11965117111556,0.0374580084713034,0.939612006290192,0.994539668727838,0.997362934282003,"cogn_se_lv"
"206","ELOA-AS1","Exc L5/6 IT Car3",0.0150204712196851,4.83656718428018,1.03704188432459,0.318314132994036,0.692808967221059,0.753253448234073,"cogn_se_lv"
"207","PITHD1","Exc L5/6 IT Car3",-0.0441985341155443,5.52354970543014,4.69820253271527,0.0308251140590461,0.304222598957164,0.310969358814117,"cogn_se_lv"
"208","LYPLA2","Exc L5/6 IT Car3",0.000308612169989838,3.27869633103688,0.000117905937062924,0.991342175357498,0.999242764926216,0.999870711362408,"cogn_se_lv"
"209","GALE","Exc L5/6 IT Car3",-0.030934940748021,3.57619383979358,2.39531644111845,0.122545593708569,0.49197586118719,0.539095868448949,"cogn_se_lv"
"210","HMGCL","Exc L5/6 IT Car3",0.0390494592112611,3.58288555298428,2.73552977486925,0.0989786942153083,0.454884935638507,0.495879034176836,"cogn_se_lv"
"211","FUCA1","Exc L5/6 IT Car3",0.0367845571566288,3.44513344390293,3.09263724548171,0.0794657755958756,0.421135773560787,0.457955004005857,"cogn_se_lv"
"212","PNRC2","Exc L5/6 IT Car3",-0.0394297168185732,4.27808427086956,2.9987345410945,0.0841548743573295,0.43113965258299,0.468410239590104,"cogn_se_lv"
"213","SRSF10","Exc L5/6 IT Car3",-0.010068862613425,6.43221685130271,0.842991985869118,0.359134697257628,0.723348860804405,0.780532066906917,"cogn_se_lv"
"214","IFNLR1","Exc L5/6 IT Car3",0.00450845211480019,3.12471340310715,0.0230176596224987,0.8794930335995,0.981252558148202,0.988897012088948,"cogn_se_lv"
"215","STPG1","Exc L5/6 IT Car3",0.0207319140654537,4.81267408917705,2.45649506359424,0.128217690262033,0.498300568972902,0.547733374342735,"cogn_se_lv"
"216","NIPAL3","Exc L5/6 IT Car3",0.000270407302756827,5.73113091534166,0.00058007642986167,0.980797842974214,0.998390354534415,0.999870711362408,"cogn_se_lv"
"217","RCAN3","Exc L5/6 IT Car3",-0.00750171430353783,3.41141304114571,0.0864479987128352,0.76890555802448,0.942860274175954,0.964418127860612,"cogn_se_lv"
"218","AL445686.2","Exc L5/6 IT Car3",-0.0434944831701538,1.13322132861777,0.409379407612131,0.522676741737435,0.82185254031414,0.869769139755503,"cogn_se_lv"
"219","SRRM1","Exc L5/6 IT Car3",-0.0191114646627629,6.16878995649885,3.63779264178397,0.0572482429991311,0.376670850125698,0.401847650227605,"cogn_se_lv"
"220","CLIC4","Exc L5/6 IT Car3",-0.0327077167491686,2.83397468613399,0.611681803257485,0.434650577372552,0.773613831177909,0.826508533839921,"cogn_se_lv"
"221","SYF2","Exc L5/6 IT Car3",-0.03868616229453,4.35210014737072,3.5047682207556,0.0619732757733317,0.38577882113733,0.414405619125805,"cogn_se_lv"
"222","RSRP1","Exc L5/6 IT Car3",0.00682148869576578,7.70611581318432,0.283376580637879,0.594812953703133,0.861650165426508,0.90275455190305,"cogn_se_lv"
"223","RHD","Exc L5/6 IT Car3",0.0874263850882849,2.73041851104176,3.11520652062499,0.0783814348585984,0.420387560324412,0.455654160951864,"cogn_se_lv"
"224","TMEM50A","Exc L5/6 IT Car3",-0.0151137181495507,5.50164937201859,1.0442206254556,0.307502991751073,0.683290650165898,0.744541020046831,"cogn_se_lv"
"225","RHCE","Exc L5/6 IT Car3",0.105308821671906,2.52252227881193,7.62427700660653,0.0060429080702707,0.165776034227212,0.15234601458229,"cogn_se_lv"
"226","MACO1","Exc L5/6 IT Car3",-0.00986951811302045,7.07742386888387,0.850547342997506,0.35699261263391,0.72215560740022,0.77939709707899,"cogn_se_lv"
"227","MAN1C1","Exc L5/6 IT Car3",-0.0155229414699417,7.76351649751445,1.16543678229141,0.281037153879953,0.661947015337079,0.722397985734718,"cogn_se_lv"
"228","AL031280.1","Exc L5/6 IT Car3",-0.00139723319761952,3.55729203951112,0.00164808589192715,0.967639156902497,0.99787412341955,0.998942739237643,"cogn_se_lv"
"229","SELENON","Exc L5/6 IT Car3",0.0566841397515039,2.89233334258797,3.70259567698079,0.0550870318424222,0.371674976333635,0.396373935138362,"cogn_se_lv"
"230","MTFR1L","Exc L5/6 IT Car3",-0.0269913022910941,4.75024530877095,3.5387399578312,0.0607282675591011,0.383193127402446,0.41115444019151,"cogn_se_lv"
"231","AUNIP","Exc L5/6 IT Car3",0.0242878347949782,2.15007687872454,0.449557279708,0.50295944184296,0.814365682268613,0.860707437421573,"cogn_se_lv"
"232","AL033528.2","Exc L5/6 IT Car3",0.0188813744758336,2.11588173357393,0.174764065576327,0.676152208979333,0.899176443999365,0.934682483846739,"cogn_se_lv"
"233","PAQR7","Exc L5/6 IT Car3",0.125945922057975,3.09663865696194,15.0375929121107,0.000124501540220308,0.0340451001343853,0.0205638764666227,"cogn_se_lv"
"234","STMN1","Exc L5/6 IT Car3",-0.0363179418190054,8.04919964131484,1.47879149330552,0.224731329652927,0.614078635374909,0.670264688998224,"cogn_se_lv"
"235","PAFAH2","Exc L5/6 IT Car3",0.0486858906766777,2.62422087378564,2.51289095746781,0.113764480754483,0.479991278430886,0.523303776806312,"cogn_se_lv"
"236","EXTL1","Exc L5/6 IT Car3",0.00227293386503155,4.86152911498571,0.0161293797271606,0.899007526908183,0.986715578313859,0.99224260186736,"cogn_se_lv"
"237","PDIK1L","Exc L5/6 IT Car3",-0.00418334477198944,4.01919806551974,0.0699027069073294,0.791624253560756,0.951705866845873,0.970647960469716,"cogn_se_lv"
"238","ZNF593","Exc L5/6 IT Car3",-0.0429533384734096,2.54471774992481,1.2334944237239,0.267442668796796,0.6508448249182,0.710987583320282,"cogn_se_lv"
"239","CNKSR1","Exc L5/6 IT Car3",0.0286716568962337,2.69201841853974,0.893695336749704,0.345088736901638,0.714312799047237,0.770892823789753,"cogn_se_lv"
"240","CEP85","Exc L5/6 IT Car3",0.0348100702937186,4.26602871638059,4.536204683613,0.0338380365395355,0.312585463591507,0.323852077968054,"cogn_se_lv"
"241","SH3BGRL3","Exc L5/6 IT Car3",-0.143377693583606,5.46144334404835,12.2139964382059,0.000531263811617601,0.0581324984874944,0.0459317467709535,"cogn_se_lv"
"242","UBXN11","Exc L5/6 IT Car3",-0.0276741737129358,3.93117919614096,1.83384403299102,0.176492523871383,0.563465498502014,0.616238125427583,"cogn_se_lv"
"243","CD52","Exc L5/6 IT Car3",-0.145779267608193,2.59547660355246,6.46841191631267,0.011383137256618,0.214164403886737,0.202873630035049,"cogn_se_lv"
"244","DHDDS","Exc L5/6 IT Car3",0.0385924412290428,4.98404873443164,4.96446974491654,0.0264678338838533,0.293458540761524,0.291840809500947,"cogn_se_lv"
"245","AL513365.2","Exc L5/6 IT Car3",0.0218891861914997,1.83696517066315,0.239105866486677,0.62513952563623,0.876060580908903,0.91532197445456,"cogn_se_lv"
"246","HMGN2","Exc L5/6 IT Car3",0.0515802050867903,4.2460207233885,6.00665077492524,0.0147095450965285,0.235267398504282,0.226960263654052,"cogn_se_lv"
"247","RPS6KA1","Exc L5/6 IT Car3",0.0296677771327574,3.82707100516326,1.686174925444,0.194906755443202,0.583090189119214,0.637012401939916,"cogn_se_lv"
"248","ARID1A","Exc L5/6 IT Car3",0.0216338529832667,6.44946990473156,4.3649508067777,0.0373615027794041,0.324488446825637,0.337227802904396,"cogn_se_lv"
"249","PIGV","Exc L5/6 IT Car3",0.012458736479248,2.56184956075024,0.186128090228708,0.666407696024673,0.894784020399557,0.930946708469895,"cogn_se_lv"
"250","ZDHHC18","Exc L5/6 IT Car3",0.0221767632257543,4.58341213199802,2.15002767287224,0.143408326327088,0.519784669725747,0.571396122342407,"cogn_se_lv"
"251","GPN2","Exc L5/6 IT Car3",-0.00866413066334995,3.86353116770814,0.290353591807815,0.590314894483428,0.859216560038585,0.900692226145809,"cogn_se_lv"
"252","GPATCH3","Exc L5/6 IT Car3",0.0186209217405689,2.9203524583619,0.502099696349789,0.793261327087399,0.952216125954876,0.971135340407771,"cogn_se_lv"
"253","NUDC","Exc L5/6 IT Car3",-0.028032471904241,5.20880700140443,1.90704858059444,0.168116796528858,0.554231347643541,0.605152629153035,"cogn_se_lv"
"254","TRNP1","Exc L5/6 IT Car3",0.022627090116014,3.32041486876891,0.934901165477949,0.334217954267069,0.704122425211526,0.763627168352885,"cogn_se_lv"
"255","SLC9A1","Exc L5/6 IT Car3",0.000317238874261443,4.20402430719264,0.000307339973791883,0.986022267491868,0.998390354534415,0.999870711362408,"cogn_se_lv"
"256","WDTC1","Exc L5/6 IT Car3",0.0109926622993191,5.22533881500981,0.837185383876144,0.360793040175453,0.724938503644872,0.781439823739874,"cogn_se_lv"
"257","TMEM222","Exc L5/6 IT Car3",0.00188252830075985,4.80422791508097,0.0177970123033224,0.893944554740411,0.9857013440361,0.991190211352029,"cogn_se_lv"
"258","MAP3K6","Exc L5/6 IT Car3",-0.00522866246172461,2.13308593050325,0.0197019545560054,0.888448304693405,0.984472057540796,0.990233905945017,"cogn_se_lv"
"259","WASF2","Exc L5/6 IT Car3",0.0052313449674575,5.36541947425964,0.169664423175484,0.680646392484462,0.900862474773406,0.936216177617815,"cogn_se_lv"
"260","AHDC1","Exc L5/6 IT Car3",-0.0141186822702671,6.01622824581947,1.18974409526888,0.276084013280578,0.658695193753248,0.718347531067568,"cogn_se_lv"
"261","IFI6","Exc L5/6 IT Car3",-0.0863340465787182,5.19066781144309,4.76331696465509,0.0296945221805392,0.303682524051711,0.30623365218674,"cogn_se_lv"
"262","AL445490.1","Exc L5/6 IT Car3",-0.0432018680564584,1.18806597957864,0.535445435016885,0.501645434984678,0.813655179809147,0.859988225630917,"cogn_se_lv"
"263","FAM76A","Exc L5/6 IT Car3",0.027564315793929,4.8250315708892,3.12540148766555,0.077896872179571,0.420387560324412,0.454647104828156,"cogn_se_lv"
"264","STX12","Exc L5/6 IT Car3",-0.0155783369405252,6.7496447868716,3.2109731057131,0.073954922700632,0.413387076509406,0.445061500115152,"cogn_se_lv"
"265","PPP1R8","Exc L5/6 IT Car3",-0.0060326991499595,4.16383906806985,0.151027755001376,0.748513779472012,0.933897613787942,0.958724041246465,"cogn_se_lv"
"266","RPA2","Exc L5/6 IT Car3",-0.0204126317036979,4.12739654332386,1.36066774160837,0.244165699015747,0.629537629058861,0.688584342021687,"cogn_se_lv"
"267","EYA3","Exc L5/6 IT Car3",0.0123947778206422,6.31007022376693,1.31699973408681,0.251865410174301,0.635147462215056,0.696528466722529,"cogn_se_lv"
"268","PTAFR","Exc L5/6 IT Car3",-0.00733303522759162,1.50327875909732,0.0171964263546495,0.89573897061551,0.986148815080956,0.991500578448614,"cogn_se_lv"
"269","DNAJC8","Exc L5/6 IT Car3",-0.0295199250756666,5.10762967862055,3.93615930708757,0.047989845219098,0.353049189458432,0.372484313280824,"cogn_se_lv"
"270","ATP5IF1","Exc L5/6 IT Car3",-0.0239058950877894,5.93322499998042,0.795009518111866,0.37316341302919,0.733552807065939,0.790139908466588,"cogn_se_lv"
"271","AL353622.1","Exc L5/6 IT Car3",0.0564298804899558,1.8436482004744,1.35173344185147,0.245717266883838,0.63060160275998,0.690220833943507,"cogn_se_lv"
"272","SESN2","Exc L5/6 IT Car3",-0.0119412935634618,3.14947429994228,0.118565008809493,0.730789790171498,0.925895683768779,0.953448750749257,"cogn_se_lv"
"273","MED18","Exc L5/6 IT Car3",-0.0397883596110093,1.79352690473546,0.783952523637639,0.37650443475733,0.736147859211419,0.792408264993246,"cogn_se_lv"
"274","PHACTR4","Exc L5/6 IT Car3",0.00625393954785247,6.48535901868595,0.299051979309171,0.584803762981223,0.85579931877134,0.898147216561273,"cogn_se_lv"
"275","RCC1","Exc L5/6 IT Car3",-0.0252837239960436,4.66095220267794,2.29937365686977,0.130271651489007,0.500474253092376,0.551701749198032,"cogn_se_lv"
"276","TRNAU1AP","Exc L5/6 IT Car3",0.0133796644159635,5.93956387825043,1.29380430931667,0.256076867666937,0.639465032191168,0.700378976986054,"cogn_se_lv"
"277","SNHG12","Exc L5/6 IT Car3",-0.0305780543416777,3.00135526447945,1.58017278033565,0.209520946888666,0.597864977235631,0.653110015488168,"cogn_se_lv"
"278","TAF12","Exc L5/6 IT Car3",0.0292666687437837,3.93085300846315,2.45741482221907,0.117817550260137,0.486637707596218,0.530970456834552,"cogn_se_lv"
"279","GMEB1","Exc L5/6 IT Car3",-0.00266172947486987,4.24206882926571,0.0249960701486478,0.87446225598305,0.979751648832088,0.988122988421575,"cogn_se_lv"
"280","YTHDF2","Exc L5/6 IT Car3",-0.011504561646491,5.22860171569708,0.619214397237597,0.431838150720429,0.77353077346411,0.825241621797392,"cogn_se_lv"
"281","OPRD1","Exc L5/6 IT Car3",-0.0243952885963145,4.44734690518592,1.61789906759608,0.20417599434929,0.591652900213815,0.646851849580398,"cogn_se_lv"
"282","EPB41","Exc L5/6 IT Car3",0.0110464641446113,7.60833754330232,0.773425220947843,0.379724707603689,0.738713594996938,0.795160868866426,"cogn_se_lv"
"283","SRSF4","Exc L5/6 IT Car3",-0.00104915545594043,6.59013637958378,0.01193058409568,0.913080907867903,0.989073227776396,0.99400340056301,"cogn_se_lv"
"284","MECR","Exc L5/6 IT Car3",0.0332932832664178,5.20180405612618,5.64010554025938,0.0180582627710193,0.25499807983516,0.247786886876662,"cogn_se_lv"
"285","PTPRU","Exc L5/6 IT Car3",-0.0162080589208488,6.4055076148954,1.81198799197691,0.179085978331002,0.566094102345684,0.619274100208014,"cogn_se_lv"
"286","AL645944.2","Exc L5/6 IT Car3",0.0983723488748069,2.01173828565347,3.1562374784846,0.0764508441401785,0.41767074594155,0.451266115448223,"cogn_se_lv"
"287","MATN1","Exc L5/6 IT Car3",0.187693935120975,1.42957743284216,5.33513450851202,0.0214441328405366,0.274107312637756,0.26863605182431,"cogn_se_lv"
"288","SDC3","Exc L5/6 IT Car3",0.0104883233404786,4.7755063148882,0.272943063045378,0.60167392266255,0.8657219212581,0.905354998048866,"cogn_se_lv"
"289","PUM1","Exc L5/6 IT Car3",-7.61200360256433e-05,7.33026944188442,7.98888825466225e-05,0.992873326205963,0.999242764926216,0.999870711362408,"cogn_se_lv"
"290","NKAIN1","Exc L5/6 IT Car3",-0.0255796011389698,2.04920528449942,0.448121172546029,0.503641929440292,0.814567104377341,0.860995293708579,"cogn_se_lv"
"291","SNRNP40","Exc L5/6 IT Car3",0.0243368244253628,4.91484355873531,2.86553403967756,0.0913291607628558,0.441871247275088,0.482511267751229,"cogn_se_lv"
"292","ZCCHC17","Exc L5/6 IT Car3",0.0111234146260972,5.99893091167954,1.02348950448081,0.312347334887618,0.687409988072963,0.74893189646513,"cogn_se_lv"
"293","AL451070.1","Exc L5/6 IT Car3",0.0117504970742692,4.10289246634134,0.176019989468037,0.675057244996377,0.899176443999365,0.934215769292654,"cogn_se_lv"
"294","FABP3","Exc L5/6 IT Car3",-0.0328802589494098,4.29017768127243,1.12604384327274,0.289306128372294,0.668991949268745,0.729096319362562,"cogn_se_lv"
"295","PEF1","Exc L5/6 IT Car3",-0.0170377944703352,4.27435810870959,0.480870581829587,0.488459046383834,0.804970953647167,0.853561280756071,"cogn_se_lv"
"296","COL16A1","Exc L5/6 IT Car3",0.0446788409701656,4.9496989064434,3.67570588750854,0.0559730769022668,0.373928928056421,0.398541087697268,"cogn_se_lv"
"297","ADGRB2","Exc L5/6 IT Car3",-0.0228113168676776,6.38683800645261,1.89070755519606,0.169945996102071,0.556733788386556,0.607978276352096,"cogn_se_lv"
"298","AL136115.2","Exc L5/6 IT Car3",0.00334407365789004,2.52475882931374,0.00832969693432435,0.927329205391532,0.991538479686899,0.995639170360381,"cogn_se_lv"
"299","PTP4A2","Exc L5/6 IT Car3",0.0135424385716317,3.75525114241894,0.447297432634526,0.504034114424722,0.814567104377341,0.861123606714834,"cogn_se_lv"
"300","KHDRBS1","Exc L5/6 IT Car3",0.000940338875755368,6.33380321335519,0.0117047586934219,0.913904208295867,0.989073227776396,0.994126167335106,"cogn_se_lv"
"301","AL445248.1","Exc L5/6 IT Car3",0.0232156707382769,3.15167659373046,0.939514334840976,0.333029724653068,0.70300741172083,0.762687818137425,"cogn_se_lv"
"302","TMEM39B","Exc L5/6 IT Car3",0.0333399300037993,4.82974925988125,5.69710641524259,0.0174896253799161,0.251087065855326,0.244495776025218,"cogn_se_lv"
"303","KPNA6","Exc L5/6 IT Car3",-0.00981798973747204,6.69603481134762,1.2972130546223,0.255452539419754,0.639026164772989,0.699830642228525,"cogn_se_lv"
"304","TXLNA","Exc L5/6 IT Car3",0.0133941895367199,4.16406969103272,0.68675532234116,0.407799219448687,0.759297557925274,0.811905045299517,"cogn_se_lv"
"305","CCDC28B","Exc L5/6 IT Car3",-0.0202061529544688,2.41150707591361,0.398809078432372,0.528091059699693,0.825057385586907,0.872235032063243,"cogn_se_lv"
"306","IQCC","Exc L5/6 IT Car3",0.0388761153755637,1.81775229081804,0.896451794076472,0.385722612799779,0.743409872857566,0.798810082212741,"cogn_se_lv"
"307","DCDC2B","Exc L5/6 IT Car3",0.0920788264459223,1.93778202287257,3.15625818764554,0.0764498827983918,0.41767074594155,0.451266115448223,"cogn_se_lv"
"308","TMEM234","Exc L5/6 IT Car3",0.00127977537216662,3.26438022954715,0.00302002047694309,0.956203912730078,0.996920944446838,0.998428000651427,"cogn_se_lv"
"309","EIF3I","Exc L5/6 IT Car3",-0.0420117266135238,4.06789847357167,2.37755184043662,0.123936703351491,0.492878114348239,0.541011933335472,"cogn_se_lv"
"310","HDAC1","Exc L5/6 IT Car3",-0.0706458576929385,2.26252827226516,4.24303177378511,0.0401038242562879,0.330776725437538,0.34721659656149,"cogn_se_lv"
"311","MARCKSL1","Exc L5/6 IT Car3",-0.037497237895096,1.69814581540815,0.5494972160942,0.458988798540163,0.788028655907772,0.839618221684467,"cogn_se_lv"
"312","FAM229A","Exc L5/6 IT Car3",-0.0483700132450168,2.48106252452456,2.19235102707877,0.13954011653042,0.512942082338302,0.56529541886943,"cogn_se_lv"
"313","BSDC1","Exc L5/6 IT Car3",-0.00857413964748025,6.05865476232273,0.666994266908308,0.414621860586222,0.763489517254526,0.81580848323155,"cogn_se_lv"
"314","AL033529.1","Exc L5/6 IT Car3",0.0190771341603897,2.52993570029307,0.354649629672295,0.55185331446265,0.838154792221473,0.882959404356766,"cogn_se_lv"
"315","ZBTB8A","Exc L5/6 IT Car3",-0.0260294081325428,3.13313756698747,0.988971725550592,0.320637347783645,0.693607301690158,0.75458877332074,"cogn_se_lv"
"316","ZBTB8OS","Exc L5/6 IT Car3",0.026642462575728,6.73531287359455,4.51289881781719,0.0342962775803493,0.3131269192425,0.32532452267037,"cogn_se_lv"
"317","RBBP4","Exc L5/6 IT Car3",0.00857748165450783,5.88902814374826,0.886182140119095,0.694606922935921,0.906550341524847,0.941049078334438,"cogn_se_lv"
"318","SYNC","Exc L5/6 IT Car3",0.000916211699945612,3.98769925461767,0.00114503024245855,0.97302416549842,0.998267578294294,0.999348346445079,"cogn_se_lv"
"319","KIAA1522","Exc L5/6 IT Car3",-0.0205213221269826,4.31552077936572,1.32852661434477,0.249804313868568,0.633985552512742,0.694280011465485,"cogn_se_lv"
"320","YARS","Exc L5/6 IT Car3",-0.000954274487093141,5.68945289275416,0.0042393220510911,0.948121175742686,0.994804925328349,0.997804640603097,"cogn_se_lv"
"321","S100PBP","Exc L5/6 IT Car3",-0.0117952169007354,4.98450969236725,0.636741508106431,0.425400013874735,0.770405532305505,0.822023573688427,"cogn_se_lv"
"322","FNDC5","Exc L5/6 IT Car3",-0.0194100009442603,2.61180603207515,0.376307268442019,0.53995939358514,0.830582215619721,0.877589748134224,"cogn_se_lv"
"323","HPCA","Exc L5/6 IT Car3",-0.018128067783318,5.33343246628722,0.308799806521043,0.578750154585053,0.853819156938549,0.89548029958669,"cogn_se_lv"
"324","TMEM54","Exc L5/6 IT Car3",-0.0650902241321122,2.51828854876845,2.74685733606121,0.0982850604521398,0.453587664360857,0.494793673409348,"cogn_se_lv"
"325","RNF19B","Exc L5/6 IT Car3",0.0288718453440493,3.39909570947406,1.68923565532233,0.19450295910144,0.583006540287525,0.63644731146072,"cogn_se_lv"
"326","AL020995.1","Exc L5/6 IT Car3",0.058864430360478,2.87701713034824,2.27791863762843,0.132072929703638,0.50279983506935,0.55470964709018,"cogn_se_lv"
"327","AK2","Exc L5/6 IT Car3",0.0193919392558817,4.2891484730123,1.68076996802547,0.195622227565701,0.583907308424387,0.637517395164473,"cogn_se_lv"
"328","AZIN2","Exc L5/6 IT Car3",0.0218115396909911,4.84756831302068,2.01902133800447,0.156173154272266,0.538298957278874,0.589373889187083,"cogn_se_lv"
"329","TRIM62","Exc L5/6 IT Car3",0.0417058120597947,2.27689659556197,1.02272400299337,0.312528114785349,0.687409988072963,0.749046628291255,"cogn_se_lv"
"330","AL662907.3","Exc L5/6 IT Car3",0.0195445539875329,2.609859628082,0.360787107049639,0.548433553587102,0.836019892207747,0.881503373828648,"cogn_se_lv"
"331","ZNF362","Exc L5/6 IT Car3",0.0244978619560938,4.85444422180336,2.80551902060178,0.0947770429690604,0.447707005189769,0.488295178894385,"cogn_se_lv"
"332","AL513327.1","Exc L5/6 IT Car3",0.0217430785806725,2.37753185207188,0.276369868752209,0.599402290037724,0.864069056170905,0.904418850709472,"cogn_se_lv"
"333","PHC2","Exc L5/6 IT Car3",0.0221476494354477,6.13485479053396,3.8405956992001,0.0507686784829732,0.359091377056743,0.38125220813866,"cogn_se_lv"
"334","CSMD2","Exc L5/6 IT Car3",-0.00108382985178751,7.75067283391683,0.00453806237032006,0.946327048051696,0.994804925328349,0.997626386519645,"cogn_se_lv"
"335","SMIM12","Exc L5/6 IT Car3",0.0547122081664823,5.73891714895568,13.8794458330094,0.000225016785947432,0.0434790172372111,0.028890370616776,"cogn_se_lv"
"336","GJB5","Exc L5/6 IT Car3",-0.0857399742366989,1.85426320928533,2.98733045645696,0.0847444687548535,0.432146247229024,0.469592518931631,"cogn_se_lv"
"337","DLGAP3","Exc L5/6 IT Car3",0.0172958804552677,6.19937141557635,0.87947913848106,0.348950113621488,0.716642072164268,0.773527687296186,"cogn_se_lv"
"338","AC114490.3","Exc L5/6 IT Car3",0.0857773494989417,2.91524316185462,6.13550317906175,0.0136910459277079,0.228778715339223,0.219768816052435,"cogn_se_lv"
"339","ZMYM1","Exc L5/6 IT Car3",0.0162447910649346,3.89295199407998,0.6277162589435,0.428696930861572,0.77189630869187,0.823809215435663,"cogn_se_lv"
"340","AL590434.1","Exc L5/6 IT Car3",-0.147309895672862,1.59997489885751,7.25895457833996,0.00737309442799469,0.182254347565964,0.166713238588276,"cogn_se_lv"
"341","SFPQ","Exc L5/6 IT Car3",0.00935174004969655,7.09451834198365,0.598933276252616,0.439474659397575,0.776403982764389,0.82952753562438,"cogn_se_lv"
"342","ZMYM4","Exc L5/6 IT Car3",-0.0156473877831838,7.34545474640801,2.73234204626753,0.0991748578057659,0.455068891362772,0.49611585872707,"cogn_se_lv"
"343","ZMYM4-AS1","Exc L5/6 IT Car3",-0.0737148927496043,2.18334465680096,2.64319992773206,0.104836916232585,0.46533850369005,0.507150805729159,"cogn_se_lv"
"344","KIAA0319L","Exc L5/6 IT Car3",0.0296957512991341,7.16302743059663,9.04857216432484,0.00280705370646437,0.12437002621138,0.104382683975533,"cogn_se_lv"
"345","NCDN","Exc L5/6 IT Car3",-0.037777018528264,7.21326160948145,2.10166165358458,0.147977909516685,0.526075312418984,0.578368650329786,"cogn_se_lv"
"346","AC004865.2","Exc L5/6 IT Car3",-0.0395684431621419,1.97807455908619,0.909820723516872,0.340778600596559,0.710098850655635,0.767669003384734,"cogn_se_lv"
"347","TFAP2E","Exc L5/6 IT Car3",0.0852582751104095,4.53133595957858,12.3828294518268,0.000486728428717559,0.0561306825183019,0.0436917210510272,"cogn_se_lv"
"348","PSMB2","Exc L5/6 IT Car3",-0.000786278681048438,5.20681869804743,0.00243497111476184,0.960670382703563,0.997053628956036,0.998668333113346,"cogn_se_lv"
"349","C1orf216","Exc L5/6 IT Car3",-0.0231881809792725,5.1136521002316,1.29888914473936,0.255146245587685,0.638695627780494,0.699452039607973,"cogn_se_lv"
"350","CLSPN","Exc L5/6 IT Car3",0.00154264486222708,1.60496476386522,0.00214900534841091,0.963050181484336,0.997322988413974,0.99882927593803,"cogn_se_lv"
"351","AGO4","Exc L5/6 IT Car3",0.0222554518300016,6.25480345222952,3.43072611220659,0.064782423282773,0.391256114988164,0.422065594301714,"cogn_se_lv"
"352","AGO1","Exc L5/6 IT Car3",0.0237632731130934,5.48498398561822,3.31163767862195,0.0695908805462274,0.403750542799321,0.43392864799869,"cogn_se_lv"
"353","AGO3","Exc L5/6 IT Car3",0.00200384737760056,7.45137505289362,0.0372075471682935,0.847147891208647,0.970988236489561,0.983016776045126,"cogn_se_lv"
"354","AL138787.2","Exc L5/6 IT Car3",-0.00667309159456261,2.71504086226527,0.0304018602960213,0.86167595868718,0.974677562701779,0.986022424234263,"cogn_se_lv"
"355","ADPRHL2","Exc L5/6 IT Car3",-0.0508269482504334,3.50097504416324,5.58819524353269,0.0185928027657623,0.258548624040107,0.251464671390442,"cogn_se_lv"
"356","TRAPPC3","Exc L5/6 IT Car3",-0.00290758617257013,4.65686977828833,0.0307041144151094,0.860997045454488,0.974319450701806,0.98580155720535,"cogn_se_lv"
"357","MAP7D1","Exc L5/6 IT Car3",-0.0332435981177752,5.10303805961364,3.56880386826841,0.0596487572654776,0.380610784066183,0.408357919050304,"cogn_se_lv"
"358","THRAP3","Exc L5/6 IT Car3",0.00654432962665664,6.43058098505664,0.79140212537691,0.386598610267904,0.744160140821926,0.799315030462457,"cogn_se_lv"
"359","SH3D21","Exc L5/6 IT Car3",0.00871951010843764,2.7473215029103,0.0901361802802274,0.764171052474696,0.941167215918009,0.96316272577422,"cogn_se_lv"
"360","AL591845.1","Exc L5/6 IT Car3",0.0374632362377814,4.2722634810955,3.86228740419181,0.0501232781034973,0.35745933735534,0.378972238056421,"cogn_se_lv"
"361","STK40","Exc L5/6 IT Car3",0.00263050188805221,5.30410840616765,0.0254534115173838,0.873328657588873,0.979445941768671,0.987939843645635,"cogn_se_lv"
"362","LSM10","Exc L5/6 IT Car3",-0.0442031496020463,3.88988819325195,2.26325702970202,0.133319908110635,0.504511652800281,0.556188248008113,"cogn_se_lv"
"363","OSCP1","Exc L5/6 IT Car3",-0.00160124672905094,4.18065655424098,0.0104231638290373,0.918736907104503,0.990428761581556,0.994640339049422,"cogn_se_lv"
"364","MRPS15","Exc L5/6 IT Car3",0.00406824441469752,3.96432999413306,0.0348528228028555,0.852005710314524,0.972078573781638,0.983857085812378,"cogn_se_lv"
"365","GRIK3","Exc L5/6 IT Car3",0.0706457224518188,2.72182380408667,1.65185834685907,0.199502199644142,0.586514030126452,0.641649453393984,"cogn_se_lv"
"366","MEAF6","Exc L5/6 IT Car3",-0.0162679524184331,5.3575107357162,1.3051853101658,0.253999711308558,0.637901285475604,0.698511501499677,"cogn_se_lv"
"367","SNIP1","Exc L5/6 IT Car3",-0.0236034423516548,3.51759813242094,1.43442924655552,0.231802091666698,0.620423337521824,0.677764169149884,"cogn_se_lv"
"368","DNALI1","Exc L5/6 IT Car3",-0.0053453064568594,2.95364582872036,0.0375164622482349,0.846522559971245,0.970988236489561,0.982890060614701,"cogn_se_lv"
"369","GNL2","Exc L5/6 IT Car3",-0.00237356420821107,3.40618279757626,0.0128643147167749,0.90975773160871,0.989073227776396,0.993573462377759,"cogn_se_lv"
"370","C1orf109","Exc L5/6 IT Car3",-0.0416455874501212,3.74802594472603,4.45196796737364,0.0355253589694865,0.316846474760131,0.330371380605515,"cogn_se_lv"
"371","CDCA8","Exc L5/6 IT Car3",0.0423709451785367,1.69950584993827,0.846819271202206,0.35804738445999,0.722480441660001,0.779996180517865,"cogn_se_lv"
"372","EPHA10","Exc L5/6 IT Car3",0.0334435108993354,5.37854530394419,5.13590689425021,0.0240071034084325,0.286959004311167,0.281376661157697,"cogn_se_lv"
"373","MANEAL","Exc L5/6 IT Car3",-0.0191432570952977,3.75014952451326,0.915291593988516,0.339332828199019,0.709363247213108,0.7668952952296,"cogn_se_lv"
"374","YRDC","Exc L5/6 IT Car3",-0.0777915757564723,2.57805458073234,5.75388683794621,0.0169416221388151,0.246943376534784,0.241043291067554,"cogn_se_lv"
"375","C1orf122","Exc L5/6 IT Car3",-0.0456009679408968,4.25098437240936,3.52028202548145,0.0614013682337032,0.385168789389364,0.413049325501348,"cogn_se_lv"
"376","MTF1","Exc L5/6 IT Car3",0.0183238643531411,4.66175434993792,1.37691952770523,0.241373953656109,0.626366937057414,0.685806334990158,"cogn_se_lv"
"377","AL929472.2","Exc L5/6 IT Car3",0.0201153920860065,2.80620288509519,0.225072311034903,0.635479070116166,0.882191509836104,0.919796191542817,"cogn_se_lv"
"378","INPP5B","Exc L5/6 IT Car3",0.0160379243432195,6.06473574686859,1.39455213163428,0.238388945975175,0.624731052263313,0.68325405928634,"cogn_se_lv"
"379","SF3A3","Exc L5/6 IT Car3",-0.0131230586289626,4.60120272278204,0.997148267751336,0.318647715773298,0.692808967221059,0.753337918028862,"cogn_se_lv"
"380","UTP11","Exc L5/6 IT Car3",-0.0342919292105569,3.20316252640971,1.95310269043924,0.163082053097233,0.546923686460322,0.598619063062485,"cogn_se_lv"
"381","RRAGC","Exc L5/6 IT Car3",-0.000152486311351242,4.16494433710058,3.26599719437938e-05,0.995443251717222,0.999242764926216,0.999870711362408,"cogn_se_lv"
"382","AL139260.1","Exc L5/6 IT Car3",-0.0147220861778401,6.74235039767353,1.09419073069955,0.29622070058499,0.67428436355613,0.734680345753104,"cogn_se_lv"
"383","RHBDL2","Exc L5/6 IT Car3",0.00811992104111251,4.00860366644925,0.0700137731950921,0.791462612423481,0.951705866845873,0.970579735625567,"cogn_se_lv"
"384","AKIRIN1","Exc L5/6 IT Car3",-0.0110884574257425,5.67394366038469,0.7785897761293,0.378140044791301,0.73730841116662,0.79376337724875,"cogn_se_lv"
"385","NDUFS5","Exc L5/6 IT Car3",-0.0709283976343766,5.59561100280072,3.99516745497638,0.0463548661910406,0.348810478806104,0.367074627472869,"cogn_se_lv"
"386","MACF1","Exc L5/6 IT Car3",0.00189890592970542,8.60819408205524,0.0330211327465107,0.855903215194118,0.973040201275245,0.984658410773017,"cogn_se_lv"
"387","AL442071.1","Exc L5/6 IT Car3",0.00190198282629119,1.75990661054023,0.00168053155782952,0.967322344588179,0.99780306481811,0.998930305624762,"cogn_se_lv"
"388","BMP8A","Exc L5/6 IT Car3",0.000811903613003436,3.05092916204283,0.000579504171924054,0.980807315147587,0.998390354534415,0.999870711362408,"cogn_se_lv"
"389","PABPC4","Exc L5/6 IT Car3",-0.00472077567719202,3.98260790149178,0.0588576483555761,0.808443773692172,0.95768620203165,0.975244725714598,"cogn_se_lv"
"390","HPCAL4","Exc L5/6 IT Car3",-0.0240332336926549,5.81781597370306,1.99239679920558,0.158922595933747,0.540776862911108,0.59298485706772,"cogn_se_lv"
"391","PPIE","Exc L5/6 IT Car3",-0.0228868609118069,4.4741045702273,2.51695329657561,0.113473812140519,0.4793746826359,0.522753846878135,"cogn_se_lv"
"392","TRIT1","Exc L5/6 IT Car3",0.00427288482015018,5.26658207534634,0.130134096728996,0.718496884586347,0.920168682182232,0.949266473893277,"cogn_se_lv"
"393","MFSD2A","Exc L5/6 IT Car3",-0.0352362149498489,2.13607952189198,0.392798338209065,0.531214833509042,0.826671325785064,0.873350102835964,"cogn_se_lv"
"394","CAP1","Exc L5/6 IT Car3",-0.00781454068171715,5.49618920236361,0.230958275086334,0.631095424345067,0.879999871402608,0.918009947213055,"cogn_se_lv"
"395","PPT1","Exc L5/6 IT Car3",0.00229443880980579,5.24424805356065,0.0240666971931619,0.876799087063841,0.979957862127517,0.988456398102355,"cogn_se_lv"
"396","RLF","Exc L5/6 IT Car3",-0.00782921732874229,6.76791791552431,0.616312893326246,0.432918187029339,0.77353077346411,0.825660702591859,"cogn_se_lv"
"397","AL050341.2","Exc L5/6 IT Car3",0.018418213832734,2.98907076836434,0.30552920788681,0.580767183842342,0.854958539972831,0.896334644482501,"cogn_se_lv"
"398","ZMPSTE24","Exc L5/6 IT Car3",-0.00690631832806272,4.46424957650424,0.217739567599695,0.64103960572666,0.884107586310083,0.921497133331088,"cogn_se_lv"
"399","SMAP2","Exc L5/6 IT Car3",-0.0356698276264215,6.22176657487746,7.98681427654659,0.004965093916066,0.154988681091868,0.138462987019346,"cogn_se_lv"
"400","AL031985.4","Exc L5/6 IT Car3",-0.0140368739081874,2.12311790062189,0.0881584302853929,0.766696488122343,0.942146573736388,0.963694361748614,"cogn_se_lv"
"401","ZFP69B","Exc L5/6 IT Car3",-0.0142205619011202,3.7398157989566,0.515196941739146,0.473346233301331,0.795978860413842,0.846402220081049,"cogn_se_lv"
"402","ZFP69","Exc L5/6 IT Car3",-0.00919563251093111,2.36418050636139,0.0741412896588564,0.952051142429919,0.995965981446551,0.998026461034995,"cogn_se_lv"
"403","AL603839.3","Exc L5/6 IT Car3",0.0232995730016812,4.62647253615247,1.6363155071345,0.201625502603291,0.58933930071938,0.643949716907742,"cogn_se_lv"
"404","EXO5","Exc L5/6 IT Car3",-0.00727708136155654,2.79334171606588,0.0758881719704588,0.94413772514574,0.994804925328349,0.997626386519645,"cogn_se_lv"
"405","ZNF684","Exc L5/6 IT Car3",0.0299577818458126,4.36955701629796,2.27372263333859,0.132428461753944,0.503352439217879,0.555328120937424,"cogn_se_lv"
"406","RIMS3","Exc L5/6 IT Car3",-0.023425605162265,7.43514772958833,3.39159501449471,0.0663218756641843,0.396062427271239,0.425761641995973,"cogn_se_lv"
"407","NFYC","Exc L5/6 IT Car3",0.0234656398113295,5.85962755620362,4.75529148591021,0.0298314927297181,0.303682524051711,0.306765543369436,"cogn_se_lv"
"408","KCNQ4","Exc L5/6 IT Car3",-0.020085861293927,2.83746094341986,0.559174433294714,0.455063393940986,0.785842193980226,0.83746378917219,"cogn_se_lv"
"409","CITED4","Exc L5/6 IT Car3",0.00383969905206612,2.22493379316075,0.00923939764469919,0.923475377839461,0.990974669133532,0.99513561496528,"cogn_se_lv"
"410","CTPS1","Exc L5/6 IT Car3",-0.0337655921595833,4.64057938945654,3.82077088033839,0.0513662520434241,0.35981631126162,0.38339872840983,"cogn_se_lv"
"411","SLFNL1-AS1","Exc L5/6 IT Car3",0.00794347137672101,2.83466595336439,0.0700811481395059,0.791364624657663,0.951705866845873,0.970562524953988,"cogn_se_lv"
"412","SLFNL1","Exc L5/6 IT Car3",-0.00652662688832343,2.71355485680364,0.0330697435025539,0.855798357199552,0.973040201275245,0.984658410773017,"cogn_se_lv"
"413","SCMH1","Exc L5/6 IT Car3",0.0103566245452654,7.44183156885577,0.71457792638644,0.398469161099626,0.753580942262327,0.806631327452644,"cogn_se_lv"
"414","AC093151.3","Exc L5/6 IT Car3",0.0454598878799958,2.55820335784569,1.55747817957716,0.212816286100715,0.600783399440157,0.656848370321175,"cogn_se_lv"
"415","HIVEP3","Exc L5/6 IT Car3",0.0135355840323226,7.58694858918957,0.674949303013944,0.411855211957285,0.762096947222495,0.814491339231473,"cogn_se_lv"
"416","FOXJ3","Exc L5/6 IT Car3",0.0168961752202217,6.91222485016058,4.58797185841314,0.032843021455633,0.309560151737409,0.319880787676225,"cogn_se_lv"
"417","RIMKLA","Exc L5/6 IT Car3",0.0277864862986342,5.36317544992637,4.64933023241806,0.0317032573787562,0.307073851345728,0.314837612237832,"cogn_se_lv"
"418","ZMYND12","Exc L5/6 IT Car3",0.106054202403041,2.138973248045,8.98047879205125,0.00291101243948057,0.126913545166023,0.106294658651133,"cogn_se_lv"
"419","PPCS","Exc L5/6 IT Car3",0.0687204408536066,3.39889368992087,8.76611885562817,0.00326467380554494,0.131218826837242,0.113146648551614,"cogn_se_lv"
"420","CCDC30","Exc L5/6 IT Car3",-0.000266072008119883,6.94703737348771,0.00039675646409267,0.984118821886343,0.998390354534415,0.999870711362408,"cogn_se_lv"
"421","PPIH","Exc L5/6 IT Car3",0.023432883955726,4.19448659731961,2.03707105551932,0.154340055924514,0.535555258877144,0.586762702814395,"cogn_se_lv"
"422","YBX1","Exc L5/6 IT Car3",-0.0199540863536652,4.51529080219459,1.36256708975975,0.243837397632452,0.629007299625115,0.68812512751617,"cogn_se_lv"
"423","P3H1","Exc L5/6 IT Car3",-0.0213323121405643,4.2013852466643,1.64947215884062,0.199826456815037,0.586514030126452,0.641925135650048,"cogn_se_lv"
"424","SVBP","Exc L5/6 IT Car3",-0.0275955014576672,3.64577806709938,1.07887563719578,0.299620846611008,0.677216159398356,0.737932110404454,"cogn_se_lv"
"425","ERMAP","Exc L5/6 IT Car3",0.0127113612687958,3.40582906363176,0.323057538230852,0.570117342921427,0.848666491645945,0.891052780951492,"cogn_se_lv"
"426","ZNF691","Exc L5/6 IT Car3",0.00415302013176385,2.09017302425903,0.0135040296247888,0.907551041879044,0.988059602045734,0.99317720210312,"cogn_se_lv"
"427","SLC2A1","Exc L5/6 IT Car3",-0.016153533602074,2.67135296450279,0.361002837672663,0.548314071789022,0.836019892207747,0.881442234210735,"cogn_se_lv"
"428","SLC2A1-AS1","Exc L5/6 IT Car3",0.0241255067379309,4.14248650500319,1.490938371077,0.222840786402836,0.611867921987448,0.668137371746083,"cogn_se_lv"
"429","EBNA1BP2","Exc L5/6 IT Car3",-0.00948514299574374,3.78396769469722,0.16472946623895,0.685071324382844,0.901848749589734,0.937820022915245,"cogn_se_lv"
"430","CFAP57","Exc L5/6 IT Car3",-0.00926227898344825,2.64857841071525,0.0953286698049675,0.75768117224235,0.938352065141105,0.961467166194867,"cogn_se_lv"
"431","ELOVL1","Exc L5/6 IT Car3",-0.00416232259884623,2.51118272761128,0.0196202997271986,0.888678192925983,0.984472057540796,0.990249504502358,"cogn_se_lv"
"432","MED8","Exc L5/6 IT Car3",0.00105561572637732,3.81003717550751,0.00248630095178199,0.960258346029922,0.997053628956036,0.998610638567344,"cogn_se_lv"
"433","SZT2","Exc L5/6 IT Car3",0.00694208741045482,4.81311470100841,0.191344452714531,0.662052692378662,0.892674867330261,0.929409232950675,"cogn_se_lv"
"434","HYI","Exc L5/6 IT Car3",-0.0718928091061698,2.12674480581659,3.37554997672284,0.0669644011285351,0.39725488026192,0.427261994157067,"cogn_se_lv"
"435","PTPRF","Exc L5/6 IT Car3",0.011234095744738,5.64796303979266,0.65056416869413,0.420424084440487,0.767290610653634,0.819109761378055,"cogn_se_lv"
"436","KDM4A-AS1","Exc L5/6 IT Car3",-0.00989912854883197,2.35290679728191,0.0565118137259517,0.812226902887491,0.959045669722624,0.976221892444987,"cogn_se_lv"
"437","ST3GAL3","Exc L5/6 IT Car3",-0.0332881485493859,2.92806477049886,1.04232045092687,0.307942919694879,0.683648174224363,0.745046778983635,"cogn_se_lv"
"438","AL451062.1","Exc L5/6 IT Car3",0.0524963878232435,2.11126820064818,1.55577990219271,0.213065353745574,0.600783399440157,0.656988540757691,"cogn_se_lv"
"439","AL357079.1","Exc L5/6 IT Car3",0.0564869211772962,2.59131046405309,2.34688757697378,0.126379563835159,0.496548758596654,0.544751668476946,"cogn_se_lv"
"440","IPO13","Exc L5/6 IT Car3",-0.0424991202228871,4.05809087941637,4.29522148116271,0.0389048372952339,0.327903038577323,0.343031032420776,"cogn_se_lv"
"441","DPH2","Exc L5/6 IT Car3",0.0335388912794907,2.86203114430904,1.42332340155239,0.233614109085584,0.621152652275808,0.678771431069004,"cogn_se_lv"
"442","ATP6V0B","Exc L5/6 IT Car3",-0.049035048000611,5.99016633224405,3.2716917727124,0.0712885259339994,0.408039497617263,0.438145346322133,"cogn_se_lv"
"443","B4GALT2","Exc L5/6 IT Car3",-0.0143435237057219,4.31320708739427,0.613708015764175,0.433891316910584,0.773613831177909,0.826153955545065,"cogn_se_lv"
"444","CCDC24","Exc L5/6 IT Car3",0.0683315502028368,4.94997670479957,14.6567713667563,0.000151178920290291,0.0340451001343853,0.0231797353993877,"cogn_se_lv"
"445","SLC6A9","Exc L5/6 IT Car3",-0.023674116026943,2.66348691051421,0.549701488848745,0.458905385989238,0.788028655907772,0.839618221684467,"cogn_se_lv"
"446","AL139220.2","Exc L5/6 IT Car3",-0.0898522410477191,1.77645485180236,3.66337068329887,0.0563846019620972,0.373928928056421,0.399121789664669,"cogn_se_lv"
"447","DMAP1","Exc L5/6 IT Car3",0.00479152533421769,4.19673763180057,0.0876161940013044,0.816006599334244,0.959947755253107,0.976792525428838,"cogn_se_lv"
"448","ERI3","Exc L5/6 IT Car3",0.0076591764100459,6.2275953113693,0.483121053074035,0.487443978176464,0.80430136922538,0.853130424803585,"cogn_se_lv"
"449","RNF220","Exc L5/6 IT Car3",-0.0296186501390253,5.05685836135066,2.53980382446928,0.111854038330313,0.476642299946946,0.520011458833597,"cogn_se_lv"
"450","TMEM53","Exc L5/6 IT Car3",0.0334841877030691,3.55257290853082,2.7700577535605,0.0968809579384453,0.451407188214554,0.491911081077068,"cogn_se_lv"
"451","ARMH1","Exc L5/6 IT Car3",0.0721996723752698,4.9433519176579,11.8356074688422,0.000646703269297943,0.0625070178453861,0.0511187931568731,"cogn_se_lv"
"452","RPS8","Exc L5/6 IT Car3",-0.0250191472596896,6.11379273674437,0.621394548235561,0.431029319346139,0.773393313689651,0.824809021270438,"cogn_se_lv"
"453","PLK3","Exc L5/6 IT Car3",0.0398496813113673,1.7228320641213,0.618608149430949,0.432063477315087,0.77353077346411,0.825376681527112,"cogn_se_lv"
"454","BTBD19","Exc L5/6 IT Car3",0.0260042024712511,2.70987446262971,0.672158805517922,0.412822588359856,0.762156865985866,0.814920037435561,"cogn_se_lv"
"455","PTCH2","Exc L5/6 IT Car3",0.0276059064760428,5.32126394193347,2.60736846040723,0.107212161223598,0.469196941135397,0.511413262155993,"cogn_se_lv"
"456","EIF2B3","Exc L5/6 IT Car3",0.00656902240688564,5.9092436831898,0.31619075192162,0.574243061264294,0.850587830384718,0.893209335127744,"cogn_se_lv"
"457","HECTD3","Exc L5/6 IT Car3",0.0380402702064246,3.18027725415931,2.7982666840763,0.10692827387606,0.468705820265611,0.511005159106616,"cogn_se_lv"
"458","UROD","Exc L5/6 IT Car3",-0.0420432567808359,3.76393230493029,2.32697353758903,0.127994772643758,0.497811359865411,0.547376449392416,"cogn_se_lv"
"459","ZSWIM5","Exc L5/6 IT Car3",0.0199037927956617,6.72070994082569,2.98524319775937,0.0848528652113153,0.432147631907274,0.46971897666996,"cogn_se_lv"
"460","MUTYH","Exc L5/6 IT Car3",0.00426336624873918,3.07500644108976,0.0302024729471944,0.862125721447559,0.974904343203261,0.98612499885412,"cogn_se_lv"
"461","TOE1","Exc L5/6 IT Car3",0.0029201774296924,2.2474919772263,0.00684232011364485,0.934119810414774,0.993267436527988,0.996569785980082,"cogn_se_lv"
"462","TESK2","Exc L5/6 IT Car3",0.0459860041204204,3.85140516047487,3.90160936805692,0.0489754110569157,0.354944330031006,0.375642397708845,"cogn_se_lv"
"463","MMACHC","Exc L5/6 IT Car3",0.00337891706024056,2.78596145960136,0.016388818292869,0.934299842008516,0.993267436527988,0.996578481155594,"cogn_se_lv"
"464","PRDX1","Exc L5/6 IT Car3",-0.0626047131046786,5.08604989440158,3.76075867906188,0.0532211716281391,0.365657960427259,0.390043825163496,"cogn_se_lv"
"465","AKR1A1","Exc L5/6 IT Car3",0.0341820288853982,3.79251786732394,2.6124152810419,0.106874054228937,0.468705820265611,0.510937170464978,"cogn_se_lv"
"466","NASP","Exc L5/6 IT Car3",0.0430608406543248,5.23504349378531,11.0937657205317,0.000952500992621424,0.079668425415455,0.062972849070763,"cogn_se_lv"
"467","GPBP1L1","Exc L5/6 IT Car3",0.000558083518418218,6.04637309390975,0.00275036235468486,0.958203021358044,0.997053628956036,0.998555548513014,"cogn_se_lv"
"468","TMEM69","Exc L5/6 IT Car3",0.00735075387345877,3.74983772100634,0.121784468301614,0.970708626708406,0.998267578294294,0.999102668702867,"cogn_se_lv"
"469","IPP","Exc L5/6 IT Car3",0.0263086669784144,3.60459791033481,1.50619336181649,0.220493480826911,0.608750260347146,0.665403290514661,"cogn_se_lv"
"470","MAST2","Exc L5/6 IT Car3",0.0167032763964734,5.59893617402705,2.17806195693983,0.140832775390447,0.515522415889928,0.567386979357913,"cogn_se_lv"
"471","PIK3R3","Exc L5/6 IT Car3",-0.052473556834891,3.17490191391364,3.72575072493847,0.0543360143157687,0.369704931962166,0.393867427409403,"cogn_se_lv"
"472","AL358075.4","Exc L5/6 IT Car3",0.0715143723505629,2.3469218953474,3.07642239804367,0.0802548306404443,0.422408291229972,0.459737632009755,"cogn_se_lv"
"473","AL358075.2","Exc L5/6 IT Car3",-0.138377885575028,1.14656089448722,2.62310163207835,0.106162001438656,0.468287180351601,0.509982708533525,"cogn_se_lv"
"474","TSPAN1","Exc L5/6 IT Car3",-0.0147013567110385,2.40575469869675,0.161310690859992,0.688182251579078,0.902800312332646,0.938934972066693,"cogn_se_lv"
"475","POMGNT1","Exc L5/6 IT Car3",0.0126243892210256,4.90134412480191,0.690158899872809,0.467351728726159,0.792654078145866,0.843743541105945,"cogn_se_lv"
"476","LURAP1","Exc L5/6 IT Car3",0.0435365788174995,4.38957695092584,4.64255863541535,0.0318269822021318,0.307073851345728,0.315547273246689,"cogn_se_lv"
"477","RAD54L","Exc L5/6 IT Car3",0.029139025497982,2.53933756509371,0.796760981788645,0.372638009452691,0.732988109084473,0.78967006942084,"cogn_se_lv"
"478","LRRC41","Exc L5/6 IT Car3",-0.0101898235564506,5.3857655340209,0.903794599615202,0.497107171630472,0.810545857184744,0.857524687196874,"cogn_se_lv"
"479","UQCRH","Exc L5/6 IT Car3",-0.0644896923453767,6.17827717941313,5.95580715283406,0.0151327069766006,0.237161263105788,0.229505597162994,"cogn_se_lv"
"480","NSUN4","Exc L5/6 IT Car3",-0.0177149597190459,4.46012842194568,1.53583783710371,0.340700996640102,0.710098850655635,0.767668460921,"cogn_se_lv"
"481","FAAH","Exc L5/6 IT Car3",-0.00958452069585475,4.25037122036713,0.316222272109052,0.57422398888452,0.850587830384718,0.893209335127744,"cogn_se_lv"
"482","MKNK1-AS1","Exc L5/6 IT Car3",0.089465404279813,1.73358237045985,2.86160796999462,0.0915504803711182,0.4419774298012,0.482786037565272,"cogn_se_lv"
"483","MKNK1","Exc L5/6 IT Car3",0.0212479055107444,5.46708389765708,2.44711756661131,0.118587344691012,0.488375497670503,0.532455843721757,"cogn_se_lv"
"484","ATPAF1","Exc L5/6 IT Car3",0.00770580241431425,5.99891543165728,0.353966067722675,0.552236669127176,0.838571518289811,0.883284606572541,"cogn_se_lv"
"485","EFCAB14","Exc L5/6 IT Car3",0.017926102719734,4.87107556643987,2.15973156409602,0.196445124997277,0.584457460332122,0.638326400831113,"cogn_se_lv"
"486","CYP4X1","Exc L5/6 IT Car3",0.0248063897481224,5.08056599546545,2.70035679015136,0.1011669039074,0.459144397267734,0.500117812032511,"cogn_se_lv"
"487","CYP4Z1","Exc L5/6 IT Car3",0.00297233704804856,3.46304897327048,0.014034045387628,0.905762583045146,0.987810604126722,0.99299714570084,"cogn_se_lv"
"488","CYP4A22-AS1","Exc L5/6 IT Car3",0.0588593455008394,4.19818035675133,6.09226907254615,0.0140243996066626,0.230144135677814,0.222029578057222,"cogn_se_lv"
"489","STIL","Exc L5/6 IT Car3",0.00641967759723771,2.98605375127583,0.0543293144552167,0.815821864559365,0.959947755253107,0.976783848795229,"cogn_se_lv"
"490","CMPK1","Exc L5/6 IT Car3",-0.0066544597760321,4.89327644366885,0.219945798161545,0.639354715217136,0.883493921788341,0.920930758894281,"cogn_se_lv"
"491","LINC01389","Exc L5/6 IT Car3",0.0739799472009622,1.73125439552098,2.19736809596035,0.139089422986499,0.512544418651555,0.564790784123,"cogn_se_lv"
"492","AL356289.1","Exc L5/6 IT Car3",-0.159214380407801,1.16721923311931,6.85170806324176,0.00921547420479913,0.199491591498572,0.184599298273049,"cogn_se_lv"
"493","SPATA6","Exc L5/6 IT Car3",0.0203051419686489,5.41826375056058,1.84476681697362,0.175212727236068,0.562431534966993,0.61440777723452,"cogn_se_lv"
"494","AGBL4","Exc L5/6 IT Car3",0.00904368886693515,9.68176670167987,0.516313026022301,0.472867737846065,0.795908671587733,0.846310842822841,"cogn_se_lv"
"495","AC099788.1","Exc L5/6 IT Car3",-0.00108976270874449,2.31771096708456,0.000484446133515525,0.982451617414964,0.998390354534415,0.999870711362408,"cogn_se_lv"
"496","ELAVL4","Exc L5/6 IT Car3",-0.00698650905557926,5.90183779550383,0.210983080675031,0.646265055791867,0.88627056834657,0.923536864615306,"cogn_se_lv"
"497","FAF1","Exc L5/6 IT Car3",0.0159797070710136,8.5833539543678,2.08272044987555,0.149812215944315,0.528809633803441,0.580933753784527,"cogn_se_lv"
"498","LINC01562","Exc L5/6 IT Car3",-0.00347297945814576,2.63864696792031,0.0113184974623668,0.915331265182266,0.989113057938146,0.994213795777173,"cogn_se_lv"
"499","RNF11","Exc L5/6 IT Car3",-0.0171908183393601,6.53367627351953,1.32159149293852,0.251041868173948,0.63477305834746,0.695696966746753,"cogn_se_lv"
"500","TTC39A","Exc L5/6 IT Car3",-0.00332872809558362,3.12692058567113,0.0167998895160942,0.896941259116388,0.98655846039174,0.991797825199297,"cogn_se_lv"
"501","EPS15","Exc L5/6 IT Car3",-0.0020285684839393,7.04307878418682,0.0437707119584647,0.834394790438128,0.966563259257668,0.980242942891289,"cogn_se_lv"
"502","OSBPL9","Exc L5/6 IT Car3",0.0164856104062749,6.27409839560947,2.09860005128759,0.148272668692922,0.526636596165261,0.578695167078817,"cogn_se_lv"
"503","NRDC","Exc L5/6 IT Car3",-0.00346482522640012,7.19814017327726,0.164479679123333,0.685297339474104,0.901848749589734,0.937845669666524,"cogn_se_lv"
"504","RAB3B","Exc L5/6 IT Car3",-0.0392173453603281,1.45202321606479,0.5080697894776,0.47642048190143,0.798533886143289,0.847922863461825,"cogn_se_lv"
"505","TXNDC12","Exc L5/6 IT Car3",0.0138181533805205,4.91567115559389,1.19183400930791,0.479296982838682,0.799781043682892,0.849082123974873,"cogn_se_lv"
"506","AL445685.1","Exc L5/6 IT Car3",0.0357257821058956,1.71622579141435,0.546959697796568,0.46002697440396,0.788583613287589,0.840099099770216,"cogn_se_lv"
"507","BTF3L4","Exc L5/6 IT Car3",0.0132302416227277,5.39895284831914,1.31419552395584,0.252369988774216,0.635466971079056,0.69701858910607,"cogn_se_lv"
"508","ZFYVE9","Exc L5/6 IT Car3",0.00835300498842016,7.39490165928747,1.04485959680109,0.307355241027712,0.68313936200893,0.7443488410716,"cogn_se_lv"
"509","CC2D1B","Exc L5/6 IT Car3",-0.0102886491631815,3.17216563768394,0.197192899945533,0.664787175774018,0.894402887941441,0.930375896094193,"cogn_se_lv"
"510","PRPF38A","Exc L5/6 IT Car3",0.021715488893362,4.03412353982961,2.13208442997809,0.228633878315186,0.617311471451001,0.674216693757668,"cogn_se_lv"
"511","TUT4","Exc L5/6 IT Car3",0.00234809104977222,6.95936151810917,0.0652496730067104,0.798523701358678,0.954540194474746,0.972607856714181,"cogn_se_lv"
"512","GPX7","Exc L5/6 IT Car3",0.0413070432193161,1.94202021486254,1.10744092683216,0.293318935721815,0.672320126604493,0.732423180559108,"cogn_se_lv"
"513","SHISAL2A","Exc L5/6 IT Car3",0.0772421076843738,1.36915976504851,1.75454748978378,0.186115580726294,0.573281126630232,0.626697482569858,"cogn_se_lv"
"514","COA7","Exc L5/6 IT Car3",-0.00943309138051573,3.24190059444421,0.143344633606626,0.705193388987106,0.912777649832764,0.945151410745058,"cogn_se_lv"
"515","ZYG11B","Exc L5/6 IT Car3",-0.00780179270250048,6.74102242631961,0.63779080409923,0.425019189777189,0.770225698616864,0.821818148513463,"cogn_se_lv"
"516","ZYG11A","Exc L5/6 IT Car3",-0.0353792798895915,1.33456257331152,0.392338584570652,0.531455136173968,0.826671325785064,0.87350195684345,"cogn_se_lv"
"517","ECHDC2","Exc L5/6 IT Car3",0.0366365673255308,5.53968408421811,5.87511833716264,0.0158303029481505,0.241216200368353,0.234377734598804,"cogn_se_lv"
"518","SCP2","Exc L5/6 IT Car3",0.00253078291473047,6.3131795027321,0.0647378724789567,0.810991287278758,0.958761400462443,0.975790609994139,"cogn_se_lv"
"519","CPT2","Exc L5/6 IT Car3",0.0813581165805598,2.03687346870498,4.3977549845865,0.0366578526777905,0.320365901596363,0.334530143458319,"cogn_se_lv"
"520","AL606760.2","Exc L5/6 IT Car3",0.0226213048012516,2.57381932408766,0.627687648614566,0.42870744350096,0.77189630869187,0.823809215435663,"cogn_se_lv"
"521","C1orf123","Exc L5/6 IT Car3",-0.0246231286983738,4.03488706536124,1.35460811722096,0.245216724694934,0.630451953400439,0.689696752050757,"cogn_se_lv"
"522","MAGOH","Exc L5/6 IT Car3",0.00428696608662728,4.23186130200327,0.0648546583082506,0.799121341748823,0.954829784589432,0.972742547311877,"cogn_se_lv"
"523","LRP8","Exc L5/6 IT Car3",0.0297875929656374,4.0459280790906,2.16336994028995,0.142175982499912,0.517768189936972,0.569555315110098,"cogn_se_lv"
"524","LINC01771","Exc L5/6 IT Car3",0.0837913752197219,3.00224948296422,6.57088553364559,0.0107566497663173,0.213179377869315,0.198075856714896,"cogn_se_lv"
"525","GLIS1","Exc L5/6 IT Car3",0.0346892524742455,6.58294738467742,4.57776853267566,0.033036682229957,0.31024667885549,0.320690690660716,"cogn_se_lv"
"526","NDC1","Exc L5/6 IT Car3",0.0293941222992795,4.27656178985343,3.35109633466964,0.0679565317664344,0.399027479544229,0.429631950053692,"cogn_se_lv"
"527","YIPF1","Exc L5/6 IT Car3",0.0477447430454772,3.4172060882047,4.51147670003327,0.0343244493734845,0.3131269192425,0.32532452267037,"cogn_se_lv"
"528","DIO1","Exc L5/6 IT Car3",0.0810948902943007,1.38503216718419,1.9611500219203,0.162220160963103,0.546016342755849,0.597450231087716,"cogn_se_lv"
"529","HSPB11","Exc L5/6 IT Car3",0.014689105682541,4.52651352621384,0.816126324686372,0.366897175595194,0.728957169574788,0.78588810500152,"cogn_se_lv"
"530","LRRC42","Exc L5/6 IT Car3",-0.00550429433036631,3.42162904484888,0.0695601559989004,0.894240398532894,0.9857013440361,0.991248553653481,"cogn_se_lv"
"531","TMEM59","Exc L5/6 IT Car3",-0.0171581360343872,5.91260792623548,1.91516218795719,0.167216986902482,0.552906770981873,0.604039208072352,"cogn_se_lv"
"532","TCEANC2","Exc L5/6 IT Car3",0.026687832182086,3.36156463783662,1.5358519257769,0.216014093796154,0.604336830307727,0.660300081784348,"cogn_se_lv"
"533","MRPL37","Exc L5/6 IT Car3",0.00724141477949975,3.90846615980646,0.1624987852389,0.687096831452305,0.902774616430194,0.93869474025408,"cogn_se_lv"
"534","SSBP3","Exc L5/6 IT Car3",-0.0101446872402793,7.29863420696147,0.932188439109545,0.334919332751499,0.704633416587694,0.764198857840484,"cogn_se_lv"
"535","ACOT11","Exc L5/6 IT Car3",-0.045060121663452,1.95389543379092,1.09623257866692,0.295771144248324,0.673958825878251,0.734324545797256,"cogn_se_lv"
"536","DHCR24","Exc L5/6 IT Car3",-0.0155946044939946,5.23144308671365,0.87763685339111,0.349454808353006,0.717209075846066,0.773747316405839,"cogn_se_lv"
"537","USP24","Exc L5/6 IT Car3",-0.0134842293831394,6.36598788491716,1.27783615293106,0.259026787754268,0.641914040225153,0.703211131061644,"cogn_se_lv"
"538","AL603840.1","Exc L5/6 IT Car3",0.0192340451335656,1.66470220066773,0.150764862771612,0.698026613117613,0.908775025453013,0.942193406626221,"cogn_se_lv"
"539","PLPP3","Exc L5/6 IT Car3",0.00691226472633536,1.83688682220335,0.0253490463682528,0.873586418760095,0.97949639606002,0.98802209086863,"cogn_se_lv"
"540","PRKAA2","Exc L5/6 IT Car3",0.0114490845013722,5.94078073030755,0.859799400495088,0.354393345736969,0.720425152816946,0.777351823843436,"cogn_se_lv"
"541","DAB1","Exc L5/6 IT Car3",0.0197337738631193,5.71544235311375,0.840927803048619,0.359723012075506,0.723963869562406,0.780871039657722,"cogn_se_lv"
"542","MYSM1","Exc L5/6 IT Car3",0.0126785038896631,6.51629432024417,1.36284943590844,0.243788640360788,0.628986953085084,0.688114953413943,"cogn_se_lv"
"543","AL136985.3","Exc L5/6 IT Car3",0.0349969523666378,2.33457969499667,0.801426000309809,0.371243648059356,0.732304504439052,0.788920751868886,"cogn_se_lv"
"544","JUN","Exc L5/6 IT Car3",-0.0967514873030402,5.01282346155618,6.24791242853993,0.0128620895873238,0.22494040766922,0.214066644044872,"cogn_se_lv"
"545","LINC01135","Exc L5/6 IT Car3",0.0101647901207955,4.20037915220698,0.147771504713469,0.700892817603388,0.910350279594577,0.943561204710242,"cogn_se_lv"
"546","LINC01358","Exc L5/6 IT Car3",0.0497649846726017,3.62684298965483,2.91073242134723,0.0888228100690134,0.437854915746994,0.477416125505822,"cogn_se_lv"
"547","FGGY","Exc L5/6 IT Car3",0.0301708754996842,4.87814702270666,2.60779268450801,0.107183695416194,0.469196941135397,0.511378657520253,"cogn_se_lv"
"548","HOOK1","Exc L5/6 IT Car3",-0.0217870517217632,5.74516377150553,3.49730964647415,0.062250257221268,0.386598339210144,0.415098775015726,"cogn_se_lv"
"549","LINC01748","Exc L5/6 IT Car3",-0.0260694326935735,4.56355525999994,1.23229750818665,0.267674528504737,0.651033153139442,0.711172154341203,"cogn_se_lv"
"550","AC099792.1","Exc L5/6 IT Car3",-0.0948233190426006,1.77964334499609,4.56429470286713,0.0332942547864057,0.310705456345645,0.321525840496976,"cogn_se_lv"
"551","NFIA","Exc L5/6 IT Car3",-0.0181103352510416,7.85267826585028,1.01984436321791,0.313209394378377,0.688023491219416,0.749419516814633,"cogn_se_lv"
"552","TM2D1","Exc L5/6 IT Car3",-0.00206498032891534,5.62900654278202,0.039076218902426,0.893443225602714,0.9857013440361,0.991080615131778,"cogn_se_lv"
"553","AC099791.2","Exc L5/6 IT Car3",0.043100026361195,3.58656627156387,2.43447442494402,0.119540158519399,0.489738487304808,0.534230076595671,"cogn_se_lv"
"554","PATJ","Exc L5/6 IT Car3",-0.00680944739700551,7.01342913793546,0.414051562421281,0.520314916962891,0.821092037196555,0.868655511180096,"cogn_se_lv"
"555","USP1","Exc L5/6 IT Car3",-0.0179218129294674,4.22795113541741,0.915328211708839,0.339323179217081,0.709363247213108,0.7668952952296,"cogn_se_lv"
"556","DOCK7","Exc L5/6 IT Car3",-0.00356983338099409,6.64518878523639,0.102629786074696,0.748875388296198,0.934045889122173,0.9588202412276,"cogn_se_lv"
"557","AC103923.1","Exc L5/6 IT Car3",0.0561846159373436,2.24439540234677,2.43098157677189,0.119804883802936,0.489738487304808,0.534694764475194,"cogn_se_lv"
"558","ATG4C","Exc L5/6 IT Car3",-0.00323640203842193,5.57453727417799,0.0492837841890919,0.824435538734284,0.96421178973483,0.978215178466448,"cogn_se_lv"
"559","ALG6","Exc L5/6 IT Car3",0.0242952585770228,4.43972650485037,1.38264869839843,0.240399095438759,0.625749066637086,0.685151153860446,"cogn_se_lv"
"560","ITGB3BP","Exc L5/6 IT Car3",-0.00768967821006668,5.30551626658442,0.168279636950656,0.681880389672825,0.901093868887582,0.936681228294286,"cogn_se_lv"
"561","EFCAB7","Exc L5/6 IT Car3",-0.00124694323474821,5.96943226938022,0.0140415073239061,0.905737650562503,0.987810604126722,0.99299714570084,"cogn_se_lv"
"562","PGM1","Exc L5/6 IT Car3",0.0153752797418851,4.30953204500108,0.890512430249513,0.34594820780157,0.715220375243748,0.771603233210199,"cogn_se_lv"
"563","ROR1","Exc L5/6 IT Car3",-0.0267827664431932,1.88042388488552,0.318832068241435,0.572649166869932,0.849830158783552,0.892226928625105,"cogn_se_lv"
"564","CACHD1","Exc L5/6 IT Car3",-0.0270717563790689,8.16083304931478,3.81792330266168,0.0514526973672435,0.35981631126162,0.383680026581634,"cogn_se_lv"
"565","RAVER2","Exc L5/6 IT Car3",0.0264323454890321,4.38122223106111,0.949585417445004,0.330455239510488,0.700502654771029,0.761019196643919,"cogn_se_lv"
"566","JAK1","Exc L5/6 IT Car3",0.0215363873441688,5.72103686794217,2.59415724427734,0.108102828170479,0.470637206660162,0.513047938195227,"cogn_se_lv"
"567","AK4","Exc L5/6 IT Car3",-0.0273108307961523,4.97590113822385,2.43810924448592,0.119265362918541,0.489465049417691,0.533810698964136,"cogn_se_lv"
"568","DNAJC6","Exc L5/6 IT Car3",0.00332952223974,8.00617601569848,0.166205875619784,0.683739484827864,0.901615171921928,0.937475495314619,"cogn_se_lv"
"569","AL139294.1","Exc L5/6 IT Car3",0.036162528254058,3.67142968633569,0.74847779090031,0.38751366645518,0.745106862411947,0.799942412120875,"cogn_se_lv"
"570","LEPR","Exc L5/6 IT Car3",0.0564741010444704,5.11951165892828,4.93911378499756,0.026853541651714,0.295197147157056,0.293479776007068,"cogn_se_lv"
"571","PDE4B","Exc L5/6 IT Car3",0.0728359396900806,5.25218101042641,7.26586617338957,0.00734532323644153,0.182254347565964,0.166490227761969,"cogn_se_lv"
"572","SGIP1","Exc L5/6 IT Car3",0.0066458032508457,8.90467842021444,0.298842556260946,0.58493521989316,0.85579931877134,0.898171757902265,"cogn_se_lv"
"573","AL139147.1","Exc L5/6 IT Car3",0.0199288497533459,2.84857337294144,0.195473406572302,0.658655433617127,0.890849723257231,0.92814118320107,"cogn_se_lv"
"574","WDR78","Exc L5/6 IT Car3",0.00777148089872004,5.88295944018193,0.326569303299815,0.568029779896372,0.847090921764066,0.889860557223164,"cogn_se_lv"
"575","MIER1","Exc L5/6 IT Car3",0.00608993320612172,5.86479231825718,0.396822722265026,0.529119706506151,0.82568662529394,0.872669248668536,"cogn_se_lv"
"576","SLC35D1","Exc L5/6 IT Car3",0.0144905099715099,4.11861792512996,0.525586196069746,0.468922169668376,0.79374309186057,0.844537196116744,"cogn_se_lv"
"577","IL12RB2","Exc L5/6 IT Car3",0.058288399452288,4.65539983729307,4.65705297075201,0.0315627690742172,0.306854716394316,0.314000554009999,"cogn_se_lv"
"578","SERBP1","Exc L5/6 IT Car3",-0.01906311322159,5.64430084185773,1.62505523693504,0.203180433761376,0.590101316396976,0.645404280918278,"cogn_se_lv"
"579","GADD45A","Exc L5/6 IT Car3",-0.0325101727095439,2.14081954932672,0.286891098255734,0.592538352227604,0.859974089096834,0.901672249185484,"cogn_se_lv"
"580","GNG12","Exc L5/6 IT Car3",-0.077053742760655,2.73743573884873,3.63605326661313,0.0573074827489068,0.376670850125698,0.402065645899701,"cogn_se_lv"
"581","GNG12-AS1","Exc L5/6 IT Car3",-0.0571989063334693,2.10638705792659,1.5437780771677,0.214835467579451,0.602762045055559,0.658939061053955,"cogn_se_lv"
"582","DIRAS3","Exc L5/6 IT Car3",-0.109876330280666,3.3149701582871,4.91688508886964,0.0271965066885364,0.29594419293694,0.294944268676965,"cogn_se_lv"
"583","WLS","Exc L5/6 IT Car3",-0.00987194195821224,1.45153425040765,0.0305943031363495,0.861243299897267,0.974526460217553,0.985892838629418,"cogn_se_lv"
"584","AL033530.1","Exc L5/6 IT Car3",0.00757345990933276,1.78155366361185,0.0317338167010711,0.858709656386687,0.973716475920048,0.985251839002309,"cogn_se_lv"
"585","LINC01707","Exc L5/6 IT Car3",0.0326157827352102,1.41639296351105,0.293487405884358,0.588317205850984,0.858625111241976,0.899799588303769,"cogn_se_lv"
"586","LRRC7","Exc L5/6 IT Car3",-0.0138400462116042,9.94672174167453,1.45735670393204,0.228114761602107,0.61697728574866,0.673580093543156,"cogn_se_lv"
"587","LRRC40","Exc L5/6 IT Car3",0.00830775256938772,5.23744517069782,0.42889973493746,0.78800669284496,0.950455876050181,0.96960521693753,"cogn_se_lv"
"588","SRSF11","Exc L5/6 IT Car3",-0.0127096163187812,8.0170671121986,2.91099902163245,0.0888082505576041,0.437854915746994,0.477374316390033,"cogn_se_lv"
"589","ANKRD13C","Exc L5/6 IT Car3",0.0136197984555738,6.73144701909958,1.57488494090947,0.210283306303173,0.598420873521788,0.653559795561586,"cogn_se_lv"
"590","HHLA3","Exc L5/6 IT Car3",0.0273079199438483,3.19329968820054,1.46917769458336,0.226241314844875,0.615033652586887,0.671662127043033,"cogn_se_lv"
"591","CTH","Exc L5/6 IT Car3",0.0709649847550273,3.20993456218783,9.04509745276411,0.00281226569990645,0.12437002621138,0.104404209385422,"cogn_se_lv"
"592","PTGER3","Exc L5/6 IT Car3",0.0650664732606031,6.25304209231186,2.3218003043816,0.128418133034899,0.498550829244876,0.548189794049479,"cogn_se_lv"
"593","ZRANB2-AS1","Exc L5/6 IT Car3",0.00708631456018589,3.03859037329054,0.0377732612558721,0.846004756802007,0.970988236489561,0.982781820079773,"cogn_se_lv"
"594","ZRANB2","Exc L5/6 IT Car3",-0.00966764919199455,7.72602646393149,2.10950569739292,0.147225740356364,0.525099454017252,0.577521143780715,"cogn_se_lv"
"595","NEGR1","Exc L5/6 IT Car3",-0.00949113090438961,9.81890780785876,0.490253051962478,0.484250136752757,0.802736924237929,0.851305093523438,"cogn_se_lv"
"596","AL354949.1","Exc L5/6 IT Car3",0.0135507029297421,1.91574352957879,0.0682387341073232,0.794062568098281,0.952216125954876,0.971410976335319,"cogn_se_lv"
"597","AL583808.1","Exc L5/6 IT Car3",0.00138581229687995,2.12001460516148,0.002031790820012,0.964071295085587,0.997621680933237,0.998906195013116,"cogn_se_lv"
"598","AL583808.2","Exc L5/6 IT Car3",0.0237015203435526,2.79572249710894,0.462214741856956,0.497011679860413,0.810545857184744,0.857430413426692,"cogn_se_lv"
"599","LRRIQ3","Exc L5/6 IT Car3",0.00364380127516309,3.07167932255824,0.0105823863712161,0.918120754268541,0.990428761581556,0.994611698784421,"cogn_se_lv"
"600","TNNI3K","Exc L5/6 IT Car3",-0.0293438850861775,1.69106439413769,0.39561855715873,0.529745043904274,0.82568662529394,0.872801350708046,"cogn_se_lv"
"601","LRRC53","Exc L5/6 IT Car3",-0.00196349923616226,1.80806213587231,0.00056912943502772,0.980979859292062,0.998390354534415,0.999870711362408,"cogn_se_lv"
"602","ERICH3","Exc L5/6 IT Car3",0.000465272739314259,6.19649851832529,0.00131117292363161,0.971134150699329,0.998267578294294,0.999102668702867,"cogn_se_lv"
"603","ERICH3-AS1","Exc L5/6 IT Car3",0.0292097189787076,2.22032724826945,0.360084260938866,0.548823160529837,0.836519400660063,0.881708935217301,"cogn_se_lv"
"604","CRYZ","Exc L5/6 IT Car3",0.0179319931554125,3.14898233660973,0.336117746813592,0.562428128008339,0.843951660760342,0.887843080131569,"cogn_se_lv"
"605","TYW3","Exc L5/6 IT Car3",-0.0245959819116483,5.06901697972692,2.62688958866245,0.105910857618862,0.467933629249758,0.509669401147063,"cogn_se_lv"
"606","SLC44A5","Exc L5/6 IT Car3",0.0929317584094204,5.87997999873305,15.6952681967369,8.91268956276566e-05,0.0279931208920334,0.0169532551059811,"cogn_se_lv"
"607","ACADM","Exc L5/6 IT Car3",0.000142753821695213,6.23215537994859,0.0001541383401134,0.990100946816887,0.999242764926216,0.999870711362408,"cogn_se_lv"
"608","RABGGTB","Exc L5/6 IT Car3",-0.0177649356537569,4.1232067660867,0.776383152262035,0.378815966828005,0.737841138924423,0.794313582722863,"cogn_se_lv"
"609","MSH4","Exc L5/6 IT Car3",0.0218204600909228,5.09530401957688,0.366759972111717,0.545143324903922,0.833563851954548,0.879982892009617,"cogn_se_lv"
"610","AC092813.1","Exc L5/6 IT Car3",0.0439285333724429,3.41942209041197,0.664915474947608,0.415349372556084,0.764035968324035,0.816246681209276,"cogn_se_lv"
"611","AC092813.2","Exc L5/6 IT Car3",-0.0355376308782927,1.50415290362373,0.256877201491394,0.61257265986405,0.870970453352678,0.91036155186466,"cogn_se_lv"
"612","ST6GALNAC3","Exc L5/6 IT Car3",-0.0347390339828775,5.15270468538727,2.31605392303553,0.128890233856873,0.499046914761922,0.54913384549255,"cogn_se_lv"
"613","ST6GALNAC5","Exc L5/6 IT Car3",-0.0779730045151893,5.59043484339467,5.56180113235458,0.0188708632632714,0.260235291775758,0.2532782037716,"cogn_se_lv"
"614","PIGK","Exc L5/6 IT Car3",-0.0125703232177885,5.77950824983411,1.20739367623015,0.27255637282346,0.654492834117506,0.71534011745972,"cogn_se_lv"
"615","AK5","Exc L5/6 IT Car3",-0.0172533462083901,10.6259116299082,3.48850301724226,0.0625790059147947,0.387717754037315,0.41654572260055,"cogn_se_lv"
"616","AC118549.1","Exc L5/6 IT Car3",0.00482134369136535,7.00400583986065,0.184970061455978,0.66738430518648,0.895220332863334,0.931248264652647,"cogn_se_lv"
"617","USP33","Exc L5/6 IT Car3",-0.0128949510192706,8.67623517003833,0.754009475327662,0.385767100833999,0.743409872857566,0.798811363219489,"cogn_se_lv"
"618","MIGA1","Exc L5/6 IT Car3",0.000749048140168048,6.85666134439722,0.009258355539533,0.923397151777685,0.990974669133532,0.995127414547275,"cogn_se_lv"
"619","NEXN","Exc L5/6 IT Car3",0.0623640328755198,3.68501571917512,7.01216070227206,0.00843879325988592,0.193475605776656,0.177679479179635,"cogn_se_lv"
"620","FUBP1","Exc L5/6 IT Car3",-0.0235505427195501,5.82198605925624,3.50430822435878,0.061990319991723,0.38577882113733,0.414484497451348,"cogn_se_lv"
"621","GIPC2","Exc L5/6 IT Car3",-0.00223757935225119,5.31660076269552,0.0121241518018128,0.91238146539427,0.989073227776396,0.993863235335742,"cogn_se_lv"
"622","ADGRL2","Exc L5/6 IT Car3",-0.00126825723934502,9.58013414268237,0.0106415183771656,0.917893121694333,0.990282169146568,0.994552026792471,"cogn_se_lv"
"623","AL138799.4","Exc L5/6 IT Car3",0.0332643678329077,2.97256520959046,0.58582423636129,0.444521565068234,0.779889065937087,0.832062353554349,"cogn_se_lv"
"624","AC117944.1","Exc L5/6 IT Car3",0.0052874137772183,3.14353028858691,0.0152789353845902,0.901692124207642,0.987810604126722,0.992744989013678,"cogn_se_lv"
"625","LINC01362","Exc L5/6 IT Car3",-0.0292937330145228,2.12958687047744,0.539918476647402,0.462927383419615,0.790961030368069,0.841601793088828,"cogn_se_lv"
"626","LINC01361","Exc L5/6 IT Car3",-0.0321835276986956,1.61703753172308,0.435331135130747,0.509791017906426,0.817087552547132,0.863860851773229,"cogn_se_lv"
"627","LINC01725","Exc L5/6 IT Car3",0.0204847901394681,6.41264983709748,1.04208378085275,0.307997770851138,0.683648174224363,0.745108326711288,"cogn_se_lv"
"628","TTLL7","Exc L5/6 IT Car3",-0.0194843926982543,9.23397645276906,6.8795892238258,0.00907541405662436,0.198677983401776,0.182956680547585,"cogn_se_lv"
"629","AL359504.2","Exc L5/6 IT Car3",0.0380216554727363,2.91812215402459,1.1677091429273,0.280569375044099,0.66182178938709,0.722141247131237,"cogn_se_lv"
"630","PRKACB","Exc L5/6 IT Car3",-0.0240809537848074,8.20760796941854,5.62217269901993,0.018241098160172,0.256374886470362,0.24906898774051,"cogn_se_lv"
"631","SAMD13","Exc L5/6 IT Car3",-0.000917250968462941,3.1350212446794,0.000964943393742217,0.97523545252061,0.998267578294294,0.999481105410931,"cogn_se_lv"
"632","RPF1","Exc L5/6 IT Car3",-0.0134797517284989,3.61708783192565,0.396145971303486,0.52947098802447,0.82568662529394,0.872801350708046,"cogn_se_lv"
"633","GNG5","Exc L5/6 IT Car3",-0.0540321254859008,1.82922850703277,1.45350746856479,0.228728841606678,0.617459546101871,0.674220422558039,"cogn_se_lv"
"634","SPATA1","Exc L5/6 IT Car3",0.0143353472800598,2.74183753217535,0.212826457277067,0.644829434789196,0.885608892178678,0.922931155885216,"cogn_se_lv"
"635","CTBS","Exc L5/6 IT Car3",-0.0336577766527272,2.92597742546541,1.86120973226348,0.173306325010587,0.559801713159465,0.611618929640032,"cogn_se_lv"
"636","SSX2IP","Exc L5/6 IT Car3",0.00113976243939887,7.56114107678285,0.012719457015048,0.910265084873068,0.989073227776396,0.9937259663591,"cogn_se_lv"
"637","WDR63","Exc L5/6 IT Car3",-0.0239350804159967,1.89268469472508,0.288836775837921,0.591286810025289,0.859590587528647,0.901062783297731,"cogn_se_lv"
"638","SYDE2","Exc L5/6 IT Car3",0.00646647894578037,3.84938656015041,0.114498727922389,0.805600689734058,0.956354177213454,0.974264380738857,"cogn_se_lv"
"639","C1orf52","Exc L5/6 IT Car3",-0.054613305928743,5.57135637220783,12.5335470828612,0.000450176780572842,0.0551586346446866,0.0414994373518374,"cogn_se_lv"
"640","BCL10","Exc L5/6 IT Car3",-0.00652004881363733,3.19222778324383,0.0755102280024149,0.783628488479679,0.949524736639513,0.968323843139622,"cogn_se_lv"
"641","AL078459.1","Exc L5/6 IT Car3",-0.0296108211603596,3.6542462817902,1.08054047102834,0.299248803541994,0.676917505521024,0.737501198348323,"cogn_se_lv"
"642","DDAH1","Exc L5/6 IT Car3",-0.0108620023260097,6.40979744062324,0.54727790174879,0.459896583254568,0.788583613287589,0.840066534295199,"cogn_se_lv"
"643","CYR61","Exc L5/6 IT Car3",-0.213243865322591,1.57229408679431,7.42756552314251,0.00672535783076069,0.175601242043721,0.159873359763884,"cogn_se_lv"
"644","ZNHIT6","Exc L5/6 IT Car3",0.00849692748551823,5.54196939916087,0.46645270180418,0.583636864637685,0.855777482563133,0.897593815633016,"cogn_se_lv"
"645","COL24A1","Exc L5/6 IT Car3",0.061021331809881,4.31145862334593,3.66112568759484,0.0564598452831087,0.373928928056421,0.399413582178091,"cogn_se_lv"
"646","AL136382.1","Exc L5/6 IT Car3",-0.00798787310016374,3.47984714475966,0.0612065699658708,0.804734847170867,0.956283090413124,0.974117592502999,"cogn_se_lv"
"647","ODF2L","Exc L5/6 IT Car3",-0.0120204143542931,7.02822201459979,2.62100426893044,0.106301339842899,0.468398136422684,0.510238051049259,"cogn_se_lv"
"648","AL356270.1","Exc L5/6 IT Car3",-0.0187318849701263,3.52019548678504,0.447333310391188,0.504017022031099,0.814567104377341,0.861123606714834,"cogn_se_lv"
"649","SH3GLB1","Exc L5/6 IT Car3",0.0016709241395458,5.83494654987845,0.0248870738266367,0.874733987115759,0.979751648832088,0.988135004024909,"cogn_se_lv"
"650","SELENOF","Exc L5/6 IT Car3",0.00139962334536717,5.7469562368293,0.0203226153807823,0.886716568989324,0.983728917979666,0.989843908040622,"cogn_se_lv"
"651","HS2ST1","Exc L5/6 IT Car3",0.0299786728785919,5.77653470878725,4.49697892335049,0.0346130369730805,0.314097878238464,0.326494048952536,"cogn_se_lv"
"652","LMO4","Exc L5/6 IT Car3",-0.0375572515409894,8.90806727806762,7.46515041031851,0.00658911040545577,0.174078706198328,0.158599556348245,"cogn_se_lv"
"653","PKN2-AS1","Exc L5/6 IT Car3",0.00599277572184636,7.25836440804789,0.124131315060589,0.724794856556593,0.923699307917023,0.951452937791847,"cogn_se_lv"
"654","PKN2","Exc L5/6 IT Car3",-0.00859689627865359,7.14425825263546,0.694868456042969,0.40504587339097,0.757934301831652,0.810440039408987,"cogn_se_lv"
"655","GTF2B","Exc L5/6 IT Car3",-0.00307579394123404,4.83276686442505,0.066109358068043,0.797229662512422,0.953945666991771,0.972267972021357,"cogn_se_lv"
"656","KYAT3","Exc L5/6 IT Car3",-0.00417624648367425,4.95370387332418,0.0729857171257098,0.787187313805215,0.950203089843739,0.969207029553463,"cogn_se_lv"
"657","LRRC8B","Exc L5/6 IT Car3",0.00794822532603193,6.98544806163829,0.337860572515284,0.56141718440607,0.843636345917786,0.887475371006232,"cogn_se_lv"
"658","LRRC8C-DT","Exc L5/6 IT Car3",0.0505468670512502,3.58281282679317,4.29343147791142,0.0389453285224617,0.327903038577323,0.34316710849589,"cogn_se_lv"
"659","AC093423.3","Exc L5/6 IT Car3",0.0624936612714326,2.26472885257146,2.2757572433299,0.132255933244318,0.502945098253041,0.555035518824582,"cogn_se_lv"
"660","LRRC8D","Exc L5/6 IT Car3",-0.0150012472859921,3.10291369065151,0.347949357641309,0.555632755325472,0.839929682996154,0.884841077941342,"cogn_se_lv"
"661","ZNF326","Exc L5/6 IT Car3",0.0140648012694885,5.69382277397862,1.41864327986732,0.234382851699945,0.621884515987757,0.679486702303904,"cogn_se_lv"
"662","ZNF644","Exc L5/6 IT Car3",0.0140531712639006,6.65311988764421,1.86870975364339,0.172444729684415,0.559074023560805,0.610799558987497,"cogn_se_lv"
"663","HFM1","Exc L5/6 IT Car3",-0.0188986841148751,4.02677642814764,0.429065133330431,0.512851043265296,0.818419687003898,0.865404557509725,"cogn_se_lv"
"664","CDC7","Exc L5/6 IT Car3",0.00281622197049383,4.22911800276112,0.021210925511723,0.884284345715584,0.982678492295671,0.989434190942746,"cogn_se_lv"
"665","TGFBR3","Exc L5/6 IT Car3",-0.0131923986704395,2.76295167872627,0.156502353650551,0.692623103751953,0.905339694814214,0.940322790668097,"cogn_se_lv"
"666","BRDT","Exc L5/6 IT Car3",-0.0366901491915825,1.74026544181376,0.652222101369256,0.419833119565375,0.766810497907085,0.818882385362594,"cogn_se_lv"
"667","EPHX4","Exc L5/6 IT Car3",-0.0134170961172215,6.22457924059255,0.619776300892241,0.431629465189334,0.773515637015884,0.825145510310571,"cogn_se_lv"
"668","BTBD8","Exc L5/6 IT Car3",-0.00505864153559973,6.88802689731607,0.211972427592889,0.64549361174068,0.886035214115491,0.923232970176572,"cogn_se_lv"
"669","AC104836.1","Exc L5/6 IT Car3",-0.0513416626474605,2.33641433163918,1.59862352753646,0.206886440456393,0.594661969853037,0.65011596418504,"cogn_se_lv"
"670","GLMN","Exc L5/6 IT Car3",0.0263526545962407,6.23410125647297,5.18248667206729,0.0233806037191561,0.282661030037559,0.277843117080909,"cogn_se_lv"
"671","RPAP2","Exc L5/6 IT Car3",0.0145014251885806,7.12023436263873,1.71844816014237,0.190697960100074,0.578240559961889,0.632007620006189,"cogn_se_lv"
"672","EVI5","Exc L5/6 IT Car3",0.00364957717676828,7.21626473611555,0.0675631627888594,0.795061582111938,0.952453055612429,0.971523878690536,"cogn_se_lv"
"673","RPL5","Exc L5/6 IT Car3",-0.043882254497858,6.20059770734012,3.0454361673045,0.0817863899805584,0.425484291824225,0.463193181393866,"cogn_se_lv"
"674","FAM69A","Exc L5/6 IT Car3",0.0038290713723871,7.45213803189793,0.0990353614979195,0.753165966071528,0.936238520708194,0.960213641012441,"cogn_se_lv"
"675","MTF2","Exc L5/6 IT Car3",0.0211790015602685,6.3966258917189,3.22335917425254,0.0734024034257608,0.412737664860233,0.443658035751233,"cogn_se_lv"
"676","TMED5","Exc L5/6 IT Car3",-0.00621408118943959,4.25330374013585,0.132001028207644,0.836878887614461,0.967115719302831,0.980795379039451,"cogn_se_lv"
"677","CCDC18","Exc L5/6 IT Car3",0.00276600466057517,4.26293790455549,0.0205113840285587,0.886195243030099,0.983710314298651,0.989749193647213,"cogn_se_lv"
"678","DR1","Exc L5/6 IT Car3",-0.0198448705046092,3.96704498292956,1.14792325313336,0.285544886849376,0.665536242406768,0.726283541003378,"cogn_se_lv"
"679","FNBP1L","Exc L5/6 IT Car3",-0.0167916318644405,5.39949106054466,0.313590671205195,0.575820657279254,0.851796959783132,0.894080305710013,"cogn_se_lv"
"680","BCAR3","Exc L5/6 IT Car3",0.0245799692799264,3.52494856131987,0.738993879107363,0.390534521805489,0.747170585195298,0.801661545480727,"cogn_se_lv"
"681","DNTTIP2","Exc L5/6 IT Car3",-0.0437802851433038,3.66636909983733,4.14472006530659,0.0424694647833204,0.337257514455779,0.35547269671176,"cogn_se_lv"
"682","GCLM","Exc L5/6 IT Car3",-0.0105012698366623,4.88097445867423,0.619692404303306,0.450670811240388,0.783309836908232,0.834936077486448,"cogn_se_lv"
"683","ARHGAP29","Exc L5/6 IT Car3",0.0087576735021281,3.10680143024812,0.064540186693313,0.799598511123112,0.954829784589432,0.972786795104253,"cogn_se_lv"
"684","ABCD3","Exc L5/6 IT Car3",0.00785212479069536,4.95186591116365,0.373029501721337,0.54172885180588,0.831685673177514,0.878605338273025,"cogn_se_lv"
"685","SLC44A3","Exc L5/6 IT Car3",-0.061698436923782,3.67692164806448,4.42857387288905,0.0360094766079332,0.317634449276949,0.331978043332572,"cogn_se_lv"
"686","CNN3","Exc L5/6 IT Car3",-0.0495795753803982,5.24673636354899,8.55820738223363,0.00364966850701852,0.135345538127747,0.119020261006851,"cogn_se_lv"
"687","AC105942.1","Exc L5/6 IT Car3",-0.0129749467469821,3.06118042327503,0.247221085789846,0.68020650303752,0.900862474773406,0.936089355594268,"cogn_se_lv"
"688","ALG14","Exc L5/6 IT Car3",0.00264861595953214,5.22646478668912,0.0317601109064966,0.858651751321924,0.973716475920048,0.985243347338613,"cogn_se_lv"
"689","TMEM56-RWDD3","Exc L5/6 IT Car3",-0.0366911515932443,3.81017956356438,2.36921679214117,0.124595460643904,0.493611342154044,0.541871108171405,"cogn_se_lv"
"690","AC092802.1","Exc L5/6 IT Car3",-0.0485033198457035,4.19724038577074,4.23467882237073,0.0402993086546708,0.330776725437538,0.347745449785101,"cogn_se_lv"
"691","AL356479.1","Exc L5/6 IT Car3",-0.0333138388673456,3.42172815069582,0.641779540474782,0.423576216377696,0.769418423380108,0.820979675287913,"cogn_se_lv"
"692","PTBP2","Exc L5/6 IT Car3",-0.00778609740068768,7.3120022707078,0.734723527094346,0.39190576593961,0.748687901912935,0.802870116701328,"cogn_se_lv"
"693","DPYD","Exc L5/6 IT Car3",-0.00506427403189739,8.45632810110056,0.175694355109228,0.675340703608273,0.899176443999365,0.934359674827658,"cogn_se_lv"
"694","DPYD-AS1","Exc L5/6 IT Car3",0.00732516634992169,3.33731592102521,0.0463678502775745,0.829625997390259,0.965732100433862,0.979185388372133,"cogn_se_lv"
"695","MIR137HG","Exc L5/6 IT Car3",-0.0197591533540514,7.70481637317284,1.44282160429594,0.230444082428136,0.619071574163407,0.676211791185713,"cogn_se_lv"
"696","LINC01776","Exc L5/6 IT Car3",-0.0614163260661045,2.54418156501433,2.40885645096487,0.121496974941269,0.491032408228211,0.537264425547554,"cogn_se_lv"
"697","SNX7","Exc L5/6 IT Car3",-0.0279082108276165,5.53758877782465,4.27520469742169,0.0393601684432011,0.328617396477374,0.344530046168936,"cogn_se_lv"
"698","PLPPR5","Exc L5/6 IT Car3",-0.00400609559681302,5.8690236562582,0.095318753313459,0.75769337969516,0.938352065141105,0.961467166194867,"cogn_se_lv"
"699","AL445433.2","Exc L5/6 IT Car3",0.0224712496728617,4.96150706136473,1.28554819592199,0.257596856918137,0.640286085390188,0.702066787041287,"cogn_se_lv"
"700","PLPPR4","Exc L5/6 IT Car3",-0.00838021444228165,6.62524666325609,0.430054508950179,0.512365759963389,0.818419687003898,0.8652012159153,"cogn_se_lv"
"701","AGL","Exc L5/6 IT Car3",0.00369695450093681,5.77324587579878,0.0721617234300477,0.788363174085297,0.950495243619579,0.969687675853221,"cogn_se_lv"
"702","MFSD14A","Exc L5/6 IT Car3",-0.0975293449498214,1.62367022554062,3.32392600938207,0.069077425250122,0.402232907529088,0.432358536423354,"cogn_se_lv"
"703","AC093019.2","Exc L5/6 IT Car3",0.0536625184550007,1.9074837762539,1.07936362849354,0.299511732614992,0.677168439098682,0.737784768625266,"cogn_se_lv"
"704","SASS6","Exc L5/6 IT Car3",0.0123555452642557,3.34051627714737,0.300763606536511,0.583731594282083,0.855777482563133,0.897659526349001,"cogn_se_lv"
"705","TRMT13","Exc L5/6 IT Car3",-0.00244412608714971,4.85834783001102,0.0258821633853342,0.872275370508723,0.979233930420107,0.987818331440868,"cogn_se_lv"
"706","LRRC39","Exc L5/6 IT Car3",0.054768458794559,6.1909732778994,6.51159130756635,0.0111146903371273,0.214164403886737,0.200839284516421,"cogn_se_lv"
"707","DBT","Exc L5/6 IT Car3",0.0158064616547087,5.43087839581479,1.50023430908761,0.330218992481761,0.700406022244585,0.760889561774797,"cogn_se_lv"
"708","RTCA","Exc L5/6 IT Car3",-0.0234323740300471,5.12509647859465,3.27690137692673,0.071064621068167,0.407921477895715,0.43759172333372,"cogn_se_lv"
"709","CDC14A","Exc L5/6 IT Car3",-0.0156849731748678,5.33316367661581,0.415080761276368,0.51979717994805,0.820971047083305,0.868477804194432,"cogn_se_lv"
"710","GPR88","Exc L5/6 IT Car3",-0.100445302574786,2.34240783606881,8.47448374342399,0.00381752748854083,0.139057951034185,0.121861821266755,"cogn_se_lv"
"711","EXTL2","Exc L5/6 IT Car3",-0.0231622521409371,5.85466493951889,3.34013440884747,0.068406389978937,0.400264255083555,0.430688215971485,"cogn_se_lv"
"712","SLC30A7","Exc L5/6 IT Car3",0.0122410440415437,5.76613873551197,1.15423469180842,0.28335767289025,0.663053492637873,0.724115864085802,"cogn_se_lv"
"713","DPH5","Exc L5/6 IT Car3",-0.00259721353497454,4.25221961649978,0.0217817902015772,0.88274866925265,0.982491328132276,0.98919831619524,"cogn_se_lv"
"714","AC093157.1","Exc L5/6 IT Car3",0.00572945722663131,3.96267621192656,0.0703057245856038,0.791038372087255,0.951674127840344,0.970455397530244,"cogn_se_lv"
"715","LINC01709","Exc L5/6 IT Car3",-0.0059254476082909,3.50753794650755,0.0114711970156036,0.914764211030229,0.989073227776396,0.99413172515808,"cogn_se_lv"
"716","OLFM3","Exc L5/6 IT Car3",0.0157168243151914,8.55561575958322,1.018828978151,0.313450082772747,0.688269084459742,0.749708443185325,"cogn_se_lv"
"717","COL11A1","Exc L5/6 IT Car3",0.00693045812738117,2.22976796402937,0.022725549250941,0.880254307209053,0.981383038672293,0.988923094115778,"cogn_se_lv"
"718","RNPC3","Exc L5/6 IT Car3",-0.0136815955625078,7.00173558793717,1.37184261927496,0.242241860197843,0.627251518629668,0.68653547635751,"cogn_se_lv"
"719","AMY2B","Exc L5/6 IT Car3",-0.00870607225959336,5.71621203360102,0.33552199125676,0.562774505609009,0.844079489457426,0.887938804697302,"cogn_se_lv"
"720","PRMT6","Exc L5/6 IT Car3",-0.0516817882893083,2.23143496537772,2.17686005279984,0.140942119434978,0.515592873331189,0.567518795586606,"cogn_se_lv"
"721","NTNG1","Exc L5/6 IT Car3",0.00826150534599479,7.3717015984037,0.144380796569962,0.70418004414645,0.912079690238501,0.944914297696651,"cogn_se_lv"
"722","VAV3","Exc L5/6 IT Car3",-0.0230051197596344,1.71529909851845,0.25426961779637,0.614381811881044,0.872292765527302,0.911237137840087,"cogn_se_lv"
"723","SLC25A24","Exc L5/6 IT Car3",0.00777023582639215,5.12441366095843,0.299192046736422,0.771552604773338,0.944044727894869,0.964988115709416,"cogn_se_lv"
"724","FAM102B","Exc L5/6 IT Car3",-0.0110894485017869,7.24981131375892,1.04275857713651,0.307841412194309,0.683648174224363,0.74497086731694,"cogn_se_lv"
"725","HENMT1","Exc L5/6 IT Car3",-0.0287055033738682,3.17402063713877,1.92348254900991,0.166299991266933,0.551809786618177,0.60270671275173,"cogn_se_lv"
"726","PRPF38B","Exc L5/6 IT Car3",-0.0570567286871537,5.27770690071152,20.9972455298262,6.27861148219258e-06,0.00690198790792456,0.00377814657170652,"cogn_se_lv"
"727","STXBP3","Exc L5/6 IT Car3",0.0268405773470549,4.50492448457338,2.37320572182925,0.124279711498234,0.493216646809182,0.541574804315659,"cogn_se_lv"
"728","AL449266.1","Exc L5/6 IT Car3",0.00231082684297383,5.19122427617452,0.0244727112022865,0.875772612678683,0.979884010483651,0.988305328654446,"cogn_se_lv"
"729","GPSM2","Exc L5/6 IT Car3",-2.72877693840748e-05,3.45721746866008,4.21344157162912e-07,0.999482431349884,0.999708606077351,1,"cogn_se_lv"
"730","WDR47","Exc L5/6 IT Car3",-0.0154662098264129,6.27772535679057,1.95813054071936,0.162542943035328,0.546200198111679,0.597830908670774,"cogn_se_lv"
"731","TAF13","Exc L5/6 IT Car3",-0.00181133793264601,4.09842904120782,0.00950957913032535,0.922368061811868,0.990974669133532,0.995093373462206,"cogn_se_lv"
"732","TMEM167B","Exc L5/6 IT Car3",-0.0143211099623425,4.3851213889893,0.692713729136229,0.405774457448061,0.758240517256636,0.810722945365652,"cogn_se_lv"
"733","KIAA1324","Exc L5/6 IT Car3",0.0177528576514918,6.54034727775935,2.09675434145122,0.14845068796071,0.527147228360711,0.578990709222709,"cogn_se_lv"
"734","SARS","Exc L5/6 IT Car3",-0.00690080392343823,5.57391668864115,0.175211050343776,0.675761981442524,0.899176443999365,0.934535357577172,"cogn_se_lv"
"735","CELSR2","Exc L5/6 IT Car3",0.0019271535759263,5.86955422821365,0.0135281465465185,0.907468898391435,0.988059602045734,0.993173508413296,"cogn_se_lv"
"736","PSRC1","Exc L5/6 IT Car3",-0.0515184305680922,3.6975269413067,4.27278649813104,0.0394155552282204,0.328617396477374,0.344596182190913,"cogn_se_lv"
"737","MYBPHL","Exc L5/6 IT Car3",0.121558198820949,2.08609980865774,7.78921305667041,0.00552560045567352,0.160148758969521,0.145941281510157,"cogn_se_lv"
"738","SORT1","Exc L5/6 IT Car3",-0.02843540622167,7.44043626559507,4.58509109692553,0.0328975778454889,0.309560151737409,0.319913850238883,"cogn_se_lv"
"739","PSMA5","Exc L5/6 IT Car3",0.00244486133349965,4.72559402317083,0.025456817028113,0.873320255793,0.979445941768671,0.987939843645635,"cogn_se_lv"
"740","ATXN7L2","Exc L5/6 IT Car3",-0.0542352173366158,2.9820895984328,3.67082236149857,0.0561356163329745,0.373928928056421,0.398928089934736,"cogn_se_lv"
"741","CYB561D1","Exc L5/6 IT Car3",0.0284851678790119,4.24334522678187,2.05801068602475,0.152244077453844,0.532145435388294,0.584137256870968,"cogn_se_lv"
"742","AMIGO1","Exc L5/6 IT Car3",-0.0675465533650214,3.95053232871159,8.36884439036159,0.00404064380321031,0.141379082140812,0.125212808189927,"cogn_se_lv"
"743","GPR61","Exc L5/6 IT Car3",-0.0243866323367419,3.64995587990599,1.33765369637639,0.2481870225062,0.632515293114118,0.692836151880653,"cogn_se_lv"
"744","GNAI3","Exc L5/6 IT Car3",0.00653495340692613,5.92210115782931,0.285426754905548,0.593483888394247,0.860534863612914,0.902147945052926,"cogn_se_lv"
"745","AMPD2","Exc L5/6 IT Car3",-0.0573075354701535,4.84908866763613,8.20287307467339,0.00441846274135117,0.145923050621018,0.130449229869655,"cogn_se_lv"
"746","GSTM4","Exc L5/6 IT Car3",0.0128386062277922,2.51839719106364,0.164752432466935,0.937387176315804,0.994286937102759,0.997226423542895,"cogn_se_lv"
"747","GSTM3","Exc L5/6 IT Car3",-0.0215485406466269,4.30482140262305,0.783139766999427,0.376751678991055,0.73646746344117,0.792677853919368,"cogn_se_lv"
"748","AHCYL1","Exc L5/6 IT Car3",-0.00125858874960818,5.96354526128419,0.0100591616648152,0.920163619208762,0.990846634237573,0.994749897638703,"cogn_se_lv"
"749","STRIP1","Exc L5/6 IT Car3",-0.0234365688556576,4.82205494319209,3.20185166324947,0.0743646787511724,0.414003671078293,0.446210429979225,"cogn_se_lv"
"750","SLC6A17","Exc L5/6 IT Car3",-0.0316742185428408,6.23423291034634,4.56500518152308,0.0332806204391249,0.310705456345645,0.321447560699698,"cogn_se_lv"
"751","KCNC4","Exc L5/6 IT Car3",0.0165943348633588,4.61289322975828,1.02634355076951,0.311674530873399,0.687065123127142,0.748363845906074,"cogn_se_lv"
"752","RBM15","Exc L5/6 IT Car3",-0.0408503469322038,3.78910339740072,4.29248586149703,0.0389667369963274,0.327903038577323,0.343223993054403,"cogn_se_lv"
"753","SLC16A4","Exc L5/6 IT Car3",-0.0140836277804482,3.14496299445694,0.259489546465997,0.610771745213227,0.870235038410656,0.909515574778257,"cogn_se_lv"
"754","AL355488.1","Exc L5/6 IT Car3",-0.0188042464590528,3.44875513499733,0.739760049447467,0.390289227402644,0.74689768835199,0.80147004986712,"cogn_se_lv"
"755","LAMTOR5","Exc L5/6 IT Car3",-0.0613041577607576,4.70576106297286,3.41519405964529,0.0653888338109526,0.39334240350924,0.423614071252885,"cogn_se_lv"
"756","KCNA2","Exc L5/6 IT Car3",-0.0409968692295994,4.71312888073732,5.07573955658559,0.0248423519045728,0.289099594031926,0.285248534233941,"cogn_se_lv"
"757","AL365361.1","Exc L5/6 IT Car3",-0.0212699845285634,3.40593817600907,0.668057187794222,0.414250601676975,0.76329240710795,0.815599114652757,"cogn_se_lv"
"758","LRIF1","Exc L5/6 IT Car3",-0.0398589985587197,4.75581766374709,4.60240076058071,0.032571188494662,0.309560151737409,0.318628801808749,"cogn_se_lv"
"759","DRAM2","Exc L5/6 IT Car3",0.014339547732539,4.33191635239296,0.823119397400905,0.646436913195943,0.886295242234794,0.923565041058841,"cogn_se_lv"
"760","CEPT1","Exc L5/6 IT Car3",0.0210384262416118,5.46309055345733,3.70641543940113,0.0549623834137945,0.371382353334455,0.395983123099396,"cogn_se_lv"
"761","OVGP1","Exc L5/6 IT Car3",-0.0131498249201191,3.66048463255077,0.43502081395795,0.509941818639386,0.817119641086911,0.863933008381614,"cogn_se_lv"
"762","WDR77","Exc L5/6 IT Car3",0.009672233154586,2.96309922934783,0.136873588268881,0.98975957087357,0.99923903147102,0.999870711362408,"cogn_se_lv"
"763","ATP5PB","Exc L5/6 IT Car3",-0.0236897433326255,5.17785985452008,1.46480441258472,0.226932243763409,0.615899116022415,0.672197188579709,"cogn_se_lv"
"764","C1orf162","Exc L5/6 IT Car3",0.0329123078617035,2.35889871733123,0.916272999924041,0.33907434979934,0.709363247213108,0.76677457800845,"cogn_se_lv"
"765","RAP1A","Exc L5/6 IT Car3",-0.0117339369835872,6.74668511206826,1.5438324361259,0.214827410889712,0.602762045055559,0.658939061053955,"cogn_se_lv"
"766","INKA2","Exc L5/6 IT Car3",-0.00313938586103226,4.6340173525792,0.0291040058323127,0.864631446432763,0.97538376478777,0.986542852105431,"cogn_se_lv"
"767","DDX20","Exc L5/6 IT Car3",0.000428501076917962,3.73002827181012,0.000515213748818729,0.981903031255772,0.998390354534415,0.999870711362408,"cogn_se_lv"
"768","KCND3","Exc L5/6 IT Car3",-0.0169892561482491,7.96888354732777,1.50269726071836,0.221028799901807,0.609393269525047,0.665977507375042,"cogn_se_lv"
"769","LINC01750","Exc L5/6 IT Car3",0.0579884393438607,3.07579478095443,4.29238092234164,0.038969113551522,0.327903038577323,0.343223993054403,"cogn_se_lv"
"770","AL445426.1","Exc L5/6 IT Car3",-0.0547337529557401,2.351239753381,2.65019619028563,0.104379929183544,0.464264082471031,0.506269503012316,"cogn_se_lv"
"771","CTTNBP2NL","Exc L5/6 IT Car3",0.00364656389198027,5.84897908848357,0.0977352560688,0.754738923745772,0.93690047054757,0.960598484774792,"cogn_se_lv"
"772","WNT2B","Exc L5/6 IT Car3",-0.0159076709707415,5.25281434049894,0.921075028622238,0.337813427459416,0.708014251477654,0.766068366134593,"cogn_se_lv"
"773","ST7L","Exc L5/6 IT Car3",-0.00460307837499026,6.0908395621636,0.130728368639564,0.717882386409702,0.9197644111371,0.949024721828497,"cogn_se_lv"
"774","CAPZA1","Exc L5/6 IT Car3",-0.0106886049637096,5.9248851568131,1.2591982914147,0.262523420018028,0.645691937874616,0.706530838600316,"cogn_se_lv"
"775","MOV10","Exc L5/6 IT Car3",-0.0111906822824627,3.27873448600841,0.203336571495472,0.836631497762668,0.967115719302831,0.980787712965308,"cogn_se_lv"
"776","RHOC","Exc L5/6 IT Car3",-0.051003587618494,2.9464955893228,2.36027798855668,0.1253062765496,0.494604666862872,0.543055843229035,"cogn_se_lv"
"777","LINC01356","Exc L5/6 IT Car3",0.0624875805495407,1.88682464239928,1.98895563518245,0.159281971439735,0.541327839355734,0.59364137927063,"cogn_se_lv"
"778","AL390729.1","Exc L5/6 IT Car3",0.0292160200704225,4.59265578296549,2.44598808451638,0.118672120881337,0.488561322871067,0.532576889079125,"cogn_se_lv"
"779","SLC16A1","Exc L5/6 IT Car3",-0.0127984809648564,4.56298878904945,0.488374821801383,0.485087872375155,0.803087602824186,0.851790414549744,"cogn_se_lv"
"780","SLC16A1-AS1","Exc L5/6 IT Car3",0.0126738589012829,7.73454295219663,0.736832553940516,0.391227677775491,0.748042484900584,0.802250530087675,"cogn_se_lv"
"781","AL357055.3","Exc L5/6 IT Car3",0.00964102863138772,4.51133257359818,0.208603709621995,0.648129385160698,0.886865248851835,0.924215492929988,"cogn_se_lv"
"782","LRIG2","Exc L5/6 IT Car3",-0.019846274652088,5.69191171786552,3.67010438545248,0.0561595552499986,0.373928928056421,0.399038415835568,"cogn_se_lv"
"783","MAGI3","Exc L5/6 IT Car3",-0.00442335326368416,9.40862075527528,0.127650539934822,0.72108227965215,0.921639090096055,0.950210161772238,"cogn_se_lv"
"784","PHTF1","Exc L5/6 IT Car3",-0.00632298144528217,7.10779729862678,0.355600044400423,0.551321134841918,0.837925366898787,0.882637525814511,"cogn_se_lv"
"785","RSBN1","Exc L5/6 IT Car3",-0.00837972929403733,5.78283000161065,0.73043334345519,0.393290359008216,0.750092272712256,0.803622342473138,"cogn_se_lv"
"786","PTPN22","Exc L5/6 IT Car3",0.0429032176173187,2.48214758206004,1.33294818521116,0.249019212531767,0.633297939815486,0.693628991865871,"cogn_se_lv"
"787","AP4B1-AS1","Exc L5/6 IT Car3",0.0529594820793192,2.64633383088488,1.88893663313143,0.17014560397582,0.556733788386556,0.608149809796679,"cogn_se_lv"
"788","BCL2L15","Exc L5/6 IT Car3",0.0187005935268682,1.98490519091132,0.221170284879447,0.947173656556986,0.994804925328349,0.997696694569034,"cogn_se_lv"
"789","AP4B1","Exc L5/6 IT Car3",0.0502037665891962,3.83792797957544,8.08374693473267,0.00471176833853569,0.149778962603295,0.134531434192411,"cogn_se_lv"
"790","HIPK1","Exc L5/6 IT Car3",-0.0181154025601322,5.28733335948534,2.02225303904553,0.155843133044784,0.537402154953893,0.588940521144864,"cogn_se_lv"
"791","TRIM33","Exc L5/6 IT Car3",0.00655191320020235,7.09170700643115,0.549830820654859,0.458852587178472,0.788028655907772,0.839618221684467,"cogn_se_lv"
"792","BCAS2","Exc L5/6 IT Car3",-0.0275900597824457,4.6617982310333,1.85734541751826,0.173752193136897,0.560346694535874,0.612248904624764,"cogn_se_lv"
"793","DENND2C","Exc L5/6 IT Car3",-0.074374589096255,1.93556572632749,2.90385992725697,0.0891990272595482,0.438777245166407,0.478224874837919,"cogn_se_lv"
"794","AMPD1","Exc L5/6 IT Car3",-0.00760296130866057,1.66615954618054,0.0145897980704711,0.903923688966332,0.987810604126722,0.992777214734694,"cogn_se_lv"
"795","NRAS","Exc L5/6 IT Car3",0.0269347571979681,3.18085524559126,1.24507078143278,0.265213060710092,0.648289231945413,0.709033863846331,"cogn_se_lv"
"796","CSDE1","Exc L5/6 IT Car3",-0.012819295079614,6.84286266576732,1.48755430280864,0.223365556183496,0.61248237575247,0.668821995500012,"cogn_se_lv"
"797","SIKE1","Exc L5/6 IT Car3",-0.0155657206442595,3.97934398148062,0.953339121770604,0.329502471488039,0.700406022244585,0.76056901926944,"cogn_se_lv"
"798","VANGL1","Exc L5/6 IT Car3",-0.0110299250138201,1.99948403178725,0.0643133646724919,0.799943452565787,0.954829784589432,0.972889523164971,"cogn_se_lv"
"799","SLC22A15","Exc L5/6 IT Car3",0.0105060569866642,5.78101096488439,0.531229251677252,0.46654706133171,0.792074933689467,0.843317416009473,"cogn_se_lv"
"800","ATP1A1","Exc L5/6 IT Car3",-0.0146590539517262,7.2314902375433,0.887752130678704,0.346695918207687,0.715260611242374,0.772065035944128,"cogn_se_lv"
"801","IGSF3","Exc L5/6 IT Car3",-0.0623524416054339,2.52545575627661,2.98933655406352,0.0846404288361962,0.431901923006982,0.469297075134217,"cogn_se_lv"
"802","PTGFRN","Exc L5/6 IT Car3",0.0265474071998795,2.09249309961064,0.422016595528822,0.516331636883047,0.819995665260249,0.86698189541577,"cogn_se_lv"
"803","TTF2","Exc L5/6 IT Car3",0.0329715178535138,4.00936313897467,2.52869805037487,0.112638061978753,0.477943141398677,0.521359907482138,"cogn_se_lv"
"804","TRIM45","Exc L5/6 IT Car3",0.0301244395604736,1.87411142200311,0.545042124782958,0.625059764281965,0.876060580908903,0.915314042911445,"cogn_se_lv"
"805","MAN1A2","Exc L5/6 IT Car3",-0.0185813332956231,8.43738274004154,2.29145123208512,0.130933563626712,0.501564665309586,0.552937378217348,"cogn_se_lv"
"806","GDAP2","Exc L5/6 IT Car3",0.0183086125429983,5.50660373582196,1.74920779670799,0.186785222020322,0.574235830382092,0.62775386709607,"cogn_se_lv"
"807","WDR3","Exc L5/6 IT Car3",0.0112870414371607,4.039853712094,0.492877579421778,0.483083533486665,0.802169611459778,0.85072261309668,"cogn_se_lv"
"808","SPAG17","Exc L5/6 IT Car3",-0.054463803287229,3.04833564783989,2.40343442381092,0.121915685555468,0.491568598997994,0.538040222813908,"cogn_se_lv"
"809","WARS2","Exc L5/6 IT Car3",-0.00703614553099753,4.00766709614397,0.131369951188624,0.831464903233853,0.966177555530849,0.979556835434487,"cogn_se_lv"
"810","AL359915.2","Exc L5/6 IT Car3",-0.0240753063873674,5.56030046319913,2.10657911667783,0.147505863916271,0.525730948331546,0.577862799497683,"cogn_se_lv"
"811","AL359915.1","Exc L5/6 IT Car3",0.0782826096123121,5.02048347330082,7.63773821368273,0.00599888660880868,0.165776034227212,0.152010713432236,"cogn_se_lv"
"812","ZNF697","Exc L5/6 IT Car3",0.024902924949257,5.70425277046696,2.37869039231108,0.123847020039924,0.492855743293762,0.540889696928208,"cogn_se_lv"
"813","PHGDH","Exc L5/6 IT Car3",0.0396960984345351,1.8130586537336,0.687111491947577,0.407677771137877,0.759297557925274,0.811834227767315,"cogn_se_lv"
"814","NOTCH2","Exc L5/6 IT Car3",0.00431151430409223,1.97794040458256,0.0120534594149288,0.912636247482512,0.989073227776396,0.993863235335742,"cogn_se_lv"
"815","SEC22B","Exc L5/6 IT Car3",-0.0123391032533039,5.09397579053136,0.907372831460097,0.341428190404651,0.710750689886051,0.768182586379821,"cogn_se_lv"
"816","NBPF26","Exc L5/6 IT Car3",0.0148241674936597,1.8130321919304,0.0995599418592617,0.75253450670216,0.93593557561559,0.960064034013136,"cogn_se_lv"
"817","LINC00623","Exc L5/6 IT Car3",0.0137744165595063,6.35201696336351,1.34949506993631,0.246107882255835,0.63060160275998,0.690460527244378,"cogn_se_lv"
"818","AC244453.3","Exc L5/6 IT Car3",0.00259289670135955,2.3909649518476,0.00661529317388614,0.935219520890905,0.993382101587914,0.996736568338213,"cogn_se_lv"
"819","AC244453.1","Exc L5/6 IT Car3",0.0195733556021709,2.22235324741154,0.265995208040597,0.606335970034908,0.868289809140899,0.907479360784901,"cogn_se_lv"
"820","SRGAP2C","Exc L5/6 IT Car3",-0.00487838209833502,5.30587635376879,0.112732978245592,0.737242312971086,0.929479740855657,0.955441287914901,"cogn_se_lv"
"821","SRGAP2-AS1","Exc L5/6 IT Car3",-0.0599480248175775,1.64106467324638,1.32404391414158,0.250603379523926,0.634369019715073,0.695318554443595,"cogn_se_lv"
"822","AC244021.1","Exc L5/6 IT Car3",-0.0347425775455134,4.76122375901734,1.91764366923829,0.166942893719698,0.55240832817591,0.603673308133127,"cogn_se_lv"
"823","AC239800.3","Exc L5/6 IT Car3",-0.0119412725809656,3.11997271062579,0.246505943233066,0.622311747773322,0.8750796656557,0.914216870151405,"cogn_se_lv"
"824","AC246680.1","Exc L5/6 IT Car3",0.0345470541944368,1.41557221714796,0.388967761566147,0.533223001849171,0.826852127109796,0.874303975255757,"cogn_se_lv"
"825","NBPF15","Exc L5/6 IT Car3",0.00190034183379463,4.6515845354924,0.0125386900182047,0.910902329306097,0.989073227776396,0.9937259663591,"cogn_se_lv"
"826","LINC01632","Exc L5/6 IT Car3",-0.0398234875381828,4.8735981464013,3.59788071375079,0.0586241644092612,0.379245855510101,0.405753988032552,"cogn_se_lv"
"827","FP700111.1","Exc L5/6 IT Car3",0.0137137137698318,7.97423734130911,1.00235023904042,0.317390355999825,0.692049117884639,0.752417404435829,"cogn_se_lv"
"828","SRGAP2B","Exc L5/6 IT Car3",0.0076910056681894,5.27392133309549,0.266958716140332,0.605684872058075,0.868198605695324,0.907245932962527,"cogn_se_lv"
"829","NBPF20","Exc L5/6 IT Car3",-0.0382513010554923,3.10447359394752,2.39989727350505,0.122189703726408,0.491891064700346,0.538726614669241,"cogn_se_lv"
"830","GPR89A","Exc L5/6 IT Car3",0.00237724125891745,4.67985556998153,0.0166637780540405,0.897357265919619,0.986715578313859,0.991932056642858,"cogn_se_lv"
"831","PDZK1","Exc L5/6 IT Car3",0.00451515501644676,2.43267456420147,0.0117700352680279,0.913665407445688,0.989073227776396,0.994109822260818,"cogn_se_lv"
"832","RNF115","Exc L5/6 IT Car3",0.016076661202441,6.53396885217693,2.58472900509863,0.108743443155833,0.471062624611416,0.514182693072956,"cogn_se_lv"
"833","POLR3C","Exc L5/6 IT Car3",0.0425198062359304,3.85942663611179,5.34706302787414,0.0213000156886885,0.273857344568852,0.268108145531878,"cogn_se_lv"
"834","NUDT17","Exc L5/6 IT Car3",-0.0174927509971259,1.71766538961356,0.161998990000758,0.687552870875101,0.902774616430194,0.938840437047123,"cogn_se_lv"
"835","PIAS3","Exc L5/6 IT Car3",0.000875002467152655,3.10835119947443,0.00135988613341233,0.970603062316997,0.998267578294294,0.999102668702867,"cogn_se_lv"
"836","ANKRD35","Exc L5/6 IT Car3",0.00223532167607592,2.72396290570953,0.00608954839721754,0.937841535908374,0.994369077299174,0.99727077180765,"cogn_se_lv"
"837","ITGA10","Exc L5/6 IT Car3",-0.0378571372642931,3.32519085004182,1.31850508721538,0.251595055628277,0.634866028220885,0.69629717752613,"cogn_se_lv"
"838","PEX11B","Exc L5/6 IT Car3",-0.00403707404531171,4.04847320201521,0.0426736479229391,0.858302482470761,0.973716475920048,0.985156698229816,"cogn_se_lv"
"839","RBM8A","Exc L5/6 IT Car3",-0.0155140507683225,4.19680202059721,0.551608417762464,0.458127869635114,0.788028655907772,0.839313916396072,"cogn_se_lv"
"840","LIX1L","Exc L5/6 IT Car3",0.0313876620831557,3.35740978003675,1.66746354248579,0.197396834022991,0.585188091611099,0.639450220680848,"cogn_se_lv"
"841","ANKRD34A","Exc L5/6 IT Car3",-0.013795435480173,3.69501942573896,0.258721659343367,0.611299927153942,0.87031513980695,0.909845398414984,"cogn_se_lv"
"842","POLR3GL","Exc L5/6 IT Car3",0.0170699973449152,2.57663456614338,0.225475912775721,0.635176251085244,0.882059262616085,0.919709562812169,"cogn_se_lv"
"843","HJV","Exc L5/6 IT Car3",0.0714403008585611,2.86622821034468,3.17889886041948,0.0754066418154722,0.41591157374623,0.448618962226194,"cogn_se_lv"
"844","LINC01719","Exc L5/6 IT Car3",0.0139270906180216,1.91998731177733,0.107251772688716,0.961599345909546,0.997053628956036,0.998669553021838,"cogn_se_lv"
"845","NBPF12","Exc L5/6 IT Car3",-0.00701079638514179,5.44236969040657,0.213147181310793,0.644580426027893,0.885485383965838,0.92288000732977,"cogn_se_lv"
"846","PRKAB2","Exc L5/6 IT Car3",-0.00197895756192405,4.98479022008432,0.0219149613578283,0.882393394994306,0.982209919641427,0.989056332850761,"cogn_se_lv"
"847","AC242426.2","Exc L5/6 IT Car3",-0.0140211819398246,5.11651166550766,0.797068343913887,0.372545914083633,0.732988109084473,0.78967006942084,"cogn_se_lv"
"848","FMO5","Exc L5/6 IT Car3",-0.0337172190957966,3.13969631987922,1.13830673464723,0.28669922427068,0.666712157982136,0.727341008570024,"cogn_se_lv"
"849","CHD1L","Exc L5/6 IT Car3",0.00495126399705874,5.40466027935387,0.159926749569032,0.689452464378663,0.903720022699822,0.93928750360554,"cogn_se_lv"
"850","LINC00624","Exc L5/6 IT Car3",-0.0746577918487814,3.12735288215348,3.66410427432601,0.0563600380793686,0.373928928056421,0.399097585527231,"cogn_se_lv"
"851","BCL9","Exc L5/6 IT Car3",0.0127687577898796,4.17153916231011,0.443464939455649,0.50586567787772,0.815907813827721,0.862105698368785,"cogn_se_lv"
"852","ACP6","Exc L5/6 IT Car3",0.0210938496408054,4.32679124521249,1.14655932412792,0.284961682185814,0.664478831642375,0.725570943007715,"cogn_se_lv"
"853","GPR89B","Exc L5/6 IT Car3",-0.00869471245761312,5.10809678261706,0.213546968127628,0.644270351396819,0.885485383965838,0.922715471930659,"cogn_se_lv"
"854","NBPF11","Exc L5/6 IT Car3",0.00381368672386683,4.35340596042812,0.0486237324154619,0.825596049354712,0.964396447785125,0.97830047382956,"cogn_se_lv"
"855","AC239809.3","Exc L5/6 IT Car3",0.0141789969786079,6.24767310727852,0.826744202640704,0.363801744547479,0.727161502689981,0.783923380967824,"cogn_se_lv"
"856","AC239803.1","Exc L5/6 IT Car3",-0.0124801883429594,2.05666721275045,0.0773722458874612,0.781044406647945,0.948719078740602,0.967815994622803,"cogn_se_lv"
"857","PDE4DIP","Exc L5/6 IT Car3",0.00270743624878245,9.26147511409614,0.0318736607611823,0.858401975560899,0.973716475920048,0.985156698229816,"cogn_se_lv"
"858","AC239804.1","Exc L5/6 IT Car3",0.0336737599513298,1.88124800900135,0.570459911230232,0.450552010976223,0.783309836908232,0.834861110887253,"cogn_se_lv"
"859","NBPF9","Exc L5/6 IT Car3",-0.0200869714665905,4.46555688414022,1.34007117864544,0.482455061516934,0.80187948192872,0.850631286011993,"cogn_se_lv"
"860","AC245297.3","Exc L5/6 IT Car3",0.00403949900118183,6.24510819777988,0.0734788929733719,0.786486943995649,0.950153677309984,0.96910254645376,"cogn_se_lv"
"861","NBPF19","Exc L5/6 IT Car3",-0.022409578916135,2.62950910086134,0.308557249349669,0.578899262296654,0.853949932593262,0.89561030543784,"cogn_se_lv"
"862","AC239868.3","Exc L5/6 IT Car3",-0.0346680904881952,1.70620819507837,0.539058585558781,0.463283584030977,0.790961030368069,0.841827629634474,"cogn_se_lv"
"863","BOLA1","Exc L5/6 IT Car3",0.00271224650918018,2.24570991007228,0.00563793879775061,0.940186301105798,0.994539668727838,0.99747309903324,"cogn_se_lv"
"864","SV2A","Exc L5/6 IT Car3",-0.0207941855982167,6.88511068698936,1.83190886629851,0.176720388913016,0.563465498502014,0.616402268270487,"cogn_se_lv"
"865","SF3B4","Exc L5/6 IT Car3",-0.018412866402806,3.24585973935144,0.480479664909644,0.488635726964697,0.805064108552263,0.853656533376049,"cogn_se_lv"
"866","MTMR11","Exc L5/6 IT Car3",0.0137293199818084,2.84825113079503,0.302113610535489,0.582888744483217,0.855570603490387,0.897271121014518,"cogn_se_lv"
"867","OTUD7B","Exc L5/6 IT Car3",0.00629535815526354,4.97652424541546,0.223220690743902,0.939765553035998,0.994539668727838,0.997362934282003,"cogn_se_lv"
"868","VPS45","Exc L5/6 IT Car3",0.00544590467529436,6.629723994173,0.273143273730497,0.601540704456131,0.865611167983156,0.90530987719773,"cogn_se_lv"
"869","PLEKHO1","Exc L5/6 IT Car3",-0.0204139249535283,5.034140971799,1.39438815263862,0.238416497937814,0.624731052263313,0.683258326818909,"cogn_se_lv"
"870","ANP32E","Exc L5/6 IT Car3",-0.00839584183158847,3.81905576269327,0.145815857848017,0.702783436772853,0.911344547685727,0.944257065769151,"cogn_se_lv"
"871","APH1A","Exc L5/6 IT Car3",-0.00937167373622114,3.30587024314185,0.161837158323055,0.687700709827481,0.902774616430194,0.938887951326235,"cogn_se_lv"
"872","C1orf54","Exc L5/6 IT Car3",0.0172628999886065,2.58799965264547,0.245585858182227,0.620491814178213,0.874244165540849,0.913492372821875,"cogn_se_lv"
"873","CIART","Exc L5/6 IT Car3",0.00972905912488613,2.79091959909787,0.0767604420887183,0.781889729098592,0.949157991908097,0.968029544933226,"cogn_se_lv"
"874","MRPS21","Exc L5/6 IT Car3",-0.0160982581331233,5.80611792739256,0.579820047413936,0.446863150224463,0.781075074328528,0.833186510394002,"cogn_se_lv"
"875","PRPF3","Exc L5/6 IT Car3",0.00154217946537805,5.21694412865522,0.0134517483546127,0.972714302569691,0.998267578294294,0.99931214989943,"cogn_se_lv"
"876","RPRD2","Exc L5/6 IT Car3",0.00598711609823699,7.54482456684987,0.389208294284067,0.533096499578948,0.826852127109796,0.874248153528851,"cogn_se_lv"
"877","TARS2","Exc L5/6 IT Car3",0.0428105589441719,4.41115874411814,6.56568834220146,0.0107875515470583,0.213179377869315,0.198459446483254,"cogn_se_lv"
"878","ECM1","Exc L5/6 IT Car3",0.00890661257157123,3.0400440300659,0.109636497823312,0.740743958201719,0.931072322502814,0.956572970214813,"cogn_se_lv"
"879","FALEC","Exc L5/6 IT Car3",0.000225260916953201,3.13005053908796,5.74725573065394e-05,0.993955288259223,0.999242764926216,0.999870711362408,"cogn_se_lv"
"880","MCL1","Exc L5/6 IT Car3",-0.0258525716005957,3.49805655668951,1.28176636356749,0.556639985182971,0.840778228674641,0.88532892490682,"cogn_se_lv"
"881","ENSA","Exc L5/6 IT Car3",0.0142445731684717,7.40918494184753,1.65896386676763,0.198540301084517,0.586224600150966,0.640588564268704,"cogn_se_lv"
"882","GOLPH3L","Exc L5/6 IT Car3",0.00755985167440114,4.38216249779082,0.240735353631062,0.623963500373554,0.875827296068406,0.914892814197949,"cogn_se_lv"
"883","HORMAD1","Exc L5/6 IT Car3",-0.0119273901689626,1.86463632991844,0.0655576452352193,0.79805908834343,0.954540194474746,0.97251829133889,"cogn_se_lv"
"884","CTSS","Exc L5/6 IT Car3",-0.0237895358960771,3.57003232861011,1.08443235392675,0.298381400074683,0.676917505521024,0.736822631922393,"cogn_se_lv"
"885","CTSK","Exc L5/6 IT Car3",0.00662650148420309,2.62871010330089,0.0532930262539275,0.827370388280547,0.965029939006543,0.978805885773327,"cogn_se_lv"
"886","ARNT","Exc L5/6 IT Car3",0.0071087331577944,5.74209297128527,0.445265922436923,0.505003561656036,0.815188254026263,0.861705211593158,"cogn_se_lv"
"887","SETDB1","Exc L5/6 IT Car3",0.0178084734767524,5.14015146612599,2.10220862310838,0.166508873740564,0.551949033093873,0.603134737086361,"cogn_se_lv"
"888","CERS2","Exc L5/6 IT Car3",-0.0253171340054773,2.97053421426637,0.975204005900786,0.324024726477982,0.696678939990315,0.756895438614788,"cogn_se_lv"
"889","PRUNE1","Exc L5/6 IT Car3",0.00581519545871356,4.33380913717694,0.129258320100688,0.857404985992787,0.973621837474622,0.985073999215388,"cogn_se_lv"
"890","BNIPL","Exc L5/6 IT Car3",0.0214008696697974,2.15628222694797,0.36779495561347,0.544576918062227,0.833270905645026,0.879709651878692,"cogn_se_lv"
"891","C1orf56","Exc L5/6 IT Car3",0.0428687496635294,3.68972407380298,1.42405172669116,0.23349475169134,0.621066116966681,0.678638369683741,"cogn_se_lv"
"892","CDC42SE1","Exc L5/6 IT Car3",0.0363505815594591,5.52398028284812,6.42447999105959,0.0116631299802673,0.215643586296606,0.20512732379951,"cogn_se_lv"
"893","MLLT11","Exc L5/6 IT Car3",-0.066360383704867,6.38776272257139,8.12140609933931,0.00461695257232839,0.148650418594422,0.13319264718776,"cogn_se_lv"
"894","GABPB2","Exc L5/6 IT Car3",0.0321665671085965,4.96389096287781,2.99008081170245,0.0846018655291521,0.431901923006982,0.469218850140563,"cogn_se_lv"
"895","SEMA6C","Exc L5/6 IT Car3",0.0306818257382344,3.42161451321922,2.2007669941358,0.138785024482904,0.512452381667919,0.564451118338975,"cogn_se_lv"
"896","SCNM1","Exc L5/6 IT Car3",0.00391364805946335,3.84974701034499,0.0237905038986726,0.877502428266166,0.980419075763427,0.988533357496548,"cogn_se_lv"
"897","LYSMD1","Exc L5/6 IT Car3",-0.0249173537921786,2.61003791373003,0.70857600359253,0.400455335628128,0.754278915425412,0.807777447864885,"cogn_se_lv"
"898","VPS72","Exc L5/6 IT Car3",-0.00649169122538161,3.76524648521293,0.112610454411353,0.737379845212648,0.929576983766601,0.955501035628752,"cogn_se_lv"
"899","PIP5K1A","Exc L5/6 IT Car3",0.0228605689752908,6.71889643225448,3.0779379564834,0.0801807218063158,0.422408291229972,0.459641477517112,"cogn_se_lv"
"900","PSMD4","Exc L5/6 IT Car3",-0.0127437143205824,5.53824435255608,0.916030065550311,0.339138308080903,0.709363247213108,0.76677457800845,"cogn_se_lv"
"901","ZNF687","Exc L5/6 IT Car3",-0.0659521385655148,2.52251852361437,5.0597490247484,0.0250693907968034,0.289218833855176,0.285851210163361,"cogn_se_lv"
"902","PI4KB","Exc L5/6 IT Car3",0.000117163352959358,5.33296199953909,7.35751969984032e-05,0.993160727902811,0.999242764926216,0.999870711362408,"cogn_se_lv"
"903","RFX5","Exc L5/6 IT Car3",-0.0490993703203388,2.1883123149152,1.94956548545815,0.163462556714002,0.547633107566418,0.59915256325033,"cogn_se_lv"
"904","PSMB4","Exc L5/6 IT Car3",-0.0246226026497182,3.94922384278436,0.895750672098802,0.344535279352411,0.713743161829803,0.770432545735133,"cogn_se_lv"
"905","POGZ","Exc L5/6 IT Car3",0.0160246699220795,7.77655530543498,3.33301010789535,0.0687004728308593,0.401100256778044,0.431337938983372,"cogn_se_lv"
"906","TUFT1","Exc L5/6 IT Car3",0.0129626915693571,3.4064024281199,0.402983227846863,0.525941082620318,0.823313905631488,0.871025817520231,"cogn_se_lv"
"907","SNX27","Exc L5/6 IT Car3",0.00387682360172394,6.30252920093045,0.211121207984952,0.976960513632177,0.998267578294294,0.999481105410931,"cogn_se_lv"
"908","CELF3","Exc L5/6 IT Car3",-0.0281266045482656,4.64127987639997,2.44228355524311,0.118950646512463,0.489347888218874,0.53321067918036,"cogn_se_lv"
"909","RIIAD1","Exc L5/6 IT Car3",0.0577866572940228,2.20565164554541,2.46883763697116,0.116970092541542,0.485351772503188,0.529202608495712,"cogn_se_lv"
"910","AL589765.7","Exc L5/6 IT Car3",0.0642369450481289,2.21025666081546,2.70957379637701,0.100588404208921,0.457463221269296,0.499057381913751,"cogn_se_lv"
"911","MRPL9","Exc L5/6 IT Car3",-0.0413969388677642,3.28536273722577,2.21873356619551,0.13718837892848,0.510406719667593,0.562376084994927,"cogn_se_lv"
"912","TDRKH","Exc L5/6 IT Car3",0.0568128057826423,3.2260925088786,6.26194957699633,0.0127622770459718,0.223958316690428,0.213373415467229,"cogn_se_lv"
"913","TDRKH-AS1","Exc L5/6 IT Car3",0.0832393737263975,1.88768059448165,3.49688598332141,0.062266030058297,0.386598339210144,0.415180672345344,"cogn_se_lv"
"914","AL450992.2","Exc L5/6 IT Car3",0.0293480672484093,1.93301792819534,0.469728255367782,0.493537152102666,0.80829379279132,0.856104249212167,"cogn_se_lv"
"915","THEM4","Exc L5/6 IT Car3",-0.0108250358574047,4.97253732552017,0.465118181698674,0.495664146638969,0.80979524594201,0.856960385662026,"cogn_se_lv"
"916","S100A10","Exc L5/6 IT Car3",-0.0294512616910249,2.95611554011058,0.313312936493208,0.57598968018411,0.851796959783132,0.89417580546852,"cogn_se_lv"
"917","FLG-AS1","Exc L5/6 IT Car3",0.00136320764225066,5.73769413227214,0.00249870562381776,0.960159412255971,0.997053628956036,0.998555548513014,"cogn_se_lv"
"918","S100A6","Exc L5/6 IT Car3",-0.0246464497776784,3.99065014690237,0.437915659879008,0.508538056915729,0.816961913286198,0.863338086077247,"cogn_se_lv"
"919","S100A13","Exc L5/6 IT Car3",-0.0546450654659138,1.62687851930386,1.17056472145324,0.279982934161517,0.661446762566016,0.721686262973719,"cogn_se_lv"
"920","CHTOP","Exc L5/6 IT Car3",-0.0122955857786422,4.60396574187596,0.714649430448291,0.398445585025552,0.753580942262327,0.806623898742405,"cogn_se_lv"
"921","SNAPIN","Exc L5/6 IT Car3",-0.0390994514935598,3.05907515978452,1.47048234631839,0.226035685704707,0.614844310270117,0.671538073623122,"cogn_se_lv"
"922","ILF2","Exc L5/6 IT Car3",-0.0248316351074174,4.07809365545693,0.903725692253573,0.342399127260675,0.711965057509009,0.768828252225976,"cogn_se_lv"
"923","INTS3","Exc L5/6 IT Car3",0.0180016598629881,5.56267469233261,2.46511646148922,0.117245421368511,0.485589089361837,0.530047746830128,"cogn_se_lv"
"924","SLC27A3","Exc L5/6 IT Car3",-0.0116330561279584,3.0780046288985,0.146595876450753,0.702027621681125,0.911206883480392,0.944023154377948,"cogn_se_lv"
"925","GATAD2B","Exc L5/6 IT Car3",0.0119531469903287,7.10620931588363,1.59363249103093,0.207595192888275,0.595395083591232,0.651239368070448,"cogn_se_lv"
"926","DENND4B","Exc L5/6 IT Car3",-0.0298372501859103,5.00916077847455,6.64235485282296,0.010340834872827,0.20967779801424,0.194465432755208,"cogn_se_lv"
"927","CRTC2","Exc L5/6 IT Car3",-0.0380532140857605,3.26442915696388,2.51229908767301,0.113806898959994,0.479991278430886,0.523354398489298,"cogn_se_lv"
"928","SLC39A1","Exc L5/6 IT Car3",0.0188058560728048,2.18677751057258,0.254140710641653,0.663945973515306,0.893959404443398,0.930074646578634,"cogn_se_lv"
"929","JTB","Exc L5/6 IT Car3",-0.049323205167752,4.79460218400628,3.23728803417092,0.0727863713166248,0.412732658561907,0.442347868068574,"cogn_se_lv"
"930","RPS27","Exc L5/6 IT Car3",-0.0892015963369644,4.6629047477229,4.07569389725471,0.0442181607809797,0.342351085321161,0.360809827190036,"cogn_se_lv"
"931","NUP210L","Exc L5/6 IT Car3",-0.0166853793316281,3.45379238417351,0.249884523887513,0.617450627535055,0.873423500115388,0.912167555899081,"cogn_se_lv"
"932","TPM3","Exc L5/6 IT Car3",0.0122749748627306,6.10951536844539,0.874739127944808,0.350250657417427,0.717823937428057,0.774069217775226,"cogn_se_lv"
"933","C1orf43","Exc L5/6 IT Car3",-0.00295128265010609,5.48010083465555,0.0305107310684826,0.861431017667219,0.97466720790314,0.985962153423507,"cogn_se_lv"
"934","UBAP2L","Exc L5/6 IT Car3",-0.00609179253681654,5.31115525886782,0.323819681521888,0.908877827927514,0.988525072212328,0.993450278302116,"cogn_se_lv"
"935","HAX1","Exc L5/6 IT Car3",-0.0126783267813865,4.36979608876351,0.248481510456633,0.618439605242419,0.873593287013005,0.91268405542042,"cogn_se_lv"
"936","ATP8B2","Exc L5/6 IT Car3",0.0189887762588608,5.25364046268958,1.21754620821935,0.270552828979801,0.653645032580496,0.713804533459795,"cogn_se_lv"
"937","IL6R","Exc L5/6 IT Car3",-0.0235661193710673,2.00220498689791,0.283107013505939,0.594988164708807,0.861660661980666,0.902784338104563,"cogn_se_lv"
"938","UBE2Q1","Exc L5/6 IT Car3",-0.0502396583359115,4.46027125194824,5.65018203930708,0.0179563623124004,0.254311769318817,0.247195860725612,"cogn_se_lv"
"939","CHRNB2","Exc L5/6 IT Car3",0.00846981838421636,3.22814246177863,0.0943000673724827,0.758951133649844,0.939092915847507,0.96175413348891,"cogn_se_lv"
"940","ADAR","Exc L5/6 IT Car3",0.00141444132630794,6.33572377902252,0.0231938551968661,0.87903623519412,0.98101923710574,0.988795269770792,"cogn_se_lv"
"941","KCNN3","Exc L5/6 IT Car3",0.0710821343471948,4.31138349804229,7.64225508193265,0.00598418911366003,0.165776034227212,0.151724471306915,"cogn_se_lv"
"942","PMVK","Exc L5/6 IT Car3",0.0129669712848836,3.64921122580309,0.271521982941177,0.602621287698317,0.866569586529472,0.905863820486025,"cogn_se_lv"
"943","PYGO2","Exc L5/6 IT Car3",-0.000946743689729866,3.49614494595133,0.00163355439135486,0.967782060544432,0.997934064440791,0.998975304900409,"cogn_se_lv"
"944","CKS1B","Exc L5/6 IT Car3",-0.0236258173539907,1.76818440210878,0.228970119014522,0.632568370031573,0.881110007119615,0.918746327073316,"cogn_se_lv"
"945","FLAD1","Exc L5/6 IT Car3",0.0200804398455525,3.89575538865809,1.04632579638842,0.307016557462807,0.682998672933304,0.74407649633649,"cogn_se_lv"
"946","ADAM15","Exc L5/6 IT Car3",0.0160681188431277,3.22512184257478,0.373535472761301,0.541455014394827,0.831387076876822,0.878506495751062,"cogn_se_lv"
"947","EFNA3","Exc L5/6 IT Car3",0.00739735084135135,1.9945608314538,0.0236004477150328,0.87798884742316,0.980736232511611,0.98865760276966,"cogn_se_lv"
"948","SLC50A1","Exc L5/6 IT Car3",0.0516688761224876,2.7149406142634,3.53554576425495,0.060844182757463,0.383609984693714,0.411520429078829,"cogn_se_lv"
"949","DPM3","Exc L5/6 IT Car3",-0.0197410151822224,3.28036388099407,0.420665767272401,0.517003400746942,0.819995665260249,0.867248733686983,"cogn_se_lv"
"950","KRTCAP2","Exc L5/6 IT Car3",-0.166021541069715,1.0915737526867,5.36059987730781,0.0211376864313899,0.273598817644315,0.267297225357225,"cogn_se_lv"
"951","AL713999.1","Exc L5/6 IT Car3",0.048102772420022,1.93869046944263,1.01228190703244,0.315007842959624,0.689415629002932,0.750662856037275,"cogn_se_lv"
"952","TRIM46","Exc L5/6 IT Car3",0.01784167600129,4.3699341392044,1.26233433269477,0.261930983728357,0.645316293102761,0.705957943720533,"cogn_se_lv"
"953","THBS3","Exc L5/6 IT Car3",0.0110659872214979,3.94926324403545,0.303340470708911,0.848160430412329,0.971136553429121,0.983053463871675,"cogn_se_lv"
"954","MTX1","Exc L5/6 IT Car3",-0.0791492236444728,2.6404685201538,6.11562099690429,0.0138433172343933,0.229578289048829,0.220994157669031,"cogn_se_lv"
"955","GBA","Exc L5/6 IT Car3",0.00945854383693903,4.40200269492261,0.25936248338847,0.610859075989427,0.870235038410656,0.909536868973197,"cogn_se_lv"
"956","FAM189B","Exc L5/6 IT Car3",0.0250204473161809,4.55310003600964,2.84475005862173,0.0925074608633515,0.444048634498986,0.48522046906529,"cogn_se_lv"
"957","SCAMP3","Exc L5/6 IT Car3",0.0411940847325455,3.95295836078002,4.7784937363167,0.0294372966677275,0.302562183305797,0.305146935713905,"cogn_se_lv"
"958","CLK2","Exc L5/6 IT Car3",-0.00398960332940831,3.96191627419906,0.0547182159852018,0.835089411385798,0.966681161431172,0.980316782339345,"cogn_se_lv"
"959","HCN3","Exc L5/6 IT Car3",-0.00510776969240448,2.91409709343822,0.0395263619290541,0.842517639039328,0.970099241718933,0.981962783252206,"cogn_se_lv"
"960","FDPS","Exc L5/6 IT Car3",0.0196611699577099,6.05313928579657,1.8081288239352,0.179548484468558,0.566621738397059,0.619715600241155,"cogn_se_lv"
"961","RUSC1","Exc L5/6 IT Car3",-0.0241080026558335,5.16570751746365,2.23815191515845,0.135485902185189,0.507453890150904,0.55941541324295,"cogn_se_lv"
"962","ASH1L","Exc L5/6 IT Car3",-0.00102295486341898,8.43679635798968,0.0142578770223576,0.905017596796169,0.987810604126722,0.992856323362381,"cogn_se_lv"
"963","ASH1L-AS1","Exc L5/6 IT Car3",0.146353102919683,2.07893120165513,13.1333017086116,0.000330242406642207,0.0488695253675343,0.0351215466708314,"cogn_se_lv"
"964","MSTO1","Exc L5/6 IT Car3",-0.0156726882257239,2.90992098887866,0.457689107088726,0.499124495533614,0.811678136349571,0.858651237526005,"cogn_se_lv"
"965","YY1AP1","Exc L5/6 IT Car3",0.00181163773585959,5.76924872530844,0.0380016472437944,0.845545777603326,0.970988236489561,0.982711516721705,"cogn_se_lv"
"966","DAP3","Exc L5/6 IT Car3",0.0203204250588604,6.00067011289686,3.33625100955185,0.0685665241670131,0.400515329184604,0.431011480563664,"cogn_se_lv"
"967","GON4L","Exc L5/6 IT Car3",0.00319219488132917,6.33773910578617,0.124200121897204,0.980676861828115,0.998390354534415,0.999870711362408,"cogn_se_lv"
"968","SYT11","Exc L5/6 IT Car3",-0.0185529257248783,7.53591882133024,1.96661080622547,0.161638265939231,0.545290633800999,0.596924044584316,"cogn_se_lv"
"969","RIT1","Exc L5/6 IT Car3",0.0706004292512033,2.88934491281887,8.16940027578105,0.00449893884207502,0.146875328353949,0.131656629633626,"cogn_se_lv"
"970","KHDC4","Exc L5/6 IT Car3",0.0296189770076433,5.35953983747771,5.96351325311023,0.0150677694805369,0.237072814824459,0.229403214658462,"cogn_se_lv"
"971","ARHGEF2","Exc L5/6 IT Car3",0.0309515134704856,6.23565345487991,5.21124145147416,0.0230023739499043,0.280290209888382,0.276000829233781,"cogn_se_lv"
"972","SSR2","Exc L5/6 IT Car3",-0.0168271618717513,4.42740778437469,0.541195572573196,0.462399165856982,0.79052690097078,0.841254562641172,"cogn_se_lv"
"973","UBQLN4","Exc L5/6 IT Car3",-0.0327684408186189,4.13319571573413,2.73305208599181,0.0991311271682101,0.455068891362772,0.496043533886845,"cogn_se_lv"
"974","LAMTOR2","Exc L5/6 IT Car3",-0.0276421494800032,3.33707208669733,0.790854742086434,0.374413927939262,0.734135603387086,0.791020954130679,"cogn_se_lv"
"975","LMNA","Exc L5/6 IT Car3",-0.0241716351702651,3.64965530339582,0.929615317042228,0.335586441222612,0.705383285963014,0.764600811347923,"cogn_se_lv"
"976","SEMA4A","Exc L5/6 IT Car3",-0.0140780770390834,3.0242475683971,0.331977888300439,0.564843611785683,0.845326482486866,0.888758213708133,"cogn_se_lv"
"977","SLC25A44","Exc L5/6 IT Car3",-0.0175881596941933,4.0600226940842,0.911766450367879,0.340263458298866,0.710066960534478,0.767457782799153,"cogn_se_lv"
"978","PAQR6","Exc L5/6 IT Car3",0.0529562830661323,1.92787349645397,1.52344775519236,0.217874147147483,0.606211590575217,0.662781407148566,"cogn_se_lv"
"979","SMG5","Exc L5/6 IT Car3",-0.0139243883911388,5.53892710597056,1.54935426525249,0.214010880020002,0.602306235531188,0.658226365852049,"cogn_se_lv"
"980","TMEM79","Exc L5/6 IT Car3",0.0836892465463696,2.04790619059718,4.92066005468729,0.0271379420611513,0.29594419293694,0.294812146052685,"cogn_se_lv"
"981","GLMP","Exc L5/6 IT Car3",0.0562369086582902,2.63709803180732,4.07846300180397,0.0441465634903542,0.342351085321161,0.360809827190036,"cogn_se_lv"
"982","CCT3","Exc L5/6 IT Car3",-0.0228499486887374,5.73510812115728,1.55585378119061,0.213054511504151,0.600783399440157,0.656988540757691,"cogn_se_lv"
"983","C1orf61","Exc L5/6 IT Car3",-0.00565072746714548,4.30111824648205,0.0670565543097548,0.795814243235712,0.952896693643322,0.971696226270126,"cogn_se_lv"
"984","MEF2D","Exc L5/6 IT Car3",-0.000961164679828628,6.38567596208041,0.00653330697826602,0.935621317441061,0.993597300263451,0.996884805360609,"cogn_se_lv"
"985","AL365181.1","Exc L5/6 IT Car3",0.142984531376071,1.83463221839917,9.55511012800953,0.00214350949596483,0.107105880334087,0.0918100384575471,"cogn_se_lv"
"986","NAXE","Exc L5/6 IT Car3",-0.0388475363969883,2.92381250545132,0.96668640079595,0.326144129630928,0.698880277780559,0.758465649071065,"cogn_se_lv"
"987","GPATCH4","Exc L5/6 IT Car3",-0.0349637551676522,3.52872008710884,2.01216729847822,0.156875728862589,0.539032639869704,0.590396839678454,"cogn_se_lv"
"988","HAPLN2","Exc L5/6 IT Car3",-0.00286130705679036,3.03924821869661,0.0113529256037534,0.915203079136037,0.989113057938146,0.994192634198933,"cogn_se_lv"
"989","BCAN","Exc L5/6 IT Car3",-0.027998265579653,4.1027743637002,1.27768218150548,0.259055436479902,0.641914040225153,0.703221990660887,"cogn_se_lv"
"990","CRABP2","Exc L5/6 IT Car3",-0.0361258360567501,2.52273644327322,1.22987574058649,0.268144428993487,0.651342204714067,0.711668234737298,"cogn_se_lv"
"991","ISG20L2","Exc L5/6 IT Car3",-0.0335384095886694,4.47129973375842,5.01497108076062,0.0257167516578663,0.290805668852296,0.288224154310902,"cogn_se_lv"
"992","RRNAD1","Exc L5/6 IT Car3",-0.00966087798514213,3.22173032958615,0.191691375572398,0.94697577706591,0.994804925328349,0.997665219498107,"cogn_se_lv"
"993","MRPL24","Exc L5/6 IT Car3",-0.0180766075200714,3.11942875511043,0.34539750463396,0.557085101603071,0.840938717159201,0.885567858048115,"cogn_se_lv"
"994","HDGF","Exc L5/6 IT Car3",0.0052123687600136,4.71691303916584,0.0932153298829613,0.760298642037961,0.940216641298853,0.962001488792433,"cogn_se_lv"
"995","PRCC","Exc L5/6 IT Car3",-0.0152081992212575,4.91374216548222,1.43653783485546,0.231459981802917,0.620423337521824,0.677508430724412,"cogn_se_lv"
"996","ARHGEF11","Exc L5/6 IT Car3",0.0200795038300937,6.90721724230551,3.2321726500409,0.0730119600062056,0.412732658561907,0.44297695631672,"cogn_se_lv"
"997","ETV3","Exc L5/6 IT Car3",0.00154962135049692,3.56425050211242,0.00321994400137478,0.954779014305939,0.996920944446838,0.998382055802243,"cogn_se_lv"
"998","KIRREL1","Exc L5/6 IT Car3",0.0124924161156487,2.13532168142864,0.0457831859494801,0.830687111083391,0.966163440112862,0.979478453062436,"cogn_se_lv"
"999","CADM3","Exc L5/6 IT Car3",-0.039214531528464,7.37480365884548,6.59082551827696,0.0106389332170006,0.212723221740397,0.196968301618645,"cogn_se_lv"
"1000","ACKR1","Exc L5/6 IT Car3",-0.0110922258690971,4.18830501666102,0.228004645230599,0.633286488654763,0.881457814994737,0.918980663468503,"cogn_se_lv"
"1001","DUSP23","Exc L5/6 IT Car3",-0.00865652460992577,2.1392022852241,0.0318429343019048,0.858469519222327,0.973716475920048,0.985181171161588,"cogn_se_lv"
"1002","AL590560.2","Exc L5/6 IT Car3",0.0641127701825036,2.60748491651791,2.8560149951894,0.0918667769743557,0.442929103269215,0.483714075410519,"cogn_se_lv"
"1003","TAGLN2","Exc L5/6 IT Car3",-0.0564598997525078,2.78191338939239,1.47858806685591,0.22476315484515,0.614078635374909,0.670326217035192,"cogn_se_lv"
"1004","KCNJ9","Exc L5/6 IT Car3",-0.0282850072046682,5.74459886623124,3.54673159967257,0.0604392886099934,0.382467373235114,0.410460064423521,"cogn_se_lv"
"1005","IGSF8","Exc L5/6 IT Car3",0.000131813003281252,6.48765907488682,6.38273257683184e-05,0.993629871438564,0.999242764926216,0.999870711362408,"cogn_se_lv"
"1006","ATP1A2","Exc L5/6 IT Car3",0.0100739385134592,4.22967447294977,0.210797053737008,0.646410355085085,0.886295242234794,0.923557873180478,"cogn_se_lv"
"1007","CASQ1","Exc L5/6 IT Car3",-0.0365976367021672,2.71094229664802,1.17133970830373,0.279824045320889,0.661446762566016,0.721649899405289,"cogn_se_lv"
"1008","PEA15","Exc L5/6 IT Car3",-0.0498936561659297,7.11005090585472,5.06786047438466,0.0249539525576411,0.289187748390133,0.285440999102972,"cogn_se_lv"
"1009","DCAF8","Exc L5/6 IT Car3",-0.0180958597570661,4.86082465061381,1.24850525090338,0.264556047853606,0.647702685546839,0.708404188024565,"cogn_se_lv"
"1010","AL139011.2","Exc L5/6 IT Car3",0.0558068208246395,3.83806121300431,5.37950978175045,0.0209130757786759,0.272294616103065,0.265955249333255,"cogn_se_lv"
"1011","COPA","Exc L5/6 IT Car3",-0.00370677675360186,6.71201247973724,0.155246152446159,0.693796274794701,0.906205000805944,0.9408277180253,"cogn_se_lv"
"1012","NCSTN","Exc L5/6 IT Car3",0.0216277765547563,3.97018881814492,1.30534226106486,0.253971211861441,0.637901285475604,0.698499617535293,"cogn_se_lv"
"1013","NHLH1","Exc L5/6 IT Car3",-0.0216465147420095,2.14917633532111,0.287530324209917,0.592126573620829,0.859944132115179,0.901472534509117,"cogn_se_lv"
"1014","F11R","Exc L5/6 IT Car3",0.0242516494549559,2.02083042101722,0.381020693694118,0.537433426243295,0.828690113710241,0.876565710862068,"cogn_se_lv"
"1015","AL591806.3","Exc L5/6 IT Car3",0.0361181543172333,3.40222867432461,1.70153606190715,0.192890056289782,0.580822218514484,0.6346513478261,"cogn_se_lv"
"1016","USF1","Exc L5/6 IT Car3",0.00309510088646767,3.08879375993096,0.0125678687137202,0.910799154490882,0.989073227776396,0.9937259663591,"cogn_se_lv"
"1017","KLHDC9","Exc L5/6 IT Car3",-0.0313858555919301,3.17050932779176,1.08422254954346,0.298428077499678,0.676917505521024,0.736830225408037,"cogn_se_lv"
"1018","PFDN2","Exc L5/6 IT Car3",-0.0313959924278022,5.32142583751871,1.62153918049436,0.203668865820875,0.590812761802429,0.646113539230974,"cogn_se_lv"
"1019","NIT1","Exc L5/6 IT Car3",0.0164507168837047,3.7897818352332,0.536692840260536,0.464265830150305,0.79119444669795,0.842178689390683,"cogn_se_lv"
"1020","DEDD","Exc L5/6 IT Car3",-0.00174301062657852,3.10337055620644,0.00601004467062152,0.938247812464976,0.994369077299174,0.99727077180765,"cogn_se_lv"
"1021","UFC1","Exc L5/6 IT Car3",-0.0594171262630407,4.14816184456473,3.67717815207866,0.0559241736258998,0.373928720048831,0.398358690342885,"cogn_se_lv"
"1022","USP21","Exc L5/6 IT Car3",0.0112505425871993,2.35291120956601,0.114892526118438,0.734831765591771,0.928204243440934,0.954790730117008,"cogn_se_lv"
"1023","PPOX","Exc L5/6 IT Car3",0.00965852917508865,3.34478257380528,0.250056425091152,0.664050936426051,0.893959404443398,0.930076745793966,"cogn_se_lv"
"1024","B4GALT3","Exc L5/6 IT Car3",-0.0073673414474384,3.53478904338763,0.10297521376213,0.999215034844081,0.999604744296048,0.999977066117083,"cogn_se_lv"
"1025","NDUFS2","Exc L5/6 IT Car3",-0.0239506088875073,5.42008239492477,2.01113909665593,0.156981435470826,0.539032639869704,0.59056306540041,"cogn_se_lv"
"1026","TOMM40L","Exc L5/6 IT Car3",0.00852453570365114,3.36210118642347,0.153739397212382,0.809929888500665,0.95853744878693,0.975562371507666,"cogn_se_lv"
"1027","PCP4L1","Exc L5/6 IT Car3",0.0517568481582264,1.56773535476775,0.95294274267969,0.329602907649479,0.700406022244585,0.760621464865271,"cogn_se_lv"
"1028","MPZ","Exc L5/6 IT Car3",0.0349416935287489,2.07645633147467,0.8449466714937,0.35857881299927,0.723053583977124,0.78032776089986,"cogn_se_lv"
"1029","SDHC","Exc L5/6 IT Car3",0.00237277375828802,5.79121241865381,0.0571744408172488,0.811150000814323,0.958801729073152,0.975901311987222,"cogn_se_lv"
"1030","AL592295.4","Exc L5/6 IT Car3",0.0432595947737699,2.51673310538632,1.14843516937214,0.28456860221617,0.66397925229522,0.725186656271163,"cogn_se_lv"
"1031","AL592295.3","Exc L5/6 IT Car3",0.0781716252609853,1.4176971654189,1.7629484163608,0.185067692583516,0.57169646504623,0.62578319454145,"cogn_se_lv"
"1032","HSPA6","Exc L5/6 IT Car3",0.521642184663003,2.10622920268982,12.6611648404414,0.000421678928857801,0.054996938263742,0.0399897594761519,"cogn_se_lv"
"1033","DUSP12","Exc L5/6 IT Car3",-0.0164931204882099,3.85686646645794,0.828782160685188,0.363211769487955,0.726811316394553,0.783571373185031,"cogn_se_lv"
"1034","ATF6","Exc L5/6 IT Car3",0.0141525833537564,7.48551126332944,1.35407858646265,0.245308833353648,0.630479451434772,0.689721706279246,"cogn_se_lv"
"1035","OLFML2B","Exc L5/6 IT Car3",0.0304601874914854,6.68468355064779,4.75505866986336,0.0298354760471856,0.303682524051711,0.306771829290113,"cogn_se_lv"
"1036","NOS1AP","Exc L5/6 IT Car3",-0.0254700715410026,7.25649757200741,2.13479856593239,0.144829715751886,0.520632076517234,0.573503192665339,"cogn_se_lv"
"1037","C1orf226","Exc L5/6 IT Car3",-0.0384312415980252,2.5371551647885,1.21970927043173,0.270128351176162,0.653146162545346,0.713393008149454,"cogn_se_lv"
"1038","UHMK1","Exc L5/6 IT Car3",-0.0122860343370948,5.81075477009342,0.866982644680891,0.352393160472162,0.719169542251618,0.775935834875279,"cogn_se_lv"
"1039","UAP1","Exc L5/6 IT Car3",-0.0153073802636668,4.51665968551136,0.873165107337142,0.459378101220273,0.788303867210446,0.839765680165308,"cogn_se_lv"
"1040","DDR2","Exc L5/6 IT Car3",0.0375611712128774,2.65904603186656,1.05018031506245,0.306128497905694,0.682747109631723,0.743538890140748,"cogn_se_lv"
"1041","HSD17B7","Exc L5/6 IT Car3",0.00804568118152039,4.23273926724471,0.139470569754042,0.709019684458898,0.914627404019125,0.946431882254104,"cogn_se_lv"
"1042","CCDC190","Exc L5/6 IT Car3",0.0772451542504671,1.05530592129571,1.43145535730276,0.232285634123747,0.620745947067975,0.677856229890439,"cogn_se_lv"
"1043","RGS4","Exc L5/6 IT Car3",0.0384995114409494,4.01607992943838,1.00294869835748,0.317246122305834,0.692049117884639,0.752393176897167,"cogn_se_lv"
"1044","RGS5","Exc L5/6 IT Car3",0.0766537715027062,2.62170256729697,5.07429578278847,0.0248627627477751,0.289099594031926,0.285248534233941,"cogn_se_lv"
"1045","NUF2","Exc L5/6 IT Car3",0.090930165501595,1.96752330545457,4.43622881077392,0.035850306557088,0.317634449276949,0.331377544988799,"cogn_se_lv"
"1046","PBX1","Exc L5/6 IT Car3",-0.000258055447155462,7.5378119738565,0.000441924031080197,0.983239335135973,0.998390354534415,0.999870711362408,"cogn_se_lv"
"1047","MGST3","Exc L5/6 IT Car3",-0.00928638822942544,6.86235119623626,0.46032470098669,0.497892209510236,0.811110522320582,0.858030292082368,"cogn_se_lv"
"1048","ALDH9A1","Exc L5/6 IT Car3",-0.0334037880951778,3.19584203684618,2.07997243684023,0.150080475659427,0.528981002758324,0.581274235049651,"cogn_se_lv"
"1049","TMCO1","Exc L5/6 IT Car3",-0.0157669400282879,5.08465439478412,1.6114489443808,0.205078277391272,0.59280396192232,0.648166004039538,"cogn_se_lv"
"1050","UCK2","Exc L5/6 IT Car3",-0.000883537646262466,5.16081733754467,0.0043045730699867,0.947724014457511,0.994804925328349,0.997804640603097,"cogn_se_lv"
"1051","FAM78B","Exc L5/6 IT Car3",0.0188215770867952,5.97285671566387,1.49503563305598,0.222207401701397,0.610891731365577,0.667430880749596,"cogn_se_lv"
"1052","POGK","Exc L5/6 IT Car3",0.00634208648055002,4.71565637357919,0.219222354462874,0.771814628012894,0.944065102934226,0.965074535077353,"cogn_se_lv"
"1053","TADA1","Exc L5/6 IT Car3",-0.00414017954729004,3.84888396588186,0.0566041309248543,0.812076470306149,0.959045669722624,0.97611549093082,"cogn_se_lv"
"1054","ILDR2","Exc L5/6 IT Car3",0.0283831789224359,5.01297914545341,1.96884294568866,0.16140109982295,0.544967732837912,0.596528622754742,"cogn_se_lv"
"1055","MAEL","Exc L5/6 IT Car3",-0.0116936908346073,3.90699567927498,0.253519517698943,0.614904389605424,0.872442016781365,0.911419369308952,"cogn_se_lv"
"1056","POU2F1","Exc L5/6 IT Car3",0.0126567563984561,7.88336081554087,1.4847238990967,0.223805609623722,0.612790783112987,0.669227202611498,"cogn_se_lv"
"1057","CD247","Exc L5/6 IT Car3",0.053162218848598,4.12134974911419,4.25314162234976,0.0398685592818818,0.330413100349036,0.346281296648058,"cogn_se_lv"
"1058","CREG1","Exc L5/6 IT Car3",0.00363218058003683,4.94741476970354,0.0432425706658847,0.835382483120948,0.96681077140571,0.980441057999699,"cogn_se_lv"
"1059","RCSD1","Exc L5/6 IT Car3",0.00916861282767598,1.66564831077352,0.0382747796738559,0.844998749078651,0.970988236489561,0.982574226382895,"cogn_se_lv"
"1060","MPZL1","Exc L5/6 IT Car3",-0.0097750111177959,5.33435222693964,0.58351197967049,0.689932344646875,0.904126258865412,0.939461623961501,"cogn_se_lv"
"1061","ADCY10","Exc L5/6 IT Car3",0.00190724043372289,3.89468592217961,0.00385005389454072,0.950557142714011,0.995054338434123,0.997804640603097,"cogn_se_lv"
"1062","MPC2","Exc L5/6 IT Car3",-0.0384725021868525,4.86160453111174,2.97567594112985,0.0853516461746349,0.433383638386242,0.470682728991694,"cogn_se_lv"
"1063","DCAF6","Exc L5/6 IT Car3",-0.00160648549605881,7.85100427252826,0.0284030377220812,0.866255948450102,0.976183709955713,0.986710727657061,"cogn_se_lv"
"1064","TIPRL","Exc L5/6 IT Car3",-0.00450931947841643,5.80057213984331,0.186451372619163,0.666135703669904,0.894623771475196,0.930846295494086,"cogn_se_lv"
"1065","SFT2D2","Exc L5/6 IT Car3",-0.0646536732105457,2.10698635380533,2.78195929833227,0.0961692004342171,0.450135034879137,0.490774108939971,"cogn_se_lv"
"1066","DPT","Exc L5/6 IT Car3",0.0540972202739448,2.36127408544647,1.72102999965956,0.190365881724056,0.578059906526485,0.631762592868367,"cogn_se_lv"
"1067","AL031275.1","Exc L5/6 IT Car3",0.0758204997643677,1.97917749442345,2.93960191381442,0.0872611769309232,0.435315887509533,0.473951766304866,"cogn_se_lv"
"1068","LINC00626","Exc L5/6 IT Car3",-0.012990940298506,2.30525638122416,0.0642065573210717,0.800106104957212,0.954915312546839,0.972958403806246,"cogn_se_lv"
"1069","LINC00970","Exc L5/6 IT Car3",0.0399254520023369,5.7203799928027,2.95978594646148,0.0861871078160895,0.434373509228393,0.472294343102464,"cogn_se_lv"
"1070","ATP1B1","Exc L5/6 IT Car3",-0.0429364132060881,8.0708262590451,5.12611235804666,0.0241410516034905,0.287562526453343,0.281768502892334,"cogn_se_lv"
"1071","NME7","Exc L5/6 IT Car3",0.00169289790069817,6.96585211709109,0.0307442794545399,0.860907087782669,0.974289291931413,0.985770720480006,"cogn_se_lv"
"1072","Z99758.1","Exc L5/6 IT Car3",-0.0677918048115068,1.61149010956624,1.31974831627239,0.251372046875332,0.63477305834746,0.696082750005125,"cogn_se_lv"
"1073","BLZF1","Exc L5/6 IT Car3",0.00329888518946674,5.21509988288878,0.0653287685404194,0.798404264966614,0.954540194474746,0.972565510192534,"cogn_se_lv"
"1074","CCDC181","Exc L5/6 IT Car3",-0.013711815501278,4.46018917801478,0.64392724915054,0.422802303639256,0.76923863843178,0.820450866047082,"cogn_se_lv"
"1075","SLC19A2","Exc L5/6 IT Car3",0.0108121961857214,3.47546359691683,0.271383904628221,0.602713505796716,0.866569586529472,0.905863820486025,"cogn_se_lv"
"1076","C1orf112","Exc L5/6 IT Car3",0.0637681693536333,3.94621103047433,6.80193045505309,0.00947108648611573,0.201883685625098,0.186942093828102,"cogn_se_lv"
"1077","SCYL3","Exc L5/6 IT Car3",0.0299202382863076,4.25846355818823,3.02749351353801,0.104021897667301,0.463490736855751,0.505392713184727,"cogn_se_lv"
"1078","KIFAP3","Exc L5/6 IT Car3",-0.0119667242105802,7.96111414038365,1.34445627547342,0.246989985196045,0.630900559695789,0.691299475206992,"cogn_se_lv"
"1079","AL354732.1","Exc L5/6 IT Car3",0.0230445416103081,2.02461018857945,0.32616093409059,0.568271767283577,0.847123450067246,0.889953541387761,"cogn_se_lv"
"1080","GORAB","Exc L5/6 IT Car3",0.00370039295132439,3.67653274762123,0.0387940598109225,0.843964298529252,0.9706425497077,0.982316874221214,"cogn_se_lv"
"1081","PRRX1","Exc L5/6 IT Car3",0.00544736236469463,4.05090384666354,0.0260816794385719,0.87178828441309,0.978829918809182,0.987716462466822,"cogn_se_lv"
"1082","PRRC2C","Exc L5/6 IT Car3",-0.0198418553891602,7.37188928523005,3.72333430941584,0.0544138772896174,0.369789558928439,0.394018845888812,"cogn_se_lv"
"1083","MYOCOS","Exc L5/6 IT Car3",-0.0148020430245911,1.83187021314179,0.086412563351002,0.768951573856006,0.942860274175954,0.964418127860612,"cogn_se_lv"
"1084","VAMP4","Exc L5/6 IT Car3",-0.0101763494528568,4.929413815365,0.477851788400298,0.489826204014452,0.80616247243957,0.854295651630453,"cogn_se_lv"
"1085","METTL13","Exc L5/6 IT Car3",0.00970271574956199,3.07440019433168,0.152851984598249,0.72701004729393,0.924578877874823,0.952390319914162,"cogn_se_lv"
"1086","DNM3","Exc L5/6 IT Car3",0.0149871908350778,8.68109341926631,2.04762689822555,0.153279380952534,0.534066034154291,0.585566626921156,"cogn_se_lv"
"1087","PIGC","Exc L5/6 IT Car3",0.0196227749735861,4.19781999637819,1.10993557492744,0.292776699212316,0.672184585223166,0.731902495111488,"cogn_se_lv"
"1088","SUCO","Exc L5/6 IT Car3",0.0165108092825888,5.49394772581032,1.92051712703553,0.166626149335149,0.551953602726634,0.603215071364212,"cogn_se_lv"
"1089","AL031599.1","Exc L5/6 IT Car3",0.0017083211756047,2.84282983862134,0.00171797315577012,0.966960533754457,0.997621680933237,0.99892010896344,"cogn_se_lv"
"1090","TNFSF4","Exc L5/6 IT Car3",-0.00329258630286097,2.55924543205973,0.0106842925924536,0.968301242715738,0.998135038539532,0.999017285695007,"cogn_se_lv"
"1091","AL645568.1","Exc L5/6 IT Car3",0.0122796819438212,6.19583827943327,0.824334319825494,0.364501106056095,0.727246849504114,0.784420215081686,"cogn_se_lv"
"1092","PRDX6","Exc L5/6 IT Car3",-0.0193382724753412,4.82400123334524,0.83295442473467,0.362008056212559,0.725902799363033,0.782443923891152,"cogn_se_lv"
"1093","SLC9C2","Exc L5/6 IT Car3",-0.000265249429333171,3.65595262233621,0.000149874454055984,0.990238817444359,0.999242764926216,0.999870711362408,"cogn_se_lv"
"1094","ANKRD45","Exc L5/6 IT Car3",-0.00262252107873241,2.9020033719921,0.0102012713716012,0.919603563829923,0.990775413261408,0.994666690661393,"cogn_se_lv"
"1095","KLHL20","Exc L5/6 IT Car3",0.0180424464552689,5.34478684331694,1.94523326775938,0.163929968294439,0.548571909556734,0.599823398988344,"cogn_se_lv"
"1096","CENPL","Exc L5/6 IT Car3",0.0129483608477239,2.31960026492066,0.162291722562771,0.693020397332258,0.90570071150743,0.940522764529881,"cogn_se_lv"
"1097","DARS2","Exc L5/6 IT Car3",-0.041394009701087,3.18761419032711,3.70020431335503,0.055165221201808,0.371674976333635,0.396597249643027,"cogn_se_lv"
"1098","ZBTB37","Exc L5/6 IT Car3",-0.0152131224474281,4.03584910871146,0.694495273983196,0.405171921336772,0.757934301831652,0.810482235204594,"cogn_se_lv"
"1099","RC3H1","Exc L5/6 IT Car3",-0.000188110501109468,6.78841238877954,0.000381365865130772,0.984429852134566,0.998390354534415,0.999870711362408,"cogn_se_lv"
"1100","AL121983.2","Exc L5/6 IT Car3",0.0749529086755057,1.80399597009476,2.62949291798755,0.105738634511587,0.467485660767977,0.509303585613026,"cogn_se_lv"
"1101","RABGAP1L","Exc L5/6 IT Car3",-0.00425299442369295,9.38436943803683,0.181901475518088,0.669989803081707,0.896717017849796,0.932039253478488,"cogn_se_lv"
"1102","Z99127.1","Exc L5/6 IT Car3",-0.00927580258879489,2.80869128544615,0.0446854125500658,0.832698788435738,0.966312347611673,0.979846581044605,"cogn_se_lv"
"1103","CACYBP","Exc L5/6 IT Car3",-0.0350378172719328,5.41797436862154,1.90130269342864,0.168757391126827,0.555189450500614,0.606366011721886,"cogn_se_lv"
"1104","MRPS14","Exc L5/6 IT Car3",-0.00271189667463705,3.99706307752213,0.0208343005869839,0.885309083020957,0.983228165152298,0.989514837593337,"cogn_se_lv"
"1105","TNR","Exc L5/6 IT Car3",0.00755313021432933,7.2324604946172,0.104571609817445,0.746591896749615,0.933746642034177,0.958249633368732,"cogn_se_lv"
"1106","AL513329.1","Exc L5/6 IT Car3",0.0038380696037679,4.34215336345739,0.0422819527945837,0.837195228734177,0.967154674239527,0.980842367573444,"cogn_se_lv"
"1107","COP1","Exc L5/6 IT Car3",0.00497122804441862,7.97038644017568,0.220107668415968,0.639231502117826,0.883493921788341,0.920896072922485,"cogn_se_lv"
"1108","AL359265.3","Exc L5/6 IT Car3",0.0819676069815608,3.31924791853324,8.8323517692114,0.00315094742002539,0.131138025595523,0.111086879174358,"cogn_se_lv"
"1109","PAPPA2","Exc L5/6 IT Car3",0.0314139052753133,4.08963418436957,1.53898374879977,0.215547468587196,0.60368981647988,0.659647671061703,"cogn_se_lv"
"1110","ASTN1","Exc L5/6 IT Car3",0.0079800771186723,8.49522423962129,0.417107311435322,0.518780377731586,0.820833841115292,0.868086779535188,"cogn_se_lv"
"1111","BRINP2","Exc L5/6 IT Car3",-0.00827652530264787,8.16303343488913,0.473704189997995,0.491715025897396,0.80763012257854,0.855266414004791,"cogn_se_lv"
"1112","AL122019.1","Exc L5/6 IT Car3",0.0612053774593025,1.70769760375686,1.34678835358072,0.246581245105232,0.630836782999834,0.690946786916143,"cogn_se_lv"
"1113","SEC16B","Exc L5/6 IT Car3",-0.014968110382204,4.46036499514337,0.489702711391589,0.484495353783852,0.802797533886034,0.85143085110152,"cogn_se_lv"
"1114","RASAL2","Exc L5/6 IT Car3",-0.00677710714177286,8.6696899840122,0.420141640919733,0.517264460493595,0.819995665260249,0.867292233707145,"cogn_se_lv"
"1115","CLEC20A","Exc L5/6 IT Car3",-0.012417900048038,2.78949873490445,0.115501612857282,0.734156459689769,0.927984616396423,0.95456478504049,"cogn_se_lv"
"1116","RALGPS2","Exc L5/6 IT Car3",-0.00749117330433011,6.44922630103518,0.305011898805861,0.581087506959812,0.85513639744395,0.896505492139912,"cogn_se_lv"
"1117","ANGPTL1","Exc L5/6 IT Car3",0.000205484577108435,3.52454097240263,6.65841331912693e-06,0.997942525803918,0.999465900469295,0.999954262357359,"cogn_se_lv"
"1118","FAM20B","Exc L5/6 IT Car3",0.00694619336818996,5.38823976939521,0.335382589001668,0.600829043541186,0.865077895156077,0.904946523631918,"cogn_se_lv"
"1119","TOR3A","Exc L5/6 IT Car3",0.031456938544443,3.31343594224026,2.83082077033252,0.0933064271237801,0.444853133034379,0.486080416588987,"cogn_se_lv"
"1120","ABL2","Exc L5/6 IT Car3",0.0161457888121747,6.8167706044935,2.35147455722231,0.126010750938744,0.495732478769752,0.54413960561872,"cogn_se_lv"
"1121","SOAT1","Exc L5/6 IT Car3",0.0188134534416665,4.07215969220068,0.988848701229075,0.320667408731548,0.693607301690158,0.75458877332074,"cogn_se_lv"
"1122","AXDND1","Exc L5/6 IT Car3",0.0166383100257395,1.98389208420962,0.15700602547635,0.692154252510719,0.905224673072746,0.940223363682234,"cogn_se_lv"
"1123","TDRD5","Exc L5/6 IT Car3",0.0184128671534152,3.79362433902076,0.427110206294176,0.513812280553142,0.818677978297294,0.866108487773539,"cogn_se_lv"
"1124","TOR1AIP2","Exc L5/6 IT Car3",-0.00903936622419408,5.89139983124695,0.648280914323366,0.421239981595579,0.768357172043024,0.819662435315388,"cogn_se_lv"
"1125","TOR1AIP1","Exc L5/6 IT Car3",-0.0301360127920682,4.38953058596216,4.16346883046838,0.0420072084043584,0.336180248199134,0.354269962110367,"cogn_se_lv"
"1126","CEP350","Exc L5/6 IT Car3",-0.0106210181683275,6.90145724009041,1.47448749926559,0.22540582899635,0.614766622420133,0.670972884822881,"cogn_se_lv"
"1127","QSOX1","Exc L5/6 IT Car3",0.0060611098342048,5.29486907618446,0.275033072415734,0.978077213445427,0.998390354534415,0.999693731926281,"cogn_se_lv"
"1128","ACBD6","Exc L5/6 IT Car3",0.00921711554972809,7.49764640032201,0.959940725215775,0.327835706090575,0.700074877560877,0.759752248188423,"cogn_se_lv"
"1129","XPR1","Exc L5/6 IT Car3",-0.00850775259334388,6.63717327962328,0.582749815175485,0.445718178354737,0.780617097865658,0.832794577551299,"cogn_se_lv"
"1130","KIAA1614","Exc L5/6 IT Car3",-0.00724551003378034,3.80152360093309,0.110872603437414,0.739339603979713,0.930782115216792,0.956228100572566,"cogn_se_lv"
"1131","AL162431.2","Exc L5/6 IT Car3",0.0379707432973849,2.57591508349409,1.42728997448111,0.232964964060632,0.620836501626516,0.678355296855354,"cogn_se_lv"
"1132","STX6","Exc L5/6 IT Car3",0.0167912735707492,5.53155572082553,1.52498259591417,0.217642956713119,0.606116599369235,0.662488784455581,"cogn_se_lv"
"1133","MR1","Exc L5/6 IT Car3",0.0516780402515269,2.95394014116495,3.69821384433138,0.0552303927988253,0.371826660181068,0.396708991210093,"cogn_se_lv"
"1134","IER5","Exc L5/6 IT Car3",-0.0175040274893657,4.74101399608974,0.486123817027486,0.486095040159474,0.803458561707046,0.852338857163356,"cogn_se_lv"
"1135","CACNA1E","Exc L5/6 IT Car3",-0.00809832738877608,9.1568761718781,0.46421443839941,0.496082926605959,0.810135424497635,0.85714531489141,"cogn_se_lv"
"1136","AL161734.1","Exc L5/6 IT Car3",-0.0551035432070333,1.9803326768205,1.71124913084014,0.191627491881423,0.579302759545118,0.633090793406627,"cogn_se_lv"
"1137","LINC01344","Exc L5/6 IT Car3",0.166561551426892,1.73144412917669,9.44057842096859,0.00227800195000862,0.110500838591297,0.0944223528936077,"cogn_se_lv"
"1138","GLUL","Exc L5/6 IT Car3",-0.0809239059881853,5.51516627015943,12.1544999365646,0.000547924994926896,0.0587797472442996,0.0466624057378252,"cogn_se_lv"
"1139","RGSL1","Exc L5/6 IT Car3",0.0871290514852586,1.62578940279699,2.41626457545673,0.120927473461717,0.490612459339224,0.536436121324361,"cogn_se_lv"
"1140","RNASEL","Exc L5/6 IT Car3",0.0144655937787446,3.13124723306012,0.300656001424399,0.58379888139613,0.855777482563133,0.897702901919647,"cogn_se_lv"
"1141","RGS8","Exc L5/6 IT Car3",0.0588708830641297,2.57971331509757,1.83536045411261,0.176314203547982,0.563465498502014,0.615985696963979,"cogn_se_lv"
"1142","NPL","Exc L5/6 IT Car3",0.0426768341454561,4.08450852183779,4.60953649190239,0.0324376279392363,0.309343568274808,0.317993006103787,"cogn_se_lv"
"1143","DHX9","Exc L5/6 IT Car3",-0.00918233156449901,6.13502230392567,1.03705830789092,0.309165494798869,0.685001081063068,0.746139499197367,"cogn_se_lv"
"1144","LAMC1","Exc L5/6 IT Car3",-0.0411679746353562,5.8611763415611,8.9623097372629,0.00293940969738358,0.12707167203015,0.106792606930306,"cogn_se_lv"
"1145","NMNAT2","Exc L5/6 IT Car3",0.00965347120033806,8.26158931608632,1.23604237906455,0.266949928797951,0.650056867753237,0.710529452627183,"cogn_se_lv"
"1146","SMG7","Exc L5/6 IT Car3",6.58430038431294e-05,5.96295279999934,4.49407757626575e-05,0.994654768413922,0.999242764926216,0.999870711362408,"cogn_se_lv"
"1147","ARPC5","Exc L5/6 IT Car3",-0.0138067146352125,5.02645960363717,0.627487147769996,0.428781126901026,0.77189630869187,0.823824282994301,"cogn_se_lv"
"1148","RGL1","Exc L5/6 IT Car3",0.00237211861345342,7.08504358358045,0.0489085755099187,0.825094227756952,0.964249386071797,0.978274930692417,"cogn_se_lv"
"1149","COLGALT2","Exc L5/6 IT Car3",0.00281521690061498,4.60820165350615,0.0222313340756093,0.881553773744353,0.98184006718356,0.988985050514498,"cogn_se_lv"
"1150","TSEN15","Exc L5/6 IT Car3",0.00897537957911529,5.66178319765908,0.348794034112948,0.555153603092738,0.839929682996154,0.884634769563384,"cogn_se_lv"
"1151","C1orf21","Exc L5/6 IT Car3",0.00852636710814584,7.09015576212963,0.443448732139529,0.505873447663685,0.815907813827721,0.862105698368785,"cogn_se_lv"
"1152","EDEM3","Exc L5/6 IT Car3",-0.0128281711800444,6.01232943992027,1.66541405386963,0.19767184248945,0.58558518620511,0.639855322334072,"cogn_se_lv"
"1153","FAM129A","Exc L5/6 IT Car3",-0.0664003532962455,1.56543285163695,1.52032196068757,0.21834588926427,0.606576783940374,0.663162398681996,"cogn_se_lv"
"1154","LINC01633","Exc L5/6 IT Car3",-0.0112629125140852,1.66802540778413,0.0541248528022754,0.816162521730708,0.959947755253107,0.976849871586296,"cogn_se_lv"
"1155","RNF2","Exc L5/6 IT Car3",0.0288337387458585,4.67115696188732,3.32630052956141,0.0689786784846171,0.402079989558762,0.43199591520821,"cogn_se_lv"
"1156","TRMT1L","Exc L5/6 IT Car3",0.000786373833497536,4.79798883588748,0.00260117760130462,0.959351384509854,0.997053628956036,0.998555548513014,"cogn_se_lv"
"1157","SWT1","Exc L5/6 IT Car3",0.0444213352218499,4.80749357306007,8.16731208759041,0.00450400873498899,0.146875328353949,0.131676278807974,"cogn_se_lv"
"1158","IVNS1ABP","Exc L5/6 IT Car3",-0.0218625932876461,4.25984710771147,1.82842899617355,0.177130999464116,0.563465498502014,0.61684901616772,"cogn_se_lv"
"1159","HMCN1","Exc L5/6 IT Car3",0.0137057461846282,1.86214223241608,0.0803290456206723,0.777008949734842,0.946431953812364,0.966722058240964,"cogn_se_lv"
"1160","TPR","Exc L5/6 IT Car3",-0.0162593879018443,5.82874370052787,2.28272104293917,0.131667328562172,0.502596245370999,0.553966829615508,"cogn_se_lv"
"1161","ODR4","Exc L5/6 IT Car3",0.0026179930574503,5.8879791973869,0.0604037270564044,0.805993901429143,0.956354177213454,0.974332942418396,"cogn_se_lv"
"1162","AL596220.1","Exc L5/6 IT Car3",0.0106205349189022,5.9409377558201,0.660600562557841,0.416865520268812,0.765198602555065,0.817065800782501,"cogn_se_lv"
"1163","PDC","Exc L5/6 IT Car3",0.0250846941030446,2.37742109169416,0.276936652047874,0.599028303687051,0.863934551002129,0.904296824541337,"cogn_se_lv"
"1164","PTGS2","Exc L5/6 IT Car3",-0.0555872055112984,4.51022572220803,3.7121874980529,0.0547745960132659,0.370877075559755,0.395469076969168,"cogn_se_lv"
"1165","PACERR","Exc L5/6 IT Car3",0.0262074572408214,2.27282478863145,0.344999463003283,0.557312291380657,0.840938717159201,0.885693515078804,"cogn_se_lv"
"1166","PLA2G4A","Exc L5/6 IT Car3",0.00647957590445044,6.55521428990642,0.0800092394073839,0.777441513156756,0.946718698160727,0.966926802869444,"cogn_se_lv"
"1167","ERVMER61-1","Exc L5/6 IT Car3",0.00869125407680021,3.18069305164198,0.0611687695138295,0.804793930281402,0.956283090413124,0.974117592502999,"cogn_se_lv"
"1168","BRINP3","Exc L5/6 IT Car3",0.0173147882997662,6.4249410053894,0.742866423895858,0.389296962074355,0.746514013885434,0.800835193264114,"cogn_se_lv"
"1169","AL354771.1","Exc L5/6 IT Car3",0.0865946431575537,2.09258808287329,3.59646147316033,0.0586737361990671,0.379407058867077,0.405943064615547,"cogn_se_lv"
"1170","AL391645.1","Exc L5/6 IT Car3",-0.012410742107515,1.57208305661468,0.0606255177160595,0.805645196484347,0.956354177213454,0.974274178012842,"cogn_se_lv"
"1171","AL390957.1","Exc L5/6 IT Car3",0.0713469117922815,3.93859432976146,4.1773465466494,0.0416684709166931,0.335427005693534,0.353163139678595,"cogn_se_lv"
"1172","AL136454.1","Exc L5/6 IT Car3",0.015116331705206,3.5669627068054,0.0857574157039337,0.769804192506868,0.943105120417187,0.964586628620828,"cogn_se_lv"
"1173","RGS2","Exc L5/6 IT Car3",-0.0866470535085842,3.14024641494133,3.63605365850836,0.0573074693943552,0.376670850125698,0.402065645899701,"cogn_se_lv"
"1174","UCHL5","Exc L5/6 IT Car3",-0.0120462350705185,5.37048727399344,0.907476987448155,0.341400516797254,0.710750689886051,0.768182586379821,"cogn_se_lv"
"1175","TROVE2","Exc L5/6 IT Car3",-0.0035400254854691,5.49813701411215,0.114344766351765,0.735440784020674,0.92849878000079,0.95500312083768,"cogn_se_lv"
"1176","GLRX2","Exc L5/6 IT Car3",-0.0292323082271206,3.89032479792485,1.72865039394178,0.189389677197373,0.576827059581945,0.630849874885182,"cogn_se_lv"
"1177","CDC73","Exc L5/6 IT Car3",-0.00691749837718863,6.24903291621119,0.372266226824718,0.542142428128861,0.831782933056037,0.878769478255538,"cogn_se_lv"
"1178","B3GALT2","Exc L5/6 IT Car3",-0.0807515273563382,4.36823419474112,9.28572116186881,0.00247364737014896,0.1171367170049,0.0986066329163108,"cogn_se_lv"
"1179","LINC01031","Exc L5/6 IT Car3",0.049977194140305,1.97855174180179,1.28083983476364,0.258468692210296,0.641172336092272,0.702587995251141,"cogn_se_lv"
"1180","AL357793.1","Exc L5/6 IT Car3",-0.0166397995315279,1.77147611455545,0.10805632161905,0.742552071140498,0.93226849545349,0.957035476052395,"cogn_se_lv"
"1181","AL356272.1","Exc L5/6 IT Car3",0.000426126234166577,1.86106239559023,0.000302718795359354,0.986127739717469,0.998390354534415,0.999870711362408,"cogn_se_lv"
"1182","KCNT2","Exc L5/6 IT Car3",0.0356357072216512,7.63632644070102,5.13981858726525,0.0239538244794041,0.286933798249348,0.281245472473741,"cogn_se_lv"
"1183","ZBTB41","Exc L5/6 IT Car3",-0.00237241086277978,5.22315205314385,0.0317779025121872,0.858612584699518,0.973716475920048,0.985225421790146,"cogn_se_lv"
"1184","CRB1","Exc L5/6 IT Car3",0.104025390778854,4.59717720089041,15.730673023103,8.75406355206491e-05,0.0279931208920334,0.0168534019651554,"cogn_se_lv"
"1185","DENND1B","Exc L5/6 IT Car3",-0.0257299725607064,6.12306440808066,4.14639356960093,0.0424279866023325,0.337257514455779,0.355314191293472,"cogn_se_lv"
"1186","C1orf53","Exc L5/6 IT Car3",0.0327713068094723,2.11906214139805,0.70179602787428,0.48839030164295,0.804970953647167,0.853535945769835,"cogn_se_lv"
"1187","NEK7","Exc L5/6 IT Car3",-0.0236946186915354,5.39151442182514,2.15410417404592,0.143030529904635,0.519405345736745,0.571177434709254,"cogn_se_lv"
"1188","MIR181A1HG","Exc L5/6 IT Car3",0.00169028117065015,6.10196055228688,0.00559843307410175,0.940395837237149,0.994539668727838,0.99747309903324,"cogn_se_lv"
"1189","LINC00862","Exc L5/6 IT Car3",0.00166950658915185,4.31306970250826,0.00356346250739284,0.952430669162672,0.995965981446551,0.998048865924475,"cogn_se_lv"
"1190","AC104461.1","Exc L5/6 IT Car3",-0.0456494251704529,2.51332703667377,1.25365736376912,0.263574250716732,0.646414577423356,0.707522354427901,"cogn_se_lv"
"1191","ZNF281","Exc L5/6 IT Car3",-0.0347800076333329,4.21350933101032,3.17832867695593,0.0754327254339132,0.41591157374623,0.448640012181396,"cogn_se_lv"
"1192","KIF14","Exc L5/6 IT Car3",-0.0459260744367731,1.64528631554047,0.957941775622814,0.328339211581183,0.700074877560877,0.759929513985071,"cogn_se_lv"
"1193","DDX59","Exc L5/6 IT Car3",0.0238071297109862,3.04347652951229,0.868102973531582,0.352082597357137,0.719169542251618,0.775649180740349,"cogn_se_lv"
"1194","AL445483.1","Exc L5/6 IT Car3",0.0884061514167748,2.31221826498928,3.70177551740333,0.0551138349348108,0.371674976333635,0.39645410619173,"cogn_se_lv"
"1195","CAMSAP2","Exc L5/6 IT Car3",0.0032729867431476,7.87578138157527,0.151207549640705,0.697605517904774,0.908457346467632,0.942120737589304,"cogn_se_lv"
"1196","KIF21B","Exc L5/6 IT Car3",0.0213050881560642,4.16694761129411,0.97656940895001,0.323686677603885,0.696511460424174,0.756657109691731,"cogn_se_lv"
"1197","TMEM9","Exc L5/6 IT Car3",-0.0535530011835906,5.14339446730281,9.0000001585408,0.00288081347369118,0.126312590769536,0.105592792117408,"cogn_se_lv"
"1198","TNNT2","Exc L5/6 IT Car3",-0.0400050821470439,4.30824951153097,1.94948239412597,0.16347150722288,0.547633107566418,0.599157728206445,"cogn_se_lv"
"1199","PHLDA3","Exc L5/6 IT Car3",-0.024995923179431,2.72045691847042,0.603852316257524,0.437603601927529,0.775649107158531,0.828087317566315,"cogn_se_lv"
"1200","CSRP1","Exc L5/6 IT Car3",-0.0672401780881955,2.99746322658714,6.33119877595562,0.012281447267394,0.220036639633521,0.209647718799131,"cogn_se_lv"
"1201","AC096677.1","Exc L5/6 IT Car3",0.00902363278963126,3.45262982586959,0.140670593068255,0.70782804410759,0.91429544356115,0.946044973763817,"cogn_se_lv"
"1202","NAV1","Exc L5/6 IT Car3",0.0111081901361577,7.16217292608143,1.10482263620714,0.293889433016662,0.672512011030238,0.733017232094207,"cogn_se_lv"
"1203","IPO9-AS1","Exc L5/6 IT Car3",0.0280232586179606,4.3083270588624,0.866642902126551,0.352487413573988,0.719169542251618,0.77601282982242,"cogn_se_lv"
"1204","IPO9","Exc L5/6 IT Car3",0.00547662119757246,6.65548154890825,0.319378390233833,0.833397846532911,0.966446547282248,0.980097497109394,"cogn_se_lv"
"1205","SHISA4","Exc L5/6 IT Car3",-0.0646928017320036,3.93391351948505,5.44677059908541,0.0201340573757598,0.26850417095392,0.261478194387493,"cogn_se_lv"
"1206","TIMM17A","Exc L5/6 IT Car3",-0.032189349122387,4.52772598636663,2.52511205748347,0.112892515005815,0.478758833270732,0.521854965717672,"cogn_se_lv"
"1207","RNPEP","Exc L5/6 IT Car3",0.00769971667514872,4.71044218894286,0.360880246801686,0.548381962433234,0.836019892207747,0.881480371524422,"cogn_se_lv"
"1208","ARL8A","Exc L5/6 IT Car3",-0.000860798034759573,5.58235170555431,0.00246147370937636,0.960457102269526,0.997053628956036,0.998624442872572,"cogn_se_lv"
"1209","UBE2T","Exc L5/6 IT Car3",-0.00594382283884676,3.42245989664308,0.053866064020447,0.816594668399806,0.959947755253107,0.976917099072405,"cogn_se_lv"
"1210","PPP1R12B","Exc L5/6 IT Car3",0.0162191448428819,8.85365321066327,2.38406945740661,0.123424289616395,0.492748863359404,0.540402930408149,"cogn_se_lv"
"1211","SYT2","Exc L5/6 IT Car3",0.0240769287843859,3.56145902488426,0.572805471685904,0.449623167772017,0.78268301685458,0.834200217896007,"cogn_se_lv"
"1212","AC104463.2","Exc L5/6 IT Car3",-0.0386224683232926,2.24134567714418,1.32328200649755,0.250739506257992,0.634369019715073,0.695447263933774,"cogn_se_lv"
"1213","KDM5B","Exc L5/6 IT Car3",-0.00832025910602229,7.00353358778538,1.31773185944635,0.251733879119412,0.635008096975537,0.696416932976988,"cogn_se_lv"
"1214","RABIF","Exc L5/6 IT Car3",-0.0144737124944914,3.81834083882969,0.456986945228621,0.499453668046162,0.811678136349571,0.858763109457854,"cogn_se_lv"
"1215","KLHL12","Exc L5/6 IT Car3",-0.00809224913402691,4.84273180470796,0.334220586057906,0.723302146975921,0.922484465232405,0.950934702371163,"cogn_se_lv"
"1216","ADIPOR1","Exc L5/6 IT Car3",-0.00428970357975177,4.54278869056231,0.0694450506366193,0.792291760802342,0.95193771557093,0.970919632945739,"cogn_se_lv"
"1217","CYB5R1","Exc L5/6 IT Car3",0.00348447866212233,3.79860766674322,0.0243478260572568,0.87608740906612,0.979884010483651,0.98843736634371,"cogn_se_lv"
"1218","TMEM183A","Exc L5/6 IT Car3",-0.00673715250444932,4.38207041458878,0.121401801330084,0.7277152857122,0.924823143203354,0.952687912172714,"cogn_se_lv"
"1219","PPFIA4","Exc L5/6 IT Car3",0.0190566203458491,7.00621870265305,1.60641915213801,0.205785151821306,0.593633268328003,0.648944259350005,"cogn_se_lv"
"1220","ADORA1","Exc L5/6 IT Car3",0.04155056371886,5.30704120243373,7.30336249897972,0.00719652153202303,0.180088563215991,0.164648272911099,"cogn_se_lv"
"1221","CHI3L1","Exc L5/6 IT Car3",0.0234553839172029,1.99564054648134,0.184358295593016,0.66790169383081,0.895434496805987,0.931352454531025,"cogn_se_lv"
"1222","BTG2","Exc L5/6 IT Car3",-0.0997611181218188,2.54176693828575,4.57107581898406,0.0331643612395729,0.310690335799258,0.321152024075398,"cogn_se_lv"
"1223","ATP2B4","Exc L5/6 IT Car3",0.0316963074180807,7.06256663930099,5.70123989383844,0.0174491188193495,0.251087065855326,0.244109904658346,"cogn_se_lv"
"1224","SNRPE","Exc L5/6 IT Car3",0.00561838066543154,3.57810125659313,0.0389982980862366,0.843559410256428,0.970572616914356,0.982213884411508,"cogn_se_lv"
"1225","ETNK2","Exc L5/6 IT Car3",0.0494404536078922,2.69460542419623,2.14249269988152,0.144109613481557,0.520632076517234,0.572631931913231,"cogn_se_lv"
"1226","REN","Exc L5/6 IT Car3",0.0636381991390116,1.59092091559439,1.52090400343065,0.218257955370464,0.606576783940374,0.66310743177432,"cogn_se_lv"
"1227","GOLT1A","Exc L5/6 IT Car3",0.0307264790408584,2.15677995320629,0.389187607996093,0.533107376888124,0.826852127109796,0.874248153528851,"cogn_se_lv"
"1228","PLEKHA6","Exc L5/6 IT Car3",0.0242560240479696,7.26258652263068,4.56794684499625,0.0332242311367309,0.310705456345645,0.32133122617815,"cogn_se_lv"
"1229","AL606489.1","Exc L5/6 IT Car3",0.0405140792842304,2.00999891323876,0.849689798218212,0.357234856005189,0.72215560740022,0.779485414302284,"cogn_se_lv"
"1230","PPP1R15B","Exc L5/6 IT Car3",-0.0415027559217659,3.57924458980902,3.55585300259888,0.0601112517216671,0.381641396373825,0.409370902051072,"cogn_se_lv"
"1231","PIK3C2B","Exc L5/6 IT Car3",0.0136616447579451,4.01360567145467,0.442198164296612,0.506473588904881,0.816298421614546,0.862431113340019,"cogn_se_lv"
"1232","MDM4","Exc L5/6 IT Car3",0.00161285489235407,5.99101835095768,0.020236928798575,0.88695402637335,0.983728917979666,0.989850851257461,"cogn_se_lv"
"1233","AL512306.3","Exc L5/6 IT Car3",-0.00273144255431917,2.560953528355,0.0030177478295028,0.956220378083895,0.996920944446838,0.998428000651427,"cogn_se_lv"
"1234","LRRN2","Exc L5/6 IT Car3",-0.00399080447436407,6.67792244604723,0.0566571880457136,0.81199007140368,0.959045669722624,0.976097090361856,"cogn_se_lv"
"1235","NFASC","Exc L5/6 IT Car3",-0.00360254571263861,7.99134580828078,0.0933894456772252,0.76008177212283,0.940097466381462,0.962001488792433,"cogn_se_lv"
"1236","CNTN2","Exc L5/6 IT Car3",-0.0140346584400637,4.00059037415993,0.554364316828521,0.457007879261912,0.788028655907772,0.838639818025232,"cogn_se_lv"
"1237","TMEM81","Exc L5/6 IT Car3",-0.0499895250072302,2.18895497519826,1.86884845749798,0.172428842135032,0.559074023560805,0.610799558987497,"cogn_se_lv"
"1238","RBBP5","Exc L5/6 IT Car3",0.0272522332169151,5.11707781420885,4.85916985337305,0.028108526978043,0.298338089787642,0.299114892790073,"cogn_se_lv"
"1239","DSTYK","Exc L5/6 IT Car3",0.00364157109619643,6.14462505071257,0.14491245786607,0.994293403536112,0.999242764926216,0.999870711362408,"cogn_se_lv"
"1240","TMCC2","Exc L5/6 IT Car3",-0.0327911316240899,4.28627264473251,3.51294752642133,0.0616710438132507,0.385168789389364,0.413818186446477,"cogn_se_lv"
"1241","LEMD1","Exc L5/6 IT Car3",0.0446284974544144,2.22950567873717,1.56884580356393,0.211158019064549,0.598585727280052,0.65470328836298,"cogn_se_lv"
"1242","CDK18","Exc L5/6 IT Car3",0.00773576324850673,6.41014024039604,0.276675019901727,0.599200878272657,0.863966481649984,0.904386326666508,"cogn_se_lv"
"1243","MFSD4A","Exc L5/6 IT Car3",-0.0146646981167569,6.50845675269128,1.65395418863829,0.199217908711207,0.586514030126452,0.641564816382034,"cogn_se_lv"
"1244","ELK4","Exc L5/6 IT Car3",-0.0109361275623572,4.99082425235352,0.61458137956721,0.433564674602278,0.77353077346411,0.826027562231227,"cogn_se_lv"
"1245","NUCKS1","Exc L5/6 IT Car3",-0.0321774496068749,7.53003017949813,5.2342307587299,0.0227045664909507,0.279986601198502,0.274684423940024,"cogn_se_lv"
"1246","RAB29","Exc L5/6 IT Car3",-0.0487293359212756,3.29655070180462,4.62736735885287,0.0321063889050611,0.308823328280556,0.31643802824431,"cogn_se_lv"
"1247","SLC41A1","Exc L5/6 IT Car3",-0.0454108058969228,3.150193693823,3.7162681711264,0.0546422480930012,0.370623269348298,0.394891718746373,"cogn_se_lv"
"1248","PM20D1","Exc L5/6 IT Car3",0.0564365370296373,1.71949850066401,0.998210769018643,0.318390368353773,0.692808967221059,0.753258083482633,"cogn_se_lv"
"1249","SRGAP2","Exc L5/6 IT Car3",-0.00157000714320364,6.34949486526741,0.0162604830701586,0.898600129183718,0.986715578313859,0.992164474469188,"cogn_se_lv"
"1250","RASSF5","Exc L5/6 IT Car3",0.0546882932076423,4.15459854243646,6.21291503485788,0.0131144675976851,0.226729681685898,0.216151749026719,"cogn_se_lv"
"1251","EIF2D","Exc L5/6 IT Car3",0.0188915615228204,4.15804284852902,1.31949109670475,0.251418166591798,0.63477305834746,0.696082750005125,"cogn_se_lv"
"1252","DYRK3","Exc L5/6 IT Car3",-0.00990759442598212,3.09206764301597,0.122023379055711,0.727047016246985,0.924578877874823,0.952407492386685,"cogn_se_lv"
"1253","MAPKAPK2","Exc L5/6 IT Car3",-0.0154552882107321,1.65232946727041,0.0820147019940203,0.774744198761081,0.945176236681209,0.965910418040516,"cogn_se_lv"
"1254","PFKFB2","Exc L5/6 IT Car3",0.0179585243150173,3.85440528088952,0.900043167717796,0.343383276395048,0.712699746961537,0.769753469397672,"cogn_se_lv"
"1255","YOD1","Exc L5/6 IT Car3",-0.0229422015060448,3.51919438962839,1.16871574043038,0.280362476107754,0.66157290820275,0.721936046836904,"cogn_se_lv"
"1256","AL596218.1","Exc L5/6 IT Car3",0.101720831722762,1.88198167937986,3.7016040599865,0.0551194399757561,0.371674976333635,0.396454191543919,"cogn_se_lv"
"1257","CD55","Exc L5/6 IT Car3",0.00631106333024952,3.99523870696883,0.110703647820785,0.739531041662488,0.930782115216792,0.956250622930021,"cogn_se_lv"
"1258","CR1L","Exc L5/6 IT Car3",0.0607184833874435,1.77790068792955,1.77653982244548,0.183386887508902,0.5701580754082,0.623998339719309,"cogn_se_lv"
"1259","CD46","Exc L5/6 IT Car3",0.0250679580692397,6.10839164829148,5.15169868772577,0.0237927664447058,0.286518525496106,0.2803441464294,"cogn_se_lv"
"1260","MIR29B2CHG","Exc L5/6 IT Car3",0.00754617989829415,7.17261717636238,0.253167042025216,0.615150286288572,0.872630003316538,0.911535976231371,"cogn_se_lv"
"1261","PLXNA2","Exc L5/6 IT Car3",0.0157881943566158,7.36777315102413,1.38994974632702,0.239163719752574,0.625336331463151,0.684020008416628,"cogn_se_lv"
"1262","CAMK1G","Exc L5/6 IT Car3",0.0258731035981991,3.2584260244976,0.601880469268647,0.438352162707267,0.775975546585761,0.8287287483571,"cogn_se_lv"
"1263","LAMB3","Exc L5/6 IT Car3",-0.0725177424570712,1.56791540477726,1.99293028098973,0.158866965112071,0.540776862911108,0.592869650281734,"cogn_se_lv"
"1264","AL031316.1","Exc L5/6 IT Car3",0.0689586734799765,3.36204681194945,5.78633558577613,0.0166364700875051,0.245388335964977,0.239819913330752,"cogn_se_lv"
"1265","HSD11B1","Exc L5/6 IT Car3",0.0930113428241997,2.28033931843989,3.17788073595428,0.0754532237751445,0.41591157374623,0.448672789781806,"cogn_se_lv"
"1266","UTP25","Exc L5/6 IT Car3",-0.0114170907577798,4.64632118149121,0.637566579119378,0.425100525279509,0.770225698616864,0.821922331856018,"cogn_se_lv"
"1267","SYT14","Exc L5/6 IT Car3",-0.0225527388105068,7.79809356840124,4.3956431497028,0.0367027290827838,0.320394214738538,0.334665001979846,"cogn_se_lv"
"1268","SERTAD4-AS1","Exc L5/6 IT Car3",-0.0618557240900379,1.78639220815421,1.46884269321421,0.226294151530933,0.615033652586887,0.671662127043033,"cogn_se_lv"
"1269","SERTAD4","Exc L5/6 IT Car3",-0.0743884732014569,3.5731203613245,4.72370959499745,0.0303769541241138,0.304222598957164,0.308966398525312,"cogn_se_lv"
"1270","HHAT","Exc L5/6 IT Car3",-0.0350907306752276,5.29669175395104,1.81531792611015,0.178688008874024,0.565496289650676,0.618983087570178,"cogn_se_lv"
"1271","KCNH1","Exc L5/6 IT Car3",-0.0329769193111616,4.96286449542439,1.72764010618624,0.189518762163095,0.576965528795725,0.630943560291271,"cogn_se_lv"
"1272","RCOR3","Exc L5/6 IT Car3",0.0050629875227182,6.56850727353546,0.174107321727159,0.676726626036283,0.899302545090959,0.934805816533123,"cogn_se_lv"
"1273","TRAF5","Exc L5/6 IT Car3",0.0172139675760884,4.51155564862924,0.779566919134773,0.377841275302446,0.737090754362011,0.793485568867667,"cogn_se_lv"
"1274","LINC00467","Exc L5/6 IT Car3",0.0255132799143491,2.26405524538808,0.390952127371872,0.53218099483967,0.826736929881028,0.87384705795557,"cogn_se_lv"
"1275","SLC30A1","Exc L5/6 IT Car3",-0.00612016838722611,3.28432786316359,0.0553677055779319,0.814102128065206,0.959646010987249,0.976467330854397,"cogn_se_lv"
"1276","LPGAT1","Exc L5/6 IT Car3",0.0170330481962827,6.1876418275401,2.73784480447004,0.262517333782978,0.645691937874616,0.706530838600316,"cogn_se_lv"
"1277","INTS7","Exc L5/6 IT Car3",0.00471072864670638,4.47050974463088,0.0661653134273393,0.797145747596952,0.953945666991771,0.972231536857091,"cogn_se_lv"
"1278","DTL","Exc L5/6 IT Car3",-0.0528236787611338,2.18213992608302,1.71490588616242,0.191154673984518,0.578880447190424,0.632525635489477,"cogn_se_lv"
"1279","PPP2R5A","Exc L5/6 IT Car3",0.00586186855062272,4.49968528371594,0.12705925172576,0.721701987758603,0.92177303792645,0.950433707727444,"cogn_se_lv"
"1280","AL360091.3","Exc L5/6 IT Car3",0.00126487312189484,2.31621594114719,0.00105094135709711,0.974155836559548,0.998267578294294,0.999472226793583,"cogn_se_lv"
"1281","TMEM206","Exc L5/6 IT Car3",-0.0137361894925816,2.64724738414011,0.213601096439218,0.669908659749718,0.896717017849796,0.932039253478488,"cogn_se_lv"
"1282","NENF","Exc L5/6 IT Car3",-0.00323972450806421,4.01229854973615,0.0127133516200174,0.910286532657848,0.989073227776396,0.9937259663591,"cogn_se_lv"
"1283","ATF3","Exc L5/6 IT Car3",-0.106145843727479,2.11161637865571,4.20460603546913,0.0410114641141053,0.333350216887732,0.350364452420922,"cogn_se_lv"
"1284","BATF3","Exc L5/6 IT Car3",0.0235485639702056,2.47857840221546,0.471699885466743,0.49263216292224,0.807671139594468,0.855657809105327,"cogn_se_lv"
"1285","NSL1","Exc L5/6 IT Car3",-0.00302627107663049,6.10028176830046,0.0895401830267213,0.764928889741119,0.941623994264417,0.963243787081409,"cogn_se_lv"
"1286","TATDN3","Exc L5/6 IT Car3",0.0273027082517766,5.29865734060112,3.87166961894832,0.0498468288258371,0.356516912015847,0.378263291054996,"cogn_se_lv"
"1287","FLVCR1-DT","Exc L5/6 IT Car3",0.0332132076961206,2.039849387636,0.594826889128379,0.441046045090287,0.776802315625946,0.830140705230532,"cogn_se_lv"
"1288","FLVCR1","Exc L5/6 IT Car3",0.00682835781329205,5.00013901933961,0.204194053464432,0.651618788901498,0.887705865379663,0.925009963908679,"cogn_se_lv"
"1289","VASH2","Exc L5/6 IT Car3",-0.0393004134256452,3.40120390337338,1.72951294560231,0.189279549868085,0.576719911397708,0.630780859022998,"cogn_se_lv"
"1290","ANGEL2","Exc L5/6 IT Car3",0.00684892524197152,5.50222597295465,0.353933062635235,0.872837043166296,0.979399269228273,0.987920203095888,"cogn_se_lv"
"1291","RPS6KC1","Exc L5/6 IT Car3",0.00720745051277331,8.24150594310015,0.380422834852412,0.53775262606071,0.828690113710241,0.876574191025335,"cogn_se_lv"
"1292","AC096639.1","Exc L5/6 IT Car3",0.00652594561688926,1.9092282666639,0.0180444895817205,0.893214126432178,0.9857013440361,0.991009118900042,"cogn_se_lv"
"1293","SMYD2","Exc L5/6 IT Car3",0.00910016399566873,3.75966524793489,0.210200707913315,0.646876664572185,0.886441433680369,0.923708404831743,"cogn_se_lv"
"1294","PTPN14","Exc L5/6 IT Car3",-0.0291300706667213,2.15173030825185,0.492334089910498,0.48332473348466,0.802169611459778,0.850762796366719,"cogn_se_lv"
"1295","KCNK2","Exc L5/6 IT Car3",0.0347226420690829,2.28312564268782,0.351048852004861,0.553878356263943,0.839656018804382,0.884220044587859,"cogn_se_lv"
"1296","KCTD3","Exc L5/6 IT Car3",0.011858658559993,5.64432576092327,0.896269085435465,0.344395871881565,0.713742589315552,0.770417810079171,"cogn_se_lv"
"1297","USH2A","Exc L5/6 IT Car3",0.00368144292558417,5.29110268593901,0.0224496845910357,0.880977850648598,0.981651115697174,0.988923094115778,"cogn_se_lv"
"1298","ESRRG","Exc L5/6 IT Car3",0.0301759805119427,9.21338429004187,4.97471671808426,0.0263136049268043,0.293064283242318,0.291076845320155,"cogn_se_lv"
"1299","GPATCH2","Exc L5/6 IT Car3",0.0333528653090146,7.79067338855541,4.23612797549612,0.0402653221906446,0.330776725437538,0.347610979058301,"cogn_se_lv"
"1300","SPATA17","Exc L5/6 IT Car3",0.0247961272724731,3.49000481313206,0.776289314668232,0.378844748523768,0.737841138924423,0.794329612034262,"cogn_se_lv"
"1301","RRP15","Exc L5/6 IT Car3",-0.0141680424663037,4.94141046193072,0.990847671967423,0.320179421239999,0.693607301690158,0.754224359376219,"cogn_se_lv"
"1302","TGFB2","Exc L5/6 IT Car3",-0.0657213033637848,3.488317562604,4.76094875758065,0.0297348717000278,0.303682524051711,0.306401464274583,"cogn_se_lv"
"1303","LYPLAL1-DT","Exc L5/6 IT Car3",0.0176756639724542,2.32224639492531,0.197554655784698,0.656959248977891,0.890074349880228,0.927509593922219,"cogn_se_lv"
"1304","LYPLAL1","Exc L5/6 IT Car3",0.0100284213694083,5.56652435237939,0.64391601979876,0.422806344541548,0.76923863843178,0.820450866047082,"cogn_se_lv"
"1305","AC096642.1","Exc L5/6 IT Car3",-0.0214599712387362,2.38325568609786,0.457341936886649,0.499287202398527,0.811678136349571,0.858736124221803,"cogn_se_lv"
"1306","ZC3H11B","Exc L5/6 IT Car3",-0.0624571545399389,2.66809629020996,3.2363354847121,0.0728283218429801,0.412732658561907,0.442490531435039,"cogn_se_lv"
"1307","SLC30A10","Exc L5/6 IT Car3",-0.0187453535734022,3.98845989531769,0.710811318451806,0.399713941590009,0.754037868768464,0.807480512715202,"cogn_se_lv"
"1308","EPRS","Exc L5/6 IT Car3",-0.0155774808747155,6.0617129623734,2.43107483842311,0.119797806982689,0.489738487304808,0.534683108108946,"cogn_se_lv"
"1309","BPNT1","Exc L5/6 IT Car3",0.0210483578748655,3.9918218541122,1.33607826590395,0.24846526321381,0.632948547515349,0.693140950568814,"cogn_se_lv"
"1310","IARS2","Exc L5/6 IT Car3",0.0074262614876852,4.90769425087601,0.298233109280821,0.998090039161569,0.999465900469295,0.999954262357359,"cogn_se_lv"
"1311","RAB3GAP2","Exc L5/6 IT Car3",-0.0168478072403599,6.99325224824365,3.69454925455501,0.055350592675954,0.371964734031417,0.396888623645928,"cogn_se_lv"
"1312","MARK1","Exc L5/6 IT Car3",0.00350923479512554,7.20103315444524,0.113712679905524,0.736145583879831,0.928812356867023,0.955167761773214,"cogn_se_lv"
"1313","C1orf115","Exc L5/6 IT Car3",-0.0140998229678489,5.85143664863816,0.59119708808186,0.442442279006052,0.778382369377654,0.831137186507625,"cogn_se_lv"
"1314","MARC2","Exc L5/6 IT Car3",0.0267293928412015,5.33308157230019,4.43381030866145,0.0359005147013416,0.317634449276949,0.331677054804842,"cogn_se_lv"
"1315","MARC1","Exc L5/6 IT Car3",0.00334191927512818,4.53331262956381,0.044159634685305,0.833671425209202,0.966446547282248,0.980097497109394,"cogn_se_lv"
"1316","AL356108.1","Exc L5/6 IT Car3",0.0172323571773652,2.52616262840445,0.167566646728618,0.682518057734932,0.901317393902574,0.93697120457796,"cogn_se_lv"
"1317","AL513314.2","Exc L5/6 IT Car3",-0.0204920802226142,3.19739730430725,0.672715669678983,0.412629273233649,0.762102250535398,0.814863699168195,"cogn_se_lv"
"1318","HHIPL2","Exc L5/6 IT Car3",-0.0468354281725394,2.40946845469783,1.17378005469122,0.279324466767056,0.661216037994926,0.721122504450273,"cogn_se_lv"
"1319","TAF1A","Exc L5/6 IT Car3",-0.0456663662425763,3.40094983915696,4.98337287681243,0.0261840506083224,0.293064283242318,0.29064587432753,"cogn_se_lv"
"1320","MIA3","Exc L5/6 IT Car3",-0.0193652850158443,6.17693464378139,3.03868252199838,0.0821243872943652,0.426527748843806,0.464117613806426,"cogn_se_lv"
"1321","AIDA","Exc L5/6 IT Car3",-0.0125966440914925,3.86077515598825,0.448835697975629,0.801772908245926,0.955572858244753,0.973439634812672,"cogn_se_lv"
"1322","BROX","Exc L5/6 IT Car3",-0.0369343861506373,4.4155340205676,6.71772040894496,0.00992025253815893,0.205758337684994,0.191108494359629,"cogn_se_lv"
"1323","FAM177B","Exc L5/6 IT Car3",-0.11322712120916,1.564941764929,3.46178915652931,0.0635876415833852,0.388692667696058,0.419092569999846,"cogn_se_lv"
"1324","AC093152.1","Exc L5/6 IT Car3",-0.0142985460992412,3.5320506547247,0.405125193908296,0.617495997427317,0.873423500115388,0.91220544380264,"cogn_se_lv"
"1325","SUSD4","Exc L5/6 IT Car3",0.000907741640590731,7.58105313682392,0.00542352267208005,0.941332610851499,0.994584933353108,0.997617673878273,"cogn_se_lv"
"1326","CAPN2","Exc L5/6 IT Car3",-0.00187457072596159,4.15361634910187,0.0133540927050644,0.908063411226902,0.988337758046819,0.993265897252357,"cogn_se_lv"
"1327","TP53BP2","Exc L5/6 IT Car3",-0.0381967056237629,2.41840489157356,1.34053900096491,0.247678433057904,0.631695223504512,0.692151229178631,"cogn_se_lv"
"1328","FBXO28","Exc L5/6 IT Car3",0.0117126597059541,6.15845199186331,1.34736772045297,0.246479828958256,0.630836782999834,0.690942312039359,"cogn_se_lv"
"1329","DEGS1","Exc L5/6 IT Car3",-0.0163473401980703,4.64606066978578,0.702999179819811,0.402313763799172,0.755426964173174,0.808584424353791,"cogn_se_lv"
"1330","NVL","Exc L5/6 IT Car3",0.0124853636029179,5.76377643451032,0.848382934653273,0.357604460356292,0.722426643047911,0.779691186304396,"cogn_se_lv"
"1331","CNIH4","Exc L5/6 IT Car3",0.0126953058227874,4.60772801783133,0.886448640966524,0.654259804821421,0.888560566491041,0.926119533252925,"cogn_se_lv"
"1332","WDR26","Exc L5/6 IT Car3",-0.0101386207820256,6.11807826607513,0.977075025347222,0.323561614699375,0.696511460424174,0.756562908578306,"cogn_se_lv"
"1333","CNIH3","Exc L5/6 IT Car3",0.0291105056659555,5.39357809645873,2.91682371001877,0.0884908014423238,0.437854915746994,0.476797524379702,"cogn_se_lv"
"1334","DNAH14","Exc L5/6 IT Car3",0.00750189627757379,3.37139106396274,0.0477444421426809,0.827154935018127,0.965029939006543,0.978791647737738,"cogn_se_lv"
"1335","LBR","Exc L5/6 IT Car3",-0.00972035296895914,2.2196117087362,0.0588450464350892,0.808463881533152,0.95768620203165,0.975248394623013,"cogn_se_lv"
"1336","ENAH","Exc L5/6 IT Car3",0.00962631514338415,5.3008343798475,0.512629445026786,0.474449977429689,0.796877131140775,0.846859406036147,"cogn_se_lv"
"1337","AC099066.2","Exc L5/6 IT Car3",0.0112299079692679,2.15004348150306,0.0710600081811407,0.789946653993995,0.951199358811328,0.97018042627303,"cogn_se_lv"
"1338","SRP9","Exc L5/6 IT Car3",-0.0359115551081225,5.13042776136075,2.4755298235798,0.116476741691824,0.484635963568118,0.528252819459083,"cogn_se_lv"
"1339","EPHX1","Exc L5/6 IT Car3",0.00709230872130874,2.51813944840533,0.0532095812171947,0.917666611660406,0.9902460491834,0.99454767524781,"cogn_se_lv"
"1340","AL117348.2","Exc L5/6 IT Car3",0.0436020013729267,3.16829448384175,2.40236218591541,0.121998678055805,0.491568598997994,0.538207253898708,"cogn_se_lv"
"1341","SDE2","Exc L5/6 IT Car3",-0.00944930633525917,2.60528496933886,0.115251364075773,0.734433674249378,0.927984616396423,0.954617962088786,"cogn_se_lv"
"1342","H3F3A","Exc L5/6 IT Car3",0.0173929374267056,2.93146031451488,0.462502380360002,0.49687790615857,0.810487649791245,0.857430413426692,"cogn_se_lv"
"1343","LINC01703","Exc L5/6 IT Car3",-0.00796339535042115,1.50654115664481,0.0214498165956598,0.883639170198947,0.982636995754113,0.989317960559879,"cogn_se_lv"
"1344","ACBD3","Exc L5/6 IT Car3",0.0156880109433333,5.34859239987898,2.04037962066706,0.154006707676921,0.535555258877144,0.586331696108758,"cogn_se_lv"
"1345","LIN9","Exc L5/6 IT Car3",-0.00960324208006323,3.86790602144561,0.218201474356831,0.640685990882051,0.884107586310083,0.921450211217063,"cogn_se_lv"
"1346","PARP1","Exc L5/6 IT Car3",-0.0177317693945603,5.51383610809749,2.00342126799282,0.585461540040414,0.855943612830974,0.898524617668764,"cogn_se_lv"
"1347","STUM","Exc L5/6 IT Car3",0.0449967201946683,6.10413461926927,4.41949042512838,0.0361993140398676,0.318185465887452,0.332627030206113,"cogn_se_lv"
"1348","ITPKB","Exc L5/6 IT Car3",0.0471794884894731,4.65196363303154,3.60628939721639,0.0583313779440227,0.37830590246882,0.404907880473064,"cogn_se_lv"
"1349","ITPKB-AS1","Exc L5/6 IT Car3",-0.0659793320526653,1.23758787606673,1.08164241226048,0.299002878733333,0.676917505521024,0.737259939436248,"cogn_se_lv"
"1350","PSEN2","Exc L5/6 IT Car3",0.0121114907982441,3.64415405272961,0.319983255419874,0.680050022273438,0.900862474773406,0.936008713215784,"cogn_se_lv"
"1351","COQ8A","Exc L5/6 IT Car3",0.000645532810886421,5.69036792015583,0.00251563827928431,0.960024761976065,0.997053628956036,0.998555548513014,"cogn_se_lv"
"1352","CDC42BPA","Exc L5/6 IT Car3",-0.00503738192382846,8.84733013019682,0.289980695187907,0.5905535276305,0.859216805267642,0.900827670621147,"cogn_se_lv"
"1353","AL451047.1","Exc L5/6 IT Car3",0.115011081692197,1.29956463576028,3.17148286111479,0.0757466554395178,0.416268274546679,0.449324342179193,"cogn_se_lv"
"1354","ZNF678","Exc L5/6 IT Car3",-0.0090891482463458,4.66096675566749,0.249113948274206,0.617993371975197,0.873592503670942,0.912496551261232,"cogn_se_lv"
"1355","SNAP47","Exc L5/6 IT Car3",0.0183258188996313,4.96771318065259,1.6890689701906,0.194524924260977,0.583006540287525,0.63644731146072,"cogn_se_lv"
"1356","JMJD4","Exc L5/6 IT Car3",0.00397725813142654,2.81720047384799,0.0186383908631287,0.891481766588631,0.985508487276283,0.990615604154006,"cogn_se_lv"
"1357","WNT9A","Exc L5/6 IT Car3",-0.0213262782697569,2.57776589072514,0.524837885821842,0.485761813472251,0.803339169281962,0.852180747442463,"cogn_se_lv"
"1358","ARF1","Exc L5/6 IT Car3",-0.0269308469173291,6.62740833239917,1.72437506892677,0.189936641515688,0.577660843084104,0.63140234082158,"cogn_se_lv"
"1359","C1orf35","Exc L5/6 IT Car3",-0.0357243653775656,4.48284129588733,3.63470850202117,0.0573533276259599,0.376670850125698,0.402186086406662,"cogn_se_lv"
"1360","MRPL55","Exc L5/6 IT Car3",-0.033555697016652,3.88300858438442,0.988849017964131,0.320667331332678,0.693607301690158,0.75458877332074,"cogn_se_lv"
"1361","GUK1","Exc L5/6 IT Car3",-0.0625608927268655,6.7428765072254,6.04224139743218,0.0144206280682696,0.232878768069957,0.224732088745335,"cogn_se_lv"
"1362","GJC2","Exc L5/6 IT Car3",-0.0385629033852003,1.71506929564861,0.641310244800594,0.423745607171294,0.769463768356309,0.821132257226166,"cogn_se_lv"
"1363","IBA57","Exc L5/6 IT Car3",0.0374339415961554,2.60832789399249,1.75615571972358,0.185914444319455,0.572962516571504,0.626450809216269,"cogn_se_lv"
"1364","OBSCN","Exc L5/6 IT Car3",-0.00191236819659604,2.64126927337376,0.00227245345973818,0.962004505287081,0.997053628956036,0.998671534701029,"cogn_se_lv"
"1365","TRIM11","Exc L5/6 IT Car3",-0.00806857581784337,4.42231732077909,0.313294814579665,0.576000712180835,0.851796959783132,0.89417580546852,"cogn_se_lv"
"1366","TRIM17","Exc L5/6 IT Car3",0.0223772260717606,3.69117387479034,1.19195067953371,0.276438840371593,0.658982923376521,0.718739784545618,"cogn_se_lv"
"1367","HIST3H2A","Exc L5/6 IT Car3",-0.089223430982983,2.95059728122518,5.41865638989058,0.0204559436750405,0.268844554362829,0.263226102224127,"cogn_se_lv"
"1368","HIST3H2BB","Exc L5/6 IT Car3",0.043973488912718,2.24152053506718,1.38771442443872,0.239541124386843,0.625584460975064,0.684307798404914,"cogn_se_lv"
"1369","RNF187","Exc L5/6 IT Car3",-0.0203477833643975,5.69803172766006,0.802341190040782,0.370970958013798,0.732270973258606,0.788705175062784,"cogn_se_lv"
"1370","RHOU","Exc L5/6 IT Car3",0.0379574311433403,2.08026185317982,0.790944778673749,0.374386766142857,0.734135603387086,0.791020954130679,"cogn_se_lv"
"1371","RAB4A","Exc L5/6 IT Car3",-0.000338936319541327,5.51562112100203,0.000716295238628498,0.978662499023352,0.998390354534415,0.999693731926281,"cogn_se_lv"
"1372","CCSAP","Exc L5/6 IT Car3",-0.0264554134498038,6.28931163515491,4.75841850119109,0.0297780456215578,0.303682524051711,0.306635257295581,"cogn_se_lv"
"1373","NUP133","Exc L5/6 IT Car3",-0.00570119537132474,5.91449512790794,0.299054194925906,0.584802372536571,0.85579931877134,0.898147216561273,"cogn_se_lv"
"1374","ABCB10","Exc L5/6 IT Car3",0.0171028107890204,4.87058877860596,1.29063004063538,0.256659948381361,0.639571989246947,0.700981081053055,"cogn_se_lv"
"1375","TAF5L","Exc L5/6 IT Car3",0.0244817428432475,3.94233476991771,1.73615316871742,0.352528591731397,0.719169542251618,0.776060625830049,"cogn_se_lv"
"1376","URB2","Exc L5/6 IT Car3",-0.0249041550419743,3.19535019796734,1.33100737733933,0.249363451439932,0.633493482611515,0.693904087166338,"cogn_se_lv"
"1377","GALNT2","Exc L5/6 IT Car3",-0.00433733459134138,7.29921048739589,0.048366599052909,0.826050378943283,0.964634291823138,0.978464620185966,"cogn_se_lv"
"1378","AL136988.2","Exc L5/6 IT Car3",0.0978976857413335,1.7697740512151,3.45860058157615,0.0637091902376359,0.388692667696058,0.419324661428312,"cogn_se_lv"
"1379","PGBD5","Exc L5/6 IT Car3",-0.0280523525699953,7.66395441728985,4.71819489369817,0.030473266179732,0.304222598957164,0.309456638270908,"cogn_se_lv"
"1380","AL133516.1","Exc L5/6 IT Car3",0.00773936203534687,2.76975939311872,0.0697920674540487,0.791785410180096,0.951705866845873,0.97068494655997,"cogn_se_lv"
"1381","COG2","Exc L5/6 IT Car3",-0.0216914265322878,5.83318342384899,2.61799295910397,0.106501748559916,0.468654730319282,0.510572188911156,"cogn_se_lv"
"1382","C1orf198","Exc L5/6 IT Car3",0.00660397796408116,1.85598786760565,0.0213881351433768,0.88380540099278,0.982636995754113,0.989342542656005,"cogn_se_lv"
"1383","TTC13","Exc L5/6 IT Car3",-0.00307775635377534,5.98738224507294,0.0606554252947682,0.805598226825717,0.956354177213454,0.974264380738857,"cogn_se_lv"
"1384","ARV1","Exc L5/6 IT Car3",-0.00630059885397165,4.38594206516573,0.178860782207515,0.672597375217496,0.897613042368823,0.933101078458576,"cogn_se_lv"
"1385","C1orf131","Exc L5/6 IT Car3",0.0241727512234665,3.61524296259631,1.40183598720916,0.237169002535291,0.624257046180628,0.682032461170387,"cogn_se_lv"
"1386","GNPAT","Exc L5/6 IT Car3",0.0194238590475814,4.94420166661075,2.21034314600864,0.161962456334669,0.545665981390228,0.597306892107734,"cogn_se_lv"
"1387","EXOC8","Exc L5/6 IT Car3",-0.0529012973204448,3.01900083801416,3.73494316600909,0.0540408924474116,0.369147507663411,0.392913709094878,"cogn_se_lv"
"1388","SPRTN","Exc L5/6 IT Car3",-0.0017989370409147,3.41600984681921,0.00498829258371352,0.943731730893204,0.994804925328349,0.997626386519645,"cogn_se_lv"
"1389","EGLN1","Exc L5/6 IT Car3",-0.00338209781878255,5.89985809415197,0.114199760599642,0.735602278559351,0.92849878000079,0.955017483614466,"cogn_se_lv"
"1390","TSNAX-DISC1","Exc L5/6 IT Car3",0.0142649853770322,2.00817735977804,0.131793416189254,0.716785030243921,0.918893928817488,0.948867153093103,"cogn_se_lv"
"1391","DISC1","Exc L5/6 IT Car3",0.0327253075084596,2.44664184447537,0.587061908443666,0.44404124905032,0.779616467157233,0.831929433314387,"cogn_se_lv"
"1392","SIPA1L2","Exc L5/6 IT Car3",-0.0431351856780423,4.92024935030443,5.18344259915278,0.0233679262861896,0.282661030037559,0.277815192976412,"cogn_se_lv"
"1393","MAP10","Exc L5/6 IT Car3",0.0141398376742338,1.96413054323866,0.119642294284186,0.729617430503145,0.925095753455545,0.953122671522727,"cogn_se_lv"
"1394","NTPCR","Exc L5/6 IT Car3",-0.00349336327709094,4.49434881887242,0.0558039789880863,0.813384671997612,0.959277644322236,0.976395887372261,"cogn_se_lv"
"1395","PCNX2","Exc L5/6 IT Car3",0.00385262594937202,7.90434532480634,0.14809478698713,0.70058167042976,0.910350279594577,0.943495248817603,"cogn_se_lv"
"1396","MAP3K21","Exc L5/6 IT Car3",-0.00453335395509224,4.84403358382038,0.0756414092856478,0.783445321719979,0.949524736639513,0.968323843139622,"cogn_se_lv"
"1397","KCNK1","Exc L5/6 IT Car3",0.00324869963196488,7.38744341688268,0.0436549578649383,0.834610731141985,0.966563259257668,0.980242942891289,"cogn_se_lv"
"1398","SLC35F3","Exc L5/6 IT Car3",-0.0309383762161744,7.57302712958581,1.69477034947939,0.19377526721203,0.58246120359241,0.635801202819656,"cogn_se_lv"
"1399","AL355472.3","Exc L5/6 IT Car3",-0.00952801962006923,4.32733097759632,0.137930748311873,0.710557339745936,0.91563907382483,0.946922107079281,"cogn_se_lv"
"1400","AL355472.4","Exc L5/6 IT Car3",-0.0181634732870258,2.50197497658341,0.306032555244414,0.580455845763442,0.854853154669797,0.896256357384561,"cogn_se_lv"
"1401","AL355472.1","Exc L5/6 IT Car3",0.056249741989102,2.28026445973484,2.02336357927925,0.155729908256691,0.537252474348906,0.588758762831414,"cogn_se_lv"
"1402","COA6","Exc L5/6 IT Car3",-0.0372549159241967,4.10563926088289,1.93954232001073,0.164546306408975,0.54908231908806,0.60027236162728,"cogn_se_lv"
"1403","TARBP1","Exc L5/6 IT Car3",0.0231244826810711,7.98290907575042,1.65761016531872,0.198723134368467,0.586227532668335,0.640767656102999,"cogn_se_lv"
"1404","IRF2BP2","Exc L5/6 IT Car3",-0.0648447675292581,4.33651527693571,7.84056825672587,0.00537397133286434,0.158783522830177,0.144072227382767,"cogn_se_lv"
"1405","AL732292.2","Exc L5/6 IT Car3",-0.0573317778728515,2.12559124834743,1.95615713276788,0.162754297488494,0.546539087573188,0.598101802814153,"cogn_se_lv"
"1406","TOMM20","Exc L5/6 IT Car3",-0.0296404891450815,7.23662501911025,3.14930349965739,0.0767734619926994,0.418312213237559,0.452145208611703,"cogn_se_lv"
"1407","ARID4B","Exc L5/6 IT Car3",-0.00066361291424947,7.69158298713043,0.00562028729256459,0.940279832152536,0.994539668727838,0.99747309903324,"cogn_se_lv"
"1408","TBCE","Exc L5/6 IT Car3",-0.00730062913066011,5.20177756621329,0.128496930180838,0.720198019076495,0.921220313609482,0.949880659368668,"cogn_se_lv"
"1409","B3GALNT2","Exc L5/6 IT Car3",-0.0100235407634667,6.03103932202186,0.713763445134887,0.398737851911423,0.753693876310096,0.806718832879028,"cogn_se_lv"
"1410","GNG4","Exc L5/6 IT Car3",-0.00382287139606149,6.36779727371893,0.0440781831711086,0.833822642330893,0.966446547282248,0.980097497109394,"cogn_se_lv"
"1411","LYST","Exc L5/6 IT Car3",0.00711931422512587,7.36320854904779,0.572917697795398,0.449578801200678,0.78268301685458,0.834200217896007,"cogn_se_lv"
"1412","GPR137B","Exc L5/6 IT Car3",0.0181487473280514,5.0712801048078,1.34691369580891,0.246559300048937,0.630836782999834,0.690946786916143,"cogn_se_lv"
"1413","ERO1B","Exc L5/6 IT Car3",0.0167452368409099,5.66005933122652,1.51006984343228,0.219901734317482,0.608460772257744,0.664669120926421,"cogn_se_lv"
"1414","EDARADD","Exc L5/6 IT Car3",0.0442018788003445,2.47106567045399,1.47212087450528,0.225777752325801,0.614809076323009,0.671295699205712,"cogn_se_lv"
"1415","LGALS8","Exc L5/6 IT Car3",-0.0171567741039246,5.31072946037643,2.3939151940895,0.122654688498944,0.49197586118719,0.539246617865084,"cogn_se_lv"
"1416","AL359921.1","Exc L5/6 IT Car3",0.000441703365241839,2.92648391807977,0.000291569001812647,0.986385583904854,0.998390354534415,0.999870711362408,"cogn_se_lv"
"1417","HEATR1","Exc L5/6 IT Car3",0.0288075523102207,5.2126263333846,6.29909002574258,0.0125020247019688,0.222360094926259,0.211577717884795,"cogn_se_lv"
"1418","ACTN2","Exc L5/6 IT Car3",-0.0102570222332696,3.39903943630741,0.098782659919161,0.753470809743323,0.936287102297113,0.960244014666072,"cogn_se_lv"
"1419","MTR","Exc L5/6 IT Car3",0.0393587870566208,6.41904188221157,7.33930052778984,0.0070568075465599,0.178460645443228,0.163089308003358,"cogn_se_lv"
"1420","RYR2","Exc L5/6 IT Car3",-0.00741600266460969,10.0872969110527,0.372976481673265,0.541757561637725,0.831685673177514,0.878625993845703,"cogn_se_lv"
"1421","CHRM3","Exc L5/6 IT Car3",-0.00629935566612325,10.1002947780836,0.33430839347225,0.563481375055806,0.844316849587076,0.888200914162375,"cogn_se_lv"
"1422","CHRM3-AS2","Exc L5/6 IT Car3",0.0157940340967819,4.49230798263157,0.154378704976165,0.694609592414619,0.906550341524847,0.941049078334438,"cogn_se_lv"
"1423","FMN2","Exc L5/6 IT Car3",0.019083347534248,9.50610044255824,2.74741015118727,0.0982513458120845,0.453587664360857,0.494670485203723,"cogn_se_lv"
"1424","GREM2","Exc L5/6 IT Car3",-0.0328663949378653,2.05433947210374,0.437364533295724,0.508804792798386,0.816961913286198,0.863521589727899,"cogn_se_lv"
"1425","RGS7","Exc L5/6 IT Car3",0.0277517798994541,6.85332295523513,1.57636254061376,0.210069946130438,0.598377655682482,0.65332973433793,"cogn_se_lv"
"1426","FH","Exc L5/6 IT Car3",-0.0274265292130233,3.73233232976537,1.83411658106043,0.176460458780428,0.563465498502014,0.616173469855078,"cogn_se_lv"
"1427","KMO","Exc L5/6 IT Car3",-0.035529980998141,2.19833524640716,0.42723858759721,0.513749059194268,0.818677978297294,0.866108487773539,"cogn_se_lv"
"1428","OPN3","Exc L5/6 IT Car3",-0.0246533463461646,5.47309656162984,2.19002037085438,0.139750043520832,0.513306245772219,0.565459983494933,"cogn_se_lv"
"1429","WDR64","Exc L5/6 IT Car3",-0.132680965314766,1.98232625777338,7.34658079951614,0.00702884532995936,0.178460645443228,0.162865745079716,"cogn_se_lv"
"1430","PLD5","Exc L5/6 IT Car3",0.0555319562861353,8.35950837662157,7.26330129166521,0.00735561652569778,0.182254347565964,0.166512825960599,"cogn_se_lv"
"1431","AL591686.2","Exc L5/6 IT Car3",0.0197913820265686,3.86719718164381,0.479868870229793,0.488911997714437,0.805346852705254,0.853799452250268,"cogn_se_lv"
"1432","AL591686.1","Exc L5/6 IT Car3",-0.0843476846230903,1.61875657344522,2.19423403706757,0.13937076936438,0.512857589982336,0.565058797422582,"cogn_se_lv"
"1433","CEP170","Exc L5/6 IT Car3",-0.0136450148031892,7.3743448201141,2.41232000736819,0.12123034270452,0.490832149311403,0.536854815952845,"cogn_se_lv"
"1434","SDCCAG8","Exc L5/6 IT Car3",0.0128055814622315,7.83048355267155,1.77536782812183,0.183531122180137,0.5701580754082,0.624087761841829,"cogn_se_lv"
"1435","AKT3","Exc L5/6 IT Car3",0.00601987161986772,9.32351063113538,0.382535995821808,0.536625946121514,0.828518590570837,0.876131758077021,"cogn_se_lv"
"1436","AL591885.1","Exc L5/6 IT Car3",0.0426205943687809,4.50021700745039,3.63782832665792,0.0572470283251474,0.376670850125698,0.401847650227605,"cogn_se_lv"
"1437","ZBTB18","Exc L5/6 IT Car3",-0.0101866750750493,6.12351519571714,0.286515308052643,0.592780705695079,0.860082498411168,0.901823152067973,"cogn_se_lv"
"1438","AL645465.1","Exc L5/6 IT Car3",0.0277332077255175,3.71023012591316,1.44292691400251,0.230427102963231,0.619071574163407,0.676211791185713,"cogn_se_lv"
"1439","ADSS","Exc L5/6 IT Car3",0.00997214359588973,5.1100884993983,0.304761355012311,0.581242773753605,0.855193717788527,0.896629519000435,"cogn_se_lv"
"1440","CATSPERE","Exc L5/6 IT Car3",0.0351657024467159,4.02893204212164,2.53853332576338,0.11194342419922,0.476642299946946,0.520118084326636,"cogn_se_lv"
"1441","DESI2","Exc L5/6 IT Car3",0.0103833968927822,4.38040945080031,0.422328561315014,0.629813705007645,0.879011085487607,0.917490247420269,"cogn_se_lv"
"1442","COX20","Exc L5/6 IT Car3",-0.0523803922881173,4.37679162026332,6.09568071615139,0.0139977920670737,0.230144135677814,0.221879508902567,"cogn_se_lv"
"1443","HNRNPU","Exc L5/6 IT Car3",-0.00783798804436398,7.08116306616408,0.551528771685305,0.458160302144884,0.788028655907772,0.839317903024899,"cogn_se_lv"
"1444","EFCAB2","Exc L5/6 IT Car3",0.010919190096101,5.5386740621473,0.411115740189661,0.521796795368485,0.82114976795517,0.869193266909654,"cogn_se_lv"
"1445","KIF26B","Exc L5/6 IT Car3",-0.0255042916541578,4.61243197489372,0.428884147888947,0.512939902173426,0.818419687003898,0.865466799037159,"cogn_se_lv"
"1446","SMYD3","Exc L5/6 IT Car3",-0.00698440508320452,9.05740095227041,0.430879730130313,0.511961603994898,0.818419687003898,0.865053067006334,"cogn_se_lv"
"1447","TFB2M","Exc L5/6 IT Car3",-0.0144489038014076,3.46370650709612,0.554134516715141,0.488509520435286,0.804970953647167,0.853624568475895,"cogn_se_lv"
"1448","CNST","Exc L5/6 IT Car3",-0.0146834960511847,6.39760093648449,2.03971043587355,0.154074063962618,0.535555258877144,0.58634910733476,"cogn_se_lv"
"1449","AL591848.2","Exc L5/6 IT Car3",0.032388637190465,2.5987556831828,0.724905319805564,0.395084859101229,0.751293188233372,0.80471250163109,"cogn_se_lv"
"1450","SCCPDH","Exc L5/6 IT Car3",0.00907309532028647,5.29978768558799,0.54847019219007,0.459408537037719,0.788303867210446,0.839773923714451,"cogn_se_lv"
"1451","AL591848.4","Exc L5/6 IT Car3",0.0692187264919209,1.91187078289892,2.78271921860866,0.0961239489776509,0.450135034879137,0.490774108939971,"cogn_se_lv"
"1452","AHCTF1","Exc L5/6 IT Car3",-0.0257341214858886,6.59635365059094,5.11328003645042,0.024317723687477,0.287570640016026,0.282573971611606,"cogn_se_lv"
"1453","ZNF670-ZNF695","Exc L5/6 IT Car3",0.0170180124560366,2.91771066076332,0.421930682475977,0.516374315684231,0.819995665260249,0.867028174110337,"cogn_se_lv"
"1454","ZNF669","Exc L5/6 IT Car3",0.000916528210348107,2.23428668940177,0.000750668796872916,0.978156651774327,0.998390354534415,0.999693731926281,"cogn_se_lv"
"1455","ZNF124","Exc L5/6 IT Car3",0.00251658497999211,3.89233497395088,0.0113946261374193,0.915048078807894,0.989073227776396,0.994167716172383,"cogn_se_lv"
"1456","AL390728.6","Exc L5/6 IT Car3",-0.0243195451935779,2.6420100493579,0.640142096729904,0.42416768880501,0.76971356334266,0.821387526544299,"cogn_se_lv"
"1457","ZNF496","Exc L5/6 IT Car3",0.0424224466932367,4.38178254095777,4.54834396497731,0.0336019030690779,0.311640275776046,0.322882417646921,"cogn_se_lv"
"1458","NLRP3","Exc L5/6 IT Car3",0.0514465453934366,2.07785038949776,1.67016830836635,0.197034586455981,0.584763381151275,0.639029476518256,"cogn_se_lv"
"1459","GCSAML","Exc L5/6 IT Car3",-0.0320237079425198,2.38276829539118,0.759686789435466,0.38398620419031,0.742172676735286,0.798070450914459,"cogn_se_lv"
"1460","AL390860.1","Exc L5/6 IT Car3",0.0209379042878965,3.15737065158071,0.28979224678473,0.590674199480229,0.859216805267642,0.900847299293412,"cogn_se_lv"
"1461","TRIM58","Exc L5/6 IT Car3",0.0763279612056739,3.12074532129462,7.02766360190409,0.00836740718353596,0.193065062300777,0.176872069799482,"cogn_se_lv"
"1462","OR2L5","Exc L5/6 IT Car3",0.0144877737712705,3.17960608834975,0.186661123788556,0.665959380018286,0.894623771475196,0.930805713543491,"cogn_se_lv"
"1463","OR2L2","Exc L5/6 IT Car3",0.0219354374209573,3.10504967282494,0.419326070475449,0.517671144771224,0.820152246039648,0.867479488441989,"cogn_se_lv"
"1464","OR2L3","Exc L5/6 IT Car3",0.0134908682269235,3.86005334054723,0.187262950466296,0.665454116859996,0.894470085424761,0.930648754286141,"cogn_se_lv"
"1465","OR2L13","Exc L5/6 IT Car3",-0.0516713657948767,2.21070733474991,1.52777419692392,0.2172232142193,0.605784114601168,0.661901862038295,"cogn_se_lv"
"1466","OR2M3","Exc L5/6 IT Car3",-0.021613761002197,1.92333939531096,0.217882332048409,0.640930262992114,0.884107586310083,0.921497133331088,"cogn_se_lv"
"1467","OR2M4","Exc L5/6 IT Car3",0.0172517631177918,2.44284265479046,0.173872013069975,0.676932746944227,0.899330804466141,0.934866537280759,"cogn_se_lv"
"1468","OR14I1","Exc L5/6 IT Car3",0.0217858407215089,2.96927631430094,0.600484930908353,0.438883131289047,0.776190690707703,0.829027624153718,"cogn_se_lv"
"1469","LYPD8","Exc L5/6 IT Car3",0.0422006828723882,4.97240263148329,6.42563985988548,0.0116556472058364,0.215643586296606,0.205087459487766,"cogn_se_lv"
"1470","SH3BP5L","Exc L5/6 IT Car3",-0.0282860333524412,4.00284178095845,2.28106836515719,0.131806752579422,0.502596245370999,0.554238184137953,"cogn_se_lv"
"1471","ZNF672","Exc L5/6 IT Car3",-0.0699204337439385,2.5753400473632,4.87731229467738,0.0278184438256974,0.297838283113648,0.297833458963611,"cogn_se_lv"
"1472","ZNF692","Exc L5/6 IT Car3",-0.00827886662681897,4.8808976750668,0.235410914853218,0.627824745597217,0.877724956801957,0.916799052925914,"cogn_se_lv"
"1473","PGBD2","Exc L5/6 IT Car3",0.0458584184823803,2.17396490865368,1.52832484204708,0.21714053406316,0.605784114601168,0.661817735720183,"cogn_se_lv"
"1474","SH3YL1","Exc L5/6 IT Car3",-0.014411282533672,6.11707703042887,1.12930519691101,0.288609872645593,0.668498372488167,0.728646982554964,"cogn_se_lv"
"1475","ACP1","Exc L5/6 IT Car3",-0.00124515109552747,4.58884476283093,0.00578570438771358,0.939409032714094,0.994539668727838,0.997351302535834,"cogn_se_lv"
"1476","LINC01865","Exc L5/6 IT Car3",0.0901595906039189,1.54270034867408,2.01798526774579,0.156279126322662,0.53830254120541,0.589458007398455,"cogn_se_lv"
"1477","TMEM18","Exc L5/6 IT Car3",-0.0604602246833316,3.12384627957544,4.59003423843138,0.0328040220132669,0.309560151737409,0.319783134813146,"cogn_se_lv"
"1478","LINC01115","Exc L5/6 IT Car3",0.164218692987237,3.00241579002047,6.59256754784628,0.0106287123228708,0.212723221740397,0.196968301618645,"cogn_se_lv"
"1479","SNTG2","Exc L5/6 IT Car3",0.141891575650977,3.92055753121348,8.79067925371749,0.00322202086339417,0.131218826837242,0.112646424661111,"cogn_se_lv"
"1480","MYT1L","Exc L5/6 IT Car3",-0.0161164728559924,8.46831576678425,1.08884861624071,0.297401046358725,0.675791238931566,0.735718309700546,"cogn_se_lv"
"1481","LINC01250","Exc L5/6 IT Car3",0.0211000910516245,7.45131230281626,1.32459064640165,0.250505753295097,0.634369019715073,0.695176541576819,"cogn_se_lv"
"1482","AC019118.2","Exc L5/6 IT Car3",0.00202954540067877,3.45713568535308,0.00739881721255849,0.931499467804741,0.992026628573452,0.99600876035635,"cogn_se_lv"
"1483","EIPR1","Exc L5/6 IT Car3",0.0122249130359024,5.74989227452429,1.30518405053002,0.253999940051624,0.637901285475604,0.698511501499677,"cogn_se_lv"
"1484","TRAPPC12","Exc L5/6 IT Car3",0.0284703978603437,6.07887021834882,6.92587846956359,0.00884769793083762,0.195640906832746,0.180860242832751,"cogn_se_lv"
"1485","TRAPPC12-AS1","Exc L5/6 IT Car3",0.0592551028612085,1.16176294226249,0.717887825462391,0.397379948468468,0.75301086382257,0.806041298008031,"cogn_se_lv"
"1486","ADI1","Exc L5/6 IT Car3",0.0415269397848046,3.60880107932833,4.02394016973692,0.0455791275319216,0.346321641588235,0.364268991865379,"cogn_se_lv"
"1487","AC231981.1","Exc L5/6 IT Car3",-0.0299342886073798,1.90990086123295,0.492077220669222,0.483438800928489,0.802169611459778,0.85083055319831,"cogn_se_lv"
"1488","AC108488.2","Exc L5/6 IT Car3",-0.0153857595189004,3.59942081590357,0.627487216464729,0.428781101652656,0.77189630869187,0.823824282994301,"cogn_se_lv"
"1489","RNASEH1","Exc L5/6 IT Car3",0.00245641347285236,2.14107726338099,0.00472206635840451,0.945251408790911,0.994804925328349,0.997626386519645,"cogn_se_lv"
"1490","RNASEH1-AS1","Exc L5/6 IT Car3",0.0632757735649215,2.53057237428279,3.64474214713475,0.0570122070333292,0.376122457965404,0.401133175438701,"cogn_se_lv"
"1491","RPS7","Exc L5/6 IT Car3",-0.0370574935492833,5.90374960372774,1.09022203693761,0.297097010421916,0.675435283409908,0.735366882543255,"cogn_se_lv"
"1492","COLEC11","Exc L5/6 IT Car3",-0.0149082249736405,2.67834560647274,0.13943425317668,0.709055838290291,0.914627404019125,0.946431882254104,"cogn_se_lv"
"1493","ALLC","Exc L5/6 IT Car3",-0.0520445267179846,2.0375074985821,0.744763368545551,0.388692800279934,0.746348371342257,0.800474408790162,"cogn_se_lv"
"1494","DCDC2C","Exc L5/6 IT Car3",0.102162356527975,3.1441173721256,5.88727438494661,0.0157231142230594,0.240366366606315,0.233545412855791,"cogn_se_lv"
"1495","CMPK2","Exc L5/6 IT Car3",-0.030407873792129,2.41706096497358,0.843135612208453,0.359093811575801,0.723348860804405,0.780532066906917,"cogn_se_lv"
"1496","RSAD2","Exc L5/6 IT Car3",-0.00265871670204959,4.41731261874639,0.0189607529601999,0.890553226954056,0.985413409436739,0.990610793206523,"cogn_se_lv"
"1497","AC017076.1","Exc L5/6 IT Car3",-0.0879762383701733,2.57986700832774,5.48085386105366,0.0197508737590243,0.265407472763041,0.258993389278979,"cogn_se_lv"
"1498","RNF144A","Exc L5/6 IT Car3",0.0163296688097372,8.8937459599387,1.1668295537219,0.280750326618548,0.66183093633157,0.7222284125279,"cogn_se_lv"
"1499","AC068481.1","Exc L5/6 IT Car3",0.0637552110447858,1.87851089498141,1.26177287571437,0.262036927452605,0.645342985036901,0.706036900942658,"cogn_se_lv"
"1500","LINC00298","Exc L5/6 IT Car3",0.0643770500221277,2.51931807516352,2.4856252663038,0.115736860094304,0.483609659067144,0.526919952375212,"cogn_se_lv"
"1501","LINC00299","Exc L5/6 IT Car3",0.0262098985200917,4.47310122594275,0.695855376130127,0.404712802422343,0.757913121109742,0.810357708483184,"cogn_se_lv"
"1502","ID2","Exc L5/6 IT Car3",-0.0857871619385342,5.87445735240316,6.58170697314193,0.0106925993383989,0.213159460904091,0.197511360707656,"cogn_se_lv"
"1503","KIDINS220","Exc L5/6 IT Car3",-0.0152206084206383,8.49209517772197,3.71195794991434,0.0547820510469032,0.370877075559755,0.395469076969168,"cogn_se_lv"
"1504","MBOAT2","Exc L5/6 IT Car3",0.0194138306198267,8.11581582542773,2.7112371424645,0.100484392355061,0.457395681261281,0.498810471986646,"cogn_se_lv"
"1505","ASAP2","Exc L5/6 IT Car3",0.0147631532591045,5.75943644235222,0.916001330238302,0.339145874413599,0.709363247213108,0.76677457800845,"cogn_se_lv"
"1506","ITGB1BP1","Exc L5/6 IT Car3",0.0153522103512403,6.35091349103707,2.18629802485412,0.140086061215104,0.513927170941704,0.566111827024374,"cogn_se_lv"
"1507","CPSF3","Exc L5/6 IT Car3",0.0226192638834462,4.00269785718764,1.84790885612133,0.174846571840166,0.56176878965653,0.613907702684935,"cogn_se_lv"
"1508","IAH1","Exc L5/6 IT Car3",-0.00108033582660851,5.46038826011361,0.00460798427152946,0.945915767151055,0.994804925328349,0.997626386519645,"cogn_se_lv"
"1509","ADAM17","Exc L5/6 IT Car3",0.00138223785309425,6.36262122726439,0.0122708969057958,0.911854971232287,0.989073227776396,0.99378489387515,"cogn_se_lv"
"1510","AC080162.1","Exc L5/6 IT Car3",0.00863769256300963,2.21552031019442,0.0482684876481343,0.826224065905674,0.964763913071952,0.978515525788969,"cogn_se_lv"
"1511","AC073195.1","Exc L5/6 IT Car3",0.00241027175371943,2.07283097780384,0.00355645506661817,0.95247740837754,0.995965981446551,0.998048865924475,"cogn_se_lv"
"1512","YWHAQ","Exc L5/6 IT Car3",-0.0193497324474367,6.50377882079493,1.77775499236526,0.183237478551759,0.570047462080366,0.623903125438566,"cogn_se_lv"
"1513","TAF1B","Exc L5/6 IT Car3",0.0222593677362328,5.66654454164909,2.95107445334049,0.0866489066491987,0.434373509228393,0.473056813843027,"cogn_se_lv"
"1514","AC010969.2","Exc L5/6 IT Car3",-0.0102817729734468,2.54482063706549,0.140038208118009,0.708455285812716,0.914461699962904,0.94625066717418,"cogn_se_lv"
"1515","GRHL1","Exc L5/6 IT Car3",0.0301268776518976,4.72117039383913,2.73497224647142,0.0990129721998095,0.454884935638507,0.495881916514736,"cogn_se_lv"
"1516","AC104794.2","Exc L5/6 IT Car3",0.0170272079736888,2.22465269064137,0.199532826027847,0.655356964977227,0.889256188591036,0.926661506637867,"cogn_se_lv"
"1517","KLF11","Exc L5/6 IT Car3",0.0204774392325441,2.89826094922987,0.669063442073406,0.413899589220711,0.763229652301311,0.81557491231758,"cogn_se_lv"
"1518","CYS1","Exc L5/6 IT Car3",0.0214409881962147,3.21524950905404,0.623956763670248,0.430081679636833,0.772585770266477,0.824423743312155,"cogn_se_lv"
"1519","HPCAL1","Exc L5/6 IT Car3",-0.0320674497970334,4.55313414092199,1.41691084008343,0.234668194950282,0.622143586612375,0.679806779362708,"cogn_se_lv"
"1520","ODC1","Exc L5/6 IT Car3",-0.00653435416358389,3.01168538595933,0.0603230066798236,0.806120980558714,0.956368596382165,0.974365608300561,"cogn_se_lv"
"1521","NOL10","Exc L5/6 IT Car3",0.026107176152152,6.41078001264969,5.91013288811861,0.0155235839760391,0.239505862681545,0.232045703902476,"cogn_se_lv"
"1522","ATP6V1C2","Exc L5/6 IT Car3",-0.00817987072835089,1.68038672811604,0.0322932178608349,0.857483035209762,0.973621837474622,0.985073999215388,"cogn_se_lv"
"1523","PDIA6","Exc L5/6 IT Car3",0.0266383935810015,5.41386766546751,3.02289250787672,0.0829205463768626,0.428524918985868,0.465543137865654,"cogn_se_lv"
"1524","AC092687.1","Exc L5/6 IT Car3",0.0619268384439227,2.64696742534728,2.59080822222573,0.108329904429969,0.470937787426174,0.513308992072901,"cogn_se_lv"
"1525","LINC01954","Exc L5/6 IT Car3",-0.0378538621182692,3.05523308631355,1.73822627528514,0.188171250505641,0.575062928090689,0.629238201400643,"cogn_se_lv"
"1526","KCNF1","Exc L5/6 IT Car3",0.00822356666639157,4.00684316813216,0.0756524635138431,0.783429894650081,0.949524736639513,0.968323843139622,"cogn_se_lv"
"1527","AC062028.1","Exc L5/6 IT Car3",0.0513528146139421,4.13599180975436,5.35754553041607,0.0211742003882363,0.2736112040092,0.267521433645339,"cogn_se_lv"
"1528","C2orf50","Exc L5/6 IT Car3",0.0973429534171739,2.20002039328957,6.6440966512556,0.0103309101996095,0.20967779801424,0.194465432755208,"cogn_se_lv"
"1529","PQLC3","Exc L5/6 IT Car3",0.0627305263187497,3.52902546758309,7.41249661711876,0.00678079221995582,0.175684162062492,0.160302948598627,"cogn_se_lv"
"1530","ROCK2","Exc L5/6 IT Car3",-0.00789957511955499,8.5520671995726,0.584361518380097,0.445090255802324,0.780222007527615,0.832414498927309,"cogn_se_lv"
"1531","E2F6","Exc L5/6 IT Car3",0.0250364461281266,3.9382558545198,2.08804036402207,0.280596957488678,0.66182178938709,0.722171778278055,"cogn_se_lv"
"1532","GREB1","Exc L5/6 IT Car3",-0.0102616264829119,4.0488147660471,0.225765867250012,0.634958905683864,0.882059262616085,0.919669145953561,"cogn_se_lv"
"1533","LPIN1","Exc L5/6 IT Car3",0.00761283063781545,7.07500107876373,0.578234695887424,0.447484623687796,0.781461397519487,0.833547476625575,"cogn_se_lv"
"1534","MIR3681HG","Exc L5/6 IT Car3",0.0510014653325774,2.80795673699002,2.8096250149077,0.0945366789174333,0.447271842496418,0.487838413059969,"cogn_se_lv"
"1535","TRIB2","Exc L5/6 IT Car3",-0.0412454770892766,1.4919203136176,0.490605495794629,0.484093204975372,0.802736924237929,0.851287336356031,"cogn_se_lv"
"1536","LINC00276","Exc L5/6 IT Car3",-0.0592834886316623,5.24320727242536,6.90808298278435,0.00893453782350241,0.196995038830519,0.181720456138468,"cogn_se_lv"
"1537","FAM84A","Exc L5/6 IT Car3",-0.0355416609916794,4.81106618812262,2.49185523012237,0.115282873705391,0.48225154289915,0.525840610995818,"cogn_se_lv"
"1538","NBAS","Exc L5/6 IT Car3",0.00122912095928323,7.70277837068891,0.011500797279199,0.914654732227798,0.989073227776396,0.994126167335106,"cogn_se_lv"
"1539","DDX1","Exc L5/6 IT Car3",0.000528065270166326,5.79710521250561,0.00236145051285438,0.987547642657924,0.998463410232327,0.999870711362408,"cogn_se_lv"
"1540","LINC01804","Exc L5/6 IT Car3",-0.0657827444025844,1.12767258315819,1.0472519613502,0.306802868865562,0.682998672933304,0.74386082067175,"cogn_se_lv"
"1541","MYCN","Exc L5/6 IT Car3",0.0177738448842197,2.02601109452176,0.184313707907429,0.667939442711679,0.895434496805987,0.931372556252336,"cogn_se_lv"
"1542","FAM49A","Exc L5/6 IT Car3",0.0195147437817435,6.63739774052325,3.45087313107562,0.0640047943188738,0.388915039448146,0.419909138294218,"cogn_se_lv"
"1543","VSNL1","Exc L5/6 IT Car3",0.000349450122061466,8.31795559895457,0.000551826893903535,0.98127115961031,0.998390354534415,0.999870711362408,"cogn_se_lv"
"1544","SMC6","Exc L5/6 IT Car3",0.00914950656047667,6.26412662555644,0.836067796933588,0.361113431924592,0.724959003041935,0.781653071944363,"cogn_se_lv"
"1545","GEN1","Exc L5/6 IT Car3",0.0371653484431625,3.77201788320441,2.4683318600325,0.117007472705713,0.485359552950255,0.529311731387699,"cogn_se_lv"
"1546","KCNS3","Exc L5/6 IT Car3",-0.0144115609308116,2.26932952677231,0.115327186128144,0.734349646501261,0.927984616396423,0.954617962088786,"cogn_se_lv"
"1547","RDH14","Exc L5/6 IT Car3",-0.0469168770474388,3.68265361890285,3.17482609305458,0.0755931683962069,0.415938098540445,0.448939481834966,"cogn_se_lv"
"1548","LINC01376","Exc L5/6 IT Car3",0.100036099516337,4.37552910542021,10.7899378727493,0.00111695591489642,0.08662109232943,0.0684509912471934,"cogn_se_lv"
"1549","TTC32","Exc L5/6 IT Car3",-0.030322875417139,3.57707236900593,1.97032236801581,0.161244129766645,0.544685197147724,0.596323730773286,"cogn_se_lv"
"1550","WDR35","Exc L5/6 IT Car3",-0.00422078339444151,5.1755484021379,0.0822140980046467,0.774477973213977,0.945176236681209,0.965833064332789,"cogn_se_lv"
"1551","LAPTM4A","Exc L5/6 IT Car3",-0.0185310129350318,3.91303414434739,0.533606454311293,0.465552297828911,0.791501712628613,0.842632226066848,"cogn_se_lv"
"1552","PUM2","Exc L5/6 IT Car3",-0.0110163398553903,7.05744845028923,1.79468346111141,0.181170719863783,0.567964504723395,0.621254584984629,"cogn_se_lv"
"1553","RHOB","Exc L5/6 IT Car3",-0.0369417067825954,4.31789050972985,2.14583909207928,0.143797684399236,0.520349485752233,0.57207591732358,"cogn_se_lv"
"1554","HS1BP3","Exc L5/6 IT Car3",0.0648162559852389,4.63675962776662,8.78823583852637,0.0032262386220097,0.131218826837242,0.112646424661111,"cogn_se_lv"
"1555","LDAH","Exc L5/6 IT Car3",0.0500623073980602,5.97618181051673,12.2091630660249,0.000532597939359111,0.0581324984874944,0.0459647905746211,"cogn_se_lv"
"1556","AC018742.1","Exc L5/6 IT Car3",0.138999949448816,2.00730716299412,5.07991368043437,0.0247834399163965,0.289099594031926,0.285060739900936,"cogn_se_lv"
"1557","LINC01830","Exc L5/6 IT Car3",0.0307544858858851,2.9332141135347,0.546843096418087,0.460074769109602,0.788583613287589,0.840099099770216,"cogn_se_lv"
"1558","AC018467.1","Exc L5/6 IT Car3",-0.03510221144449,2.84085834642437,0.841212802218917,0.359641705084918,0.723963869562406,0.780782024375589,"cogn_se_lv"
"1559","KLHL29","Exc L5/6 IT Car3",0.0166934111678827,6.88801697791256,0.877044251792615,0.349617363311072,0.71741482951432,0.773777030676344,"cogn_se_lv"
"1560","ATAD2B","Exc L5/6 IT Car3",-0.00815894446439371,5.64972462620579,0.391926192859025,0.53167085076743,0.826671325785064,0.873593140362373,"cogn_se_lv"
"1561","UBXN2A","Exc L5/6 IT Car3",0.0220681208001421,5.43698312094722,2.96918384216008,0.0856919191136332,0.433886165002653,0.471496773177654,"cogn_se_lv"
"1562","MFSD2B","Exc L5/6 IT Car3",0.0135527417448595,2.07163248956312,0.109368969911763,0.741049055145853,0.931379743462203,0.95663468330699,"cogn_se_lv"
"1563","WDCP","Exc L5/6 IT Car3",0.0208156045804611,2.44927682156893,0.451697132246183,0.501945437387894,0.813665502570012,0.860093035699882,"cogn_se_lv"
"1564","FKBP1B","Exc L5/6 IT Car3",-0.0446104019457934,4.34415552904128,2.71194525356524,0.100440148769615,0.45735771649388,0.498716472572692,"cogn_se_lv"
"1565","SF3B6","Exc L5/6 IT Car3",-0.0297886325398387,4.1447897656971,1.7676225108834,0.184487646964485,0.570929046738981,0.625157918352476,"cogn_se_lv"
"1566","FAM228B","Exc L5/6 IT Car3",0.0273445925054352,6.10428186812155,3.58867137720746,0.0589466295865802,0.379576832358774,0.406600856204691,"cogn_se_lv"
"1567","TP53I3","Exc L5/6 IT Car3",-0.0551925159514833,2.55026807808817,1.74484346218242,0.187334633306466,0.575062928090689,0.628514727927341,"cogn_se_lv"
"1568","AC008073.3","Exc L5/6 IT Car3",0.0422612134881209,2.97701034741623,1.88362273710804,0.170746177833806,0.557772399333489,0.608933204762878,"cogn_se_lv"
"1569","FAM228A","Exc L5/6 IT Car3",0.0366888273486395,2.25731613142391,0.94838981599709,0.330759479378947,0.700792822343723,0.761263644057548,"cogn_se_lv"
"1570","ITSN2","Exc L5/6 IT Car3",0.0125850492866117,7.00435331218848,1.78035968942169,0.182917699660239,0.570047462080366,0.623548983685785,"cogn_se_lv"
"1571","AC009228.1","Exc L5/6 IT Car3",0.044542353434569,3.78166091874407,2.94626627270904,0.0869049408848343,0.434665921422684,0.473332705406947,"cogn_se_lv"
"1572","NCOA1","Exc L5/6 IT Car3",-0.0116444029702025,8.44461056373078,1.63610552485252,0.201654370213662,0.58933930071938,0.643999079849857,"cogn_se_lv"
"1573","PTRHD1","Exc L5/6 IT Car3",-0.0634993056321557,2.78972242342111,2.70308363821533,0.100995375688248,0.458636421316655,0.499937755690809,"cogn_se_lv"
"1574","CENPO","Exc L5/6 IT Car3",0.0460476431436483,3.07631993938823,3.22548498075534,0.0816811823708036,0.425408435055331,0.462970220929336,"cogn_se_lv"
"1575","ADCY3","Exc L5/6 IT Car3",0.0172777980436362,6.08385319502218,2.92266295179146,0.0881737981552838,0.437035347378363,0.475871461217727,"cogn_se_lv"
"1576","DNAJC27","Exc L5/6 IT Car3",0.00349732255746761,4.34258739283052,0.0452596414596776,0.831643327915978,0.966177555530849,0.979556835434487,"cogn_se_lv"
"1577","DNAJC27-AS1","Exc L5/6 IT Car3",0.0737800017192765,4.5188440986119,11.9031435907917,0.000624374729886421,0.061994368341626,0.0500452644942699,"cogn_se_lv"
"1578","EFR3B","Exc L5/6 IT Car3",0.0474422544623107,4.09931073418498,2.79811883680094,0.0952119362892953,0.448335955095724,0.489000703806705,"cogn_se_lv"
"1579","DNMT3A","Exc L5/6 IT Car3",0.0167936715756847,6.60387864087619,0.765083585394773,0.382304127965052,0.740608385951346,0.797053267284972,"cogn_se_lv"
"1580","DTNB","Exc L5/6 IT Car3",0.0133730969674365,7.37046122584209,1.68514786059326,0.195042474637382,0.583236576086779,0.637165709648551,"cogn_se_lv"
"1581","ASXL2","Exc L5/6 IT Car3",0.0101340884646365,5.95235876390612,0.951859243575083,0.329877657390376,0.700406022244585,0.760730255240392,"cogn_se_lv"
"1582","KIF3C","Exc L5/6 IT Car3",-0.00442117552524363,6.9787632406056,0.171742430744262,0.67880566589581,0.900248512400573,0.935578161750055,"cogn_se_lv"
"1583","RAB10","Exc L5/6 IT Car3",0.00816641245834835,6.87071314024782,0.946682522221747,0.331194575877615,0.701329176104902,0.761643450047827,"cogn_se_lv"
"1584","HADHA","Exc L5/6 IT Car3",-0.00632663141621595,5.07091664739249,0.318684414082473,0.572738038135347,0.849830158783552,0.892280320964712,"cogn_se_lv"
"1585","HADHB","Exc L5/6 IT Car3",0.023437833292347,5.2098328053839,3.29947740519528,0.164723746399381,0.549436163217702,0.600594926889538,"cogn_se_lv"
"1586","ADGRF3","Exc L5/6 IT Car3",0.0915392104548494,2.64698787587382,6.34080681847774,0.0122162266514186,0.219911907765536,0.209273625663847,"cogn_se_lv"
"1587","SELENOI","Exc L5/6 IT Car3",0.00446692998451481,5.97676451651036,0.195260353900854,0.65882967658028,0.890851216106056,0.928192016792126,"cogn_se_lv"
"1588","DRC1","Exc L5/6 IT Car3",0.00789739943967838,3.01862711604492,0.0654167759640033,0.798271461891908,0.954540194474746,0.97255103835015,"cogn_se_lv"
"1589","KCNK3","Exc L5/6 IT Car3",-0.0405330862455549,3.65428574627645,2.63733940617467,0.105221412196539,0.466309755754498,0.508087734437309,"cogn_se_lv"
"1590","CENPA","Exc L5/6 IT Car3",-0.00711842121252611,2.61515286491581,0.0675558595362931,0.795072411010583,0.952453055612429,0.971523878690536,"cogn_se_lv"
"1591","DPYSL5","Exc L5/6 IT Car3",0.0175939164373053,4.68224332818619,0.709214885361575,0.400243231797493,0.754278915425412,0.807676421382959,"cogn_se_lv"
"1592","AC013472.2","Exc L5/6 IT Car3",0.0556775978422283,2.42074402753699,1.49740195903905,0.221842582379562,0.61021578960169,0.66688102308994,"cogn_se_lv"
"1593","MAPRE3","Exc L5/6 IT Car3",-0.0131191309590655,6.23711670359582,1.08498870709479,0.298257667788667,0.676917505521024,0.736711204669086,"cogn_se_lv"
"1594","TMEM214","Exc L5/6 IT Car3",-0.00180435008474817,2.93202299922782,0.0057800746348071,0.939438461837064,0.994539668727838,0.997351302535834,"cogn_se_lv"
"1595","AGBL5","Exc L5/6 IT Car3",-0.0125644304515721,3.64789050193288,0.185373657428111,0.667043527041693,0.895220332863334,0.931204142385122,"cogn_se_lv"
"1596","AC013472.3","Exc L5/6 IT Car3",-0.022738884996021,2.07043798943079,0.408730141447233,0.523006455809066,0.82185254031414,0.869921832504737,"cogn_se_lv"
"1597","OST4","Exc L5/6 IT Car3",-0.0627533383259083,3.72850141861383,2.56843847458897,0.10986021690302,0.473131208907334,0.516105973075828,"cogn_se_lv"
"1598","KHK","Exc L5/6 IT Car3",0.0997768538104533,1.8003124241782,4.9690836416083,0.0263982728677542,0.293257459982965,0.291393987344106,"cogn_se_lv"
"1599","CGREF1","Exc L5/6 IT Car3",0.0102687292579096,3.353056966007,0.188425475531807,0.664480843622761,0.894225269618249,0.930276288518465,"cogn_se_lv"
"1600","PREB","Exc L5/6 IT Car3",-0.0110177783441077,2.62487471731579,0.122825848631806,0.726187085645921,0.924234676668431,0.952126083630502,"cogn_se_lv"
"1601","SLC5A6","Exc L5/6 IT Car3",-0.0360383632033239,2.69467261987254,1.57151013063556,0.210771583826398,0.598585727280052,0.654330117440787,"cogn_se_lv"
"1602","ATRAID","Exc L5/6 IT Car3",-0.0398815149532393,2.75721058088493,1.60026735385829,0.206653637054696,0.594467191452667,0.649834818676655,"cogn_se_lv"
"1603","CAD","Exc L5/6 IT Car3",0.0333128298290505,3.23462695172109,2.24854110020918,0.1625542537649,0.546200198111679,0.597830908670774,"cogn_se_lv"
"1604","SLC30A3","Exc L5/6 IT Car3",0.0247864961019902,2.14278337043129,0.234987196464912,0.628134334719119,0.877939098295091,0.917044577234706,"cogn_se_lv"
"1605","TRIM54","Exc L5/6 IT Car3",0.0262999492460723,1.55599860313957,0.202093120692044,0.653297259255705,0.888556645135312,0.92565339997493,"cogn_se_lv"
"1606","UCN","Exc L5/6 IT Car3",0.0426712820575026,3.26938317162635,2.81640883562437,0.0941410131947335,0.446632276036572,0.487117931868943,"cogn_se_lv"
"1607","MPV17","Exc L5/6 IT Car3",0.0159743121815401,4.93332845231803,1.77292639101162,0.183832008401731,0.570379918226519,0.624279287324283,"cogn_se_lv"
"1608","GTF3C2","Exc L5/6 IT Car3",0.0173189324199838,4.93426624452546,1.84291531907709,0.175428905374508,0.562492655817271,0.614614853201822,"cogn_se_lv"
"1609","AC074117.1","Exc L5/6 IT Car3",0.054359264351023,1.8513182826735,1.84662315844526,0.177039330816127,0.563465498502014,0.616745891616965,"cogn_se_lv"
"1610","EIF2B4","Exc L5/6 IT Car3",-0.0133776045850926,3.53686992387233,0.432694419763273,0.575050260583178,0.851373113071198,0.893580735048589,"cogn_se_lv"
"1611","SNX17","Exc L5/6 IT Car3",-0.0410896008895771,3.94572948012416,2.50292115977462,0.114481338860115,0.480734891988861,0.524607416380962,"cogn_se_lv"
"1612","ZNF513","Exc L5/6 IT Car3",-0.0198901250966544,2.77010427092138,0.507946107685633,0.476474118028189,0.798533886143289,0.847922863461825,"cogn_se_lv"
"1613","PPM1G","Exc L5/6 IT Car3",-0.0128484582985055,5.32419964789998,0.75919790771444,0.384139098591056,0.742172676735286,0.798070450914459,"cogn_se_lv"
"1614","NRBP1","Exc L5/6 IT Car3",-0.0201326668614899,5.00976666353231,2.57633447604806,0.109317345729772,0.471904025379583,0.515033495750872,"cogn_se_lv"
"1615","IFT172","Exc L5/6 IT Car3",0.0063860404506745,6.42986883815044,0.388392892325188,0.533525560513888,0.82700347750751,0.874400259343185,"cogn_se_lv"
"1616","FNDC4","Exc L5/6 IT Car3",-0.017685715624944,3.54961034027881,0.372361132318478,0.542090972430178,0.831782933056037,0.878716595372783,"cogn_se_lv"
"1617","ZNF512","Exc L5/6 IT Car3",0.0389200001584126,4.98433738947217,8.45041018326063,0.00386723866423853,0.139057951034185,0.122413966020251,"cogn_se_lv"
"1618","GPN1","Exc L5/6 IT Car3",0.018461591856657,3.41292476124666,0.710648670519232,0.399767820232081,0.754037868768464,0.807509230764735,"cogn_se_lv"
"1619","SUPT7L","Exc L5/6 IT Car3",-0.00446249859013092,4.87850218410839,0.115397997541068,0.946064800564053,0.994804925328349,0.997626386519645,"cogn_se_lv"
"1620","SLC4A1AP","Exc L5/6 IT Car3",-0.00258546650913363,5.15794286434983,0.0447493877922808,0.832580849408725,0.966312347611673,0.97980968153495,"cogn_se_lv"
"1621","MRPL33","Exc L5/6 IT Car3",0.00195477983946401,5.76660533844304,0.0179416256218121,0.893517105906708,0.9857013440361,0.991080664645682,"cogn_se_lv"
"1622","RBKS","Exc L5/6 IT Car3",0.00363717814637097,4.13191447401057,0.0268039680239006,0.870040734835299,0.978146446587215,0.987353190110241,"cogn_se_lv"
"1623","BABAM2","Exc L5/6 IT Car3",0.026416430188536,8.11915359426413,4.74865332032917,0.0299452856522607,0.304122214499141,0.307218869138795,"cogn_se_lv"
"1624","FOSL2","Exc L5/6 IT Car3",-0.0357388333651395,4.60690633847872,2.08336106476335,0.14974975765858,0.52871043137544,0.580809836310574,"cogn_se_lv"
"1625","PLB1","Exc L5/6 IT Car3",0.0131156821331835,3.00369545583783,0.251139004485829,0.658239579765054,0.890619845711734,0.927982966773084,"cogn_se_lv"
"1626","PPP1CB","Exc L5/6 IT Car3",0.0169477889606877,5.3454420816958,1.41346444061766,0.235237092216996,0.622756370069832,0.680299739628586,"cogn_se_lv"
"1627","SPDYA","Exc L5/6 IT Car3",0.0121308080529684,3.81576122171823,0.219661141293731,0.639571525837811,0.883493921788341,0.921055699298057,"cogn_se_lv"
"1628","TRMT61B","Exc L5/6 IT Car3",0.0474479849779293,5.5803891072169,13.6193064497982,0.000257164596161822,0.0449745810787549,0.0309294916119213,"cogn_se_lv"
"1629","WDR43","Exc L5/6 IT Car3",0.0022659968484863,5.12806738142526,0.0325000610110985,0.950278327069785,0.995054338434123,0.997804640603097,"cogn_se_lv"
"1630","TOGARAM2","Exc L5/6 IT Car3",-0.0952775319593813,3.77013946506296,1.93355331295306,0.165197796956316,0.549944645286113,0.601462626631953,"cogn_se_lv"
"1631","CLIP4","Exc L5/6 IT Car3",0.0059820394278401,6.02906378283167,0.279799458630843,0.699224738381734,0.909565440258211,0.942838998431827,"cogn_se_lv"
"1632","ALK","Exc L5/6 IT Car3",-0.00279064623405524,5.88360047240988,0.0126514375978648,0.910504327180278,0.989073227776396,0.9937259663591,"cogn_se_lv"
"1633","AC016907.2","Exc L5/6 IT Car3",0.0543393960431934,3.04997893275788,3.17363751872508,0.0756476970998484,0.415940713957366,0.449007590130206,"cogn_se_lv"
"1634","YPEL5","Exc L5/6 IT Car3",-0.0332030877984721,5.8039401163527,3.87529608908868,0.0497404079040134,0.356516912015847,0.378010685136117,"cogn_se_lv"
"1635","LBH","Exc L5/6 IT Car3",0.0363149652950496,1.34573072633656,0.252156098852268,0.615856740336982,0.873149261518761,0.911749747734488,"cogn_se_lv"
"1636","LCLAT1","Exc L5/6 IT Car3",0.0184924641185607,5.91681456517205,2.76033590984492,0.097466638714289,0.452628717505404,0.493178473960696,"cogn_se_lv"
"1637","CAPN13","Exc L5/6 IT Car3",0.0920144286880571,2.92391446422239,4.77020172133728,0.0295775447479371,0.303197430030341,0.305753783535564,"cogn_se_lv"
"1638","GALNT14","Exc L5/6 IT Car3",0.0179764456228666,8.27349194029031,1.12719980229596,0.289059101370524,0.668864767717991,0.728910788644871,"cogn_se_lv"
"1639","CAPN14","Exc L5/6 IT Car3",-0.000237724845712336,2.5773658863242,0.000138379694051583,0.99062058730405,0.999242764926216,0.999870711362408,"cogn_se_lv"
"1640","EHD3","Exc L5/6 IT Car3",-0.0372978553367306,5.82283581573404,5.05477707974605,0.0251404243014281,0.289494255441202,0.286299211081967,"cogn_se_lv"
"1641","MEMO1","Exc L5/6 IT Car3",-0.0143810537996384,4.27117041110958,0.626496972404748,0.429145294338765,0.772227394828872,0.82402112129644,"cogn_se_lv"
"1642","DPY30","Exc L5/6 IT Car3",-0.0167361329814857,5.14944265187049,1.18238746537116,0.27757136619764,0.65984296042349,0.719762147237656,"cogn_se_lv"
"1643","SPAST","Exc L5/6 IT Car3",0.00867631303200862,5.5990465835227,0.533009277871147,0.829704888592968,0.96575088756964,0.979219240314109,"cogn_se_lv"
"1644","SLC30A6","Exc L5/6 IT Car3",0.0287347118841966,5.35025843429392,5.30868247366061,0.0217673489473597,0.276220485614688,0.270393827982203,"cogn_se_lv"
"1645","NLRC4","Exc L5/6 IT Car3",0.0430061884327883,2.15808256792528,0.943334758261822,0.332049960302105,0.701764472541802,0.762050606200669,"cogn_se_lv"
"1646","YIPF4","Exc L5/6 IT Car3",-0.00427021248186743,6.3913707383911,0.20126539647949,0.653961423308267,0.888560566491041,0.925968678693057,"cogn_se_lv"
"1647","AL133245.1","Exc L5/6 IT Car3",0.0582210606800797,1.71709981322357,1.41071733181862,0.235691757103326,0.623108731428959,0.680726414025388,"cogn_se_lv"
"1648","BIRC6","Exc L5/6 IT Car3",0.00204261825619031,8.32127330758577,0.0507087252356338,0.821957693372782,0.963044583913848,0.97769553220176,"cogn_se_lv"
"1649","TTC27","Exc L5/6 IT Car3",0.00507946449607249,5.5674741014599,0.123291830400678,0.72568918435595,0.924234676668431,0.951909611657972,"cogn_se_lv"
"1650","LINC00486","Exc L5/6 IT Car3",-0.0537825899224667,8.42393241770066,1.02846006995051,0.311176811983659,0.686590373723434,0.7478585654361,"cogn_se_lv"
"1651","LTBP1","Exc L5/6 IT Car3",-0.0329922690515936,6.03801122054513,1.04354156713199,0.307660113187981,0.683541091664939,0.744727779139567,"cogn_se_lv"
"1652","RASGRP3","Exc L5/6 IT Car3",0.0438818153555187,3.36115731239747,1.78956028964875,0.181793323916194,0.568773989646315,0.621913374704081,"cogn_se_lv"
"1653","AC020594.1","Exc L5/6 IT Car3",0.107240292196998,2.40324242451647,9.77662974415235,0.0019058796000657,0.104206342515711,0.0869885975006907,"cogn_se_lv"
"1654","FAM98A","Exc L5/6 IT Car3",-0.0190954890695038,4.86216740229523,1.52067034142726,0.218293251482661,0.606576783940374,0.66310743177432,"cogn_se_lv"
"1655","LINC01317","Exc L5/6 IT Car3",0.00704818764571218,2.67360247845711,0.0419840134709026,0.837761812207811,0.967527926809497,0.980928623640287,"cogn_se_lv"
"1656","AC068599.1","Exc L5/6 IT Car3",0.0629786554922613,3.08328540934499,2.76655200497637,0.0970917123366918,0.451509102692813,0.492396325363024,"cogn_se_lv"
"1657","LINC01320","Exc L5/6 IT Car3",0.026257581816215,2.25558497139284,0.307166256057646,0.579755835302304,0.854320722431242,0.895871866272347,"cogn_se_lv"
"1658","AC073218.2","Exc L5/6 IT Car3",0.011663746689619,2.19187266360762,0.0708645407591662,0.790228967208367,0.951316004797932,0.970278647232056,"cogn_se_lv"
"1659","AC012593.1","Exc L5/6 IT Car3",0.0304107645713346,2.24012406702455,0.478004288411362,0.489756986478483,0.806134761700946,0.854288457273627,"cogn_se_lv"
"1660","AC009414.2","Exc L5/6 IT Car3",-0.0147346120071582,2.96519541276598,0.168280649057413,0.681879485610676,0.901093868887582,0.936681228294286,"cogn_se_lv"
"1661","CRIM1","Exc L5/6 IT Car3",-0.00633549621952877,6.78126190037725,0.175393266153995,0.675603070921771,0.899176443999365,0.934497517846289,"cogn_se_lv"
"1662","FEZ2","Exc L5/6 IT Car3",-0.00810308450521639,7.23220342691545,0.741201938256985,0.38982819629225,0.746621560596167,0.80118676477481,"cogn_se_lv"
"1663","VIT","Exc L5/6 IT Car3",-0.0261924730154631,1.8818502928506,0.345810249016819,0.556849705962409,0.840900433834481,0.885447829946237,"cogn_se_lv"
"1664","STRN","Exc L5/6 IT Car3",0.0269796557248482,5.87994238587586,6.2312686223814,0.0129814822720063,0.226257091920926,0.214905058680093,"cogn_se_lv"
"1665","HEATR5B","Exc L5/6 IT Car3",0.00369506734396402,6.60408037401706,0.205143174788273,0.67851952247494,0.900130631056747,0.935482767570423,"cogn_se_lv"
"1666","GPATCH11","Exc L5/6 IT Car3",-0.00641314527168792,4.37242746362338,0.140347550670353,0.708148257780955,0.91429544356115,0.946125514044203,"cogn_se_lv"
"1667","EIF2AK2","Exc L5/6 IT Car3",-0.0218126309790789,6.28946010084259,3.93103063112191,0.0481348063163736,0.353049189458432,0.372946251458453,"cogn_se_lv"
"1668","CEBPZOS","Exc L5/6 IT Car3",0.01304760005645,4.89562625432491,0.904769135419393,0.342120962421351,0.711711491168505,0.768560259882009,"cogn_se_lv"
"1669","CEBPZ","Exc L5/6 IT Car3",-0.0266533244916482,4.53357487437641,2.27775172215925,0.132087052188784,0.50279983506935,0.554712965352606,"cogn_se_lv"
"1670","NDUFAF7","Exc L5/6 IT Car3",0.00638255341859259,5.4955927779472,0.311055324544419,0.816734871886888,0.959947755253107,0.976917099072405,"cogn_se_lv"
"1671","PRKD3","Exc L5/6 IT Car3",0.0227841912728762,3.53277370701633,0.455346981776226,0.500223918738362,0.812568576105699,0.859162561977644,"cogn_se_lv"
"1672","QPCT","Exc L5/6 IT Car3",-0.0946884585113498,2.72076995562,5.81814411346789,0.0163428625185868,0.244400771097935,0.237965114406096,"cogn_se_lv"
"1673","CDC42EP3","Exc L5/6 IT Car3",0.0543086309236424,3.25945972243977,4.79902232088279,0.0290930688373819,0.301084375780126,0.303637116679869,"cogn_se_lv"
"1674","RMDN2","Exc L5/6 IT Car3",-0.0226920263273757,4.50373261571157,1.51584337960642,0.219023924892913,0.607255359247776,0.663811384499958,"cogn_se_lv"
"1675","RMDN2-AS1","Exc L5/6 IT Car3",0.00509344159187962,1.82611498815921,0.0157633600015371,0.900153906401825,0.987227347471321,0.992443914936985,"cogn_se_lv"
"1676","CYP1B1-AS1","Exc L5/6 IT Car3",-0.0630496251927263,2.16241416347916,1.98116911561598,0.160098584176885,0.542713041956445,0.594962767526724,"cogn_se_lv"
"1677","ATL2","Exc L5/6 IT Car3",-0.00928362194502355,5.63053883848177,0.759461594041971,0.384056621744088,0.742172676735286,0.798070450914459,"cogn_se_lv"
"1678","AC011247.1","Exc L5/6 IT Car3",0.0165527949020618,3.9444429880027,0.37567880850568,0.540297835440333,0.830770675135052,0.877719933996082,"cogn_se_lv"
"1679","HNRNPLL","Exc L5/6 IT Car3",-0.037763628604657,6.03584132429615,9.60788770128372,0.00208428509408311,0.106215720522977,0.0907596259804595,"cogn_se_lv"
"1680","GALM","Exc L5/6 IT Car3",-0.0405479421276798,3.57840441211346,1.91929941998169,0.166760294137342,0.552160268238747,0.603445295006602,"cogn_se_lv"
"1681","SRSF7","Exc L5/6 IT Car3",-0.0234836186367942,6.11492752494119,1.25844162427094,0.262666613223791,0.645691937874616,0.706636448605376,"cogn_se_lv"
"1682","GEMIN6","Exc L5/6 IT Car3",0.0213457949231546,2.70132073240657,0.533722520174413,0.579765562594403,0.854320722431242,0.895871866272347,"cogn_se_lv"
"1683","DHX57","Exc L5/6 IT Car3",0.00995374092671332,5.78685074892043,0.807328815438152,0.542180339399441,0.831782933056037,0.878790082328157,"cogn_se_lv"
"1684","MORN2","Exc L5/6 IT Car3",-0.0335880514224919,2.99098260278174,1.51630184807824,0.218954399282445,0.607255359247776,0.663811384499958,"cogn_se_lv"
"1685","ARHGEF33","Exc L5/6 IT Car3",-0.00780500831592388,4.31565302256177,0.233826212593853,0.840233538181116,0.968750817708649,0.981323593475837,"cogn_se_lv"
"1686","SOS1","Exc L5/6 IT Car3",-0.012452159309767,8.08859083543617,1.42410594857493,0.233485868805463,0.621066116966681,0.678638369683741,"cogn_se_lv"
"1687","CDKL4","Exc L5/6 IT Car3",0.0518780556308333,2.62692935777806,2.30743694838745,0.129601812904211,0.500047712728776,0.550612285945274,"cogn_se_lv"
"1688","MAP4K3","Exc L5/6 IT Car3",-0.0049739856736135,8.22521556630765,0.22251629250299,0.637404595645002,0.883276385755741,0.920451206722965,"cogn_se_lv"
"1689","AC007388.1","Exc L5/6 IT Car3",0.0491363385853394,7.75651679832119,12.0213126121494,0.000587170530210983,0.0599602301311108,0.0480842258890666,"cogn_se_lv"
"1690","TMEM178A","Exc L5/6 IT Car3",0.0182634819982738,8.1715792749081,2.74892178788014,0.0981592199907748,0.453535699648017,0.494436354437145,"cogn_se_lv"
"1691","THUMPD2","Exc L5/6 IT Car3",-0.00877170235432577,5.5162285950812,0.562661642294916,0.453661831763267,0.785272251809322,0.836600138569108,"cogn_se_lv"
"1692","SLC8A1-AS1","Exc L5/6 IT Car3",2.91876508931752e-05,5.84988537373948,1.28148828008478e-06,0.99909737630193,0.999604744296048,0.999954262357359,"cogn_se_lv"
"1693","SLC8A1","Exc L5/6 IT Car3",-0.00948276031169487,10.214190784962,0.640743910967688,0.423950159134624,0.76968183898571,0.821264967696127,"cogn_se_lv"
"1694","AC013480.1","Exc L5/6 IT Car3",0.0652948906091445,1.36885192157784,1.36519621591586,0.243383845065941,0.628363928126964,0.687628831659919,"cogn_se_lv"
"1695","PKDCC","Exc L5/6 IT Car3",0.00261059275776567,5.36444508778338,0.0178526186625492,0.893779984725823,0.9857013440361,0.991168580049896,"cogn_se_lv"
"1696","AC083949.1","Exc L5/6 IT Car3",0.0423505803612389,1.7630641238143,0.560349473681468,0.454590367030543,0.78569812642431,0.837184516847767,"cogn_se_lv"
"1697","EML4","Exc L5/6 IT Car3",0.0102726427449372,5.57284738593367,0.610911261445344,0.434939846407555,0.773613831177909,0.826603641098835,"cogn_se_lv"
"1698","COX7A2L","Exc L5/6 IT Car3",0.000589259903365358,6.86053172864288,0.00309021215942744,0.95569839861875,0.996920944446838,0.998428000651427,"cogn_se_lv"
"1699","KCNG3","Exc L5/6 IT Car3",0.005231569269511,4.89684771178959,0.076393750217502,0.782398123051559,0.949259099943806,0.968118784065218,"cogn_se_lv"
"1700","MTA3","Exc L5/6 IT Car3",0.000370608216394998,7.47612989374789,0.00135797634688241,0.970623702319404,0.998267578294294,0.999102668702867,"cogn_se_lv"
"1701","HAAO","Exc L5/6 IT Car3",0.078256466300872,2.22081275854754,3.54816659507237,0.0603875547456429,0.382467373235114,0.410239343375574,"cogn_se_lv"
"1702","AC016735.1","Exc L5/6 IT Car3",0.130386488441744,1.86903799017359,6.37563322929147,0.0119828007867974,0.218237690536763,0.207357865407141,"cogn_se_lv"
"1703","ZFP36L2","Exc L5/6 IT Car3",-0.0330731794060786,2.72272581701381,0.790038830523872,0.374660194472435,0.734150801238959,0.791139034661662,"cogn_se_lv"
"1704","THADA","Exc L5/6 IT Car3",0.0064083758791543,6.5896852279394,0.249324288136768,0.617845117965663,0.873592503670942,0.91241265274951,"cogn_se_lv"
"1705","PLEKHH2","Exc L5/6 IT Car3",0.0315731409169507,4.68199369723248,1.32555734037153,0.250333251898047,0.634369019715073,0.69502412539498,"cogn_se_lv"
"1706","DYNC2LI1","Exc L5/6 IT Car3",0.0239788304641253,6.72717565220564,3.3051800156433,0.069862350243188,0.404074767840821,0.434561095785825,"cogn_se_lv"
"1707","ABCG5","Exc L5/6 IT Car3",0.0673301487499401,2.65271474200888,3.89359073593436,0.0492072032561985,0.355873523549293,0.376346687802576,"cogn_se_lv"
"1708","ABCG8","Exc L5/6 IT Car3",0.062990349484448,3.09646220172851,4.35371339540608,0.0376058009894986,0.324958739062189,0.337960012637371,"cogn_se_lv"
"1709","LRPPRC","Exc L5/6 IT Car3",-0.0100387135179931,6.47843516418544,1.04977124254079,0.306222587428064,0.682747109631723,0.743577864733565,"cogn_se_lv"
"1710","PPM1B","Exc L5/6 IT Car3",-0.00946356198231181,6.94261508121633,1.29394835362992,0.256050447090833,0.639465032191168,0.700352746215353,"cogn_se_lv"
"1711","SLC3A1","Exc L5/6 IT Car3",0.0237884619809796,2.88799495000658,0.491726152672534,0.483594770935409,0.802341906500209,0.850997173066075,"cogn_se_lv"
"1712","PREPL","Exc L5/6 IT Car3",-0.0226480608523489,8.05631678356355,4.24375858965295,0.0400868618982355,0.330776725437538,0.347138343097965,"cogn_se_lv"
"1713","CAMKMT","Exc L5/6 IT Car3",0.00388178761929858,5.84569751304867,0.0548095916333014,0.815024315696144,0.959870452932088,0.976606831175279,"cogn_se_lv"
"1714","SRBD1","Exc L5/6 IT Car3",-0.00126569778896802,4.79035446228524,0.00443926259440557,0.946913653761568,0.994804925328349,0.997665219498107,"cogn_se_lv"
"1715","PRKCE","Exc L5/6 IT Car3",-0.00889973760237532,8.95059993671025,0.348062689599899,0.555568420962145,0.839929682996154,0.884834353175379,"cogn_se_lv"
"1716","EPAS1","Exc L5/6 IT Car3",0.049511674002012,1.34190139793705,0.652551713631115,0.419715778242854,0.766806125852906,0.818863673804457,"cogn_se_lv"
"1717","ATP6V1E2","Exc L5/6 IT Car3",0.00152412351509959,3.48970210974793,0.00399486276652159,0.949637116857192,0.995054338434123,0.997804640603097,"cogn_se_lv"
"1718","RHOQ","Exc L5/6 IT Car3",0.00693500198951519,4.33292251525028,0.090621739099358,0.763555659660512,0.941167215918009,0.963037432968516,"cogn_se_lv"
"1719","AC018682.1","Exc L5/6 IT Car3",0.0521379950747303,2.06925324864998,0.871559164323218,0.351126871469029,0.718391336570056,0.774769497045757,"cogn_se_lv"
"1720","PIGF","Exc L5/6 IT Car3",0.00716638933443526,4.50112943081095,0.231915143428936,0.630389300122171,0.879333937177577,0.917666686170455,"cogn_se_lv"
"1721","CRIPT","Exc L5/6 IT Car3",-0.019732615381637,3.49521022569148,0.839697083344664,0.440802114064626,0.776728249994802,0.83001939042394,"cogn_se_lv"
"1722","SOCS5","Exc L5/6 IT Car3",-0.0105468016806582,4.88654855712882,0.442188005736096,0.506478468959208,0.816298421614546,0.862431113340019,"cogn_se_lv"
"1723","LINC01119","Exc L5/6 IT Car3",-0.00972632204090845,2.32402264540027,0.0699820103898083,0.791508824638589,0.951705866845873,0.970586606501193,"cogn_se_lv"
"1724","AC016722.2","Exc L5/6 IT Car3",0.132484351007945,1.48699241592601,4.91882631642829,0.0271663741130645,0.29594419293694,0.294901306073918,"cogn_se_lv"
"1725","MCFD2","Exc L5/6 IT Car3",-0.0132196805447769,4.97572274964614,0.766461961304938,0.381876193307542,0.740402552467578,0.796675802198619,"cogn_se_lv"
"1726","TTC7A","Exc L5/6 IT Car3",0.057155888587749,5.15173927724514,12.3174556141842,0.000503505402330175,0.0568538313610675,0.0445301070297148,"cogn_se_lv"
"1727","CALM2","Exc L5/6 IT Car3",-0.0325012141801107,2.17380533192148,0.482935925371842,0.487527346960365,0.80430136922538,0.853130424803585,"cogn_se_lv"
"1728","AC106869.1","Exc L5/6 IT Car3",0.0113317683836396,2.04409831548026,0.0858904303910756,0.769630799808876,0.942967758065329,0.964517152956776,"cogn_se_lv"
"1729","EPCAM","Exc L5/6 IT Car3",-0.0656273237803546,1.59676726691932,1.27666663165281,0.259244493465659,0.642009821242708,0.70331706827324,"cogn_se_lv"
"1730","MSH2","Exc L5/6 IT Car3",0.0255444245193775,6.30510960754722,6.79801304989722,0.00949150987606247,0.202039193627388,0.187140035753914,"cogn_se_lv"
"1731","KCNK12","Exc L5/6 IT Car3",0.00475121990628025,4.51937508357801,0.0458727783989536,0.83052405080988,0.966145695542514,0.979427524354229,"cogn_se_lv"
"1732","MSH6","Exc L5/6 IT Car3",-0.00095748225327202,4.04185404414747,0.00305286866725311,0.961751305896143,0.997053628956036,0.998671534701029,"cogn_se_lv"
"1733","FBXO11","Exc L5/6 IT Car3",0.00311601070666984,7.66472075097294,0.151318627466682,0.697499969224444,0.9083967611377,0.942116496767345,"cogn_se_lv"
"1734","AC092650.1","Exc L5/6 IT Car3",0.0476580273998447,1.76309593925055,0.999994230683333,0.317959012492932,0.692610005425267,0.752900987285275,"cogn_se_lv"
"1735","FOXN2","Exc L5/6 IT Car3",-0.0279679350356043,4.62672307005289,2.47275958950083,0.116680684122462,0.484673610970226,0.528674285992353,"cogn_se_lv"
"1736","AC093635.1","Exc L5/6 IT Car3",0.00615690139926315,1.97617275967446,0.0195908870825309,0.888761119751253,0.984472057540796,0.990249504502358,"cogn_se_lv"
"1737","PPP1R21","Exc L5/6 IT Car3",0.00838961952702998,7.15496966751704,0.630341711262264,0.427733886300797,0.77182381801977,0.82340531070393,"cogn_se_lv"
"1738","STON1-GTF2A1L","Exc L5/6 IT Car3",-0.0456661042057264,2.01390449951087,1.0106301016899,0.315402463612003,0.689788818386917,0.751080106045623,"cogn_se_lv"
"1739","AC009975.1","Exc L5/6 IT Car3",0.015380172415678,3.74882935540546,0.180996413789156,0.67076323818317,0.896973919231145,0.932421947506015,"cogn_se_lv"
"1740","FSHR","Exc L5/6 IT Car3",-0.197599054050044,2.11706540503953,9.45744834051906,0.00225766415826999,0.110500838591297,0.0940975596074489,"cogn_se_lv"
"1741","AC009975.2","Exc L5/6 IT Car3",-0.0345022659798869,1.75181925747675,0.537976657121596,0.463732383171611,0.790961030368069,0.841923733548083,"cogn_se_lv"
"1742","NRXN1","Exc L5/6 IT Car3",-0.014859417619594,11.3855004462301,1.91281460341482,0.167476766630505,0.55334208639834,0.604266710369993,"cogn_se_lv"
"1743","AC007402.1","Exc L5/6 IT Car3",0.0385065098435774,3.52645337443081,1.74568584482087,0.187228441914043,0.575024091210762,0.628301986050857,"cogn_se_lv"
"1744","AC010967.1","Exc L5/6 IT Car3",-0.123560876060242,1.5938274257125,6.35555091146715,0.0121168361039764,0.219903428820987,0.208352511455912,"cogn_se_lv"
"1745","ASB3","Exc L5/6 IT Car3",-0.0359657429506412,4.43704772200735,3.60258570233637,0.0584601461521295,0.378662310303566,0.405214493020676,"cogn_se_lv"
"1746","GPR75-ASB3","Exc L5/6 IT Car3",0.0178809560320732,5.91105653444524,1.26617936010636,0.261206878582526,0.644639810998247,0.704964582798484,"cogn_se_lv"
"1747","CHAC2","Exc L5/6 IT Car3",0.0104071581226699,2.22070671313563,0.0454712150989123,0.83125621102417,0.966177555530849,0.979539454075623,"cogn_se_lv"
"1748","ERLEC1","Exc L5/6 IT Car3",-0.0243291731615854,5.22422829408452,1.85949289162514,0.17350425234149,0.560031552754935,0.611909854785555,"cogn_se_lv"
"1749","PSME4","Exc L5/6 IT Car3",-0.0305467029021326,6.7080921844681,2.00674624546006,0.15743396848829,0.53985381247289,0.591071658744696,"cogn_se_lv"
"1750","ACYP2","Exc L5/6 IT Car3",0.00955664541588231,7.68290975540356,0.868442276926122,0.35198861390563,0.719169542251618,0.775599089851346,"cogn_se_lv"
"1751","C2orf73","Exc L5/6 IT Car3",0.136125963937003,2.5291080820625,12.5642947204169,0.000443068689289231,0.0551586346446866,0.0412250111927015,"cogn_se_lv"
"1752","SPTBN1","Exc L5/6 IT Car3",-0.00081589890799221,8.7101856068296,0.0129632074576404,0.90941302730231,0.988827645201536,0.993524268295127,"cogn_se_lv"
"1753","AC092839.1","Exc L5/6 IT Car3",0.0141303912424303,3.65586771883707,0.130408004726892,0.7182134573565,0.919958810546528,0.949173657339435,"cogn_se_lv"
"1754","AC093110.1","Exc L5/6 IT Car3",-0.0223057423984375,2.16445468428636,0.218684138762696,0.640316971914758,0.884047564166873,0.921328904556961,"cogn_se_lv"
"1755","EML6","Exc L5/6 IT Car3",0.0256546487836266,7.4997257912302,2.78559795171167,0.0959527382897249,0.450135034879137,0.490445129960644,"cogn_se_lv"
"1756","RTN4","Exc L5/6 IT Car3",-0.0140931792483775,8.68082939101799,0.924864083706888,0.336822941543121,0.706901005093227,0.765393022407121,"cogn_se_lv"
"1757","CLHC1","Exc L5/6 IT Car3",0.0163037310422365,5.13065392822886,0.884550234584304,0.34756600251626,0.715700650197033,0.772665617314992,"cogn_se_lv"
"1758","RPS27A","Exc L5/6 IT Car3",-0.0456553706447532,6.25696831788158,0.995841922256126,0.31896450001584,0.692853021205897,0.753444703534055,"cogn_se_lv"
"1759","MTIF2","Exc L5/6 IT Car3",-0.00724103072854649,3.82509555261312,0.173940881607749,0.676872403933322,0.899330804466141,0.93485980607393,"cogn_se_lv"
"1760","AC012358.3","Exc L5/6 IT Car3",0.00227350540881604,4.28870321690555,0.0137479286422096,0.906723703100304,0.98792472808284,0.993036421399373,"cogn_se_lv"
"1761","CCDC88A","Exc L5/6 IT Car3",0.0118484483729711,7.85812064595773,1.17939414600245,0.27817944503941,0.660040556780999,0.719998101944824,"cogn_se_lv"
"1762","CFAP36","Exc L5/6 IT Car3",4.4042212810812e-05,6.26938827865918,2.16545034760088e-05,0.996289588744747,0.999242764926216,0.999870711362408,"cogn_se_lv"
"1763","PPP4R3B","Exc L5/6 IT Car3",0.000658241324272895,6.16700590690628,0.00508604615898948,0.94318399993981,0.994804925328349,0.997626386519645,"cogn_se_lv"
"1764","PNPT1","Exc L5/6 IT Car3",-0.0187826344950512,5.66991186632152,3.13136868336861,0.0776147564660142,0.420245591791449,0.453777436550013,"cogn_se_lv"
"1765","CCDC85A","Exc L5/6 IT Car3",0.0400311541431144,7.20956443346836,3.8207934892877,0.0513655663099213,0.35981631126162,0.38339872840983,"cogn_se_lv"
"1766","VRK2","Exc L5/6 IT Car3",-0.00600853812045792,1.699787263588,0.0131684146622837,0.908701973347061,0.988416424129917,0.993379140459181,"cogn_se_lv"
"1767","FANCL","Exc L5/6 IT Car3",0.0228708406787731,4.98662804196136,1.95410970539459,0.162973912314788,0.546797415349111,0.598445812646365,"cogn_se_lv"
"1768","LINC01122","Exc L5/6 IT Car3",0.0233280337921497,6.76557042129567,2.06909725224061,0.15114746808663,0.530360130837493,0.582589375969505,"cogn_se_lv"
"1769","LINC01793","Exc L5/6 IT Car3",0.0658408539958166,2.61532838052051,3.0889431233964,0.079644799618162,0.421472806072909,0.45821170804864,"cogn_se_lv"
"1770","AC007100.1","Exc L5/6 IT Car3",0.0204828019908187,1.62168251414145,0.191460136890603,0.661956916341087,0.892674867330261,0.929376893722882,"cogn_se_lv"
"1771","BCL11A","Exc L5/6 IT Car3",0.0355217167844834,5.20762099902045,3.02145332974682,0.0829935271293403,0.428648673386602,0.465779619931125,"cogn_se_lv"
"1772","PAPOLG","Exc L5/6 IT Car3",0.0208160900470107,5.05992297257113,2.8480759490816,0.114483000593839,0.480734891988861,0.524607416380962,"cogn_se_lv"
"1773","LINC01185","Exc L5/6 IT Car3",0.103119983725241,1.57505109905609,3.31844789367169,0.0693058180017991,0.403257670717462,0.43306778762349,"cogn_se_lv"
"1774","REL","Exc L5/6 IT Car3",-0.0170903848317649,4.70332895509695,1.18346114735399,0.283074548810748,0.662839437831709,0.723820025028157,"cogn_se_lv"
"1775","PUS10","Exc L5/6 IT Car3",0.00022025444038343,5.21784833483075,0.000194543292159242,0.988879008297546,0.99883165995626,0.999870711362408,"cogn_se_lv"
"1776","PEX13","Exc L5/6 IT Car3",-0.0135671918816995,4.77682013757216,0.774435998297194,0.379413828407549,0.738388823873568,0.79492690270575,"cogn_se_lv"
"1777","KIAA1841","Exc L5/6 IT Car3",0.0192501839095287,6.25755863626027,1.99560119170492,0.158588780043086,0.540417185023175,0.592425458995232,"cogn_se_lv"
"1778","C2orf74","Exc L5/6 IT Car3",0.0127557908318182,4.60211858805242,0.322223522417869,0.570615328498223,0.848666491645945,0.891176205193485,"cogn_se_lv"
"1779","USP34","Exc L5/6 IT Car3",-0.0226223353112304,8.50628744458382,5.97572925356919,0.0149654182375194,0.236118041729254,0.228700718418814,"cogn_se_lv"
"1780","AC016727.1","Exc L5/6 IT Car3",-0.0177546302515237,2.99486695090697,0.520723688071496,0.470984415139704,0.794633044963293,0.845471042135165,"cogn_se_lv"
"1781","XPO1","Exc L5/6 IT Car3",0.00902803456242598,7.27689724712888,0.788204573390251,0.375214660386808,0.734782068737204,0.791459949185605,"cogn_se_lv"
"1782","FAM161A","Exc L5/6 IT Car3",-0.0522315320077859,4.71319787239756,14.2048506041694,0.000190460924800067,0.0392470188413782,0.0264317930971045,"cogn_se_lv"
"1783","CCT4","Exc L5/6 IT Car3",-0.0208140395076317,5.60717735517848,1.75393972158364,0.186191658485222,0.573327255719801,0.62680494560986,"cogn_se_lv"
"1784","AC107081.2","Exc L5/6 IT Car3",0.00877097559117325,2.01982263431484,0.0453681441052634,0.831444682425746,0.966177555530849,0.979556835434487,"cogn_se_lv"
"1785","COMMD1","Exc L5/6 IT Car3",0.00488537892178084,7.36390919040221,0.339070240357991,0.56071755418686,0.843634938235413,0.887177447700678,"cogn_se_lv"
"1786","AC018462.1","Exc L5/6 IT Car3",0.00253158820200148,3.11891390284009,0.00609923427022947,0.937792222362095,0.994369077299174,0.99727077180765,"cogn_se_lv"
"1787","B3GNT2","Exc L5/6 IT Car3",0.00789424315818929,4.13900995502395,0.186640586797974,0.665976638885377,0.894623771475196,0.930805713543491,"cogn_se_lv"
"1788","TMEM17","Exc L5/6 IT Car3",-0.0283573368768602,2.28281605291753,0.53807803583055,0.463690300380592,0.790961030368069,0.841920559896362,"cogn_se_lv"
"1789","EHBP1","Exc L5/6 IT Car3",0.0025359148229305,8.46348385921011,0.062298151669686,0.803036958279639,0.955597215489341,0.973737976661521,"cogn_se_lv"
"1790","AC092567.1","Exc L5/6 IT Car3",-0.0185145480881258,2.72787634829435,0.213030091339282,0.64467130781429,0.885531187724199,0.922896293749384,"cogn_se_lv"
"1791","AC009501.1","Exc L5/6 IT Car3",0.0130158585568364,2.35569160836464,0.0870100503877363,0.768177052326833,0.942734854457692,0.964150445057371,"cogn_se_lv"
"1792","WDPCP","Exc L5/6 IT Car3",-0.0056211118684303,8.48003661067981,0.26128888987425,0.609537934685312,0.869396553735584,0.908828745972196,"cogn_se_lv"
"1793","MDH1","Exc L5/6 IT Car3",-0.0386116306955645,6.8750824257596,3.04911625006235,0.0816028487873016,0.425408435055331,0.462810359788851,"cogn_se_lv"
"1794","UGP2","Exc L5/6 IT Car3",-0.0396020296289926,6.89066088992915,9.90080628820118,0.00178459080063088,0.100603855024576,0.0840379469473906,"cogn_se_lv"
"1795","VPS54","Exc L5/6 IT Car3",-0.000844634982403403,6.45459349600118,0.00502990037319996,0.94349794151316,0.994804925328349,0.997626386519645,"cogn_se_lv"
"1796","PELI1","Exc L5/6 IT Car3",-0.0176021853136634,6.59019951759246,1.51829035714672,0.218653152448142,0.607025207381097,0.663526838475017,"cogn_se_lv"
"1797","AC008074.1","Exc L5/6 IT Car3",0.0498594142349246,4.38587634010484,4.95744107017793,0.0265741691169183,0.294016148604868,0.292455068781613,"cogn_se_lv"
"1798","LGALSL","Exc L5/6 IT Car3",-0.0601237030759877,3.1012001543433,5.66311316048698,0.0178264669564322,0.253557603012469,0.246641682853708,"cogn_se_lv"
"1799","AFTPH","Exc L5/6 IT Car3",0.00470833545715506,6.38102786125613,0.282527639003302,0.653367678398906,0.888556645135312,0.925673378191685,"cogn_se_lv"
"1800","SERTAD2","Exc L5/6 IT Car3",-0.0131233221151984,5.39093038029483,0.402908650096121,0.525979358035659,0.823313905631488,0.871041471800748,"cogn_se_lv"
"1801","SLC1A4","Exc L5/6 IT Car3",0.0115071934396927,5.29897813447132,0.708361957958298,0.400526433683924,0.754295376210914,0.807787411424867,"cogn_se_lv"
"1802","LINC02576","Exc L5/6 IT Car3",0.0824483405231387,2.52202699230676,4.89842997095087,0.0274847248333424,0.296436903469433,0.296115244200432,"cogn_se_lv"
"1803","CEP68","Exc L5/6 IT Car3",0.0275008298651821,5.58768854681337,3.84616745139238,0.0506020628185652,0.358979842940613,0.380614844364749,"cogn_se_lv"
"1804","RAB1A","Exc L5/6 IT Car3",-0.0033323554382082,6.35615220292574,0.0904904000383265,0.7637219398189,0.941167215918009,0.963075990770162,"cogn_se_lv"
"1805","ACTR2","Exc L5/6 IT Car3",-0.00613326383808959,7.28405202701972,0.364834734062812,0.546199847166712,0.834153930748357,0.880454713456183,"cogn_se_lv"
"1806","SPRED2","Exc L5/6 IT Car3",-0.00908423909522305,6.50839190019132,0.14253745811872,0.705985695281726,0.913394641013048,0.945303415316622,"cogn_se_lv"
"1807","AC007389.3","Exc L5/6 IT Car3",0.10006496124088,1.59101225338344,2.64801926616862,0.104521887904066,0.464595577590306,0.506609205566911,"cogn_se_lv"
"1808","MEIS1","Exc L5/6 IT Car3",-0.0212108576185312,3.38741256769121,0.635693187568818,0.42578099735271,0.770551452170533,0.82225556171772,"cogn_se_lv"
"1809","LINC01798","Exc L5/6 IT Car3",0.000796918975079981,1.41677441643724,0.000324219268810729,0.985643605421427,0.998390354534415,0.999870711362408,"cogn_se_lv"
"1810","LINC01829","Exc L5/6 IT Car3",0.108811785543469,1.88804135208446,5.61408516555998,0.0183241823812918,0.257073078257139,0.249600769367567,"cogn_se_lv"
"1811","ETAA1","Exc L5/6 IT Car3",-0.00660570530412004,3.56595285294168,0.101195038732604,0.750577931272765,0.935032731284431,0.959397614470466,"cogn_se_lv"
"1812","C1D","Exc L5/6 IT Car3",0.0118877255478866,5.44126705600698,0.954969495627129,0.329089789211998,0.700143385021856,0.760367349161606,"cogn_se_lv"
"1813","WDR92","Exc L5/6 IT Car3",-0.0103452781280798,4.26379649042292,0.402589072334452,0.64086036683523,0.884107586310083,0.921497133331088,"cogn_se_lv"
"1814","AC017083.3","Exc L5/6 IT Car3",0.00918573995473175,2.62808535043302,0.0751670229396776,0.78410851247117,0.949524736639513,0.968335382161404,"cogn_se_lv"
"1815","PNO1","Exc L5/6 IT Car3",0.0147482098621241,3.66265066118179,0.58267313637971,0.445748086812437,0.780617097865658,0.832794577551299,"cogn_se_lv"
"1816","AC017083.1","Exc L5/6 IT Car3",0.021254081510925,2.9302923918155,0.531702115920502,0.46634891526821,0.791916707706089,0.843095284383663,"cogn_se_lv"
"1817","CNRIP1","Exc L5/6 IT Car3",-0.0166218642387833,5.80803940793145,1.65561632209579,0.19899278752516,0.586514030126452,0.64118198597801,"cogn_se_lv"
"1818","FBXO48","Exc L5/6 IT Car3",-0.0154834712270568,1.97290641001254,0.168407991685865,0.681765762425273,0.901093868887582,0.936661902798299,"cogn_se_lv"
"1819","APLF","Exc L5/6 IT Car3",0.0466013687599253,4.36053609892199,4.70612846017911,0.0306851184862903,0.304222598957164,0.310275059759832,"cogn_se_lv"
"1820","ARHGAP25","Exc L5/6 IT Car3",0.130256530617739,2.3507741679771,7.07670467821233,0.00814564842800109,0.190847787828328,0.17459104209068,"cogn_se_lv"
"1821","ANTXR1","Exc L5/6 IT Car3",0.00270077315980854,5.17889981936391,0.0210217732401221,0.884797827755457,0.983108697506063,0.989509018752497,"cogn_se_lv"
"1822","GFPT1","Exc L5/6 IT Car3",0.0217146871543513,6.06298709878334,2.83367295957828,0.0931422180491429,0.44452000907119,0.485783725041322,"cogn_se_lv"
"1823","NFU1","Exc L5/6 IT Car3",0.0260909241724759,4.59578851680012,3.14534063396874,0.0769585025383784,0.418512845959591,0.452431663104707,"cogn_se_lv"
"1824","AAK1","Exc L5/6 IT Car3",-0.0155847346419327,8.06033078688612,2.9662910853861,0.085844012588379,0.434295997994672,0.471759927463663,"cogn_se_lv"
"1825","ANXA4","Exc L5/6 IT Car3",0.0136221776676604,3.70439475099546,0.270658871668716,0.603198222451093,0.866780638984344,0.906035060599748,"cogn_se_lv"
"1826","GMCL1","Exc L5/6 IT Car3",0.00335057471975216,5.93621909478597,0.0756083849634138,0.783491417058494,0.949524736639513,0.968323843139622,"cogn_se_lv"
"1827","SNRNP27","Exc L5/6 IT Car3",0.0177028000079921,2.32756360987844,0.289857715492822,0.590632271232167,0.859216805267642,0.900841391334929,"cogn_se_lv"
"1828","MXD1","Exc L5/6 IT Car3",-0.00746832521485443,5.37954351933859,0.352490097615682,0.55306613461359,0.839085943582724,0.883742724112411,"cogn_se_lv"
"1829","PCBP1","Exc L5/6 IT Car3",-0.0430045530739567,5.41639541980963,2.70401300974091,0.100936987919217,0.458512930674551,0.499782518003283,"cogn_se_lv"
"1830","C2orf42","Exc L5/6 IT Car3",-0.00303206469667599,4.16692486858721,0.0393464126338596,0.956126529350347,0.996920944446838,0.998428000651427,"cogn_se_lv"
"1831","PCYOX1","Exc L5/6 IT Car3",-0.0198253947996797,5.50234162009361,1.68667268550973,0.194841019938761,0.583090189119214,0.636959031117533,"cogn_se_lv"
"1832","SNRPG","Exc L5/6 IT Car3",-0.0193997937654145,3.61824464790874,0.642813933544957,0.423203214387729,0.769245114478639,0.820736634884369,"cogn_se_lv"
"1833","FAM136A","Exc L5/6 IT Car3",0.0153320121459408,3.88167607940175,0.589760125528518,0.442996905400855,0.778382369377654,0.831308233741835,"cogn_se_lv"
"1834","TGFA","Exc L5/6 IT Car3",0.0575513709739039,4.6170407744265,5.80080501567166,0.0165022388951356,0.244862693729978,0.238920336502805,"cogn_se_lv"
"1835","ADD2","Exc L5/6 IT Car3",0.0141646688384614,7.34178048174706,1.86105700058027,0.173323922235533,0.559801713159465,0.61162409262701,"cogn_se_lv"
"1836","AC007040.2","Exc L5/6 IT Car3",0.0433192807893308,4.88334290533798,3.72590759861242,0.0543309635524535,0.369704931962166,0.393867427409403,"cogn_se_lv"
"1837","NAGK","Exc L5/6 IT Car3",0.0142371412923031,4.64567375416784,1.16110396147008,0.281931831962688,0.662539096936755,0.723140333233505,"cogn_se_lv"
"1838","MCEE","Exc L5/6 IT Car3",0.054987622745142,4.28745678483673,9.21427955774937,0.00256960152741246,0.118111418901494,0.100229525636674,"cogn_se_lv"
"1839","MPHOSPH10","Exc L5/6 IT Car3",0.00525788422958332,4.68172226822103,0.106386820390303,0.744478384253172,0.933022991340091,0.957560042937765,"cogn_se_lv"
"1840","PAIP2B","Exc L5/6 IT Car3",0.0683683428197145,3.49294192418234,5.33884244576828,0.02139922624287,0.274107312637756,0.268632571324744,"cogn_se_lv"
"1841","ZNF638","Exc L5/6 IT Car3",0.000123388899396071,8.62382045551571,0.00011995980032719,0.991267096398502,0.999242764926216,0.999870711362408,"cogn_se_lv"
"1842","DYSF","Exc L5/6 IT Car3",0.046105554488641,6.72244640655713,9.13848038951504,0.00267556577078969,0.121108697683686,0.102247396244276,"cogn_se_lv"
"1843","EXOC6B","Exc L5/6 IT Car3",-0.00176054228934947,8.50098184570269,0.0299373569238211,0.862726125553478,0.974960696887198,0.986278634068545,"cogn_se_lv"
"1844","SPR","Exc L5/6 IT Car3",-0.0431669485916673,2.03522041216483,0.662577512312837,0.416169852539027,0.764427370984179,0.816694666819784,"cogn_se_lv"
"1845","EMX1","Exc L5/6 IT Car3",-0.0089740490143672,4.64994825964047,0.286974188574136,0.592484793462418,0.859974089096834,0.901661183606652,"cogn_se_lv"
"1846","SFXN5","Exc L5/6 IT Car3",0.0304497036304554,7.46760316254956,2.84246326553238,0.0926381145723511,0.444119599988669,0.485307629986587,"cogn_se_lv"
"1847","RAB11FIP5","Exc L5/6 IT Car3",0.0321315410851579,3.55885945050793,1.86450412948224,0.172927257343395,0.559485520597349,0.611155221016818,"cogn_se_lv"
"1848","SMYD5","Exc L5/6 IT Car3",0.0303793111256321,3.50935526952464,2.0717490417495,0.150886502335162,0.52980681518096,0.582323658737316,"cogn_se_lv"
"1849","PRADC1","Exc L5/6 IT Car3",0.0023070645066592,3.44271898841628,0.00922106258491496,0.923551110980863,0.990974669133532,0.995146533127529,"cogn_se_lv"
"1850","CCT7","Exc L5/6 IT Car3",-0.0324785968732504,4.72168875477777,1.4096800905735,0.23586370497976,0.623140686898157,0.680960699759295,"cogn_se_lv"
"1851","FBXO41","Exc L5/6 IT Car3",-0.00491404727941682,5.58213688044182,0.208468535603056,0.648235684492157,0.886865248851835,0.924227300558011,"cogn_se_lv"
"1852","EGR4","Exc L5/6 IT Car3",-0.145641301936761,3.13203435112461,6.12838517180526,0.0137453605843654,0.229163659196484,0.22025684989383,"cogn_se_lv"
"1853","ALMS1","Exc L5/6 IT Car3",0.0146562501081319,6.34186562607123,1.2965767224367,0.255568943741244,0.639026164772989,0.699852955135642,"cogn_se_lv"
"1854","TPRKB","Exc L5/6 IT Car3",0.0272255665316266,4.06367943205483,1.89342743464241,0.169639952254586,0.556681238646118,0.607531925788265,"cogn_se_lv"
"1855","DUSP11","Exc L5/6 IT Car3",0.0272127255085382,5.11140179775792,1.74721303562084,0.187036102138018,0.574777478415355,0.628199566903861,"cogn_se_lv"
"1856","STAMBP","Exc L5/6 IT Car3",0.0129005541633593,4.66896904098145,0.873096359884699,0.350702936031291,0.717823937428057,0.774365693880722,"cogn_se_lv"
"1857","DGUOK","Exc L5/6 IT Car3",-0.0215184421881655,4.83428344048684,2.02624887765994,0.155436176428393,0.536935705798429,0.588261156567339,"cogn_se_lv"
"1858","DGUOK-AS1","Exc L5/6 IT Car3",-0.10946403198483,2.61914564831075,7.65728008165312,0.00593556415235959,0.165486109247852,0.151195902173315,"cogn_se_lv"
"1859","TET3","Exc L5/6 IT Car3",-0.0387297957239593,6.86399768500023,4.92514866485728,0.0270684773798106,0.29594419293694,0.294718156750443,"cogn_se_lv"
"1860","BOLA3","Exc L5/6 IT Car3",0.0135109473312046,4.2623043262453,0.418599547437186,0.518033898792253,0.820473572338456,0.867601724651395,"cogn_se_lv"
"1861","BOLA3-AS1","Exc L5/6 IT Car3",0.0289786810315065,2.69811991413778,0.983666498876129,0.321937064759202,0.69499388787265,0.755427447273217,"cogn_se_lv"
"1862","MOB1A","Exc L5/6 IT Car3",0.0121886323512187,3.96877756471125,0.501757611661745,0.479170486059927,0.799764009145411,0.849023623076222,"cogn_se_lv"
"1863","MTHFD2","Exc L5/6 IT Car3",-0.00840975129957455,1.85141027440161,0.0241910978234093,0.876483644465104,0.979884010483651,0.988456398102355,"cogn_se_lv"
"1864","AC006030.1","Exc L5/6 IT Car3",0.0403138723658356,3.3859619840361,1.65046168343767,0.199691915795009,0.586514030126452,0.641900183411288,"cogn_se_lv"
"1865","DCTN1","Exc L5/6 IT Car3",0.00803440596086281,3.07671983484198,0.0793022393570956,0.778401112807583,0.947003409178554,0.967079695559293,"cogn_se_lv"
"1866","DCTN1-AS1","Exc L5/6 IT Car3",0.023037778865848,3.36791449067655,1.05890570441867,0.304130506736651,0.68095225306377,0.742002746047917,"cogn_se_lv"
"1867","AC005041.1","Exc L5/6 IT Car3",-0.0197664777174636,2.1758238692999,0.186893906534725,0.665763832898656,0.894623771475196,0.930721492868014,"cogn_se_lv"
"1868","WDR54","Exc L5/6 IT Car3",0.0286696137771865,4.00922067730658,1.28560067331735,0.257587160361277,0.640286085390188,0.702056338286193,"cogn_se_lv"
"1869","RTKN","Exc L5/6 IT Car3",-0.0199087918117112,1.93352632834672,0.257960728207393,0.611824299048384,0.870531635923984,0.910075724963304,"cogn_se_lv"
"1870","MOGS","Exc L5/6 IT Car3",-0.0152281146505037,4.10654617964078,0.551507793275179,0.458168845323476,0.788028655907772,0.839317903024899,"cogn_se_lv"
"1871","CCDC142","Exc L5/6 IT Car3",0.0155176812749136,3.21843610518118,0.467025921174949,0.653334643628286,0.888556645135312,0.925659109926557,"cogn_se_lv"
"1872","TTC31","Exc L5/6 IT Car3",0.0155483934778596,2.98357783339247,0.412321366505033,0.521187344486624,0.821092037196555,0.86892040399956,"cogn_se_lv"
"1873","PCGF1","Exc L5/6 IT Car3",-0.0253457258497419,1.91623014223468,0.280864217592177,0.596450085092597,0.862527846791209,0.903436729269285,"cogn_se_lv"
"1874","AUP1","Exc L5/6 IT Car3",-0.0593607002217655,4.36163222097016,5.50204214617334,0.01951648800661,0.263718994802803,0.257537052428622,"cogn_se_lv"
"1875","HTRA2","Exc L5/6 IT Car3",-0.036081458095261,3.08018128897494,1.74027839205829,0.187911333703846,0.575062928090689,0.629022066596823,"cogn_se_lv"
"1876","M1AP","Exc L5/6 IT Car3",0.0173829762429556,3.42182212309332,0.43873102817427,0.508143875084648,0.816915725222264,0.863147204726805,"cogn_se_lv"
"1877","SEMA4F","Exc L5/6 IT Car3",0.00211906541654316,4.84343979439014,0.0245811723395596,0.875499883127433,0.979884010483651,0.9882628496082,"cogn_se_lv"
"1878","POLE4","Exc L5/6 IT Car3",-0.0739188472111245,3.26527706663208,4.66969180453712,0.0313342551750218,0.305598344197456,0.312825119867274,"cogn_se_lv"
"1879","AC007681.1","Exc L5/6 IT Car3",0.00605219618895836,2.60210825898112,0.0264864380503793,0.870805970975712,0.97844255522002,0.987507506811145,"cogn_se_lv"
"1880","EVA1A","Exc L5/6 IT Car3",0.069079564150223,1.69050309926603,1.728053919612,0.18946587658543,0.576944962534581,0.630927691583763,"cogn_se_lv"
"1881","AC007099.1","Exc L5/6 IT Car3",0.0401266201102802,2.23328685809811,1.06981510742656,0.301656122756718,0.679307849352746,0.739903805933883,"cogn_se_lv"
"1882","MRPL19","Exc L5/6 IT Car3",-0.010644999587371,5.55353858870105,0.552308330253749,0.457843015974781,0.788028655907772,0.839145593014038,"cogn_se_lv"
"1883","GCFC2","Exc L5/6 IT Car3",0.0269106371083606,5.22762003499033,3.51285525931375,0.0616744443543294,0.385168789389364,0.413818186446477,"cogn_se_lv"
"1884","LRRTM4","Exc L5/6 IT Car3",0.00453337777827185,9.66692812550269,0.0751714139796977,0.784102363505573,0.949524736639513,0.968335382161404,"cogn_se_lv"
"1885","CTNNA2","Exc L5/6 IT Car3",-0.00785336618893999,10.0287893459688,0.252379732342463,0.61570031107062,0.873007903756849,0.911684704606711,"cogn_se_lv"
"1886","AC016716.2","Exc L5/6 IT Car3",-0.0208302889812325,2.46647901356368,0.144614395971357,0.703952164351229,0.912079690238501,0.944784406215847,"cogn_se_lv"
"1887","AC008067.1","Exc L5/6 IT Car3",-0.0186099287659339,2.3239805472849,0.164737127319635,0.685064395557009,0.901848749589734,0.937820022915245,"cogn_se_lv"
"1888","SUCLG1","Exc L5/6 IT Car3",-0.00466510910567053,5.56440275805591,0.184990788571281,0.667366793419539,0.895220332863334,0.931248264652647,"cogn_se_lv"
"1889","DNAH6","Exc L5/6 IT Car3",-0.008696050091021,7.0162294560778,0.29182205388815,0.589377079322488,0.858759934902261,0.90041118574061,"cogn_se_lv"
"1890","TRABD2A","Exc L5/6 IT Car3",0.026765177967147,2.10324719949066,0.390381176072486,0.532480428534046,0.826815321335292,0.873958087949017,"cogn_se_lv"
"1891","TMSB10","Exc L5/6 IT Car3",-0.104644030887871,7.82023988025397,7.85400633283497,0.00533500280728562,0.158783522830177,0.143565680003279,"cogn_se_lv"
"1892","KCMF1","Exc L5/6 IT Car3",0.00399442231527039,5.89692722273367,0.138837551903187,0.83258188632167,0.966312347611673,0.97980968153495,"cogn_se_lv"
"1893","TCF7L1","Exc L5/6 IT Car3",0.0329458567754236,1.58062955667113,0.434522023094794,0.5101843681998,0.817208308346682,0.864070637864667,"cogn_se_lv"
"1894","TGOLN2","Exc L5/6 IT Car3",-0.0288738683605197,6.11134620738725,3.36028218349484,0.0675820065662668,0.397738845527666,0.428463051794648,"cogn_se_lv"
"1895","RETSAT","Exc L5/6 IT Car3",0.017232865679876,3.22683379310235,0.532526893099913,0.512032283076451,0.818419687003898,0.865063584895933,"cogn_se_lv"
"1896","ELMOD3","Exc L5/6 IT Car3",0.030584418355572,5.46177433617766,5.90924221085777,0.015531309353878,0.239505862681545,0.232074274083876,"cogn_se_lv"
"1897","SH2D6","Exc L5/6 IT Car3",0.129251865914019,1.45683563875043,5.13270572454114,0.0240507965815368,0.287154196578628,0.281583377888724,"cogn_se_lv"
"1898","MAT2A","Exc L5/6 IT Car3",-0.00256467368822511,5.55300057677081,0.0319615610990869,0.858208936187592,0.973716475920048,0.985156698229816,"cogn_se_lv"
"1899","GGCX","Exc L5/6 IT Car3",-0.0206649394503952,4.15474394514568,1.39097305876256,0.23899118868652,0.625336331463151,0.683938363034924,"cogn_se_lv"
"1900","VAMP8","Exc L5/6 IT Car3",0.074840089588755,2.36308425717461,3.72783788723173,0.0542688561390928,0.369704931962166,0.393734598921828,"cogn_se_lv"
"1901","RNF181","Exc L5/6 IT Car3",-0.0613250612455979,2.06528579871865,1.5074550224127,0.220300678558685,0.608597755139415,0.665169861356773,"cogn_se_lv"
"1902","TMEM150A","Exc L5/6 IT Car3",0.00104064239389105,2.41178846209608,0.00107458237078697,0.973866873084849,0.998267578294294,0.999408030758943,"cogn_se_lv"
"1903","USP39","Exc L5/6 IT Car3",0.016074734921078,4.8318527204406,0.724184154378319,0.395319833548658,0.751293188233372,0.804807198704262,"cogn_se_lv"
"1904","C2orf68","Exc L5/6 IT Car3",-0.00848037029732921,2.86013437417256,0.103563184148353,0.747774807979615,0.933897613787942,0.958571889555911,"cogn_se_lv"
"1905","GNLY","Exc L5/6 IT Car3",0.174560013764643,1.53836819879624,6.73682769821507,0.00981644916431914,0.205090790241758,0.190056613505075,"cogn_se_lv"
"1906","ST3GAL5","Exc L5/6 IT Car3",0.0111415215263011,6.65693336561998,0.988222034325416,0.320820592301235,0.693607301690158,0.754695989794728,"cogn_se_lv"
"1907","POLR1A","Exc L5/6 IT Car3",0.0289186767905484,5.30665765431743,4.83759465686026,0.0284576177969348,0.298467500217356,0.300707484005388,"cogn_se_lv"
"1908","PTCD3","Exc L5/6 IT Car3",0.0175467515466493,6.24488143248245,3.58234832416927,0.0591691273282649,0.379986913840459,0.407159214992821,"cogn_se_lv"
"1909","IMMT","Exc L5/6 IT Car3",0.0182170748902874,5.65310847747129,2.88014017195849,0.119666910205857,0.489738487304808,0.53449732052708,"cogn_se_lv"
"1910","MRPL35","Exc L5/6 IT Car3",-0.0249599045449517,4.14775033012189,1.32393818655405,0.250622263976817,0.634369019715073,0.695324190760828,"cogn_se_lv"
"1911","REEP1","Exc L5/6 IT Car3",0.0230732228474476,7.14997688499774,4.69408698879719,0.0308980705522283,0.304222598957164,0.311139419249147,"cogn_se_lv"
"1912","KDM3A","Exc L5/6 IT Car3",-0.022195707409363,4.92393783666346,1.62847782362572,0.202706315067822,0.589852164542185,0.645061807513726,"cogn_se_lv"
"1913","CHMP3","Exc L5/6 IT Car3",-0.0242537249557408,5.56830666350241,1.50982276468822,0.219939394156584,0.608460772257744,0.664669120926421,"cogn_se_lv"
"1914","RNF103-CHMP3","Exc L5/6 IT Car3",0.0289016758857525,4.59677714592329,2.48046654193883,0.116114283252468,0.484544148388146,0.527625461046052,"cogn_se_lv"
"1915","AC015971.1","Exc L5/6 IT Car3",0.0486360786887588,3.45623286661936,1.71788665502773,0.19077027106397,0.578240559961889,0.632050393231505,"cogn_se_lv"
"1916","RMND5A","Exc L5/6 IT Car3",0.0122413204925655,5.90221115662287,1.04483641352859,0.307360600130836,0.68313936200893,0.7443488410716,"cogn_se_lv"
"1917","CD8A","Exc L5/6 IT Car3",0.0734886865112278,3.22817431877735,8.84101176288268,0.00313637962912717,0.131138025595523,0.110821831758253,"cogn_se_lv"
"1918","RGPD1","Exc L5/6 IT Car3",0.0315890665781293,1.81307824873235,0.467574339872783,0.494529008761907,0.808946815200123,0.856568449283587,"cogn_se_lv"
"1919","PLGLB1","Exc L5/6 IT Car3",-0.00496315185082511,5.28556387576876,0.103673262525604,0.747645374693879,0.933897613787942,0.958534902038786,"cogn_se_lv"
"1920","CYTOR","Exc L5/6 IT Car3",0.0153322297967443,4.57267324476581,0.429856403622907,0.512462865559111,0.818419687003898,0.865241712607473,"cogn_se_lv"
"1921","RGPD2","Exc L5/6 IT Car3",-0.0318025628255553,2.26482385790686,0.383445588954186,0.536142300383485,0.828237948825381,0.875772024574242,"cogn_se_lv"
"1922","KRCC1","Exc L5/6 IT Car3",-0.00202840088444117,4.53087845885457,0.0148533038687697,0.905931990558767,0.987810604126722,0.99299714570084,"cogn_se_lv"
"1923","SMYD1","Exc L5/6 IT Car3",-0.0294863110228883,6.47014994883157,5.00054027339576,0.0259290765566098,0.291972693938124,0.289604956373661,"cogn_se_lv"
"1924","THNSL2","Exc L5/6 IT Car3",0.035026679433471,2.56125227121422,0.886637249492474,0.34699853998704,0.715260611242374,0.77221863494289,"cogn_se_lv"
"1925","EIF2AK3","Exc L5/6 IT Car3",-0.0736772426267558,5.83759045529683,21.2935527553875,5.42404144793381e-06,0.00642123060643857,0.00343660378469406,"cogn_se_lv"
"1926","RPIA","Exc L5/6 IT Car3",0.00075747311401909,4.37391539758097,0.00231908017215535,0.961616983456844,0.997053628956036,0.998669553021838,"cogn_se_lv"
"1927","AC233266.2","Exc L5/6 IT Car3",-0.0539497385112537,2.12960341755468,1.34482140228238,0.246925935083931,0.630841656862832,0.691246254587807,"cogn_se_lv"
"1928","ANKRD20A8P","Exc L5/6 IT Car3",-0.0367595361431466,2.24374868303563,0.997486151293432,0.318565847634279,0.692808967221059,0.753293371834922,"cogn_se_lv"
"1929","MAL","Exc L5/6 IT Car3",-0.0429234840432415,1.54863344543359,0.639445425106305,0.424419714912001,0.769898563471911,0.821454857302122,"cogn_se_lv"
"1930","MRPS5","Exc L5/6 IT Car3",-0.000437307409734064,6.28537424135457,0.00235567190686497,0.961315590822615,0.997053628956036,0.998669553021838,"cogn_se_lv"
"1931","ZNF514","Exc L5/6 IT Car3",0.0433623209104184,3.00497990998427,3.09555748099819,0.0793245636239308,0.420663153470392,0.457472444848703,"cogn_se_lv"
"1932","ZNF2","Exc L5/6 IT Car3",0.0370890872102635,3.38829702252283,2.60323547027413,0.107489924752723,0.46944026551966,0.511960650889512,"cogn_se_lv"
"1933","AC092835.1","Exc L5/6 IT Car3",0.00159127568759775,4.9540043719006,0.0100451551695706,0.920219034643121,0.990846634237573,0.994758645546779,"cogn_se_lv"
"1934","KCNIP3","Exc L5/6 IT Car3",0.0298662879707395,4.7588542141016,1.78797477960697,0.181986509801546,0.569088434625643,0.62208380610744,"cogn_se_lv"
"1935","FAHD2A","Exc L5/6 IT Car3",-0.00182927099019783,5.12802675348808,0.0241938884460659,0.876476577823088,0.979884010483651,0.988456398102355,"cogn_se_lv"
"1936","LINC00342","Exc L5/6 IT Car3",0.00479367288718344,4.08514154893514,0.0682403185176486,0.963912560652664,0.997621680933237,0.998906195013116,"cogn_se_lv"
"1937","ANKRD36C","Exc L5/6 IT Car3",-0.00651685802900222,7.85297193177993,0.399773367819202,0.527592988404227,0.824665457194907,0.871859749422474,"cogn_se_lv"
"1938","GPAT2","Exc L5/6 IT Car3",0.033408648246836,2.49315991632911,0.584179628044248,0.445161051881966,0.780222007527615,0.832468875204847,"cogn_se_lv"
"1939","DUSP2","Exc L5/6 IT Car3",-0.0997442919190394,3.97160737597863,6.99035834133268,0.00854024737553628,0.193632749184963,0.178452929605527,"cogn_se_lv"
"1940","STARD7","Exc L5/6 IT Car3",-0.00689398931513365,5.80072596712126,0.3224652613729,0.570470900018373,0.848666491645945,0.891168054217283,"cogn_se_lv"
"1941","TMEM127","Exc L5/6 IT Car3",-0.021033818391017,4.63125514703757,1.47822974031327,0.224819226679171,0.614097942384749,0.670343187579426,"cogn_se_lv"
"1942","CIAO1","Exc L5/6 IT Car3",-0.00031599415807281,5.72312514585568,0.000538055673313385,0.981506289105347,0.998390354534415,0.999870711362408,"cogn_se_lv"
"1943","SNRNP200","Exc L5/6 IT Car3",-0.0145456268795406,5.39429687839659,1.44391261137073,0.230268248721728,0.619071574163407,0.676099542692483,"cogn_se_lv"
"1944","AC021188.1","Exc L5/6 IT Car3",0.00299630518332611,2.82387254810507,0.00985617409894217,0.920970571328372,0.99096186404192,0.994869484089853,"cogn_se_lv"
"1945","ITPRIPL1","Exc L5/6 IT Car3",-0.0608416154892735,1.94696014344485,2.02427535521275,0.155637018495381,0.537252474348906,0.588640983666482,"cogn_se_lv"
"1946","ARID5A","Exc L5/6 IT Car3",-0.038422835054836,4.82027600759067,3.10809907723746,0.0787211758898072,0.420388545867537,0.456339507192328,"cogn_se_lv"
"1947","KANSL3","Exc L5/6 IT Car3",0.0699462393605024,6.71966795750077,11.7424101582099,0.00067885358849748,0.0634733663558085,0.0524798963947039,"cogn_se_lv"
"1948","FER1L5","Exc L5/6 IT Car3",0.120811615099336,3.44346738725417,23.6028802872727,1.7451467380396e-06,0.00223815069153579,0.00179982042363542,"cogn_se_lv"
"1949","LMAN2L","Exc L5/6 IT Car3",0.0113288877511163,4.64691867676767,0.599131011259386,0.439399209933496,0.776403982764389,0.829452938254561,"cogn_se_lv"
"1950","CNNM4","Exc L5/6 IT Car3",0.031086435907751,5.34956349945737,4.26975193855871,0.0394851754209805,0.328655957234798,0.34475442518961,"cogn_se_lv"
"1951","CNNM3","Exc L5/6 IT Car3",-0.0102677818323335,2.82595886810264,0.145030480179403,0.703546789225259,0.912027045668525,0.94461236091227,"cogn_se_lv"
"1952","ANKRD23","Exc L5/6 IT Car3",-0.00636289069324418,4.54290019585226,0.149137671073004,0.699580583855951,0.90987451918728,0.942969110260946,"cogn_se_lv"
"1953","SEMA4C","Exc L5/6 IT Car3",-0.0184353464506618,3.9378820700031,0.725407332809599,0.394921409233028,0.751092497293166,0.804635865370874,"cogn_se_lv"
"1954","FAM178B","Exc L5/6 IT Car3",0.00997213154700007,3.38753871018654,0.132936215287862,0.715613132398578,0.918464902292858,0.948673072194365,"cogn_se_lv"
"1955","FAHD2B","Exc L5/6 IT Car3",0.0497721163953242,4.03662855300175,5.72188574399446,0.0172482481597673,0.249015515177129,0.242570028653758,"cogn_se_lv"
"1956","ANKRD36","Exc L5/6 IT Car3",0.00278815592445715,7.63368489808296,0.051561917570484,0.820491548038116,0.962305885196478,0.977360581254739,"cogn_se_lv"
"1957","AC092683.1","Exc L5/6 IT Car3",-0.00657801309624038,8.17782174549812,0.250735628394265,0.616852378420365,0.873193350247372,0.91188346815754,"cogn_se_lv"
"1958","AC092683.2","Exc L5/6 IT Car3",-0.00868886061912368,3.56134317645363,0.0807727456914532,0.776410348054443,0.946160377580805,0.966653794770488,"cogn_se_lv"
"1959","ANKRD36B","Exc L5/6 IT Car3",0.000454110546516541,6.09705591737735,0.000505033781761671,0.982082679278826,0.998390354534415,0.999870711362408,"cogn_se_lv"
"1960","COX5B","Exc L5/6 IT Car3",-0.0641709257813337,5.68299696028117,3.42846418934803,0.0648703582670097,0.39135821784762,0.422247956827628,"cogn_se_lv"
"1961","ACTR1B","Exc L5/6 IT Car3",-0.0176578355599812,6.01970750186536,1.28479006610051,0.257736991487473,0.640286085390188,0.702100135795682,"cogn_se_lv"
"1962","C2orf92","Exc L5/6 IT Car3",-0.0419328844679659,5.2604469831143,3.61348510716413,0.0580820654009359,0.377862825091434,0.404392470416823,"cogn_se_lv"
"1963","ZAP70","Exc L5/6 IT Car3",-0.134167511995001,1.57895856028512,6.96228953662659,0.00867271086917079,0.194412508704544,0.179367837851721,"cogn_se_lv"
"1964","TMEM131","Exc L5/6 IT Car3",-0.000907388710136557,6.79419051870725,0.0049800480437261,0.943778172191323,0.994804925328349,0.997626386519645,"cogn_se_lv"
"1965","VWA3B","Exc L5/6 IT Car3",-0.0228443398364649,1.74574297029329,0.223808272599259,0.636429625735563,0.882798732768843,0.920250634607794,"cogn_se_lv"
"1966","INPP4A","Exc L5/6 IT Car3",-0.00509505036609154,7.45731961904433,0.407704750128634,0.523527928391629,0.822318919244339,0.870182421423586,"cogn_se_lv"
"1967","COA5","Exc L5/6 IT Car3",-0.000434427983979785,4.00400138703189,0.000533102478105529,0.981591594737083,0.998390354534415,0.999870711362408,"cogn_se_lv"
"1968","UNC50","Exc L5/6 IT Car3",0.000822237446498027,4.50982586339854,0.00209708597656972,0.963498942532914,0.997460562732513,0.998906195013116,"cogn_se_lv"
"1969","MGAT4A","Exc L5/6 IT Car3",0.00961632051310911,5.7580617096039,0.685509231511669,0.408224535615799,0.759734535246974,0.812243647662513,"cogn_se_lv"
"1970","KIAA1211L","Exc L5/6 IT Car3",-0.0160064502221367,8.38248953766845,1.9710444712339,0.161167576422187,0.544657224667866,0.596236610770521,"cogn_se_lv"
"1971","TSGA10","Exc L5/6 IT Car3",0.00985496895477973,6.0080220811563,0.546720215046427,0.460125146508326,0.788583613287589,0.840099099770216,"cogn_se_lv"
"1972","AC079447.1","Exc L5/6 IT Car3",-0.00354798517457358,6.79890591141076,0.0739466707995569,0.785824970601558,0.949992646450748,0.968861036197564,"cogn_se_lv"
"1973","MITD1","Exc L5/6 IT Car3",-0.00664454268291489,4.37436628619547,0.160443125261444,0.825291899219343,0.964333940398275,0.978279960443135,"cogn_se_lv"
"1974","LYG2","Exc L5/6 IT Car3",-0.0403389341803241,2.7181673777174,1.42039603639387,0.234094590401451,0.621576109846761,0.679273314847469,"cogn_se_lv"
"1975","LYG1","Exc L5/6 IT Car3",-0.0270168558622427,2.78449868950528,0.996645570354801,0.358825367580463,0.723136598349197,0.780433777790782,"cogn_se_lv"
"1976","TXNDC9","Exc L5/6 IT Car3",0.00655771849117166,3.92062940256543,0.125613100629992,0.793854974325365,0.952216125954876,0.97138488283566,"cogn_se_lv"
"1977","EIF5B","Exc L5/6 IT Car3",-0.0142957765834164,5.87271390071265,0.863190921345663,0.353447039006983,0.719780905455015,0.77668462885255,"cogn_se_lv"
"1978","REV1","Exc L5/6 IT Car3",-0.00575869906731394,6.64522075364859,0.32386148963261,0.569638113357083,0.848436766038092,0.890918158135408,"cogn_se_lv"
"1979","AFF3","Exc L5/6 IT Car3",-0.00785328307713093,9.7542772792668,0.441370030253294,0.506871680551631,0.816298421614546,0.862537999962694,"cogn_se_lv"
"1980","LONRF2","Exc L5/6 IT Car3",-0.0197309548050107,7.29063842652701,3.24400675641554,0.0724912151731357,0.411675203510907,0.441360061030541,"cogn_se_lv"
"1981","CHST10","Exc L5/6 IT Car3",0.00788414485117121,4.3281491789449,0.234072363384059,0.893529023937929,0.9857013440361,0.991083016631182,"cogn_se_lv"
"1982","PDCL3","Exc L5/6 IT Car3",-0.0294201281780788,1.99014553112832,0.507794986147989,0.476539667111065,0.798556781014731,0.847922863461825,"cogn_se_lv"
"1983","NPAS2","Exc L5/6 IT Car3",-0.012697030649016,7.74906221813788,0.814079461178816,0.367498106576316,0.729191020330011,0.786319609518292,"cogn_se_lv"
"1984","RPL31","Exc L5/6 IT Car3",-0.16027513843098,6.26198566060299,13.2682982670757,0.000308052869485191,0.048447811506403,0.033780874555964,"cogn_se_lv"
"1985","TBC1D8","Exc L5/6 IT Car3",-0.0016548156238628,5.75176757172713,0.0102128693618349,0.919558030504071,0.990775413261408,0.994644178570332,"cogn_se_lv"
"1986","CNOT11","Exc L5/6 IT Car3",0.0110855518504817,4.37751399424754,0.489322518523537,0.629341107177518,0.878827659873152,0.917396326308405,"cogn_se_lv"
"1987","RNF149","Exc L5/6 IT Car3",0.013626060408945,7.20741433527793,1.90813680659509,0.167995788182827,0.554172423642548,0.604960556446134,"cogn_se_lv"
"1988","CREG2","Exc L5/6 IT Car3",-0.00119322363424122,8.23786793545701,0.00599302638547902,0.938335129208536,0.994369077299174,0.99727077180765,"cogn_se_lv"
"1989","RFX8","Exc L5/6 IT Car3",0.0658884726554013,3.79568498827555,4.59500257201566,0.0327102705157928,0.309560151737409,0.319229836424092,"cogn_se_lv"
"1990","MAP4K4","Exc L5/6 IT Car3",0.0258401264986931,7.55710483791123,6.73590486601626,0.00982143680365016,0.205090790241758,0.190122440084626,"cogn_se_lv"
"1991","IL1RL2","Exc L5/6 IT Car3",0.0328922059170997,3.15724436827704,1.01091734806916,0.315333793127227,0.689736650970442,0.750976314772667,"cogn_se_lv"
"1992","TMEM182","Exc L5/6 IT Car3",-0.0189181404740758,3.03296186985479,0.383791394767371,0.535958637977885,0.828217226949561,0.875697825487501,"cogn_se_lv"
"1993","LINC01102","Exc L5/6 IT Car3",-0.0211213548799916,3.21401115534729,0.412822198079267,0.520934541352278,0.821092037196555,0.868769111741685,"cogn_se_lv"
"1994","POU3F3","Exc L5/6 IT Car3",-0.0323688797572877,2.82847872330993,1.22619103466811,0.268861361447962,0.651857804115869,0.712344012299241,"cogn_se_lv"
"1995","AC010884.1","Exc L5/6 IT Car3",0.0190411159685637,3.42001017406289,0.366676173696693,0.545189232377106,0.833563851954548,0.879982892009617,"cogn_se_lv"
"1996","MRPS9","Exc L5/6 IT Car3",0.00655004243287557,5.55351004494295,0.338389720808491,0.561110937244682,0.843636345917786,0.887326508282396,"cogn_se_lv"
"1997","TGFBRAP1","Exc L5/6 IT Car3",0.00973563794238968,4.67128383526008,0.603456427198193,0.638566309879926,0.883351604277525,0.92077930876263,"cogn_se_lv"
"1998","AC012360.3","Exc L5/6 IT Car3",0.0328882296826822,2.26774816557992,0.8051558035413,0.370134069553662,0.731820830651346,0.788201677147591,"cogn_se_lv"
"1999","C2orf49","Exc L5/6 IT Car3",-0.00786498509961308,3.82407496044295,0.14802943785025,0.726153032878834,0.924234676668431,0.952126083630502,"cogn_se_lv"
"2000","FHL2","Exc L5/6 IT Car3",0.00185205144394169,6.35072520987056,0.0142818099751871,0.904938292021097,0.987810604126722,0.992856323362381,"cogn_se_lv"
"2001","NCK2","Exc L5/6 IT Car3",0.0110593138338985,4.56201773432259,0.371495626367601,0.542560564683615,0.831827241076877,0.878942971777239,"cogn_se_lv"
"2002","UXS1","Exc L5/6 IT Car3",0.0293389879513133,5.37542592125648,5.11846473023525,0.0242461804759499,0.287570640016026,0.282314260752705,"cogn_se_lv"
"2003","RGPD3","Exc L5/6 IT Car3",-0.0468649776997862,2.30266452271369,1.94615300748167,0.206264931636066,0.594237607240557,0.649448176103167,"cogn_se_lv"
"2004","ST6GAL2","Exc L5/6 IT Car3",0.0565384881286121,5.49599782686996,5.52379304038804,0.0192788813245781,0.262800694052486,0.255907267479596,"cogn_se_lv"
"2005","RGPD4","Exc L5/6 IT Car3",0.00252818155738801,1.48329011866446,0.00304557941557514,0.956019164160326,0.996920944446838,0.998428000651427,"cogn_se_lv"
"2006","GCC2","Exc L5/6 IT Car3",0.00567692738600915,7.2956653995911,0.446859832658216,0.504242669782135,0.814722219872767,0.861210491935463,"cogn_se_lv"
"2007","GCC2-AS1","Exc L5/6 IT Car3",0.0701489743405824,3.31068309577308,7.57629386982869,0.00620253746255825,0.168915606517026,0.15413690308653,"cogn_se_lv"
"2008","LIMS1","Exc L5/6 IT Car3",0.00287279154456672,6.79323846196628,0.0293938499317097,0.863965618079867,0.97538376478777,0.986527780166375,"cogn_se_lv"
"2009","RANBP2","Exc L5/6 IT Car3",-0.0493880592716108,7.20159017513588,18.2041635107481,2.51790087070573e-05,0.0161460393334005,0.00846948296250757,"cogn_se_lv"
"2010","CCDC138","Exc L5/6 IT Car3",-0.00946422276233046,6.14656679501265,0.408673664619771,0.523035153642337,0.82185254031414,0.869942963197436,"cogn_se_lv"
"2011","SH3RF3","Exc L5/6 IT Car3",0.0183201361303687,7.3712884335224,0.860330891404417,0.354244819119626,0.720378933172708,0.777309449726734,"cogn_se_lv"
"2012","SEPT10","Exc L5/6 IT Car3",0.0692683606827808,3.10678569168333,2.67175404124177,0.102985512632621,0.462584975531369,0.503610231957033,"cogn_se_lv"
"2013","AC074387.1","Exc L5/6 IT Car3",0.0373356869069206,1.80364126434011,0.561600499612958,0.454087601376557,0.785539138032057,0.836928466675914,"cogn_se_lv"
"2014","AC013271.1","Exc L5/6 IT Car3",-0.0177186282005937,1.76345092490609,0.116481479564029,0.733074219492327,0.927720766218808,0.954227638847407,"cogn_se_lv"
"2015","LINC01123","Exc L5/6 IT Car3",0.0726304190921251,2.90715586464609,4.04493467772387,0.0450217702028872,0.344574496692354,0.36291970537908,"cogn_se_lv"
"2016","MALL","Exc L5/6 IT Car3",0.0024910386292977,2.26424335417696,0.00579091296434953,0.939381818081944,0.994539668727838,0.997351302535834,"cogn_se_lv"
"2017","NPHP1","Exc L5/6 IT Car3",0.021986133432511,5.82772633808599,2.17552287800735,0.141063882323848,0.515915672282324,0.567802278336677,"cogn_se_lv"
"2018","SMIM37","Exc L5/6 IT Car3",-0.0304640375337304,4.31499003655468,1.32129657078763,0.251094663347088,0.63477305834746,0.695750129504607,"cogn_se_lv"
"2019","LINC01106","Exc L5/6 IT Car3",0.0382286500393204,5.22383626290379,2.1962393828204,0.139190674492109,0.512650254763871,0.565019658239608,"cogn_se_lv"
"2020","AC112229.3","Exc L5/6 IT Car3",0.00437608155586699,1.95800956066063,0.0121592286189463,0.912255324274713,0.989073227776396,0.993856677565125,"cogn_se_lv"
"2021","ACOXL","Exc L5/6 IT Car3",0.00718241340340381,2.12140602275285,0.0340670652723877,0.853664362932977,0.972704523449468,0.984284184489059,"cogn_se_lv"
"2022","MIR4435-2HG","Exc L5/6 IT Car3",-0.0192238305694855,6.73635926352375,1.15169293814908,0.283887578898464,0.663280680013263,0.724545915256789,"cogn_se_lv"
"2023","BCL2L11","Exc L5/6 IT Car3",0.0165929631733295,2.66951015857771,0.252870201429823,0.615357536936649,0.872843547783874,0.911659280645184,"cogn_se_lv"
"2024","AC017002.5","Exc L5/6 IT Car3",0.0552144829071975,2.11535238659541,1.06226361362124,0.303366101234195,0.680286215648297,0.741451382496394,"cogn_se_lv"
"2025","ANAPC1","Exc L5/6 IT Car3",0.0138985102753338,6.00419899813707,1.59067608192557,0.208016375949907,0.596047668193832,0.65155775018135,"cogn_se_lv"
"2026","MERTK","Exc L5/6 IT Car3",-0.0301975265276207,2.6814246101414,0.678470514788634,0.41063929113987,0.761220434608513,0.8136948000127,"cogn_se_lv"
"2027","TMEM87B","Exc L5/6 IT Car3",-0.00360489039430168,4.82829170187869,0.0547796635048991,0.815073906438902,0.959870452932088,0.976606831175279,"cogn_se_lv"
"2028","FBLN7","Exc L5/6 IT Car3",0.111508210222239,2.37103426766056,6.62688800201523,0.0104293961322816,0.210089537272008,0.195230240786464,"cogn_se_lv"
"2029","ZC3H8","Exc L5/6 IT Car3",0.0287184578619936,5.53455909399086,6.71302520389435,0.00994593252716693,0.206013326504844,0.191300940584389,"cogn_se_lv"
"2030","ZC3H6","Exc L5/6 IT Car3",-0.00138953008117247,6.27542723219047,0.0117701937753384,0.913664828396022,0.989073227776396,0.994109822260818,"cogn_se_lv"
"2031","RGPD8","Exc L5/6 IT Car3",0.0370792758416411,4.0858560423901,3.72812784987255,0.0542595330632101,0.369704931962166,0.393734598921828,"cogn_se_lv"
"2032","TTL","Exc L5/6 IT Car3",0.0129649028077377,6.07311480335406,1.31499234258631,0.684394434988994,0.901848749589734,0.937691451536887,"cogn_se_lv"
"2033","POLR1B","Exc L5/6 IT Car3",-0.000129649567525814,3.51857064405472,1.97346570658242e-05,0.996457883304621,0.999242764926216,0.999870711362408,"cogn_se_lv"
"2034","CHCHD5","Exc L5/6 IT Car3",0.0452022940741993,2.32229578210456,1.50347557305407,0.220909490856916,0.60928262800859,0.665849324597664,"cogn_se_lv"
"2035","AC079922.2","Exc L5/6 IT Car3",0.0774775696945003,2.57115354716661,5.1107365281993,0.0243529017872491,0.28763711320473,0.282678576063776,"cogn_se_lv"
"2036","SLC20A1","Exc L5/6 IT Car3",0.00150318686812286,6.41988209510398,0.00805290442198909,0.928543515297533,0.991644887442834,0.995888817823238,"cogn_se_lv"
"2037","PSD4","Exc L5/6 IT Car3",-0.0180008582635462,2.79102942261686,0.392059923255896,0.531600881522307,0.826671325785064,0.873573058700076,"cogn_se_lv"
"2038","CBWD2","Exc L5/6 IT Car3",0.0220489888302609,4.96791805199383,2.08847969856895,0.149251763872001,0.528262525244929,0.580259120768358,"cogn_se_lv"
"2039","RABL2A","Exc L5/6 IT Car3",-0.00607722778031406,5.35671105397999,0.208283533906761,0.648381235300532,0.886955284929547,0.924236744137609,"cogn_se_lv"
"2040","AC017074.1","Exc L5/6 IT Car3",0.0183351633760693,1.69025220661111,0.114184214921806,0.735619598736168,0.92849878000079,0.955018275650585,"cogn_se_lv"
"2041","SLC35F5","Exc L5/6 IT Car3",0.0124177726407048,5.80532432573752,0.873100785487246,0.350701716525961,0.717823937428057,0.774365693880722,"cogn_se_lv"
"2042","AC104653.1","Exc L5/6 IT Car3",0.0937403884473456,1.80897899625867,4.13705277171232,0.0426600485405216,0.337939767641913,0.356213338862728,"cogn_se_lv"
"2043","ACTR3","Exc L5/6 IT Car3",-0.0315601736289867,5.52259877605596,8.31276316476855,0.00416446428313537,0.143060502940744,0.126763159373893,"cogn_se_lv"
"2044","DPP10","Exc L5/6 IT Car3",0.0102188252308166,10.9698741911705,0.701787785136896,0.402719111372144,0.75592720136813,0.808877522018435,"cogn_se_lv"
"2045","DPP10-AS1","Exc L5/6 IT Car3",0.00980239460600906,5.1188474817661,0.415300127611271,0.519686945515496,0.820971047083305,0.868414791191717,"cogn_se_lv"
"2046","DDX18","Exc L5/6 IT Car3",-0.0406239206735807,5.41119193289103,5.2849182477977,0.0220620446215162,0.276494191144247,0.271497253640409,"cogn_se_lv"
"2047","AC009404.1","Exc L5/6 IT Car3",-0.00114680830142822,3.02046889767548,0.0020551821965937,0.963865210143754,0.997621680933237,0.998906195013116,"cogn_se_lv"
"2048","CCDC93","Exc L5/6 IT Car3",0.0295213276756258,5.77224163214347,4.95499950463986,0.0266112113074361,0.294122831734863,0.292538969808554,"cogn_se_lv"
"2049","AC009303.2","Exc L5/6 IT Car3",0.0632808697835794,1.93173696890324,2.31808737397521,0.128722951815096,0.499046914761922,0.548786529263534,"cogn_se_lv"
"2050","INSIG2","Exc L5/6 IT Car3",-0.00927706705921308,4.83932173329268,0.424634679948965,0.61308395328207,0.871393065013883,0.910566601456209,"cogn_se_lv"
"2051","AC093901.1","Exc L5/6 IT Car3",0.0175800907195197,1.31218355019695,0.103342837935674,0.74803412562034,0.933897613787942,0.958583472029119,"cogn_se_lv"
"2052","C1QL2","Exc L5/6 IT Car3",-0.219945745839437,2.21190103521706,19.4048679734866,1.38286372378396e-05,0.0106411363545176,0.00590783411035354,"cogn_se_lv"
"2053","C2orf76","Exc L5/6 IT Car3",0.0385949816234787,3.97661028123324,3.78631804005684,0.0524225985110188,0.362436563829551,0.386877651513308,"cogn_se_lv"
"2054","DBI","Exc L5/6 IT Car3",-0.0638030328052295,3.03390787334687,2.74781298578428,0.0982267860402558,0.453587664360857,0.494657520280439,"cogn_se_lv"
"2055","CFAP221","Exc L5/6 IT Car3",0.0292333521397397,5.88965300737447,3.451073119891,0.0639971255071247,0.388915039448146,0.419896322679698,"cogn_se_lv"
"2056","TMEM177","Exc L5/6 IT Car3",0.040126617704804,2.83204499525296,1.9437754525673,0.164087599272401,0.548860715670997,0.600011049153277,"cogn_se_lv"
"2057","PTPN4","Exc L5/6 IT Car3",-0.00368763654577052,7.37131466511561,0.116286763392428,0.733288873266368,0.927839822376832,0.954251604270934,"cogn_se_lv"
"2058","EPB41L5","Exc L5/6 IT Car3",0.00575652334285808,5.90286359800317,0.182557307830818,0.669430771334081,0.896717017849796,0.932007314644674,"cogn_se_lv"
"2059","AC012363.1","Exc L5/6 IT Car3",0.0373641270892368,3.15162583532349,1.96102541898749,0.162233466468932,0.546016342755849,0.597450231087716,"cogn_se_lv"
"2060","RALB","Exc L5/6 IT Car3",0.0117879219677008,3.58926379178934,0.273770035486873,0.601124065049566,0.865226418046915,0.905120293504037,"cogn_se_lv"
"2061","CLASP1","Exc L5/6 IT Car3",-0.00945897269799468,8.23385463340489,0.76382918975434,0.382694163289677,0.740930282055013,0.79726329770792,"cogn_se_lv"
"2062","NIFK-AS1","Exc L5/6 IT Car3",0.00680234047939676,5.09277861259793,0.221619474445849,0.638083400783555,0.883276385755741,0.920629240664563,"cogn_se_lv"
"2063","NIFK","Exc L5/6 IT Car3",-0.000966121626770514,3.53500457900047,0.00147298092064619,0.969405654036255,0.998267578294294,0.999099628483138,"cogn_se_lv"
"2064","TSN","Exc L5/6 IT Car3",0.0125103303953809,4.87501518378937,0.8877274334575,0.619564683022121,0.873687478415488,0.912958269792939,"cogn_se_lv"
"2065","AC079154.1","Exc L5/6 IT Car3",0.0254290294596616,2.14187512919593,0.428099565424622,0.513325420923086,0.818677978297294,0.865740873587324,"cogn_se_lv"
"2066","CNTNAP5","Exc L5/6 IT Car3",0.00142582768942354,9.86657613973918,0.0089159431116949,0.924822746504295,0.991196077697388,0.995367297688998,"cogn_se_lv"
"2067","AC012508.1","Exc L5/6 IT Car3",-0.00818995484465264,2.29401199235742,0.0645006844921441,0.94734758818933,0.994804925328349,0.997754607688341,"cogn_se_lv"
"2068","BIN1","Exc L5/6 IT Car3",-0.0195723433135053,6.31907867941045,1.72034285772306,0.190454196386286,0.578059906526485,0.631801352617258,"cogn_se_lv"
"2069","ERCC3","Exc L5/6 IT Car3",-0.00309306418170423,5.28500380303961,0.0804193187056787,0.776887016618949,0.946431953812364,0.966722058240964,"cogn_se_lv"
"2070","MAP3K2","Exc L5/6 IT Car3",0.0171153982877633,7.25333404543649,3.46890275369438,0.0633173647235118,0.388692667696058,0.418439723560215,"cogn_se_lv"
"2071","AC068282.1","Exc L5/6 IT Car3",0.0354406299414434,2.54218809900274,1.19410764890919,0.275206542676002,0.657778188839327,0.717826586152615,"cogn_se_lv"
"2072","PROC","Exc L5/6 IT Car3",0.00606004247737586,2.48990139595081,0.03614680059143,0.849315892735675,0.97124175874588,0.98320800719379,"cogn_se_lv"
"2073","IWS1","Exc L5/6 IT Car3",0.00735594504181031,5.89211852323048,0.397041036250478,0.893383757443,0.9857013440361,0.991080615131778,"cogn_se_lv"
"2074","AC010976.1","Exc L5/6 IT Car3",0.0215384668951587,2.35563250532001,0.243980738258671,0.621635898354228,0.874894968054099,0.913730525449563,"cogn_se_lv"
"2075","LIMS2","Exc L5/6 IT Car3",0.0137533476475217,2.60141090695026,0.134977055051452,0.713534446729001,0.917720991268221,0.947903663062895,"cogn_se_lv"
"2076","WDR33","Exc L5/6 IT Car3",0.00914269119167828,6.50157921797509,0.964323242114959,0.326735403476382,0.699277131084828,0.758744148446338,"cogn_se_lv"
"2077","POLR2D","Exc L5/6 IT Car3",0.00949703561726369,3.97829145729733,0.329676764209413,0.711282410397254,0.916266535198271,0.947184801390623,"cogn_se_lv"
"2078","AMMECR1L","Exc L5/6 IT Car3",0.0212873014718787,3.90514985819313,1.6298275363586,0.202519703630455,0.589852164542185,0.644930709526891,"cogn_se_lv"
"2079","AC012306.2","Exc L5/6 IT Car3",0.053803892792504,2.16211382712163,1.93377754720562,0.165173351250641,0.549944645286113,0.601428481331888,"cogn_se_lv"
"2080","SAP130","Exc L5/6 IT Car3",0.0280858583120168,5.14163789220473,4.27672186189388,0.111624701632867,0.476642299946946,0.519617262456176,"cogn_se_lv"
"2081","UGGT1","Exc L5/6 IT Car3",0.012530226405296,5.75846983103736,1.3896624483856,0.239212185628148,0.625356809379514,0.684062006860448,"cogn_se_lv"
"2082","HS6ST1","Exc L5/6 IT Car3",-0.0283865614749093,5.68056528956643,3.68211314904487,0.0557605826661225,0.373273321979829,0.398028722988603,"cogn_se_lv"
"2083","CCDC74B","Exc L5/6 IT Car3",0.00342880548724004,2.14298301357298,0.0094525730670605,0.922600361145874,0.990974669133532,0.995093373462206,"cogn_se_lv"
"2084","SMPD4","Exc L5/6 IT Car3",-0.0128086007875603,5.82138673999042,0.983745169034368,0.321917740730164,0.69499388787265,0.755427447273217,"cogn_se_lv"
"2085","MZT2B","Exc L5/6 IT Car3",-0.0167697726900791,5.78386590853703,0.5538957201277,0.457198010056671,0.788028655907772,0.838685447207621,"cogn_se_lv"
"2086","CCDC115","Exc L5/6 IT Car3",0.00586066470991175,3.38992661915605,0.0387767778917464,0.843998609498924,0.9706425497077,0.982316874221214,"cogn_se_lv"
"2087","IMP4","Exc L5/6 IT Car3",-0.0193569442061927,3.56751250725689,0.494633124738007,0.48230577938328,0.80187948192872,0.850541161148048,"cogn_se_lv"
"2088","PTPN18","Exc L5/6 IT Car3",0.0286871332683393,5.01276650980288,4.66006168905134,0.0315082126527963,0.306711823356442,0.313816493006764,"cogn_se_lv"
"2089","AC140481.1","Exc L5/6 IT Car3",0.0143233162465933,2.37157911617782,0.179193094480914,0.672311130918675,0.897454613720039,0.933033690786859,"cogn_se_lv"
"2090","AMER3","Exc L5/6 IT Car3",-0.0148965937687809,3.94971785690233,0.630770717679615,0.427576832973824,0.77182381801977,0.823353770828774,"cogn_se_lv"
"2091","ARHGEF4","Exc L5/6 IT Car3",-0.00391199867604574,7.02587428445821,0.207721342369123,0.648824021714198,0.887354633802676,0.92438050708074,"cogn_se_lv"
"2092","FAM168B","Exc L5/6 IT Car3",-0.00692748889307879,6.47778839907665,0.515935459597475,0.47302952290512,0.795908671587733,0.846377410833723,"cogn_se_lv"
"2093","PLEKHB2","Exc L5/6 IT Car3",0.00520675196010018,6.26924225556941,0.127686304805389,0.72104484772952,0.921639090096055,0.950203197927314,"cogn_se_lv"
"2094","MZT2A","Exc L5/6 IT Car3",0.00610431826504775,5.38577765817106,0.125141437982138,0.723723238678721,0.922852539493765,0.951046658457791,"cogn_se_lv"
"2095","TUBA3D","Exc L5/6 IT Car3",-0.140270191297556,1.78809192028762,7.93841695129955,0.00509675348618047,0.156261848273226,0.140151633363027,"cogn_se_lv"
"2096","CCDC74A","Exc L5/6 IT Car3",0.0158053162615545,2.66955722239522,0.292518462165372,0.588933392394963,0.858759934902261,0.90015566681786,"cogn_se_lv"
"2097","AJ239322.1","Exc L5/6 IT Car3",0.00160869712571263,3.22896765725569,0.0019213752614167,0.965060541110008,0.997621680933237,0.99892010896344,"cogn_se_lv"
"2098","LINC01945","Exc L5/6 IT Car3",-0.0257537940060353,2.95059464567999,0.50581996415094,0.47739768953798,0.799031558211194,0.848323354316444,"cogn_se_lv"
"2099","ANKRD30BL","Exc L5/6 IT Car3",-0.00705829062812561,8.05022584801937,0.210341549736612,0.646766461875578,0.886441433680369,0.923653577839976,"cogn_se_lv"
"2100","AC097532.2","Exc L5/6 IT Car3",0.0313068411936531,1.81096536924523,0.468267573031547,0.49420941616898,0.808637418966625,0.856379022950107,"cogn_se_lv"
"2101","GPR39","Exc L5/6 IT Car3",0.0347680507561074,2.53029229850752,0.730418992785385,0.393295002281692,0.750092272712256,0.803622342473138,"cogn_se_lv"
"2102","NCKAP5","Exc L5/6 IT Car3",-0.0149393281405292,3.42471834200978,0.209300422349801,0.647582157528115,0.886522807717282,0.923835419953433,"cogn_se_lv"
"2103","MGAT5","Exc L5/6 IT Car3",0.0157235670823586,9.0620497678909,1.14216458603039,0.28588529923687,0.665926253254945,0.726578364773154,"cogn_se_lv"
"2104","TMEM163","Exc L5/6 IT Car3",0.0155621056428028,7.75947314380453,1.17216755598656,0.279654444875752,0.661423375847214,0.721538483165978,"cogn_se_lv"
"2105","CCNT2-AS1","Exc L5/6 IT Car3",-0.0264626043734898,5.62560165087568,1.68251996801272,0.195390237139882,0.583441162123164,0.637359206377811,"cogn_se_lv"
"2106","ACMSD","Exc L5/6 IT Car3",-0.00294845176486402,2.45984833700749,0.00443774375585348,0.946922722491602,0.994804925328349,0.997665219498107,"cogn_se_lv"
"2107","CCNT2","Exc L5/6 IT Car3",-0.00970275420896913,6.3948048543606,0.988125984935118,0.320844079319833,0.693607301690158,0.754702709790013,"cogn_se_lv"
"2108","MAP3K19","Exc L5/6 IT Car3",0.0715138477979679,2.02307300413478,2.30308909624314,0.129962520260154,0.500474253092376,0.551383592837775,"cogn_se_lv"
"2109","RAB3GAP1","Exc L5/6 IT Car3",0.0057534285923107,7.82579455191336,0.268361696210468,0.604739455506199,0.867513662728667,0.906820186422163,"cogn_se_lv"
"2110","ZRANB3","Exc L5/6 IT Car3",0.0284512581255203,6.7489138243097,5.19672317066259,0.023192539108317,0.281493041701103,0.276758926479565,"cogn_se_lv"
"2111","R3HDM1","Exc L5/6 IT Car3",0.0214252807674301,9.79822646221072,3.81677571871637,0.0514875788123333,0.35981631126162,0.383713731308666,"cogn_se_lv"
"2112","UBXN4","Exc L5/6 IT Car3",-0.0218806972503946,6.99817907744967,5.47077555111175,0.0198633846326313,0.266055256306523,0.259538871784362,"cogn_se_lv"
"2113","MCM6","Exc L5/6 IT Car3",0.0296761441884079,2.98601149482642,1.10999554559574,0.292763679814629,0.672184585223166,0.731902495111488,"cogn_se_lv"
"2114","DARS","Exc L5/6 IT Car3",0.00876076449497168,5.97548830257809,0.699346280919059,0.661604662749843,0.892383502166528,0.929162958881954,"cogn_se_lv"
"2115","DARS-AS1","Exc L5/6 IT Car3",0.0586143304112956,1.64298223019006,1.37625292105587,0.241487694466867,0.626516456143811,0.685950479189482,"cogn_se_lv"
"2116","THSD7B","Exc L5/6 IT Car3",-0.0555132892933241,5.85521031632851,3.48518755887061,0.0627032517785149,0.388174997936985,0.416905595465156,"cogn_se_lv"
"2117","HNMT","Exc L5/6 IT Car3",0.0139531026683263,4.09484389537967,0.501926801910716,0.479096437046441,0.799764009145411,0.849014837664551,"cogn_se_lv"
"2118","AC114763.1","Exc L5/6 IT Car3",-0.00932070455815445,2.37199568764196,0.0290717967735154,0.864705647192562,0.97538376478777,0.986542852105431,"cogn_se_lv"
"2119","SPOPL","Exc L5/6 IT Car3",0.0039933883497989,5.63287489789504,0.134023607952638,0.864891840687696,0.975384985678678,0.986542852105431,"cogn_se_lv"
"2120","NXPH2","Exc L5/6 IT Car3",0.01249679549546,1.20743642986379,0.0428012692417403,0.836212610737123,0.967115719302831,0.980684847371375,"cogn_se_lv"
"2121","LRP1B","Exc L5/6 IT Car3",-0.0290660268328817,11.0950859254542,4.16392908924569,0.0419959275996078,0.336180248199134,0.354240818336273,"cogn_se_lv"
"2122","ARHGAP15","Exc L5/6 IT Car3",-0.00443493737514773,3.09302815263247,0.0163739145827252,0.898248990680208,0.986715578313859,0.992164474469188,"cogn_se_lv"
"2123","AC092652.2","Exc L5/6 IT Car3",0.0380925081996532,2.55134464995054,0.866936124277611,0.352406064360573,0.719169542251618,0.775935834875279,"cogn_se_lv"
"2124","AC016910.1","Exc L5/6 IT Car3",0.0149020366066619,2.14590475601533,0.123126554162123,0.725865660777239,0.924234676668431,0.951980897116247,"cogn_se_lv"
"2125","GTDC1","Exc L5/6 IT Car3",0.00848457827401722,8.27539158959478,0.452455451729022,0.501586932091773,0.813655179809147,0.859988225630917,"cogn_se_lv"
"2126","ZEB2","Exc L5/6 IT Car3",-0.0198629290543185,8.94955631953514,3.76979053579373,0.0529375139074815,0.364685917205076,0.388977199201884,"cogn_se_lv"
"2127","AC009951.2","Exc L5/6 IT Car3",0.00191339453069558,1.67118448124737,0.000932044914697023,0.97566113701015,0.998267578294294,0.999481105410931,"cogn_se_lv"
"2128","ZEB2-AS1","Exc L5/6 IT Car3",0.00231343599956945,1.76427551982655,0.00255022929366413,0.959751095289006,0.997053628956036,0.998555548513014,"cogn_se_lv"
"2129","TEX41","Exc L5/6 IT Car3",0.0931533014099225,4.2837650699073,8.26276388023088,0.00427812684846826,0.144284716019211,0.128234576683448,"cogn_se_lv"
"2130","ACVR2A","Exc L5/6 IT Car3",0.0229136735044967,5.40586141804713,3.53130407383143,0.0609984765535118,0.383639785107702,0.411889340832859,"cogn_se_lv"
"2131","ORC4","Exc L5/6 IT Car3",-0.000306406687451773,6.44268601421479,0.00130244528067901,0.971230339936854,0.998267578294294,0.999109979479072,"cogn_se_lv"
"2132","MBD5","Exc L5/6 IT Car3",0.0117897221184487,9.00087803291435,1.45097989932877,0.229133157808484,0.618318427300487,0.674937578561247,"cogn_se_lv"
"2133","EPC2","Exc L5/6 IT Car3",0.00873262342617373,6.14920181626863,0.432440740877011,0.511198604604985,0.81828914468733,0.864765362833216,"cogn_se_lv"
"2134","AC105402.3","Exc L5/6 IT Car3",-0.041901331930215,6.84235452354495,0.882392827866754,0.348153932540029,0.716012401863673,0.773022600966518,"cogn_se_lv"
"2135","KIF5C","Exc L5/6 IT Car3",-0.0187332068054006,8.18860805792837,4.0014970258346,0.0461830243793279,0.348410169214636,0.366440816550209,"cogn_se_lv"
"2136","LYPD6B","Exc L5/6 IT Car3",0.00900893147425672,1.83858705482042,0.0334587117669194,0.854962167889665,0.972881064401809,0.984559901577526,"cogn_se_lv"
"2137","MMADHC","Exc L5/6 IT Car3",-0.0308796772486923,4.08876982460945,2.97797664453812,0.0852314108766174,0.433336351817479,0.470612737568988,"cogn_se_lv"
"2138","AC007364.1","Exc L5/6 IT Car3",-0.0338958254975145,4.35208387071805,2.13089407797789,0.145196696381718,0.521001901915283,0.573930197040101,"cogn_se_lv"
"2139","LINC01931","Exc L5/6 IT Car3",0.0419299269858612,1.68611858444694,0.74386473042623,0.388978841870729,0.746514013885434,0.800567835215373,"cogn_se_lv"
"2140","RND3","Exc L5/6 IT Car3",-0.0694116801123935,2.74664294784996,3.45165359228261,0.0639748721672862,0.388915039448146,0.419856047210967,"cogn_se_lv"
"2141","RBM43","Exc L5/6 IT Car3",0.0173587787171202,2.15885679576862,0.200367623748977,0.654683652135893,0.888727033534045,0.926313558060685,"cogn_se_lv"
"2142","TNFAIP6","Exc L5/6 IT Car3",-0.113778835625746,1.42651168976438,4.5112020746085,0.0343298924318769,0.3131269192425,0.32532452267037,"cogn_se_lv"
"2143","RIF1","Exc L5/6 IT Car3",-0.00203060015640998,6.65809405677038,0.0469208607969626,0.828628756317465,0.96520240999292,0.978984433066825,"cogn_se_lv"
"2144","NEB","Exc L5/6 IT Car3",0.00862190063083391,3.13789753726796,0.0680892958478251,0.794283096186059,0.952216125954876,0.971429173515194,"cogn_se_lv"
"2145","ARL5A","Exc L5/6 IT Car3",-0.0144366824841801,4.85221516033667,0.989417332006917,0.500265578856498,0.812568576105699,0.859197144943675,"cogn_se_lv"
"2146","CACNB4","Exc L5/6 IT Car3",0.0367789322432399,7.80736141457897,5.55249274018818,0.0189699530920952,0.260383160152062,0.25381161372874,"cogn_se_lv"
"2147","AC079790.1","Exc L5/6 IT Car3",0.0764511528268007,2.20741236643432,3.94159937576607,0.047836588144503,0.353049189458432,0.372188896731496,"cogn_se_lv"
"2148","STAM2","Exc L5/6 IT Car3",-0.00754062785377288,5.93018794757737,0.497528102326385,0.481027722868144,0.80063394477736,0.8500014573392,"cogn_se_lv"
"2149","FMNL2","Exc L5/6 IT Car3",0.00533161963432478,9.68730343772485,0.221320510014287,0.638310061158438,0.883290788001016,0.920720725433735,"cogn_se_lv"
"2150","PRPF40A","Exc L5/6 IT Car3",-0.0191574357756227,6.16635588115046,4.46035328327079,0.0353535024356584,0.316819508437844,0.329712711033117,"cogn_se_lv"
"2151","ARL6IP6","Exc L5/6 IT Car3",0.00533486677816511,5.00251152811229,0.163728334149334,0.784065092413718,0.949524736639513,0.968335382161404,"cogn_se_lv"
"2152","GALNT13","Exc L5/6 IT Car3",-0.0148108550078994,5.70754436451885,0.414355935844019,0.520161707609442,0.820971047083305,0.868614198337964,"cogn_se_lv"
"2153","KCNJ3","Exc L5/6 IT Car3",0.0165079927619261,7.79417631865223,1.22000469185396,0.270070442696347,0.653108754414955,0.71336374512539,"cogn_se_lv"
"2154","LINC01876","Exc L5/6 IT Car3",-0.0115030780443936,3.97309592063796,0.073748577413264,0.786105026156613,0.949992646450748,0.96906016751289,"cogn_se_lv"
"2155","NR4A2","Exc L5/6 IT Car3",-0.0199629324445574,7.64044285234965,1.17078683553072,0.279937384368817,0.661446762566016,0.721686262973719,"cogn_se_lv"
"2156","GPD2","Exc L5/6 IT Car3",0.00783747866017565,7.2966078181559,0.594219735600585,0.441279118050679,0.777034968741413,0.830266192604803,"cogn_se_lv"
"2157","ERMN","Exc L5/6 IT Car3",0.0357469081044245,1.53449475303084,0.407405696159609,0.523680189114111,0.822318919244339,0.870290541884598,"cogn_se_lv"
"2158","ACVR1C","Exc L5/6 IT Car3",-0.0363347427515493,3.89485284825835,1.29389606357559,0.256060037731178,0.639465032191168,0.700352746215353,"cogn_se_lv"
"2159","ACVR1","Exc L5/6 IT Car3",0.0190788330057882,4.62628473866032,1.14932133840507,0.284383146820666,0.663934561524582,0.724987381010264,"cogn_se_lv"
"2160","UPP2","Exc L5/6 IT Car3",0.0278300086597668,7.18311992506852,2.99027236987422,0.0845919431321865,0.431901923006982,0.469185549152064,"cogn_se_lv"
"2161","CCDC148","Exc L5/6 IT Car3",0.0262687814708126,5.04086692712987,2.13549294371831,0.14476456147794,0.520632076517234,0.57338890311449,"cogn_se_lv"
"2162","PKP4","Exc L5/6 IT Car3",0.00366666718102895,7.85370458269523,0.110549036090917,0.739706369055336,0.930797359360369,0.956290911738892,"cogn_se_lv"
"2163","TANC1","Exc L5/6 IT Car3",-0.0894663756635784,3.66156232336443,6.76557593067882,0.00966237214292683,0.203703982574855,0.188721210140467,"cogn_se_lv"
"2164","WDSUB1","Exc L5/6 IT Car3",0.0209062044015026,5.76297180717386,2.53949539297012,0.11187573075944,0.476642299946946,0.520055478976451,"cogn_se_lv"
"2165","BAZ2B","Exc L5/6 IT Car3",-0.0246705714224093,7.50102295841075,3.70280563353252,0.0550801726226426,0.371674976333635,0.396373935138362,"cogn_se_lv"
"2166","AC009961.1","Exc L5/6 IT Car3",-0.00710485250460483,4.46402943759314,0.144666049440853,0.703901804054061,0.912079690238501,0.944784406215847,"cogn_se_lv"
"2167","MARCH7","Exc L5/6 IT Car3",-0.000452956382022513,6.62201705132621,0.00225865108420861,0.962119981766929,0.99710616292209,0.998676791055521,"cogn_se_lv"
"2168","PLA2R1","Exc L5/6 IT Car3",-0.0105785479992422,4.59186404178079,0.248687589875226,0.618294122605458,0.873593287013005,0.912659940482124,"cogn_se_lv"
"2169","RBMS1","Exc L5/6 IT Car3",-0.017292052598794,7.41955051015398,2.00009176570495,0.15812232323476,0.540417185023175,0.592046525005193,"cogn_se_lv"
"2170","TANK","Exc L5/6 IT Car3",0.0294290795490562,6.09122946847976,6.1964786315536,0.0132347556501842,0.22684257200978,0.216777830589863,"cogn_se_lv"
"2171","AC009299.3","Exc L5/6 IT Car3",0.0390296829496076,1.9853372467229,0.689664647388223,0.406808737300921,0.758873719574708,0.811501025271527,"cogn_se_lv"
"2172","PSMD14","Exc L5/6 IT Car3",-0.0151523324227598,6.12105954761979,1.89306167032292,0.169681071506754,0.556681238646118,0.607580253483866,"cogn_se_lv"
"2173","TBR1","Exc L5/6 IT Car3",-0.00967290072545581,4.71603372385651,0.223402044664607,0.636735806437815,0.88306425710354,0.920313987772422,"cogn_se_lv"
"2174","SLC4A10","Exc L5/6 IT Car3",0.00209640886195072,9.60339167243943,0.0465388837145324,0.829316911957541,0.9655472036201,0.97904971034251,"cogn_se_lv"
"2175","DPP4","Exc L5/6 IT Car3",-0.00648936482198273,4.40655214163151,0.0479726557153922,0.82674890135702,0.964937478529087,0.978672460578895,"cogn_se_lv"
"2176","FAP","Exc L5/6 IT Car3",0.0369051380661833,7.24126945786297,3.69390515154993,0.0553717482563987,0.371964734031417,0.396888623645928,"cogn_se_lv"
"2177","IFIH1","Exc L5/6 IT Car3",0.0335675354612199,2.99703486791718,0.776780036324068,0.378694269441928,0.737841138924423,0.79421768113674,"cogn_se_lv"
"2178","GCA","Exc L5/6 IT Car3",0.01787861943912,4.26029917835403,1.1626273066646,0.281616867677165,0.662539096936755,0.722983333410459,"cogn_se_lv"
"2179","KCNH7","Exc L5/6 IT Car3",0.0180207855311627,8.10602479159162,0.740832601723024,0.389946213928338,0.746621560596167,0.801281952256135,"cogn_se_lv"
"2180","AC011900.1","Exc L5/6 IT Car3",0.0794453728738052,2.3379913941956,2.82662477180363,0.0935485780406683,0.445317852163899,0.486333124559636,"cogn_se_lv"
"2181","FIGN","Exc L5/6 IT Car3",-0.0171428124272354,6.98896655214838,1.08199617187243,0.29892398400811,0.676917505521024,0.73721574932793,"cogn_se_lv"
"2182","AC016766.1","Exc L5/6 IT Car3",0.0129493434367174,2.09571802516274,0.10429186262125,0.746919414267527,0.933876820665955,0.958260365764295,"cogn_se_lv"
"2183","GRB14","Exc L5/6 IT Car3",-0.114753629806715,3.84970867320648,12.8143900461622,0.000389320148407777,0.0530679183971385,0.0383706247996168,"cogn_se_lv"
"2184","COBLL1","Exc L5/6 IT Car3",-0.0363610497536092,1.43634709552536,0.398019414810239,0.528499561914274,0.825495611271762,0.872319304481192,"cogn_se_lv"
"2185","AC019197.1","Exc L5/6 IT Car3",-0.013333055740571,3.63336969431737,0.179864003097352,0.671734182131572,0.897280631395117,0.932862003547473,"cogn_se_lv"
"2186","SLC38A11","Exc L5/6 IT Car3",-0.0355006473799989,4.98046970240281,0.609586733670822,0.435437774931873,0.77401101365229,0.826864523894369,"cogn_se_lv"
"2187","SCN3A","Exc L5/6 IT Car3",0.0028540885187437,7.88697586773651,0.0727685982434293,0.787496454117381,0.950304208272522,0.969348451298255,"cogn_se_lv"
"2188","SCN2A","Exc L5/6 IT Car3",-0.00664886236978733,8.86584553940849,0.922943451660316,0.337324519739568,0.707374895597759,0.765714254034446,"cogn_se_lv"
"2189","CSRNP3","Exc L5/6 IT Car3",0.00566163579342628,8.46436202848782,0.481322439075335,0.488254955458422,0.804970953647167,0.853491978224039,"cogn_se_lv"
"2190","GALNT3","Exc L5/6 IT Car3",-0.0721236616482008,2.70029326397792,4.64170421909601,0.031842629280392,0.307073851345728,0.315547273246689,"cogn_se_lv"
"2191","AC009495.1","Exc L5/6 IT Car3",-0.0650231806927593,2.75553193076477,2.7948302195361,0.0954059009996746,0.448482942890908,0.489374992723009,"cogn_se_lv"
"2192","TTC21B","Exc L5/6 IT Car3",0.00162376809280978,6.45135244479789,0.0222058039545866,0.881621300656405,0.98184006718356,0.988985050514498,"cogn_se_lv"
"2193","AC010127.1","Exc L5/6 IT Car3",-0.0430941113746891,4.51028218134275,2.09545807502356,0.14857585807903,0.527410660814893,0.579193367186917,"cogn_se_lv"
"2194","SCN1A","Exc L5/6 IT Car3",-0.013730094234372,7.98902350293629,1.08094869230012,0.299157668688697,0.676917505521024,0.73740222002431,"cogn_se_lv"
"2195","SCN9A","Exc L5/6 IT Car3",-0.032945740544488,3.68857094381216,1.34315303661666,0.247218764087573,0.631170666773018,0.691697295776974,"cogn_se_lv"
"2196","SCN7A","Exc L5/6 IT Car3",0.0161351960071826,4.56788677861172,0.276157912235034,0.599542273256085,0.864170427256323,0.904460969333362,"cogn_se_lv"
"2197","XIRP2","Exc L5/6 IT Car3",0.00486421419707662,2.18892833412361,0.0141476143478282,0.905383840713812,0.987810604126722,0.992901597701296,"cogn_se_lv"
"2198","AC073050.1","Exc L5/6 IT Car3",-0.00350598794711053,6.70115474468404,0.039954830116768,0.841677656361864,0.969567300255171,0.981690831643636,"cogn_se_lv"
"2199","AC016723.1","Exc L5/6 IT Car3",-0.00204798596892277,3.20698922738271,0.00387308290908381,0.950409683228972,0.995054338434123,0.997804640603097,"cogn_se_lv"
"2200","B3GALT1","Exc L5/6 IT Car3",0.0058411313169821,2.22600383996678,0.023778754960664,0.877532440029094,0.980419075763427,0.988533357496548,"cogn_se_lv"
"2201","STK39","Exc L5/6 IT Car3",0.0252679411567324,7.74485905227825,3.56000819552158,0.0599624477752357,0.381331434405321,0.409036090437238,"cogn_se_lv"
"2202","CERS6","Exc L5/6 IT Car3",0.0181303930838388,9.01069721381996,2.32761936452699,0.12794202988711,0.497732012124019,0.547366995174048,"cogn_se_lv"
"2203","LRP2","Exc L5/6 IT Car3",-0.0354799675830955,1.55342492721937,0.502824315777328,0.478703938055145,0.799764009145411,0.848903273204398,"cogn_se_lv"
"2204","FASTKD1","Exc L5/6 IT Car3",0.00042855308251328,6.29562191761565,0.00184625123200612,0.965749972281651,0.997621680933237,0.99892010896344,"cogn_se_lv"
"2205","PPIG","Exc L5/6 IT Car3",-0.0169367251159587,6.98776554894774,3.23382977231714,0.0729387984756371,0.412732658561907,0.44282518703783,"cogn_se_lv"
"2206","CCDC173","Exc L5/6 IT Car3",0.0578673174208707,3.47039740653105,5.27453912714867,0.0221920537191488,0.276758359969523,0.272140711598631,"cogn_se_lv"
"2207","KLHL23","Exc L5/6 IT Car3",0.0165954643750933,6.02795331361425,2.08783926325143,0.14931396912381,0.528262525244929,0.580341743324886,"cogn_se_lv"
"2208","SSB","Exc L5/6 IT Car3",-0.0302566840931058,5.61084975847979,1.73932338598984,0.188032240582431,0.575062928090689,0.629180561244723,"cogn_se_lv"
"2209","METTL5","Exc L5/6 IT Car3",-0.0196255693206106,4.38821020050002,1.45551857954154,0.228407754523005,0.617095238836013,0.674011133282918,"cogn_se_lv"
"2210","UBR3","Exc L5/6 IT Car3",0.0153628523919653,8.41018871404291,2.4088455201882,0.12149781744854,0.491032408228211,0.537264425547554,"cogn_se_lv"
"2211","MYO3B","Exc L5/6 IT Car3",-0.0364825595429125,1.93339895073041,0.717281226275379,0.397579243349356,0.75310133769209,0.806182580005318,"cogn_se_lv"
"2212","AC007405.1","Exc L5/6 IT Car3",0.0975120568464138,1.83978809908091,5.45269689434707,0.0200668799878074,0.267929628016617,0.261135486283413,"cogn_se_lv"
"2213","AC007405.3","Exc L5/6 IT Car3",0.0296387182002329,1.89869984857211,0.492085949352548,0.483434924069005,0.802169611459778,0.85083055319831,"cogn_se_lv"
"2214","GAD1","Exc L5/6 IT Car3",0.0945539451658081,1.75791415590325,2.94143170887234,0.0871632093927157,0.435109241827407,0.473941788056074,"cogn_se_lv"
"2215","GORASP2","Exc L5/6 IT Car3",-0.0195444176846762,4.88431497348556,2.42699615898401,0.120107737218549,0.489787513458787,0.535089151994001,"cogn_se_lv"
"2216","TLK1","Exc L5/6 IT Car3",0.0144444918997659,7.5837732997561,1.97152158069314,0.161117018759785,0.544605956229539,0.596231056659561,"cogn_se_lv"
"2217","METTL8","Exc L5/6 IT Car3",0.00350198445273683,5.29181343216111,0.0679880054185424,0.794432718894477,0.952216125954876,0.971429173515194,"cogn_se_lv"
"2218","DCAF17","Exc L5/6 IT Car3",0.0259508055121938,4.74627247522112,2.62621214508737,0.105955724472558,0.467933629249758,0.509708650266132,"cogn_se_lv"
"2219","CYBRD1","Exc L5/6 IT Car3",0.00700448748809905,2.16668750860066,0.0289799768506469,0.864917407378617,0.975384985678678,0.986542852105431,"cogn_se_lv"
"2220","DYNC1I2","Exc L5/6 IT Car3",-0.0212417038800863,7.21841813706082,4.48672319337984,0.034818721825278,0.314897934852847,0.3275517995299,"cogn_se_lv"
"2221","SLC25A12","Exc L5/6 IT Car3",0.0137928920063215,8.2008283279502,3.47543831046258,0.0630701338741753,0.388665431068539,0.417697881143666,"cogn_se_lv"
"2222","HAT1","Exc L5/6 IT Car3",0.00137679097312215,4.96700181768618,0.00800080159712776,0.92877443502955,0.991644887442834,0.995925713518617,"cogn_se_lv"
"2223","METAP1D","Exc L5/6 IT Car3",0.0221371188550014,4.84608864990108,2.07201658407321,0.150860201606394,0.52980681518096,0.582310205839721,"cogn_se_lv"
"2224","AC078883.1","Exc L5/6 IT Car3",0.0497070540393906,1.95537656515352,1.20218862564103,0.273590785743744,0.655974346803767,0.716140054036208,"cogn_se_lv"
"2225","PDK1","Exc L5/6 IT Car3",0.00862306195385209,4.16357898277429,0.211726375743256,0.645685266669526,0.886035214115491,0.923329464290186,"cogn_se_lv"
"2226","RAPGEF4-AS1","Exc L5/6 IT Car3",0.0421456407614477,3.57761013891016,3.37337988577395,0.0670518141068379,0.39725488026192,0.42754273197959,"cogn_se_lv"
"2227","RAPGEF4","Exc L5/6 IT Car3",0.00447853124530239,7.73954865830671,0.128724504917503,0.719960822922929,0.921128336339796,0.949794633484118,"cogn_se_lv"
"2228","MAP3K20","Exc L5/6 IT Car3",-0.0172073996273933,1.97755339599714,0.167159109406518,0.682883253668761,0.901342133498492,0.93713492673815,"cogn_se_lv"
"2229","SP3","Exc L5/6 IT Car3",-0.000710964078829689,5.61765203136731,0.00421570958858693,0.948265652554645,0.994804925328349,0.997804640603097,"cogn_se_lv"
"2230","OLA1","Exc L5/6 IT Car3",0.00369769024622499,7.27581421696132,0.263523033011647,0.779230429081099,0.94753209733503,0.967282504027799,"cogn_se_lv"
"2231","CIR1","Exc L5/6 IT Car3",-0.0231755883720406,5.45602283609311,3.79728019358962,0.0852875769756429,0.433336351817479,0.470612737568988,"cogn_se_lv"
"2232","SCRN3","Exc L5/6 IT Car3",0.0168719442125106,5.08398421312297,1.18243437746383,0.277561849589829,0.65984296042349,0.719753055819372,"cogn_se_lv"
"2233","GPR155","Exc L5/6 IT Car3",-0.000577606757695227,6.55535470642083,0.00335235925265539,0.953859580808734,0.996776168030349,0.99825732469581,"cogn_se_lv"
"2234","AC010894.3","Exc L5/6 IT Car3",-0.0795908310308407,4.38086280639291,4.70694589412495,0.0306707180832607,0.304222598957164,0.310262476872636,"cogn_se_lv"
"2235","CHN1","Exc L5/6 IT Car3",-0.0354628622282207,9.7860316073915,4.04958456389526,0.0448993040009864,0.344466744055424,0.362596555106246,"cogn_se_lv"
"2236","ATF2","Exc L5/6 IT Car3",0.00103212323230731,6.69402836019851,0.00884337448114899,0.925128405990908,0.991196077697388,0.995470927775795,"cogn_se_lv"
"2237","ATP5MC3","Exc L5/6 IT Car3",-0.0567639843890817,5.25514564577995,2.86153642483175,0.091554518921782,0.4419774298012,0.482786037565272,"cogn_se_lv"
"2238","LNPK","Exc L5/6 IT Car3",0.00494440969982456,5.821448084499,0.183325342613132,0.93255270187936,0.992700257134336,0.99625327555939,"cogn_se_lv"
"2239","MTX2","Exc L5/6 IT Car3",-0.0197301471782224,6.64979890274164,3.61440918823321,0.0580501308676628,0.377862825091434,0.404388324962032,"cogn_se_lv"
"2240","AC074286.1","Exc L5/6 IT Car3",0.00275785818929993,1.95445128296837,0.00393640269416726,0.950006487303436,0.995054338434123,0.997804640603097,"cogn_se_lv"
"2241","AC079305.3","Exc L5/6 IT Car3",0.0496753933018882,2.82117846687906,2.85667188247548,0.0918295666834304,0.442888446022561,0.483592198353309,"cogn_se_lv"
"2242","HNRNPA3","Exc L5/6 IT Car3",-0.0215421649616451,6.26422925354271,2.94545836386441,0.0869480424380101,0.434740212190051,0.473357943469196,"cogn_se_lv"
"2243","NFE2L2","Exc L5/6 IT Car3",0.021938236717755,6.59810872838875,4.1563985840824,0.0421809005375262,0.336180248199134,0.354700928199556,"cogn_se_lv"
"2244","AGPS","Exc L5/6 IT Car3",0.00143735188803055,6.10916686792817,0.0152416630481557,0.901811496120275,0.987810604126722,0.992744989013678,"cogn_se_lv"
"2245","RBM45","Exc L5/6 IT Car3",0.0117609595000375,4.54656820299187,0.495418959607208,0.481958301671209,0.801527800164243,0.850419179307958,"cogn_se_lv"
"2246","OSBPL6","Exc L5/6 IT Car3",-0.0162436088496134,7.77493394522299,2.30194650482663,0.13005749842851,0.500474253092376,0.55152295748445,"cogn_se_lv"
"2247","AC009948.1","Exc L5/6 IT Car3",0.0022244143436338,5.0983012458688,0.0233766976962606,0.878564077465665,0.980957043130887,0.988757737163956,"cogn_se_lv"
"2248","PRKRA","Exc L5/6 IT Car3",0.011659771564267,5.62116814016214,0.836924839775715,0.360867698273123,0.724938503644872,0.78149874067817,"cogn_se_lv"
"2249","PJVK","Exc L5/6 IT Car3",0.0249138100212321,3.937196869795,1.50084773054923,0.280252384628171,0.661515981507294,0.721921737294027,"cogn_se_lv"
"2250","PLEKHA3","Exc L5/6 IT Car3",-0.010611196227343,5.07259778929645,0.60777185931617,0.445425034075273,0.780357407072003,0.832588836473996,"cogn_se_lv"
"2251","TTN-AS1","Exc L5/6 IT Car3",0.0158409316628205,7.73673603497603,0.997020032715784,0.318678793978702,0.692808967221059,0.753368899225364,"cogn_se_lv"
"2252","TTN","Exc L5/6 IT Car3",-0.0263676800990762,4.11868678113832,0.476694782175042,0.490351884836293,0.806423969612156,0.854525065166988,"cogn_se_lv"
"2253","CCDC141","Exc L5/6 IT Car3",0.0033553543808421,2.64588661471698,0.00616962703657424,0.937435009919872,0.994286937102759,0.997226423542895,"cogn_se_lv"
"2254","SESTD1","Exc L5/6 IT Car3",-0.00652107479929753,7.6804374191195,0.314001699008534,0.575570695703965,0.851796959783132,0.893902257589209,"cogn_se_lv"
"2255","ZNF385B","Exc L5/6 IT Car3",0.000429876807899348,10.0397344526547,0.0011434006421895,0.973043360917346,0.998267578294294,0.999348346445079,"cogn_se_lv"
"2256","CWC22","Exc L5/6 IT Car3",0.00445542324039227,5.10127265085414,0.131961284588095,0.791206657941339,0.951674127840344,0.970510559242118,"cogn_se_lv"
"2257","AC009478.1","Exc L5/6 IT Car3",0.048834318178626,1.48086964652311,0.813960337660498,0.367533121812859,0.729191020330011,0.786328686346474,"cogn_se_lv"
"2258","SCHLAP1","Exc L5/6 IT Car3",-0.0219765297207749,2.63198582808324,0.192290439027034,0.661270511300565,0.89224558731507,0.929078758958205,"cogn_se_lv"
"2259","UBE2E3","Exc L5/6 IT Car3",-0.0168131047711275,6.08003290508931,1.85554009549531,0.173960946730822,0.560447764326429,0.612457612386063,"cogn_se_lv"
"2260","LINC01934","Exc L5/6 IT Car3",0.00321132064986533,2.41857987512132,0.0063272757930439,0.936642377042163,0.993995737324431,0.997105986775383,"cogn_se_lv"
"2261","SSFA2","Exc L5/6 IT Car3",-0.0427881633847434,5.01637733740679,9.61403197219708,0.00207749952606558,0.106215720522977,0.0905959261643486,"cogn_se_lv"
"2262","PDE1A","Exc L5/6 IT Car3",0.000272101266104026,10.7411304822395,0.000535465045755403,0.981550856548733,0.998390354534415,0.999870711362408,"cogn_se_lv"
"2263","DNAJC10","Exc L5/6 IT Car3",0.0147921536043965,6.11452003895326,1.75537085125164,0.446928525243712,0.781075074328528,0.833250198995798,"cogn_se_lv"
"2264","FRZB","Exc L5/6 IT Car3",-0.0131140224017355,2.87746290300993,0.195678429146676,0.658487865172919,0.890834058105769,0.928094558810751,"cogn_se_lv"
"2265","NCKAP1","Exc L5/6 IT Car3",-0.0190457044055095,7.93470952955557,4.52770761402054,0.0340043573735925,0.312717124772328,0.324416460204931,"cogn_se_lv"
"2266","DUSP19","Exc L5/6 IT Car3",-0.0129119893828835,4.20728311656908,0.438170868127371,0.508414622251903,0.816961913286198,0.863225429759627,"cogn_se_lv"
"2267","AC064871.1","Exc L5/6 IT Car3",0.0331310914403052,1.9101473218495,0.505532844855249,0.477522634827973,0.799031558211194,0.848323354316444,"cogn_se_lv"
"2268","NUP35","Exc L5/6 IT Car3",0.0125131299732335,4.10968460981141,0.468787948878977,0.493969742060183,0.808572041087665,0.856272335202486,"cogn_se_lv"
"2269","AC093639.1","Exc L5/6 IT Car3",0.0490121917236869,1.7229397578306,0.959330054817684,0.327989415784548,0.700074877560877,0.759883076235185,"cogn_se_lv"
"2270","AC096667.1","Exc L5/6 IT Car3",0.0248748960229125,2.58852490150755,0.566260247872215,0.452222598441795,0.784755350388365,0.835742201960122,"cogn_se_lv"
"2271","ZNF804A","Exc L5/6 IT Car3",-0.00837979406952359,9.41131077520327,0.304236864542324,0.581568080488646,0.855233062269629,0.896853483610364,"cogn_se_lv"
"2272","AC007966.1","Exc L5/6 IT Car3",0.0241661262262352,2.77644869515805,0.710450389797078,0.399833516840245,0.754037868768464,0.807517296081989,"cogn_se_lv"
"2273","FSIP2","Exc L5/6 IT Car3",0.0296260940523092,2.85047055269133,0.637592372927977,0.425091167625504,0.770225698616864,0.82191750990294,"cogn_se_lv"
"2274","FSIP2-AS1","Exc L5/6 IT Car3",-0.0163274953140486,3.00976412863752,0.420326277867895,0.517172469117514,0.819995665260249,0.867269400547,"cogn_se_lv"
"2275","LINC01473","Exc L5/6 IT Car3",0.0251186227659333,4.36045364882551,1.89177996527288,0.169825251476891,0.556721213775099,0.607831969807656,"cogn_se_lv"
"2276","ZC3H15","Exc L5/6 IT Car3",-0.0192851999007364,5.86895691526167,1.99653588006793,0.15849156028028,0.540417185023175,0.592317812884431,"cogn_se_lv"
"2277","ITGAV","Exc L5/6 IT Car3",-0.0460128651887718,5.2803619338214,7.29201739920424,0.0072412143913254,0.180576902715518,0.165091865307065,"cogn_se_lv"
"2278","AC017101.1","Exc L5/6 IT Car3",0.010851491044134,2.28037759012888,0.0632409568911351,0.801583158506812,0.955572858244753,0.973400331249797,"cogn_se_lv"
"2279","FAM171B","Exc L5/6 IT Car3",-0.0335723756969721,8.03836210737558,13.2039282998889,0.000318438483789749,0.048447811506403,0.0345214624408632,"cogn_se_lv"
"2280","AC007319.1","Exc L5/6 IT Car3",0.0399664442472767,4.19380514176225,0.805127346730931,0.370142517595197,0.731820830651346,0.788201677147591,"cogn_se_lv"
"2281","CALCRL","Exc L5/6 IT Car3",0.00972848895357059,4.96985702505271,0.0912804091357482,0.762723734920443,0.941167215918009,0.962850724261694,"cogn_se_lv"
"2282","TFPI","Exc L5/6 IT Car3",-0.113133768676393,2.37712210150282,3.58881593167053,0.058941553408948,0.379576832358774,0.406600856204691,"cogn_se_lv"
"2283","LINC01090","Exc L5/6 IT Car3",0.0445145591736522,2.26233115572127,1.34932118821786,0.246138257975711,0.63060160275998,0.690486793442364,"cogn_se_lv"
"2284","GULP1","Exc L5/6 IT Car3",-0.0757235586609642,2.03739176937261,1.52263897030282,0.217996091209086,0.606245002477021,0.662845697392955,"cogn_se_lv"
"2285","COL5A2","Exc L5/6 IT Car3",-0.0598823608999508,2.67570825058585,2.01714459573519,0.156365172760968,0.538455919882023,0.589644134626021,"cogn_se_lv"
"2286","WDR75","Exc L5/6 IT Car3",0.0368198955618056,4.99052930941221,6.55822016900193,0.0108321165363096,0.213179377869315,0.198762533096843,"cogn_se_lv"
"2287","ASNSD1","Exc L5/6 IT Car3",-0.00884359846229309,4.32538801919835,0.306885211092166,0.579929210585957,0.854322824822234,0.89589609496565,"cogn_se_lv"
"2288","ANKAR","Exc L5/6 IT Car3",0.000380319389067894,5.761256227499,0.000955002527584762,0.975363304271254,0.998267578294294,0.999481105410931,"cogn_se_lv"
"2289","OSGEPL1","Exc L5/6 IT Car3",-0.0215497831747441,3.37172290314813,0.911467338853781,0.34034258140605,0.710066960534478,0.767578413406127,"cogn_se_lv"
"2290","ORMDL1","Exc L5/6 IT Car3",-0.00898056353179815,5.44084336290034,0.300747856701574,0.583741441914917,0.855777482563133,0.897662418441108,"cogn_se_lv"
"2291","PMS1","Exc L5/6 IT Car3",0.0138174532128213,6.14912266610592,2.00950264078097,0.157149842605557,0.539370222502125,0.590772470612825,"cogn_se_lv"
"2292","C2orf88","Exc L5/6 IT Car3",-0.0342070304582076,4.82176190292676,2.57774306496632,0.109220812941952,0.471635328612973,0.514839155572856,"cogn_se_lv"
"2293","HIBCH","Exc L5/6 IT Car3",0.0453965321454798,6.8938774428842,3.75742872347201,0.0533261608109591,0.365741737817866,0.390299528157484,"cogn_se_lv"
"2294","INPP1","Exc L5/6 IT Car3",0.0155819748967872,4.54985295790931,0.679462568367872,0.41029767815389,0.760981036049017,0.81349543865238,"cogn_se_lv"
"2295","MFSD6","Exc L5/6 IT Car3",-0.00232276029567859,6.21157787595162,0.0340603459281445,0.853678631624847,0.972704523449468,0.984284184489059,"cogn_se_lv"
"2296","AC108047.1","Exc L5/6 IT Car3",-0.0238156987839628,3.66696168675923,1.42809359219804,0.232833715324264,0.620836501626516,0.678279855560013,"cogn_se_lv"
"2297","NAB1","Exc L5/6 IT Car3",0.0432599843114399,4.97402885988424,6.4205572371982,0.0116884739588085,0.215643586296606,0.205200319545433,"cogn_se_lv"
"2298","GLS","Exc L5/6 IT Car3",-0.00982019859979413,8.80139635414039,1.01823023623033,0.313592122969125,0.688372952859054,0.749764241606735,"cogn_se_lv"
"2299","STAT1","Exc L5/6 IT Car3",-0.0415566588913555,4.25768544051433,2.60319921431383,0.107492364892221,0.46944026551966,0.511960650889512,"cogn_se_lv"
"2300","STAT4","Exc L5/6 IT Car3",0.0386596888894778,5.96605917338504,3.09968042515897,0.0791256549562712,0.42063690147738,0.457221730509621,"cogn_se_lv"
"2301","MYO1B","Exc L5/6 IT Car3",0.109545896122345,5.14575718407915,12.5407254224741,0.000448507046703156,0.0551586346446866,0.0414351053538096,"cogn_se_lv"
"2302","NABP1","Exc L5/6 IT Car3",0.0157500021102115,2.37835873802786,0.208238397587002,0.648416758332835,0.886955284929547,0.92423929376423,"cogn_se_lv"
"2303","AC098617.1","Exc L5/6 IT Car3",0.0408560259607017,2.94525956964153,0.931869278380324,0.335001981794173,0.704633416587694,0.764285499845462,"cogn_se_lv"
"2304","TMEFF2","Exc L5/6 IT Car3",-3.42166809940987e-05,8.23048404365694,7.86643780740664e-06,0.997763659179992,0.999387095006839,0.999954262357359,"cogn_se_lv"
"2305","SLC39A10","Exc L5/6 IT Car3",-0.00241899528833169,7.853485005834,0.0334967162762212,0.854880737214006,0.972881064401809,0.984550257308073,"cogn_se_lv"
"2306","DNAH7","Exc L5/6 IT Car3",0.0216007038151222,6.9235361830476,1.11017236307971,0.29272529774848,0.672184585223166,0.731902495111488,"cogn_se_lv"
"2307","STK17B","Exc L5/6 IT Car3",-0.0597855054004871,1.62529601907247,1.32584683092975,0.250281622290972,0.634369019715073,0.694973303329838,"cogn_se_lv"
"2308","HECW2","Exc L5/6 IT Car3",0.0335460531102724,8.32168804318226,7.1945046097309,0.00763730706766111,0.185518745129934,0.169498920043348,"cogn_se_lv"
"2309","CCDC150","Exc L5/6 IT Car3",0.0242823734177063,2.28888064465275,0.347151463318527,0.556086090755917,0.840188978670092,0.884995995431026,"cogn_se_lv"
"2310","GTF3C3","Exc L5/6 IT Car3",0.00717338076873373,4.74231490489788,0.206350687228743,0.64990660250589,0.88742216518162,0.924608129750732,"cogn_se_lv"
"2311","PGAP1","Exc L5/6 IT Car3",-0.0470729027562933,5.33924688654199,5.60041868456261,0.0184654732038185,0.258348756915243,0.250589696873398,"cogn_se_lv"
"2312","ANKRD44","Exc L5/6 IT Car3",-0.0431481828222448,3.95341087481625,2.50352726930995,0.114437615322595,0.480734891988861,0.524549284572402,"cogn_se_lv"
"2313","SF3B1","Exc L5/6 IT Car3",-0.00798962415752044,6.37494053810883,0.884944234200105,0.45336467967841,0.785113151561046,0.836444883481047,"cogn_se_lv"
"2314","COQ10B","Exc L5/6 IT Car3",-0.0246294898422456,4.41291541136673,1.97662666732818,0.160577184238306,0.543616996354493,0.595540035250515,"cogn_se_lv"
"2315","HSPD1","Exc L5/6 IT Car3",0.00685478246662247,5.38608005544867,0.0853808433207968,0.770295870765783,0.943256958234038,0.964756824291005,"cogn_se_lv"
"2316","HSPE1-MOB4","Exc L5/6 IT Car3",-0.0102561602409328,1.90009988784869,0.0511301236804065,0.821231945436213,0.962568237840115,0.977521041830819,"cogn_se_lv"
"2317","MOB4","Exc L5/6 IT Car3",-0.0456841866922717,4.14568539889033,3.83891726308342,0.050818983905306,0.359092820157328,0.381438616315193,"cogn_se_lv"
"2318","RFTN2","Exc L5/6 IT Car3",0.0354033621948627,1.79846631398677,0.542038304952447,0.462051130685738,0.790167295568364,0.841029194763524,"cogn_se_lv"
"2319","AC011997.1","Exc L5/6 IT Car3",0.00159009947506741,5.10100937828251,0.00825542617052532,0.927653014183845,0.991538479686899,0.995672044648369,"cogn_se_lv"
"2320","PLCL1","Exc L5/6 IT Car3",0.000166283480673545,8.93244047850941,0.00014002478313469,0.990565002329949,0.999242764926216,0.999870711362408,"cogn_se_lv"
"2321","LINC01923","Exc L5/6 IT Car3",-0.0245919421466605,5.13322029613743,1.70764472190525,0.192094882111579,0.579788239987683,0.633735868039378,"cogn_se_lv"
"2322","AC019330.1","Exc L5/6 IT Car3",-0.0779072613627861,3.45144751114204,6.48853964602399,0.0112571807927426,0.214164403886737,0.201755074264216,"cogn_se_lv"
"2323","AC020718.1","Exc L5/6 IT Car3",0.0666951665284469,2.22273955505623,2.06408140025305,0.151642487237512,0.531210180149271,0.583268061597584,"cogn_se_lv"
"2324","SATB2","Exc L5/6 IT Car3",-0.0260598905987711,9.6455754756784,6.413100325615,0.0117368080268065,0.215805825009022,0.205687002428512,"cogn_se_lv"
"2325","AC016746.1","Exc L5/6 IT Car3",-0.0512787694812644,1.98528812104655,1.03892620426013,0.30873079615335,0.684437763295889,0.745857029430294,"cogn_se_lv"
"2326","SATB2-AS1","Exc L5/6 IT Car3",-0.00184362912818128,5.14172481972537,0.0173743545679251,0.8952040827417,0.9859234466049,0.991412571882347,"cogn_se_lv"
"2327","FTCDNL1","Exc L5/6 IT Car3",0.0469049373360079,5.94533129975008,8.6077392496403,0.00355393121449981,0.133402442417444,0.117864123832059,"cogn_se_lv"
"2328","C2orf69","Exc L5/6 IT Car3",-0.0126129851982595,5.27376271160061,0.808127117445299,0.369253449298279,0.731167375225857,0.787691560725524,"cogn_se_lv"
"2329","TYW5","Exc L5/6 IT Car3",0.01026492880438,5.14418642930322,0.515223967397734,0.473334637392315,0.795978860413842,0.846402220081049,"cogn_se_lv"
"2330","MAIP1","Exc L5/6 IT Car3",0.0132133671189289,5.07167009027651,0.506798364275367,0.476972321414107,0.799031558211194,0.848082748307605,"cogn_se_lv"
"2331","SPATS2L","Exc L5/6 IT Car3",0.0123265273744776,6.95264800020582,0.648529550226058,0.421151019247407,0.768357172043024,0.819632573587494,"cogn_se_lv"
"2332","KCTD18","Exc L5/6 IT Car3",0.00181305727672219,3.68721327619575,0.00856396242305809,0.926317270988714,0.991453065881766,0.99555731495216,"cogn_se_lv"
"2333","SGO2","Exc L5/6 IT Car3",0.10421757549222,2.61606266143191,10.3780336930377,0.00138709324550769,0.0924128357072008,0.0753688164436745,"cogn_se_lv"
"2334","AOX1","Exc L5/6 IT Car3",-0.221121037871553,1.71210872189966,16.4850897850072,5.97575140172147e-05,0.0225297298105295,0.0138410885658287,"cogn_se_lv"
"2335","AC007163.1","Exc L5/6 IT Car3",0.00638469532213545,1.81757044691315,0.0171766671046387,0.895798544203836,0.986148815080956,0.991500578448614,"cogn_se_lv"
"2336","BZW1","Exc L5/6 IT Car3",-0.0260326088388813,3.80794527224443,1.40527377636977,0.2365958594593,0.62349491045867,0.681484842798835,"cogn_se_lv"
"2337","CLK1","Exc L5/6 IT Car3",-0.0300450637324939,5.80880591437198,4.19099976509873,0.0413380247750239,0.334651453069991,0.351966113129661,"cogn_se_lv"
"2338","PPIL3","Exc L5/6 IT Car3",0.0223291727018761,4.4634704289111,1.98088393990919,0.163247446441485,0.547359085127334,0.598902956279294,"cogn_se_lv"
"2339","NIF3L1","Exc L5/6 IT Car3",-0.012391191288806,3.65326391066351,0.278758205366899,0.597829670964694,0.863257518872831,0.90394600028638,"cogn_se_lv"
"2340","ORC2","Exc L5/6 IT Car3",0.00750261292716478,6.28409625999292,0.58973846381165,0.443005274423579,0.778382369377654,0.831308233741835,"cogn_se_lv"
"2341","AC005037.1","Exc L5/6 IT Car3",0.00993584397200967,4.06961041004885,0.222948446139944,0.637078094004229,0.883276385755741,0.920393383467609,"cogn_se_lv"
"2342","FAM126B","Exc L5/6 IT Car3",-0.00433344843834796,7.24025131265294,0.248480283185576,0.618440471865282,0.873593287013005,0.91268405542042,"cogn_se_lv"
"2343","NDUFB3","Exc L5/6 IT Car3",-0.0890753596059304,4.24101863749243,7.08815392863261,0.00809475144596129,0.190486582191658,0.174208787461782,"cogn_se_lv"
"2344","CFLAR","Exc L5/6 IT Car3",-0.0205688749117449,4.85112851184934,1.43311575320308,0.232015510007026,0.620439023679691,0.677856229890439,"cogn_se_lv"
"2345","CASP8","Exc L5/6 IT Car3",0.0190128502433748,1.84570613899654,0.182470483874017,0.66950471183198,0.896717017849796,0.932007314644674,"cogn_se_lv"
"2346","ALS2CR12","Exc L5/6 IT Car3",0.0328860029863155,4.93613519829309,2.39178461219414,0.122820773266941,0.49197586118719,0.539546409496151,"cogn_se_lv"
"2347","TRAK2","Exc L5/6 IT Car3",-0.00244254128436254,6.65575536932083,0.0680906327413854,0.941759170197758,0.994645381072493,0.997626386519645,"cogn_se_lv"
"2348","STRADB","Exc L5/6 IT Car3",-0.00530933889394519,4.82398674751622,0.0896187902836241,0.764828780027141,0.941623994264417,0.963211452159313,"cogn_se_lv"
"2349","C2CD6","Exc L5/6 IT Car3",0.0211949013556061,3.64930715335404,0.615402835823863,0.433257787904342,0.77353077346411,0.825869250835887,"cogn_se_lv"
"2350","TMEM237","Exc L5/6 IT Car3",-0.00678550833352532,4.32399437215984,0.164988553495017,0.803581201035992,0.955697174879762,0.973762817867416,"cogn_se_lv"
"2351","MPP4","Exc L5/6 IT Car3",-0.0258996069964897,3.02922261069093,0.846809104905808,0.358050266641672,0.722480441660001,0.779996180517865,"cogn_se_lv"
"2352","ALS2","Exc L5/6 IT Car3",-0.00506005611759947,6.32997008745509,0.215700107194773,0.642606409013688,0.885143885681612,0.922001596310016,"cogn_se_lv"
"2353","KIAA2012","Exc L5/6 IT Car3",-0.0297240457657942,2.5570570010518,0.864596489449058,0.353055870168324,0.719577518459874,0.776393549434688,"cogn_se_lv"
"2354","SUMO1","Exc L5/6 IT Car3",-0.0390693762161059,5.80049571165092,4.36813838871178,0.0372925100529213,0.324072122933065,0.336929623976654,"cogn_se_lv"
"2355","NOP58","Exc L5/6 IT Car3",-0.00119303415891652,5.7811075373556,0.0103270188618658,0.919111269617523,0.990554792676028,0.994640339049422,"cogn_se_lv"
"2356","BMPR2","Exc L5/6 IT Car3",0.00827014959484389,8.178945993451,1.06925716130443,0.301782038006827,0.679307849352746,0.73999218954874,"cogn_se_lv"
"2357","FAM117B","Exc L5/6 IT Car3",0.0059687844391563,6.12237267188791,0.239129878719238,0.625122159630446,0.876060580908903,0.915314042911445,"cogn_se_lv"
"2358","ICA1L","Exc L5/6 IT Car3",0.0317360159095315,7.73620664826199,8.83127353606433,0.00315276604745572,0.131138025595523,0.111086879174358,"cogn_se_lv"
"2359","WDR12","Exc L5/6 IT Car3",0.00915692069925877,5.15149026962364,0.490900025866083,0.483962124775287,0.802736924237929,0.851268328230308,"cogn_se_lv"
"2360","CARF","Exc L5/6 IT Car3",0.0121249214619944,4.61975917509074,0.519724522724017,0.471409987038003,0.794633044963293,0.845660916031141,"cogn_se_lv"
"2361","NBEAL1","Exc L5/6 IT Car3",-0.00991032807010134,6.77706573331785,0.499677874989003,0.480082253813594,0.800406150660005,0.849558699832978,"cogn_se_lv"
"2362","CYP20A1","Exc L5/6 IT Car3",0.0458397801628404,4.59647164567143,5.22838585321955,0.0227798998112112,0.2800171352036,0.27495714212857,"cogn_se_lv"
"2363","ABI2","Exc L5/6 IT Car3",0.0172779331587384,8.31262238881612,4.30150945723628,0.038762949605006,0.327903038577323,0.342516653578827,"cogn_se_lv"
"2364","RAPH1","Exc L5/6 IT Car3",0.0110459427307425,6.52668953237812,0.266120865926466,0.606250971134985,0.868278273580553,0.907461982466,"cogn_se_lv"
"2365","PARD3B","Exc L5/6 IT Car3",-0.00219775581361285,2.71986233137994,0.00522621778549387,0.94240774380202,0.994742025604273,0.997626386519645,"cogn_se_lv"
"2366","AC007679.1","Exc L5/6 IT Car3",-0.0642600291647131,1.73177038720356,1.45841420032613,0.227946404544373,0.616974397950927,0.673379861145143,"cogn_se_lv"
"2367","INO80D","Exc L5/6 IT Car3",-0.014549005148845,7.06538306302605,0.234834352651448,0.628246094424034,0.877995132366765,0.917053368391271,"cogn_se_lv"
"2368","NDUFS1","Exc L5/6 IT Car3",-0.00168477704672212,7.08793338503501,0.0332779427941527,0.855350149983244,0.972881064401809,0.984644860433994,"cogn_se_lv"
"2369","AC007383.3","Exc L5/6 IT Car3",-0.0065838447097468,1.97157323770112,0.0204937180724781,0.886243927321249,0.983710314298651,0.989749193647213,"cogn_se_lv"
"2370","EEF1B2","Exc L5/6 IT Car3",0.00611963344879525,4.16156242195053,0.0360684556056623,0.849477317449845,0.971266077161033,0.98320800719379,"cogn_se_lv"
"2371","ZDBF2","Exc L5/6 IT Car3",-0.0192937015248811,6.20396867103306,3.2100373818436,0.0739968453095966,0.413387076509406,0.445146230079207,"cogn_se_lv"
"2372","ADAM23","Exc L5/6 IT Car3",0.0122598360153267,9.44860423576961,0.866706918697966,0.352469651135085,0.719169542251618,0.77601282982242,"cogn_se_lv"
"2373","FAM237A","Exc L5/6 IT Car3",0.0267893380635445,2.49932041428278,0.538826264762875,0.463379895477599,0.790961030368069,0.841827876019513,"cogn_se_lv"
"2374","MDH1B","Exc L5/6 IT Car3",0.0577552423443002,3.07676501882246,3.84579928332203,0.0506130544524728,0.358979842940613,0.380614844364749,"cogn_se_lv"
"2375","FASTKD2","Exc L5/6 IT Car3",0.00278801672882088,5.12205308642021,0.0374099936358599,0.846737779769714,0.970988236489561,0.982904441273953,"cogn_se_lv"
"2376","AC008269.1","Exc L5/6 IT Car3",0.0129654249162427,2.8845823190975,0.234776340832679,0.628288524545496,0.877995132366765,0.917090790088423,"cogn_se_lv"
"2377","CPO","Exc L5/6 IT Car3",-0.0255841565381978,3.99994099327527,1.41992857075597,0.234171428517967,0.621576109846761,0.679284906425948,"cogn_se_lv"
"2378","KLF7","Exc L5/6 IT Car3",0.00938824736310607,6.50564528111734,0.459363593948397,0.498340982243363,0.811498012562201,0.85826745205923,"cogn_se_lv"
"2379","AC009226.1","Exc L5/6 IT Car3",0.117398449227132,1.76677988969025,6.05848164047087,0.0142907490900134,0.231815143965396,0.223817932580097,"cogn_se_lv"
"2380","CREB1","Exc L5/6 IT Car3",-0.0164913491657504,6.03559148230633,2.16923866565995,0.141637712683893,0.516663758759211,0.568849731836248,"cogn_se_lv"
"2381","METTL21A","Exc L5/6 IT Car3",0.042823760771677,4.16232030038585,4.18699705554161,0.0414346141236671,0.334651453069991,0.352319262378818,"cogn_se_lv"
"2382","CCNYL1","Exc L5/6 IT Car3",0.0325143516920921,4.79637583083413,3.40809112323997,0.0656681751380794,0.394162720505086,0.424283518718844,"cogn_se_lv"
"2383","FZD5","Exc L5/6 IT Car3",0.00604741394874839,1.83922029451182,0.0205175793142181,0.886178174972057,0.983710314298651,0.989749193647213,"cogn_se_lv"
"2384","PLEKHM3","Exc L5/6 IT Car3",0.00137557992109627,7.21799575902627,0.0204031650568681,0.886493812504738,0.983710314298651,0.989770552430397,"cogn_se_lv"
"2385","C2orf80","Exc L5/6 IT Car3",0.0290212209650317,3.49491876187344,1.21452653538279,0.271146807296078,0.653645032580496,0.71417892965621,"cogn_se_lv"
"2386","IDH1","Exc L5/6 IT Car3",0.0315082179931659,4.41156877883104,4.27205493104145,0.0394323273202825,0.328617396477374,0.344644567379915,"cogn_se_lv"
"2387","PIKFYVE","Exc L5/6 IT Car3",-0.00540352473084853,6.20406610355405,0.257111741920965,0.61241050140897,0.870851518147351,0.910279458869215,"cogn_se_lv"
"2388","PTH2R","Exc L5/6 IT Car3",0.0281942813528132,6.18888095129277,1.99149814254699,0.159016357059035,0.540831322682552,0.593186839198321,"cogn_se_lv"
"2389","MAP2","Exc L5/6 IT Car3",-0.015209609206087,9.18979164533958,1.78515466975903,0.182330714981177,0.569404983513728,0.622504945474312,"cogn_se_lv"
"2390","UNC80","Exc L5/6 IT Car3",-0.000431591624902666,8.45458194785386,0.00175896928963192,0.966568875123208,0.997621680933237,0.99892010896344,"cogn_se_lv"
"2391","RPE","Exc L5/6 IT Car3",-0.00424718953171544,5.5521862807065,0.071780225624623,0.78891001959369,0.950573100159521,0.969931898954868,"cogn_se_lv"
"2392","KANSL1L","Exc L5/6 IT Car3",-0.00336584780543614,6.37668769126368,0.0708027319867654,0.790318324261952,0.951349159983688,0.970278647232056,"cogn_se_lv"
"2393","AC007038.2","Exc L5/6 IT Car3",0.0115868736532804,3.16993497470372,0.267885593201356,0.665480757299408,0.894470085424761,0.93065257235918,"cogn_se_lv"
"2394","AC007038.1","Exc L5/6 IT Car3",0.0155174139950807,4.47941669649844,0.727410483513943,0.394270176175596,0.750811125246958,0.804130894698238,"cogn_se_lv"
"2395","LANCL1-AS1","Exc L5/6 IT Car3",0.0922544160120807,2.6594688618063,6.38322335977162,0.0119325411876506,0.21784318965355,0.207086658280983,"cogn_se_lv"
"2396","LANCL1","Exc L5/6 IT Car3",-0.0108465207686432,6.35237518370118,1.2405908306081,0.266073136389254,0.648572027067578,0.709784757707045,"cogn_se_lv"
"2397","CPS1","Exc L5/6 IT Car3",0.0126455824611997,4.13356548989036,0.301650303303157,0.583177724841071,0.855777482563133,0.89741786748742,"cogn_se_lv"
"2398","ERBB4","Exc L5/6 IT Car3",0.0174694190460741,5.87113499020137,0.262892660274015,0.608442738671935,0.869284603431218,0.908246548502672,"cogn_se_lv"
"2399","IKZF2","Exc L5/6 IT Car3",0.00278694500632706,4.39605289786192,0.0181037663049063,0.893039929695802,0.9857013440361,0.99091684118989,"cogn_se_lv"
"2400","SPAG16","Exc L5/6 IT Car3",-0.0107015091814875,7.04421096123395,0.682199881582273,0.40935725515736,0.760469385291995,0.812820407594842,"cogn_se_lv"
"2401","AC068051.1","Exc L5/6 IT Car3",0.0117588645312324,3.17699795853832,0.11520655548382,0.734483346660787,0.927984616396423,0.954617962088786,"cogn_se_lv"
"2402","VWC2L","Exc L5/6 IT Car3",-0.00271862661379641,5.05946683374238,0.0095938997155524,0.922025741006583,0.990974669133532,0.995065616495779,"cogn_se_lv"
"2403","BARD1","Exc L5/6 IT Car3",-0.013374182572512,3.29844618799424,0.217770720723486,0.641015741946539,0.884107586310083,0.921497133331088,"cogn_se_lv"
"2404","AC016708.1","Exc L5/6 IT Car3",-0.00187894497321449,2.5069527911573,0.000959650120839741,0.97530344802122,0.998267578294294,0.999481105410931,"cogn_se_lv"
"2405","ATIC","Exc L5/6 IT Car3",0.00988834588773786,4.46222962120603,0.435837003926319,0.509545356088365,0.817087552547132,0.863762366060355,"cogn_se_lv"
"2406","FN1","Exc L5/6 IT Car3",0.0296065649408108,3.16954026192802,0.566646712344723,0.452068461275006,0.784755350388365,0.835612097134468,"cogn_se_lv"
"2407","AC012668.3","Exc L5/6 IT Car3",-0.053792812881602,1.93707928853748,1.99910728279633,0.158224451841627,0.540417185023175,0.592141134221319,"cogn_se_lv"
"2408","LINC00607","Exc L5/6 IT Car3",-0.115853502393021,3.39202614358117,7.06248774794046,0.0082093070527845,0.190847787828328,0.175168941724312,"cogn_se_lv"
"2409","MREG","Exc L5/6 IT Car3",-0.0119880383511567,6.33057792966345,0.718137041613911,0.39729811177901,0.753007135502335,0.805957213100337,"cogn_se_lv"
"2410","PECR","Exc L5/6 IT Car3",0.0226482555288398,4.8359205698763,1.94141742210769,0.164342936994113,0.548918508635315,0.600196259153651,"cogn_se_lv"
"2411","TMEM169","Exc L5/6 IT Car3",0.0263575415653809,4.65106551438628,2.50770941666587,0.114136426882794,0.480461755326494,0.523931108537957,"cogn_se_lv"
"2412","XRCC5","Exc L5/6 IT Car3",0.00402900111128738,6.76618811375738,0.242316879083633,0.622826804620756,0.87513051429868,0.914454991386989,"cogn_se_lv"
"2413","LINC01963","Exc L5/6 IT Car3",-0.00945229471211484,3.78167635584393,0.140973698122462,0.707527974451559,0.91420517377105,0.945981101135918,"cogn_se_lv"
"2414","MARCH4","Exc L5/6 IT Car3",0.0439485149310612,4.97287459199431,4.25739637843612,0.0397699827228922,0.329773725272258,0.345979925410779,"cogn_se_lv"
"2415","SMARCAL1","Exc L5/6 IT Car3",0.00323191199213505,5.14712421865511,0.0534593943551253,0.817275975098583,0.959996737655868,0.976979324608985,"cogn_se_lv"
"2416","RPL37A","Exc L5/6 IT Car3",-0.0712920726154613,7.03184662236373,8.51280510189565,0.0037397384056782,0.137690368572697,0.120577866075162,"cogn_se_lv"
"2417","AC073321.1","Exc L5/6 IT Car3",0.10939922037321,1.29619086915557,2.6178384793309,0.106512040712075,0.468654730319282,0.510572188911156,"cogn_se_lv"
"2418","IGFBP2","Exc L5/6 IT Car3",0.00633641278964109,3.0808413474199,0.029250577164153,0.864294319126681,0.97538376478777,0.986542852105431,"cogn_se_lv"
"2419","IGFBP5","Exc L5/6 IT Car3",-0.057521103406627,3.73502017017845,3.34979699437713,0.0680096880719643,0.399040827211339,0.42974728328791,"cogn_se_lv"
"2420","AC007563.2","Exc L5/6 IT Car3",0.0440989484196783,7.48491259675931,4.51924289300689,0.0341708984202958,0.3131269192425,0.324881838103832,"cogn_se_lv"
"2421","DIRC3-AS1","Exc L5/6 IT Car3",0.0426361298596227,3.49680487517275,2.91198030305346,0.0887546834204993,0.437854915746994,0.4772203637966,"cogn_se_lv"
"2422","DIRC3","Exc L5/6 IT Car3",0.0312722026254291,6.7639589048142,2.57271911629714,0.109565543092976,0.47229961919841,0.515571151143417,"cogn_se_lv"
"2423","TNS1","Exc L5/6 IT Car3",-0.0108421599483007,2.8842330103755,0.0770154988251775,0.781536880580785,0.949068952767095,0.967905127873629,"cogn_se_lv"
"2424","ARPC2","Exc L5/6 IT Car3",-0.0349628056801478,6.42060136589796,7.3755791203972,0.00691859180587694,0.177224441862686,0.162008978136032,"cogn_se_lv"
"2425","AAMP","Exc L5/6 IT Car3",-0.012679430170713,4.20570794318777,0.283699578677778,0.594603154974898,0.861427332680381,0.902679231313624,"cogn_se_lv"
"2426","PNKD","Exc L5/6 IT Car3",-0.00322993225448925,5.87079994005454,0.0927926440881836,0.760826041390204,0.940466406548739,0.962167879452698,"cogn_se_lv"
"2427","CATIP-AS2","Exc L5/6 IT Car3",-0.0333675434640361,1.94666791548235,0.57230267300178,0.449822024163828,0.782852080954576,0.834379287308753,"cogn_se_lv"
"2428","CATIP","Exc L5/6 IT Car3",0.000112388715879618,1.55811618190695,1.24412900448242e-07,0.999718756687982,0.999756585062036,1,"cogn_se_lv"
"2429","SLC11A1","Exc L5/6 IT Car3",-0.0172933447340244,1.907944665757,0.185742893819095,0.66673214566536,0.894985409663314,0.931066844842795,"cogn_se_lv"
"2430","CTDSP1","Exc L5/6 IT Car3",0.0919377785309815,1.69808176413659,3.78923512069833,0.0523322707418907,0.362228895457842,0.386524466880995,"cogn_se_lv"
"2431","USP37","Exc L5/6 IT Car3",0.00222357212118592,5.95067993082666,0.0474708148563244,0.966746373278074,0.997621680933237,0.99892010896344,"cogn_se_lv"
"2432","CNOT9","Exc L5/6 IT Car3",0.00568073496042481,5.09599762094014,0.201530900487258,0.653748204944528,0.888560566491041,0.925869455202031,"cogn_se_lv"
"2433","PLCD4","Exc L5/6 IT Car3",0.0471671932475633,3.26527057012963,3.66533845545705,0.0563187379446067,0.373928928056421,0.399097585527231,"cogn_se_lv"
"2434","ZNF142","Exc L5/6 IT Car3",-0.00611921337974498,3.91196088815603,0.123585425080901,0.85875592772338,0.973716475920048,0.985259783690362,"cogn_se_lv"
"2435","BCS1L","Exc L5/6 IT Car3",-0.0393641565291753,2.60295553365303,1.74254494134111,0.187624744340285,0.575062928090689,0.628841695915644,"cogn_se_lv"
"2436","RNF25","Exc L5/6 IT Car3",-0.0100274544045566,3.36825753630495,0.245784280678402,0.620350708003605,0.874205420398817,0.91337566957268,"cogn_se_lv"
"2437","STK36","Exc L5/6 IT Car3",-0.030796251137919,4.70168548461638,4.05745481114054,0.0446928237037848,0.34356544471067,0.362058950730197,"cogn_se_lv"
"2438","TTLL4","Exc L5/6 IT Car3",-0.0220319229278369,2.87708674344149,0.759303897254915,0.384105943736475,0.742172676735286,0.798070450914459,"cogn_se_lv"
"2439","CYP27A1","Exc L5/6 IT Car3",0.00264429413978541,2.44761340795119,0.00458749431231551,0.946035962496793,0.994804925328349,0.997626386519645,"cogn_se_lv"
"2440","LINC01494","Exc L5/6 IT Car3",0.0879365355429164,2.68439393633086,4.86457361190359,0.02802179606737,0.298034168263182,0.298829284484409,"cogn_se_lv"
"2441","AC097468.2","Exc L5/6 IT Car3",0.0984972347344329,2.21507087384982,7.10812295642317,0.00800676095499058,0.190052340431887,0.173513593850368,"cogn_se_lv"
"2442","CDK5R2","Exc L5/6 IT Car3",0.00931687576334874,5.07740817370156,0.223030158656303,0.637016401916287,0.883276385755741,0.920364329128629,"cogn_se_lv"
"2443","CFAP65","Exc L5/6 IT Car3",-0.0198956202674586,2.64673424343282,0.451092541757466,0.502231578604084,0.813880306750587,0.860217825188907,"cogn_se_lv"
"2444","CNPPD1","Exc L5/6 IT Car3",-0.0228180590542187,2.82819189700047,0.66440955301747,0.415526715989054,0.764207635721845,0.816305363001477,"cogn_se_lv"
"2445","RETREG2","Exc L5/6 IT Car3",-0.0471778483638722,5.78658487061708,4.60704878638935,0.0324841253749041,0.309443250691828,0.318271977987339,"cogn_se_lv"
"2446","ZFAND2B","Exc L5/6 IT Car3",-0.0109239149315104,4.17098091617608,0.267224247180337,0.605505699213738,0.868070117456863,0.907175131301519,"cogn_se_lv"
"2447","ATG9A","Exc L5/6 IT Car3",0.00490490908980414,2.24520944200239,0.0173907874137081,0.895154823161656,0.9859234466049,0.991386823918352,"cogn_se_lv"
"2448","ANKZF1","Exc L5/6 IT Car3",0.0195724229698647,4.93158036966579,1.92847276759245,0.165752785325668,0.550957962454003,0.602160536781766,"cogn_se_lv"
"2449","STK16","Exc L5/6 IT Car3",-0.0632293954842792,2.35783814850079,2.89099691944176,0.0899078507419984,0.439962423821735,0.479644775296852,"cogn_se_lv"
"2450","TUBA4A","Exc L5/6 IT Car3",-0.0282806067520421,6.28906723755487,0.743440661575236,0.389113930076856,0.746514013885434,0.800701352927357,"cogn_se_lv"
"2451","DNAJB2","Exc L5/6 IT Car3",-0.0345132022427667,5.96958716300058,3.03115180537491,0.0825030602930004,0.427550013849471,0.464767485485129,"cogn_se_lv"
"2452","PTPRN","Exc L5/6 IT Car3",-0.021491913857389,6.41275841234827,2.30734405448971,0.129609507867127,0.500047712728776,0.550625442511539,"cogn_se_lv"
"2453","DNPEP","Exc L5/6 IT Car3",0.014500401593924,2.63218561047321,0.191781032131027,0.661691424482684,0.892422313801464,0.929186907325203,"cogn_se_lv"
"2454","SPEG","Exc L5/6 IT Car3",-0.0106263743352016,4.73120379582429,0.619351067271316,0.536568243278251,0.828512618044776,0.876084262879876,"cogn_se_lv"
"2455","GMPPA","Exc L5/6 IT Car3",0.0157242042097938,2.48249651044829,0.261909039963438,0.694449068619717,0.906494585755508,0.941031133658115,"cogn_se_lv"
"2456","CHPF","Exc L5/6 IT Car3",0.00312272929146577,3.55621662625265,0.0130775005970974,0.909016297816468,0.988594813145121,0.993502159233511,"cogn_se_lv"
"2457","TMEM198","Exc L5/6 IT Car3",-0.0505157167353854,3.10071786509518,3.24441889181001,0.0724731519073276,0.411675203510907,0.441360061030541,"cogn_se_lv"
"2458","OBSL1","Exc L5/6 IT Car3",0.00122966495828009,4.73106903602023,0.00842389410395982,0.92692060734456,0.991538479686899,0.995639170360381,"cogn_se_lv"
"2459","INHA","Exc L5/6 IT Car3",0.119639508913047,3.37211272509471,9.236862927778,0.00253886597263267,0.11769020276752,0.0994852025784879,"cogn_se_lv"
"2460","STK11IP","Exc L5/6 IT Car3",-0.0111976468788408,4.05933116399508,0.46120902940742,0.497479891475664,0.810782116891927,0.857818565339278,"cogn_se_lv"
"2461","SLC4A3","Exc L5/6 IT Car3",0.0103603950910156,4.11492589706964,0.329404718032835,0.566355113514418,0.845905007471555,0.889167691748019,"cogn_se_lv"
"2462","AC019211.1","Exc L5/6 IT Car3",0.00218303057511304,6.63528897710154,0.0111792844659773,0.915851617347384,0.989397472341446,0.994331414888844,"cogn_se_lv"
"2463","AC067956.1","Exc L5/6 IT Car3",-0.0161562143627587,6.14224790963822,0.604510242967903,0.43735427323647,0.775649107158531,0.827925327086521,"cogn_se_lv"
"2464","EPHA4","Exc L5/6 IT Car3",-0.0404594256231719,8.18238954637657,12.6276021686794,0.000428789835012085,0.0551586346446866,0.0404942627468668,"cogn_se_lv"
"2465","AC010980.2","Exc L5/6 IT Car3",-0.0315349243441852,1.92023007995897,0.453738648954194,0.500981277324669,0.813301883758086,0.859605562816154,"cogn_se_lv"
"2466","SGPP2","Exc L5/6 IT Car3",0.015337390315238,5.16622764852491,0.521194235330266,0.470784211267307,0.794633044963293,0.845471042135165,"cogn_se_lv"
"2467","FARSB","Exc L5/6 IT Car3",0.00998265101327034,5.93004330205323,0.872944668180192,0.708013658017767,0.91429544356115,0.946082748469717,"cogn_se_lv"
"2468","MOGAT1","Exc L5/6 IT Car3",-0.0621762476293326,1.94678789113892,2.24492806613618,0.134897409563403,0.506334876009994,0.558304397355134,"cogn_se_lv"
"2469","ACSL3","Exc L5/6 IT Car3",-0.0141775456225095,7.75700222110556,1.47125055952601,0.225914711166477,0.614844310270117,0.671442953082131,"cogn_se_lv"
"2470","SCG2","Exc L5/6 IT Car3",-0.0658025501931581,5.98577641861267,4.67391876560808,0.0312582177983814,0.305437442487041,0.312603062044477,"cogn_se_lv"
"2471","AP1S3","Exc L5/6 IT Car3",0.0548220456362784,5.41345718411595,10.3872781755769,0.00138035439916077,0.0923637139264533,0.0752149923896609,"cogn_se_lv"
"2472","WDFY1","Exc L5/6 IT Car3",0.00425489145454361,5.55945798545762,0.138805374601396,0.709682751511522,0.91504838687687,0.946595402237793,"cogn_se_lv"
"2473","MRPL44","Exc L5/6 IT Car3",-0.0429311709640664,3.8720872814088,3.76716808400084,0.0530197095826233,0.364925460857143,0.389318382579101,"cogn_se_lv"
"2474","SERPINE2","Exc L5/6 IT Car3",0.075969399849997,3.56517770454845,2.81239927371526,0.0943746514186472,0.447037822509382,0.487573472194785,"cogn_se_lv"
"2475","CUL3","Exc L5/6 IT Car3",-0.0080624667435445,6.72074140720891,0.799208701811281,0.37190547934739,0.732607862495763,0.789186723600546,"cogn_se_lv"
"2476","DOCK10","Exc L5/6 IT Car3",-0.0193292328944453,2.91445469166075,0.296124789421969,0.58664664014529,0.856986189898961,0.89912355448069,"cogn_se_lv"
"2477","NYAP2","Exc L5/6 IT Car3",-0.0268843007568303,3.27556986874906,0.795158290104226,0.373118744072659,0.733552807065939,0.790115180908819,"cogn_se_lv"
"2478","IRS1","Exc L5/6 IT Car3",0.00267608384549225,3.8700432331232,0.0192750361621826,0.889655670112523,0.985021637628182,0.990419627059308,"cogn_se_lv"
"2479","AC010735.2","Exc L5/6 IT Car3",0.0130327978180775,2.262677741907,0.126316427191731,0.722482823946563,0.921974349961659,0.950597967991176,"cogn_se_lv"
"2480","RHBDD1","Exc L5/6 IT Car3",0.0367721529332498,5.03382504450814,4.58566204529556,0.0328867575730548,0.309560151737409,0.319891708883702,"cogn_se_lv"
"2481","COL4A4","Exc L5/6 IT Car3",0.050386762825448,1.62796891706427,1.15342590350253,0.283526153106134,0.663053492637873,0.72413916053427,"cogn_se_lv"
"2482","COL4A3","Exc L5/6 IT Car3",-0.0102200261677878,2.67309165095508,0.0833341505406777,0.772988979185266,0.944640998957263,0.965420425799878,"cogn_se_lv"
"2483","AC097662.1","Exc L5/6 IT Car3",0.0180878524188066,4.19348231132403,0.784362218936247,0.376379890278455,0.736147859211419,0.792383785217134,"cogn_se_lv"
"2484","MFF","Exc L5/6 IT Car3",-0.0150843768553627,6.2971252085718,2.18251250496173,0.140428715668301,0.514938750091768,0.566807935952801,"cogn_se_lv"
"2485","AGFG1","Exc L5/6 IT Car3",-0.0101462401215789,6.90921226041522,1.2330350994536,0.267531616793148,0.650855450908402,0.711066188301725,"cogn_se_lv"
"2486","DAW1","Exc L5/6 IT Car3",-0.00985680407269529,1.95631340107052,0.0292372190765137,0.864325007876245,0.97538376478777,0.986542852105431,"cogn_se_lv"
"2487","SPHKAP","Exc L5/6 IT Car3",0.035994847164242,1.55882757088078,0.439547434295354,0.507749719410709,0.816537950024118,0.862927274003844,"cogn_se_lv"
"2488","PID1","Exc L5/6 IT Car3",-0.0197971006005661,6.06827050895004,0.541953493075893,0.462086137759277,0.790167295568364,0.841029194763524,"cogn_se_lv"
"2489","DNER","Exc L5/6 IT Car3",-0.0762736398781813,5.19788297267888,8.75262901326638,0.00328834589461325,0.131218826837242,0.113462559069272,"cogn_se_lv"
"2490","TRIP12","Exc L5/6 IT Car3",0.00238495500482909,7.4405852797964,0.0835074378366387,0.772759581996565,0.944640998957263,0.965379108287775,"cogn_se_lv"
"2491","FBXO36","Exc L5/6 IT Car3",0.0206875251462484,4.90594627841235,1.33304242294518,0.249002512565334,0.633297939815486,0.693608897035839,"cogn_se_lv"
"2492","SLC16A14","Exc L5/6 IT Car3",0.0161784588222478,4.76455464092737,1.28922654501337,0.25691827996413,0.639693521843368,0.701269083262056,"cogn_se_lv"
"2493","AC009950.1","Exc L5/6 IT Car3",0.0833881330361893,2.48829582935517,4.18937263991383,0.0413772602320318,0.334651453069991,0.3521367130063,"cogn_se_lv"
"2494","SP140","Exc L5/6 IT Car3",0.0232688013082075,3.3099500136985,0.486352612083316,0.485992512137535,0.803375377206946,0.852310383952345,"cogn_se_lv"
"2495","SP140L","Exc L5/6 IT Car3",-0.00412402483572715,2.2718510208109,0.0104246115725242,0.918731283345215,0.990428761581556,0.994640339049422,"cogn_se_lv"
"2496","AC010149.1","Exc L5/6 IT Car3",-0.0268613899703153,1.38321247350715,0.209374295415713,0.64752419913337,0.886522807717282,0.923835419953433,"cogn_se_lv"
"2497","CAB39","Exc L5/6 IT Car3",-0.0224677350954585,6.67843610019267,5.78528863529411,0.0166462262993785,0.245388335964977,0.239902792983269,"cogn_se_lv"
"2498","ITM2C","Exc L5/6 IT Car3",-0.0490480064432187,6.68036147502359,3.1655001196307,0.076022161857977,0.416677281040811,0.45008332067027,"cogn_se_lv"
"2499","AC012507.2","Exc L5/6 IT Car3",0.027444482562365,2.41454911050261,0.626441388237439,0.429165751005286,0.772227394828872,0.82402112129644,"cogn_se_lv"
"2500","C2orf72","Exc L5/6 IT Car3",0.0168027415974682,5.20813096441332,0.829240737313538,0.363079197491059,0.726811316394553,0.783486344965299,"cogn_se_lv"
"2501","PSMD1","Exc L5/6 IT Car3",-0.00560784161718344,6.95690526820771,0.441080746787362,0.507010868706344,0.816298421614546,0.862581640872817,"cogn_se_lv"
"2502","ARMC9","Exc L5/6 IT Car3",0.00435542002558629,7.21736641374184,0.114795176899631,0.734939883390606,0.928204243440934,0.954792822283974,"cogn_se_lv"
"2503","NCL","Exc L5/6 IT Car3",-0.0549435754464811,4.87485724858132,6.44492410149263,0.0115319598134031,0.214863028484593,0.20415865223764,"cogn_se_lv"
"2504","PTMA","Exc L5/6 IT Car3",-0.0842289640835499,6.29803150721453,8.24244175934056,0.0043252271665401,0.144911840950748,0.129064864873871,"cogn_se_lv"
"2505","PDE6D","Exc L5/6 IT Car3",0.0186965277545581,4.41759796290708,1.07116916152554,0.301350827146577,0.678932693571339,0.739630929412109,"cogn_se_lv"
"2506","COPS7B","Exc L5/6 IT Car3",0.0169053323847225,4.66096359981634,1.36915477986608,0.242702894339809,0.627705353144976,0.687049330654613,"cogn_se_lv"
"2507","DIS3L2","Exc L5/6 IT Car3",0.0193770404252261,6.78311726659412,3.21283600442913,0.0738715366966446,0.413387076509406,0.444949347930457,"cogn_se_lv"
"2508","AC019130.1","Exc L5/6 IT Car3",0.0285469946796378,2.62369495620682,0.396374012224145,0.529352571893867,0.82568662529394,0.872791580765262,"cogn_se_lv"
"2509","TIGD1","Exc L5/6 IT Car3",0.0325961238671542,2.39847024246492,1.11707733936163,0.291231450304366,0.670545078627556,0.730552479440417,"cogn_se_lv"
"2510","EIF4E2","Exc L5/6 IT Car3",0.0054249005488884,4.97299199059128,0.190646667742855,0.662631128182413,0.892985382025161,0.929629809880391,"cogn_se_lv"
"2511","EFHD1","Exc L5/6 IT Car3",-0.050656577336238,2.70941343078608,2.6561252942929,0.10399436210703,0.463490736855751,0.505380921890096,"cogn_se_lv"
"2512","GIGYF2","Exc L5/6 IT Car3",0.0103080991729286,6.95641693283148,0.96072465671675,0.327638525868727,0.700074877560877,0.759556647028241,"cogn_se_lv"
"2513","SNORC","Exc L5/6 IT Car3",0.0244873805821307,3.94951070696005,1.91516403227143,0.167216782995938,0.552906770981873,0.604039208072352,"cogn_se_lv"
"2514","NGEF","Exc L5/6 IT Car3",0.00896615016725535,7.17190522989128,0.496543400241806,0.48146181684588,0.800961772917316,0.850216401331507,"cogn_se_lv"
"2515","INPP5D","Exc L5/6 IT Car3",0.0053456683059278,2.93524584114241,0.0235919495002998,0.878010644025014,0.980736232511611,0.98865760276966,"cogn_se_lv"
"2516","ATG16L1","Exc L5/6 IT Car3",-0.0256506161968398,5.22625652261627,3.72012156976096,0.118348015005975,0.487781454456871,0.531919757569925,"cogn_se_lv"
"2517","DGKD","Exc L5/6 IT Car3",-0.0141026154386281,5.38588634776001,0.874659741949609,0.350272495256653,0.717823937428057,0.774069217775226,"cogn_se_lv"
"2518","USP40","Exc L5/6 IT Car3",0.0113869507608551,5.07623194324279,0.468872154580889,0.493930977070184,0.808572041087665,0.856256223520152,"cogn_se_lv"
"2519","ARL4C","Exc L5/6 IT Car3",-0.0407758917190464,4.68025731499988,4.31414647083894,0.0384794419032399,0.327543479475034,0.341301493648037,"cogn_se_lv"
"2520","SH3BP4","Exc L5/6 IT Car3",0.111539919056779,1.58569533117277,3.92878996907229,0.0481982838154042,0.353049189458432,0.373134735604281,"cogn_se_lv"
"2521","AGAP1","Exc L5/6 IT Car3",0.000339155156902538,8.75892349155381,0.00071755348517694,0.978643770974424,0.998390354534415,0.999693731926281,"cogn_se_lv"
"2522","IQCA1","Exc L5/6 IT Car3",-0.00919802494836359,4.8540184326392,0.258623072646217,0.61136781030404,0.87031513980695,0.90988951153091,"cogn_se_lv"
"2523","AC105760.2","Exc L5/6 IT Car3",0.00634545418378012,3.14217364988415,0.0617944696811062,0.803818425493289,0.955697174879762,0.973823627530229,"cogn_se_lv"
"2524","COPS8","Exc L5/6 IT Car3",-0.0124188012871419,4.97364574768223,0.36601635580971,0.545550952668582,0.833849355603285,0.880057458952029,"cogn_se_lv"
"2525","LRRFIP1","Exc L5/6 IT Car3",-0.0188098835594347,7.08375019325846,2.15662110157125,0.142797830755549,0.518927654150625,0.570708251431062,"cogn_se_lv"
"2526","RAMP1","Exc L5/6 IT Car3",0.0696488913739417,2.10142846642774,2.35463438239275,0.125757386101206,0.495188079234648,0.543751416170688,"cogn_se_lv"
"2527","UBE2F-SCLY","Exc L5/6 IT Car3",-0.0194264137102304,2.81953747659262,0.521588475271968,0.47061657975109,0.794633044963293,0.845457484505232,"cogn_se_lv"
"2528","ILKAP","Exc L5/6 IT Car3",0.00578172708611917,5.93791601151042,0.23024396906609,0.631623724025066,0.880486804890208,0.918407521022687,"cogn_se_lv"
"2529","PER2","Exc L5/6 IT Car3",-0.0348102466419648,3.73679048966823,0.803126845935414,0.37073708744211,0.732243811054168,0.788543956430157,"cogn_se_lv"
"2530","TRAF3IP1","Exc L5/6 IT Car3",0.0464944572100263,5.81917907130728,11.7377203115061,0.000680513674380013,0.0634733663558085,0.0524882471055108,"cogn_se_lv"
"2531","ASB1","Exc L5/6 IT Car3",0.0275400202786695,3.57558922105591,1.89606338357447,0.226351566488118,0.615033652586887,0.671669490971335,"cogn_se_lv"
"2532","HDAC4","Exc L5/6 IT Car3",0.00903325936419878,7.7516452657955,0.356323127487035,0.550916894010112,0.837724631836343,0.882533651464721,"cogn_se_lv"
"2533","NDUFA10","Exc L5/6 IT Car3",0.0121524806285979,7.01678818560591,1.39525668460954,0.238270610170984,0.624731052263313,0.683133311627721,"cogn_se_lv"
"2534","COPS9","Exc L5/6 IT Car3",-0.103552992055548,5.72372339472113,10.2731284626992,0.00146595144197231,0.0951940619913666,0.0775374351913871,"cogn_se_lv"
"2535","GPC1","Exc L5/6 IT Car3",0.0275221622590461,5.99056210847451,2.51004712894567,0.113968452707065,0.480366179843272,0.523713423580935,"cogn_se_lv"
"2536","ANKMY1","Exc L5/6 IT Car3",0.032790724610017,4.81841682089328,2.79233196008327,0.0955535386025619,0.448891623654893,0.489719018823032,"cogn_se_lv"
"2537","DUSP28","Exc L5/6 IT Car3",0.0215498621133389,2.75115674765294,0.449108199640619,0.503172690139573,0.814546830351327,0.86081489630493,"cogn_se_lv"
"2538","RNPEPL1","Exc L5/6 IT Car3",-0.0112930769331932,3.53786605931475,0.334553501423286,0.563338472119192,0.844269911830507,0.888113842512592,"cogn_se_lv"
"2539","CAPN10-DT","Exc L5/6 IT Car3",-0.00037776921358447,2.74241856998493,0.000324561059629568,0.985636041004645,0.998390354534415,0.999870711362408,"cogn_se_lv"
"2540","CAPN10","Exc L5/6 IT Car3",0.00181251451761845,3.94625178627801,0.00915733123901302,0.923814946798278,0.991029770627074,0.995187047941707,"cogn_se_lv"
"2541","KIF1A","Exc L5/6 IT Car3",-0.0291171801767583,7.40562943286623,5.56936436401004,0.0187907466734971,0.259828923005499,0.252514233268761,"cogn_se_lv"
"2542","SNED1","Exc L5/6 IT Car3",-0.0524673980275617,7.53838149205151,8.22186851568915,0.00437344995234016,0.145651034325684,0.129850293188335,"cogn_se_lv"
"2543","AC005237.1","Exc L5/6 IT Car3",0.0124356281684266,3.93112945679922,0.136706686469148,0.711786664136915,0.916615720462896,0.94739865739042,"cogn_se_lv"
"2544","MTERF4","Exc L5/6 IT Car3",0.0207273391187474,5.67363621220181,2.35640519552542,0.125615645212674,0.494936578268343,0.543525544132366,"cogn_se_lv"
"2545","PASK","Exc L5/6 IT Car3",-0.0511069005777746,5.60499923341919,6.77391860801221,0.00961812697886355,0.203049347331564,0.188160266884056,"cogn_se_lv"
"2546","PPP1R7","Exc L5/6 IT Car3",-0.00946068789050049,6.236574529348,0.653673969860685,0.419316624296071,0.766423141082724,0.818657000508778,"cogn_se_lv"
"2547","ANO7","Exc L5/6 IT Car3",0.040992648843565,3.11858835644686,1.8221969293773,0.17786912220769,0.564413565108526,0.617877455503785,"cogn_se_lv"
"2548","HDLBP","Exc L5/6 IT Car3",0.000795254853540282,6.28377045254846,0.0075884858658789,0.930629214867642,0.991816455834028,0.995925713518617,"cogn_se_lv"
"2549","SEPT2","Exc L5/6 IT Car3",0.0338569842926795,7.06310505105913,9.71406578081939,0.00197013717924352,0.104914917607466,0.0883595456704317,"cogn_se_lv"
"2550","FARP2","Exc L5/6 IT Car3",-0.0124953855335873,6.0259343696244,0.559177115034373,0.455062313491338,0.785842193980226,0.83746378917219,"cogn_se_lv"
"2551","STK25","Exc L5/6 IT Car3",-0.0223021367143958,5.8642683940493,3.49296362816074,0.0624122612011395,0.387280084173872,0.415803561378112,"cogn_se_lv"
"2552","BOK","Exc L5/6 IT Car3",-0.0775679629749316,3.43894843101644,8.15361143274975,0.00453741774217679,0.146875328353949,0.132059312212395,"cogn_se_lv"
"2553","THAP4","Exc L5/6 IT Car3",-0.00960218894707543,4.71599664049625,0.585920076197271,0.444484342780901,0.779889065937087,0.832062353554349,"cogn_se_lv"
"2554","ATG4B","Exc L5/6 IT Car3",-0.0159862372591418,6.29908548420786,2.08213679147007,0.149869146856025,0.528855889623685,0.580944276761467,"cogn_se_lv"
"2555","DTYMK","Exc L5/6 IT Car3",0.0202109765089626,3.06036359535524,0.680445771587077,0.409959525924044,0.760703774291179,0.813243608592763,"cogn_se_lv"
"2556","ING5","Exc L5/6 IT Car3",0.00352582249816655,5.60924597434221,0.11063763761922,0.739605879596241,0.930782115216792,0.956250622930021,"cogn_se_lv"
"2557","D2HGDH","Exc L5/6 IT Car3",0.0189331010720512,3.96668324523508,0.718345736618771,0.397229600048913,0.752970014133855,0.805845533419008,"cogn_se_lv"
"2558","CHL1","Exc L5/6 IT Car3",0.00999731195718966,8.30977101641322,1.14566706823555,0.285148895083241,0.664814648588255,0.725800490762826,"cogn_se_lv"
"2559","LINC01266","Exc L5/6 IT Car3",0.0426563400521191,5.97494463530175,1.97787136245316,0.160445878522095,0.543531162327766,0.595440327928342,"cogn_se_lv"
"2560","CNTN6","Exc L5/6 IT Car3",-0.00734696268623014,7.62697070231014,0.0968274717727295,0.75584404633809,0.937418987440308,0.960929291707468,"cogn_se_lv"
"2561","CNTN4","Exc L5/6 IT Car3",0.00782389051498641,10.4233231143472,0.3805368374289,0.537691732796855,0.828690113710241,0.876567876782171,"cogn_se_lv"
"2562","CNTN4-AS2","Exc L5/6 IT Car3",0.00586970300483078,2.60264681955378,0.0163979432414852,0.898174766410604,0.986715578313859,0.992164474469188,"cogn_se_lv"
"2563","CNTN4-AS1","Exc L5/6 IT Car3",-0.0366703338285139,2.10609047831992,0.592409341987499,0.441975217458123,0.777904688549922,0.830779649329346,"cogn_se_lv"
"2564","IL5RA","Exc L5/6 IT Car3",0.0735609611173872,1.7467461991273,2.24328738374505,0.135039635119907,0.506645534981805,0.558651496798818,"cogn_se_lv"
"2565","TRNT1","Exc L5/6 IT Car3",-0.0178142157465174,4.68671685538268,1.35490589211012,0.245164947170352,0.630424149866619,0.68967327790254,"cogn_se_lv"
"2566","CRBN","Exc L5/6 IT Car3",-0.0183374686277644,6.5863067294006,2.84717778499269,0.0923689750405132,0.443820957188104,0.484911820339706,"cogn_se_lv"
"2567","AC024060.1","Exc L5/6 IT Car3",-0.0218883721072892,2.50028366066534,0.558482339873047,0.455342367560617,0.786105976873929,0.837642489141236,"cogn_se_lv"
"2568","AC034195.1","Exc L5/6 IT Car3",0.0318715487454907,5.63635460240842,2.26929364047576,0.132804899338947,0.503933128579724,0.555739831292589,"cogn_se_lv"
"2569","SUMF1","Exc L5/6 IT Car3",0.0359549688246343,7.23561444580677,6.87221172386779,0.00911226026456835,0.199032966016408,0.183364366937485,"cogn_se_lv"
"2570","LRRN1","Exc L5/6 IT Car3",0.00246590742004096,4.69615985920649,0.0121715320620528,0.912211123015872,0.989073227776396,0.993842201609358,"cogn_se_lv"
"2571","SETMAR","Exc L5/6 IT Car3",0.0430645126690792,3.23594189930557,3.56159476588265,0.0599057340525631,0.381218417771601,0.408845474335497,"cogn_se_lv"
"2572","ITPR1-DT","Exc L5/6 IT Car3",-0.0119610920759397,2.58018103680021,0.153934652214408,0.695026957081002,0.90694123024221,0.941291894915526,"cogn_se_lv"
"2573","ITPR1","Exc L5/6 IT Car3",1.04135650387303e-05,8.92866363026707,1.02850292764577e-06,0.999191365629633,0.999604744296048,0.999977066117083,"cogn_se_lv"
"2574","AC018816.1","Exc L5/6 IT Car3",-0.00873291865716019,4.49394247751961,0.0883731742366326,0.766420793306512,0.942146573736388,0.963684686067599,"cogn_se_lv"
"2575","BHLHE40-AS1","Exc L5/6 IT Car3",0.0127400393071429,3.75990447643304,0.214742541547065,0.643345162313205,0.885447193796969,0.922306680537474,"cogn_se_lv"
"2576","BHLHE40","Exc L5/6 IT Car3",-0.045281970740829,4.13525460738137,1.8310688026418,0.176819412028026,0.563465498502014,0.616520235020152,"cogn_se_lv"
"2577","ARL8B","Exc L5/6 IT Car3",-0.0321860885316358,6.84411409049974,8.78029839634569,0.00323997897064889,0.131218826837242,0.112820062502395,"cogn_se_lv"
"2578","AC026202.2","Exc L5/6 IT Car3",-0.00573161560310178,3.90909076523436,0.0186056611786051,0.891576497881533,0.98551765441333,0.990632829516715,"cogn_se_lv"
"2579","EDEM1","Exc L5/6 IT Car3",-0.00476535574345102,5.2842975992876,0.106389158021024,0.744475675379636,0.933022991340091,0.957560042937765,"cogn_se_lv"
"2580","AC026167.1","Exc L5/6 IT Car3",0.0149807145940856,1.67527891369247,0.0796906897777799,0.777873306292448,0.946718698160727,0.966981197233484,"cogn_se_lv"
"2581","AC069277.1","Exc L5/6 IT Car3",0.16325185173465,1.67883836089185,9.1833347823624,0.00261233420091682,0.119654236166993,0.100942818938815,"cogn_se_lv"
"2582","GRM7-AS3","Exc L5/6 IT Car3",0.0125294056014309,2.03613582337758,0.100664768642907,0.751210539415709,0.935496747518331,0.959692305777193,"cogn_se_lv"
"2583","GRM7","Exc L5/6 IT Car3",-0.0312703740234791,7.51938526215162,2.15861407246195,0.142613876515712,0.518749127765731,0.570265017698049,"cogn_se_lv"
"2584","GRM7-AS1","Exc L5/6 IT Car3",0.0730262615636168,1.86075527348834,2.51738723810605,0.113442811349214,0.4793746826359,0.522744055621876,"cogn_se_lv"
"2585","LMCD1-AS1","Exc L5/6 IT Car3",0.050419897383246,6.57955215884136,6.17152574252714,0.0134195533401773,0.227194137589023,0.217999734594436,"cogn_se_lv"
"2586","LMCD1","Exc L5/6 IT Car3",-0.0383432523352848,3.13135882788989,1.21295134183915,0.271457301656711,0.653689230558095,0.71431799412811,"cogn_se_lv"
"2587","SSUH2","Exc L5/6 IT Car3",-0.00279923186527228,3.1001221623208,0.00807311493841039,0.928454145064856,0.991644887442834,0.995828426742286,"cogn_se_lv"
"2588","CAV3","Exc L5/6 IT Car3",7.38391591932613e-05,3.01200173629499,8.84220847341062e-06,0.997629012640826,0.999366489598402,0.999954262357359,"cogn_se_lv"
"2589","OXTR","Exc L5/6 IT Car3",0.00664080478166412,2.57868384843327,0.0506970897298965,0.821977777345893,0.963044583913848,0.97769553220176,"cogn_se_lv"
"2590","RAD18","Exc L5/6 IT Car3",0.0261119601581834,6.06379884806435,2.66702889169737,0.103289386290115,0.462637850699903,0.504038162197857,"cogn_se_lv"
"2591","SRGAP3","Exc L5/6 IT Car3",0.00910377155834009,9.19507028753875,0.681340037585459,0.409652318240892,0.76049551691232,0.812976561086884,"cogn_se_lv"
"2592","THUMPD3-AS1","Exc L5/6 IT Car3",0.0363708414380365,6.28325942721763,6.41661938957344,0.0117139725889515,0.215643586296606,0.205467231519226,"cogn_se_lv"
"2593","THUMPD3","Exc L5/6 IT Car3",0.0249598059691709,3.75394030477285,1.80389390496594,0.194248687710448,0.582685161431792,0.636270140661097,"cogn_se_lv"
"2594","SETD5","Exc L5/6 IT Car3",0.0141174648179704,7.73407770255145,2.95698828775356,0.0863351203346262,0.434373509228393,0.472484209139544,"cogn_se_lv"
"2595","LHFPL4","Exc L5/6 IT Car3",0.00591910047070169,6.45685138904085,0.289774318098892,0.590685682648211,0.859216805267642,0.900847299293412,"cogn_se_lv"
"2596","MTMR14","Exc L5/6 IT Car3",0.0302474315809116,4.52848686573666,4.3961557576142,0.0366918308785278,0.320394214738538,0.334663330859596,"cogn_se_lv"
"2597","CPNE9","Exc L5/6 IT Car3",-0.0168732098223525,4.67651734303249,0.744361496151294,0.388820681293985,0.746500784071161,0.800508567876825,"cogn_se_lv"
"2598","BRPF1","Exc L5/6 IT Car3",-0.0316873117322492,3.20427354507113,1.87818945465397,0.171362771804933,0.558092862184348,0.609519838436937,"cogn_se_lv"
"2599","OGG1","Exc L5/6 IT Car3",0.0218670818202771,4.34491851654217,1.39783382521757,0.237838365622069,0.624685280902288,0.682852543277207,"cogn_se_lv"
"2600","CAMK1","Exc L5/6 IT Car3",-0.0245686206314372,5.67973837265999,1.8028252266217,0.180186362345513,0.566621738397059,0.62019463175675,"cogn_se_lv"
"2601","TADA3","Exc L5/6 IT Car3",-0.0190926035736202,4.11569459895536,0.950948397862806,0.330108862580173,0.700406022244585,0.760877438267723,"cogn_se_lv"
"2602","TTLL3","Exc L5/6 IT Car3",0.0364209225919783,2.5549612596137,1.29552763673241,0.255760996340432,0.639252414547573,0.70010576386023,"cogn_se_lv"
"2603","RPUSD3","Exc L5/6 IT Car3",0.0291839559319021,3.98480931709345,2.33421729984801,0.127404585148683,0.497214837075747,0.546543943450418,"cogn_se_lv"
"2604","JAGN1","Exc L5/6 IT Car3",-0.0412478024962,2.91773744971005,1.67737436990825,0.196073291977558,0.584257138953203,0.637965504323687,"cogn_se_lv"
"2605","IL17RC","Exc L5/6 IT Car3",-0.0271622946674196,2.75959537626005,0.874072371769342,0.350434129312476,0.717823937428057,0.774225311653113,"cogn_se_lv"
"2606","CRELD1","Exc L5/6 IT Car3",0.00887970937328802,5.78840430394188,0.314974285778334,0.574980084285516,0.851351115754675,0.893543383639373,"cogn_se_lv"
"2607","PRRT3","Exc L5/6 IT Car3",-0.0356039060018559,4.62444510835618,5.29424938767678,0.0219458390425492,0.276372518361312,0.270958827588305,"cogn_se_lv"
"2608","EMC3","Exc L5/6 IT Car3",-0.00581702689843197,5.25501175014511,0.199227160517142,0.655603924680995,0.889373944187876,0.926754872659125,"cogn_se_lv"
"2609","FANCD2","Exc L5/6 IT Car3",0.0299994207716244,2.83923041088461,1.08880990998283,0.297409620616212,0.675791238931566,0.7357243218863,"cogn_se_lv"
"2610","FANCD2OS","Exc L5/6 IT Car3",0.165818864383608,1.43179135799167,7.07126705217645,0.00816993615887152,0.190847787828328,0.174858537113949,"cogn_se_lv"
"2611","BRK1","Exc L5/6 IT Car3",-0.0290759273375648,5.93855325039765,1.27633165622242,0.259306890763137,0.642009821242708,0.703381542044672,"cogn_se_lv"
"2612","VHL","Exc L5/6 IT Car3",0.0341018070816229,4.64683559526307,6.91407375797217,0.0101809889510842,0.207883739379935,0.1930731865515,"cogn_se_lv"
"2613","IRAK2","Exc L5/6 IT Car3",0.0160827845631065,3.17004229557235,0.379080128390528,0.538470768167037,0.829209140364988,0.876967611169589,"cogn_se_lv"
"2614","GHRL","Exc L5/6 IT Car3",0.0496473062589073,1.74289424729567,0.981177796400866,0.322549165806158,0.695924808882206,0.756021235058501,"cogn_se_lv"
"2615","SEC13","Exc L5/6 IT Car3",4.1391410868027e-05,4.74210976086061,9.18558711411528e-06,0.997583413757515,0.999366489598402,0.999954262357359,"cogn_se_lv"
"2616","ATP2B2","Exc L5/6 IT Car3",0.0276022424548108,8.99156133588733,6.63337013284658,0.0103921855366148,0.210007056042243,0.194931615544885,"cogn_se_lv"
"2617","SLC6A11","Exc L5/6 IT Car3",0.0113718515688809,3.64555772684098,0.20465367099523,0.651252980497828,0.887629788936254,0.924943846730047,"cogn_se_lv"
"2618","SLC6A1","Exc L5/6 IT Car3",-0.0363481331271843,1.93078708390672,0.658386911706002,0.417646535696682,0.765370348222426,0.817649304460096,"cogn_se_lv"
"2619","HRH1","Exc L5/6 IT Car3",0.036785744922595,3.74896413520933,0.889611346871024,0.346192052396483,0.715260611242374,0.771717406439965,"cogn_se_lv"
"2620","ATG7","Exc L5/6 IT Car3",0.00899556235930099,7.58078661486758,0.600736097216699,0.438787495714136,0.776110741183835,0.82894552491669,"cogn_se_lv"
"2621","VGLL4","Exc L5/6 IT Car3",0.00810265425412123,7.01862331783437,0.393453522812881,0.530872721965121,0.826488261923829,0.873125003936501,"cogn_se_lv"
"2622","TAMM41","Exc L5/6 IT Car3",0.01120838926457,5.81129165009417,0.711347270040441,0.399536477263242,0.754037868768464,0.807352245685432,"cogn_se_lv"
"2623","SYN2","Exc L5/6 IT Car3",-0.0197458658730142,7.79463898705883,1.29081939502308,0.256625119867726,0.639571989246947,0.700968569481369,"cogn_se_lv"
"2624","PPARG","Exc L5/6 IT Car3",0.0329012283411571,4.96055908796648,1.87336261066734,0.171912698258405,0.558407856943195,0.610088071334721,"cogn_se_lv"
"2625","TSEN2","Exc L5/6 IT Car3",0.0482168204060548,5.89271572110387,12.0425709673752,0.000580720222096102,0.0599602301311108,0.0478267435732902,"cogn_se_lv"
"2626","MKRN2OS","Exc L5/6 IT Car3",-0.0452354544385214,4.19850449192324,2.80274712223941,0.0949396868419726,0.448015821496222,0.488660530166882,"cogn_se_lv"
"2627","MKRN2","Exc L5/6 IT Car3",-0.0131646335123252,5.13399721854086,0.907478047426129,0.525716625014672,0.823167068160594,0.870893625055802,"cogn_se_lv"
"2628","RAF1","Exc L5/6 IT Car3",-0.00384219316397535,6.37009666231062,0.176090171832734,0.690805669205266,0.904684871763421,0.939652818308694,"cogn_se_lv"
"2629","CAND2","Exc L5/6 IT Car3",0.0241949329451871,5.23827184042023,2.78310036187449,0.0961012615659622,0.450135034879137,0.490743448614108,"cogn_se_lv"
"2630","RPL32","Exc L5/6 IT Car3",-0.0692765295733281,6.28681158186373,2.60077262214893,0.107655820978722,0.469487980975496,0.512095332797805,"cogn_se_lv"
"2631","IQSEC1","Exc L5/6 IT Car3",0.0102180906064349,7.28638852991562,0.976355241148674,0.323739670750333,0.696511460424174,0.756683740811799,"cogn_se_lv"
"2632","NUP210","Exc L5/6 IT Car3",0.0317256496293993,4.25666779573104,3.22696296265923,0.0732424817894422,0.412732658561907,0.443454379073826,"cogn_se_lv"
"2633","HDAC11","Exc L5/6 IT Car3",-0.0279220977528666,2.55176390941176,0.781683689110251,0.377195197145176,0.736866474240196,0.793123274236006,"cogn_se_lv"
"2634","CHCHD4","Exc L5/6 IT Car3",-0.0795045043713199,2.30350120657197,4.12092789380073,0.0430638131204943,0.339003623490745,0.357689220611289,"cogn_se_lv"
"2635","TMEM43","Exc L5/6 IT Car3",0.00419513441684998,3.27339381114094,0.0351344540469306,0.88004279008803,0.981383038672293,0.988923094115778,"cogn_se_lv"
"2636","XPC","Exc L5/6 IT Car3",-0.00070113969318959,4.38194495427331,0.00176500141514624,0.966511634380746,0.997621680933237,0.99892010896344,"cogn_se_lv"
"2637","LSM3","Exc L5/6 IT Car3",-0.0335938665541694,4.4429203779804,1.40757054494623,0.236213883673955,0.623140686898157,0.681275948424082,"cogn_se_lv"
"2638","SLC6A6","Exc L5/6 IT Car3",-0.00800330353815321,5.47693897552536,0.217521514617985,0.641206695968564,0.884165491529093,0.92157926268161,"cogn_se_lv"
"2639","CCDC174","Exc L5/6 IT Car3",-0.0074501188646966,4.20915413788374,0.242117318500358,0.622969981021544,0.875251780894792,0.914454991386989,"cogn_se_lv"
"2640","C3orf20","Exc L5/6 IT Car3",-0.00551695693442356,3.37879772609565,0.0396818932030075,0.84221218579386,0.970037834109228,0.981877823858461,"cogn_se_lv"
"2641","FGD5","Exc L5/6 IT Car3",0.00162516064293205,3.03488044930254,0.00264020114014163,0.959047876047233,0.997053628956036,0.998555548513014,"cogn_se_lv"
"2642","FGD5-AS1","Exc L5/6 IT Car3",-0.0106299043168227,5.33003707117464,0.529846926269533,0.467127077885902,0.792363398905626,0.843598509060347,"cogn_se_lv"
"2643","NR2C2","Exc L5/6 IT Car3",-0.0251184258836764,5.88790457913088,6.0928562072688,0.014019816798924,0.230144135677814,0.222029578057222,"cogn_se_lv"
"2644","MRPS25","Exc L5/6 IT Car3",0.0226317112365571,5.3840010433553,2.84914521802005,0.0922569118325788,0.443820957188104,0.484666996947153,"cogn_se_lv"
"2645","RBSN","Exc L5/6 IT Car3",0.0190094247402264,5.05854237945124,2.10160521667658,0.167237233198221,0.552906770981873,0.604079159766232,"cogn_se_lv"
"2646","CAPN7","Exc L5/6 IT Car3",-0.0104880501840896,5.94760529163441,0.801962003481508,0.37108390646159,0.732270973258606,0.788720600380427,"cogn_se_lv"
"2647","SH3BP5-AS1","Exc L5/6 IT Car3",0.00910080320253507,2.47909834602087,0.0882986509682726,0.766516427192524,0.942146573736388,0.963684686067599,"cogn_se_lv"
"2648","SH3BP5","Exc L5/6 IT Car3",0.00971269994885211,5.97804129178251,0.612485945863361,0.43434900735369,0.773613831177909,0.826378535571671,"cogn_se_lv"
"2649","METTL6","Exc L5/6 IT Car3",0.028911393740132,5.9829752935458,4.20827818026047,0.0409237969858327,0.333269603761565,0.350013773406149,"cogn_se_lv"
"2650","EAF1","Exc L5/6 IT Car3",0.0142543497113961,3.84654124711289,0.536367685010764,0.536175093186957,0.828237948825381,0.875787116188271,"cogn_se_lv"
"2651","EAF1-AS1","Exc L5/6 IT Car3",-0.0308634123926406,1.95821870837274,0.574541715231997,0.448937539554395,0.782491340544074,0.834200217896007,"cogn_se_lv"
"2652","COLQ","Exc L5/6 IT Car3",0.0227064458882124,6.00236382757157,2.27135140441029,0.132629852879626,0.503620388802726,0.555689430832703,"cogn_se_lv"
"2653","HACL1","Exc L5/6 IT Car3",0.0128500741979405,5.92332329414594,1.24385793178997,0.265445564632909,0.648368293972036,0.709215355703185,"cogn_se_lv"
"2654","BTD","Exc L5/6 IT Car3",-0.00425770796772123,3.55598386650851,0.0379091028258158,0.845731587839624,0.970988236489561,0.982781649318473,"cogn_se_lv"
"2655","ANKRD28","Exc L5/6 IT Car3",-0.00226757567176118,7.31890175718328,0.0511027568833746,0.821278981876449,0.962568237840115,0.977531538777034,"cogn_se_lv"
"2656","GALNT15","Exc L5/6 IT Car3",0.0257488883516572,3.409163598474,0.812464072616165,0.367973331105405,0.72947343179262,0.786728266006907,"cogn_se_lv"
"2657","DPH3","Exc L5/6 IT Car3",-0.0345325133700498,3.285031432608,2.1343000921018,0.14487650857395,0.520632076517234,0.573566705746468,"cogn_se_lv"
"2658","OXNAD1","Exc L5/6 IT Car3",0.022954263675673,5.69260072339897,3.45072401511129,0.0640105129903934,0.388915039448146,0.419909138294218,"cogn_se_lv"
"2659","RFTN1","Exc L5/6 IT Car3",0.0163490805577533,7.13126804016152,0.916338061901493,0.339057223436964,0.709363247213108,0.76677457800845,"cogn_se_lv"
"2660","PLCL2","Exc L5/6 IT Car3",0.023162755101859,6.06053246255219,2.86626640481782,0.0912879406115262,0.441871247275088,0.482437367595615,"cogn_se_lv"
"2661","TBC1D5","Exc L5/6 IT Car3",-0.0061252933784716,8.39485056012549,0.251581607872476,0.616258989415262,0.8731564948537,0.911749747734488,"cogn_se_lv"
"2662","KCNH8","Exc L5/6 IT Car3",0.085194155347679,2.56130640546508,3.43979003615233,0.0644313314097835,0.390386478739536,0.421153006204081,"cogn_se_lv"
"2663","EFHB","Exc L5/6 IT Car3",0.029766413197549,2.4394079776325,0.337104868521997,0.561855108808621,0.843636345917786,0.887600764760555,"cogn_se_lv"
"2664","RAB5A","Exc L5/6 IT Car3",-0.0149126154933215,5.54020352131692,2.1163379565042,0.146574118796738,0.523989706917957,0.576570447988694,"cogn_se_lv"
"2665","KAT2B","Exc L5/6 IT Car3",-0.0267277704404319,5.50382510919164,1.43723269975315,0.231347376681493,0.62028503956937,0.677339785573238,"cogn_se_lv"
"2666","AC099753.1","Exc L5/6 IT Car3",0.0787894589587463,1.22184334340671,1.22921012702358,0.268273760084548,0.651342204714067,0.711759978113328,"cogn_se_lv"
"2667","ZNF385D","Exc L5/6 IT Car3",-0.00836217375015952,7.27082761658934,0.202071838087404,0.653314315867443,0.888556645135312,0.92565339997493,"cogn_se_lv"
"2668","UBE2E2","Exc L5/6 IT Car3",-0.0179964855301285,9.26098063452826,3.80405451077751,0.0518759338843892,0.360551251194981,0.384852068128188,"cogn_se_lv"
"2669","UBE2E1","Exc L5/6 IT Car3",0.0131666348590662,5.59361422611647,0.95523948115632,0.329021516596962,0.700143385021856,0.760324255682209,"cogn_se_lv"
"2670","NKIRAS1","Exc L5/6 IT Car3",-0.0105577948813957,4.38405079191685,0.453212644705753,0.591907998807235,0.859803245107784,0.901348599954983,"cogn_se_lv"
"2671","RPL15","Exc L5/6 IT Car3",-0.0206447328187875,7.29994450096963,0.466819377434084,0.494877455562248,0.809369186089585,0.856725875709012,"cogn_se_lv"
"2672","NR1D2","Exc L5/6 IT Car3",-0.0143077733870027,6.3963790817976,1.67117224640467,0.196900328661124,0.584763381151275,0.639005233237276,"cogn_se_lv"
"2673","THRB","Exc L5/6 IT Car3",-0.0152585270111216,9.41308931692869,1.68608522574247,0.194918604190407,0.583090189119214,0.637012401939916,"cogn_se_lv"
"2674","AC092422.1","Exc L5/6 IT Car3",0.000947348337403412,1.98177189987028,0.000501454158142203,0.98214627951103,0.998390354534415,0.999870711362408,"cogn_se_lv"
"2675","RARB","Exc L5/6 IT Car3",-0.0236157905543409,4.14102167105796,1.00555705174497,0.316618492516334,0.691367565242109,0.751880020185322,"cogn_se_lv"
"2676","TOP2B","Exc L5/6 IT Car3",-0.000995873716619058,6.58149044367471,0.0114772448554839,0.914741831036062,0.989073227776396,0.99413172515808,"cogn_se_lv"
"2677","NGLY1","Exc L5/6 IT Car3",0.0195568704203002,5.73557700718282,2.99230894942341,0.0844865297367123,0.431799159618441,0.46891317466828,"cogn_se_lv"
"2678","OXSM","Exc L5/6 IT Car3",-0.0321335685769924,3.08089279745068,1.78497552378231,0.22465881077627,0.614011560619213,0.670197338779197,"cogn_se_lv"
"2679","LRRC3B","Exc L5/6 IT Car3",0.0315622750595099,3.6151773957889,0.743619256618168,0.389057029984943,0.746514013885434,0.800641963322202,"cogn_se_lv"
"2680","NEK10","Exc L5/6 IT Car3",0.0195019014165784,6.84335594155858,1.99788794821328,0.15835104798052,0.540417185023175,0.592162303840213,"cogn_se_lv"
"2681","SLC4A7","Exc L5/6 IT Car3",-0.039337582708577,4.78538133536922,6.22339134373856,0.0130383875719368,0.226729681685898,0.215480621816711,"cogn_se_lv"
"2682","CMC1","Exc L5/6 IT Car3",0.0130920413713021,5.48628806179265,0.976843984703882,0.323618754064424,0.696511460424174,0.756657109691731,"cogn_se_lv"
"2683","AZI2","Exc L5/6 IT Car3",-0.00655122768209985,4.68080736084322,0.156975983495132,0.692182193159199,0.905224673072746,0.940223363682234,"cogn_se_lv"
"2684","AC098650.1","Exc L5/6 IT Car3",0.0136007617312012,3.70893105949599,0.34856060684014,0.555285939006838,0.839929682996154,0.884689279144774,"cogn_se_lv"
"2685","RBMS3","Exc L5/6 IT Car3",-0.0204073490854549,3.00943871204964,0.417078673643202,0.518794722061627,0.820833841115292,0.868086779535188,"cogn_se_lv"
"2686","GADL1","Exc L5/6 IT Car3",0.0429803974416185,1.93114420341052,0.680812384466415,0.409833542173279,0.76056170433459,0.813091798433733,"cogn_se_lv"
"2687","STT3B","Exc L5/6 IT Car3",-0.0206617697298755,7.49937837297513,1.33452946413194,0.24873917457821,0.633266484161894,0.693330208260414,"cogn_se_lv"
"2688","OSBPL10","Exc L5/6 IT Car3",0.0391797752238124,5.85411133859376,5.4825718818172,0.0197317604826325,0.265407472763041,0.258846914554601,"cogn_se_lv"
"2689","OSBPL10-AS1","Exc L5/6 IT Car3",0.0355763735661892,1.37222583602294,0.377176700134546,0.539491823227529,0.830111893568453,0.877496765204016,"cogn_se_lv"
"2690","GPD1L","Exc L5/6 IT Car3",0.00304860681408209,4.83466398798498,0.041863269744475,0.837992023831057,0.967552862645212,0.980936761908555,"cogn_se_lv"
"2691","CMTM8","Exc L5/6 IT Car3",-0.00644256813142541,1.58882060553848,0.0164757609794327,0.897934766872652,0.986715578313859,0.992164474469188,"cogn_se_lv"
"2692","CMTM7","Exc L5/6 IT Car3",0.0121243221934777,1.73270998462582,0.0612359413368834,0.804688952305068,0.956283090413124,0.974117592502999,"cogn_se_lv"
"2693","CMTM6","Exc L5/6 IT Car3",0.00775855700458185,3.43552686138841,0.143595342916897,0.995203484658374,0.999242764926216,0.999870711362408,"cogn_se_lv"
"2694","DYNC1LI1","Exc L5/6 IT Car3",0.000441729393447998,5.21946339556119,0.00147440944473491,0.969390829456395,0.998267578294294,0.999099628483138,"cogn_se_lv"
"2695","CNOT10","Exc L5/6 IT Car3",0.0270467813970382,5.76446276421363,5.06868325358652,0.0249422741669484,0.289187748390133,0.285440999102972,"cogn_se_lv"
"2696","TRIM71","Exc L5/6 IT Car3",0.0313031141158059,2.19866791744227,0.528404777390455,0.467733431611301,0.792777259085674,0.843934489774505,"cogn_se_lv"
"2697","GLB1","Exc L5/6 IT Car3",-0.00592225789057534,5.77443353673077,0.287767877193717,0.591973696241851,0.859803245107784,0.901362657226386,"cogn_se_lv"
"2698","CRTAP","Exc L5/6 IT Car3",-0.00411478146466816,3.89215718770527,0.0538719914499598,0.816584758064014,0.959947755253107,0.976917099072405,"cogn_se_lv"
"2699","SUSD5","Exc L5/6 IT Car3",0.00238479831559074,3.97073231549023,0.012266169763653,0.91187188150789,0.989073227776396,0.99378489387515,"cogn_se_lv"
"2700","FBXL2","Exc L5/6 IT Car3",-0.00112800547569938,7.92525042780074,0.0180603176535252,0.89316758394484,0.9857013440361,0.990966662116434,"cogn_se_lv"
"2701","UBP1","Exc L5/6 IT Car3",0.00992230027484952,6.0210795258312,0.988738603316657,0.343374616421265,0.712699746961537,0.769748466195171,"cogn_se_lv"
"2702","CLASP2","Exc L5/6 IT Car3",0.00484215552361724,9.41228126244621,0.415151837243189,0.519761458836014,0.820971047083305,0.868466590937182,"cogn_se_lv"
"2703","PDCD6IP","Exc L5/6 IT Car3",0.00924783828203887,6.70131684401778,1.42005683041955,0.234150343215614,0.621576109846761,0.679284906425948,"cogn_se_lv"
"2704","LINC01811","Exc L5/6 IT Car3",0.0572994581531693,4.82295455994593,5.30220516704963,0.0218472645217419,0.276220485614688,0.2708246616925,"cogn_se_lv"
"2705","ARPP21","Exc L5/6 IT Car3",-0.0261775545886127,9.5290846049944,6.84482439580682,0.00925039516328073,0.199491591498572,0.184989365399556,"cogn_se_lv"
"2706","STAC","Exc L5/6 IT Car3",0.0137215287202902,1.36270262079563,0.0335197046308475,0.85483150419968,0.972881064401809,0.984550257308073,"cogn_se_lv"
"2707","TRANK1","Exc L5/6 IT Car3",0.0211028306104603,5.45563242226416,1.5493417221517,0.214012730610638,0.602306235531188,0.658226365852049,"cogn_se_lv"
"2708","EPM2AIP1","Exc L5/6 IT Car3",-0.0185864581999214,5.95780818363176,2.26410577878193,0.133247362619656,0.504511652800281,0.556188248008113,"cogn_se_lv"
"2709","MLH1","Exc L5/6 IT Car3",0.0110032798860769,4.54932793734317,0.543937021608187,0.461268517909935,0.789470917552702,0.840686053794353,"cogn_se_lv"
"2710","LRRFIP2","Exc L5/6 IT Car3",0.0135024307797749,7.11029862015571,1.62859608972507,0.20268995546628,0.589852164542185,0.64502688849494,"cogn_se_lv"
"2711","AC126118.1","Exc L5/6 IT Car3",-0.00301023331641427,1.8831014601182,0.00621436732210205,0.937209037500519,0.994224741262758,0.997226423542895,"cogn_se_lv"
"2712","GOLGA4","Exc L5/6 IT Car3",0.00393124858851053,7.59503538028955,0.222151778015289,0.637680296011318,0.883276385755741,0.920569809384177,"cogn_se_lv"
"2713","ITGA9","Exc L5/6 IT Car3",-0.0123039064516764,6.90707744360667,0.544509775368135,0.461032854469288,0.789281588598627,0.840556672609444,"cogn_se_lv"
"2714","CTDSPL","Exc L5/6 IT Car3",0.0289516048166939,8.69634394562292,5.33721458793707,0.021418929072683,0.274107312637756,0.268632571324744,"cogn_se_lv"
"2715","VILL","Exc L5/6 IT Car3",-0.00826274637121894,3.65007390127747,0.0807220928584691,0.776478594466898,0.946160377580805,0.966664939968686,"cogn_se_lv"
"2716","PLCD1","Exc L5/6 IT Car3",0.0272599546782389,1.93150587151638,0.44206776519622,0.631673477114541,0.880486804890208,0.918407521022687,"cogn_se_lv"
"2717","ACAA1","Exc L5/6 IT Car3",-0.0181271909396839,4.68895996120776,1.26792197622692,0.260879524238352,0.644404907300591,0.704745534789473,"cogn_se_lv"
"2718","OXSR1","Exc L5/6 IT Car3",0.00405551180168668,6.20591793634251,0.13338751495264,0.715151913804615,0.918425774239624,0.948466750554042,"cogn_se_lv"
"2719","SLC22A13","Exc L5/6 IT Car3",0.00074218585547526,2.10651229927085,0.000452941088619808,0.983031732842311,0.998390354534415,0.999870711362408,"cogn_se_lv"
"2720","SLC22A14","Exc L5/6 IT Car3",0.0075178100663697,4.02375137244629,0.14041472040901,0.708081641622869,0.91429544356115,0.946089000844591,"cogn_se_lv"
"2721","XYLB","Exc L5/6 IT Car3",0.0378062719554253,5.5089243848396,6.49242823053783,0.01123301267743,0.214164403886737,0.201592187824807,"cogn_se_lv"
"2722","ACVR2B","Exc L5/6 IT Car3",0.0400175267463576,4.76597770932146,6.44094796334911,0.01155735116144,0.215075736849531,0.204442711793529,"cogn_se_lv"
"2723","EXOG","Exc L5/6 IT Car3",0.00977776965615818,5.54151864112085,0.6157838672843,0.433115551243973,0.77353077346411,0.825773768936434,"cogn_se_lv"
"2724","SCN10A","Exc L5/6 IT Car3",-0.0353231197496198,1.14309091300596,0.247126406292399,0.619398128125013,0.873687478415488,0.912882302113403,"cogn_se_lv"
"2725","WDR48","Exc L5/6 IT Car3",0.0224315658095334,5.73358697937051,4.26057259495883,0.0396965618312747,0.329669654803985,0.345822108776502,"cogn_se_lv"
"2726","GORASP1","Exc L5/6 IT Car3",0.0219903104361831,3.62002783068346,1.19277052958871,0.275475051226122,0.65788752560578,0.718035207472152,"cogn_se_lv"
"2727","TTC21A","Exc L5/6 IT Car3",0.0176376319693997,4.9303675103039,1.04826204559953,0.306570038473708,0.682835299970797,0.743697687886668,"cogn_se_lv"
"2728","CSRNP1","Exc L5/6 IT Car3",-0.0762958199367798,2.23791089716074,2.10278578475753,0.147869849249505,0.526055705027713,0.578229436270162,"cogn_se_lv"
"2729","SLC25A38","Exc L5/6 IT Car3",0.000108282481748295,3.72147404938531,4.01136060295989e-05,0.994949987578176,0.999242764926216,0.999870711362408,"cogn_se_lv"
"2730","RPSA","Exc L5/6 IT Car3",-0.0462300081938247,6.24566732326095,2.54713159803194,0.111340030020066,0.476243207895724,0.519113156196281,"cogn_se_lv"
"2731","MOBP","Exc L5/6 IT Car3",0.0409293544466667,2.90420953790122,1.40440587217215,0.236740396106708,0.62376899436436,0.681689772593684,"cogn_se_lv"
"2732","MYRIP","Exc L5/6 IT Car3",0.0256757617930438,5.98453119712246,0.968500979852572,0.325691076965623,0.698395663160225,0.75829940668221,"cogn_se_lv"
"2733","EIF1B","Exc L5/6 IT Car3",-0.0345426549857048,5.75700243048233,1.6129371225086,0.204869683848595,0.592770151237051,0.647898004378614,"cogn_se_lv"
"2734","ENTPD3-AS1","Exc L5/6 IT Car3",0.0163603301421803,3.50261921464838,0.423024334283352,0.515831486063641,0.819684725918373,0.86672544189747,"cogn_se_lv"
"2735","ENTPD3","Exc L5/6 IT Car3",-0.0143548641957689,3.48491248141398,0.296916475881667,0.586147054398885,0.856595116057244,0.898811446670178,"cogn_se_lv"
"2736","RPL14","Exc L5/6 IT Car3",-0.0355331007869293,6.68241105306649,1.22351521174909,0.269383500159541,0.652586854523601,0.712899388028162,"cogn_se_lv"
"2737","ZNF620","Exc L5/6 IT Car3",0.00949975338294293,2.3550551341184,0.0894379072352737,0.961970963610882,0.997053628956036,0.998671534701029,"cogn_se_lv"
"2738","ZNF621","Exc L5/6 IT Car3",0.0161220811111904,3.7583702216962,0.41157961808907,0.521562153290964,0.821140907781899,0.869074302265169,"cogn_se_lv"
"2739","CTNNB1","Exc L5/6 IT Car3",-0.0122855901778727,5.57819245832903,1.16131244799614,0.281888699274212,0.662539096936755,0.723140333233505,"cogn_se_lv"
"2740","ULK4","Exc L5/6 IT Car3",-0.00747708076148208,7.05777236899312,0.387211307269093,0.534148416807034,0.827182947742026,0.874785075497771,"cogn_se_lv"
"2741","TRAK1","Exc L5/6 IT Car3",0.0249713138305153,6.97865424235012,4.4401110736833,0.0357698649693202,0.317634449276949,0.33109451884874,"cogn_se_lv"
"2742","CCK","Exc L5/6 IT Car3",-0.0186262387465042,8.61050071188848,0.273629986934945,0.60121710946028,0.865226418046915,0.905147744171408,"cogn_se_lv"
"2743","AC018358.1","Exc L5/6 IT Car3",0.0576787209171383,1.90765264541769,1.21367894649395,0.271313824412103,0.653650556935232,0.714238652956835,"cogn_se_lv"
"2744","LYZL4","Exc L5/6 IT Car3",0.0122440289580203,2.38286894971754,0.126615032135799,0.722168628676797,0.921955636278383,0.950571574023513,"cogn_se_lv"
"2745","VIPR1","Exc L5/6 IT Car3",0.0347435182825462,5.76355862709707,5.31087039824358,0.0217404235766041,0.276220485614688,0.270284768353159,"cogn_se_lv"
"2746","VIPR1-AS1","Exc L5/6 IT Car3",0.0451874764576849,2.39546101073886,0.852094669435253,0.356556087791766,0.722146112069242,0.779038832357237,"cogn_se_lv"
"2747","SEC22C","Exc L5/6 IT Car3",0.00279216184788757,5.11803137622954,0.0568729101400509,0.81163922630784,0.959045669722624,0.975978785483781,"cogn_se_lv"
"2748","SS18L2","Exc L5/6 IT Car3",-0.0339875565235067,4.7355934885681,3.94116337486427,0.0478488519807,0.353049189458432,0.372234413498659,"cogn_se_lv"
"2749","NKTR","Exc L5/6 IT Car3",0.00538124484695245,7.69557731423638,0.363496286928151,0.546936598644008,0.834777873491336,0.88082419461002,"cogn_se_lv"
"2750","AC006059.1","Exc L5/6 IT Car3",0.0143577687004536,4.55506526378434,0.380817743619687,0.537541743491017,0.828690113710241,0.876567876782171,"cogn_se_lv"
"2751","ZBTB47","Exc L5/6 IT Car3",-0.00945623488622509,2.2044973392592,0.0755786287856962,0.783532959998053,0.949524736639513,0.968323843139622,"cogn_se_lv"
"2752","CCDC13","Exc L5/6 IT Car3",0.0503150303912565,2.98416375845667,3.37130764678926,0.0671353998223028,0.39725488026192,0.427831894876414,"cogn_se_lv"
"2753","AC099329.3","Exc L5/6 IT Car3",-0.0126405937470165,3.19387831248411,0.30000211483054,0.584208103851843,0.855777482563133,0.897915716818186,"cogn_se_lv"
"2754","AC092042.3","Exc L5/6 IT Car3",0.0152905267492083,3.10088276685032,0.258222882602069,0.611643533753389,0.87046365678423,0.909984677764023,"cogn_se_lv"
"2755","POMGNT2","Exc L5/6 IT Car3",-0.014370585106874,3.90015105568678,0.51181916584457,0.474799177853273,0.797115670029657,0.847222458233228,"cogn_se_lv"
"2756","SNRK","Exc L5/6 IT Car3",-0.00481657132198582,5.24223117912437,0.154632969257107,0.741228784469355,0.931453498243111,0.956660148679986,"cogn_se_lv"
"2757","ANO10","Exc L5/6 IT Car3",0.0269643097377725,6.53079223790718,5.11688967273095,0.0242678913508522,0.287570640016026,0.282400089257224,"cogn_se_lv"
"2758","ABHD5","Exc L5/6 IT Car3",0.0161850381311485,4.70269886980551,1.51455943711951,0.23266878563109,0.620799689816657,0.678112827457634,"cogn_se_lv"
"2759","AC006058.1","Exc L5/6 IT Car3",-0.00463775534753979,5.47624817723852,0.0945046778100201,0.758697909903586,0.939092915847507,0.961700221506294,"cogn_se_lv"
"2760","TOPAZ1","Exc L5/6 IT Car3",-0.0398870004317426,1.81242061437943,0.598036271286864,0.439817178648409,0.776403982764389,0.829679539828758,"cogn_se_lv"
"2761","TCAIM","Exc L5/6 IT Car3",0.0242229144302642,6.1330540208452,3.01290312989251,0.0834285465339572,0.429851131957684,0.466945338985206,"cogn_se_lv"
"2762","ZNF445","Exc L5/6 IT Car3",0.00376973787310251,5.50758241949947,0.0929355458124109,0.760647591426916,0.940466406548739,0.96212214570507,"cogn_se_lv"
"2763","ZNF852","Exc L5/6 IT Car3",-0.0328913569592514,3.04118715117295,1.99813884012945,0.158324989942895,0.540417185023175,0.592144691010328,"cogn_se_lv"
"2764","ZKSCAN7","Exc L5/6 IT Car3",0.00831300510972568,2.60236213040433,0.0837926807749782,0.772382539328413,0.944459501053891,0.965215776758413,"cogn_se_lv"
"2765","AC099669.1","Exc L5/6 IT Car3",0.0456452280956608,4.70622174166166,6.3950772409295,0.0118544829060895,0.21693280847172,0.2064200405756,"cogn_se_lv"
"2766","ZNF197","Exc L5/6 IT Car3",0.0428918224992477,4.9467631979863,8.48559396173685,0.00379480596440816,0.139052532838671,0.121477762030648,"cogn_se_lv"
"2767","ZNF35","Exc L5/6 IT Car3",-0.0140514675022317,3.39880748388442,0.471144237031216,0.49288692654872,0.807787583655423,0.855800671581994,"cogn_se_lv"
"2768","ZNF502","Exc L5/6 IT Car3",0.0145690510563762,2.81804645467086,0.293925916059958,0.588038773833187,0.858462979443441,0.899684062472523,"cogn_se_lv"
"2769","KIAA1143","Exc L5/6 IT Car3",-0.0127782643214191,3.60100823653618,0.359831067219064,0.548963639549914,0.83657296887545,0.881745361189837,"cogn_se_lv"
"2770","KIF15","Exc L5/6 IT Car3",0.0268639973155571,2.78892304210444,0.834892498268604,0.361450793077531,0.725183900400221,0.781924974860598,"cogn_se_lv"
"2771","ZDHHC3","Exc L5/6 IT Car3",0.00940718595193816,4.77051868134166,0.503596494152293,0.478366671780062,0.799547311799968,0.848703718633566,"cogn_se_lv"
"2772","EXOSC7","Exc L5/6 IT Car3",0.0160121814487555,4.46612796576111,0.978883575010541,0.323114797846845,0.696073382484357,0.756174865755988,"cogn_se_lv"
"2773","CDCP1","Exc L5/6 IT Car3",-0.0670119806799329,1.37105628292427,1.20114210828229,0.273799358394852,0.656074873774605,0.716293883057436,"cogn_se_lv"
"2774","TMEM158","Exc L5/6 IT Car3",-0.0283684512749823,3.16069876233519,0.688420477659495,0.407231883294999,0.758873719574708,0.811671164460879,"cogn_se_lv"
"2775","LARS2","Exc L5/6 IT Car3",0.00482454030875072,5.48625435201381,0.132777724665858,0.715775316896445,0.918464902292858,0.948747137550397,"cogn_se_lv"
"2776","LIMD1","Exc L5/6 IT Car3",0.0865205527718517,3.17218032565297,7.46052726498004,0.00660571568679816,0.174078706198328,0.158847586908009,"cogn_se_lv"
"2777","SACM1L","Exc L5/6 IT Car3",-0.0142825100162195,5.81574226332035,2.30274211926166,0.129991354591681,0.500474253092376,0.551443449087142,"cogn_se_lv"
"2778","SLC6A20","Exc L5/6 IT Car3",0.0730570689944569,2.10591369481413,2.95448913963012,0.0864675734827821,0.434373509228393,0.4727219620236,"cogn_se_lv"
"2779","LZTFL1","Exc L5/6 IT Car3",-0.00408874766418091,5.05653037300294,0.0573432721761826,0.810876671953343,0.958714754943748,0.975757146388002,"cogn_se_lv"
"2780","LRRC2","Exc L5/6 IT Car3",-0.0727812974956654,2.69566067395856,4.33091066547716,0.0381067070327731,0.326356272250628,0.339776764985891,"cogn_se_lv"
"2781","ALS2CL","Exc L5/6 IT Car3",-0.0303346104040566,2.20792700089119,0.577427719288497,0.447801483330952,0.781545115498226,0.833722006684208,"cogn_se_lv"
"2782","PTH1R","Exc L5/6 IT Car3",0.0737109622506894,2.35203129396842,2.52064891220575,0.113210096946536,0.47906529960313,0.522204842436268,"cogn_se_lv"
"2783","CCDC12","Exc L5/6 IT Car3",0.0345532015553408,4.85368633623807,4.61811471575867,0.032277827737874,0.309343568274808,0.317530312545526,"cogn_se_lv"
"2784","NBEAL2","Exc L5/6 IT Car3",-0.0204906303145786,2.9421627562495,0.657213376033337,0.418061464001529,0.765438936199468,0.817886653780573,"cogn_se_lv"
"2785","SETD2","Exc L5/6 IT Car3",0.0115158521060529,7.39086965810294,1.29944454648369,0.255044849915518,0.638695627780494,0.699329334303065,"cogn_se_lv"
"2786","KIF9-AS1","Exc L5/6 IT Car3",0.00943114647930657,7.09568072554375,0.630518876667763,0.427669017927842,0.77182381801977,0.823380581208934,"cogn_se_lv"
"2787","KIF9","Exc L5/6 IT Car3",0.021549644393319,4.53193546973119,1.3884587277717,0.23941537804707,0.625463022940828,0.684220249883788,"cogn_se_lv"
"2788","KLHL18","Exc L5/6 IT Car3",0.0153827315797938,5.24434940333377,1.44469293920361,0.230142585556827,0.619071574163407,0.676030357846822,"cogn_se_lv"
"2789","AC099778.1","Exc L5/6 IT Car3",0.0177616093993135,2.81736062280516,0.391200113892455,0.532051033820529,0.826680001059863,0.873749241585626,"cogn_se_lv"
"2790","PTPN23","Exc L5/6 IT Car3",-0.00262570050942648,4.45280527107098,0.028319288483773,0.866451411055021,0.97632795549398,0.986809079378017,"cogn_se_lv"
"2791","SCAP","Exc L5/6 IT Car3",0.0186005659333663,5.75481292922144,3.34515986095572,0.0859785034209902,0.434295997994672,0.471953003494231,"cogn_se_lv"
"2792","ELP6","Exc L5/6 IT Car3",0.0450985382294792,4.38049475239907,7.4884326470874,0.00650613441135537,0.173648358410842,0.157776883674658,"cogn_se_lv"
"2793","CSPG5","Exc L5/6 IT Car3",9.12672032237355e-05,4.50584518973887,2.43042380299428e-05,0.996069129411283,0.999242764926216,0.999870711362408,"cogn_se_lv"
"2794","SMARCC1","Exc L5/6 IT Car3",0.0176889229057318,6.28822771276,1.92344121096052,0.166304532875227,0.551809786618177,0.60270671275173,"cogn_se_lv"
"2795","DHX30","Exc L5/6 IT Car3",0.00696228256143487,5.88009118896857,0.453845795426657,0.786239093271304,0.950073610199021,0.969095745278603,"cogn_se_lv"
"2796","MAP4","Exc L5/6 IT Car3",-0.0096439480066103,6.47501367958559,0.66045122598391,0.416918140470997,0.765198602555065,0.81707400902658,"cogn_se_lv"
"2797","ZNF589","Exc L5/6 IT Car3",0.0235441997558054,5.14722516406937,2.30069657743861,0.130161487890604,0.500474253092376,0.551597158403122,"cogn_se_lv"
"2798","NME6","Exc L5/6 IT Car3",-0.0126314471283047,2.79547491481646,0.239024099827591,0.729304565943702,0.925018872682836,0.953054317557942,"cogn_se_lv"
"2799","SPINK8","Exc L5/6 IT Car3",0.0483980780372343,1.95989226246206,1.05799479189975,0.304338300313001,0.681176038658681,0.742103712130707,"cogn_se_lv"
"2800","FBXW12","Exc L5/6 IT Car3",0.0107480700024605,2.53705729525429,0.12114086193598,0.727996398259452,0.924999994394571,0.952802512206986,"cogn_se_lv"
"2801","CCDC51","Exc L5/6 IT Car3",0.0108353261477355,2.26035775959418,0.0843017098843451,0.771711413979783,0.944065102934226,0.96504468722557,"cogn_se_lv"
"2802","TMA7","Exc L5/6 IT Car3",-0.054720693138783,5.64046632509777,2.92405932104246,0.0880981746498419,0.436940472159522,0.475634815958939,"cogn_se_lv"
"2803","ATRIP","Exc L5/6 IT Car3",0.00838583383373144,2.61258803565595,0.0924982578526396,0.761194133123741,0.940466406548739,0.96220048648941,"cogn_se_lv"
"2804","SHISA5","Exc L5/6 IT Car3",-0.000773899679226077,4.57435145185708,0.0013854034688831,0.970328663913938,0.998267578294294,0.999102668702867,"cogn_se_lv"
"2805","PFKFB4","Exc L5/6 IT Car3",0.0538996531014984,3.37841062400365,4.51316285777492,0.034291049688158,0.3131269192425,0.32532452267037,"cogn_se_lv"
"2806","COL7A1","Exc L5/6 IT Car3",-0.00541758645827681,2.74621629701949,0.0349662362005198,0.911362871341452,0.989073227776396,0.9937259663591,"cogn_se_lv"
"2807","UQCRC1","Exc L5/6 IT Car3",0.00943262539596682,4.68070919520286,0.209635012168757,0.647319748097887,0.886522807717282,0.923835419953433,"cogn_se_lv"
"2808","SLC26A6","Exc L5/6 IT Car3",0.0198640440456304,2.12305938110605,0.293120561594462,0.588550340473126,0.858664771746582,0.899985710864701,"cogn_se_lv"
"2809","CELSR3","Exc L5/6 IT Car3",-0.0305091817899225,4.02564646228992,2.45458017514602,0.118028905966721,0.486987898881459,0.531365953905868,"cogn_se_lv"
"2810","NCKIPSD","Exc L5/6 IT Car3",-0.014834321198346,4.70093317215359,0.741120217033323,0.389854305044159,0.746621560596167,0.801226672852572,"cogn_se_lv"
"2811","IP6K2","Exc L5/6 IT Car3",-0.0449737887606488,5.65106809989323,12.5693077835578,0.000441920630593552,0.0551586346446866,0.0411821880718417,"cogn_se_lv"
"2812","PRKAR2A","Exc L5/6 IT Car3",-0.00776151131140541,6.55917912140875,0.580486994345972,0.446602101585305,0.781075074328528,0.833171700824912,"cogn_se_lv"
"2813","SLC25A20","Exc L5/6 IT Car3",-0.0263111958522911,1.96558013266937,0.532294736645882,0.610663240135127,0.870233619769131,0.909444760264385,"cogn_se_lv"
"2814","ARIH2OS","Exc L5/6 IT Car3",0.041985356380074,2.0596981514825,0.974788705796423,0.324127639936472,0.696790666101733,0.756984760836149,"cogn_se_lv"
"2815","ARIH2","Exc L5/6 IT Car3",0.00419404986973245,6.16612362749439,0.19812768735247,0.656494117623286,0.889857712719955,0.927257965784235,"cogn_se_lv"
"2816","P4HTM","Exc L5/6 IT Car3",-0.00867570032188246,6.05387018988112,0.478427418292982,0.489565019444806,0.806077420483103,0.854201412662544,"cogn_se_lv"
"2817","WDR6","Exc L5/6 IT Car3",-0.000710996057669467,4.79129577762437,0.00187711949905483,0.965465016803059,0.997621680933237,0.99892010896344,"cogn_se_lv"
"2818","DALRD3","Exc L5/6 IT Car3",0.00266557630444026,3.84780593537485,0.0120427598495363,0.912674875554276,0.989073227776396,0.993863235335742,"cogn_se_lv"
"2819","NDUFAF3","Exc L5/6 IT Car3",-0.0618127744626138,3.70411690036152,2.4527774313803,0.118163540227802,0.487151589634577,0.53154949719004,"cogn_se_lv"
"2820","IMPDH2","Exc L5/6 IT Car3",-0.0789587792283203,2.53428072692005,4.60930889161341,0.0324418790900286,0.309343568274808,0.317993006103787,"cogn_se_lv"
"2821","QRICH1","Exc L5/6 IT Car3",0.0234768773432963,5.8435139775298,3.51895277808987,0.0614501484327029,0.385168789389364,0.413113844853026,"cogn_se_lv"
"2822","QARS","Exc L5/6 IT Car3",-0.0380367241716738,3.09693499112087,2.62094621029033,0.106305199833957,0.468398136422684,0.510238051049259,"cogn_se_lv"
"2823","USP19","Exc L5/6 IT Car3",0.0126327399066142,3.40214900238699,0.319181542977097,0.683679227320398,0.901612965592195,0.937475495314619,"cogn_se_lv"
"2824","CCDC71","Exc L5/6 IT Car3",-0.00484268771008537,2.0792484652345,0.0143908339965224,0.904577877515427,0.987810604126722,0.992792385596494,"cogn_se_lv"
"2825","KLHDC8B","Exc L5/6 IT Car3",-0.00792478679488682,2.98962970253742,0.0950174867482446,0.758064578599432,0.938626359909824,0.961678890163832,"cogn_se_lv"
"2826","CCDC36","Exc L5/6 IT Car3",0.0102756784769556,2.18064182668526,0.0750696778128268,0.784244878745981,0.949608865767164,0.96837207787329,"cogn_se_lv"
"2827","C3orf62","Exc L5/6 IT Car3",-0.0203369455126702,4.081322509124,1.25193900589228,0.26390119908466,0.64682902594568,0.707811068783791,"cogn_se_lv"
"2828","USP4","Exc L5/6 IT Car3",0.0239501911268463,5.73825981043546,4.07419447488727,0.0442569806938912,0.342351085321161,0.360964781646375,"cogn_se_lv"
"2829","RHOA","Exc L5/6 IT Car3",-0.0039763199611665,5.58331692663214,0.107398213061446,0.787659550404437,0.950304208272522,0.969419666192141,"cogn_se_lv"
"2830","TCTA","Exc L5/6 IT Car3",0.0281585183920864,4.22747589120628,1.83259406051225,0.1766396686749,0.563465498502014,0.616262614463158,"cogn_se_lv"
"2831","DAG1","Exc L5/6 IT Car3",0.0357918244683984,4.74473940620808,6.21170327456534,0.0131232970583101,0.226729681685898,0.216151749026719,"cogn_se_lv"
"2832","BSN","Exc L5/6 IT Car3",0.013891013067733,7.62662124340137,1.54800719460346,0.214209733901821,0.602486857734682,0.658380009880145,"cogn_se_lv"
"2833","APEH","Exc L5/6 IT Car3",0.0240702529379802,3.21036177933568,0.790343969708487,0.374568067685272,0.734150801238959,0.791099808973437,"cogn_se_lv"
"2834","MST1","Exc L5/6 IT Car3",-0.0545435746176627,1.9728986854995,2.22260436439489,0.205266557055493,0.59280396192232,0.648247789289551,"cogn_se_lv"
"2835","RNF123","Exc L5/6 IT Car3",0.00203404675348298,4.8670851135109,0.0237927407439892,0.916245379901829,0.989620466724523,0.994405342254173,"cogn_se_lv"
"2836","GMPPB","Exc L5/6 IT Car3",0.0477272858432301,2.18570586275607,1.60054704225409,0.206614057695646,0.594467191452667,0.649773120700617,"cogn_se_lv"
"2837","IP6K1","Exc L5/6 IT Car3",0.00926309460385613,6.25481014831281,0.795643510816543,0.44920799179382,0.782491340544074,0.834200217896007,"cogn_se_lv"
"2838","INKA1","Exc L5/6 IT Car3",-0.0112048009987396,1.62461474118715,0.0436837295083605,0.834557029402464,0.966563259257668,0.980242942891289,"cogn_se_lv"
"2839","TRAIP","Exc L5/6 IT Car3",0.0787085083934558,1.83108205150906,2.95532797575727,0.086423091136044,0.434373509228393,0.472647668011534,"cogn_se_lv"
"2840","CAMKV","Exc L5/6 IT Car3",-0.012407189855308,6.50035811664118,0.642518386025764,0.423309738435321,0.769245114478639,0.82074490447259,"cogn_se_lv"
"2841","MST1R","Exc L5/6 IT Car3",0.0128236874951912,1.9055068463297,0.0852332676797914,0.7704888764546,0.943343182866849,0.964756824291005,"cogn_se_lv"
"2842","MON1A","Exc L5/6 IT Car3",0.0135924633492121,3.97681022406742,0.574169887643163,0.449084233803143,0.782491340544074,0.834200217896007,"cogn_se_lv"
"2843","RBM6","Exc L5/6 IT Car3",0.00853858638248042,8.0220398010248,0.822389227150465,0.365066944696661,0.727470728788796,0.784911467769505,"cogn_se_lv"
"2844","RBM5","Exc L5/6 IT Car3",-0.00153989571918237,6.79561456837054,0.0247771140736019,0.875008738818939,0.979751648832088,0.988222954523801,"cogn_se_lv"
"2845","GNAI2","Exc L5/6 IT Car3",0.00627367066755807,5.55595911369964,0.181926656286639,0.669968317004177,0.896717017849796,0.932039253478488,"cogn_se_lv"
"2846","SEMA3B","Exc L5/6 IT Car3",0.0106046788268744,1.75289932428599,0.0524389804435876,0.818997620598391,0.961505330765828,0.977237147560409,"cogn_se_lv"
"2847","IFRD2","Exc L5/6 IT Car3",-0.00116943128608363,3.45961055074896,0.00303724372260227,0.956079331599287,0.996920944446838,0.998428000651427,"cogn_se_lv"
"2848","HYAL3","Exc L5/6 IT Car3",0.0116359355899906,1.94491937849162,0.0724012033752708,0.788020690985452,0.950455876050181,0.96960521693753,"cogn_se_lv"
"2849","HYAL1","Exc L5/6 IT Car3",-0.0358610604262841,2.40502272122414,1.18505800202193,0.314292074730977,0.68901356695156,0.750139213006986,"cogn_se_lv"
"2850","TUSC2","Exc L5/6 IT Car3",-0.0266916431554248,4.34605220315894,1.13864553064635,0.286627627385849,0.666712157982136,0.72726104723383,"cogn_se_lv"
"2851","RASSF1","Exc L5/6 IT Car3",-0.0277201983687538,3.11471653104609,1.36213415462261,0.243912182709796,0.629094769884995,0.688283439889072,"cogn_se_lv"
"2852","ZMYND10","Exc L5/6 IT Car3",-0.0419285964139722,1.71653990891555,0.898991904392174,0.343664927278925,0.712995852092565,0.769925192949308,"cogn_se_lv"
"2853","NPRL2","Exc L5/6 IT Car3",0.00493232178871909,3.56223005895963,0.046507207792525,0.82937411063086,0.9655472036201,0.97904971034251,"cogn_se_lv"
"2854","TMEM115","Exc L5/6 IT Car3",-0.0559144936521711,3.0250021368702,3.22084453947887,0.0735142156411858,0.412806389995126,0.443804527917165,"cogn_se_lv"
"2855","CACNA2D2","Exc L5/6 IT Car3",-0.054238903517132,2.98859789287638,3.32581369079642,0.0689989117884788,0.402079989558762,0.432025186344929,"cogn_se_lv"
"2856","C3orf18","Exc L5/6 IT Car3",0.0521006715124017,3.06387396098586,4.37186728120443,0.0372119711563067,0.323554935647209,0.336484114024421,"cogn_se_lv"
"2857","HEMK1","Exc L5/6 IT Car3",0.0461253403063223,2.76811179575428,2.87727876168404,0.0906705642632814,0.441555170112902,0.481240918043197,"cogn_se_lv"
"2858","DOCK3","Exc L5/6 IT Car3",0.00473994618594368,10.0271038118308,0.250259381023567,0.617186980256789,0.873423500115388,0.912058075645201,"cogn_se_lv"
"2859","MANF","Exc L5/6 IT Car3",0.0584090097481364,3.33820838087996,4.15922558174752,0.04211135994794,0.336180248199134,0.354578692708627,"cogn_se_lv"
"2860","RBM15B","Exc L5/6 IT Car3",-0.0122944461541055,3.29676334065796,0.236798662202714,0.626813195032626,0.877128120708503,0.91632231949077,"cogn_se_lv"
"2861","DCAF1","Exc L5/6 IT Car3",0.012731145741874,4.88658216018012,1.01027900446738,0.315486425235924,0.689874408124591,0.751106133347389,"cogn_se_lv"
"2862","RAD54L2","Exc L5/6 IT Car3",0.0279048244412657,5.68862943692691,3.35585995600478,0.0677620321570174,0.398189261128865,0.429059212496749,"cogn_se_lv"
"2863","TEX264","Exc L5/6 IT Car3",0.0099031512171644,3.65897205168492,0.198297869653763,0.86046072711996,0.974142312077106,0.985664895215675,"cogn_se_lv"
"2864","GRM2","Exc L5/6 IT Car3",-0.01116979595768,3.34913054549587,0.175602292368408,0.675420898512734,0.899176443999365,0.93438426242032,"cogn_se_lv"
"2865","IQCF3","Exc L5/6 IT Car3",0.0274601893776249,2.69075855313433,0.674430510078851,0.412034807189884,0.762096947222495,0.814627263429108,"cogn_se_lv"
"2866","RRP9","Exc L5/6 IT Car3",0.00506354321314795,1.99908068081355,0.0176498654487317,0.894381310498926,0.9857013440361,0.991250356580458,"cogn_se_lv"
"2867","PARP3","Exc L5/6 IT Car3",-0.0696089000466674,1.93881337751382,3.14320577772063,0.0770583862850447,0.418760086485465,0.45273219707887,"cogn_se_lv"
"2868","PCBP4","Exc L5/6 IT Car3",-7.35334473597627e-05,4.47791627369195,1.61359577199594e-05,0.996797082828624,0.999242764926216,0.999945188316777,"cogn_se_lv"
"2869","ABHD14B","Exc L5/6 IT Car3",0.048936545856194,1.78180214407447,1.11618194512687,0.291424611481401,0.670607770738452,0.730715573844693,"cogn_se_lv"
"2870","ABHD14A","Exc L5/6 IT Car3",0.0258159922394412,1.64208861546876,0.254716253300234,0.614071110295934,0.872224678122235,0.911062173230643,"cogn_se_lv"
"2871","RPL29","Exc L5/6 IT Car3",-0.0065885044340972,5.93695747058939,0.0490084386537308,0.824918657169611,0.964248646577592,0.978274930692417,"cogn_se_lv"
"2872","DUSP7","Exc L5/6 IT Car3",-0.0182728549216356,3.53523345854539,0.477304084561587,0.490074933530578,0.80631315234505,0.854305966123128,"cogn_se_lv"
"2873","POC1A","Exc L5/6 IT Car3",0.0803109577671719,2.54361815539057,5.95031758360224,0.0151791428367266,0.237371934315375,0.229634536766425,"cogn_se_lv"
"2874","ALAS1","Exc L5/6 IT Car3",-0.0439263389496942,3.47641694912665,3.63775380396166,0.0572495650272484,0.376670850125698,0.401847650227605,"cogn_se_lv"
"2875","PPM1M","Exc L5/6 IT Car3",-0.0850172731559161,1.9289312531427,4.19561198783106,0.0412270217431109,0.334290761130915,0.351367441392793,"cogn_se_lv"
"2876","WDR82","Exc L5/6 IT Car3",-0.0191321426571507,5.74239298507583,1.04501140901524,0.307320150741709,0.68313936200893,0.7443488410716,"cogn_se_lv"
"2877","DNAH1","Exc L5/6 IT Car3",0.0181942623729655,4.59142073628047,1.1781249733386,0.278437779423145,0.660270789726072,0.720166974444736,"cogn_se_lv"
"2878","BAP1","Exc L5/6 IT Car3",-0.00772630943944603,4.32370782974114,0.124703931233583,0.724186780718833,0.923175362539246,0.951192384579021,"cogn_se_lv"
"2879","PHF7","Exc L5/6 IT Car3",0.0408882818623435,4.10643249402743,4.18474958888531,0.0414889520765135,0.334651453069991,0.352484067018197,"cogn_se_lv"
"2880","NISCH","Exc L5/6 IT Car3",-0.0225692913494829,6.94648297310566,5.25665310747487,0.022417968462372,0.278121450808122,0.273204446105448,"cogn_se_lv"
"2881","NT5DC2","Exc L5/6 IT Car3",-0.0216677449192128,2.66858588153684,0.328396924518267,0.56694924040902,0.846340320935947,0.889427243178691,"cogn_se_lv"
"2882","SMIM4","Exc L5/6 IT Car3",-0.0196167911141223,4.33465181953524,1.17644537315941,0.27878012066895,0.660770795478599,0.720409179342005,"cogn_se_lv"
"2883","PBRM1","Exc L5/6 IT Car3",-0.00347415727151525,6.87613668005297,0.168672525648326,0.681529681207717,0.900862474773406,0.936541803427814,"cogn_se_lv"
"2884","GNL3","Exc L5/6 IT Car3",0.0130994148153784,4.26632927184523,0.460543930702275,0.497789939759211,0.811029766344936,0.857967344519736,"cogn_se_lv"
"2885","GLT8D1","Exc L5/6 IT Car3",0.0211543512777354,4.24612084791783,1.53156220183665,0.216655199812009,0.60536011712179,0.661187343303124,"cogn_se_lv"
"2886","SPCS1","Exc L5/6 IT Car3",0.0103522598559122,5.22592041203232,0.142104545525684,0.706411689743669,0.913662988919663,0.945538626082446,"cogn_se_lv"
"2887","NEK4","Exc L5/6 IT Car3",-0.00223728795418285,5.75816007236401,0.04017609207128,0.841245721072765,0.969343519367831,0.981521645916767,"cogn_se_lv"
"2888","ITIH4","Exc L5/6 IT Car3",-0.02878253898919,3.28099448400795,1.12325404488303,0.289903416398911,0.669610322434225,0.729604189056334,"cogn_se_lv"
"2889","SFMBT1","Exc L5/6 IT Car3",-0.00709316016999521,4.39990813600218,0.180636860348012,0.671071134461364,0.896973919231145,0.932567959024951,"cogn_se_lv"
"2890","AC096887.1","Exc L5/6 IT Car3",0.066130011119063,3.820463985261,5.73739200584914,0.0170989593756906,0.247824249325256,0.241865190226322,"cogn_se_lv"
"2891","RFT1","Exc L5/6 IT Car3",0.0510872249831979,2.95843657433482,3.69411248827123,0.0553649373366436,0.371964734031417,0.396888623645928,"cogn_se_lv"
"2892","PRKCD","Exc L5/6 IT Car3",-0.0169668688746159,3.46446775197643,0.374957387899635,0.540686819660081,0.830870709392775,0.877939055963733,"cogn_se_lv"
"2893","TKT","Exc L5/6 IT Car3",-0.00849180676342755,5.01804908636796,0.170073131453458,0.680283314926173,0.900862474773406,0.936100371260515,"cogn_se_lv"
"2894","DCP1A","Exc L5/6 IT Car3",-0.0105482601749179,6.31781034744075,1.34246178758728,0.24734021589972,0.631271297296301,0.691854739151022,"cogn_se_lv"
"2895","CACNA1D","Exc L5/6 IT Car3",0.0186892764019451,8.30494928224928,2.31757531129274,0.128765053824596,0.499046914761922,0.548888971489543,"cogn_se_lv"
"2896","CHDH","Exc L5/6 IT Car3",-0.000766262757700667,3.35335240751587,0.000503619380038827,0.982107782338452,0.998390354534415,0.999870711362408,"cogn_se_lv"
"2897","AC012467.2","Exc L5/6 IT Car3",-0.0248203664820346,2.43559057836945,0.688565053221883,0.407182679540471,0.758873719574708,0.811633810109064,"cogn_se_lv"
"2898","ACTR8","Exc L5/6 IT Car3",-0.0240031173161456,2.94774954888586,0.933945018441527,0.334464942345392,0.704257143616854,0.763763608374521,"cogn_se_lv"
"2899","SELENOK","Exc L5/6 IT Car3",-0.0447655100388669,4.30349857846333,2.0161702659786,0.156464967236981,0.538502829835899,0.589798832932338,"cogn_se_lv"
"2900","CACNA2D3","Exc L5/6 IT Car3",0.014492875711737,10.1662302805881,1.35572399419803,0.24502276331933,0.630374511448427,0.689541371202943,"cogn_se_lv"
"2901","CACNA2D3-AS1","Exc L5/6 IT Car3",-0.00616642579976229,3.48598402542631,0.0278969826907284,0.867441590582253,0.976442681823208,0.986883481884466,"cogn_se_lv"
"2902","LRTM1","Exc L5/6 IT Car3",0.0187125357214985,4.56504140202777,0.285665169516481,0.593329730181585,0.860392400593103,0.902067329791077,"cogn_se_lv"
"2903","WNT5A","Exc L5/6 IT Car3",-0.011402273769768,2.50056454228395,0.113774859147499,0.846766055339358,0.970988236489561,0.982904441273953,"cogn_se_lv"
"2904","AC121764.1","Exc L5/6 IT Car3",0.0376584374026976,2.6260050740191,1.17269549568805,0.279546354223151,0.661269350060604,0.721396373160082,"cogn_se_lv"
"2905","ERC2","Exc L5/6 IT Car3",0.0157731885778564,11.6218177472974,1.71322753471419,0.191371514790235,0.579183663394758,0.632771444411142,"cogn_se_lv"
"2906","CCDC66","Exc L5/6 IT Car3",0.00243758702667426,6.65123503621457,0.0744693350252964,0.785087979848808,0.949799006551862,0.968605708823016,"cogn_se_lv"
"2907","FAM208A","Exc L5/6 IT Car3",-0.0120918661120207,6.00884744341739,0.745034301761389,0.388606619789969,0.746348371342257,0.800460473228298,"cogn_se_lv"
"2908","ARHGEF3","Exc L5/6 IT Car3",-0.0157424517806962,6.6751314041555,2.26186704646733,0.133438810433076,0.504699752412151,0.556237361079821,"cogn_se_lv"
"2909","HESX1","Exc L5/6 IT Car3",0.0167379038799361,1.76299093179197,0.114897223471255,0.734826549919005,0.928204243440934,0.954790730117008,"cogn_se_lv"
"2910","APPL1","Exc L5/6 IT Car3",-0.00494891123498638,5.78848786646446,0.224906674697821,0.635603441987001,0.882209322887802,0.919855964658119,"cogn_se_lv"
"2911","ASB14","Exc L5/6 IT Car3",0.017172964402861,2.30472604194242,0.162281696895587,0.687294813949741,0.902774616430194,0.938724465138347,"cogn_se_lv"
"2912","DNAH12","Exc L5/6 IT Car3",0.00602827398821178,3.04335460672518,0.0432315410698771,0.835403176798158,0.96681077140571,0.980453322757269,"cogn_se_lv"
"2913","PDE12","Exc L5/6 IT Car3",-0.023689954266167,4.10171935899617,1.79602553401805,0.181008031303347,0.56781769297972,0.620974073027194,"cogn_se_lv"
"2914","ARF4","Exc L5/6 IT Car3",-0.03146881518572,4.82572979768073,3.22255244460878,0.0734382543552409,0.41277211405052,0.443658035751233,"cogn_se_lv"
"2915","DENND6A","Exc L5/6 IT Car3",0.00602152489086166,6.40580054214512,0.292202730524813,0.589134462688956,0.858759934902261,0.900256463235901,"cogn_se_lv"
"2916","DENND6A-AS1","Exc L5/6 IT Car3",0.00192304493552902,3.94316212774597,0.00493832748920901,0.944013777743586,0.994804925328349,0.997626386519645,"cogn_se_lv"
"2917","SLMAP","Exc L5/6 IT Car3",0.00108976236497838,6.97612061053994,0.0125315935118482,0.910927440668462,0.989073227776396,0.9937259663591,"cogn_se_lv"
"2918","FLNB","Exc L5/6 IT Car3",-0.00466092774935515,6.15905832971341,0.111641787066005,0.738470111265837,0.930646496264431,0.955944177516037,"cogn_se_lv"
"2919","ABHD6","Exc L5/6 IT Car3",-0.0125345841378325,6.66391525555994,1.3457681493155,0.246759952724507,0.630841656862832,0.691137016341039,"cogn_se_lv"
"2920","RPP14","Exc L5/6 IT Car3",0.0144544422567241,4.04514923543145,0.66356420119167,0.415823292541644,0.764318759541287,0.816495984836875,"cogn_se_lv"
"2921","PXK","Exc L5/6 IT Car3",0.00717976052610106,5.79747183618939,0.351725760903908,0.553496600386146,0.839314876805382,0.883935170679224,"cogn_se_lv"
"2922","PDHB","Exc L5/6 IT Car3",-0.0308366886711302,4.14339303221063,1.13108450646781,0.288230915281125,0.668230247289619,0.728442776646917,"cogn_se_lv"
"2923","KCTD6","Exc L5/6 IT Car3",-0.0274036535805692,4.15396950248076,1.90377204983906,0.168481745314303,0.554519687850111,0.605811849920341,"cogn_se_lv"
"2924","FAM107A","Exc L5/6 IT Car3",-0.0505393961107075,1.6863959023475,0.97518110717786,0.324030399769375,0.696678939990315,0.756895438614788,"cogn_se_lv"
"2925","C3orf67","Exc L5/6 IT Car3",0.0336454766112319,3.99553758912075,2.77591426436834,0.0965299988895042,0.450590440676212,0.491291534103739,"cogn_se_lv"
"2926","C3orf67-AS1","Exc L5/6 IT Car3",-0.0442050262492922,5.07830756534555,3.31111016818132,0.0696130136466036,0.403750542799321,0.433969774550863,"cogn_se_lv"
"2927","AC114400.1","Exc L5/6 IT Car3",0.0098874779492211,1.84221457309982,0.0452266812951379,0.831703720316614,0.966177555530849,0.97957741407664,"cogn_se_lv"
"2928","FHIT","Exc L5/6 IT Car3",-0.00135304022181774,8.04736562852244,0.0082173179678059,0.927819730082588,0.991538479686899,0.995694376824212,"cogn_se_lv"
"2929","PTPRG","Exc L5/6 IT Car3",-0.00290986888027999,8.94485223917152,0.0488176894455286,0.825254179143626,0.964333940398275,0.978274930692417,"cogn_se_lv"
"2930","C3orf14","Exc L5/6 IT Car3",-0.0247443227962322,5.44214767836671,2.37026135110479,0.124512690829847,0.493611342154044,0.541871108171405,"cogn_se_lv"
"2931","CADPS","Exc L5/6 IT Car3",0.00593963740652838,11.0777844638343,0.357084916477831,0.550491616180037,0.837326148745876,0.882340054585635,"cogn_se_lv"
"2932","LINC00698","Exc L5/6 IT Car3",0.0863661638937261,4.75217357780759,3.87971700778899,0.0496109993580496,0.356516912015847,0.377557473815817,"cogn_se_lv"
"2933","SYNPR","Exc L5/6 IT Car3",-0.0129605137748661,10.6559402186327,0.866144185349665,0.35262583260383,0.71917725467439,0.776132011223826,"cogn_se_lv"
"2934","SYNPR-AS1","Exc L5/6 IT Car3",-0.0416822318358375,4.1689318603275,1.25503401978883,0.263312681218578,0.646414577423356,0.707309875738852,"cogn_se_lv"
"2935","C3orf49","Exc L5/6 IT Car3",-0.00892840931364984,2.18352063812781,0.0338801924880208,0.854061735910929,0.972881064401809,0.984396892151567,"cogn_se_lv"
"2936","THOC7","Exc L5/6 IT Car3",-0.0167431694490864,5.1727155454589,1.30289708401304,0.254415660637455,0.638028260962937,0.698935916359884,"cogn_se_lv"
"2937","ATXN7","Exc L5/6 IT Car3",-0.0116233692018481,4.44873899265521,0.490707120689267,0.484047970327866,0.802736924237929,0.851287336356031,"cogn_se_lv"
"2938","PSMD6-AS2","Exc L5/6 IT Car3",0.00181054410801505,3.45691092961672,0.00700076708293777,0.933363148090911,0.993118006714541,0.996453931668579,"cogn_se_lv"
"2939","PSMD6","Exc L5/6 IT Car3",-0.0366735356388978,4.03818026675719,3.09615653176083,0.0792956292721834,0.420663153470392,0.457472444848703,"cogn_se_lv"
"2940","AC092040.1","Exc L5/6 IT Car3",-0.0464174199516924,2.13088466418359,1.06687312505215,0.302320825220919,0.679575090045828,0.740542710904876,"cogn_se_lv"
"2941","PRICKLE2","Exc L5/6 IT Car3",-0.00626886660592033,8.19460459126915,0.195943157598913,0.658271653344443,0.890619845711734,0.927991585959522,"cogn_se_lv"
"2942","ADAMTS9","Exc L5/6 IT Car3",-0.0147029181152845,2.29492751454888,0.176793203558021,0.674385410193028,0.898907973572727,0.933955197934411,"cogn_se_lv"
"2943","ADAMTS9-AS2","Exc L5/6 IT Car3",-0.0171128591819263,2.19296448274875,0.104386762151513,0.746808255136378,0.93381370218954,0.958249633368732,"cogn_se_lv"
"2944","MAGI1","Exc L5/6 IT Car3",0.00191221648875001,9.88509950211762,0.0370724504259886,0.84742221128862,0.971096636763355,0.983016776045126,"cogn_se_lv"
"2945","MAGI1-AS1","Exc L5/6 IT Car3",-0.000872949668242836,2.53648373530473,0.00042803897990535,0.983504704464042,0.998390354534415,0.999870711362408,"cogn_se_lv"
"2946","SLC25A26","Exc L5/6 IT Car3",0.0158112278605487,6.3483950851299,2.58665592266682,0.10861217646159,0.471062624611416,0.513973163680002,"cogn_se_lv"
"2947","LRIG1","Exc L5/6 IT Car3",-0.0395321658335319,5.83121865242856,4.98962424999876,0.0260909021885627,0.292881755146068,0.290393916870553,"cogn_se_lv"
"2948","KBTBD8","Exc L5/6 IT Car3",-0.00283290190631026,2.73268593941007,0.0102889184696251,0.930940247925411,0.991825533857636,0.995936331723628,"cogn_se_lv"
"2949","SUCLG2","Exc L5/6 IT Car3",0.0464369143953723,3.06346592176876,2.09392201676099,0.148724337909618,0.527454151440312,0.579432652785037,"cogn_se_lv"
"2950","SUCLG2-AS1","Exc L5/6 IT Car3",0.0488540994955123,3.97919429143655,2.53577634920775,0.112137662801418,0.476642299946946,0.520515576600676,"cogn_se_lv"
"2951","FAM19A1","Exc L5/6 IT Car3",-0.00217286826584821,9.28309020643826,0.0149465962010232,0.902761783088719,0.987810604126722,0.992744989013678,"cogn_se_lv"
"2952","FAM19A4","Exc L5/6 IT Car3",0.0317426516093255,1.63679570856557,0.372133393941392,0.542214462358859,0.831782933056037,0.878809705054594,"cogn_se_lv"
"2953","EOGT","Exc L5/6 IT Car3",0.0255653271073819,3.49094133339053,1.42034195520594,0.319111329378103,0.693074140435931,0.753588062443187,"cogn_se_lv"
"2954","AC109587.1","Exc L5/6 IT Car3",0.00401291980667532,2.20482079076442,0.0100708613933691,0.920117360152695,0.990846634237573,0.994749897638703,"cogn_se_lv"
"2955","TMF1","Exc L5/6 IT Car3",-0.0202120784348266,5.39242266549753,2.6804089859717,0.102431458110515,0.461886944131504,0.502665212342663,"cogn_se_lv"
"2956","UBA3","Exc L5/6 IT Car3",-0.0141734219399122,6.13981835078518,1.69374859361653,0.193909365161121,0.582685161431792,0.635928409550118,"cogn_se_lv"
"2957","ARL6IP5","Exc L5/6 IT Car3",-0.0295774942594021,6.72763297655937,2.09175902647109,0.148933704142491,0.527888002476494,0.579720231558153,"cogn_se_lv"
"2958","LMOD3","Exc L5/6 IT Car3",-0.0406474709795588,2.88735952401559,1.62772847406544,0.202810007916875,0.589852164542185,0.645131655780025,"cogn_se_lv"
"2959","FRMD4B","Exc L5/6 IT Car3",0.00833184989387447,2.78211194255845,0.0503455077721195,0.822585786812016,0.963292897506995,0.97780584192757,"cogn_se_lv"
"2960","MITF","Exc L5/6 IT Car3",-0.0299606834258973,6.16138423311162,1.86826208552636,0.172496018437164,0.559088029557621,0.610833637024604,"cogn_se_lv"
"2961","SAMMSON","Exc L5/6 IT Car3",-0.0892139879188595,4.5843952223144,6.29096870853403,0.0125584609195552,0.222666720681974,0.212018973381487,"cogn_se_lv"
"2962","FOXP1","Exc L5/6 IT Car3",-0.00189530010391866,9.31712230931902,0.0453593836070942,0.831460711830476,0.966177555530849,0.979556835434487,"cogn_se_lv"
"2963","AC097634.3","Exc L5/6 IT Car3",0.0405811562310084,4.29256899542784,3.91197978865959,0.0486773519768049,0.354268643104519,0.374759903852285,"cogn_se_lv"
"2964","EIF4E3","Exc L5/6 IT Car3",0.0089115178662695,6.18835302350388,0.479615528650245,0.489026663946658,0.80544952462961,0.853863584262476,"cogn_se_lv"
"2965","GPR27","Exc L5/6 IT Car3",-0.0313780263693353,3.91568356273496,1.70607245294164,0.192299179254237,0.580063576778266,0.633904605526205,"cogn_se_lv"
"2966","LINC00877","Exc L5/6 IT Car3",0.0579752496070145,3.42645125131844,4.30460612425583,0.0386932739304476,0.327903038577323,0.342323536384591,"cogn_se_lv"
"2967","RYBP","Exc L5/6 IT Car3",-0.00502621156857711,7.06796425000265,0.167153602363357,0.682888192111268,0.901342133498492,0.93713492673815,"cogn_se_lv"
"2968","SHQ1","Exc L5/6 IT Car3",0.0166516009495118,4.6631114468204,1.23305535067206,0.267527694371922,0.650855450908402,0.711066188301725,"cogn_se_lv"
"2969","GXYLT2","Exc L5/6 IT Car3",-0.021026359316745,4.47762780765084,1.55423394965661,0.213292383590536,0.601203257043655,0.657216326331085,"cogn_se_lv"
"2970","PPP4R2","Exc L5/6 IT Car3",-0.0310585345915528,6.44028363803199,7.33786526655468,0.00706233358751801,0.178460645443228,0.163089308003358,"cogn_se_lv"
"2971","PDZRN3","Exc L5/6 IT Car3",0.00595300333304825,8.86910328271754,0.217875557622357,0.640935450512124,0.884107586310083,0.921497133331088,"cogn_se_lv"
"2972","CNTN3","Exc L5/6 IT Car3",0.0107075849965762,4.69527649776292,0.0862384805255434,0.769177784244443,0.942860274175954,0.964418127860612,"cogn_se_lv"
"2973","LINC02018","Exc L5/6 IT Car3",0.0567613357923831,4.68191468435143,5.90147241691928,0.0155988704293899,0.239826789119191,0.232614255111612,"cogn_se_lv"
"2974","ZNF717","Exc L5/6 IT Car3",0.0519498612546203,4.86078799636231,10.4834652961703,0.00131218302745542,0.0901540035381205,0.0734601651106742,"cogn_se_lv"
"2975","ROBO2","Exc L5/6 IT Car3",-0.0328003995318264,9.66358846742824,1.23526459540433,0.267100221201526,0.650217083880335,0.710708321225675,"cogn_se_lv"
"2976","ROBO1","Exc L5/6 IT Car3",-0.0175056720852294,8.72990667871526,0.884196919181857,0.34766219441558,0.715700650197033,0.772697473347681,"cogn_se_lv"
"2977","GBE1","Exc L5/6 IT Car3",0.0164813733517541,7.18482477180882,1.04485607712988,0.307356054635864,0.68313936200893,0.7443488410716,"cogn_se_lv"
"2978","LINC02008","Exc L5/6 IT Car3",0.0200002318186783,4.53507597370011,0.406455510532089,0.524164490560291,0.822318919244339,0.870367983119102,"cogn_se_lv"
"2979","LINC00971","Exc L5/6 IT Car3",0.0223027514408467,1.48715715791605,0.167257487520413,0.682795049066005,0.901342133498492,0.937092378207916,"cogn_se_lv"
"2980","CADM2","Exc L5/6 IT Car3",-0.0168899074902614,11.4490174965038,1.77034975499709,0.184150179598694,0.570694978659664,0.624744757531358,"cogn_se_lv"
"2981","CADM2-AS2","Exc L5/6 IT Car3",-0.0143374898005397,2.18403151495492,0.0961412084553933,0.756683270439028,0.937931341177242,0.961301395819314,"cogn_se_lv"
"2982","CADM2-AS1","Exc L5/6 IT Car3",0.0144841221861195,2.0934330624921,0.107812017840967,0.742832920446022,0.932461592238863,0.95710623731136,"cogn_se_lv"
"2983","AC107204.1","Exc L5/6 IT Car3",0.0280836090983961,4.44454278729514,1.59678717311879,0.20714687796346,0.594996351597173,0.650617015746956,"cogn_se_lv"
"2984","CHMP2B","Exc L5/6 IT Car3",-0.0316895362070007,4.18595547394897,4.10970734104238,0.0433471543331327,0.34043095975895,0.358699124945338,"cogn_se_lv"
"2985","CGGBP1","Exc L5/6 IT Car3",-0.025399544541271,5.70197439470611,2.67099365198169,0.103034346767433,0.462584975531369,0.503687331449907,"cogn_se_lv"
"2986","ZNF654","Exc L5/6 IT Car3",-0.00328669612208012,6.05329641331042,0.103146152106005,0.748265856032026,0.933897613787942,0.958630487516478,"cogn_se_lv"
"2987","C3orf38","Exc L5/6 IT Car3",0.0323175145441977,5.13085778692645,4.43732494052568,0.0358275751940677,0.317634449276949,0.331321374186363,"cogn_se_lv"
"2988","CSNKA2IP","Exc L5/6 IT Car3",0.110237086573864,3.69670016284007,7.9390285120275,0.00509506769561993,0.156261848273226,0.140151633363027,"cogn_se_lv"
"2989","EPHA3","Exc L5/6 IT Car3",0.0401072686880508,4.68648852463894,1.50453816524428,0.220746728659944,0.609161225403717,0.665694422132875,"cogn_se_lv"
"2990","PROS1","Exc L5/6 IT Car3",-0.0559420937282949,4.05282376668565,6.02102800888411,0.0145921198038855,0.234661668092596,0.22616841344495,"cogn_se_lv"
"2991","ARL13B","Exc L5/6 IT Car3",0.016083800777463,5.61997024074141,1.67091816971103,0.196934296461082,0.584763381151275,0.639005233237276,"cogn_se_lv"
"2992","DHFR2","Exc L5/6 IT Car3",0.011347895805758,2.39527468207526,0.109174080846566,0.93001741929758,0.991816455834028,0.995925713518617,"cogn_se_lv"
"2993","NSUN3","Exc L5/6 IT Car3",-0.00477029647651102,4.53722234260985,0.0515248881462256,0.820554914323157,0.962305885196478,0.977367457221313,"cogn_se_lv"
"2994","MTRNR2L12","Exc L5/6 IT Car3",-0.022976937677241,5.80364121958388,0.304180168339073,0.58160326730136,0.855233062269629,0.896853483610364,"cogn_se_lv"
"2995","EPHA6","Exc L5/6 IT Car3",-0.0806843312717891,3.91996512832745,3.79904498698345,0.05202971839589,0.361251645973003,0.385447529023382,"cogn_se_lv"
"2996","ARL6","Exc L5/6 IT Car3",-0.0241659277109643,5.18574326265888,4.24487402526115,0.0400608446775331,0.330776725437538,0.34704503806806,"cogn_se_lv"
"2997","CRYBG3","Exc L5/6 IT Car3",-0.0146342728901844,3.71005466758126,0.302659820165204,0.582548425617037,0.855397411530025,0.897089771791842,"cogn_se_lv"
"2998","RIOX2","Exc L5/6 IT Car3",-0.00729240213413574,4.30399009854476,0.240842188765873,0.681486408527376,0.900862474773406,0.936521775211,"cogn_se_lv"
"2999","CLDND1","Exc L5/6 IT Car3",-0.0394485109532308,4.37465448424306,4.69619034006768,0.0308607617510568,0.304222598957164,0.311048618834014,"cogn_se_lv"
"3000","CPOX","Exc L5/6 IT Car3",0.012574844883862,5.44245138026699,0.52441193261191,0.469418852250702,0.794147096420612,0.844759319558761,"cogn_se_lv"
"3001","ST3GAL6-AS1","Exc L5/6 IT Car3",0.061486622506912,2.78843800056368,3.08850002394345,0.0796663023304804,0.421472806072909,0.45821170804864,"cogn_se_lv"
"3002","ST3GAL6","Exc L5/6 IT Car3",0.0261924330588132,6.29785623745586,3.10765617501122,0.0787423995753159,0.420388545867537,0.456404050670367,"cogn_se_lv"
"3003","DCBLD2","Exc L5/6 IT Car3",0.0273228286818853,5.43569963268223,4.76177666017315,0.0297207593741556,0.303682524051711,0.306308760955021,"cogn_se_lv"
"3004","AC091212.1","Exc L5/6 IT Car3",0.0543407513944658,2.35835743437395,1.96732882932708,0.161561932082097,0.545290633800999,0.596766945141362,"cogn_se_lv"
"3005","COL8A1","Exc L5/6 IT Car3",0.0795221574394549,1.95879604772803,2.13917336121962,0.144419776423263,0.520632076517234,0.572872852713939,"cogn_se_lv"
"3006","CMSS1","Exc L5/6 IT Car3",0.00616828777450766,7.62278038832872,0.258021133579794,0.611782637030776,0.870531635923984,0.910047666726641,"cogn_se_lv"
"3007","FILIP1L","Exc L5/6 IT Car3",-8.68382473282435e-05,5.53050508602223,1.0537326145784e-05,0.997411703937529,0.999366489598402,0.999954262357359,"cogn_se_lv"
"3008","TBC1D23","Exc L5/6 IT Car3",0.0115546783898033,5.85698869203876,1.17364560731965,0.279351960951463,0.661216037994926,0.721133341660127,"cogn_se_lv"
"3009","NIT2","Exc L5/6 IT Car3",0.00393333970483291,4.05628885682759,0.0481356300880453,0.826459559346905,0.964853369680616,0.978581468319746,"cogn_se_lv"
"3010","TOMM70","Exc L5/6 IT Car3",0.0155897871480822,5.85028604208743,2.37858369611985,0.23797963794982,0.624685280902288,0.682940098335272,"cogn_se_lv"
"3011","LNP1","Exc L5/6 IT Car3",-0.00650290567917245,3.40938802423285,0.0766647243004434,0.782022309122461,0.949157991908097,0.968073350350409,"cogn_se_lv"
"3012","ADGRG7","Exc L5/6 IT Car3",-0.567340208047253,1.76342020982522,57.4588077693506,2.75317079979981e-13,4.23712986089191e-09,1.09895565644809e-08,"cogn_se_lv"
"3013","TFG","Exc L5/6 IT Car3",-0.00750087219512333,5.6581638867078,0.506497995592509,0.477102843487615,0.799031558211194,0.848140044388723,"cogn_se_lv"
"3014","ABI3BP","Exc L5/6 IT Car3",0.00291875863485411,1.88103133455439,0.00452918034374035,0.946379519362745,0.994804925328349,0.997627386018983,"cogn_se_lv"
"3015","IMPG2","Exc L5/6 IT Car3",-0.0669363564783586,2.78415051340309,3.99640765022038,0.0463211428357411,0.348810478806104,0.366928902050296,"cogn_se_lv"
"3016","SENP7","Exc L5/6 IT Car3",0.0321608463552885,5.75032208514586,5.48788953048573,0.0196727223822887,0.264884687194596,0.258281763217004,"cogn_se_lv"
"3017","TRMT10C","Exc L5/6 IT Car3",-0.0549534068433326,4.21099857976371,4.70987044728321,0.0306192553383148,0.304222598957164,0.309984911318715,"cogn_se_lv"
"3018","PCNP","Exc L5/6 IT Car3",-0.0129502796981732,6.11211918343186,1.73353519966644,0.188766990862613,0.575842217913898,0.630009318652164,"cogn_se_lv"
"3019","ZBTB11","Exc L5/6 IT Car3",-0.0114655731791053,5.35113502141145,0.753021674273769,0.38607816243647,0.74355436364626,0.799020848520567,"cogn_se_lv"
"3020","RPL24","Exc L5/6 IT Car3",-0.0231590785110714,5.30367495564919,0.439735037039614,0.507659220491306,0.816537950024118,0.862873677615864,"cogn_se_lv"
"3021","CEP97","Exc L5/6 IT Car3",-0.00732798142445069,5.21877144777226,0.327818822136348,0.567290597519171,0.846480734518135,0.88951336965728,"cogn_se_lv"
"3022","NXPE3","Exc L5/6 IT Car3",-0.0116905696818453,5.40784798764128,1.08611222405357,0.648542300067519,0.887048169040092,0.924279293398139,"cogn_se_lv"
"3023","NFKBIZ","Exc L5/6 IT Car3",-0.0219388574962131,4.65504642049351,1.94134073328911,0.164351248837461,0.548918508635315,0.600196259153651,"cogn_se_lv"
"3024","ZPLD1","Exc L5/6 IT Car3",0.115181339085471,1.756464137979,5.11723133260148,0.0242631801296665,0.287570640016026,0.282400089257224,"cogn_se_lv"
"3025","ALCAM","Exc L5/6 IT Car3",0.00640346647122684,6.91226630846465,0.0874306700706882,0.767633536282753,0.942621888086777,0.96401112743955,"cogn_se_lv"
"3026","CBLB","Exc L5/6 IT Car3",-0.00415485088704283,5.95090953388044,0.0894958529298134,0.764985367140222,0.941623994264417,0.96328819340412,"cogn_se_lv"
"3027","LINC00882","Exc L5/6 IT Car3",-0.0142711394671224,8.17699512801593,1.28764455198371,0.257209852322094,0.639795143306394,0.701584470946313,"cogn_se_lv"
"3028","DUBR","Exc L5/6 IT Car3",-0.00763764885373557,6.75660810761503,0.217296847403294,0.641378961310094,0.884299256484449,0.921672968668675,"cogn_se_lv"
"3029","AC063944.1","Exc L5/6 IT Car3",-0.024960771569457,3.98729783065376,0.535109117798801,0.464925245774656,0.79119444669795,0.842524502359018,"cogn_se_lv"
"3030","AC063944.3","Exc L5/6 IT Car3",-0.0241957320306148,2.86644224899438,0.634543478946581,0.426199419011955,0.770666174753535,0.82251829929132,"cogn_se_lv"
"3031","LINC01990","Exc L5/6 IT Car3",0.00538829189932748,2.25950623775994,0.0195907220334847,0.888761585274133,0.984472057540796,0.990249504502358,"cogn_se_lv"
"3032","BBX","Exc L5/6 IT Car3",0.00511975405484719,6.85175599226187,0.230379118603951,0.631523690327867,0.880486804890208,0.918342872557699,"cogn_se_lv"
"3033","LINC00636","Exc L5/6 IT Car3",-0.0316488401468278,2.10490955372672,0.487708576309604,0.48538561031458,0.803148537011223,0.85195843341893,"cogn_se_lv"
"3034","CD47","Exc L5/6 IT Car3",-0.00251583731238191,7.45936238471953,0.0756704891200666,0.783404741058602,0.949524736639513,0.968323843139622,"cogn_se_lv"
"3035","IFT57","Exc L5/6 IT Car3",-0.0287795212278841,6.0941486126903,4.71561600237376,0.0305184151517226,0.304222598957164,0.309624919164859,"cogn_se_lv"
"3036","MYH15","Exc L5/6 IT Car3",0.0672166872719537,2.31646294693467,2.41009802908804,0.121401320579612,0.491029257219508,0.537115397057835,"cogn_se_lv"
"3037","CIP2A","Exc L5/6 IT Car3",0.031687761250712,3.91826163748172,1.60433889946975,0.206078348491456,0.5939224313265,0.649236255594709,"cogn_se_lv"
"3038","DZIP3","Exc L5/6 IT Car3",-0.0139669295583749,7.56820281536263,3.02393993243573,0.0828674752039716,0.428394505673202,0.4653509140384,"cogn_se_lv"
"3039","NECTIN3-AS1","Exc L5/6 IT Car3",0.0449021761452692,2.35735910700899,0.965714324738953,0.32638717562926,0.699058794546427,0.758604577640334,"cogn_se_lv"
"3040","NECTIN3","Exc L5/6 IT Car3",0.0315802465058098,4.70342245830025,1.92212534431165,0.166449175140431,0.551949033093873,0.603048403265048,"cogn_se_lv"
"3041","CD96","Exc L5/6 IT Car3",0.0381332246129177,1.70767863291122,0.513932194034635,0.473889415287968,0.796544135133445,0.846668175170199,"cogn_se_lv"
"3042","PLCXD2","Exc L5/6 IT Car3",-0.030718641011328,2.85020116892895,1.15306035984824,0.283602341929162,0.663053492637873,0.72421841167594,"cogn_se_lv"
"3043","ABHD10","Exc L5/6 IT Car3",-0.000134368373749524,4.23887342953744,9.41881191390215e-05,0.992261786075281,0.999242764926216,0.999870711362408,"cogn_se_lv"
"3044","TAGLN3","Exc L5/6 IT Car3",-0.0697361554845402,7.35894683803075,5.40849317320484,0.0205736167403701,0.269700137678276,0.263925519439067,"cogn_se_lv"
"3045","TMPRSS7","Exc L5/6 IT Car3",-0.0658485552851955,2.77294475702631,2.67573115506312,0.102730506192711,0.462266540882911,0.503185596310628,"cogn_se_lv"
"3046","C3orf52","Exc L5/6 IT Car3",0.00962311454975438,2.55794740444061,0.0536712175147537,0.816920761546544,0.959947755253107,0.976966447490543,"cogn_se_lv"
"3047","SLC9C1","Exc L5/6 IT Car3",-0.0424523523548358,1.80730098155565,0.741723462713303,0.389661635780515,0.746621560596167,0.801068989109986,"cogn_se_lv"
"3048","CD200","Exc L5/6 IT Car3",-0.0164396441638084,6.3915969886258,2.25222091245938,0.134267247529786,0.505225657575403,0.55717000981107,"cogn_se_lv"
"3049","ATG3","Exc L5/6 IT Car3",-0.00558194763788809,3.76561162288339,0.0894381507262048,0.948014923015053,0.994804925328349,0.997804640603097,"cogn_se_lv"
"3050","SLC35A5","Exc L5/6 IT Car3",0.0102216464812812,4.24065393002647,0.345251035386816,0.992823203691937,0.999242764926216,0.999870711362408,"cogn_se_lv"
"3051","CD200R1","Exc L5/6 IT Car3",0.0422056713173262,2.71985572882806,1.45535719404501,0.228433500691928,0.617095238836013,0.674053886966067,"cogn_se_lv"
"3052","GTPBP8","Exc L5/6 IT Car3",-0.0261882138978066,3.88172132527083,2.26372121554285,0.133280227070283,0.504511652800281,0.556188248008113,"cogn_se_lv"
"3053","NEPRO","Exc L5/6 IT Car3",0.026339967214669,5.03636888917565,3.19303570727804,0.238926103260765,0.625336331463151,0.683850160458677,"cogn_se_lv"
"3054","AC078785.1","Exc L5/6 IT Car3",0.0165470006998865,4.60214284629842,0.723395280965384,0.395577100222813,0.751689291570452,0.805092832843725,"cogn_se_lv"
"3055","BOC","Exc L5/6 IT Car3",0.00684112355736295,1.90102746771615,0.0225488388969497,0.88071726611104,0.981479994601658,0.988923094115778,"cogn_se_lv"
"3056","CFAP44","Exc L5/6 IT Car3",-0.00989089301033955,6.05301943428496,0.516226219970469,0.472904925798917,0.795908671587733,0.846352100651155,"cogn_se_lv"
"3057","CFAP44-AS1","Exc L5/6 IT Car3",-0.0285502763879354,2.16866363060697,0.379248160357206,0.538380800830573,0.829209140364988,0.876926324964132,"cogn_se_lv"
"3058","SPICE1","Exc L5/6 IT Car3",0.0150358762091421,5.26108216192725,1.47878177954729,0.254988366975608,0.638695627780494,0.699305328203931,"cogn_se_lv"
"3059","SIDT1","Exc L5/6 IT Car3",-0.0244245105307529,7.29328745304767,2.37839302815668,0.123870436326203,0.492855743293762,0.540889696928208,"cogn_se_lv"
"3060","SIDT1-AS1","Exc L5/6 IT Car3",-0.0476212561753619,3.04571800555699,0.962057398836087,0.327303666559995,0.699805977821385,0.759131502289877,"cogn_se_lv"
"3061","USF3","Exc L5/6 IT Car3",-0.0184163955673193,5.27637774526997,2.36703670414154,0.124768406321821,0.493718520219812,0.542157163808166,"cogn_se_lv"
"3062","NAA50","Exc L5/6 IT Car3",-0.0121082923928747,5.74068365979723,0.938763558250854,0.333222719035368,0.703084404435743,0.76283799493747,"cogn_se_lv"
"3063","ATP6V1A","Exc L5/6 IT Car3",0.00431847442500881,7.11091871974212,0.250070397100775,0.617319866931835,0.873423500115388,0.91208270313534,"cogn_se_lv"
"3064","GRAMD1C","Exc L5/6 IT Car3",0.0119373753074674,5.09451440973671,0.646122093853372,0.422013595536904,0.769069181209348,0.82009840863266,"cogn_se_lv"
"3065","ZDHHC23","Exc L5/6 IT Car3",0.0386278406856772,5.39718239090978,5.09596094961871,0.0245583078703838,0.288286016003756,0.283779624709323,"cogn_se_lv"
"3066","CCDC191","Exc L5/6 IT Car3",0.0191198080900941,5.15099611375502,1.51716334310974,0.218823827150033,0.607230201918322,0.663656515681637,"cogn_se_lv"
"3067","QTRT2","Exc L5/6 IT Car3",0.0460550295967504,4.72537625322038,5.36478762683864,0.0210877293148936,0.273598817644315,0.267153116710171,"cogn_se_lv"
"3068","DRD3","Exc L5/6 IT Car3",0.012063504911979,1.21871054504634,0.0412631671153016,0.839141352859925,0.968312620567912,0.981215778889292,"cogn_se_lv"
"3069","ZBTB20","Exc L5/6 IT Car3",0.0471569922236421,6.02979471223714,7.46324966611144,0.00659593225429313,0.174078706198328,0.15869995892849,"cogn_se_lv"
"3070","AC046136.1","Exc L5/6 IT Car3",0.0316107517743438,1.4918909881418,0.30440650497876,0.581462823739458,0.855233062269629,0.896761030551261,"cogn_se_lv"
"3071","GAP43","Exc L5/6 IT Car3",-0.00163005135483834,7.49691263178379,0.0103506986411625,0.919018904093395,0.990554792676028,0.994640339049422,"cogn_se_lv"
"3072","LSAMP","Exc L5/6 IT Car3",-0.0129432765228051,12.7585745050353,1.44628527960613,0.229886413797484,0.619071574163407,0.675893071297523,"cogn_se_lv"
"3073","LSAMP-AS1","Exc L5/6 IT Car3",0.0201449226850192,5.70155346971264,0.0925722267015202,0.761101584547069,0.940466406548739,0.96220048648941,"cogn_se_lv"
"3074","LINC00903","Exc L5/6 IT Car3",-0.0108971067307402,4.58930273739171,0.0576123472998994,0.810441931878662,0.958714754943748,0.975710622940347,"cogn_se_lv"
"3075","TUSC7","Exc L5/6 IT Car3",0.0151123797328284,2.12016263026875,0.0949905226290587,0.758097833247505,0.938626359909824,0.961680325173439,"cogn_se_lv"
"3076","LINC00901","Exc L5/6 IT Car3",-0.0300324658964102,2.15534406138599,0.617799736076166,0.43236422190997,0.77353077346411,0.825444041253485,"cogn_se_lv"
"3077","AC092691.1","Exc L5/6 IT Car3",-0.0171678096093883,11.2123427067124,2.12733687223008,0.145531951864024,0.521901998045293,0.574710154063172,"cogn_se_lv"
"3078","AC068633.1","Exc L5/6 IT Car3",0.0649941822991384,3.98002502768744,5.2751827589536,0.0221839684338177,0.276758359969523,0.272125164107028,"cogn_se_lv"
"3079","IGSF11","Exc L5/6 IT Car3",-0.0173387042353774,5.25982682934728,0.731918106757953,0.3928103782714,0.749764569217021,0.803346244837494,"cogn_se_lv"
"3080","B4GALT4","Exc L5/6 IT Car3",0.0174190729355761,3.76754557906569,0.75867722661355,0.384302033318959,0.742172676735286,0.798070450914459,"cogn_se_lv"
"3081","B4GALT4-AS1","Exc L5/6 IT Car3",0.0297796612347168,2.03278545653321,0.45830161361544,0.498837653885723,0.811678136349571,0.858439067714024,"cogn_se_lv"
"3082","TMEM39A","Exc L5/6 IT Car3",0.0147140976993721,3.68625580594729,0.547641189967781,0.819834460248669,0.96194556303092,0.977272530378982,"cogn_se_lv"
"3083","POGLUT1","Exc L5/6 IT Car3",0.0101794189113197,4.70270826796258,0.396136014488659,0.529476159442043,0.82568662529394,0.872801350708046,"cogn_se_lv"
"3084","TIMMDC1","Exc L5/6 IT Car3",0.0314349349061873,4.62637250801916,4.48647844832048,0.0348236459883685,0.314897934852847,0.3275517995299,"cogn_se_lv"
"3085","COX17","Exc L5/6 IT Car3",-0.0305051837672145,3.17120298879006,1.02575636293943,0.311812797794771,0.687065123127142,0.748500729885301,"cogn_se_lv"
"3086","MAATS1","Exc L5/6 IT Car3",0.014545000539836,4.92676197434148,0.749674557628222,0.387134845308713,0.744564517533253,0.799555992519047,"cogn_se_lv"
"3087","GSK3B","Exc L5/6 IT Car3",-0.00637461717312575,7.61577475906654,0.515731826893059,0.473116815629483,0.795908671587733,0.846385562994335,"cogn_se_lv"
"3088","AC092910.3","Exc L5/6 IT Car3",0.000332073433235599,4.22326953944111,0.000265161111077886,0.987016697488369,0.998407505464475,0.999870711362408,"cogn_se_lv"
"3089","GPR156","Exc L5/6 IT Car3",0.0938838725612589,1.87965683346293,3.06299112270793,0.0809148520811796,0.423997130925895,0.460972214405731,"cogn_se_lv"
"3090","LRRC58","Exc L5/6 IT Car3",-0.00228075952326683,5.23440213166989,0.037716705461163,0.850950841902543,0.971725362044465,0.983606453948393,"cogn_se_lv"
"3091","FSTL1","Exc L5/6 IT Car3",0.0217212098453776,1.85184886518889,0.228956363949673,0.632578587957415,0.881110007119615,0.918750024266208,"cogn_se_lv"
"3092","NDUFB4","Exc L5/6 IT Car3",-0.0436230742744677,4.78172689672309,2.76627816927101,0.0971081955759072,0.451509102692813,0.492396325363024,"cogn_se_lv"
"3093","RABL3","Exc L5/6 IT Car3",0.0258301706238303,3.74081834699785,1.72150624230796,0.190304700921084,0.578059906526485,0.63173585024528,"cogn_se_lv"
"3094","GTF2E1","Exc L5/6 IT Car3",0.017911989256,2.73398880156735,0.412102932842818,0.52129767048891,0.821111921207373,0.869010372818925,"cogn_se_lv"
"3095","STXBP5L","Exc L5/6 IT Car3",0.0135781254244118,9.76934465579153,1.77393694022578,0.183707397287304,0.5701580754082,0.624123116322769,"cogn_se_lv"
"3096","POLQ","Exc L5/6 IT Car3",0.0504393800078868,3.17984978172181,3.56119815571762,0.0599199059512348,0.381218417771601,0.408871667778703,"cogn_se_lv"
"3097","FBXO40","Exc L5/6 IT Car3",0.017279568321426,4.45612441512564,0.574687541253155,0.448880028358854,0.782491340544074,0.834200217896007,"cogn_se_lv"
"3098","HCLS1","Exc L5/6 IT Car3",0.10188080297264,2.04253058615205,5.39631142896569,0.0207155885530952,0.270869080571058,0.264659159079915,"cogn_se_lv"
"3099","GOLGB1","Exc L5/6 IT Car3",-0.0138356368127189,7.27207455306958,1.77733218254663,0.183289448276356,0.570093898337331,0.623922516794938,"cogn_se_lv"
"3100","IQCB1","Exc L5/6 IT Car3",0.00368216159173564,6.73765699285657,0.0875447032425071,0.767486430091458,0.942591665398415,0.963985469348668,"cogn_se_lv"
"3101","EAF2","Exc L5/6 IT Car3",0.0675110126381547,4.80946830370389,9.46737438581423,0.00224578424639724,0.110423704639148,0.0939322989652728,"cogn_se_lv"
"3102","SLC15A2","Exc L5/6 IT Car3",0.0852706460568741,4.78708449275661,12.8808393363573,0.000376184719970068,0.0530679183971385,0.037594093102294,"cogn_se_lv"
"3103","CCDC58","Exc L5/6 IT Car3",0.011497330757115,3.52869667061427,0.33151095404981,0.766376812893412,0.942146573736388,0.963684686067599,"cogn_se_lv"
"3104","FAM162A","Exc L5/6 IT Car3",0.00852752901345478,5.65229059411425,0.579771889360564,0.753958655308663,0.936590822923587,0.96036970408283,"cogn_se_lv"
"3105","AC083798.2","Exc L5/6 IT Car3",0.0140939311889006,3.45485879309695,0.372658408102817,0.61901325554712,0.873641849271671,0.912741488148277,"cogn_se_lv"
"3106","KPNA1","Exc L5/6 IT Car3",0.00237903152770618,6.66098736725305,0.0604566696464806,0.805910602121652,0.956354177213454,0.974332906904194,"cogn_se_lv"
"3107","PARP14","Exc L5/6 IT Car3",0.0244622486270115,1.38873805158416,0.113926316854576,0.735907127121238,0.928633214693002,0.955070572548895,"cogn_se_lv"
"3108","HSPBAP1","Exc L5/6 IT Car3",0.0152494790895186,4.57213353541051,0.815542224897203,0.367068519622349,0.728957169574788,0.78597302532069,"cogn_se_lv"
"3109","DIRC2","Exc L5/6 IT Car3",0.0237077772958906,5.13852362184238,2.49264655349136,0.115225350178648,0.482155748717542,0.525828977873094,"cogn_se_lv"
"3110","LINC02035","Exc L5/6 IT Car3",0.0258477441897542,2.83713608250376,0.956279049962631,0.346020030945438,0.715220375243748,0.771634968666444,"cogn_se_lv"
"3111","SEMA5B","Exc L5/6 IT Car3",0.0445375101443489,4.39586669711555,3.12186813793101,0.078064443265455,0.420387560324412,0.455021718076192,"cogn_se_lv"
"3112","PDIA5","Exc L5/6 IT Car3",0.0331023260662403,4.91805597772319,2.37932707976687,0.123796899928705,0.492855743293762,0.540818349695916,"cogn_se_lv"
"3113","SEC22A","Exc L5/6 IT Car3",0.0136296900741854,5.97828014704701,1.29075875184444,0.256636273510564,0.639571989246947,0.700968569481369,"cogn_se_lv"
"3114","ADCY5","Exc L5/6 IT Car3",0.0113305347976111,6.4426740781828,0.616372958914759,0.432895786965419,0.77353077346411,0.825660702591859,"cogn_se_lv"
"3115","HACD2","Exc L5/6 IT Car3",0.0102724511425084,5.44743927386908,0.879510032681669,0.728332442481006,0.924999994394571,0.952928309427537,"cogn_se_lv"
"3116","MYLK-AS1","Exc L5/6 IT Car3",0.0129192814987923,4.03120249797384,0.454018128472169,0.500849531298862,0.813173782750236,0.859534369118423,"cogn_se_lv"
"3117","MYLK","Exc L5/6 IT Car3",-0.0663038086661887,4.56163248568293,4.68562452255716,0.0310486540384036,0.304222598957164,0.311861619173859,"cogn_se_lv"
"3118","CCDC14","Exc L5/6 IT Car3",0.0247123724614629,6.0944029517035,4.5845883314776,0.0329071090475894,0.309560151737409,0.319980551703674,"cogn_se_lv"
"3119","KALRN","Exc L5/6 IT Car3",0.0213070253291031,11.0614400111783,4.45236781670757,0.0355171441838077,0.316846474760131,0.330371380605515,"cogn_se_lv"
"3120","UMPS","Exc L5/6 IT Car3",0.0111195153613005,4.06922472414813,0.445080482299497,0.505092213874565,0.815245849137866,0.861783846919775,"cogn_se_lv"
"3121","SLC12A8","Exc L5/6 IT Car3",-0.0171487046297247,3.8405749253029,0.427007889402133,0.513862676210659,0.818677978297294,0.866108487773539,"cogn_se_lv"
"3122","ZNF148","Exc L5/6 IT Car3",0.00421225630229851,7.38158920219824,0.185331631020777,0.667078991706738,0.895220332863334,0.931204142385122,"cogn_se_lv"
"3123","SNX4","Exc L5/6 IT Car3",-0.000593518099766644,5.73340215014981,0.00297120526507853,0.956558957588789,0.996920944446838,0.99851955510395,"cogn_se_lv"
"3124","OSBPL11","Exc L5/6 IT Car3",0.0264352792300648,4.4746492495356,3.08613298737686,0.0797812762308725,0.421639833658215,0.458560442838366,"cogn_se_lv"
"3125","AC092902.3","Exc L5/6 IT Car3",-0.0168036797920015,5.82519118685543,0.551214387023999,0.45828835755514,0.788028655907772,0.839386880399401,"cogn_se_lv"
"3126","AC092903.2","Exc L5/6 IT Car3",0.00602373903798868,1.78650283531,0.0182463092158023,0.892622223235434,0.9857013440361,0.990881451573425,"cogn_se_lv"
"3127","ALG1L","Exc L5/6 IT Car3",0.0369384430423242,1.53932701897202,0.474207015771984,0.491485389859136,0.80748971137408,0.855218002046729,"cogn_se_lv"
"3128","SLC41A3","Exc L5/6 IT Car3",-0.00772283697704952,4.92426243567657,0.335145790534329,0.562993443775501,0.844122647356177,0.888098573416966,"cogn_se_lv"
"3129","AC079848.1","Exc L5/6 IT Car3",0.0239853002982564,1.90773698086386,0.342179986950355,0.558926628164483,0.841918450372065,0.886342508427294,"cogn_se_lv"
"3130","CFAP100","Exc L5/6 IT Car3",0.0348635601290936,2.29896449747696,0.798579360802912,0.372093629579861,0.732849002408768,0.789326270237896,"cogn_se_lv"
"3131","ZXDC","Exc L5/6 IT Car3",0.0195237634852009,6.4150260120642,3.23014401984018,0.073101631157285,0.412732658561907,0.443187607397692,"cogn_se_lv"
"3132","TXNRD3NB","Exc L5/6 IT Car3",0.0674355332442916,3.88869566000038,8.73271486095673,0.00332361223995588,0.131830908177631,0.113941001577508,"cogn_se_lv"
"3133","TXNRD3","Exc L5/6 IT Car3",0.0139579954544398,3.50890400366704,0.358154044931541,0.549895799985324,0.837051948259007,0.882023183789327,"cogn_se_lv"
"3134","CHCHD6","Exc L5/6 IT Car3",0.0040466757441366,6.25891882836471,0.135209547268047,0.713298777577535,0.917686213121132,0.947835045446356,"cogn_se_lv"
"3135","PLXNA1","Exc L5/6 IT Car3",0.00140979023783559,4.47798594916216,0.00485634249598133,0.944479697904244,0.994804925328349,0.997626386519645,"cogn_se_lv"
"3136","LINC01471","Exc L5/6 IT Car3",0.0759717221563508,2.02504022483499,2.4225635005002,0.120445576429135,0.489867183204121,0.535581457000277,"cogn_se_lv"
"3137","TPRA1","Exc L5/6 IT Car3",-0.0192670815926501,3.92879285203987,1.39917050935253,0.237614549398225,0.624585628870244,0.682559720328606,"cogn_se_lv"
"3138","PODXL2","Exc L5/6 IT Car3",-0.000374981271908791,5.19192940815217,0.00049352939874627,0.982287894025616,0.998390354534415,0.999870711362408,"cogn_se_lv"
"3139","ABTB1","Exc L5/6 IT Car3",0.0122370651610992,4.94399906110374,0.456371982698932,0.499742264572,0.811975660025664,0.8589385903274,"cogn_se_lv"
"3140","MGLL","Exc L5/6 IT Car3",0.0437336368417933,5.9215671871603,7.7205259042825,0.00573528264775416,0.163835011002822,0.148926514650673,"cogn_se_lv"
"3141","KBTBD12","Exc L5/6 IT Car3",0.0387170139681681,5.34589691382901,5.06364421286245,0.0250138870122513,0.289218833855176,0.285680776532481,"cogn_se_lv"
"3142","SEC61A1","Exc L5/6 IT Car3",-0.0308912951821502,4.58557648295366,4.59565760086676,0.0326979312286059,0.309560151737409,0.319163847423782,"cogn_se_lv"
"3143","RUVBL1","Exc L5/6 IT Car3",0.00427327886598388,4.51143506912373,0.0695017533866939,0.79220893046405,0.95191251091831,0.970883856414756,"cogn_se_lv"
"3144","EEFSEC","Exc L5/6 IT Car3",0.0183344342377716,5.33662042055039,1.44952693089849,0.229365968890854,0.618392487775345,0.675294995450277,"cogn_se_lv"
"3145","RPN1","Exc L5/6 IT Car3",-0.0208232586298196,4.9465997353908,1.19235461489186,0.275558638846999,0.65788752560578,0.718035207472152,"cogn_se_lv"
"3146","RAB7A","Exc L5/6 IT Car3",-0.00276376999144791,6.73450280259314,0.10579670930874,0.834275819776234,0.966563259257668,0.980242942891289,"cogn_se_lv"
"3147","ACAD9","Exc L5/6 IT Car3",0.0185404833139804,4.9167749174045,2.33969646772528,0.126960187454549,0.497058895267095,0.545838097415263,"cogn_se_lv"
"3148","KIAA1257","Exc L5/6 IT Car3",-0.00698355048287067,4.77972258175953,0.164867968739738,0.684946089077794,0.901848749589734,0.937820022915245,"cogn_se_lv"
"3149","ISY1-RAB43","Exc L5/6 IT Car3",0.0176860967489523,2.35261480254503,0.219202954131654,0.639920867120695,0.883659232390085,0.921057778477216,"cogn_se_lv"
"3150","AC108673.3","Exc L5/6 IT Car3",-0.0313542698062324,2.77362716403106,1.1366954566815,0.287040043492701,0.666900101049618,0.727490499664832,"cogn_se_lv"
"3151","CNBP","Exc L5/6 IT Car3",-0.0380577617365157,5.44894667547113,6.16566315192592,0.0134633563015717,0.227194137589023,0.218221894633833,"cogn_se_lv"
"3152","COPG1","Exc L5/6 IT Car3",0.0149593321099911,4.60198841187601,0.914477936477406,0.339547327098977,0.709568293748349,0.767041697173089,"cogn_se_lv"
"3153","HMCES","Exc L5/6 IT Car3",-0.0223308702325682,4.84988417491108,2.04836344939399,0.153205680721734,0.53406043585555,0.585425804297216,"cogn_se_lv"
"3154","H1FX","Exc L5/6 IT Car3",-0.0292111274835092,5.12037724926226,1.10235607481347,0.294428173064743,0.672691446476603,0.733281551339312,"cogn_se_lv"
"3155","H1FX-AS1","Exc L5/6 IT Car3",0.013114062285523,2.54885127380333,0.184525601102792,0.74416141021892,0.933022991340091,0.957494832567645,"cogn_se_lv"
"3156","EFCAB12","Exc L5/6 IT Car3",-0.0253403610098474,2.57640182305657,0.632218101426259,0.455369381665437,0.786105976873929,0.837658057825266,"cogn_se_lv"
"3157","MBD4","Exc L5/6 IT Car3",-0.0162215006573391,4.99298349263558,1.31940015749501,0.251434474573497,0.63477305834746,0.696108373089198,"cogn_se_lv"
"3158","IFT122","Exc L5/6 IT Car3",0.0219147163375013,5.76714256658738,3.5194553447653,0.0614317005688186,0.385168789389364,0.413067734275641,"cogn_se_lv"
"3159","PLXND1","Exc L5/6 IT Car3",0.0365816068391872,3.11048674507692,1.37392817631211,0.241884870067385,0.627018384762854,0.686237270380127,"cogn_se_lv"
"3160","TMCC1","Exc L5/6 IT Car3",0.0172157992137901,7.72846101287954,2.66211951495388,0.103606151531361,0.462971192999255,0.50460728540882,"cogn_se_lv"
"3161","TMCC1-AS1","Exc L5/6 IT Car3",0.00983177448363971,3.72363136553495,0.255065276483074,0.613828550545701,0.87215851620862,0.910974881899993,"cogn_se_lv"
"3162","ALG1L2","Exc L5/6 IT Car3",0.0286639462932906,2.15440979866522,0.598593788350532,0.439604243786904,0.776403982764389,0.829552286315267,"cogn_se_lv"
"3163","LINC02021","Exc L5/6 IT Car3",0.0460499349391289,2.63832457323729,2.48183381998657,0.11601411763262,0.484257464162199,0.527393265967843,"cogn_se_lv"
"3164","COL6A6","Exc L5/6 IT Car3",0.00174828145746102,2.16625223005451,0.00214241525743892,0.963106839103866,0.997322988413974,0.998857786709131,"cogn_se_lv"
"3165","PIK3R4","Exc L5/6 IT Car3",0.00477553755244967,5.13146361499278,0.160236026511654,0.785386988420102,0.949909114543309,0.968763414976467,"cogn_se_lv"
"3166","ATP2C1","Exc L5/6 IT Car3",-0.00194321868249089,7.26250941202533,0.0319035714988658,0.858336257301856,0.973716475920048,0.985156698229816,"cogn_se_lv"
"3167","AC055733.2","Exc L5/6 IT Car3",0.00932099368032247,2.05546586192562,0.0353513269539754,0.85096343527087,0.971725362044465,0.983610918602118,"cogn_se_lv"
"3168","ASTE1","Exc L5/6 IT Car3",0.0255864799191752,3.45163464797723,1.05934646992843,0.304030027184033,0.68095225306377,0.741894477517852,"cogn_se_lv"
"3169","NEK11","Exc L5/6 IT Car3",-0.0022964840408879,6.38728965162026,0.0301648666078063,0.862210722244287,0.974904343203261,0.98612499885412,"cogn_se_lv"
"3170","NUDT16","Exc L5/6 IT Car3",0.0010798741734373,3.85327564445421,0.00338341154328688,0.953646618682164,0.996776168030349,0.99825732469581,"cogn_se_lv"
"3171","MRPL3","Exc L5/6 IT Car3",-0.0102071273169209,5.35961861399281,0.886446517132043,0.34705034807621,0.715260611242374,0.77221863494289,"cogn_se_lv"
"3172","CPNE4","Exc L5/6 IT Car3",-0.00445156682021405,9.51851644609704,0.0729317571927721,0.787264097433358,0.950203089843739,0.969261704239534,"cogn_se_lv"
"3173","DNAJC13","Exc L5/6 IT Car3",0.00584124536429488,6.01286809877393,0.209697318207639,0.647270911206735,0.886522807717282,0.923835419953433,"cogn_se_lv"
"3174","ACKR4","Exc L5/6 IT Car3",-0.031166381892171,1.59400128300598,0.404531283487104,0.525147697180059,0.822849018489219,0.870691478618377,"cogn_se_lv"
"3175","UBA5","Exc L5/6 IT Car3",-0.00894045258393395,5.50141541463477,0.357505729102402,0.550256956500089,0.837051948259007,0.882170509248416,"cogn_se_lv"
"3176","NPHP3-AS1","Exc L5/6 IT Car3",0.0601041451365274,2.78763838816701,2.95197953781872,0.0866008029124135,0.434373509228393,0.472988503861149,"cogn_se_lv"
"3177","TMEM108","Exc L5/6 IT Car3",-0.027158634314399,5.72530560555136,1.37134167150318,0.242327704546073,0.627321004703795,0.68667639944114,"cogn_se_lv"
"3178","CDV3","Exc L5/6 IT Car3",-0.0311670625276597,4.43101435138841,2.75236899496788,0.0979494855792505,0.453431099232132,0.493952476894401,"cogn_se_lv"
"3179","TOPBP1","Exc L5/6 IT Car3",0.0227953909131159,4.98206853168422,2.43535879151871,0.119473234933004,0.48966526913953,0.534095888971578,"cogn_se_lv"
"3180","TF","Exc L5/6 IT Car3",0.00400295210977097,4.41236502229791,0.0436595716379383,0.834602118376887,0.966563259257668,0.980242942891289,"cogn_se_lv"
"3181","SRPRB","Exc L5/6 IT Car3",-0.0150483553377213,4.13202555169903,0.907169594970206,0.341482197818856,0.71076035678324,0.768212361007689,"cogn_se_lv"
"3182","RAB6B","Exc L5/6 IT Car3",-0.0153403085950713,7.3887660310424,1.1861001511716,0.27681948070243,0.659583806782846,0.719198524118692,"cogn_se_lv"
"3183","SLCO2A1","Exc L5/6 IT Car3",0.0977089919272561,5.83254758575858,6.98406032979809,0.0085697870788946,0.193669637509821,0.178567136713767,"cogn_se_lv"
"3184","RYK","Exc L5/6 IT Car3",0.0318498024559511,7.29123697397131,5.52916973642647,0.019220610617583,0.262471337537358,0.255531764791913,"cogn_se_lv"
"3185","AMOTL2","Exc L5/6 IT Car3",-0.0194508144234155,3.31282407520993,0.61480288357371,0.433481890618058,0.77353077346411,0.825964889376113,"cogn_se_lv"
"3186","ANAPC13","Exc L5/6 IT Car3",-0.0472820255884877,3.37142090045189,3.06936635788417,0.080600839268846,0.423267608536463,0.460510580559357,"cogn_se_lv"
"3187","CEP63","Exc L5/6 IT Car3",-0.00998373647125216,6.68300881195128,1.1127237890677,0.292172172520678,0.671495181127607,0.731502505070274,"cogn_se_lv"
"3188","EPHB1","Exc L5/6 IT Car3",0.0201622816090252,6.03948986584376,1.35182490334907,0.245701322220098,0.63060160275998,0.690220833943507,"cogn_se_lv"
"3189","KY","Exc L5/6 IT Car3",0.0218735386541574,3.33597985440769,0.893309162502103,0.478621581372058,0.799764009145411,0.848857019892789,"cogn_se_lv"
"3190","PPP2R3A","Exc L5/6 IT Car3",-0.0529640674610008,5.58706025908628,8.26972791196911,0.00426210736325553,0.144284716019211,0.12807498934382,"cogn_se_lv"
"3191","MSL2","Exc L5/6 IT Car3",0.00833761795230361,5.07195371505772,0.343258890705757,0.558307832197067,0.841388562360529,0.886097835217323,"cogn_se_lv"
"3192","PCCB","Exc L5/6 IT Car3",0.0126232138612473,5.14750959803489,1.04478805718677,0.349007948724574,0.716642072164268,0.773543419039576,"cogn_se_lv"
"3193","STAG1","Exc L5/6 IT Car3",-0.0318049237551573,7.52550298761485,6.77856572010686,0.00959357163368589,0.202809158574761,0.187907566570609,"cogn_se_lv"
"3194","SLC35G2","Exc L5/6 IT Car3",0.0151611910536691,4.93721530995438,1.2104310399388,0.271955019855282,0.654140261900851,0.714732458028934,"cogn_se_lv"
"3195","NCK1-DT","Exc L5/6 IT Car3",-0.0448001160957089,1.92681836187007,1.14804486471658,0.284650333029808,0.664054665049074,0.725211772560024,"cogn_se_lv"
"3196","NCK1","Exc L5/6 IT Car3",0.0150118470490275,4.45141506985114,0.78458258163817,0.376312925580095,0.736147859211419,0.792383785217134,"cogn_se_lv"
"3197","IL20RB","Exc L5/6 IT Car3",0.0123756309946506,2.23191968067953,0.125355436833203,0.872704555648701,0.979399269228273,0.987868387064639,"cogn_se_lv"
"3198","IL20RB-AS1","Exc L5/6 IT Car3",0.0356038923425652,1.33187591164548,0.414365105971889,0.520157092971151,0.820971047083305,0.868614198337964,"cogn_se_lv"
"3199","DZIP1L","Exc L5/6 IT Car3",-0.0101712733888004,4.16266388895012,0.245097688483274,0.620839273774029,0.874351255682403,0.913592511079948,"cogn_se_lv"
"3200","DBR1","Exc L5/6 IT Car3",-0.042528242345615,3.44283018547247,4.15310662778028,0.0422620313177733,0.336333020566854,0.354832608183215,"cogn_se_lv"
"3201","ARMC8","Exc L5/6 IT Car3",0.0088909349615962,7.08907702850196,1.06277083176467,0.674724203343847,0.899144173196721,0.934127562028358,"cogn_se_lv"
"3202","NME9","Exc L5/6 IT Car3",0.00705136777674864,5.62803586944269,0.188193043784419,0.664675150961882,0.894392459206191,0.930333313004927,"cogn_se_lv"
"3203","MRAS","Exc L5/6 IT Car3",0.0185473862058046,6.06410398045562,2.46971449502357,0.116905318477435,0.485213821835956,0.528994712671902,"cogn_se_lv"
"3204","ESYT3","Exc L5/6 IT Car3",-0.0049173035648872,4.20471598088779,0.07196961358041,0.995587058014483,0.999242764926216,0.999870711362408,"cogn_se_lv"
"3205","CEP70","Exc L5/6 IT Car3",0.00911375781508719,7.0190416117939,0.485072430846799,0.486566650720182,0.803817941010981,0.852628720911906,"cogn_se_lv"
"3206","FAIM","Exc L5/6 IT Car3",0.0282343202877689,3.63833487107767,1.95480397408177,0.25442361517411,0.638028260962937,0.698935916359884,"cogn_se_lv"
"3207","PIK3CB","Exc L5/6 IT Car3",-0.00949384701573838,7.52677309009264,1.14017408811453,0.286304884265324,0.666409097704126,0.726979251850372,"cogn_se_lv"
"3208","MRPS22","Exc L5/6 IT Car3",-0.011244578491381,3.51637224861585,0.25305148997956,0.746014339659197,0.933596030449178,0.958048797685987,"cogn_se_lv"
"3209","COPB2","Exc L5/6 IT Car3",-0.0026430896296191,5.39466506760904,0.0464904271215201,0.829404420523569,0.9655472036201,0.979057613548917,"cogn_se_lv"
"3210","AC097103.2","Exc L5/6 IT Car3",0.0627330970335974,6.46310129292899,15.8185019345915,8.37277187176597e-05,0.0277867653270025,0.0164703236865833,"cogn_se_lv"
"3211","NMNAT3","Exc L5/6 IT Car3",0.0293826119048562,6.16114353158872,3.17691539328562,0.0754974194995395,0.415938098540445,0.448768361626825,"cogn_se_lv"
"3212","CLSTN2","Exc L5/6 IT Car3",0.00123425223300625,10.1550958816765,0.00746057591792913,0.93121488054275,0.991898173360915,0.995965313439199,"cogn_se_lv"
"3213","SLC25A36","Exc L5/6 IT Car3",0.0016775319398863,6.4934520074642,0.0361052249662357,0.849401533990883,0.971266077161033,0.98320800719379,"cogn_se_lv"
"3214","PXYLP1","Exc L5/6 IT Car3",-0.0270417956530558,6.78812028029639,3.46258919717047,0.0635571829688464,0.388692667696058,0.419044068123931,"cogn_se_lv"
"3215","AC117383.1","Exc L5/6 IT Car3",0.0205881480553891,3.93313456904778,0.371110884672646,0.542769552657543,0.831994364083624,0.8790414851958,"cogn_se_lv"
"3216","ZBTB38","Exc L5/6 IT Car3",-0.0234883898416535,7.12229384351645,7.34954126174505,0.0070175072752769,0.178460645443228,0.162776576804747,"cogn_se_lv"
"3217","RASA2","Exc L5/6 IT Car3",0.00793324296726295,8.10479373572128,0.61965491142088,0.431674535070982,0.773515637015884,0.825145510310571,"cogn_se_lv"
"3218","RNF7","Exc L5/6 IT Car3",-0.0324453004140372,4.52010541952376,1.70962694428972,0.191837678733957,0.579302759545118,0.633330697055294,"cogn_se_lv"
"3219","GRK7","Exc L5/6 IT Car3",0.0525062457840925,1.68607803615164,0.85032144498085,0.357056403459859,0.72215560740022,0.779422363786896,"cogn_se_lv"
"3220","ATP1B3","Exc L5/6 IT Car3",-0.0476609653420604,6.8479535764464,10.1129983070726,0.00159521847402091,0.0955268961680225,0.0802622780785948,"cogn_se_lv"
"3221","TFDP2","Exc L5/6 IT Car3",-0.0381843800517739,7.73104216856364,8.01834559714555,0.00488119448506062,0.153309353316496,0.137241905892707,"cogn_se_lv"
"3222","GK5","Exc L5/6 IT Car3",0.022276259708522,5.38357105384104,2.47466780861095,0.116540160162678,0.484635963568118,0.528320322727544,"cogn_se_lv"
"3223","XRN1","Exc L5/6 IT Car3",-0.0178803507977822,7.30637960290467,2.22854512084486,0.136325178294856,0.509110529958222,0.561139400881768,"cogn_se_lv"
"3224","ATR","Exc L5/6 IT Car3",0.0117705397189994,6.95804181594127,0.884401155267308,0.34760658569555,0.715700650197033,0.772697473347681,"cogn_se_lv"
"3225","PLS1","Exc L5/6 IT Car3",0.0325814164267943,2.9460420935306,1.08026043618832,0.299311341658442,0.676917505521024,0.737564246134686,"cogn_se_lv"
"3226","TRPC1","Exc L5/6 IT Car3",0.0165341732115198,7.22607088406577,2.17512913030929,0.141099759519716,0.51592428106639,0.56790851045197,"cogn_se_lv"
"3227","PCOLCE2","Exc L5/6 IT Car3",-0.0597321545874191,1.68570811625977,1.54918456091275,0.214035919565956,0.602306235531188,0.658235772295405,"cogn_se_lv"
"3228","PAQR9","Exc L5/6 IT Car3",-0.0156475440225384,2.04923440074905,0.166406225537761,0.683559285491119,0.901565565859332,0.937468094784006,"cogn_se_lv"
"3229","U2SURP","Exc L5/6 IT Car3",-0.018621593481948,6.53513068919806,4.85192146830372,0.0282253051851252,0.298368509743409,0.299845118916184,"cogn_se_lv"
"3230","CHST2","Exc L5/6 IT Car3",-0.0660801163009311,5.04457372304711,6.52143059139026,0.0110544376632002,0.214164403886737,0.200355302967338,"cogn_se_lv"
"3231","SLC9A9","Exc L5/6 IT Car3",-0.0020278507953994,6.03942041601915,0.0186415876146738,0.891472518601598,0.985508487276283,0.990615604154006,"cogn_se_lv"
"3232","C3orf58","Exc L5/6 IT Car3",0.0570308063853567,6.22794579853613,9.13140272460987,0.00268568489734923,0.12121023627626,0.102247396244276,"cogn_se_lv"
"3233","AC107021.1","Exc L5/6 IT Car3",-0.0226984192518584,2.55446949747959,0.246431464344196,0.619890962604846,0.873877614224474,0.913125398127823,"cogn_se_lv"
"3234","LNCSRLR","Exc L5/6 IT Car3",-0.00846485898116945,2.40314852866933,0.0558462940608488,0.813315242199007,0.959277644322236,0.976395887372261,"cogn_se_lv"
"3235","PLOD2","Exc L5/6 IT Car3",-0.0164361033819197,5.78001976599422,0.83806867993294,0.360540093234417,0.724864123266806,0.781303217308681,"cogn_se_lv"
"3236","PLSCR2","Exc L5/6 IT Car3",0.0322008065923802,1.71509627044814,0.344802403958957,0.557424831824815,0.840938717159201,0.885718508362112,"cogn_se_lv"
"3237","PLSCR1","Exc L5/6 IT Car3",-0.0476670806438931,3.04095803995828,2.57353040824187,0.10950979318639,0.47229961919841,0.515457429789849,"cogn_se_lv"
"3238","AC092957.1","Exc L5/6 IT Car3",-0.00700961210467469,1.71821736783278,0.0182072127512593,0.892736625316313,0.9857013440361,0.990881451573425,"cogn_se_lv"
"3239","GYG1","Exc L5/6 IT Car3",-0.0120533498709162,3.78273221472828,0.405181277075672,0.524815208231433,0.822693870075575,0.870686003171524,"cogn_se_lv"
"3240","HLTF","Exc L5/6 IT Car3",0.00515167229679943,6.32357726069809,0.220498836334826,0.638933979351196,0.88340615777692,0.920877007394198,"cogn_se_lv"
"3241","HPS3","Exc L5/6 IT Car3",0.0143657308539789,4.53403446801064,0.759415931466815,0.384070902459893,0.742172676735286,0.798070450914459,"cogn_se_lv"
"3242","TM4SF1-AS1","Exc L5/6 IT Car3",0.0482128800169736,1.67938672789014,0.666235013136726,0.414887356273894,0.763587229497157,0.815916451415284,"cogn_se_lv"
"3243","WWTR1","Exc L5/6 IT Car3",0.0500579724093576,5.12168146962214,4.21833450563514,0.04068472703258,0.332521481163784,0.349160310783759,"cogn_se_lv"
"3244","COMMD2","Exc L5/6 IT Car3",-0.0138427871406573,5.98327495896893,0.393284429810887,0.53096097762449,0.826488261923829,0.873189193709921,"cogn_se_lv"
"3245","ANKUB1","Exc L5/6 IT Car3",-0.00554818663582689,4.73090676991719,0.0315596667258117,0.859093795689653,0.973721295691941,0.985301487860902,"cogn_se_lv"
"3246","RNF13","Exc L5/6 IT Car3",-0.00214702359993978,6.84919702918751,0.0424772156876873,0.836825030395092,0.967115719302831,0.980795379039451,"cogn_se_lv"
"3247","PFN2","Exc L5/6 IT Car3",-0.0345410337155168,4.9041832683917,2.79682324278138,0.0952882997348038,0.448466951962884,0.489094869980424,"cogn_se_lv"
"3248","AC117386.2","Exc L5/6 IT Car3",-0.0412435021235163,2.21473123405667,0.70611100461224,0.401275230524492,0.754699638270969,0.808057788918411,"cogn_se_lv"
"3249","TSC22D2","Exc L5/6 IT Car3",-0.0153211921437796,6.30795676489442,1.4246403727409,0.233398338819205,0.621066116966681,0.678638369683741,"cogn_se_lv"
"3250","SERP1","Exc L5/6 IT Car3",0.00437392039441756,5.79866099471016,0.103781435800844,0.747518255358342,0.933897613787942,0.958495088500046,"cogn_se_lv"
"3251","EIF2A","Exc L5/6 IT Car3",-0.0184037272870831,4.92399100580731,1.69132286510379,0.194228160464053,0.582685161431792,0.636256221113835,"cogn_se_lv"
"3252","SELENOT","Exc L5/6 IT Car3",-0.00936646800350768,5.44309355801392,0.427098911470406,0.513817843337142,0.818677978297294,0.866108487773539,"cogn_se_lv"
"3253","ERICH6","Exc L5/6 IT Car3",0.0746612555891919,2.17252268107649,2.83372411658588,0.0931392756681306,0.44452000907119,0.485783725041322,"cogn_se_lv"
"3254","ERICH6-AS1","Exc L5/6 IT Car3",0.0127270256921797,2.35478532806473,0.133626156466354,0.714908384757874,0.918247374513744,0.948325920729387,"cogn_se_lv"
"3255","SIAH2","Exc L5/6 IT Car3",0.00101426652461801,4.55995587271237,0.00392494206644544,0.950079221524615,0.995054338434123,0.997804640603097,"cogn_se_lv"
"3256","CLRN1-AS1","Exc L5/6 IT Car3",0.0683243754366948,2.15426224909733,2.21329441196404,0.1376695515636,0.510620798575702,0.562988191062019,"cogn_se_lv"
"3257","MED12L","Exc L5/6 IT Car3",0.022549664340455,8.41897266054633,2.55504953096703,0.110787556189953,0.474722724099708,0.518145144455339,"cogn_se_lv"
"3258","GPR171","Exc L5/6 IT Car3",0.0177080003980169,1.49308587384009,0.065527987104315,0.798103780515611,0.954540194474746,0.97251829133889,"cogn_se_lv"
"3259","P2RY14","Exc L5/6 IT Car3",0.0272655979089344,4.96279156861396,0.426133686030866,0.514293612357261,0.818677978297294,0.866183284002212,"cogn_se_lv"
"3260","P2RY12","Exc L5/6 IT Car3",0.0405363827886597,1.95752989176941,0.643277046398608,0.423036375762733,0.769245114478639,0.820641595554107,"cogn_se_lv"
"3261","IGSF10","Exc L5/6 IT Car3",-0.0169132422264398,3.43983375812146,0.14128621109494,0.7072189763294,0.913952110821552,0.945853553792388,"cogn_se_lv"
"3262","AADACL2-AS1","Exc L5/6 IT Car3",-0.0367862550105501,1.30487257455851,0.316545268689728,0.574028620726688,0.850515112446686,0.893094611635419,"cogn_se_lv"
"3263","MBNL1","Exc L5/6 IT Car3",-0.021061514737958,8.3044967187293,3.11661685446973,0.0783142085180437,0.420387560324412,0.455569227218554,"cogn_se_lv"
"3264","AC026347.1","Exc L5/6 IT Car3",-0.08878131053599,1.85751218615462,4.57756456628737,0.0330405657338627,0.31024667885549,0.320690690660716,"cogn_se_lv"
"3265","RAP2B","Exc L5/6 IT Car3",-0.014976555677784,4.57815297409079,0.686549033980432,0.407869584884226,0.759297557925274,0.811921460814865,"cogn_se_lv"
"3266","C3orf79","Exc L5/6 IT Car3",-0.100546838646245,1.72777442860158,3.9334657631837,0.0480659199772455,0.353049189458432,0.372688279295208,"cogn_se_lv"
"3267","ARHGEF26","Exc L5/6 IT Car3",0.0636479472744131,3.79890798947743,4.55895014474295,0.033397006864744,0.31070767076627,0.321791501290582,"cogn_se_lv"
"3268","DHX36","Exc L5/6 IT Car3",-0.00324761141527427,6.4752609594687,0.155953833631118,0.693134696564946,0.90570071150743,0.940574997489846,"cogn_se_lv"
"3269","MME","Exc L5/6 IT Car3",0.057317527413236,1.4741776386112,0.970640903029975,0.325157866896389,0.697738367475659,0.757927398538314,"cogn_se_lv"
"3270","PLCH1","Exc L5/6 IT Car3",0.00677216487407654,2.6901242311445,0.031145342988498,0.860012127399842,0.973958770152566,0.985540635368953,"cogn_se_lv"
"3271","C3orf33","Exc L5/6 IT Car3",-0.0242211592499146,2.38723898304009,0.546657500908062,0.460150860658679,0.788583613287589,0.840099099770216,"cogn_se_lv"
"3272","GMPS","Exc L5/6 IT Car3",-0.0106626968375345,5.46186674778212,0.892751881654712,0.386682823011887,0.744160140821926,0.79934277656971,"cogn_se_lv"
"3273","KCNAB1","Exc L5/6 IT Car3",-0.0193849342595297,3.21243130946008,0.295456889891725,0.587068785287214,0.85743134875219,0.899355213175857,"cogn_se_lv"
"3274","AC084036.1","Exc L5/6 IT Car3",-0.00854749538309807,2.42843784350354,0.0751831709040365,0.78408590072039,0.949524736639513,0.968335382161404,"cogn_se_lv"
"3275","SSR3","Exc L5/6 IT Car3",-0.0227253433517863,4.51979490086988,1.77575839661418,0.183483041146669,0.5701580754082,0.624054965099732,"cogn_se_lv"
"3276","TIPARP","Exc L5/6 IT Car3",-0.0834112284744605,2.90121695973216,5.66671002444173,0.0177905093313666,0.253468348126722,0.246314939462654,"cogn_se_lv"
"3277","LINC00886","Exc L5/6 IT Car3",-0.0531988996619438,2.34314531948449,1.58198434859551,0.209260524608559,0.597609848529547,0.652837882993585,"cogn_se_lv"
"3278","LEKR1","Exc L5/6 IT Car3",0.0692340812486593,2.43633696630804,3.02474995127052,0.0828264582157051,0.428394505673202,0.465276667374127,"cogn_se_lv"
"3279","CCNL1","Exc L5/6 IT Car3",-0.0174490617594687,5.08056420874556,1.68680374645358,0.319969513496235,0.693607301690158,0.754112643471573,"cogn_se_lv"
"3280","VEPH1","Exc L5/6 IT Car3",0.0297128004477364,1.93103668122406,0.426230801470543,0.514245708439597,0.818677978297294,0.866183284002212,"cogn_se_lv"
"3281","AC079943.2","Exc L5/6 IT Car3",0.022050924452118,1.85708488027235,0.226575656623072,0.634352805152988,0.881905119359031,0.919342146022027,"cogn_se_lv"
"3282","RSRC1","Exc L5/6 IT Car3",-0.0125456896615617,6.42151147572519,1.32784832096818,0.249925021869357,0.634187318478055,0.694498445659661,"cogn_se_lv"
"3283","AC106707.1","Exc L5/6 IT Car3",-0.0460108774421759,1.87631232506183,1.02790246082154,0.311307838066415,0.686590373723434,0.747928411437701,"cogn_se_lv"
"3284","MLF1","Exc L5/6 IT Car3",0.0173233205020477,5.04011843079224,1.13112392177848,0.288222527797681,0.668230247289619,0.728436952759897,"cogn_se_lv"
"3285","GFM1","Exc L5/6 IT Car3",0.0141097058870822,5.36713534016965,1.14179318200608,0.354558900921263,0.720446459622161,0.777376883506373,"cogn_se_lv"
"3286","LXN","Exc L5/6 IT Car3",0.0829740536069171,2.19200049124074,3.62023693423576,0.0578491657683894,0.377603700739756,0.403666563861844,"cogn_se_lv"
"3287","RARRES1","Exc L5/6 IT Car3",0.00593785458060923,4.12800706773258,0.0302980922025723,0.86190984055263,0.974850624392223,0.986067026717151,"cogn_se_lv"
"3288","MFSD1","Exc L5/6 IT Car3",0.00406590630491183,5.15537464775918,0.102188323271719,0.749397845134199,0.934362277179534,0.95908699818451,"cogn_se_lv"
"3289","IQCJ-SCHIP1","Exc L5/6 IT Car3",-0.019142356886155,11.2668040827262,1.87986444931524,0.171172412454666,0.557772399333489,0.609247228597501,"cogn_se_lv"
"3290","IL12A-AS1","Exc L5/6 IT Car3",0.0131003704974209,5.20154228076475,0.222421106750299,0.63747656269023,0.883276385755741,0.920504810488848,"cogn_se_lv"
"3291","C3orf80","Exc L5/6 IT Car3",-0.00139700595233519,4.29314155721051,0.0026683900936347,0.958830031126781,0.997053628956036,0.998555548513014,"cogn_se_lv"
"3292","AC079594.2","Exc L5/6 IT Car3",0.000545247517495316,1.70521510588236,4.77361923681064e-05,0.99449103607757,0.999242764926216,0.999870711362408,"cogn_se_lv"
"3293","SMC4","Exc L5/6 IT Car3",-0.00507886828907958,3.0248235920281,0.0425254072836682,0.84801478310132,0.971136553429121,0.983044049429311,"cogn_se_lv"
"3294","KPNA4","Exc L5/6 IT Car3",-0.0108343038744223,5.85467058882684,1.15549325409503,0.283095752103173,0.662839437831709,0.723836318120398,"cogn_se_lv"
"3295","AC069224.1","Exc L5/6 IT Car3",0.00214365400223429,1.85264963857645,0.00343072316284143,0.953324023574907,0.996544046401518,0.99817819104329,"cogn_se_lv"
"3296","PPM1L","Exc L5/6 IT Car3",0.0238008100396858,8.01103978874768,3.86267196117944,0.0501119151196169,0.35745933735534,0.378953413482967,"cogn_se_lv"
"3297","B3GALNT1","Exc L5/6 IT Car3",0.0129039616507778,4.73559743688072,0.656707917614189,0.497595082749655,0.810883981736255,0.857880900619052,"cogn_se_lv"
"3298","NMD3","Exc L5/6 IT Car3",0.048249615498612,6.13079253263235,10.4912893487901,0.00130679072835211,0.0901540035381205,0.073271637016013,"cogn_se_lv"
"3299","SPTSSB","Exc L5/6 IT Car3",0.0584209100693736,4.10736680649463,4.86647680272474,0.0279913162913189,0.297919212794534,0.298613957961994,"cogn_se_lv"
"3300","AC128685.1","Exc L5/6 IT Car3",0.0891133232468053,3.11265129091735,3.20129721598761,0.0743896645748003,0.414003671078293,0.446266745678501,"cogn_se_lv"
"3301","LINC01192","Exc L5/6 IT Car3",0.00108625492824384,1.52797326500332,0.00175313159182728,0.966624364575091,0.997621680933237,0.99892010896344,"cogn_se_lv"
"3302","SLITRK3","Exc L5/6 IT Car3",0.00458328004855646,4.45120933012696,0.0623193923344928,0.803004077071576,0.955597215489341,0.973737976661521,"cogn_se_lv"
"3303","LINC01322","Exc L5/6 IT Car3",-0.0102373172634529,5.81165348206077,0.270155760215388,0.603535060004278,0.866813853321332,0.906168713812858,"cogn_se_lv"
"3304","ZBBX","Exc L5/6 IT Car3",0.0361399005498879,4.54571985250811,3.54800090510464,0.0603935257155271,0.382467373235114,0.410256632481447,"cogn_se_lv"
"3305","SERPINI2","Exc L5/6 IT Car3",0.00143598412698722,2.05425987759038,0.00124143878666214,0.97191191898911,0.998267578294294,0.99914347763819,"cogn_se_lv"
"3306","WDR49","Exc L5/6 IT Car3",0.0719629908575903,2.36514280063195,2.61426339318527,0.106750535634974,0.468705820265611,0.5107824714935,"cogn_se_lv"
"3307","PDCD10","Exc L5/6 IT Car3",-0.0285467552535388,5.76573575811349,6.53850067666968,0.0109507033044206,0.214143994733206,0.199644463784636,"cogn_se_lv"
"3308","SERPINI1","Exc L5/6 IT Car3",-0.0127504832703772,6.91776238783848,0.77738349758206,0.378509334700601,0.737841138924423,0.794115594928386,"cogn_se_lv"
"3309","GOLIM4","Exc L5/6 IT Car3",0.078000065358422,2.97049597939772,5.89846815063628,0.0156250750574509,0.239873613199648,0.232749283241651,"cogn_se_lv"
"3310","LINC02082","Exc L5/6 IT Car3",0.0720766984049002,4.21290205681612,7.70558132726988,0.00578197413763975,0.163875841580618,0.149262889632527,"cogn_se_lv"
"3311","MECOM","Exc L5/6 IT Car3",-0.0600189963524122,4.39855226367388,2.20952860645683,0.138003804255278,0.510620798575702,0.563320710497428,"cogn_se_lv"
"3312","MYNN","Exc L5/6 IT Car3",-0.0100978403256443,3.79554210446194,0.306510792108841,0.726945906264085,0.924578877874823,0.952358387214175,"cogn_se_lv"
"3313","LRRC34","Exc L5/6 IT Car3",0.00862419574539847,4.18260583530342,0.233224077641332,0.629426269485665,0.87886683790459,0.917401924936249,"cogn_se_lv"
"3314","SEC62","Exc L5/6 IT Car3",-0.0359420077786573,7.04474134126853,4.18548924185258,0.0414710608782692,0.334651453069991,0.352476373059603,"cogn_se_lv"
"3315","GPR160","Exc L5/6 IT Car3",-0.0193192801888173,2.85140749900445,0.358549818004654,0.549675545424052,0.837051948259007,0.881964819037921,"cogn_se_lv"
"3316","PHC3","Exc L5/6 IT Car3",0.0140267876279791,7.33182276427052,2.05683059557965,0.152361335638913,0.532192681680178,0.584370546115784,"cogn_se_lv"
"3317","PRKCI","Exc L5/6 IT Car3",-0.0142253811829192,6.73377596393427,1.88207614983674,0.170921430980211,0.557772399333489,0.609133642362378,"cogn_se_lv"
"3318","SKIL","Exc L5/6 IT Car3",-0.0379702645453275,5.22985161899498,7.83601693511956,0.00538723552084637,0.158783522830177,0.144208086875593,"cogn_se_lv"
"3319","AC026316.5","Exc L5/6 IT Car3",0.0179912368262712,3.71011208788863,0.37866381861624,0.538693786475858,0.829381489982339,0.877104173482053,"cogn_se_lv"
"3320","SLC7A14","Exc L5/6 IT Car3",-0.0306840424602032,5.44039768241422,3.77470805789031,0.052783748674835,0.364064510581156,0.388388728869148,"cogn_se_lv"
"3321","RPL22L1","Exc L5/6 IT Car3",-0.0602793100638516,2.64816339150796,1.94635615784517,0.163808670530691,0.548285219544874,0.599613641826409,"cogn_se_lv"
"3322","EIF5A2","Exc L5/6 IT Car3",0.000805974317063429,2.96220582377786,0.000814246542956261,0.977250682323537,0.998302636191161,0.999579875008576,"cogn_se_lv"
"3323","TNIK","Exc L5/6 IT Car3",-0.0152749956591408,8.39732183081309,1.56498861584251,0.211718961749836,0.599623632927856,0.655359325562468,"cogn_se_lv"
"3324","PLD1","Exc L5/6 IT Car3",0.0397384893085869,1.88952505775862,0.576078709880942,0.448331953382276,0.782204825139239,0.833996469849483,"cogn_se_lv"
"3325","FNDC3B","Exc L5/6 IT Car3",0.00590947684456676,4.61242120662702,0.0911458762936783,0.762893388053463,0.941167215918009,0.962850724261694,"cogn_se_lv"
"3326","NCEH1","Exc L5/6 IT Car3",0.00413912375436991,6.75998266693938,0.196115688035851,0.65813083648932,0.890585911682989,0.927966715196677,"cogn_se_lv"
"3327","ECT2","Exc L5/6 IT Car3",-0.000452958303970136,3.36233850022482,0.000334266289463813,0.985422886466315,0.998390354534415,0.999870711362408,"cogn_se_lv"
"3328","NLGN1","Exc L5/6 IT Car3",0.00851126785845359,8.88952943020562,0.335526639921234,0.562771801243851,0.844079489457426,0.887938804697302,"cogn_se_lv"
"3329","NAALADL2","Exc L5/6 IT Car3",0.0129660227696656,7.05471313235204,0.802095399475492,0.371044166258113,0.732270973258606,0.788707388455321,"cogn_se_lv"
"3330","AC092920.1","Exc L5/6 IT Car3",0.0577076636062943,2.56356453325079,2.2048425130216,0.138421017531963,0.511486449407509,0.564050152864358,"cogn_se_lv"
"3331","TBL1XR1","Exc L5/6 IT Car3",0.00157568873194987,8.00820989255396,0.0274605873105098,0.868472934108294,0.977162290194343,0.987157420735498,"cogn_se_lv"
"3332","LINC00578","Exc L5/6 IT Car3",0.0416198686177558,2.77583583901908,1.55834352129508,0.212689509345949,0.600714176699238,0.656639691589715,"cogn_se_lv"
"3333","AC109779.1","Exc L5/6 IT Car3",0.033250044245572,2.80063504321403,0.692747853165332,0.405762904041294,0.758240517256636,0.810722945365652,"cogn_se_lv"
"3334","KCNMB2","Exc L5/6 IT Car3",-0.0271715463577602,2.73367878468267,0.899574696498378,0.457419813182233,0.788028655907772,0.838823590762868,"cogn_se_lv"
"3335","KCNMB2-AS1","Exc L5/6 IT Car3",0.0160897905985736,6.60498206224701,0.213781103168042,0.644088919848929,0.885485383965838,0.922579333113317,"cogn_se_lv"
"3336","ZMAT3","Exc L5/6 IT Car3",-0.0509102470247174,6.04058407273857,9.35970693601908,0.00237812292045237,0.114016547494585,0.0964359849232408,"cogn_se_lv"
"3337","AC076966.1","Exc L5/6 IT Car3",0.00522711775902871,1.99246325560373,0.0164291528474943,0.8980784427467,0.986715578313859,0.992164474469188,"cogn_se_lv"
"3338","PIK3CA","Exc L5/6 IT Car3",-0.0188719255635151,7.27024591707553,2.83855872964554,0.0928616620812619,0.444420834724299,0.485557577741733,"cogn_se_lv"
"3339","KCNMB3","Exc L5/6 IT Car3",-0.0550224023794074,3.73702328401852,6.6812497366588,0.0101215343398327,0.207693884653366,0.19266149962268,"cogn_se_lv"
"3340","ZNF639","Exc L5/6 IT Car3",-0.0235471195632965,4.05325259652772,1.88279179802221,0.17084031080705,0.557772399333489,0.609009443838478,"cogn_se_lv"
"3341","MFN1","Exc L5/6 IT Car3",0.0255867325013722,5.96542131315941,4.09097546581626,0.0438245686028194,0.341070411590849,0.359907236045709,"cogn_se_lv"
"3342","GNB4","Exc L5/6 IT Car3",-0.0101968520842507,7.57138930385298,0.699409913775511,0.403516510940899,0.756505191829763,0.809497826644492,"cogn_se_lv"
"3343","ACTL6A","Exc L5/6 IT Car3",0.00562497440057102,2.6111964889221,0.035446333341143,0.850765660452567,0.971725362044465,0.983541534992607,"cogn_se_lv"
"3344","MRPL47","Exc L5/6 IT Car3",-0.0145867201527538,3.49929538982435,0.330530652627126,0.565692766555757,0.845572229729322,0.889021350479264,"cogn_se_lv"
"3345","NDUFB5","Exc L5/6 IT Car3",-0.00752649754431101,4.81163808679537,0.138266085859346,0.710221644613066,0.91545097897476,0.946844249703073,"cogn_se_lv"
"3346","USP13","Exc L5/6 IT Car3",0.0411613411812005,4.95806921688375,6.83201378282904,0.00931574654754679,0.199491591498572,0.185559124137937,"cogn_se_lv"
"3347","PEX5L","Exc L5/6 IT Car3",0.000633390745515515,8.48030162633963,0.000921741762983346,0.975795994350772,0.998267578294294,0.999481105410931,"cogn_se_lv"
"3348","TTC14","Exc L5/6 IT Car3",0.0021041072313472,7.31179112269313,0.0444532472253221,0.833127530174112,0.966446547282248,0.979936306412949,"cogn_se_lv"
"3349","FXR1","Exc L5/6 IT Car3",-0.0167773505274362,6.63738408115684,1.42917860190314,0.232656651084325,0.620799689816657,0.678110469856291,"cogn_se_lv"
"3350","DNAJC19","Exc L5/6 IT Car3",-0.0166020684517146,4.49250524439219,0.693925911166548,0.40536434297442,0.757934301831652,0.810557712583726,"cogn_se_lv"
"3351","AC125613.1","Exc L5/6 IT Car3",-0.00887003047756159,2.08679585416987,0.0410617377875425,0.83952908355757,0.968498535398303,0.981285104855597,"cogn_se_lv"
"3352","ATP11B","Exc L5/6 IT Car3",-0.00297413325786764,6.50272838663862,0.0680770519680373,0.794301176101007,0.952216125954876,0.971429173515194,"cogn_se_lv"
"3353","DCUN1D1","Exc L5/6 IT Car3",-0.000228085071267769,6.27605056704909,0.000392566703346785,0.984202886245567,0.998390354534415,0.999870711362408,"cogn_se_lv"
"3354","MCCC1","Exc L5/6 IT Car3",0.0133952410675374,6.66529215168089,1.75607695721052,0.185924289003125,0.572962516571504,0.626450809216269,"cogn_se_lv"
"3355","LAMP3","Exc L5/6 IT Car3",-0.000617278900991116,1.97662670975763,0.00014469351246672,0.990409007889524,0.999242764926216,0.999870711362408,"cogn_se_lv"
"3356","MCF2L2","Exc L5/6 IT Car3",0.0135578336906811,8.37759456172345,1.135900695433,0.287208342348717,0.667190398301397,0.727686024576818,"cogn_se_lv"
"3357","B3GNT5","Exc L5/6 IT Car3",0.00894093628581767,2.80353482091755,0.0549492854453895,0.814793032538766,0.959870452932088,0.976606831175279,"cogn_se_lv"
"3358","KLHL24","Exc L5/6 IT Car3",-0.0112564483555518,6.85071362350824,1.07171106841766,0.301228756524883,0.678856430358464,0.739504308014714,"cogn_se_lv"
"3359","YEATS2","Exc L5/6 IT Car3",0.026809055231042,7.3638623210341,5.99757120941715,0.0147842050467168,0.235395062003814,0.227408989843833,"cogn_se_lv"
"3360","ABCC5","Exc L5/6 IT Car3",0.0197041024712533,6.95760591642387,3.72771897244941,0.0542726800608565,0.369704931962166,0.393734598921828,"cogn_se_lv"
"3361","HTR3E","Exc L5/6 IT Car3",0.0295816506340157,1.38449377783015,0.264661579424451,0.607239648532494,0.868583278729949,0.907868573974269,"cogn_se_lv"
"3362","EIF2B5","Exc L5/6 IT Car3",-0.0256910862707656,4.16119762460879,2.33040172353091,0.127715080431708,0.497562542155802,0.546943189025683,"cogn_se_lv"
"3363","DVL3","Exc L5/6 IT Car3",-0.00655974102672974,4.46259996562457,0.204409073118684,0.651447593634503,0.887629788936254,0.924979706418845,"cogn_se_lv"
"3364","AP2M1","Exc L5/6 IT Car3",-0.0348904177817569,6.84055675290325,2.04184064749545,0.153859765560342,0.535555258877144,0.58621858196874,"cogn_se_lv"
"3365","ABCF3","Exc L5/6 IT Car3",-0.0237348702532263,3.23313571143661,1.01617806593733,0.314079601697067,0.688919183871333,0.74993699596702,"cogn_se_lv"
"3366","VWA5B2","Exc L5/6 IT Car3",-0.0593224343988673,2.39345836225543,2.41578633212372,0.120964148764921,0.490612459339224,0.536436121324361,"cogn_se_lv"
"3367","ALG3","Exc L5/6 IT Car3",-0.00064124392149882,2.99495473331562,0.000534998393018717,0.981558895990252,0.998390354534415,0.999870711362408,"cogn_se_lv"
"3368","CAMK2N2","Exc L5/6 IT Car3",-0.122778456429504,1.57508891840427,5.22973470728218,0.0227624917502056,0.2800171352036,0.274834605462121,"cogn_se_lv"
"3369","PSMD2","Exc L5/6 IT Car3",-0.00374583170450527,5.22096301814344,0.0339844543065782,0.853839890502664,0.972801000506071,0.984284184489059,"cogn_se_lv"
"3370","EIF4G1","Exc L5/6 IT Car3",-0.0143844838673318,4.82291370295473,0.714163102740107,0.398605975254143,0.753629724712686,0.806696321410121,"cogn_se_lv"
"3371","FAM131A","Exc L5/6 IT Car3",-0.0355958175540264,5.69126758555296,5.65282177148093,0.0179297662365303,0.254311769318817,0.247120921481346,"cogn_se_lv"
"3372","CLCN2","Exc L5/6 IT Car3",-0.0218521207090143,2.45086273944463,0.538237965679804,0.463623925129597,0.790961030368069,0.841897165170879,"cogn_se_lv"
"3373","POLR2H","Exc L5/6 IT Car3",0.00190981910485982,4.20507589011353,0.0124791927500409,0.913374224949182,0.989073227776396,0.994093314602145,"cogn_se_lv"
"3374","CHRD","Exc L5/6 IT Car3",0.0153741536240336,4.55432425201198,0.753719989397318,0.385858223806773,0.743409872857566,0.798854608997467,"cogn_se_lv"
"3375","LINC02054","Exc L5/6 IT Car3",0.000660427726551978,2.93155628169637,0.000255747831510389,0.98724921495506,0.998407505464475,0.999870711362408,"cogn_se_lv"
"3376","LINC01840","Exc L5/6 IT Car3",0.0362653035187157,1.43564781688805,0.406904893343129,0.523935344808389,0.822318919244339,0.870367983119102,"cogn_se_lv"
"3377","EPHB3","Exc L5/6 IT Car3",-0.0234439913408088,1.54265059303105,0.157817227758638,0.691400957807308,0.904818090191707,0.93990858802029,"cogn_se_lv"
"3378","MAGEF1","Exc L5/6 IT Car3",0.00738390045279091,4.15212628243554,0.0748118988219767,0.784606449229946,0.949650382982342,0.968467365241529,"cogn_se_lv"
"3379","VPS8","Exc L5/6 IT Car3",0.0155807141701621,6.93079561896582,2.03677387375273,0.154370038092429,0.535555258877144,0.586787838399594,"cogn_se_lv"
"3380","EHHADH","Exc L5/6 IT Car3",-0.00335058888902417,2.76249831766981,0.0140654647554566,0.905657647246665,0.987810604126722,0.992994401566412,"cogn_se_lv"
"3381","MAP3K13","Exc L5/6 IT Car3",0.0180465789575025,7.22549848195073,4.85745655183382,0.028136084200111,0.298368509743409,0.299313299801709,"cogn_se_lv"
"3382","TMEM41A","Exc L5/6 IT Car3",0.0166884245607588,3.99752219232762,0.57356977088113,0.449321151065342,0.782599877195067,0.834200217896007,"cogn_se_lv"
"3383","LIPH","Exc L5/6 IT Car3",0.0499331215210671,1.70480648090704,1.0527929802813,0.305528451813499,0.68219724955131,0.743072350565885,"cogn_se_lv"
"3384","SENP2","Exc L5/6 IT Car3",-0.00721888346657359,6.20552482401498,0.452195721637547,0.501709673657667,0.813655179809147,0.859998093208443,"cogn_se_lv"
"3385","IGF2BP2","Exc L5/6 IT Car3",0.0553987288748181,1.81056762940622,1.28386150970086,0.257908756825385,0.640518348875456,0.702231384572844,"cogn_se_lv"
"3386","TRA2B","Exc L5/6 IT Car3",-0.00912656876515767,6.01842102390661,0.700743825189305,0.853605992553671,0.972704523449468,0.984284184489059,"cogn_se_lv"
"3387","ETV5","Exc L5/6 IT Car3",-0.0260883811921036,4.3349424600259,0.322257292793989,0.570595147865936,0.848666491645945,0.891168054217283,"cogn_se_lv"
"3388","DGKG","Exc L5/6 IT Car3",-0.047598559137757,7.24580075200213,8.68773484503716,0.00340469679346839,0.132529156309283,0.115322032336252,"cogn_se_lv"
"3389","CRYGS","Exc L5/6 IT Car3",-0.00160286891498556,3.23665900607425,0.00431053015456328,0.947687906727528,0.994804925328349,0.997804640603097,"cogn_se_lv"
"3390","TBCCD1","Exc L5/6 IT Car3",0.0412785082010799,3.634960472604,3.62707688419288,0.0576142417931055,0.376670850125698,0.402872421970266,"cogn_se_lv"
"3391","DNAJB11","Exc L5/6 IT Car3",-0.0173584624490746,2.48593716713526,0.277049301232092,0.598954031484813,0.863908392179126,0.904285006368087,"cogn_se_lv"
"3392","AC068631.2","Exc L5/6 IT Car3",-0.0748651337402212,2.32651831081125,2.38327672316515,0.123486487970567,0.492780838497124,0.540491915104556,"cogn_se_lv"
"3393","EIF4A2","Exc L5/6 IT Car3",-0.0352087908499258,7.92205156651838,2.10874905553042,0.147298106056037,0.525235832298983,0.57754246326126,"cogn_se_lv"
"3394","RFC4","Exc L5/6 IT Car3",-0.0220517282862054,2.77929371573246,0.717303819539754,0.397571817859247,0.75310133769209,0.806182580005318,"cogn_se_lv"
"3395","AC112907.1","Exc L5/6 IT Car3",-0.0352827063008671,2.53185455421552,0.656050254254777,0.418473316690485,0.765791241839069,0.818131013812872,"cogn_se_lv"
"3396","LINC02043","Exc L5/6 IT Car3",0.0291589271147743,3.69189408586705,1.56992952072411,0.211000734640823,0.598585727280052,0.65469181253066,"cogn_se_lv"
"3397","ST6GAL1","Exc L5/6 IT Car3",0.0560882347036349,3.11611537479706,2.03756667885525,0.154290068066704,0.535555258877144,0.586762702814395,"cogn_se_lv"
"3398","RPL39L","Exc L5/6 IT Car3",0.0756508024154182,1.91616840010819,2.61326466081454,0.106817266385718,0.468705820265611,0.510861120891907,"cogn_se_lv"
"3399","SST","Exc L5/6 IT Car3",0.0719505370051872,1.22413053990469,0.807850302503889,0.369336918453919,0.731167375225857,0.787700703041213,"cogn_se_lv"
"3400","BCL6","Exc L5/6 IT Car3",0.0511470902994275,1.38873030667941,0.633511831011024,0.426575401971405,0.770932909459478,0.822793581731352,"cogn_se_lv"
"3401","LPP","Exc L5/6 IT Car3",0.017630415379599,5.81088882752678,0.729542402394984,0.393578779877755,0.750461378973187,0.803798417877975,"cogn_se_lv"
"3402","P3H2","Exc L5/6 IT Car3",-0.00652417836386089,6.0660809459357,0.164216208942389,0.685535952165825,0.901903004192279,0.938008069570463,"cogn_se_lv"
"3403","P3H2-AS1","Exc L5/6 IT Car3",0.0176041982754711,3.73342719496904,0.645284663973739,0.422314261911919,0.76923863843178,0.820218700704961,"cogn_se_lv"
"3404","CLDN16","Exc L5/6 IT Car3",0.0369496670598803,3.61985407091304,1.36298031834304,0.243766042821642,0.628986953085084,0.688098064584556,"cogn_se_lv"
"3405","IL1RAP","Exc L5/6 IT Car3",0.0340780377622271,2.152802035487,0.473458988097137,0.491827072601791,0.80764176774878,0.855293208310118,"cogn_se_lv"
"3406","OSTN","Exc L5/6 IT Car3",0.0608284261125594,1.57759898288891,1.10649653815675,0.293524543924043,0.672512011030238,0.732651945509459,"cogn_se_lv"
"3407","CCDC50","Exc L5/6 IT Car3",-0.045665727882769,3.15204532096869,3.11000487395237,0.0786299214661235,0.420388545867537,0.45608020516955,"cogn_se_lv"
"3408","AC073365.1","Exc L5/6 IT Car3",-0.0622452355093404,2.05992281565039,1.3248768643207,0.250454663990382,0.634369019715073,0.695088801312201,"cogn_se_lv"
"3409","FGF12","Exc L5/6 IT Car3",0.016710158173581,9.56485802546776,2.2363205015096,0.135645450681566,0.507804302113669,0.559746077680696,"cogn_se_lv"
"3410","FGF12-AS1","Exc L5/6 IT Car3",0.0240264493990662,2.25119320723892,0.289348882436154,0.59095830508647,0.859464025258058,0.900918128647211,"cogn_se_lv"
"3411","MB21D2","Exc L5/6 IT Car3",0.033208187072797,4.37853113985596,2.81674589354923,0.0941214015465431,0.446632276036572,0.487112272891749,"cogn_se_lv"
"3412","HRASLS","Exc L5/6 IT Car3",0.0247173589099429,3.32221508013702,1.06079074309094,0.303701083394496,0.680641423239267,0.741742526672326,"cogn_se_lv"
"3413","ATP13A4","Exc L5/6 IT Car3",0.0129759731781337,3.41976904157237,0.321418569780505,0.571096769763066,0.848869669463741,0.891410360591047,"cogn_se_lv"
"3414","OPA1","Exc L5/6 IT Car3",-0.00552657424037808,6.85121776190813,0.34918224102824,0.554933650891176,0.839929682996154,0.884550486850169,"cogn_se_lv"
"3415","OPA1-AS1","Exc L5/6 IT Car3",0.0615413484081838,2.07686575083374,1.27964793492392,0.258689973129167,0.641514451572331,0.702928776418573,"cogn_se_lv"
"3416","ATP13A3","Exc L5/6 IT Car3",0.00848204411136517,5.42360342377694,0.378973331431794,0.538527963479406,0.829209140364988,0.877003270529144,"cogn_se_lv"
"3417","LINC00884","Exc L5/6 IT Car3",0.0285696160113189,4.27692463718724,2.1978184539686,0.139049046654949,0.512544418651555,0.564741732425614,"cogn_se_lv"
"3418","TMEM44-AS1","Exc L5/6 IT Car3",0.0581461328067585,2.71289382739947,2.51589161506932,0.113549698212977,0.479432059121457,0.522848797833527,"cogn_se_lv"
"3419","TMEM44","Exc L5/6 IT Car3",-0.0113242927183898,2.09079532319718,0.0683496444835817,0.793899062876929,0.952216125954876,0.971409265182606,"cogn_se_lv"
"3420","LSG1","Exc L5/6 IT Car3",0.0118026118922241,3.73640526146441,0.286327599844485,0.805021507890659,0.956341821210757,0.974131775243351,"cogn_se_lv"
"3421","XXYLT1","Exc L5/6 IT Car3",0.0376541790003754,5.08480025816054,4.74195830213536,0.0300605134021583,0.304222598957164,0.307507804449142,"cogn_se_lv"
"3422","ACAP2","Exc L5/6 IT Car3",-0.00182011860485387,7.42744433449108,0.0421066969218808,0.83752825533676,0.967466775473447,0.980899836060645,"cogn_se_lv"
"3423","PPP1R2","Exc L5/6 IT Car3",-0.00822791831180473,5.30093179981707,0.445405077552839,0.504937054159915,0.815166397096516,0.861647459619969,"cogn_se_lv"
"3424","APOD","Exc L5/6 IT Car3",-0.0568900198108276,3.29231660917075,2.54744531907943,0.111318082320539,0.476243207895724,0.519113156196281,"cogn_se_lv"
"3425","AC233280.1","Exc L5/6 IT Car3",0.0239342266877066,2.97101031516553,0.48977332898039,0.484463876993276,0.802797533886034,0.851416747780167,"cogn_se_lv"
"3426","MUC20-OT1","Exc L5/6 IT Car3",0.0251844664597094,7.75461371392387,1.96890817044593,0.161394175645175,0.544967732837912,0.596528622754742,"cogn_se_lv"
"3427","TNK2","Exc L5/6 IT Car3",0.00610221404384418,6.14289428271721,0.261373433894783,0.609480094790826,0.869396553735584,0.908828745972196,"cogn_se_lv"
"3428","TFRC","Exc L5/6 IT Car3",0.00244679077438899,4.47919277729238,0.0227128932000305,0.880287403135181,0.981383038672293,0.988923094115778,"cogn_se_lv"
"3429","SLC51A","Exc L5/6 IT Car3",-0.0322145504278876,2.19558308796463,0.699403719122542,0.403518591275537,0.756505191829763,0.809497826644492,"cogn_se_lv"
"3430","PCYT1A","Exc L5/6 IT Car3",0.00685614047025687,4.63250464927059,0.195047093986452,0.787611061245908,0.950304208272522,0.969395143185363,"cogn_se_lv"
"3431","UBXN7","Exc L5/6 IT Car3",0.00141325085543325,5.65074745816621,0.0192317501165079,0.889778844936807,0.985023870674018,0.990501502482014,"cogn_se_lv"
"3432","RNF168","Exc L5/6 IT Car3",-0.00883991600269867,5.18209333006992,0.452320349809976,0.799919870190907,0.954829784589432,0.972889523164971,"cogn_se_lv"
"3433","WDR53","Exc L5/6 IT Car3",0.0213547357499805,3.3129452046017,0.816372721387382,0.420361642722615,0.767290610653634,0.819109761378055,"cogn_se_lv"
"3434","FBXO45","Exc L5/6 IT Car3",-0.0117125918539885,3.91193172077162,0.331340202868236,0.565217464548225,0.84542695588375,0.888913621190943,"cogn_se_lv"
"3435","PIGX","Exc L5/6 IT Car3",0.000692922482947812,4.75938843218895,0.00252422889474261,0.959956622194026,0.997053628956036,0.998555548513014,"cogn_se_lv"
"3436","CEP19","Exc L5/6 IT Car3",-0.0238180242145202,3.78053112122812,1.04220542225083,0.30796957739528,0.683648174224363,0.74507022554761,"cogn_se_lv"
"3437","PAK2","Exc L5/6 IT Car3",-0.0135405973846539,5.50108097087276,1.10597412306717,0.293638361279001,0.672512011030238,0.732795637158682,"cogn_se_lv"
"3438","SENP5","Exc L5/6 IT Car3",0.0148021927733435,6.52547988165342,2.05828766575084,0.152216570581821,0.532145435388294,0.58411317365238,"cogn_se_lv"
"3439","NCBP2","Exc L5/6 IT Car3",-0.0141298543335021,4.12188138961286,0.471789343971555,0.492591167036763,0.807671139594468,0.855657809105327,"cogn_se_lv"
"3440","NCBP2-AS2","Exc L5/6 IT Car3",-0.00360029063037567,3.63089499434847,0.0110434386691666,0.916362551456459,0.989620466724523,0.994405342254173,"cogn_se_lv"
"3441","PIGZ","Exc L5/6 IT Car3",0.049561345308136,5.61813549706384,8.35977953573071,0.00406039988994405,0.141379082140812,0.125251098923498,"cogn_se_lv"
"3442","MELTF","Exc L5/6 IT Car3",0.0370718199548631,2.87878102598439,1.55443818697966,0.213262373933685,0.601203257043655,0.657216326331085,"cogn_se_lv"
"3443","MELTF-AS1","Exc L5/6 IT Car3",0.0748516674037677,3.59277973765001,9.75579290569476,0.00192703989732388,0.104206342515711,0.0873756810392805,"cogn_se_lv"
"3444","DLG1","Exc L5/6 IT Car3",-0.0207018457729623,8.52496632703877,4.01593985745803,0.0457934346835072,0.347343992005508,0.365157228150945,"cogn_se_lv"
"3445","LINC02012","Exc L5/6 IT Car3",-0.0417611341241206,1.64129098176805,0.866839905171749,0.352432755789528,0.719169542251618,0.775963772160852,"cogn_se_lv"
"3446","BDH1","Exc L5/6 IT Car3",0.0309312503055474,6.22166356097143,2.88775443881751,0.090087495981937,0.440141766083178,0.479948279078391,"cogn_se_lv"
"3447","AC024560.1","Exc L5/6 IT Car3",0.0248571487777982,1.67873676649047,0.192547600989402,0.661058275826552,0.892193884501503,0.929039795065863,"cogn_se_lv"
"3448","RUBCN","Exc L5/6 IT Car3",0.000808712536342021,5.95492007557084,0.00538910430071226,0.941518726404163,0.99464395931906,0.997626386519645,"cogn_se_lv"
"3449","FYTTD1","Exc L5/6 IT Car3",-0.00168109173056872,5.0353599159979,0.014224630488619,0.905127875379625,0.987810604126722,0.992886491431897,"cogn_se_lv"
"3450","LRCH3","Exc L5/6 IT Car3",0.00222722061245159,7.11629048543565,0.0538145231915523,0.816680866063997,0.959947755253107,0.976917099072405,"cogn_se_lv"
"3451","IQCG","Exc L5/6 IT Car3",0.00615184627605115,4.1897115231421,0.128479776776008,0.720215907300149,0.921220313609482,0.949880659368668,"cogn_se_lv"
"3452","RPL35A","Exc L5/6 IT Car3",-0.0433719129505688,5.96401649661355,1.27357788826125,0.259820553785013,0.642867897548448,0.703706714294948,"cogn_se_lv"
"3453","LMLN","Exc L5/6 IT Car3",0.0338838164382706,4.93338924243669,5.35199871989315,0.0212406789265633,0.273857344568852,0.267812418569539,"cogn_se_lv"
"3454","ZNF595","Exc L5/6 IT Car3",-0.00363699794660043,4.72187089833035,0.0382276443545636,0.845093006474431,0.970988236489561,0.982583087417471,"cogn_se_lv"
"3455","ZNF718","Exc L5/6 IT Car3",-0.0109344420891468,5.63000269016594,0.635484710749565,0.425856823840012,0.77058134883155,0.822309166188725,"cogn_se_lv"
"3456","ZNF732","Exc L5/6 IT Car3",0.0120188138654137,1.78885656934965,0.0645987136568741,0.799509610545129,0.954829784589432,0.972786795104253,"cogn_se_lv"
"3457","ZNF141","Exc L5/6 IT Car3",0.00902831823692178,4.92533703934786,0.344988773013209,0.55731839532575,0.840938717159201,0.885693515078804,"cogn_se_lv"
"3458","AC092574.2","Exc L5/6 IT Car3",0.0227906103514636,3.69237524608538,0.518827590898048,0.471792544974978,0.795016672195873,0.84584260389305,"cogn_se_lv"
"3459","ZNF721","Exc L5/6 IT Car3",0.0211628398127345,7.48063570926401,2.98624566547824,0.0848007858350351,0.432147631907274,0.469657498723996,"cogn_se_lv"
"3460","PIGG","Exc L5/6 IT Car3",0.0165739738605373,5.18788219158092,1.5519742001541,0.213624756495145,0.601617170316965,0.657693236614107,"cogn_se_lv"
"3461","AC116565.1","Exc L5/6 IT Car3",-0.0110074956570015,4.14227221566377,0.24528904846945,0.620703020091425,0.874351255682403,0.913582675150699,"cogn_se_lv"
"3462","AC116565.2","Exc L5/6 IT Car3",0.0144283442999229,4.48690158843088,0.725903388326969,0.394759994911686,0.75099603022148,0.804529160281916,"cogn_se_lv"
"3463","PDE6B","Exc L5/6 IT Car3",0.00976998621313888,3.8281899574275,0.121615514615772,0.727485302632813,0.924823143203354,0.952629411698333,"cogn_se_lv"
"3464","AC107464.1","Exc L5/6 IT Car3",0.0065573570701089,2.90821602200983,0.0427254011632648,0.836355774332206,0.967115719302831,0.980690152704928,"cogn_se_lv"
"3465","AC107464.3","Exc L5/6 IT Car3",0.0283224526868674,1.79100773604668,0.429041095023748,0.512862843874095,0.818419687003898,0.865404557509725,"cogn_se_lv"
"3466","ATP5ME","Exc L5/6 IT Car3",-0.0439460281605493,4.56434257388656,2.57777395093079,0.109218697332704,0.471635328612973,0.514839155572856,"cogn_se_lv"
"3467","MYL5","Exc L5/6 IT Car3",0.0214821206114414,2.0257249272769,0.252417825411499,0.615673674026537,0.873007903756849,0.911680842597291,"cogn_se_lv"
"3468","PCGF3","Exc L5/6 IT Car3",-0.0256416568240304,5.04362618446511,2.41873149484507,0.120738487765853,0.490539948974783,0.536198989721003,"cogn_se_lv"
"3469","AC139887.2","Exc L5/6 IT Car3",0.033393359644009,5.84664571267522,3.13288791823931,0.0775431068740376,0.420245591791449,0.453643654401889,"cogn_se_lv"
"3470","CPLX1","Exc L5/6 IT Car3",0.00827256068097403,6.04319811982455,0.207044901355473,0.649357752486718,0.88742216518162,0.924451128937483,"cogn_se_lv"
"3471","GAK","Exc L5/6 IT Car3",0.00582976313498705,6.35939278339582,0.208620535655119,0.648116156271529,0.886865248851835,0.924210937555261,"cogn_se_lv"
"3472","TMEM175","Exc L5/6 IT Car3",0.0211428386666877,5.75913550930272,2.3955081850511,0.122530673792271,0.49197586118719,0.539095868448949,"cogn_se_lv"
"3473","DGKQ","Exc L5/6 IT Car3",0.00966150541430502,4.22461949632778,0.320664742466129,0.571548356229211,0.848914480406692,0.891551324893861,"cogn_se_lv"
"3474","IDUA","Exc L5/6 IT Car3",-0.0416305649890274,2.93490034815846,2.66637634483197,0.103331428846669,0.462691501294804,0.504172195995378,"cogn_se_lv"
"3475","FGFRL1","Exc L5/6 IT Car3",-0.00375303294892294,2.51890171116734,0.0137430345980228,0.906740230886673,0.98792472808284,0.993036421399373,"cogn_se_lv"
"3476","RNF212","Exc L5/6 IT Car3",0.0485779260665084,3.99931842947788,3.1924864941121,0.0747879315477923,0.414769825773162,0.447148075798232,"cogn_se_lv"
"3477","AC092535.3","Exc L5/6 IT Car3",0.00146953680175718,5.14526599508127,0.00393085552579119,0.950041678798886,0.995054338434123,0.997804640603097,"cogn_se_lv"
"3478","SPON2","Exc L5/6 IT Car3",-0.00931637758374653,3.54164771856852,0.0979131367506914,0.754523035555975,0.936838202275631,0.960493089771942,"cogn_se_lv"
"3479","CTBP1-AS","Exc L5/6 IT Car3",-0.0295683991935389,2.5054323019959,0.615889446502085,0.433076151767681,0.77353077346411,0.8257466003042,"cogn_se_lv"
"3480","CTBP1","Exc L5/6 IT Car3",-0.0177921329417398,5.5227632301443,0.959667126766743,0.32790456074104,0.700074877560877,0.759759981030496,"cogn_se_lv"
"3481","CTBP1-DT","Exc L5/6 IT Car3",-0.00957415874689948,3.57816366293633,0.207321111525612,0.762906798621905,0.941167215918009,0.962850724261694,"cogn_se_lv"
"3482","MAEA","Exc L5/6 IT Car3",-0.0145074615981163,5.06606406140256,1.33218236787083,0.249154974876536,0.633297939815486,0.693743109994081,"cogn_se_lv"
"3483","UVSSA","Exc L5/6 IT Car3",0.0168923332980799,4.31479395225633,0.481723657084047,0.488073855782761,0.804955830014721,0.85337520157286,"cogn_se_lv"
"3484","FAM53A","Exc L5/6 IT Car3",0.0367522327262346,2.13521115397073,1.11536273632099,0.291601481019593,0.670680894377538,0.730837693319958,"cogn_se_lv"
"3485","SLBP","Exc L5/6 IT Car3",0.00313826810610449,4.82775897619901,0.0299213163053579,0.862762540181074,0.974960696887198,0.986301431628018,"cogn_se_lv"
"3486","TMEM129","Exc L5/6 IT Car3",0.00783096047592142,3.59810664255618,0.132888826792562,0.848742152688272,0.971136553429121,0.983195214305009,"cogn_se_lv"
"3487","TACC3","Exc L5/6 IT Car3",0.0132885762996297,2.89761873500363,0.21772624891355,0.641049808683185,0.884107586310083,0.921497133331088,"cogn_se_lv"
"3488","LETM1","Exc L5/6 IT Car3",-0.0104429913874114,4.89837629873237,0.663541895378466,0.41583112239371,0.764318759541287,0.816497970753976,"cogn_se_lv"
"3489","NSD2","Exc L5/6 IT Car3",0.00652865406254402,7.11265638082943,0.366765000209858,0.545140570577729,0.833563851954548,0.879982892009617,"cogn_se_lv"
"3490","NELFA","Exc L5/6 IT Car3",-0.0136065152118659,6.77391462378993,2.10385846477368,0.147766818231885,0.525936758897253,0.578078768153516,"cogn_se_lv"
"3491","C4orf48","Exc L5/6 IT Car3",-0.0875713493029924,4.1143096058797,4.68851706617496,0.030997097029903,0.304222598957164,0.311605135589056,"cogn_se_lv"
"3492","NAT8L","Exc L5/6 IT Car3",-0.0153511512970747,6.12381523087413,0.826310808696814,0.363927380505846,0.727161502689981,0.783995723312449,"cogn_se_lv"
"3493","POLN","Exc L5/6 IT Car3",0.0114918962527013,6.82048029316134,0.587279595328741,0.443956852210157,0.779616467157233,0.831866826351348,"cogn_se_lv"
"3494","MXD4","Exc L5/6 IT Car3",0.00230785071871785,4.74897458229666,0.0218196449826364,0.927664212028589,0.991538479686899,0.995672044648369,"cogn_se_lv"
"3495","ZFYVE28","Exc L5/6 IT Car3",0.0288988582924417,7.35468216964329,4.0750772493241,0.0442341213823469,0.342351085321161,0.360852072163858,"cogn_se_lv"
"3496","AL158068.2","Exc L5/6 IT Car3",0.0360919442254089,2.60265704195059,1.03965748461111,0.308560828819831,0.684258091575966,0.745613928098365,"cogn_se_lv"
"3497","RNF4","Exc L5/6 IT Car3",0.020719071391414,4.96848041710052,3.10271114798445,0.0789797837956523,0.42053346783773,0.456848186163741,"cogn_se_lv"
"3498","FAM193A","Exc L5/6 IT Car3",-0.00752686762414135,6.68350560868433,0.373750752734404,0.541338579648572,0.831387076876822,0.878447025286238,"cogn_se_lv"
"3499","ADD1","Exc L5/6 IT Car3",-0.0127751594159711,7.30785391549765,2.72254327138335,0.0997805186943418,0.45575968749403,0.497292889529931,"cogn_se_lv"
"3500","MFSD10","Exc L5/6 IT Car3",-0.00758321471014252,5.06993636628199,0.134489350314778,0.714029565521209,0.917731335674913,0.947965147532997,"cogn_se_lv"
"3501","NOP14-AS1","Exc L5/6 IT Car3",0.0012131560786441,2.368767653008,0.00116275924720582,0.972816208883557,0.998267578294294,0.999312590999834,"cogn_se_lv"
"3502","NOP14","Exc L5/6 IT Car3",-0.0331999855511353,3.34543930146978,2.25941682979133,0.133648697276193,0.504976930664488,0.556414984578437,"cogn_se_lv"
"3503","GRK4","Exc L5/6 IT Car3",0.00635699392705592,5.91854685845007,0.170967882456984,0.679490238327425,0.900573719122109,0.935746770657721,"cogn_se_lv"
"3504","HTT-AS","Exc L5/6 IT Car3",0.0463398860380095,1.95026111481669,1.19906415259246,0.274214091609772,0.656731227804916,0.716812864043524,"cogn_se_lv"
"3505","HTT","Exc L5/6 IT Car3",0.00714384820933888,7.29532031808572,0.528967095788926,0.467496853597622,0.792661381752303,0.843772375216457,"cogn_se_lv"
"3506","MSANTD1","Exc L5/6 IT Car3",0.00924948724692268,3.39373670912656,0.174766371285595,0.676150194540408,0.899176443999365,0.934682483846739,"cogn_se_lv"
"3507","RGS12","Exc L5/6 IT Car3",-0.00834162399191588,9.72825952445339,0.378976066519017,0.538526498559575,0.829209140364988,0.877003270529144,"cogn_se_lv"
"3508","HGFAC","Exc L5/6 IT Car3",0.0392531836982576,2.12866543514523,0.439328171784517,0.507855526150909,0.816581107025008,0.862954814524494,"cogn_se_lv"
"3509","LRPAP1","Exc L5/6 IT Car3",-0.0499881903719502,5.46459572183234,3.85959194112176,0.050203001096453,0.357696382812228,0.379329123572676,"cogn_se_lv"
"3510","AL590235.2","Exc L5/6 IT Car3",0.0426567633821911,1.48066056003705,0.58978447168565,0.442987499534102,0.778382369377654,0.831308233741835,"cogn_se_lv"
"3511","ADRA2C","Exc L5/6 IT Car3",-0.0758007670728966,2.59311573572945,4.58724488917888,0.0328567799747601,0.309560151737409,0.319880787676225,"cogn_se_lv"
"3512","TMEM128","Exc L5/6 IT Car3",0.0176258024607209,3.86326519282977,0.846486072418286,0.358141864160114,0.722480441660001,0.780057330061393,"cogn_se_lv"
"3513","LYAR","Exc L5/6 IT Car3",0.0634206297954175,2.88533711717171,5.86837691116637,0.0158900728283093,0.241827745229798,0.234885130359755,"cogn_se_lv"
"3514","ZBTB49","Exc L5/6 IT Car3",0.00793449831365663,3.54734344949282,0.143941755401101,0.835760878653525,0.966949325099815,0.980507050181343,"cogn_se_lv"
"3515","NSG1","Exc L5/6 IT Car3",-0.0197713191575658,5.37714996268677,0.822222235579512,0.365115580359213,0.727470728788796,0.784924428509838,"cogn_se_lv"
"3516","STX18","Exc L5/6 IT Car3",0.0329771941675945,5.76384513283735,6.85695192747775,0.009188963032942,0.199491591498572,0.18437666643243,"cogn_se_lv"
"3517","STX18-AS1","Exc L5/6 IT Car3",0.0209796354618007,6.35860731561014,1.55320569266865,0.213443547228049,0.601519170818472,0.657426768184176,"cogn_se_lv"
"3518","STK32B","Exc L5/6 IT Car3",-0.0228751614838321,6.25863122244556,0.540595611201154,0.46264719513464,0.790863082652684,0.841424566735258,"cogn_se_lv"
"3519","EVC","Exc L5/6 IT Car3",0.0352944509654826,2.65522613364807,1.03298341293985,0.310116581129613,0.685742619952766,0.746929489462748,"cogn_se_lv"
"3520","CRMP1","Exc L5/6 IT Car3",0.00570144612453936,6.65333969779986,0.348967530162378,0.555055282433816,0.839929682996154,0.884579328511739,"cogn_se_lv"
"3521","C4orf50","Exc L5/6 IT Car3",0.0277548490126642,6.40095514230076,2.3666116605925,0.124802156056377,0.493718520219812,0.542264462388936,"cogn_se_lv"
"3522","JAKMIP1","Exc L5/6 IT Car3",0.0130622114824181,7.69004277676205,1.22884409920612,0.268344913855618,0.651342204714067,0.711884772466882,"cogn_se_lv"
"3523","WFS1","Exc L5/6 IT Car3",-0.0323222759555809,3.16453365364263,1.42498961214405,0.233341160573657,0.621066116966681,0.678638369683741,"cogn_se_lv"
"3524","PPP2R2C","Exc L5/6 IT Car3",0.0334978302435293,8.41377036677951,6.50217751003911,0.0111726543882353,0.214164403886737,0.201216957012461,"cogn_se_lv"
"3525","MAN2B2","Exc L5/6 IT Car3",0.00361494613801605,5.34191989518144,0.0682827111502667,0.793997719713861,0.952216125954876,0.971410976335319,"cogn_se_lv"
"3526","MRFAP1","Exc L5/6 IT Car3",-0.0477635538437057,5.63185011401182,3.08446076532244,0.0798626091660943,0.421770579948646,0.458719672027123,"cogn_se_lv"
"3527","LINC02482","Exc L5/6 IT Car3",0.0603890143832403,3.86684003429159,5.99122023730683,0.0148366610466878,0.235398158256212,0.227835404849804,"cogn_se_lv"
"3528","AC093323.1","Exc L5/6 IT Car3",-0.0095010601806508,3.44881082094054,0.146201957599326,0.702409028539586,0.911206883480392,0.944097291125718,"cogn_se_lv"
"3529","MRFAP1L1","Exc L5/6 IT Car3",-0.0360625289292877,4.40145344887057,2.92354047885076,0.0881262654699908,0.436940472159522,0.475700686868935,"cogn_se_lv"
"3530","BLOC1S4","Exc L5/6 IT Car3",-0.0059142338898613,3.26807271981708,0.0354693692505956,0.850717747949758,0.971725362044465,0.983541534992607,"cogn_se_lv"
"3531","KIAA0232","Exc L5/6 IT Car3",0.0103866857976491,7.42608318478831,1.37834278798122,0.241131326398081,0.626366937057414,0.685779388518959,"cogn_se_lv"
"3532","TBC1D14","Exc L5/6 IT Car3",-0.000426440908569526,5.66885786979667,0.00182137473986805,0.965981356831259,0.997621680933237,0.99892010896344,"cogn_se_lv"
"3533","TADA2B","Exc L5/6 IT Car3",-0.0193874502954034,3.42869715676645,0.756936553595039,0.384847450213117,0.742758391493519,0.798504031014802,"cogn_se_lv"
"3534","GRPEL1","Exc L5/6 IT Car3",-0.0356132509681525,3.28745229549038,1.51745290499564,0.218779960757384,0.607217961416797,0.663646879212223,"cogn_se_lv"
"3535","SORCS2","Exc L5/6 IT Car3",0.101008021191778,3.20687788992032,6.06526572534948,0.0142368530424024,0.231815143965396,0.223409078511545,"cogn_se_lv"
"3536","AFAP1","Exc L5/6 IT Car3",0.0234907966742469,4.13426068434339,0.929580004237522,0.335595608825288,0.705383285963014,0.764600811347923,"cogn_se_lv"
"3537","ABLIM2","Exc L5/6 IT Car3",0.00866821213022914,7.72349159764755,0.344562824926034,0.557561713732397,0.840999224658833,0.885831609828943,"cogn_se_lv"
"3538","AC104825.1","Exc L5/6 IT Car3",-0.00155121142460414,3.10215215860938,0.0043200127751984,0.94763048128648,0.994804925328349,0.997804640603097,"cogn_se_lv"
"3539","ACOX3","Exc L5/6 IT Car3",0.0212140051683168,5.11185617087371,1.85116819891491,0.174467680798493,0.5610083933887,0.613304293116099,"cogn_se_lv"
"3540","TRMT44","Exc L5/6 IT Car3",0.0160160812527728,4.85475696707375,0.993906099816776,0.319434693549421,0.693189499961306,0.753720039976832,"cogn_se_lv"
"3541","AC105345.1","Exc L5/6 IT Car3",0.02870629922925,3.8212028890029,2.39671907069484,0.122436499446345,0.49197586118719,0.538947431837262,"cogn_se_lv"
"3542","SLC2A9","Exc L5/6 IT Car3",0.0773385286795813,2.73146037929954,4.45151979531348,0.0355345689042226,0.316846474760131,0.330371380605515,"cogn_se_lv"
"3543","DRD5","Exc L5/6 IT Car3",0.038472447964654,1.5808139736262,0.411287429850339,0.521709928284042,0.821140907781899,0.869158713128985,"cogn_se_lv"
"3544","WDR1","Exc L5/6 IT Car3",-0.0728855106520011,3.01219014780574,5.51068778613583,0.0194216810286892,0.26334772778108,0.257183175917668,"cogn_se_lv"
"3545","ZNF518B","Exc L5/6 IT Car3",-0.0258968532817821,3.80085666058406,1.69802334351319,0.193349059434436,0.581748196421498,0.635395130743291,"cogn_se_lv"
"3546","CLNK","Exc L5/6 IT Car3",-0.00757776872797079,2.01499499573268,0.0242235121063372,0.876401588097867,0.979884010483651,0.98843736634371,"cogn_se_lv"
"3547","HS3ST1","Exc L5/6 IT Car3",-0.0204951723864755,4.49352315990894,1.20367644271697,0.273294605141918,0.655651437744991,0.71580377541013,"cogn_se_lv"
"3548","AC005699.1","Exc L5/6 IT Car3",0.0690981470544777,2.99867874853159,3.22339762412584,0.0734006951907504,0.412737664860233,0.443658035751233,"cogn_se_lv"
"3549","LINC02360","Exc L5/6 IT Car3",0.0381017812892206,3.25530330778981,1.19947220832777,0.274132586605927,0.656638211340891,0.716692907140617,"cogn_se_lv"
"3550","LINC02270","Exc L5/6 IT Car3",-0.0502605513697087,1.58164384300385,0.784113463546537,0.376455503236497,0.736147859211419,0.792403767061901,"cogn_se_lv"
"3551","RAB28","Exc L5/6 IT Car3",-0.00488701606446398,6.73016631836575,0.168743409999003,0.681466457805589,0.900862474773406,0.936521775211,"cogn_se_lv"
"3552","BOD1L1","Exc L5/6 IT Car3",0.00650183398243105,6.60125370312938,0.334964036230199,0.563099278444204,0.844122647356177,0.88811248057246,"cogn_se_lv"
"3553","LINC00504","Exc L5/6 IT Car3",0.0182384918960669,3.15136507837536,0.166090570496663,0.683843250363238,0.901674744952899,0.937483234608755,"cogn_se_lv"
"3554","CPEB2-DT","Exc L5/6 IT Car3",0.0441864226795524,3.73523000001889,4.22975063926972,0.0404151140335131,0.33155042909156,0.34812466373796,"cogn_se_lv"
"3555","CPEB2","Exc L5/6 IT Car3",-0.0136417570833973,4.87002519350724,0.800537834254589,0.371508554504309,0.732319136164808,0.789030519608325,"cogn_se_lv"
"3556","AC098829.1","Exc L5/6 IT Car3",0.220704493866854,5.50702612957882,19.7323939946437,1.17501559982215e-05,0.00951762635855938,0.00538836570991276,"cogn_se_lv"
"3557","C1QTNF7","Exc L5/6 IT Car3",0.101550308918602,1.80795348614638,2.49831693826574,0.11481408279883,0.481599545999998,0.525046572035287,"cogn_se_lv"
"3558","CC2D2A","Exc L5/6 IT Car3",-0.00828831884593291,5.01002373497846,0.282054973902525,0.595672986719393,0.862374110633713,0.903173532905545,"cogn_se_lv"
"3559","FBXL5","Exc L5/6 IT Car3",0.00405924332737093,6.27615393815621,0.211946754360929,0.788932437188925,0.950573100159521,0.969945536715049,"cogn_se_lv"
"3560","FAM200B","Exc L5/6 IT Car3",-0.0475993921914073,5.09203645133992,6.21956488801399,0.0130661227079226,0.226729681685898,0.215742105724017,"cogn_se_lv"
"3561","TAPT1","Exc L5/6 IT Car3",-0.0065417860517074,5.02578671168807,0.225561815007563,0.635111842244632,0.882059262616085,0.919689796404561,"cogn_se_lv"
"3562","TAPT1-AS1","Exc L5/6 IT Car3",0.0483077135540587,6.52379880962864,8.80231898767061,0.00320200582509928,0.131218826837242,0.112111292690825,"cogn_se_lv"
"3563","AC097515.1","Exc L5/6 IT Car3",0.0327569863412013,3.40774449774803,1.16114077046834,0.281924216133102,0.662539096936755,0.723140333233505,"cogn_se_lv"
"3564","LDB2","Exc L5/6 IT Car3",0.0390254153003403,8.47642764056902,3.54520765703113,0.0604942810144176,0.382500815452706,0.410611114031021,"cogn_se_lv"
"3565","QDPR","Exc L5/6 IT Car3",0.00275207033523091,6.04052186627602,0.0567870520380413,0.811778779415554,0.959045669722624,0.976032022143999,"cogn_se_lv"
"3566","LAP3","Exc L5/6 IT Car3",0.0274558790974849,3.05177963594263,1.18507185911745,0.277027470690604,0.65984296042349,0.71941111988763,"cogn_se_lv"
"3567","AC006160.1","Exc L5/6 IT Car3",0.107618386671192,1.83623499858967,4.63456707446007,0.03197364846358,0.30812426415435,0.316010272054868,"cogn_se_lv"
"3568","MED28","Exc L5/6 IT Car3",0.0217886106981329,5.23206475674953,3.55103776171525,0.0602841865991073,0.382128680825386,0.409994411244155,"cogn_se_lv"
"3569","FAM184B","Exc L5/6 IT Car3",0.0723006963427747,4.65056809766309,7.5723706130429,0.00621577901096348,0.168915606517026,0.15413690308653,"cogn_se_lv"
"3570","DCAF16","Exc L5/6 IT Car3",0.0180009125426355,4.955797118033,1.88889360976702,0.170150456673849,0.556733788386556,0.608149809796679,"cogn_se_lv"
"3571","LCORL","Exc L5/6 IT Car3",-0.00291408151120311,5.88545835983651,0.0423903683101516,0.836989574315381,0.967115719302831,0.980828973868945,"cogn_se_lv"
"3572","AC024230.1","Exc L5/6 IT Car3",-0.00992897727776466,3.61524277730482,0.0495566034702502,0.823958247663861,0.964019874680464,0.978157951307877,"cogn_se_lv"
"3573","SLIT2","Exc L5/6 IT Car3",0.0826654839330687,5.0563968083809,4.24601174012862,0.0400343261339823,0.330776725437538,0.346914321007727,"cogn_se_lv"
"3574","PACRGL","Exc L5/6 IT Car3",0.0131781249668266,5.45033489941881,1.11591018599532,0.347370576763623,0.715667091886501,0.772573665528247,"cogn_se_lv"
"3575","KCNIP4","Exc L5/6 IT Car3",-0.000659496428081388,14.4362787472363,0.00299161932507501,0.956410127966526,0.996920944446838,0.998498313648381,"cogn_se_lv"
"3576","AC110296.1","Exc L5/6 IT Car3",0.023605247130474,2.83452627507009,0.383793270026911,0.535957642313078,0.828217226949561,0.875697825487501,"cogn_se_lv"
"3577","AC096576.3","Exc L5/6 IT Car3",-0.0165300754284231,4.26617938580868,0.20614850048288,0.650066662081095,0.88742216518162,0.924608129750732,"cogn_se_lv"
"3578","AC096576.2","Exc L5/6 IT Car3",-0.00253077420494436,4.42029594858518,0.00441470797516685,0.94706045685891,0.994804925328349,0.997673145847928,"cogn_se_lv"
"3579","AC096719.1","Exc L5/6 IT Car3",0.0052540877526124,2.99342454508009,0.0385826453458818,0.853692007682388,0.972704523449468,0.984284184489059,"cogn_se_lv"
"3580","ADGRA3","Exc L5/6 IT Car3",0.00856526437813899,3.67923595204021,0.121540288964997,0.727566229270271,0.924823143203354,0.95266385170118,"cogn_se_lv"
"3581","AC093607.1","Exc L5/6 IT Car3",0.164223377541712,2.18328560219482,6.21346268904581,0.0131104791425558,0.226729681685898,0.216131079371323,"cogn_se_lv"
"3582","PPARGC1A","Exc L5/6 IT Car3",-0.0743372501372783,5.07026574683253,12.3605773154042,0.00049237440805528,0.0561306825183019,0.0439678229797193,"cogn_se_lv"
"3583","DHX15","Exc L5/6 IT Car3",-0.0173809106099122,5.83734707887582,2.99320301586929,0.0844402978799641,0.431739596137092,0.46891317466828,"cogn_se_lv"
"3584","CCDC149","Exc L5/6 IT Car3",-0.00126249482557362,5.27513656902929,0.0077532290344458,0.929882179584449,0.991814175882228,0.995925713518617,"cogn_se_lv"
"3585","SEPSECS","Exc L5/6 IT Car3",-0.0250017359552913,2.62645712370788,0.627637572375487,0.428725844558492,0.77189630869187,0.823809215435663,"cogn_se_lv"
"3586","AC104662.2","Exc L5/6 IT Car3",0.0301867827718506,3.13064999039595,0.788455203754156,0.375138830880124,0.734782068737204,0.791422208985792,"cogn_se_lv"
"3587","ZCCHC4","Exc L5/6 IT Car3",-0.00632112323346335,3.3458062303481,0.084261146582476,0.771764813638527,0.944065102934226,0.965062632787051,"cogn_se_lv"
"3588","ANAPC4","Exc L5/6 IT Car3",0.00521090958668865,4.74454678288157,0.0980682265314,0.754334983630051,0.936680280625019,0.960410454374931,"cogn_se_lv"
"3589","SEL1L3","Exc L5/6 IT Car3",0.0327304339103877,1.98279002082523,0.531720292336928,0.46634130143166,0.791916707706089,0.843095284383663,"cogn_se_lv"
"3590","SMIM20","Exc L5/6 IT Car3",-0.0217780532486865,2.51822937636679,0.475126341480792,0.491066005912035,0.807080930263373,0.854920945034345,"cogn_se_lv"
"3591","RBPJ","Exc L5/6 IT Car3",0.00959628174321282,6.61744003525421,0.780141958495443,0.377665608040299,0.73708833045303,0.793443018793653,"cogn_se_lv"
"3592","TBC1D19","Exc L5/6 IT Car3",-0.0155318560182425,6.91314680248036,1.86445869866229,0.172932478298899,0.559485520597349,0.611155221016818,"cogn_se_lv"
"3593","STIM2","Exc L5/6 IT Car3",0.00796025642989636,5.8131348163298,0.577806729472662,0.447652621353395,0.781515921048624,0.833618422749634,"cogn_se_lv"
"3594","PCDH7","Exc L5/6 IT Car3",0.000685390026837256,8.09909336516592,0.000921353301838758,0.975801093615753,0.998267578294294,0.999481105410931,"cogn_se_lv"
"3595","AC097716.1","Exc L5/6 IT Car3",0.0472620031367172,1.94096845626546,0.779743734998635,0.377787248012106,0.73708833045303,0.793485568867667,"cogn_se_lv"
"3596","AC016687.3","Exc L5/6 IT Car3",0.0853289205298925,1.25037709236107,1.92150715497249,0.166517177430465,0.551949033093873,0.603134737086361,"cogn_se_lv"
"3597","AC016687.2","Exc L5/6 IT Car3",-0.156565687645328,1.76873899153212,5.53388928066806,0.0191696125797654,0.262386462696512,0.25515301030806,"cogn_se_lv"
"3598","ARAP2","Exc L5/6 IT Car3",0.00119108291244864,9.14825214061833,0.00903112252526866,0.924340175609066,0.991192537808217,0.995349915460946,"cogn_se_lv"
"3599","DTHD1","Exc L5/6 IT Car3",-0.00572077669979298,1.40819673899199,0.00948909502964716,0.922451453271727,0.990974669133532,0.995093373462206,"cogn_se_lv"
"3600","AC104078.2","Exc L5/6 IT Car3",0.0231116359751483,3.78830599866216,0.436705225248347,0.509124204332782,0.816961913286198,0.863634761253121,"cogn_se_lv"
"3601","LINC02505","Exc L5/6 IT Car3",-0.00246728471755294,4.2160286877203,0.00310963550812301,0.95555953333041,0.996920944446838,0.998428000651427,"cogn_se_lv"
"3602","NWD2","Exc L5/6 IT Car3",-0.00482798363408301,9.07802739625044,0.110887481910267,0.739322753470621,0.930782115216792,0.956228100572566,"cogn_se_lv"
"3603","C4orf19","Exc L5/6 IT Car3",-0.0106170770155462,2.38843021025462,0.0925596361045172,0.761117334835579,0.940466406548739,0.96220048648941,"cogn_se_lv"
"3604","RELL1","Exc L5/6 IT Car3",-0.064187850275785,1.98592647235377,1.70946443317034,0.19185875018853,0.579302759545118,0.633348190329459,"cogn_se_lv"
"3605","PGM2","Exc L5/6 IT Car3",0.000640307208594691,3.25133378951732,0.000843100402180039,0.976851227435818,0.998267578294294,0.999481105410931,"cogn_se_lv"
"3606","TBC1D1","Exc L5/6 IT Car3",-0.00857021136886666,6.90887418837881,0.296051266914722,0.586693079712505,0.856986189898961,0.899159998468217,"cogn_se_lv"
"3607","LINC01258","Exc L5/6 IT Car3",-0.0260822497685013,1.789664617038,0.299930397529079,0.584253022046189,0.855777482563133,0.897915716818186,"cogn_se_lv"
"3608","KLF3","Exc L5/6 IT Car3",0.0245813581911706,3.8857973933511,1.44934033708703,0.229395887765396,0.618392487775345,0.675329402304323,"cogn_se_lv"
"3609","FAM114A1","Exc L5/6 IT Car3",0.043726180370768,1.98338132837596,1.08342215010399,0.298606237397478,0.676917505521024,0.736904096932981,"cogn_se_lv"
"3610","KLHL5","Exc L5/6 IT Car3",0.00622074961248276,3.06078311482355,0.0380012695932367,0.845546535370754,0.970988236489561,0.982711516721705,"cogn_se_lv"
"3611","WDR19","Exc L5/6 IT Car3",0.0031216861592758,6.41398209093611,0.0838358892266441,0.772325485801694,0.944459501053891,0.965215776758413,"cogn_se_lv"
"3612","RFC1","Exc L5/6 IT Car3",-0.0161692632832267,5.33640860211548,1.68304322494486,0.195320933845732,0.583411307283604,0.637359206377811,"cogn_se_lv"
"3613","RPL9","Exc L5/6 IT Car3",-0.0015622425814209,2.93733763780026,0.00286683670757534,0.957328003764359,0.997053628956036,0.99855373718212,"cogn_se_lv"
"3614","LIAS","Exc L5/6 IT Car3",0.00291469745611828,4.16518516625082,0.0344781229031441,0.968664471552643,0.998218784586391,0.999017285695007,"cogn_se_lv"
"3615","UGDH","Exc L5/6 IT Car3",0.0176050238044114,4.79905223753812,0.720989534298368,0.396363155670194,0.752244343353423,0.805421814805941,"cogn_se_lv"
"3616","UGDH-AS1","Exc L5/6 IT Car3",-0.0072061502554607,4.77058043112396,0.254441205389173,0.61426240664755,0.872288776591533,0.911155776378139,"cogn_se_lv"
"3617","SMIM14","Exc L5/6 IT Car3",0.000140131324507694,6.19360960359446,0.000145954195988174,0.990367318406243,0.999242764926216,0.999870711362408,"cogn_se_lv"
"3618","UBE2K","Exc L5/6 IT Car3",0.00779447433428289,7.40321069262709,0.998358811310962,0.987732846549507,0.998502923567847,0.999870711362408,"cogn_se_lv"
"3619","PDS5A","Exc L5/6 IT Car3",-0.00205748296187205,7.53197860008094,0.0460845734669687,0.830139240079823,0.965959969758352,0.979337055802598,"cogn_se_lv"
"3620","N4BP2","Exc L5/6 IT Car3",-0.0171968706352469,5.02242797059901,0.951251200114775,0.330031976580388,0.700406022244585,0.76083222569591,"cogn_se_lv"
"3621","RBM47","Exc L5/6 IT Car3",0.0468014978466604,2.50524798746121,1.44885674409885,0.229473450105001,0.618493239424863,0.675491315220592,"cogn_se_lv"
"3622","NSUN7","Exc L5/6 IT Car3",0.0308391594727207,1.29318828518208,0.236831026475598,0.62678964801394,0.877128120708503,0.916321455852977,"cogn_se_lv"
"3623","APBB2","Exc L5/6 IT Car3",0.0495052130694388,6.8501267609138,12.1144712004101,0.000559431896048777,0.0587797472442996,0.0469123604258046,"cogn_se_lv"
"3624","UCHL1-AS1","Exc L5/6 IT Car3",0.0582611684565707,2.02717598537605,2.05270640722788,0.152771937522256,0.533263805504087,0.584780321110031,"cogn_se_lv"
"3625","UCHL1","Exc L5/6 IT Car3",-0.0349878334809686,8.3380448392436,2.33255648548022,0.127539631365074,0.497214837075747,0.546630719241855,"cogn_se_lv"
"3626","LIMCH1","Exc L5/6 IT Car3",0.00157215561725144,8.82261579935038,0.0221120059558376,0.881869736756228,0.98184006718356,0.988985050514498,"cogn_se_lv"
"3627","TMEM33","Exc L5/6 IT Car3",-0.00778676361136924,5.01619046098877,0.28419438543996,0.594282057621851,0.861124269541501,0.902559232895372,"cogn_se_lv"
"3628","SLC30A9","Exc L5/6 IT Car3",0.00849389705387677,6.53775043644274,0.787648816732625,0.51945125425529,0.820971047083305,0.86833692379302,"cogn_se_lv"
"3629","AC111006.1","Exc L5/6 IT Car3",-0.0308829592330257,1.59233328024279,0.393368929108395,0.530916871126672,0.826488261923829,0.873167975768451,"cogn_se_lv"
"3630","ATP8A1","Exc L5/6 IT Car3",0.0140305372160644,8.70339556080266,1.54358750704237,0.214863715345991,0.602762045055559,0.658955846507938,"cogn_se_lv"
"3631","KCTD8","Exc L5/6 IT Car3",0.0192949806536927,3.824751804247,0.213238215679735,0.644509788762782,0.885485383965838,0.922859033262776,"cogn_se_lv"
"3632","YIPF7","Exc L5/6 IT Car3",-0.0541430494053202,3.87237059615045,5.13815967913758,0.0239764044541041,0.286933798249348,0.281268291939536,"cogn_se_lv"
"3633","GUF1","Exc L5/6 IT Car3",0.00110888143773485,4.64190642534627,0.00467243360268698,0.98392705986325,0.998390354534415,0.999870711362408,"cogn_se_lv"
"3634","GNPDA2","Exc L5/6 IT Car3",-0.0276642922556743,4.92105563747591,3.87979964193602,0.0496085839054387,0.356516912015847,0.377557473815817,"cogn_se_lv"
"3635","GABRG1","Exc L5/6 IT Car3",0.0563282278601928,1.52314343453574,0.787222271598996,0.375512068854387,0.734978450474677,0.791693749165919,"cogn_se_lv"
"3636","GABRA2","Exc L5/6 IT Car3",0.00873386452220746,7.63906900489095,0.653420969369108,0.419406559719796,0.766496491400982,0.818699172973104,"cogn_se_lv"
"3637","AC095060.1","Exc L5/6 IT Car3",0.0736000533030927,2.55022515388581,4.16805738792213,0.0418948870743154,0.336180248199134,0.353920912689603,"cogn_se_lv"
"3638","COX7B2","Exc L5/6 IT Car3",0.0430293653538146,1.4927394401598,0.48841307403104,0.48507078704608,0.803087602824186,0.851790414549744,"cogn_se_lv"
"3639","GABRA4","Exc L5/6 IT Car3",-0.0105833234290139,6.74131661743919,0.8822623745368,0.348189526676266,0.716012401863673,0.773029947068774,"cogn_se_lv"
"3640","GABRB1","Exc L5/6 IT Car3",-0.010878790844836,8.59944655784391,0.93541667979548,0.33408489005124,0.704107229033918,0.763473233088852,"cogn_se_lv"
"3641","COMMD8","Exc L5/6 IT Car3",-0.0450687451031526,2.98118915356949,2.0751111142841,0.150556372045254,0.529447806785235,0.581782114503328,"cogn_se_lv"
"3642","ATP10D","Exc L5/6 IT Car3",0.0197048233936751,3.91456263737711,0.818422755736258,0.366224602339817,0.728149959336533,0.785486887204105,"cogn_se_lv"
"3643","CORIN","Exc L5/6 IT Car3",0.0677248306822061,3.56484566724458,4.07736264425733,0.044174999383429,0.342351085321161,0.360809827190036,"cogn_se_lv"
"3644","AC107068.2","Exc L5/6 IT Car3",0.00464274937045039,3.25297099674834,0.0124150604912496,0.911340833367498,0.989073227776396,0.9937259663591,"cogn_se_lv"
"3645","AC107068.1","Exc L5/6 IT Car3",0.0323095168350372,3.16440306943812,1.96367656986681,0.161950637292171,0.545665981390228,0.597306892107734,"cogn_se_lv"
"3646","NFXL1","Exc L5/6 IT Car3",0.00448531030054654,5.64696357584722,0.114773412996176,0.734964061765512,0.928204243440934,0.954792822283974,"cogn_se_lv"
"3647","NIPAL1","Exc L5/6 IT Car3",-0.0204893053985185,2.95686064050175,0.484932778101782,0.486629350584952,0.803823731405218,0.852628720911906,"cogn_se_lv"
"3648","CNGA1","Exc L5/6 IT Car3",0.000839070686525347,1.77709632560461,0.000572874490740652,0.980917394506611,0.998390354534415,0.999870711362408,"cogn_se_lv"
"3649","TXK","Exc L5/6 IT Car3",0.0834532237801643,4.44783161189481,8.29900830503094,0.00419542154003236,0.14313066969421,0.127231973504393,"cogn_se_lv"
"3650","TEC","Exc L5/6 IT Car3",0.0676259993257787,3.2883866910923,4.13444356245342,0.0427251106920704,0.337945934373189,0.356433506698763,"cogn_se_lv"
"3651","SLAIN2","Exc L5/6 IT Car3",0.00681561728279653,6.70498976259734,0.195381010997216,0.658730984448817,0.890849723257231,0.928160102554641,"cogn_se_lv"
"3652","SLC10A4","Exc L5/6 IT Car3",0.023557025672429,2.05250511893376,0.239714570896094,0.624699634695958,0.875858814433045,0.91523254243068,"cogn_se_lv"
"3653","FRYL","Exc L5/6 IT Car3",-0.0155047612705361,8.0755248298569,1.21455388962267,0.271141419300999,0.653645032580496,0.71417892965621,"cogn_se_lv"
"3654","OCIAD1","Exc L5/6 IT Car3",-0.0106372372123556,7.32512680084459,0.76498465452921,0.382334868510945,0.740608385951346,0.797053267284972,"cogn_se_lv"
"3655","OCIAD1-AS1","Exc L5/6 IT Car3",0.0889670485470404,1.63904700840828,2.46360513791832,0.117357449005515,0.485589089361837,0.530181984820153,"cogn_se_lv"
"3656","OCIAD2","Exc L5/6 IT Car3",-0.0539994943884279,3.31243701424454,2.09951715355436,0.148184303897765,0.526560484804532,0.578642204932599,"cogn_se_lv"
"3657","CWH43","Exc L5/6 IT Car3",-0.0252914610870584,1.51686732696996,0.170960007623262,0.679497207696292,0.900573719122109,0.935746770657721,"cogn_se_lv"
"3658","DCUN1D4","Exc L5/6 IT Car3",0.030816118064864,6.59254507470951,7.70715862778971,0.00577702782771755,0.163875841580618,0.149262889632527,"cogn_se_lv"
"3659","LRRC66","Exc L5/6 IT Car3",-0.0466623865374127,3.14879916094646,2.91498565352753,0.0885908430965136,0.437854915746994,0.477056379864088,"cogn_se_lv"
"3660","SGCB","Exc L5/6 IT Car3",-0.0308714023512017,4.62534711870696,3.8509987916649,0.0504580580303031,0.358520990204702,0.380282309991128,"cogn_se_lv"
"3661","USP46","Exc L5/6 IT Car3",-0.0303959591077108,6.22920639717884,5.47973914101098,0.0197632854961952,0.265407472763041,0.259042678590016,"cogn_se_lv"
"3662","LINC01618","Exc L5/6 IT Car3",0.0568493199717132,1.81665652422895,1.41502144311427,0.234979870703141,0.622485533562299,0.680172863182373,"cogn_se_lv"
"3663","RASL11B","Exc L5/6 IT Car3",-0.0256184163385952,3.35606184558957,0.671042804786377,0.41321041099699,0.762506981444085,0.81517126110846,"cogn_se_lv"
"3664","SCFD2","Exc L5/6 IT Car3",0.0220359556163568,6.91038748109963,2.50474452333562,0.114349860870826,0.480734891988861,0.524388137335411,"cogn_se_lv"
"3665","AC058822.1","Exc L5/6 IT Car3",-0.0165286684467359,5.07081655789745,0.520027092614539,0.471281048606602,0.794633044963293,0.845597927773998,"cogn_se_lv"
"3666","LNX1","Exc L5/6 IT Car3",-0.0266287560359019,7.77515645429565,4.23628795062905,0.0402615722040896,0.330776725437538,0.347610979058301,"cogn_se_lv"
"3667","CHIC2","Exc L5/6 IT Car3",-0.0123948958984421,5.47767316711751,0.923056549228644,0.337294956199043,0.707374895597759,0.765714254034446,"cogn_se_lv"
"3668","AC111194.2","Exc L5/6 IT Car3",-0.0244030467143597,0.99284605819792,0.150282323035245,0.698486428825938,0.909108486430441,0.942445306895707,"cogn_se_lv"
"3669","SRD5A3","Exc L5/6 IT Car3",0.019536171437058,4.0727816511411,0.882371683179795,0.348159701522591,0.716012401863673,0.773022600966518,"cogn_se_lv"
"3670","TMEM165","Exc L5/6 IT Car3",0.0201532141153672,6.11268450992137,2.55443497915167,0.110830327985071,0.474722724099708,0.518189263169673,"cogn_se_lv"
"3671","CLOCK","Exc L5/6 IT Car3",-0.00317964851560991,6.68485600706778,0.131320036180056,0.849526488932077,0.971266077161033,0.98320800719379,"cogn_se_lv"
"3672","EXOC1","Exc L5/6 IT Car3",0.0161170709503119,6.07744667951763,2.48650831045105,0.127040308855707,0.497058895267095,0.546000305540818,"cogn_se_lv"
"3673","CEP135","Exc L5/6 IT Car3",0.0152716195024211,3.88517116268031,0.581009514593077,0.446397748364208,0.781075074328528,0.833138741383095,"cogn_se_lv"
"3674","KIAA1211","Exc L5/6 IT Car3",0.0688005837886071,1.93192684637105,1.98847905942833,0.159331815443945,0.541327839355734,0.593716275696464,"cogn_se_lv"
"3675","AASDH","Exc L5/6 IT Car3",-0.0136744997341551,5.14385476554786,0.945545664146569,0.514289316721036,0.818677978297294,0.866183284002212,"cogn_se_lv"
"3676","PPAT","Exc L5/6 IT Car3",0.0127070507616159,4.65700281665774,0.659405057788932,0.789664874207376,0.951062564074333,0.970073542201963,"cogn_se_lv"
"3677","PAICS","Exc L5/6 IT Car3",-0.00633742432781159,3.81138723126171,0.0895458942914387,0.764921614587588,0.941623994264417,0.963243787081409,"cogn_se_lv"
"3678","SRP72","Exc L5/6 IT Car3",-0.0181887075479798,5.44495599872889,2.30991977248669,0.129396334815661,0.499726372098624,0.550246885706879,"cogn_se_lv"
"3679","ARL9","Exc L5/6 IT Car3",-0.0108043627875549,2.25993712152974,0.0936160867632663,0.86087668757839,0.974289291931413,0.985766640862763,"cogn_se_lv"
"3680","THEGL","Exc L5/6 IT Car3",0.0226380838824189,1.70840685311061,0.205979703117534,0.650200361765481,0.88742216518162,0.924672259065696,"cogn_se_lv"
"3681","HOPX","Exc L5/6 IT Car3",-0.0470921501943651,5.61657266935987,3.1232042398806,0.0780010321245253,0.420387560324412,0.454988922736015,"cogn_se_lv"
"3682","NOA1","Exc L5/6 IT Car3",-0.00871583133309997,3.41282555375751,0.201155327203278,0.654049866222347,0.888560566491041,0.925992400931,"cogn_se_lv"
"3683","POLR2B","Exc L5/6 IT Car3",-0.00775535750000011,5.48464515431102,0.386061265808334,0.534755913191222,0.827540824938452,0.875202212628308,"cogn_se_lv"
"3684","IGFBP7-AS1","Exc L5/6 IT Car3",0.102126646325251,1.01641557696341,1.44333356327398,0.230361551625622,0.619071574163407,0.676178366931053,"cogn_se_lv"
"3685","ADGRL3","Exc L5/6 IT Car3",-0.00996106745035735,9.83638905151695,0.498041899609373,0.48080147700509,0.80063394477736,0.849829698495661,"cogn_se_lv"
"3686","AC020741.1","Exc L5/6 IT Car3",-0.0201703294650094,2.08577507839202,0.23748294667341,0.626315758953183,0.876803286448263,0.916031261106879,"cogn_se_lv"
"3687","ADGRL3-AS1","Exc L5/6 IT Car3",0.00201375489469716,1.75768939010059,0.00125749502404026,0.971730938769772,0.998267578294294,0.999138652990267,"cogn_se_lv"
"3688","LINC02232","Exc L5/6 IT Car3",0.0366591738693023,2.78138849463935,0.497580984591756,0.48100442857482,0.80063394477736,0.8500014573392,"cogn_se_lv"
"3689","EPHA5","Exc L5/6 IT Car3",0.0592607009664468,6.70807833218474,8.5600059002231,0.00364614656556674,0.135345538127747,0.118973856072553,"cogn_se_lv"
"3690","EPHA5-AS1","Exc L5/6 IT Car3",0.049937710645619,3.34716608388666,3.10559807179602,0.0788411042086996,0.420388545867537,0.45651051667853,"cogn_se_lv"
"3691","AC104806.2","Exc L5/6 IT Car3",0.00193913216345545,5.89311121927723,0.0150139100294593,0.90254416101636,0.987810604126722,0.992744989013678,"cogn_se_lv"
"3692","CENPC","Exc L5/6 IT Car3",-0.00502319099243541,6.27480671681333,0.202306187930535,0.653126559339262,0.888556645135312,0.92565339997493,"cogn_se_lv"
"3693","UBA6","Exc L5/6 IT Car3",0.0158606056589057,6.10853330356116,2.40147486974009,0.122067404933381,0.491568598997994,0.538411271352995,"cogn_se_lv"
"3694","UBA6-AS1","Exc L5/6 IT Car3",0.0123485218368638,7.52680431097694,0.598279794264754,0.439724149370193,0.776403982764389,0.829620623251907,"cogn_se_lv"
"3695","TMPRSS11D","Exc L5/6 IT Car3",-0.107611464618587,1.57142823884113,3.99947565141775,0.0462378293653254,0.34865271628239,0.366632736779167,"cogn_se_lv"
"3696","TMPRSS11A","Exc L5/6 IT Car3",0.039321502046802,1.56872576914906,0.468244918884789,0.494219854632883,0.808637418966625,0.856379022950107,"cogn_se_lv"
"3697","YTHDC1","Exc L5/6 IT Car3",-0.0261944253009293,5.8672813719372,4.84541405456523,0.0283305777058128,0.298368509743409,0.300250466334691,"cogn_se_lv"
"3698","UGT2B7","Exc L5/6 IT Car3",0.113479488871729,1.21913452091799,2.66095489419346,0.103681452344228,0.463019336069373,0.504770529464235,"cogn_se_lv"
"3699","UTP3","Exc L5/6 IT Car3",-0.0183927951179792,3.8506543585405,0.69479044306541,0.405072218722096,0.757934301831652,0.810440039408987,"cogn_se_lv"
"3700","RUFY3","Exc L5/6 IT Car3",-0.0130196581811888,8.15967033461434,3.22201448747663,0.0734621715649367,0.41277211405052,0.443658035751233,"cogn_se_lv"
"3701","GRSF1","Exc L5/6 IT Car3",-0.00407294620797888,5.34557143546799,0.101375033804676,0.902634265456583,0.987810604126722,0.992744989013678,"cogn_se_lv"
"3702","MOB1B","Exc L5/6 IT Car3",-0.00893660239961506,5.23313082603798,0.457095305600908,0.875638143316651,0.979884010483651,0.9882628496082,"cogn_se_lv"
"3703","DCK","Exc L5/6 IT Car3",-0.038618819965838,3.66275867388794,2.21395202397902,0.137611275417294,0.510620798575702,0.562950089118275,"cogn_se_lv"
"3704","SLC4A4","Exc L5/6 IT Car3",0.0206637660687667,2.50392274587167,0.269877487185321,0.603721537465666,0.866885096248982,0.906203075676109,"cogn_se_lv"
"3705","NPFFR2","Exc L5/6 IT Car3",0.0324203072888648,2.66900212987413,0.380808085097493,0.537546899371111,0.828690113710241,0.876567876782171,"cogn_se_lv"
"3706","ADAMTS3","Exc L5/6 IT Car3",0.0376077410042511,5.18027441551673,1.59161098022712,0.207883076717802,0.595776638861634,0.651508733909377,"cogn_se_lv"
"3707","COX18","Exc L5/6 IT Car3",0.031918977214168,3.98185497336729,2.72938717946378,0.102004803881581,0.460969387011202,0.501761060434257,"cogn_se_lv"
"3708","ANKRD17","Exc L5/6 IT Car3",-0.0193159071852662,8.65318314314925,5.06590737720742,0.0249816973316906,0.289199021673539,0.285555444578755,"cogn_se_lv"
"3709","AC053527.1","Exc L5/6 IT Car3",0.0531617895512774,5.76864128763597,7.80814394125685,0.00546920234370523,0.159113467050328,0.1451520483719,"cogn_se_lv"
"3710","MTHFD2L","Exc L5/6 IT Car3",-0.0393232575607946,5.35649475798586,6.09193875888655,0.0140269785097979,0.230144135677814,0.222029578057222,"cogn_se_lv"
"3711","BTC","Exc L5/6 IT Car3",0.080868308945123,1.65757226180369,2.03287624335689,0.154763877900314,0.535813577714909,0.587259986885533,"cogn_se_lv"
"3712","PARM1","Exc L5/6 IT Car3",0.00611582793556515,4.22473714265882,0.0493399140609443,0.82433722774758,0.964170081702026,0.978215178466448,"cogn_se_lv"
"3713","AC096759.2","Exc L5/6 IT Car3",-0.0133223695893282,1.57735549324116,0.0592786602702259,0.807773305595113,0.957162855952324,0.975014492766748,"cogn_se_lv"
"3714","RCHY1","Exc L5/6 IT Car3",0.00669107670850559,4.86096037101381,0.215154828448668,0.899524060782011,0.98694872371986,0.992318813731223,"cogn_se_lv"
"3715","THAP6","Exc L5/6 IT Car3",0.0115383090961966,4.20568859596598,0.394883691134737,0.626091975583795,0.876756642787498,0.91590865891126,"cogn_se_lv"
"3716","CDKL2","Exc L5/6 IT Car3",-0.00827641805233363,6.36118225374103,0.596072002973176,0.440568666242413,0.77649470607773,0.829871707233539,"cogn_se_lv"
"3717","G3BP2","Exc L5/6 IT Car3",-0.0174881967874745,6.87283608934638,2.94731851500294,0.0868488390779852,0.434665921422684,0.473297482809146,"cogn_se_lv"
"3718","USO1","Exc L5/6 IT Car3",0.00161016694616487,6.38129221823091,0.0329392595792675,0.85608000375568,0.973040201275245,0.984658410773017,"cogn_se_lv"
"3719","PPEF2","Exc L5/6 IT Car3",0.073461219139975,1.55341436176405,1.81436442672369,0.178801859311074,0.565740257976445,0.619177705285787,"cogn_se_lv"
"3720","NAAA","Exc L5/6 IT Car3",0.0225559983529216,4.73388985985111,2.21643252715507,0.137391708219807,0.510596514476908,0.562591555768461,"cogn_se_lv"
"3721","SDAD1","Exc L5/6 IT Car3",0.00364063139992087,5.29337788514274,0.101644310800509,0.993195840771593,0.999242764926216,0.999870711362408,"cogn_se_lv"
"3722","ART3","Exc L5/6 IT Car3",-0.0457016736868332,6.5935846126657,3.09828799221582,0.079192771551444,0.420663153470392,0.457320700102139,"cogn_se_lv"
"3723","NUP54","Exc L5/6 IT Car3",0.0182377879073951,5.40129458394066,2.21240386992788,0.137748513721263,0.510620798575702,0.563030652322553,"cogn_se_lv"
"3724","SCARB2","Exc L5/6 IT Car3",-0.0197544323720879,6.26146596178692,6.33542629504082,0.0122527061730893,0.219911907765536,0.209397068442234,"cogn_se_lv"
"3725","FAM47E-STBD1","Exc L5/6 IT Car3",0.0451300096848811,3.17874298501786,3.0551199244125,0.0813043772947786,0.424965575349056,0.462058591063317,"cogn_se_lv"
"3726","CCDC158","Exc L5/6 IT Car3",0.0516816498132254,4.11384026458811,4.51410790052832,0.0342723450509229,0.3131269192425,0.32532452267037,"cogn_se_lv"
"3727","SHROOM3","Exc L5/6 IT Car3",-0.0136637857453618,5.38084886254373,0.488762396207227,0.484914808639759,0.803087602824186,0.851680529554032,"cogn_se_lv"
"3728","AC107072.1","Exc L5/6 IT Car3",-0.0116456810239703,4.92889663850317,0.427881013632415,0.513432900174284,0.818677978297294,0.865843898533085,"cogn_se_lv"
"3729","SEPT11","Exc L5/6 IT Car3",0.0109757020073366,8.43343424228311,1.11522744191521,0.2916307046897,0.670680894377538,0.730865045941615,"cogn_se_lv"
"3730","CCNI","Exc L5/6 IT Car3",-0.0309046555733952,8.29880378040134,2.25011185089954,0.134449147560721,0.505539306366846,0.557499100457122,"cogn_se_lv"
"3731","CCNG2","Exc L5/6 IT Car3",-0.0190064757468025,4.59929623584967,1.0065753409996,0.316373911562623,0.691029591108256,0.751763928203215,"cogn_se_lv"
"3732","CXCL13","Exc L5/6 IT Car3",0.0930878291750986,1.43961495671947,1.38532751052706,0.239944924940866,0.625749066637086,0.684626356503331,"cogn_se_lv"
"3733","CNOT6L","Exc L5/6 IT Car3",-0.00817768117703356,6.36684341789728,0.681713640787982,0.409524074534237,0.760469385291995,0.812927522548323,"cogn_se_lv"
"3734","MRPL1","Exc L5/6 IT Car3",-0.00538879466665572,5.45929197558864,0.212542247327452,0.645050284484891,0.88572057848316,0.923045749928653,"cogn_se_lv"
"3735","FRAS1","Exc L5/6 IT Car3",0.000957566896096996,9.88248974114346,0.00316544155622083,0.955162956425411,0.996920944446838,0.998428000651427,"cogn_se_lv"
"3736","ANXA3","Exc L5/6 IT Car3",0.0255715138773941,4.23479109543425,0.948167451088403,0.330816104894551,0.700792822343723,0.761343377764196,"cogn_se_lv"
"3737","BMP2K","Exc L5/6 IT Car3",-0.00157414108486792,5.57459628427986,0.0123881349139268,0.911436628985577,0.989073227776396,0.9937259663591,"cogn_se_lv"
"3738","PAQR3","Exc L5/6 IT Car3",-0.00643910158564835,5.77458336312536,0.229905687812941,0.631874268322787,0.880588866734221,0.918515263821285,"cogn_se_lv"
"3739","LINC01088","Exc L5/6 IT Car3",-7.51101420816093e-05,3.81448284659083,9.14016577276972e-06,0.997589395970735,0.999366489598402,0.999954262357359,"cogn_se_lv"
"3740","ANTXR2","Exc L5/6 IT Car3",0.0355037826516356,4.94452495258557,1.74198712536793,0.18769522891965,0.575062928090689,0.628875083019975,"cogn_se_lv"
"3741","PRDM8","Exc L5/6 IT Car3",-0.000954994366164124,5.17385166583856,0.00200985811401807,0.964265611300438,0.997621680933237,0.998906195013116,"cogn_se_lv"
"3742","FGF5","Exc L5/6 IT Car3",-0.00228338451104599,4.1416112095649,0.0109573953868807,0.91668781671042,0.989745018884058,0.994433466883838,"cogn_se_lv"
"3743","CFAP299","Exc L5/6 IT Car3",-0.00828945635965368,5.93459395740066,0.158244333702075,0.69100524155809,0.904684871763421,0.939756455532569,"cogn_se_lv"
"3744","PRKG2","Exc L5/6 IT Car3",0.065287324256181,1.86602581294136,1.68339041148056,0.195274966304912,0.583411307283604,0.637359206377811,"cogn_se_lv"
"3745","RASGEF1B","Exc L5/6 IT Car3",-0.053787928175207,7.25998395809368,1.88225622988706,0.17090101436255,0.557772399333489,0.609091622229456,"cogn_se_lv"
"3746","AC124016.2","Exc L5/6 IT Car3",-0.0185006060141137,3.60615456054238,0.624376238640143,0.429926837209691,0.772585770266477,0.824423743312155,"cogn_se_lv"
"3747","HNRNPD","Exc L5/6 IT Car3",0.0118839291867582,6.33523549598222,1.7859891147648,0.182228789013824,0.569390804983324,0.622438609334909,"cogn_se_lv"
"3748","AC124016.1","Exc L5/6 IT Car3",0.0443206178631184,3.23968002569101,2.9365709388008,0.0874237193571378,0.435844198544331,0.474305920169735,"cogn_se_lv"
"3749","HNRNPDL","Exc L5/6 IT Car3",-0.00713921609568963,7.23412302393636,0.358014009641387,0.549973771652358,0.837051948259007,0.882085387584401,"cogn_se_lv"
"3750","ENOPH1","Exc L5/6 IT Car3",-0.0170412980024081,4.82548697902615,1.39010484543395,0.239137560200445,0.625336331463151,0.683998262461618,"cogn_se_lv"
"3751","TMEM150C","Exc L5/6 IT Car3",0.0123277184387628,6.86478851158288,0.989022285092886,0.320624994656217,0.693607301690158,0.75458861265983,"cogn_se_lv"
"3752","SCD5","Exc L5/6 IT Car3",-0.00184762006791666,7.81120027411243,0.0247723334061343,0.875020698226191,0.979751648832088,0.988222954523801,"cogn_se_lv"
"3753","SEC31A","Exc L5/6 IT Car3",0.0118602202485047,6.59547738554613,1.69606379921328,0.193605667409524,0.582065095024923,0.635635332830365,"cogn_se_lv"
"3754","THAP9","Exc L5/6 IT Car3",0.0666481815997746,2.15094238093599,3.36064936228535,0.067567082091941,0.397738845527666,0.428459168944385,"cogn_se_lv"
"3755","LIN54","Exc L5/6 IT Car3",0.0182554938914084,4.90553763468968,1.68475558674019,0.195094340071133,0.583236576086779,0.637243940586538,"cogn_se_lv"
"3756","COPS4","Exc L5/6 IT Car3",0.00721956887717165,5.37008990900311,0.34276409672567,0.558591454608198,0.841578314872264,0.886218932987452,"cogn_se_lv"
"3757","COQ2","Exc L5/6 IT Car3",0.0175778621499646,2.05643881810767,0.183263725044435,0.668829948246867,0.896237954159276,0.93177199607344,"cogn_se_lv"
"3758","HELQ","Exc L5/6 IT Car3",-0.0100216412114991,4.6183331780429,0.488040280720937,0.48523733736569,0.803137615799012,0.851878586220992,"cogn_se_lv"
"3759","MRPS18C","Exc L5/6 IT Car3",-0.00977624429391313,4.5471148940104,0.305467835080274,0.580805167993239,0.854958539972831,0.896358609867698,"cogn_se_lv"
"3760","ABRAXAS1","Exc L5/6 IT Car3",0.0196254988315979,2.66968744183405,0.449897220639161,0.502798121595091,0.81419014008296,0.860670556703771,"cogn_se_lv"
"3761","GPAT3","Exc L5/6 IT Car3",0.100224582815553,1.73661998553961,3.66132136862117,0.0564532825791299,0.373928928056421,0.399395467463408,"cogn_se_lv"
"3762","CDS1","Exc L5/6 IT Car3",-0.0307211461160528,3.48625911561375,2.02352249361435,0.15571371386278,0.537252474348906,0.588718602840555,"cogn_se_lv"
"3763","WDFY3","Exc L5/6 IT Car3",0.00122596369645006,8.22353417975514,0.0139716023677534,0.905971487216708,0.987810604126722,0.99299714570084,"cogn_se_lv"
"3764","WDFY3-AS1","Exc L5/6 IT Car3",0.00427503332212288,1.54026606348402,0.00784632222614916,0.929463578736352,0.991814175882228,0.995925713518617,"cogn_se_lv"
"3765","ARHGAP24","Exc L5/6 IT Car3",-0.0557334698277349,4.16269911145811,4.72642558766498,0.0303296375777579,0.304222598957164,0.308825481350628,"cogn_se_lv"
"3766","MAPK10","Exc L5/6 IT Car3",-0.0222200281245202,10.1657491154413,5.3104961533475,0.0217450267087078,0.276220485614688,0.270284768353159,"cogn_se_lv"
"3767","AC104827.1","Exc L5/6 IT Car3",-0.0205380467070893,5.2296122832162,0.299980419164559,0.5842216916094,0.855777482563133,0.897915716818186,"cogn_se_lv"
"3768","PTPN13","Exc L5/6 IT Car3",-0.027879850181446,7.01001612928674,4.70760324172665,0.0306591429903146,0.304222598957164,0.310213016882483,"cogn_se_lv"
"3769","AC093827.5","Exc L5/6 IT Car3",0.0352642910567362,1.92979634857258,0.736367098262655,0.391377184677278,0.748087804306567,0.802364328837323,"cogn_se_lv"
"3770","AFF1","Exc L5/6 IT Car3",-0.0115344890494895,7.21882317264867,0.958984011890676,0.328076559588633,0.700074877560877,0.759911686596272,"cogn_se_lv"
"3771","KLHL8","Exc L5/6 IT Car3",0.0106368114225012,5.43239875912395,0.941703544827721,0.379236093174235,0.738323020107713,0.794726943395276,"cogn_se_lv"
"3772","HSD17B13","Exc L5/6 IT Car3",0.00955124399917741,2.39238591306923,0.0596247594509462,0.807224023944133,0.95680666424062,0.974734669294457,"cogn_se_lv"
"3773","HSD17B11","Exc L5/6 IT Car3",0.0226872008115231,4.15993420265096,1.73226187700366,0.188929075722534,0.576196760720165,0.630226724598083,"cogn_se_lv"
"3774","NUDT9","Exc L5/6 IT Car3",0.000549690456210877,4.63627182547225,0.00142838672737181,0.969872107605932,0.998267578294294,0.999099628483138,"cogn_se_lv"
"3775","SPARCL1","Exc L5/6 IT Car3",-0.0401162196923353,9.64551868016655,5.75023199489735,0.016976354280299,0.246943376534784,0.241206036112629,"cogn_se_lv"
"3776","AC093895.1","Exc L5/6 IT Car3",-0.0583574953761932,1.41425615647036,1.06703359361459,0.302284520610765,0.679575090045828,0.740517302362789,"cogn_se_lv"
"3777","SPP1","Exc L5/6 IT Car3",-0.0622816270837487,2.58170971169974,1.75741640585261,0.185756951315997,0.572962516571504,0.62638632587678,"cogn_se_lv"
"3778","PKD2","Exc L5/6 IT Car3",0.0140925871641191,7.45618357289381,1.40902174291468,0.235972921114788,0.623140686898157,0.681056357605471,"cogn_se_lv"
"3779","PPM1K","Exc L5/6 IT Car3",-0.0156600744094633,7.94267019300565,2.34369227715998,0.126637191576324,0.497058895267095,0.545184655673936,"cogn_se_lv"
"3780","AC107067.1","Exc L5/6 IT Car3",-0.0160239519562753,3.84503479422787,0.281100057419621,0.596296006421214,0.862418526343623,0.90329861201287,"cogn_se_lv"
"3781","HERC6","Exc L5/6 IT Car3",-0.00084956149746601,5.39733571372723,0.00315680806431302,0.955224078348779,0.996920944446838,0.998428000651427,"cogn_se_lv"
"3782","PYURF","Exc L5/6 IT Car3",-0.0538568095433698,4.16321468761365,3.53189192951985,0.0609770680442925,0.383639785107702,0.411859925921262,"cogn_se_lv"
"3783","AC098582.1","Exc L5/6 IT Car3",-0.00423764149458191,3.18356936015875,0.0227809553244359,0.880109529617859,0.981383038672293,0.988923094115778,"cogn_se_lv"
"3784","HERC3","Exc L5/6 IT Car3",-0.0118711171590926,5.87013871022487,0.80759134963884,0.369412020489179,0.731221992968291,0.787747945136251,"cogn_se_lv"
"3785","NAP1L5","Exc L5/6 IT Car3",-0.0389093138619178,3.90873258312961,1.73807141814955,0.188190881414619,0.575062928090689,0.629238201400643,"cogn_se_lv"
"3786","FAM13A-AS1","Exc L5/6 IT Car3",-0.01204268834916,4.02051849219788,0.366244753576893,0.545425691802902,0.833740702904913,0.880012338377153,"cogn_se_lv"
"3787","FAM13A","Exc L5/6 IT Car3",-0.0138051137310477,6.31352385896865,0.854824830925667,0.355787654676186,0.721289984062316,0.778455327465081,"cogn_se_lv"
"3788","GPRIN3","Exc L5/6 IT Car3",0.000284409841385429,2.90373112960551,3.48165432251942e-05,0.995295214766484,0.999242764926216,0.999870711362408,"cogn_se_lv"
"3789","AC097478.1","Exc L5/6 IT Car3",-0.0728741402496789,3.37789069717523,2.14233918038186,0.144123941910786,0.520632076517234,0.572631931913231,"cogn_se_lv"
"3790","SNCA","Exc L5/6 IT Car3",-0.0040804478862853,8.20571484978471,0.131571577227653,0.717013183875886,0.919033305559248,0.948883279219274,"cogn_se_lv"
"3791","CCSER1","Exc L5/6 IT Car3",0.0486176500282489,8.96709511066603,10.008217958551,0.00168602877485392,0.0973122267810669,0.0818065533756919,"cogn_se_lv"
"3792","GRID2","Exc L5/6 IT Car3",-0.0349479786985024,5.92064784506676,1.17116029525988,0.279860818672471,0.661446762566016,0.721686262973719,"cogn_se_lv"
"3793","SMARCAD1","Exc L5/6 IT Car3",-0.00669096770230451,6.30585954722728,0.43500748778668,0.593994379191227,0.860869525920801,0.902366758372123,"cogn_se_lv"
"3794","HPGDS","Exc L5/6 IT Car3",-0.030198380191748,1.31673149287031,0.292990851926743,0.588632817925687,0.858678584632827,0.899997299243605,"cogn_se_lv"
"3795","PDLIM5","Exc L5/6 IT Car3",-0.0549587284542262,6.84944160510752,9.77944279111273,0.00190304107423943,0.104206342515711,0.086976895261321,"cogn_se_lv"
"3796","BMPR1B","Exc L5/6 IT Car3",-0.0519842216366172,2.2312509792076,1.76981222834491,0.184216635883409,0.570735110564343,0.624830243236083,"cogn_se_lv"
"3797","UNC5C","Exc L5/6 IT Car3",0.0106479283855023,10.7042332297578,0.435659221098118,0.509631668275417,0.817087552547132,0.863813504182157,"cogn_se_lv"
"3798","AC106881.1","Exc L5/6 IT Car3",0.0459863482723061,4.24032508883963,2.77662710242546,0.0964873761763163,0.450590440676212,0.491291534103739,"cogn_se_lv"
"3799","LINC02267","Exc L5/6 IT Car3",0.0743409382662548,2.59914653978882,3.66795149769949,0.0562314025408503,0.373928928056421,0.399097585527231,"cogn_se_lv"
"3800","STPG2","Exc L5/6 IT Car3",-0.0175107441790833,8.31478880744391,0.515535358253389,0.473201062055085,0.795908671587733,0.846393939627095,"cogn_se_lv"
"3801","STPG2-AS1","Exc L5/6 IT Car3",-0.0434599699396366,4.50841757430787,0.918252312466979,0.338553853338428,0.708986774102382,0.766583430862918,"cogn_se_lv"
"3802","RAP1GDS1","Exc L5/6 IT Car3",-0.00317143399970922,7.57218939404883,0.106469600056927,0.744382478276514,0.933022991340091,0.957514495374597,"cogn_se_lv"
"3803","TSPAN5","Exc L5/6 IT Car3",-0.0109179916695441,8.75361114640236,1.66396813414281,0.197866132914257,0.585652838765927,0.6400689849321,"cogn_se_lv"
"3804","AC114811.2","Exc L5/6 IT Car3",-0.023895702926063,1.97935907571039,0.339059147141192,0.56072396252177,0.843634938235413,0.887177447700678,"cogn_se_lv"
"3805","EIF4E","Exc L5/6 IT Car3",-0.00566227203994434,6.05849536280783,0.361037741672159,0.548294744876026,0.836019892207747,0.881434830772522,"cogn_se_lv"
"3806","AC019131.1","Exc L5/6 IT Car3",0.0755035865937176,2.1467841483419,2.95004368811184,0.0867037254809398,0.43449738538888,0.473056813843027,"cogn_se_lv"
"3807","METAP1","Exc L5/6 IT Car3",0.0212201366433916,4.4893673221342,2.32111300490474,0.15440277346575,0.535555258877144,0.586816786751828,"cogn_se_lv"
"3808","ADH5","Exc L5/6 IT Car3",-0.031923365316622,5.02909550813554,4.8717044164379,0.0279077737434543,0.297838283113648,0.29834099660201,"cogn_se_lv"
"3809","AP002026.1","Exc L5/6 IT Car3",0.0303577272461777,3.0877373442011,1.11733460007497,0.29117598238888,0.670536939842116,0.730474546730848,"cogn_se_lv"
"3810","TRMT10A","Exc L5/6 IT Car3",-0.040116634537394,2.91512143989419,2.62308130319796,0.10616335102318,0.468287180351601,0.509982708533525,"cogn_se_lv"
"3811","MTTP","Exc L5/6 IT Car3",-0.118512331661266,1.66604582657631,2.83612837973585,0.0930011048031724,0.444495773743159,0.48565969415127,"cogn_se_lv"
"3812","DAPP1","Exc L5/6 IT Car3",0.00532806996523152,1.37326688954572,0.00568613992921635,0.939931642410053,0.994539668727838,0.99743111103733,"cogn_se_lv"
"3813","LAMTOR3","Exc L5/6 IT Car3",0.00114425377392557,4.34655599643904,0.00371108733904281,0.951456529242705,0.995574924193992,0.997836931072809,"cogn_se_lv"
"3814","DNAJB14","Exc L5/6 IT Car3",-0.0092251362423209,7.07562813139627,1.17001161879084,0.280096401825368,0.661452144252327,0.721791492739873,"cogn_se_lv"
"3815","H2AFZ","Exc L5/6 IT Car3",-0.0503542804933302,5.63330035810623,2.65249232196802,0.104230426563072,0.464133696899605,0.505954238926374,"cogn_se_lv"
"3816","AC097460.1","Exc L5/6 IT Car3",0.0702472365298522,2.9674301333495,3.82745766540115,0.0511638638079753,0.35981631126162,0.382516723685923,"cogn_se_lv"
"3817","EMCN","Exc L5/6 IT Car3",-0.0378215647565168,1.6323984489702,0.561180949035841,0.454256113935561,0.785539138032057,0.836988603674411,"cogn_se_lv"
"3818","PPP3CA","Exc L5/6 IT Car3",0.00265139049477493,9.4991172889385,0.081376653976329,0.775598456036433,0.94588241313831,0.966374952277134,"cogn_se_lv"
"3819","AP001816.1","Exc L5/6 IT Car3",0.0308814267807321,2.46165219408502,0.808116057015248,0.369256721892588,0.731167375225857,0.787691560725524,"cogn_se_lv"
"3820","BANK1","Exc L5/6 IT Car3",-0.00121530033988118,2.66693321243794,0.000871173369380312,0.976469097834908,0.998267578294294,0.999481105410931,"cogn_se_lv"
"3821","AP002075.1","Exc L5/6 IT Car3",0.0443828217062829,2.1250729948852,0.782794076239244,0.37685690905369,0.73648959790563,0.792771609775001,"cogn_se_lv"
"3822","SLC39A8","Exc L5/6 IT Car3",0.0456393549746155,2.39620132426419,1.38919225970197,0.239291530171578,0.62545799071681,0.684160211899484,"cogn_se_lv"
"3823","NFKB1","Exc L5/6 IT Car3",-0.0320485032615551,6.16625544342363,5.13867462512643,0.0239693929725408,0.286933798249348,0.281268291939536,"cogn_se_lv"
"3824","MANBA","Exc L5/6 IT Car3",0.021043494934429,5.73503034737028,1.91001507359449,0.167787164549623,0.554001885684456,0.604686799025698,"cogn_se_lv"
"3825","UBE2D3","Exc L5/6 IT Car3",-0.00446425685883845,7.65150605519552,0.19623687295841,0.658031971408302,0.890530429121859,0.927965812991312,"cogn_se_lv"
"3826","AC018797.2","Exc L5/6 IT Car3",0.0733415586865885,3.51721944533623,10.4112195460183,0.00136305652320153,0.0923637139264533,0.0748387402752578,"cogn_se_lv"
"3827","CISD2","Exc L5/6 IT Car3",-0.0376854466974193,4.48154303570459,4.1141720698143,0.043234175897495,0.339887434851523,0.358227852809133,"cogn_se_lv"
"3828","SLC9B1","Exc L5/6 IT Car3",0.0472649570588854,3.16264032676045,3.1939465197468,0.0747217760619789,0.414769825773162,0.447031536764081,"cogn_se_lv"
"3829","SLC9B2","Exc L5/6 IT Car3",0.00792708016038761,5.97830057001541,0.70935930263611,0.400195309007249,0.754278915425412,0.807627017143145,"cogn_se_lv"
"3830","CENPE","Exc L5/6 IT Car3",0.0683018070793836,2.64756870537111,3.81508954011324,0.0515388767115867,0.35981631126162,0.383819397340387,"cogn_se_lv"
"3831","CXXC4","Exc L5/6 IT Car3",0.0137933177004162,1.66297314627871,0.0623896067046642,0.802895425397238,0.955597215489341,0.973737976661521,"cogn_se_lv"
"3832","CXXC4-AS1","Exc L5/6 IT Car3",-0.062856865319921,4.36222268875537,4.82311048384186,0.0286945150414985,0.299192809274161,0.301751055213116,"cogn_se_lv"
"3833","AC004053.1","Exc L5/6 IT Car3",-0.00888740927544435,2.04448837596527,0.0364221677697868,0.848749950337546,0.971136553429121,0.983195214305009,"cogn_se_lv"
"3834","AC096577.1","Exc L5/6 IT Car3",-0.0304987135549424,2.01540292814855,0.501729385962072,0.479182841346968,0.799764009145411,0.849023623076222,"cogn_se_lv"
"3835","TET2","Exc L5/6 IT Car3",0.0145527619483055,4.85612284019742,0.644221263120394,0.422696522802517,0.76923863843178,0.820400389195045,"cogn_se_lv"
"3836","PPA2","Exc L5/6 IT Car3",-0.0195931605886947,6.63048776713831,3.13064845752024,0.0776487484805766,0.420245591791449,0.453865147258875,"cogn_se_lv"
"3837","ARHGEF38","Exc L5/6 IT Car3",0.0448093574205423,1.80915193928178,0.920601406234921,0.337937510981233,0.70817787227685,0.766151215755329,"cogn_se_lv"
"3838","INTS12","Exc L5/6 IT Car3",0.00404059380357303,5.42411948846994,0.0243259674933122,0.876142592648097,0.979884010483651,0.98843736634371,"cogn_se_lv"
"3839","GSTCD","Exc L5/6 IT Car3",0.0218986507140184,5.43774456408693,1.85612600214401,0.173893165243881,0.560346694535874,0.612334079303933,"cogn_se_lv"
"3840","NPNT","Exc L5/6 IT Car3",0.000345181611505351,5.24678749021081,0.000102539124907723,0.991926034919297,0.999242764926216,0.999870711362408,"cogn_se_lv"
"3841","AC109361.1","Exc L5/6 IT Car3",0.025180396350905,2.71034812408696,0.817253131926948,0.366566944352221,0.72849499917106,0.785703058142225,"cogn_se_lv"
"3842","TBCK","Exc L5/6 IT Car3",0.00723782701748685,7.92785260053044,0.448193267567862,0.503607629645535,0.814567104377341,0.860995293708579,"cogn_se_lv"
"3843","AIMP1","Exc L5/6 IT Car3",0.00113216086857112,4.7017960299691,0.00506911330141901,0.9432784965033,0.994804925328349,0.997626386519645,"cogn_se_lv"
"3844","DKK2","Exc L5/6 IT Car3",-0.0553062813671967,3.82326434219643,4.17285835899323,0.0417777054063238,0.336099783692276,0.35350536681252,"cogn_se_lv"
"3845","PAPSS1","Exc L5/6 IT Car3",-0.00424741259663685,7.20664092549462,0.189004011754375,0.66399781917129,0.893959404443398,0.930074646578634,"cogn_se_lv"
"3846","SGMS2","Exc L5/6 IT Car3",0.0699190859326555,2.44840901565141,3.51146027315784,0.0617258815644328,0.385223567427665,0.41397652565543,"cogn_se_lv"
"3847","AC096564.1","Exc L5/6 IT Car3",0.0264883675621731,4.6229397100664,1.46250771819358,0.2272961138564,0.616294431333684,0.67258710690116,"cogn_se_lv"
"3848","CYP2U1","Exc L5/6 IT Car3",0.0234341887339863,4.45368971283427,1.84760434652595,0.174882018924265,0.56176878965653,0.61396616735005,"cogn_se_lv"
"3849","HADH","Exc L5/6 IT Car3",0.00990996207013705,4.40021239441625,0.396145004392867,0.551187698450943,0.837805301645433,0.882569164329188,"cogn_se_lv"
"3850","RPL34-AS1","Exc L5/6 IT Car3",0.0587721663366518,4.12817262325866,5.98080624827924,0.0149230926732309,0.235797121397355,0.228423005820692,"cogn_se_lv"
"3851","RPL34","Exc L5/6 IT Car3",-0.0733380644745793,6.1885828171621,2.96891752474345,0.0857059091363264,0.433886165002653,0.471496773177654,"cogn_se_lv"
"3852","OSTC","Exc L5/6 IT Car3",0.000933004677309,3.52174638615404,0.00196894599315958,0.964630939184762,0.997621680933237,0.998906195013116,"cogn_se_lv"
"3853","COL25A1","Exc L5/6 IT Car3",0.0601387781056615,3.92385622857242,5.59653493189386,0.0185058312531398,0.258548624040107,0.250828524874946,"cogn_se_lv"
"3854","SEC24B-AS1","Exc L5/6 IT Car3",0.0537143901649747,4.06561183095126,4.97273183360476,0.0263434063361952,0.293064283242318,0.29113830515422,"cogn_se_lv"
"3855","SEC24B","Exc L5/6 IT Car3",-0.00281748165846955,6.48856823858575,0.0803446944323038,0.776987807364065,0.946431953812364,0.966722058240964,"cogn_se_lv"
"3856","MCUB","Exc L5/6 IT Car3",-0.103194777317311,1.98552981172713,5.07495335205519,0.0248534644264533,0.289099594031926,0.285248534233941,"cogn_se_lv"
"3857","CASP6","Exc L5/6 IT Car3",-0.0177068267716235,3.68395762780768,0.40421468176881,0.525309783313552,0.822935419909972,0.870736511433868,"cogn_se_lv"
"3858","PLA2G12A","Exc L5/6 IT Car3",-0.0109496685255226,4.7425179556558,0.604623064479818,0.437311540136688,0.775649107158531,0.827925327086521,"cogn_se_lv"
"3859","GAR1","Exc L5/6 IT Car3",-0.0239978874040019,3.34219857087388,1.16629259779321,0.280860863354823,0.661835658709345,0.722239497176399,"cogn_se_lv"
"3860","RRH","Exc L5/6 IT Car3",0.0214420708989634,2.92866021138777,0.677218693814995,0.430963152852252,0.773381870615224,0.824751804578167,"cogn_se_lv"
"3861","LRIT3","Exc L5/6 IT Car3",0.0701056214357142,1.8263753540744,2.39155343320629,0.122838809363309,0.49197586118719,0.539587753333977,"cogn_se_lv"
"3862","EGF","Exc L5/6 IT Car3",-0.0178573574854034,4.4704262494223,0.426742591078027,0.513993387694327,0.818677978297294,0.866136666937879,"cogn_se_lv"
"3863","ELOVL6","Exc L5/6 IT Car3",0.0191508318015247,5.93743152950333,1.57571689962495,0.21016314274004,0.598377655682482,0.653389828305277,"cogn_se_lv"
"3864","ENPEP","Exc L5/6 IT Car3",-0.17188385167119,1.76289434231466,9.49700153217616,0.00221070274418607,0.109397798176925,0.0933809000315206,"cogn_se_lv"
"3865","FAM241A","Exc L5/6 IT Car3",-0.0202986400751088,2.27846665713298,0.265283054693758,0.60681817368981,0.868489208523477,0.907669069075876,"cogn_se_lv"
"3866","AP1AR","Exc L5/6 IT Car3",0.0214614362972708,4.4353830826748,1.67222511183727,0.196759643294356,0.584763381151275,0.638853983493195,"cogn_se_lv"
"3867","ZGRF1","Exc L5/6 IT Car3",0.00306933391313953,4.20359961224434,0.0287105534048957,0.865540766969314,0.975873436165403,0.986621371146758,"cogn_se_lv"
"3868","LARP7","Exc L5/6 IT Car3",-0.038939272722913,4.59267494604423,4.87191071622959,0.0279044822139847,0.297838283113648,0.29834099660201,"cogn_se_lv"
"3869","ANK2","Exc L5/6 IT Car3",-0.0050620294665867,10.6247049284829,0.304176651790088,0.58160544988384,0.855233062269629,0.896853483610364,"cogn_se_lv"
"3870","AC093879.1","Exc L5/6 IT Car3",-0.00931470789619328,4.56249319178198,0.0626150906096621,0.802546943937578,0.955597215489341,0.973652450180712,"cogn_se_lv"
"3871","CAMK2D","Exc L5/6 IT Car3",-0.00693915699948449,6.730683916875,0.152813219149981,0.696084093142048,0.907933051341995,0.941660540925839,"cogn_se_lv"
"3872","ARSJ","Exc L5/6 IT Car3",-0.0831712111388029,3.87773555588485,5.7289762417247,0.0171798164409706,0.248260446034307,0.242238457213054,"cogn_se_lv"
"3873","UGT8","Exc L5/6 IT Car3",-0.0596582007212524,1.52966609412965,1.02061620763084,0.313026597062801,0.687818293660267,0.749390228241882,"cogn_se_lv"
"3874","TRAM1L1","Exc L5/6 IT Car3",-0.0056642165440413,1.94761372328555,0.0185678589373971,0.96155767587092,0.997053628956036,0.998669553021838,"cogn_se_lv"
"3875","LINC02262","Exc L5/6 IT Car3",0.0170328597506395,1.08579490615682,0.0634753204026269,0.801223562549183,0.955522586582934,0.973304877618877,"cogn_se_lv"
"3876","LINC01378","Exc L5/6 IT Car3",-0.0568411082075965,5.81300154039712,2.9081312584641,0.0889650005677926,0.438262424022946,0.477665824686904,"cogn_se_lv"
"3877","NDST3","Exc L5/6 IT Car3",0.00501064184228925,7.31730707908418,0.135747031557171,0.712754828121504,0.917309961453191,0.947799656202858,"cogn_se_lv"
"3878","SNHG8","Exc L5/6 IT Car3",-0.000261187660507094,3.41046747703878,1.67947095107223e-05,0.996732357510531,0.999242764926216,0.999924332100565,"cogn_se_lv"
"3879","AC110079.2","Exc L5/6 IT Car3",-0.0397630646970611,2.4125647519285,1.3821195726648,0.24048892828735,0.625749066637086,0.685211482453449,"cogn_se_lv"
"3880","METTL14","Exc L5/6 IT Car3",-0.00309584377807924,5.02036769981053,0.0601817090830906,0.846068287908215,0.970988236489561,0.982781820079773,"cogn_se_lv"
"3881","SEC24D","Exc L5/6 IT Car3",-0.0131644576087697,4.10019655994894,0.219315728947059,0.639834841540447,0.88361972463276,0.921055699298057,"cogn_se_lv"
"3882","SYNPO2","Exc L5/6 IT Car3",0.0313509148777009,5.848408298256,2.33736821862781,0.127148812403763,0.497058895267095,0.546106714521424,"cogn_se_lv"
"3883","USP53","Exc L5/6 IT Car3",0.0177597243095356,5.39250263827344,1.77798740789923,0.1832089184671,0.570047462080366,0.623877082642984,"cogn_se_lv"
"3884","C4orf3","Exc L5/6 IT Car3",-0.0408310405440588,5.32093354286175,3.76793040431347,0.0529958021480871,0.364924114120385,0.389262179698775,"cogn_se_lv"
"3885","PDE5A","Exc L5/6 IT Car3",0.051199947419276,5.67706172706407,1.51348184891316,0.219382464240244,0.607794081846509,0.664074948573769,"cogn_se_lv"
"3886","MAD2L1","Exc L5/6 IT Car3",0.0396818856013851,2.17968637920866,1.09587369182295,0.31467646661583,0.689278511417254,0.750313156773363,"cogn_se_lv"
"3887","AC108866.1","Exc L5/6 IT Car3",0.0561732908919274,4.83666478086883,6.30612292241217,0.012453363599803,0.222340215546368,0.211287246294873,"cogn_se_lv"
"3888","PRDM5","Exc L5/6 IT Car3",0.0215832408493184,4.53313471921101,0.88158516949792,0.348374381424374,0.716201139476506,0.773139121525075,"cogn_se_lv"
"3889","ANXA5","Exc L5/6 IT Car3",-0.0236112834088436,4.98614287817423,1.88999872963435,0.170025858344889,0.556733788386556,0.608022949444058,"cogn_se_lv"
"3890","AC079341.1","Exc L5/6 IT Car3",0.00445259532153669,2.8746479593601,0.0196349045382475,0.888637039266139,0.984472057540796,0.990240000724575,"cogn_se_lv"
"3891","EXOSC9","Exc L5/6 IT Car3",-0.00262175995625906,4.08016903075849,0.0248693837138215,0.992658917044231,0.999242764926216,0.999870711362408,"cogn_se_lv"
"3892","CCNA2","Exc L5/6 IT Car3",-0.0268945492379228,2.20137967422977,0.481863612819564,0.488010709598026,0.804955830014721,0.85337520157286,"cogn_se_lv"
"3893","BBS7","Exc L5/6 IT Car3",0.0116844085351143,6.04001088892632,1.003481813596,0.317117709649391,0.691966759039291,0.752303340707154,"cogn_se_lv"
"3894","TRPC3","Exc L5/6 IT Car3",0.169785811664216,4.23556159609458,17.9945182038927,2.79664279594732e-05,0.016431602329735,0.00912513301169208,"cogn_se_lv"
"3895","KIAA1109","Exc L5/6 IT Car3",-0.00099334778111606,7.66224875776363,0.00939139755595416,0.922850438907183,0.990974669133532,0.995127414547275,"cogn_se_lv"
"3896","BBS12","Exc L5/6 IT Car3",-0.0162005983900599,2.76408402890688,0.386416392516814,0.534568187729322,0.827540824938452,0.87507479418486,"cogn_se_lv"
"3897","FGF2","Exc L5/6 IT Car3",0.00640117860399847,4.75522437244066,0.0536765148184817,0.816911887790981,0.959947755253107,0.976965592122186,"cogn_se_lv"
"3898","NUDT6","Exc L5/6 IT Car3",-0.014547187720416,3.79486046622718,0.551120864315873,0.458326462236163,0.788028655907772,0.839399185128853,"cogn_se_lv"
"3899","SPATA5","Exc L5/6 IT Car3",-0.00247281962122325,5.85102450104743,0.0255168441169488,0.873172256399577,0.979445941768671,0.987920203095888,"cogn_se_lv"
"3900","SPRY1","Exc L5/6 IT Car3",-0.0666413018340167,1.71260683021591,1.57833328420873,0.209785777983295,0.597972554265113,0.653237759504435,"cogn_se_lv"
"3901","LINC01091","Exc L5/6 IT Car3",-0.0657848026790537,1.75434434175404,2.19119667476777,0.139644046978887,0.513039360946545,0.565357958977672,"cogn_se_lv"
"3902","ANKRD50","Exc L5/6 IT Car3",0.0106470006585174,4.21064690959455,0.377953667180957,0.539074607116067,0.829635820351628,0.877293993944055,"cogn_se_lv"
"3903","FAT4","Exc L5/6 IT Car3",0.0623051573358721,1.47746155577015,1.32930532129151,0.249665824827392,0.63394770567457,0.694116437393912,"cogn_se_lv"
"3904","INTU","Exc L5/6 IT Car3",0.0220364484684694,6.20445383203658,2.95563575987369,0.0864067759966129,0.434373509228393,0.472618581831745,"cogn_se_lv"
"3905","HSPA4L","Exc L5/6 IT Car3",0.015952328912211,5.7718160213343,0.584162792751823,0.445167605464587,0.780222007527615,0.832468875204847,"cogn_se_lv"
"3906","PLK4","Exc L5/6 IT Car3",0.118401622202511,1.76390578371692,5.56382626612802,0.0188493765225374,0.260172111822288,0.253103289955238,"cogn_se_lv"
"3907","MFSD8","Exc L5/6 IT Car3",-0.000475603269458017,5.18093362998441,0.00131138523799154,0.971131814737133,0.998267578294294,0.999102668702867,"cogn_se_lv"
"3908","ABHD18","Exc L5/6 IT Car3",0.0112185076278043,6.80119464031072,0.991581761521482,0.320000461688961,0.693607301690158,0.754138350460897,"cogn_se_lv"
"3909","LARP1B","Exc L5/6 IT Car3",0.0189321223363165,7.65081006071526,3.50574173644691,0.0619372206813756,0.38577882113733,0.414353501478187,"cogn_se_lv"
"3910","PGRMC2","Exc L5/6 IT Car3",-0.00128708712397204,5.03001736765549,0.00841390253972522,0.92696383805465,0.991538479686899,0.995639170360381,"cogn_se_lv"
"3911","AC108062.1","Exc L5/6 IT Car3",0.074743831722492,4.23218671972788,7.40363577266901,0.00681360753913328,0.175941979911512,0.160577652782579,"cogn_se_lv"
"3912","JADE1","Exc L5/6 IT Car3",0.0247922005872759,4.63877090078277,2.41669269536392,0.12089465248909,0.490612459339224,0.536436121324361,"cogn_se_lv"
"3913","SCLT1","Exc L5/6 IT Car3",-0.0145635965768527,6.8478998052494,1.36602109271957,0.243241757608317,0.628295163995429,0.687558162356735,"cogn_se_lv"
"3914","C4orf33","Exc L5/6 IT Car3",-0.0330198185715335,3.54429956884132,2.81399560541565,0.120637453207292,0.490258886944869,0.535993386266947,"cogn_se_lv"
"3915","AC096711.2","Exc L5/6 IT Car3",-0.0207349408167831,6.3085349485249,1.32002888638731,0.251321752264482,0.63477305834746,0.696041186686884,"cogn_se_lv"
"3916","LINC01256","Exc L5/6 IT Car3",0.0119807211956037,1.72439763918873,0.0579898021343085,0.809833890427093,0.958497544695298,0.975526262241778,"cogn_se_lv"
"3917","AC115622.1","Exc L5/6 IT Car3",0.0392539429679643,2.67227884828439,0.79381273700902,0.373523021072696,0.733583142508685,0.790440113938063,"cogn_se_lv"
"3918","AC105383.1","Exc L5/6 IT Car3",0.0239478242424172,4.70643839756772,1.88065739597173,0.171082380879373,0.557772399333489,0.609196350262591,"cogn_se_lv"
"3919","PCDH10","Exc L5/6 IT Car3",-0.0360482804082569,5.88398290384051,6.56049183121462,0.0108185407553714,0.213179377869315,0.198615491388861,"cogn_se_lv"
"3920","AC079380.1","Exc L5/6 IT Car3",-0.00426144446259344,4.37136997368284,0.0142547500227549,0.905027963478081,0.987810604126722,0.992856841835676,"cogn_se_lv"
"3921","AC018680.1","Exc L5/6 IT Car3",-0.0171054286377635,1.36969805969596,0.081074986311205,0.776003608211167,0.946160377580805,0.966550475586803,"cogn_se_lv"
"3922","LINC00616","Exc L5/6 IT Car3",-0.00457939610914249,1.69470428130934,0.0082742529005795,0.927570794123172,0.991538479686899,0.995671908493945,"cogn_se_lv"
"3923","SLC7A11","Exc L5/6 IT Car3",-0.0202433138831696,1.65011677539681,0.113100809161135,0.736829924100253,0.929340479585551,0.955277290511222,"cogn_se_lv"
"3924","AC109927.1","Exc L5/6 IT Car3",-0.000542744326462306,3.86733777036443,0.000337067758400296,0.985361935745903,0.998390354534415,0.999870711362408,"cogn_se_lv"
"3925","NOCT","Exc L5/6 IT Car3",0.0726857330593395,3.02424001211136,4.96329109395859,0.026485634380621,0.293458540761524,0.291868096464543,"cogn_se_lv"
"3926","ELF2","Exc L5/6 IT Car3",0.0255500791391587,6.4675120527034,4.32001191250915,0.0383485951020236,0.326871566393295,0.340698495866751,"cogn_se_lv"
"3927","NDUFC1","Exc L5/6 IT Car3",-0.0583635518404087,4.36466903596966,4.8938992472665,0.0275559689381172,0.296588185534635,0.296491413469309,"cogn_se_lv"
"3928","NAA15","Exc L5/6 IT Car3",-0.00410195029157599,6.14374260106046,0.2263961287507,0.63448706104769,0.881911568606288,0.919383247082735,"cogn_se_lv"
"3929","AC097376.2","Exc L5/6 IT Car3",0.0118402589198589,6.15974801898029,0.659888209973348,0.417116613558453,0.765219297015687,0.817159594934931,"cogn_se_lv"
"3930","RAB33B","Exc L5/6 IT Car3",0.0178760217987456,3.2644860393229,0.621254096015543,0.570309051988098,0.848666491645945,0.891093010927332,"cogn_se_lv"
"3931","SETD7","Exc L5/6 IT Car3",-0.0396850228620594,5.11996264565533,7.05064889413501,0.00826270753260534,0.191606549536815,0.175673220753962,"cogn_se_lv"
"3932","MGST2","Exc L5/6 IT Car3",0.0450644436767791,5.00314238360708,8.65507862767076,0.00346482921527975,0.132529156309283,0.116155198452217,"cogn_se_lv"
"3933","MAML3","Exc L5/6 IT Car3",0.0541518638458057,7.0622134054446,5.98242580451308,0.0149096169272548,0.235797121397355,0.228380589168503,"cogn_se_lv"
"3934","SCOC","Exc L5/6 IT Car3",-0.0382759675899613,5.78670696591375,2.75140048579185,0.0980083618462803,0.453441786277448,0.494063482500722,"cogn_se_lv"
"3935","SCOC-AS1","Exc L5/6 IT Car3",0.0186632732258355,2.91625348925129,0.370196276660458,0.543266956026283,0.832381454728754,0.879241389843247,"cogn_se_lv"
"3936","CLGN","Exc L5/6 IT Car3",-0.0200166493532931,3.00586185009087,0.532693287105954,0.465934018877659,0.791612586002238,0.842849818009973,"cogn_se_lv"
"3937","ELMOD2","Exc L5/6 IT Car3",-0.0218068923209348,4.64459515371786,1.50891807863813,0.220077352730654,0.608514275696148,0.664768574638472,"cogn_se_lv"
"3938","TBC1D9","Exc L5/6 IT Car3",-0.0126026201367846,5.08605890891599,0.714933829746184,0.398351833885075,0.753580942262327,0.806623898742405,"cogn_se_lv"
"3939","RNF150","Exc L5/6 IT Car3",0.0106595050926794,7.67997000505814,0.499547116799109,0.480139674002155,0.800406150660005,0.849558699832978,"cogn_se_lv"
"3940","ZNF330","Exc L5/6 IT Car3",-0.0188195400815815,3.63046961253169,1.0341355976421,0.309847273076803,0.685530410099482,0.74661479867409,"cogn_se_lv"
"3941","IL15","Exc L5/6 IT Car3",-0.110218308987887,2.25381117929018,6.52584627588281,0.0110275069546076,0.214164403886737,0.200109080559845,"cogn_se_lv"
"3942","INPP4B","Exc L5/6 IT Car3",-0.0316147313694325,10.1893992392962,4.34457800570491,0.0378056403797946,0.325396807142333,0.338681067120494,"cogn_se_lv"
"3943","AC139720.1","Exc L5/6 IT Car3",-0.0224589511797499,5.40258514216852,0.360779548314367,0.548437740853114,0.836019892207747,0.881503373828648,"cogn_se_lv"
"3944","AC104596.1","Exc L5/6 IT Car3",0.06356045083242,5.25545014408779,7.19067485841779,0.00765330993623089,0.185518745129934,0.169676163841033,"cogn_se_lv"
"3945","USP38","Exc L5/6 IT Car3",-0.00440160080534953,4.69184397107627,0.0840135945755883,0.772091006602138,0.944253066720193,0.965154990709663,"cogn_se_lv"
"3946","AC097658.2","Exc L5/6 IT Car3",0.0429066171008438,2.21506083099573,0.760497595709578,0.38373282090304,0.742172676735286,0.797935539598511,"cogn_se_lv"
"3947","GAB1","Exc L5/6 IT Car3",-0.0121177722065922,8.77669626939631,0.407142066429597,0.523814479165355,0.822318919244339,0.870356689437801,"cogn_se_lv"
"3948","SMARCA5","Exc L5/6 IT Car3",-0.00728292804952003,5.85010028699566,0.420629656244273,0.517021379711456,0.819995665260249,0.867249356558767,"cogn_se_lv"
"3949","FREM3","Exc L5/6 IT Car3",0.0565285852437286,2.09279755619215,2.04283923838997,0.153759424523826,0.53549616280192,0.586064961913349,"cogn_se_lv"
"3950","GYPE","Exc L5/6 IT Car3",0.0811037088086049,2.26267628084403,4.34008993864312,0.0379042273047151,0.325396807142333,0.33896896911386,"cogn_se_lv"
"3951","GYPB","Exc L5/6 IT Car3",0.0262300911442697,1.74730259224367,0.243010168259427,0.622329967279866,0.8750796656557,0.914216870151405,"cogn_se_lv"
"3952","HHIP-AS1","Exc L5/6 IT Car3",-0.0294237702060883,3.82792370185823,1.97497461755177,0.160751652567863,0.543968323003388,0.595797693560817,"cogn_se_lv"
"3953","HHIP","Exc L5/6 IT Car3",-0.0180088783095934,3.88905437079258,0.32734727181457,0.567569334125872,0.846650387922571,0.889656294559918,"cogn_se_lv"
"3954","ANAPC10","Exc L5/6 IT Car3",-0.00917188722902666,6.74712846744612,0.59482927038667,0.441045131350963,0.776802315625946,0.830140705230532,"cogn_se_lv"
"3955","ABCE1","Exc L5/6 IT Car3",-0.0068376002148955,4.97655367662231,0.227815357915358,0.633427499331551,0.88151041721332,0.919001678490128,"cogn_se_lv"
"3956","OTUD4","Exc L5/6 IT Car3",-0.02671560582043,6.14135949123612,4.58741832597242,0.0328534969850443,0.309560151737409,0.319880787676225,"cogn_se_lv"
"3957","SMAD1","Exc L5/6 IT Car3",0.0162339008413719,6.51297544340788,1.60799259815699,0.205563714026661,0.593140410868427,0.648655923140652,"cogn_se_lv"
"3958","MMAA","Exc L5/6 IT Car3",-0.0219219661400321,3.08954513953765,0.880129903503241,0.348772073699206,0.716444502700318,0.773493069382953,"cogn_se_lv"
"3959","C4orf51","Exc L5/6 IT Car3",0.0626443771356301,1.53281009579657,1.26128475071171,0.262129077166892,0.645466639615754,0.7060522202317,"cogn_se_lv"
"3960","ZNF827","Exc L5/6 IT Car3",0.0200303425692984,6.88589488277691,2.71985642280305,0.0999472998890417,0.45575968749403,0.497526158426711,"cogn_se_lv"
"3961","LSM6","Exc L5/6 IT Car3",-0.0147372197966072,4.31619211515092,0.658230230975752,0.424411812661942,0.769898563471911,0.821454857302122,"cogn_se_lv"
"3962","SLC10A7","Exc L5/6 IT Car3",0.0163616641012502,5.1338354087009,0.911395715626741,0.340361531375104,0.710066960534478,0.767589080426208,"cogn_se_lv"
"3963","TTC29","Exc L5/6 IT Car3",-0.00225482801690554,2.68229465398535,0.00227587936991121,0.961975897172122,0.997053628956036,0.998671534701029,"cogn_se_lv"
"3964","TMEM184C","Exc L5/6 IT Car3",0.0161729276934517,4.42781882474298,1.00161935017544,0.317566623308603,0.692063202027669,0.752521686986329,"cogn_se_lv"
"3965","PRMT9","Exc L5/6 IT Car3",-0.007487545072974,5.27990090236163,0.312795395981749,0.634547747719946,0.881911568606288,0.919383247082735,"cogn_se_lv"
"3966","ARHGAP10","Exc L5/6 IT Car3",0.00830057976911456,4.00980681814584,0.0854684710054179,0.770181353229885,0.943256958234038,0.964704469431312,"cogn_se_lv"
"3967","NR3C2","Exc L5/6 IT Car3",0.0148979954750782,6.8590806432493,1.10768435891421,0.293265966687256,0.672320126604493,0.73241872401071,"cogn_se_lv"
"3968","LINC02355","Exc L5/6 IT Car3",0.122728338393515,2.07670596463454,6.10009085724276,0.0139634745043192,0.230144135677814,0.221675479907624,"cogn_se_lv"
"3969","IQCM","Exc L5/6 IT Car3",0.0225659522288703,1.66843183089972,0.21493329626126,0.643197837306942,0.885447193796969,0.922230491595812,"cogn_se_lv"
"3970","DCLK2","Exc L5/6 IT Car3",0.00610366805352285,8.30763509982994,0.225707228319896,0.635002846710702,0.882059262616085,0.919672712638588,"cogn_se_lv"
"3971","LRBA","Exc L5/6 IT Car3",0.0050295642981412,7.90997215860862,0.201193193596953,0.654019436520654,0.888560566491041,0.925980021677745,"cogn_se_lv"
"3972","RPS3A","Exc L5/6 IT Car3",0.00861688741998584,4.48047766093406,0.0671169890643358,0.79572429711118,0.95286312889364,0.971694192461924,"cogn_se_lv"
"3973","SH3D19","Exc L5/6 IT Car3",0.0385984511035712,6.08592530173301,5.90574785419668,0.0155616564532646,0.239556757762926,0.2323248020154,"cogn_se_lv"
"3974","PRSS48","Exc L5/6 IT Car3",0.045906073864834,1.30164336453201,0.564958371062697,0.452742444980527,0.784755350388365,0.836085167413145,"cogn_se_lv"
"3975","GATB","Exc L5/6 IT Car3",0.0198260406868141,4.89167992169871,1.82873853643864,0.177094430246374,0.563465498502014,0.616798609127439,"cogn_se_lv"
"3976","FBXW7","Exc L5/6 IT Car3",-0.00938136171860278,7.90478863185144,0.829484472787599,0.363008762190807,0.726811316394553,0.783380210639929,"cogn_se_lv"
"3977","TIGD4","Exc L5/6 IT Car3",0.0721015739964397,3.09576609963071,8.05668046201322,0.00478114345913024,0.150782372614784,0.135510619395012,"cogn_se_lv"
"3978","ARFIP1","Exc L5/6 IT Car3",0.0110946419124414,5.55187777841833,0.584625144725406,0.444987677100908,0.780222007527615,0.832339649445166,"cogn_se_lv"
"3979","TRIM2","Exc L5/6 IT Car3",-0.00662668400920379,8.24488127985038,0.985914557801393,0.321385469363917,0.694192613826062,0.754933174675511,"cogn_se_lv"
"3980","TMEM131L","Exc L5/6 IT Car3",-0.00310000075992147,5.59579751868108,0.0296391832533936,0.863404675865156,0.975213737484816,0.986475471351794,"cogn_se_lv"
"3981","RNF175","Exc L5/6 IT Car3",0.0244725973197836,6.34481291535059,3.41067686302928,0.0655663364398094,0.393705001095851,0.423988385015146,"cogn_se_lv"
"3982","AC079298.3","Exc L5/6 IT Car3",0.0156000763787221,2.90814220217552,0.18633899861379,0.66623021734095,0.894623771475196,0.930861431048001,"cogn_se_lv"
"3983","DCHS2","Exc L5/6 IT Car3",0.0458450082868251,6.64192700515414,5.7876519817518,0.016624211401341,0.245388335964977,0.239738750853503,"cogn_se_lv"
"3984","PLRG1","Exc L5/6 IT Car3",-0.0235735993958904,4.58760360989781,2.73717561437491,0.0988775804640343,0.454653708796381,0.495777841875072,"cogn_se_lv"
"3985","AC097467.3","Exc L5/6 IT Car3",0.0549111663935248,1.76613851519127,1.22666291242848,0.268769414462225,0.651857804115869,0.712237758763887,"cogn_se_lv"
"3986","MAP9","Exc L5/6 IT Car3",-0.0271832246346343,5.96909410707999,4.68527884125951,0.0310548215049841,0.304222598957164,0.311884267351576,"cogn_se_lv"
"3987","GUCY1A1","Exc L5/6 IT Car3",0.0152430036981656,3.51402937342392,0.379223213372912,0.538394156155953,0.829209140364988,0.876926324964132,"cogn_se_lv"
"3988","GUCY1B1","Exc L5/6 IT Car3",-0.0192113038267167,6.43380311545419,2.20481220303535,0.138423720713598,0.511486449407509,0.564050152864358,"cogn_se_lv"
"3989","TDO2","Exc L5/6 IT Car3",0.0149582541717786,5.1325430081076,0.505871982845483,0.477375058353843,0.799031558211194,0.848323354316444,"cogn_se_lv"
"3990","PDGFC","Exc L5/6 IT Car3",0.0122405266076215,1.91419981304642,0.0476112010393012,0.827392465574486,0.965029939006543,0.978805885773327,"cogn_se_lv"
"3991","GLRB","Exc L5/6 IT Car3",-0.0280065711696683,6.42103850051536,6.78951599135249,0.0095359652172664,0.202182149124929,0.18741598435446,"cogn_se_lv"
"3992","GRIA2","Exc L5/6 IT Car3",0.00192567903329961,9.55022672605174,0.0520241196736303,0.819702613612599,0.96194556303092,0.977237147560409,"cogn_se_lv"
"3993","FAM198B","Exc L5/6 IT Car3",9.68705039145843e-05,4.63057146980157,1.73532756095409e-05,0.99667846389149,0.999242764926216,0.999909782762476,"cogn_se_lv"
"3994","FAM198B-AS1","Exc L5/6 IT Car3",0.0468867782866509,5.48462175308478,3.11312272270081,0.0784808773949309,0.420387560324412,0.455872270031087,"cogn_se_lv"
"3995","TMEM144","Exc L5/6 IT Car3",-0.00077500347686808,4.92911876221301,0.00121602389064465,0.97220079911275,0.998267578294294,0.999168704792913,"cogn_se_lv"
"3996","RXFP1","Exc L5/6 IT Car3",0.0149816317182307,8.105414518002,1.12694438924223,0.289113659633688,0.66889044223729,0.728937273968714,"cogn_se_lv"
"3997","C4orf46","Exc L5/6 IT Car3",0.0107310010042834,2.33158248633771,0.0967779802347323,0.755904459657844,0.937418987440308,0.9609419450444,"cogn_se_lv"
"3998","ETFDH","Exc L5/6 IT Car3",0.0102638327784204,5.94697534860577,0.60463683456006,0.437306324918778,0.775649107158531,0.827925327086521,"cogn_se_lv"
"3999","PPID","Exc L5/6 IT Car3",-0.0154245068999216,5.21905474686539,0.695387392553246,0.404870690002819,0.757934301831652,0.810391057173429,"cogn_se_lv"
"4000","FNIP2","Exc L5/6 IT Car3",-0.0146265380485999,7.04738727689397,1.48795651645908,0.223303106944633,0.61248237575247,0.668812748001524,"cogn_se_lv"
"4001","C4orf45","Exc L5/6 IT Car3",-0.00975535368657167,3.12923167675719,0.0960053722756168,0.756849772063237,0.937986631668,0.961311048537583,"cogn_se_lv"
"4002","RAPGEF2","Exc L5/6 IT Car3",-0.0193024338373688,8.89060664632696,3.10134808206408,0.0790453532520002,0.420542144486453,0.456992031932705,"cogn_se_lv"
"4003","FSTL5","Exc L5/6 IT Car3",-0.00999253919082217,3.9472177495184,0.0722634870735096,0.78821756634363,0.950455876050181,0.969657345778188,"cogn_se_lv"
"4004","NAF1","Exc L5/6 IT Car3",-0.0252818014649043,6.57258481679902,4.30296243984178,0.0387302407446798,0.327903038577323,0.342379216646531,"cogn_se_lv"
"4005","NPY1R","Exc L5/6 IT Car3",0.0191576446861176,7.34484495260727,1.49447826609251,0.222293436406383,0.610909997552541,0.667498437636331,"cogn_se_lv"
"4006","NPY5R","Exc L5/6 IT Car3",0.0167781474798447,3.29654252267929,0.496983574333798,0.513817108737971,0.818677978297294,0.866108487773539,"cogn_se_lv"
"4007","TMA16","Exc L5/6 IT Car3",0.0133505288799613,3.93847499718906,0.518575897321672,0.471899987208083,0.795023623769283,0.845910687290881,"cogn_se_lv"
"4008","MARCH1","Exc L5/6 IT Car3",-0.0149389334660433,9.54560650717602,1.24806310029946,0.26464051719284,0.647712716221025,0.708476920474138,"cogn_se_lv"
"4009","TRIM61","Exc L5/6 IT Car3",0.0209239195483976,1.716462728636,0.213187755075572,0.644548940934562,0.885485383965838,0.922871638078197,"cogn_se_lv"
"4010","FAM218A","Exc L5/6 IT Car3",0.069925936863682,2.26932364167985,3.03217494465353,0.0824515020673183,0.427536595962274,0.464719689893087,"cogn_se_lv"
"4011","TMEM192","Exc L5/6 IT Car3",0.0407002831725258,6.02964472258059,10.535585417468,0.00127668427500432,0.0896023412504146,0.0725927770955448,"cogn_se_lv"
"4012","KLHL2","Exc L5/6 IT Car3",-0.0242432404372816,7.94541924656792,4.45970019071374,0.0353668561076164,0.316819508437844,0.32979614112413,"cogn_se_lv"
"4013","GK3P","Exc L5/6 IT Car3",0.018458690695519,1.9122641189109,0.174683333208979,0.676222752621745,0.899176443999365,0.934693197557159,"cogn_se_lv"
"4014","MSMO1","Exc L5/6 IT Car3",0.00627519007046338,6.39184715079766,0.0809782197548279,0.776133742314419,0.946160377580805,0.966586915294901,"cogn_se_lv"
"4015","CPE","Exc L5/6 IT Car3",-0.0505227143958058,8.10011211009657,13.7571398448596,0.000239590639603174,0.0438964278987244,0.0298131989669368,"cogn_se_lv"
"4016","TLL1","Exc L5/6 IT Car3",0.0042711950936817,5.543219203522,0.00961630709825993,0.92193502823907,0.990974669133532,0.995022182665071,"cogn_se_lv"
"4017","AC097487.1","Exc L5/6 IT Car3",-0.0475463991066841,2.00915700095189,0.907672829961454,0.341348490845354,0.710750689886051,0.768182586379821,"cogn_se_lv"
"4018","SPOCK3","Exc L5/6 IT Car3",-0.0555736195758112,9.52056149618952,9.56474082224715,0.00213257588554114,0.107105880334087,0.0916954029234402,"cogn_se_lv"
"4019","DDX60","Exc L5/6 IT Car3",-0.203196412885067,1.52855701146962,8.97355975944637,0.00292179335847296,0.127023728211579,0.106475627233847,"cogn_se_lv"
"4020","DDX60L","Exc L5/6 IT Car3",-0.0712433660994671,1.6626080449702,1.51973232546824,0.2184350134458,0.606588750799505,0.663264345414399,"cogn_se_lv"
"4021","PALLD","Exc L5/6 IT Car3",-0.0496987533838896,5.68879102266878,7.9687106365724,0.00501393033005881,0.155260337584718,0.13898336323238,"cogn_se_lv"
"4022","CBR4","Exc L5/6 IT Car3",0.00697196767006625,6.68333814249176,0.400993369836138,0.526964041378571,0.824017130341008,0.871463074502061,"cogn_se_lv"
"4023","SH3RF1","Exc L5/6 IT Car3",0.0236526731954017,3.83474026250617,0.724588429796308,0.395188085260593,0.751293188233372,0.804716720073255,"cogn_se_lv"
"4024","NEK1","Exc L5/6 IT Car3",0.00221612267707086,7.02466336417827,0.0452708523373283,0.831622791637456,0.966177555530849,0.979556835434487,"cogn_se_lv"
"4025","CLCN3","Exc L5/6 IT Car3",-0.0262740719183419,6.66815385026624,9.23096222933797,0.00254686034754298,0.117706248494554,0.0996671349338485,"cogn_se_lv"
"4026","HPF1","Exc L5/6 IT Car3",-0.0277160781201404,4.43133157148227,3.01684321647303,0.0832277753273596,0.42924780907777,0.466437012210449,"cogn_se_lv"
"4027","MFAP3L","Exc L5/6 IT Car3",-0.0269338456421568,3.62341098547912,0.674251314701575,0.412096867757349,0.762096947222495,0.814671910829809,"cogn_se_lv"
"4028","AADAT","Exc L5/6 IT Car3",0.00378676417832568,3.69981880225601,0.0336913114366855,0.973829509422716,0.998267578294294,0.999408030758943,"cogn_se_lv"
"4029","GALNTL6","Exc L5/6 IT Car3",-0.0325718810430897,9.35550811490432,3.51561416185576,0.0615728504756773,0.385168789389364,0.413506011932107,"cogn_se_lv"
"4030","GALNT7","Exc L5/6 IT Car3",0.0449205438292415,4.11256708373003,3.97275479765806,0.0469688108982869,0.350754355995906,0.368851186662048,"cogn_se_lv"
"4031","AC097534.1","Exc L5/6 IT Car3",0.0203528016463766,2.06502192594747,0.30113920110665,0.583496851972767,0.855777482563133,0.89756893570913,"cogn_se_lv"
"4032","HMGB2","Exc L5/6 IT Car3",0.0351506193312953,2.16117055807405,0.958328756036267,0.328241656731018,0.700074877560877,0.759929513985071,"cogn_se_lv"
"4033","AC097534.2","Exc L5/6 IT Car3",-0.00872799590880137,3.35572293974922,0.104674956216547,0.746471025104203,0.933695471095066,0.958249633368732,"cogn_se_lv"
"4034","SAP30","Exc L5/6 IT Car3",0.00114372137509587,3.09758825874487,0.00139765821242089,0.970197783277888,0.998267578294294,0.999099628483138,"cogn_se_lv"
"4035","SCRG1","Exc L5/6 IT Car3",0.0170208932442095,2.50073832161965,0.167331136245876,0.68272903635075,0.901342133498492,0.93708950351806,"cogn_se_lv"
"4036","HAND2-AS1","Exc L5/6 IT Car3",-0.0582860553689333,2.3009215013046,0.584598454683142,0.444998060699326,0.780222007527615,0.832346070392885,"cogn_se_lv"
"4037","LINC02268","Exc L5/6 IT Car3",-0.0272238431308738,2.13611014404565,0.322293181638099,0.570573702804417,0.848666491645945,0.891168054217283,"cogn_se_lv"
"4038","FBXO8","Exc L5/6 IT Car3",0.0284722109967107,3.48368180557592,1.89182717884968,0.16981993788409,0.556721213775099,0.607831119133906,"cogn_se_lv"
"4039","CEP44","Exc L5/6 IT Car3",0.0105423076676036,4.63868938872703,0.43702866791324,0.525203112977922,0.822852072557286,0.870691478618377,"cogn_se_lv"
"4040","GLRA3","Exc L5/6 IT Car3",0.0017100279674932,3.43503035802129,0.00255551172785869,0.959709467490893,0.997053628956036,0.998555548513014,"cogn_se_lv"
"4041","ADAM29","Exc L5/6 IT Car3",0.0979503177166457,1.80834744823252,3.81167867199947,0.051642810163928,0.35981631126162,0.384104396295457,"cogn_se_lv"
"4042","GPM6A","Exc L5/6 IT Car3",-0.0091703318979044,10.4446538107202,1.40098344274512,0.237311398639476,0.624418263816299,0.682278105310315,"cogn_se_lv"
"4043","AC097537.1","Exc L5/6 IT Car3",-0.0512316446204894,2.36187910880937,1.15484868027557,0.283229856660695,0.663052554610297,0.72404403635009,"cogn_se_lv"
"4044","WDR17","Exc L5/6 IT Car3",-0.00120703606832213,7.88110995500253,0.0131650144846976,0.908713709227693,0.988416424129917,0.993379140459181,"cogn_se_lv"
"4045","AC019163.1","Exc L5/6 IT Car3",-0.0375570467237896,2.32413794239017,1.25327878617425,0.263646238526238,0.646414577423356,0.707532116597432,"cogn_se_lv"
"4046","SPCS3","Exc L5/6 IT Car3",-0.0276869501510464,5.65295017509671,4.64159141440896,0.0318446956951125,0.307073851345728,0.315547273246689,"cogn_se_lv"
"4047","AC093801.1","Exc L5/6 IT Car3",-0.0621615755698751,1.79195720252939,2.00012137733538,0.158119252539855,0.540417185023175,0.592046525005193,"cogn_se_lv"
"4048","VEGFC","Exc L5/6 IT Car3",-0.0552214802877272,4.75349195673037,2.9341173808113,0.0875555377045115,0.43610497621975,0.474570947385699,"cogn_se_lv"
"4049","AGA","Exc L5/6 IT Car3",0.039408307668589,2.37054258603461,1.13726684925445,0.286919122892756,0.666900101049618,0.727490499664832,"cogn_se_lv"
"4050","AC078881.1","Exc L5/6 IT Car3",0.0584323562196391,3.61663481366672,3.25098208069423,0.0721861495335045,0.411004380806746,0.440578340180331,"cogn_se_lv"
"4051","LINC01098","Exc L5/6 IT Car3",0.111910459504368,1.70616082940549,3.27182935228457,0.0712826031193343,0.408039497617263,0.438145346322133,"cogn_se_lv"
"4052","LINC01099","Exc L5/6 IT Car3",-0.0384708310183861,1.8592108920365,0.803594715221949,0.370597912171153,0.732243811054168,0.788509500291536,"cogn_se_lv"
"4053","LINC00290","Exc L5/6 IT Car3",0.0399378991715442,1.46334129682706,0.41621332305328,0.519228495508228,0.820971047083305,0.868273055067337,"cogn_se_lv"
"4054","AC098864.1","Exc L5/6 IT Car3",0.0514013550401734,4.45900403546877,4.66342954684346,0.0314472612204942,0.306312246951522,0.313550927279911,"cogn_se_lv"
"4055","TENM3","Exc L5/6 IT Car3",-0.00137385240445703,9.65026765684674,0.0124998662455478,0.911039797420688,0.989073227776396,0.9937259663591,"cogn_se_lv"
"4056","AC079226.2","Exc L5/6 IT Car3",0.0430328984220827,3.8609370343557,0.813570300582664,0.367647802076544,0.729278702325814,0.786467384003065,"cogn_se_lv"
"4057","DCTD","Exc L5/6 IT Car3",0.000743142594324378,3.88680276462665,0.00161284816838603,0.967986791259051,0.998011436824332,0.999016653876182,"cogn_se_lv"
"4058","WWC2","Exc L5/6 IT Car3",-0.0283728529717331,5.31381347524791,2.78203767166649,0.0961645324100782,0.450135034879137,0.490774108939971,"cogn_se_lv"
"4059","CDKN2AIP","Exc L5/6 IT Car3",-0.0401527767286504,2.92705590942908,2.36309015334966,0.125082166158968,0.494100240550955,0.542678761570569,"cogn_se_lv"
"4060","AC107214.1","Exc L5/6 IT Car3",-0.0126686549455964,4.04932743489997,0.49803921259737,0.480802659750879,0.80063394477736,0.849829698495661,"cogn_se_lv"
"4061","ING2","Exc L5/6 IT Car3",-0.0166619239834952,3.4653614467767,0.387539345533149,0.533975363802139,0.827134422011894,0.874656890034082,"cogn_se_lv"
"4062","RWDD4","Exc L5/6 IT Car3",-0.0522959544751312,3.89374423392885,9.99769206132785,0.00169543745653072,0.0973122267810669,0.0820545323218235,"cogn_se_lv"
"4063","TRAPPC11","Exc L5/6 IT Car3",9.08008869252166e-05,5.83672917234872,7.3156188454552e-05,0.993180229956415,0.999242764926216,0.999870711362408,"cogn_se_lv"
"4064","STOX2","Exc L5/6 IT Car3",0.0133395293993925,7.59162356083793,1.70962432011524,0.191838018967134,0.579302759545118,0.633330697055294,"cogn_se_lv"
"4065","ENPP6","Exc L5/6 IT Car3",0.00281335229289609,2.12970600359446,0.00578567597158394,0.992799538179799,0.999242764926216,0.999870711362408,"cogn_se_lv"
"4066","IRF2","Exc L5/6 IT Car3",0.000647359635098796,5.0388851164523,0.00175166811336224,0.966638289975928,0.997621680933237,0.99892010896344,"cogn_se_lv"
"4067","LINC02427","Exc L5/6 IT Car3",0.03948326762921,2.95469823443235,1.13372687635675,0.287669313766057,0.667858008577406,0.728040699098567,"cogn_se_lv"
"4068","CASP3","Exc L5/6 IT Car3",-0.00644017580181573,4.16186099333432,0.158288412705666,0.690964437329421,0.904684871763421,0.939732980207653,"cogn_se_lv"
"4069","PRIMPOL","Exc L5/6 IT Car3",0.0113548830972799,4.81531442330804,0.403867410436274,0.525487673523135,0.823130309976697,0.870828922350518,"cogn_se_lv"
"4070","ACSL1","Exc L5/6 IT Car3",0.00311619275506903,4.12135064116275,0.0309740049730229,0.860393731407076,0.974142312077106,0.985644708542921,"cogn_se_lv"
"4071","SLC25A4","Exc L5/6 IT Car3",-0.0625630983017928,5.662223277215,5.43679505008379,0.0202476631406656,0.26850417095392,0.262165535765716,"cogn_se_lv"
"4072","CFAP97","Exc L5/6 IT Car3",-0.0175765690936977,4.12618320299022,0.816991161799773,0.366643682510067,0.728553424639113,0.785797213201645,"cogn_se_lv"
"4073","SNX25","Exc L5/6 IT Car3",-0.0294961618226341,4.93537211120716,2.39058947433323,0.122914047190692,0.49197586118719,0.539629294461194,"cogn_se_lv"
"4074","LRP2BP","Exc L5/6 IT Car3",0.0766390252695899,5.16514059041631,14.1707735500793,0.000193812438722856,0.0392470188413782,0.0267380782398439,"cogn_se_lv"
"4075","AC112722.1","Exc L5/6 IT Car3",0.0228580625004212,3.06937219217666,0.849584335610818,0.421273412456078,0.768357172043024,0.819671495635903,"cogn_se_lv"
"4076","ANKRD37","Exc L5/6 IT Car3",-0.0383757406606389,3.60884336354482,1.55620063515439,0.213003617131051,0.600783399440157,0.656966533034205,"cogn_se_lv"
"4077","UFSP2","Exc L5/6 IT Car3",-0.0236398182647082,3.88619306613003,1.85705839521681,0.173785362843546,0.560346694535874,0.612270135331694,"cogn_se_lv"
"4078","C4orf47","Exc L5/6 IT Car3",-0.0046375251559519,5.95964496591433,0.101941281694236,0.749690753839917,0.934362277179534,0.95910854917224,"cogn_se_lv"
"4079","CCDC110","Exc L5/6 IT Car3",-0.0475293527597738,2.42882241953381,1.51503835265607,0.219146069208502,0.607467219942155,0.663908303073334,"cogn_se_lv"
"4080","SORBS2","Exc L5/6 IT Car3",-0.00488351248965893,10.8545545217938,0.213231233064792,0.644515206209325,0.885485383965838,0.922859033262776,"cogn_se_lv"
"4081","AC108472.1","Exc L5/6 IT Car3",-0.005524996144967,2.11875662566782,0.0126289758357267,0.910583474133936,0.989073227776396,0.9937259663591,"cogn_se_lv"
"4082","FAM149A","Exc L5/6 IT Car3",-0.0021912444417585,3.7394721070134,0.0095339725382977,0.922268873621268,0.990974669133532,0.995092494719745,"cogn_se_lv"
"4083","CYP4V2","Exc L5/6 IT Car3",-0.00136255995280104,4.05553794398806,0.00405555062369162,0.949256529886565,0.995054338434123,0.997804640603097,"cogn_se_lv"
"4084","KLKB1","Exc L5/6 IT Car3",0.0251589040122815,3.2307581018553,0.617840515156046,0.432349043718483,0.77353077346411,0.825444041253485,"cogn_se_lv"
"4085","F11-AS1","Exc L5/6 IT Car3",0.0188580072491393,2.1285281420763,0.103246244534301,0.748147899155715,0.933897613787942,0.958605899860178,"cogn_se_lv"
"4086","LINC02492","Exc L5/6 IT Car3",0.0862828485338322,1.30500350589117,1.97872847156845,0.160355531517381,0.543464353678153,0.595381811613027,"cogn_se_lv"
"4087","TRIML2","Exc L5/6 IT Car3",0.0805500642919946,1.31839855605199,1.65458436813732,0.199132521215119,0.586514030126452,0.64137607656118,"cogn_se_lv"
"4088","LINC01060","Exc L5/6 IT Car3",-0.0610698762235546,2.12663324164199,2.34569012128056,0.126476042606428,0.496800994311621,0.544909721273572,"cogn_se_lv"
"4089","FRG1-DT","Exc L5/6 IT Car3",-0.0289581933983223,5.05489226362122,2.13611512588385,0.144706209551509,0.520632076517234,0.573290517480781,"cogn_se_lv"
"4090","FRG1","Exc L5/6 IT Car3",-0.0207059440146236,4.09410288146996,1.03422420937035,0.309826573884575,0.685530410099482,0.746614772056201,"cogn_se_lv"
"4091","PLEKHG4B","Exc L5/6 IT Car3",-0.018992344554299,3.35186070922388,0.267348844296735,0.605421663498798,0.868070117456863,0.907155251140595,"cogn_se_lv"
"4092","CCDC127","Exc L5/6 IT Car3",-0.0502755778696948,3.61506780226012,5.33366189354232,0.0214619947697397,0.274107966395265,0.268663072306794,"cogn_se_lv"
"4093","SDHA","Exc L5/6 IT Car3",-0.0174097036010793,5.80558545623859,2.55521784479859,0.110775845004472,0.474722724099708,0.518145144455339,"cogn_se_lv"
"4094","PDCD6","Exc L5/6 IT Car3",0.027841834825856,4.72356230397934,2.1472177214087,0.143669399405831,0.520225178519751,0.571812518365055,"cogn_se_lv"
"4095","AHRR","Exc L5/6 IT Car3",0.00080523795412398,2.37490878634092,0.000422643908001753,0.983608974007391,0.998390354534415,0.999870711362408,"cogn_se_lv"
"4096","EXOC3-AS1","Exc L5/6 IT Car3",0.0140729101965243,2.81224671547057,0.221657588379259,0.638054518072065,0.883276385755741,0.920629240664563,"cogn_se_lv"
"4097","EXOC3","Exc L5/6 IT Car3",-0.0182806865762493,4.93481239027462,1.72349967179661,0.190048863264023,0.577695519193971,0.631411629238937,"cogn_se_lv"
"4098","SLC9A3","Exc L5/6 IT Car3",-0.0179395895158589,2.7943728193019,0.326409097286114,0.568124689246233,0.847123450067246,0.889897778752605,"cogn_se_lv"
"4099","CEP72","Exc L5/6 IT Car3",-0.00906814881712952,2.60394113990537,0.107500538893744,0.743191505513525,0.932621702962354,0.957217435537497,"cogn_se_lv"
"4100","TPPP","Exc L5/6 IT Car3",-0.0046907862362263,6.6300820840236,0.0968326015543843,0.755837785486227,0.937418987440308,0.960929291707468,"cogn_se_lv"
"4101","ZDHHC11B","Exc L5/6 IT Car3",0.0539297614973699,6.26134984168591,4.68663170219052,0.0310306917749628,0.304222598957164,0.311811972700197,"cogn_se_lv"
"4102","ZDHHC11","Exc L5/6 IT Car3",0.0918985535071425,4.67463425459617,7.18277803229083,0.00768641616522806,0.185704779878901,0.169886683135927,"cogn_se_lv"
"4103","BRD9","Exc L5/6 IT Car3",0.0135347008010603,4.89451001587453,0.982700648191044,0.629968420960058,0.879121377890168,0.917549197556509,"cogn_se_lv"
"4104","TRIP13","Exc L5/6 IT Car3",-0.00908740169192323,1.82732740881613,0.0410733123953394,0.839506776850934,0.968498535398303,0.981285104855597,"cogn_se_lv"
"4105","CLPTM1L","Exc L5/6 IT Car3",-0.00728582069481698,4.26657884477655,0.166641627352346,0.683347721319949,0.901565565859332,0.937403578190636,"cogn_se_lv"
"4106","LPCAT1","Exc L5/6 IT Car3",0.0119068263333061,4.50418813760254,0.80466703771024,0.370279208094255,0.731903032695939,0.788233539525328,"cogn_se_lv"
"4107","MRPL36","Exc L5/6 IT Car3",-0.0775840899741432,3.20841939510121,4.7435507019259,0.0300330646600697,0.304222598957164,0.307507804449142,"cogn_se_lv"
"4108","NDUFS6","Exc L5/6 IT Car3",-0.0315387704840556,4.26386261951315,1.85649523628789,0.17385046550904,0.560346694535874,0.612301974724233,"cogn_se_lv"
"4109","AC126768.2","Exc L5/6 IT Car3",0.0279503083647193,3.80049492238583,1.63310974876757,0.202066750568577,0.589824044001311,0.644345254379818,"cogn_se_lv"
"4110","AC106799.2","Exc L5/6 IT Car3",0.0621522215029652,1.91813528335068,2.39535385792827,0.122542682085168,0.49197586118719,0.539095868448949,"cogn_se_lv"
"4111","ADAMTS16","Exc L5/6 IT Car3",-0.0431837936770517,3.62306947092541,1.20110087901771,0.273807579549726,0.656074873774605,0.716293883057436,"cogn_se_lv"
"4112","ICE1","Exc L5/6 IT Car3",0.00513492566851237,6.2872787773314,0.270255994022167,0.681130748225526,0.900862474773406,0.936376883779651,"cogn_se_lv"
"4113","LINC02145","Exc L5/6 IT Car3",0.105333115704431,2.80242222381325,11.4714819418335,0.000781841629401079,0.0699566434679222,0.0565362146361838,"cogn_se_lv"
"4114","MED10","Exc L5/6 IT Car3",-0.0162922409250077,5.41400826855764,0.657785989737082,0.417858927658814,0.765438936199468,0.817758711986138,"cogn_se_lv"
"4115","UBE2QL1","Exc L5/6 IT Car3",-0.010819842463126,5.72412723314003,0.505538420041498,0.477520208173453,0.799031558211194,0.848323354316444,"cogn_se_lv"
"4116","NSUN2","Exc L5/6 IT Car3",0.0333666486126927,5.2973576050187,3.19707903590283,0.0745800509052674,0.414530468228975,0.446789654885778,"cogn_se_lv"
"4117","SRD5A1","Exc L5/6 IT Car3",0.00183190764280838,5.32908646214132,0.0274719040480372,0.996847753593561,0.999242764926216,0.999946524402754,"cogn_se_lv"
"4118","LINC02102","Exc L5/6 IT Car3",0.0234090412199393,2.91459181262635,0.563243324168356,0.453428705764424,0.785113151561046,0.836470783709114,"cogn_se_lv"
"4119","TENT4A","Exc L5/6 IT Car3",0.0199120742996456,6.27854022570958,2.2257894656082,0.136566997042974,0.509399170963634,0.561478841910207,"cogn_se_lv"
"4120","LINC02236","Exc L5/6 IT Car3",0.0361518621803518,3.26761189047404,2.31757213063139,0.128765315388017,0.499046914761922,0.548888971489543,"cogn_se_lv"
"4121","LINC02196","Exc L5/6 IT Car3",-0.0453205915506285,3.31678962104097,1.73013741892589,0.189199866187627,0.576705474475653,0.630690799104638,"cogn_se_lv"
"4122","ADCY2","Exc L5/6 IT Car3",0.00522961325496067,8.84471175368278,0.173083492737251,0.677624655286776,0.89971904450552,0.935077237114289,"cogn_se_lv"
"4123","AC093305.1","Exc L5/6 IT Car3",-0.0246092227498983,1.89299431752812,0.221612498625815,0.638088687383578,0.883276385755741,0.920629240664563,"cogn_se_lv"
"4124","C5orf49","Exc L5/6 IT Car3",-0.00972497236726648,3.25000617404216,0.187620774667698,0.665154162758202,0.894470085424761,0.930552822661153,"cogn_se_lv"
"4125","MTRR","Exc L5/6 IT Car3",-0.00079264808848181,4.87110830552909,0.00390736064732056,0.950191008530475,0.995054338434123,0.997804640603097,"cogn_se_lv"
"4126","FASTKD3","Exc L5/6 IT Car3",-0.0129978527145975,2.85514961391734,0.281123565154812,0.596280652908547,0.862418526343623,0.903291868541806,"cogn_se_lv"
"4127","MIR4458HG","Exc L5/6 IT Car3",0.00492144351321983,2.65196890367748,0.0196845253424343,0.888497333470616,0.984472057540796,0.990233905945017,"cogn_se_lv"
"4128","SEMA5A","Exc L5/6 IT Car3",0.119982287340929,5.20700307658558,10.5405990967314,0.00127332139719086,0.0896023412504146,0.0725048457778467,"cogn_se_lv"
"4129","LINC02112","Exc L5/6 IT Car3",0.105470929904443,4.0183198120734,7.74317671525534,0.00566524992080998,0.162664545300869,0.147718911337607,"cogn_se_lv"
"4130","FAM173B","Exc L5/6 IT Car3",0.0437034385665657,4.95629534837415,6.40400808099212,0.0117960210236726,0.216354227447389,0.205940792999071,"cogn_se_lv"
"4131","CCT5","Exc L5/6 IT Car3",-0.0318218844737242,5.08052043549021,2.33464689500861,0.127369679374404,0.497214837075747,0.546499851865926,"cogn_se_lv"
"4132","CMBL","Exc L5/6 IT Car3",0.00746837851414958,2.9598680873598,0.0772053307982697,0.795028793287531,0.952453055612429,0.971523878690536,"cogn_se_lv"
"4133","MARCH6","Exc L5/6 IT Car3",-0.00944660598981678,7.53666162039339,1.25884924156749,0.262589462836424,0.645691937874616,0.70654000664501,"cogn_se_lv"
"4134","ROPN1L","Exc L5/6 IT Car3",0.00537770290029957,2.81850750208294,0.0357408998838997,0.850154199892741,0.971725362044465,0.983489775593312,"cogn_se_lv"
"4135","ANKRD33B","Exc L5/6 IT Car3",-0.0384714057018224,6.86744561416513,4.61122619345202,0.0324060857099508,0.309343568274808,0.317974758406685,"cogn_se_lv"
"4136","DAP","Exc L5/6 IT Car3",-0.0441847186742532,3.18044666958299,2.41544159214242,0.120990593696406,0.490612459339224,0.536436121324361,"cogn_se_lv"
"4137","CTNND2","Exc L5/6 IT Car3",0.0128438556062596,9.66728587542207,1.27573478179295,0.259418119288234,0.642181897353374,0.703428308240739,"cogn_se_lv"
"4138","LINC01194","Exc L5/6 IT Car3",-0.0290322793916861,1.34465618969294,0.243372160169608,0.62207090026262,0.8750796656557,0.914092261042703,"cogn_se_lv"
"4139","LINC02220","Exc L5/6 IT Car3",0.219745350277316,1.45234120919983,8.17124650552262,0.00449446126113773,0.146875328353949,0.131594185871678,"cogn_se_lv"
"4140","DNAH5","Exc L5/6 IT Car3",-0.0307566364308785,3.22091477156213,1.53109374904676,0.216725348414384,0.605446199327895,0.661262223391883,"cogn_se_lv"
"4141","TRIO","Exc L5/6 IT Car3",-0.00343978553992966,9.10665906191732,0.105169290741387,0.745893772466895,0.933596030449178,0.958035603466458,"cogn_se_lv"
"4142","OTULINL","Exc L5/6 IT Car3",-0.0590515623108857,4.30631491443394,5.68019666627589,0.0176563525175403,0.25241944981464,0.245621851913385,"cogn_se_lv"
"4143","AC010491.1","Exc L5/6 IT Car3",0.083700764682007,1.9724751486084,3.70614050773234,0.0549713450874522,0.371382353334455,0.396023861841669,"cogn_se_lv"
"4144","OTULIN","Exc L5/6 IT Car3",0.0273401347189327,4.17917146444129,1.97029871566635,0.161246637960041,0.544685197147724,0.596323730773286,"cogn_se_lv"
"4145","ANKH","Exc L5/6 IT Car3",0.00461330796151151,7.93423253733553,0.254542083111437,0.614192230935317,0.872288776591533,0.911129746231405,"cogn_se_lv"
"4146","FBXL7","Exc L5/6 IT Car3",0.0353572195185429,2.38724164287989,0.644635097516521,0.422547700026021,0.76923863843178,0.820257784990614,"cogn_se_lv"
"4147","MARCH11","Exc L5/6 IT Car3",-0.0165802943354188,5.09082051515277,0.82585445933228,0.36405973604641,0.727161502689981,0.78411858829608,"cogn_se_lv"
"4148","LINC02150","Exc L5/6 IT Car3",0.0190941096611226,3.88910200198449,0.294464885658131,0.587696923178525,0.858160066710766,0.899511211835309,"cogn_se_lv"
"4149","ZNF622","Exc L5/6 IT Car3",-0.0287164349939373,3.45751154024336,1.00167280097381,0.317553728301653,0.692063202027669,0.752521686986329,"cogn_se_lv"
"4150","RETREG1","Exc L5/6 IT Car3",-0.0124053598183355,8.25464147229319,1.76358439676657,0.184988643991024,0.571567000807441,0.625715035446571,"cogn_se_lv"
"4151","AC022113.1","Exc L5/6 IT Car3",0.120517628973152,1.78374537024407,6.00192964519536,0.014748317469644,0.235267398504282,0.227180078100764,"cogn_se_lv"
"4152","MYO10","Exc L5/6 IT Car3",0.044253890490634,6.39589912660592,5.09466357282104,0.0245764296944073,0.288286016003756,0.283879454330653,"cogn_se_lv"
"4153","BASP1","Exc L5/6 IT Car3",-0.0180485206937423,8.6836712357955,2.75554269336236,0.0977568257107155,0.45289490900642,0.493552658951163,"cogn_se_lv"
"4154","AC026790.1","Exc L5/6 IT Car3",-0.00262258880914949,2.11171938035958,0.00527934732806499,0.942116257200709,0.994728951586094,0.997626386519645,"cogn_se_lv"
"4155","BASP1-AS1","Exc L5/6 IT Car3",0.031045460228159,7.58226823120993,4.86645721961349,0.0279916297401492,0.297919212794534,0.298613957961994,"cogn_se_lv"
"4156","LINC02217","Exc L5/6 IT Car3",0.0964731146755574,4.33613819616611,13.1881871743269,0.000321031747236122,0.048447811506403,0.0346656133185203,"cogn_se_lv"
"4157","LINC02223","Exc L5/6 IT Car3",-0.0245675412171371,5.7003389757025,1.38224199292675,0.240468140625424,0.625749066637086,0.685210085963884,"cogn_se_lv"
"4158","AC106744.1","Exc L5/6 IT Car3",0.0392390110667644,1.83695061412506,0.56247971935361,0.453734781370121,0.78531019852521,0.836600138569108,"cogn_se_lv"
"4159","CDH18","Exc L5/6 IT Car3",-0.00906684885906532,7.92151631321386,0.163078159193412,0.686569199730536,0.902562568023657,0.938408579160459,"cogn_se_lv"
"4160","LINC02241","Exc L5/6 IT Car3",0.00468203502583034,5.14802218526891,0.0682360185764096,0.794066573141854,0.952216125954876,0.971410976335319,"cogn_se_lv"
"4161","AC091946.1","Exc L5/6 IT Car3",0.0416846577100311,4.48144537232525,2.61746049067855,0.10653722867158,0.468654730319282,0.510618419731448,"cogn_se_lv"
"4162","CDH12","Exc L5/6 IT Car3",0.0179730212833264,10.4631466461502,2.25569824644199,0.133967940974849,0.504976930664488,0.556814244736607,"cogn_se_lv"
"4163","C5orf17","Exc L5/6 IT Car3",0.217608912848938,3.9974370103119,10.8804142847663,0.00106517012467139,0.085827058736611,0.0670465173700816,"cogn_se_lv"
"4164","CDH10","Exc L5/6 IT Car3",-0.0408092686883914,8.71948009497485,7.48722749889007,0.00651040304113425,0.173648358410842,0.15781533266594,"cogn_se_lv"
"4165","AC091885.2","Exc L5/6 IT Car3",-0.0297864087523642,5.22119503680271,0.451714087285868,0.501937416898764,0.813665502570012,0.860093035699882,"cogn_se_lv"
"4166","LINC02211","Exc L5/6 IT Car3",-0.162473318169455,1.20324914536192,5.69927644347786,0.0174683477658306,0.251087065855326,0.244293133179546,"cogn_se_lv"
"4167","CDH9","Exc L5/6 IT Car3",0.0268049248738368,5.09493669352464,0.621260477271126,0.431078992951114,0.773393313689651,0.824864531533693,"cogn_se_lv"
"4168","AC113386.1","Exc L5/6 IT Car3",0.0139905900513358,3.23901682684966,0.214364859264239,0.643637091251652,0.885447193796969,0.922459449728948,"cogn_se_lv"
"4169","CDH6","Exc L5/6 IT Car3",0.0164251033039538,6.712967333722,1.32876668630698,0.249761608228752,0.633985552512742,0.694253785101592,"cogn_se_lv"
"4170","DROSHA","Exc L5/6 IT Car3",0.0184117832541143,5.84267407332311,2.49689096458293,0.114917354028719,0.481770111278122,0.525133497814579,"cogn_se_lv"
"4171","C5orf22","Exc L5/6 IT Car3",0.0252495120361558,4.44612775018739,3.85541766143548,0.224202540094295,0.613309116966085,0.669822009161509,"cogn_se_lv"
"4172","PDZD2","Exc L5/6 IT Car3",0.0127728165584127,9.37359475224388,0.549656517268931,0.458923747580473,0.788028655907772,0.839618221684467,"cogn_se_lv"
"4173","AC025178.1","Exc L5/6 IT Car3",0.0062672550053518,2.78445510587299,0.0454477987642683,0.831299009553643,0.966177555530849,0.979546310416036,"cogn_se_lv"
"4174","GOLPH3","Exc L5/6 IT Car3",-0.0388947304526114,5.67392027251021,13.351062753441,0.000295201937965417,0.048447811506403,0.0332208158086777,"cogn_se_lv"
"4175","MTMR12","Exc L5/6 IT Car3",0.00458331841995866,6.69702198822498,0.19899644218614,0.655790482043146,0.889373944187876,0.92683150976119,"cogn_se_lv"
"4176","ZFR","Exc L5/6 IT Car3",-0.0222265818028634,7.41907420117301,8.4652186950635,0.00383658175886337,0.139057951034185,0.122122007565224,"cogn_se_lv"
"4177","SUB1","Exc L5/6 IT Car3",-0.0346621510111766,6.83970440398853,3.66021978966528,0.0564902376693423,0.373928928056421,0.399515295324144,"cogn_se_lv"
"4178","AC010343.3","Exc L5/6 IT Car3",0.0148500061441214,1.88605828763317,0.117628239111772,0.731814086477053,0.926562702814602,0.953836693285591,"cogn_se_lv"
"4179","TARS","Exc L5/6 IT Car3",-0.0171749881662905,4.26990130158197,0.722368026286797,0.395912470285317,0.752045270656073,0.805301781691231,"cogn_se_lv"
"4180","SLC45A2","Exc L5/6 IT Car3",-0.0149704839693656,3.02163674152005,0.264526946183578,0.607331037193826,0.868583278729949,0.907938655668056,"cogn_se_lv"
"4181","C1QTNF3-AMACR","Exc L5/6 IT Car3",0.0226252868723722,5.84573247843265,1.93736527239277,0.16478278638021,0.549513994017644,0.600741084029426,"cogn_se_lv"
"4182","RAI14","Exc L5/6 IT Car3",0.0201350516829696,2.74991994448301,0.35237664558556,0.553129989582296,0.839100102481176,0.883796320417518,"cogn_se_lv"
"4183","TTC23L","Exc L5/6 IT Car3",0.0473919018839049,3.8009930172772,4.85085084606606,0.0282425968408896,0.298368509743409,0.299875375643097,"cogn_se_lv"
"4184","RAD1","Exc L5/6 IT Car3",-0.0174093024483158,4.14414412758324,1.01712494623697,0.313854553637226,0.68856317084381,0.749883923146364,"cogn_se_lv"
"4185","BRIX1","Exc L5/6 IT Car3",-0.0297414244555259,3.91138115760156,2.42801326582132,0.120030366110502,0.489738487304808,0.535014761369988,"cogn_se_lv"
"4186","DNAJC21","Exc L5/6 IT Car3",-0.045163398688807,5.46637469818302,12.4389233479982,0.000472785473245463,0.0552883692969127,0.0428902385228771,"cogn_se_lv"
"4187","AGXT2","Exc L5/6 IT Car3",-0.0187616015044254,1.2235157588818,0.109692807981519,0.740679793035241,0.931072322502814,0.956572970214813,"cogn_se_lv"
"4188","PRLR","Exc L5/6 IT Car3",-0.0507405463403587,6.51233767838359,3.25396022498271,0.0720563217825352,0.410645891547753,0.440294729168166,"cogn_se_lv"
"4189","SPEF2","Exc L5/6 IT Car3",0.010449408946884,7.42617945578646,0.642001544705562,0.423496120087306,0.769418423380108,0.820887911363507,"cogn_se_lv"
"4190","AC137810.1","Exc L5/6 IT Car3",0.00192964508778868,3.30431813486814,0.00298180539069431,0.956481613113991,0.996920944446838,0.998507167827651,"cogn_se_lv"
"4191","IL7R","Exc L5/6 IT Car3",0.0574818345262488,3.39100177389754,1.47003596007541,0.226106016314378,0.614909275680911,0.671589206993997,"cogn_se_lv"
"4192","CAPSL","Exc L5/6 IT Car3",-0.089962996119483,1.8978569814635,3.17531190564472,0.075570892787904,0.415938098540445,0.448882106625294,"cogn_se_lv"
"4193","LMBRD2","Exc L5/6 IT Car3",-0.004212170483622,6.3297261999807,0.187167051016903,0.665534564535344,0.894470085424761,0.93065257235918,"cogn_se_lv"
"4194","SKP2","Exc L5/6 IT Car3",0.00868515949752991,3.98172604756455,0.190766953340792,0.662531326386206,0.892929075495552,0.929542711612953,"cogn_se_lv"
"4195","NADK2","Exc L5/6 IT Car3",0.0223082551534746,4.74014045979738,1.3980018381371,0.237810219217917,0.624685280902288,0.682818711184035,"cogn_se_lv"
"4196","SLC1A3","Exc L5/6 IT Car3",0.0162748229690497,2.20801418668967,0.107450470221433,0.743249199924189,0.932621702962354,0.957236119097318,"cogn_se_lv"
"4197","NIPBL","Exc L5/6 IT Car3",-0.0163103573714062,7.51538670190554,2.81723583323642,0.0940929024600532,0.446632276036572,0.487112272891749,"cogn_se_lv"
"4198","CPLANE1","Exc L5/6 IT Car3",0.0171089922088666,7.65964610371462,3.67382929128696,0.0560354766574233,0.373928928056421,0.398653532484145,"cogn_se_lv"
"4199","NUP155","Exc L5/6 IT Car3",0.00996582883505945,4.40907591780841,0.457077567202662,0.499411163877597,0.811678136349571,0.858763109457854,"cogn_se_lv"
"4200","WDR70","Exc L5/6 IT Car3",0.00864294799312802,7.58657868871446,0.696404413138743,0.404527683936637,0.757750858785887,0.810200529374994,"cogn_se_lv"
"4201","LIFR","Exc L5/6 IT Car3",-0.00632261742737995,5.26061452958383,0.1713206636127,0.679178213366586,0.900306250321158,0.935725771904145,"cogn_se_lv"
"4202","LIFR-AS1","Exc L5/6 IT Car3",0.0282166209351728,3.46086085305746,0.962134393764612,0.327284335035771,0.699805977821385,0.759116653578761,"cogn_se_lv"
"4203","OSMR","Exc L5/6 IT Car3",0.0213839305178545,1.61552459742318,0.172413225871796,0.678214254641966,0.900130631056747,0.93534590996537,"cogn_se_lv"
"4204","RICTOR","Exc L5/6 IT Car3",-0.0106755505044169,7.19604455712877,1.16567561332211,0.280987942676624,0.661947015337079,0.722380675132044,"cogn_se_lv"
"4205","FYB1","Exc L5/6 IT Car3",0.0804866420908692,1.81605553072725,2.63536293269188,0.105351433917323,0.466609441914303,0.508383739512913,"cogn_se_lv"
"4206","TTC33","Exc L5/6 IT Car3",-0.0204346550467207,5.3217880282222,2.70052696835943,0.101156189760072,0.459144397267734,0.500110471597423,"cogn_se_lv"
"4207","PRKAA1","Exc L5/6 IT Car3",0.0216231464129725,4.73389881522696,1.90682158277916,0.168142050821813,0.554231347643541,0.6051680429858,"cogn_se_lv"
"4208","RPL37","Exc L5/6 IT Car3",-0.0396534237588475,6.01590451341942,4.87102301908062,0.0279186483758497,0.297838283113648,0.298367006310688,"cogn_se_lv"
"4209","PLCXD3","Exc L5/6 IT Car3",-0.0375722801919371,1.85151966226337,0.564936174832343,0.452751316185724,0.784755350388365,0.836085167413145,"cogn_se_lv"
"4210","OXCT1","Exc L5/6 IT Car3",-0.0162529232796352,6.23532214400543,2.04919236270036,0.153122786822713,0.534004008429993,0.585295820877371,"cogn_se_lv"
"4211","C5orf51","Exc L5/6 IT Car3",0.0122943878562265,4.24585843585546,0.544201640400801,0.665503639615585,0.894470085424761,0.93065257235918,"cogn_se_lv"
"4212","FBXO4","Exc L5/6 IT Car3",0.000364646503033137,3.65336292650698,0.000260443192520969,0.98713270941685,0.998407505464475,0.999870711362408,"cogn_se_lv"
"4213","GHR","Exc L5/6 IT Car3",0.0383159976286802,3.69953865746313,1.73623093073642,0.188424379314288,0.575481483954534,0.629590673252109,"cogn_se_lv"
"4214","SELENOP","Exc L5/6 IT Car3",0.00393490548226094,1.72217222996823,0.00522402426586685,0.942419810132353,0.994742025604273,0.997626386519645,"cogn_se_lv"
"4215","ZNF131","Exc L5/6 IT Car3",0.0171315895446312,6.7012325699843,2.97151219294914,0.0855697132039551,0.433647877380084,0.47127694182457,"cogn_se_lv"
"4216","NIM1K","Exc L5/6 IT Car3",0.00500480765652852,6.78716449466188,0.184208531189572,0.668028508987607,0.895475895245995,0.931409984098083,"cogn_se_lv"
"4217","AC114947.2","Exc L5/6 IT Car3",0.039679539493669,2.01529151650791,0.611342411488343,0.434777952195055,0.773613831177909,0.826581663482443,"cogn_se_lv"
"4218","HMGCS1","Exc L5/6 IT Car3",0.0206560026992033,6.47104451277536,0.873211880156189,0.350671105519987,0.717823937428057,0.774365693880722,"cogn_se_lv"
"4219","CCL28","Exc L5/6 IT Car3",0.0210775673127644,2.88593777559839,0.527086941906264,0.468288624940334,0.793456119985879,0.844209653885662,"cogn_se_lv"
"4220","TMEM267","Exc L5/6 IT Car3",0.0210028479065911,5.41939672692576,2.89590156213648,0.0896368566788447,0.439194913813251,0.479146250940912,"cogn_se_lv"
"4221","C5orf34","Exc L5/6 IT Car3",0.0332219559822303,3.94018495301363,2.36557631877321,0.124884407908119,0.493718520219812,0.542346343591116,"cogn_se_lv"
"4222","PAIP1","Exc L5/6 IT Car3",-0.00314324237335225,5.35662769952473,0.0550044343023025,0.859139796894143,0.973721295691941,0.985301487860902,"cogn_se_lv"
"4223","NNT-AS1","Exc L5/6 IT Car3",-0.0263178050647091,5.5400172928914,4.28146570861826,0.0392171459785523,0.328374252780152,0.343988443039117,"cogn_se_lv"
"4224","NNT","Exc L5/6 IT Car3",0.0126665579533733,6.68279607495751,1.80625672033972,0.179773347733098,0.566621738397059,0.61994040708354,"cogn_se_lv"
"4225","FGF10","Exc L5/6 IT Car3",-0.01977565110058,4.82816286845954,0.60186480846424,0.438358115790553,0.775975546585761,0.8287287483571,"cogn_se_lv"
"4226","FGF10-AS1","Exc L5/6 IT Car3",0.0663551536930797,2.35903569206984,2.97293650070397,0.0854950502494265,0.433647877380084,0.471087230298413,"cogn_se_lv"
"4227","LINC02224","Exc L5/6 IT Car3",0.16315849022664,2.11189888822878,10.1942783353002,0.00152821535009654,0.0955024320442973,0.0791525656329416,"cogn_se_lv"
"4228","MRPS30-DT","Exc L5/6 IT Car3",0.0239306133490043,6.76226950681116,2.33910805254312,0.127007828854816,0.497058895267095,0.545984114363387,"cogn_se_lv"
"4229","MRPS30","Exc L5/6 IT Car3",-0.00080245132134374,5.18929032866578,0.00201120207740324,0.964253673785853,0.997621680933237,0.998906195013116,"cogn_se_lv"
"4230","AC093297.2","Exc L5/6 IT Car3",0.000258012253418733,4.48065161228738,0.000210473490702474,0.988432675154255,0.998638339521102,0.999870711362408,"cogn_se_lv"
"4231","HCN1","Exc L5/6 IT Car3",-0.0169045681399887,8.53489331896393,1.74450522920262,0.187377290987218,0.575062928090689,0.628534576350524,"cogn_se_lv"
"4232","EMB","Exc L5/6 IT Car3",-0.0221053405675785,4.96615167286392,1.41054367058502,0.235720535047394,0.623108731428959,0.680744305579534,"cogn_se_lv"
"4233","PARP8","Exc L5/6 IT Car3",-0.041433272060369,6.94986505317974,5.27319057059369,0.0222090041950852,0.276758359969523,0.272237059509987,"cogn_se_lv"
"4234","AC022126.1","Exc L5/6 IT Car3",0.000544149970621502,3.20225276906171,0.000340648449626441,0.98528439942673,0.998390354534415,0.999870711362408,"cogn_se_lv"
"4235","ITGA1","Exc L5/6 IT Car3",-0.0523215220339355,2.18877374977761,2.15246336821774,0.143182458949585,0.519549632976535,0.571177434709254,"cogn_se_lv"
"4236","MOCS2","Exc L5/6 IT Car3",-0.0335069601213467,4.68703331171221,2.926845869717,0.0879474736676086,0.436616651530482,0.475314080279315,"cogn_se_lv"
"4237","AC008966.1","Exc L5/6 IT Car3",0.0587237087581565,2.32893067821489,2.72647621227257,0.099536938496597,0.455303961428507,0.496765872211882,"cogn_se_lv"
"4238","NDUFS4","Exc L5/6 IT Car3",0.00193181389448409,5.87226900677142,0.0311202888339768,0.866259969256997,0.976183709955713,0.986710727657061,"cogn_se_lv"
"4239","ARL15","Exc L5/6 IT Car3",-0.0095867365721436,8.03451794660443,0.677590171414313,0.410942788153918,0.761426620477823,0.813852261570419,"cogn_se_lv"
"4240","LINC01033","Exc L5/6 IT Car3",-0.00122418649435108,1.53641519637908,0.000321272815107733,0.985708981599678,0.998390354534415,0.999870711362408,"cogn_se_lv"
"4241","HSPB3","Exc L5/6 IT Car3",-0.00372797492039898,3.13274530071052,0.00884782666989032,0.925109616998002,0.991196077697388,0.995470927775795,"cogn_se_lv"
"4242","SNX18","Exc L5/6 IT Car3",-0.0244289376109517,3.70512133740657,1.28999112423438,0.256777509349579,0.639693521843368,0.701142245800783,"cogn_se_lv"
"4243","CCNO","Exc L5/6 IT Car3",-0.0451162119908,2.08730886628873,1.21135698468632,0.271772027972148,0.654140054815665,0.714627949178937,"cogn_se_lv"
"4244","AC026704.1","Exc L5/6 IT Car3",0.00315280964214609,3.37196124481297,0.0117589408665915,0.913705946672272,0.989073227776396,0.994109822260818,"cogn_se_lv"
"4245","DHX29","Exc L5/6 IT Car3",-0.0111272631149194,6.02389894625224,1.11230093006748,0.292263751763967,0.671534658054264,0.731548844220727,"cogn_se_lv"
"4246","MTREX","Exc L5/6 IT Car3",-0.00613844161441498,6.12773853482772,0.370267261390086,0.543228321325311,0.832381454728754,0.879241389843247,"cogn_se_lv"
"4247","PLPP1","Exc L5/6 IT Car3",0.018936647021586,6.47101239886485,2.97142458010382,0.0855743082263363,0.433647877380084,0.47127694182457,"cogn_se_lv"
"4248","SLC38A9","Exc L5/6 IT Car3",0.00543479522035956,5.83567109728889,0.219944370043686,0.639355802524268,0.883493921788341,0.920930758894281,"cogn_se_lv"
"4249","DDX4","Exc L5/6 IT Car3",-0.0241057257268804,2.02964941406121,0.382842806402322,0.536462721022805,0.828432799171279,0.876028199972361,"cogn_se_lv"
"4250","IL6ST","Exc L5/6 IT Car3",-0.000446692809590503,4.45820184893879,0.000681887203443281,0.979181171432897,0.998390354534415,0.999705838266784,"cogn_se_lv"
"4251","AC008892.1","Exc L5/6 IT Car3",0.0872066579698133,1.85148125584015,3.45136984892097,0.0639857488885053,0.388915039448146,0.419856047210967,"cogn_se_lv"
"4252","MAP3K1","Exc L5/6 IT Car3",0.0200317318282866,3.34282448866033,0.628678265262846,0.428343676161127,0.77189630869187,0.823603357255014,"cogn_se_lv"
"4253","MIER3","Exc L5/6 IT Car3",0.000437474711633639,3.79885076807477,0.000502661830126883,0.982124797134499,0.998390354534415,0.999870711362408,"cogn_se_lv"
"4254","GPBP1","Exc L5/6 IT Car3",-0.0132131284690912,6.8953653940891,2.28045760778117,0.131858319444695,0.502596245370999,0.554306380717385,"cogn_se_lv"
"4255","PLK2","Exc L5/6 IT Car3",-0.0225804851684001,5.6640349500014,1.05610722942921,0.30476946967717,0.68139378564638,0.742401291234683,"cogn_se_lv"
"4256","LINC02108","Exc L5/6 IT Car3",-0.114386936073758,1.31296821401719,4.40764702232512,0.0364484140776117,0.319260724333776,0.333814507760294,"cogn_se_lv"
"4257","RAB3C","Exc L5/6 IT Car3",-0.0114137788006306,6.67799987117826,1.08061643646338,0.299231841648148,0.676917505521024,0.737478810340733,"cogn_se_lv"
"4258","PDE4D","Exc L5/6 IT Car3",-0.0048137491884146,10.8318147687515,0.152427688495521,0.696448552524473,0.907949447128475,0.94177799772949,"cogn_se_lv"
"4259","AC092343.1","Exc L5/6 IT Car3",-0.0152823764454873,1.98914126895766,0.102264288177118,0.749307854634289,0.934362277179534,0.959021065015306,"cogn_se_lv"
"4260","PART1","Exc L5/6 IT Car3",-0.00300882663870283,5.75282498561386,0.0226481620056322,0.880456824673898,0.981383038672293,0.988923094115778,"cogn_se_lv"
"4261","DEPDC1B","Exc L5/6 IT Car3",-0.00354817746419608,3.33144776683895,0.0175979381804789,0.894535881115758,0.9857013440361,0.991250356580458,"cogn_se_lv"
"4262","ELOVL7","Exc L5/6 IT Car3",0.0284969687870688,5.93455846195143,2.71443127411142,0.100284988472535,0.456893419950361,0.498275042513139,"cogn_se_lv"
"4263","ERCC8","Exc L5/6 IT Car3",0.000710610112838706,5.9197511051534,0.00358997728727227,0.952254233217512,0.995965981446551,0.998034736030033,"cogn_se_lv"
"4264","NDUFAF2","Exc L5/6 IT Car3",0.0177062079470026,6.21911221273704,2.56614909161682,0.110018173951091,0.473219591142339,0.516422574352053,"cogn_se_lv"
"4265","SMIM15","Exc L5/6 IT Car3",-0.0381317466033303,2.82644763367098,1.61042770522822,0.205221566920933,0.59280396192232,0.648244962656865,"cogn_se_lv"
"4266","SMIM15-AS1","Exc L5/6 IT Car3",0.0259756611272148,3.43679054332431,1.24935380813543,0.264394031913241,0.647521348049773,0.708292092473081,"cogn_se_lv"
"4267","ZSWIM6","Exc L5/6 IT Car3",1.11151214104902e-05,7.85448540367965,7.92382707462242e-07,0.999290231138554,0.999614992344644,0.999977066117083,"cogn_se_lv"
"4268","KIF2A","Exc L5/6 IT Car3",-0.00664908051649689,6.70968389529107,0.670814472074307,0.709470381358036,0.914872361782922,0.946564808271001,"cogn_se_lv"
"4269","DIMT1","Exc L5/6 IT Car3",-0.0206567076312476,4.13642224580635,1.49768750617318,0.221798607862137,0.610203892563156,0.66688102308994,"cogn_se_lv"
"4270","IPO11","Exc L5/6 IT Car3",0.0160552439942097,5.94775311799104,1.40347186718709,0.236896060799599,0.623931676959777,0.681857803366481,"cogn_se_lv"
"4271","RNF180","Exc L5/6 IT Car3",-0.000405292420292884,6.73256854196877,0.00131013298260085,0.971145595256967,0.998267578294294,0.999102668702867,"cogn_se_lv"
"4272","RGS7BP","Exc L5/6 IT Car3",-0.0293047554593225,7.03679653277355,5.03989752642643,0.0253542633652065,0.289897558091032,0.286988953321055,"cogn_se_lv"
"4273","SREK1IP1","Exc L5/6 IT Car3",-0.0237041496222015,5.63038487168678,3.94622611664226,0.0477066521493754,0.352936601858221,0.371756112551793,"cogn_se_lv"
"4274","CWC27","Exc L5/6 IT Car3",-0.0116713678702299,7.15693267437619,1.68288165165523,0.195342330502431,0.583411307283604,0.637359206377811,"cogn_se_lv"
"4275","ADAMTS6","Exc L5/6 IT Car3",-0.0352241116478311,2.71728809719524,0.801973246510646,0.371080556803797,0.732270973258606,0.788720600380427,"cogn_se_lv"
"4276","CENPK","Exc L5/6 IT Car3",0.0712517899271751,2.79730668780736,4.00472879867628,0.0460955449709582,0.348344240612628,0.366110586932566,"cogn_se_lv"
"4277","PPWD1","Exc L5/6 IT Car3",0.0104898885515675,5.55924896705792,0.74155404694593,0.389715731309851,0.746621560596167,0.801084159683938,"cogn_se_lv"
"4278","TRIM23","Exc L5/6 IT Car3",-0.0163246712772061,6.00666676487939,1.61969629888357,0.203925423622715,0.59125796815064,0.646487701454832,"cogn_se_lv"
"4279","TRAPPC13","Exc L5/6 IT Car3",0.0147544418124525,5.95454392572659,1.7322815798556,0.313283736269841,0.688088583015964,0.74943392921602,"cogn_se_lv"
"4280","SGTB","Exc L5/6 IT Car3",0.0170800905535599,5.52745429070267,2.3896822077403,0.122984907013005,0.492131492181527,0.539707362896021,"cogn_se_lv"
"4281","NLN","Exc L5/6 IT Car3",0.0354434533047367,6.26967673131931,7.76821584070671,0.00558885189773481,0.161071967614492,0.146824167126732,"cogn_se_lv"
"4282","ERBIN","Exc L5/6 IT Car3",0.0105454159707905,6.17397543410966,0.710169326393179,0.399926668822508,0.754037868768464,0.807517296081989,"cogn_se_lv"
"4283","SREK1","Exc L5/6 IT Car3",-0.0314868016076184,6.32053373027465,10.1282771924941,0.0015823989714942,0.0955024320442973,0.0800292140832888,"cogn_se_lv"
"4284","MAST4","Exc L5/6 IT Car3",0.0238849537798096,7.80112496540496,2.79479023134001,0.0954082621848495,0.448482942890908,0.489374992723009,"cogn_se_lv"
"4285","AC112206.2","Exc L5/6 IT Car3",-0.0484348293286488,3.37929066795725,2.03550663786422,0.154497961831274,0.535662632480032,0.586973632836428,"cogn_se_lv"
"4286","AC106798.1","Exc L5/6 IT Car3",-0.0267665412638037,1.77693399321046,0.299079636183927,0.584786406960167,0.85579931877134,0.898147216561273,"cogn_se_lv"
"4287","PIK3R1","Exc L5/6 IT Car3",-0.000292428440015226,7.90519648928608,0.000895882161275812,0.976137830073495,0.998267578294294,0.999481105410931,"cogn_se_lv"
"4288","AC093523.1","Exc L5/6 IT Car3",-0.0134296540775138,5.51531909500961,0.340998191313613,0.559605941977414,0.842611823405968,0.886688062584537,"cogn_se_lv"
"4289","LINC02198","Exc L5/6 IT Car3",-0.024983999937365,3.77767216626395,1.08406350606025,0.298463467876315,0.676917505521024,0.736856450895084,"cogn_se_lv"
"4290","SLC30A5","Exc L5/6 IT Car3",0.0195752972625185,5.48816653543743,2.81786795231751,0.0940561469257866,0.446632276036572,0.487071245548741,"cogn_se_lv"
"4291","AC010273.1","Exc L5/6 IT Car3",0.0759910271003618,1.76714382542108,2.63055744766681,0.105668299421348,0.467443267632811,0.509148189072955,"cogn_se_lv"
"4292","CCNB1","Exc L5/6 IT Car3",-0.0199880388218335,2.21509886468904,0.336785271392191,0.562040510376547,0.843636345917786,0.887608432877591,"cogn_se_lv"
"4293","CENPH","Exc L5/6 IT Car3",0.0309206994524082,1.86962795145027,0.530945069090277,0.466666208421324,0.79215599910114,0.843436805345114,"cogn_se_lv"
"4294","MRPS36","Exc L5/6 IT Car3",-0.0183996478150604,4.8253914379441,1.09501962224308,0.296038096584558,0.67416784646883,0.734546149446655,"cogn_se_lv"
"4295","CDK7","Exc L5/6 IT Car3",0.00382629769740607,4.52738222239523,0.0632374089531861,0.85019226650363,0.971725362044465,0.983489775593312,"cogn_se_lv"
"4296","CCDC125","Exc L5/6 IT Car3",0.0276325224125289,5.08627801457721,2.75863192702765,0.097569691680911,0.452649195604576,0.493340178161792,"cogn_se_lv"
"4297","AK6","Exc L5/6 IT Car3",-0.039279378693994,4.22014134619687,5.06514696783412,0.0249925080458614,0.289199021673539,0.285555444578755,"cogn_se_lv"
"4298","RAD17","Exc L5/6 IT Car3",0.0191627182780523,4.73714801714495,1.99166074211816,0.183627232153726,0.5701580754082,0.624087761841829,"cogn_se_lv"
"4299","MARVELD2","Exc L5/6 IT Car3",0.0226270085930521,1.38487463650403,0.153165888224488,0.695751163294228,0.907655370271948,0.941484753620707,"cogn_se_lv"
"4300","OCLN","Exc L5/6 IT Car3",0.0275678358270301,3.19274292048228,0.639127621660814,0.424534757453608,0.770016489948264,0.821563067427191,"cogn_se_lv"
"4301","GTF2H2C","Exc L5/6 IT Car3",-0.00614342591623654,5.44085020844699,0.0856299615144412,0.76997047381472,0.943158674944966,0.964635481500742,"cogn_se_lv"
"4302","SMN2","Exc L5/6 IT Car3",-0.0290280385754711,2.10530841118315,0.508856671834605,0.47607947122432,0.798359151394269,0.847902381464838,"cogn_se_lv"
"4303","SMN1","Exc L5/6 IT Car3",-0.0195181988495297,1.90233231661926,0.209030559606085,0.647793988243618,0.886733921468406,0.923987718095722,"cogn_se_lv"
"4304","NAIP","Exc L5/6 IT Car3",0.0328318282586886,5.80789844092729,3.10709017017808,0.0787695312909202,0.420388545867537,0.456425715330742,"cogn_se_lv"
"4305","GTF2H2","Exc L5/6 IT Car3",-0.0157966825355191,5.38386575828719,0.412012244810488,0.521343487139826,0.821111921207373,0.869010372818925,"cogn_se_lv"
"4306","LINC02197","Exc L5/6 IT Car3",0.0277455655791646,5.91049794815058,1.34011784136794,0.247752590583056,0.631695223504512,0.692277572059722,"cogn_se_lv"
"4307","BDP1","Exc L5/6 IT Car3",0.00333254427771037,7.77635999199023,0.135170302562059,0.713338542402086,0.917686213121132,0.947835045446356,"cogn_se_lv"
"4308","MCCC2","Exc L5/6 IT Car3",0.0232778966915654,5.20662649774392,1.83806008267518,0.175997262127673,0.563352301194861,0.615553482833828,"cogn_se_lv"
"4309","CARTPT","Exc L5/6 IT Car3",-0.212964987532091,1.8388384141135,14.8996734884653,0.00013356375781894,0.0340451001343853,0.0216718285931517,"cogn_se_lv"
"4310","MAP1B","Exc L5/6 IT Car3",-0.0327653743125376,9.80939813118502,6.57617403092966,0.0107252987203633,0.213179377869315,0.197787280150423,"cogn_se_lv"
"4311","MRPS27","Exc L5/6 IT Car3",0.0172134823991001,5.65131808641497,2.36648026175677,0.124812591578192,0.493718520219812,0.542283017235152,"cogn_se_lv"
"4312","PTCD2","Exc L5/6 IT Car3",0.0466489375738346,4.00169648843331,6.85288161201357,0.00920953431910704,0.199491591498572,0.184542054157368,"cogn_se_lv"
"4313","AC063979.2","Exc L5/6 IT Car3",0.0806340904303555,1.94699308910222,2.18956616149492,0.139790996501782,0.513334153224154,0.5655492499441,"cogn_se_lv"
"4314","AC035140.1","Exc L5/6 IT Car3",0.0271605958103792,2.05800175519044,0.418983669180611,0.517842050613314,0.820254133279015,0.86748667343065,"cogn_se_lv"
"4315","TNPO1","Exc L5/6 IT Car3",0.00522832471444195,7.46016220063586,0.275810977532666,0.599771548685744,0.864332968078614,0.904631483511162,"cogn_se_lv"
"4316","FCHO2","Exc L5/6 IT Car3",0.00268487764110287,6.85685297303561,0.029459946520368,0.863814255136807,0.975358479504479,0.986527780166375,"cogn_se_lv"
"4317","TMEM171","Exc L5/6 IT Car3",0.0309437121917488,2.55824345714206,0.958886652325183,0.328101083148095,0.700074877560877,0.759919411540895,"cogn_se_lv"
"4318","AC116345.1","Exc L5/6 IT Car3",0.182365613951722,1.9203303415403,9.0614475002726,0.00278782675002974,0.12437002621138,0.104058335520742,"cogn_se_lv"
"4319","BTF3","Exc L5/6 IT Car3",-0.0568665538675472,5.36931114089751,3.14345115497889,0.0770468986747811,0.418760086485465,0.452686915387257,"cogn_se_lv"
"4320","ANKRA2","Exc L5/6 IT Car3",-0.00344712338730299,3.77070683934605,0.0274741069216738,0.878489597557862,0.980957043130887,0.98875286508975,"cogn_se_lv"
"4321","UTP15","Exc L5/6 IT Car3",-0.0320113438271955,2.72639486784791,1.3722438524187,0.242173130126046,0.627251518629668,0.686506679669004,"cogn_se_lv"
"4322","ARHGEF28","Exc L5/6 IT Car3",0.0686600766737202,3.81283166165601,5.47692589793795,0.0197946452995344,0.265458372996778,0.259230822687501,"cogn_se_lv"
"4323","LINC01331","Exc L5/6 IT Car3",0.0227975571931131,2.82184357445174,0.494234067114963,0.482482391335929,0.80187948192872,0.850631286011993,"cogn_se_lv"
"4324","ENC1","Exc L5/6 IT Car3",-0.011053609312698,8.1249587678752,0.363269648517889,0.547061535455262,0.834777873491336,0.880846534244198,"cogn_se_lv"
"4325","HEXB","Exc L5/6 IT Car3",0.00962513534134653,5.3573702054717,0.550809359243638,0.614555130637442,0.872292765527302,0.911347496786145,"cogn_se_lv"
"4326","GFM2","Exc L5/6 IT Car3",-0.00922440939207479,5.26613776834791,0.548645143630148,0.459336992429258,0.788303867210446,0.839740560126695,"cogn_se_lv"
"4327","NSA2","Exc L5/6 IT Car3",-0.0369993362271294,4.8703110989644,3.89164173740699,0.0492637179446991,0.355897153975008,0.376378761079606,"cogn_se_lv"
"4328","FAM169A","Exc L5/6 IT Car3",-0.006651985272852,6.99213133943339,0.448196261830651,0.503606205187037,0.814567104377341,0.860995293708579,"cogn_se_lv"
"4329","AC116337.3","Exc L5/6 IT Car3",0.082232118709464,3.47480506825664,4.28773931005962,0.03907438493113,0.328250427996774,0.343396795704751,"cogn_se_lv"
"4330","GCNT4","Exc L5/6 IT Car3",0.0534839107329341,4.87949082799953,4.64196860235958,0.031837786721395,0.307073851345728,0.315547273246689,"cogn_se_lv"
"4331","LINC01336","Exc L5/6 IT Car3",0.0645831509761003,4.29657679865261,4.18840585900051,0.0414005911742541,0.334651453069991,0.352193565442158,"cogn_se_lv"
"4332","ANKRD31","Exc L5/6 IT Car3",0.0120803939131982,3.14630234603287,0.172070273731099,0.678516451957065,0.900130631056747,0.935482767570423,"cogn_se_lv"
"4333","HMGCR","Exc L5/6 IT Car3",-0.00502335573180687,6.66215659178285,0.0920198397923884,0.761793700571983,0.940735195928995,0.96244634513051,"cogn_se_lv"
"4334","COL4A3BP","Exc L5/6 IT Car3",-0.0037650800732515,6.642674815215,0.175956457262593,0.675112524359873,0.899176443999365,0.934217904564092,"cogn_se_lv"
"4335","POLK","Exc L5/6 IT Car3",0.0163005723925859,6.41612277985832,2.2347464889867,0.135782743649992,0.507838355021727,0.560078478660684,"cogn_se_lv"
"4336","ANKDD1B","Exc L5/6 IT Car3",0.051496217221799,3.04069670002012,2.47545911361281,0.116481942385793,0.484635963568118,0.528252819459083,"cogn_se_lv"
"4337","POC5","Exc L5/6 IT Car3",0.00333050630153609,4.41575505269697,0.0407887349319101,0.840056169733047,0.968641975889083,0.981285104855597,"cogn_se_lv"
"4338","SV2C","Exc L5/6 IT Car3",0.0179894061639065,2.15122127122029,0.0486990042911801,0.825463289779782,0.964387765103685,0.978279960443135,"cogn_se_lv"
"4339","S100Z","Exc L5/6 IT Car3",-0.0936947178880405,1.63577525401577,2.95146227457778,0.0866282910397687,0.434373509228393,0.473023933248963,"cogn_se_lv"
"4340","AC008581.2","Exc L5/6 IT Car3",0.0288047381436571,3.51831808084511,1.71946897885078,0.190566580592703,0.578101825334022,0.631852001683881,"cogn_se_lv"
"4341","ZBED3","Exc L5/6 IT Car3",-0.0135954831209099,2.91849061348843,0.222542365594445,0.637384885860091,0.883276385755741,0.920451206722965,"cogn_se_lv"
"4342","AC022414.1","Exc L5/6 IT Car3",-0.00690759481302286,3.89211490828646,0.0863901485671381,0.768980686653297,0.942860274175954,0.964418127860612,"cogn_se_lv"
"4343","PDE8B","Exc L5/6 IT Car3",-0.00547884769933368,5.01330479731293,0.104806788575601,0.746316932568951,0.933596030449178,0.958195756803083,"cogn_se_lv"
"4344","WDR41","Exc L5/6 IT Car3",-0.00727226703107353,5.76929199429234,0.468446214214967,0.494127115774178,0.808637418966625,0.856379022950107,"cogn_se_lv"
"4345","TBCA","Exc L5/6 IT Car3",-0.00323102120839467,6.58159417750073,0.0880243664822879,0.766868788643624,0.942146573736388,0.963752172847166,"cogn_se_lv"
"4346","AP3B1","Exc L5/6 IT Car3",0.00740853208599272,6.01060685268781,0.422251421017586,0.516215014768285,0.819955524541636,0.86687407615246,"cogn_se_lv"
"4347","SCAMP1-AS1","Exc L5/6 IT Car3",0.0272672959778878,2.32485751965744,0.621974277649944,0.43081462825458,0.773295676328199,0.824684262848536,"cogn_se_lv"
"4348","SCAMP1","Exc L5/6 IT Car3",-0.00692157487492585,6.37259563264755,0.537988652862735,0.658849572398823,0.890851216106056,0.928192016792126,"cogn_se_lv"
"4349","LHFPL2","Exc L5/6 IT Car3",0.00986955517330587,5.40680905185123,0.157396729079772,0.69179115869946,0.905174794455424,0.940109939761944,"cogn_se_lv"
"4350","ARSB","Exc L5/6 IT Car3",0.00991380758520999,5.41391125260189,0.419927700504048,0.51737108761471,0.820014525065951,0.867321515597149,"cogn_se_lv"
"4351","DMGDH","Exc L5/6 IT Car3",0.0225194731735238,5.23232361192818,1.80453691368448,0.179980206201761,0.566621738397059,0.620090691833315,"cogn_se_lv"
"4352","BHMT2","Exc L5/6 IT Car3",-0.00807873554881617,2.17847741633048,0.0442086815274153,0.833580438551945,0.966446547282248,0.980097497109394,"cogn_se_lv"
"4353","BHMT","Exc L5/6 IT Car3",0.00116858477995728,2.11199922070192,0.000333425415157264,0.985441230929103,0.998390354534415,0.999870711362408,"cogn_se_lv"
"4354","JMY","Exc L5/6 IT Car3",-0.00220985414950172,6.47147934407409,0.0489868651351597,0.82495656992794,0.964248646577592,0.978274930692417,"cogn_se_lv"
"4355","HOMER1","Exc L5/6 IT Car3",-0.0980167069220199,8.63395666427315,27.6811308721123,2.41548301725812e-07,0.000531061194794321,0.000507454842720396,"cogn_se_lv"
"4356","TENT2","Exc L5/6 IT Car3",0.00909401173261328,7.14736418759958,0.620429656880529,0.431387007813018,0.773515637015884,0.824989665639549,"cogn_se_lv"
"4357","CMYA5","Exc L5/6 IT Car3",0.0191817923360527,4.87233788222258,0.710042288426688,0.399968782974697,0.754037868768464,0.807517296081989,"cogn_se_lv"
"4358","MTX3","Exc L5/6 IT Car3",-0.00108792196350269,5.25304258805664,0.00620708170358459,0.937245779482787,0.994224741262758,0.997226423542895,"cogn_se_lv"
"4359","THBS4","Exc L5/6 IT Car3",0.0103712310869447,4.38978982815383,0.280812808741192,0.596483682482056,0.862527846791209,0.903436729269285,"cogn_se_lv"
"4360","AC012636.1","Exc L5/6 IT Car3",-0.0118257385670434,2.27967261834107,0.0974265093856772,0.755114152604801,0.937042961505232,0.960724708309814,"cogn_se_lv"
"4361","SERINC5","Exc L5/6 IT Car3",0.0318974017438536,5.58428471337408,3.39675945874101,0.0661164741911221,0.395522426611321,0.42540159948476,"cogn_se_lv"
"4362","AC010260.1","Exc L5/6 IT Car3",0.0609795832096452,2.14591570367595,1.56523156348427,0.211683578105115,0.599623632927856,0.655359325562468,"cogn_se_lv"
"4363","ZFYVE16","Exc L5/6 IT Car3",-0.00358837460225349,6.33077235169844,0.107128728802432,0.743620300105614,0.932898197275987,0.957403700537692,"cogn_se_lv"
"4364","AC008771.1","Exc L5/6 IT Car3",-0.014046851152872,3.31272053222553,0.331230377541742,0.565281899675723,0.84542695588375,0.888950848554907,"cogn_se_lv"
"4365","FAM151B","Exc L5/6 IT Car3",0.00599922381626465,5.21054644655806,0.169253440594386,0.681012006748907,0.900862474773406,0.936337783148393,"cogn_se_lv"
"4366","DHFR","Exc L5/6 IT Car3",-0.0209563245404859,7.03059038477155,0.511276417601772,0.475033316206114,0.797160913358641,0.847321788257323,"cogn_se_lv"
"4367","MSH3","Exc L5/6 IT Car3",0.0201767679562297,6.93087557558544,2.30881521635484,0.129487702658376,0.499853914344947,0.550370385487436,"cogn_se_lv"
"4368","RASGRF2","Exc L5/6 IT Car3",0.033695429742156,7.86950805735356,3.21151021309558,0.0739308706042544,0.413387076509406,0.444989891586743,"cogn_se_lv"
"4369","CKMT2-AS1","Exc L5/6 IT Car3",0.0147609492526779,6.44323543801205,1.22943318424322,0.268230410577976,0.651342204714067,0.711736120090148,"cogn_se_lv"
"4370","CKMT2","Exc L5/6 IT Car3",0.0466887694301827,3.9360829023433,3.53237112230519,0.0609596227583194,0.383639785107702,0.411859225122051,"cogn_se_lv"
"4371","ZCCHC9","Exc L5/6 IT Car3",0.00982324353460501,4.47688370712267,0.421400600522994,0.660458970925174,0.892016329302912,0.92893940694672,"cogn_se_lv"
"4372","ACOT12","Exc L5/6 IT Car3",-0.0178099238084101,2.81550188296731,0.255226677065009,0.613716452847875,0.87212338036277,0.910898832370195,"cogn_se_lv"
"4373","SSBP2","Exc L5/6 IT Car3",-0.0415532489478777,8.8975029339437,9.0121365896212,0.0028622001380582,0.125855028927759,0.105103570111068,"cogn_se_lv"
"4374","ATG10","Exc L5/6 IT Car3",0.0189528147492122,6.36434184564321,1.50982316845566,0.219939332607889,0.608460772257744,0.664669120926421,"cogn_se_lv"
"4375","RPS23","Exc L5/6 IT Car3",-0.0743447500921637,6.18072341736466,3.99453494652221,0.0463720753500513,0.348810478806104,0.367162343230491,"cogn_se_lv"
"4376","ATP6AP1L","Exc L5/6 IT Car3",0.0439298693228825,5.90364709977445,6.23135362889482,0.01298086958742,0.226257091920926,0.214905058680093,"cogn_se_lv"
"4377","TMEM167A","Exc L5/6 IT Car3",-0.0334820478124841,4.33620785784103,3.84568753777559,0.050616391109885,0.358979842940613,0.380614844364749,"cogn_se_lv"
"4378","XRCC4","Exc L5/6 IT Car3",-0.00821291484799026,4.37148936419376,0.175201503523206,0.675770309908297,0.899176443999365,0.934535357577172,"cogn_se_lv"
"4379","EDIL3","Exc L5/6 IT Car3",-0.0231245316302095,8.35199535159297,4.75714266915694,0.0297998400965459,0.303682524051711,0.306754169335613,"cogn_se_lv"
"4380","AC113383.1","Exc L5/6 IT Car3",-0.0296576918661632,5.91080448739533,3.01519552500536,0.083311671343789,0.429465496173682,0.466645119981105,"cogn_se_lv"
"4381","COX7C","Exc L5/6 IT Car3",-0.0949865306708636,6.08107159225857,5.59391794721859,0.0185330772743558,0.258548624040107,0.251095144404681,"cogn_se_lv"
"4382","RASA1","Exc L5/6 IT Car3",-0.000404335857597416,7.58754934069571,0.00147417317350565,0.969393280876275,0.998267578294294,0.999099628483138,"cogn_se_lv"
"4383","CCNH","Exc L5/6 IT Car3",-0.0105737733227065,7.52950366759817,0.411957021427782,0.521371390125955,0.821111921207373,0.869010372818925,"cogn_se_lv"
"4384","AC018754.1","Exc L5/6 IT Car3",0.0183991228867284,3.59269222001345,0.549489060208799,0.458992129405931,0.788028655907772,0.839618221684467,"cogn_se_lv"
"4385","TMEM161B","Exc L5/6 IT Car3",-0.000530774562791112,5.24003662072429,0.00151097723027491,0.978808413494355,0.998390354534415,0.999705838266784,"cogn_se_lv"
"4386","TMEM161B-AS1","Exc L5/6 IT Car3",-0.0097263564906767,8.56058807305975,0.463325800948698,0.496495289437355,0.810277332233811,0.857271032537083,"cogn_se_lv"
"4387","LINC02060","Exc L5/6 IT Car3",0.0478473277889819,2.52387098748595,1.90437182158605,0.168414873047006,0.554418159613567,0.605688704853777,"cogn_se_lv"
"4388","AC091826.2","Exc L5/6 IT Car3",0.0295276205673202,3.42103530939309,0.971216339075947,0.325014681605446,0.697738367475659,0.757834902157151,"cogn_se_lv"
"4389","LINC00461","Exc L5/6 IT Car3",0.00753915394031622,7.50668184779852,0.535818829474484,0.464629557482819,0.79119444669795,0.842408259050411,"cogn_se_lv"
"4390","MEF2C-AS2","Exc L5/6 IT Car3",0.0103668599812923,2.96783234616201,0.141777633947087,0.706733868642136,0.91384928906087,0.945723594512706,"cogn_se_lv"
"4391","MEF2C","Exc L5/6 IT Car3",-0.0130339541733938,9.84616072310713,1.83284608124177,0.17660998976497,0.563465498502014,0.616262614463158,"cogn_se_lv"
"4392","MEF2C-AS1","Exc L5/6 IT Car3",0.0600896099322125,7.23201005825805,12.7519862934507,0.000402079130034531,0.0533448087175124,0.0388918995665388,"cogn_se_lv"
"4393","CETN3","Exc L5/6 IT Car3",0.0284177638165521,3.17404444134138,1.28933663272293,0.256898005263261,0.639693521843368,0.701263388672038,"cogn_se_lv"
"4394","MBLAC2","Exc L5/6 IT Car3",-0.0230518011091435,4.20742256075066,1.86285440319892,0.173116962253709,0.559485520597349,0.611282104088613,"cogn_se_lv"
"4395","POLR3G","Exc L5/6 IT Car3",0.0265263344673051,5.06568228507603,2.76227843929254,0.0973493042982086,0.452220281662973,0.492975197323208,"cogn_se_lv"
"4396","LYSMD3","Exc L5/6 IT Car3",-0.0315378080484934,4.05701091595664,2.99984292231679,0.0840978085234804,0.43113965258299,0.468353627055489,"cogn_se_lv"
"4397","ADGRV1","Exc L5/6 IT Car3",-0.0216295389165062,6.52982581108403,2.02713283677546,0.15534631315843,0.536934366533981,0.588255830669986,"cogn_se_lv"
"4398","LUCAT1","Exc L5/6 IT Car3",-0.0563341178083976,1.55727426827039,1.26663850634291,0.261120577426415,0.644639810998247,0.704938956639278,"cogn_se_lv"
"4399","ARRDC3","Exc L5/6 IT Car3",-0.0019356809640076,3.47023049150135,0.00802765351638718,0.983017638555081,0.998390354534415,0.999870711362408,"cogn_se_lv"
"4400","ARRDC3-AS1","Exc L5/6 IT Car3",0.0516168102111995,3.27259366156737,2.90211214407749,0.0892949816331143,0.438777245166407,0.478404549829851,"cogn_se_lv"
"4401","AC114316.2","Exc L5/6 IT Car3",-0.0470587128060466,2.92932616910818,1.9982619498133,0.158312205363858,0.540417185023175,0.592141134221319,"cogn_se_lv"
"4402","AC124854.1","Exc L5/6 IT Car3",-0.0344648745337181,5.77590009686854,2.39908072152121,0.122253058217589,0.49197586118719,0.538814284733977,"cogn_se_lv"
"4403","AC026780.2","Exc L5/6 IT Car3",-0.0115872845874209,1.74124925756796,0.0626189973017429,0.802540912094322,0.955597215489341,0.973652450180712,"cogn_se_lv"
"4404","NR2F1-AS1","Exc L5/6 IT Car3",0.0233060055511233,8.04530159482604,3.60414274744654,0.0584059746737645,0.378470715885994,0.405043553708081,"cogn_se_lv"
"4405","NR2F1","Exc L5/6 IT Car3",0.0199661665380803,7.01298873448377,2.08833336252019,0.149265974848419,0.528262525244929,0.580259120768358,"cogn_se_lv"
"4406","FAM172A","Exc L5/6 IT Car3",0.0027483224931903,8.62838002401965,0.0634256240953172,0.801299755082632,0.955522586582934,0.973304877618877,"cogn_se_lv"
"4407","KIAA0825","Exc L5/6 IT Car3",0.0194294102781562,7.77051637906416,2.72903258829141,0.0993789631122435,0.455229935733559,0.49649263944115,"cogn_se_lv"
"4408","SLF1","Exc L5/6 IT Car3",0.0116962822526957,7.35507331163469,1.41993891970175,0.234169727113177,0.621576109846761,0.679284906425948,"cogn_se_lv"
"4409","MCTP1","Exc L5/6 IT Car3",-0.0332590162432112,9.32248700933513,5.08836867435882,0.0246645552807282,0.288947222682952,0.284372493481465,"cogn_se_lv"
"4410","AC008534.1","Exc L5/6 IT Car3",-0.0865296232734998,2.76944766521539,4.54910251178571,0.0335872053276523,0.311640275776046,0.322818899075023,"cogn_se_lv"
"4411","FAM81B","Exc L5/6 IT Car3",-0.101039764754856,1.55697691188852,3.51309688226336,0.0616655396690024,0.385168789389364,0.413818186446477,"cogn_se_lv"
"4412","TTC37","Exc L5/6 IT Car3",-0.0189724303826978,7.6840975391528,3.88167826453399,0.049553704127203,0.356516912015847,0.377391323601812,"cogn_se_lv"
"4413","ARSK","Exc L5/6 IT Car3",-0.0314821254347043,4.03413570385097,2.50085806498338,0.114630305097831,0.48122214824212,0.524693937637496,"cogn_se_lv"
"4414","GPR150","Exc L5/6 IT Car3",-0.0386946835912826,1.58197083703236,0.516823788934259,0.472649021600786,0.795908671587733,0.846238713136441,"cogn_se_lv"
"4415","RHOBTB3","Exc L5/6 IT Car3",-0.0708687395381963,4.07573000184116,8.51399629463059,0.00373734651526767,0.137690368572697,0.120540499599417,"cogn_se_lv"
"4416","GLRX","Exc L5/6 IT Car3",-0.0249705727140142,3.40771116954036,0.672757108450495,0.412614893136263,0.762102250535398,0.814863699168195,"cogn_se_lv"
"4417","ELL2","Exc L5/6 IT Car3",0.00308154454275578,6.6520669288339,0.0424725173706949,0.83683392749272,0.967115719302831,0.980795379039451,"cogn_se_lv"
"4418","AC104123.1","Exc L5/6 IT Car3",0.00797398720447472,5.31377179852951,0.221262087511409,0.638354376119413,0.883290788001016,0.920739801878388,"cogn_se_lv"
"4419","PCSK1","Exc L5/6 IT Car3",-0.0522861436461377,4.29505693653076,2.03021221789115,0.155033725209394,0.536413900848149,0.587727242207562,"cogn_se_lv"
"4420","CAST","Exc L5/6 IT Car3",-0.00526770297953204,6.30154576455525,0.158605075441683,0.690671493851492,0.904684871763421,0.939627659774605,"cogn_se_lv"
"4421","ERAP1","Exc L5/6 IT Car3",0.0110498385019309,4.90679443817421,0.569318184068118,0.451005221812994,0.783582113761794,0.835066067295341,"cogn_se_lv"
"4422","AC009126.1","Exc L5/6 IT Car3",-0.00253367884477657,6.79656592513518,0.0395326645328737,0.842505249004009,0.970099241718933,0.981962783252206,"cogn_se_lv"
"4423","ERAP2","Exc L5/6 IT Car3",-0.00477929487042008,3.02021741706373,0.0254238626127721,0.873401582426465,0.979445941768671,0.987977378729173,"cogn_se_lv"
"4424","LNPEP","Exc L5/6 IT Car3",-0.0192404879991919,7.48238579058453,5.62495198034613,0.0182126365662802,0.256209858111937,0.248879998279522,"cogn_se_lv"
"4425","LIX1-AS1","Exc L5/6 IT Car3",0.0369247007545278,4.93088285796099,3.11258599068784,0.078506513282736,0.420387560324412,0.455872270031087,"cogn_se_lv"
"4426","LIX1","Exc L5/6 IT Car3",-0.0230003784571677,3.67257481581396,0.800413408648683,0.371545687106876,0.732319136164808,0.789030519608325,"cogn_se_lv"
"4427","RIOK2","Exc L5/6 IT Car3",-0.0113072739670213,3.6738222636296,0.415696544626845,0.519487845332726,0.820971047083305,0.868340974876994,"cogn_se_lv"
"4428","LINC01340","Exc L5/6 IT Car3",0.0447341721265386,1.99702944523588,0.681060062552453,0.409748461743792,0.76049551691232,0.813033285781202,"cogn_se_lv"
"4429","LINC02234","Exc L5/6 IT Car3",0.0660744312074921,1.78497068449051,1.39396391593706,0.238487796727874,0.624731052263313,0.683368476119064,"cogn_se_lv"
"4430","RGMB","Exc L5/6 IT Car3",-0.024753977095013,4.94451163192989,2.00139347901453,0.157987401187674,0.540417185023175,0.591837430939799,"cogn_se_lv"
"4431","CHD1","Exc L5/6 IT Car3",-0.029262833308744,5.63707707818575,7.25243084650177,0.00739940607327689,0.182319318457869,0.167024331472716,"cogn_se_lv"
"4432","LINC02062","Exc L5/6 IT Car3",0.0665921528202805,5.71313844101164,14.7931781998918,0.000141015700011535,0.0340451001343853,0.0222123453955608,"cogn_se_lv"
"4433","AC021086.1","Exc L5/6 IT Car3",0.0111852784973129,2.40967172697599,0.0875545364881239,0.767473749793381,0.942591665398415,0.963985469348668,"cogn_se_lv"
"4434","FAM174A","Exc L5/6 IT Car3",-0.00166736435137334,4.84670109993796,0.0112167601967526,0.954879344438021,0.996920944446838,0.998408429769982,"cogn_se_lv"
"4435","ST8SIA4","Exc L5/6 IT Car3",0.067210100015361,4.11236048700906,6.55176520249379,0.0108707882495472,0.213268905265307,0.198818295352459,"cogn_se_lv"
"4436","SLCO4C1","Exc L5/6 IT Car3",0.00550379649056429,3.50087809370796,0.0353591789982321,0.850947079244669,0.971725362044465,0.983606453948393,"cogn_se_lv"
"4437","PAM","Exc L5/6 IT Car3",-0.0433132750887522,6.21620128952389,5.04058783120454,0.0253443009163248,0.289897558091032,0.286988953321055,"cogn_se_lv"
"4438","GIN1","Exc L5/6 IT Car3",-0.00386672500769603,3.60128482849135,0.0367803154688338,0.848017182566256,0.971136553429121,0.983044049429311,"cogn_se_lv"
"4439","PPIP5K2","Exc L5/6 IT Car3",0.00477398948393956,6.60820172486864,0.214238287361541,0.643734994700202,0.885447193796969,0.922489357076215,"cogn_se_lv"
"4440","C5orf30","Exc L5/6 IT Car3",-0.00432453313547413,5.03241362159091,0.0993875356445968,0.752741837050802,0.935985850546324,0.960092460143943,"cogn_se_lv"
"4441","NUDT12","Exc L5/6 IT Car3",-0.0122870992539971,3.15446444914379,0.205851038275856,0.650302317992637,0.88742216518162,0.924672259065696,"cogn_se_lv"
"4442","AC099520.1","Exc L5/6 IT Car3",-0.0184135592603985,2.18139912253593,0.17178060670572,0.678771971490348,0.900248512400573,0.935578161750055,"cogn_se_lv"
"4443","LINC01950","Exc L5/6 IT Car3",0.0101421998948446,4.8950588617927,0.137315011554905,0.711174944571242,0.916204787958431,0.947094354502576,"cogn_se_lv"
"4444","EFNA5","Exc L5/6 IT Car3",-0.0327512711444402,9.39143305626093,5.44452453251428,0.0201595786307003,0.26850417095392,0.261630998360149,"cogn_se_lv"
"4445","FBXL17","Exc L5/6 IT Car3",0.0161637537821027,8.98157326096207,2.05293435276452,0.152749210572591,0.533263805504087,0.584780321110031,"cogn_se_lv"
"4446","FER","Exc L5/6 IT Car3",-0.00809398459869002,8.23227710264599,0.5356325154035,0.464707152673147,0.79119444669795,0.842435847667256,"cogn_se_lv"
"4447","AC008871.1","Exc L5/6 IT Car3",-0.00435255476431814,1.49027389039009,0.00389366607341044,0.950278257050477,0.995054338434123,0.997804640603097,"cogn_se_lv"
"4448","AC008467.1","Exc L5/6 IT Car3",0.00560059471204442,1.80548154621731,0.0116901955733534,0.913957576307943,0.989073227776396,0.994126167335106,"cogn_se_lv"
"4449","PJA2","Exc L5/6 IT Car3",-0.0184091129632549,7.75678532649118,2.22498033337069,0.136638092875517,0.509537254507926,0.561539513544425,"cogn_se_lv"
"4450","MAN2A1","Exc L5/6 IT Car3",0.000719875539248401,6.68235942670756,0.00259429728662975,0.959405132803354,0.997053628956036,0.998555548513014,"cogn_se_lv"
"4451","TMEM232","Exc L5/6 IT Car3",0.0277505064793186,7.52985773567475,3.76478931339102,0.0530943849152633,0.365131190745242,0.38959960694377,"cogn_se_lv"
"4452","SLC25A46","Exc L5/6 IT Car3",0.00578811708556609,6.14952566141107,0.398027078369279,0.658717391109543,0.890849723257231,0.928160102554641,"cogn_se_lv"
"4453","WDR36","Exc L5/6 IT Car3",-0.000336669508751531,4.68205910889002,0.000465193704178663,0.998723721315139,0.999604744296048,0.999954262357359,"cogn_se_lv"
"4454","CAMK4","Exc L5/6 IT Car3",0.0100958324106883,7.45813914632597,0.487814973652641,0.485338042182782,0.803148537011223,0.851953072724324,"cogn_se_lv"
"4455","AC010275.1","Exc L5/6 IT Car3",-0.00504544721627192,1.86012071511415,0.0104320707595183,0.918702314386695,0.990428761581556,0.994640339049422,"cogn_se_lv"
"4456","STARD4","Exc L5/6 IT Car3",-0.0253009088171793,5.07041225083301,1.54486903669172,0.2146738424458,0.602558897545296,0.658855068424197,"cogn_se_lv"
"4457","STARD4-AS1","Exc L5/6 IT Car3",0.0367815863304996,4.84930679711457,2.67984737250315,0.102467310827517,0.461913272886785,0.502753313456343,"cogn_se_lv"
"4458","NREP","Exc L5/6 IT Car3",0.0130238293475914,6.74715318111407,0.656898429237842,0.418172924627009,0.765438936199468,0.81792070397503,"cogn_se_lv"
"4459","NREP-AS1","Exc L5/6 IT Car3",-0.0661729329029846,2.34884336848004,1.92071359186493,0.166604518031185,0.551953602726634,0.603191468637893,"cogn_se_lv"
"4460","EPB41L4A","Exc L5/6 IT Car3",0.00124014110741943,7.2339884572093,0.00670792377508886,0.93476856229659,0.993382101587914,0.996642322972698,"cogn_se_lv"
"4461","EPB41L4A-AS1","Exc L5/6 IT Car3",-0.0641163641004746,3.94417458795151,4.64718433948605,0.0317424106485206,0.307073851345728,0.315024879026939,"cogn_se_lv"
"4462","AC010261.2","Exc L5/6 IT Car3",0.109923278014152,1.99447786217453,4.22301816065563,0.0405738851889548,0.332081439658407,0.348703746592248,"cogn_se_lv"
"4463","AC104126.1","Exc L5/6 IT Car3",0.0208214586098535,2.63333009341395,0.232694964190513,0.629815155274324,0.879011085487607,0.917490247420269,"cogn_se_lv"
"4464","APC","Exc L5/6 IT Car3",0.000608652067019511,7.08789858698607,0.00313283564014913,0.955394235229274,0.996920944446838,0.998428000651427,"cogn_se_lv"
"4465","AC008575.1","Exc L5/6 IT Car3",-0.0152663462591417,2.59231271215002,0.313275230505527,0.609469728005608,0.869396553735584,0.908828745972196,"cogn_se_lv"
"4466","SRP19","Exc L5/6 IT Car3",-0.0545230368370673,4.95333033594341,11.0640863536941,0.000967418670833191,0.0804787748330963,0.0632817169578881,"cogn_se_lv"
"4467","REEP5","Exc L5/6 IT Car3",-0.0259122215520065,6.64153428155731,2.77626390785354,0.0965090900898049,0.450590440676212,0.491291534103739,"cogn_se_lv"
"4468","DCP2","Exc L5/6 IT Car3",0.0166110037501543,5.2126138012505,2.13453077412676,0.231693297115308,0.620423337521824,0.67766129996004,"cogn_se_lv"
"4469","MCC","Exc L5/6 IT Car3",-0.0113556825138462,3.22354675835717,0.144778875077319,0.703791838857167,0.912079690238501,0.944766178592879,"cogn_se_lv"
"4470","YTHDC2","Exc L5/6 IT Car3",-0.0180789069100524,6.97608475121385,3.83300853664324,0.0509964994260145,0.359341608067018,0.381792493130017,"cogn_se_lv"
"4471","KCNN2","Exc L5/6 IT Car3",0.0180402953724644,5.40705914395316,1.39349349831912,0.238566887209324,0.624731052263313,0.683395430491215,"cogn_se_lv"
"4472","AC010230.1","Exc L5/6 IT Car3",-0.041602967485762,2.26249730968273,0.955276802378085,0.3290120804738,0.700143385021856,0.760324255682209,"cogn_se_lv"
"4473","TRIM36","Exc L5/6 IT Car3",-0.00445380529202935,5.31329141223713,0.0644581056874564,0.799723261865405,0.954829784589432,0.972831959853679,"cogn_se_lv"
"4474","PGGT1B","Exc L5/6 IT Car3",0.0178138197402877,4.85981491285918,1.6780292345257,0.195986206052095,0.584257138953203,0.63792747826641,"cogn_se_lv"
"4475","CCDC112","Exc L5/6 IT Car3",-0.00516038011466152,5.40392051557094,0.197710646319972,0.656832551035255,0.890074349880228,0.927448393035776,"cogn_se_lv"
"4476","FEM1C","Exc L5/6 IT Car3",-0.044581728427073,4.67132024914666,6.41798977377138,0.0117050924774189,0.215643586296606,0.20539448017588,"cogn_se_lv"
"4477","TMED7-TICAM2","Exc L5/6 IT Car3",-0.0261139779858158,3.60584413073371,1.33001169076114,0.249540282296162,0.633838082940738,0.694108953248096,"cogn_se_lv"
"4478","CDO1","Exc L5/6 IT Car3",-0.016457551982609,4.18811238380456,0.629315450476699,0.428109940130048,0.77189630869187,0.823533760951656,"cogn_se_lv"
"4479","ATG12","Exc L5/6 IT Car3",-0.0424640467023136,5.50536018266715,14.7462685449433,0.000144430342491055,0.0340451001343853,0.0226081629445997,"cogn_se_lv"
"4480","AP3S1","Exc L5/6 IT Car3",0.00609870860220631,6.61749973727229,0.41456789488063,0.520055062969145,0.820971047083305,0.868599671087134,"cogn_se_lv"
"4481","LVRN","Exc L5/6 IT Car3",0.0364733704995435,2.46745708336545,0.724727564258149,0.395142757749181,0.751293188233372,0.80471250163109,"cogn_se_lv"
"4482","AC034236.2","Exc L5/6 IT Car3",0.0924810150541541,1.93236583964762,4.51438299811683,0.0342669022303346,0.3131269192425,0.32532452267037,"cogn_se_lv"
"4483","COMMD10","Exc L5/6 IT Car3",-0.012464916138996,6.48455984437969,0.867769433422077,0.352175017893322,0.719169542251618,0.775766576352712,"cogn_se_lv"
"4484","SEMA6A","Exc L5/6 IT Car3",0.0335424483002255,2.05462757177151,0.476830819460299,0.49029002800464,0.806408414127543,0.854505920994904,"cogn_se_lv"
"4485","SEMA6A-AS1","Exc L5/6 IT Car3",-0.0162960491222832,2.48223724010688,0.169937946383041,0.680403350536929,0.900862474773406,0.936100909052527,"cogn_se_lv"
"4486","AC093206.1","Exc L5/6 IT Car3",-0.0968681974427655,2.20725814107911,6.45606326532629,0.011461131748992,0.214820071996781,0.203476294244372,"cogn_se_lv"
"4487","DTWD2","Exc L5/6 IT Car3",-0.00942592908718442,5.43065059892117,0.321457210710798,0.571073640463008,0.848869669463741,0.891410360591047,"cogn_se_lv"
"4488","AC008629.1","Exc L5/6 IT Car3",0.0537722008702091,3.51458676780836,4.21026857005777,0.0408763619361975,0.33324431592923,0.34977941849144,"cogn_se_lv"
"4489","DMXL1","Exc L5/6 IT Car3",0.00418774823993523,7.39341452762965,0.171408572223693,0.679100519279229,0.900306250321158,0.935723577878067,"cogn_se_lv"
"4490","TNFAIP8","Exc L5/6 IT Car3",-0.0496369366642807,1.98341236824189,1.0355959002492,0.309506384670336,0.685268775726725,0.746308303930654,"cogn_se_lv"
"4491","HSD17B4","Exc L5/6 IT Car3",-0.0209943822840588,6.94750706239462,2.49746351408479,0.114875876749971,0.481727450458327,0.525072197045229,"cogn_se_lv"
"4492","AC008574.1","Exc L5/6 IT Car3",-0.0119038879848786,3.72364523313917,0.0863638456859335,0.769014854627883,0.942860274175954,0.964418127860612,"cogn_se_lv"
"4493","PRR16","Exc L5/6 IT Car3",-0.019059441769118,6.2367382520963,0.659342106960216,0.417309258881015,0.765302656475441,0.817322181499092,"cogn_se_lv"
"4494","SRFBP1","Exc L5/6 IT Car3",-0.0108326742439144,5.28193364725078,0.687818182724508,0.407436957742048,0.759134961216721,0.811769143232363,"cogn_se_lv"
"4495","SNCAIP","Exc L5/6 IT Car3",-0.0232897738560986,1.64534856165466,0.162178663879261,0.687388832956618,0.902774616430194,0.938783065531747,"cogn_se_lv"
"4496","AC119150.1","Exc L5/6 IT Car3",-0.0442866707519475,1.97234252089361,0.684313573136107,0.408633251348559,0.759983775015628,0.812458347094,"cogn_se_lv"
"4497","LINC02201","Exc L5/6 IT Car3",0.0505666833342271,1.44979400550164,0.923248003027308,0.337244918391771,0.707374895597759,0.765678623072585,"cogn_se_lv"
"4498","SNX2","Exc L5/6 IT Car3",0.011498356299463,5.44376946724122,0.886532115610699,0.34702709590402,0.715260611242374,0.77221863494289,"cogn_se_lv"
"4499","SNX24","Exc L5/6 IT Car3",0.015759070358649,5.57527474685478,1.13846314487938,0.286666167669248,0.666712157982136,0.727318044220875,"cogn_se_lv"
"4500","PRDM6","Exc L5/6 IT Car3",-0.0390452364631921,2.87478624232946,1.46601273411824,0.22674108875763,0.615741020550793,0.672057421760566,"cogn_se_lv"
"4501","CEP120","Exc L5/6 IT Car3",-0.0039139785944298,4.94881980960216,0.058125393587503,0.809615977714389,0.958387039229633,0.975449180997512,"cogn_se_lv"
"4502","CSNK1G3","Exc L5/6 IT Car3",0.00259569723432995,6.29757623107569,0.0581099545968683,0.999177382124085,0.999604744296048,0.999977066117083,"cogn_se_lv"
"4503","LINC01170","Exc L5/6 IT Car3",-0.0337790214281387,1.67606937788701,0.413911099054438,0.52038564744625,0.821092037196555,0.868666837940365,"cogn_se_lv"
"4504","ZNF608","Exc L5/6 IT Car3",0.0774267810191465,2.58901323685161,2.69281664905707,0.101642871378906,0.460599159063424,0.501112872571173,"cogn_se_lv"
"4505","LINC02240","Exc L5/6 IT Car3",0.0299621107773652,2.64956785608242,0.368696226704195,0.544084574513858,0.833014484855578,0.879486392871733,"cogn_se_lv"
"4506","GRAMD2B","Exc L5/6 IT Car3",-0.0732522753842325,1.54398289589023,1.93278448962941,0.165281644530133,0.550104781427065,0.601581608596116,"cogn_se_lv"
"4507","ALDH7A1","Exc L5/6 IT Car3",0.0234798412092905,4.4749685443239,1.90443750571135,0.168407551372104,0.554418159613567,0.605688704853777,"cogn_se_lv"
"4508","PHAX","Exc L5/6 IT Car3",-0.0357288627556671,5.14504700455126,4.27224058152334,0.0394280703385417,0.328617396477374,0.344644567379915,"cogn_se_lv"
"4509","LMNB1-DT","Exc L5/6 IT Car3",0.0359796613455253,2.02311378421221,0.790915480154694,0.374395604472522,0.734135603387086,0.791020954130679,"cogn_se_lv"
"4510","LMNB1","Exc L5/6 IT Car3",0.0366066571804191,2.96658333669449,1.84253922584765,0.175472855138318,0.562492655817271,0.614616925737199,"cogn_se_lv"
"4511","MARCH3","Exc L5/6 IT Car3",-0.0226477139185816,4.13648619792731,0.74302498078392,0.389246411471863,0.746514013885434,0.800802753719046,"cogn_se_lv"
"4512","MEGF10","Exc L5/6 IT Car3",-0.0166262448405698,2.61648980332411,0.142918883048614,0.705610977928723,0.913011009779977,0.945228367479605,"cogn_se_lv"
"4513","PRRC1","Exc L5/6 IT Car3",-0.00108291342645757,4.18411976839105,0.00428270036205994,0.947856807379542,0.994804925328349,0.997804640603097,"cogn_se_lv"
"4514","CTXN3","Exc L5/6 IT Car3",0.0049639503459158,1.63330817884875,0.00763041272859558,0.930438326747822,0.991816455834028,0.995925713518617,"cogn_se_lv"
"4515","CCDC192","Exc L5/6 IT Car3",0.0045212819220335,3.26602360051655,0.018765544206312,0.891114541425749,0.985508487276283,0.990615604154006,"cogn_se_lv"
"4516","AC068658.1","Exc L5/6 IT Car3",0.0353045790597741,2.3566928507871,0.859982144165032,0.354342267877093,0.720425152816946,0.777347007063377,"cogn_se_lv"
"4517","LINC01184","Exc L5/6 IT Car3",0.0234335034202293,6.87265479339407,2.15126368102931,0.143293658326214,0.519702149454255,0.571323466646049,"cogn_se_lv"
"4518","SLC12A2","Exc L5/6 IT Car3",0.00331463610759447,6.62305313610357,0.0688238963012494,0.79320151005118,0.952216125954876,0.971135340407771,"cogn_se_lv"
"4519","FBN2","Exc L5/6 IT Car3",-0.0123337568432878,2.01780302559522,0.0832958506610719,0.773039715311418,0.944640998957263,0.965446533560856,"cogn_se_lv"
"4520","SLC27A6","Exc L5/6 IT Car3",-0.0934068211756268,4.89890869923513,3.00578986645033,0.0837923417553746,0.431065009578357,0.467783559294659,"cogn_se_lv"
"4521","ISOC1","Exc L5/6 IT Car3",-0.000519422618680341,2.558833957094,0.000415927748830008,0.983739710729187,0.998390354534415,0.999870711362408,"cogn_se_lv"
"4522","ADAMTS19","Exc L5/6 IT Car3",-0.0339191185408957,7.64888551931007,2.35790645998876,0.125495619342453,0.494718008042931,0.543419134372388,"cogn_se_lv"
"4523","AC008591.1","Exc L5/6 IT Car3",0.0675047836873513,6.66421713247914,7.38475665151474,0.00688406923605883,0.176871161173532,0.161606258161061,"cogn_se_lv"
"4524","KIAA1024L","Exc L5/6 IT Car3",-0.102966279602018,1.83653407698397,5.5898744564896,0.0185752568397381,0.258548624040107,0.251380823801771,"cogn_se_lv"
"4525","CHSY3","Exc L5/6 IT Car3",0.00928678280923601,9.71562325907758,0.498467849947627,0.480614046290544,0.80063394477736,0.849710193338452,"cogn_se_lv"
"4526","HINT1","Exc L5/6 IT Car3",-0.0520647289451973,7.32466545277891,2.8811649066177,0.0904537860412213,0.441326558893081,0.480659797618857,"cogn_se_lv"
"4527","LYRM7","Exc L5/6 IT Car3",0.0108416616519234,5.27752516911537,0.722067629587221,0.525725088560785,0.823167068160594,0.870893625055802,"cogn_se_lv"
"4528","CDC42SE2","Exc L5/6 IT Car3",0.00203884626097803,7.15330083975712,0.0586618295042442,0.878964073424926,0.98101923710574,0.988795269770792,"cogn_se_lv"
"4529","RAPGEF6","Exc L5/6 IT Car3",0.00261356087365586,4.5096023516232,0.0212492715415908,0.884180535117594,0.982636995754113,0.989434190942746,"cogn_se_lv"
"4530","AC034228.3","Exc L5/6 IT Car3",0.00845271240832786,1.91150750566583,0.0352119152004706,0.851254147568777,0.971725362044465,0.983698158420753,"cogn_se_lv"
"4531","ACSL6","Exc L5/6 IT Car3",0.0642520614185393,2.17081392825582,2.35440397633843,0.125775841567787,0.495188079234648,0.543772311215948,"cogn_se_lv"
"4532","P4HA2-AS1","Exc L5/6 IT Car3",0.0456592700864738,1.92654847315035,0.950340975720172,0.330263168136419,0.700406022244585,0.760910139387465,"cogn_se_lv"
"4533","P4HA2","Exc L5/6 IT Car3",0.0242931726737962,4.7680569843198,1.20746422103829,0.272542387063326,0.654492834117506,0.71534011745972,"cogn_se_lv"
"4534","SLC22A4","Exc L5/6 IT Car3",0.0137274302692826,3.05331982122366,0.240958180417724,0.623803067178627,0.875827296068406,0.914819083421553,"cogn_se_lv"
"4535","SLC22A5","Exc L5/6 IT Car3",0.0392304954989248,3.65469089677314,4.09857276724566,0.043630271935814,0.340910221992702,0.359528058441473,"cogn_se_lv"
"4536","AC116366.3","Exc L5/6 IT Car3",-0.0153284286277212,5.16316333693632,0.498177620764327,0.480741742656309,0.80063394477736,0.849823034788498,"cogn_se_lv"
"4537","IRF1","Exc L5/6 IT Car3",0.0103704641558388,1.32980879536902,0.0365304972129206,0.84852791657636,0.971136553429121,0.98316888362912,"cogn_se_lv"
"4538","RAD50","Exc L5/6 IT Car3",-0.0472967649529376,1.6847237929481,0.994461055874308,0.31929980648198,0.693189499961306,0.753706154673845,"cogn_se_lv"
"4539","TH2LCRR","Exc L5/6 IT Car3",0.0171603006958668,2.82913825637318,0.244249997770743,0.621443651368297,0.874801554309734,0.913680592034508,"cogn_se_lv"
"4540","AC004039.1","Exc L5/6 IT Car3",-0.0214896747949006,3.63049672489641,0.281919972487823,0.595760984032335,0.862374110633713,0.903179045577841,"cogn_se_lv"
"4541","KIF3A","Exc L5/6 IT Car3",-0.0142602208799377,7.39683311084955,3.46856702157861,0.0633300929745002,0.388692667696058,0.418476904631252,"cogn_se_lv"
"4542","SEPT8","Exc L5/6 IT Car3",-0.00354913121748289,5.45565080469316,0.0630865729856353,0.801820424902367,0.955572858244753,0.973441666746509,"cogn_se_lv"
"4543","SOWAHA","Exc L5/6 IT Car3",-0.0467015129741515,3.33110255754466,2.71665198794536,0.100146609052063,0.456533268160914,0.497909728445352,"cogn_se_lv"
"4544","SHROOM1","Exc L5/6 IT Car3",0.00531627593854639,2.5908431134181,0.0285660658435883,0.865876304805554,0.976108726264099,0.986682887883768,"cogn_se_lv"
"4545","UQCRQ","Exc L5/6 IT Car3",-0.086461678153572,4.06527298937457,3.84340139994444,0.0506847051449294,0.359091377056743,0.380884347141199,"cogn_se_lv"
"4546","AFF4","Exc L5/6 IT Car3",-0.0116872432541155,7.38848978249793,2.07586795579141,0.150482169021355,0.529447806785235,0.581737541558139,"cogn_se_lv"
"4547","ZCCHC10","Exc L5/6 IT Car3",0.0159923216819812,4.53549726713342,1.29126475296821,0.256543226914797,0.639571989246947,0.70091807562557,"cogn_se_lv"
"4548","HSPA4","Exc L5/6 IT Car3",-0.0156110011196676,5.94529856014362,0.656722241827709,0.418235297205014,0.765446690924624,0.817960041679836,"cogn_se_lv"
"4549","AC010307.2","Exc L5/6 IT Car3",-0.031087345648178,1.36611183301273,0.244708931246897,0.621116283986374,0.874563550828023,0.913598894560339,"cogn_se_lv"
"4550","FSTL4","Exc L5/6 IT Car3",0.0213941905780314,7.09720926302214,0.437703332575733,0.50864079111177,0.816961913286198,0.863403675335701,"cogn_se_lv"
"4551","C5orf15","Exc L5/6 IT Car3",-0.00754360300508479,4.17487707994091,0.254745423573554,0.931249948466008,0.991898173360915,0.995965313439199,"cogn_se_lv"
"4552","VDAC1","Exc L5/6 IT Car3",-0.0293940882390009,5.99533179745539,2.13836946938744,0.14449500647606,0.520632076517234,0.572944707844708,"cogn_se_lv"
"4553","TCF7","Exc L5/6 IT Car3",0.0737915574840526,2.78981441131353,3.5200797664332,0.0614087879857063,0.385168789389364,0.413065228447417,"cogn_se_lv"
"4554","SKP1","Exc L5/6 IT Car3",-0.0568684778326793,6.71633781767592,5.69751473807706,0.0174856196316094,0.251087065855326,0.244495776025218,"cogn_se_lv"
"4555","AC104109.3","Exc L5/6 IT Car3",0.0202660647637291,3.32259313749387,0.587563522870532,0.443846811295791,0.779593976927896,0.831799962072791,"cogn_se_lv"
"4556","CDKL3","Exc L5/6 IT Car3",0.0187940818438937,5.56233934783383,2.42102518717691,0.120563067202523,0.490188466717176,0.535841820560727,"cogn_se_lv"
"4557","UBE2B","Exc L5/6 IT Car3",0.0018198194718306,7.43450451367057,0.0337124466674623,0.854419402828278,0.972881064401809,0.984499131646245,"cogn_se_lv"
"4558","CDKN2AIPNL","Exc L5/6 IT Car3",-0.0151087940972719,3.87421460153016,0.432467004491914,0.511185784219362,0.81828914468733,0.864765362833216,"cogn_se_lv"
"4559","AC005355.1","Exc L5/6 IT Car3",0.0617236064044785,3.09743954187561,3.42518646794873,0.064998010675736,0.391821145436575,0.422650944828361,"cogn_se_lv"
"4560","JADE2","Exc L5/6 IT Car3",-0.0158796303889361,5.23168261921048,1.3320280728007,0.249182338963775,0.633297939815486,0.693765905581751,"cogn_se_lv"
"4561","SAR1B","Exc L5/6 IT Car3",0.00219092891118164,5.3706890686718,0.0427283402585524,0.836350225771865,0.967115719302831,0.980690152704928,"cogn_se_lv"
"4562","SEC24A","Exc L5/6 IT Car3",0.0347063359359736,5.51424138997008,9.23771708474177,0.00253771086738903,0.11769020276752,0.0994852025784879,"cogn_se_lv"
"4563","CAMLG","Exc L5/6 IT Car3",0.0135765574032276,5.96122884859377,0.71150967011801,0.399482725930237,0.754037868768464,0.807298121113374,"cogn_se_lv"
"4564","DDX46","Exc L5/6 IT Car3",-0.0177539498596301,6.49857311480126,4.16906070769859,0.0418703694970563,0.336180248199134,0.353818059391408,"cogn_se_lv"
"4565","C5orf24","Exc L5/6 IT Car3",-0.0181205390594045,5.30937038053793,1.11450536054591,0.291786738103311,0.670939473989236,0.731108992448086,"cogn_se_lv"
"4566","TXNDC15","Exc L5/6 IT Car3",0.0582821167864919,4.41741555028784,7.71843731370944,0.00574178475338688,0.163835011002822,0.148953059208332,"cogn_se_lv"
"4567","PCBD2","Exc L5/6 IT Car3",0.0552726833078339,4.25727667224385,5.93112907677867,0.0153426186739343,0.238212872045524,0.230636191434382,"cogn_se_lv"
"4568","C5orf66","Exc L5/6 IT Car3",0.0571549235337535,3.19007940935807,3.79682613621221,0.0520979883521281,0.361328544722511,0.385645405059721,"cogn_se_lv"
"4569","H2AFY","Exc L5/6 IT Car3",0.00814309502277827,6.52524918798662,1.02808159686525,0.311265737114855,0.686590373723434,0.747905193088876,"cogn_se_lv"
"4570","SMAD5","Exc L5/6 IT Car3",0.0102891749388882,5.22590691476669,0.814900633866393,0.381400803452795,0.740402552467578,0.796348614203689,"cogn_se_lv"
"4571","SMIM32","Exc L5/6 IT Car3",0.044933384345588,5.55832768425508,1.74064065324641,0.187865494006028,0.575062928090689,0.629012385606037,"cogn_se_lv"
"4572","TRPC7","Exc L5/6 IT Car3",-0.0078249345173247,2.90253553456374,0.0374957054859991,0.846564493608703,0.970988236489561,0.98290062809687,"cogn_se_lv"
"4573","TRPC7-AS1","Exc L5/6 IT Car3",0.0185433013828978,5.00450054827194,1.40705545349534,0.236299483348775,0.623140686898157,0.681275948424082,"cogn_se_lv"
"4574","SPOCK1","Exc L5/6 IT Car3",-0.0105433495665071,10.2493892926468,1.06175915928287,0.303480777822732,0.680444226499394,0.741583207857123,"cogn_se_lv"
"4575","KLHL3","Exc L5/6 IT Car3",0.00627754314110226,6.13942777716791,0.239000740237193,0.625215567240024,0.876087369555128,0.91534386620965,"cogn_se_lv"
"4576","HNRNPA0","Exc L5/6 IT Car3",-0.0530336124634425,4.83145835070609,6.60400843530881,0.0105618368956417,0.21220191883019,0.196333591616,"cogn_se_lv"
"4577","AC106791.1","Exc L5/6 IT Car3",0.0503480460115412,4.70711759625692,7.46970867417973,0.00657278008659907,0.174078706198328,0.158493207774882,"cogn_se_lv"
"4578","MYOT","Exc L5/6 IT Car3",0.0533069982127916,1.90221668378537,1.34118619751313,0.247564528183885,0.63152960198077,0.692098707212309,"cogn_se_lv"
"4579","PKD2L2","Exc L5/6 IT Car3",0.0262650568379258,2.49027647043565,0.515608607146385,0.473169649833551,0.795908671587733,0.846385562994335,"cogn_se_lv"
"4580","FAM13B","Exc L5/6 IT Car3",0.014712689245411,6.95840051130025,2.92127472424336,0.088249050739916,0.437267511554188,0.476041593225076,"cogn_se_lv"
"4581","WNT8A","Exc L5/6 IT Car3",-0.00511717712215072,1.80898447454625,0.00900472851692162,0.924450483916233,0.991196077697388,0.995367297688998,"cogn_se_lv"
"4582","NME5","Exc L5/6 IT Car3",0.0246583846779774,6.24413982883571,2.21049666889682,0.137917791980536,0.510620798575702,0.563247995051705,"cogn_se_lv"
"4583","BRD8","Exc L5/6 IT Car3",-0.00458253444083205,5.50774738321649,0.174876509456344,0.703817193271817,0.912079690238501,0.944766178592879,"cogn_se_lv"
"4584","CDC23","Exc L5/6 IT Car3",-0.0229112382116381,4.67006873953087,2.77480502953995,0.0965963643149287,0.450626870811383,0.491363431723136,"cogn_se_lv"
"4585","CDC25C","Exc L5/6 IT Car3",0.00570574352118313,1.93020822915909,0.0171273402072708,0.895947415716253,0.986220413743843,0.991515360859748,"cogn_se_lv"
"4586","FAM53C","Exc L5/6 IT Car3",-0.00359719947921788,5.32795388111014,0.0917380086797478,0.762147696643037,0.940991018959995,0.962565652877819,"cogn_se_lv"
"4587","KDM3B","Exc L5/6 IT Car3",0.0159726913394851,5.90468645612626,1.50603759015336,0.220517299297681,0.608750260347146,0.665403290514661,"cogn_se_lv"
"4588","REEP2","Exc L5/6 IT Car3",-0.0177119721864605,6.00086885092992,2.09006678613716,0.149097737262566,0.528050373808741,0.579933493706877,"cogn_se_lv"
"4589","EGR1","Exc L5/6 IT Car3",-0.0777126099494743,3.64053682185309,2.67035343983415,0.103075482549462,0.462584975531369,0.503794287955531,"cogn_se_lv"
"4590","ETF1","Exc L5/6 IT Car3",-0.00656979445927188,4.68296909913546,0.189246428233597,0.663795685136319,0.893850345108754,0.930012936746273,"cogn_se_lv"
"4591","HSPA9","Exc L5/6 IT Car3",-0.0115219333046766,6.25167542958995,0.733935831984558,0.392159456697104,0.748893664048694,0.803056083940092,"cogn_se_lv"
"4592","CTNNA1","Exc L5/6 IT Car3",0.0147884753987229,5.52621311027805,0.714538255127429,0.398482242243718,0.753580942262327,0.806631804452693,"cogn_se_lv"
"4593","LRRTM2","Exc L5/6 IT Car3",-0.0361708289919785,5.66093263636384,7.88795378222101,0.00523784389525534,0.157750327882543,0.142194815408986,"cogn_se_lv"
"4594","SIL1","Exc L5/6 IT Car3",0.0230678258108579,7.13336633118287,4.83402951934468,0.0285157373715449,0.298467500217356,0.300785073927344,"cogn_se_lv"
"4595","AC011405.1","Exc L5/6 IT Car3",0.0430043036825899,2.37710808327571,1.02420774583785,0.312177840228048,0.687327176124416,0.748776605140277,"cogn_se_lv"
"4596","MATR3","Exc L5/6 IT Car3",0.0526747268057456,3.45291363170048,4.3293656962554,0.0381408983103552,0.326420325747608,0.339929762642782,"cogn_se_lv"
"4597","PAIP2","Exc L5/6 IT Car3",-0.0153048147051309,5.99104165926269,2.26798335176342,0.132916495775759,0.50397475049765,0.555789825521318,"cogn_se_lv"
"4598","SPATA24","Exc L5/6 IT Car3",0.0611167131821676,1.78091982776004,1.89382634846341,0.169595119411656,0.556681238646118,0.607531925788265,"cogn_se_lv"
"4599","DNAJC18","Exc L5/6 IT Car3",0.0210219660749089,5.62243896145741,4.34189818142158,0.0737335961742733,0.413090660765222,0.444450351086121,"cogn_se_lv"
"4600","TMEM173","Exc L5/6 IT Car3",0.0492284304920224,2.29822312328114,1.92319352501793,0.166331747896148,0.551809786618177,0.602786474500471,"cogn_se_lv"
"4601","UBE2D2","Exc L5/6 IT Car3",0.0108541180075787,6.92418117405695,1.85102039359068,0.174484842272586,0.5610083933887,0.613308996491067,"cogn_se_lv"
"4602","CXXC5","Exc L5/6 IT Car3",-0.0155744655522847,5.61761126663056,0.458579650954698,0.498707539072236,0.811671841203719,0.858371186450076,"cogn_se_lv"
"4603","AC008667.1","Exc L5/6 IT Car3",-0.00557809301790725,2.27002535334271,0.0219304613509009,0.882352115836143,0.982209919641427,0.989040881154769,"cogn_se_lv"
"4604","PSD2","Exc L5/6 IT Car3",-0.0428139292608797,3.19692372428429,3.57428186976131,0.0594542747615931,0.380317884051547,0.407832416460517,"cogn_se_lv"
"4605","NRG2","Exc L5/6 IT Car3",0.0271359222345083,6.49393283519453,2.72251748633865,0.0997821178029438,0.45575968749403,0.497292889529931,"cogn_se_lv"
"4606","MALINC1","Exc L5/6 IT Car3",-0.0577776083387091,2.50877256583123,3.369867138927,0.0671935699416962,0.39725488026192,0.427831894876414,"cogn_se_lv"
"4607","PURA","Exc L5/6 IT Car3",-0.0141216060934271,7.169149249136,1.35713214804436,0.244778266537249,0.63016686550824,0.689233160771785,"cogn_se_lv"
"4608","IGIP","Exc L5/6 IT Car3",-0.0223208931585603,5.10427249443538,1.74921984346022,0.186783708099267,0.574235830382092,0.62775386709607,"cogn_se_lv"
"4609","CYSTM1","Exc L5/6 IT Car3",-0.0449482374471937,5.95490897633666,8.76701128956033,0.00326311390559514,0.131218826837242,0.113146648551614,"cogn_se_lv"
"4610","PFDN1","Exc L5/6 IT Car3",-0.0267083450230013,5.17295110095744,2.82157993493928,0.0938406241414377,0.446431902793424,0.486649627468375,"cogn_se_lv"
"4611","HBEGF","Exc L5/6 IT Car3",-0.0148098695773323,2.47600459735506,0.253551710599919,0.614881941641098,0.872442016781365,0.911407255121725,"cogn_se_lv"
"4612","AC008438.2","Exc L5/6 IT Car3",0.0151150629971185,2.35396326574559,0.188137854065778,0.664721309187811,0.894392459206191,0.930333313004927,"cogn_se_lv"
"4613","AC008438.1","Exc L5/6 IT Car3",0.00868330618996979,4.26608201288197,0.249777795428266,0.617525737800879,0.873423500115388,0.912233500902762,"cogn_se_lv"
"4614","ANKHD1-EIF4EBP3","Exc L5/6 IT Car3",0.0369111250944127,3.57605298837355,2.88651728780149,0.0901561416734552,0.440337359680887,0.480185813864382,"cogn_se_lv"
"4615","SRA1","Exc L5/6 IT Car3",-0.0222496598244054,4.32750856414622,1.36826096094966,0.242856444974812,0.627739450480744,0.687134030499817,"cogn_se_lv"
"4616","APBB3","Exc L5/6 IT Car3",0.0226452591640511,3.91094669104025,1.1291632330522,0.28864013548953,0.668498372488167,0.728660290727017,"cogn_se_lv"
"4617","SLC35A4","Exc L5/6 IT Car3",-0.00539316258832107,2.89860378581608,0.0329582184153577,0.856039045804071,0.973040201275245,0.984658410773017,"cogn_se_lv"
"4618","NDUFA2","Exc L5/6 IT Car3",-0.0749976565823011,4.01642064260278,6.08623499745393,0.0140715876627966,0.230612385206759,0.222410893844825,"cogn_se_lv"
"4619","TMCO6","Exc L5/6 IT Car3",-0.0338124434048838,2.18164926697351,0.792363486004437,0.373959142772879,0.733997392678406,0.790756968382603,"cogn_se_lv"
"4620","IK","Exc L5/6 IT Car3",-0.031104725721093,3.95407335228192,2.19223110372206,0.13955090960042,0.512942082338302,0.56529541886943,"cogn_se_lv"
"4621","WDR55","Exc L5/6 IT Car3",0.0392984586343053,3.10195392198738,2.36078926786031,0.125265497784301,0.494570551795893,0.542963607866579,"cogn_se_lv"
"4622","DND1","Exc L5/6 IT Car3",-0.0163612808207042,1.93526332538506,0.157063350760922,0.692100945514554,0.905224673072746,0.940223363682234,"cogn_se_lv"
"4623","HARS","Exc L5/6 IT Car3",-0.00744614812548659,5.88031877753479,0.520865056724237,0.470924252521,0.794633044963293,0.845471042135165,"cogn_se_lv"
"4624","HARS2","Exc L5/6 IT Car3",0.023869087482841,3.20344452151929,0.833054619710152,0.361979217562579,0.725902799363033,0.782438082721415,"cogn_se_lv"
"4625","ZMAT2","Exc L5/6 IT Car3",-0.012770743266151,4.87761008994127,0.402482364033448,0.526198235602036,0.823405271572479,0.871198671545516,"cogn_se_lv"
"4626","AC005609.5","Exc L5/6 IT Car3",0.0192591445803118,3.85573030490313,0.814028306576223,0.367513142420574,0.729191020330011,0.786323681006626,"cogn_se_lv"
"4627","PCDHB2","Exc L5/6 IT Car3",-0.0523345525694717,1.73446413028988,1.26803102299982,0.260859056510738,0.644404907300591,0.704735537120886,"cogn_se_lv"
"4628","AC244517.2","Exc L5/6 IT Car3",-0.0187471806611642,1.7489138026851,0.15830766205046,0.690946620147129,0.904684871763421,0.939729869474728,"cogn_se_lv"
"4629","PCDHB4","Exc L5/6 IT Car3",-0.0517606371315767,2.49543029007221,2.5152814192797,0.113593338737305,0.479484773221921,0.522954716355188,"cogn_se_lv"
"4630","AC244517.11","Exc L5/6 IT Car3",0.00480360334440836,2.95494663583764,0.0151433028790704,0.902127227105533,0.987810604126722,0.992744989013678,"cogn_se_lv"
"4631","PCDHB9","Exc L5/6 IT Car3",-0.031257109391923,3.00614815938102,1.07286432296364,0.300969185651627,0.678733349645259,0.739284573101224,"cogn_se_lv"
"4632","PCDHB10","Exc L5/6 IT Car3",-0.00981054340866301,2.72772245614705,0.101073827131721,0.750722374552649,0.935061293652094,0.959437473279857,"cogn_se_lv"
"4633","PCDHB12","Exc L5/6 IT Car3",-0.0556219759384373,2.28047685177215,2.57892073216431,0.109140177754946,0.471635328612973,0.514702189894425,"cogn_se_lv"
"4634","PCDHB14","Exc L5/6 IT Car3",-0.029646809965035,2.23816884315402,0.760919729892915,0.383600994812621,0.742126877456472,0.797854232171982,"cogn_se_lv"
"4635","AC244517.10","Exc L5/6 IT Car3",-0.00529176166391664,4.40943074252653,0.0719818755730974,0.78862077750347,0.950495243619579,0.969812670579802,"cogn_se_lv"
"4636","TAF7","Exc L5/6 IT Car3",-0.0305596986001378,5.0096079514722,1.77053911192974,0.184126775392151,0.570694978659664,0.624744757531358,"cogn_se_lv"
"4637","PCDHGA1","Exc L5/6 IT Car3",-0.0434430790410783,2.66491771877295,1.58277303619278,0.209147266831234,0.597451362203591,0.652675985581967,"cogn_se_lv"
"4638","DIAPH1","Exc L5/6 IT Car3",0.00755702674897181,6.00131580382387,0.436587653168629,0.509181200275582,0.816961913286198,0.863634761253121,"cogn_se_lv"
"4639","AC008781.2","Exc L5/6 IT Car3",0.0387565279898414,1.26996424977025,0.322198411987024,0.570630334993648,0.848666491645945,0.891188018973842,"cogn_se_lv"
"4640","HDAC3","Exc L5/6 IT Car3",0.010120792754628,5.80977810435387,0.620090587396835,0.431512809085517,0.773515637015884,0.825074980238432,"cogn_se_lv"
"4641","RELL2","Exc L5/6 IT Car3",-0.0763207676834559,3.6125743629832,9.75603803776996,0.00192678957394147,0.104206342515711,0.0873756810392805,"cogn_se_lv"
"4642","FCHSD1","Exc L5/6 IT Car3",0.0821288293549425,2.09130936055187,3.07427280242899,0.080360070239695,0.422528691830853,0.45984239736884,"cogn_se_lv"
"4643","ARAP3","Exc L5/6 IT Car3",0.186313317555084,2.79438342215807,11.3449758331935,0.000835233102910886,0.072622810473438,0.0584214331818766,"cogn_se_lv"
"4644","PCDH1","Exc L5/6 IT Car3",0.00170161462312289,4.52254303548438,0.00577822408988968,0.939448138573391,0.994539668727838,0.997351302535834,"cogn_se_lv"
"4645","DELE1","Exc L5/6 IT Car3",0.0156882173917652,5.1287046952716,1.06641346435843,0.30242485067491,0.679660988885348,0.740648949170057,"cogn_se_lv"
"4646","RNF14","Exc L5/6 IT Car3",-0.0132699554794715,4.82217108644078,1.08154451605713,0.299024716082912,0.676917505521024,0.737267577448043,"cogn_se_lv"
"4647","AC005740.3","Exc L5/6 IT Car3",-0.00136899207235153,1.64080662684894,0.001100806841443,0.973550030296508,0.998267578294294,0.999408030758943,"cogn_se_lv"
"4648","GNPDA1","Exc L5/6 IT Car3",-0.0139577974343716,4.39834189861623,0.77039725740696,0.380658162236238,0.739501277053231,0.795810186282312,"cogn_se_lv"
"4649","NDFIP1","Exc L5/6 IT Car3",0.00177153601233609,7.97992794211339,0.029990325090069,0.862605951134072,0.974960696887198,0.986278634068545,"cogn_se_lv"
"4650","SPRY4","Exc L5/6 IT Car3",0.0981880905522914,1.90133713538952,2.20677107389883,0.138249141846327,0.51120958505886,0.563710781728889,"cogn_se_lv"
"4651","SPRY4-AS1","Exc L5/6 IT Car3",0.104612461270736,4.59413604387336,4.64797435331786,0.0317279904207372,0.307073851345728,0.314933968576131,"cogn_se_lv"
"4652","FGF1","Exc L5/6 IT Car3",0.0437725487564758,3.4679050185078,2.02843845705115,0.15521369207012,0.536795218193066,0.588108005041475,"cogn_se_lv"
"4653","ARHGAP26","Exc L5/6 IT Car3",-0.0165783822596725,9.40727665827912,1.90885645318042,0.167915820078517,0.554079003217918,0.604830309001721,"cogn_se_lv"
"4654","ARHGAP26-AS1","Exc L5/6 IT Car3",-0.0461929153342759,3.20399353729223,1.04989529463594,0.306194050614885,0.682747109631723,0.743538890140748,"cogn_se_lv"
"4655","NR3C1","Exc L5/6 IT Car3",-0.0321288919319123,8.39689721680638,9.01405550546212,0.00285926840197906,0.125855028927759,0.105028120429506,"cogn_se_lv"
"4656","AC016598.1","Exc L5/6 IT Car3",0.0203683805172164,5.11641747408994,0.69519907248061,0.404934250566186,0.757934301831652,0.810432894099687,"cogn_se_lv"
"4657","YIPF5","Exc L5/6 IT Car3",0.00121248916193472,4.73093587069139,0.0064595217468507,0.935985097937656,0.993811309905295,0.99702991079766,"cogn_se_lv"
"4658","KCTD16","Exc L5/6 IT Car3",-0.0132063775227112,11.3974896707459,1.5354485370286,0.216074284260584,0.604395353466083,0.660375947686571,"cogn_se_lv"
"4659","AC137770.1","Exc L5/6 IT Car3",-0.00357659825136474,4.50867321947954,0.0224119327266875,0.881077219852525,0.981651115697174,0.988923094115778,"cogn_se_lv"
"4660","PRELID2","Exc L5/6 IT Car3",0.0264135475009893,7.67091274511838,2.05545112131823,0.152498535514008,0.532551046417197,0.584500170620413,"cogn_se_lv"
"4661","SH3RF2","Exc L5/6 IT Car3",0.0208214717213015,5.0046365021577,0.486420053015989,0.485962297237461,0.803375377206946,0.852310383952345,"cogn_se_lv"
"4662","PLAC8L1","Exc L5/6 IT Car3",-0.00404198827120858,3.99564278240456,0.0418495266893958,0.838018248442171,0.967552862645212,0.980938692822681,"cogn_se_lv"
"4663","AC091887.1","Exc L5/6 IT Car3",-0.0247505106916475,3.50185412475919,0.444143790154972,0.50554042093122,0.815712631383044,0.861958979345572,"cogn_se_lv"
"4664","LARS","Exc L5/6 IT Car3",-0.0154209710128994,6.25768253580623,2.84317015999565,0.0925977053553925,0.444119599988669,0.485285239950795,"cogn_se_lv"
"4665","AC091959.3","Exc L5/6 IT Car3",0.0425355763749974,2.38338518371725,1.68857846382133,0.312687656181766,0.687662621983048,0.749206890801585,"cogn_se_lv"
"4666","TCERG1","Exc L5/6 IT Car3",0.00906505019321923,6.90185846254914,1.11893271545219,0.290831715744634,0.670345979528219,0.730314683183854,"cogn_se_lv"
"4667","AC008728.1","Exc L5/6 IT Car3",-0.0180711896481984,1.83393780046375,0.105501263165064,0.745506957296479,0.933596030449178,0.957989041280602,"cogn_se_lv"
"4668","PPP2R2B","Exc L5/6 IT Car3",0.0344364144542114,10.1544080616822,7.16349467006118,0.00776787832249469,0.186923569883125,0.171001052169331,"cogn_se_lv"
"4669","STK32A","Exc L5/6 IT Car3",-0.0202747278135079,2.51034315417367,0.43126150843638,0.548039971254496,0.835910322854975,0.881285542290993,"cogn_se_lv"
"4670","DPYSL3","Exc L5/6 IT Car3",-0.0157857825640519,5.81542519941579,1.38874537542807,0.239366971808917,0.625463022940828,0.684194923349998,"cogn_se_lv"
"4671","JAKMIP2-AS1","Exc L5/6 IT Car3",0.000930289590810691,5.03899586099535,0.000742487248047547,0.978275983663244,0.998390354534415,0.999693731926281,"cogn_se_lv"
"4672","JAKMIP2","Exc L5/6 IT Car3",-0.0131936524774091,8.93464402220245,1.52350070762071,0.217866166122979,0.606211590575217,0.662781407148566,"cogn_se_lv"
"4673","AC091948.1","Exc L5/6 IT Car3",0.00910443708522499,4.92707722392178,0.162447612619998,0.687143486534112,0.902774616430194,0.93872168641642,"cogn_se_lv"
"4674","FBXO38","Exc L5/6 IT Car3",-0.00582330740466121,5.14611768623711,0.240217593841591,0.624336638733934,0.875858814433045,0.91503456907735,"cogn_se_lv"
"4675","HTR4","Exc L5/6 IT Car3",0.0215152292918518,2.0271110410558,0.226266247284122,0.634584230711002,0.881911568606288,0.919383247082735,"cogn_se_lv"
"4676","ABLIM3","Exc L5/6 IT Car3",0.0360810382677235,5.9982822019589,5.50676502340155,0.0194646381353831,0.263697870513684,0.257328873613755,"cogn_se_lv"
"4677","AFAP1L1","Exc L5/6 IT Car3",0.0486740069599381,2.21917508911589,1.52740086091894,0.217279292566501,0.605784114601168,0.661912101822042,"cogn_se_lv"
"4678","GRPEL2","Exc L5/6 IT Car3",-0.0650434252847489,2.71701593138252,4.70124179753074,0.0307713526536931,0.304222598957164,0.310728992901793,"cogn_se_lv"
"4679","GRPEL2-AS1","Exc L5/6 IT Car3",0.0506189477929158,3.30445754710629,3.1942978397411,0.0747058667597356,0.414769825773162,0.447014959515252,"cogn_se_lv"
"4680","PCYOX1L","Exc L5/6 IT Car3",0.0647149774677591,3.7851007196265,8.83654604184823,0.00314388323173006,0.131138025595523,0.110990932584977,"cogn_se_lv"
"4681","CSNK1A1","Exc L5/6 IT Car3",-0.015515427985187,7.66431839435211,3.41391932277907,0.0654388721940379,0.393400094947751,0.423717471778871,"cogn_se_lv"
"4682","ARHGEF37","Exc L5/6 IT Car3",-0.00483524799005821,3.46170005405404,0.0574617088573361,0.810685183213556,0.958714754943748,0.975747773481882,"cogn_se_lv"
"4683","PPARGC1B","Exc L5/6 IT Car3",0.0558259845592233,5.55665729737346,14.3757648921497,0.000174515532749925,0.0367916993016623,0.0249676057535699,"cogn_se_lv"
"4684","SLC26A2","Exc L5/6 IT Car3",-0.00154537247404577,3.48252397972502,0.00521820789059383,0.942451817760617,0.994742025604273,0.997626386519645,"cogn_se_lv"
"4685","TIGD6","Exc L5/6 IT Car3",0.0239395199327773,1.7853751791006,0.331921299526348,0.672140563065246,0.897454613720039,0.933019174520714,"cogn_se_lv"
"4686","HMGXB3","Exc L5/6 IT Car3",-0.0127809981267277,4.95800454607986,0.774798198327447,0.379302516168155,0.738358932940539,0.794791028664243,"cogn_se_lv"
"4687","PDGFRB","Exc L5/6 IT Car3",0.00110549501056447,2.36077945216932,0.000627488634783694,0.980028674106038,0.998390354534415,0.999835977743659,"cogn_se_lv"
"4688","SLC6A7","Exc L5/6 IT Car3",-0.0274618590614145,4.95072742339247,2.63299375804299,0.105507522387994,0.466866236213695,0.508730211029496,"cogn_se_lv"
"4689","CAMK2A","Exc L5/6 IT Car3",-0.0091628230809153,8.85010562864189,0.705871898416695,0.401354890705485,0.754699638270969,0.808108508797128,"cogn_se_lv"
"4690","TCOF1","Exc L5/6 IT Car3",0.016469062289484,4.4836939177095,1.09904970469968,0.295152332560333,0.673246538921525,0.733783802987254,"cogn_se_lv"
"4691","CD74","Exc L5/6 IT Car3",-0.0546796534883119,2.77794068417529,1.25971171953782,0.262426313169261,0.645691937874616,0.706466124486143,"cogn_se_lv"
"4692","RPS14","Exc L5/6 IT Car3",-0.0183869241923436,6.19899201820956,0.250854536564158,0.616768897963824,0.873193350247372,0.91188346815754,"cogn_se_lv"
"4693","NDST1","Exc L5/6 IT Car3",0.00270279670608678,4.64983045473678,0.0263943331305787,0.871028820645967,0.978476901440981,0.98751525928994,"cogn_se_lv"
"4694","SYNPO","Exc L5/6 IT Car3",-0.0419264523225923,6.09556061269462,5.3307315051786,0.0214975846556296,0.274334848963631,0.268908911380254,"cogn_se_lv"
"4695","RBM22","Exc L5/6 IT Car3",-0.0140470532615647,3.68431139074932,0.442386541312995,0.506383109429816,0.816298421614546,0.862390272369405,"cogn_se_lv"
"4696","DCTN4","Exc L5/6 IT Car3",-0.00183771641629848,5.64602464475732,0.0344844093030877,0.852780957808081,0.972357830515527,0.984117135712965,"cogn_se_lv"
"4697","IRGM","Exc L5/6 IT Car3",-0.185580919476049,1.86496109246065,7.83303050386536,0.00539595727356613,0.158783522830177,0.144231047231026,"cogn_se_lv"
"4698","TNIP1","Exc L5/6 IT Car3",0.00299513395587147,4.05650241612451,0.0331394805910763,0.855648066661844,0.973040201275245,0.984658410773017,"cogn_se_lv"
"4699","ANXA6","Exc L5/6 IT Car3",0.00735891220122646,5.94934942826906,0.385277870155939,0.535170451964057,0.827599804634931,0.875354677327067,"cogn_se_lv"
"4700","GM2A","Exc L5/6 IT Car3",0.049590877334151,2.0376686695379,1.70228190479077,0.192792762268203,0.580822218514484,0.634592159648422,"cogn_se_lv"
"4701","SLC36A1","Exc L5/6 IT Car3",0.0289318504072492,5.57535453938185,3.41237047333866,0.0654997258026174,0.393612174971605,0.423820884168138,"cogn_se_lv"
"4702","FAT2","Exc L5/6 IT Car3",-0.0342068839143905,1.92614611900857,0.565296076298983,0.452607507397777,0.784755350388365,0.835995307020747,"cogn_se_lv"
"4703","AC011374.1","Exc L5/6 IT Car3",0.0134792070500504,2.18609918561131,0.105253185488537,0.745795954422233,0.933596030449178,0.95801578741913,"cogn_se_lv"
"4704","ATOX1","Exc L5/6 IT Car3",0.0295778560290276,3.50546345147934,1.38714329129831,0.239637669064132,0.625725097878689,0.684381265977197,"cogn_se_lv"
"4705","G3BP1","Exc L5/6 IT Car3",0.0103674583631619,5.15909429585651,0.54657071686485,0.460186447754116,0.788583613287589,0.840099099770216,"cogn_se_lv"
"4706","LINC01933","Exc L5/6 IT Car3",0.0258142783662957,2.15316594177765,0.32192940235368,0.57079114907797,0.848823633617737,0.891255916902371,"cogn_se_lv"
"4707","LINC01470","Exc L5/6 IT Car3",-0.0125076296576451,3.674137295791,0.19516280777178,0.658909491625893,0.890851216106056,0.928205177147743,"cogn_se_lv"
"4708","GRIA1","Exc L5/6 IT Car3",0.0313085073059245,8.80646470437303,4.72460493273176,0.0303613475041101,0.304222598957164,0.308922055136099,"cogn_se_lv"
"4709","FAM114A2","Exc L5/6 IT Car3",0.0600774787188073,3.70911571503815,8.21431269717409,0.00439129824087832,0.145651034325684,0.130037512162498,"cogn_se_lv"
"4710","MFAP3","Exc L5/6 IT Car3",0.0238166548205713,5.40188837835368,2.66950848282158,0.103129801501975,0.462584975531369,0.503827783285015,"cogn_se_lv"
"4711","GALNT10","Exc L5/6 IT Car3",0.018433429128254,3.81961247643986,0.371640177798691,0.542482084115056,0.831827241076877,0.878942971777239,"cogn_se_lv"
"4712","SAP30L-AS1","Exc L5/6 IT Car3",0.0359714908266231,2.3100635839674,0.976226732211363,0.323771474195877,0.696511460424174,0.756696545119917,"cogn_se_lv"
"4713","SAP30L","Exc L5/6 IT Car3",-0.0109459272445728,3.17687707358503,0.204022604719014,0.806715756310531,0.956572577981283,0.97453480035942,"cogn_se_lv"
"4714","LARP1","Exc L5/6 IT Car3",0.0229797238845385,6.90386775179172,6.20863437181814,0.0131456860147052,0.226807295702144,0.216187035524021,"cogn_se_lv"
"4715","FAXDC2","Exc L5/6 IT Car3",0.0470322000964979,3.73286061370248,2.91992043877363,0.08832253074123,0.437490746091899,0.476257847201888,"cogn_se_lv"
"4716","CNOT8","Exc L5/6 IT Car3",0.000919232477789373,4.17171649765947,0.00336578272914872,0.953767399306665,0.996776168030349,0.99825732469581,"cogn_se_lv"
"4717","GEMIN5","Exc L5/6 IT Car3",0.0208062661635374,4.79789027349778,2.42289940143441,0.120419938471828,0.489867183204121,0.535581457000277,"cogn_se_lv"
"4718","MRPL22","Exc L5/6 IT Car3",-0.0100651489263938,4.19967022340679,0.372955287560459,0.846951856826821,0.970988236489561,0.982987336225405,"cogn_se_lv"
"4719","SGCD","Exc L5/6 IT Car3",0.000179295246191372,9.82515280628874,0.000114031192765209,0.991485619335302,0.999242764926216,0.999870711362408,"cogn_se_lv"
"4720","HAVCR2","Exc L5/6 IT Car3",0.0183683850012131,4.36196897810051,0.825818017072098,0.364070308317251,0.727161502689981,0.784127255532909,"cogn_se_lv"
"4721","ITK","Exc L5/6 IT Car3",0.0113683523403679,1.62480622581425,0.0480750270062303,0.826567093007257,0.964853369680616,0.978612027064977,"cogn_se_lv"
"4722","AC010609.1","Exc L5/6 IT Car3",0.0608505743866364,1.4577069946868,1.03444106034859,0.309775926345452,0.685530410099482,0.746592995001003,"cogn_se_lv"
"4723","AC009185.1","Exc L5/6 IT Car3",0.0534868849676255,1.85269862441381,1.40717117698861,0.23628024873676,0.623140686898157,0.681275948424082,"cogn_se_lv"
"4724","CYFIP2","Exc L5/6 IT Car3",-0.0211724966265534,7.90786709977361,5.69189602699825,0.0175408241871804,0.251587403765803,0.24476221295339,"cogn_se_lv"
"4725","FNDC9","Exc L5/6 IT Car3",-0.111232945604545,1.65817963324973,4.88949583958195,0.0276253959519149,0.297103314954556,0.296853827431377,"cogn_se_lv"
"4726","ADAM19","Exc L5/6 IT Car3",0.023045755962,6.02883730004308,2.21004602456352,0.137957824189401,0.510620798575702,0.563309357623773,"cogn_se_lv"
"4727","THG1L","Exc L5/6 IT Car3",0.0376585987827951,2.49229497422087,1.42934733117971,0.232629130577174,0.620799689816657,0.678110469856291,"cogn_se_lv"
"4728","LSM11","Exc L5/6 IT Car3",-0.0109722937180102,3.98794888836266,0.380630636132789,0.537641640662843,0.828690113710241,0.876567876782171,"cogn_se_lv"
"4729","CLINT1","Exc L5/6 IT Car3",-0.0023358933405505,5.30548252702128,0.0460520100203848,0.830198344379059,0.965959969758352,0.979337055802598,"cogn_se_lv"
"4730","RNF145","Exc L5/6 IT Car3",-0.0227323516834991,6.65828864687797,6.86826007648932,0.00913205964331649,0.199068552281361,0.18354244346557,"cogn_se_lv"
"4731","UBLCP1","Exc L5/6 IT Car3",0.00680124777676344,5.01458769425538,0.186438775258953,0.666146297166847,0.894623771475196,0.930846295494086,"cogn_se_lv"
"4732","AC008691.1","Exc L5/6 IT Car3",-0.000502555237304353,2.90416962861632,0.000139978213614346,0.990566571335397,0.999242764926216,0.999870711362408,"cogn_se_lv"
"4733","LINC01847","Exc L5/6 IT Car3",0.105397810405062,2.06593662096197,3.93001413791229,0.0481635923747116,0.353049189458432,0.373059111234603,"cogn_se_lv"
"4734","ADRA1B","Exc L5/6 IT Car3",0.0147382291378785,5.17224598762217,0.194712485745302,0.659278267530423,0.891198290495671,0.928310686000577,"cogn_se_lv"
"4735","TTC1","Exc L5/6 IT Car3",0.00234374760709668,6.37006012943344,0.0647313613108322,0.799308281616861,0.954829784589432,0.972786795104253,"cogn_se_lv"
"4736","PWWP2A","Exc L5/6 IT Car3",-0.0048930837208896,5.67000068732311,0.144315569184367,0.704243712145384,0.912085393412224,0.944933403016958,"cogn_se_lv"
"4737","FABP6","Exc L5/6 IT Car3",0.0185729457806528,1.64104775361379,0.138306818597064,0.710180900020211,0.91545097897476,0.946827254412172,"cogn_se_lv"
"4738","CCNJL","Exc L5/6 IT Car3",-0.00837882247961995,1.81915446102852,0.0300419970959889,0.862488822739328,0.974960696887198,0.986256463521236,"cogn_se_lv"
"4739","ZBED8","Exc L5/6 IT Car3",-0.0235683479189735,2.8305582125099,0.840264801996013,0.397228518828757,0.752970014133855,0.805845533419008,"cogn_se_lv"
"4740","SLU7","Exc L5/6 IT Car3",-0.050782054714047,4.95487665607454,8.63430262984831,0.00350364928892079,0.132529156309283,0.116867686643367,"cogn_se_lv"
"4741","ATP10B","Exc L5/6 IT Car3",-0.0385875742462123,2.31804606010424,0.962426063559933,0.327211117719608,0.699805977821385,0.759063869133816,"cogn_se_lv"
"4742","GABRB2","Exc L5/6 IT Car3",0.0104031693024072,9.17371890678901,0.854604168042983,0.355849678021677,0.721289984062316,0.778532907668372,"cogn_se_lv"
"4743","GABRA6","Exc L5/6 IT Car3",0.0553119128507673,3.53020144674251,3.11627631684356,0.0783304352050024,0.420387560324412,0.455569227218554,"cogn_se_lv"
"4744","GABRA1","Exc L5/6 IT Car3",-0.0161120234724688,6.89923043659879,1.03649031480415,0.309297836851627,0.685001081063068,0.746208863085058,"cogn_se_lv"
"4745","LINC01202","Exc L5/6 IT Car3",0.11225716956208,1.98816727230635,4.21249731752325,0.0408233151477384,0.333237896766494,0.349724691000644,"cogn_se_lv"
"4746","GABRG2","Exc L5/6 IT Car3",-0.0195997371551492,7.51527293621351,1.85751978408782,0.173732046050021,0.560346694535874,0.612248904624764,"cogn_se_lv"
"4747","AC113414.1","Exc L5/6 IT Car3",0.0520241787663976,3.51534310210582,3.59855700333619,0.0586005584273512,0.379245855510101,0.405732612045071,"cogn_se_lv"
"4748","CCNG1","Exc L5/6 IT Car3",-0.0014955991114825,3.04186009806462,0.00420537998151181,0.94832898372269,0.994804925328349,0.997804640603097,"cogn_se_lv"
"4749","NUDCD2","Exc L5/6 IT Car3",-0.0109068314178366,4.26599954124046,0.248085903685921,0.618719096806541,0.873641849271671,0.912741488148277,"cogn_se_lv"
"4750","HMMR","Exc L5/6 IT Car3",0.00902927931051983,1.10704930202513,0.0215698701998056,0.883316325731134,0.982622493848624,0.989303651647034,"cogn_se_lv"
"4751","MAT2B","Exc L5/6 IT Car3",0.00269791445385875,4.09992007125952,0.0155070149707611,0.900964853268831,0.987807159065848,0.99261128133028,"cogn_se_lv"
"4752","AC109466.1","Exc L5/6 IT Car3",-0.0078555339717831,2.57655220013064,0.0228677062453591,0.879883208320545,0.981383038672293,0.988923094115778,"cogn_se_lv"
"4753","AC008415.1","Exc L5/6 IT Car3",0.0411716280873997,2.14446420324421,0.594660565624958,0.441109874167973,0.77682583401363,0.830159439463589,"cogn_se_lv"
"4754","AC114321.1","Exc L5/6 IT Car3",0.0816451510575441,1.38337968910892,2.11872082141166,0.146347623340457,0.523544845004563,0.576171593890486,"cogn_se_lv"
"4755","TENM2","Exc L5/6 IT Car3",0.00324915327783985,9.5438009403826,0.0502139124316756,0.822813935067922,0.963418290006105,0.9778472010476,"cogn_se_lv"
"4756","AC008708.2","Exc L5/6 IT Car3",-0.0692857765344782,2.89862158972825,3.5784107535487,0.0593081367619634,0.38000840341902,0.407483548165218,"cogn_se_lv"
"4757","AC011369.1","Exc L5/6 IT Car3",-0.0205277899373483,3.52004559686646,0.286078091196239,0.593062931832993,0.860392400593103,0.902011862384734,"cogn_se_lv"
"4758","WWC1","Exc L5/6 IT Car3",0.0476629555767827,5.89283232399724,7.40830709126809,0.00679628748230448,0.175789687987674,0.160450250758614,"cogn_se_lv"
"4759","RARS","Exc L5/6 IT Car3",0.0314388055995174,5.6803273529541,7.23352863885,0.00747618859833763,0.183506447413742,0.16799749151318,"cogn_se_lv"
"4760","FBLL1","Exc L5/6 IT Car3",-0.0449965102995281,3.68590734475557,2.50735610276348,0.114161837757969,0.480461755326494,0.52396956670238,"cogn_se_lv"
"4761","PANK3","Exc L5/6 IT Car3",0.00042227492580464,5.77729959280843,0.00149126339404298,0.96921646680231,0.998267578294294,0.999099628483138,"cogn_se_lv"
"4762","SLIT3","Exc L5/6 IT Car3",0.0287481520188572,5.60976752834332,0.604044463107747,0.437530763203469,0.775649107158531,0.82801431557129,"cogn_se_lv"
"4763","SPDL1","Exc L5/6 IT Car3",-0.00410302109728001,3.03986687661461,0.0321037285171633,0.857897298951623,0.973716475920048,0.985156698229816,"cogn_se_lv"
"4764","DOCK2","Exc L5/6 IT Car3",-0.00287584967557092,2.80266140214777,0.00561328803295061,0.940316960421835,0.994539668727838,0.99747309903324,"cogn_se_lv"
"4765","FAM196B","Exc L5/6 IT Car3",0.0161310240820799,4.20108178840778,0.276480800506743,0.599329054295188,0.864044416449924,0.904394738422956,"cogn_se_lv"
"4766","LCP2","Exc L5/6 IT Car3",-0.0524267979852213,2.09943932154593,1.6053858604508,0.205930725060814,0.593837017111036,0.64916189672954,"cogn_se_lv"
"4767","KCNIP1","Exc L5/6 IT Car3",-0.0218356898797982,2.84158142985031,0.21183045595218,0.645604179952662,0.886035214115491,0.923311668808103,"cogn_se_lv"
"4768","RANBP17","Exc L5/6 IT Car3",-0.000998487993883565,6.07016131709598,0.00263459792771377,0.959091316511834,0.997053628956036,0.998555548513014,"cogn_se_lv"
"4769","NPM1","Exc L5/6 IT Car3",-0.0494039930820583,4.89471588515598,4.25886523863662,0.0397360110241321,0.329669654803985,0.345883157309521,"cogn_se_lv"
"4770","FBXW11","Exc L5/6 IT Car3",-0.00792572899510789,6.60209885547189,1.07338756264294,0.300851511858157,0.678602486808886,0.739184349829508,"cogn_se_lv"
"4771","STK10","Exc L5/6 IT Car3",0.0103105492019157,3.29574079564755,0.175188924913403,0.675781283656964,0.899176443999365,0.934535357577172,"cogn_se_lv"
"4772","UBTD2","Exc L5/6 IT Car3",0.0458018831312739,3.56015682955935,4.09344323614791,0.043761356713666,0.341070411590849,0.35976485951861,"cogn_se_lv"
"4773","SH3PXD2B","Exc L5/6 IT Car3",-0.0065842242704111,2.88351062697314,0.0313546314474956,0.859547465818928,0.973786136438871,0.985380059235225,"cogn_se_lv"
"4774","NEURL1B","Exc L5/6 IT Car3",-0.0178873190066006,2.03268378243271,0.151802715362075,0.697040498060166,0.908387174121621,0.942058458085039,"cogn_se_lv"
"4775","DUSP1","Exc L5/6 IT Car3",-0.146296578627988,3.63988762253163,13.7737895778733,0.000237551787551507,0.0438964278987244,0.0296625145523648,"cogn_se_lv"
"4776","ERGIC1","Exc L5/6 IT Car3",0.0269383846850526,6.07307117799973,5.0541292029911,0.0251496958755612,0.289494255441202,0.286303430146089,"cogn_se_lv"
"4777","RPL26L1","Exc L5/6 IT Car3",-0.0202901592952714,2.93616526371172,0.301250135942461,0.583427555422917,0.855777482563133,0.897566317721496,"cogn_se_lv"
"4778","ATP6V0E1","Exc L5/6 IT Car3",0.00966386908166271,5.1839654946857,0.748404492352719,0.863546720053032,0.975238631468659,0.986510395078424,"cogn_se_lv"
"4779","CREBRF","Exc L5/6 IT Car3",-0.0103949710933687,6.33929278496729,1.00887956386372,0.315821380023842,0.690223094405915,0.751255643547409,"cogn_se_lv"
"4780","BNIP1","Exc L5/6 IT Car3",-0.00841625407058359,3.02258000875526,0.108126241392204,0.742471756806967,0.93226849545349,0.957035476052395,"cogn_se_lv"
"4781","BOD1","Exc L5/6 IT Car3",-0.0097583570657439,3.69748046393317,0.221542037808071,0.638142091561284,0.883276385755741,0.920629240664563,"cogn_se_lv"
"4782","CPEB4","Exc L5/6 IT Car3",-0.0236794016269375,7.89304140461494,4.91448507148359,0.0272338090683087,0.295994577373779,0.295107189507708,"cogn_se_lv"
"4783","C5orf47","Exc L5/6 IT Car3",0.016185691852852,1.65525615569122,0.0943546764171951,0.758883520670266,0.939092915847507,0.96175413348891,"cogn_se_lv"
"4784","NSG2","Exc L5/6 IT Car3",-0.0207744971501784,6.5711996420209,1.77901399555665,0.183082829494241,0.570047462080366,0.623810006153829,"cogn_se_lv"
"4785","LINC01411","Exc L5/6 IT Car3",0.0516337693821762,2.55928774049736,1.17044170859198,0.280008164919922,0.661446762566016,0.721705073887877,"cogn_se_lv"
"4786","AC113346.2","Exc L5/6 IT Car3",-0.0405869411704285,1.39557831912724,0.566045897013292,0.452308125496523,0.784755350388365,0.835797071352966,"cogn_se_lv"
"4787","LINC01951","Exc L5/6 IT Car3",0.0123158419490902,3.26492853354844,0.157856714202919,0.69136434737635,0.904818090191707,0.93988190803909,"cogn_se_lv"
"4788","DRD1","Exc L5/6 IT Car3",-0.0711909993790962,3.6076139297698,6.6535774158217,0.0102770610951877,0.208935231512468,0.193874332678841,"cogn_se_lv"
"4789","SFXN1","Exc L5/6 IT Car3",0.00228833843285761,6.43484727260567,0.0682530587857336,0.794041442529549,0.952216125954876,0.971410976335319,"cogn_se_lv"
"4790","HRH2","Exc L5/6 IT Car3",0.015954901242505,6.2915928584647,1.6579195995045,0.198681324173191,0.586224600150966,0.640707101357536,"cogn_se_lv"
"4791","CPLX2","Exc L5/6 IT Car3",-0.0135249742881124,7.97606500537237,0.628644992518945,0.428355886766597,0.77189630869187,0.823603357255014,"cogn_se_lv"
"4792","THOC3","Exc L5/6 IT Car3",-0.00824272061206124,4.73113551773809,0.281782667212437,0.59585051078019,0.862418526343623,0.903179045577841,"cogn_se_lv"
"4793","AC139491.1","Exc L5/6 IT Car3",-0.0129108633159919,1.83558661841959,0.0748948186742122,0.784490069770958,0.949650382982342,0.968455138348395,"cogn_se_lv"
"4794","FAM153B","Exc L5/6 IT Car3",0.043371747751003,5.83613470870499,1.77826183178609,0.183175202906536,0.570047462080366,0.623876225081825,"cogn_se_lv"
"4795","AC139491.7","Exc L5/6 IT Car3",0.0114004343187248,5.68656397020075,0.448757029502281,0.503339553056097,0.814567104377341,0.860859015073147,"cogn_se_lv"
"4796","AC139491.4","Exc L5/6 IT Car3",0.00146697323672463,1.70099848536955,0.000958646158255559,0.975316365726577,0.998267578294294,0.999481105410931,"cogn_se_lv"
"4797","SIMC1","Exc L5/6 IT Car3",0.0202840732787499,6.51107533894681,3.12556831742441,0.0778889698012368,0.420387560324412,0.454647104828156,"cogn_se_lv"
"4798","KIAA1191","Exc L5/6 IT Car3",-0.00833176728224874,4.93767895932332,0.23657126845541,0.626978694268444,0.877231023905053,0.916398523227354,"cogn_se_lv"
"4799","ARL10","Exc L5/6 IT Car3",0.0212241675907451,5.40148407090551,3.10731624547151,0.0787586930501162,0.420388545867537,0.456404050670367,"cogn_se_lv"
"4800","NOP16","Exc L5/6 IT Car3",0.00367293412821762,2.27615092805568,0.00977592586309368,0.921291900631045,0.99096186404192,0.994869484089853,"cogn_se_lv"
"4801","CLTB","Exc L5/6 IT Car3",-0.0559256530137014,5.8655024036733,5.76594468285127,0.0168275571443706,0.246643909001775,0.240553865884808,"cogn_se_lv"
"4802","FAF2","Exc L5/6 IT Car3",-0.00151032669848958,5.47633783514847,0.0176632154777199,0.894341609203248,0.9857013440361,0.991248553653481,"cogn_se_lv"
"4803","RNF44","Exc L5/6 IT Car3",-0.00401568542563125,4.24452641247557,0.046831608084807,0.828789287342339,0.965269194203012,0.979009300414711,"cogn_se_lv"
"4804","CDHR2","Exc L5/6 IT Car3",0.0429639380306104,2.71910127012952,2.35750299616941,0.125527863639223,0.494718008042931,0.543448314221612,"cogn_se_lv"
"4805","GPRIN1","Exc L5/6 IT Car3",-0.00916561952296938,4.26592571000383,0.218921149518852,0.640135948103835,0.883876928164186,0.921226768792362,"cogn_se_lv"
"4806","SNCB","Exc L5/6 IT Car3",-0.0360635679965063,6.78188942385159,1.61584551132758,0.20446274790906,0.592149358359133,0.647339578093162,"cogn_se_lv"
"4807","EIF4E1B","Exc L5/6 IT Car3",-0.00588593786886707,4.16279561847433,0.0990069112603233,0.75320026531985,0.936238520708194,0.960213641012441,"cogn_se_lv"
"4808","TSPAN17","Exc L5/6 IT Car3",-0.000425570024919237,4.74708831406867,0.000664198102719427,0.979452919716546,0.998390354534415,0.999777983123519,"cogn_se_lv"
"4809","UNC5A","Exc L5/6 IT Car3",-0.00322329507322801,6.51097173138631,0.0680259923019848,0.794376592044538,0.952216125954876,0.971429173515194,"cogn_se_lv"
"4810","UIMC1","Exc L5/6 IT Car3",0.0214761642876817,6.2982482545955,3.57359998983012,0.0594784462352562,0.380317884051547,0.407881148258349,"cogn_se_lv"
"4811","ZNF346","Exc L5/6 IT Car3",0.0212681774545327,6.31272429051681,2.38785069429028,0.123128091505939,0.492576378548583,0.539861624563732,"cogn_se_lv"
"4812","NSD1","Exc L5/6 IT Car3",0.00884667573281975,7.24307888827,0.772863227122328,0.379897712858507,0.738770002639932,0.795335512885802,"cogn_se_lv"
"4813","RAB24","Exc L5/6 IT Car3",-0.0542477888681805,2.71756852332509,2.36148340928942,0.125210157933105,0.494478914701177,0.542894706067545,"cogn_se_lv"
"4814","MXD3","Exc L5/6 IT Car3",0.0692781884544826,2.80276548240494,5.28570698975505,0.022052197278916,0.276494191144247,0.271497253640409,"cogn_se_lv"
"4815","PRELID1","Exc L5/6 IT Car3",-0.0538632995463721,4.49415292966174,2.44810590704898,0.118513217407103,0.488211108507535,0.532278766193098,"cogn_se_lv"
"4816","LMAN2","Exc L5/6 IT Car3",-0.0108442756286508,3.99521470347968,0.309276656398524,0.578457243004,0.853788910504609,0.895281408275532,"cogn_se_lv"
"4817","RGS14","Exc L5/6 IT Car3",-0.00555144102461644,3.48312409478272,0.0405064908006172,0.840603031955535,0.968764464714369,0.981352993279893,"cogn_se_lv"
"4818","F12","Exc L5/6 IT Car3",-0.0727019857670413,3.17724203269303,4.61731780811215,0.0322926381663158,0.309343568274808,0.317590245987186,"cogn_se_lv"
"4819","GRK6","Exc L5/6 IT Car3",0.0286201212653655,4.04038923703633,2.7595882273915,0.116496363814103,0.484635963568118,0.528276842277094,"cogn_se_lv"
"4820","PRR7","Exc L5/6 IT Car3",-0.0147897810957209,4.22539903504871,0.340865300928817,0.559682428106887,0.842644547893269,0.886688062584537,"cogn_se_lv"
"4821","DBN1","Exc L5/6 IT Car3",-0.0439556202322266,5.31575776735457,7.91746655863844,0.00515485030085681,0.157407035972592,0.141028789999315,"cogn_se_lv"
"4822","PDLIM7","Exc L5/6 IT Car3",-0.00947888715722552,4.99443514766108,0.328831880700148,0.566692671209531,0.846244926248271,0.889259923104125,"cogn_se_lv"
"4823","DOK3","Exc L5/6 IT Car3",-0.0468224673679623,2.59845953276636,1.63041242562277,0.202438899798965,0.589852164542185,0.644879183132306,"cogn_se_lv"
"4824","DDX41","Exc L5/6 IT Car3",-0.0163947736183582,3.53313184567293,0.312912455650794,0.576233576914583,0.85204017719943,0.894298299278653,"cogn_se_lv"
"4825","FAM193B","Exc L5/6 IT Car3",0.0201436987681306,5.99286278186747,2.83320610509347,0.0931690746553284,0.44452000907119,0.485826321541574,"cogn_se_lv"
"4826","AC139795.3","Exc L5/6 IT Car3",0.0437668700534488,1.98257274131755,1.12592560500564,0.289331410937802,0.668991949268745,0.729131230207077,"cogn_se_lv"
"4827","TMED9","Exc L5/6 IT Car3",-0.0677899861251677,4.3513447356502,7.62914501692356,0.00602695037739907,0.165776034227212,0.152280096685838,"cogn_se_lv"
"4828","B4GALT7","Exc L5/6 IT Car3",-0.00240915770905574,3.0158446841213,0.00848138664734718,0.949964111298582,0.995054338434123,0.997804640603097,"cogn_se_lv"
"4829","AC138819.1","Exc L5/6 IT Car3",0.0390369223849235,2.01035283882308,0.676426938512439,0.411344318695011,0.761735172199714,0.814149390711407,"cogn_se_lv"
"4830","FAM153A","Exc L5/6 IT Car3",0.0496053003047562,6.67295114168323,3.7796123177148,0.0526308709385357,0.363680349392836,0.387842555886017,"cogn_se_lv"
"4831","AC140125.2","Exc L5/6 IT Car3",0.0239213105061786,2.13057471131281,0.288328368596407,0.591613313554598,0.85975399447617,0.901231423550975,"cogn_se_lv"
"4832","AC106795.3","Exc L5/6 IT Car3",-0.0213243696973954,3.48103875913451,0.785048564416501,0.376171376136219,0.735987475049125,0.792236408476406,"cogn_se_lv"
"4833","FAM153C","Exc L5/6 IT Car3",0.0390321273247424,7.2357624791122,3.21674570415106,0.0736968622781134,0.413035218667212,0.444340761496376,"cogn_se_lv"
"4834","N4BP3","Exc L5/6 IT Car3",0.0341664852040567,2.52523351887546,1.21085638014387,0.271870941852178,0.654140261900851,0.714728128195738,"cogn_se_lv"
"4835","RMND5B","Exc L5/6 IT Car3",0.0199951440113678,5.09622983362125,1.84257935519132,0.175468165068844,0.562492655817271,0.614616925737199,"cogn_se_lv"
"4836","NHP2","Exc L5/6 IT Car3",-0.0440340567697919,4.48212039544868,2.11013326777766,0.147165749681361,0.525025814590187,0.577456065038455,"cogn_se_lv"
"4837","HNRNPAB","Exc L5/6 IT Car3",-0.0261488888786109,3.22505902270728,0.799156544089783,0.371921067555517,0.732607862495763,0.789186723600546,"cogn_se_lv"
"4838","PHYKPL","Exc L5/6 IT Car3",0.0236274569930051,5.22517868219149,1.99212588106319,0.158950855461855,0.540776862911108,0.593034865398998,"cogn_se_lv"
"4839","COL23A1","Exc L5/6 IT Car3",0.0463175265118462,3.57865413789946,2.83303728979065,0.0931787881262936,0.44452000907119,0.485826321541574,"cogn_se_lv"
"4840","CLK4","Exc L5/6 IT Car3",0.0297743339844903,5.15565181475859,5.18766194814725,0.023312055081086,0.282275788904732,0.277492829156409,"cogn_se_lv"
"4841","ZNF354A","Exc L5/6 IT Car3",-0.0222905667015598,4.26761455626479,1.59306295521249,0.207676252744367,0.595408735823478,0.651320184693411,"cogn_se_lv"
"4842","ZNF354B","Exc L5/6 IT Car3",0.0105123602069745,3.65471343579705,0.29675735979296,0.84465163656478,0.970867536727594,0.982480194513959,"cogn_se_lv"
"4843","ZFP2","Exc L5/6 IT Car3",0.0334056570477581,3.94864120652269,2.94268921753625,0.0870959514964676,0.435109241827407,0.473791214273339,"cogn_se_lv"
"4844","ZNF454","Exc L5/6 IT Car3",0.0170957656733233,3.47697743428384,0.531266288487189,0.466531536783742,0.792074933689467,0.843314592077703,"cogn_se_lv"
"4845","AC104117.3","Exc L5/6 IT Car3",-0.0214138881234674,3.58113148770575,1.14532371954969,0.432318927404218,0.77353077346411,0.825444041253485,"cogn_se_lv"
"4846","ZNF879","Exc L5/6 IT Car3",0.0234185390976083,2.00999677526426,0.378406257461472,0.538831847390045,0.829428098753029,0.877161991044903,"cogn_se_lv"
"4847","ZNF354C","Exc L5/6 IT Car3",0.0262686832239515,3.64347233606183,1.52815703132056,0.25640755800921,0.639571989246947,0.700803527432804,"cogn_se_lv"
"4848","ADAMTS2","Exc L5/6 IT Car3",-0.226224342675544,4.35469845922622,43.1240041375783,1.72311310849419e-10,8.83957024657522e-07,1.47385248939973e-06,"cogn_se_lv"
"4849","RUFY1","Exc L5/6 IT Car3",0.0176129929531234,5.85274064693474,2.0344199178386,0.154607759160253,0.535662632480032,0.587177609935772,"cogn_se_lv"
"4850","AC136604.2","Exc L5/6 IT Car3",0.00494613173162763,2.80061519458619,0.0116571980082689,0.914078623760315,0.989073227776396,0.994126167335106,"cogn_se_lv"
"4851","HNRNPH1","Exc L5/6 IT Car3",-0.0176810804668391,6.17963475788275,1.99654496135775,0.158490616041743,0.540417185023175,0.592317812884431,"cogn_se_lv"
"4852","AC136604.3","Exc L5/6 IT Car3",0.0453757165439062,2.08002346953346,1.32743465207414,0.249998672942076,0.634269630164614,0.69460639660938,"cogn_se_lv"
"4853","CBY3","Exc L5/6 IT Car3",0.0455116698073333,1.98077774792615,1.07416330565905,0.300677160805724,0.678408078698151,0.738921939771285,"cogn_se_lv"
"4854","CANX","Exc L5/6 IT Car3",-0.00685496409317617,6.08784992356675,0.264285833494613,0.607494777352191,0.868656008868366,0.907982061815925,"cogn_se_lv"
"4855","MAML1","Exc L5/6 IT Car3",0.0188201589247254,5.02171127677435,1.46122229256362,0.227500073560238,0.616397182069092,0.672822538931543,"cogn_se_lv"
"4856","MGAT4B","Exc L5/6 IT Car3",-0.0311894631416263,4.37522956771479,2.90934352046368,0.0888987024280426,0.438088706489778,0.477446636426618,"cogn_se_lv"
"4857","SQSTM1","Exc L5/6 IT Car3",-0.000221103340516625,6.26774068386595,0.000418045195342377,0.983698379289263,0.998390354534415,0.999870711362408,"cogn_se_lv"
"4858","MRNIP","Exc L5/6 IT Car3",0.0178357914147527,5.70108778588391,1.92600407563312,0.166023232656381,0.551338946862653,0.602574424692245,"cogn_se_lv"
"4859","TBC1D9B","Exc L5/6 IT Car3",-0.00297382924187714,5.95044852042043,0.0859348554149255,0.769572921587701,0.942967758065329,0.964508293598069,"cogn_se_lv"
"4860","RNF130","Exc L5/6 IT Car3",-9.49818058619818e-05,7.52334317770227,8.66625957690511e-05,0.992577348641904,0.999242764926216,0.999870711362408,"cogn_se_lv"
"4861","RASGEF1C","Exc L5/6 IT Car3",0.0220896853715089,7.02690945393959,2.18890779179274,0.139850381242492,0.513388948454082,0.565636621509305,"cogn_se_lv"
"4862","MAPK9","Exc L5/6 IT Car3",0.0039018828941063,6.64646692973098,0.167976398834005,0.682151399662307,0.901232912523821,0.936799722631456,"cogn_se_lv"
"4863","AC008610.1","Exc L5/6 IT Car3",0.0353836568457102,3.31809431410259,2.23897324883639,0.135414417978853,0.50730961360627,0.559342602882395,"cogn_se_lv"
"4864","GFPT2","Exc L5/6 IT Car3",-0.0158937630766193,5.00254389890233,0.524767527211144,0.469268355604112,0.794021585912354,0.844759319558761,"cogn_se_lv"
"4865","CNOT6","Exc L5/6 IT Car3",0.0123598764361643,5.98067347763024,1.0964218019784,0.295729527128353,0.673958825878251,0.734298617259336,"cogn_se_lv"
"4866","MGAT1","Exc L5/6 IT Car3",-0.0262851437493713,4.01909304074763,2.38799802580579,0.136393658484811,0.509204532512435,0.561266935265949,"cogn_se_lv"
"4867","LINC00847","Exc L5/6 IT Car3",-0.0301499242510183,2.04971561893957,0.737616421309235,0.390976080633917,0.747654309263915,0.801963064469858,"cogn_se_lv"
"4868","ZFP62","Exc L5/6 IT Car3",0.0280474181976336,3.62911295793698,1.79662031261677,0.180935985402445,0.56781769297972,0.620933095000188,"cogn_se_lv"
"4869","AC008443.5","Exc L5/6 IT Car3",-0.00989977250025026,1.85277962252183,0.0450838490141093,0.831965695911673,0.966263079018991,0.97962819479273,"cogn_se_lv"
"4870","TRIM41","Exc L5/6 IT Car3",0.0299776652522501,3.59780159545199,2.26317151411359,0.133327219876885,0.504511652800281,0.556188248008113,"cogn_se_lv"
"4871","RACK1","Exc L5/6 IT Car3",-0.0489528721619636,5.64131539882782,4.03863876280648,0.0451881519175165,0.345305689181022,0.363380084100658,"cogn_se_lv"
"4872","TRIM52","Exc L5/6 IT Car3",-0.00639131556375855,4.73017018919023,0.16941775099854,0.857019104211311,0.973621837474622,0.985026639699214,"cogn_se_lv"
"4873","AC138035.1","Exc L5/6 IT Car3",0.0345426908017585,2.07424293875536,0.790599824082862,0.440553082059998,0.77649470607773,0.829871707233539,"cogn_se_lv"
"4874","DUSP22","Exc L5/6 IT Car3",-0.0181282636818628,3.27631905753867,0.518895434702014,0.735858859863521,0.928633214693002,0.955028631590243,"cogn_se_lv"
"4875","EXOC2","Exc L5/6 IT Car3",-0.0124950233365916,6.88736702500498,1.09357792788077,0.296355793590728,0.674392379618706,0.734787120750824,"cogn_se_lv"
"4876","AL357054.2","Exc L5/6 IT Car3",0.0747158201115851,2.96825036251931,6.85508567709343,0.00919838914676064,0.199491591498572,0.184420774656896,"cogn_se_lv"
"4877","AL357054.3","Exc L5/6 IT Car3",0.043689021832503,2.45994615681005,1.62637475938238,0.202997489994472,0.589903959783784,0.645203446763547,"cogn_se_lv"
"4878","GMDS","Exc L5/6 IT Car3",-0.0203732441271985,7.59662334652123,2.08378409207941,0.14970852979232,0.52871043137544,0.580791687743244,"cogn_se_lv"
"4879","GMDS-DT","Exc L5/6 IT Car3",0.0583002609198474,6.78959637190299,10.1360492232556,0.00157591825941166,0.0955024320442973,0.0799782528301284,"cogn_se_lv"
"4880","LINC01600","Exc L5/6 IT Car3",-0.0327972885071212,2.05164950045416,0.676997939499705,0.411147145410242,0.761621878654745,0.814041572867275,"cogn_se_lv"
"4881","MYLK4","Exc L5/6 IT Car3",-0.0215139292785771,3.11625763013396,0.701608745168597,0.402779070866462,0.755947548857909,0.808891138164707,"cogn_se_lv"
"4882","WRNIP1","Exc L5/6 IT Car3",-0.0117768076098741,5.06125059876857,0.92672623530434,0.336337591995963,0.706364020308115,0.765240738494216,"cogn_se_lv"
"4883","SERPINB9","Exc L5/6 IT Car3",-0.00211145651904288,4.48509483349935,0.00557459951422481,0.940522608788181,0.994539668727838,0.99747309903324,"cogn_se_lv"
"4884","SERPINB6","Exc L5/6 IT Car3",0.018215354451217,4.67717475927788,1.15834054949964,0.282504331215815,0.662539096936755,0.723431075395334,"cogn_se_lv"
"4885","LINC01011","Exc L5/6 IT Car3",-0.0330037056491611,2.27887312001184,0.809587677856821,0.368821649661809,0.730711275527193,0.787335847429421,"cogn_se_lv"
"4886","NQO2","Exc L5/6 IT Car3",0.0134812638240099,6.41360221610879,1.3530316174176,0.245491072028147,0.63060160275998,0.689942379206407,"cogn_se_lv"
"4887","RIPK1","Exc L5/6 IT Car3",0.0295252920415844,5.28189647261716,3.30998066316326,0.0696604304758553,0.4037943597075,0.434039374422578,"cogn_se_lv"
"4888","BPHL","Exc L5/6 IT Car3",0.0546546043889628,3.85128513168242,6.2856421547067,0.0125956186628004,0.222812150828159,0.212317024723117,"cogn_se_lv"
"4889","TUBB2A","Exc L5/6 IT Car3",-0.0496191476319883,6.95170316998902,1.70434834917197,0.192523498155912,0.580322839237518,0.63418561954526,"cogn_se_lv"
"4890","PSMG4","Exc L5/6 IT Car3",0.0106899478362489,4.52327409203398,0.430313123254495,0.512239042729802,0.818419687003898,0.865177499778343,"cogn_se_lv"
"4891","SLC22A23","Exc L5/6 IT Car3",0.0131812264484567,5.71719858348456,0.654191409602364,0.4191327768803,0.766360156372558,0.818551630338936,"cogn_se_lv"
"4892","FAM50B","Exc L5/6 IT Car3",-0.0324783357812964,2.51355898890609,0.645031039263541,0.422405385339704,0.76923863843178,0.820226586708262,"cogn_se_lv"
"4893","AL138831.1","Exc L5/6 IT Car3",-0.0113767112718334,2.14398633369146,0.0602058595108373,0.806305567343495,0.956380938837486,0.974409755387178,"cogn_se_lv"
"4894","PRPF4B","Exc L5/6 IT Car3",-0.0286975857063608,6.08243884994773,6.88511990927546,0.00904789213005135,0.198657870257278,0.18268953327472,"cogn_se_lv"
"4895","FAM217A","Exc L5/6 IT Car3",0.0316537360802771,1.97620263435141,0.519775953730165,0.471388065983288,0.794633044963293,0.845637901874399,"cogn_se_lv"
"4896","ECI2","Exc L5/6 IT Car3",0.0186228996319382,3.98832316036883,0.978744565212201,0.323149112362974,0.696073382484357,0.756197096032735,"cogn_se_lv"
"4897","AL162718.1","Exc L5/6 IT Car3",0.031500729355987,1.84684120555653,0.457378674064357,0.499269980673579,0.811678136349571,0.858718837822267,"cogn_se_lv"
"4898","CDYL","Exc L5/6 IT Car3",0.011096988183378,6.31442638280502,0.619984685144842,0.431552112274019,0.773515637015884,0.825122928882457,"cogn_se_lv"
"4899","RPP40","Exc L5/6 IT Car3",-0.017095563081494,2.2122233287618,0.243475448402648,0.621997023844766,0.8750796656557,0.914057624762083,"cogn_se_lv"
"4900","AL359643.2","Exc L5/6 IT Car3",-0.0438339385258842,2.47060729736559,2.0408919340406,0.153955163814213,0.535555258877144,0.586288038217044,"cogn_se_lv"
"4901","LYRM4","Exc L5/6 IT Car3",0.00808242420534836,6.42402555426315,0.487269084242127,0.48558218032678,0.80330105936033,0.852104976983141,"cogn_se_lv"
"4902","FARS2","Exc L5/6 IT Car3",0.0341379828964094,8.15533934739245,7.10634553557945,0.00801455288760849,0.190052340431887,0.173611917363484,"cogn_se_lv"
"4903","AL022097.1","Exc L5/6 IT Car3",0.0374043159582907,2.47940065398527,0.76724724300217,0.381632696319004,0.740402552467578,0.796565374820172,"cogn_se_lv"
"4904","AL136307.1","Exc L5/6 IT Car3",0.0304314199861425,2.83987192220207,1.23875368980113,0.266426843272708,0.649193970545753,0.71017900516918,"cogn_se_lv"
"4905","NRN1","Exc L5/6 IT Car3",0.00617808743146817,5.1427303428511,0.043349820432494,0.835181404999341,0.966714938548425,0.980357554465331,"cogn_se_lv"
"4906","F13A1","Exc L5/6 IT Car3",0.0574898329822022,1.80882157782041,1.476897620021,0.225027827848755,0.614281616842088,0.670581135009773,"cogn_se_lv"
"4907","LY86-AS1","Exc L5/6 IT Car3",0.12764493803886,4.30782574291052,6.29876156751115,0.0125043021186566,0.222360094926259,0.211577717884795,"cogn_se_lv"
"4908","SSR1","Exc L5/6 IT Car3",0.00577126808814862,5.76176821296382,0.317036231806613,0.732806726183643,0.927534790358274,0.954117990769352,"cogn_se_lv"
"4909","AL139095.4","Exc L5/6 IT Car3",0.0159997063727275,3.00818899066398,0.148107453540121,0.700569487286319,0.910350279594577,0.943495248817603,"cogn_se_lv"
"4910","RIOK1","Exc L5/6 IT Car3",-0.0183134193726895,3.7133921321625,0.874692367973733,0.350263520125442,0.717823937428057,0.774069217775226,"cogn_se_lv"
"4911","SNRNP48","Exc L5/6 IT Car3",-0.0150553476233393,4.57282879538763,0.673957313858106,0.412198718720913,0.762102250535398,0.814671910829809,"cogn_se_lv"
"4912","BMP6","Exc L5/6 IT Car3",0.00333883391769441,3.33348510258105,0.00641243388132166,0.936218347421713,0.993953603292087,0.997072106312386,"cogn_se_lv"
"4913","BLOC1S5-TXNDC5","Exc L5/6 IT Car3",0.0121546415849925,4.0153515036738,0.352961574558069,0.552800918949224,0.839085943582724,0.883639873997687,"cogn_se_lv"
"4914","SLC35B3","Exc L5/6 IT Car3",0.00948218306070668,4.55896296374877,0.361774641196253,0.752101831689393,0.93593557561559,0.959957763619649,"cogn_se_lv"
"4915","GCNT2","Exc L5/6 IT Car3",0.0567423247612763,1.6082768588545,1.25586312805896,0.263155303691829,0.646414577423356,0.707169226052448,"cogn_se_lv"
"4916","PAK1IP1","Exc L5/6 IT Car3",-0.00839135705980523,3.78586326172895,0.193509079883112,0.660266262992468,0.891999506053401,0.928875529658435,"cogn_se_lv"
"4917","TMEM14C","Exc L5/6 IT Car3",-0.066226465054434,3.97893374252361,8.4212450673722,0.00392835125709779,0.140272217741845,0.123273638976663,"cogn_se_lv"
"4918","AL024498.1","Exc L5/6 IT Car3",0.0401829943056308,1.92023552301055,0.987539678169911,0.320987498510577,0.693819887932272,0.754782770159014,"cogn_se_lv"
"4919","AL024498.2","Exc L5/6 IT Car3",0.022729926706965,4.60112747526919,1.5325253999052,0.216511050655464,0.605177092188084,0.661026089793751,"cogn_se_lv"
"4920","MAK","Exc L5/6 IT Car3",0.00728105592165067,4.89809208289697,0.0502115325823613,0.822818063927241,0.963418290006105,0.9778472010476,"cogn_se_lv"
"4921","SYCP2L","Exc L5/6 IT Car3",0.0412847107403918,4.67044862444859,3.57533289265512,0.0594170383433259,0.380317884051547,0.407774918769883,"cogn_se_lv"
"4922","ELOVL2","Exc L5/6 IT Car3",-0.00477230932650168,4.3660665650312,0.0418366296098597,0.838042862836951,0.967552862645212,0.980948327409746,"cogn_se_lv"
"4923","SMIM13","Exc L5/6 IT Car3",-0.0255042566032638,5.29929316481674,2.34140568477899,0.126821912758951,0.497058895267095,0.545556349107005,"cogn_se_lv"
"4924","AL139807.1","Exc L5/6 IT Car3",0.00237248236873583,4.28547723421596,0.0118772601447891,0.913274597014369,0.989073227776396,0.994071140614065,"cogn_se_lv"
"4925","NEDD9","Exc L5/6 IT Car3",-0.149634909116359,3.91180351964123,16.8250452560695,5.03380159124669e-05,0.0213217481471118,0.0125182253015325,"cogn_se_lv"
"4926","AL445430.1","Exc L5/6 IT Car3",-0.0487202068586799,1.91427138672524,1.18295562259897,0.277456137279365,0.65984296042349,0.719741226726449,"cogn_se_lv"
"4927","TMEM170B","Exc L5/6 IT Car3",-0.00750172903796426,5.64475441035615,0.400996350258188,0.526962506525754,0.824017130341008,0.871463074502061,"cogn_se_lv"
"4928","ADTRP","Exc L5/6 IT Car3",0.109431609216111,2.00478940442943,5.02817624159574,0.0255240494545094,0.290028951004157,0.287557989846513,"cogn_se_lv"
"4929","HIVEP1","Exc L5/6 IT Car3",0.0315731620766559,5.79933966560313,3.86069537325017,0.0501703489223119,0.357629305194248,0.379208416508806,"cogn_se_lv"
"4930","PHACTR1","Exc L5/6 IT Car3",0.0176217808702239,10.1343354174939,1.26205249357395,0.261984158499418,0.645316293102761,0.706005918894328,"cogn_se_lv"
"4931","TBC1D7","Exc L5/6 IT Car3",-0.00144192717672892,4.03126832167065,0.00634816674198136,0.936538089755592,0.993953603292087,0.997105986775383,"cogn_se_lv"
"4932","GFOD1","Exc L5/6 IT Car3",-0.0126889858102983,8.3538750908982,1.34616134650034,0.246691058168861,0.630841656862832,0.691092778888871,"cogn_se_lv"
"4933","SIRT5","Exc L5/6 IT Car3",0.0276898074574358,5.35571238084956,4.45381796222927,0.0354873681174996,0.316846474760131,0.330288394282138,"cogn_se_lv"
"4934","NOL7","Exc L5/6 IT Car3",-0.0217905221392345,4.75692668181075,1.04779829735373,0.306676906653551,0.682835299970797,0.743806254794106,"cogn_se_lv"
"4935","RANBP9","Exc L5/6 IT Car3",0.00858634732428628,7.11589081328901,0.852941760344519,0.356317421134681,0.72210722012239,0.778892719476579,"cogn_se_lv"
"4936","MCUR1","Exc L5/6 IT Car3",0.020214798901556,4.71939846857499,1.93617111605437,0.164912666175717,0.549658546731291,0.601027542052217,"cogn_se_lv"
"4937","CD83","Exc L5/6 IT Car3",0.00377952423852317,2.21893181545832,0.00986240405288824,0.920945680753189,0.99096186404192,0.994869484089853,"cogn_se_lv"
"4938","AL138720.1","Exc L5/6 IT Car3",0.0008495245354572,2.32159122844193,0.000332077443162948,0.985470686550398,0.998390354534415,0.999870711362408,"cogn_se_lv"
"4939","JARID2","Exc L5/6 IT Car3",-0.012470777782729,6.49508166845332,0.411359855347064,0.521673291985431,0.821140907781899,0.869156247178905,"cogn_se_lv"
"4940","DTNBP1","Exc L5/6 IT Car3",0.00547812272761274,4.99740379867509,0.128052784875588,0.720661625784845,0.921484082820603,0.950039208901029,"cogn_se_lv"
"4941","MYLIP","Exc L5/6 IT Car3",-0.0292225213465499,4.31955961854052,2.00341585989851,0.157778042832118,0.540291084826352,0.591547831473502,"cogn_se_lv"
"4942","GMPR","Exc L5/6 IT Car3",0.0551700476633799,1.65336400794538,0.927931844421562,0.336023863883066,0.706085459407566,0.764977437640451,"cogn_se_lv"
"4943","ATXN1","Exc L5/6 IT Car3",0.0114231213778257,8.77141520528702,0.819216336859302,0.365992579054067,0.728149959336533,0.785441298998118,"cogn_se_lv"
"4944","AL137003.2","Exc L5/6 IT Car3",0.0606456597475386,2.63293629253564,3.56864560689096,0.0596543860196097,0.380610784066183,0.408357919050304,"cogn_se_lv"
"4945","RBM24","Exc L5/6 IT Car3",-0.0255217845041513,4.78292138678572,2.80999382257866,0.0945151216122378,0.447271842496418,0.48780263696329,"cogn_se_lv"
"4946","CAP2","Exc L5/6 IT Car3",-0.0071598176152982,8.05014708507841,0.418016138670444,0.518325519227582,0.820597648483951,0.867774575349726,"cogn_se_lv"
"4947","FAM8A1","Exc L5/6 IT Car3",-0.0440240215037789,4.62753155081315,8.78274462559822,0.00472986197694616,0.149778962603295,0.134758865575862,"cogn_se_lv"
"4948","NUP153","Exc L5/6 IT Car3",-0.0139312585241018,6.04567435989791,1.87682624715058,0.171517877399609,0.558118717833117,0.609608298196852,"cogn_se_lv"
"4949","KIF13A","Exc L5/6 IT Car3",-0.00640007485441553,7.98934250221458,0.308791711462467,0.578755129641517,0.853819156938549,0.89548029958669,"cogn_se_lv"
"4950","TPMT","Exc L5/6 IT Car3",0.0127186149475309,5.77236383997727,1.12009234483708,0.544870307815402,0.833471229229603,0.879864396563188,"cogn_se_lv"
"4951","KDM1B","Exc L5/6 IT Car3",0.0131216029161468,5.91180810616903,0.94574486259251,0.331433859506884,0.701329176104902,0.761761613178833,"cogn_se_lv"
"4952","DEK","Exc L5/6 IT Car3",-0.0416873959586017,4.95867648265091,5.67492075138982,0.0177087087210237,0.252582972397178,0.245873156103338,"cogn_se_lv"
"4953","AL022068.1","Exc L5/6 IT Car3",0.0140723078149019,3.65639542880012,0.328234680358738,0.567045001793885,0.846340320935947,0.889427243178691,"cogn_se_lv"
"4954","MBOAT1","Exc L5/6 IT Car3",0.0144898768275017,1.54934996718693,0.0740668149137571,0.78565531248917,0.949971343432458,0.9687968046541,"cogn_se_lv"
"4955","AL158198.1","Exc L5/6 IT Car3",0.048045062657798,2.81168446582923,1.64987565227673,0.199771582808902,0.586514030126452,0.641925135650048,"cogn_se_lv"
"4956","E2F3","Exc L5/6 IT Car3",0.0197176029578408,5.8843034472266,2.23306007448748,0.135930014123979,0.508251437650155,0.560418224524642,"cogn_se_lv"
"4957","CDKAL1","Exc L5/6 IT Car3",-0.000991682643953565,7.65305478904009,0.0101476001064523,0.9198146167294,0.990846634237573,0.994734272430969,"cogn_se_lv"
"4958","AL513188.1","Exc L5/6 IT Car3",-0.0312874102644165,2.3353222833437,0.456121719568453,0.499859791982416,0.812080882361383,0.858968541144697,"cogn_se_lv"
"4959","AL512380.2","Exc L5/6 IT Car3",0.0936686728786315,2.90367259641915,5.34792656926991,0.0212896217891057,0.273857344568852,0.268083709254995,"cogn_se_lv"
"4960","SOX4","Exc L5/6 IT Car3",-0.046958074389896,3.02974539774904,0.579326066242503,0.447056651618397,0.781075074328528,0.833286650250869,"cogn_se_lv"
"4961","CASC15","Exc L5/6 IT Car3",0.0224832927504859,5.67934549872708,3.09575232608584,0.0793151512882436,0.420663153470392,0.457472444848703,"cogn_se_lv"
"4962","NBAT1","Exc L5/6 IT Car3",0.0523574631471657,2.28802045415318,1.8883389116015,0.17021303655503,0.556764852833561,0.608238211375121,"cogn_se_lv"
"4963","AL035401.1","Exc L5/6 IT Car3",0.0584422450010297,3.3875493862298,1.37875677350991,0.241060808986181,0.626366937057414,0.685723634267339,"cogn_se_lv"
"4964","NRSN1","Exc L5/6 IT Car3",0.00305005985918364,5.25426677593976,0.0148195695161179,0.903173812879666,0.987810604126722,0.992744989013678,"cogn_se_lv"
"4965","DCDC2","Exc L5/6 IT Car3",0.00343563853983533,2.70584527693434,0.00876372415899024,0.925465353696385,0.991313617446469,0.995483829796552,"cogn_se_lv"
"4966","MRS2","Exc L5/6 IT Car3",0.00637798844280146,5.2494068241654,0.249857996193338,0.918683115304591,0.990428761581556,0.994640339049422,"cogn_se_lv"
"4967","GPLD1","Exc L5/6 IT Car3",0.00272410939110534,4.87319640224983,0.0215077752738545,0.88348319458355,0.982622493848624,0.989303651647034,"cogn_se_lv"
"4968","ALDH5A1","Exc L5/6 IT Car3",0.0114172574670756,4.71619052072506,0.513633438319835,0.474017872264872,0.796617586335999,0.846782938327683,"cogn_se_lv"
"4969","KIAA0319","Exc L5/6 IT Car3",0.0267576020204123,5.95474238984736,3.87382667334671,0.0497834997048468,0.356516912015847,0.37812219476443,"cogn_se_lv"
"4970","TDP2","Exc L5/6 IT Car3",-0.0165197950810888,4.82101998000665,1.92189136146466,0.166474910054745,0.551949033093873,0.60309865008901,"cogn_se_lv"
"4971","ACOT13","Exc L5/6 IT Car3",0.019452542974685,3.62396677184353,0.890033844171636,0.346077690213158,0.715220375243748,0.771634968666444,"cogn_se_lv"
"4972","C6orf62","Exc L5/6 IT Car3",0.019813504914903,5.8394727608425,3.45828191304685,0.063721351565767,0.388692667696058,0.419324661428312,"cogn_se_lv"
"4973","GMNN","Exc L5/6 IT Car3",-0.0163843056143303,2.29357724364652,0.209892082651205,0.940538574339201,0.994539668727838,0.99747309903324,"cogn_se_lv"
"4974","RIPOR2","Exc L5/6 IT Car3",-0.041929973309862,5.20367291361173,3.58404526802913,0.0591093268137096,0.379986913840459,0.407104822035657,"cogn_se_lv"
"4975","CARMIL1","Exc L5/6 IT Car3",-0.0185355695516242,8.71926354676937,1.6535005780785,0.199279398325724,0.586514030126452,0.641574179687026,"cogn_se_lv"
"4976","U91328.1","Exc L5/6 IT Car3",-0.0181782338735794,3.11227873276548,0.598210915618949,0.439750458932457,0.776403982764389,0.829620623251907,"cogn_se_lv"
"4977","HIST1H4C","Exc L5/6 IT Car3",-0.0484176030140349,3.55110348551183,1.56704012372229,0.211420394861973,0.599108797077106,0.65500283152053,"cogn_se_lv"
"4978","HIST1H2AC","Exc L5/6 IT Car3",-0.0145164577724386,2.92261883470029,0.104794867816317,0.746330861768437,0.933596030449178,0.95819625387441,"cogn_se_lv"
"4979","HIST1H2BD","Exc L5/6 IT Car3",-0.0460500782997519,2.08492125910586,0.893806415749671,0.345058794911142,0.714312799047237,0.770892823789753,"cogn_se_lv"
"4980","HIST1H2BE","Exc L5/6 IT Car3",0.0401024550366787,2.49611027485905,1.41135414156777,0.235586265881662,0.622973768995341,0.680658719161473,"cogn_se_lv"
"4981","BTN3A2","Exc L5/6 IT Car3",-0.0766378227804654,2.08255445636054,2.58070446918664,0.109018169837765,0.471421644788762,0.514558958886271,"cogn_se_lv"
"4982","BTN2A2","Exc L5/6 IT Car3",0.10603557699391,1.35189234668099,2.68782289313046,0.101959452326428,0.460969387011202,0.501682232698572,"cogn_se_lv"
"4983","BTN3A1","Exc L5/6 IT Car3",-0.0230123461720035,2.04477750128425,0.267632783674112,0.605230250592123,0.867998654050207,0.907096246661422,"cogn_se_lv"
"4984","BTN3A3","Exc L5/6 IT Car3",-0.0656819889465042,2.33190671852458,3.81476906660196,0.0515486324797353,0.35981631126162,0.383859563595755,"cogn_se_lv"
"4985","BTN2A1","Exc L5/6 IT Car3",0.0211897449652341,3.8598741021898,1.36101373409153,0.372786338452914,0.732998818038884,0.789802347040207,"cogn_se_lv"
"4986","HCG11","Exc L5/6 IT Car3",-0.0984443739370929,2.76297728099187,10.7423453556884,0.00114521638102358,0.08662109232943,0.0687409001530057,"cogn_se_lv"
"4987","HMGN4","Exc L5/6 IT Car3",0.0289313282416199,3.62703557529094,1.60482263235186,0.206010125689137,0.593837017111036,0.64916189672954,"cogn_se_lv"
"4988","ABT1","Exc L5/6 IT Car3",-0.0300587454855387,2.82091799206381,0.955228437889901,0.329024308793901,0.700143385021856,0.760324255682209,"cogn_se_lv"
"4989","ZNF322","Exc L5/6 IT Car3",-0.00102311134637507,3.76248124789232,0.00285146568996912,0.95744244471202,0.997053628956036,0.998555548513014,"cogn_se_lv"
"4990","AL513548.1","Exc L5/6 IT Car3",-0.0302891021841554,2.34713822697615,0.873252884375602,0.413633940092109,0.76301406424758,0.815486541730188,"cogn_se_lv"
"4991","LINC00240","Exc L5/6 IT Car3",0.00389234418590611,3.89998365721498,0.0280562837515697,0.867067178527544,0.976386024918357,0.986852254670782,"cogn_se_lv"
"4992","ZNF391","Exc L5/6 IT Car3",0.0233379249292626,3.64359432429722,1.24202801339444,0.26579684255966,0.648553801378637,0.709589573131963,"cogn_se_lv"
"4993","ZNF184","Exc L5/6 IT Car3",-0.00620275720501353,3.35667790741519,0.0633538696035456,0.999212055004032,0.999604744296048,0.999977066117083,"cogn_se_lv"
"4994","AL009179.1","Exc L5/6 IT Car3",0.0852528575156178,2.6769447428214,7.39310247411372,0.00685282873613329,0.176362933526908,0.161125571469564,"cogn_se_lv"
"4995","HIST1H2BN","Exc L5/6 IT Car3",0.0686265658287559,2.50353275314907,3.72839913065538,0.0542508122022622,0.369704931962166,0.393734598921828,"cogn_se_lv"
"4996","AL121944.1","Exc L5/6 IT Car3",0.0229495813461895,2.34051007870339,0.400343937865382,0.527298675596336,0.824328458747205,0.871767085989564,"cogn_se_lv"
"4997","ZSCAN16-AS1","Exc L5/6 IT Car3",-0.00825188140631894,4.16752411756597,0.246122177530001,0.620110579317303,0.87402709183014,0.913228143991326,"cogn_se_lv"
"4998","ZKSCAN8","Exc L5/6 IT Car3",-0.0208598640019341,3.74564439322899,0.926284182738643,0.336452723112439,0.706392604391013,0.76526309195624,"cogn_se_lv"
"4999","ZSCAN9","Exc L5/6 IT Car3",0.00769366507969842,2.58250406975449,0.0664040342393926,0.850746624926678,0.971725362044465,0.983541534992607,"cogn_se_lv"
"5000","ZKSCAN4","Exc L5/6 IT Car3",0.0162317455159195,2.8080075937804,0.306358234756319,0.580254579715196,0.854693874739155,0.896084768702624,"cogn_se_lv"
"5001","NKAPL","Exc L5/6 IT Car3",-0.00765286986356988,2.96608819824122,0.0531883472927637,0.817731586363734,0.960385310907957,0.977065975476012,"cogn_se_lv"
"5002","PGBD1","Exc L5/6 IT Car3",0.00115737237676036,5.32430140124818,0.00709958212520358,0.932895617207312,0.992921365316075,0.996363063029027,"cogn_se_lv"
"5003","ZSCAN31","Exc L5/6 IT Car3",0.034265000159443,5.20953131100463,2.00169584722266,0.157956079658622,0.540417185023175,0.591775635170686,"cogn_se_lv"
"5004","ZKSCAN3","Exc L5/6 IT Car3",0.104280815863571,2.66609714365526,9.14998456013001,0.00265920086712451,0.121108697683686,0.102062174819367,"cogn_se_lv"
"5005","ZSCAN12","Exc L5/6 IT Car3",-0.00317775457278772,3.34863071998241,0.021062253926173,0.954155259029731,0.996776168030349,0.99825732469581,"cogn_se_lv"
"5006","ZSCAN23","Exc L5/6 IT Car3",0.0103551736993875,4.2622224021612,0.322450586417124,0.570479665621957,0.848666491645945,0.891168054217283,"cogn_se_lv"
"5007","ZBED9","Exc L5/6 IT Car3",-0.00396498031362551,2.87581648506289,0.0191921353243775,0.889891696721273,0.985023870674018,0.990504300467474,"cogn_se_lv"
"5008","TRIM27","Exc L5/6 IT Car3",0.0151417194064529,4.64023079498147,1.17309121701867,0.426440483408799,0.770838505950366,0.822693286836636,"cogn_se_lv"
"5009","GABBR1","Exc L5/6 IT Car3",-0.0043099539630534,6.92644545371681,0.194439249986921,0.659502273158243,0.891422798516192,0.928528975596113,"cogn_se_lv"
"5010","OR2H2","Exc L5/6 IT Car3",0.0417089215525107,1.73642832472382,0.497247851918991,0.481151202313962,0.80063394477736,0.850020574442662,"cogn_se_lv"
"5011","HLA-F","Exc L5/6 IT Car3",-0.0328423973208698,2.72710613202672,1.08525719862475,0.298197979246416,0.676917505521024,0.736654941180836,"cogn_se_lv"
"5012","HLA-A","Exc L5/6 IT Car3",-0.0300580615914344,3.01608754657574,0.370612220819543,0.543040643277802,0.832327009266545,0.87919256886443,"cogn_se_lv"
"5013","ZNRD1","Exc L5/6 IT Car3",0.0121788821776188,2.16373154370088,0.0997756789241348,0.752275345927182,0.93593557561559,0.960005430237593,"cogn_se_lv"
"5014","PPP1R11","Exc L5/6 IT Car3",-0.0348582417666842,4.10478312809907,2.08559018624684,0.149532654261515,0.528550195012568,0.580583830867642,"cogn_se_lv"
"5015","TRIM26","Exc L5/6 IT Car3",0.0111312402729616,4.48639056156373,0.408886301959079,0.522927119783985,0.82185254031414,0.869898422647923,"cogn_se_lv"
"5016","HCG17","Exc L5/6 IT Car3",-0.0131128550275719,6.69905218616534,1.4775660572464,0.224923125929839,0.614188592629564,0.670458691986656,"cogn_se_lv"
"5017","GNL1","Exc L5/6 IT Car3",-0.00580273949871396,5.41313304731713,0.184898822006271,0.667444502298537,0.895220332863334,0.931248264652647,"cogn_se_lv"
"5018","PRR3","Exc L5/6 IT Car3",0.00382741873827145,4.697868131031,0.0734783231436904,0.867949314138733,0.976728571555652,0.987026125734008,"cogn_se_lv"
"5019","ABCF1","Exc L5/6 IT Car3",-0.015904884515557,4.19009036211704,0.894491482789212,0.653861452162043,0.888560566491041,0.925944567731588,"cogn_se_lv"
"5020","PPP1R10","Exc L5/6 IT Car3",-0.0107593473640088,5.41451750740488,0.754879323491243,0.385493478820237,0.743265427091387,0.798689362492162,"cogn_se_lv"
"5021","MRPS18B","Exc L5/6 IT Car3",-0.0239029716374482,3.76529423565189,1.13714291810482,0.286945344232857,0.666900101049618,0.727490499664832,"cogn_se_lv"
"5022","ATAT1","Exc L5/6 IT Car3",-0.00311190617784129,4.14953235542091,0.0335804483843437,0.854701496238659,0.972881064401809,0.984539562618674,"cogn_se_lv"
"5023","C6orf136","Exc L5/6 IT Car3",0.0124558720855717,4.76811521970435,0.623264600673978,0.430337365421908,0.772783165296724,0.824547973991217,"cogn_se_lv"
"5024","DHX16","Exc L5/6 IT Car3",-0.0163384881473119,3.32832880563438,0.63128590915252,0.427388343592589,0.771645542924677,0.823270702628008,"cogn_se_lv"
"5025","PPP1R18","Exc L5/6 IT Car3",0.0148516867440589,2.02169001987676,0.137816566375368,0.710671749435756,0.915709831196943,0.946922107079281,"cogn_se_lv"
"5026","MDC1","Exc L5/6 IT Car3",0.0171671363358223,4.08584200145552,0.908831950721715,0.341040787227894,0.710424704309324,0.76798149931297,"cogn_se_lv"
"5027","MDC1-AS1","Exc L5/6 IT Car3",0.0618113631589213,1.8089268254311,1.32682632760142,0.250107029690011,0.634369019715073,0.694734677974396,"cogn_se_lv"
"5028","TUBB","Exc L5/6 IT Car3",-0.0373905385562597,6.21352886903878,1.60238561444877,0.206354100543224,0.594290071689468,0.649584222306902,"cogn_se_lv"
"5029","FLOT1","Exc L5/6 IT Car3",-0.0511086818568601,5.99123785373736,8.24081710184481,0.00432901543601866,0.144911840950748,0.129145725070344,"cogn_se_lv"
"5030","IER3-AS1","Exc L5/6 IT Car3",0.0219778433691134,1.40986970878085,0.134219018244838,0.71430444611708,0.917931314774704,0.948067309676443,"cogn_se_lv"
"5031","IER3","Exc L5/6 IT Car3",0.0136133621242819,1.66154302750237,0.0777446844707693,0.780531574812253,0.948470662168226,0.967749505236799,"cogn_se_lv"
"5032","VARS2","Exc L5/6 IT Car3",-0.046559402796307,3.93374920647395,4.4826993688892,0.0348997723138876,0.314897934852847,0.327868593610178,"cogn_se_lv"
"5033","CCHCR1","Exc L5/6 IT Car3",0.0436953520332796,3.18622795134236,3.67511812992072,0.0805986452105914,0.423267608536463,0.460510580559357,"cogn_se_lv"
"5034","POU5F1","Exc L5/6 IT Car3",0.0738525681625313,1.50875266800172,1.80908027934346,0.17943432772702,0.566621738397059,0.619594044714532,"cogn_se_lv"
"5035","AL662844.4","Exc L5/6 IT Car3",-0.0298832578335823,2.42274437284359,0.862034037786967,0.353769444615493,0.719792669570656,0.776906973551498,"cogn_se_lv"
"5036","HCG27","Exc L5/6 IT Car3",0.0567495991877573,2.71437196042891,3.24039741425375,0.0726496144445469,0.412422562265428,0.441785802889783,"cogn_se_lv"
"5037","HLA-C","Exc L5/6 IT Car3",-0.160438489837356,3.05982180427033,9.48457629783227,0.00222534695028057,0.109769517835955,0.0937322710524791,"cogn_se_lv"
"5038","HLA-B","Exc L5/6 IT Car3",-0.118750351486405,2.43492585717929,4.98576543142572,0.0261483594788505,0.293064283242318,0.290455520809228,"cogn_se_lv"
"5039","MICA","Exc L5/6 IT Car3",0.0402796257627995,2.0171556991168,0.747109862858939,0.387947315782716,0.745568080656344,0.800203533655975,"cogn_se_lv"
"5040","NFKBIL1","Exc L5/6 IT Car3",0.0291134191727914,3.30885623913601,1.1519638924203,0.28383103032721,0.663249249428448,0.724417030129646,"cogn_se_lv"
"5041","PRRC2A","Exc L5/6 IT Car3",0.0122717244170207,5.30324142902139,0.844297309929755,0.434856596201112,0.773613831177909,0.82659505990721,"cogn_se_lv"
"5042","BAG6","Exc L5/6 IT Car3",-0.0463132287601069,4.04363803872274,4.38008676225185,0.0370350872835543,0.322198978685077,0.335746660006894,"cogn_se_lv"
"5043","C6orf47","Exc L5/6 IT Car3",-0.0550602169978456,2.26989116385497,2.28905724247864,0.131134319661647,0.501654779913683,0.553217280635649,"cogn_se_lv"
"5044","GPANK1","Exc L5/6 IT Car3",0.0156839732464139,3.08286311980205,0.337683390853602,0.561519800895802,0.843636345917786,0.887492550883264,"cogn_se_lv"
"5045","ABHD16A","Exc L5/6 IT Car3",-0.1097481986574,1.0835858852076,2.75910922184542,0.0975408139666653,0.452649195604576,0.493259841489959,"cogn_se_lv"
"5046","SAPCD1-AS1","Exc L5/6 IT Car3",0.0311999662040423,2.42412980040928,0.799701519319676,0.371758237758564,0.732474622852939,0.789185039179151,"cogn_se_lv"
"5047","VARS","Exc L5/6 IT Car3",-0.00588140537793963,3.76625917603231,0.103345985045102,0.748030419752241,0.933897613787942,0.958583472029119,"cogn_se_lv"
"5048","LSM2","Exc L5/6 IT Car3",0.0178351870854073,3.2598807897177,0.473498379051548,0.491809069749434,0.80764176774878,0.855293208310118,"cogn_se_lv"
"5049","HSPA1A","Exc L5/6 IT Car3",-0.0433615537921603,5.377324994275,0.479269709839348,0.489183259156075,0.805621226154306,0.853942052500388,"cogn_se_lv"
"5050","HSPA1B","Exc L5/6 IT Car3",-0.065596379290818,3.3645773246699,1.00220547553683,0.317425258164241,0.692049117884639,0.752455455987242,"cogn_se_lv"
"5051","C6orf48","Exc L5/6 IT Car3",-0.0547112069520325,3.46481991064507,2.6343027539776,0.105421250298332,0.466712280322908,0.508492511807374,"cogn_se_lv"
"5052","NEU1","Exc L5/6 IT Car3",-0.0252980017910176,3.40848168185418,1.11575789499484,0.291516147977005,0.670680894377538,0.730761475569403,"cogn_se_lv"
"5053","EHMT2-AS1","Exc L5/6 IT Car3",-0.001670817658096,1.54185620000122,0.00122639545770422,0.972082548374852,0.998267578294294,0.999168704792913,"cogn_se_lv"
"5054","EHMT2","Exc L5/6 IT Car3",0.00534849323628907,4.86690200149904,0.165767222919627,0.902310387388831,0.987810604126722,0.992744989013678,"cogn_se_lv"
"5055","C2","Exc L5/6 IT Car3",0.0588732015690466,3.55858988197082,4.848976974275,0.0282728884651292,0.298368509743409,0.299979210741648,"cogn_se_lv"
"5056","NELFE","Exc L5/6 IT Car3",-0.0471095583032452,3.45493379865501,4.14527835753613,0.0424556226279278,0.337257514455779,0.355423370976587,"cogn_se_lv"
"5057","SKIV2L","Exc L5/6 IT Car3",0.0115242575684506,3.13410164024872,0.197255262901833,0.657202588516316,0.890074349880228,0.927606745096583,"cogn_se_lv"
"5058","DXO","Exc L5/6 IT Car3",-0.0698782773290584,2.82715257696102,4.88336549418853,0.0277223554870666,0.297729972746654,0.29740366183413,"cogn_se_lv"
"5059","STK19","Exc L5/6 IT Car3",0.0142919695963918,3.74430079703595,0.534048575806478,0.465367662743116,0.791382135869233,0.842597137429317,"cogn_se_lv"
"5060","TNXB","Exc L5/6 IT Car3",0.0649319327795411,4.19511770264211,7.42108255886402,0.00674914966881015,0.175601242043721,0.159944028209119,"cogn_se_lv"
"5061","ATF6B","Exc L5/6 IT Car3",0.0196658252625929,5.69826143583344,1.48106560670288,0.224375923183667,0.613347328205442,0.669955567869288,"cogn_se_lv"
"5062","FKBPL","Exc L5/6 IT Car3",0.0557340960470338,1.57295112905202,1.14764529884406,0.284734034079389,0.664149254998756,0.725266360958109,"cogn_se_lv"
"5063","PRRT1","Exc L5/6 IT Car3",-0.042170903439309,5.0635987964677,2.95410108869418,0.0864881597163483,0.434373509228393,0.472730243907062,"cogn_se_lv"
"5064","AGPAT1","Exc L5/6 IT Car3",0.00504303195523783,4.6692166626926,0.0594833774116497,0.807448201710096,0.95692498262116,0.974867742036242,"cogn_se_lv"
"5065","RNF5","Exc L5/6 IT Car3",-0.062992083966792,3.20366347100826,3.04833867044389,0.0816415927382325,0.425408435055331,0.462883254682753,"cogn_se_lv"
"5066","PBX2","Exc L5/6 IT Car3",-0.00150209208844265,3.7907513739258,0.006698866824176,0.934812515914347,0.993382101587914,0.996642322972698,"cogn_se_lv"
"5067","AL662796.1","Exc L5/6 IT Car3",0.00531872929216742,4.62673190204484,0.0448871059554483,0.832327263093569,0.966312347611673,0.979745651242787,"cogn_se_lv"
"5068","C6orf10","Exc L5/6 IT Car3",-0.0255670952196529,1.88438827464641,0.395409677251262,0.52985365297308,0.82568662529394,0.872824382352109,"cogn_se_lv"
"5069","HLA-DRB5","Exc L5/6 IT Car3",-0.140770581705547,1.69427740284147,2.9628185254793,0.086026977975351,0.434295997994672,0.472038185061972,"cogn_se_lv"
"5070","HLA-DRB1","Exc L5/6 IT Car3",-0.0874569008442485,1.80258149566177,1.45020914727172,0.229256620883101,0.618341990079027,0.675075627600776,"cogn_se_lv"
"5071","HLA-DQB1","Exc L5/6 IT Car3",-0.132807898749171,1.67102297701699,3.51577052942265,0.0615670977543323,0.385168789389364,0.413490567688491,"cogn_se_lv"
"5072","TAP1","Exc L5/6 IT Car3",-0.062117454628667,2.07342779547768,2.39672609587053,0.122435953311691,0.49197586118719,0.538947431837262,"cogn_se_lv"
"5073","HLA-DMA","Exc L5/6 IT Car3",0.157268944013144,2.2414541804609,6.4811883971888,0.011303016447555,0.214164403886737,0.202191984263909,"cogn_se_lv"
"5074","BRD2","Exc L5/6 IT Car3",-0.0228383877084792,5.02769185026592,2.37222114121369,0.124357564327583,0.493373577863594,0.541631764536243,"cogn_se_lv"
"5075","COL11A2","Exc L5/6 IT Car3",-0.0290367363895745,2.87218866589791,1.12801495154115,0.288885066894243,0.668663134231072,0.728833829227839,"cogn_se_lv"
"5076","RXRB","Exc L5/6 IT Car3",-0.00845357266430495,4.34677778116728,0.242526779547338,0.622676288829678,0.8750796656557,0.914395627238099,"cogn_se_lv"
"5077","SLC39A7","Exc L5/6 IT Car3",-0.00719745936868359,2.77239002121893,0.0617238639919072,0.803928240805289,0.955697174879762,0.973841505210319,"cogn_se_lv"
"5078","RING1","Exc L5/6 IT Car3",-0.00533367350542119,5.12822589912455,0.126040447346419,0.722773585103921,0.922116013823207,0.950709044499468,"cogn_se_lv"
"5079","HCG25","Exc L5/6 IT Car3",0.0215860595809123,2.33677277167968,0.426634959516903,0.514046433896634,0.818677978297294,0.866163902860828,"cogn_se_lv"
"5080","VPS52","Exc L5/6 IT Car3",-0.00456551223063643,4.01737283481449,0.070869709984469,0.929669137989737,0.991814175882228,0.995925713518617,"cogn_se_lv"
"5081","RPS18","Exc L5/6 IT Car3",-0.0290412216747575,5.06121096176071,0.502351597731167,0.47891060049135,0.799764009145411,0.848904413932711,"cogn_se_lv"
"5082","B3GALT4","Exc L5/6 IT Car3",-0.0480522048476425,2.25079846616519,1.99549797246257,0.158599520363339,0.540417185023175,0.592425458995232,"cogn_se_lv"
"5083","WDR46","Exc L5/6 IT Car3",0.0240729547149645,4.08153030050237,0.946627016459242,0.331208734103106,0.701329176104902,0.761643450047827,"cogn_se_lv"
"5084","PFDN6","Exc L5/6 IT Car3",-0.0241828232862691,3.22269371406068,0.563528146048287,0.453314623726964,0.785113151561046,0.836444883481047,"cogn_se_lv"
"5085","RGL2","Exc L5/6 IT Car3",-0.0197139740811888,3.54469540540189,0.840989489651238,0.402301641499144,0.755426964173174,0.808584424353791,"cogn_se_lv"
"5086","TAPBP","Exc L5/6 IT Car3",-0.0344117056197534,5.06007578219865,4.18210451152823,0.0415529995602592,0.334901997315061,0.352784582178726,"cogn_se_lv"
"5087","ZBTB22","Exc L5/6 IT Car3",0.00908176182829293,2.88886658779559,0.0793922454057338,0.778278693196726,0.946929329456686,0.967012992795359,"cogn_se_lv"
"5088","DAXX","Exc L5/6 IT Car3",-0.0385535622768529,3.08540340487031,1.97584273638906,0.160659945965102,0.54377756067801,0.595658515170733,"cogn_se_lv"
"5089","PHF1","Exc L5/6 IT Car3",0.00464395189985957,4.83486304409027,0.0872777087646228,0.767831024871666,0.942734854457692,0.964110240920344,"cogn_se_lv"
"5090","CUTA","Exc L5/6 IT Car3",-0.0627137959767869,4.34849020542488,2.67718285274315,0.102637598422616,0.462266540882911,0.503075892755573,"cogn_se_lv"
"5091","SYNGAP1","Exc L5/6 IT Car3",0.000593128420615701,6.03205664230626,0.0024222215376602,0.960773399780889,0.997053628956036,0.998669553021838,"cogn_se_lv"
"5092","SYNGAP1-AS1","Exc L5/6 IT Car3",-0.0133981139395313,3.31296536618578,0.140522109293171,0.707975175534634,0.91429544356115,0.946078560085135,"cogn_se_lv"
"5093","BAK1","Exc L5/6 IT Car3",0.0442951642159458,2.1641915076627,1.57097291463531,0.210849434143277,0.598585727280052,0.654419108387049,"cogn_se_lv"
"5094","ITPR3","Exc L5/6 IT Car3",0.0328902697910816,1.729737801783,0.498218238747719,0.480723868014893,0.80063394477736,0.849823034788498,"cogn_se_lv"
"5095","UQCC2","Exc L5/6 IT Car3",-0.00124810789635824,4.77120420291927,0.00548684376365609,0.940991749840547,0.994565141820343,0.997543659084972,"cogn_se_lv"
"5096","LEMD2","Exc L5/6 IT Car3",0.002110282960364,4.52212534869519,0.014774963423067,0.903318924219536,0.987810604126722,0.992744989013678,"cogn_se_lv"
"5097","GRM4","Exc L5/6 IT Car3",-0.0735325744539773,2.01873738961421,2.90713756983935,0.0890193851524192,0.438262424022946,0.47781464905885,"cogn_se_lv"
"5098","HMGA1","Exc L5/6 IT Car3",-0.0367792162990241,3.63304070549915,1.71762354178334,0.190804165984197,0.578240559961889,0.632050393231505,"cogn_se_lv"
"5099","SMIM29","Exc L5/6 IT Car3",-0.00696941445457355,4.74823249281137,0.0547213182327227,0.815170625333887,0.959870452932088,0.976606831175279,"cogn_se_lv"
"5100","NUDT3","Exc L5/6 IT Car3",-0.0227829549664456,6.84148590005874,1.89071826932427,0.169944789289839,0.556733788386556,0.607978276352096,"cogn_se_lv"
"5101","RPS10-NUDT3","Exc L5/6 IT Car3",0.00705465731763201,3.96954278914654,0.106218176643691,0.74467389753947,0.933192026962987,0.957626369296883,"cogn_se_lv"
"5102","PACSIN1","Exc L5/6 IT Car3",-0.00662753590808115,6.97488128390918,0.499002474939965,0.480378965355469,0.800464771716048,0.849576831627805,"cogn_se_lv"
"5103","C6orf106","Exc L5/6 IT Car3",0.00921309884492708,5.87367671468779,0.820069224794937,0.365743443815011,0.728041428038715,0.785315508516405,"cogn_se_lv"
"5104","SNRPC","Exc L5/6 IT Car3",-0.0233630623007996,4.18677536593197,1.3904846748401,0.239073511577551,0.625336331463151,0.68399414321798,"cogn_se_lv"
"5105","UHRF1BP1","Exc L5/6 IT Car3",0.00277262764621491,5.27801658035075,0.0474022648846167,0.827765640874275,0.965198027846194,0.978896725363532,"cogn_se_lv"
"5106","TAF11","Exc L5/6 IT Car3",0.0159625016328697,5.04145785751642,1.01728539509213,0.313816440179981,0.68856317084381,0.749872834665651,"cogn_se_lv"
"5107","ANKS1A","Exc L5/6 IT Car3",0.0178162340677217,7.31040826053263,2.25567261653125,0.133970144292244,0.504976930664488,0.556814244736607,"cogn_se_lv"
"5108","SCUBE3","Exc L5/6 IT Car3",0.0477978485500984,2.31914693904186,0.902698383563114,0.342673289766775,0.71199432017155,0.769085629427964,"cogn_se_lv"
"5109","Z97832.2","Exc L5/6 IT Car3",0.041719022871715,2.21405279001403,1.26630504114077,0.261183252044033,0.644639810998247,0.704956388376913,"cogn_se_lv"
"5110","ZNF76","Exc L5/6 IT Car3",0.0310691362616174,5.39104179687433,4.99561308135692,0.0260019900989095,0.292522388612732,0.289941922931764,"cogn_se_lv"
"5111","DEF6","Exc L5/6 IT Car3",0.0018923671022952,2.45266604380188,0.00283736272755577,0.957547717097776,0.997053628956036,0.998555548513014,"cogn_se_lv"
"5112","PPARD","Exc L5/6 IT Car3",0.0208384877646218,5.86660190223001,1.82359601512059,0.17770310558727,0.564119388405132,0.617574085652615,"cogn_se_lv"
"5113","FANCE","Exc L5/6 IT Car3",-0.0226655548750614,2.04024050618099,0.333383592398942,0.564021183400962,0.844808706390935,0.888335207823481,"cogn_se_lv"
"5114","RPL10A","Exc L5/6 IT Car3",0.00695327010254492,5.65724566682134,0.0325849987466138,0.856847586636067,0.973621837474622,0.984912157078149,"cogn_se_lv"
"5115","FKBP5","Exc L5/6 IT Car3",-0.0776142865878501,7.01312801659314,10.1352737879143,0.00157656364157683,0.0955024320442973,0.0799782528301284,"cogn_se_lv"
"5116","CLPSL1","Exc L5/6 IT Car3",-0.00315344997200115,1.89857881888454,0.00716598802197867,0.932583264860128,0.992700257134336,0.99625327555939,"cogn_se_lv"
"5117","LHFPL5","Exc L5/6 IT Car3",-0.00856135926739253,5.31538682673922,0.261370128698485,0.609482355784066,0.869396553735584,0.908828745972196,"cogn_se_lv"
"5118","SRPK1","Exc L5/6 IT Car3",0.0102078727892816,7.56212650215672,0.478067790736108,0.489728168511923,0.806134761700946,0.854270608363911,"cogn_se_lv"
"5119","SLC26A8","Exc L5/6 IT Car3",0.0160986511295338,3.8803991629743,0.603154590478865,0.437868251140901,0.775732978595426,0.828312649483755,"cogn_se_lv"
"5120","MAPK14","Exc L5/6 IT Car3",0.00770756679464222,7.2259863373426,0.435897964787982,0.509515765883921,0.817087552547132,0.863762366060355,"cogn_se_lv"
"5121","MAPK13","Exc L5/6 IT Car3",-0.0135700769922461,4.06732974423271,0.504021530167974,0.478181193669467,0.799547311799968,0.848658039434017,"cogn_se_lv"
"5122","Z84485.1","Exc L5/6 IT Car3",0.00732454755753019,3.95646923741064,0.107341166572113,0.743375202883632,0.932703764257223,0.957272142410655,"cogn_se_lv"
"5123","BRPF3","Exc L5/6 IT Car3",0.0144351141012055,4.69307053723343,1.06078932135877,0.303701406977521,0.680641423239267,0.741742526672326,"cogn_se_lv"
"5124","PNPLA1","Exc L5/6 IT Car3",0.0413711196236925,2.06100158219356,0.956986037736586,0.328580311305216,0.700143385021856,0.760159000269975,"cogn_se_lv"
"5125","KCTD20","Exc L5/6 IT Car3",0.00298432811350533,4.84137803649839,0.0509863147516207,0.821479263921449,0.962729658220462,0.977565875263999,"cogn_se_lv"
"5126","STK38","Exc L5/6 IT Car3",-0.00143623993652966,5.93872021295704,0.0158600545055734,0.899849754983466,0.987147175792682,0.99240467644644,"cogn_se_lv"
"5127","SRSF3","Exc L5/6 IT Car3",-0.0446569167304096,5.26784279255737,5.53341662736747,0.0191747135997534,0.262386462696512,0.25516745177223,"cogn_se_lv"
"5128","CDKN1A","Exc L5/6 IT Car3",-0.114034270155456,2.1776301073922,2.81638411688272,0.0941424516254381,0.446632276036572,0.487117931868943,"cogn_se_lv"
"5129","CPNE5","Exc L5/6 IT Car3",0.0167668718418367,8.03028389366976,2.01686668754835,0.156393629751309,0.538455919882023,0.589685581267034,"cogn_se_lv"
"5130","PPIL1","Exc L5/6 IT Car3",0.0337260546083298,3.27199372446871,2.31108520367159,0.129300009615907,0.499726372098624,0.550149856149999,"cogn_se_lv"
"5131","C6orf89","Exc L5/6 IT Car3",-0.00427185183340614,6.19967153270146,0.246344807346491,0.619952478202709,0.873884286457199,0.913182313518722,"cogn_se_lv"
"5132","MTCH1","Exc L5/6 IT Car3",-0.0502276191204866,7.09171101237207,5.39470760138669,0.0207343560339064,0.270884328830068,0.264757695281321,"cogn_se_lv"
"5133","PIM1","Exc L5/6 IT Car3",-0.0345321654280278,2.54466646774251,0.838302588116577,0.360473150659127,0.724864123266806,0.781300505811969,"cogn_se_lv"
"5134","TMEM217","Exc L5/6 IT Car3",0.0372130950168908,2.94685547743245,1.68815073436954,0.194645978239248,0.583090189119214,0.636669396399713,"cogn_se_lv"
"5135","TBC1D22B","Exc L5/6 IT Car3",-0.0045989099073562,4.91985826014541,0.118903632526332,0.7304206416411,0.925604180890752,0.953385837646007,"cogn_se_lv"
"5136","RNF8","Exc L5/6 IT Car3",0.0143412837612374,4.9365686496544,1.09480482227006,0.296085402911118,0.674175817547286,0.734546149446655,"cogn_se_lv"
"5137","CMTR1","Exc L5/6 IT Car3",0.0141392135310101,4.57671329036169,1.09730435859627,0.304628942238824,0.681331117723514,0.742251792113594,"cogn_se_lv"
"5138","CCDC167","Exc L5/6 IT Car3",0.00561890859097225,2.46605383767495,0.0271517380091971,0.869207942768302,0.977430238141471,0.987215819779565,"cogn_se_lv"
"5139","MDGA1","Exc L5/6 IT Car3",0.0273867039739343,2.41626052555245,0.423477125311414,0.515607037437581,0.819577819947375,0.866664740633672,"cogn_se_lv"
"5140","ZFAND3","Exc L5/6 IT Car3",0.00295529083336468,8.54690172192695,0.0861634386686885,0.769275373232236,0.942860274175954,0.96444733700271,"cogn_se_lv"
"5141","BTBD9","Exc L5/6 IT Car3",0.0157526004706892,8.42409256046238,1.51404758233462,0.219296507794022,0.60777476228165,0.664074948573769,"cogn_se_lv"
"5142","GLO1","Exc L5/6 IT Car3",-0.00694002200214023,5.4085094275627,0.330267257892485,0.565847577564439,0.845594141722471,0.889063895323516,"cogn_se_lv"
"5143","DNAH8","Exc L5/6 IT Car3",-0.0152756368654293,1.82088103129791,0.130133470082152,0.80885438389356,0.957779948884038,0.975322173576764,"cogn_se_lv"
"5144","SAYSD1","Exc L5/6 IT Car3",0.00110417786153639,2.64851304500312,0.00118675620624345,0.972537242768288,0.998267578294294,0.999253534602025,"cogn_se_lv"
"5145","KIF6","Exc L5/6 IT Car3",0.0586253170936805,4.37363832195994,4.807143254748,0.0289580599018219,0.300515537349318,0.303055907796501,"cogn_se_lv"
"5146","DAAM2","Exc L5/6 IT Car3",0.0209327063228341,1.70493046417241,0.159195439646122,0.690126253866418,0.904226378937866,0.939510682431002,"cogn_se_lv"
"5147","MOCS1","Exc L5/6 IT Car3",0.0126344326111049,2.91023959255442,0.229787702730832,0.631961706022345,0.880588866734221,0.918555948495665,"cogn_se_lv"
"5148","TDRG1","Exc L5/6 IT Car3",0.00307288400873897,2.0771086956107,0.00561093108169899,0.940329468343011,0.994539668727838,0.99747309903324,"cogn_se_lv"
"5149","LINC00951","Exc L5/6 IT Car3",-0.0572660117118878,3.83473786717676,3.75405364435925,0.053432797460748,0.366131234604146,0.390676774262314,"cogn_se_lv"
"5150","AL139275.1","Exc L5/6 IT Car3",0.0256031503545435,3.36065151564688,0.823504985674756,0.364742215078681,0.727310532529269,0.784586588069516,"cogn_se_lv"
"5151","LRFN2","Exc L5/6 IT Car3",0.0173856864786972,8.42584501053215,1.46454386825982,0.226973487014664,0.615899116022415,0.672197188579709,"cogn_se_lv"
"5152","OARD1","Exc L5/6 IT Car3",0.0868888445670497,3.53562641678395,13.3044027542976,0.000302378598711586,0.048447811506403,0.033527067072699,"cogn_se_lv"
"5153","NFYA","Exc L5/6 IT Car3",0.0229217603433562,2.69694759377737,0.657266396541774,0.418042704237048,0.765438936199468,0.817867845395646,"cogn_se_lv"
"5154","FOXP4","Exc L5/6 IT Car3",-0.0178890945681741,2.22906630741143,0.221529750292918,0.638151405667192,0.883276385755741,0.920629240664563,"cogn_se_lv"
"5155","TFEB","Exc L5/6 IT Car3",-0.0272229864696484,4.17445819514419,1.08170238690574,0.298989501423646,0.676917505521024,0.737259939436248,"cogn_se_lv"
"5156","FRS3","Exc L5/6 IT Car3",-0.000769654968637939,3.37009912227318,0.00104007501289886,0.974289746580843,0.998267578294294,0.999476759517694,"cogn_se_lv"
"5157","USP49","Exc L5/6 IT Car3",0.0162511802253913,5.78077034362316,1.43319832834581,0.232002086070646,0.620439023679691,0.677856229890439,"cogn_se_lv"
"5158","MED20","Exc L5/6 IT Car3",0.0390914056677037,2.46842246549348,1.61103700145494,0.258935017415659,0.641914040225153,0.703165043861016,"cogn_se_lv"
"5159","BYSL","Exc L5/6 IT Car3",0.0218974765506888,1.92247298144552,0.260293808373259,0.610219598031338,0.869965689087752,0.909292656044606,"cogn_se_lv"
"5160","CCND3","Exc L5/6 IT Car3",-0.0186414086305589,6.54141322472287,1.2224095361725,0.269599623614164,0.652650975814763,0.713096453262406,"cogn_se_lv"
"5161","TAF8","Exc L5/6 IT Car3",0.00207654142950007,4.30598809872563,0.0145495588369146,0.90405562765408,0.987810604126722,0.992777214734694,"cogn_se_lv"
"5162","GUCA1A","Exc L5/6 IT Car3",0.133358316225761,1.92731364723208,6.25837060018818,0.0127876495153076,0.224147979545084,0.213480475973659,"cogn_se_lv"
"5163","GUCA1B","Exc L5/6 IT Car3",0.105651783422989,2.53457169097544,8.621611421443,0.0035275812203286,0.132737102642682,0.117306524846406,"cogn_se_lv"
"5164","MRPS10","Exc L5/6 IT Car3",-0.00957424625321762,4.12884541964717,0.209614149511793,0.647336102685795,0.886522807717282,0.923835419953433,"cogn_se_lv"
"5165","TRERF1","Exc L5/6 IT Car3",0.0339627279284291,5.6326572916416,4.23542299817223,0.0402818519929259,0.330776725437538,0.347702098497001,"cogn_se_lv"
"5166","UBR2","Exc L5/6 IT Car3",0.00760468540212603,7.63069317358979,0.471087095670398,0.492913138278627,0.807787583655423,0.855800671581994,"cogn_se_lv"
"5167","PRPH2","Exc L5/6 IT Car3",-0.00232083570343879,2.04201888166386,0.00204826033991905,0.963926070763414,0.997621680933237,0.998906195013116,"cogn_se_lv"
"5168","TBCC","Exc L5/6 IT Car3",-0.0031167314015181,3.3182936923803,0.00943511770650499,0.922671632954396,0.990974669133532,0.995093373462206,"cogn_se_lv"
"5169","BICRAL","Exc L5/6 IT Car3",0.0375514007981697,7.0429411237296,8.38523484527181,0.00400517132679367,0.141379082140812,0.124574352218412,"cogn_se_lv"
"5170","RPL7L1","Exc L5/6 IT Car3",-0.0102661284155793,5.89375321555665,0.427051501155382,0.513841194412552,0.818677978297294,0.866108487773539,"cogn_se_lv"
"5171","C6orf226","Exc L5/6 IT Car3",0.0348573541963428,2.26473231279837,0.718587964281003,0.397150101450813,0.752970014133855,0.805810105919578,"cogn_se_lv"
"5172","CNPY3","Exc L5/6 IT Car3",-0.0440298317488868,3.44929887267597,2.95418404593025,0.0864837583593159,0.434373509228393,0.472730243907062,"cogn_se_lv"
"5173","AL035587.1","Exc L5/6 IT Car3",0.00445085112269326,4.38194313465022,0.0481533294872686,0.826428167053532,0.964853369680616,0.978581468319746,"cogn_se_lv"
"5174","PEX6","Exc L5/6 IT Car3",0.00593328151156982,5.38939893878369,0.210007014513865,0.647028294390722,0.886474267842359,0.923792734127006,"cogn_se_lv"
"5175","PPP2R5D","Exc L5/6 IT Car3",-0.00819823235757213,4.57081944905868,0.2936124023653,0.58823781192435,0.858590660614165,0.899770095958679,"cogn_se_lv"
"5176","MEA1","Exc L5/6 IT Car3",-0.0636004168805764,3.07979987693661,3.10903347706237,0.0786764201355971,0.420388545867537,0.456195233313843,"cogn_se_lv"
"5177","KLHDC3","Exc L5/6 IT Car3",-0.0241989800729846,6.23435538747004,1.80222970954946,0.180258150863598,0.566621738397059,0.620273128773129,"cogn_se_lv"
"5178","RRP36","Exc L5/6 IT Car3",0.00809166940809274,4.32764404206606,0.304921482881554,0.751281322614753,0.935496747518331,0.959692305777193,"cogn_se_lv"
"5179","CUL7","Exc L5/6 IT Car3",-0.0234379256598666,3.49932905539555,1.47443272754928,0.225414428220715,0.614766622420133,0.670981802942509,"cogn_se_lv"
"5180","KLC4","Exc L5/6 IT Car3",-0.00214591996160269,4.87592706578684,0.0294589616908925,0.863816509138795,0.975358479504479,0.986527780166375,"cogn_se_lv"
"5181","MRPL2","Exc L5/6 IT Car3",0.00617418651205056,3.1872740514712,0.0714160921470449,0.789433429699295,0.950953387842216,0.970029981928869,"cogn_se_lv"
"5182","PTK7","Exc L5/6 IT Car3",0.0119364167138995,2.15176952628548,0.0950351897393424,0.75804274844209,0.938626359909824,0.961678890163832,"cogn_se_lv"
"5183","SRF","Exc L5/6 IT Car3",-0.0165102418621853,3.32064459614131,0.480505341116292,0.825940429300367,0.964634291823138,0.978431167115401,"cogn_se_lv"
"5184","CUL9","Exc L5/6 IT Car3",-0.00093100812711731,4.62178318524685,0.00453297182986773,0.946357114526443,0.994804925328349,0.997626386519645,"cogn_se_lv"
"5185","DNPH1","Exc L5/6 IT Car3",-0.0151131035336313,3.22435600141547,0.164147018744018,0.685598651464943,0.901903004192279,0.938039205178401,"cogn_se_lv"
"5186","TTBK1","Exc L5/6 IT Car3",-0.000180411625306803,4.98704265211854,0.000130118217377954,0.990904865742631,0.999242764926216,0.999870711362408,"cogn_se_lv"
"5187","CRIP3","Exc L5/6 IT Car3",-0.055850705083482,2.51316033644757,3.00021881764668,0.0840784648075091,0.43113965258299,0.468331199601763,"cogn_se_lv"
"5188","ZNF318","Exc L5/6 IT Car3",-0.0211816398431868,5.76114447999826,3.33907303854045,0.0684501162625887,0.400264255083555,0.430739297104517,"cogn_se_lv"
"5189","ABCC10","Exc L5/6 IT Car3",0.00949723356446306,4.87806153019529,0.473167242554273,0.639746157515037,0.88361972463276,0.921055699298057,"cogn_se_lv"
"5190","DLK2","Exc L5/6 IT Car3",0.0115010704204551,3.11292695920897,0.171320453192484,0.679178399365084,0.900306250321158,0.935725771904145,"cogn_se_lv"
"5191","TJAP1","Exc L5/6 IT Car3",0.0130184986541371,4.01208934200983,0.570097443940822,0.450695815842911,0.783309836908232,0.834966673940357,"cogn_se_lv"
"5192","LRRC73","Exc L5/6 IT Car3",0.0326010605561828,2.93884562947162,1.092876291818,0.296510567302425,0.674644830098215,0.734956830068898,"cogn_se_lv"
"5193","POLR1C","Exc L5/6 IT Car3",0.0115883447773605,4.34020718318834,0.29090454930018,0.589962674054425,0.859152682976684,0.900572439496454,"cogn_se_lv"
"5194","YIPF3","Exc L5/6 IT Car3",-0.0250115691620309,4.58004244443479,1.10331515572789,0.294218542577427,0.672512011030238,0.733207358878699,"cogn_se_lv"
"5195","XPO5","Exc L5/6 IT Car3",-0.00151948032948351,5.96060488844267,0.0134766483595818,0.907644394060272,0.988091336534455,0.993206748482432,"cogn_se_lv"
"5196","POLH","Exc L5/6 IT Car3",0.03241256522651,4.21099047930748,3.85098361424749,0.0504585097325136,0.358520990204702,0.380282309991128,"cogn_se_lv"
"5197","GTPBP2","Exc L5/6 IT Car3",0.0329171584112471,3.70680819251248,2.29500124332601,0.130636498682404,0.501182708796618,0.55238204252191,"cogn_se_lv"
"5198","MAD2L1BP","Exc L5/6 IT Car3",-0.0238182020187711,2.64884844886862,0.452447406430673,0.501590733318446,0.813655179809147,0.859988225630917,"cogn_se_lv"
"5199","RSPH9","Exc L5/6 IT Car3",0.0453422421224853,2.1635109039918,1.29746279276783,0.255406872702449,0.639026164772989,0.699830642228525,"cogn_se_lv"
"5200","MRPS18A","Exc L5/6 IT Car3",-0.0444365351108523,3.52465660449899,3.22458696900587,0.0733478766190264,0.412732658561907,0.443509469267581,"cogn_se_lv"
"5201","VEGFA","Exc L5/6 IT Car3",0.020306773860872,3.12196035910509,0.203467831543065,0.652197799255069,0.888023014291384,0.925254350610007,"cogn_se_lv"
"5202","AL109615.3","Exc L5/6 IT Car3",0.0848729131255883,2.91775559476203,5.66129624558762,0.0178446591833613,0.25358199892145,0.246693863760003,"cogn_se_lv"
"5203","MRPL14","Exc L5/6 IT Car3",0.0407615224798089,3.28531377007756,2.2106160377262,0.137907190246995,0.510620798575702,0.563247995051705,"cogn_se_lv"
"5204","TMEM63B","Exc L5/6 IT Car3",0.0080720268424022,5.32988719664363,0.424946868729821,0.957655123175559,0.997053628956036,0.998555548513014,"cogn_se_lv"
"5205","SLC29A1","Exc L5/6 IT Car3",-0.0350491706229993,2.69353280811965,1.2678004444501,0.26090233771215,0.644404907300591,0.704745534789473,"cogn_se_lv"
"5206","HSP90AB1","Exc L5/6 IT Car3",-0.0298305534078645,8.17706876701251,1.4811790701009,0.224358208437927,0.613347328205442,0.669944518511702,"cogn_se_lv"
"5207","SLC35B2","Exc L5/6 IT Car3",-0.0268657794154282,2.45865726135201,0.644520101025308,0.422589047080859,0.76923863843178,0.820285747231955,"cogn_se_lv"
"5208","NFKBIE","Exc L5/6 IT Car3",-0.000124427060918739,1.19190059942335,3.51342294706111e-05,0.995273799170459,0.999242764926216,0.999870711362408,"cogn_se_lv"
"5209","TCTE1","Exc L5/6 IT Car3",0.0333105818678145,1.88847954053256,0.579559519479498,0.446965187506822,0.781075074328528,0.833279164179334,"cogn_se_lv"
"5210","AARS2","Exc L5/6 IT Car3",0.0550369021188435,2.86397270706885,4.24274484642609,0.0401105226218391,0.330776725437538,0.347233785515434,"cogn_se_lv"
"5211","CDC5L","Exc L5/6 IT Car3",-0.0124006151815317,4.84765939725239,0.90306795889309,0.342574625349699,0.711981564366222,0.768962777168325,"cogn_se_lv"
"5212","SUPT3H","Exc L5/6 IT Car3",0.000317123550070456,8.38349828162143,0.000725289105994567,0.978528991378497,0.998390354534415,0.999693731926281,"cogn_se_lv"
"5213","RUNX2","Exc L5/6 IT Car3",0.0310200878444767,2.95428907465934,0.85731088950617,0.355089904568148,0.720752386980564,0.7778097953506,"cogn_se_lv"
"5214","CLIC5","Exc L5/6 IT Car3",0.0283139252761513,4.26521434592633,1.49192536125375,0.222688012224344,0.611666697864117,0.667896711111574,"cogn_se_lv"
"5215","AL035701.1","Exc L5/6 IT Car3",-0.0318255650032879,3.66205980521584,1.79918386161256,0.180625841922556,0.567196838846795,0.620665824515546,"cogn_se_lv"
"5216","ENPP4","Exc L5/6 IT Car3",-0.0477460501016363,4.93882616601985,8.10491694064632,0.0046582252511165,0.149354347113923,0.133832331422912,"cogn_se_lv"
"5217","ENPP5","Exc L5/6 IT Car3",-0.0108485217334791,4.69147716186372,0.402644364063101,0.526115037158345,0.823405271572479,0.871146895503192,"cogn_se_lv"
"5218","RCAN2","Exc L5/6 IT Car3",0.00174705123007036,8.78642665864756,0.0197707355643701,0.88825503765043,0.984472057540796,0.990214615045304,"cogn_se_lv"
"5219","AL359633.2","Exc L5/6 IT Car3",0.137194311560254,2.27058966502551,10.863949176012,0.00107440919310344,0.0861206118846976,0.0672970422574418,"cogn_se_lv"
"5220","CYP39A1","Exc L5/6 IT Car3",-0.0268086690515233,3.26124610373461,0.262373104424967,0.608797074218175,0.869396553735584,0.908416388918382,"cogn_se_lv"
"5221","SLC25A27","Exc L5/6 IT Car3",-0.000770182113990911,6.08469662278262,0.00387944127164464,0.9503690469157,0.995054338434123,0.997804640603097,"cogn_se_lv"
"5222","AL591242.1","Exc L5/6 IT Car3",-0.0127709689974201,2.3359569862641,0.106477599003803,0.744373213129081,0.933022991340091,0.957514495374597,"cogn_se_lv"
"5223","TDRD6","Exc L5/6 IT Car3",-0.0160555565703969,3.44603173078225,0.393774989808301,0.530705009777481,0.826424172870124,0.873098924236327,"cogn_se_lv"
"5224","PLA2G7","Exc L5/6 IT Car3",0.0839119736332407,2.25039476448549,3.45228399557758,0.063950714032311,0.388915039448146,0.419752801136877,"cogn_se_lv"
"5225","ADGRF5","Exc L5/6 IT Car3",0.0365298539652214,2.13218356912372,0.53640527871968,0.464385451154861,0.79119444669795,0.842296072535894,"cogn_se_lv"
"5226","TNFRSF21","Exc L5/6 IT Car3",-0.0267721727437572,5.8610347060801,4.59729619008561,0.0326670852247545,0.309560151737409,0.318968624371739,"cogn_se_lv"
"5227","CD2AP","Exc L5/6 IT Car3",0.00325909387343179,5.3573051092193,0.0549139407541403,0.814851521410087,0.959870452932088,0.976606831175279,"cogn_se_lv"
"5228","PTCHD4","Exc L5/6 IT Car3",0.0203662878872794,3.60123052538352,0.266664428676774,0.605883580924285,0.868278273580553,0.907302441644215,"cogn_se_lv"
"5229","MUT","Exc L5/6 IT Car3",-0.0138417787144836,4.74791933216416,0.970124023401911,0.325286552968445,0.697819912208581,0.757984772838651,"cogn_se_lv"
"5230","CENPQ","Exc L5/6 IT Car3",-0.0340737028776665,2.63108200482462,1.3920762547488,0.23880535899585,0.625249145108221,0.683651632337254,"cogn_se_lv"
"5231","PKHD1","Exc L5/6 IT Car3",-0.023039392773497,2.01229693360361,0.28494618033444,0.59379487836886,0.860823584975204,0.902270315397319,"cogn_se_lv"
"5232","MCM3","Exc L5/6 IT Car3",-0.0260097031028701,2.99136928969436,1.09043209080095,0.364532546076516,0.727246849504114,0.78443285021613,"cogn_se_lv"
"5233","EFHC1","Exc L5/6 IT Car3",0.00293498718435408,5.58830713401739,0.0476661273262763,0.827294505669442,0.965029939006543,0.978805885773327,"cogn_se_lv"
"5234","TRAM2","Exc L5/6 IT Car3",0.00473042970465376,5.93565095034514,0.0848960640452587,0.77093056740406,0.94358369908927,0.964892748706355,"cogn_se_lv"
"5235","TRAM2-AS1","Exc L5/6 IT Car3",-0.0483095118060351,2.26513117543182,1.91068367567507,0.167712973210693,0.553884690496259,0.604632261613489,"cogn_se_lv"
"5236","TMEM14A","Exc L5/6 IT Car3",-0.00806141664817813,5.88738076443336,0.180015114532359,0.671604408932568,0.897221515058353,0.932815856201549,"cogn_se_lv"
"5237","GSTA4","Exc L5/6 IT Car3",0.00854008813448233,6.35007749241018,0.857417941928308,0.35505990088554,0.720752386980564,0.7778009844,"cogn_se_lv"
"5238","ICK","Exc L5/6 IT Car3",-0.0421149473546803,3.89573843593545,4.41740921011144,0.0362429578752893,0.318185465887452,0.332918929332099,"cogn_se_lv"
"5239","FBXO9","Exc L5/6 IT Car3",-0.0162452158934576,6.16016226893299,2.90166744887492,0.0893194136036183,0.438777245166407,0.478453193478241,"cogn_se_lv"
"5240","ELOVL5","Exc L5/6 IT Car3",-0.00964389303265534,5.66536495281373,0.187571409869175,0.665195523683563,0.894470085424761,0.930556328087739,"cogn_se_lv"
"5241","GCLC","Exc L5/6 IT Car3",0.00763175492646241,5.16734473604718,0.12773500884302,0.720993883034666,0.921639090096055,0.950203197927314,"cogn_se_lv"
"5242","LRRC1","Exc L5/6 IT Car3",-0.0136012295583564,3.69126448266843,0.350095070499693,0.554417105009571,0.839929682996154,0.884442710080519,"cogn_se_lv"
"5243","MLIP","Exc L5/6 IT Car3",0.0622235265492115,6.24307224157189,8.20308720613559,0.0044179526897739,0.145923050621018,0.130449229869655,"cogn_se_lv"
"5244","HCRTR2","Exc L5/6 IT Car3",0.0189139884273946,2.79968227824847,0.221536788860438,0.638146070297344,0.883276385755741,0.920629240664563,"cogn_se_lv"
"5245","HMGCLL1","Exc L5/6 IT Car3",0.00872176044100673,6.92011250734026,0.370287406487477,0.54321735792279,0.832381454728754,0.879241389843247,"cogn_se_lv"
"5246","COL21A1","Exc L5/6 IT Car3",-0.0657210022750353,1.92769779907276,2.31676258232974,0.128831908354344,0.499046914761922,0.549016489737223,"cogn_se_lv"
"5247","DST","Exc L5/6 IT Car3",-0.00755898190544908,9.10482107527574,0.79631515123448,0.372771651074415,0.732998818038884,0.789797328671073,"cogn_se_lv"
"5248","AL512422.1","Exc L5/6 IT Car3",0.013850727168168,3.35138180893018,0.113691002223693,0.73616979396127,0.928812356867023,0.955173368084711,"cogn_se_lv"
"5249","BEND6","Exc L5/6 IT Car3",0.00771318968261173,5.73452368738553,0.365270589750651,0.545960327611659,0.83411433237885,0.880363517119553,"cogn_se_lv"
"5250","KIAA1586","Exc L5/6 IT Car3",-0.0207050696643879,4.43542196991713,1.54740844230902,0.221116540053435,0.609416825111456,0.665997048320669,"cogn_se_lv"
"5251","ZNF451","Exc L5/6 IT Car3",-0.00105983786418012,6.80499238384861,0.00813450442707747,0.928183372111364,0.991633961507555,0.995793814170954,"cogn_se_lv"
"5252","ZNF451-AS1","Exc L5/6 IT Car3",0.00109884405695916,3.55884889617778,0.00071958143627267,0.978613621005445,0.998390354534415,0.999693731926281,"cogn_se_lv"
"5253","BAG2","Exc L5/6 IT Car3",0.0063387916086334,4.13276575270226,0.0798348763726391,0.77767774651865,0.946718698160727,0.966931783045298,"cogn_se_lv"
"5254","RAB23","Exc L5/6 IT Car3",-0.000368192354637759,4.03067026293791,0.000419571589771536,0.983668649790449,0.998390354534415,0.999870711362408,"cogn_se_lv"
"5255","PRIM2","Exc L5/6 IT Car3",0.0129053145783229,5.70110530587089,0.722121228387967,0.39599310414553,0.752045270656073,0.805329000971756,"cogn_se_lv"
"5256","AL021368.3","Exc L5/6 IT Car3",0.00814376369327019,3.30055896236747,0.115619696243178,0.73402576847807,0.927984616396423,0.954547123675988,"cogn_se_lv"
"5257","AL021368.2","Exc L5/6 IT Car3",-0.00377750526499111,4.0819926242172,0.0349744967938323,0.851750605646709,0.971931624594265,0.983818184270067,"cogn_se_lv"
"5258","AL445250.1","Exc L5/6 IT Car3",-0.053952998405819,5.45110165298283,4.69200633250891,0.0309350232748352,0.304222598957164,0.311268562903534,"cogn_se_lv"
"5259","KHDRBS2","Exc L5/6 IT Car3",-0.010793442217076,10.4754257517247,0.681169308242457,0.409710942790693,0.76049551691232,0.813005094992643,"cogn_se_lv"
"5260","FKBP1C","Exc L5/6 IT Car3",-0.062069215755262,1.75848511053422,1.44141237914686,0.23067144253079,0.619158061895423,0.676568575447436,"cogn_se_lv"
"5261","PTP4A1","Exc L5/6 IT Car3",-0.0232766467724798,4.19947665577873,1.0112952838287,0.315243471889799,0.689643313711749,0.750893083203307,"cogn_se_lv"
"5262","PHF3","Exc L5/6 IT Car3",-0.0100663177082324,6.92985183847751,0.603940523840891,0.437570162027893,0.775649107158531,0.82805117702636,"cogn_se_lv"
"5263","EYS","Exc L5/6 IT Car3",-0.00530893837835056,3.46494547143219,0.0466344572972757,0.829144453700823,0.965536708720919,0.979021728766052,"cogn_se_lv"
"5264","AL391807.1","Exc L5/6 IT Car3",0.066173653494672,5.97070060558752,7.33284887296238,0.00708168261698368,0.178460645443228,0.163300082807349,"cogn_se_lv"
"5265","ADGRB3","Exc L5/6 IT Car3",-0.0126107483514839,12.1189324773866,1.19690773142871,0.27464532169236,0.657150419907558,0.717358553593312,"cogn_se_lv"
"5266","LMBRD1","Exc L5/6 IT Car3",0.0197721607546813,7.84398985276992,5.2018019160897,0.0231258305555604,0.281126802725177,0.276370546910733,"cogn_se_lv"
"5267","COL19A1","Exc L5/6 IT Car3",0.0161360562599951,7.45334393903437,1.10978831543059,0.292808671821709,0.672184585223166,0.731902495111488,"cogn_se_lv"
"5268","FAM135A","Exc L5/6 IT Car3",0.0171858834433806,7.33812568941738,2.32780660389539,0.127926743148425,0.497732012124019,0.547366995174048,"cogn_se_lv"
"5269","SDHAF4","Exc L5/6 IT Car3",-0.00427463804883512,3.9419371644157,0.0569729797145579,0.811476714421654,0.959045669722624,0.975978785483781,"cogn_se_lv"
"5270","SMAP1","Exc L5/6 IT Car3",-0.0398306691995798,8.09521556727491,6.98977237193898,0.00854299133830991,0.193632749184963,0.178452929605527,"cogn_se_lv"
"5271","B3GAT2","Exc L5/6 IT Car3",-0.0179242476829468,7.12436651938777,1.95985265488755,0.162358759277414,0.54612764579433,0.597594415256402,"cogn_se_lv"
"5272","OGFRL1","Exc L5/6 IT Car3",-0.0135452115188051,5.67959869322255,0.71492724637621,0.398354003706121,0.753580942262327,0.806623898742405,"cogn_se_lv"
"5273","AL136164.2","Exc L5/6 IT Car3",0.00231910698380849,1.74436338815961,0.00357858675759621,0.9523299482449,0.995965981446551,0.998048865924475,"cogn_se_lv"
"5274","RIMS1","Exc L5/6 IT Car3",0.0254320978945522,9.19908569556157,3.56553230163616,0.0597652298343667,0.380760545955464,0.408620833613765,"cogn_se_lv"
"5275","KCNQ5","Exc L5/6 IT Car3",0.00261391427851232,10.8030259445945,0.0537130641657138,0.816850674880306,0.959947755253107,0.976923943244024,"cogn_se_lv"
"5276","AL365232.1","Exc L5/6 IT Car3",0.0253007338858198,2.16983350177474,0.458486489741022,0.578708891501309,0.853819156938549,0.895443040398738,"cogn_se_lv"
"5277","KHDC1","Exc L5/6 IT Car3",0.0100515616138741,4.999286566555,0.419450745532786,0.517608939192862,0.820138121505008,0.867435942207919,"cogn_se_lv"
"5278","AC019205.1","Exc L5/6 IT Car3",0.0332134308183579,5.49493645268308,6.07061696441013,0.0141944884882028,0.231412264654069,0.223253998243024,"cogn_se_lv"
"5279","OOEP","Exc L5/6 IT Car3",-0.0431756567018043,4.82759177112154,0.910994921079333,0.340467599286659,0.710098850655635,0.767668460921,"cogn_se_lv"
"5280","CGAS","Exc L5/6 IT Car3",-0.0566619788118977,1.68673233602563,1.52883738561248,0.217063608714417,0.605784114601168,0.661751394290437,"cogn_se_lv"
"5281","MTO1","Exc L5/6 IT Car3",-0.00583364691597205,4.62847852438451,0.194222640713902,0.659679988627788,0.891584704046865,0.928592444789001,"cogn_se_lv"
"5282","EEF1A1","Exc L5/6 IT Car3",-0.0711477857778264,7.36329360494316,4.59700685274519,0.0326725297035855,0.309560151737409,0.318968701039047,"cogn_se_lv"
"5283","SLC17A5","Exc L5/6 IT Car3",0.0219200230474997,6.23842240910108,3.77418763539906,0.0527999991953958,0.364064510581156,0.388409848740866,"cogn_se_lv"
"5284","AL590428.1","Exc L5/6 IT Car3",-0.0426739239886748,1.8911536300384,1.0154931152869,0.314242527913183,0.68901356695156,0.750122879149762,"cogn_se_lv"
"5285","CD109","Exc L5/6 IT Car3",-0.049552794803878,2.39839797852087,1.95833428947346,0.162521139198797,0.546200198111679,0.597830908670774,"cogn_se_lv"
"5286","AL357507.1","Exc L5/6 IT Car3",0.0477527387921879,2.48025523082409,1.91891958390464,0.166802162946701,0.552180100612976,0.603477643663515,"cogn_se_lv"
"5287","AL356277.3","Exc L5/6 IT Car3",-0.000442444322753085,1.62976346894526,1.92330356890617e-05,0.996503190058936,0.999242764926216,0.999870711362408,"cogn_se_lv"
"5288","COL12A1","Exc L5/6 IT Car3",-0.0773357827873283,2.87910226278066,6.69703568807542,0.0100339003377914,0.207075740106731,0.192078689813163,"cogn_se_lv"
"5289","COX7A2","Exc L5/6 IT Car3",-0.063462069515711,4.95403305295781,3.59513523380247,0.0587201000396553,0.379439557925179,0.406065506045056,"cogn_se_lv"
"5290","TMEM30A","Exc L5/6 IT Car3",-0.040673074466905,6.19734446176063,5.12794848235011,0.024115881930637,0.287562526453343,0.281768502892334,"cogn_se_lv"
"5291","AL080250.1","Exc L5/6 IT Car3",0.0458143179494046,2.84382927856899,2.49630771384281,0.114959623592043,0.481816069466652,0.525204603698893,"cogn_se_lv"
"5292","FILIP1","Exc L5/6 IT Car3",0.00510281434704887,3.15572987057024,0.0365989178165223,0.84838785641464,0.971136553429121,0.983139778680412,"cogn_se_lv"
"5293","SENP6","Exc L5/6 IT Car3",-0.00191830561896752,8.04076548074617,0.0390290192218799,0.843498603126148,0.970572616914356,0.98220668983709,"cogn_se_lv"
"5294","MYO6","Exc L5/6 IT Car3",0.0208019961778682,7.34817636210239,3.77704204652117,0.0527109337729183,0.363776354603234,0.388107844549652,"cogn_se_lv"
"5295","IMPG1","Exc L5/6 IT Car3",-0.0235453912723649,2.03413214927833,0.388162304871067,0.533647008095538,0.827072251217556,0.874476903633565,"cogn_se_lv"
"5296","LINC02540","Exc L5/6 IT Car3",-0.0336139904057885,1.86614147267033,0.397145124381649,0.528952504235706,0.82568662529394,0.872597212315774,"cogn_se_lv"
"5297","MEI4","Exc L5/6 IT Car3",0.0536490712145746,2.29247610240172,1.71129489564575,0.191621566044018,0.579302759545118,0.633088682318637,"cogn_se_lv"
"5298","IRAK1BP1","Exc L5/6 IT Car3",-0.00510836059032114,7.34635851260887,0.185072987191872,0.667297357525007,0.895220332863334,0.931248264652647,"cogn_se_lv"
"5299","PHIP","Exc L5/6 IT Car3",-0.0112187328962612,7.20661606310237,1.13869864371742,0.28661640520257,0.666712157982136,0.727259760637195,"cogn_se_lv"
"5300","HMGN3","Exc L5/6 IT Car3",0.0169270649357237,6.90682679300233,1.17665256478288,0.278737861488591,0.660770795478599,0.720409179342005,"cogn_se_lv"
"5301","LCA5","Exc L5/6 IT Car3",-0.000415646329457688,5.22838564371353,0.0008150148583946,0.977239954754281,0.998302636191161,0.999577440394934,"cogn_se_lv"
"5302","SH3BGRL2","Exc L5/6 IT Car3",0.0118479327854053,7.02938002214263,1.04874043857075,0.306459846220659,0.682747109631723,0.74362204867072,"cogn_se_lv"
"5303","ELOVL4","Exc L5/6 IT Car3",-0.0263972804473708,5.37896003831465,4.76825870234853,0.0296105092485772,0.303197430030341,0.30601529830833,"cogn_se_lv"
"5304","BCKDHB","Exc L5/6 IT Car3",0.0132332674234474,6.4624052575042,0.962873969378473,0.327098723152309,0.699805977821385,0.759008989265642,"cogn_se_lv"
"5305","AL359715.1","Exc L5/6 IT Car3",-0.00817904951426764,2.37408448984813,0.0574550703100069,0.810695910910148,0.958714754943748,0.975747773481882,"cogn_se_lv"
"5306","TENT5A","Exc L5/6 IT Car3",-0.0459067433848764,1.91826611483522,0.807095219199453,0.369558945038879,0.731324696431574,0.787878740019865,"cogn_se_lv"
"5307","IBTK","Exc L5/6 IT Car3",0.00858487301126079,7.1791378238435,0.797337308505796,0.372465350006196,0.732983977920264,0.789609356345986,"cogn_se_lv"
"5308","TPBG","Exc L5/6 IT Car3",-0.0202710995343705,3.67424306610537,0.492758471882718,0.483136376272649,0.802169611459778,0.850725606196788,"cogn_se_lv"
"5309","UBE3D","Exc L5/6 IT Car3",-0.00282039353632561,6.8680324724575,0.0606020138234968,0.80568211782026,0.956354177213454,0.974274178012842,"cogn_se_lv"
"5310","DOPEY1","Exc L5/6 IT Car3",0.00853861772597649,7.8370840779912,0.660061211170735,0.417055612620655,0.765198602555065,0.817114511268123,"cogn_se_lv"
"5311","PGM3","Exc L5/6 IT Car3",0.0120342012368099,5.15939760735335,0.713423174207524,0.398850182398225,0.753721059320811,0.80676866339796,"cogn_se_lv"
"5312","RWDD2A","Exc L5/6 IT Car3",-0.00513022334921131,3.84050266993951,0.0721792310901215,0.961283926315558,0.997053628956036,0.998669553021838,"cogn_se_lv"
"5313","ME1","Exc L5/6 IT Car3",-0.0175074648157877,7.29625863402133,1.67514739647449,0.196369782254705,0.584438396615724,0.638251247006054,"cogn_se_lv"
"5314","SNAP91","Exc L5/6 IT Car3",-0.00643967375516789,8.68310781387475,0.502679030180305,0.478767438327571,0.799764009145411,0.848904413932711,"cogn_se_lv"
"5315","RIPPLY2","Exc L5/6 IT Car3",0.00860490883584029,3.23920527778851,0.115459813176859,0.734202740206935,0.927984616396423,0.954573450468786,"cogn_se_lv"
"5316","CYB5R4","Exc L5/6 IT Car3",0.0107221364758575,5.82109268655007,0.654558858026033,0.419002294732733,0.766240721534167,0.818470596420081,"cogn_se_lv"
"5317","AL034347.1","Exc L5/6 IT Car3",-0.0387716958166484,2.79604792918405,1.20107798297983,0.273812145175717,0.656074873774605,0.716293883057436,"cogn_se_lv"
"5318","MRAP2","Exc L5/6 IT Car3",0.000298377626693028,4.69728484236569,0.000272698000204425,0.98683348946982,0.998407505464475,0.999870711362408,"cogn_se_lv"
"5319","CEP162","Exc L5/6 IT Car3",-0.00973835117306561,5.65273829403496,0.55549532822006,0.456549491294188,0.78761282870806,0.838510559562828,"cogn_se_lv"
"5320","LINC01611","Exc L5/6 IT Car3",-0.0257403509575497,1.18831215534237,0.187277154574121,0.665442203465658,0.894470085424761,0.930648754286141,"cogn_se_lv"
"5321","NT5E","Exc L5/6 IT Car3",0.0136530045045994,2.61217657402886,0.174906835802352,0.676027503744134,0.899176443999365,0.934661958139202,"cogn_se_lv"
"5322","SNX14","Exc L5/6 IT Car3",5.80981501076221e-05,6.41665722060678,2.61420250460692e-05,0.995923220512323,0.999242764926216,0.999870711362408,"cogn_se_lv"
"5323","AL589666.1","Exc L5/6 IT Car3",0.00556271251225531,2.59314433589315,0.0344663341691401,0.852819103073332,0.972357830515527,0.984121798567742,"cogn_se_lv"
"5324","SYNCRIP","Exc L5/6 IT Car3",0.00298262191463706,4.02386362840275,0.032804502727338,0.987205844984078,0.998407505464475,0.999870711362408,"cogn_se_lv"
"5325","HTR1E","Exc L5/6 IT Car3",0.0163429034344703,7.73397256229897,1.08034390934127,0.299292698450766,0.676917505521024,0.737548660384877,"cogn_se_lv"
"5326","ZNF292","Exc L5/6 IT Car3",0.0131117292363816,7.77391112455629,2.88029872759622,0.0905020545722263,0.441326558893081,0.480778602273991,"cogn_se_lv"
"5327","SMIM8","Exc L5/6 IT Car3",0.00422479791665228,5.77920097511982,0.134874607366548,0.713638367471032,0.917720991268221,0.947903663062895,"cogn_se_lv"
"5328","SLC35A1","Exc L5/6 IT Car3",-0.00539325751853054,4.03886331435876,0.0837124487739009,0.772488521990595,0.944479822760543,0.965233224452304,"cogn_se_lv"
"5329","RARS2","Exc L5/6 IT Car3",0.0230374577221898,5.51651251099964,2.78979136495715,0.095703934266735,0.449460954642982,0.489989085492026,"cogn_se_lv"
"5330","ORC3","Exc L5/6 IT Car3",0.0317161058178512,6.15406512251939,6.48111998692864,0.0113034438937432,0.214164403886737,0.202191984263909,"cogn_se_lv"
"5331","AKIRIN2","Exc L5/6 IT Car3",-0.0218699649116585,4.10289655814718,1.25494296907369,0.486266877421879,0.803569982124204,0.852467331862256,"cogn_se_lv"
"5332","CNR1","Exc L5/6 IT Car3",-0.0649046007631817,2.5762615422099,2.34000414028109,0.126935284500035,0.497058895267095,0.545826170493515,"cogn_se_lv"
"5333","RNGTT","Exc L5/6 IT Car3",0.00389319022503094,6.62270943108604,0.111194087924461,0.738975788290417,0.930782115216792,0.956120588384918,"cogn_se_lv"
"5334","PNRC1","Exc L5/6 IT Car3",-0.0704449317251531,4.3020758025306,8.3683809576286,0.00404165142794813,0.141379082140812,0.125212808189927,"cogn_se_lv"
"5335","SRSF12","Exc L5/6 IT Car3",0.0090412810252181,4.96750228008942,0.516678011185893,0.7819887857454,0.949157991908097,0.968073335065673,"cogn_se_lv"
"5336","PM20D2","Exc L5/6 IT Car3",0.0237753386176094,4.81152570117887,2.83785476333556,0.0929020290644899,0.444439610600715,0.485557577741733,"cogn_se_lv"
"5337","GABRR1","Exc L5/6 IT Car3",0.0241770264779912,2.49713557601356,0.408605308208162,0.52306989164243,0.82185254031414,0.869988657644037,"cogn_se_lv"
"5338","UBE2J1","Exc L5/6 IT Car3",0.0163310922154092,5.06541116689097,1.529562272294,0.216954869353985,0.605762980448831,0.661636528501267,"cogn_se_lv"
"5339","RRAGD","Exc L5/6 IT Car3",0.0191214602793245,4.82892837569032,1.62994893385812,0.202502929147125,0.589852164542185,0.644930709526891,"cogn_se_lv"
"5340","ANKRD6","Exc L5/6 IT Car3",-0.0124208190922971,4.77244918873019,0.38540437222998,0.535103473062504,0.827599804634931,0.875332053809648,"cogn_se_lv"
"5341","LYRM2","Exc L5/6 IT Car3",0.00380485220889231,5.44198688927518,0.104412288143926,0.746778365177155,0.93381370218954,0.958249633368732,"cogn_se_lv"
"5342","MDN1","Exc L5/6 IT Car3",0.0110388563361729,6.73755450837247,1.31617889238564,0.252012980407983,0.635147462215056,0.696711309659359,"cogn_se_lv"
"5343","CASP8AP2","Exc L5/6 IT Car3",-0.00920547637666429,5.64821700382495,0.644688662489248,0.422528442780444,0.76923863843178,0.820233699154956,"cogn_se_lv"
"5344","BACH2","Exc L5/6 IT Car3",-0.0135735922385689,6.99980778983103,0.429767447488477,0.512506479739795,0.818419687003898,0.865266551092388,"cogn_se_lv"
"5345","MAP3K7","Exc L5/6 IT Car3",-0.00695268579186068,6.54362681518456,0.520003308270035,0.471291182103333,0.794633044963293,0.845597927773998,"cogn_se_lv"
"5346","EPHA7","Exc L5/6 IT Car3",-0.0431278181503625,7.19756476209198,7.06272967967374,0.00820821949853422,0.190847787828328,0.175168941724312,"cogn_se_lv"
"5347","MANEA-DT","Exc L5/6 IT Car3",-0.00511904468902319,1.9387039270351,0.0182406010002202,0.89263891853865,0.9857013440361,0.990881451573425,"cogn_se_lv"
"5348","MANEA","Exc L5/6 IT Car3",-0.00139789670149219,3.01285788019702,0.00286431474089058,0.957346759279885,0.997053628956036,0.998555548513014,"cogn_se_lv"
"5349","FUT9","Exc L5/6 IT Car3",0.0258622814606485,8.76502226948747,2.52393781232968,0.11297597459194,0.478895095969504,0.52199047348632,"cogn_se_lv"
"5350","UFL1-AS1","Exc L5/6 IT Car3",0.048997284121449,3.4032959501335,2.92983070982356,0.0877863597617156,0.436438510419163,0.47488673956624,"cogn_se_lv"
"5351","UFL1","Exc L5/6 IT Car3",0.0243345578020102,4.93061213315111,2.39788437313995,0.122345946317346,0.49197586118719,0.538872774677663,"cogn_se_lv"
"5352","AL033379.1","Exc L5/6 IT Car3",0.0162109817889491,3.83320086792164,0.128059233009486,0.720654888623815,0.921484082820603,0.950039208901029,"cogn_se_lv"
"5353","GPR63","Exc L5/6 IT Car3",0.00132602769288054,7.42200487743683,0.00762799044698197,0.930449340708505,0.991816455834028,0.995925713518617,"cogn_se_lv"
"5354","NDUFAF4","Exc L5/6 IT Car3",-0.0392327689129587,5.02614090536594,3.79871210628458,0.052039954458879,0.361251645973003,0.385456823562927,"cogn_se_lv"
"5355","KLHL32","Exc L5/6 IT Car3",0.0058086878855521,4.31527134525975,0.060569120359846,0.805733801616453,0.956354177213454,0.974281008989325,"cogn_se_lv"
"5356","MMS22L","Exc L5/6 IT Car3",-0.0130919196478605,4.37468454166111,0.325043074893643,0.568935206835653,0.847866063058071,0.890538320695342,"cogn_se_lv"
"5357","AL589740.1","Exc L5/6 IT Car3",0.0182231833947407,6.60940889415004,0.561482067139836,0.454135159836032,0.785539138032057,0.836955554937834,"cogn_se_lv"
"5358","POU3F2","Exc L5/6 IT Car3",-0.0203283344137344,3.68369133832766,0.570414469904566,0.450570035381293,0.783309836908232,0.83487854109552,"cogn_se_lv"
"5359","FBXL4","Exc L5/6 IT Car3",0.02965124863946,5.36193508250964,2.41041520474543,0.12137689798916,0.491029257219508,0.537086718661071,"cogn_se_lv"
"5360","FAXC","Exc L5/6 IT Car3",0.00622328655387971,6.13846989388955,0.398768996855469,0.528111780728825,0.825057385586907,0.872235032063243,"cogn_se_lv"
"5361","COQ3","Exc L5/6 IT Car3",0.000247956426483014,3.6417821741947,0.000204157259857458,0.988607550751077,0.998668752941889,0.999870711362408,"cogn_se_lv"
"5362","PNISR","Exc L5/6 IT Car3",-0.0149812547194562,8.76688868257769,2.58467495859022,0.108747127467729,0.471062624611416,0.514182693072956,"cogn_se_lv"
"5363","AL513550.1","Exc L5/6 IT Car3",-0.00650641396419453,3.03876733540465,0.0684906622192081,0.843802502163963,0.970630210741325,0.982282059351817,"cogn_se_lv"
"5364","USP45","Exc L5/6 IT Car3",0.00645963835942901,5.99546343056498,0.259115119199249,0.611029167360444,0.87031513980695,0.90959350504809,"cogn_se_lv"
"5365","TSTD3","Exc L5/6 IT Car3",0.00703475911956881,3.14288823201651,0.0920928769911574,0.906370177358761,0.987921701769422,0.99299714570084,"cogn_se_lv"
"5366","CCNC","Exc L5/6 IT Car3",0.00454434552825798,5.98313301266985,0.120612740572882,0.72856638925616,0.924999994394571,0.952949526385264,"cogn_se_lv"
"5367","MCHR2","Exc L5/6 IT Car3",0.0493832365395827,7.1404427133992,6.47325339183795,0.0113527078704651,0.214164403886737,0.202512149869277,"cogn_se_lv"
"5368","ASCC3","Exc L5/6 IT Car3",-0.0139433540291971,7.56170160175548,1.70646459865237,0.192248200894645,0.580023487898174,0.633860923113872,"cogn_se_lv"
"5369","AL133338.1","Exc L5/6 IT Car3",0.077887506958972,1.70787291273908,2.65611911673981,0.103994763014847,0.463490736855751,0.505380921890096,"cogn_se_lv"
"5370","GRIK2","Exc L5/6 IT Car3",-0.0117683060352099,9.58791496744908,0.7085358188164,0.400468682127423,0.754278915425412,0.807777447864885,"cogn_se_lv"
"5371","HACE1","Exc L5/6 IT Car3",0.0025249547431224,6.83495863213957,0.0504476746290801,0.822408874934179,0.963159012650256,0.977738452761845,"cogn_se_lv"
"5372","LIN28B-AS1","Exc L5/6 IT Car3",0.0351591607146068,3.39968038581376,1.55637404511592,0.212978177872716,0.600783399440157,0.656966533034205,"cogn_se_lv"
"5373","LIN28B","Exc L5/6 IT Car3",0.00140943864826222,4.8139877878692,0.00498740737268471,0.94373671541668,0.994804925328349,0.997626386519645,"cogn_se_lv"
"5374","BVES","Exc L5/6 IT Car3",0.00378358925491349,1.92379325257325,0.00685265844722244,0.934070172500775,0.993267436527988,0.996557882271897,"cogn_se_lv"
"5375","BVES-AS1","Exc L5/6 IT Car3",0.0396142105991412,2.18152027334511,0.815973339232059,0.366942042680003,0.728957169574788,0.78588810500152,"cogn_se_lv"
"5376","POPDC3","Exc L5/6 IT Car3",-0.073292348351671,3.58372291458537,9.79858226368239,0.00188384222160538,0.104206342515711,0.086531008190564,"cogn_se_lv"
"5377","PREP","Exc L5/6 IT Car3",-0.00547714488232669,6.26206458247828,0.182139736303725,0.669786571859097,0.896717017849796,0.932007314644674,"cogn_se_lv"
"5378","AL591518.1","Exc L5/6 IT Car3",0.14412368123716,2.26083330257445,8.49808179918032,0.00376943199444122,0.138452406669333,0.121176360394724,"cogn_se_lv"
"5379","ATG5","Exc L5/6 IT Car3",0.00308214506188362,6.93014935145861,0.0663186977832209,0.796915914572874,0.953844760093058,0.972182066543441,"cogn_se_lv"
"5380","CRYBG1","Exc L5/6 IT Car3",0.0188153838142332,2.55064645490198,0.251904441830079,0.616032875711626,0.873154022128347,0.911749747734488,"cogn_se_lv"
"5381","RTN4IP1","Exc L5/6 IT Car3",0.0412280425807972,4.699506971928,5.320013742403,0.0216282767269679,0.275773967546011,0.269523976832157,"cogn_se_lv"
"5382","QRSL1","Exc L5/6 IT Car3",0.0144169107933307,4.55482462130033,0.875124608362914,0.362229893324722,0.726067555413343,0.782574295482593,"cogn_se_lv"
"5383","C6orf203","Exc L5/6 IT Car3",-0.0245581473935398,4.17374563439958,2.40627684610839,0.121695982488481,0.491537829100138,0.537707689008246,"cogn_se_lv"
"5384","BEND3","Exc L5/6 IT Car3",0.075527079269423,2.37334612068424,4.02462689273638,0.0455607815609283,0.346321641588235,0.36418342609878,"cogn_se_lv"
"5385","PDSS2","Exc L5/6 IT Car3",0.00597129390109257,6.46864546357826,0.212809037512402,0.64484296593595,0.885608892178678,0.922936468168805,"cogn_se_lv"
"5386","SOBP","Exc L5/6 IT Car3",0.016117007074098,8.59142261695682,2.25470667566648,0.134053212635957,0.504976930664488,0.556860030760418,"cogn_se_lv"
"5387","SCML4","Exc L5/6 IT Car3",-0.0409064307198355,1.87152072484882,0.688905954824629,0.407066694200078,0.758873719574708,0.81155804636839,"cogn_se_lv"
"5388","SEC63","Exc L5/6 IT Car3",0.00687313967356715,6.18202198126144,0.577751486181344,0.992740989745641,0.999242764926216,0.999870711362408,"cogn_se_lv"
"5389","OSTM1","Exc L5/6 IT Car3",0.00655536042144835,5.27534068847727,0.370149332608257,0.543292508950639,0.832381454728754,0.879241389843247,"cogn_se_lv"
"5390","SNX3","Exc L5/6 IT Car3",-0.0345639711406028,6.45224370240084,3.04045548107727,0.0820355103709213,0.426241223703065,0.463858168660737,"cogn_se_lv"
"5391","AFG1L","Exc L5/6 IT Car3",0.0218936277439128,5.61114658810065,2.12362405580741,0.145882807459698,0.522732574343364,0.575306254822456,"cogn_se_lv"
"5392","FOXO3","Exc L5/6 IT Car3",0.0070478533127222,6.78817899984729,0.437574567240233,0.508703111455221,0.816961913286198,0.863470290072539,"cogn_se_lv"
"5393","LINC00222","Exc L5/6 IT Car3",0.0252801490633418,2.34132563648562,0.553684141341966,0.457283898077351,0.788028655907772,0.83874021209378,"cogn_se_lv"
"5394","ARMC2","Exc L5/6 IT Car3",0.0152864104762587,7.44191821554235,1.88135061150777,0.171003717539292,0.557772399333489,0.609144470635248,"cogn_se_lv"
"5395","SESN1","Exc L5/6 IT Car3",-0.0483096563279417,7.40877510636036,14.8496632916666,0.000137012238610535,0.0340451001343853,0.021937016296886,"cogn_se_lv"
"5396","AL390208.1","Exc L5/6 IT Car3",0.0146447675936922,2.05584140094133,0.156714160701896,0.692425833450399,0.905339694814214,0.940255126914528,"cogn_se_lv"
"5397","CEP57L1","Exc L5/6 IT Car3",0.0216107114654156,5.05950834540738,2.7349142457965,0.0990165389466535,0.454884935638507,0.495881916514736,"cogn_se_lv"
"5398","CD164","Exc L5/6 IT Car3",-0.0103133600999352,4.23390674687432,0.358016091787625,0.549972612161346,0.837051948259007,0.882085387584401,"cogn_se_lv"
"5399","PPIL6","Exc L5/6 IT Car3",-0.0224231679319425,5.10113976319326,1.82068630636793,0.178048575709666,0.56468303167281,0.618178047088463,"cogn_se_lv"
"5400","SMPD2","Exc L5/6 IT Car3",-0.0891099939669113,1.90738757755863,5.28327608920983,0.0220825614441297,0.276526135577833,0.271532317776718,"cogn_se_lv"
"5401","MICAL1","Exc L5/6 IT Car3",-0.0149560798787286,4.20794958481823,0.709554137828792,0.430171646277839,0.77259209198459,0.824434107641914,"cogn_se_lv"
"5402","ZBTB24","Exc L5/6 IT Car3",-0.000161172877927586,2.99347091604151,1.86073911135597e-05,0.996560534972198,0.999242764926216,0.999870711362408,"cogn_se_lv"
"5403","AK9","Exc L5/6 IT Car3",-0.00785459024217284,5.69979679911191,0.326913698299368,0.567825857741683,0.846950954704836,0.889767655288506,"cogn_se_lv"
"5404","FIG4","Exc L5/6 IT Car3",-0.0285634747628742,6.20696928272001,5.15936571831994,0.0236894242142765,0.285497446090615,0.279787076714783,"cogn_se_lv"
"5405","GPR6","Exc L5/6 IT Car3",-0.247074898290547,2.48580843891404,36.7026485440357,3.35912780524186e-09,1.29242442306681e-05,2.1170991390637e-05,"cogn_se_lv"
"5406","WASF1","Exc L5/6 IT Car3",-0.030557873913742,8.4994115139786,8.31918065155771,0.00415010083678753,0.142886022098792,0.126454522901688,"cogn_se_lv"
"5407","CDC40","Exc L5/6 IT Car3",-0.0229132157088393,7.07358913436097,4.5283052197829,0.0339926318904625,0.312717124772328,0.324406316051281,"cogn_se_lv"
"5408","METTL24","Exc L5/6 IT Car3",0.0355478966216667,2.99962068274784,1.31907998069385,0.251491901732704,0.634813903176367,0.696202978678313,"cogn_se_lv"
"5409","CDK19","Exc L5/6 IT Car3",0.0217159447174596,6.13244477879646,2.69232071127425,0.101674263222753,0.460599159063424,0.501216839089078,"cogn_se_lv"
"5410","AMD1","Exc L5/6 IT Car3",-0.0412441045800723,5.55777242030432,4.9351382924708,0.026914545961851,0.295420457007832,0.293824692300095,"cogn_se_lv"
"5411","GTF3C6","Exc L5/6 IT Car3",-0.0349981231930488,3.38554566599146,1.20459286212554,0.273112373606464,0.655418591892014,0.715685067173488,"cogn_se_lv"
"5412","RPF2","Exc L5/6 IT Car3",0.0203400794771183,4.02668295931299,1.65601988458139,0.198938173794337,0.586514030126452,0.641146744416092,"cogn_se_lv"
"5413","SLC16A10","Exc L5/6 IT Car3",0.0225915025591358,4.75507672144295,1.1528639919727,0.283643280845931,0.663053492637873,0.724232294242978,"cogn_se_lv"
"5414","MFSD4B","Exc L5/6 IT Car3",0.0247270892956192,3.79468895484052,1.80289732324275,0.180177673478729,0.566621738397059,0.620193625678544,"cogn_se_lv"
"5415","AL080317.1","Exc L5/6 IT Car3",-0.00870148190093725,2.24567847712327,0.0648655591127405,0.799104823326514,0.954829784589432,0.972742547311877,"cogn_se_lv"
"5416","REV3L","Exc L5/6 IT Car3",-0.010224499971432,7.41716589776214,1.09101215231274,0.296922282836357,0.675282094406906,0.735240824402996,"cogn_se_lv"
"5417","AL080317.3","Exc L5/6 IT Car3",0.0227499885613492,2.04110881343047,0.421706443242992,0.51648573954619,0.819995665260249,0.867082535791458,"cogn_se_lv"
"5418","TRAF3IP2-AS1","Exc L5/6 IT Car3",0.00517897500688473,7.40501280432777,0.128600819626363,0.720089707996613,0.92121202045452,0.949868452992499,"cogn_se_lv"
"5419","TRAF3IP2","Exc L5/6 IT Car3",0.0466973181626966,3.01316777907844,1.8936924379958,0.169610167724896,0.556681238646118,0.607531925788265,"cogn_se_lv"
"5420","Z97989.1","Exc L5/6 IT Car3",-0.0394564286894332,1.96508142109692,0.849180186360588,0.35737892077098,0.72226678800596,0.77957996024304,"cogn_se_lv"
"5421","FYN","Exc L5/6 IT Car3",0.000955003270105746,7.17737771043157,0.00849859678947918,0.926598205580571,0.991538479686899,0.995639170360381,"cogn_se_lv"
"5422","TUBE1","Exc L5/6 IT Car3",-0.00570039162284187,5.73511520563105,0.193269940816313,0.660463032645008,0.892016329302912,0.92893940694672,"cogn_se_lv"
"5423","FAM229B","Exc L5/6 IT Car3",-0.0154064786727222,4.50887522340952,0.797989553480888,0.37227008177907,0.732849002408768,0.789526266083702,"cogn_se_lv"
"5424","LAMA4","Exc L5/6 IT Car3",0.000541364210373747,7.38487973834099,0.000531333156272265,0.981622162658822,0.998390354534415,0.999870711362408,"cogn_se_lv"
"5425","MARCKS","Exc L5/6 IT Car3",-0.0231418749532157,6.14965499233005,1.10534001577543,0.293776588824845,0.672512011030238,0.732902452272397,"cogn_se_lv"
"5426","HDAC2","Exc L5/6 IT Car3",-0.0143864461360058,5.28913435227384,1.5319338138138,0.216599571963774,0.605314583715722,0.661170566915487,"cogn_se_lv"
"5427","HDAC2-AS2","Exc L5/6 IT Car3",0.0335311513110887,5.14881344091155,3.18658732320525,0.075055873907832,0.414910165029287,0.44773292760362,"cogn_se_lv"
"5428","HS3ST5","Exc L5/6 IT Car3",0.0542385145945165,5.4939086106397,4.19600046931949,0.0412176864717315,0.334290761130915,0.351367441392793,"cogn_se_lv"
"5429","FRK","Exc L5/6 IT Car3",0.0755213210017759,2.20242744741219,3.30697033386227,0.069786974299591,0.404071307174833,0.434370320621,"cogn_se_lv"
"5430","NT5DC1","Exc L5/6 IT Car3",0.0414418228346432,5.98779378912835,7.79135844910296,0.00551917916716339,0.160148758969521,0.145941281510157,"cogn_se_lv"
"5431","TSPYL4","Exc L5/6 IT Car3",-0.0103012248004203,5.50783949001251,0.173816229109509,0.676981635460704,0.899330804466141,0.934880144880278,"cogn_se_lv"
"5432","DSE","Exc L5/6 IT Car3",-0.0155578873146884,6.41614546044668,1.10422450043433,0.294019960036901,0.672512011030238,0.733102184465358,"cogn_se_lv"
"5433","TSPYL1","Exc L5/6 IT Car3",-0.0187706554967317,7.48964984600332,0.712476857649268,0.399162822662788,0.754034103446706,0.807002881664258,"cogn_se_lv"
"5434","RWDD1","Exc L5/6 IT Car3",-0.0419171000744924,4.82258679755634,4.41641982824947,0.0362637249687408,0.3181862755239,0.332992242581567,"cogn_se_lv"
"5435","ZUP1","Exc L5/6 IT Car3",0.0134248935175083,4.64808396425373,0.992597537319689,0.319753048908482,0.693489208385223,0.75387071061166,"cogn_se_lv"
"5436","KPNA5","Exc L5/6 IT Car3",-0.0149775530605774,5.80689304941014,2.54940167459329,0.111181324877188,0.475961221101508,0.518956330901731,"cogn_se_lv"
"5437","DCBLD1","Exc L5/6 IT Car3",-0.0081103317187128,2.77079799351055,0.0812259253589092,0.813305239781462,0.959277644322236,0.976395887372261,"cogn_se_lv"
"5438","GOPC","Exc L5/6 IT Car3",0.0290362300919091,5.05394210178338,3.61343003782363,0.0580839690871316,0.377862825091434,0.404392470416823,"cogn_se_lv"
"5439","NUS1","Exc L5/6 IT Car3",0.0085264578844614,5.38102477788386,0.549638350873944,0.458931165126641,0.788028655907772,0.839618221684467,"cogn_se_lv"
"5440","SLC35F1","Exc L5/6 IT Car3",0.00348962161519105,8.18528907677609,0.0757531724805977,0.783289402948852,0.949524736639513,0.968323843139622,"cogn_se_lv"
"5441","CEP85L","Exc L5/6 IT Car3",-0.00863300115535335,6.41488689967923,0.492933937606255,0.483058533158017,0.802169611459778,0.850716119015916,"cogn_se_lv"
"5442","MCM9","Exc L5/6 IT Car3",0.0225614538486182,4.4269509230199,1.29448428707779,0.25595217590154,0.639465032191168,0.700293855184445,"cogn_se_lv"
"5443","ASF1A","Exc L5/6 IT Car3",-0.0689120723885581,2.9420465611268,6.68297832313982,0.0101118999716206,0.207693884653366,0.192628029811517,"cogn_se_lv"
"5444","AL365275.1","Exc L5/6 IT Car3",-0.00613154476674142,2.57257854865092,0.0264826600635296,0.870815104059196,0.97844255522002,0.987507506811145,"cogn_se_lv"
"5445","FAM184A","Exc L5/6 IT Car3",0.00273658885114646,6.724891807446,0.0298634168165932,0.862894064476967,0.974960696887198,0.986345731251533,"cogn_se_lv"
"5446","MAN1A1","Exc L5/6 IT Car3",0.0325317945599432,4.1931473747828,0.829127493011716,0.363111929563152,0.726811316394553,0.783514619816353,"cogn_se_lv"
"5447","TBC1D32","Exc L5/6 IT Car3",0.00484272670554464,7.27093701609522,0.155074690306781,0.693956828924024,0.906205000805944,0.940850265840622,"cogn_se_lv"
"5448","GJA1","Exc L5/6 IT Car3",0.0540616901705863,1.46505911013318,0.791190589037043,0.374312625376539,0.734135603387086,0.791008827829523,"cogn_se_lv"
"5449","HSF2","Exc L5/6 IT Car3",-0.00904094005992217,5.12390573801043,0.5424005474002,0.461901658512653,0.790027397700571,0.840996385707127,"cogn_se_lv"
"5450","SERINC1","Exc L5/6 IT Car3",-0.032141239922686,7.46442594221488,3.32732592313513,0.0689360833773895,0.402079989558762,0.431867165871554,"cogn_se_lv"
"5451","PKIB","Exc L5/6 IT Car3",0.00558700410602836,2.53632276842906,0.0240646035865752,0.876804402956199,0.979957862127517,0.988456398102355,"cogn_se_lv"
"5452","SMPDL3A","Exc L5/6 IT Car3",-0.0711995352831141,3.39861983797212,10.0298764638904,0.00166683595943919,0.0971689599082161,0.0812704692471187,"cogn_se_lv"
"5453","CLVS2","Exc L5/6 IT Car3",-0.0401976542956292,6.7814377675796,9.77380919056233,0.00190873003050805,0.104206342515711,0.0869885975006907,"cogn_se_lv"
"5454","TRDN-AS1","Exc L5/6 IT Car3",0.0154953785198107,1.54441109068198,0.0941116762972045,0.759184550498552,0.939291762374203,0.961829072434661,"cogn_se_lv"
"5455","NKAIN2","Exc L5/6 IT Car3",-0.00402903164993258,9.20084271797461,0.0385947512740486,0.844360482825843,0.970740407319802,0.982418180114934,"cogn_se_lv"
"5456","RNF217-AS1","Exc L5/6 IT Car3",-0.0261249812045256,2.47077153258491,0.494357379532985,0.482427805266612,0.80187948192872,0.850631286011993,"cogn_se_lv"
"5457","RNF217","Exc L5/6 IT Car3",-0.00962167027815153,5.60945435184729,0.448460854181883,0.50348035806982,0.814567104377341,0.860935750108688,"cogn_se_lv"
"5458","TPD52L1","Exc L5/6 IT Car3",0.0268976295520631,2.12286057449263,0.258855239342818,0.611207974890079,0.87031513980695,0.909757897069485,"cogn_se_lv"
"5459","HDDC2","Exc L5/6 IT Car3",-0.00518844959321627,4.58892745210176,0.0522380663039615,0.819338675820177,0.961758997854665,0.977237147560409,"cogn_se_lv"
"5460","NCOA7","Exc L5/6 IT Car3",-0.031566018981188,7.96198445955121,16.6403195561992,5.52534216910777e-05,0.0218038502519407,0.0131802524714406,"cogn_se_lv"
"5461","NCOA7-AS1","Exc L5/6 IT Car3",-0.00331705471568703,2.16086281103081,0.00464454792220903,0.945701947634414,0.994804925328349,0.997626386519645,"cogn_se_lv"
"5462","HINT3","Exc L5/6 IT Car3",-0.0299391505130657,5.11806653678877,5.05038012014155,0.0252034179732254,0.289624594467898,0.286506445363375,"cogn_se_lv"
"5463","TRMT11","Exc L5/6 IT Car3",0.000457282516400782,5.84965044897831,0.00175713427177822,0.966586307684885,0.997621680933237,0.99892010896344,"cogn_se_lv"
"5464","AC020559.1","Exc L5/6 IT Car3",-0.0207686916557783,4.13035318918871,0.763676226229765,0.382741763634656,0.740930282055013,0.797291931439275,"cogn_se_lv"
"5465","RNF146","Exc L5/6 IT Car3",0.0107254735664917,5.4598362180167,0.818082913166773,0.366324026393311,0.728149959336533,0.785494016521603,"cogn_se_lv"
"5466","ECHDC1","Exc L5/6 IT Car3",0.0110540150025197,5.42931714461982,0.693317043120552,0.405570263847616,0.758124163131074,0.810612520742148,"cogn_se_lv"
"5467","AL096711.2","Exc L5/6 IT Car3",0.00105107028077144,4.7836775675406,0.00483138122505015,0.944622336170515,0.994804925328349,0.997626386519645,"cogn_se_lv"
"5468","C6orf58","Exc L5/6 IT Car3",0.0432398348774011,2.54455575847945,0.873154535454173,0.350686905813757,0.717823937428057,0.774365693880722,"cogn_se_lv"
"5469","THEMIS","Exc L5/6 IT Car3",0.00945505853516545,7.9180133710277,0.561232144558784,0.454235545975708,0.785539138032057,0.836982728427272,"cogn_se_lv"
"5470","PTPRK","Exc L5/6 IT Car3",-0.00440189256371238,9.54157131925023,0.091351593762339,0.762634022487906,0.941167215918009,0.962850724261694,"cogn_se_lv"
"5471","AL590006.1","Exc L5/6 IT Car3",-0.0413158025399637,2.34156381201634,0.898335525952195,0.343840940608902,0.713072641958093,0.769947443941447,"cogn_se_lv"
"5472","LAMA2","Exc L5/6 IT Car3",-0.0683392517749029,3.21938631081861,3.59099076117631,0.0588652383391505,0.379576832358774,0.406472992097602,"cogn_se_lv"
"5473","AL356124.1","Exc L5/6 IT Car3",0.0237516130162705,4.3683058323324,1.12268527311456,0.290025382139634,0.669691017423701,0.729610722052463,"cogn_se_lv"
"5474","ARHGAP18","Exc L5/6 IT Car3",-0.0063370765752866,5.97654634582681,0.164176380423312,0.685572042396344,0.901903004192279,0.938024233693754,"cogn_se_lv"
"5475","TMEM244","Exc L5/6 IT Car3",-0.0224561051878261,5.33554782364828,1.59387444492875,0.207560767872459,0.595395083591232,0.651221058653675,"cogn_se_lv"
"5476","L3MBTL3","Exc L5/6 IT Car3",0.0430385218947193,4.87701471197428,5.81870295738208,0.0163377523734794,0.244400771097935,0.237965114406096,"cogn_se_lv"
"5477","SAMD3","Exc L5/6 IT Car3",0.00802186233921745,6.74322800412966,0.099471707225919,0.752640590241621,0.93593557561559,0.96006652818882,"cogn_se_lv"
"5478","TMEM200A","Exc L5/6 IT Car3",0.0128392548956806,4.47903613765963,0.263832220763266,0.607803082978562,0.868854676485238,0.908040908457261,"cogn_se_lv"
"5479","EPB41L2","Exc L5/6 IT Car3",0.00524535519452707,7.88931044854497,0.145320321723737,0.703264800967228,0.911738293899894,0.944489084108732,"cogn_se_lv"
"5480","AKAP7","Exc L5/6 IT Car3",0.0170563155773114,4.93384501356481,0.943477285137587,0.332013483263792,0.701764472541802,0.762039384615692,"cogn_se_lv"
"5481","MED23","Exc L5/6 IT Car3",0.005831890645129,5.8447175493651,0.251849324088777,0.833000074647926,0.966443358374036,0.979920247520824,"cogn_se_lv"
"5482","ENPP1","Exc L5/6 IT Car3",0.0318418244287031,3.02835119746095,1.10794559507039,0.293209137259317,0.672320126604493,0.732310152831014,"cogn_se_lv"
"5483","AL133346.1","Exc L5/6 IT Car3",0.0648308257536343,3.6528409819836,2.0024933624655,0.157873501142725,0.540291084826352,0.591581160758436,"cogn_se_lv"
"5484","MOXD1","Exc L5/6 IT Car3",-0.0387907060614242,7.45888529888396,7.00473653661198,0.00847320066884122,0.193475605776656,0.177790228437427,"cogn_se_lv"
"5485","STX7","Exc L5/6 IT Car3",0.000481151310437192,6.58741961425416,0.00284436307795583,0.957495429860032,0.997053628956036,0.998555548513014,"cogn_se_lv"
"5486","SLC18B1","Exc L5/6 IT Car3",0.00506755800867162,4.8272591803211,0.0748719097733178,0.784522215885844,0.949650382982342,0.968456702321332,"cogn_se_lv"
"5487","RPS12","Exc L5/6 IT Car3",-0.0347017180330908,5.07987337999677,0.765409177009811,0.382202982451985,0.740608385951346,0.797019412487119,"cogn_se_lv"
"5488","EYA4","Exc L5/6 IT Car3",-0.0557940543130434,1.73940404949381,1.39649782095274,0.238062324398435,0.624685280902288,0.682967905607971,"cogn_se_lv"
"5489","TARID","Exc L5/6 IT Car3",0.0685950454247608,1.94510263285025,2.17021387448368,0.141548491091391,0.516583181858314,0.568606129191946,"cogn_se_lv"
"5490","TBPL1","Exc L5/6 IT Car3",-0.0168458574579438,5.58359100628241,1.83201070704939,0.176708388723604,0.563465498502014,0.616402268270487,"cogn_se_lv"
"5491","SLC2A12","Exc L5/6 IT Car3",-0.0234440348699291,4.5232274396933,1.19718556335532,0.274589714406581,0.657136728214683,0.717358553593312,"cogn_se_lv"
"5492","SGK1","Exc L5/6 IT Car3",-0.0330592252198022,5.50809525258774,3.04863140044323,0.0816270047337622,0.425408435055331,0.462859672452815,"cogn_se_lv"
"5493","ALDH8A1","Exc L5/6 IT Car3",0.0185009380961869,4.37405178655479,0.577530390513495,0.447761150043086,0.781545115498226,0.83367283716897,"cogn_se_lv"
"5494","HBS1L","Exc L5/6 IT Car3",0.00170735836247272,6.05157109692613,0.0262760142506888,0.871315681992399,0.978584860677445,0.987587443573237,"cogn_se_lv"
"5495","AHI1","Exc L5/6 IT Car3",-0.0159980646792792,8.80464346721321,2.31995364030924,0.128569636811445,0.498912433315213,0.548503932056606,"cogn_se_lv"
"5496","LINC00271","Exc L5/6 IT Car3",0.0835232082225151,3.54801590108334,6.16200324565657,0.0134907765407421,0.227407503791918,0.218368952311542,"cogn_se_lv"
"5497","PDE7B","Exc L5/6 IT Car3",0.047812282543275,3.35169875537741,0.898488475753709,0.34379991494083,0.713072641958093,0.769947443941447,"cogn_se_lv"
"5498","AL138828.1","Exc L5/6 IT Car3",0.0325717264414892,1.8529184214346,0.457442890267118,0.499239879700162,0.811678136349571,0.858691732585499,"cogn_se_lv"
"5499","BCLAF1","Exc L5/6 IT Car3",-0.0238452278552783,6.55499917219467,5.06228642621798,0.025033219985166,0.289218833855176,0.285792547124002,"cogn_se_lv"
"5500","AL023284.4","Exc L5/6 IT Car3",-0.0282624455974949,3.30463125119781,1.32672040303665,0.2525427149853,0.635486001246527,0.69717788307305,"cogn_se_lv"
"5501","MAP7","Exc L5/6 IT Car3",-0.0202399937743011,8.31561659169722,3.26836077095342,0.0714320876391671,0.408372893301182,0.438461110169218,"cogn_se_lv"
"5502","AL024508.2","Exc L5/6 IT Car3",-0.0473706738117602,2.65012078968144,1.31948418163643,0.25141940661407,0.63477305834746,0.696082750005125,"cogn_se_lv"
"5503","MAP3K5","Exc L5/6 IT Car3",0.0115557085591511,8.00154603601059,0.815716486187262,0.367017388902965,0.728957169574788,0.785932392411484,"cogn_se_lv"
"5504","AL024508.1","Exc L5/6 IT Car3",0.0240712365193132,2.28253640336456,0.302448236158904,0.582680206662203,0.855479158612928,0.89716291005408,"cogn_se_lv"
"5505","PEX7","Exc L5/6 IT Car3",-0.00157544407845893,4.17778579852168,0.00545346040791811,0.941171206388037,0.994584933353108,0.997565571496098,"cogn_se_lv"
"5506","IFNGR1","Exc L5/6 IT Car3",0.00416061544248788,4.37949049679228,0.0718852316513821,0.788759347069059,0.950573100159521,0.969848042056339,"cogn_se_lv"
"5507","PERP","Exc L5/6 IT Car3",-0.108997913107634,1.48687176675633,4.6887357241281,0.0309932032943334,0.304222598957164,0.31159215079253,"cogn_se_lv"
"5508","ARFGEF3","Exc L5/6 IT Car3",-0.0252386113089955,8.1443962238729,6.16743041819683,0.0134501364557968,0.227194137589023,0.218201459932441,"cogn_se_lv"
"5509","HEBP2","Exc L5/6 IT Car3",-0.072661724157321,2.74578041705279,4.9015915680617,0.0274351238010126,0.296436903469433,0.295946419685043,"cogn_se_lv"
"5510","NHSL1","Exc L5/6 IT Car3",0.015940387758194,2.77023010336394,0.251322384864114,0.616440681376194,0.873193350247372,0.911789161346316,"cogn_se_lv"
"5511","GVQW2","Exc L5/6 IT Car3",0.0459016129114175,2.52804121378509,1.87803301620777,0.171380563137312,0.558092862184348,0.609519838436937,"cogn_se_lv"
"5512","CCDC28A","Exc L5/6 IT Car3",0.0167120122119913,5.12896218990727,1.96196765937006,0.162132881973941,0.546016342755849,0.597450231087716,"cogn_se_lv"
"5513","ECT2L","Exc L5/6 IT Car3",0.0268831445702201,2.71585579499643,0.646972948406463,0.421708437673905,0.768877248643692,0.819917876190531,"cogn_se_lv"
"5514","REPS1","Exc L5/6 IT Car3",-0.000350734812955289,6.56825091729883,0.00126762883183649,0.971617309083414,0.998267578294294,0.999138652990267,"cogn_se_lv"
"5515","ABRACL","Exc L5/6 IT Car3",-0.0164094071494384,2.07400893637849,0.15174338291226,0.697096767925491,0.908387174121621,0.942091976542956,"cogn_se_lv"
"5516","HECA","Exc L5/6 IT Car3",-0.000713299154279853,3.74636065178544,0.00123829777857746,0.971947460093747,0.998267578294294,0.99914347763819,"cogn_se_lv"
"5517","AL031772.1","Exc L5/6 IT Car3",-0.0197880908096637,3.58323843832699,0.7324986104737,0.392622947602625,0.749499772215877,0.80327482686328,"cogn_se_lv"
"5518","TXLNB","Exc L5/6 IT Car3",-0.00663370732391428,1.55568485170049,0.0114826769455074,0.914721734704273,0.989073227776396,0.99413172515808,"cogn_se_lv"
"5519","CITED2","Exc L5/6 IT Car3",-0.0608121549004881,2.86845015704646,3.04697919273279,0.0817093784290811,0.425408435055331,0.462982910383507,"cogn_se_lv"
"5520","VTA1","Exc L5/6 IT Car3",-0.0060481998851062,5.46324027488706,0.297088702406344,0.722421357823581,0.921972360635618,0.950597967991176,"cogn_se_lv"
"5521","HIVEP2","Exc L5/6 IT Car3",-0.00684153305976145,7.89663901172121,0.27907551122156,0.597621387507157,0.86311872688956,0.903841824299606,"cogn_se_lv"
"5522","LINC01277","Exc L5/6 IT Car3",0.0550045599231563,3.26271041678626,3.28751124850097,0.0706109526727283,0.40639587196458,0.436572661981242,"cogn_se_lv"
"5523","AIG1","Exc L5/6 IT Car3",0.0299402145548212,7.80589930690906,7.52807351966925,0.00636731515413071,0.17226024227283,0.156131763292262,"cogn_se_lv"
"5524","AL023581.1","Exc L5/6 IT Car3",0.0486203291116449,1.50371879435374,0.550480018650419,0.458587701994225,0.788028655907772,0.839618221684467,"cogn_se_lv"
"5525","ADAT2","Exc L5/6 IT Car3",0.0458140753446108,3.73587472627083,3.81092671496395,0.0516657531810004,0.35981631126162,0.384158373916078,"cogn_se_lv"
"5526","PEX3","Exc L5/6 IT Car3",0.00929649976190259,5.86898294353486,0.576390606394512,0.448209219531268,0.782079352447417,0.833932005049986,"cogn_se_lv"
"5527","FUCA2","Exc L5/6 IT Car3",0.010517586663895,3.66844489882867,0.213748161092192,0.644114439411912,0.885485383965838,0.922602520163365,"cogn_se_lv"
"5528","PHACTR2","Exc L5/6 IT Car3",0.00674621289570888,5.53447567997025,0.161720104167451,0.687807696480988,0.902774616430194,0.93891198972473,"cogn_se_lv"
"5529","LTV1","Exc L5/6 IT Car3",-0.0237634855426719,2.18491552918154,0.431159036650222,0.511824937791084,0.818419687003898,0.864983055113107,"cogn_se_lv"
"5530","PLAGL1","Exc L5/6 IT Car3",-0.00221624342634278,6.06935023847882,0.0168494344293471,0.896790257219229,0.98655846039174,0.991789743227025,"cogn_se_lv"
"5531","SF3B5","Exc L5/6 IT Car3",-0.0356117336758428,3.37758964749982,1.15309052681645,0.283596053362731,0.663053492637873,0.72421841167594,"cogn_se_lv"
"5532","UTRN","Exc L5/6 IT Car3",-0.0208175201324757,5.15734330343391,0.636965377688536,0.425318721123056,0.770348960584187,0.822008872106345,"cogn_se_lv"
"5533","EPM2A","Exc L5/6 IT Car3",0.00553514256095571,4.76833029289589,0.0739087415722278,0.78587856202933,0.949992646450748,0.96889071282406,"cogn_se_lv"
"5534","FBXO30","Exc L5/6 IT Car3",-0.0486574040267134,3.39264232253163,4.87056455267743,0.0279259676759581,0.297838283113648,0.298391967275866,"cogn_se_lv"
"5535","AL356599.1","Exc L5/6 IT Car3",0.0385386044713461,5.13846618601208,3.81875599613279,0.0514274029054728,0.35981631126162,0.383648681978854,"cogn_se_lv"
"5536","SHPRH","Exc L5/6 IT Car3",-0.0100180829231141,7.35592902338904,0.89002447051684,0.346080226931094,0.715220375243748,0.771634968666444,"cogn_se_lv"
"5537","GRM1","Exc L5/6 IT Car3",-0.025101501510159,8.31236209895587,2.3362594480283,0.127238750320516,0.497214837075747,0.546305184329283,"cogn_se_lv"
"5538","RAB32","Exc L5/6 IT Car3",0.0320463213130665,2.36802038743394,0.93528357819179,0.334119239352482,0.704107229033918,0.763493448476854,"cogn_se_lv"
"5539","ADGB","Exc L5/6 IT Car3",-0.0155611667750038,1.80305450007026,0.123789653987288,0.725158426735168,0.923824912757108,0.951583125201813,"cogn_se_lv"
"5540","STXBP5-AS1","Exc L5/6 IT Car3",0.00609705748691033,8.1400640119878,0.114078421533537,0.735737503079041,0.928571442708418,0.955028631590243,"cogn_se_lv"
"5541","STXBP5","Exc L5/6 IT Car3",-0.00778041929555044,9.32859511519788,0.505405775343513,0.477577948544984,0.799031558211194,0.848323354316444,"cogn_se_lv"
"5542","SAMD5","Exc L5/6 IT Car3",0.0442433082944699,5.31391508875284,2.2461062971999,0.134795376202622,0.506334876009994,0.558250716416617,"cogn_se_lv"
"5543","AL033504.1","Exc L5/6 IT Car3",0.0531540982315891,4.94830303515089,3.03541576236735,0.0822884205338422,0.426978689148966,0.464454835128513,"cogn_se_lv"
"5544","AL513164.1","Exc L5/6 IT Car3",0.0305487731867506,1.77128111415362,0.309321359265994,0.578429798820161,0.853788910504609,0.895281408275532,"cogn_se_lv"
"5545","SASH1","Exc L5/6 IT Car3",0.0313121217568802,5.01690281213814,2.03189955155563,0.154862747854016,0.53594281301401,0.587432118445867,"cogn_se_lv"
"5546","UST","Exc L5/6 IT Car3",0.0411595015054181,2.19811603199977,1.12649373783938,0.28920995443444,0.668912112826275,0.729024600012953,"cogn_se_lv"
"5547","TAB2","Exc L5/6 IT Car3",6.64461101498685e-05,6.83774691525828,4.0237237741216e-05,0.994942211501225,0.999242764926216,0.999870711362408,"cogn_se_lv"
"5548","ZC3H12D","Exc L5/6 IT Car3",0.0607650133813702,2.2205531807733,2.85492115762928,0.11209513429674,0.476642299946946,0.520419033914861,"cogn_se_lv"
"5549","PPIL4","Exc L5/6 IT Car3",-0.00604591380739773,5.69271106588137,0.355268473308,0.551506686657401,0.837959118141711,0.882785729078451,"cogn_se_lv"
"5550","GINM1","Exc L5/6 IT Car3",-0.00968381990912792,4.97077943706934,0.608180071753921,0.435967534723893,0.774416015627967,0.82703497787327,"cogn_se_lv"
"5551","AL078581.3","Exc L5/6 IT Car3",-0.0025858840114873,1.89624769581192,0.00259696626964639,0.959384274515708,0.997053628956036,0.998555548513014,"cogn_se_lv"
"5552","KATNA1","Exc L5/6 IT Car3",0.00765365114342898,4.33935230327856,0.223215351559471,0.636876634390835,0.883179978669576,0.920313987772422,"cogn_se_lv"
"5553","LATS1","Exc L5/6 IT Car3",0.0160865570863404,6.15526875825491,2.00305563971937,0.157815309901688,0.540291084826352,0.591547831473502,"cogn_se_lv"
"5554","NUP43","Exc L5/6 IT Car3",0.0173630065573859,3.6202236845749,0.825462685045419,0.364173416089259,0.727212777165395,0.7842430100577,"cogn_se_lv"
"5555","PCMT1","Exc L5/6 IT Car3",-0.0284474431754488,6.96956691462359,5.0016592838495,0.0259125469747029,0.291972693938124,0.289551160919188,"cogn_se_lv"
"5556","AL355312.2","Exc L5/6 IT Car3",-0.00818901405976766,2.26308148871761,0.0541822258970551,0.945914690208295,0.994804925328349,0.997626386519645,"cogn_se_lv"
"5557","LRP11","Exc L5/6 IT Car3",0.000613085812825236,5.23188051477616,0.00191714643955962,0.96509898736901,0.997621680933237,0.99892010896344,"cogn_se_lv"
"5558","AL355312.3","Exc L5/6 IT Car3",0.0492053349358167,3.09393951599687,3.31078556927225,0.0696266368154254,0.403750542799321,0.433989066603955,"cogn_se_lv"
"5559","ULBP2","Exc L5/6 IT Car3",-0.0871920157041205,1.85374044315831,4.08596883950316,0.0439531098868755,0.341635535938896,0.360376378139922,"cogn_se_lv"
"5560","PPP1R14C","Exc L5/6 IT Car3",0.0261107100007541,5.52489460873079,2.17743982848212,0.140889362003446,0.515522415889928,0.567456151183926,"cogn_se_lv"
"5561","PLEKHG1","Exc L5/6 IT Car3",-0.0305670076322227,2.42800005045781,0.52147330903343,0.470665538665422,0.794633044963293,0.8454653544561,"cogn_se_lv"
"5562","MTHFD1L","Exc L5/6 IT Car3",0.0220040248442777,6.73570164698322,2.13874449040722,0.144459905632763,0.520632076517234,0.572940243755576,"cogn_se_lv"
"5563","AL138733.1","Exc L5/6 IT Car3",0.0195841569129183,2.42816693379754,0.242555116844616,0.622655974874507,0.8750796656557,0.914395627238099,"cogn_se_lv"
"5564","AKAP12","Exc L5/6 IT Car3",-0.0210255158514823,6.77822942873153,3.41166695368062,0.0655273868103998,0.393624700629216,0.423897872387864,"cogn_se_lv"
"5565","ZBTB2","Exc L5/6 IT Car3",-0.00569322106510459,3.0501539343029,0.040539437427228,0.840539094205353,0.968763323584242,0.981339526201426,"cogn_se_lv"
"5566","RMND1","Exc L5/6 IT Car3",0.0113378776611633,5.01738710550678,0.668293035412817,0.414168291202229,0.76329240710795,0.815599114652757,"cogn_se_lv"
"5567","ARMT1","Exc L5/6 IT Car3",-0.018272173505002,3.82773310326839,0.751581791660156,0.386532227297329,0.744160140821926,0.799291265750282,"cogn_se_lv"
"5568","CCDC170","Exc L5/6 IT Car3",0.0435772712555441,3.35490564300528,2.67613234088467,0.102704821310396,0.462266540882911,0.503185596310628,"cogn_se_lv"
"5569","ESR1","Exc L5/6 IT Car3",0.0883357077730689,3.71220558218487,6.69104684020152,0.0100670544285897,0.207253658840425,0.192284583574587,"cogn_se_lv"
"5570","SYNE1","Exc L5/6 IT Car3",0.021595375307338,9.40684503931818,1.83485435409072,0.176373694115618,0.563465498502014,0.616007393080878,"cogn_se_lv"
"5571","AL080276.2","Exc L5/6 IT Car3",0.0496290663544006,3.00173930837434,3.44153508603187,0.0643639710532968,0.390292164897651,0.420919491327081,"cogn_se_lv"
"5572","MTRF1L","Exc L5/6 IT Car3",0.00411224923782908,4.00743030757902,0.0490401526192481,0.876293598239685,0.979884010483651,0.98843736634371,"cogn_se_lv"
"5573","RGS17","Exc L5/6 IT Car3",-0.00428458937687524,4.88418468066346,0.0730974584862916,0.787028405452853,0.950159726158674,0.969207029553463,"cogn_se_lv"
"5574","AL590867.1","Exc L5/6 IT Car3",0.0396242215190695,2.84902765538622,0.786314554525109,0.375787190575885,0.735422795392023,0.791892617422579,"cogn_se_lv"
"5575","OPRM1","Exc L5/6 IT Car3",-0.0108322472890901,2.55595264331378,0.061809979521211,0.803794311463503,0.955697174879762,0.973804265485639,"cogn_se_lv"
"5576","IPCEF1","Exc L5/6 IT Car3",0.018577095309379,4.6172079380226,0.636063681885428,0.425646292600055,0.770551452170533,0.822174680982291,"cogn_se_lv"
"5577","CNKSR3","Exc L5/6 IT Car3",0.0708852412385745,2.22571508106302,2.88431765612527,0.0902783332085558,0.440794272867917,0.480473326447028,"cogn_se_lv"
"5578","SCAF8","Exc L5/6 IT Car3",0.00954344701193174,6.68542042766008,0.779231967798376,0.377943651867566,0.737112254751215,0.7935683474573,"cogn_se_lv"
"5579","TIAM2","Exc L5/6 IT Car3",-0.0157510658965248,8.29171814696166,1.26244774680682,0.261909589601436,0.645316293102761,0.705928077911267,"cogn_se_lv"
"5580","TFB1M","Exc L5/6 IT Car3",0.0183519487285614,4.80131648429225,1.18943431143414,0.27614644191821,0.658695193753248,0.718447522689329,"cogn_se_lv"
"5581","CLDN20","Exc L5/6 IT Car3",0.0996575193609558,1.70244276061869,4.54091163438525,0.0337462708211526,0.312300125037606,0.323465015471975,"cogn_se_lv"
"5582","ARID1B","Exc L5/6 IT Car3",-0.000305249539402589,8.78337035765392,0.000811738319358178,0.977285738587136,0.998302636191161,0.999587215878682,"cogn_se_lv"
"5583","TMEM242","Exc L5/6 IT Car3",0.00152410578348659,4.83250852371581,0.0134485741303664,0.908514182334253,0.988416424129917,0.993373985483471,"cogn_se_lv"
"5584","ZDHHC14","Exc L5/6 IT Car3",0.00269562968970956,7.37279824588126,0.0243743769283114,0.876020413523446,0.979884010483651,0.988426387247768,"cogn_se_lv"
"5585","SNX9","Exc L5/6 IT Car3",-0.0108873267174007,6.50251989872563,1.02459984442565,0.312085361335684,0.687327176124416,0.748688903282354,"cogn_se_lv"
"5586","SYNJ2","Exc L5/6 IT Car3",-0.0351521227712948,7.50838091630214,3.11917695568786,0.0781923354479578,0.420387560324412,0.455372813209904,"cogn_se_lv"
"5587","SERAC1","Exc L5/6 IT Car3",-0.0295719695821714,5.19165500782014,4.30319117731534,0.038725094162992,0.327903038577323,0.342375905102185,"cogn_se_lv"
"5588","GTF2H5","Exc L5/6 IT Car3",-0.0158730171493863,4.39683355901296,0.693584662993404,0.405479735198752,0.758057959755685,0.810557785412458,"cogn_se_lv"
"5589","TULP4","Exc L5/6 IT Car3",0.00935481617011697,7.97378849529158,0.92776477521536,0.336067315799897,0.706085459407566,0.764977437640451,"cogn_se_lv"
"5590","TMEM181","Exc L5/6 IT Car3",0.00572887798416654,7.01742180599116,0.438496705908862,0.583384858095341,0.855777482563133,0.897566317721496,"cogn_se_lv"
"5591","DYNLT1","Exc L5/6 IT Car3",0.0187000819633525,4.63694970991271,0.854551398296663,0.355864512604624,0.721289984062316,0.778538140444653,"cogn_se_lv"
"5592","SYTL3","Exc L5/6 IT Car3",0.00246432808418403,2.70504143557395,0.00562604855925693,0.94024928838098,0.994539668727838,0.99747309903324,"cogn_se_lv"
"5593","C6orf99","Exc L5/6 IT Car3",0.00671584662473296,2.39531063877852,0.0278837935198669,0.867472638853695,0.976442681823208,0.986883481884466,"cogn_se_lv"
"5594","RSPH3","Exc L5/6 IT Car3",0.00907355663091726,5.36015427963878,0.463340686489096,0.49648837719286,0.810277332233811,0.857271032537083,"cogn_se_lv"
"5595","AL035530.2","Exc L5/6 IT Car3",0.0483490852587318,5.62351572822756,10.7641919323808,0.00113215470808215,0.08662109232943,0.0685534041397533,"cogn_se_lv"
"5596","FNDC1","Exc L5/6 IT Car3",0.0774675933276362,1.05225771259132,1.02741862700466,0.311421586956104,0.686692547116766,0.748071496957324,"cogn_se_lv"
"5597","SOD2-1","Exc L5/6 IT Car3",-0.0358170541559471,3.20892561803965,0.949581405834268,0.330456259704467,0.700502654771029,0.761019196643919,"cogn_se_lv"
"5598","WTAP","Exc L5/6 IT Car3",-0.0129504613562187,5.6411854204067,1.6106769650735,0.205186582473185,0.59280396192232,0.648244962656865,"cogn_se_lv"
"5599","ACAT2","Exc L5/6 IT Car3",0.0348084739733165,4.62863630737168,1.66700589428387,0.197458204011465,0.585188091611099,0.639578712847305,"cogn_se_lv"
"5600","TCP1","Exc L5/6 IT Car3",-0.0472608663436887,5.16875340158978,4.44270346059938,0.0357162556200291,0.317546605425908,0.33098177221949,"cogn_se_lv"
"5601","MRPL18","Exc L5/6 IT Car3",-0.0141893214691416,4.33975419668755,0.336795824952666,0.562034386269982,0.843636345917786,0.887608432877591,"cogn_se_lv"
"5602","PNLDC1","Exc L5/6 IT Car3",0.0270978619022936,2.45123430089116,0.490470236644963,0.484153421534348,0.802736924237929,0.851305093523438,"cogn_se_lv"
"5603","MAS1","Exc L5/6 IT Car3",0.0669495573418747,2.04032224519234,2.0479897108129,0.153243072432626,0.53406043585555,0.585479684596355,"cogn_se_lv"
"5604","IGF2R","Exc L5/6 IT Car3",-0.0122754532053015,5.57932362330596,0.990857337442861,0.320177064090846,0.693607301690158,0.754224359376219,"cogn_se_lv"
"5605","SLC22A1","Exc L5/6 IT Car3",-0.0348788832968576,2.73752447603209,1.24181050944033,0.265838633996125,0.648553801378637,0.709630419723621,"cogn_se_lv"
"5606","AL139393.1","Exc L5/6 IT Car3",0.0294681233676603,3.70825188064843,1.52477484352287,0.217674232924871,0.606116599369235,0.66254056501711,"cogn_se_lv"
"5607","MAP3K4","Exc L5/6 IT Car3",-0.00461950850269121,5.96875130581533,0.164704546586586,0.685093863484817,0.901848749589734,0.937820022915245,"cogn_se_lv"
"5608","AGPAT4","Exc L5/6 IT Car3",-0.00216023161214503,6.87902711010539,0.029315249299658,0.864145843841581,0.97538376478777,0.986542852105431,"cogn_se_lv"
"5609","PRKN","Exc L5/6 IT Car3",0.0249623960971687,8.38644482574498,3.09810426771085,0.0792016318447778,0.420663153470392,0.457320700102139,"cogn_se_lv"
"5610","PACRG","Exc L5/6 IT Car3",-0.0175948310888087,7.92159087702999,1.55670245224849,0.212930010431473,0.600783399440157,0.656960292928683,"cogn_se_lv"
"5611","PACRG-AS3","Exc L5/6 IT Car3",0.00455963424826881,2.64791701098529,0.0152821725081358,0.901681763669979,0.987810604126722,0.992744989013678,"cogn_se_lv"
"5612","QKI","Exc L5/6 IT Car3",-0.0390251738660728,6.01099995385622,4.3117457409804,0.0385331331000194,0.327819192044942,0.341544457621105,"cogn_se_lv"
"5613","PDE10A","Exc L5/6 IT Car3",0.107628304479777,7.12636507565676,10.187663017815,0.0015335599727627,0.0955024320442973,0.0791949373357898,"cogn_se_lv"
"5614","LINC00473","Exc L5/6 IT Car3",-0.0228879042225091,1.36236284181634,0.0720169954379487,0.788570446800679,0.950495243619579,0.969812670579802,"cogn_se_lv"
"5615","SFT2D1","Exc L5/6 IT Car3",-0.0197968462407387,4.49306443956525,1.53773947951133,0.215732713943105,0.603878950088102,0.659859283060765,"cogn_se_lv"
"5616","MPC1","Exc L5/6 IT Car3",0.00549360671333976,5.56049579809419,0.291796185936224,0.58939357316335,0.858759934902261,0.90041118574061,"cogn_se_lv"
"5617","AL022069.1","Exc L5/6 IT Car3",0.0207793352964224,2.44850576395786,0.327568479539182,0.567438543552805,0.846549991660867,0.889595807690941,"cogn_se_lv"
"5618","RPS6KA2","Exc L5/6 IT Car3",0.0139940652777456,9.11259015123789,0.721423833275545,0.396221085582615,0.75209818459487,0.805408195278711,"cogn_se_lv"
"5619","AL159163.1","Exc L5/6 IT Car3",0.00602488165382181,4.20399642807333,0.0961461323635784,0.756677237365806,0.937931341177242,0.961301395819314,"cogn_se_lv"
"5620","Z94721.1","Exc L5/6 IT Car3",0.0242162382707862,5.97720400624349,1.71296596322021,0.191405335414278,0.579183663394758,0.632771444411142,"cogn_se_lv"
"5621","FGFR1OP","Exc L5/6 IT Car3",0.0178416881224568,7.08591559409359,2.35600525420226,0.125647642059416,0.494936578268343,0.543578185967003,"cogn_se_lv"
"5622","CCR6","Exc L5/6 IT Car3",0.0546357398634656,2.52267058650635,2.54258748825959,0.111658469416469,0.476642299946946,0.519700146365441,"cogn_se_lv"
"5623","AL121935.1","Exc L5/6 IT Car3",0.0998692569448341,1.17746385440024,2.37318155721937,0.124281621593633,0.493216646809182,0.541574804315659,"cogn_se_lv"
"5624","AFDN","Exc L5/6 IT Car3",-0.00957010230933968,7.09823548888631,0.836467297244161,0.360998857338454,0.724943115287327,0.781569880676282,"cogn_se_lv"
"5625","KIF25","Exc L5/6 IT Car3",-0.0652989064178686,2.33582456331861,1.02424606370014,0.31216880114206,0.687327176124416,0.748769922265031,"cogn_se_lv"
"5626","SMOC2","Exc L5/6 IT Car3",0.184210279787663,1.79214725272511,5.46147957228189,0.0199677520738633,0.266988448667902,0.260383140078512,"cogn_se_lv"
"5627","LINC01615","Exc L5/6 IT Car3",-0.112410422543253,1.64766455389595,3.84754274396412,0.0505610259545537,0.358979842940613,0.380494577721288,"cogn_se_lv"
"5628","BX322234.1","Exc L5/6 IT Car3",-0.0517246043761419,3.92463622285943,4.84677370822682,0.0283085482813106,0.298368509743409,0.300093933908167,"cogn_se_lv"
"5629","LINC02519","Exc L5/6 IT Car3",0.042782827110594,1.93340351797791,1.05720286753547,0.304519100445706,0.681331117723514,0.742201098321556,"cogn_se_lv"
"5630","WDR27","Exc L5/6 IT Car3",0.0269886452185181,5.9242152688457,2.77627666364504,0.0965083273827952,0.450590440676212,0.491291534103739,"cogn_se_lv"
"5631","C6orf120","Exc L5/6 IT Car3",-0.0317344074535863,2.91804660355085,1.18187255103272,0.2776758490263,0.659846663735672,0.719830441175099,"cogn_se_lv"
"5632","PHF10","Exc L5/6 IT Car3",-0.0331137688486163,4.15906640982042,3.44932171818745,0.0640643185525769,0.389088343537553,0.420059918945597,"cogn_se_lv"
"5633","AL354892.1","Exc L5/6 IT Car3",0.0190125431555423,1.83755038632446,0.179059601022237,0.672426080720761,0.897462265396975,0.933033690786859,"cogn_se_lv"
"5634","TCTE3","Exc L5/6 IT Car3",-0.0165396311744003,2.81774954655382,0.320904856640947,0.571404437789175,0.848882394579089,0.891501183486426,"cogn_se_lv"
"5635","ERMARD","Exc L5/6 IT Car3",0.00198887396344091,3.74433496626041,0.00830504116902397,0.927436538627713,0.991538479686899,0.995639170360381,"cogn_se_lv"
"5636","LINC00574","Exc L5/6 IT Car3",-0.0177562009784865,2.81015641188562,0.475398515674636,0.490941958598751,0.806963232172891,0.854800566588287,"cogn_se_lv"
"5637","DLL1","Exc L5/6 IT Car3",0.0151963426853498,3.35637013145568,0.400004681011448,0.529479167897897,0.82568662529394,0.872801350708046,"cogn_se_lv"
"5638","FAM120B","Exc L5/6 IT Car3",0.0176652913192331,6.91301485912014,2.37682541575149,0.123993961369033,0.492964883872232,0.541069487866005,"cogn_se_lv"
"5639","PSMB1","Exc L5/6 IT Car3",-0.0273856952060679,5.03036701795312,2.56716907261145,0.10994776894531,0.473181253934094,0.516253987203976,"cogn_se_lv"
"5640","TBP","Exc L5/6 IT Car3",0.0299556940126267,4.11096439105849,3.1118489665765,0.114431005880488,0.480734891988861,0.524549284572402,"cogn_se_lv"
"5641","PDCD2","Exc L5/6 IT Car3",0.0244510970435487,3.94439215581537,1.24553330676463,0.265124461282606,0.648289231945413,0.708948327222311,"cogn_se_lv"
"5642","FAM20C","Exc L5/6 IT Car3",0.00684082744535139,4.61258165592764,0.161680881162677,0.687843556088589,0.902774616430194,0.93891198972473,"cogn_se_lv"
"5643","PDGFA","Exc L5/6 IT Car3",-0.016242144513202,4.0732358482711,0.56917274288672,0.451063006204695,0.783594047351874,0.835111279767916,"cogn_se_lv"
"5644","AC147651.1","Exc L5/6 IT Car3",0.00134890238642719,2.13495916581221,0.00134742224283644,0.970738028726573,0.998267578294294,0.999102668702867,"cogn_se_lv"
"5645","PRKAR1B","Exc L5/6 IT Car3",0.00603544060310798,7.8090332574142,0.251223950329268,0.616509705839896,0.873193350247372,0.911793077073028,"cogn_se_lv"
"5646","DNAAF5","Exc L5/6 IT Car3",-0.0190299178580997,4.44174719308725,1.4207828943213,0.234031025034258,0.621576109846761,0.679206688781229,"cogn_se_lv"
"5647","SUN1","Exc L5/6 IT Car3",0.0142948435321978,6.53534258954832,1.70701224473987,0.192177034208842,0.579922462053741,0.633736326552804,"cogn_se_lv"
"5648","ADAP1","Exc L5/6 IT Car3",-0.0420735962730274,4.68836876166237,4.10448795589205,0.0434796246318944,0.340708463892493,0.359125205539953,"cogn_se_lv"
"5649","COX19","Exc L5/6 IT Car3",0.0243160378511151,5.51782248955463,2.13682765023413,0.144639417460866,0.520632076517234,0.573101745817741,"cogn_se_lv"
"5650","C7orf50","Exc L5/6 IT Car3",0.021905266449045,6.29606527356483,3.9074006456253,0.0488087245507591,0.354490925359218,0.375120155799006,"cogn_se_lv"
"5651","AC073957.1","Exc L5/6 IT Car3",-0.0484710902481501,1.87122592229678,1.15035571680569,0.284166868747566,0.663731690700417,0.724841609482886,"cogn_se_lv"
"5652","GPR146","Exc L5/6 IT Car3",-0.0673844757969325,2.34326265659177,4.23797728700372,0.0402219948345716,0.330776725437538,0.347592938444206,"cogn_se_lv"
"5653","GPER1","Exc L5/6 IT Car3",-0.0392276739688739,2.7756335317607,1.33357088916938,0.248908888015825,0.633297939815486,0.693461019080522,"cogn_se_lv"
"5654","ZFAND2A","Exc L5/6 IT Car3",0.0162894638297994,3.58173186569189,0.298198776732653,0.585339701784617,0.855943612830974,0.898412676518596,"cogn_se_lv"
"5655","AC091729.3","Exc L5/6 IT Car3",-0.0184017918171938,1.92395531966701,0.220772570978109,0.670865721722852,0.896973919231145,0.932450194661761,"cogn_se_lv"
"5656","MICALL2","Exc L5/6 IT Car3",-0.0277407617547482,3.7729487655515,1.62828904360045,0.202732432004831,0.589852164542185,0.645102638231832,"cogn_se_lv"
"5657","AC102953.2","Exc L5/6 IT Car3",-0.00090984669028238,2.24270110925831,0.000585928290246376,0.980701248398083,0.998390354534415,0.999870711362408,"cogn_se_lv"
"5658","INTS1","Exc L5/6 IT Car3",-0.0119033907199795,5.38964252427769,0.759151928814487,0.38415348263289,0.742172676735286,0.798070450914459,"cogn_se_lv"
"5659","MAFK","Exc L5/6 IT Car3",-0.0523700847084336,2.65546447788553,2.19137176597621,0.139628277285491,0.513039360946545,0.565348221569514,"cogn_se_lv"
"5660","PSMG3","Exc L5/6 IT Car3",-0.0221638021954103,3.56511911383148,0.694929220514074,0.405025354694583,0.757934301831652,0.810440039408987,"cogn_se_lv"
"5661","PSMG3-AS1","Exc L5/6 IT Car3",0.0063667912356315,3.34088064442053,0.0535957978932816,0.817047150491257,0.959947755253107,0.976979324608985,"cogn_se_lv"
"5662","MAD1L1","Exc L5/6 IT Car3",0.0057449296204286,5.39287385936499,0.199656384994055,0.747175478779155,0.933897613787942,0.958444529048644,"cogn_se_lv"
"5663","MRM2","Exc L5/6 IT Car3",0.0135693603506512,3.18646315503226,0.299225973523195,0.584694590585924,0.85579931877134,0.898136252465888,"cogn_se_lv"
"5664","SNX8","Exc L5/6 IT Car3",0.0448198519972282,4.49276161775939,3.38887577742351,0.0664303007397133,0.396062427271239,0.425938221702386,"cogn_se_lv"
"5665","EIF3B","Exc L5/6 IT Car3",0.0128031604317197,5.32094780524823,1.02416294653607,0.676147305707495,0.899176443999365,0.934682483846739,"cogn_se_lv"
"5666","CHST12","Exc L5/6 IT Car3",0.023516437108177,5.2333359435214,2.40371318351877,0.121894119510069,0.491568598997994,0.538040222813908,"cogn_se_lv"
"5667","BRAT1","Exc L5/6 IT Car3",-0.0158445220639414,4.51450650507286,1.39991374040699,0.237490212623729,0.62456841631565,0.682390178141671,"cogn_se_lv"
"5668","IQCE","Exc L5/6 IT Car3",-0.0108353040559343,5.38751297691557,0.812294145981891,0.368023370911361,0.72947343179262,0.786731252768937,"cogn_se_lv"
"5669","TTYH3","Exc L5/6 IT Car3",0.0265151571055607,5.22359164309018,1.74008435947545,0.187935891511169,0.575062928090689,0.629035459750488,"cogn_se_lv"
"5670","AMZ1","Exc L5/6 IT Car3",0.029264276436964,5.68504423895201,0.862419973243202,0.353661845581542,0.719780905455015,0.776810746228297,"cogn_se_lv"
"5671","GNA12","Exc L5/6 IT Car3",0.00752477948987049,6.05346590599844,0.356111426651256,0.551035188071103,0.837805301645433,0.882569164329188,"cogn_se_lv"
"5672","CARD11","Exc L5/6 IT Car3",-0.0282460767055315,1.68770074967706,0.357728336314723,0.550132898859632,0.837051948259007,0.882170509248416,"cogn_se_lv"
"5673","SDK1","Exc L5/6 IT Car3",-0.062583093937001,7.81686605578326,5.42460366298451,0.0203874087948497,0.26850417095392,0.262978201481715,"cogn_se_lv"
"5674","FOXK1","Exc L5/6 IT Car3",0.0208132285329384,6.48224346756716,3.09504632823324,0.0793492615025697,0.420663153470392,0.45752674144885,"cogn_se_lv"
"5675","AP5Z1","Exc L5/6 IT Car3",0.00856547253171885,4.40028898711664,0.244427760969926,0.621316803559268,0.874765859187369,0.913627321203436,"cogn_se_lv"
"5676","RADIL","Exc L5/6 IT Car3",0.0102258392207936,2.7993084367891,0.116884709199304,0.732630338133678,0.92738780258902,0.954057284591116,"cogn_se_lv"
"5677","MMD2","Exc L5/6 IT Car3",-0.0271946942254779,3.83507238090168,0.72887718012076,0.393794328441054,0.750481365653164,0.803902521503312,"cogn_se_lv"
"5678","RBAK-RBAKDN","Exc L5/6 IT Car3",0.0211056600787329,5.82200618229446,2.38513391484959,0.123340826594004,0.492748863359404,0.540402930408149,"cogn_se_lv"
"5679","WIPI2","Exc L5/6 IT Car3",-0.0158452501445295,6.00630806812648,1.52954922660584,0.216956825746196,0.605762980448831,0.661636528501267,"cogn_se_lv"
"5680","TNRC18","Exc L5/6 IT Car3",0.00741589530452548,6.66733915584261,0.250649667657986,0.616912743286642,0.873198484243669,0.911913605032193,"cogn_se_lv"
"5681","AC092171.4","Exc L5/6 IT Car3",0.0606873027888568,2.60290571923597,3.80867931266743,0.0517343884031138,0.359942241195263,0.384310765663528,"cogn_se_lv"
"5682","FBXL18","Exc L5/6 IT Car3",0.00480014624240195,4.90160000006495,0.0983000912075568,0.947135110660342,0.994804925328349,0.99768190793692,"cogn_se_lv"
"5683","ACTB","Exc L5/6 IT Car3",-0.0696822204009557,8.3485499698681,5.21982280986652,0.0228907366482698,0.2800171352036,0.275468852754952,"cogn_se_lv"
"5684","FSCN1","Exc L5/6 IT Car3",-0.0115705587220188,5.15935211488662,0.308399506409805,0.578996273144132,0.85401117919189,0.895714101186775,"cogn_se_lv"
"5685","RNF216","Exc L5/6 IT Car3",0.00469265826257886,6.79462264441138,0.168952985459015,0.681279623333334,0.900862474773406,0.936422826153194,"cogn_se_lv"
"5686","OCM","Exc L5/6 IT Car3",0.0146866604231938,1.85599336229477,0.106681324813009,0.744137368065457,0.933022991340091,0.957494832567645,"cogn_se_lv"
"5687","CCZ1","Exc L5/6 IT Car3",0.0189665744462964,4.61368322828157,1.26010534796042,0.262351894815176,0.645691937874616,0.706345182910891,"cogn_se_lv"
"5688","PMS2","Exc L5/6 IT Car3",0.0358929574141764,4.80296391806548,6.93541260881493,0.00880153005507076,0.195640906832746,0.18044266752861,"cogn_se_lv"
"5689","AIMP2","Exc L5/6 IT Car3",0.0127730092230873,4.0530330092709,0.387003613515296,0.940537608030644,0.994539668727838,0.99747309903324,"cogn_se_lv"
"5690","EIF2AK1","Exc L5/6 IT Car3",-0.012407937919694,5.47006809472084,0.914162388194937,0.339630562085617,0.709568293748349,0.767099485997746,"cogn_se_lv"
"5691","USP42","Exc L5/6 IT Car3",-0.0161301231437751,5.53160313010125,1.7839915427497,0.182472899463354,0.569404983513728,0.622716842826207,"cogn_se_lv"
"5692","CYTH3","Exc L5/6 IT Car3",0.000154287145541453,6.46953602116761,0.000112148585042379,0.991556193637917,0.999242764926216,0.999870711362408,"cogn_se_lv"
"5693","FAM220A","Exc L5/6 IT Car3",-0.0141073011953911,3.75046604647165,0.429480693880528,0.5126471157368,0.818419687003898,0.865292151681474,"cogn_se_lv"
"5694","RAC1","Exc L5/6 IT Car3",-0.04328648169721,7.32511341690553,4.64222547174591,0.0318330825290809,0.307073851345728,0.315547273246689,"cogn_se_lv"
"5695","DAGLB","Exc L5/6 IT Car3",-0.00649222274442496,4.97756177231339,0.200852408102003,0.654293418122796,0.888560566491041,0.926125236229049,"cogn_se_lv"
"5696","GRID2IP","Exc L5/6 IT Car3",0.0571566847013781,2.20892733871253,2.3659358218327,0.124855840645014,0.493718520219812,0.542346343591116,"cogn_se_lv"
"5697","ZDHHC4","Exc L5/6 IT Car3",0.0326921623859944,3.1666195959101,1.38499201127821,0.240001748727552,0.625749066637086,0.684626356503331,"cogn_se_lv"
"5698","C7orf26","Exc L5/6 IT Car3",-0.00366654728419459,4.01041472657408,0.0491176672407855,0.824726835841298,0.964248646577592,0.978239101024364,"cogn_se_lv"
"5699","ZNF853","Exc L5/6 IT Car3",-0.0433450474475534,2.21206153053127,1.48441443042449,0.223853787047512,0.612790783112987,0.669227202611498,"cogn_se_lv"
"5700","ZNF316","Exc L5/6 IT Car3",0.0118728221710642,3.73138387789694,0.338528262277865,0.561030808653289,0.843636345917786,0.887316501599522,"cogn_se_lv"
"5701","AC073343.2","Exc L5/6 IT Car3",-0.0144083036389069,3.59481970065374,0.313380245459867,0.575948708473369,0.851796959783132,0.894161494974758,"cogn_se_lv"
"5702","ZNF12","Exc L5/6 IT Car3",-0.0242377389614461,4.27066587165147,2.07890332116893,0.150184989486115,0.529033414555117,0.581378163864463,"cogn_se_lv"
"5703","CCZ1B","Exc L5/6 IT Car3",0.019780577911469,4.81937348211524,1.231785080131,0.267773870004722,0.651033153139442,0.711276234244986,"cogn_se_lv"
"5704","C1GALT1","Exc L5/6 IT Car3",-0.0301323282544702,7.10631404877974,4.06106871804147,0.0445983474507283,0.343012777244732,0.361811644258518,"cogn_se_lv"
"5705","COL28A1","Exc L5/6 IT Car3",0.0308663063242279,4.4610755321667,1.58991814944024,0.208124517563193,0.596105791605484,0.651687752769324,"cogn_se_lv"
"5706","AC004982.2","Exc L5/6 IT Car3",-0.0167318144284518,2.60582020079878,0.267245486667192,0.605491372283145,0.868070117456863,0.907175131301519,"cogn_se_lv"
"5707","MIOS","Exc L5/6 IT Car3",-0.0337873035159001,4.72054065721207,5.59341049110646,0.0185383653312104,0.258548624040107,0.251095144404681,"cogn_se_lv"
"5708","RPA3","Exc L5/6 IT Car3",0.00825587019235669,2.84745055841004,0.0652632154945175,0.798503246366264,0.954540194474746,0.972607856714181,"cogn_se_lv"
"5709","UMAD1","Exc L5/6 IT Car3",0.00295414041687243,6.94323701533943,0.0566893236528025,0.811937762152608,0.959045669722624,0.976097090361856,"cogn_se_lv"
"5710","GLCCI1","Exc L5/6 IT Car3",-0.0189309246459471,7.65378937348271,2.2088325699786,0.138065684343504,0.510653900996523,0.563442373607537,"cogn_se_lv"
"5711","ICA1","Exc L5/6 IT Car3",0.0250995520176721,7.52864998590439,2.03312699293684,0.154738506261023,0.535813577714909,0.587244234905587,"cogn_se_lv"
"5712","AC007128.1","Exc L5/6 IT Car3",0.0778414413862282,2.15649882785754,3.67181088033234,0.0561026747052895,0.373928928056421,0.398880827699001,"cogn_se_lv"
"5713","NXPH1","Exc L5/6 IT Car3",-0.0350905851045726,2.60234933944065,0.415662388679533,0.519504994840311,0.820971047083305,0.868340974876994,"cogn_se_lv"
"5714","AC004949.1","Exc L5/6 IT Car3",0.102397652051999,2.76853476910645,3.1597564215119,0.0762876781224118,0.417371975223575,0.450858596377582,"cogn_se_lv"
"5715","NDUFA4","Exc L5/6 IT Car3",-0.145017655649036,6.52560463186911,13.5644821087091,0.000264512738470815,0.0457398993827623,0.0313457137626743,"cogn_se_lv"
"5716","PHF14","Exc L5/6 IT Car3",-0.0211680224464947,8.07555602748741,4.78424827435183,0.029340375641186,0.30217001187401,0.304782291236031,"cogn_se_lv"
"5717","THSD7A","Exc L5/6 IT Car3",-0.11792337381775,4.17205506151493,11.6854425807771,0.000699300055077046,0.0640608800454508,0.0531343800732018,"cogn_se_lv"
"5718","AC004160.2","Exc L5/6 IT Car3",-0.15207780121527,3.45940846322206,17.8586238792293,2.99378024782025e-05,0.0164550992906977,0.00950926252297028,"cogn_se_lv"
"5719","TMEM106B","Exc L5/6 IT Car3",-0.0215163429119179,6.20533912635023,3.22006890743934,0.073548740829541,0.412806389995126,0.443928858449503,"cogn_se_lv"
"5720","VWDE","Exc L5/6 IT Car3",-0.0349823275086844,4.03357101332012,2.25481651751521,0.134043763617561,0.504976930664488,0.55684009594379,"cogn_se_lv"
"5721","AC013470.2","Exc L5/6 IT Car3",0.00572851341831606,2.02299336214816,0.0190494468066939,0.89029916456552,0.985308797832831,0.990593255531557,"cogn_se_lv"
"5722","ARL4A","Exc L5/6 IT Car3",-0.0127426516015694,5.00624243256083,0.250127552830598,0.617279670462754,0.873423500115388,0.91208270313534,"cogn_se_lv"
"5723","AC011287.1","Exc L5/6 IT Car3",0.0287071686177401,6.84214989456737,1.13167249171198,0.288105825749138,0.668230247289619,0.728434112195594,"cogn_se_lv"
"5724","ETV1","Exc L5/6 IT Car3",0.0098509955751519,4.09552265186234,0.052949088337944,0.818134781194133,0.960712214449696,0.977130236293382,"cogn_se_lv"
"5725","DGKB","Exc L5/6 IT Car3",-0.0293973931704977,8.22944680820275,4.40608901289746,0.036481317284126,0.319345863790179,0.333961872177236,"cogn_se_lv"
"5726","AGMO","Exc L5/6 IT Car3",-0.0906954621954034,1.60348633123179,3.07747197876049,0.080203499621873,0.422408291229972,0.459641477517112,"cogn_se_lv"
"5727","MEOX2","Exc L5/6 IT Car3",-0.0471557687497874,2.69392651842702,1.35150418765815,0.24575723879331,0.63060160275998,0.690225191317129,"cogn_se_lv"
"5728","ISPD","Exc L5/6 IT Car3",0.00399663901644605,6.9962830521489,0.0779905668186629,0.780193730731809,0.948209864642071,0.967699953242193,"cogn_se_lv"
"5729","ISPD-AS1","Exc L5/6 IT Car3",-0.023034325443537,1.63904714769122,0.221892423418894,0.63787662716802,0.883276385755741,0.920569809384177,"cogn_se_lv"
"5730","SOSTDC1","Exc L5/6 IT Car3",-0.00954346640601739,2.1616989731741,0.0564317763631728,0.812357430360377,0.959045669722624,0.976237657013773,"cogn_se_lv"
"5731","AC005014.2","Exc L5/6 IT Car3",0.0122332834275301,2.24745656920942,0.108506475471832,0.845797550605276,0.970988236489561,0.982781820079773,"cogn_se_lv"
"5732","ANKMY2","Exc L5/6 IT Car3",0.00563003506815691,6.98083943410778,0.120754153499072,0.728413628141159,0.924999994394571,0.952928309427537,"cogn_se_lv"
"5733","BZW2","Exc L5/6 IT Car3",-0.00477319637310849,6.46363802495087,0.130564439677177,0.71805173673584,0.919904788842469,0.949075148408298,"cogn_se_lv"
"5734","AC073333.1","Exc L5/6 IT Car3",-0.0454485336312736,2.10456877492539,1.00446011505616,0.316882241677772,0.691649085154008,0.75210621125463,"cogn_se_lv"
"5735","TSPAN13","Exc L5/6 IT Car3",-0.0242086993070301,7.19698294077417,3.15446580555249,0.0765331354646868,0.417779731736139,0.451494764298325,"cogn_se_lv"
"5736","AHR","Exc L5/6 IT Car3",0.0308929142983563,3.16124838695073,0.637030611313982,0.425295037532328,0.770348960584187,0.822008872106345,"cogn_se_lv"
"5737","AC073332.1","Exc L5/6 IT Car3",0.0089384136942561,6.2256484612648,0.167713131708761,0.682386918645759,0.901317393902574,0.936920619312882,"cogn_se_lv"
"5738","AC019117.3","Exc L5/6 IT Car3",0.0322070406662485,2.57910368943775,0.736530233210953,0.391324775502153,0.748087804306567,0.802305653581964,"cogn_se_lv"
"5739","SNX13","Exc L5/6 IT Car3",-0.0180415721513755,6.60996919494035,2.59044720204972,0.108354414335027,0.470937787426174,0.513341684118958,"cogn_se_lv"
"5740","HDAC9","Exc L5/6 IT Car3",0.020667895202013,7.50339148251382,1.87668846667622,0.171533563050724,0.558118717833117,0.609627859802876,"cogn_se_lv"
"5741","AC007091.1","Exc L5/6 IT Car3",0.0653670017027172,2.78063599721605,1.2086108274583,0.272315194601085,0.654492834117506,0.715165920211122,"cogn_se_lv"
"5742","TWISTNB","Exc L5/6 IT Car3",-0.0359963927935886,4.10926167137919,2.66477160004367,0.103434900008497,0.462885464126422,0.504325829146579,"cogn_se_lv"
"5743","TMEM196","Exc L5/6 IT Car3",0.0125315306982232,7.03526217895629,0.658797422809703,0.417501535639543,0.765302656475441,0.817509490448272,"cogn_se_lv"
"5744","MACC1","Exc L5/6 IT Car3",0.0946597039784689,2.16035828457009,6.59353155404884,0.0116194460191912,0.215643586296606,0.20488060169841,"cogn_se_lv"
"5745","ITGB8","Exc L5/6 IT Car3",-0.0457950697995906,8.45655301771389,12.5274876220399,0.000451591160833692,0.0551586346446866,0.0415977987134715,"cogn_se_lv"
"5746","ABCB5","Exc L5/6 IT Car3",0.0244330405213614,1.51633167296911,0.235937722818612,0.627440314080521,0.877514831259136,0.916612452488888,"cogn_se_lv"
"5747","SP4","Exc L5/6 IT Car3",-0.0170287756205522,5.16496346548565,1.48137919230904,0.224326967976879,0.613347328205442,0.669944518511702,"cogn_se_lv"
"5748","DNAH11","Exc L5/6 IT Car3",-0.108436195038631,3.85151366693496,8.0788149962209,0.00472433238238787,0.149778962603295,0.134751917782808,"cogn_se_lv"
"5749","CDCA7L","Exc L5/6 IT Car3",-0.0889681022068281,3.54120094335667,12.0945033668589,0.000565263326325948,0.0587797472442996,0.0471761947593317,"cogn_se_lv"
"5750","RAPGEF5","Exc L5/6 IT Car3",0.00839872376637866,8.19499658366306,0.322246681452893,0.570601488881576,0.848666491645945,0.891168054217283,"cogn_se_lv"
"5751","STEAP1B","Exc L5/6 IT Car3",-0.0262128484507093,4.44653706048676,1.14041022142252,0.286255067812218,0.666409097704126,0.726920804849451,"cogn_se_lv"
"5752","TOMM7","Exc L5/6 IT Car3",-0.0883470924022639,5.75555800149094,5.30228287824592,0.0218463039313732,0.276220485614688,0.2708246616925,"cogn_se_lv"
"5753","FAM126A","Exc L5/6 IT Car3",-0.0163884408124573,5.42251381073989,0.843210292747639,0.359072555026109,0.723348860804405,0.780532066906917,"cogn_se_lv"
"5754","KLHL7","Exc L5/6 IT Car3",-0.00353222681797933,6.72455243854103,0.14895435948997,0.699756256517804,0.909949200490832,0.943052050345231,"cogn_se_lv"
"5755","NUPL2","Exc L5/6 IT Car3",-0.00849423949309267,5.31276415952064,0.40481162961433,0.525004246696374,0.822708009027308,0.870691478618377,"cogn_se_lv"
"5756","GPNMB","Exc L5/6 IT Car3",0.00523717573824284,1.45021494117197,0.00716593441601996,0.932583516416389,0.992700257134336,0.99625327555939,"cogn_se_lv"
"5757","MALSU1","Exc L5/6 IT Car3",0.03581909940582,4.73552091553574,6.11043818945943,0.0138832975518185,0.22974618206719,0.22122383436263,"cogn_se_lv"
"5758","IGF2BP3","Exc L5/6 IT Car3",0.0615407792669753,2.06744878626824,2.08987068347387,0.1491167592315,0.528050373808741,0.579961469500591,"cogn_se_lv"
"5759","TRA2A","Exc L5/6 IT Car3",-0.00551234324620659,7.46681861825089,0.270501865551925,0.603303296688445,0.866813853321332,0.906096136908737,"cogn_se_lv"
"5760","CCDC126","Exc L5/6 IT Car3",0.0119416475813106,4.28806526490486,0.519415285303904,0.471541825776306,0.79468119784246,0.845692458564918,"cogn_se_lv"
"5761","FAM221A","Exc L5/6 IT Car3",0.0115812401835474,3.73848666874105,0.400626211196268,0.585822102567481,0.856282852931287,0.898668463848758,"cogn_se_lv"
"5762","STK31","Exc L5/6 IT Car3",0.0425574597645166,2.07447493877645,0.888268456696024,0.346555888920008,0.715260611242374,0.77187580206115,"cogn_se_lv"
"5763","AC004485.1","Exc L5/6 IT Car3",0.0204513852142109,1.54756906478148,0.154739156634879,0.694271313706301,0.906359755444452,0.94096119099575,"cogn_se_lv"
"5764","NPY","Exc L5/6 IT Car3",-0.0825961055207282,1.23488372259425,1.85686072351301,0.17380821100903,0.560346694535874,0.612296588959441,"cogn_se_lv"
"5765","MPP6","Exc L5/6 IT Car3",0.0182890030848666,6.77543381356995,2.32283965287802,0.128332950705417,0.498550829244876,0.548099514268931,"cogn_se_lv"
"5766","GSDME","Exc L5/6 IT Car3",0.0294545373768128,4.80786854137009,3.83001475003188,0.0510866927795032,0.359498949189097,0.382137331318247,"cogn_se_lv"
"5767","OSBPL3","Exc L5/6 IT Car3",0.0126926725658863,7.18439713874231,0.489088271863325,0.484769374341428,0.802992215166783,0.851565730137194,"cogn_se_lv"
"5768","CYCS","Exc L5/6 IT Car3",-0.0756716651927602,5.78640145921802,5.67499146815722,0.0177080058909583,0.252582972397178,0.245873156103338,"cogn_se_lv"
"5769","NFE2L3","Exc L5/6 IT Car3",-0.000899059726439182,2.84635383959594,0.000359912531166024,0.984874077574167,0.998390354534415,0.999870711362408,"cogn_se_lv"
"5770","HNRNPA2B1","Exc L5/6 IT Car3",-0.04699972005942,7.03085887783434,15.7920312922951,8.48588674703781e-05,0.0277867653270025,0.0165782142608112,"cogn_se_lv"
"5771","CBX3","Exc L5/6 IT Car3",-0.035794833024172,5.36818992988721,6.4208522853307,0.011686565749103,0.215643586296606,0.205200319545433,"cogn_se_lv"
"5772","SNX10","Exc L5/6 IT Car3",-0.00187224281310899,6.4873425116515,0.0322768042486121,0.857518869116052,0.973621837474622,0.985091885608501,"cogn_se_lv"
"5773","AC004540.1","Exc L5/6 IT Car3",0.0319982299990104,4.61451857090636,1.40884073768644,0.236002959620477,0.623140686898157,0.681056357605471,"cogn_se_lv"
"5774","SKAP2","Exc L5/6 IT Car3",-0.00125441285252656,7.271785677349,0.00830917738331305,0.92741852136095,0.991538479686899,0.995639170360381,"cogn_se_lv"
"5775","HIBADH","Exc L5/6 IT Car3",0.0166583053455301,6.2706209741894,1.75009226750522,0.186674108199326,0.574138328919705,0.627562739904508,"cogn_se_lv"
"5776","TAX1BP1","Exc L5/6 IT Car3",-0.0174640137572298,7.21661521559909,3.53713758979158,0.0607863869212374,0.383402661769608,0.411292138153709,"cogn_se_lv"
"5777","JAZF1","Exc L5/6 IT Car3",0.0152205861038899,8.38830653879741,2.27815289605337,0.132053112278409,0.50279983506935,0.554691370512593,"cogn_se_lv"
"5778","JAZF1-AS1","Exc L5/6 IT Car3",0.0388239906039255,5.11528780068224,3.65208126626332,0.0567640639676862,0.375096154771443,0.400546934112734,"cogn_se_lv"
"5779","CREB5","Exc L5/6 IT Car3",-0.0198464301893949,6.31996123865469,0.563317718339834,0.453398903706319,0.785113151561046,0.836470264389972,"cogn_se_lv"
"5780","TRIL","Exc L5/6 IT Car3",-0.045683013978728,2.81372479797433,2.43622323345979,0.119407859346128,0.48966526913953,0.533957666118234,"cogn_se_lv"
"5781","AC005162.3","Exc L5/6 IT Car3",-0.0166643550310665,6.86981729424757,1.12547436377551,0.289427924555058,0.669067322814839,0.729146586312694,"cogn_se_lv"
"5782","CPVL","Exc L5/6 IT Car3",0.00971398924854334,5.0564008862941,0.319229646421748,0.572410004249124,0.849589156658696,0.892049942217581,"cogn_se_lv"
"5783","AC007255.1","Exc L5/6 IT Car3",0.014102851021027,2.30465617276737,0.134740278320124,0.713774695894141,0.917720991268221,0.947903663062895,"cogn_se_lv"
"5784","WIPF3","Exc L5/6 IT Car3",-0.0234656914942442,6.33740328014083,3.02395619655948,0.082866651419634,0.428394505673202,0.4653509140384,"cogn_se_lv"
"5785","SCRN1","Exc L5/6 IT Car3",-0.00554942324433959,6.34231992586162,0.266504819051379,0.605991410701677,0.868278273580553,0.907332102885808,"cogn_se_lv"
"5786","AC007285.1","Exc L5/6 IT Car3",0.048648706082905,3.54399024719686,4.38195766531152,0.0369949490096776,0.322198978685077,0.335651049771169,"cogn_se_lv"
"5787","FKBP14","Exc L5/6 IT Car3",0.0199284491980392,4.83570403892199,1.37875600646598,0.241060939619533,0.626366937057414,0.685723634267339,"cogn_se_lv"
"5788","PLEKHA8","Exc L5/6 IT Car3",0.0025509454667259,5.21876286728696,0.0333594173918837,0.85517514765559,0.972881064401809,0.984613174022237,"cogn_se_lv"
"5789","MTURN","Exc L5/6 IT Car3",-0.00386357575883004,7.01828962007643,0.0883282273060805,0.766478467346476,0.942146573736388,0.963684686067599,"cogn_se_lv"
"5790","ZNRF2","Exc L5/6 IT Car3",-0.0137022982156881,4.92717776440929,0.830849729246191,0.362614576710606,0.726645616611487,0.782986042836286,"cogn_se_lv"
"5791","AC006978.2","Exc L5/6 IT Car3",-0.00403754273582667,4.66878289525985,0.0718736957680283,0.966940772370734,0.997621680933237,0.99892010896344,"cogn_se_lv"
"5792","NOD1","Exc L5/6 IT Car3",0.0145719801632197,3.07437965107465,0.289065474195748,0.591140058768199,0.859590587528647,0.90103279861225,"cogn_se_lv"
"5793","GGCT","Exc L5/6 IT Car3",-0.0191974981186247,3.68542570696138,0.675353936149766,0.411715216709578,0.761993598012055,0.814442734713885,"cogn_se_lv"
"5794","AC005154.6","Exc L5/6 IT Car3",0.0295480699195429,6.0682210786799,5.3675330660719,0.0210550446515669,0.273598817644315,0.266973685613706,"cogn_se_lv"
"5795","GARS","Exc L5/6 IT Car3",-0.0379364848740984,5.56507116669441,5.99144515986431,0.0148348000093291,0.235398158256212,0.227835404849804,"cogn_se_lv"
"5796","CRHR2","Exc L5/6 IT Car3",0.0792749421765995,1.17064335950835,0.99863219350875,0.318288371315945,0.692808967221059,0.753234044551329,"cogn_se_lv"
"5797","ADCYAP1R1","Exc L5/6 IT Car3",-0.0421295751854146,1.5842747335866,0.640356025319079,0.42409034371009,0.76971356334266,0.821378676157125,"cogn_se_lv"
"5798","NEUROD6","Exc L5/6 IT Car3",-0.0207531037885393,3.325970232465,0.241712563512494,0.623260601168673,0.875432241990905,0.914568912968141,"cogn_se_lv"
"5799","PDE1C","Exc L5/6 IT Car3",-0.0688674813185376,4.57616647961333,2.16176542073505,0.142323547936157,0.517937905589373,0.56972108680536,"cogn_se_lv"
"5800","LSM5","Exc L5/6 IT Car3",0.0363615123522446,4.4832570803976,2.64771797552905,0.104541551994492,0.464595577590306,0.506635777245106,"cogn_se_lv"
"5801","AVL9","Exc L5/6 IT Car3",0.0134738341692924,6.95148313839498,1.96625445853782,0.161676164995026,0.545290633800999,0.59697195294084,"cogn_se_lv"
"5802","KBTBD2","Exc L5/6 IT Car3",0.0195000988646454,4.13549658914249,1.47083032846336,0.225980877478482,0.614844310270117,0.671536888711652,"cogn_se_lv"
"5803","FKBP9","Exc L5/6 IT Car3",-0.00572329128643306,3.72677824349921,0.0795943459750212,0.986992201270118,0.998407505464475,0.999870711362408,"cogn_se_lv"
"5804","NT5C3A","Exc L5/6 IT Car3",0.0179195260074036,5.26924018723064,2.68543410296472,0.108992454372269,0.471421644788762,0.514558958886271,"cogn_se_lv"
"5805","RP9","Exc L5/6 IT Car3",0.00413307026513146,3.63332181682569,0.0489579295871029,0.825007434285542,0.964248646577592,0.978274930692417,"cogn_se_lv"
"5806","BBS9","Exc L5/6 IT Car3",-0.00351203479129889,7.27999944655444,0.0686489618967543,0.793458512260091,0.952216125954876,0.971146895134011,"cogn_se_lv"
"5807","BMPER","Exc L5/6 IT Car3",0.00383786430269611,8.19391664593853,0.0518876636862744,0.8199351459285,0.96194556303092,0.977272530378982,"cogn_se_lv"
"5808","AC009262.1","Exc L5/6 IT Car3",0.07377839776716,1.87647342302673,1.80201005346059,0.180284638392172,0.566621738397059,0.620276537227002,"cogn_se_lv"
"5809","NPSR1","Exc L5/6 IT Car3",0.0392063329499486,1.47807287616964,0.667043701758603,0.414604582956805,0.763489517254526,0.81580848323155,"cogn_se_lv"
"5810","DPY19L1","Exc L5/6 IT Car3",0.00562174178609733,5.1980635993653,0.1332422025742,0.715300323273846,0.918444182811988,0.948526393659977,"cogn_se_lv"
"5811","HERPUD2","Exc L5/6 IT Car3",0.0087486588024582,5.20661544297118,0.511277588885057,0.475032810719206,0.797160913358641,0.847321788257323,"cogn_se_lv"
"5812","AC018647.2","Exc L5/6 IT Car3",0.0784058100585746,2.04757192493172,3.62734663094249,0.0576049979877957,0.376670850125698,0.402872421970266,"cogn_se_lv"
"5813","SEPT7-AS1","Exc L5/6 IT Car3",0.0265366250636582,3.28746627473855,1.30533634321864,0.253972286363753,0.637901285475604,0.698499617535293,"cogn_se_lv"
"5814","SEPT7","Exc L5/6 IT Car3",-0.0321201550074878,7.97675725946646,10.1434702657549,0.00156975543121268,0.0955024320442973,0.0798874089999387,"cogn_se_lv"
"5815","EEPD1","Exc L5/6 IT Car3",-0.0318394626097476,5.30084868214526,2.18485454166493,0.140216609923168,0.514283514470344,0.566333601088761,"cogn_se_lv"
"5816","KIAA0895","Exc L5/6 IT Car3",0.00524335935939972,5.06825321958283,0.118886387749814,0.730439426700336,0.925604180890752,0.953385837646007,"cogn_se_lv"
"5817","ANLN","Exc L5/6 IT Car3",-0.0841686400065013,2.72438751609656,7.8126870721048,0.00545575559767978,0.159113467050328,0.145084570577606,"cogn_se_lv"
"5818","AOAH","Exc L5/6 IT Car3",-0.0110194243286152,4.19064391314671,0.232151205134101,0.630215373724153,0.879250711777238,0.917576910399531,"cogn_se_lv"
"5819","ELMO1","Exc L5/6 IT Car3",0.00527082136786804,7.61183976544022,0.127029331494931,0.721733389261106,0.92177303792645,0.950433707727444,"cogn_se_lv"
"5820","ELMO1-AS1","Exc L5/6 IT Car3",-0.0350703483781259,2.06512329207984,0.465191993733275,0.495629969686785,0.80979524594201,0.856944859886518,"cogn_se_lv"
"5821","EPDR1","Exc L5/6 IT Car3",-0.0167628414537123,5.29299618598626,0.794347798452172,0.373362186048082,0.733583142508685,0.790276973340059,"cogn_se_lv"
"5822","SFRP4","Exc L5/6 IT Car3",0.0560335332134354,1.77649742261857,1.1115607858914,0.292424134482808,0.671802870531484,0.731740186369602,"cogn_se_lv"
"5823","STARD3NL","Exc L5/6 IT Car3",0.000679441724785376,4.76263459423393,0.00233648685464993,0.961473316080592,0.997053628956036,0.998669553021838,"cogn_se_lv"
"5824","AMPH","Exc L5/6 IT Car3",-0.026691146431686,8.53378195172825,4.57164353029028,0.0331535107672148,0.310690335799258,0.321130121490351,"cogn_se_lv"
"5825","VPS41","Exc L5/6 IT Car3",0.0128670998957215,7.38742931326099,1.57786135145093,0.209853785938004,0.597972554265113,0.653237759504435,"cogn_se_lv"
"5826","POU6F2","Exc L5/6 IT Car3",-0.00307061538064534,8.48594883973123,0.0520741751241696,0.819617395423453,0.96194556303092,0.977237147560409,"cogn_se_lv"
"5827","POU6F2-AS2","Exc L5/6 IT Car3",0.054906650972276,2.0066465249487,1.19565509508981,0.274896209482738,0.657445384175322,0.717544799748052,"cogn_se_lv"
"5828","YAE1D1","Exc L5/6 IT Car3",-0.00564121389686184,4.84404650439827,0.110520314402879,0.739738954017978,0.930797359360369,0.956312388838752,"cogn_se_lv"
"5829","RALA","Exc L5/6 IT Car3",0.0234078707764094,5.49907679986527,3.50134505142834,0.0621002344959648,0.386264237458181,0.414791325324788,"cogn_se_lv"
"5830","LINC00265","Exc L5/6 IT Car3",0.0307369725134048,2.77387053615917,1.02732585643915,0.311443403435674,0.686692547116766,0.748093889527513,"cogn_se_lv"
"5831","CDK13","Exc L5/6 IT Car3",-0.00358233325698383,7.8620290629386,0.151591827883039,0.697240557640827,0.90839661317312,0.942116496767345,"cogn_se_lv"
"5832","MPLKIP","Exc L5/6 IT Car3",-0.0189570501077873,4.31719099524706,1.25106104385371,0.264068442134297,0.647135879688985,0.708016025764353,"cogn_se_lv"
"5833","SUGCT","Exc L5/6 IT Car3",0.00515735256973111,4.65841700507701,0.0642943488560484,0.799972400422101,0.954829784589432,0.972892211254289,"cogn_se_lv"
"5834","INHBA","Exc L5/6 IT Car3",-0.073307888736665,2.59418629489039,1.43468799553445,0.231760077772098,0.620423337521824,0.677726464817935,"cogn_se_lv"
"5835","MRPL32","Exc L5/6 IT Car3",0.00436388607204205,4.37946425841375,0.0456737039068264,0.830886597576276,0.966177555530849,0.979529708085273,"cogn_se_lv"
"5836","AC005537.1","Exc L5/6 IT Car3",-0.0303934192038384,5.44234760091611,2.98832382359583,0.0846929335650884,0.432026598464273,0.469479622381067,"cogn_se_lv"
"5837","HECW1","Exc L5/6 IT Car3",0.0225606399041309,8.90219746765425,2.80283199891499,0.0949347020952094,0.448015821496222,0.488660530166882,"cogn_se_lv"
"5838","STK17A","Exc L5/6 IT Car3",0.020644253488413,3.02659538754988,0.611170432911386,0.434842518067513,0.773613831177909,0.82659505990721,"cogn_se_lv"
"5839","COA1","Exc L5/6 IT Car3",0.0194847842593492,6.51659145939181,2.66963597873974,0.103121603278072,0.462584975531369,0.503827783285015,"cogn_se_lv"
"5840","BLVRA","Exc L5/6 IT Car3",0.0203958795735621,3.91983037087593,1.27653302444167,0.25926937881543,0.642009821242708,0.703327584767464,"cogn_se_lv"
"5841","URGCP","Exc L5/6 IT Car3",0.00772703785705527,5.478254130125,0.370954941641351,0.596780466890527,0.862713825422244,0.903514269309003,"cogn_se_lv"
"5842","UBE2D4","Exc L5/6 IT Car3",0.00250548558613368,4.165306831582,0.0221382614003254,0.881800141630141,0.98184006718356,0.988985050514498,"cogn_se_lv"
"5843","SPDYE1","Exc L5/6 IT Car3",0.0789703256344878,2.93926245283055,2.96916335676371,0.0856929951518093,0.433886165002653,0.471496773177654,"cogn_se_lv"
"5844","AC004951.1","Exc L5/6 IT Car3",-0.00321997469530352,3.23289092079529,0.0136019159215591,0.90721809570649,0.988046599173653,0.993156308200651,"cogn_se_lv"
"5845","LINC00957","Exc L5/6 IT Car3",0.024967940055919,2.56932342290231,0.599676646648412,0.616833819724707,0.873193350247372,0.91188346815754,"cogn_se_lv"
"5846","DBNL","Exc L5/6 IT Car3",0.00297586900935451,4.57114638581468,0.0471687119675553,0.828183804706789,0.96520240999292,0.978896725363532,"cogn_se_lv"
"5847","POLM","Exc L5/6 IT Car3",0.0503252696802934,2.66302302212047,2.79839518987454,0.0951956564539884,0.448335955095724,0.489000703806705,"cogn_se_lv"
"5848","POLD2","Exc L5/6 IT Car3",0.0082952192607135,3.73678154032544,0.16210991729059,0.687451584452357,0.902774616430194,0.938824888815055,"cogn_se_lv"
"5849","YKT6","Exc L5/6 IT Car3",0.0267093888680604,3.77902270609237,1.87985551622044,0.171173427033923,0.557772399333489,0.609247228597501,"cogn_se_lv"
"5850","CAMK2B","Exc L5/6 IT Car3",-0.0407267728397611,8.63026511004713,10.529370851078,0.00128086517706895,0.0896023412504146,0.0727269052743732,"cogn_se_lv"
"5851","NUDCD3","Exc L5/6 IT Car3",-0.00645013530888628,6.8546308767599,0.560142445324409,0.454673652627349,0.78569812642431,0.837191002776817,"cogn_se_lv"
"5852","NPC1L1","Exc L5/6 IT Car3",0.109511705769231,1.46634222843457,2.30336515534297,0.129939584427703,0.500474253092376,0.551343113742776,"cogn_se_lv"
"5853","DDX56","Exc L5/6 IT Car3",-0.0372036854948307,3.96437280569334,3.97262588504374,0.0469723669725511,0.350754355995906,0.368851186662048,"cogn_se_lv"
"5854","TMED4","Exc L5/6 IT Car3",-0.000404495007137784,5.0204446589347,0.0007248932609441,0.978534849933986,0.998390354534415,0.999693731926281,"cogn_se_lv"
"5855","OGDH","Exc L5/6 IT Car3",-0.00498716945558737,6.2370686613229,0.250779768431518,0.616821386654834,0.873193350247372,0.91188346815754,"cogn_se_lv"
"5856","ZMIZ2","Exc L5/6 IT Car3",-0.00456596013382774,5.46799713048518,0.108544512495699,0.74199190385,0.932184114306245,0.956929390304924,"cogn_se_lv"
"5857","PPIA","Exc L5/6 IT Car3",-0.0773046495837851,6.91415183385675,6.33432362942516,0.0122601960274743,0.219911907765536,0.209409673985334,"cogn_se_lv"
"5858","H2AFV","Exc L5/6 IT Car3",-0.0200015766861817,5.62372820672981,1.44560280563608,0.229996166289764,0.619071574163407,0.675982083257945,"cogn_se_lv"
"5859","PURB","Exc L5/6 IT Car3",-0.0269110973393341,5.37983267211704,3.12749076870093,0.0777979697696057,0.420387560324412,0.454402072186652,"cogn_se_lv"
"5860","SNHG15","Exc L5/6 IT Car3",-0.0430597198640584,2.87831971758945,1.75652378031849,0.185868447745155,0.572962516571504,0.626450809216269,"cogn_se_lv"
"5861","CCM2","Exc L5/6 IT Car3",0.00480000509256709,5.50928766155788,0.148743680913313,0.970910565049419,0.998267578294294,0.999102668702867,"cogn_se_lv"
"5862","NACAD","Exc L5/6 IT Car3",-0.0108068004347928,3.62971321794434,0.197448136622771,0.657045799935226,0.890074349880228,0.927533927294888,"cogn_se_lv"
"5863","TBRG4","Exc L5/6 IT Car3",-0.0456570402684692,3.61358817818331,3.79302610141302,0.0522151296312062,0.361741535754187,0.385990329222649,"cogn_se_lv"
"5864","ADCY1","Exc L5/6 IT Car3",-0.0051228289377311,7.57230561472328,0.30086518714161,0.583668088755252,0.855777482563133,0.897616146084375,"cogn_se_lv"
"5865","TNS3","Exc L5/6 IT Car3",-0.135555801100628,2.79301865613809,10.03664347472,0.00166088505018281,0.0971689599082161,0.0812002654573178,"cogn_se_lv"
"5866","HUS1","Exc L5/6 IT Car3",-0.00933381672832862,4.67183876867526,0.419007295624332,0.51783025454969,0.820254133279015,0.86748667343065,"cogn_se_lv"
"5867","SUN3","Exc L5/6 IT Car3",0.0731233344883223,2.23134260004564,3.03825000235787,0.0821460849625107,0.426527748843806,0.464117613806426,"cogn_se_lv"
"5868","UPP1","Exc L5/6 IT Car3",0.0143460691519078,3.95508524583183,0.610653403677707,0.435036714429637,0.773655539065417,0.826619967988534,"cogn_se_lv"
"5869","VWC2","Exc L5/6 IT Car3",0.00508185768427108,7.21432681550418,0.0905580420255409,0.763636286109673,0.941167215918009,0.963037432968516,"cogn_se_lv"
"5870","ZPBP","Exc L5/6 IT Car3",-0.0187459179811469,2.90120947985956,0.309703749815621,0.578195145995867,0.85364766854148,0.895156134290985,"cogn_se_lv"
"5871","FIGNL1","Exc L5/6 IT Car3",-0.00678334558408355,3.52115273552675,0.0921219352785235,0.761665608889431,0.940697674408823,0.96244634513051,"cogn_se_lv"
"5872","GRB10","Exc L5/6 IT Car3",0.000115120413829863,6.5776034569893,8.04620593125523e-05,0.992847806799766,0.999242764926216,0.999870711362408,"cogn_se_lv"
"5873","AC004830.1","Exc L5/6 IT Car3",-0.0283904998045817,1.98960740636886,0.390925197307097,0.53219511139255,0.826736929881028,0.87384705795557,"cogn_se_lv"
"5874","COBL","Exc L5/6 IT Car3",-0.00674118334301166,7.80896466120734,0.189500723985228,0.663583811266303,0.89372143654401,0.929942341114858,"cogn_se_lv"
"5875","LINC01446","Exc L5/6 IT Car3",-0.0707556098433682,1.01867682854075,0.832177600747756,0.362231753766319,0.726067555413343,0.782574295482593,"cogn_se_lv"
"5876","VSTM2A","Exc L5/6 IT Car3",-0.00121949760052559,6.12105708828606,0.0044124735991226,0.947073835709051,0.994804925328349,0.997673145847928,"cogn_se_lv"
"5877","SEC61G","Exc L5/6 IT Car3",-0.0448383283457493,3.36523306982977,1.77385415324706,0.183717602075976,0.5701580754082,0.624123116322769,"cogn_se_lv"
"5878","ELDR","Exc L5/6 IT Car3",0.0524097651416726,1.6388317731736,0.942576667678677,0.332244069177894,0.702034195228654,0.762109524800828,"cogn_se_lv"
"5879","LANCL2","Exc L5/6 IT Car3",0.00810598745604247,5.0124134149724,0.390815049410551,0.788159151355287,0.950455876050181,0.96963752779521,"cogn_se_lv"
"5880","VOPP1","Exc L5/6 IT Car3",0.0109410247077636,4.23537450344085,0.281303094800027,0.59616342455935,0.862418526343623,0.90326384849346,"cogn_se_lv"
"5881","SEPT14","Exc L5/6 IT Car3",-0.0171517773610265,1.61427727430718,0.143820363876985,0.70472761660882,0.912568784847971,0.945013459564546,"cogn_se_lv"
"5882","AC092647.5","Exc L5/6 IT Car3",0.0271556013761755,2.40897854556747,0.685373204184232,0.408271003969858,0.759734535246974,0.81228599031878,"cogn_se_lv"
"5883","NIPSNAP2","Exc L5/6 IT Car3",0.0286323192702722,5.59224312712007,4.49957098471715,0.034561253885255,0.314097878238464,0.326288318373661,"cogn_se_lv"
"5884","PSPH","Exc L5/6 IT Car3",-0.00508371579383796,4.26943851640508,0.085131251031748,0.770622404202138,0.943386117013167,0.964792622180701,"cogn_se_lv"
"5885","CCT6A","Exc L5/6 IT Car3",-0.0281813256620437,4.76521757392733,2.19813657859878,0.139020533509682,0.512544418651555,0.564717558961296,"cogn_se_lv"
"5886","SUMF2","Exc L5/6 IT Car3",0.0384746653350997,5.05374710525415,5.36073652282692,0.0211360543990507,0.273598817644315,0.267297225357225,"cogn_se_lv"
"5887","PHKG1","Exc L5/6 IT Car3",0.0134289272959618,2.57199460165178,0.234171342859599,0.628731409311788,0.878152787491429,0.917257683534576,"cogn_se_lv"
"5888","CHCHD2","Exc L5/6 IT Car3",-0.063144515809566,5.7606170362918,4.12276330947598,0.043017651716802,0.338987025049454,0.357578726081384,"cogn_se_lv"
"5889","AC092634.3","Exc L5/6 IT Car3",0.00105020236186693,2.42100817110026,0.000636527075845793,0.979885383746322,0.998390354534415,0.999832353725055,"cogn_se_lv"
"5890","ZNF727","Exc L5/6 IT Car3",-0.0151301355496289,3.57940209837068,0.236036607920333,0.627368213077622,0.877505843793929,0.916565461463524,"cogn_se_lv"
"5891","ZNF736","Exc L5/6 IT Car3",0.0248083113956894,5.15965948802382,2.234835397251,0.135774984483542,0.507838355021727,0.560078478660684,"cogn_se_lv"
"5892","ZNF680","Exc L5/6 IT Car3",-0.0269366157750427,4.8481170385828,2.14657135335389,0.143729529503962,0.520225178519751,0.571951540810113,"cogn_se_lv"
"5893","ZNF107","Exc L5/6 IT Car3",0.026729266201244,3.65344361643828,1.53179366094807,0.496480028378259,0.810277332233811,0.857271032537083,"cogn_se_lv"
"5894","ZNF138","Exc L5/6 IT Car3",-0.000697593967782328,5.65943230751295,0.00197606076505549,0.96456713600539,0.997621680933237,0.998906195013116,"cogn_se_lv"
"5895","ZNF273","Exc L5/6 IT Car3",-0.00809598642521723,5.26899167775555,0.227468098482356,0.633686379446961,0.881590449235664,0.919074761557661,"cogn_se_lv"
"5896","ZNF117","Exc L5/6 IT Car3",-0.00078686664190782,3.90788971297547,0.00121884972368517,0.972168530685579,0.998267578294294,0.999168704792913,"cogn_se_lv"
"5897","ZNF92","Exc L5/6 IT Car3",-0.00169412089933399,3.32446146542686,0.00645315910974598,0.936016565112232,0.993811309905295,0.99702991079766,"cogn_se_lv"
"5898","VKORC1L1","Exc L5/6 IT Car3",0.0157240939838342,6.70830712886658,2.25538720731424,0.133994682712167,0.504976930664488,0.556824383543924,"cogn_se_lv"
"5899","GUSB","Exc L5/6 IT Car3",0.023180697774444,5.60190620502899,2.82933229033222,0.0933922488442237,0.44488808576032,0.48622584816709,"cogn_se_lv"
"5900","ASL","Exc L5/6 IT Car3",0.0487334282368259,3.5250210998261,4.0472124103801,0.0449617364250091,0.344574496692354,0.362716632676047,"cogn_se_lv"
"5901","AC068533.4","Exc L5/6 IT Car3",0.0609741784021022,4.02526638139167,6.25561069821463,0.0128072508729616,0.22423616716141,0.213515178754974,"cogn_se_lv"
"5902","CRCP","Exc L5/6 IT Car3",-0.0169806642358609,3.64519695358232,0.840202867401203,0.359929942273265,0.724283709673842,0.781008532592893,"cogn_se_lv"
"5903","AC068533.3","Exc L5/6 IT Car3",0.0438658079522627,3.03045963841262,1.92479894592153,0.166155439670184,0.551581582511678,0.602652628327306,"cogn_se_lv"
"5904","TPST1","Exc L5/6 IT Car3",0.00250485248861693,7.44749368275439,0.0523018423824548,0.81923034016193,0.961705181929222,0.977237147560409,"cogn_se_lv"
"5905","AC008267.5","Exc L5/6 IT Car3",0.0282959995385382,2.65352140904778,0.800284529479636,0.371584154276217,0.732319136164808,0.789070229403069,"cogn_se_lv"
"5906","AC027644.4","Exc L5/6 IT Car3",0.0255079007778627,5.70777356022801,2.27284542326641,0.132502924212535,0.503413419689932,0.555448690512659,"cogn_se_lv"
"5907","RABGEF1","Exc L5/6 IT Car3",-0.00822380752831722,3.04532282917861,0.0986226567174893,0.816656128745771,0.959947755253107,0.976917099072405,"cogn_se_lv"
"5908","AC027644.3","Exc L5/6 IT Car3",-0.00870115657235341,1.98593545243487,0.0425751859682073,0.836639623018255,0.967115719302831,0.980787712965308,"cogn_se_lv"
"5909","TMEM248","Exc L5/6 IT Car3",0.00352589282577538,5.61223072311717,0.105675808109194,0.745303846939751,0.933596030449178,0.957870704953542,"cogn_se_lv"
"5910","SBDS","Exc L5/6 IT Car3",-0.0955530933803368,5.01421032576579,14.8576433792492,0.000136455985374142,0.0340451001343853,0.021937016296886,"cogn_se_lv"
"5911","TYW1","Exc L5/6 IT Car3",0.0196628621016481,6.40986102735959,3.07654164423272,0.0802489969709411,0.422408291229972,0.459737632009755,"cogn_se_lv"
"5912","AC006480.2","Exc L5/6 IT Car3",-0.02059249483011,4.0880658361357,0.615467186766001,0.433233761106593,0.77353077346411,0.825869250835887,"cogn_se_lv"
"5913","LINC01372","Exc L5/6 IT Car3",-0.00344641357308668,2.45305379305841,0.012027575056102,0.97671268938146,0.998267578294294,0.999481105410931,"cogn_se_lv"
"5914","AC093655.1","Exc L5/6 IT Car3",0.061302197247881,1.64400861140505,1.40624527061376,0.236434198624661,0.623282342725853,0.681275948424082,"cogn_se_lv"
"5915","AC092100.1","Exc L5/6 IT Car3",-0.0238913932819967,2.11766800161424,0.349122395964331,0.554967547442444,0.839929682996154,0.884550486850169,"cogn_se_lv"
"5916","AUTS2","Exc L5/6 IT Car3",-0.0265221732652926,9.72276845137815,4.07478767499811,0.0442416184902138,0.342351085321161,0.360866839000504,"cogn_se_lv"
"5917","GALNT17","Exc L5/6 IT Car3",0.0488473076928502,8.45744531903444,9.6917562613354,0.00199358081059899,0.105201202576441,0.0888402504526325,"cogn_se_lv"
"5918","CALN1","Exc L5/6 IT Car3",-0.0312638315124122,8.47830230162891,3.93297670272441,0.0480797463963487,0.353049189458432,0.372723083541786,"cogn_se_lv"
"5919","TYW1B","Exc L5/6 IT Car3",0.0178542358383874,5.38624017796632,1.1580125920314,0.282572372382718,0.662539096936755,0.723455911896123,"cogn_se_lv"
"5920","POM121","Exc L5/6 IT Car3",-0.00619966432171778,6.02933034679847,0.363672830819088,0.728707823333595,0.924999994394571,0.952980420485531,"cogn_se_lv"
"5921","AC211476.2","Exc L5/6 IT Car3",0.0293470538186393,1.65412071816467,0.389100825549051,0.649664997697541,0.88742216518162,0.924525938468218,"cogn_se_lv"
"5922","NSUN5","Exc L5/6 IT Car3",-0.0210942903586347,4.44038256897321,1.4456752167087,0.229984518453862,0.619071574163407,0.675982083257945,"cogn_se_lv"
"5923","BAZ1B","Exc L5/6 IT Car3",-0.00100928540395577,6.16299948859423,0.00972156360388435,0.92151033477834,0.990974669133532,0.994959962933573,"cogn_se_lv"
"5924","BCL7B","Exc L5/6 IT Car3",-0.0349654405382975,5.00112178587423,3.22778192420747,0.0732061919413675,0.412732658561907,0.443357105318946,"cogn_se_lv"
"5925","TBL2","Exc L5/6 IT Car3",0.00407260198614468,3.03025764149683,0.0279786393724675,0.867249532520625,0.976440873911216,0.986852254670782,"cogn_se_lv"
"5926","MLXIPL","Exc L5/6 IT Car3",-0.0121813935566961,5.26160873394789,0.42651824444239,0.51410396770189,0.818677978297294,0.866163902860828,"cogn_se_lv"
"5927","VPS37D","Exc L5/6 IT Car3",0.0256352437925681,2.2780517249925,0.517314657112357,0.472438979066263,0.795751966201384,0.846098402103952,"cogn_se_lv"
"5928","DNAJC30","Exc L5/6 IT Car3",0.0118252146128406,3.38827446249924,0.244777389615775,0.732297596572664,0.927042856893419,0.953928388215743,"cogn_se_lv"
"5929","BUD23","Exc L5/6 IT Car3",-0.00709108032517521,4.64312983849888,0.192965192654765,0.660713997809881,0.892095015618499,0.928951600928546,"cogn_se_lv"
"5930","STX1A","Exc L5/6 IT Car3",0.006337567543397,6.14257654819297,0.156983169579445,0.692175509435105,0.905224673072746,0.940223363682234,"cogn_se_lv"
"5931","ABHD11","Exc L5/6 IT Car3",0.0693794236722912,2.8204354250289,5.21893158332743,0.0229023045671565,0.2800171352036,0.275468852754952,"cogn_se_lv"
"5932","METTL27","Exc L5/6 IT Car3",0.116381576123615,1.63956709356569,4.47256179476682,0.0351048497048225,0.315574554297441,0.328769249503159,"cogn_se_lv"
"5933","ELN","Exc L5/6 IT Car3",-0.00107093778228189,2.79607275136398,0.000829777654889476,0.977034804104312,0.998267578294294,0.999494075301937,"cogn_se_lv"
"5934","LIMK1","Exc L5/6 IT Car3",0.00534805049566586,4.37027638178033,0.101706022198086,0.970138538623123,0.998267578294294,0.999099628483138,"cogn_se_lv"
"5935","EIF4H","Exc L5/6 IT Car3",-0.0247155976693059,5.65070242155861,1.79613359071292,0.180994939852739,0.56781769297972,0.620954104328609,"cogn_se_lv"
"5936","LAT2","Exc L5/6 IT Car3",0.0269705454438725,2.53926107817813,0.726912384907481,0.394431965407515,0.750811125246958,0.80418910993171,"cogn_se_lv"
"5937","RFC2","Exc L5/6 IT Car3",0.0197049317839172,2.99914853775407,0.674616463887342,0.411970420580688,0.762096947222495,0.814625205946074,"cogn_se_lv"
"5938","CLIP2","Exc L5/6 IT Car3",-0.00930230016316245,7.06812659897302,0.480935291784478,0.488429810043695,0.804970953647167,0.853545047559548,"cogn_se_lv"
"5939","GTF2IRD1","Exc L5/6 IT Car3",0.00593516392209967,5.28247398513186,0.0828701184853429,0.773604538873591,0.944977684995997,0.965648904141795,"cogn_se_lv"
"5940","GTF2I","Exc L5/6 IT Car3",-0.0137286109370439,8.2075452371209,3.75735698895063,0.0533284249293887,0.365741737817866,0.390299528157484,"cogn_se_lv"
"5941","GTF2IRD2","Exc L5/6 IT Car3",-0.0517970000143335,2.76193306398333,2.68796234458214,0.101950597074158,0.460969387011202,0.501679888984437,"cogn_se_lv"
"5942","CASTOR2","Exc L5/6 IT Car3",0.0144942191460474,5.49517161573603,0.653068590489312,0.419531869704694,0.766634466249731,0.818730176062933,"cogn_se_lv"
"5943","RCC1L","Exc L5/6 IT Car3",0.0414683269393959,4.13552152535359,5.81056910948447,0.0164122929209468,0.244753089199003,0.238454168005039,"cogn_se_lv"
"5944","GTF2IRD2B","Exc L5/6 IT Car3",0.0399187966132922,3.09099374386182,1.67415208088618,0.196502464925659,0.584494189255101,0.638412186749138,"cogn_se_lv"
"5945","AC211486.5","Exc L5/6 IT Car3",0.0474419990818546,2.9131861718619,1.35612941748187,0.244952339311214,0.63029869620458,0.689480119592866,"cogn_se_lv"
"5946","TRIM73","Exc L5/6 IT Car3",-0.021322297336003,3.49485278737941,0.423938801795448,0.515378360168281,0.819577819947375,0.866547709539894,"cogn_se_lv"
"5947","POM121C","Exc L5/6 IT Car3",0.00940802368122313,6.17559663191102,0.804463598227883,0.446589806236667,0.781075074328528,0.833171700824912,"cogn_se_lv"
"5948","SPDYE5","Exc L5/6 IT Car3",0.0957703254561281,4.16239957269171,5.05083183524376,0.0251969388313333,0.289624594467898,0.286487184881741,"cogn_se_lv"
"5949","HIP1","Exc L5/6 IT Car3",0.0822582952089432,3.57663366005197,7.83645705839977,0.00538595137991465,0.158783522830177,0.144208086875593,"cogn_se_lv"
"5950","RHBDD2","Exc L5/6 IT Car3",-0.0511900162868918,6.76676301960921,4.14299499268146,0.0425122659107226,0.337423296733378,0.355624087899211,"cogn_se_lv"
"5951","POR","Exc L5/6 IT Car3",-0.0212175156939193,5.025204918343,1.93532548941581,0.16500470993493,0.549658546731291,0.601122542113784,"cogn_se_lv"
"5952","TMEM120A","Exc L5/6 IT Car3",-0.0166386761559652,3.89703055137562,0.826774338104525,0.363793010857722,0.727161502689981,0.783923380967824,"cogn_se_lv"
"5953","STYXL1","Exc L5/6 IT Car3",0.0269329531956505,5.06115700521325,2.83593416997451,0.0930122575557583,0.444495773743159,0.48565969415127,"cogn_se_lv"
"5954","MDH2","Exc L5/6 IT Car3",-0.0419873868855192,4.79054145891764,2.52209984878028,0.113106745058414,0.47906529960313,0.522135394330423,"cogn_se_lv"
"5955","SRRM3","Exc L5/6 IT Car3",0.00972548136737187,7.79754105777828,0.543228996135447,0.461560104841797,0.789706505115648,0.840775494152476,"cogn_se_lv"
"5956","HSPB1","Exc L5/6 IT Car3",-0.00998403980075083,4.55536051721942,0.0297121546160564,0.863238292151705,0.97520643883247,0.986449781074542,"cogn_se_lv"
"5957","YWHAG","Exc L5/6 IT Car3",-0.0327634662735306,7.60720032862054,2.46714486054438,0.11709525163172,0.485359552950255,0.529525971753772,"cogn_se_lv"
"5958","SSC4D","Exc L5/6 IT Car3",0.124447846650967,1.61849248666423,6.04929920209467,0.0143640350066628,0.232208507093005,0.224287972874932,"cogn_se_lv"
"5959","ZP3","Exc L5/6 IT Car3",0.0788641129614028,2.34971070132279,3.89814818189563,0.0490753201798913,0.355317975084922,0.37591450399166,"cogn_se_lv"
"5960","DTX2","Exc L5/6 IT Car3",0.0083272102355642,3.61479655878114,0.151456855669321,0.697368683924926,0.9083967611377,0.942116496767345,"cogn_se_lv"
"5961","SPDYE16","Exc L5/6 IT Car3",0.0155076813143252,2.87751993568767,0.11329966247513,0.736607293143023,0.929175722488017,0.955277225759886,"cogn_se_lv"
"5962","POMZP3","Exc L5/6 IT Car3",0.0195056335868124,3.63458389289903,0.721544813595043,0.396181522998606,0.75209818459487,0.805403964818938,"cogn_se_lv"
"5963","CCDC146","Exc L5/6 IT Car3",0.0014424684924961,6.51647363485685,0.00552409638973441,0.940792140373483,0.994559076820161,0.997543659084972,"cogn_se_lv"
"5964","GSAP","Exc L5/6 IT Car3",0.0203688485019641,3.852042322131,0.476862571729252,0.490275591966283,0.806408414127543,0.854503559904206,"cogn_se_lv"
"5965","PTPN12","Exc L5/6 IT Car3",0.00170571282655376,6.17788147250593,0.0188491743110896,0.890873704142437,0.985508487276283,0.990615604154006,"cogn_se_lv"
"5966","APTR","Exc L5/6 IT Car3",0.0233276216856929,4.46860587641564,1.65813660104161,0.198652009491641,0.586224600150966,0.640707101357536,"cogn_se_lv"
"5967","RSBN1L","Exc L5/6 IT Car3",-0.0103500937290492,6.51366680331075,1.28103330668514,0.258432795523765,0.641172336092272,0.702554165333241,"cogn_se_lv"
"5968","TMEM60","Exc L5/6 IT Car3",-0.0233998648398392,3.10044426110555,0.520159842913657,0.471224495826833,0.794633044963293,0.845597927773998,"cogn_se_lv"
"5969","PHTF2","Exc L5/6 IT Car3",0.00544794042977129,7.43376991629612,0.186638210105045,0.665978636282301,0.894623771475196,0.930805713543491,"cogn_se_lv"
"5970","MAGI2","Exc L5/6 IT Car3",-0.0136285726958355,10.9523736483451,1.14156088036579,0.286012474021199,0.666121666947072,0.726701076577351,"cogn_se_lv"
"5971","AC006355.2","Exc L5/6 IT Car3",0.00867812319690948,1.85669089874273,0.036977163692446,0.847616007234791,0.971136553429121,0.983044049429311,"cogn_se_lv"
"5972","GNAI1","Exc L5/6 IT Car3",-0.00368505042921608,6.64977581532428,0.134037006393249,0.71448969740198,0.918092714621062,0.948208088976109,"cogn_se_lv"
"5973","CD36","Exc L5/6 IT Car3",0.0723777316100088,2.94307476057901,4.0445273724686,0.0450325144042339,0.344574496692354,0.36291970537908,"cogn_se_lv"
"5974","SEMA3C","Exc L5/6 IT Car3",0.0316862286949307,1.72094371069231,0.391546520919598,0.531869590019436,0.826671325785064,0.87368530512014,"cogn_se_lv"
"5975","HGF","Exc L5/6 IT Car3",-0.00700368659615038,5.25940986413501,0.0731774299517284,0.786914757359563,0.950159726158674,0.969207029553463,"cogn_se_lv"
"5976","CACNA2D1","Exc L5/6 IT Car3",0.0110276956982542,9.50791402254721,0.918733963492689,0.338427357154239,0.708818321530176,0.766550638656764,"cogn_se_lv"
"5977","PCLO","Exc L5/6 IT Car3",-0.007587885032116,9.2835588329804,0.597677753605708,0.43995419267518,0.776403982764389,0.829753862826836,"cogn_se_lv"
"5978","SEMA3E","Exc L5/6 IT Car3",-0.0375047282051661,1.97557245188778,0.893698681532402,0.345087835244546,0.714312799047237,0.770892823789753,"cogn_se_lv"
"5979","SEMA3A","Exc L5/6 IT Car3",-0.0337557232803564,5.18411346671549,0.985200350388127,0.321560575588611,0.69437593072944,0.755113068313624,"cogn_se_lv"
"5980","SEMA3D","Exc L5/6 IT Car3",-0.00975392378235581,1.34598312718073,0.0313414647249627,0.859576651300979,0.973786136438871,0.985386411386371,"cogn_se_lv"
"5981","GRM3","Exc L5/6 IT Car3",-0.0714267081577329,2.60189638892443,2.42888754980026,0.119963903773863,0.489738487304808,0.534945567286689,"cogn_se_lv"
"5982","KIAA1324L","Exc L5/6 IT Car3",0.0152225272457846,4.60383903600754,0.673088420564997,0.412499947729849,0.762102250535398,0.814863699168195,"cogn_se_lv"
"5983","DMTF1","Exc L5/6 IT Car3",-0.0049391809907936,6.11975513675469,0.134732105145525,0.713782993208617,0.917720991268221,0.947903663062895,"cogn_se_lv"
"5984","TMEM243","Exc L5/6 IT Car3",-0.0121219043287143,4.50991748554839,0.305482614092002,0.580796020681917,0.854958539972831,0.896356044961635,"cogn_se_lv"
"5985","TP53TG1","Exc L5/6 IT Car3",0.0238931757106994,2.14177812060002,0.440415799533187,0.507331056368083,0.816537950024118,0.862781255687295,"cogn_se_lv"
"5986","CROT","Exc L5/6 IT Car3",0.0211557957460209,4.16455552981775,1.34160303540685,0.247491199862737,0.63152960198077,0.692060473662654,"cogn_se_lv"
"5987","ABCB1","Exc L5/6 IT Car3",-0.0552164680899967,3.42708662158166,1.34032875632058,0.247715449400146,0.631695223504512,0.692213605459797,"cogn_se_lv"
"5988","RUNDC3B","Exc L5/6 IT Car3",-0.00790583414654924,7.38406863066708,0.694002575705876,0.405338425664039,0.757934301831652,0.810557712583726,"cogn_se_lv"
"5989","SLC25A40","Exc L5/6 IT Car3",-0.0151866807793103,5.1494200910522,1.3471211516739,0.24652298370835,0.630836782999834,0.690942312039359,"cogn_se_lv"
"5990","DBF4","Exc L5/6 IT Car3",0.00153122596685573,4.13525334962782,0.00910507176002201,0.924031983395636,0.991029770627074,0.995245789241456,"cogn_se_lv"
"5991","ADAM22","Exc L5/6 IT Car3",0.0346529626977798,8.89798874444017,6.95397436858851,0.00871235641779644,0.194605464832928,0.179598425945651,"cogn_se_lv"
"5992","SRI","Exc L5/6 IT Car3",-0.0571140550303204,5.33657053870379,8.26779882438419,0.00426653872419359,0.144284716019211,0.128104607823538,"cogn_se_lv"
"5993","AC003991.1","Exc L5/6 IT Car3",0.0303811472278395,5.35480105520476,1.5702705827274,0.210951263710036,0.598585727280052,0.654633355622198,"cogn_se_lv"
"5994","AC002127.2","Exc L5/6 IT Car3",0.0438477515056428,2.04967676172273,0.970372108999305,0.325224779364599,0.697784658360683,0.757980087180849,"cogn_se_lv"
"5995","ZNF804B","Exc L5/6 IT Car3",0.0106892945573994,10.6716490155939,0.481349709298946,0.488242642825516,0.804970953647167,0.853491978224039,"cogn_se_lv"
"5996","AC002383.1","Exc L5/6 IT Car3",0.0261382909781633,5.09569942869776,1.21653338656546,0.270751871853189,0.653645032580496,0.71409367554293,"cogn_se_lv"
"5997","STEAP1","Exc L5/6 IT Car3",0.0412549580463222,1.80109607657641,0.846655959275193,0.358093687847121,0.722480441660001,0.780023337074199,"cogn_se_lv"
"5998","STEAP2","Exc L5/6 IT Car3",-0.0103380837268453,5.15167643918531,0.627874707171383,0.428638717373697,0.77189630869187,0.823809215435663,"cogn_se_lv"
"5999","CFAP69","Exc L5/6 IT Car3",0.0157670340336969,5.46770169001079,1.59556473708877,0.207320463156408,0.595383826829096,0.650906133086537,"cogn_se_lv"
"6000","AC002064.1","Exc L5/6 IT Car3",-0.0207489510764053,2.74321703750071,0.490589750944134,0.48410021385137,0.802736924237929,0.851287336356031,"cogn_se_lv"
"6001","GTPBP10","Exc L5/6 IT Car3",0.0346588762686331,4.51109525235544,4.0334934561475,0.0453246095057332,0.345661912930245,0.363601388880009,"cogn_se_lv"
"6002","CLDN12","Exc L5/6 IT Car3",-0.013296331462059,6.1569973764852,1.40879393925597,0.236010726753699,0.623140686898157,0.681056763315468,"cogn_se_lv"
"6003","CDK14","Exc L5/6 IT Car3",0.00760785816331432,9.4315835896036,0.431948751839254,0.511438868517012,0.818390988767277,0.86485874949637,"cogn_se_lv"
"6004","AC079760.2","Exc L5/6 IT Car3",0.016374776443863,2.54987483285595,0.161549721468321,0.687963505480643,0.9027936992217,0.938934972066693,"cogn_se_lv"
"6005","AC079760.1","Exc L5/6 IT Car3",0.0363735927861818,5.30476923242354,1.82575762448118,0.17744696006868,0.56390445252621,0.617252536653719,"cogn_se_lv"
"6006","MTERF1","Exc L5/6 IT Car3",0.0149319442066716,6.38413992509203,0.577728873228744,0.447683194279706,0.781515921048624,0.833618422749634,"cogn_se_lv"
"6007","AKAP9","Exc L5/6 IT Car3",-0.0375350772154422,7.77785725475742,18.2260230605074,2.490501794416e-05,0.0161460393334005,0.00842464996829737,"cogn_se_lv"
"6008","LRRD1","Exc L5/6 IT Car3",-0.0285764296850404,2.65278906398275,0.83722351630384,0.360782115238259,0.724938503644872,0.781439823739874,"cogn_se_lv"
"6009","CYP51A1-AS1","Exc L5/6 IT Car3",-0.0277151334272612,1.94252423893178,0.473989931682354,0.556695130745037,0.840779005119344,0.885369638115271,"cogn_se_lv"
"6010","KRIT1","Exc L5/6 IT Car3",0.00133948773445066,6.65246833453515,0.021412396162284,0.883739988655091,0.982636995754113,0.989329984674132,"cogn_se_lv"
"6011","ANKIB1","Exc L5/6 IT Car3",-0.00214054523467658,7.56908599236429,0.0640036743440311,0.800415463854903,0.954925844797372,0.973040512587089,"cogn_se_lv"
"6012","GATAD1","Exc L5/6 IT Car3",0.0230643076727611,4.93238139452287,1.37302618751409,0.242039186885219,0.627207120081415,0.686427352954036,"cogn_se_lv"
"6013","AC007566.1","Exc L5/6 IT Car3",0.0232497689210327,5.4175253885966,2.14305734595348,0.144056927239555,0.520632076517234,0.572577532899806,"cogn_se_lv"
"6014","PEX1","Exc L5/6 IT Car3",-0.00259273300838566,5.0701596219723,0.0371952749294174,0.84717278919393,0.970988236489561,0.983016776045126,"cogn_se_lv"
"6015","RBM48","Exc L5/6 IT Car3",-0.0345901679442437,4.92288029833216,3.51807907536965,0.0614822337976235,0.385168789389364,0.413245090525248,"cogn_se_lv"
"6016","FAM133B","Exc L5/6 IT Car3",-0.0132866402410569,5.3501580108109,1.14938684868524,0.284369443079811,0.663934561524582,0.724987381010264,"cogn_se_lv"
"6017","CDK6","Exc L5/6 IT Car3",-0.0230474715521151,7.66110177742842,4.41802300403917,0.0362300806450061,0.318185465887452,0.332853340428388,"cogn_se_lv"
"6018","AC002454.1","Exc L5/6 IT Car3",0.0097611646587558,2.67714902575084,0.0755416302299688,0.78358462637617,0.949524736639513,0.968323843139622,"cogn_se_lv"
"6019","SAMD9L","Exc L5/6 IT Car3",-0.178479424264327,1.0202322637977,5.38636751646274,0.0208322343623686,0.271471707736539,0.265469660575174,"cogn_se_lv"
"6020","VPS50","Exc L5/6 IT Car3",-0.0169011600016771,7.28209235296375,2.79544031945973,0.0953698843169938,0.448482942890908,0.489241010461011,"cogn_se_lv"
"6021","GNGT1","Exc L5/6 IT Car3",0.0183180681355974,2.66992566904125,0.238562260580846,0.625532959092816,0.876292758095617,0.915490164938666,"cogn_se_lv"
"6022","BET1","Exc L5/6 IT Car3",0.0085334326011305,4.22888904930467,0.247309175936128,0.619268656321534,0.873687478415488,0.912837537786859,"cogn_se_lv"
"6023","CASD1","Exc L5/6 IT Car3",-0.00867518539096933,5.76023934850761,0.554747374616107,0.456852548259181,0.787870990330434,0.838639818025232,"cogn_se_lv"
"6024","SGCE","Exc L5/6 IT Car3",-0.00606370018387625,6.16238082084126,0.320849849487527,0.571437401419062,0.848882394579089,0.891502050076621,"cogn_se_lv"
"6025","PEG10","Exc L5/6 IT Car3",-0.0429165884366395,4.55279947540427,2.39474318216089,0.122590212010393,0.49197586118719,0.53914840266713,"cogn_se_lv"
"6026","PPP1R9A","Exc L5/6 IT Car3",-0.00947301894382509,7.79588404334951,0.72928219210843,0.393663074233303,0.750461378973187,0.803798417877975,"cogn_se_lv"
"6027","AC002429.2","Exc L5/6 IT Car3",-0.00136562157251358,3.5822670857632,0.00142674553970036,0.969889412495578,0.998267578294294,0.999099628483138,"cogn_se_lv"
"6028","PON2","Exc L5/6 IT Car3",-0.00120091197692122,1.75065546540135,0.000304385836571474,0.986089599480398,0.998390354534415,0.999870711362408,"cogn_se_lv"
"6029","DYNC1I1","Exc L5/6 IT Car3",-0.00567340899412045,8.63725292451645,0.350195930613419,0.554360086772963,0.839929682996154,0.884442710080519,"cogn_se_lv"
"6030","SLC25A13","Exc L5/6 IT Car3",0.00919954258773994,5.23117896383353,0.351641223942975,0.553544249485031,0.839314876805382,0.88396694760415,"cogn_se_lv"
"6031","SEM1","Exc L5/6 IT Car3",-0.0139993086519523,5.99636949956368,0.551879297029823,0.458017592659664,0.788028655907772,0.839226876625526,"cogn_se_lv"
"6032","SDHAF3","Exc L5/6 IT Car3",0.00631430809756056,3.65782680948863,0.0903144596146115,0.763944893349642,0.941167215918009,0.963109513946564,"cogn_se_lv"
"6033","ASNS","Exc L5/6 IT Car3",-0.0186741682457058,5.61882557221742,2.03702756564912,0.154344443130162,0.535555258877144,0.586762702814395,"cogn_se_lv"
"6034","LMTK2","Exc L5/6 IT Car3",-0.000371907313099359,7.57963672877984,0.00229864045355169,0.961786375870089,0.997053628956036,0.998671534701029,"cogn_se_lv"
"6035","TECPR1","Exc L5/6 IT Car3",0.0121256152765784,5.81335581401917,1.05176575482006,0.380562878695122,0.739409506769086,0.795774225427178,"cogn_se_lv"
"6036","BRI3","Exc L5/6 IT Car3",0.0311145530879412,5.71546875408207,4.77721311558797,0.0294589111015827,0.302562183305797,0.305242553514151,"cogn_se_lv"
"6037","BAIAP2L1","Exc L5/6 IT Car3",-0.020299122775163,5.41432565875762,0.240977970180917,0.62378882318799,0.875827296068406,0.914819083421553,"cogn_se_lv"
"6038","NPTX2","Exc L5/6 IT Car3",-0.220452570894092,3.56542485184462,4.79809388218891,0.0291085458321298,0.301084375780126,0.303704298153365,"cogn_se_lv"
"6039","TMEM130","Exc L5/6 IT Car3",-0.00810243708523068,6.7882661730384,0.404931380234916,0.52494299270503,0.822695789992913,0.870686003171524,"cogn_se_lv"
"6040","TRRAP","Exc L5/6 IT Car3",-0.0179791232830819,6.56583697287313,3.45640434154694,0.063793055700917,0.388821832569153,0.419430672271092,"cogn_se_lv"
"6041","SMURF1","Exc L5/6 IT Car3",0.0216641840455087,5.73630476013768,1.19436601071731,0.275154698736554,0.657778188839327,0.71779470735114,"cogn_se_lv"
"6042","AC004834.1","Exc L5/6 IT Car3",0.0897585384416865,2.45051130291104,6.72507680265287,0.00988015461767169,0.205758337684994,0.190858002122431,"cogn_se_lv"
"6043","ARPC1B","Exc L5/6 IT Car3",-0.0577165094433277,1.70007625979843,1.60134553036638,0.206501111198689,0.594467191452667,0.649696410073845,"cogn_se_lv"
"6044","PDAP1","Exc L5/6 IT Car3",-0.0208799208642337,4.4576325754732,1.30390779377668,0.254231832136574,0.637946240799404,0.698806774698082,"cogn_se_lv"
"6045","BUD31","Exc L5/6 IT Car3",-0.00413493527681869,3.46643106587563,0.0208192287996575,0.885350286977278,0.983228165152298,0.989514837593337,"cogn_se_lv"
"6046","PTCD1","Exc L5/6 IT Car3",-0.00609257039409425,2.35699403043921,0.0336497675406533,0.854553283016589,0.972881064401809,0.984500971664269,"cogn_se_lv"
"6047","CPSF4","Exc L5/6 IT Car3",0.00421237550387277,4.0048279023771,0.0462002824041342,0.829929399061043,0.965939155376954,0.979291175739642,"cogn_se_lv"
"6048","ZNF789","Exc L5/6 IT Car3",0.00959595768303478,5.07453616080626,0.502216841592099,0.478969539825012,0.799764009145411,0.848983754033061,"cogn_se_lv"
"6049","ZNF394","Exc L5/6 IT Car3",-0.00422989263219663,3.58804178707323,0.0602913280627857,0.806170877249242,0.956368596382165,0.974392628062261,"cogn_se_lv"
"6050","ZKSCAN5","Exc L5/6 IT Car3",0.0324591247333126,4.02175250089361,3.49173784064403,0.0624580356672873,0.387280084173872,0.415935762961283,"cogn_se_lv"
"6051","FAM200A","Exc L5/6 IT Car3",0.00190601444099983,4.1698384905943,0.0118190147780559,0.913486665701414,0.989073227776396,0.994097060317093,"cogn_se_lv"
"6052","ZSCAN25","Exc L5/6 IT Car3",0.021242794863449,3.54883356765982,1.10150416417559,0.294614539701834,0.672917448205882,0.733431081872173,"cogn_se_lv"
"6053","CYP3A5","Exc L5/6 IT Car3",0.0227592302294819,2.36183686641208,0.261396946735897,0.609464010828092,0.869396553735584,0.908828745972196,"cogn_se_lv"
"6054","CYP3A43","Exc L5/6 IT Car3",0.0392638850178633,2.85036235965392,1.45600440273346,0.228330271260584,0.617095238836013,0.673848908786289,"cogn_se_lv"
"6055","TRIM4","Exc L5/6 IT Car3",0.0141595205340905,4.97513528622937,1.2954018288082,0.255784039557112,0.639252414547573,0.70010576386023,"cogn_se_lv"
"6056","AC004522.2","Exc L5/6 IT Car3",0.0446341331518514,3.21452037013408,2.29074319381353,0.130992902690785,0.501612533568347,0.553087117042292,"cogn_se_lv"
"6057","ZKSCAN1","Exc L5/6 IT Car3",0.00427638854737539,6.95437213525911,0.156905905054187,0.69224738188519,0.905233002567174,0.940223993378316,"cogn_se_lv"
"6058","ZSCAN21","Exc L5/6 IT Car3",0.0343094450660714,3.14202628575617,2.15370839777397,0.143067159811205,0.519415803136223,0.571177434709254,"cogn_se_lv"
"6059","ZNF3","Exc L5/6 IT Car3",0.0132276184645962,3.55586873325904,0.459730362294397,0.49816964511716,0.811304850619374,0.85815118193308,"cogn_se_lv"
"6060","COPS6","Exc L5/6 IT Car3",-0.0250566434431586,5.27625565864889,1.51619253747795,0.218970973565481,0.607255359247776,0.663811384499958,"cogn_se_lv"
"6061","MCM7","Exc L5/6 IT Car3",-0.0135402268646728,2.48453915955615,0.192032592977549,0.845443028304071,0.970988236489561,0.982700178464002,"cogn_se_lv"
"6062","AP4M1","Exc L5/6 IT Car3",-0.00632256101755367,3.99140535112141,0.090436071712353,0.763790759990497,0.941167215918009,0.963106963832762,"cogn_se_lv"
"6063","TAF6","Exc L5/6 IT Car3",-0.0375363281881978,4.50406754289843,3.66476149675611,0.0563380410401647,0.373928928056421,0.399097585527231,"cogn_se_lv"
"6064","AC073842.2","Exc L5/6 IT Car3",-0.0181547109359388,1.86515199895245,0.178557982643792,0.672858471280578,0.897805780562519,0.933178789466508,"cogn_se_lv"
"6065","CNPY4","Exc L5/6 IT Car3",-0.0200319583351738,2.76285086954157,0.555409627770748,0.456584199422667,0.78761282870806,0.838538471007851,"cogn_se_lv"
"6066","AC073842.1","Exc L5/6 IT Car3",-0.015330354468847,2.40787326653451,0.202322577686174,0.65311343308079,0.888556645135312,0.92565339997493,"cogn_se_lv"
"6067","LAMTOR4","Exc L5/6 IT Car3",-0.00504930161387839,4.40171232712902,0.0623419963267362,0.802969091928775,0.955597215489341,0.973737976661521,"cogn_se_lv"
"6068","C7orf43","Exc L5/6 IT Car3",-0.0225194181680154,2.83339291005312,0.559558379990596,0.454908746263886,0.785830916739233,0.837425441677567,"cogn_se_lv"
"6069","STAG3","Exc L5/6 IT Car3",0.0428025200012169,3.74998173041402,3.068028919336,0.080666605410595,0.423417140951247,0.46066405955019,"cogn_se_lv"
"6070","CASTOR3","Exc L5/6 IT Car3",0.00876115336953003,6.77167061668894,0.412804048231678,0.520943699006344,0.821092037196555,0.868769111741685,"cogn_se_lv"
"6071","SPDYE3","Exc L5/6 IT Car3",0.0720329181466747,4.68026326841903,3.14904097903876,0.0767857051589412,0.418312213237559,0.452176342582675,"cogn_se_lv"
"6072","PILRB","Exc L5/6 IT Car3",0.0159244319404802,5.8221171659139,0.828954787274722,0.363161856211456,0.726811316394553,0.783522262197519,"cogn_se_lv"
"6073","PILRA","Exc L5/6 IT Car3",0.0221359080417649,4.99131440508631,1.48744231002365,0.223382948349488,0.61248237575247,0.668821995500012,"cogn_se_lv"
"6074","ZCWPW1","Exc L5/6 IT Car3",0.0436495831044795,3.30152904529109,3.25650529744336,0.0719455723415371,0.410393757722853,0.439962128319599,"cogn_se_lv"
"6075","MEPCE","Exc L5/6 IT Car3",-0.0459046224288732,3.15789369165412,2.95495793488765,0.0864427108374389,0.434373509228393,0.472705856134926,"cogn_se_lv"
"6076","PPP1R35","Exc L5/6 IT Car3",0.0209195815405551,3.32607164262126,0.623153410544896,0.430378460673049,0.772783165296724,0.82457132604551,"cogn_se_lv"
"6077","C7orf61","Exc L5/6 IT Car3",0.0339027144255693,1.66625242836208,0.474533127942589,0.491336553316706,0.807353144943851,0.855142605621514,"cogn_se_lv"
"6078","TSC22D4","Exc L5/6 IT Car3",-0.0120920798456282,3.25388995736624,0.278175548293652,0.598212529450854,0.86356728526861,0.90412327706152,"cogn_se_lv"
"6079","NYAP1","Exc L5/6 IT Car3",0.0118915048827364,4.36067231578912,0.440962115646691,0.507067966867183,0.816298421614546,0.862607427204394,"cogn_se_lv"
"6080","AGFG2","Exc L5/6 IT Car3",-0.0058973382558113,4.20337793888663,0.130163354592907,0.718466593835996,0.920168682182232,0.949266473893277,"cogn_se_lv"
"6081","SAP25","Exc L5/6 IT Car3",0.00998866909034387,1.91935798549407,0.0460872081371702,0.830134458975836,0.965959969758352,0.979337055802598,"cogn_se_lv"
"6082","LRCH4","Exc L5/6 IT Car3",-0.03978907116997,4.13196920417534,5.62797380181315,0.0181817434741103,0.256209858111937,0.24878891790871,"cogn_se_lv"
"6083","MOSPD3","Exc L5/6 IT Car3",0.00454931050804366,2.92887016675339,0.0244783530196829,0.875758410871173,0.979884010483651,0.988305328654446,"cogn_se_lv"
"6084","TFR2","Exc L5/6 IT Car3",0.037075570601299,3.80128231060187,2.85272376574669,0.0920534609925769,0.443551272597295,0.484219704171591,"cogn_se_lv"
"6085","ACTL6B","Exc L5/6 IT Car3",-0.0424228650789535,5.89962846563874,8.74905144037296,0.00329465320804101,0.131218826837242,0.113499288184522,"cogn_se_lv"
"6086","GNB2","Exc L5/6 IT Car3",-0.0382575983585817,5.1183216933673,3.05746922832244,0.0811879041631317,0.424965575349056,0.46184511244208,"cogn_se_lv"
"6087","GIGYF1","Exc L5/6 IT Car3",0.00271102717420169,5.4254949790659,0.0280311570669456,0.867126162118778,0.976386024918357,0.986852254670782,"cogn_se_lv"
"6088","POP7","Exc L5/6 IT Car3",-0.0732130170157184,3.69179376179199,4.2760584587071,0.0393406333622967,0.328617396477374,0.344530046168936,"cogn_se_lv"
"6089","ZAN","Exc L5/6 IT Car3",-0.0341715496507209,1.66605159055935,0.574350591205056,0.449012932890225,0.782491340544074,0.834200217896007,"cogn_se_lv"
"6090","SLC12A9","Exc L5/6 IT Car3",-0.00529858439710314,3.37676145778903,0.0557429263033617,0.813484895129922,0.959277644322236,0.976395887372261,"cogn_se_lv"
"6091","SRRT","Exc L5/6 IT Car3",-0.0358918986049728,3.93957940726169,4.44385377705267,0.0356924946659773,0.317518782028549,0.330937991817791,"cogn_se_lv"
"6092","ACHE","Exc L5/6 IT Car3",-0.0205785763748361,3.2526198904999,0.477490794186891,0.489990119137339,0.80631315234505,0.854305966123128,"cogn_se_lv"
"6093","MUC12","Exc L5/6 IT Car3",0.0966923220864741,1.81931485228744,3.92396592485039,0.0483352493287317,0.353290010302783,0.373567150936941,"cogn_se_lv"
"6094","AC105446.1","Exc L5/6 IT Car3",0.0248558559533267,1.7557773416106,0.207208673438506,0.649228435261526,0.88736452997967,0.924412799739312,"cogn_se_lv"
"6095","TRIM56","Exc L5/6 IT Car3",-0.0782814728570464,1.26854435708082,1.46173308650622,0.227418998986612,0.616397182069092,0.672751242357925,"cogn_se_lv"
"6096","SERPINE1","Exc L5/6 IT Car3",-0.317867700354601,1.94010099907114,13.1995349090771,0.00031916012776014,0.048447811506403,0.0345421361166468,"cogn_se_lv"
"6097","AP1S1","Exc L5/6 IT Car3",-0.0396915159136186,5.54693835831306,1.94420316428787,0.164041333553978,0.548825244216461,0.599951793122648,"cogn_se_lv"
"6098","VGF","Exc L5/6 IT Car3",-0.12501850197188,4.69879694385518,5.84299054392932,0.0161172545530112,0.243815905276506,0.236375872408327,"cogn_se_lv"
"6099","PLOD3","Exc L5/6 IT Car3",-0.0126553106734975,4.74365801470553,0.490021721722147,0.484353186309552,0.802742575435211,0.851351657472282,"cogn_se_lv"
"6100","ZNHIT1","Exc L5/6 IT Car3",-0.0435117873878974,3.98016083529804,2.33769023769644,0.127122705135099,0.497058895267095,0.546106714521424,"cogn_se_lv"
"6101","CLDN15","Exc L5/6 IT Car3",-0.01107295536666,2.28820814163923,0.100289683669947,0.881125959209926,0.981651115697174,0.988923094115778,"cogn_se_lv"
"6102","FIS1","Exc L5/6 IT Car3",-0.0145472611614907,4.89830063675457,0.348401836189123,0.555375984330431,0.839929682996154,0.884750227603814,"cogn_se_lv"
"6103","IFT22","Exc L5/6 IT Car3",0.0300310788719962,3.67428410127377,1.46174564224807,0.227417006544647,0.616397182069092,0.672751242357925,"cogn_se_lv"
"6104","COL26A1","Exc L5/6 IT Car3",0.0514430705785634,6.03307466141239,7.69346313253436,0.0058201210606563,0.164163226929046,0.14969436814493,"cogn_se_lv"
"6105","CUX1","Exc L5/6 IT Car3",0.0245380482396148,9.72843860940773,2.42503764463726,0.120256877173502,0.489867183204121,0.535398606752526,"cogn_se_lv"
"6106","SH2B2","Exc L5/6 IT Car3",0.0556460941257835,3.2079180499226,3.57766098927344,0.0593346454461277,0.38000840341902,0.407548762354187,"cogn_se_lv"
"6107","SPDYE6","Exc L5/6 IT Car3",0.101384750226894,1.3828880670702,2.28214002384359,0.131716325940347,0.502596245370999,0.55407196398302,"cogn_se_lv"
"6108","PRKRIP1","Exc L5/6 IT Car3",0.015467087449149,6.4867287471589,1.44337246560195,0.230355281802182,0.619071574163407,0.676178366931053,"cogn_se_lv"
"6109","ORAI2","Exc L5/6 IT Car3",-0.0515620214210928,5.6575517512304,10.8935117215518,0.00105787845316898,0.0856881547066871,0.0667433240305999,"cogn_se_lv"
"6110","ALKBH4","Exc L5/6 IT Car3",0.0344209928666166,3.82870882182876,2.91690985085738,0.263458496353768,0.646414577423356,0.707464351720883,"cogn_se_lv"
"6111","LRWD1","Exc L5/6 IT Car3",-0.0475839716827483,3.12783951418973,2.67568167766579,0.102733674343524,0.462266540882911,0.503185596310628,"cogn_se_lv"
"6112","POLR2J","Exc L5/6 IT Car3",-0.0548058096449364,3.63185524846031,2.92545656876154,0.0880225741888593,0.436707742348983,0.475447151257499,"cogn_se_lv"
"6113","AC093668.2","Exc L5/6 IT Car3",-0.0220007998886034,3.55214286845247,0.535447610697981,0.464784181398604,0.79119444669795,0.84247057632175,"cogn_se_lv"
"6114","SPDYE2","Exc L5/6 IT Car3",0.0092650880907149,4.0922183281386,0.0251461838458975,0.874089010220832,0.979647016583286,0.988085909641738,"cogn_se_lv"
"6115","AC105052.1","Exc L5/6 IT Car3",0.0160226060301899,3.80553244713906,0.293093485205823,0.588567555370676,0.858664771746582,0.899985710864701,"cogn_se_lv"
"6116","AC105052.3","Exc L5/6 IT Car3",-0.00851137192934688,5.34967553553699,0.126828824770772,0.721943930201576,0.921821711258795,0.950474314545256,"cogn_se_lv"
"6117","SPDYE2B","Exc L5/6 IT Car3",0.0673555454376516,1.33763688924927,1.03981104851931,0.308525152321598,0.684258091575966,0.745613928098365,"cogn_se_lv"
"6118","FAM185A","Exc L5/6 IT Car3",-0.00305829609030662,6.34257764503471,0.0785287647053068,0.779456241614827,0.94768775149725,0.967384123715378,"cogn_se_lv"
"6119","FBXL13","Exc L5/6 IT Car3",0.0239045375299605,4.54471433786879,1.42742670437075,0.232942626686117,0.620836501626516,0.678355296855354,"cogn_se_lv"
"6120","LRRC17","Exc L5/6 IT Car3",-0.01520958751098,3.07516005434844,0.331934154247893,0.564869236250483,0.845326482486866,0.888758213708133,"cogn_se_lv"
"6121","ARMC10","Exc L5/6 IT Car3",-0.00707907506016976,4.72582233487581,0.238662556154157,0.732989507230822,0.927689845089009,0.954212925929315,"cogn_se_lv"
"6122","NAPEPLD","Exc L5/6 IT Car3",0.0163386289466398,6.32019108087037,1.7320340548014,0.188958093005502,0.576196760720165,0.630254657034771,"cogn_se_lv"
"6123","PMPCB","Exc L5/6 IT Car3",-0.0351003673130065,5.55232892015775,7.03791518579216,0.00832054302964698,0.192272007847248,0.176312426054505,"cogn_se_lv"
"6124","DNAJC2","Exc L5/6 IT Car3",-0.0192703015476928,5.05063070585722,2.42336149552873,0.120384678614127,0.489867183204121,0.535581457000277,"cogn_se_lv"
"6125","PSMC2","Exc L5/6 IT Car3",-0.00706456888112058,5.25049214483871,0.260022990343954,0.610405401588271,0.870069383203065,0.90937350466101,"cogn_se_lv"
"6126","SLC26A5","Exc L5/6 IT Car3",0.0511852489016313,2.53796290979281,1.75005414971006,0.186678895251085,0.574138328919705,0.627562739904508,"cogn_se_lv"
"6127","RELN","Exc L5/6 IT Car3",-0.00360813859505374,2.06088423829307,0.00883974998274898,0.925143705513674,0.991196077697388,0.995470927775795,"cogn_se_lv"
"6128","ORC5","Exc L5/6 IT Car3",0.00667167863407428,5.8379469411948,0.32402981534399,0.786592320302245,0.950153677309984,0.969130029795619,"cogn_se_lv"
"6129","LHFPL3","Exc L5/6 IT Car3",0.00979662877544118,5.61426651281811,0.106661631775572,0.744160155003355,0.933022991340091,0.957494832567645,"cogn_se_lv"
"6130","LINC01004","Exc L5/6 IT Car3",0.024202999453436,5.98483409700379,2.67374490320987,0.102857774803983,0.462454324929387,0.503372136876346,"cogn_se_lv"
"6131","KMT2E-AS1","Exc L5/6 IT Car3",0.0164808932526583,2.3924467444393,0.214129184847733,0.643819413760458,0.885447193796969,0.922533052040054,"cogn_se_lv"
"6132","KMT2E","Exc L5/6 IT Car3",-0.00084566433397729,7.69662564204045,0.0147163957018431,0.903509793118056,0.987810604126722,0.992764103750451,"cogn_se_lv"
"6133","AC005070.3","Exc L5/6 IT Car3",-0.0160682743322371,2.5267987055677,0.262397664716839,0.608780314198538,0.869396553735584,0.908411249195445,"cogn_se_lv"
"6134","SRPK2","Exc L5/6 IT Car3",-0.000366881852644589,8.35228370069442,0.00266893699377923,0.958825816107212,0.997053628956036,0.998555548513014,"cogn_se_lv"
"6135","PUS7","Exc L5/6 IT Car3",0.00721745174780408,5.91897956177425,0.354981854805837,0.551667177005809,0.838006643815233,0.882838524510765,"cogn_se_lv"
"6136","RINT1","Exc L5/6 IT Car3",0.00840505667336114,4.70251499921586,0.303005462115023,0.58233327822489,0.855305166753264,0.897054617574353,"cogn_se_lv"
"6137","EFCAB10","Exc L5/6 IT Car3",0.0336773409717862,3.34120434760753,1.9990998157627,0.158225226746874,0.540417185023175,0.592141134221319,"cogn_se_lv"
"6138","ATXN7L1","Exc L5/6 IT Car3",0.0199452882142784,6.80508403846906,1.84171392189315,0.175569343716974,0.562684756310753,0.614795477819646,"cogn_se_lv"
"6139","CDHR3","Exc L5/6 IT Car3",0.0249935245505022,4.61038799582203,1.2076766809731,0.272500271568562,0.654492834117506,0.715315875836348,"cogn_se_lv"
"6140","SYPL1","Exc L5/6 IT Car3",-0.00502757709459792,2.9265168357165,0.0400483601575741,0.906589876159165,0.987921701769422,0.993023777638305,"cogn_se_lv"
"6141","NAMPT","Exc L5/6 IT Car3",-0.05087874691052,4.55264215233348,6.44860777546596,0.0115084874574216,0.214820071996781,0.203923994680574,"cogn_se_lv"
"6142","PIK3CG","Exc L5/6 IT Car3",0.0284131905543677,2.36590999513324,0.458253849020556,0.498860012367528,0.811678136349571,0.858457596404311,"cogn_se_lv"
"6143","PRKAR2B","Exc L5/6 IT Car3",-0.0399511064921693,8.07407551727939,10.8419690497674,0.00108687000167159,0.08662109232943,0.067545636287348,"cogn_se_lv"
"6144","HBP1","Exc L5/6 IT Car3",-0.020756715816188,5.13887966716393,2.01509495547675,0.156575188843832,0.538502829835899,0.589942914658333,"cogn_se_lv"
"6145","COG5","Exc L5/6 IT Car3",-0.0109680772592597,7.82282626298653,1.19565233849886,0.274896761912428,0.657445384175322,0.717544799748052,"cogn_se_lv"
"6146","GPR22","Exc L5/6 IT Car3",-0.0495041107561832,5.24831975905857,4.61610227608929,0.0323152423990318,0.309343568274808,0.317677169211505,"cogn_se_lv"
"6147","DUS4L","Exc L5/6 IT Car3",0.00554210200103683,3.03721565019547,0.0455202812275127,0.831166569176064,0.966177555530849,0.979539454075623,"cogn_se_lv"
"6148","AC004839.1","Exc L5/6 IT Car3",0.0140545332177328,2.08719175773066,0.108221818499988,0.74236201736293,0.93226849545349,0.957033768389303,"cogn_se_lv"
"6149","BCAP29","Exc L5/6 IT Car3",-0.0208860727906018,7.26892763495337,3.98900677971507,0.0465227727528178,0.34943166064708,0.367600842748176,"cogn_se_lv"
"6150","SLC26A4-AS1","Exc L5/6 IT Car3",-0.0430001361464747,5.63435959168982,3.9531086353392,0.0475140569603834,0.352349082051382,0.371052125530976,"cogn_se_lv"
"6151","SLC26A4","Exc L5/6 IT Car3",0.0555521344370837,7.61787757475395,6.05018021329782,0.0143569867507054,0.232208507093005,0.224246971626158,"cogn_se_lv"
"6152","CBLL1","Exc L5/6 IT Car3",-0.00352574414131069,3.89978196504835,0.0414475459216294,0.987491532868948,0.998463410232327,0.999870711362408,"cogn_se_lv"
"6153","SLC26A3","Exc L5/6 IT Car3",-0.0439336509744069,6.88760688845545,0.861177517556706,0.354008403286504,0.720088465051452,0.777160948846907,"cogn_se_lv"
"6154","DLD","Exc L5/6 IT Car3",0.00120557682863357,5.07776675431983,0.00949194001035407,0.922439865830076,0.990974669133532,0.995093373462206,"cogn_se_lv"
"6155","LAMB1","Exc L5/6 IT Car3",0.0104451283057988,5.7301685225444,0.494249778429425,0.482475435923885,0.80187948192872,0.850631286011993,"cogn_se_lv"
"6156","LAMB4","Exc L5/6 IT Car3",-0.0449483153342526,1.92553755902974,0.714319814899782,0.398554281568956,0.753624572225854,0.806665634161927,"cogn_se_lv"
"6157","NRCAM","Exc L5/6 IT Car3",0.00623784003162496,9.94380276796092,0.422389481066218,0.516146471112779,0.819931274816853,0.866833036369428,"cogn_se_lv"
"6158","PNPLA8","Exc L5/6 IT Car3",-0.0190739585468588,5.67046140425769,2.59186037777317,0.156890199261204,0.539032639869704,0.590405316650345,"cogn_se_lv"
"6159","DNAJB9","Exc L5/6 IT Car3",-0.0225780249189857,3.84285753850482,0.678038906146562,0.410788046224584,0.761314242893653,0.813774598982621,"cogn_se_lv"
"6160","AC005487.1","Exc L5/6 IT Car3",0.107554666034798,1.36546759195911,2.21227032420791,0.137760359282189,0.510620798575702,0.563042384494423,"cogn_se_lv"
"6161","IMMP2L","Exc L5/6 IT Car3",0.0365335188310118,8.14049758268087,5.61754610088778,0.0182885798199524,0.256807703858639,0.24942881809896,"cogn_se_lv"
"6162","LRRN3","Exc L5/6 IT Car3",-0.00864270567365989,4.91370797555336,0.2160791781141,0.642314510153124,0.884918146682185,0.921838000378806,"cogn_se_lv"
"6163","DOCK4","Exc L5/6 IT Car3",-0.0396186749283489,8.70656425763417,8.29653754661115,0.00420100721624931,0.14313066969421,0.127231973504393,"cogn_se_lv"
"6164","ZNF277","Exc L5/6 IT Car3",-0.00828709954074161,5.61049852584964,0.457646132912275,0.499144631187349,0.811678136349571,0.858651237526005,"cogn_se_lv"
"6165","AC004112.1","Exc L5/6 IT Car3",0.0537582205444801,2.26086399968536,1.90971518179719,0.16782045425997,0.554001885684456,0.604759667671467,"cogn_se_lv"
"6166","IFRD1","Exc L5/6 IT Car3",-0.0326277799027612,5.17185267697635,3.63543114573543,0.0573286868476667,0.376670850125698,0.402120172951874,"cogn_se_lv"
"6167","LSMEM1","Exc L5/6 IT Car3",-0.0289766689794795,2.57243199089411,0.679550014650628,0.41026758617907,0.760981036049017,0.813464844372064,"cogn_se_lv"
"6168","TMEM168","Exc L5/6 IT Car3",0.0309126722219622,4.87381601801319,3.66681840081167,0.0562692561713574,0.373928928056421,0.399097585527231,"cogn_se_lv"
"6169","BMT2","Exc L5/6 IT Car3",-0.0156035099040764,6.37821412621254,1.26927398756355,0.260625896985159,0.644032202087603,0.704485901270372,"cogn_se_lv"
"6170","GPR85","Exc L5/6 IT Car3",-0.0785158846405988,4.90410411071194,16.4305336861746,6.14271673489593e-05,0.0225297298105295,0.0139804333259634,"cogn_se_lv"
"6171","SMIM30","Exc L5/6 IT Car3",-0.0525814570583203,2.79679010807913,2.58419141829031,0.108780096190982,0.471062624611416,0.514198829932407,"cogn_se_lv"
"6172","FOXP2","Exc L5/6 IT Car3",0.00197647893626834,3.9416475376485,0.00257047389064062,0.959591792920863,0.997053628956036,0.998555548513014,"cogn_se_lv"
"6173","MDFIC","Exc L5/6 IT Car3",0.026697716578055,4.41485235561603,0.503889292408107,0.478238887248298,0.799547311799968,0.848668498372987,"cogn_se_lv"
"6174","AC002066.1","Exc L5/6 IT Car3",0.0890421485901634,1.39578159622101,2.35957148587537,0.125362650365943,0.494700304905604,0.543170060500748,"cogn_se_lv"
"6175","CAV2","Exc L5/6 IT Car3",-0.0299020446497138,1.97879518820392,0.543088317299059,0.73028238186641,0.925604180890752,0.953357500624676,"cogn_se_lv"
"6176","MET","Exc L5/6 IT Car3",-0.0341261570939181,1.20488481728745,0.325699447810151,0.568545472282304,0.847449377087134,0.890203807068665,"cogn_se_lv"
"6177","CAPZA2","Exc L5/6 IT Car3",-0.0236201926910743,6.38872814543863,4.72630446434345,0.0303317460776721,0.304222598957164,0.308825481350628,"cogn_se_lv"
"6178","ST7","Exc L5/6 IT Car3",0.00471509348757874,8.45382824363213,0.152516350677581,0.696364689186797,0.907933051341995,0.941729018095406,"cogn_se_lv"
"6179","ST7-AS2","Exc L5/6 IT Car3",0.021902342957051,4.1403806393518,0.331607666274756,0.565060601764484,0.84542695588375,0.888819780835936,"cogn_se_lv"
"6180","WNT2","Exc L5/6 IT Car3",-0.0517813327243442,3.17251687350082,3.38773209739034,0.0664759598715384,0.396062427271239,0.426098021769456,"cogn_se_lv"
"6181","CFTR","Exc L5/6 IT Car3",-0.00459030866044041,2.76929692050061,0.0151076361466778,0.902241972509667,0.987810604126722,0.992744989013678,"cogn_se_lv"
"6182","CTTNBP2","Exc L5/6 IT Car3",-0.00104297969235808,7.19279735320594,0.00812363381768891,0.928231244280561,0.991633961507555,0.995793814170954,"cogn_se_lv"
"6183","LSM8","Exc L5/6 IT Car3",-0.00907155432574843,3.96397879575947,0.22778551986463,0.633449733924185,0.88151041721332,0.919002611474,"cogn_se_lv"
"6184","ANKRD7","Exc L5/6 IT Car3",0.0206277127154365,5.75673152112773,1.30354615737578,0.254297587931014,0.637946240799404,0.698861156802941,"cogn_se_lv"
"6185","KCND2","Exc L5/6 IT Car3",-0.0452655516449425,9.70669636935664,8.32378079288727,0.0041398361044071,0.142886022098792,0.126300579576099,"cogn_se_lv"
"6186","ING3","Exc L5/6 IT Car3",-0.0210195059215601,4.3045796541508,1.67004828408893,0.197050644644669,0.584763381151275,0.639029476518256,"cogn_se_lv"
"6187","CPED1","Exc L5/6 IT Car3",-0.053911340795055,6.2875065631236,2.56135386322526,0.110349836062217,0.473719379915625,0.51706730978159,"cogn_se_lv"
"6188","FAM3C","Exc L5/6 IT Car3",-0.0145932404906537,5.11050880973941,0.936832320838762,0.333719850483879,0.703650979441964,0.763113303082888,"cogn_se_lv"
"6189","PTPRZ1","Exc L5/6 IT Car3",0.0143996633862054,4.14191384119363,0.21596010965075,0.642406163774337,0.884947266423832,0.921875863428436,"cogn_se_lv"
"6190","AASS","Exc L5/6 IT Car3",-0.0728217789305321,1.82570840091475,2.55845748658088,0.110550698658694,0.474280119174079,0.517488923564254,"cogn_se_lv"
"6191","CADPS2","Exc L5/6 IT Car3",-0.011681701882224,10.6848431690336,0.943650615951953,0.331969129759871,0.701764472541802,0.761981254417551,"cogn_se_lv"
"6192","AC004594.1","Exc L5/6 IT Car3",0.00601102601367987,6.13403528956194,0.0252959407736995,0.873717787904956,0.9795641227397,0.988043586572182,"cogn_se_lv"
"6193","IQUB","Exc L5/6 IT Car3",0.00702654423082082,4.24021772702765,0.120918682590281,0.728236021969599,0.924999994394571,0.952874632968933,"cogn_se_lv"
"6194","NDUFA5","Exc L5/6 IT Car3",0.00244147979586038,5.93802005522189,0.0244127544591069,0.875923641921276,0.979884010483651,0.988391702689254,"cogn_se_lv"
"6195","WASL","Exc L5/6 IT Car3",-0.0109348715478252,6.2978770373881,0.818487440406554,0.366205682500696,0.728149959336533,0.785486887204105,"cogn_se_lv"
"6196","AC006333.2","Exc L5/6 IT Car3",0.0352395367098815,1.619629897521,0.47023091764812,0.493306162333322,0.808127747150655,0.85606008734281,"cogn_se_lv"
"6197","TMEM229A","Exc L5/6 IT Car3",-0.0260261449330385,1.76663465998869,0.364428209607456,0.546423424222086,0.834153930748357,0.880518394520835,"cogn_se_lv"
"6198","AC006148.1","Exc L5/6 IT Car3",-0.00351629269549569,6.36591995431306,0.0257485855548339,0.872602556352895,0.979386912359324,0.987818331440868,"cogn_se_lv"
"6199","GPR37","Exc L5/6 IT Car3",0.0277663741729201,3.09009491253217,1.0138339192443,0.314637653036828,0.689278511417254,0.750313156773363,"cogn_se_lv"
"6200","POT1","Exc L5/6 IT Car3",-0.00889667276781817,5.12657259543221,0.431514572813937,0.511651063667261,0.818419687003898,0.864932049240188,"cogn_se_lv"
"6201","POT1-AS1","Exc L5/6 IT Car3",0.00743667670581186,5.04553342023872,0.109940033848049,0.740398296396825,0.931072322502814,0.956519615825532,"cogn_se_lv"
"6202","AC010099.4","Exc L5/6 IT Car3",0.022126707593798,4.79730806773876,0.862788820676096,0.353559052601993,0.719780905455015,0.776768907760402,"cogn_se_lv"
"6203","GRM8","Exc L5/6 IT Car3",-0.00626531654834489,3.09225097423881,0.029293719708488,0.864195253072053,0.97538376478777,0.986542852105431,"cogn_se_lv"
"6204","ZNF800","Exc L5/6 IT Car3",-0.00571535914593926,5.81014334464769,0.210933541015704,0.6463037419463,0.88627056834657,0.923536864615306,"cogn_se_lv"
"6205","ARF5","Exc L5/6 IT Car3",-0.0276797595050201,4.83307255156688,0.595167919007789,0.440915214398988,0.776802315625946,0.830060406582642,"cogn_se_lv"
"6206","SND1","Exc L5/6 IT Car3",0.0174822893646586,7.3211441533956,2.55395710697298,0.11086359970622,0.474733110595082,0.518280464047964,"cogn_se_lv"
"6207","LRRC4","Exc L5/6 IT Car3",-0.049517558762855,5.03578058755474,9.08248726316105,0.0027566964467209,0.12405134010244,0.103478184367572,"cogn_se_lv"
"6208","RBM28","Exc L5/6 IT Car3",-0.000731614537429595,5.16983032071499,0.00383971968184103,0.950623458678298,0.995054338434123,0.997804640603097,"cogn_se_lv"
"6209","IMPDH1","Exc L5/6 IT Car3",-0.00731252169201316,4.08107680211408,0.178228065708104,0.789771252038335,0.951062564074333,0.970074446760075,"cogn_se_lv"
"6210","HILPDA","Exc L5/6 IT Car3",0.0099365010872382,2.98804137914124,0.149166273314612,0.756763388559409,0.937955105897503,0.961311048537583,"cogn_se_lv"
"6211","METTL2B","Exc L5/6 IT Car3",0.0182395706266754,4.89338268594662,1.92661820254982,0.165955907213265,0.551275936113134,0.60244605380829,"cogn_se_lv"
"6212","AC090114.2","Exc L5/6 IT Car3",0.041880144812931,2.50745280619499,1.73859464105354,0.18812456317141,0.575062928090689,0.629222569624917,"cogn_se_lv"
"6213","AC018638.7","Exc L5/6 IT Car3",-0.0265326835625317,2.58776047065723,0.773139136379773,0.38703321916295,0.744564517533253,0.799555992519047,"cogn_se_lv"
"6214","FAM71F2","Exc L5/6 IT Car3",-0.00722871368097637,3.47451782199975,0.0821546162476064,0.774557354261813,0.945176236681209,0.965862904646413,"cogn_se_lv"
"6215","AC018638.6","Exc L5/6 IT Car3",0.0393309375248776,2.73719711863912,1.8747417451888,0.171755364902222,0.558338590109191,0.609873130005673,"cogn_se_lv"
"6216","CALU","Exc L5/6 IT Car3",0.0027492826646434,5.40555439141769,0.0496596932964342,0.876311874062762,0.979884010483651,0.98843736634371,"cogn_se_lv"
"6217","CCDC136","Exc L5/6 IT Car3",-0.00455798025589321,5.84832278437746,0.165048388018712,0.68478304411082,0.901848749589734,0.937780471240165,"cogn_se_lv"
"6218","ATP6V1F","Exc L5/6 IT Car3",-0.06598945969022,5.80417966207159,3.66672486062258,0.0562723823031432,0.373928928056421,0.399097585527231,"cogn_se_lv"
"6219","TNPO3","Exc L5/6 IT Car3",0.0119510362647168,6.33899553690164,1.57127263221846,0.210805996543148,0.598585727280052,0.654369092310157,"cogn_se_lv"
"6220","TSPAN33","Exc L5/6 IT Car3",-0.00992897142562407,2.28291080117424,0.0876106662677044,0.767401383396314,0.942591665398415,0.963985469348668,"cogn_se_lv"
"6221","SMO","Exc L5/6 IT Car3",0.0206641649849736,1.64324908012289,0.162811368247222,0.686812028685521,0.902573402909245,0.938455542242336,"cogn_se_lv"
"6222","AHCYL2","Exc L5/6 IT Car3",0.00928023670275034,7.11184010088531,0.650521365401976,0.420439358001436,0.767290610653634,0.819126191623648,"cogn_se_lv"
"6223","STRIP2","Exc L5/6 IT Car3",-0.000628253014665561,2.90710326885518,0.000558041605069123,0.981166011717918,0.998390354534415,0.999870711362408,"cogn_se_lv"
"6224","SMKR1","Exc L5/6 IT Car3",-0.0156755348929146,2.36218856910248,0.16114509039802,0.68833390935096,0.902800312332646,0.93900002539689,"cogn_se_lv"
"6225","AC078846.1","Exc L5/6 IT Car3",0.116584054424331,2.34872152732605,13.6481498710617,0.000253382047673336,0.0448999322760588,0.0306794675882575,"cogn_se_lv"
"6226","NRF1","Exc L5/6 IT Car3",0.0129717834459949,6.81022399066558,0.979449437830575,0.322975164571229,0.695965805481828,0.756108596213354,"cogn_se_lv"
"6227","UBE2H","Exc L5/6 IT Car3",0.00463176067631336,7.3059208756845,0.229464223039682,0.632201575692502,0.880824031315192,0.918622212066602,"cogn_se_lv"
"6228","AC073320.1","Exc L5/6 IT Car3",-0.0211436197469286,2.57289236264732,0.442056187513972,0.506541800235023,0.816298421614546,0.862431113340019,"cogn_se_lv"
"6229","ZC3HC1","Exc L5/6 IT Car3",0.00169311846332314,4.34659320653279,0.0137885651287883,0.906586583740842,0.987921701769422,0.993023777638305,"cogn_se_lv"
"6230","KLHDC10","Exc L5/6 IT Car3",0.0279754526724165,6.87514144107669,7.16221869138195,0.00777329985218975,0.186923569883125,0.171073149524302,"cogn_se_lv"
"6231","TMEM209","Exc L5/6 IT Car3",-0.00760066133854986,3.87634635151124,0.190917138494509,0.757392222565691,0.938352065141105,0.961452597923471,"cogn_se_lv"
"6232","AC087071.2","Exc L5/6 IT Car3",0.0275453492710494,2.17093470048557,0.337123249066887,0.561844449641801,0.843636345917786,0.887595635299557,"cogn_se_lv"
"6233","CEP41","Exc L5/6 IT Car3",0.00713591358026181,4.25522812388183,0.183085648299363,0.851038939325051,0.971725362044465,0.983622833460058,"cogn_se_lv"
"6234","MEST","Exc L5/6 IT Car3",-0.0186713780172008,5.43072827132714,1.49394393307687,0.222375953162083,0.611027659197368,0.667545953705175,"cogn_se_lv"
"6235","COPG2","Exc L5/6 IT Car3",-0.000197041445523531,5.43535384209895,0.000217080361713443,0.988252538810284,0.998638339521102,0.999870711362408,"cogn_se_lv"
"6236","AC007938.3","Exc L5/6 IT Car3",-0.0541654540953213,3.3442149072165,5.34768055141845,0.0212925824124349,0.273857344568852,0.268083709254995,"cogn_se_lv"
"6237","AC016831.7","Exc L5/6 IT Car3",-0.0280435512693726,9.47659131583539,4.28273558830879,0.039188204515025,0.328374252780152,0.343945248884322,"cogn_se_lv"
"6238","LINC00513","Exc L5/6 IT Car3",-0.0352747349667032,5.96019042036529,1.09237012295191,0.296622287528818,0.674799261650925,0.735005656797113,"cogn_se_lv"
"6239","AC058791.1","Exc L5/6 IT Car3",-0.0332000170000451,4.09284647379211,0.990696689616656,0.320216244740659,0.693607301690158,0.754233966860828,"cogn_se_lv"
"6240","MKLN1","Exc L5/6 IT Car3",-0.0128767179759175,8.40342196224911,1.65062482279177,0.199669744754374,0.586514030126452,0.641861764920393,"cogn_se_lv"
"6241","PODXL","Exc L5/6 IT Car3",0.0273369596643636,3.09580016974561,0.948228027536369,0.330800677740623,0.700792822343723,0.761329199094465,"cogn_se_lv"
"6242","PLXNA4","Exc L5/6 IT Car3",0.0153130528778233,8.12686512318927,0.88846222388481,0.346503358463147,0.715260611242374,0.771835119128796,"cogn_se_lv"
"6243","CHCHD3","Exc L5/6 IT Car3",0.00764428781920632,7.60176660756629,0.912490756484924,0.340071962446596,0.71004939771855,0.767392276213309,"cogn_se_lv"
"6244","EXOC4","Exc L5/6 IT Car3",0.0101224153564759,8.44366869257189,0.822284833261383,0.365097347966781,0.727470728788796,0.784911467769505,"cogn_se_lv"
"6245","LRGUK","Exc L5/6 IT Car3",-0.0472321861840886,5.11050091023119,7.9011386299196,0.00520059865285673,0.157750327882543,0.141891384707744,"cogn_se_lv"
"6246","SLC35B4","Exc L5/6 IT Car3",-0.0177844235025408,5.37418599884772,1.82906184889105,0.177056243309809,0.563465498502014,0.616745891616965,"cogn_se_lv"
"6247","AKR1B1","Exc L5/6 IT Car3",-0.0114838574568054,4.09392840551986,0.217879263792896,0.640932612498077,0.884107586310083,0.921497133331088,"cogn_se_lv"
"6248","BPGM","Exc L5/6 IT Car3",-0.0230627595989151,3.2175664923921,0.640274811108085,0.424119703912778,0.76971356334266,0.821378676157125,"cogn_se_lv"
"6249","CALD1","Exc L5/6 IT Car3",-0.0214493341742746,5.03768900618835,1.32601106261001,0.250252337982319,0.634369019715073,0.69497256420934,"cogn_se_lv"
"6250","AGBL3","Exc L5/6 IT Car3",-0.0396444787105552,4.750789826449,4.22243234314931,0.0405877315138053,0.332081439658407,0.348708543070394,"cogn_se_lv"
"6251","CYREN","Exc L5/6 IT Car3",0.0520368077514698,4.10578774247696,5.00648714187184,0.0258413577196386,0.291781728030255,0.289114662139705,"cogn_se_lv"
"6252","WDR91","Exc L5/6 IT Car3",0.0459154698868004,3.6774465779154,5.02136820852393,0.0256232098666747,0.290383799593611,0.287916687164733,"cogn_se_lv"
"6253","CNOT4","Exc L5/6 IT Car3",-0.00624325416697036,6.95133342982366,0.58990065185017,0.442942618872895,0.778382369377654,0.831308233741835,"cogn_se_lv"
"6254","NUP205","Exc L5/6 IT Car3",0.0213719471068155,5.07223486992021,2.42422954026464,0.120318473919367,0.489867183204121,0.535470197900041,"cogn_se_lv"
"6255","STMP1","Exc L5/6 IT Car3",0.016918721040052,4.40108755073702,1.01154766996485,0.315183174116105,0.689643313711749,0.750811727586691,"cogn_se_lv"
"6256","SLC13A4","Exc L5/6 IT Car3",0.103565384844879,1.84116485521089,4.34267292220235,0.0378474553066494,0.325396807142333,0.33887820233742,"cogn_se_lv"
"6257","MTPN","Exc L5/6 IT Car3",-0.0378020858138945,6.5879506127648,3.66040530728353,0.0564840122341507,0.373928928056421,0.399515295324144,"cogn_se_lv"
"6258","AC078845.1","Exc L5/6 IT Car3",-0.0234719667103801,1.38060621544212,0.185065931285679,0.667303317165143,0.895220332863334,0.931248264652647,"cogn_se_lv"
"6259","AC009264.1","Exc L5/6 IT Car3",0.0186432558455868,4.32810883404061,0.383713060015623,0.53600023264572,0.828217226949561,0.875697825487501,"cogn_se_lv"
"6260","CHRM2","Exc L5/6 IT Car3",-0.0129477268681535,7.83087323424081,0.628205108354107,0.428517367263171,0.77189630869187,0.823714166158826,"cogn_se_lv"
"6261","PTN","Exc L5/6 IT Car3",0.039369448559641,2.83083770613595,1.3731596430269,0.242016347061923,0.627207120081415,0.686378834473417,"cogn_se_lv"
"6262","DGKI","Exc L5/6 IT Car3",0.0194275876035436,9.79404384196109,2.67126965323614,0.103016618323389,0.462584975531369,0.503655493854944,"cogn_se_lv"
"6263","CREB3L2","Exc L5/6 IT Car3",0.0364857030478696,5.09544770229849,2.54546542503853,0.111456674436245,0.476351507192535,0.519266772376435,"cogn_se_lv"
"6264","TRIM24","Exc L5/6 IT Car3",0.0199260034717501,5.64420300832933,2.15469366333965,0.142975991092209,0.519329833115197,0.571102737960232,"cogn_se_lv"
"6265","SVOPL","Exc L5/6 IT Car3",0.0991762473501988,1.91552382577739,5.429156701595,0.020335102002987,0.26850417095392,0.262798164758654,"cogn_se_lv"
"6266","ATP6V0A4","Exc L5/6 IT Car3",0.044900999656074,2.44274326296934,1.11982262714151,0.290640236291727,0.670169608750008,0.730076239683991,"cogn_se_lv"
"6267","TMEM213","Exc L5/6 IT Car3",-0.042008188324636,2.09215310694745,0.847687743576354,0.357801287324028,0.722456286003253,0.779744721330269,"cogn_se_lv"
"6268","KIAA1549","Exc L5/6 IT Car3",0.0169604721312457,6.66302489610566,2.17856917639436,0.140786659457056,0.515522415889928,0.567334799322368,"cogn_se_lv"
"6269","ZC3HAV1","Exc L5/6 IT Car3",-0.03550018200262,3.81259565596665,1.82034895892053,0.178088679334274,0.56468303167281,0.618263507752896,"cogn_se_lv"
"6270","TTC26","Exc L5/6 IT Car3",0.00508675364737162,5.51697964251642,0.132526509446463,0.716032611936953,0.918464902292858,0.948754909897132,"cogn_se_lv"
"6271","UBN2","Exc L5/6 IT Car3",0.00149106812204541,7.06367449302186,0.0162025934381715,0.898779812040419,0.986715578313859,0.992222904797076,"cogn_se_lv"
"6272","LUC7L2","Exc L5/6 IT Car3",0.0236965203748432,5.03422544800757,1.65349797743851,0.199279750922428,0.586514030126452,0.641574179687026,"cogn_se_lv"
"6273","KLRG2","Exc L5/6 IT Car3",-0.023886088339272,1.58400299659879,0.184125441293167,0.668098892890083,0.895492245390905,0.931457508363517,"cogn_se_lv"
"6274","CLEC2L","Exc L5/6 IT Car3",-0.017104739394286,5.40841862243448,0.434830710421627,0.510034237697481,0.817119641086911,0.863976846780396,"cogn_se_lv"
"6275","HIPK2","Exc L5/6 IT Car3",-0.00778758231787213,5.54768194349295,0.183372783882212,0.668737313540552,0.896191854352933,0.931720061912649,"cogn_se_lv"
"6276","KDM7A","Exc L5/6 IT Car3",0.0179564911827352,4.60735640041967,1.04233923006086,0.307938567947694,0.683648174224363,0.745046778983635,"cogn_se_lv"
"6277","SLC37A3","Exc L5/6 IT Car3",0.0266118045286818,6.08802369218753,3.37590968223105,0.0669499237239294,0.39725488026192,0.427261994157067,"cogn_se_lv"
"6278","RAB19","Exc L5/6 IT Car3",0.0502969309094932,1.41493434558751,0.863965310834527,0.353231453452974,0.719744746278469,0.776550064077523,"cogn_se_lv"
"6279","MKRN1","Exc L5/6 IT Car3",0.0122895075315493,5.2645892310687,0.708690878039511,0.400417186146462,0.754278915425412,0.807768820867024,"cogn_se_lv"
"6280","DENND2A","Exc L5/6 IT Car3",-0.0156510532985045,4.75595952792738,0.351662182661038,0.553532435421024,0.839314876805382,0.88396694760415,"cogn_se_lv"
"6281","ADCK2","Exc L5/6 IT Car3",0.0865630626758649,2.53533063560443,7.07549700878207,0.0081510361932527,0.190847787828328,0.17461006834877,"cogn_se_lv"
"6282","NDUFB2","Exc L5/6 IT Car3",-0.0278332603699629,5.00416440099999,0.926981378738873,0.336271164819049,0.706320898944337,0.765169297395801,"cogn_se_lv"
"6283","BRAF","Exc L5/6 IT Car3",-0.0040844663593849,8.07805317492114,0.220265021980583,0.639111780046972,0.883493921788341,0.920892783554473,"cogn_se_lv"
"6284","MRPS33","Exc L5/6 IT Car3",-0.0195726731529798,3.9955184566734,0.705941495646377,0.401331701445013,0.754699638270969,0.808088992881313,"cogn_se_lv"
"6285","TMEM178B","Exc L5/6 IT Car3",0.0150498270693648,9.63923573450339,1.28765578209327,0.257207781091058,0.639795143306394,0.701584470946313,"cogn_se_lv"
"6286","AGK","Exc L5/6 IT Car3",0.014651533749405,5.8721149872282,2.29128118776412,0.130947811904738,0.501564665309586,0.552969476608407,"cogn_se_lv"
"6287","AC004918.1","Exc L5/6 IT Car3",0.0368256982785768,4.12934143314056,3.95748342743126,0.0473920644098332,0.352207238869669,0.370520640288439,"cogn_se_lv"
"6288","KIAA1147","Exc L5/6 IT Car3",0.0446030556371435,5.8334475950939,8.7877338998078,0.00322710575314234,0.131218826837242,0.112646424661111,"cogn_se_lv"
"6289","WEE2-AS1","Exc L5/6 IT Car3",0.0708855429882863,1.92668627263218,1.75508504635917,0.186048321953613,0.573229964938158,0.626604259803156,"cogn_se_lv"
"6290","SSBP1","Exc L5/6 IT Car3",-0.00201969129313726,5.54227967445826,0.0227834597303995,0.880102989792427,0.981383038672293,0.988923094115778,"cogn_se_lv"
"6291","MGAM","Exc L5/6 IT Car3",0.0108346305675363,2.0885590792117,0.0393419059395754,0.84288070952542,0.970226934898744,0.982022739652757,"cogn_se_lv"
"6292","EPHB6","Exc L5/6 IT Car3",-0.032870607771528,6.43445442886406,4.02349067660381,0.0455911400817261,0.346321641588235,0.364327517017453,"cogn_se_lv"
"6293","GSTK1","Exc L5/6 IT Car3",0.00895956154417703,4.75609495873056,0.214281072327896,0.643701896571454,0.885447193796969,0.922489357076215,"cogn_se_lv"
"6294","AC073342.1","Exc L5/6 IT Car3",0.0237348517792919,2.39014025196769,0.464829701250747,0.495797758962598,0.809909016021436,0.857030531075469,"cogn_se_lv"
"6295","CASP2","Exc L5/6 IT Car3",0.0323498038442397,3.75823632683547,3.1654627237775,0.0760238873417391,0.416677281040811,0.45008332067027,"cogn_se_lv"
"6296","FAM131B","Exc L5/6 IT Car3",-0.0617709343645524,5.18856141044742,7.64694617761804,0.00596896377157745,0.165776034227212,0.151530946304612,"cogn_se_lv"
"6297","AC093673.2","Exc L5/6 IT Car3",-0.0290232592938814,2.49878401801822,0.740542526715653,0.39003894029319,0.746621560596167,0.801292527022368,"cogn_se_lv"
"6298","AC093673.1","Exc L5/6 IT Car3",-0.0705318313354041,2.60242891385492,3.46216623448537,0.0635732837759917,0.388692667696058,0.419044068123931,"cogn_se_lv"
"6299","ZYX","Exc L5/6 IT Car3",-0.00664787881344704,5.28431836930733,0.172116227092817,0.678475939001747,0.900130631056747,0.935474039447672,"cogn_se_lv"
"6300","EPHA1-AS1","Exc L5/6 IT Car3",0.022856561822493,1.99243438047464,0.254171516341741,0.614450101928054,0.872292765527302,0.91125364079495,"cogn_se_lv"
"6301","TCAF2","Exc L5/6 IT Car3",-0.0298393321154715,3.50867607817487,1.32575385821596,0.250298202214014,0.634369019715073,0.695003225866619,"cogn_se_lv"
"6302","TCAF1","Exc L5/6 IT Car3",-0.072107871818059,7.56581079032714,30.1528262215426,7.39086492635078e-08,0.000189575685360898,0.000209958016718231,"cogn_se_lv"
"6303","TPK1","Exc L5/6 IT Car3",0.0164310384381974,6.05771583946221,0.974158999268192,0.324283767004446,0.697028934943913,0.757201710694336,"cogn_se_lv"
"6304","CNTNAP2","Exc L5/6 IT Car3",0.00884846007162805,10.6202562373507,0.311597354477067,0.577035930842079,0.8524406642222,0.89461151292064,"cogn_se_lv"
"6305","AC006974.1","Exc L5/6 IT Car3",-0.00874073754029313,1.33851245123138,0.0167019963253758,0.897240282918685,0.986715578313859,0.991901292231388,"cogn_se_lv"
"6306","CUL1","Exc L5/6 IT Car3",-0.00490999601578196,6.81489611106094,0.321302195591867,0.571166438961252,0.848869669463741,0.891410360591047,"cogn_se_lv"
"6307","EZH2","Exc L5/6 IT Car3",0.0186759504261919,3.24913909183596,0.56597457837439,0.452336587611926,0.784755350388365,0.835836767122181,"cogn_se_lv"
"6308","PDIA4","Exc L5/6 IT Car3",0.0393016718437665,2.89225447897723,2.10513051992574,0.147644742618234,0.525936758897253,0.57795073677006,"cogn_se_lv"
"6309","ZNF786","Exc L5/6 IT Car3",0.0217816649291882,4.79120907227433,1.53682420261827,0.215869100647877,0.604040992540151,0.660075917072213,"cogn_se_lv"
"6310","ZNF425","Exc L5/6 IT Car3",0.00178562512330645,3.86770724165815,0.00962401836787745,0.921903835059743,0.990974669133532,0.995022182665071,"cogn_se_lv"
"6311","ZNF398","Exc L5/6 IT Car3",0.00860128768277846,5.60821221369568,0.584586276246232,0.977635757100917,0.998390354534415,0.999587663647463,"cogn_se_lv"
"6312","ZNF282","Exc L5/6 IT Car3",0.01844467891143,3.92288489274445,1.29261784711,0.263630554041244,0.646414577423356,0.707532116597432,"cogn_se_lv"
"6313","ZNF212","Exc L5/6 IT Car3",0.0130901234485952,3.51218341375223,0.364371118712196,0.546454836244635,0.834153930748357,0.880518394520835,"cogn_se_lv"
"6314","ZNF783","Exc L5/6 IT Car3",0.0144395786483112,4.73808561071611,0.887192896122238,0.346847671187762,0.715260611242374,0.772186721008596,"cogn_se_lv"
"6315","ZNF777","Exc L5/6 IT Car3",0.0265034537416425,3.81205378775302,1.56958443260443,0.211050803602921,0.598585727280052,0.65469181253066,"cogn_se_lv"
"6316","ZNF746","Exc L5/6 IT Car3",0.0174798672193206,4.34044912229531,1.3578589229895,0.325902346833839,0.698751339895901,0.758424179542599,"cogn_se_lv"
"6317","KRBA1","Exc L5/6 IT Car3",-0.00500342482355682,3.64083271280646,0.0688028053157151,0.793232477026894,0.952216125954876,0.971135340407771,"cogn_se_lv"
"6318","ZNF862","Exc L5/6 IT Car3",0.0133987125575475,5.70764863382124,0.80093510835863,0.371390029913599,0.732319136164808,0.788970978937004,"cogn_se_lv"
"6319","ATP6V0E2-AS1","Exc L5/6 IT Car3",0.0166702676685711,3.57005442556397,0.557395077497563,0.463984013447807,0.791127184462858,0.842023798320064,"cogn_se_lv"
"6320","ATP6V0E2","Exc L5/6 IT Car3",-0.0337201535227763,6.87349536081721,1.94729066256291,0.163707801126952,0.548066795593601,0.599427647056941,"cogn_se_lv"
"6321","AC093458.1","Exc L5/6 IT Car3",-0.0363922835162394,2.16485385253077,0.754292593683419,0.385678011895755,0.743409872857566,0.798810082212741,"cogn_se_lv"
"6322","AC092666.1","Exc L5/6 IT Car3",-0.0296843827600718,1.90000498682619,0.388963362440544,0.533225315967226,0.826852127109796,0.874303975255757,"cogn_se_lv"
"6323","ACTR3C","Exc L5/6 IT Car3",0.0292983237698188,4.05478050477634,1.63880734648898,0.201283305555381,0.589081266774287,0.643491824589418,"cogn_se_lv"
"6324","LRRC61","Exc L5/6 IT Car3",0.0244248621930734,2.74328424173904,0.633284720916964,0.426658239187715,0.770935410090093,0.822821748445888,"cogn_se_lv"
"6325","AC073111.5","Exc L5/6 IT Car3",-0.0256991696558855,3.27414418722354,1.3160467433829,0.252036748001777,0.635147462215056,0.696747146324686,"cogn_se_lv"
"6326","KCNH2","Exc L5/6 IT Car3",0.00932187797788439,3.07651748490213,0.132648729127675,0.715907399860222,0.918464902292858,0.948754909897132,"cogn_se_lv"
"6327","ABCB8","Exc L5/6 IT Car3",0.0281467756304238,5.06731114011381,2.76331317116685,0.0972868666071322,0.452119727734555,0.492884484262132,"cogn_se_lv"
"6328","ASIC3","Exc L5/6 IT Car3",0.0248048796303818,2.92997776050355,0.834328090775202,0.361612957183325,0.725394083817959,0.781977457391132,"cogn_se_lv"
"6329","CDK5","Exc L5/6 IT Car3",-0.0554920426248482,3.6394391262798,2.3756526916445,0.124086459674191,0.493034839284299,0.541193017994417,"cogn_se_lv"
"6330","FASTK","Exc L5/6 IT Car3",-0.0339506361103704,4.76875134984928,3.83153123405831,0.0510409847455816,0.359341608067018,0.381931877855021,"cogn_se_lv"
"6331","TMUB1","Exc L5/6 IT Car3",-0.0409290607517357,3.42713225621105,2.82712161817982,0.0935198692787184,0.445317852163899,0.486333124559636,"cogn_se_lv"
"6332","AGAP3","Exc L5/6 IT Car3",-0.0454741619318839,6.79541435150867,8.72573021390316,0.00333607278078824,0.131984987394167,0.114270035284276,"cogn_se_lv"
"6333","CHPF2","Exc L5/6 IT Car3",-0.0442684817543503,3.57144754970392,4.14595954305578,0.0424387399386687,0.337257514455779,0.355314191293472,"cogn_se_lv"
"6334","SMARCD3","Exc L5/6 IT Car3",-0.0427172767526378,4.7539301375007,4.7213746442017,0.0304176941461551,0.304222598957164,0.309240147021114,"cogn_se_lv"
"6335","AC021097.1","Exc L5/6 IT Car3",0.0277154152588443,3.0199054717385,1.24138446529209,0.265920518334823,0.648572027067578,0.709663588622979,"cogn_se_lv"
"6336","NUB1","Exc L5/6 IT Car3",0.0124539476123006,4.83644538460603,0.815197652439228,0.367169651245582,0.729033793403368,0.786055184610958,"cogn_se_lv"
"6337","RHEB","Exc L5/6 IT Car3",-0.0311564023188713,6.36154165263677,4.58569210253009,0.0328861880497361,0.309560151737409,0.319891708883702,"cogn_se_lv"
"6338","PRKAG2","Exc L5/6 IT Car3",0.0128545705016011,7.68698184995435,0.523751725774922,0.469698474983963,0.794332243135721,0.844895454508927,"cogn_se_lv"
"6339","PRKAG2-AS1","Exc L5/6 IT Car3",-0.00848011999826746,4.17576336092605,0.0751633169571496,0.784113702271057,0.949524736639513,0.968335382161404,"cogn_se_lv"
"6340","GALNTL5","Exc L5/6 IT Car3",-0.0472471819078546,2.62792658328866,2.23470300531609,0.135786538720884,0.507838355021727,0.560078478660684,"cogn_se_lv"
"6341","GALNT11","Exc L5/6 IT Car3",0.0254452543620757,7.46815480083716,4.88437601631869,0.0277063482962909,0.297729972746654,0.297292096396437,"cogn_se_lv"
"6342","KMT2C","Exc L5/6 IT Car3",0.00620342401286719,7.83012049476476,0.353050669477285,0.552750828125932,0.839085943582724,0.88361937798995,"cogn_se_lv"
"6343","LINC01003","Exc L5/6 IT Car3",0.0671658657706346,2.38354736423649,2.68892872598723,0.101889254459641,0.460969387011202,0.501501682890096,"cogn_se_lv"
"6344","XRCC2","Exc L5/6 IT Car3",0.0663108871388427,2.34181130448704,4.02116528874627,0.0456533387857392,0.346452112382903,0.364532640722458,"cogn_se_lv"
"6345","ACTR3B","Exc L5/6 IT Car3",-0.0119138245974921,7.50741463003766,1.56394755488628,0.211870664811018,0.599705600717628,0.65553133398587,"cogn_se_lv"
"6346","DPP6","Exc L5/6 IT Car3",-0.0215492705421385,8.3809387969124,2.46038987805758,0.11759617703314,0.486245342434182,0.530557091049939,"cogn_se_lv"
"6347","PAXIP1-AS2","Exc L5/6 IT Car3",0.0686721909985742,2.53113553661242,4.20669094038178,0.0409616657574015,0.333269603761565,0.350112601792813,"cogn_se_lv"
"6348","PAXIP1","Exc L5/6 IT Car3",0.00754636105736895,4.9150952717702,0.255772361785721,0.613337787248105,0.87166576283575,0.910675428981849,"cogn_se_lv"
"6349","PAXIP1-AS1","Exc L5/6 IT Car3",0.026778833561568,3.83717586404241,1.52024768124058,0.218357114309763,0.606576783940374,0.663162398681996,"cogn_se_lv"
"6350","HTR5A-AS1","Exc L5/6 IT Car3",-0.041495834580314,3.32045322396986,1.72594381539332,0.189735729476434,0.577423942385273,0.631184393259306,"cogn_se_lv"
"6351","HTR5A","Exc L5/6 IT Car3",7.57399594976431e-05,3.59558243948876,2.42437611123709e-05,0.996074023065583,0.999242764926216,0.999870711362408,"cogn_se_lv"
"6352","AC144652.1","Exc L5/6 IT Car3",0.0684824420259739,1.9542420709825,2.46295182346234,0.11740591302894,0.485589089361837,0.530192830010543,"cogn_se_lv"
"6353","INSIG1","Exc L5/6 IT Car3",-0.00151681702694213,4.6250044409053,0.00393352099959443,0.950024765799279,0.995054338434123,0.997804640603097,"cogn_se_lv"
"6354","CNPY1","Exc L5/6 IT Car3",0.121835370247893,2.01432109292446,5.34159573650881,0.0213659445877823,0.274107312637756,0.268527406853249,"cogn_se_lv"
"6355","AC009403.1","Exc L5/6 IT Car3",0.00733444647336852,4.57265375526511,0.196009883317695,0.827153131700269,0.965029939006543,0.978791647737738,"cogn_se_lv"
"6356","RBM33","Exc L5/6 IT Car3",-0.000751457786916772,6.72754147980678,0.00398779588384436,0.949681622966595,0.995054338434123,0.997804640603097,"cogn_se_lv"
"6357","LINC01006","Exc L5/6 IT Car3",0.0167421603642495,4.49778967887218,0.532765967566269,0.465903618707717,0.791612586002238,0.842849818009973,"cogn_se_lv"
"6358","LMBR1","Exc L5/6 IT Car3",0.00139996337888559,6.84869827676307,0.0163376460776576,0.898361128616229,0.986715578313859,0.992164474469188,"cogn_se_lv"
"6359","NOM1","Exc L5/6 IT Car3",-0.00754727934779352,4.39884744746976,0.224545706741353,0.635874677655029,0.882426626610541,0.919991297713987,"cogn_se_lv"
"6360","UBE3C","Exc L5/6 IT Car3",0.00601615303732467,7.38157003713854,0.334907215084912,0.563132372995833,0.844122647356177,0.88811248057246,"cogn_se_lv"
"6361","DNAJB6","Exc L5/6 IT Car3",-0.0184855998233729,6.53629419115317,1.42174721316275,0.23387266705767,0.621576109846761,0.679025923468199,"cogn_se_lv"
"6362","PTPRN2","Exc L5/6 IT Car3",0.0316486275031462,9.52259576190091,4.11560766592978,0.0431979147504627,0.339885433542751,0.358057997891494,"cogn_se_lv"
"6363","NCAPG2","Exc L5/6 IT Car3",0.00311034874130044,4.06882908711643,0.0261800339804073,0.871548871224275,0.978632506066073,0.987684285222277,"cogn_se_lv"
"6364","ESYT2","Exc L5/6 IT Car3",-0.0155978018871472,7.39529089847033,0.895064203693197,0.344719996557078,0.71402971023061,0.77057820609105,"cogn_se_lv"
"6365","WDR60","Exc L5/6 IT Car3",-0.00449468367741861,7.54479359950696,0.204448508679811,0.651416207434961,0.887629788936254,0.924979706418845,"cogn_se_lv"
"6366","VIPR2","Exc L5/6 IT Car3",0.0610407724891664,3.03244822777867,1.93882410863796,0.164624278461993,0.549223421966199,0.600344590000229,"cogn_se_lv"
"6367","PLCXD1","Exc L5/6 IT Car3",0.0225183088771903,3.54290872369357,0.836259615245407,0.361058413169419,0.724943115287327,0.781575043483096,"cogn_se_lv"
"6368","GTPBP6","Exc L5/6 IT Car3",0.0311740435098997,4.55567063955771,2.68970556398598,0.101839972795139,0.460969387011202,0.501444616047383,"cogn_se_lv"
"6369","LINC00685","Exc L5/6 IT Car3",0.0236213947672785,4.31164819326586,0.56397011076306,0.453137689234332,0.785113151561046,0.836387810941209,"cogn_se_lv"
"6370","PPP2R3B","Exc L5/6 IT Car3",0.0204755997178711,2.98481238664898,0.482993940721556,0.487501218286886,0.80430136922538,0.853130424803585,"cogn_se_lv"
"6371","IL3RA","Exc L5/6 IT Car3",0.0191191242596793,2.97087570983852,0.39189686937125,0.531686195367609,0.826671325785064,0.873605358436888,"cogn_se_lv"
"6372","SLC25A6","Exc L5/6 IT Car3",-0.0394591658873661,5.68409498054842,1.74240721620881,0.187642144156544,0.575062928090689,0.628841695915644,"cogn_se_lv"
"6373","LINC00106","Exc L5/6 IT Car3",0.0379679780683676,3.7334404792212,1.77512943823128,0.183560476433088,0.5701580754082,0.624087761841829,"cogn_se_lv"
"6374","ASMTL-AS1","Exc L5/6 IT Car3",0.0261124616655479,3.08718682376835,0.674438354159147,0.412032090872383,0.762096947222495,0.814627263429108,"cogn_se_lv"
"6375","ASMTL","Exc L5/6 IT Car3",0.0579698101111673,4.25288196751958,7.18748587504571,0.00766666159211421,0.185518745129934,0.169744186134903,"cogn_se_lv"
"6376","AKAP17A","Exc L5/6 IT Car3",0.0256268897363557,3.98924796172358,1.15763488368601,0.28265076109979,0.662539096936755,0.723514445574329,"cogn_se_lv"
"6377","DHRSX","Exc L5/6 IT Car3",0.0342533218450122,4.38066259759739,1.9354416292841,0.164992064990126,0.549658546731291,0.6011171880226,"cogn_se_lv"
"6378","ARSE","Exc L5/6 IT Car3",-0.0312386196610444,1.9433899209816,0.483373191399483,0.487330470530697,0.80430136922538,0.853120419640809,"cogn_se_lv"
"6379","ARSF","Exc L5/6 IT Car3",0.0322921732666166,1.23794747142169,0.265206235997723,0.606870237067022,0.868489208523477,0.907685109114949,"cogn_se_lv"
"6380","PRKX","Exc L5/6 IT Car3",0.00417049235837265,1.83865150610591,0.0109984124243654,0.916532601559405,0.98971630213298,0.994412423900357,"cogn_se_lv"
"6381","BX890604.1","Exc L5/6 IT Car3",-0.012015212381052,2.76723612520617,0.196899985286659,0.657491636983493,0.890112270687541,0.927750325209689,"cogn_se_lv"
"6382","AC110995.1","Exc L5/6 IT Car3",0.0250935554029781,1.51107356979763,0.197215606892777,0.657234836578835,0.890074349880228,0.927606745096583,"cogn_se_lv"
"6383","NLGN4X","Exc L5/6 IT Car3",0.000411742132338794,7.88532900044092,0.00115844610118695,0.972866654029074,0.998267578294294,0.99932950827928,"cogn_se_lv"
"6384","AC097347.1","Exc L5/6 IT Car3",-0.0296379830746217,2.74412046975368,0.983440117346759,0.321992680207505,0.695016458400211,0.755490712022421,"cogn_se_lv"
"6385","PUDP","Exc L5/6 IT Car3",0.0248678915252109,4.09100679002376,1.24348578416329,0.265516956518197,0.64841414801889,0.709285129701765,"cogn_se_lv"
"6386","STS","Exc L5/6 IT Car3",-0.00900908283033018,4.16135539305325,0.229768997687428,0.63197557070042,0.880588866734221,0.918557520833391,"cogn_se_lv"
"6387","PNPLA4","Exc L5/6 IT Car3",0.0317501539650747,2.45536777904828,0.988472169015805,0.432713505875454,0.77353077346411,0.825648824656453,"cogn_se_lv"
"6388","ANOS1","Exc L5/6 IT Car3",0.0158034589433638,2.58848542200323,0.0988220155828573,0.753423305334753,0.936287102297113,0.960244014666072,"cogn_se_lv"
"6389","TBL1X","Exc L5/6 IT Car3",0.0118113883541255,5.57808696238837,0.37679932247511,0.539694681321939,0.830258011349924,0.877514014891355,"cogn_se_lv"
"6390","SHROOM2","Exc L5/6 IT Car3",0.0119511208014099,4.33938933708088,0.598517299697824,0.439633448035955,0.776403982764389,0.829590589141249,"cogn_se_lv"
"6391","WWC3","Exc L5/6 IT Car3",0.0087651153254092,5.61258142525836,0.346186197896637,0.556635460011705,0.840778228674641,0.88532892490682,"cogn_se_lv"
"6392","WWC3-AS1","Exc L5/6 IT Car3",0.0259481708335054,1.68775238940953,0.248125587947748,0.618691047787635,0.873641849271671,0.912741488148277,"cogn_se_lv"
"6393","CLCN4","Exc L5/6 IT Car3",-0.0290934755366921,5.93694081760283,5.79499672936,0.0165559863846855,0.24499676005799,0.239409039680391,"cogn_se_lv"
"6394","AC003666.1","Exc L5/6 IT Car3",-0.000777564984753765,1.63616045844864,9.04486073273707e-05,0.992416950638676,0.999242764926216,0.999870711362408,"cogn_se_lv"
"6395","MID1","Exc L5/6 IT Car3",-0.0042950580354118,3.03656573340717,0.0163242392213933,0.898402613054494,0.986715578313859,0.992164474469188,"cogn_se_lv"
"6396","AC073529.1","Exc L5/6 IT Car3",-0.0323842457985358,2.91384293899818,0.787564615649495,0.375408380759832,0.73496183435871,0.791659818248277,"cogn_se_lv"
"6397","HCCS","Exc L5/6 IT Car3",-0.0422196760973277,2.49782187830046,1.56642595881534,0.254308004373252,0.637946240799404,0.698861156802941,"cogn_se_lv"
"6398","ARHGAP6","Exc L5/6 IT Car3",-0.00894629862088569,2.15832132808625,0.0394252108491612,0.842716628550708,0.970110622589229,0.981998045759764,"cogn_se_lv"
"6399","MSL3","Exc L5/6 IT Car3",0.00415026269115431,4.1382375432519,0.0603779707876625,0.806034440067298,0.956354177213454,0.974332942418396,"cogn_se_lv"
"6400","FRMPD4","Exc L5/6 IT Car3",0.0226129895172381,9.0184949528874,4.09776726407923,0.0436508290165482,0.340910221992702,0.359542838016422,"cogn_se_lv"
"6401","PRPS2","Exc L5/6 IT Car3",-0.00397945273164501,4.67838053919968,0.0609901168085306,0.805073431723623,0.956341821210757,0.974171230391872,"cogn_se_lv"
"6402","TMSB4X","Exc L5/6 IT Car3",-0.114125453961314,7.41533524215783,9.50034547798253,0.00220677841695798,0.109397798176925,0.0933441546711,"cogn_se_lv"
"6403","TCEANC","Exc L5/6 IT Car3",-0.00510643388484572,2.44756702666196,0.0272078686059349,0.869074043416549,0.97742250279017,0.987215819779565,"cogn_se_lv"
"6404","RAB9A","Exc L5/6 IT Car3",0.0268403464560873,4.55443801595909,2.88839850530801,0.090051781257642,0.440139830667427,0.479907461946249,"cogn_se_lv"
"6405","TRAPPC2","Exc L5/6 IT Car3",-0.0184444253997907,4.82448545209292,1.87541984432172,0.171678067419172,0.558338590109191,0.609753186432725,"cogn_se_lv"
"6406","OFD1","Exc L5/6 IT Car3",-0.0150015056033327,5.70999171045439,1.43265670269349,0.232090153302403,0.620439023679691,0.677856229890439,"cogn_se_lv"
"6407","GPM6B","Exc L5/6 IT Car3",-0.027245324405549,9.11629983597684,7.98240493157726,0.00497694353118324,0.154988681091868,0.138535340300356,"cogn_se_lv"
"6408","GEMIN8","Exc L5/6 IT Car3",0.0218764652718562,3.71797388201624,0.872609146864593,0.350837226358139,0.717952452393453,0.774482004903394,"cogn_se_lv"
"6409","GLRA2","Exc L5/6 IT Car3",-0.0726421530993537,6.04758504580188,10.5442696473601,0.00127086512338771,0.0896023412504146,0.0724338680606528,"cogn_se_lv"
"6410","FANCB","Exc L5/6 IT Car3",0.00771926165905704,3.36559530521213,0.114289820303226,0.86452994313157,0.97538376478777,0.986542852105431,"cogn_se_lv"
"6411","MOSPD2","Exc L5/6 IT Car3",0.00400276398306967,5.05606830968432,0.0892168348030533,0.765341192002226,0.9416853969391,0.96342389201137,"cogn_se_lv"
"6412","VEGFD","Exc L5/6 IT Car3",0.0330913184556268,4.34652830133208,4.55932268559808,0.0333898337853359,0.31070767076627,0.321791501290582,"cogn_se_lv"
"6413","PIR","Exc L5/6 IT Car3",0.0325373090161629,5.82594521505964,5.10817004185526,0.0243884514538126,0.287720329122725,0.282854071156528,"cogn_se_lv"
"6414","BMX","Exc L5/6 IT Car3",0.00854839319587821,2.58695950992247,0.051891530272612,0.819928552519437,0.96194556303092,0.977272530378982,"cogn_se_lv"
"6415","CA5B","Exc L5/6 IT Car3",0.0190862019459698,5.40370121493181,2.24774980917184,0.134653194776318,0.506059259489021,0.557900863887432,"cogn_se_lv"
"6416","ZRSR2","Exc L5/6 IT Car3",0.0206159169697131,4.78020831712727,2.05688483860571,0.152355943599214,0.532192681680178,0.584370546115784,"cogn_se_lv"
"6417","AP1S2","Exc L5/6 IT Car3",0.0312296010914012,3.70605771409406,1.61387517232934,0.204738329184173,0.592553239955684,0.647689890976841,"cogn_se_lv"
"6418","CTPS2","Exc L5/6 IT Car3",0.000298702018181876,3.90914144325445,0.000211748700580624,0.989640257659851,0.999184121589261,0.999870711362408,"cogn_se_lv"
"6419","SYAP1","Exc L5/6 IT Car3",-0.0420566122827159,4.50732866931336,6.10275633602882,0.0139427752237968,0.230144135677814,0.221653488880279,"cogn_se_lv"
"6420","TXLNG","Exc L5/6 IT Car3",0.0154798218462573,5.60829283593836,1.74213948851369,0.187675973530706,0.575062928090689,0.62886706993746,"cogn_se_lv"
"6421","RBBP7","Exc L5/6 IT Car3",-0.0319482936951253,4.8680974483684,4.86848566141859,0.0279591818212271,0.297919212794534,0.298524417316829,"cogn_se_lv"
"6422","REPS2","Exc L5/6 IT Car3",-0.00166415842589217,7.44439296334816,0.0177485144629738,0.894088300482544,0.9857013440361,0.991212999388033,"cogn_se_lv"
"6423","NHS","Exc L5/6 IT Car3",-0.0180010794989386,6.66414476495054,1.22349119279611,0.269388192773778,0.652586854523601,0.712899388028162,"cogn_se_lv"
"6424","SCML1","Exc L5/6 IT Car3",0.0539234659985204,4.25586824564709,5.07326476269663,0.0248773491327279,0.289099594031926,0.285248534233941,"cogn_se_lv"
"6425","RAI2","Exc L5/6 IT Car3",0.0155659535632279,4.93371156240665,0.77877786178389,0.378082510142362,0.737289639013044,0.793720734638725,"cogn_se_lv"
"6426","SCML2","Exc L5/6 IT Car3",0.00325099030245159,3.34233559056703,0.0171762181151096,0.89579989829966,0.986148815080956,0.991500578448614,"cogn_se_lv"
"6427","CDKL5","Exc L5/6 IT Car3",0.00833452602625127,8.79440117911446,0.819018307299938,0.366050458797464,0.728149959336533,0.785447093101906,"cogn_se_lv"
"6428","PPEF1","Exc L5/6 IT Car3",0.0478336160202341,4.43331006546934,3.0658149661852,0.0807756003015578,0.42361453347053,0.460919901101267,"cogn_se_lv"
"6429","PHKA2","Exc L5/6 IT Car3",-0.00397730393726006,4.74176983353237,0.0671715445351828,0.795643138340146,0.952840082410307,0.971694192461924,"cogn_se_lv"
"6430","ADGRG2","Exc L5/6 IT Car3",0.0256064205957383,2.87433539694443,0.529842689034683,0.467128857587442,0.792363398905626,0.843598509060347,"cogn_se_lv"
"6431","PDHA1","Exc L5/6 IT Car3",-0.0180955256979436,4.92035533048436,1.47252493280856,0.22571420087744,0.614809076323009,0.671240075661749,"cogn_se_lv"
"6432","MAP3K15","Exc L5/6 IT Car3",0.0084860982174794,2.21907519826857,0.0531431052480716,0.817807754092577,0.960401475428062,0.977065975476012,"cogn_se_lv"
"6433","SH3KBP1","Exc L5/6 IT Car3",-0.0132703777647177,5.79261406430642,0.756638566084823,0.384940931159994,0.742758391493519,0.798523594643888,"cogn_se_lv"
"6434","BCLAF3","Exc L5/6 IT Car3",0.0183188397252196,5.46071983619125,1.713214607341,0.191373186107063,0.579183663394758,0.632771444411142,"cogn_se_lv"
"6435","MAP7D2","Exc L5/6 IT Car3",0.0136935797579836,6.20763760957825,1.73495050004229,0.188587023862705,0.575605193201369,0.629910433000787,"cogn_se_lv"
"6436","EIF1AX","Exc L5/6 IT Car3",-0.0395334770880833,6.52639829517088,3.57781698023877,0.0593291291837509,0.38000840341902,0.407534248924213,"cogn_se_lv"
"6437","RPS6KA3","Exc L5/6 IT Car3",-0.00366573399855656,7.35821570210998,0.102110273599431,0.749490343731862,0.934362277179534,0.959105435126138,"cogn_se_lv"
"6438","CNKSR2","Exc L5/6 IT Car3",-0.0281246182227435,9.47621760253786,5.42977264622186,0.0203280365462818,0.26850417095392,0.262735209966989,"cogn_se_lv"
"6439","KLHL34","Exc L5/6 IT Car3",-0.0256624323332404,2.35370453998245,0.408839396034065,0.522950947697812,0.82185254031414,0.869898422647923,"cogn_se_lv"
"6440","SMPX","Exc L5/6 IT Car3",-0.0857005357492936,3.93442464512333,9.87591735134177,0.00180825457672598,0.101565831882528,0.0846169867345769,"cogn_se_lv"
"6441","MBTPS2","Exc L5/6 IT Car3",0.00531421556253722,4.46192535026273,0.0797458990647896,0.777798403575016,0.946718698160727,0.966975234174051,"cogn_se_lv"
"6442","SMS","Exc L5/6 IT Car3",-0.017966361592503,6.18546558988133,2.68728378707333,0.101993693833148,0.460969387011202,0.501752505811551,"cogn_se_lv"
"6443","PHEX","Exc L5/6 IT Car3",0.00319281277563488,2.07005870810602,0.00685462164393792,0.934060750774869,0.993267436527988,0.996557882271897,"cogn_se_lv"
"6444","PHEX-AS1","Exc L5/6 IT Car3",0.0138866671474823,2.30860678439326,0.132925228335325,0.7156243718842,0.918464902292858,0.948673072194365,"cogn_se_lv"
"6445","PTCHD1-AS","Exc L5/6 IT Car3",0.0143645097571904,7.05504344052032,0.447301010946337,0.504032409649441,0.814567104377341,0.861123606714834,"cogn_se_lv"
"6446","AC092832.2","Exc L5/6 IT Car3",0.0866216879854776,1.49054701368909,2.2394839248274,0.135369993006614,0.507266664809299,0.559322542355808,"cogn_se_lv"
"6447","AC004470.1","Exc L5/6 IT Car3",0.0166387169739994,1.94403929159873,0.124918825171721,0.723958984668262,0.923016218543994,0.951098634076303,"cogn_se_lv"
"6448","PTCHD1","Exc L5/6 IT Car3",0.00832623515356315,4.55277993862211,0.131247851871329,0.717346515094576,0.919383982953492,0.948973616214115,"cogn_se_lv"
"6449","PRDX4","Exc L5/6 IT Car3",-0.0391567965862001,2.41356169025588,1.26512037146902,0.261406061371818,0.644924540639994,0.705178036430558,"cogn_se_lv"
"6450","ACOT9","Exc L5/6 IT Car3",0.0128088223941121,3.96473539146403,0.632455295276142,0.426960974132854,0.771118730064683,0.823062887944069,"cogn_se_lv"
"6451","SAT1","Exc L5/6 IT Car3",-0.0797098013993707,6.70587473533307,14.5990968387559,0.000155696131634786,0.0342309066551336,0.0235228812541081,"cogn_se_lv"
"6452","APOO","Exc L5/6 IT Car3",-0.0256360475155874,6.96399492453233,1.05052520584993,0.306049199811674,0.682722895587898,0.743495957709436,"cogn_se_lv"
"6453","KLHL15","Exc L5/6 IT Car3",-0.00164900437865061,3.12429801553773,0.0041919390750962,0.948411507427098,0.994823684521745,0.997804640603097,"cogn_se_lv"
"6454","EIF2S3","Exc L5/6 IT Car3",-0.00431962917947833,4.75762214235299,0.0893035042941927,0.765230599733563,0.94162460461338,0.963359945269477,"cogn_se_lv"
"6455","ZFX","Exc L5/6 IT Car3",-0.0124960473887221,5.34807549956673,0.578725035987302,0.447292261931503,0.781276575998846,0.833447760585281,"cogn_se_lv"
"6456","PDK3","Exc L5/6 IT Car3",0.0287099507064309,6.08077025669719,2.32148414660287,0.128444057047169,0.498550829244876,0.548189794049479,"cogn_se_lv"
"6457","PCYT1B","Exc L5/6 IT Car3",0.00190644061297543,3.79524905341592,0.0123930884547677,0.911418997409161,0.989073227776396,0.9937259663591,"cogn_se_lv"
"6458","POLA1","Exc L5/6 IT Car3",0.0176210721346664,5.65289059465397,1.18248927296822,0.277550713986587,0.65984296042349,0.719750487228245,"cogn_se_lv"
"6459","AC112493.1","Exc L5/6 IT Car3",-0.10310093170697,2.06400776589172,3.60860952570237,0.0582508670712633,0.378102422702127,0.404694376815464,"cogn_se_lv"
"6460","AC107419.1","Exc L5/6 IT Car3",-0.10388358836419,1.65858597128018,3.17906559656088,0.0753990161412499,0.41591157374623,0.448618962226194,"cogn_se_lv"
"6461","IL1RAPL1","Exc L5/6 IT Car3",-0.0110204798359441,10.3729405922132,0.944229419254968,0.331821077526262,0.701569773750402,0.761882255105496,"cogn_se_lv"
"6462","GK","Exc L5/6 IT Car3",0.00831026443017553,5.64780907581874,0.371776954582814,0.542407843878439,0.831827241076877,0.878894103986026,"cogn_se_lv"
"6463","GK-AS1","Exc L5/6 IT Car3",0.0440690186306605,2.50010581564964,0.852550354123485,0.356427671976116,0.722146112069242,0.778959006876718,"cogn_se_lv"
"6464","TAB3","Exc L5/6 IT Car3",-0.00229956827202981,4.434945307045,0.0280422772191114,0.867100054786148,0.976386024918357,0.986852254670782,"cogn_se_lv"
"6465","DMD","Exc L5/6 IT Car3",-0.0149069920878144,9.88386458563348,1.829183364778,0.177041893344471,0.563465498502014,0.616745891616965,"cogn_se_lv"
"6466","AL591501.1","Exc L5/6 IT Car3",0.038846738879561,6.89664524478679,5.11382319261791,0.0243102184081511,0.287570640016026,0.28254105323403,"cogn_se_lv"
"6467","AL592043.1","Exc L5/6 IT Car3",-0.00970963417073629,3.79760771194248,0.0889854532342795,0.765636727188425,0.941973717437833,0.963547448370602,"cogn_se_lv"
"6468","TMEM47","Exc L5/6 IT Car3",-0.0100948257768942,3.84130777335985,0.193707206493244,0.660103349348014,0.891999506053401,0.928806249664838,"cogn_se_lv"
"6469","CFAP47","Exc L5/6 IT Car3",-0.0846782359079323,2.99758387738923,4.80516545324876,0.0289908799877783,0.300532072130129,0.303170019804076,"cogn_se_lv"
"6470","AL606516.1","Exc L5/6 IT Car3",-0.182166723882841,2.42322766284945,17.9447612094763,2.8672547774727e-05,0.016431602329735,0.00927891240800893,"cogn_se_lv"
"6471","AF241726.2","Exc L5/6 IT Car3",-0.02372366052467,5.76570499134812,2.14670817558962,0.143716798881727,0.520225178519751,0.571944141990329,"cogn_se_lv"
"6472","DYNLT3","Exc L5/6 IT Car3",-0.0465582232740958,5.43740051139396,4.60931967643512,0.0324416776364004,0.309343568274808,0.317993006103787,"cogn_se_lv"
"6473","SRPX","Exc L5/6 IT Car3",-0.0214782774827377,3.74772380124607,0.718678609197123,0.397120357906696,0.752970014133855,0.805810105919578,"cogn_se_lv"
"6474","RPGR","Exc L5/6 IT Car3",-0.0129654465178622,4.68858700283384,0.614600574643738,0.433557499760828,0.77353077346411,0.826027562231227,"cogn_se_lv"
"6475","TSPAN7","Exc L5/6 IT Car3",-0.0456212335553525,7.32242570191194,3.11147189573267,0.0785597546129311,0.420387560324412,0.455916691447845,"cogn_se_lv"
"6476","MID1IP1","Exc L5/6 IT Car3",-0.0869713473934829,2.21310224153997,4.97733359219577,0.0262743684861863,0.293064283242318,0.290947205241709,"cogn_se_lv"
"6477","BCOR","Exc L5/6 IT Car3",0.0313699957393616,4.5273990295726,0.891634279899146,0.345644946846683,0.714791149149483,0.771343479220958,"cogn_se_lv"
"6478","ATP6AP2","Exc L5/6 IT Car3",-0.0246998371532439,6.20197601846967,1.10769349592592,0.293263978779393,0.672320126604493,0.73241872401071,"cogn_se_lv"
"6479","CXorf38","Exc L5/6 IT Car3",-0.0463636779882199,4.48178472437841,4.4263258896512,0.0360563601615874,0.317634449276949,0.332129001279213,"cogn_se_lv"
"6480","MED14","Exc L5/6 IT Car3",0.018864634278806,4.97577267765179,1.71949934934396,0.190562673528576,0.578101825334022,0.631852001683881,"cogn_se_lv"
"6481","USP9X","Exc L5/6 IT Car3",-0.0053447441284468,6.68633010627714,0.306977491138246,0.579872272028379,0.854320722431242,0.895873279501358,"cogn_se_lv"
"6482","DDX3X","Exc L5/6 IT Car3",-0.0211191099125299,5.73211130981837,2.14486886033664,0.14388804453976,0.520431728664373,0.572204879498872,"cogn_se_lv"
"6483","CASK","Exc L5/6 IT Car3",0.00409691876730521,6.79236399533689,0.147506133983201,0.701148519228001,0.910528707359627,0.943637979685698,"cogn_se_lv"
"6484","GPR34","Exc L5/6 IT Car3",0.00786458155907227,1.24663489746991,0.0142475528197394,0.905051828150012,0.987810604126722,0.992863052470729,"cogn_se_lv"
"6485","GPR82","Exc L5/6 IT Car3",-0.0270481923418106,1.47137135100059,0.203155268673911,0.652447385849053,0.888139644119567,0.925351401845892,"cogn_se_lv"
"6486","Z93403.1","Exc L5/6 IT Car3",0.0384049855067948,1.60185881673859,0.615633344984833,0.43317173177558,0.77353077346411,0.825833827461147,"cogn_se_lv"
"6487","MAOA","Exc L5/6 IT Car3",-0.013918703288813,2.68791309017427,0.197005460046048,0.657405791753642,0.890074349880228,0.927710240647329,"cogn_se_lv"
"6488","MAOB","Exc L5/6 IT Car3",0.00638160589048416,5.37001251354781,0.13980449422953,0.708687507584385,0.914566085994274,0.94629799345929,"cogn_se_lv"
"6489","EFHC2","Exc L5/6 IT Car3",-0.0226360191324619,2.10111097575013,0.287805195268067,0.591949687559438,0.859803245107784,0.901348599954983,"cogn_se_lv"
"6490","FUNDC1","Exc L5/6 IT Car3",-0.0560670015312359,3.15174611261391,3.27481327439858,0.0711542751520732,0.408039497617263,0.437851086377722,"cogn_se_lv"
"6491","KDM6A","Exc L5/6 IT Car3",-0.00508395727767602,6.38152625020928,0.123382793375296,0.725592113841103,0.924234676668431,0.951834413630327,"cogn_se_lv"
"6492","MIR222HG","Exc L5/6 IT Car3",-0.0102383556223836,5.45177590579698,0.225887422100111,0.634867840954117,0.882059262616085,0.919593415751633,"cogn_se_lv"
"6493","AC234772.2","Exc L5/6 IT Car3",0.0154355648912496,2.18997436579828,0.169043988328442,0.681198537357433,0.900862474773406,0.936411432501754,"cogn_se_lv"
"6494","KRBOX4","Exc L5/6 IT Car3",-0.000817157385704768,5.03494097954175,0.00383780839492925,0.950635733463087,0.995054338434123,0.997804640603097,"cogn_se_lv"
"6495","ZNF674","Exc L5/6 IT Car3",-0.0192934610727082,3.46851879190083,0.906234379254373,0.34173086784471,0.71109221959574,0.76837861769964,"cogn_se_lv"
"6496","ZNF674-AS1","Exc L5/6 IT Car3",0.0615066164452605,1.94461562067671,1.93663460103182,0.16486224230817,0.549658546731291,0.600898636145332,"cogn_se_lv"
"6497","SLC9A7","Exc L5/6 IT Car3",-0.00830597259900484,4.93183377780847,0.386160053818207,0.534703680306057,0.827540824938452,0.875181251926009,"cogn_se_lv"
"6498","RP2","Exc L5/6 IT Car3",0.00831819771155396,2.4228142771333,0.0679766270951603,0.794449533995169,0.952216125954876,0.971429173515194,"cogn_se_lv"
"6499","JADE3","Exc L5/6 IT Car3",-0.0442492902212301,2.68383424050178,1.65828035037397,0.198632593235834,0.586224600150966,0.640704632641721,"cogn_se_lv"
"6500","RGN","Exc L5/6 IT Car3",0.0677173021592265,4.12187852164083,4.9517722262175,0.0266602566777215,0.294122831734863,0.292621157499635,"cogn_se_lv"
"6501","NDUFB11","Exc L5/6 IT Car3",-0.0569826634745543,4.05819648162959,1.80622138769506,0.179777594769765,0.566621738397059,0.61994040708354,"cogn_se_lv"
"6502","RBM10","Exc L5/6 IT Car3",0.0024814453479498,5.05523044583767,0.0425073654337316,0.956969391751589,0.997053628956036,0.998527544073097,"cogn_se_lv"
"6503","UBA1","Exc L5/6 IT Car3",-0.05735181331099,6.42227545848306,9.7531439324608,0.00192974708362428,0.104206342515711,0.0874028315550883,"cogn_se_lv"
"6504","CDK16","Exc L5/6 IT Car3",-0.0729000120665276,5.26225853473211,13.3606968493079,0.000293741769437692,0.048447811506403,0.033121458951624,"cogn_se_lv"
"6505","USP11","Exc L5/6 IT Car3",-0.0155095027811682,7.09727250298304,0.761670165465816,0.383366804139672,0.741860318836861,0.797765367314579,"cogn_se_lv"
"6506","ZNF157","Exc L5/6 IT Car3",-0.00432243003433611,2.42274344418785,0.0162844039691419,0.89852597634955,0.986715578313859,0.992164474469188,"cogn_se_lv"
"6507","ZNF41","Exc L5/6 IT Car3",0.0227887770780159,4.20696228842716,1.94317643610632,0.16415242023335,0.548918508635315,0.600138121087599,"cogn_se_lv"
"6508","LINC01560","Exc L5/6 IT Car3",-0.0264896423019388,2.0280487059532,0.480720464398787,0.488526881550653,0.804970953647167,0.853632803531017,"cogn_se_lv"
"6509","ARAF","Exc L5/6 IT Car3",-0.00653218919018242,3.01300334678781,0.0569313855368675,0.864592520812171,0.97538376478777,0.986542852105431,"cogn_se_lv"
"6510","SYN1","Exc L5/6 IT Car3",-0.0545221565312098,6.8242357758025,5.6873465370122,0.0175856558817811,0.25199557171379,0.245125539588235,"cogn_se_lv"
"6511","TIMP1","Exc L5/6 IT Car3",-0.732356445032893,2.04619297290741,48.0763411890412,1.81704649072262e-11,1.39821727461106e-07,2.24059680460804e-07,"cogn_se_lv"
"6512","ELK1","Exc L5/6 IT Car3",-0.104098393736059,5.06002591897272,18.5080864483571,2.16281127538671e-05,0.0158503169181912,0.00772993781792988,"cogn_se_lv"
"6513","UXT","Exc L5/6 IT Car3",-0.0258869843007696,2.94397204660446,0.828764925576727,0.363216753371703,0.726811316394553,0.783571373185031,"cogn_se_lv"
"6514","ZNF81","Exc L5/6 IT Car3",-0.00675742317237524,5.14114632697465,0.272647356565309,0.601870796686598,0.865924236795993,0.905448864453406,"cogn_se_lv"
"6515","ZNF182","Exc L5/6 IT Car3",-0.013615231464951,2.82021118229702,0.341701874122157,0.559201264630515,0.842249702746489,0.886537365377816,"cogn_se_lv"
"6516","ZNF630","Exc L5/6 IT Car3",0.0407324801908561,4.02670073137365,4.07035304823903,0.0443565993587001,0.342351085321161,0.361235994287651,"cogn_se_lv"
"6517","FTSJ1","Exc L5/6 IT Car3",-0.0072595253399739,2.65884153335362,0.0770753978784541,0.928790911989562,0.991644887442834,0.995925713518617,"cogn_se_lv"
"6518","PORCN","Exc L5/6 IT Car3",-0.0105249317244894,3.46249015238798,0.266090519179475,0.606271496289579,0.868278273580553,0.907461982466,"cogn_se_lv"
"6519","EBP","Exc L5/6 IT Car3",-0.0133285055738943,3.75195740500536,0.423590119865633,0.654324684863091,0.888560566491041,0.926138226339319,"cogn_se_lv"
"6520","TBC1D25","Exc L5/6 IT Car3",-0.0233075251269275,4.37971227299421,2.68107959850395,0.102388665072182,0.461829295269895,0.502630957988957,"cogn_se_lv"
"6521","RBM3","Exc L5/6 IT Car3",0.00481752478046647,4.03506722638842,0.0247144986426181,0.875165472553472,0.979751648832088,0.988233438487858,"cogn_se_lv"
"6522","WDR13","Exc L5/6 IT Car3",-0.0368397204257879,4.7946011199311,6.18629342790579,0.0133098663109052,0.22684257200978,0.217202217361444,"cogn_se_lv"
"6523","AC231533.1","Exc L5/6 IT Car3",0.044807744143946,3.44945245941835,3.59420261187181,0.058752726870416,0.379439557925179,0.406114150154616,"cogn_se_lv"
"6524","HDAC6","Exc L5/6 IT Car3",0.0107568224763565,4.35475818322967,0.471481330541105,0.492732343522473,0.807749336047173,0.855696735100634,"cogn_se_lv"
"6525","PCSK1N","Exc L5/6 IT Car3",-0.0607082690449488,7.56793685208623,3.72173128743724,0.0544655961894925,0.369914177121045,0.394160951682829,"cogn_se_lv"
"6526","TIMM17B","Exc L5/6 IT Car3",-0.0553331779725802,3.28101998438722,2.95147286542607,0.0866277281314768,0.434373509228393,0.473023933248963,"cogn_se_lv"
"6527","PQBP1","Exc L5/6 IT Car3",-0.0302552414544556,3.01259622996925,0.962157045710464,0.327278647980783,0.699805977821385,0.759116653578761,"cogn_se_lv"
"6528","SLC35A2","Exc L5/6 IT Car3",0.0170314541298182,2.47562453643172,0.297528000610705,0.652069182384614,0.888023014291384,0.925218370508663,"cogn_se_lv"
"6529","PIM2","Exc L5/6 IT Car3",0.0096341587981157,2.16931396124596,0.0668113050383192,0.879092676993194,0.98101923710574,0.988795269770792,"cogn_se_lv"
"6530","OTUD5","Exc L5/6 IT Car3",0.00595439059342668,5.15694113869003,0.252498428837694,0.720986170451819,0.921639090096055,0.950203197927314,"cogn_se_lv"
"6531","GRIPAP1","Exc L5/6 IT Car3",0.0254859497133807,5.82340372275702,6.57739924810305,0.0268139243609328,0.294972334463729,0.29331449843546,"cogn_se_lv"
"6532","TFE3","Exc L5/6 IT Car3",-0.0374116957809488,3.88432480897348,4.27770373655302,0.039303016237918,0.328617396477374,0.344366546312885,"cogn_se_lv"
"6533","CCDC120","Exc L5/6 IT Car3",0.0289746375005778,3.31728256962166,2.0239447953338,0.15567068792371,0.537252474348906,0.588683557679797,"cogn_se_lv"
"6534","PRAF2","Exc L5/6 IT Car3",-0.0296063716900769,3.4722183645069,0.980240998873824,0.32277997152818,0.695965805481828,0.756078592018693,"cogn_se_lv"
"6535","WDR45","Exc L5/6 IT Car3",-0.0116583930592007,4.10368185198777,0.278387925123119,0.598072919290771,0.863446738075512,0.904039837657551,"cogn_se_lv"
"6536","GPKOW","Exc L5/6 IT Car3",-0.00358993397714582,2.85432768278102,0.0195044119134288,0.892758614573754,0.9857013440361,0.990881451573425,"cogn_se_lv"
"6537","MAGIX","Exc L5/6 IT Car3",-0.00508721734959227,1.9509357081487,0.0167068380232325,0.897225472593745,0.986715578313859,0.991901292231388,"cogn_se_lv"
"6538","PLP2","Exc L5/6 IT Car3",-0.0206293691828089,1.4259893146624,0.155302362344703,0.693743663135752,0.906205000805944,0.94080204512599,"cogn_se_lv"
"6539","SYP","Exc L5/6 IT Car3",-0.0167165630961654,7.66948463471829,1.41722372115095,0.234616630382545,0.622143586612375,0.679806779362708,"cogn_se_lv"
"6540","CCDC22","Exc L5/6 IT Car3",0.0170539070902004,2.95695655583547,0.51130530331568,0.475020850348169,0.797160913358641,0.847321788257323,"cogn_se_lv"
"6541","PPP1R3F","Exc L5/6 IT Car3",0.0045162433345822,4.53208678567972,0.083348389816571,0.772970119535523,0.944640998957263,0.965420425799878,"cogn_se_lv"
"6542","GAGE10","Exc L5/6 IT Car3",0.0585159865480774,1.92337333800514,1.4090798400136,0.235963280665063,0.623140686898157,0.681056357605471,"cogn_se_lv"
"6543","USP27X","Exc L5/6 IT Car3",-0.0564498492785122,2.6359301016573,2.86009243581605,0.0916360701322031,0.442093767816491,0.483012593868289,"cogn_se_lv"
"6544","CLCN5","Exc L5/6 IT Car3",-0.0295668624992601,2.53041804095823,0.822640865666284,0.364993672930206,0.727470728788796,0.78484552328191,"cogn_se_lv"
"6545","DGKK","Exc L5/6 IT Car3",0.0051113280168433,1.54691922687063,0.007094354390394,0.932920269166371,0.992921365316075,0.996364582334015,"cogn_se_lv"
"6546","SHROOM4","Exc L5/6 IT Car3",0.0531275153310512,1.63450287484138,0.997570400294153,0.318545438675342,0.692808967221059,0.753293371834922,"cogn_se_lv"
"6547","LINC01284","Exc L5/6 IT Car3",-0.0439214839321331,4.46508971363954,4.3231307902353,0.038279209744784,0.326871566393295,0.340528846929529,"cogn_se_lv"
"6548","NUDT10","Exc L5/6 IT Car3",-0.0581834551169848,2.54435295041346,3.4795800377204,0.0629139931918271,0.388665431068539,0.417363296035395,"cogn_se_lv"
"6549","AL158055.1","Exc L5/6 IT Car3",0.00669310210863361,3.99649171518137,0.0997156770299896,0.75234739408281,0.93593557561559,0.960011127010941,"cogn_se_lv"
"6550","NUDT11","Exc L5/6 IT Car3",-0.0535190718810414,3.63976530305121,3.57350495432996,0.059481815913715,0.380317884051547,0.407881148258349,"cogn_se_lv"
"6551","GSPT2","Exc L5/6 IT Car3",-0.0104005953553384,3.19495402727508,0.134750051499247,0.713764774648136,0.917720991268221,0.947903663062895,"cogn_se_lv"
"6552","MAGED1","Exc L5/6 IT Car3",0.00443929697605264,6.615990527124,0.209546553924024,0.647389098770341,0.886522807717282,0.923835419953433,"cogn_se_lv"
"6553","FAM156A","Exc L5/6 IT Car3",0.0312848407543663,5.22598299243619,3.69411841279109,0.0553647427318925,0.371964734031417,0.396888623645928,"cogn_se_lv"
"6554","GPR173","Exc L5/6 IT Car3",0.0163113767629722,5.30040370324687,1.53837867962043,0.215637526846974,0.60372231001909,0.659687876884027,"cogn_se_lv"
"6555","TSPYL2","Exc L5/6 IT Car3",-0.0377511635457484,6.52938131702594,6.44747568773754,0.0115156958672738,0.214820071996781,0.204002169237714,"cogn_se_lv"
"6556","KANTR","Exc L5/6 IT Car3",0.0111633562541717,7.20981762936138,0.963473949465979,0.326948248441236,0.699629246873001,0.75885098471384,"cogn_se_lv"
"6557","KDM5C","Exc L5/6 IT Car3",-0.023377604306998,5.17250964024109,2.84053285150133,0.0927485636363602,0.444119599988669,0.485307629986587,"cogn_se_lv"
"6558","IQSEC2","Exc L5/6 IT Car3",0.00319295773724153,6.65605522543461,0.11085087930603,0.774655265743947,0.945176236681209,0.965899978571001,"cogn_se_lv"
"6559","SMC1A","Exc L5/6 IT Car3",-0.0265411361902135,4.60117314513217,3.82023713294632,0.0513824435224244,0.35981631126162,0.383448511097043,"cogn_se_lv"
"6560","HSD17B10","Exc L5/6 IT Car3",-0.00751053570182349,2.24187692122144,0.0423328391389619,0.83709866776043,0.967115719302831,0.980842367573444,"cogn_se_lv"
"6561","HUWE1","Exc L5/6 IT Car3",-0.00793594126822002,6.67878092351458,0.811372583282073,0.368294917012448,0.729855623592787,0.786806989576323,"cogn_se_lv"
"6562","PHF8","Exc L5/6 IT Car3",0.0115349432070745,4.96758460617208,0.539077581921564,0.463275710268186,0.790961030368069,0.841826096406598,"cogn_se_lv"
"6563","FAM120C","Exc L5/6 IT Car3",-0.0119459709396361,4.87736107160197,0.817202455342383,0.657960264499644,0.89051169383955,0.927954665848332,"cogn_se_lv"
"6564","WNK3","Exc L5/6 IT Car3",0.0292023351996096,4.20799221910789,2.8707852542315,0.0910340516577004,0.441871247275088,0.482111900307145,"cogn_se_lv"
"6565","TSR2","Exc L5/6 IT Car3",-0.00222174028610207,4.12136383524776,0.00718005518821613,0.932517284701232,0.992700257134336,0.99625327555939,"cogn_se_lv"
"6566","FGD1","Exc L5/6 IT Car3",-0.00091424465464834,4.67394009010457,0.00387679521649636,0.950385953797331,0.995054338434123,0.997804640603097,"cogn_se_lv"
"6567","GNL3L","Exc L5/6 IT Car3",0.051677995615807,2.80083510741929,3.31454668045496,0.069468961436048,0.40346217414931,0.433545536844669,"cogn_se_lv"
"6568","MAGED2","Exc L5/6 IT Car3",-0.0340780501504269,3.50023355972899,1.25327364503469,0.263647216299855,0.646414577423356,0.707532116597432,"cogn_se_lv"
"6569","TRO","Exc L5/6 IT Car3",-0.0074518459675791,3.19628751561808,0.090911919160535,0.763188746296274,0.941167215918009,0.962895376680359,"cogn_se_lv"
"6570","FAM104B","Exc L5/6 IT Car3",0.042125288838059,3.19291742422566,2.56344294656199,0.110205209064663,0.473555091479525,0.516845822190524,"cogn_se_lv"
"6571","MAGEH1","Exc L5/6 IT Car3",-0.0136670051010065,4.28919834534171,0.251220000389098,0.616512475978153,0.873193350247372,0.911793077073028,"cogn_se_lv"
"6572","USP51","Exc L5/6 IT Car3",-0.0177680690000814,2.49476878314077,0.305303529190037,0.580906882838966,0.855026484974338,0.896369797559432,"cogn_se_lv"
"6573","RRAGB","Exc L5/6 IT Car3",-0.0176412604289315,5.38132506318274,1.97346513437537,0.160911254415678,0.544149462855918,0.596004739873244,"cogn_se_lv"
"6574","AL445472.1","Exc L5/6 IT Car3",0.00727046135131418,4.03135411371947,0.103037031058632,0.748394524924443,0.933897613787942,0.958673836360499,"cogn_se_lv"
"6575","KLF8","Exc L5/6 IT Car3",0.027154826148117,4.24457124168271,2.42783369614806,0.120044021911476,0.489738487304808,0.535044163317654,"cogn_se_lv"
"6576","UBQLN2","Exc L5/6 IT Car3",-0.0205750904909853,5.33760437670793,0.6108947287724,0.434946056158203,0.773613831177909,0.826603641098835,"cogn_se_lv"
"6577","NBDY","Exc L5/6 IT Car3",0.0131899233409704,5.89765458278418,1.0776178180059,0.299902329412425,0.677653332793602,0.738241254077013,"cogn_se_lv"
"6578","SPIN3","Exc L5/6 IT Car3",0.00500673608842978,5.18760234291686,0.139151115202681,0.970373730276012,0.998267578294294,0.999102668702867,"cogn_se_lv"
"6579","SPIN2B","Exc L5/6 IT Car3",0.0215159624762321,2.84242563243755,0.417678913786784,0.518494214841518,0.820695872303914,0.867871503650443,"cogn_se_lv"
"6580","FAAH2","Exc L5/6 IT Car3",-0.0280121923081312,5.64745204438881,3.59475342953533,0.0587334547357454,0.379439557925179,0.406065506045056,"cogn_se_lv"
"6581","ZXDB","Exc L5/6 IT Car3",-0.00872622638982048,2.33987936164581,0.0647726096455066,0.799245720820548,0.954829784589432,0.972783039372875,"cogn_se_lv"
"6582","ARHGEF9","Exc L5/6 IT Car3",0.0115374284521734,7.65697000426597,2.42757243843135,0.120063892956533,0.489738487304808,0.535045719979902,"cogn_se_lv"
"6583","MTMR8","Exc L5/6 IT Car3",-0.0308289479138973,4.29255350722318,2.16640545603088,0.141897282389919,0.51712033530212,0.569209183804008,"cogn_se_lv"
"6584","ZC4H2","Exc L5/6 IT Car3",0.0107863844668841,5.72478054009785,0.497226273887005,0.481160711841833,0.80063394477736,0.850020574442662,"cogn_se_lv"
"6585","ZC3H12B","Exc L5/6 IT Car3",-0.000789650027226076,5.63403930185689,0.00384753368801932,0.950573306955781,0.995054338434123,0.997804640603097,"cogn_se_lv"
"6586","LAS1L","Exc L5/6 IT Car3",0.00157216700827792,4.75644443087651,0.0121260824273297,0.912374517796903,0.989073227776396,0.993863235335742,"cogn_se_lv"
"6587","MSN","Exc L5/6 IT Car3",0.0276285646791765,1.96321817143489,0.395349891499808,0.529884746507636,0.82568662529394,0.872824382352109,"cogn_se_lv"
"6588","OPHN1","Exc L5/6 IT Car3",0.00802454014361408,6.90215410659122,0.561005935726668,0.454326437142517,0.785539138032057,0.837014884326112,"cogn_se_lv"
"6589","YIPF6","Exc L5/6 IT Car3",-0.0262205610681283,4.72563818379127,3.62745967083178,0.0576011247553262,0.376670850125698,0.402872421970266,"cogn_se_lv"
"6590","EFNB1","Exc L5/6 IT Car3",-0.0469161519261671,3.06128724208298,2.63525510815171,0.105358532206121,0.466609441914303,0.508383739512913,"cogn_se_lv"
"6591","PJA1","Exc L5/6 IT Car3",-0.0451126412936653,4.31183085199991,4.01138610796329,0.0459158934898094,0.347587604922856,0.365552751832712,"cogn_se_lv"
"6592","FAM155B","Exc L5/6 IT Car3",-0.0361384579757192,2.17039382236481,0.847786917626164,0.357773199408908,0.722456286003253,0.779744721330269,"cogn_se_lv"
"6593","EDA","Exc L5/6 IT Car3",0.0201800704061179,6.0649952503084,1.50587255232819,0.22054253798844,0.608750260347146,0.665403290514661,"cogn_se_lv"
"6594","IGBP1","Exc L5/6 IT Car3",0.0166741393554972,4.87873989773487,1.19224029288434,0.275581620081561,0.65788752560578,0.718035207472152,"cogn_se_lv"
"6595","PDZD11","Exc L5/6 IT Car3",-0.022996359924192,2.93239172931638,0.472186230275346,0.492409356111538,0.807671139594468,0.855605884965641,"cogn_se_lv"
"6596","KIF4A","Exc L5/6 IT Car3",0.00752632177039247,2.05675340432819,0.0382146373855527,0.845119027379189,0.970988236489561,0.98259426073949,"cogn_se_lv"
"6597","DLG3","Exc L5/6 IT Car3",-0.0229549493000929,5.40145716793968,3.40021298622307,0.0659795003869331,0.395414529188045,0.424961170800734,"cogn_se_lv"
"6598","TEX11","Exc L5/6 IT Car3",-0.00130214136061595,2.34221152037544,0.000990141762667478,0.974914293382134,0.998267578294294,0.999481105410931,"cogn_se_lv"
"6599","SNX12","Exc L5/6 IT Car3",0.00345967167924943,4.0287597804946,0.0347458325052055,0.852230409843746,0.972202557415749,0.983924009363,"cogn_se_lv"
"6600","FOXO4","Exc L5/6 IT Car3",-0.100895977031123,2.08759291564442,6.92183667629994,0.00886734491370576,0.195794029012815,0.180924658157512,"cogn_se_lv"
"6601","MED12","Exc L5/6 IT Car3",-0.0396354084998542,3.11060449783629,3.00446654280817,0.0838602104403899,0.431065009578357,0.467867352801196,"cogn_se_lv"
"6602","NLGN3","Exc L5/6 IT Car3",0.0302671808071791,4.07928017192524,2.2308440327555,0.136123808594744,0.508728852421833,0.560747258678192,"cogn_se_lv"
"6603","AL590764.1","Exc L5/6 IT Car3",-0.0298102090771757,2.37156131744669,0.824102379412338,0.36456851487487,0.727246849504114,0.784485365434178,"cogn_se_lv"
"6604","ZMYM3","Exc L5/6 IT Car3",-0.0481133725942001,4.92523197987444,7.10804194195138,0.00800711594028405,0.190052340431887,0.173513593850368,"cogn_se_lv"
"6605","NONO","Exc L5/6 IT Car3",-0.0268340576351916,4.86213040406688,2.40359963812349,0.121902903355935,0.491568598997994,0.538040222813908,"cogn_se_lv"
"6606","TAF1","Exc L5/6 IT Car3",0.0205560111637109,6.28985980975135,2.72328394799387,0.0997345962172786,0.45575968749403,0.497229017394134,"cogn_se_lv"
"6607","OGT","Exc L5/6 IT Car3",-0.0148773943886014,7.6560285982355,1.83061945173355,0.176872405959909,0.563465498502014,0.616609566009644,"cogn_se_lv"
"6608","GCNA","Exc L5/6 IT Car3",-0.0177116708475601,5.63384024009764,0.628798266021023,0.428299642028615,0.77189630869187,0.823603357255014,"cogn_se_lv"
"6609","BX276092.9","Exc L5/6 IT Car3",-0.0521316781042638,1.54415164893081,0.763140046039784,0.382908682664731,0.741066980157219,0.797408600900125,"cogn_se_lv"
"6610","NHSL2","Exc L5/6 IT Car3",0.0135766848773943,6.09349861190599,0.754201796005601,0.38570658003232,0.743409872857566,0.798810082212741,"cogn_se_lv"
"6611","RTL5","Exc L5/6 IT Car3",-0.0406151904621791,3.27181667571853,2.27276296510516,0.132509926131508,0.503413419689932,0.555448690512659,"cogn_se_lv"
"6612","PIN4","Exc L5/6 IT Car3",0.0162313199708864,5.00830939999194,1.18482446455402,0.277077539973798,0.65984296042349,0.71946313196397,"cogn_se_lv"
"6613","RPS4X","Exc L5/6 IT Car3",-0.0385083709516589,6.27864659752965,0.888564843584697,0.346475542553382,0.715260611242374,0.771830588218443,"cogn_se_lv"
"6614","CITED1","Exc L5/6 IT Car3",-0.0494788206669388,3.05231396628632,1.73895217692467,0.188079261373145,0.575062928090689,0.629214823459558,"cogn_se_lv"
"6615","HDAC8","Exc L5/6 IT Car3",0.0177490779416662,7.87261749284225,2.8666257233191,0.091267724287086,0.441871247275088,0.482368267076224,"cogn_se_lv"
"6616","PHKA1","Exc L5/6 IT Car3",-0.0532504100866078,3.18097375936869,3.29992075091981,0.0700842823446691,0.404681742817157,0.435056466014964,"cogn_se_lv"
"6617","DMRTC1B","Exc L5/6 IT Car3",0.0286137665762973,1.92502933948409,0.469277678242279,0.493744361550892,0.808461083548061,0.856143068877586,"cogn_se_lv"
"6618","PABPC1L2B","Exc L5/6 IT Car3",0.0409637732801104,1.93164920758155,0.971445488845246,0.324957685728211,0.697738367475659,0.757770543514992,"cogn_se_lv"
"6619","PABPC1L2A","Exc L5/6 IT Car3",0.0429073920893359,2.03272280533334,1.18291151920737,0.277465079800084,0.65984296042349,0.719741226726449,"cogn_se_lv"
"6620","NAP1L2","Exc L5/6 IT Car3",-0.0423797373068056,5.4674930223927,3.22512750881238,0.0733238848894496,0.412732658561907,0.443509469267581,"cogn_se_lv"
"6621","CHIC1","Exc L5/6 IT Car3",-0.0170049836445263,6.15325021445266,2.43834136647698,0.119247838138939,0.489465049417691,0.533810698964136,"cogn_se_lv"
"6622","TSIX","Exc L5/6 IT Car3",-0.0371652859875181,1.79243221324911,0.347837672917986,0.555696168438391,0.839929682996154,0.88485612405126,"cogn_se_lv"
"6623","XIST","Exc L5/6 IT Car3",-0.0261479181446468,8.5858996450064,0.0717890589999589,0.788897340086545,0.950573100159521,0.969931898954868,"cogn_se_lv"
"6624","JPX","Exc L5/6 IT Car3",-0.00186457877229765,7.34830468658783,0.0181134279494001,0.893011564518413,0.9857013440361,0.990894548948294,"cogn_se_lv"
"6625","FTX","Exc L5/6 IT Car3",0.00419274274705032,10.4557647387616,0.154722554262748,0.694286884791075,0.906359755444452,0.94096119099575,"cogn_se_lv"
"6626","SLC16A2","Exc L5/6 IT Car3",0.0639022885684006,3.54344587890439,5.64241712321413,0.0180348335702635,0.25499807983516,0.247579546672537,"cogn_se_lv"
"6627","RLIM","Exc L5/6 IT Car3",-0.0157278095961076,4.78036773115803,0.950779949194822,0.330151644544324,0.700406022244585,0.760877438267723,"cogn_se_lv"
"6628","NEXMIF","Exc L5/6 IT Car3",0.00850993393062459,6.58888438727228,0.521270147386998,0.470751925827786,0.794633044963293,0.845471042135165,"cogn_se_lv"
"6629","ABCB7","Exc L5/6 IT Car3",-0.00573894165959656,4.88771977105665,0.164968865052221,0.68485489623871,0.901848749589734,0.937805925529743,"cogn_se_lv"
"6630","UPRT","Exc L5/6 IT Car3",-0.0079769237795964,3.5738118422249,0.166498373410041,0.683476448062269,0.901565565859332,0.937468094784006,"cogn_se_lv"
"6631","ZDHHC15","Exc L5/6 IT Car3",-0.0071692562311428,4.25433267285203,0.209265155891926,0.928884454843605,0.991644887442834,0.995925713518617,"cogn_se_lv"
"6632","PBDC1","Exc L5/6 IT Car3",-0.0994788873223389,2.33830347111135,6.8370389619356,0.00929005492315708,0.199491591498572,0.185243242958046,"cogn_se_lv"
"6633","MAGEE1","Exc L5/6 IT Car3",-0.0538552532055874,4.35266677209757,6.99266056090241,0.00852947537042186,0.193632749184963,0.178377159737562,"cogn_se_lv"
"6634","AC233296.1","Exc L5/6 IT Car3",-0.0144976332957625,2.98836587146741,0.180548595820124,0.671146773313145,0.896973919231145,0.932567959024951,"cogn_se_lv"
"6635","ATRX","Exc L5/6 IT Car3",-0.024920687902217,8.19212328853604,13.5262566309249,0.000269761644576175,0.046129241222526,0.0316080405231975,"cogn_se_lv"
"6636","MAGT1","Exc L5/6 IT Car3",0.0286835167287555,3.43370137461818,1.86384490465064,0.173003033960766,0.559485520597349,0.611222260893781,"cogn_se_lv"
"6637","COX7B","Exc L5/6 IT Car3",-0.0380261567186617,4.49316364314664,1.40732862514414,0.236254082047982,0.623140686898157,0.681275948424082,"cogn_se_lv"
"6638","PGK1","Exc L5/6 IT Car3",-0.0330034903190885,5.68414031308636,2.74589704938169,0.0983436557613985,0.453689706884869,0.494884281905245,"cogn_se_lv"
"6639","TAF9B","Exc L5/6 IT Car3",-0.00221015419701261,2.88922231000014,0.00533301634655289,0.941823304036357,0.994645381072493,0.997626386519645,"cogn_se_lv"
"6640","CYSLTR1","Exc L5/6 IT Car3",0.0072728382060851,2.39458428796042,0.0251504011373362,0.874078540778218,0.979647016583286,0.988085909641738,"cogn_se_lv"
"6641","ITM2A","Exc L5/6 IT Car3",0.0437565559382215,2.58129625500805,1.21883105581421,0.2703005906506,0.65345995760489,0.71354779615599,"cogn_se_lv"
"6642","BRWD3","Exc L5/6 IT Car3",0.0267726772555802,5.81942528755241,4.40855751684199,0.0364292000213791,0.319260724333776,0.333740635311767,"cogn_se_lv"
"6643","HMGN5","Exc L5/6 IT Car3",-0.0194693740175785,3.23992501406948,0.36806322653753,0.54443028163268,0.833157606846232,0.879638759353184,"cogn_se_lv"
"6644","SH3BGRL","Exc L5/6 IT Car3",-0.0130852462936121,6.06431178635866,1.09540089062569,0.295954152132756,0.674080060115806,0.734472137034462,"cogn_se_lv"
"6645","RPS6KA6","Exc L5/6 IT Car3",-0.00176789512718566,5.87718689873677,0.0163071938120599,0.898455381167923,0.986715578313859,0.992164474469188,"cogn_se_lv"
"6646","HDX","Exc L5/6 IT Car3",-0.0161525528028403,5.5197159044621,1.27836217818814,0.258928942395078,0.641914040225153,0.703165043861016,"cogn_se_lv"
"6647","APOOL","Exc L5/6 IT Car3",-0.00417798053825444,5.32392518819681,0.115561623084802,0.734090032827614,0.927984616396423,0.95456478504049,"cogn_se_lv"
"6648","SATL1","Exc L5/6 IT Car3",-0.0234521675032298,4.26035266803323,1.1886824716149,0.276298029128804,0.65885135858263,0.718670150573788,"cogn_se_lv"
"6649","ZNF711","Exc L5/6 IT Car3",0.00319594177835544,4.19904886049673,0.0353660691361936,0.850932728444921,0.971725362044465,0.983606453948393,"cogn_se_lv"
"6650","CHM","Exc L5/6 IT Car3",0.00266031359155745,6.54201322436206,0.0728941280184956,0.935135527612647,0.993382101587914,0.996730078864881,"cogn_se_lv"
"6651","DACH2","Exc L5/6 IT Car3",-0.022502307327841,5.03277185584738,1.98822965192988,0.159357907526166,0.541327839355734,0.593795024751634,"cogn_se_lv"
"6652","KLHL4","Exc L5/6 IT Car3",-0.0455384892988013,4.80152158232477,5.21131119134525,0.0230014644030789,0.280290209888382,0.276000829233781,"cogn_se_lv"
"6653","PABPC5","Exc L5/6 IT Car3",-0.0458180786556367,2.14437794640027,1.80133417356269,0.180366168630501,0.566728324872071,0.620330596723743,"cogn_se_lv"
"6654","PCDH11X","Exc L5/6 IT Car3",-0.0475747805213188,6.10625367264043,7.06994562191848,0.00817584969975442,0.190847787828328,0.174922574566052,"cogn_se_lv"
"6655","NAP1L3","Exc L5/6 IT Car3",-0.0341431671497373,5.32635255217168,1.85642685483818,0.173858372503596,0.560346694535874,0.612301974724233,"cogn_se_lv"
"6656","FAM133A","Exc L5/6 IT Car3",-0.0276917755305241,3.76676033563716,1.66977721207114,0.197086917350985,0.584763381151275,0.639032930221645,"cogn_se_lv"
"6657","DIAPH2","Exc L5/6 IT Car3",-0.036754899198793,6.07166879612302,4.7122482078067,0.0305774810328617,0.304222598957164,0.309837373634182,"cogn_se_lv"
"6658","DIAPH2-AS1","Exc L5/6 IT Car3",-0.022607342127874,2.66933759818786,0.493395934087179,0.482853673283482,0.802169611459778,0.850662213444321,"cogn_se_lv"
"6659","PCDH19","Exc L5/6 IT Car3",-0.0206441278270502,2.7785499888411,0.516531805821758,0.47277403300836,0.795908671587733,0.846310842822841,"cogn_se_lv"
"6660","CSTF2","Exc L5/6 IT Car3",0.00651127309222079,3.4956890695313,0.0706589204387721,0.790526394668088,0.951525200527286,0.970303495001233,"cogn_se_lv"
"6661","TRMT2B","Exc L5/6 IT Car3",-0.0130934533540377,3.89613817279689,0.503125072137996,0.554885592556912,0.839929682996154,0.884550486850169,"cogn_se_lv"
"6662","TMEM35A","Exc L5/6 IT Car3",-0.0269266079183166,4.80702748159892,1.48756268479246,0.223364254550329,0.61248237575247,0.668821995500012,"cogn_se_lv"
"6663","CENPI","Exc L5/6 IT Car3",0.0322254297466651,3.00260409936065,1.26384433596335,0.26164631891047,0.645236871475413,0.705587735545344,"cogn_se_lv"
"6664","DRP2","Exc L5/6 IT Car3",0.00588024392646283,5.84664441970672,0.241019456516072,0.676392001965592,0.899217397009426,0.934711854476542,"cogn_se_lv"
"6665","TAF7L","Exc L5/6 IT Car3",0.0213720779980403,2.2260334151918,0.320572541907849,0.571603637858989,0.848914480406692,0.89158016498643,"cogn_se_lv"
"6666","TIMM8A","Exc L5/6 IT Car3",-0.0322131535421865,2.26464887057966,0.821494591682812,0.365327609000772,0.727492630302466,0.785042000549554,"cogn_se_lv"
"6667","GLA","Exc L5/6 IT Car3",-0.00819677158882504,2.28441636581526,0.0332457531032829,0.855419352424688,0.972881064401809,0.98464632915545,"cogn_se_lv"
"6668","HNRNPH2","Exc L5/6 IT Car3",-0.0408426584515012,4.50473142124624,2.37945857710668,0.123786551258635,0.492855743293762,0.540818349695916,"cogn_se_lv"
"6669","ARMCX4","Exc L5/6 IT Car3",0.0349244290677096,5.88212657576493,7.21250259189147,0.00756256031811279,0.184288279652788,0.168829506520017,"cogn_se_lv"
"6670","ARMCX1","Exc L5/6 IT Car3",-0.0458233527043518,4.12111734757411,4.01139622445912,0.0459156210546441,0.347587604922856,0.365552751832712,"cogn_se_lv"
"6671","ARMCX3","Exc L5/6 IT Car3",-0.0214802613031474,4.18150029487257,0.858202471602221,0.35484012616156,0.720732419377907,0.777562162009938,"cogn_se_lv"
"6672","ARMCX2","Exc L5/6 IT Car3",-0.0179918483979247,4.07616556643639,1.11357716948751,0.291987466471778,0.671200464376499,0.731269486098674,"cogn_se_lv"
"6673","NXF5","Exc L5/6 IT Car3",0.0245733595558908,2.36225472985408,0.437849083289106,0.508570266026485,0.816961913286198,0.863354631524004,"cogn_se_lv"
"6674","ZMAT1","Exc L5/6 IT Car3",0.024643189462871,5.46698345458639,2.30016706966185,0.13020556908723,0.500474253092376,0.551597565234542,"cogn_se_lv"
"6675","TCEAL2","Exc L5/6 IT Car3",-0.0145765070523551,5.89725196570088,0.317705099408437,0.573328164315448,0.849998307763332,0.892642253750341,"cogn_se_lv"
"6676","TCEAL6","Exc L5/6 IT Car3",-0.0156028211454579,4.15718817654765,0.330225277971395,0.565872258973342,0.845594141722471,0.889067678700811,"cogn_se_lv"
"6677","BEX5","Exc L5/6 IT Car3",-0.0306700361162922,4.37381157557418,0.75898919077347,0.384204399769573,0.742172676735286,0.798070450914459,"cogn_se_lv"
"6678","ARMCX5","Exc L5/6 IT Car3",0.0134458204996926,3.48253197399641,0.383567858986657,0.536077347927225,0.828237948825381,0.87574950560134,"cogn_se_lv"
"6679","AL035427.1","Exc L5/6 IT Car3",0.0355384531969291,2.25649466729737,0.545633380260801,0.460571095455449,0.788822103532066,0.840271812303876,"cogn_se_lv"
"6680","GPRASP1","Exc L5/6 IT Car3",0.00908036909034251,5.80580503586016,0.54626539145933,0.460311685757232,0.788695736264169,0.840175648117686,"cogn_se_lv"
"6681","GPRASP2","Exc L5/6 IT Car3",0.00347426213062356,4.59819737270846,0.035425232527717,0.850809562288938,0.971725362044465,0.983547582852826,"cogn_se_lv"
"6682","BHLHB9","Exc L5/6 IT Car3",-0.0312698058819464,5.42653370121513,3.74006361943127,0.0538772411065678,0.36835661511776,0.392319359563957,"cogn_se_lv"
"6683","LINC00630","Exc L5/6 IT Car3",0.00204481668676024,5.40826582190993,0.0145398626054,0.904087447876711,0.987810604126722,0.992777214734694,"cogn_se_lv"
"6684","Z68871.1","Exc L5/6 IT Car3",-0.0448609578033901,3.60952215121992,5.0732425147396,0.0248776639846431,0.289099594031926,0.285248534233941,"cogn_se_lv"
"6685","BEX1","Exc L5/6 IT Car3",-0.0591645356799458,7.15326028685116,3.18046325759186,0.075335126848444,0.41591157374623,0.448549660394166,"cogn_se_lv"
"6686","BEX4","Exc L5/6 IT Car3",-0.0327578773823436,6.6691261569996,1.54643507255333,0.214442088465373,0.602518404533793,0.658716020971045,"cogn_se_lv"
"6687","TCEAL8","Exc L5/6 IT Car3",-0.0654424545348136,4.48811319409965,4.12299725487748,0.0430117716571085,0.338987025049454,0.357578726081384,"cogn_se_lv"
"6688","TCEAL5","Exc L5/6 IT Car3",-0.00766435896220615,4.1763030686476,0.069789193362409,0.791789598381713,0.951705866845873,0.97068494655997,"cogn_se_lv"
"6689","BEX2","Exc L5/6 IT Car3",-0.029791365246791,6.78066799575376,1.32305658041162,0.25077979960666,0.634369019715073,0.695447263933774,"cogn_se_lv"
"6690","TCEAL7","Exc L5/6 IT Car3",-0.0536333007928153,5.00165639387066,2.97191460453975,0.0855486114041002,0.433647877380084,0.47126116102761,"cogn_se_lv"
"6691","TCEAL9","Exc L5/6 IT Car3",-0.0700007206125103,4.46922461858404,5.29742170177255,0.0219064777556815,0.27634483004913,0.270931618835477,"cogn_se_lv"
"6692","BEX3","Exc L5/6 IT Car3",-0.045527621092752,7.67010044516337,1.99567640108957,0.158580954768769,0.540417185023175,0.592425458995232,"cogn_se_lv"
"6693","RAB40A","Exc L5/6 IT Car3",0.0463218429864688,3.39644080146094,3.36888993456736,0.0672330618801898,0.39725488026192,0.427899202286046,"cogn_se_lv"
"6694","TCEAL4","Exc L5/6 IT Car3",-0.0132697464990072,5.34615390257738,0.410482475134223,0.522117419971808,0.821441070527513,0.869419426792957,"cogn_se_lv"
"6695","TCEAL3","Exc L5/6 IT Car3",-0.0268600346584585,4.57634412505022,1.32513840480934,0.250407990767223,0.634369019715073,0.69506747331436,"cogn_se_lv"
"6696","TCEAL1","Exc L5/6 IT Car3",-0.0527500387840388,4.8238303763388,4.31740927410205,0.0384065970841313,0.327104332664516,0.340931426806137,"cogn_se_lv"
"6697","MORF4L2","Exc L5/6 IT Car3",-0.0221966844360934,6.81937431058874,3.05075538328015,0.0815212419973654,0.425408435055331,0.462632621934296,"cogn_se_lv"
"6698","PLP1","Exc L5/6 IT Car3",-0.0683615245507328,4.20919121723363,3.64474982597925,0.0570119468003372,0.376122457965404,0.401133175438701,"cogn_se_lv"
"6699","RAB9B","Exc L5/6 IT Car3",-0.000200170143908418,5.08463391593591,0.000263036124613503,0.987068821278865,0.998407505464475,0.999870711362408,"cogn_se_lv"
"6700","TMSB15B","Exc L5/6 IT Car3",-0.0365633109052191,2.05852158450639,0.931859905830251,0.401689613545451,0.755039750608181,0.808313081418522,"cogn_se_lv"
"6701","TMSB15B-1","Exc L5/6 IT Car3",-0.024506409031624,3.31133330679291,1.10486849109566,0.293879429491133,0.672512011030238,0.733017232094207,"cogn_se_lv"
"6702","SLC25A53","Exc L5/6 IT Car3",-0.00661595875963957,4.84660482013603,0.201679471635056,0.653628965534559,0.888556645135312,0.925809228721803,"cogn_se_lv"
"6703","ZCCHC18","Exc L5/6 IT Car3",0.0360237373386779,2.57630459244659,1.1087184912535,0.293041083744984,0.672316976570559,0.732162487403906,"cogn_se_lv"
"6704","FAM199X","Exc L5/6 IT Car3",-0.0263027712177002,5.03521044360842,2.99473883606462,0.0843609452423747,0.431620660664943,0.468816496176793,"cogn_se_lv"
"6705","IL1RAPL2","Exc L5/6 IT Car3",0.0215445053510535,5.35156194350357,0.337871466925858,0.561410875977143,0.843636345917786,0.887475371006232,"cogn_se_lv"
"6706","MUM1L1","Exc L5/6 IT Car3",-0.0839389262121563,5.53468647750483,10.7032319451838,0.00116898554974805,0.08662109232943,0.0696436226921541,"cogn_se_lv"
"6707","CXorf57","Exc L5/6 IT Car3",-0.0839442415896901,2.28750867250433,5.09917998830204,0.0245134043119047,0.287985719358942,0.283424846919182,"cogn_se_lv"
"6708","RNF128","Exc L5/6 IT Car3",-0.0147042610239036,3.8697903837982,0.529429643767491,0.619156052631976,0.873641849271671,0.912772676793395,"cogn_se_lv"
"6709","TBC1D8B","Exc L5/6 IT Car3",-0.055765419527527,3.59442893327537,5.88259804295196,0.0157642597361225,0.240686465614014,0.233891534491538,"cogn_se_lv"
"6710","MORC4","Exc L5/6 IT Car3",0.0275238009136647,2.99230299262538,0.775634760028572,0.379045598336911,0.738045515992544,0.79449732494332,"cogn_se_lv"
"6711","RBM41","Exc L5/6 IT Car3",0.00165847374752401,5.36534640356225,0.0116227563067042,0.914205153860236,0.989073227776396,0.994126167335106,"cogn_se_lv"
"6712","FRMPD3","Exc L5/6 IT Car3",0.0450015038570326,3.57998561592894,2.09960459302145,0.148175882032309,0.526560484804532,0.578642204932599,"cogn_se_lv"
"6713","PRPS1","Exc L5/6 IT Car3",-0.00665097807053664,3.44137455435979,0.0605405704754604,0.805778672640184,0.956354177213454,0.97429820479765,"cogn_se_lv"
"6714","TSC22D3","Exc L5/6 IT Car3",-0.0811618398258579,4.69908955578094,10.691300232758,0.00117633582175769,0.08662109232943,0.0698036977125074,"cogn_se_lv"
"6715","MID2","Exc L5/6 IT Car3",-0.0174699263715806,4.14917048551706,0.549911168619813,0.458819790528861,0.788028655907772,0.839618221684467,"cogn_se_lv"
"6716","AL034399.2","Exc L5/6 IT Car3",0.0309223448665139,3.3900260424151,1.28243187121372,0.258173490255412,0.640749881475695,0.70239983815084,"cogn_se_lv"
"6717","VSIG1","Exc L5/6 IT Car3",0.0219284319758802,2.18227374620908,0.28001684019756,0.597004377834361,0.8627283105703,0.903514269309003,"cogn_se_lv"
"6718","PSMD10","Exc L5/6 IT Car3",-0.0447698857310886,3.31576426908139,1.73473440427411,0.188614489234211,0.575605193201369,0.629914319969273,"cogn_se_lv"
"6719","ATG4A","Exc L5/6 IT Car3",0.00368317274991845,3.55699936235166,0.0329614270373276,0.85603211522285,0.973040201275245,0.984658410773017,"cogn_se_lv"
"6720","COL4A5","Exc L5/6 IT Car3",-0.0494642875248225,1.77635597470318,1.24514806699599,0.265198253639261,0.648289231945413,0.709033863846331,"cogn_se_lv"
"6721","ACSL4","Exc L5/6 IT Car3",-0.00694351848075912,6.54121563917868,0.420829681907452,0.516921804688245,0.819995665260249,0.867186486827778,"cogn_se_lv"
"6722","TMEM164","Exc L5/6 IT Car3",0.04792227311298,3.65283475644176,4.52676038618367,0.0340229514082154,0.312717124772328,0.324468027763936,"cogn_se_lv"
"6723","AMMECR1","Exc L5/6 IT Car3",0.0287288362257092,6.42756549304404,3.98072090254257,0.0467496168278566,0.350451340955048,0.368252408624008,"cogn_se_lv"
"6724","RTL9","Exc L5/6 IT Car3",-0.00101365502001928,1.94418565544007,0.000212944634747949,0.988364972826529,0.998638339521102,0.999870711362408,"cogn_se_lv"
"6725","PAK3","Exc L5/6 IT Car3",0.00188173475396833,7.99361957506494,0.0409489266183519,0.839746666083659,0.968498535398303,0.981285104855597,"cogn_se_lv"
"6726","DCX","Exc L5/6 IT Car3",-0.0086359863945844,5.64723878503719,0.335266281374044,0.562923303658683,0.844122647356177,0.888043836447839,"cogn_se_lv"
"6727","ALG13","Exc L5/6 IT Car3",-0.0238027292672494,6.05511973922498,3.88182222367496,0.0495495013388277,0.356516912015847,0.377391323601812,"cogn_se_lv"
"6728","ALG13-AS1","Exc L5/6 IT Car3",-0.0136409344261697,1.97525598450102,0.0696470762987116,0.791996810292603,0.951806255692891,0.970756871131341,"cogn_se_lv"
"6729","TRPC5","Exc L5/6 IT Car3",0.00270422520276723,8.10200936795744,0.030957208436427,0.860431199159871,0.974142312077106,0.985644708542921,"cogn_se_lv"
"6730","TRPC5OS","Exc L5/6 IT Car3",-0.00180529844434301,2.53533700048585,0.00110078890615294,0.973550245690928,0.998267578294294,0.999408030758943,"cogn_se_lv"
"6731","AMOT","Exc L5/6 IT Car3",-0.0071326719331082,4.88144379879186,0.218483769015821,0.640470103410054,0.884107586310083,0.921389803072545,"cogn_se_lv"
"6732","XACT","Exc L5/6 IT Car3",0.0253164415059949,2.38833426491705,0.1598023373739,0.689566964723649,0.903724396414627,0.939347312944822,"cogn_se_lv"
"6733","HTR2C","Exc L5/6 IT Car3",-0.0318435337750625,4.10317691346964,0.226741762744913,0.634228644529746,0.88181216363834,0.919302836868776,"cogn_se_lv"
"6734","LRCH2","Exc L5/6 IT Car3",-0.0155304876433995,5.00263406545934,1.24160245420337,0.269626699430166,0.652650975814763,0.713105064455763,"cogn_se_lv"
"6735","PLS3","Exc L5/6 IT Car3",0.000544550887576682,3.68549976093101,0.000302169235456612,0.986140336111693,0.998390354534415,0.999870711362408,"cogn_se_lv"
"6736","DANT2","Exc L5/6 IT Car3",0.0158292300368752,8.67651055784098,2.33881877575419,0.127031257648402,0.497058895267095,0.546000305540818,"cogn_se_lv"
"6737","KLHL13","Exc L5/6 IT Car3",0.0194603199004078,2.11390517324874,0.17491426045484,0.676021020183676,0.899176443999365,0.934661958139202,"cogn_se_lv"
"6738","WDR44","Exc L5/6 IT Car3",0.00559151144914779,5.74677884304529,0.213593653278875,0.644234165377405,0.885485383965838,0.922674681986982,"cogn_se_lv"
"6739","DOCK11","Exc L5/6 IT Car3",-0.0284723940531804,5.20714797395423,3.29948360521094,0.0701027632456492,0.404681742817157,0.435137139391458,"cogn_se_lv"
"6740","ZCCHC12","Exc L5/6 IT Car3",0.00165880245939829,3.22507494974641,0.00257951875909466,0.959520823219497,0.997053628956036,0.998555548513014,"cogn_se_lv"
"6741","LINC01285","Exc L5/6 IT Car3",0.0163666989343423,2.92077337779872,0.239818887724662,0.624624317844928,0.875858814433045,0.915178181980845,"cogn_se_lv"
"6742","LONRF3","Exc L5/6 IT Car3",-0.12243527320701,2.92213441900972,7.67595857907399,0.00587567968430478,0.164711676396085,0.150342070691481,"cogn_se_lv"
"6743","PGRMC1","Exc L5/6 IT Car3",-0.0271197518116108,6.02463065427502,1.23451424863984,0.267245312161121,0.650467397463175,0.710842973352419,"cogn_se_lv"
"6744","SLC25A43","Exc L5/6 IT Car3",0.0234441131774563,5.37443827220476,2.06225837041152,0.151822859941764,0.531540262964067,0.583504665987953,"cogn_se_lv"
"6745","SLC25A5","Exc L5/6 IT Car3",-0.0500025260887271,4.21734758046785,2.4897663031904,0.11543487657719,0.482625034100232,0.526213239954522,"cogn_se_lv"
"6746","CXorf56","Exc L5/6 IT Car3",0.0220365989479026,3.62821094000089,1.03825964717082,0.308885826507229,0.68468282730034,0.746010654504298,"cogn_se_lv"
"6747","UBE2A","Exc L5/6 IT Car3",-0.0265196409720239,3.66836821575586,1.71116202439369,0.191638771417438,0.579302759545118,0.633093125129535,"cogn_se_lv"
"6748","NKRF","Exc L5/6 IT Car3",-0.00987697195828895,4.66396711780716,0.428732044070974,0.513014601723626,0.818419687003898,0.865474211531992,"cogn_se_lv"
"6749","SEPT6","Exc L5/6 IT Car3",-0.0238270670291467,4.47539764956122,1.59977573954135,0.206723228326778,0.594548352178239,0.649912669792478,"cogn_se_lv"
"6750","RPL39","Exc L5/6 IT Car3",0.00252629269522647,1.86129996966441,0.0038774287579799,0.950381905277773,0.995054338434123,0.997804640603097,"cogn_se_lv"
"6751","UPF3B","Exc L5/6 IT Car3",-0.00605937265327507,5.34469038132163,0.161892331152566,0.687650297851409,0.902774616430194,0.938883163640734,"cogn_se_lv"
"6752","RNF113A","Exc L5/6 IT Car3",-0.00429502533419502,2.31991159107931,0.0118842069922818,0.91324933901668,0.989073227776396,0.994053319110017,"cogn_se_lv"
"6753","NDUFA1","Exc L5/6 IT Car3",-0.05246960811374,4.50703270655052,1.8644157468225,0.172937414534826,0.559485520597349,0.611155221016818,"cogn_se_lv"
"6754","NKAP","Exc L5/6 IT Car3",-0.0309072855443848,4.27079384843428,3.15163258231207,0.0766649329008705,0.418056451576924,0.451853096803153,"cogn_se_lv"
"6755","RHOXF1-AS1","Exc L5/6 IT Car3",-0.00778427731833963,4.25932256984347,0.144458294353235,0.704104420493455,0.912079690238501,0.944897527179153,"cogn_se_lv"
"6756","ZBTB33","Exc L5/6 IT Car3",2.23289022731022e-05,2.40830465885462,2.46805824739548e-05,0.996038812348185,0.999242764926216,0.999870711362408,"cogn_se_lv"
"6757","LAMP2","Exc L5/6 IT Car3",0.0308528131151976,4.7806403853142,4.93406093166849,0.0269311030781782,0.295420457007832,0.293875194560175,"cogn_se_lv"
"6758","CUL4B","Exc L5/6 IT Car3",-0.0103661532204145,4.78895136231822,0.618722886225834,0.432020818908598,0.77353077346411,0.825374192674847,"cogn_se_lv"
"6759","MCTS1","Exc L5/6 IT Car3",0.000325121261202647,4.6089514593942,0.000478120002969928,0.982566553109466,0.998390354534415,0.999870711362408,"cogn_se_lv"
"6760","C1GALT1C1","Exc L5/6 IT Car3",-0.0494838657793822,2.39386299154194,2.36908898431002,0.124605592220173,0.493611342154044,0.541871108171405,"cogn_se_lv"
"6761","AL359851.1","Exc L5/6 IT Car3",-0.0463069557130865,2.93106129828043,3.11462438647489,0.0784092016155815,0.420387560324412,0.455704501623394,"cogn_se_lv"
"6762","GRIA3","Exc L5/6 IT Car3",-0.00832944622003787,7.1637869759436,0.489375685023545,0.484641165273259,0.802883924772248,0.851518388973468,"cogn_se_lv"
"6763","THOC2","Exc L5/6 IT Car3",-0.00896921322846283,6.15308369736619,0.87885092595559,0.349122101002703,0.71678083436921,0.773582715207608,"cogn_se_lv"
"6764","XIAP","Exc L5/6 IT Car3",-0.0144036879480092,5.80158515277239,1.4233920444307,0.23360285678401,0.621152652275808,0.678771431069004,"cogn_se_lv"
"6765","STAG2","Exc L5/6 IT Car3",-0.0116987778421433,6.06544223562354,1.34592090067317,0.246733185394158,0.630841656862832,0.691137016341039,"cogn_se_lv"
"6766","TENM1","Exc L5/6 IT Car3",-0.0172376192743489,4.01306490585078,0.579278234642086,0.447075395046134,0.781075074328528,0.833286650250869,"cogn_se_lv"
"6767","AL442647.1","Exc L5/6 IT Car3",-0.0565359797862969,5.46570012766459,8.9263888732648,0.00299638706006303,0.128095546817694,0.108155083824431,"cogn_se_lv"
"6768","SMARCA1","Exc L5/6 IT Car3",-0.0172633588407732,5.81491862221836,2.10470454372093,0.147685609646664,0.525936758897253,0.57795073677006,"cogn_se_lv"
"6769","OCRL","Exc L5/6 IT Car3",-0.0191439215350415,4.79630467667278,1.82242810588617,0.177841678232878,0.564413565108526,0.617827521414808,"cogn_se_lv"
"6770","ZDHHC9","Exc L5/6 IT Car3",-0.0113178239049385,4.29834979746755,0.542129471850284,0.578661500179437,0.853819156938549,0.895392850708592,"cogn_se_lv"
"6771","AL034405.1","Exc L5/6 IT Car3",-0.00241366769634773,2.62906341289118,0.00584634837420902,0.939092929257126,0.994539668727838,0.997351302535834,"cogn_se_lv"
"6772","UTP14A","Exc L5/6 IT Car3",0.0222424980854517,3.83739963069083,1.61928135671321,0.242761680436576,0.627705353144976,0.687049330654613,"cogn_se_lv"
"6773","BCORL1","Exc L5/6 IT Car3",0.0202476369498909,3.71483416715665,1.20214389425428,0.273599696694827,0.655974346803767,0.716145849698567,"cogn_se_lv"
"6774","AIFM1","Exc L5/6 IT Car3",-0.00361958599912761,3.88584837250748,0.0493811802007239,0.899228534703141,0.986798883315299,0.992279728397268,"cogn_se_lv"
"6775","RAB33A","Exc L5/6 IT Car3",-0.01553634163604,3.62674243841197,0.246723822500279,0.619683524441522,0.873687478415488,0.91299785939827,"cogn_se_lv"
"6776","ZNF280C","Exc L5/6 IT Car3",0.00950922996055532,4.69095862391783,0.262446030222675,0.608747312322661,0.869396553735584,0.908411249195445,"cogn_se_lv"
"6777","SLC25A14","Exc L5/6 IT Car3",-0.018950361796301,4.6347559258033,1.5781717832814,0.209809048155546,0.597972554265113,0.653237759504435,"cogn_se_lv"
"6778","RBMX2","Exc L5/6 IT Car3",0.0123761499565878,4.12372254626371,0.40876712869607,0.522987662820356,0.82185254031414,0.869921832504737,"cogn_se_lv"
"6779","ENOX2","Exc L5/6 IT Car3",0.0209896203144576,3.94044734291186,0.726409483099041,0.394595411957522,0.750983843236188,0.80434431946157,"cogn_se_lv"
"6780","IGSF1","Exc L5/6 IT Car3",-0.0282757786556945,1.72684211021695,0.336895680389237,0.561976447689168,0.843636345917786,0.887608432877591,"cogn_se_lv"
"6781","FIRRE","Exc L5/6 IT Car3",-0.0484029769579724,1.713578633205,1.11659730302525,0.291334986971961,0.670602071417661,0.730661490832159,"cogn_se_lv"
"6782","RAP2C","Exc L5/6 IT Car3",-0.048031339718222,2.38575362748319,2.41447723087394,0.121064603799155,0.490612459339224,0.536495627025902,"cogn_se_lv"
"6783","RAP2C-AS1","Exc L5/6 IT Car3",0.00734720441758745,4.102790697425,0.0862870997802469,0.769114581436556,0.942860274175954,0.964418127860612,"cogn_se_lv"
"6784","HS6ST2","Exc L5/6 IT Car3",-0.0455434232507497,3.65646912119629,2.43852610762839,0.119233892568801,0.489465049417691,0.533810698964136,"cogn_se_lv"
"6785","GPC4","Exc L5/6 IT Car3",-0.0238285587483536,1.72633745818485,0.214942551245901,0.643190691454222,0.885447193796969,0.922230491595812,"cogn_se_lv"
"6786","GPC3","Exc L5/6 IT Car3",0.0162608919498784,1.96351398490666,0.147438095298012,0.701214121358668,0.910537067812176,0.943673814460387,"cogn_se_lv"
"6787","PHF6","Exc L5/6 IT Car3",-0.0188924752238229,4.8315978538597,2.23730401600649,0.135559742966483,0.507606920743108,0.559539334984157,"cogn_se_lv"
"6788","HPRT1","Exc L5/6 IT Car3",-0.000502229127903755,7.06661067365283,0.00218156827126215,0.962771494423303,0.997271804095964,0.998755858281755,"cogn_se_lv"
"6789","PLAC1","Exc L5/6 IT Car3",0.0452081551318833,1.76139764707884,0.889016459616019,0.34635316437732,0.715260611242374,0.771758968531574,"cogn_se_lv"
"6790","FAM122B","Exc L5/6 IT Car3",-0.0111368657999423,3.95335468428793,0.441018236416162,0.50704095409125,0.816298421614546,0.862594157759295,"cogn_se_lv"
"6791","FAM122C","Exc L5/6 IT Car3",0.035764207324674,3.29015055317815,2.379925837693,0.123749786253164,0.492855743293762,0.540818349695916,"cogn_se_lv"
"6792","MOSPD1","Exc L5/6 IT Car3",0.0375867005815252,3.11088284000951,2.77999567647686,0.0962862373933183,0.450272012605035,0.490894359391174,"cogn_se_lv"
"6793","RTL8B","Exc L5/6 IT Car3",0.00174371731951746,1.74653718033007,0.00090089013327721,0.976071248401569,0.998267578294294,0.999481105410931,"cogn_se_lv"
"6794","RTL8C","Exc L5/6 IT Car3",-0.0568626822683279,6.03633293551216,4.20276090630056,0.0410555886436418,0.333427709353904,0.350690108345732,"cogn_se_lv"
"6795","RTL8A","Exc L5/6 IT Car3",-0.0285574257836679,3.75165632062756,0.824572835091238,0.364431804433329,0.727246849504114,0.784412045103396,"cogn_se_lv"
"6796","SMIM10L2B","Exc L5/6 IT Car3",-0.00838933047302717,3.63923297402777,0.126380694391914,0.722415166012956,0.921972360635618,0.950597967991176,"cogn_se_lv"
"6797","ZNF75D","Exc L5/6 IT Car3",0.0294550528059524,4.73886842872812,2.44122758032427,0.1190301730481,0.489465049417691,0.533464020441029,"cogn_se_lv"
"6798","ZNF449","Exc L5/6 IT Car3",0.0598417245804449,4.21538976911498,4.47406090001102,0.0350744440750742,0.315485502229919,0.328697333628266,"cogn_se_lv"
"6799","SMIM10L2A","Exc L5/6 IT Car3",0.00551919603611616,4.52236000971108,0.0611181132486494,0.804873137757463,0.956303372970536,0.974130747515618,"cogn_se_lv"
"6800","INTS6L","Exc L5/6 IT Car3",0.0379668993379177,6.47183997816182,3.61306353091666,0.0580966405213164,0.377862825091434,0.404410918527662,"cogn_se_lv"
"6801","MMGT1","Exc L5/6 IT Car3",-0.0436747525175093,3.47317153998245,3.77900551929554,0.0526497607827965,0.363680349392836,0.387862414901158,"cogn_se_lv"
"6802","SLC9A6","Exc L5/6 IT Car3",-0.0110833364315058,6.5007810664951,0.585963201375334,0.444467595394513,0.779889065937087,0.832062353554349,"cogn_se_lv"
"6803","FHL1","Exc L5/6 IT Car3",-0.000465023226581779,6.7389614067286,0.00150231317981443,0.969102686252616,0.998267578294294,0.999099628483138,"cogn_se_lv"
"6804","MAP7D3","Exc L5/6 IT Car3",-0.0469982304080585,3.226063931345,2.69939021778256,0.101227781381524,0.459149883719911,0.500240358405198,"cogn_se_lv"
"6805","HTATSF1","Exc L5/6 IT Car3",-0.0497197063361198,4.58722488872445,5.58729064260471,0.0186022619758863,0.258548624040107,0.251464671390442,"cogn_se_lv"
"6806","ARHGEF6","Exc L5/6 IT Car3",-0.00608342612915663,3.63527613596307,0.0975740899106318,0.754934712378746,0.936971388992654,0.960614682295678,"cogn_se_lv"
"6807","AL683813.1","Exc L5/6 IT Car3",0.0284724624315514,4.71991324263706,2.7555005399813,0.0977593819180849,0.45289490900642,0.493552658951163,"cogn_se_lv"
"6808","RBMX","Exc L5/6 IT Car3",-0.0122812066584381,5.86971542441516,0.980923582902493,0.322611776677925,0.69596232731613,0.756021235058501,"cogn_se_lv"
"6809","Z96074.1","Exc L5/6 IT Car3",-0.01580372264553,2.13100777835712,0.171133206452497,0.702247589086015,0.911206883480392,0.94403311943776,"cogn_se_lv"
"6810","FGF13","Exc L5/6 IT Car3",0.0169542062861672,6.17946599624885,2.27703797955117,0.357218036638136,0.72215560740022,0.779485414302284,"cogn_se_lv"
"6811","MCF2","Exc L5/6 IT Car3",-0.0329340037254891,4.51694303393997,4.07608229967767,0.04420811094686,0.342351085321161,0.360809827190036,"cogn_se_lv"
"6812","ATP11C","Exc L5/6 IT Car3",-0.0198727095489447,1.74365887537827,0.190508387044241,0.662745906983741,0.893061860474544,0.929629809880391,"cogn_se_lv"
"6813","LINC00632","Exc L5/6 IT Car3",-0.00334864663907121,8.51029475787281,0.126869817499371,0.721900870773464,0.921821711258795,0.950455044692627,"cogn_se_lv"
"6814","AL078639.1","Exc L5/6 IT Car3",-0.0637609655922812,5.10770484000331,2.99995522249309,0.084092029008138,0.43113965258299,0.468343439359402,"cogn_se_lv"
"6815","LDOC1","Exc L5/6 IT Car3",-0.0529277886258062,4.4901128678446,2.80240880549019,0.0949595587862688,0.448015821496222,0.488660530166882,"cogn_se_lv"
"6816","SPANXA2-OT1","Exc L5/6 IT Car3",-0.000465300889886267,4.47027686366892,0.000424456181221308,0.983573874675791,0.998390354534415,0.999870711362408,"cogn_se_lv"
"6817","MAGEC3","Exc L5/6 IT Car3",0.0297725794438828,3.89131468011047,0.611153996721288,0.434848689468625,0.773613831177909,0.82659505990721,"cogn_se_lv"
"6818","AC239727.1","Exc L5/6 IT Car3",-0.0590749118309489,1.51818513379285,1.29673195759161,0.255540540509406,0.639026164772989,0.699852955135642,"cogn_se_lv"
"6819","SLITRK4","Exc L5/6 IT Car3",-0.0289588194978661,4.82258037591051,1.7972352833254,0.180861528631417,0.56781769297972,0.620933095000188,"cogn_se_lv"
"6820","SLITRK2","Exc L5/6 IT Car3",0.00812807935363915,3.98892143215184,0.167673470487749,0.873418850216585,0.979445941768671,0.987977378729173,"cogn_se_lv"
"6821","AL589669.1","Exc L5/6 IT Car3",-0.0339730381565634,1.55906472482632,0.503711853531527,0.478316319372173,0.799547311799968,0.848703718633566,"cogn_se_lv"
"6822","FMR1","Exc L5/6 IT Car3",-0.0127576883619944,5.29996519283573,1.17550653291947,0.278971709745363,0.660770795478599,0.720621807660392,"cogn_se_lv"
"6823","AFF2","Exc L5/6 IT Car3",-0.0589516641547113,8.35192155115795,8.77752613311676,0.00324479204843501,0.131218826837242,0.112919894860795,"cogn_se_lv"
"6824","IDS","Exc L5/6 IT Car3",-0.0521105751520816,8.52996654419226,7.85574704515653,0.00532997620493305,0.158783522830177,0.143524621225168,"cogn_se_lv"
"6825","LINC00893","Exc L5/6 IT Car3",0.059680503312021,2.46037910491175,2.8089050598715,0.0945787767387036,0.447316341121281,0.487914678018297,"cogn_se_lv"
"6826","CXorf40A","Exc L5/6 IT Car3",-0.0154240902365562,1.64154547745069,0.0832535732067365,0.773095735236918,0.944640998957263,0.965446533560856,"cogn_se_lv"
"6827","TMEM185A","Exc L5/6 IT Car3",0.00145135921314956,4.42533142063734,0.00980895475511231,0.921159485949704,0.99096186404192,0.994869484089853,"cogn_se_lv"
"6828","CXorf40B","Exc L5/6 IT Car3",0.027444169734142,2.01434180216512,0.40503830266014,0.524888311258744,0.822693870075575,0.870686003171524,"cogn_se_lv"
"6829","LINC00894","Exc L5/6 IT Car3",0.0368273710169457,6.09407422616,5.01210834490798,0.0257587272535276,0.291062270507922,0.288572932094248,"cogn_se_lv"
"6830","MAMLD1","Exc L5/6 IT Car3",0.0216976072292537,5.11335095599446,1.03420936214148,0.309830041986412,0.685530410099482,0.746614772056201,"cogn_se_lv"
"6831","MTM1","Exc L5/6 IT Car3",0.0140431315344733,5.42516108279457,0.999952869176343,0.317969007654342,0.692610005425267,0.752902409676748,"cogn_se_lv"
"6832","MTMR1","Exc L5/6 IT Car3",0.0375001769793996,5.74848619033067,6.54967204938258,0.0108833588600194,0.213268905265307,0.198857558795008,"cogn_se_lv"
"6833","CD99L2","Exc L5/6 IT Car3",0.00926373255935825,5.84318299446631,0.421335458294551,0.516670173507166,0.819995665260249,0.867082535791458,"cogn_se_lv"
"6834","VMA21","Exc L5/6 IT Car3",-0.0240052279889266,4.05184455232996,1.40369395026193,0.236859036346826,0.623931676959777,0.681812428463525,"cogn_se_lv"
"6835","PRRG3","Exc L5/6 IT Car3",0.0242588036860066,4.17908009284059,2.03722113431146,0.154324917247216,0.535555258877144,0.586762702814395,"cogn_se_lv"
"6836","GABRE","Exc L5/6 IT Car3",-0.0755977086524078,3.31866626713278,2.42904366951086,0.119952039987913,0.489738487304808,0.534927349679927,"cogn_se_lv"
"6837","GABRA3","Exc L5/6 IT Car3",-0.00399460876356165,5.67549464878686,0.0648946844292536,0.799060695826675,0.954829784589432,0.972742547311877,"cogn_se_lv"
"6838","CETN2","Exc L5/6 IT Car3",-0.0556377816890088,3.75397248379833,3.13590226952756,0.0774011566164435,0.419843638716814,0.453347708626425,"cogn_se_lv"
"6839","NSDHL","Exc L5/6 IT Car3",0.0256070731952615,2.78134236176843,0.881639255242497,0.348359612882156,0.716201139476506,0.773139121525075,"cogn_se_lv"
"6840","PNMA5","Exc L5/6 IT Car3",0.0227613641751111,3.04665788619157,0.526018532350235,0.468739516031829,0.793695802808873,0.84444561237557,"cogn_se_lv"
"6841","PNMA3","Exc L5/6 IT Car3",0.0243690030001243,4.7691164645609,1.74072012797338,0.187855439203151,0.575062928090689,0.629012385606037,"cogn_se_lv"
"6842","PNMA6A","Exc L5/6 IT Car3",-0.0249189878704199,3.83047222155289,0.954932142637693,0.329099236338409,0.700143385021856,0.760367349161606,"cogn_se_lv"
"6843","PNMA6F","Exc L5/6 IT Car3",-0.0335414672737582,1.65996071697324,0.310542237672017,0.577681274106539,0.853216392370406,0.894927726086291,"cogn_se_lv"
"6844","ZNF275","Exc L5/6 IT Car3",0.031146401696312,2.72805796302139,1.28133542622339,0.288771730397244,0.668501343383512,0.728702262646125,"cogn_se_lv"
"6845","ZFP92","Exc L5/6 IT Car3",-0.0504498679326352,2.03432623709881,1.94853567102505,0.163573526884802,0.547821855924573,0.599240466454046,"cogn_se_lv"
"6846","ATP2B3","Exc L5/6 IT Car3",0.00897521753524814,5.34923678275689,0.387897577738819,0.533786498414843,0.827134422011894,0.874491963312395,"cogn_se_lv"
"6847","CCNQ","Exc L5/6 IT Car3",-0.001953676126159,3.3379074142488,0.00542333903366661,0.941333602288588,0.994584933353108,0.997617673878273,"cogn_se_lv"
"6848","DUSP9","Exc L5/6 IT Car3",-0.00472892465434376,1.95031071565182,0.0163675303119461,0.898268720930528,0.986715578313859,0.992164474469188,"cogn_se_lv"
"6849","PNCK","Exc L5/6 IT Car3",-0.0100624483519947,6.06153709800534,0.359308836998074,0.549253600102949,0.836869969833501,0.881932705272519,"cogn_se_lv"
"6850","SLC6A8","Exc L5/6 IT Car3",-0.037309561808213,4.66639622852787,3.1114948961491,0.0785586550546647,0.420387560324412,0.455916691447845,"cogn_se_lv"
"6851","BCAP31","Exc L5/6 IT Car3",-0.0381765896897736,5.14797307446272,2.33980108301456,0.126951719302134,0.497058895267095,0.545826170493515,"cogn_se_lv"
"6852","U52111.1","Exc L5/6 IT Car3",0.00700903848485932,2.245803484238,0.0290218672486648,0.864820754666674,0.975384985678678,0.986542852105431,"cogn_se_lv"
"6853","SRPK3","Exc L5/6 IT Car3",-0.091824868486814,1.96001888186113,4.89880985734074,0.0274787599986623,0.296436903469433,0.296115244200432,"cogn_se_lv"
"6854","IDH3G","Exc L5/6 IT Car3",-0.0324058381527127,3.7938544805915,1.32510354556514,0.250414210957411,0.634369019715073,0.69506747331436,"cogn_se_lv"
"6855","SSR4","Exc L5/6 IT Car3",-0.0365288421525956,3.10852890900253,0.874239095781279,0.350388239419559,0.717823937428057,0.774187768494899,"cogn_se_lv"
"6856","PDZD4","Exc L5/6 IT Car3",-0.058406450306167,5.28583550130205,6.72061185070284,0.00990447204101956,0.205758337684994,0.191050373384022,"cogn_se_lv"
"6857","L1CAM","Exc L5/6 IT Car3",-0.0108343135585157,5.47217686531621,0.447453554180486,0.503959744354345,0.814567104377341,0.861120296042352,"cogn_se_lv"
"6858","HCFC1","Exc L5/6 IT Car3",-0.00754613165682134,3.96911134149429,0.149861985812255,0.698887664016416,0.909280678773578,0.942675784740176,"cogn_se_lv"
"6859","TMEM187","Exc L5/6 IT Car3",-0.041061762080629,2.0836114232118,1.5117216879599,0.219650157919255,0.608325796923524,0.664387357233242,"cogn_se_lv"
"6860","IRAK1","Exc L5/6 IT Car3",-0.00681405669287354,3.07852408789198,0.070265614365328,0.791096601099648,0.951674127840344,0.970492012357583,"cogn_se_lv"
"6861","MECP2","Exc L5/6 IT Car3",0.0143823061159435,6.17579327735748,2.21276496206536,0.157849895750233,0.540291084826352,0.59156801275494,"cogn_se_lv"
"6862","FLNA","Exc L5/6 IT Car3",0.0353108395088129,4.14073504380792,1.6324235722979,0.202161345550549,0.589852164542185,0.644440750884791,"cogn_se_lv"
"6863","EMD","Exc L5/6 IT Car3",0.0213492691184195,3.66532265289443,0.764132175820925,0.382599902616846,0.740930282055013,0.797205461125319,"cogn_se_lv"
"6864","RPL10","Exc L5/6 IT Car3",-0.0179852858556984,6.47264148582285,0.266924230832568,0.605708150055276,0.868198605695324,0.907245932962527,"cogn_se_lv"
"6865","DNASE1L1","Exc L5/6 IT Car3",-0.070727201896307,2.72884781464439,4.69313871720977,0.0309149062402637,0.304222598957164,0.31122305106844,"cogn_se_lv"
"6866","TAZ","Exc L5/6 IT Car3",0.0320908848115973,5.31212462039558,3.58240510777301,0.0591671252228646,0.379986913840459,0.407159214992821,"cogn_se_lv"
"6867","AC244090.1","Exc L5/6 IT Car3",-0.0161880261830638,2.19032773896381,0.172195831660057,0.678405773802516,0.900130631056747,0.935474039447672,"cogn_se_lv"
"6868","ATP6AP1","Exc L5/6 IT Car3",-0.000381939772609232,5.83452632913714,0.000213778028557906,0.988342228887855,0.998638339521102,0.999870711362408,"cogn_se_lv"
"6869","GDI1","Exc L5/6 IT Car3",-0.032874429285606,7.0410131155148,1.98777105330079,0.159405897146986,0.541327839355734,0.593861645341767,"cogn_se_lv"
"6870","FAM50A","Exc L5/6 IT Car3",-0.047324601855731,3.92725111045526,4.83980968060412,0.0284215704318823,0.298467500217356,0.300604626864763,"cogn_se_lv"
"6871","PLXNA3","Exc L5/6 IT Car3",-0.0345820240163082,4.38752233424603,3.18786875310914,0.074997583020203,0.414798996464227,0.447573937261856,"cogn_se_lv"
"6872","LAGE3","Exc L5/6 IT Car3",-0.0410762398748217,3.96234915842819,1.24752239740187,0.264743859872464,0.647862617814792,0.708575523368404,"cogn_se_lv"
"6873","UBL4A","Exc L5/6 IT Car3",-0.0554414661584829,3.98370932650256,4.43210832390063,0.0359358922351538,0.317634449276949,0.331677054804842,"cogn_se_lv"
"6874","FAM3A","Exc L5/6 IT Car3",-0.0289098940273823,3.53469756683561,1.84406242447795,0.175294934733823,0.562492655817271,0.614497009499584,"cogn_se_lv"
"6875","G6PD","Exc L5/6 IT Car3",-0.0234744100625529,3.11142645751144,0.615826333268807,0.433099703363308,0.77353077346411,0.825762240523986,"cogn_se_lv"
"6876","IKBKG","Exc L5/6 IT Car3",0.0178344872045488,3.1090811670338,0.513532668253338,0.520580991378509,0.821092037196555,0.868666837940365,"cogn_se_lv"
"6877","DKC1","Exc L5/6 IT Car3",-0.0233908769806046,3.51349019870624,1.46305132544119,0.227209925521229,0.616169295818805,0.672455281529711,"cogn_se_lv"
"6878","MPP1","Exc L5/6 IT Car3",-0.0453271213228433,5.09702279034252,7.43563765041867,0.00669585415627769,0.175601242043721,0.159798425474178,"cogn_se_lv"
"6879","F8","Exc L5/6 IT Car3",0.0591641111804578,3.33430636125296,5.78299437656484,0.0166676265274889,0.245468681586654,0.240036598254161,"cogn_se_lv"
"6880","F8A1","Exc L5/6 IT Car3",0.0405273808594227,2.82324142489308,1.09823781998183,0.295330500888456,0.673553113318514,0.733991000779952,"cogn_se_lv"
"6881","FUNDC2","Exc L5/6 IT Car3",-0.0665340146568126,3.5112544765038,5.81503875432398,0.0163712885199381,0.244400771097935,0.238082394848657,"cogn_se_lv"
"6882","MTCP1","Exc L5/6 IT Car3",0.0303428590197851,2.96336956984121,0.501852303892068,0.479129040070741,0.799764009145411,0.849014837664551,"cogn_se_lv"
"6883","BRCC3","Exc L5/6 IT Car3",0.0138389198518692,5.26363249725006,1.02903492343008,0.602062395327177,0.866118925414588,0.905555080269281,"cogn_se_lv"
"6884","VBP1","Exc L5/6 IT Car3",-0.0227398782637845,4.26691238294859,1.22958278982623,0.268201340759047,0.651342204714067,0.711736120090148,"cogn_se_lv"
"6885","RAB39B","Exc L5/6 IT Car3",-0.0629702270023792,3.63996971377332,7.13968972076196,0.00786966648846162,0.18835795840968,0.171903834852299,"cogn_se_lv"
"6886","CLIC2","Exc L5/6 IT Car3",-0.0100902443777048,3.29134934899201,0.200858883687954,0.654288209338899,0.888560566491041,0.926125236229049,"cogn_se_lv"
"6887","TMLHE-AS1","Exc L5/6 IT Car3",0.0285873537748531,3.62525791796992,1.20247961183595,0.273532827217199,0.655974346803767,0.716112745902829,"cogn_se_lv"
"6888","TMLHE","Exc L5/6 IT Car3",0.0078441915488599,4.48925546364426,0.233004188026354,0.629587816973671,0.878995857256218,0.917455210306823,"cogn_se_lv"
"6889","SPRY3","Exc L5/6 IT Car3",-0.0354421843331925,2.28746059550151,1.2187954161261,0.306314879833027,0.682747109631723,0.74362204867072,"cogn_se_lv"
"6890","VAMP7","Exc L5/6 IT Car3",0.00848947840698827,4.17451234113471,0.285683319204986,0.59331799803387,0.860392400593103,0.902067329791077,"cogn_se_lv"
"6891","ZNF596","Exc L5/6 IT Car3",0.0205524859791717,3.96997871548209,1.42766334719587,0.416188235313608,0.764427370984179,0.816700395336093,"cogn_se_lv"
"6892","AC136777.1","Exc L5/6 IT Car3",-0.00241668756695403,2.73008175757741,0.00606045587614352,0.93798989196215,0.994369077299174,0.99727077180765,"cogn_se_lv"
"6893","FBXO25","Exc L5/6 IT Car3",0.00655133203074431,5.55041554492451,0.301711722989883,0.632930560007425,0.881201494347229,0.9188669397212,"cogn_se_lv"
"6894","TDRP","Exc L5/6 IT Car3",0.0357833891139884,4.89433874337573,5.90527804410158,0.0155657412451544,0.239556757762926,0.232356816582491,"cogn_se_lv"
"6895","ERICH1","Exc L5/6 IT Car3",0.0347424375281828,5.07307679343621,4.81460028596937,0.0288346652800286,0.30020230742988,0.302562249333627,"cogn_se_lv"
"6896","DLGAP2","Exc L5/6 IT Car3",0.0253873501234855,10.1711797829008,3.14712055871488,0.076875331895825,0.41850419450893,0.4522934362534,"cogn_se_lv"
"6897","AC100810.1","Exc L5/6 IT Car3",0.0158947571826328,2.44713421432563,0.177308992743495,0.673938209317974,0.898523335788635,0.933731078772059,"cogn_se_lv"
"6898","AC019257.8","Exc L5/6 IT Car3",0.0449460530465499,2.17167809928718,1.39913517503997,0.237620462525616,0.624585628870244,0.682560332626114,"cogn_se_lv"
"6899","KBTBD11","Exc L5/6 IT Car3",-0.0307191306115432,5.91755457683943,4.31065950145056,0.0385574522524242,0.327844856444645,0.341657154718792,"cogn_se_lv"
"6900","MYOM2","Exc L5/6 IT Car3",-0.0271875228838055,6.66220498040474,0.708539435092382,0.40046748103353,0.754278915425412,0.807777447864885,"cogn_se_lv"
"6901","AC246817.2","Exc L5/6 IT Car3",0.00198368422960646,1.91241749078956,0.00116219336623529,0.972822821897584,0.998267578294294,0.999312590999834,"cogn_se_lv"
"6902","AC246817.1","Exc L5/6 IT Car3",-0.0203275876128884,2.51690802443221,0.204024219777618,0.651754084578906,0.88781159157987,0.925080281628538,"cogn_se_lv"
"6903","CSMD1","Exc L5/6 IT Car3",-0.00948206134233123,12.5759975967727,0.697853251122128,0.404039774068738,0.757205567817569,0.809893684048766,"cogn_se_lv"
"6904","AC009435.1","Exc L5/6 IT Car3",0.0640178295650672,3.25900964412643,2.79987449892915,0.0951085627370092,0.448306517771079,0.48887594838187,"cogn_se_lv"
"6905","AC016065.1","Exc L5/6 IT Car3",0.0898443888817992,1.95820176114668,4.49587162894611,0.0346351828548707,0.314097878238464,0.326548608495792,"cogn_se_lv"
"6906","MCPH1","Exc L5/6 IT Car3",-0.00201361781873518,7.16026616978117,0.033447645825745,0.854985887404025,0.972881064401809,0.984559901577526,"cogn_se_lv"
"6907","ANGPT2","Exc L5/6 IT Car3",-0.00708715317762118,3.64056902400821,0.0366363309322779,0.848311327418845,0.971136553429121,0.983125999918371,"cogn_se_lv"
"6908","MCPH1-AS1","Exc L5/6 IT Car3",0.0242064721423633,5.05882714524612,2.84124199784617,0.0927079729839668,0.444119599988669,0.485307629986587,"cogn_se_lv"
"6909","AGPAT5","Exc L5/6 IT Car3",0.00858270054783306,5.57742081873844,0.427132594519705,0.513801254497348,0.818677978297294,0.866108487773539,"cogn_se_lv"
"6910","FAM66B","Exc L5/6 IT Car3",0.00784848220157638,4.14307007984589,0.148293042807447,0.700391049459324,0.910350279594577,0.943445604970361,"cogn_se_lv"
"6911","FAM85B","Exc L5/6 IT Car3",0.0453705763228765,7.06330362966348,5.02656580256931,0.0255474696251829,0.290028951004157,0.287616534020902,"cogn_se_lv"
"6912","PRAG1","Exc L5/6 IT Car3",0.0386554572589164,4.41199701974313,1.55266725841161,0.213522753157327,0.601608711862469,0.657586159634895,"cogn_se_lv"
"6913","MFHAS1","Exc L5/6 IT Car3",0.00804613190899679,5.98292574627412,0.472663740845186,0.492190760851235,0.807671139594468,0.855499960384491,"cogn_se_lv"
"6914","ERI1","Exc L5/6 IT Car3",0.0311767776280921,4.24978104898778,2.97750317985493,0.0852561392135174,0.433336351817479,0.470612737568988,"cogn_se_lv"
"6915","AC022784.6","Exc L5/6 IT Car3",0.0992221541539516,1.36308104303058,2.80956297725267,0.0945403056296846,0.447271842496418,0.487838413059969,"cogn_se_lv"
"6916","AC021242.2","Exc L5/6 IT Car3",0.0548084846634684,1.49841543298014,1.15392209357226,0.28342277574324,0.663053492637873,0.724115864085802,"cogn_se_lv"
"6917","TNKS","Exc L5/6 IT Car3",-0.00961932035983023,8.01922394066328,1.09752665899443,0.295486678920174,0.673809451560449,0.73410167278509,"cogn_se_lv"
"6918","LINC00599","Exc L5/6 IT Car3",-0.0162976032176726,7.28675210790249,1.46050255090582,0.227614372040198,0.616397182069092,0.672880386675627,"cogn_se_lv"
"6919","AC034111.1","Exc L5/6 IT Car3",-0.0118855329758262,2.09254275794757,0.0939129565625965,0.75943104181451,0.939521200444157,0.961965266091267,"cogn_se_lv"
"6920","MSRA","Exc L5/6 IT Car3",-0.0110501703048683,9.33483165942708,0.978697326215264,0.323160774389261,0.696073382484357,0.756197096032735,"cogn_se_lv"
"6921","AC104964.1","Exc L5/6 IT Car3",0.00149973857001014,5.40562385507458,0.00854772761754628,0.926386945248849,0.991453065881766,0.995563997411453,"cogn_se_lv"
"6922","PRSS51","Exc L5/6 IT Car3",-0.014617898204265,3.35512867266533,0.188690826796584,0.664259190453516,0.894125699201666,0.930131043563427,"cogn_se_lv"
"6923","AC104964.4","Exc L5/6 IT Car3",0.000618042916288404,3.60424780907186,0.000705624474759588,0.978821991698404,0.998390354534415,0.999705838266784,"cogn_se_lv"
"6924","PRSS55","Exc L5/6 IT Car3",0.0694577950446495,2.45157107694485,1.7101263503806,0.191772941892349,0.579302759545118,0.633239383585415,"cogn_se_lv"
"6925","SOX7","Exc L5/6 IT Car3",-0.00304811797803725,2.00851163961853,0.00590967241418749,0.938764611228791,0.994539668727838,0.997345549649285,"cogn_se_lv"
"6926","PINX1","Exc L5/6 IT Car3",-0.0309496681560938,3.37517963999538,1.6280651201661,0.202763416041718,0.589852164542185,0.645106369737063,"cogn_se_lv"
"6927","AC105001.1","Exc L5/6 IT Car3",0.054997800934826,1.57889567151325,0.92838357164871,0.3359064149142,0.705940150966754,0.764907342286152,"cogn_se_lv"
"6928","XKR6","Exc L5/6 IT Car3",0.0225152376812019,8.82723014170098,2.33242132459035,0.127550628770309,0.497214837075747,0.546630719241855,"cogn_se_lv"
"6929","MTMR9","Exc L5/6 IT Car3",-0.000747640667945423,5.90623523554872,0.00532565538693453,0.941863395977663,0.994645381072493,0.997626386519645,"cogn_se_lv"
"6930","NEIL2","Exc L5/6 IT Car3",-0.00867721094071815,3.58722544125933,0.149273092248965,0.935791403804601,0.993709356555082,0.996925673101849,"cogn_se_lv"
"6931","FDFT1","Exc L5/6 IT Car3",-0.0180762516708176,6.32560778406283,1.31339013058299,0.252515138380732,0.635486001246527,0.697133897194604,"cogn_se_lv"
"6932","AC069185.1","Exc L5/6 IT Car3",0.0284635281531702,1.7889940195137,0.33287974065326,0.564315703176098,0.844991114212896,0.888417191327339,"cogn_se_lv"
"6933","CTSB","Exc L5/6 IT Car3",-0.0166305148117074,6.05186929739423,0.944265300158201,0.331811902445806,0.701569773750402,0.761882255105496,"cogn_se_lv"
"6934","FAM66D","Exc L5/6 IT Car3",0.0547132212727937,7.12349514592856,6.62992895981595,0.0104119224886527,0.210012433945433,0.195179538849591,"cogn_se_lv"
"6935","AC145124.1","Exc L5/6 IT Car3",0.095942592769671,3.01194133641294,7.86643710073355,0.00529921304250786,0.158667098685206,0.143050081923857,"cogn_se_lv"
"6936","FAM66A","Exc L5/6 IT Car3",0.0502143143043016,4.50135079505548,1.6673436745295,0.197412905980466,0.585188091611099,0.639483881985251,"cogn_se_lv"
"6937","LONRF1","Exc L5/6 IT Car3",0.0106711851653,6.02157596806103,0.818907716298901,0.366082787687927,0.728149959336533,0.785447093101906,"cogn_se_lv"
"6938","TRMT9B","Exc L5/6 IT Car3",0.075255053252751,2.54476156306133,2.86677204084716,0.0912594934274492,0.441871247275088,0.482350892432477,"cogn_se_lv"
"6939","DLC1","Exc L5/6 IT Car3",0.0314399675359364,6.72754916624878,1.07183343578643,0.301201200746429,0.678856430358464,0.739496551821782,"cogn_se_lv"
"6940","SGCZ","Exc L5/6 IT Car3",0.0272234352442314,9.43913884306622,2.17795452147003,0.140842545511608,0.515522415889928,0.56738816282335,"cogn_se_lv"
"6941","TUSC3","Exc L5/6 IT Car3",-0.0211286280881508,7.17044804979075,4.94830190639539,0.026713100903954,0.294314224410383,0.292889937799945,"cogn_se_lv"
"6942","MSR1","Exc L5/6 IT Car3",0.0456493809787452,1.50096634263903,0.766643132912904,0.381819996788535,0.740402552467578,0.796651204627768,"cogn_se_lv"
"6943","MICU3","Exc L5/6 IT Car3",-0.000203024360147092,7.48665840109285,0.000505789852456982,0.982069274822408,0.998390354534415,0.999870711362408,"cogn_se_lv"
"6944","AC079193.2","Exc L5/6 IT Car3",0.0436484325789399,2.28386221335279,1.37502121063714,0.24169802919688,0.626926875142483,0.686126060267596,"cogn_se_lv"
"6945","ZDHHC2","Exc L5/6 IT Car3",0.00260311151885527,5.17787812652882,0.0272178474168508,0.869050253855322,0.97742250279017,0.987215819779565,"cogn_se_lv"
"6946","CNOT7","Exc L5/6 IT Car3",-0.0294980358001005,5.40809572303814,4.6259148935055,0.0321332378163589,0.308888525917404,0.316568569480325,"cogn_se_lv"
"6947","VPS37A","Exc L5/6 IT Car3",0.015417471853075,5.39056448792336,1.72182251381025,0.190264083618094,0.578059906526485,0.631735037207989,"cogn_se_lv"
"6948","MTMR7","Exc L5/6 IT Car3",0.0258801445016527,6.33836571159452,4.1084964189348,0.0433778500381613,0.34043095975895,0.358828076062857,"cogn_se_lv"
"6949","SLC7A2","Exc L5/6 IT Car3",-0.107634080147698,2.30879206393842,4.52425848143336,0.0340721150131008,0.31272011827279,0.324561898702473,"cogn_se_lv"
"6950","PDGFRL","Exc L5/6 IT Car3",-0.0156983855967839,1.6017661255601,0.0744306075457297,0.785142492615516,0.949799006551862,0.968626564296764,"cogn_se_lv"
"6951","MTUS1","Exc L5/6 IT Car3",-0.0262052079915218,3.3901976357675,1.03014010916593,0.310782474306681,0.686218404530822,0.747533091609157,"cogn_se_lv"
"6952","PCM1","Exc L5/6 IT Car3",-0.000511382413340754,7.67028636934924,0.00375607871486339,0.951163524297884,0.995403688218716,0.99782855079355,"cogn_se_lv"
"6953","ASAH1","Exc L5/6 IT Car3",0.00166689796631632,5.3165684947765,0.0143729827930479,0.904636795445804,0.987810604126722,0.992805636715831,"cogn_se_lv"
"6954","AC124242.1","Exc L5/6 IT Car3",0.0154474557311251,2.24290470483943,0.19868629848344,0.656041466745338,0.889441022970322,0.926988520903379,"cogn_se_lv"
"6955","PSD3","Exc L5/6 IT Car3",-0.0174670488929702,7.60887458532366,1.82682022572205,0.177321201159851,0.563837455754154,0.617066031108943,"cogn_se_lv"
"6956","AC100849.1","Exc L5/6 IT Car3",-0.0136773089282418,1.81398510994168,0.0713519899441354,0.789525718938398,0.950990124008918,0.970041013776039,"cogn_se_lv"
"6957","SH2D4A","Exc L5/6 IT Car3",-0.0430342734919726,2.55125616582623,1.3842133989734,0.240133686174322,0.625749066637086,0.684834805592005,"cogn_se_lv"
"6958","CSGALNACT1","Exc L5/6 IT Car3",0.00578616188059569,9.11354295121674,0.249136715175055,0.617977321388728,0.873592503670942,0.912489851669326,"cogn_se_lv"
"6959","INTS10","Exc L5/6 IT Car3",0.00801382121824042,6.66913257533375,0.909224844245347,0.37148220290914,0.732319136164808,0.789030519608325,"cogn_se_lv"
"6960","ATP6V1B2","Exc L5/6 IT Car3",-0.0193394399636423,6.51776088890758,1.03204277529103,0.310336669322685,0.685742619952766,0.747176165715168,"cogn_se_lv"
"6961","LZTS1","Exc L5/6 IT Car3",0.0154838578054331,4.99139296747553,0.592770489730875,0.44183622031791,0.777868344155692,0.830687233043847,"cogn_se_lv"
"6962","LZTS1-AS1","Exc L5/6 IT Car3",0.110154573279755,1.94213976635309,3.94563377830599,0.0477232663071447,0.352936601858221,0.371812992436432,"cogn_se_lv"
"6963","GFRA2","Exc L5/6 IT Car3",-0.0185886805210874,3.18661621763208,0.214951825663612,0.64318353078463,0.885447193796969,0.922230491595812,"cogn_se_lv"
"6964","XPO7","Exc L5/6 IT Car3",0.00523098859514943,6.16370711263105,0.226833320356142,0.894556491019445,0.9857013440361,0.991250356580458,"cogn_se_lv"
"6965","NPM2","Exc L5/6 IT Car3",0.0105851761544996,5.35925358306165,0.604200598630252,0.437471589285811,0.775649107158531,0.827996855570084,"cogn_se_lv"
"6966","FGF17","Exc L5/6 IT Car3",-0.0273813058319051,4.33714528925584,1.33167297350402,0.249245329529721,0.633297939815486,0.693765905581751,"cogn_se_lv"
"6967","DMTN","Exc L5/6 IT Car3",-0.0250848775227007,6.97606811099609,3.46145999837143,0.0636001776106964,0.388692667696058,0.419129055556969,"cogn_se_lv"
"6968","FAM160B2","Exc L5/6 IT Car3",0.00532868371335783,4.59961209180183,0.117914959323063,0.731500093855994,0.926338060103987,0.953806411714842,"cogn_se_lv"
"6969","NUDT18","Exc L5/6 IT Car3",0.033526410217997,1.8877725591069,0.490628223911001,0.484083087769612,0.802736924237929,0.851287336356031,"cogn_se_lv"
"6970","HR","Exc L5/6 IT Car3",-0.0151147191687458,2.95548190928208,0.240740750600533,0.623959613517323,0.875827296068406,0.914892814197949,"cogn_se_lv"
"6971","LGI3","Exc L5/6 IT Car3",-0.0386260705371064,5.34696667554475,3.8062636746461,0.0518082695336398,0.36029338821632,0.38460180847454,"cogn_se_lv"
"6972","SFTPC","Exc L5/6 IT Car3",-0.0139084634556717,2.3636170465887,0.155585977956425,0.693478370675223,0.906072852083511,0.940736523538007,"cogn_se_lv"
"6973","BMP1","Exc L5/6 IT Car3",-0.0328944885534841,3.1625503158065,1.66981142459146,0.197082338870054,0.584763381151275,0.639032930221645,"cogn_se_lv"
"6974","PHYHIP","Exc L5/6 IT Car3",-0.0220426247321073,7.7378989257804,1.10730620549098,0.293348255370316,0.672320126604493,0.732423180559108,"cogn_se_lv"
"6975","POLR3D","Exc L5/6 IT Car3",-0.00217459499053112,2.89746657357394,0.00779155079945648,0.929709557720095,0.991814175882228,0.995925713518617,"cogn_se_lv"
"6976","AC105206.2","Exc L5/6 IT Car3",0.00434626885800074,1.63815574053739,0.00863750351363089,0.926002488735619,0.991453065881766,0.995504459089174,"cogn_se_lv"
"6977","PIWIL2","Exc L5/6 IT Car3",0.0815368502255021,2.13223177934524,3.50085270021091,0.062118517719883,0.386264237458181,0.414890303972366,"cogn_se_lv"
"6978","SLC39A14","Exc L5/6 IT Car3",0.0107302120384015,5.60450291569047,0.549990778955892,0.458787298630519,0.788028655907772,0.839618221684467,"cogn_se_lv"
"6979","PPP3CC","Exc L5/6 IT Car3",0.0210205940977159,6.54947568860103,5.75244658237213,0.0169553001542879,0.246943376534784,0.241058012048914,"cogn_se_lv"
"6980","SORBS3","Exc L5/6 IT Car3",-0.0286481005468925,2.96849200716998,0.950810501316992,0.330143884481458,0.700406022244585,0.760877438267723,"cogn_se_lv"
"6981","CCAR2","Exc L5/6 IT Car3",0.00927599571049459,4.33296304092678,0.256805622184405,0.61262216748166,0.870970453352678,0.910364557913013,"cogn_se_lv"
"6982","BIN3","Exc L5/6 IT Car3",-0.00127289563144563,5.6018931141011,0.00910841354044888,0.92401808600969,0.991029770627074,0.995245789241456,"cogn_se_lv"
"6983","EGR3","Exc L5/6 IT Car3",-0.0546116354272225,4.74157100113045,2.66544881479521,0.10339122049591,0.462824573424099,0.504272233298477,"cogn_se_lv"
"6984","PEBP4","Exc L5/6 IT Car3",0.0919133840936084,4.22573872988813,10.6936948661771,0.00117485690022988,0.08662109232943,0.0697851012344882,"cogn_se_lv"
"6985","RHOBTB2","Exc L5/6 IT Car3",0.0364087354865191,5.77809134398534,8.26896872375728,0.00426385075366935,0.144284716019211,0.128095233329252,"cogn_se_lv"
"6986","CHMP7","Exc L5/6 IT Car3",-0.0251702102490819,3.93856432325484,2.06662908210815,0.151390824344029,0.530850942505038,0.582992939077336,"cogn_se_lv"
"6987","R3HCC1","Exc L5/6 IT Car3",0.030916533118127,3.32788929820816,1.55616503361727,0.213008840327906,0.600783399440157,0.656966533034205,"cogn_se_lv"
"6988","LOXL2","Exc L5/6 IT Car3",0.0543655757210455,3.55379727434734,4.8340468933875,0.0285154538357458,0.298467500217356,0.300785073927344,"cogn_se_lv"
"6989","ENTPD4","Exc L5/6 IT Car3",0.0184845749805482,5.17987582252865,2.472913815076,0.116669319757068,0.484673610970226,0.528674285992353,"cogn_se_lv"
"6990","SLC25A37","Exc L5/6 IT Car3",0.0339877617593204,6.25786937729558,8.64138029197651,0.00349037498280482,0.132529156309283,0.116613436658122,"cogn_se_lv"
"6991","AC120193.1","Exc L5/6 IT Car3",0.0227682125346492,7.14961544282729,0.840924488595642,0.359723957800112,0.723963869562406,0.780871039657722,"cogn_se_lv"
"6992","AF106564.1","Exc L5/6 IT Car3",-0.0180837011129823,3.5008286081552,0.537124128753483,0.464086513357761,0.79119444669795,0.842072728673938,"cogn_se_lv"
"6993","NEFM","Exc L5/6 IT Car3",-0.0443949411620794,5.5164548230946,2.86746126730474,0.0912207329718233,0.441871247275088,0.482231164219932,"cogn_se_lv"
"6994","NEFL","Exc L5/6 IT Car3",-0.038645812525859,6.68117223393536,1.97401564090028,0.160853026843862,0.544072106181766,0.595898659154151,"cogn_se_lv"
"6995","AC107373.2","Exc L5/6 IT Car3",0.00747674245622448,1.83813119355232,0.0239384499992397,0.877125158680535,0.980176519526809,0.988507143354343,"cogn_se_lv"
"6996","DOCK5","Exc L5/6 IT Car3",0.00747833827965025,2.31451657273633,0.0320753305631605,0.857959491506262,0.973716475920048,0.985156698229816,"cogn_se_lv"
"6997","KCTD9","Exc L5/6 IT Car3",-0.00645485837551587,3.59877563163946,0.1019309414688,0.749703022415148,0.934362277179534,0.95910854917224,"cogn_se_lv"
"6998","PPP2R2A","Exc L5/6 IT Car3",-0.00609079608840688,7.1329583170642,0.391415849981136,0.531938020743956,0.826671325785064,0.87368530512014,"cogn_se_lv"
"6999","BNIP3L","Exc L5/6 IT Car3",-0.0103499065765765,7.628307143704,0.507998813230865,0.476451260417307,0.798533886143289,0.847922863461825,"cogn_se_lv"
"7000","PNMA2","Exc L5/6 IT Car3",-0.0349027240494351,6.8590686829546,4.26071640366157,0.0396932409551937,0.329669654803985,0.345822108776502,"cogn_se_lv"
"7001","DPYSL2","Exc L5/6 IT Car3",0.00758442343530215,8.16339829165567,0.569824475201989,0.450804160564197,0.783409669273148,0.834998990878494,"cogn_se_lv"
"7002","ADRA1A","Exc L5/6 IT Car3",0.0253053640180857,1.38470182092105,0.201720031137434,0.653596422687892,0.888556645135312,0.925785884056609,"cogn_se_lv"
"7003","STMN4","Exc L5/6 IT Car3",-0.062217885262515,6.0207069664425,7.88285047042495,0.00525233322726468,0.157877750717976,0.14245898058856,"cogn_se_lv"
"7004","TRIM35","Exc L5/6 IT Car3",0.0494841202595997,3.72657710458903,6.74844696160467,0.009753873069241,0.204234158551863,0.18943920980528,"cogn_se_lv"
"7005","PTK2B","Exc L5/6 IT Car3",-0.0272960856102549,7.4150878367767,3.14564605398433,0.0769442242564063,0.418512845959591,0.452372199835828,"cogn_se_lv"
"7006","EPHX2","Exc L5/6 IT Car3",0.0541778513253385,2.35529753461852,2.31009615845833,0.129381751012224,0.499726372098624,0.550228965304892,"cogn_se_lv"
"7007","CLU","Exc L5/6 IT Car3",-0.0778662301840268,7.40020329782308,5.1393439581861,0.0239602825568078,0.286933798249348,0.281266142104953,"cogn_se_lv"
"7008","SCARA3","Exc L5/6 IT Car3",-0.0379915888367946,2.93938901866705,1.35777757961185,0.244666300541259,0.629983999553284,0.689053444519008,"cogn_se_lv"
"7009","CCDC25","Exc L5/6 IT Car3",0.0011606234716437,4.84242002975187,0.0057251163960336,0.939726512677699,0.994539668727838,0.997362934282003,"cogn_se_lv"
"7010","AC013643.2","Exc L5/6 IT Car3",-0.0462048862934766,2.17355903129569,1.1870531338168,0.276626899202038,0.659258284532825,0.718963361671348,"cogn_se_lv"
"7011","ELP3","Exc L5/6 IT Car3",0.00764585659264661,5.60081455423464,0.453971028456876,0.696376981029299,0.907933051341995,0.941729018095406,"cogn_se_lv"
"7012","AC021678.2","Exc L5/6 IT Car3",-0.0155118301258043,1.26103121756601,0.0767499147673147,0.781904306277596,0.949157991908097,0.968029544933226,"cogn_se_lv"
"7013","ZNF395","Exc L5/6 IT Car3",-0.00544151105043702,3.27444554606436,0.0480485228022839,0.82661414420006,0.964853369680616,0.978619488525224,"cogn_se_lv"
"7014","FBXO16","Exc L5/6 IT Car3",0.033545281580726,6.5782702828897,5.73714546591523,0.0171013224680586,0.247824249325256,0.241865190226322,"cogn_se_lv"
"7015","AC025871.1","Exc L5/6 IT Car3",0.0688043090347951,2.4318994315123,2.47608080247996,0.116436226198087,0.484635963568118,0.528149933573968,"cogn_se_lv"
"7016","FZD3","Exc L5/6 IT Car3",0.00677047970130503,7.32712351948631,0.385558184252975,0.535022054916551,0.827599804634931,0.875332053809648,"cogn_se_lv"
"7017","EXTL3","Exc L5/6 IT Car3",-0.00306043309517918,4.52978987208159,0.0354786375370024,0.850698475340121,0.971725362044465,0.983541534992607,"cogn_se_lv"
"7018","INTS9","Exc L5/6 IT Car3",0.00617233314316785,5.05994587206034,0.19605323768234,0.793009856496575,0.952216125954876,0.971134943186708,"cogn_se_lv"
"7019","HMBOX1","Exc L5/6 IT Car3",-0.00765334796266662,6.73408788217535,0.465325729402354,0.495568056607489,0.80979524594201,0.856934006489855,"cogn_se_lv"
"7020","KIF13B","Exc L5/6 IT Car3",-0.0457813538386042,5.28636238245249,7.66285133172956,0.00591763717739068,0.165486109247852,0.150923813551599,"cogn_se_lv"
"7021","SARAF","Exc L5/6 IT Car3",-0.0437440797479934,7.51897122500167,4.6907651264223,0.0309570892938308,0.304222598957164,0.311359778998627,"cogn_se_lv"
"7022","LEPROTL1","Exc L5/6 IT Car3",-0.00113670765674788,4.86302657547643,0.00788933103987535,0.929271031646334,0.9917809415421,0.995925713518617,"cogn_se_lv"
"7023","AC026979.2","Exc L5/6 IT Car3",-0.0320190694726422,2.08763509618436,0.636510873711245,0.42548378757643,0.770466583221703,0.822071500154493,"cogn_se_lv"
"7024","DCTN6","Exc L5/6 IT Car3",-0.0168679192805986,4.10856613725453,0.50396602250252,0.478205409539942,0.799547311799968,0.848658039434017,"cogn_se_lv"
"7025","RBPMS","Exc L5/6 IT Car3",0.0818190106911536,2.62110770326515,3.50007996156432,0.0621472246054563,0.386286666671233,0.414907554293266,"cogn_se_lv"
"7026","GTF2E2","Exc L5/6 IT Car3",0.0057806375341265,5.16198719773448,0.164637871648319,0.685154178800261,0.901848749589734,0.937825111993856,"cogn_se_lv"
"7027","SMIM18","Exc L5/6 IT Car3",0.0496794443567634,1.76582247427704,1.0001023652936,0.31793288331687,0.692610005425267,0.75288724778932,"cogn_se_lv"
"7028","GSR","Exc L5/6 IT Car3",0.00688952873795906,4.73246968165345,0.181961145296663,0.669938891305537,0.896717017849796,0.932039253478488,"cogn_se_lv"
"7029","UBXN8","Exc L5/6 IT Car3",0.00261743944501141,2.81135083020423,0.00915990552413143,0.923804271817329,0.991029770627074,0.995184500954322,"cogn_se_lv"
"7030","PPP2CB","Exc L5/6 IT Car3",0.00396348095354919,5.8862487442925,0.0821514643866321,0.774561561427948,0.945176236681209,0.965862904646413,"cogn_se_lv"
"7031","TEX15","Exc L5/6 IT Car3",0.0738314502411604,2.41054255035275,2.57237106632039,0.10958946979581,0.47229961919841,0.515621662844115,"cogn_se_lv"
"7032","PURG","Exc L5/6 IT Car3",-0.033780621482703,6.03728732360922,5.98211353790066,0.0149122142057364,0.235797121397355,0.228380589168503,"cogn_se_lv"
"7033","WRN","Exc L5/6 IT Car3",0.0266697005658657,6.33526106499155,3.57922478060859,0.0592793703167983,0.38000840341902,0.407396759402181,"cogn_se_lv"
"7034","NRG1","Exc L5/6 IT Car3",-0.01175335871354,11.4579955256851,0.612489737953524,0.434347585998464,0.773613831177909,0.826378535571671,"cogn_se_lv"
"7035","FUT10","Exc L5/6 IT Car3",0.0560963880071887,4.43690711580791,8.09568619658654,0.00468149463035621,0.149477598259714,0.134069739112894,"cogn_se_lv"
"7036","TTI2","Exc L5/6 IT Car3",-0.00353913688510973,4.16866969344129,0.0439266344375992,0.929414958765446,0.991814175882228,0.995925713518617,"cogn_se_lv"
"7037","MAK16","Exc L5/6 IT Car3",-0.0189350796040002,2.86155708921969,0.531697258288041,0.466350950093586,0.791916707706089,0.843095284383663,"cogn_se_lv"
"7038","DUSP26","Exc L5/6 IT Car3",-0.0433383779520592,5.04544052138992,6.09981515182253,0.0139656173587543,0.230144135677814,0.221680109686653,"cogn_se_lv"
"7039","AF279873.3","Exc L5/6 IT Car3",-0.0253762263839234,2.93476213283369,0.559655763117653,0.454869535035678,0.785830916739233,0.837390149913945,"cogn_se_lv"
"7040","UNC5D","Exc L5/6 IT Car3",0.0114141547930941,10.219434323018,0.846620161000179,0.358103838737005,0.722480441660001,0.780031259319306,"cogn_se_lv"
"7041","AC100818.1","Exc L5/6 IT Car3",0.0178567313031603,1.57573521171551,0.0880163075035413,0.766879150694979,0.942146573736388,0.963752172847166,"cogn_se_lv"
"7042","LINC01605","Exc L5/6 IT Car3",0.0139973870874594,3.71617898965599,0.186610839830571,0.66600163962755,0.894623771475196,0.930805713543491,"cogn_se_lv"
"7043","AC137579.1","Exc L5/6 IT Car3",0.0249388849037323,1.24905475035076,0.102041849901186,0.749571466411719,0.934362277179534,0.95910854917224,"cogn_se_lv"
"7044","ERLIN2","Exc L5/6 IT Car3",0.00220980479255912,2.88333689028684,0.00837069724361347,0.927151073961661,0.991538479686899,0.995639170360381,"cogn_se_lv"
"7045","PLPBP","Exc L5/6 IT Car3",0.0157264631091577,4.22090620275407,0.651666915161127,0.420030875604954,0.766999902178481,0.819009937504145,"cogn_se_lv"
"7046","ADGRA2","Exc L5/6 IT Car3",0.0364814064242161,3.46814355078553,2.25803506504005,0.13376722325915,0.504976930664488,0.556683569470583,"cogn_se_lv"
"7047","BRF2","Exc L5/6 IT Car3",0.0172621878595958,2.72321422223024,0.329320950808661,0.796188273682905,0.953188140691562,0.971929747648122,"cogn_se_lv"
"7048","RAB11FIP1","Exc L5/6 IT Car3",0.0579599637968481,3.25824509175864,5.03072457263742,0.0254870355317646,0.290028951004157,0.287419067162387,"cogn_se_lv"
"7049","ASH2L","Exc L5/6 IT Car3",0.00774116058203847,5.01664055987275,0.354343977372935,0.552024668211637,0.838332311404883,0.883127370932067,"cogn_se_lv"
"7050","STAR","Exc L5/6 IT Car3",-0.0495738880422406,1.9523254961167,1.65363881793042,0.199260656721647,0.586514030126452,0.641574179687026,"cogn_se_lv"
"7051","LSM1","Exc L5/6 IT Car3",-0.0199995213849512,3.92278272576896,0.679861614550089,0.410160385006538,0.760981036049017,0.813365445364205,"cogn_se_lv"
"7052","BAG4","Exc L5/6 IT Car3",-0.0157636438777333,6.05074700277347,1.56962186373141,0.211045372023739,0.598585727280052,0.65469181253066,"cogn_se_lv"
"7053","DDHD2","Exc L5/6 IT Car3",0.0139947900550806,6.13229983966134,1.19267677668589,0.275493890238373,0.65788752560578,0.718035207472152,"cogn_se_lv"
"7054","PLPP5","Exc L5/6 IT Car3",-0.0206179037564817,3.4646987632977,1.05981503559076,0.303923257332756,0.680863145437528,0.741848358407716,"cogn_se_lv"
"7055","NSD3","Exc L5/6 IT Car3",-0.0111307678554174,8.26269790846663,3.14172745878558,0.0771276345938707,0.418925996528281,0.452932979445714,"cogn_se_lv"
"7056","LETM2","Exc L5/6 IT Car3",-0.0176301543664828,2.94434924190894,0.455863188512757,0.583613392943686,0.855777482563133,0.897593815633016,"cogn_se_lv"
"7057","FGFR1","Exc L5/6 IT Car3",-0.0404026143775425,2.80851770352983,0.654662613883511,0.418965461660086,0.766240721534167,0.818465139203106,"cogn_se_lv"
"7058","AC069120.1","Exc L5/6 IT Car3",-0.0371338198867634,2.82055487972496,1.02031963494973,0.313096818385688,0.687874380436222,0.749390228241882,"cogn_se_lv"
"7059","TACC1","Exc L5/6 IT Car3",0.0147099507045349,8.21272946848901,2.47022822068463,0.116867387714277,0.485187239525957,0.528994712671902,"cogn_se_lv"
"7060","AC067817.2","Exc L5/6 IT Car3",-0.0181261939245404,1.29015122234524,0.0901832776238795,0.764111282693455,0.941167215918009,0.96316272577422,"cogn_se_lv"
"7061","PLEKHA2","Exc L5/6 IT Car3",-0.0184691655556725,5.76797252016433,1.68205812766152,0.195451430047661,0.583510670889138,0.637407300922418,"cogn_se_lv"
"7062","TM2D2","Exc L5/6 IT Car3",0.016501802879628,3.37493685238897,0.291878456097954,0.589341119601148,0.858759934902261,0.90041118574061,"cogn_se_lv"
"7063","ADAM9","Exc L5/6 IT Car3",-0.0135422005012858,5.78339686744079,1.07242011840387,0.301069131559085,0.678794892278687,0.739377193661364,"cogn_se_lv"
"7064","ADAM32","Exc L5/6 IT Car3",0.0109670947617749,4.80658333391553,0.112800316129501,0.737166762034452,0.929479740855657,0.955431697767139,"cogn_se_lv"
"7065","IDO1","Exc L5/6 IT Car3",-0.126385404452887,1.28075282114891,5.6496119675864,0.0179621113222582,0.254311769318817,0.247195860725612,"cogn_se_lv"
"7066","AC007991.3","Exc L5/6 IT Car3",0.0803313533951386,1.29280420975723,1.91315202098944,0.167439400044039,0.55333742037315,0.604188974318227,"cogn_se_lv"
"7067","TCIM","Exc L5/6 IT Car3",-0.145356204059908,1.47743371232361,5.06796578901871,0.0249524574211377,0.289187748390133,0.285440999102972,"cogn_se_lv"
"7068","AC105999.1","Exc L5/6 IT Car3",0.0104980980706796,1.4512166159599,0.0361713151211281,0.849265419394162,0.97124175874588,0.98320800719379,"cogn_se_lv"
"7069","ZMAT4","Exc L5/6 IT Car3",0.0316978130427396,5.46811194456231,1.07450495694369,0.300600414850732,0.678408078698151,0.738921939771285,"cogn_se_lv"
"7070","GOLGA7","Exc L5/6 IT Car3",-0.0145935364737005,4.4159929299726,0.902738836110174,0.342662488398511,0.71199432017155,0.769085629427964,"cogn_se_lv"
"7071","AC009630.1","Exc L5/6 IT Car3",0.014879003549124,2.97385261823784,0.333441627471202,0.563987278848441,0.844808706390935,0.888335207823481,"cogn_se_lv"
"7072","GPAT4","Exc L5/6 IT Car3",-0.0195795410259431,4.76742828385228,2.67664854287967,0.102671783192072,0.462266540882911,0.503119887616493,"cogn_se_lv"
"7073","ANK1","Exc L5/6 IT Car3",0.020756281041936,2.40594047127846,0.247658724427304,0.619021206573131,0.873641849271671,0.912741488148277,"cogn_se_lv"
"7074","KAT6A","Exc L5/6 IT Car3",0.0104944672430433,6.37217821346674,0.910180900230372,0.340683162418726,0.710098850655635,0.767668460921,"cogn_se_lv"
"7075","AP3M2","Exc L5/6 IT Car3",-0.00849316206975163,5.44652643163079,0.41751414321823,0.59496224627102,0.861660661980666,0.902779328752148,"cogn_se_lv"
"7076","PLAT","Exc L5/6 IT Car3",0.0653704368909092,2.10020422712806,2.19767892088489,0.139061554922511,0.512544418651555,0.564754225017327,"cogn_se_lv"
"7077","IKBKB","Exc L5/6 IT Car3",0.00239629948102448,5.06658030261368,0.0344202360888645,0.852916434066895,0.972390836323221,0.984170085744785,"cogn_se_lv"
"7078","POLB","Exc L5/6 IT Car3",0.00187706665919184,4.98752783783684,0.0188934565458318,0.967458866545247,0.997819037218037,0.998930305624762,"cogn_se_lv"
"7079","VDAC3","Exc L5/6 IT Car3",-0.0160679408332325,6.52737123879679,0.755614504381368,0.385262433834998,0.743099242601907,0.79861525285406,"cogn_se_lv"
"7080","SLC20A2","Exc L5/6 IT Car3",0.0317264148709325,7.17683257740965,6.94589355143841,0.00875106319165883,0.194904287293241,0.179981256054856,"cogn_se_lv"
"7081","SMIM19","Exc L5/6 IT Car3",-0.000932492358528807,4.70466488073487,0.0023030847106246,0.96174948045248,0.997053628956036,0.998671534701029,"cogn_se_lv"
"7082","CHRNB3","Exc L5/6 IT Car3",-0.0281413479569087,2.37352815612464,0.513589805851744,0.474036637795002,0.796617586335999,0.846782938327683,"cogn_se_lv"
"7083","AC103843.1","Exc L5/6 IT Car3",0.129294391170297,1.6816421283664,2.71593556277431,0.100191228786864,0.456601424646087,0.497955734748248,"cogn_se_lv"
"7084","CHRNA6","Exc L5/6 IT Car3",0.0350677802274804,2.13540486833544,0.982374485932942,0.322254645920716,0.695386848109902,0.755762980749305,"cogn_se_lv"
"7085","THAP1","Exc L5/6 IT Car3",-0.0264804154424732,2.9299676626919,0.85123221676995,0.356799308480424,0.72215560740022,0.77930185663579,"cogn_se_lv"
"7086","RNF170","Exc L5/6 IT Car3",0.0156667715902526,5.88970922067183,2.08056099835737,0.150022974724118,0.528946983047922,0.581183439322701,"cogn_se_lv"
"7087","HOOK3","Exc L5/6 IT Car3",0.00819079803702939,6.77222633617176,0.574011493810081,0.449146746412327,0.782491340544074,0.834200217896007,"cogn_se_lv"
"7088","FNTA","Exc L5/6 IT Car3",-0.000801200629827411,4.18467815988525,0.00250364322953909,0.960120100774961,0.997053628956036,0.998555548513014,"cogn_se_lv"
"7089","POMK","Exc L5/6 IT Car3",0.0173287073278824,3.74729269070084,0.715366595286202,0.398209235737168,0.753580942262327,0.806562127857351,"cogn_se_lv"
"7090","HGSNAT","Exc L5/6 IT Car3",0.0308170825794268,6.73826073910298,2.62312043864911,0.106160752933355,0.468287180351601,0.509982708533525,"cogn_se_lv"
"7091","AC120036.4","Exc L5/6 IT Car3",-0.0648217334584925,2.4563103698448,3.9690497428498,0.0470711291531993,0.350870295564528,0.369205778908286,"cogn_se_lv"
"7092","SPIDR","Exc L5/6 IT Car3",0.00652291022400666,8.36262367414526,0.329661580514292,0.566203878083845,0.845761203893077,0.889083250009163,"cogn_se_lv"
"7093","CEBPD","Exc L5/6 IT Car3",-0.0653913026627024,4.69336163689322,5.86618023397656,0.0159095991267949,0.241827745229798,0.235057702188209,"cogn_se_lv"
"7094","PRKDC","Exc L5/6 IT Car3",0.00193156774424349,6.95426807817607,0.0442764664245383,0.833454777700457,0.966446547282248,0.980097497109394,"cogn_se_lv"
"7095","MCM4","Exc L5/6 IT Car3",0.0391413601711314,3.50773249665478,2.58577786767392,0.10867197019393,0.471062624611416,0.514038089691708,"cogn_se_lv"
"7096","UBE2V2","Exc L5/6 IT Car3",-0.0113977167013818,5.95824517997829,0.574002253134836,0.449150393808942,0.782491340544074,0.834200217896007,"cogn_se_lv"
"7097","AC022915.2","Exc L5/6 IT Car3",0.0174844003552715,2.21217481570458,0.134767981376808,0.71374657418883,0.917720991268221,0.947903663062895,"cogn_se_lv"
"7098","EFCAB1","Exc L5/6 IT Car3",-0.0782328558708003,2.36308623064536,3.24494200990195,0.0724502314191472,0.411675203510907,0.441350148837359,"cogn_se_lv"
"7099","SNTG1","Exc L5/6 IT Car3",-0.0264576427068636,10.2842392270303,3.06558791495843,0.0807867872473038,0.42361453347053,0.460919901101267,"cogn_se_lv"
"7100","PXDNL","Exc L5/6 IT Car3",0.0265844060913836,4.72285066727005,1.831208660499,0.176802921725727,0.563465498502014,0.616498639299179,"cogn_se_lv"
"7101","PCMTD1","Exc L5/6 IT Car3",0.0315821400058036,7.48942909343266,7.96930780016692,0.00501231160267394,0.155260337584718,0.13898336323238,"cogn_se_lv"
"7102","AC064807.1","Exc L5/6 IT Car3",0.0337783800029216,3.40681006859653,1.39056598469859,0.239059803442008,0.625336331463151,0.683986753122282,"cogn_se_lv"
"7103","ST18","Exc L5/6 IT Car3",-0.0549888258560631,2.57155758106508,1.0944752052309,0.296158014801765,0.674241397603426,0.734650033404729,"cogn_se_lv"
"7104","RB1CC1","Exc L5/6 IT Car3",0.00714242623957733,7.02784397324271,0.530613465185883,0.466805299245381,0.79216380586464,0.843524833306424,"cogn_se_lv"
"7105","AC009646.2","Exc L5/6 IT Car3",-0.038654943578041,3.32083203715995,0.826854484926233,0.363769784574166,0.727161502689981,0.783923380967824,"cogn_se_lv"
"7106","OPRK1","Exc L5/6 IT Car3",-0.0446804477177204,5.72132815150768,9.3454022530449,0.00239629409992775,0.114530950925118,0.0968122219561902,"cogn_se_lv"
"7107","ATP6V1H","Exc L5/6 IT Car3",-0.0177056979166307,8.58442440658595,3.45901460092514,0.0636933937534653,0.388692667696058,0.419324661428312,"cogn_se_lv"
"7108","RGS20","Exc L5/6 IT Car3",0.00270365120678343,4.96619138909745,0.0114923215806173,0.914686065661344,0.989073227776396,0.994126167335106,"cogn_se_lv"
"7109","TCEA1","Exc L5/6 IT Car3",-0.00860774734986203,4.99093348212553,0.46903965606875,0.493853881185628,0.808554386324129,0.856228855102458,"cogn_se_lv"
"7110","LYPLA1","Exc L5/6 IT Car3",0.0235430513774729,5.01986716363117,3.36988242893975,0.0671929522214515,0.39725488026192,0.427831894876414,"cogn_se_lv"
"7111","MRPL15","Exc L5/6 IT Car3",0.00622707802937909,3.83271486971295,0.082139146505081,0.774578004416807,0.945176236681209,0.965862904646413,"cogn_se_lv"
"7112","RP1","Exc L5/6 IT Car3",0.0351897812357228,1.60547346105821,0.407988573449305,0.523383494942735,0.82217739993556,0.870099356560406,"cogn_se_lv"
"7113","XKR4","Exc L5/6 IT Car3",0.00989696426071417,7.76575693308261,0.49230366855273,0.483338240320759,0.802169611459778,0.850762796366719,"cogn_se_lv"
"7114","TMEM68","Exc L5/6 IT Car3",0.00420761781687332,4.57883134810385,0.0862453462550266,0.769168857936557,0.942860274175954,0.964418127860612,"cogn_se_lv"
"7115","TGS1","Exc L5/6 IT Car3",-0.0189498719262081,5.42676551132338,2.44026826019266,0.119102471602878,0.489465049417691,0.533692901049649,"cogn_se_lv"
"7116","RPS20","Exc L5/6 IT Car3",-0.0618947462450799,5.72875830189925,3.64075064236509,0.0571476491055339,0.376660522370093,0.401485285132853,"cogn_se_lv"
"7117","PLAG1","Exc L5/6 IT Car3",0.0225282710995208,3.9703822427693,0.988701310103684,0.320703428596448,0.693607301690158,0.754594819868497,"cogn_se_lv"
"7118","CHCHD7","Exc L5/6 IT Car3",0.0370324435057694,3.52954548018315,2.20020117662709,0.138835645884469,0.512457910809955,0.564467709580818,"cogn_se_lv"
"7119","AC107952.2","Exc L5/6 IT Car3",0.00538979506405229,2.00154221828434,0.0161488175063659,0.898947018925633,0.986715578313859,0.992241487865513,"cogn_se_lv"
"7120","SDR16C5","Exc L5/6 IT Car3",0.0151184128747663,2.69932217323273,0.29610425526119,0.63775711026373,0.883276385755741,0.920569809384177,"cogn_se_lv"
"7121","IMPAD1","Exc L5/6 IT Car3",-0.0187761904511604,4.78162364770826,1.94262685720317,0.164211917269365,0.548918508635315,0.600196259153651,"cogn_se_lv"
"7122","FAM110B","Exc L5/6 IT Car3",-0.014636316640288,6.76484742843949,1.05601837067608,0.304789786899914,0.68139378564638,0.742417107090803,"cogn_se_lv"
"7123","AC027698.1","Exc L5/6 IT Car3",0.0369185447188352,2.31909507199906,0.578934555513201,0.44721010609425,0.781221740384848,0.833427528414953,"cogn_se_lv"
"7124","UBXN2B","Exc L5/6 IT Car3",0.0108316474418701,6.22196176686247,0.974793337431564,0.436945131315335,0.775615406106459,0.827703956098216,"cogn_se_lv"
"7125","SDCBP","Exc L5/6 IT Car3",-0.0464708342250935,4.89420704875618,4.56736117586907,0.03323544994202,0.310705456345645,0.321362593435875,"cogn_se_lv"
"7126","NSMAF","Exc L5/6 IT Car3",-0.00513384579235738,6.49781577244783,0.246974854145304,0.619505531139897,0.873687478415488,0.912950704459135,"cogn_se_lv"
"7127","TOX","Exc L5/6 IT Car3",-0.034747414328996,5.10985260264518,0.620697330995404,0.431287734943108,0.773513371492185,0.824968644330833,"cogn_se_lv"
"7128","CA8","Exc L5/6 IT Car3",-0.0500855917198442,2.67870348079445,1.18258232460518,0.277531839665136,0.65984296042349,0.719741226726449,"cogn_se_lv"
"7129","LINC01301","Exc L5/6 IT Car3",0.0657678933987631,4.70820731366187,10.4203269237084,0.00135653439376787,0.0923637139264533,0.0747002145427228,"cogn_se_lv"
"7130","RAB2A","Exc L5/6 IT Car3",-0.0208746286104677,7.20249011511627,6.47411471153451,0.0113473031434309,0.214164403886737,0.202445896427228,"cogn_se_lv"
"7131","CHD7","Exc L5/6 IT Car3",-0.064485960511948,1.65352676334051,1.21858951318913,0.27034798723407,0.653471889984662,0.713578530578942,"cogn_se_lv"
"7132","CLVS1","Exc L5/6 IT Car3",-0.00473959984084761,6.35738362682927,0.100680518280638,0.75119172381858,0.935496747518331,0.959692305777193,"cogn_se_lv"
"7133","ASPH","Exc L5/6 IT Car3",-0.00696180842761863,6.26758612782264,0.414688756574151,0.519994270132602,0.820971047083305,0.868599671087134,"cogn_se_lv"
"7134","NKAIN3","Exc L5/6 IT Car3",-0.0161863731289363,5.96582771723749,0.269376631769715,0.604057480712987,0.867124767108747,0.906456990680801,"cogn_se_lv"
"7135","GGH","Exc L5/6 IT Car3",0.00458294096783647,3.13404350584519,0.0330909718456966,0.855752590636101,0.973040201275245,0.984658410773017,"cogn_se_lv"
"7136","YTHDF3","Exc L5/6 IT Car3",0.00436657486146494,5.51331239194896,0.177813142795403,0.673501839526004,0.898274834067528,0.933541280206037,"cogn_se_lv"
"7137","AC022639.1","Exc L5/6 IT Car3",-0.00592141607972232,5.71625096337433,0.11815994921329,0.731232138910836,0.926227375953726,0.953668772407638,"cogn_se_lv"
"7138","MIR124-2HG","Exc L5/6 IT Car3",0.00312309744764949,6.57300835215078,0.0640793048379067,0.800300080463483,0.954925844797372,0.972994746357176,"cogn_se_lv"
"7139","CYP7B1","Exc L5/6 IT Car3",0.0091128398189871,3.82989317530575,0.0921230604907264,0.761664197600672,0.940697674408823,0.96244634513051,"cogn_se_lv"
"7140","AC100814.1","Exc L5/6 IT Car3",0.00286502292685156,2.20802401415912,0.006355431239416,0.936501865975037,0.993953603292087,0.997104872669081,"cogn_se_lv"
"7141","ARMC1","Exc L5/6 IT Car3",-0.000797495237339976,5.15936829914747,0.00454767732362361,0.946270305025051,0.994804925328349,0.997626386519645,"cogn_se_lv"
"7142","MTFR1","Exc L5/6 IT Car3",0.00145952466578359,4.39316338743303,0.0044413229204985,0.946901354390597,0.994804925328349,0.997665219498107,"cogn_se_lv"
"7143","PDE7A","Exc L5/6 IT Car3",0.0323363734655417,7.99922671333675,2.56793103126413,0.109895206588755,0.473131208907334,0.516196720012297,"cogn_se_lv"
"7144","ADHFE1","Exc L5/6 IT Car3",0.0484806414209246,3.80784518285243,2.605270677791,0.107353046751318,0.469364599290562,0.511641004467639,"cogn_se_lv"
"7145","VXN","Exc L5/6 IT Car3",-0.0268780459896005,5.22193450440866,2.37366390226343,0.124243500744308,0.493216646809182,0.54152692462435,"cogn_se_lv"
"7146","MYBL1","Exc L5/6 IT Car3",0.0890031305732525,1.94860403876897,4.80469402505543,0.0289987087143107,0.300532072130129,0.303198932255416,"cogn_se_lv"
"7147","VCPIP1","Exc L5/6 IT Car3",-0.0307573899645566,4.7225509802253,3.87821958272992,0.0496547917385025,0.356516912015847,0.377649674056819,"cogn_se_lv"
"7148","SGK3","Exc L5/6 IT Car3",0.0113915488000745,6.20842006161557,0.79455786657653,0.373299067889627,0.733583142508685,0.790239945332317,"cogn_se_lv"
"7149","MCMDC2","Exc L5/6 IT Car3",-0.0387747936409378,3.22878523198211,1.04897246237358,0.306406420777376,0.682747109631723,0.74362204867072,"cogn_se_lv"
"7150","TCF24","Exc L5/6 IT Car3",0.0124427648394946,3.17443281584306,0.141816120542881,0.706695917195801,0.91384928906087,0.945693945268624,"cogn_se_lv"
"7151","PPP1R42","Exc L5/6 IT Car3",0.0158173945759343,3.86090550778776,0.513087574471315,0.474252725315885,0.796806707708676,0.846815967276602,"cogn_se_lv"
"7152","COPS5","Exc L5/6 IT Car3",-0.0556848223788445,2.80464199544479,4.28037652297558,0.0392419872343938,0.328403579955041,0.344067861005999,"cogn_se_lv"
"7153","CSPP1","Exc L5/6 IT Car3",-0.000475466067239071,6.85943935638346,0.0020029144805971,0.96432735069049,0.997621680933237,0.998906195013116,"cogn_se_lv"
"7154","ARFGEF1","Exc L5/6 IT Car3",0.00455223179173562,7.26292237855692,0.266281879514295,0.606142093683692,0.868278273580553,0.907376396400187,"cogn_se_lv"
"7155","CPA6","Exc L5/6 IT Car3",0.0584860150599229,1.84899638062602,1.67929150022527,0.195818474240769,0.584257138953203,0.637769484956174,"cogn_se_lv"
"7156","PREX2","Exc L5/6 IT Car3",0.0574684284206403,1.99217195066687,1.52691535902225,0.217352245108374,0.605852829490127,0.662007748683425,"cogn_se_lv"
"7157","C8orf34","Exc L5/6 IT Car3",0.0686953664868741,4.95661824446738,11.4351258265694,0.000796820626051745,0.0708847944215975,0.057136333130805,"cogn_se_lv"
"7158","SULF1","Exc L5/6 IT Car3",0.0110737767713918,3.77785633629242,0.0543919824202246,0.815717587731193,0.959947755253107,0.976756659123392,"cogn_se_lv"
"7159","SLCO5A1","Exc L5/6 IT Car3",0.0403186235276179,3.78269554243289,1.90019848168197,0.168880818366432,0.555358075781922,0.606463750906962,"cogn_se_lv"
"7160","AC079089.1","Exc L5/6 IT Car3",0.0786052447893521,2.535049915172,4.98678808515804,0.0261331194520139,0.293064283242318,0.290442166259811,"cogn_se_lv"
"7161","NCOA2","Exc L5/6 IT Car3",0.0127206143172657,7.45154746561926,1.59787648071218,0.206992342102763,0.594730799027343,0.6503192701593,"cogn_se_lv"
"7162","TRAM1","Exc L5/6 IT Car3",-0.00828174164709569,5.12087968816646,0.624270957588196,0.755490956531635,0.937208271886335,0.960808563529698,"cogn_se_lv"
"7163","LACTB2-AS1","Exc L5/6 IT Car3",0.0417997287149375,1.94374973058833,1.00661874775539,0.316363491293009,0.691029591108256,0.751763928203215,"cogn_se_lv"
"7164","LACTB2","Exc L5/6 IT Car3",-0.0116916002161102,3.69627352014334,0.335009264268148,0.563072938788817,0.844122647356177,0.88811248057246,"cogn_se_lv"
"7165","XKR9","Exc L5/6 IT Car3",-0.0105646721935462,4.68791131651972,0.145347878429916,0.703238007689216,0.911738293899894,0.944489084108732,"cogn_se_lv"
"7166","AC022858.1","Exc L5/6 IT Car3",0.012087274671856,2.81185333303015,0.0973481474010804,0.755209492023413,0.937085711702034,0.960756692383523,"cogn_se_lv"
"7167","EYA1","Exc L5/6 IT Car3",-0.0974948464316107,1.96881798438185,3.39295179347849,0.0662678473415602,0.395909227712194,0.425636108954316,"cogn_se_lv"
"7168","MSC-AS1","Exc L5/6 IT Car3",0.00586521394302882,1.82483542105514,0.00982765333939711,0.921084622066231,0.99096186404192,0.994869484089853,"cogn_se_lv"
"7169","KCNB2","Exc L5/6 IT Car3",0.0154822805626881,4.08597761139365,0.147009621039854,0.701627651128325,0.910920326545041,0.943890307790038,"cogn_se_lv"
"7170","TERF1","Exc L5/6 IT Car3",0.00735783175200323,5.68509345508173,0.488545246441482,0.485011760007788,0.803087602824186,0.851763360133347,"cogn_se_lv"
"7171","AC022893.1","Exc L5/6 IT Car3",-0.0323274812573071,3.83907431483375,2.45343905529473,0.118114108399893,0.487078276600847,0.531484178744505,"cogn_se_lv"
"7172","RPL7","Exc L5/6 IT Car3",-0.0708807219868165,6.08286007326526,2.15103490474395,0.143314874742291,0.519702149454255,0.571329646185407,"cogn_se_lv"
"7173","RDH10-AS1","Exc L5/6 IT Car3",0.103786474338639,1.42727069998429,3.12644030674016,0.0778476795780449,0.420387560324412,0.454569621516734,"cogn_se_lv"
"7174","STAU2","Exc L5/6 IT Car3",0.00182605863917546,7.28519484339801,0.0445711509633676,0.832909650525641,0.966411302894271,0.979884608070529,"cogn_se_lv"
"7175","AC027018.1","Exc L5/6 IT Car3",0.0406850714190368,3.93672695940043,1.21088904950896,0.271864485371268,0.654140261900851,0.714728128195738,"cogn_se_lv"
"7176","AC022826.2","Exc L5/6 IT Car3",0.00594647690236344,2.60022544164438,0.0301697345520549,0.862199716260497,0.974904343203261,0.98612499885412,"cogn_se_lv"
"7177","ELOC","Exc L5/6 IT Car3",-0.0343037338799165,5.56651711243878,2.42069537186681,0.120588273878572,0.490188466717176,0.535890618455805,"cogn_se_lv"
"7178","TMEM70","Exc L5/6 IT Car3",-0.0687100943776155,4.32092148697146,5.34821520195867,0.0212861488768301,0.273857344568852,0.268083709254995,"cogn_se_lv"
"7179","LY96","Exc L5/6 IT Car3",0.00218537902470126,1.84864736194048,0.00206470222668944,0.96378167252413,0.997621680933237,0.998906195013116,"cogn_se_lv"
"7180","JPH1","Exc L5/6 IT Car3",0.0022126358470157,7.10160133906558,0.0278395268681317,0.867576901003487,0.976452282173736,0.986895715512834,"cogn_se_lv"
"7181","GDAP1","Exc L5/6 IT Car3",-0.0143107679899724,8.50297848649722,1.33541157261732,0.248583124956674,0.632973906863536,0.693255813789481,"cogn_se_lv"
"7182","MIR2052HG","Exc L5/6 IT Car3",-0.0442815668195759,7.03034030616345,3.11949238976131,0.0781773334673297,0.420387560324412,0.455372813209904,"cogn_se_lv"
"7183","AC011632.1","Exc L5/6 IT Car3",-0.118966000244431,1.56420494319271,4.49734971609815,0.0346056244439981,0.314097878238464,0.326449843699376,"cogn_se_lv"
"7184","PI15","Exc L5/6 IT Car3",-0.0567374392229406,2.76798763746183,2.30195109621206,0.130057116613175,0.500474253092376,0.55152295748445,"cogn_se_lv"
"7185","CRISPLD1","Exc L5/6 IT Car3",-0.0341151207431062,4.01698649089264,1.70440865830604,0.192515646309684,0.580322839237518,0.63418561954526,"cogn_se_lv"
"7186","PEX2","Exc L5/6 IT Car3",0.0401305471867329,3.82586269680433,4.29923371981943,0.0388142384117014,0.327903038577323,0.342716960722934,"cogn_se_lv"
"7187","AC062004.1","Exc L5/6 IT Car3",0.0103622208987649,1.39038298607197,0.0243455708169042,0.876093101415019,0.979884010483651,0.98843736634371,"cogn_se_lv"
"7188","PKIA-AS1","Exc L5/6 IT Car3",-0.0379862395973354,2.16839714555377,0.93269905122893,0.33478716279281,0.704633416587694,0.764057426531606,"cogn_se_lv"
"7189","PKIA","Exc L5/6 IT Car3",-0.0331060198637467,6.52770729090808,6.49980257453092,0.0111873268640477,0.214164403886737,0.201240801759949,"cogn_se_lv"
"7190","ZC2HC1A","Exc L5/6 IT Car3",0.0044817864812743,6.43174900715106,0.199242993305262,0.655591127142528,0.889373944187876,0.926748976843504,"cogn_se_lv"
"7191","IL7","Exc L5/6 IT Car3",0.00197997847067859,3.52474349136136,0.0031702133575879,0.955129209717278,0.996920944446838,0.998428000651427,"cogn_se_lv"
"7192","STMN2","Exc L5/6 IT Car3",-0.00102081953167573,6.94872621608758,0.00192058346647536,0.965067736471777,0.997621680933237,0.99892010896344,"cogn_se_lv"
"7193","HEY1","Exc L5/6 IT Car3",-0.0365067165694554,2.80030293798575,1.10392237224762,0.294085919652398,0.672512011030238,0.733188634181046,"cogn_se_lv"
"7194","AC036214.1","Exc L5/6 IT Car3",0.0242664202220383,1.87962098132012,0.2913662601545,0.589667839505916,0.858967160435026,0.900496651684068,"cogn_se_lv"
"7195","MRPS28","Exc L5/6 IT Car3",-0.0634658059193321,2.01756574026773,1.64967861915172,0.199798376557108,0.586514030126452,0.641925135650048,"cogn_se_lv"
"7196","TPD52","Exc L5/6 IT Car3",0.0191474829433276,6.79942641193028,2.19970748966453,0.138879831040274,0.512457910809955,0.564470070973453,"cogn_se_lv"
"7197","AC034114.2","Exc L5/6 IT Car3",-0.0204067411512693,2.59947215137417,0.431323489999802,0.622657597413523,0.8750796656557,0.914395627238099,"cogn_se_lv"
"7198","AC009812.1","Exc L5/6 IT Car3",0.0484337336298898,3.09918954492394,3.20089762881883,0.0744076773360986,0.414003671078293,0.446267181490691,"cogn_se_lv"
"7199","ZBTB10","Exc L5/6 IT Car3",-0.00110158108627498,4.48004583227787,0.00469963368338561,0.945381403466642,0.994804925328349,0.997626386519645,"cogn_se_lv"
"7200","ZNF704","Exc L5/6 IT Car3",0.0291938855797468,6.88699286582597,2.29656429008268,0.130505942224781,0.500985398958227,0.552228546175385,"cogn_se_lv"
"7201","PAG1","Exc L5/6 IT Car3",-0.0232696741676597,5.68916008811252,1.45790178169017,0.228027964622799,0.616974397950927,0.673497307357233,"cogn_se_lv"
"7202","FABP5","Exc L5/6 IT Car3",-0.0248693869104161,2.94021588055013,0.43673978220189,0.509107454100913,0.816961913286198,0.863634761253121,"cogn_se_lv"
"7203","IMPA1","Exc L5/6 IT Car3",-0.02153184493859,4.61840616380169,1.35286354793982,0.245520342169431,0.63060160275998,0.689992253792655,"cogn_se_lv"
"7204","ZFAND1","Exc L5/6 IT Car3",-0.00210754681798383,5.50947717350478,0.0263075481768218,0.871239164046021,0.978570335328293,0.98755393033379,"cogn_se_lv"
"7205","SNX16","Exc L5/6 IT Car3",-0.0328078562934811,4.68565582318294,3.51730534314577,0.0615106628572464,0.385168789389364,0.413303899491799,"cogn_se_lv"
"7206","RALYL","Exc L5/6 IT Car3",-0.00202701582432641,11.0270239300616,0.0298720614165143,0.862874419096645,0.974960696887198,0.986339265382543,"cogn_se_lv"
"7207","LRRCC1","Exc L5/6 IT Car3",0.00481530646977346,3.14588213830983,0.0374982431423862,0.846559366288172,0.970988236489561,0.98290062809687,"cogn_se_lv"
"7208","E2F5","Exc L5/6 IT Car3",-0.0131754113149608,3.65400917886025,0.3742754605578,0.541054982969306,0.831191356371676,0.878296807127667,"cogn_se_lv"
"7209","C8orf59","Exc L5/6 IT Car3",0.00329593436593184,4.45618839685988,0.02126674152468,0.884133271996642,0.982636995754113,0.989434190942746,"cogn_se_lv"
"7210","CA13","Exc L5/6 IT Car3",0.00993761982269141,5.03362195357853,0.403258706540182,0.525799742230875,0.823200206809071,0.870924234492881,"cogn_se_lv"
"7211","CA1","Exc L5/6 IT Car3",-0.0231737765319893,3.6599194519056,0.29996577977894,0.584230860457065,0.855777482563133,0.897915716818186,"cogn_se_lv"
"7212","CA3","Exc L5/6 IT Car3",-0.0236059973358297,5.63474657514883,1.74690555733279,0.187074808490772,0.574781653558191,0.628245335504963,"cogn_se_lv"
"7213","CA2","Exc L5/6 IT Car3",-0.137489011892249,1.49029750058719,5.33514204564296,0.0214440414594732,0.274107312637756,0.26863605182431,"cogn_se_lv"
"7214","ATP6V0D2","Exc L5/6 IT Car3",-0.0312417401248566,1.54794145887301,0.277697147685474,0.59852726549246,0.863646594523825,0.904129542449645,"cogn_se_lv"
"7215","WWP1","Exc L5/6 IT Car3",0.00603626386131323,5.55137735747345,0.236487837836504,0.627039440504447,0.877231023905053,0.916398523227354,"cogn_se_lv"
"7216","RMDN1","Exc L5/6 IT Car3",0.0056064187319119,4.52916967291527,0.109967695057058,0.740366822619534,0.931072322502814,0.956519615825532,"cogn_se_lv"
"7217","CPNE3","Exc L5/6 IT Car3",0.0125763829954385,5.09849895982656,1.03936732155952,0.343944687285847,0.7130956132735,0.770041632898829,"cogn_se_lv"
"7218","CNGB3","Exc L5/6 IT Car3",0.00300643208435252,3.17829864221101,0.0124307296303452,0.911285134227799,0.989073227776396,0.9937259663591,"cogn_se_lv"
"7219","CNBD1","Exc L5/6 IT Car3",0.0503119219579009,2.81477168086157,2.60532772432179,0.107349212851596,0.469364599290562,0.511641004467639,"cogn_se_lv"
"7220","AF121898.1","Exc L5/6 IT Car3",0.0023506907356618,5.47715572137938,0.00511792377722654,0.943006529722982,0.994804925328349,0.997626386519645,"cogn_se_lv"
"7221","MMP16","Exc L5/6 IT Car3",0.00774506830219252,10.2951583582933,0.396960675443839,0.529048150433024,0.82568662529394,0.872626474600745,"cogn_se_lv"
"7222","AC090568.2","Exc L5/6 IT Car3",-0.00549402069056222,9.31020023367979,0.109225838485855,0.741212456610246,0.931453498243111,0.956660148679986,"cogn_se_lv"
"7223","AF117829.1","Exc L5/6 IT Car3",-0.0225097881428131,6.35577899116517,1.73790008641496,0.188212603560286,0.575062928090689,0.629291717189365,"cogn_se_lv"
"7224","RIPK2","Exc L5/6 IT Car3",-0.0340398034160156,3.86476224506102,2.46415260198124,0.117316854240947,0.485589089361837,0.530090508702925,"cogn_se_lv"
"7225","OSGIN2","Exc L5/6 IT Car3",0.00452340330646867,3.45119479159481,0.0476820999434069,0.827266029934951,0.965029939006543,0.978805885773327,"cogn_se_lv"
"7226","NBN","Exc L5/6 IT Car3",-0.0323111432674944,4.80999694540285,5.76777644386251,0.0168102987725935,0.246643909001775,0.240540016104297,"cogn_se_lv"
"7227","DECR1","Exc L5/6 IT Car3",0.0190998531012656,3.60863288407361,0.517201408416882,0.472487424765968,0.795751966201384,0.846148685313759,"cogn_se_lv"
"7228","LINC00534","Exc L5/6 IT Car3",0.00800699391353194,2.86108429172213,0.0472102486574894,0.828109356375365,0.96520240999292,0.978896725363532,"cogn_se_lv"
"7229","AB015752.1","Exc L5/6 IT Car3",0.049298364861493,2.67415193083856,2.2125250582026,0.137737765262604,0.510620798575702,0.563030652322553,"cogn_se_lv"
"7230","TMEM64","Exc L5/6 IT Car3",0.00140089047797981,6.40432213821961,0.0115997675853111,0.914289714178162,0.989073227776396,0.994126167335106,"cogn_se_lv"
"7231","NECAB1","Exc L5/6 IT Car3",-0.0284282096877473,9.17339934910257,6.75640349142616,0.00971125980243399,0.203748057446561,0.188984582295228,"cogn_se_lv"
"7232","AC103770.1","Exc L5/6 IT Car3",-0.0144440568782845,2.64632521684,0.116359039539274,0.733209173134305,0.927815258554264,0.954232237976999,"cogn_se_lv"
"7233","C8orf88","Exc L5/6 IT Car3",-0.0551606318245067,2.20235947472928,1.41642142528958,0.234748880856838,0.622250305957068,0.679914149696118,"cogn_se_lv"
"7234","PIP4P2","Exc L5/6 IT Car3",-0.0237972826974599,5.28797549813297,2.48197622270008,0.116003690839205,0.484257464162199,0.52739011611046,"cogn_se_lv"
"7235","OTUD6B-AS1","Exc L5/6 IT Car3",-0.0364969512782083,5.07124461881185,3.2814165924333,0.0708711725015849,0.407436438102126,0.437119812759196,"cogn_se_lv"
"7236","OTUD6B","Exc L5/6 IT Car3",0.00589095203695502,4.21272713563251,0.124426499525889,0.944160121577101,0.994804925328349,0.997626386519645,"cogn_se_lv"
"7237","LRRC69","Exc L5/6 IT Car3",-0.0274267425723291,2.87659988999999,0.612903979556759,0.434192362247379,0.773613831177909,0.826316148752534,"cogn_se_lv"
"7238","AC103409.1","Exc L5/6 IT Car3",-0.00286414722824529,1.78258112223138,0.00289267127791293,0.957136350089608,0.997053628956036,0.998548631432287,"cogn_se_lv"
"7239","RUNX1T1","Exc L5/6 IT Car3",-0.0111387688385848,7.97220743878891,0.9353206461675,0.334109672808686,0.704107229033918,0.763493448476854,"cogn_se_lv"
"7240","AC117834.1","Exc L5/6 IT Car3",0.0672768724824895,5.1435905903789,4.48570519164404,0.0348392083793831,0.314897934852847,0.327595251277139,"cogn_se_lv"
"7241","TRIQK","Exc L5/6 IT Car3",-0.00597869946642189,5.46632932881079,0.232432277861804,0.630008426039679,0.879121377890168,0.917565693691592,"cogn_se_lv"
"7242","LINC00535","Exc L5/6 IT Car3",0.000444208010048279,5.32990332160655,0.000755151041269335,0.978091551909808,0.998390354534415,0.999693731926281,"cogn_se_lv"
"7243","FAM92A","Exc L5/6 IT Car3",-0.0257060609108353,5.69210619599943,3.9407043383607,0.0478617673626553,0.353049189458432,0.372262335551003,"cogn_se_lv"
"7244","RBM12B","Exc L5/6 IT Car3",-0.0049488389684772,5.01242553720981,0.0763413871859008,0.782470828026719,0.949259099943806,0.96813335135937,"cogn_se_lv"
"7245","TMEM67","Exc L5/6 IT Car3",0.0109425308380939,6.18729891820168,1.21320348911466,0.271407569651296,0.653671752258756,0.714279646138881,"cogn_se_lv"
"7246","PDP1","Exc L5/6 IT Car3",-0.0255907814762332,7.11654824014565,2.48002460044892,0.116146680002504,0.484547954794943,0.527630221431711,"cogn_se_lv"
"7247","GEM","Exc L5/6 IT Car3",-0.105567718640328,2.2593627124672,3.20146301269891,0.0743821920998553,0.414003671078293,0.446266745678501,"cogn_se_lv"
"7248","RAD54B","Exc L5/6 IT Car3",0.02303635149472,2.52888388418581,0.587010592386792,0.444061147818054,0.779616467157233,0.831929433314387,"cogn_se_lv"
"7249","VIRMA","Exc L5/6 IT Car3",0.0257240469277765,5.52411436029517,5.50489271846946,0.0194851760074947,0.263718994802803,0.257397777886981,"cogn_se_lv"
"7250","AC023632.2","Exc L5/6 IT Car3",-0.0338557199601593,2.96043785983542,1.59032897737971,0.20806589246086,0.596078571290514,0.651623271246808,"cogn_se_lv"
"7251","DPY19L4","Exc L5/6 IT Car3",0.0130602899216464,4.38575150603184,0.617236795411921,0.46956436508627,0.794218659047994,0.844779879965004,"cogn_se_lv"
"7252","INTS8","Exc L5/6 IT Car3",0.0133666238687892,5.72168940008893,1.38094017197984,0.240689309604116,0.625922351268562,0.68532583808431,"cogn_se_lv"
"7253","CCNE2","Exc L5/6 IT Car3",0.0380004660406855,1.77853021364513,0.60744835241267,0.436243495764815,0.774637983133783,0.827157717951624,"cogn_se_lv"
"7254","NDUFAF6","Exc L5/6 IT Car3",0.023399120423595,5.82224773007819,3.47503061635298,0.0630855261084607,0.388665431068539,0.417760635980532,"cogn_se_lv"
"7255","AC068189.1","Exc L5/6 IT Car3",0.0212789582611392,1.51406831276189,0.160128427830031,0.689266963442379,0.90363902950662,0.939199281778725,"cogn_se_lv"
"7256","PLEKHF2","Exc L5/6 IT Car3",0.00280376529431323,2.65074863104846,0.00994347141305418,0.920622512783102,0.99096186404192,0.994869484089853,"cogn_se_lv"
"7257","C8orf37-AS1","Exc L5/6 IT Car3",0.0983730392942149,4.24191686490032,11.8480320719175,0.000642535496969407,0.0625070178453861,0.0509889600338586,"cogn_se_lv"
"7258","C8orf37","Exc L5/6 IT Car3",0.0126930113543145,3.12011878886059,0.230063275783013,0.63175752432201,0.880524207509123,0.918471827465913,"cogn_se_lv"
"7259","UQCRB","Exc L5/6 IT Car3",-0.0871829962763507,6.28899384612284,6.45380073648161,0.0114754815829356,0.214820071996781,0.203640481415735,"cogn_se_lv"
"7260","MTERF3","Exc L5/6 IT Car3",-0.0162213450805442,3.77325114569296,0.70341413718721,0.402175050734923,0.755426964173174,0.808522740173089,"cogn_se_lv"
"7261","PTDSS1","Exc L5/6 IT Car3",-0.00596633384286209,5.46252550688767,0.207383749710326,0.649090260291332,0.88736452997967,0.924412799739312,"cogn_se_lv"
"7262","SDC2","Exc L5/6 IT Car3",-0.0100258249823423,3.01921278920575,0.0621796331765068,0.803220538003075,0.955659316839261,0.973737976661521,"cogn_se_lv"
"7263","CPQ","Exc L5/6 IT Car3",-0.00443884838389262,4.60833332250638,0.0440866521937523,0.83380691254992,0.966446547282248,0.980097497109394,"cogn_se_lv"
"7264","TSPYL5","Exc L5/6 IT Car3",-0.0150451236204281,3.58801697891249,0.350704804291154,0.554072579358276,0.839867723463396,0.884336082117035,"cogn_se_lv"
"7265","MTDH","Exc L5/6 IT Car3",0.00735505093259543,7.05499499776855,1.15732428963969,0.282715241742282,0.662539096936755,0.723543166662851,"cogn_se_lv"
"7266","LAPTM4B","Exc L5/6 IT Car3",0.0745331577714204,4.0008602729378,13.783012855933,0.000236429918190898,0.0438964278987244,0.0295841273182065,"cogn_se_lv"
"7267","MATN2","Exc L5/6 IT Car3",0.0739035937066886,2.08172800967333,3.39011625518488,0.0663808151790829,0.396062427271239,0.425761641995973,"cogn_se_lv"
"7268","RPL30","Exc L5/6 IT Car3",-0.0295132090091744,5.60126718551458,0.907637527265437,0.341357868285349,0.710750689886051,0.768182586379821,"cogn_se_lv"
"7269","RIDA","Exc L5/6 IT Car3",0.0138215908187121,3.82334614577118,0.498875230646923,0.480434899047507,0.800464771716048,0.849576831627805,"cogn_se_lv"
"7270","POP1","Exc L5/6 IT Car3",0.0129981864106819,4.35960606223319,0.552171824807849,0.457898549592377,0.788028655907772,0.839145593014038,"cogn_se_lv"
"7271","NIPAL2","Exc L5/6 IT Car3",0.0160000873055336,5.98249981708633,0.901998623961388,0.342860207806606,0.712206430963965,0.769320151712466,"cogn_se_lv"
"7272","AP003438.1","Exc L5/6 IT Car3",0.0427040063006233,1.90647791987283,0.838723563366115,0.360352714299579,0.724850120647042,0.781217924897117,"cogn_se_lv"
"7273","STK3","Exc L5/6 IT Car3",0.067251050187815,5.09911862347403,12.7004824138993,0.000412928382015637,0.054315964095903,0.039463166711579,"cogn_se_lv"
"7274","KCNS2","Exc L5/6 IT Car3",0.00886172759591691,3.45013675084646,0.121647558739438,0.727450838568841,0.924823143203354,0.952629411698333,"cogn_se_lv"
"7275","AP003355.2","Exc L5/6 IT Car3",-0.0161997078222127,2.85158131369025,0.290649285290247,0.590125807641536,0.859216560038585,0.900610102042387,"cogn_se_lv"
"7276","AC104986.2","Exc L5/6 IT Car3",-0.00434616855205869,4.63036632367397,0.0904640224834075,0.763755350657309,0.941167215918009,0.963092738545659,"cogn_se_lv"
"7277","VPS13B","Exc L5/6 IT Car3",-0.00469619636471485,7.93199240209922,0.207515609953912,0.648986239091023,0.88736452997967,0.924412799739312,"cogn_se_lv"
"7278","COX6C","Exc L5/6 IT Car3",-0.0625481813185461,5.67642970082894,4.33343664635635,0.0380508747440583,0.326241204630115,0.339476284060885,"cogn_se_lv"
"7279","RGS22","Exc L5/6 IT Car3",0.0144270357077854,3.01999911044473,0.168980764778566,0.681254868513901,0.900862474773406,0.936411432501754,"cogn_se_lv"
"7280","POLR2K","Exc L5/6 IT Car3",-0.0479846411046041,4.47823781140881,2.25505425882818,0.134023314754383,0.504976930664488,0.556824383543924,"cogn_se_lv"
"7281","SPAG1","Exc L5/6 IT Car3",-0.014981180647041,5.25320918490852,1.21018760261509,0.272003155375677,0.654140261900851,0.714764841999704,"cogn_se_lv"
"7282","RNF19A","Exc L5/6 IT Car3",-0.0367088782267404,6.74278751033262,11.9046550162629,0.000623884079908965,0.061994368341626,0.0500394312129529,"cogn_se_lv"
"7283","ANKRD46","Exc L5/6 IT Car3",0.0142544767484874,5.89659289660512,1.05611527359044,0.304767630496424,0.68139378564638,0.742401291234683,"cogn_se_lv"
"7284","SNX31","Exc L5/6 IT Car3",0.0637743806659003,5.35797765708261,2.54498502262601,0.111490331224427,0.476351507192535,0.519342754248364,"cogn_se_lv"
"7285","PABPC1","Exc L5/6 IT Car3",-0.00740905683163784,6.57395403746969,0.448646135070126,0.5033922656033,0.814567104377341,0.860896380770123,"cogn_se_lv"
"7286","YWHAZ","Exc L5/6 IT Car3",-0.00791692083583762,7.63255244165019,0.46549251233182,0.495490862534699,0.80979524594201,0.856934006489855,"cogn_se_lv"
"7287","AP003469.4","Exc L5/6 IT Car3",-0.0371988488284029,4.1718674291544,2.2030522984538,0.138580778896286,0.511943875951475,0.564285016541893,"cogn_se_lv"
"7288","ZNF706","Exc L5/6 IT Car3",-0.0062499742111592,6.50019092492856,0.242490026722417,0.622702637761293,0.8750796656557,0.914395627238099,"cogn_se_lv"
"7289","NCALD","Exc L5/6 IT Car3",-0.0188555220247125,6.31633466062067,0.529948347631913,0.467084482658069,0.792363398905626,0.843598509060347,"cogn_se_lv"
"7290","RRM2B","Exc L5/6 IT Car3",0.0212429686893445,3.95923852543349,1.43538899458619,0.231646300628489,0.620423337521824,0.677632567697156,"cogn_se_lv"
"7291","UBR5-AS1","Exc L5/6 IT Car3",-3.45623948879524e-05,2.96085716410125,1.6088100464261e-06,0.998988649314207,0.999604744296048,0.999954262357359,"cogn_se_lv"
"7292","UBR5","Exc L5/6 IT Car3",-0.00441232989730047,7.53655127092315,0.150085382809204,0.698674338713552,0.909156850663868,0.942511431059283,"cogn_se_lv"
"7293","KLF10","Exc L5/6 IT Car3",-0.003639817462572,2.0853332753695,0.00261352032529251,0.959255142749175,0.997053628956036,0.998555548513014,"cogn_se_lv"
"7294","AZIN1","Exc L5/6 IT Car3",-0.00735502471103492,5.81288874376087,0.303216095987789,0.58220224604042,0.855297114028453,0.897054617574353,"cogn_se_lv"
"7295","AZIN1-AS1","Exc L5/6 IT Car3",0.06312463794262,5.19010395691651,8.76513383383864,0.00326639642546187,0.131218826837242,0.113146648551614,"cogn_se_lv"
"7296","AP003354.2","Exc L5/6 IT Car3",0.0406223989174638,3.02421307591054,1.43318339096925,0.232004514315193,0.620439023679691,0.677856229890439,"cogn_se_lv"
"7297","ATP6V1C1","Exc L5/6 IT Car3",-0.012021923192309,6.54313367370862,1.47303371621535,0.2256342085991,0.614809076323009,0.671168870291502,"cogn_se_lv"
"7298","BAALC","Exc L5/6 IT Car3",-0.051149532773084,4.41260227141732,5.41638503803034,0.0204821813028453,0.268959701579171,0.263351903812187,"cogn_se_lv"
"7299","BAALC-AS1","Exc L5/6 IT Car3",0.0866605555572354,4.14151310139931,4.54770851912645,0.0336142207789627,0.311640275776046,0.322923041302786,"cogn_se_lv"
"7300","FZD6","Exc L5/6 IT Car3",-0.0367641474917006,2.87642272954696,1.16551646462649,0.281020734098196,0.661947015337079,0.722397985734718,"cogn_se_lv"
"7301","SLC25A32","Exc L5/6 IT Car3",0.00945624388294867,4.8856615173081,0.368375236170734,0.544259829672829,0.833157606846232,0.879588993787275,"cogn_se_lv"
"7302","DCAF13","Exc L5/6 IT Car3",-4.16981554674478e-05,3.17348885411584,3.71923844946368e-07,0.999513731105406,0.999708606077351,1,"cogn_se_lv"
"7303","AC012213.4","Exc L5/6 IT Car3",0.0367840321261499,1.77419260855438,0.710562560007276,0.399796349412703,0.754037868768464,0.807517296081989,"cogn_se_lv"
"7304","AC012213.1","Exc L5/6 IT Car3",0.025237105789127,2.96799173136353,0.862260236701454,0.353706374783982,0.719780905455015,0.776834306087619,"cogn_se_lv"
"7305","RIMS2","Exc L5/6 IT Car3",-0.0239049636094948,11.0822552491702,5.29182688955052,0.0219759463438438,0.276372518361312,0.271044970932393,"cogn_se_lv"
"7306","DPYS","Exc L5/6 IT Car3",-0.0167195221794071,5.79141667260893,0.74169591530052,0.389670431111375,0.746621560596167,0.801068989109986,"cogn_se_lv"
"7307","DCSTAMP","Exc L5/6 IT Car3",-0.0244440405846696,4.8715989243471,0.352556928935699,0.553028526000126,0.839085943582724,0.883726587512433,"cogn_se_lv"
"7308","LRP12","Exc L5/6 IT Car3",-0.00879488861146189,5.55588501298243,0.391459953892385,0.53191492230364,0.826671325785064,0.87368530512014,"cogn_se_lv"
"7309","ZFPM2","Exc L5/6 IT Car3",0.00939353108179119,4.86372311312366,0.0871816917048668,0.767955088813927,0.942734854457692,0.964138216127212,"cogn_se_lv"
"7310","AC027031.2","Exc L5/6 IT Car3",0.0312455782637969,3.42098516816408,1.18372043713675,0.277301119290925,0.65984296042349,0.719637615760547,"cogn_se_lv"
"7311","OXR1","Exc L5/6 IT Car3",0.00298402264944844,8.63192505025008,0.0563667210664099,0.8124635966751,0.959045669722624,0.97625459595753,"cogn_se_lv"
"7312","AC090579.1","Exc L5/6 IT Car3",0.0100726773387852,4.27905687956679,0.0604832102630167,0.805868857954998,0.956354177213454,0.974316563202536,"cogn_se_lv"
"7313","RSPO2","Exc L5/6 IT Car3",-0.0346732249052399,2.42128567612866,0.713077607086471,0.398964308269984,0.753844162587484,0.806846799714536,"cogn_se_lv"
"7314","EIF3E","Exc L5/6 IT Car3",-0.00462234569075225,5.71796223323633,0.103378755718719,0.747991834455665,0.933897613787942,0.958583472029119,"cogn_se_lv"
"7315","EMC2","Exc L5/6 IT Car3",-0.0108704946194844,4.67749121903696,0.589752154565333,0.442999984960832,0.778382369377654,0.831308233741835,"cogn_se_lv"
"7316","TMEM74","Exc L5/6 IT Car3",0.0167023521316233,4.52392658514527,0.701285079238486,0.402887497851295,0.756045372423298,0.808895798210969,"cogn_se_lv"
"7317","AC104248.1","Exc L5/6 IT Car3",0.0555607021570188,1.94733696010939,0.986212548995987,0.321312446431631,0.694132306370411,0.754915296564413,"cogn_se_lv"
"7318","NUDCD1","Exc L5/6 IT Car3",0.0030448315860551,4.73255815048308,0.0469069508324602,0.828653764428582,0.96520240999292,0.978984433066825,"cogn_se_lv"
"7319","ENY2","Exc L5/6 IT Car3",0.00362680455401508,5.18731606181075,0.0332420447147588,0.855427327062071,0.972881064401809,0.98464632915545,"cogn_se_lv"
"7320","EBAG9","Exc L5/6 IT Car3",-0.0159772212485962,4.56342397200081,1.19513574155671,0.297720262143433,0.67629739252951,0.736143009522028,"cogn_se_lv"
"7321","SYBU","Exc L5/6 IT Car3",0.00106425571570916,8.43886119881572,0.0175056269870166,0.894811235635188,0.985836131178005,0.991305482206124,"cogn_se_lv"
"7322","KCNV1","Exc L5/6 IT Car3",0.022714435510053,5.30713655275736,1.11691408308308,0.291266656960702,0.670545078627556,0.730594881393594,"cogn_se_lv"
"7323","AC025366.1","Exc L5/6 IT Car3",0.020282825092101,1.96666552379591,0.249249245365102,0.617898001450256,0.873592503670942,0.91243448728824,"cogn_se_lv"
"7324","LINC01609","Exc L5/6 IT Car3",-0.0131414999124216,3.48061128217671,0.120915792101922,0.728239141029919,0.924999994394571,0.952874632968933,"cogn_se_lv"
"7325","LINC02237","Exc L5/6 IT Car3",0.0272567302862187,1.80526982694666,0.344746823409366,0.557456581706184,0.840938717159201,0.885735089379191,"cogn_se_lv"
"7326","CSMD3","Exc L5/6 IT Car3",-0.00430891096431339,9.26589060752424,0.108079046733289,0.742525964459313,0.93226849545349,0.957035476052395,"cogn_se_lv"
"7327","TRPS1","Exc L5/6 IT Car3",-0.0351549971827149,7.83329043439886,6.78919716313838,0.00953763744409996,0.202182149124929,0.18741598435446,"cogn_se_lv"
"7328","LINC00536","Exc L5/6 IT Car3",-0.0455415973097599,2.1322448153795,1.07513481894425,0.300458993743944,0.678408078698151,0.738796924400786,"cogn_se_lv"
"7329","EIF3H","Exc L5/6 IT Car3",-0.00275472334374342,5.96831856653731,0.060104401337021,0.806465587183198,0.956414642971442,0.974431866192333,"cogn_se_lv"
"7330","UTP23","Exc L5/6 IT Car3",0.00207392071853405,6.43493717683991,0.0200169763649592,0.887565924075073,0.984123888437707,0.990020419095399,"cogn_se_lv"
"7331","RAD21","Exc L5/6 IT Car3",-0.0208419643632636,5.72213215859573,2.46422722510224,0.117311322101407,0.485589089361837,0.530086017008715,"cogn_se_lv"
"7332","SLC30A8","Exc L5/6 IT Car3",0.0729094432182339,2.16138622988188,1.6662130469571,0.197564576870802,0.585390611867856,0.639738745094474,"cogn_se_lv"
"7333","MED30","Exc L5/6 IT Car3",-0.0402174870046519,3.59105747235704,4.06216230431404,0.0445698000995661,0.343012777244732,0.361791243378718,"cogn_se_lv"
"7334","EXT1","Exc L5/6 IT Car3",0.0108185535960414,7.4614078641227,0.535376977814359,0.464813611467282,0.79119444669795,0.842483634462424,"cogn_se_lv"
"7335","SAMD12","Exc L5/6 IT Car3",0.00880678446944291,9.09279068289798,0.713432351178479,0.398847152287449,0.753721059320811,0.80676866339796,"cogn_se_lv"
"7336","AC023590.1","Exc L5/6 IT Car3",0.00532873257708235,4.52730260653726,0.0205333653286758,0.886134696269133,0.983710314298651,0.989749193647213,"cogn_se_lv"
"7337","SAMD12-AS1","Exc L5/6 IT Car3",0.0039331529662708,2.8749882345856,0.0140969073646187,0.905552752745722,0.987810604126722,0.992959582197382,"cogn_se_lv"
"7338","MAL2","Exc L5/6 IT Car3",0.00461782546350591,5.12921947770761,0.0750074666686722,0.784332077251654,0.949639734788999,0.968381815291285,"cogn_se_lv"
"7339","MAL2-AS1","Exc L5/6 IT Car3",-0.0374152120213299,1.78840982706435,0.700255468048867,0.403232697469605,0.756337746990521,0.809263228528169,"cogn_se_lv"
"7340","NOV","Exc L5/6 IT Car3",-0.0832853695263459,2.16447665021526,4.57465068643556,0.0330960980922153,0.310578627828777,0.320893718746825,"cogn_se_lv"
"7341","ENPP2","Exc L5/6 IT Car3",-0.0124457310059261,2.30363152932468,0.0865612871227657,0.76875851210652,0.942860274175954,0.964396930581109,"cogn_se_lv"
"7342","TAF2","Exc L5/6 IT Car3",-0.0072490328376459,5.99171025067298,0.570335952611465,0.450601182102409,0.783309836908232,0.834879369997996,"cogn_se_lv"
"7343","DSCC1","Exc L5/6 IT Car3",0.0763313136937703,2.2971947909673,3.87647857838032,0.0497057591890129,0.356516912015847,0.377915254054979,"cogn_se_lv"
"7344","DEPTOR","Exc L5/6 IT Car3",-0.00584517493912439,5.63445236280721,0.062336019215866,0.802978342297433,0.955597215489341,0.973737976661521,"cogn_se_lv"
"7345","AC091563.1","Exc L5/6 IT Car3",-0.0255299943651185,3.15085082244772,0.841685533209936,0.359506896275581,0.72381098033506,0.780693004281546,"cogn_se_lv"
"7346","COL14A1","Exc L5/6 IT Car3",-0.039086866598138,3.0354052174571,1.72021564667336,0.190470551396739,0.578059906526485,0.631813506610987,"cogn_se_lv"
"7347","MRPL13","Exc L5/6 IT Car3",-0.0246758307971098,4.21345777066221,2.53708533521521,0.112045393770348,0.476642299946946,0.52030786934096,"cogn_se_lv"
"7348","MTBP","Exc L5/6 IT Car3",-0.0129131432826654,5.10151764277198,0.781885204048957,0.377133772251166,0.736840009514465,0.793049818416265,"cogn_se_lv"
"7349","SNTB1","Exc L5/6 IT Car3",-0.0162732013953872,7.21956733351668,0.61767051628643,0.432412323561678,0.77353077346411,0.825453644702421,"cogn_se_lv"
"7350","ZHX2","Exc L5/6 IT Car3",-0.0378982958816511,3.80321642522185,1.53969926126703,0.215441029929611,0.60361140553736,0.659575406555482,"cogn_se_lv"
"7351","AC104316.1","Exc L5/6 IT Car3",0.0344130385162443,2.47953187817741,0.592008315588028,0.442129642047786,0.778087500413427,0.830946678704941,"cogn_se_lv"
"7352","DERL1","Exc L5/6 IT Car3",-0.00785141134969698,4.26306768885233,0.25985853528738,0.610518290881661,0.870149703340319,0.909389127915145,"cogn_se_lv"
"7353","TBC1D31","Exc L5/6 IT Car3",-0.00186891697539129,4.58829435575606,0.01528086066394,0.944861591291478,0.994804925328349,0.997626386519645,"cogn_se_lv"
"7354","FAM83A","Exc L5/6 IT Car3",0.110355517076463,1.28175918047223,3.1574007060733,0.0763968660658793,0.41767074594155,0.451147643636301,"cogn_se_lv"
"7355","C8orf76","Exc L5/6 IT Car3",-0.0456089800376865,2.99756952172888,3.19636114378887,0.0746125050423254,0.414543845704472,0.446846624346506,"cogn_se_lv"
"7356","ZHX1-C8orf76","Exc L5/6 IT Car3",0.0566980658839067,2.03948275603447,2.30160771469973,0.130085675361031,0.500474253092376,0.55152295748445,"cogn_se_lv"
"7357","ATAD2","Exc L5/6 IT Car3",0.00989771621325392,5.13787718986176,0.305695665241871,0.580664187051053,0.854958539972831,0.896315125498323,"cogn_se_lv"
"7358","WDYHV1","Exc L5/6 IT Car3",0.020135489307487,3.07841912619591,0.659034346562125,0.417417883934947,0.765302656475441,0.8174555867899,"cogn_se_lv"
"7359","FBXO32","Exc L5/6 IT Car3",-0.0129025002939115,6.79944390978621,1.00372753947309,0.317058544115682,0.691935762044859,0.752293231471637,"cogn_se_lv"
"7360","FAM91A1","Exc L5/6 IT Car3",-0.00751314833628367,4.65292992791051,0.326170788105888,0.568265925722664,0.847123450067246,0.889953541387761,"cogn_se_lv"
"7361","FER1L6","Exc L5/6 IT Car3",0.0645008708390841,1.46125815543154,1.28878467723958,0.256999678073914,0.639693521843368,0.701337146275768,"cogn_se_lv"
"7362","FER1L6-AS2","Exc L5/6 IT Car3",0.113069321996379,2.30116835760967,4.35531129953843,0.0375709607327501,0.324958739062189,0.337870737929152,"cogn_se_lv"
"7363","AC090921.1","Exc L5/6 IT Car3",0.00229873240370792,2.52331442427616,0.00363185504742677,0.951976894893465,0.995965981446551,0.998026461034995,"cogn_se_lv"
"7364","TMEM65","Exc L5/6 IT Car3",-0.0631549285897279,5.79211181822561,12.8321792682848,0.000385758728073251,0.0530679183971385,0.0381451991488982,"cogn_se_lv"
"7365","TRMT12","Exc L5/6 IT Car3",-0.0202484531866966,3.6952685389946,1.21478534814177,0.277729720232155,0.659846663735672,0.719884067699845,"cogn_se_lv"
"7366","RNF139-AS1","Exc L5/6 IT Car3",0.0284017117596509,3.96675672368099,1.54516591501486,0.214629885175459,0.602558897545296,0.658843873109224,"cogn_se_lv"
"7367","RNF139","Exc L5/6 IT Car3",-0.0646751473554656,3.82926111774717,12.0176023239048,0.000588303752423504,0.0599602301311108,0.0481163201917279,"cogn_se_lv"
"7368","TATDN1","Exc L5/6 IT Car3",0.00314905209253836,5.93545321117839,0.0744649358733363,0.834737716933296,0.966576292237489,0.980248700263435,"cogn_se_lv"
"7369","NDUFB9","Exc L5/6 IT Car3",-0.0560266906985112,4.23606335486882,3.46637247865156,0.0634133598175344,0.388692667696058,0.41861207339747,"cogn_se_lv"
"7370","MTSS1","Exc L5/6 IT Car3",-0.00391954518302286,6.04787255070273,0.0548332191211119,0.814985175168251,0.959870452932088,0.976606831175279,"cogn_se_lv"
"7371","LINC00964","Exc L5/6 IT Car3",-0.00334014509188412,2.77029486856411,0.0104400180144664,0.918671461449643,0.990428761581556,0.994640339049422,"cogn_se_lv"
"7372","SQLE","Exc L5/6 IT Car3",-0.000542691339196033,5.82852414136655,0.000873653909357214,0.976435630997202,0.998267578294294,0.999481105410931,"cogn_se_lv"
"7373","WASHC5","Exc L5/6 IT Car3",0.00462415813330736,5.75668113406504,0.144191054544556,0.881094549446,0.981651115697174,0.988923094115778,"cogn_se_lv"
"7374","NSMCE2","Exc L5/6 IT Car3",0.0166766756746733,7.7158577674558,2.40267017147218,0.121974833170428,0.491568598997994,0.538144874298891,"cogn_se_lv"
"7375","TRIB1","Exc L5/6 IT Car3",-0.0440198477304797,1.24033149392143,0.23697210866501,0.626687025205933,0.877111069290588,0.916252873118123,"cogn_se_lv"
"7376","FAM84B","Exc L5/6 IT Car3",-0.0314206947833588,3.76982618021711,1.49163634533694,0.222732735374405,0.611680370701659,0.667969036978568,"cogn_se_lv"
"7377","PCAT1","Exc L5/6 IT Car3",0.00538862881987193,5.37362043501591,0.0589926379250454,0.808228524857037,0.957628531645992,0.975206236651951,"cogn_se_lv"
"7378","MYC","Exc L5/6 IT Car3",-0.131357274899132,1.9760608709234,8.87437567237066,0.00308089483261829,0.130260910642845,0.10980089119535,"cogn_se_lv"
"7379","PVT1","Exc L5/6 IT Car3",0.0387828096575032,5.65179594915017,2.99485454274979,0.0843549701974125,0.431620660664943,0.468816496176793,"cogn_se_lv"
"7380","CCDC26","Exc L5/6 IT Car3",0.0479053310147081,4.47869184632506,1.62560586257158,0.203104069186192,0.5900846796279,0.645328581721678,"cogn_se_lv"
"7381","FAM49B","Exc L5/6 IT Car3",-0.00161277131001592,8.38058133162943,0.025661582713707,0.872816129700395,0.979399269228273,0.987912092330291,"cogn_se_lv"
"7382","AC022973.2","Exc L5/6 IT Car3",0.0330510592417026,2.0655542050452,0.462931245220007,0.496678564483329,0.810277332233811,0.857366884690843,"cogn_se_lv"
"7383","ASAP1","Exc L5/6 IT Car3",0.0205822294579102,8.67234693419861,3.8169783511341,0.051481417863093,0.35981631126162,0.383713731308666,"cogn_se_lv"
"7384","ADCY8","Exc L5/6 IT Car3",-0.153481888458395,2.9996479342987,13.6577604392297,0.000252134266866699,0.0448999322760588,0.0305902474050187,"cogn_se_lv"
"7385","EFR3A","Exc L5/6 IT Car3",-0.0388487990421267,6.96566283069044,9.62402684508829,0.00206650951022776,0.106215720522977,0.0903308466093865,"cogn_se_lv"
"7386","HHLA1","Exc L5/6 IT Car3",0.0837699609643119,2.01801066620889,2.38499548800055,0.123351676945179,0.492748863359404,0.540402930408149,"cogn_se_lv"
"7387","KCNQ3","Exc L5/6 IT Car3",-0.00046971875648401,10.24757120914,0.00104323663299677,0.974250712819929,0.998267578294294,0.999472226793583,"cogn_se_lv"
"7388","LRRC6","Exc L5/6 IT Car3",0.0043713084171272,6.24804115830443,0.115252779086509,0.734432105819527,0.927984616396423,0.954617962088786,"cogn_se_lv"
"7389","PHF20L1","Exc L5/6 IT Car3",-0.0159159190568627,6.69235041820535,2.84067979565493,0.0927401511436805,0.444119599988669,0.485307629986587,"cogn_se_lv"
"7390","TG","Exc L5/6 IT Car3",0.00238465463393711,1.72390640166687,0.00148424765820768,0.969288927636229,0.998267578294294,0.999099628483138,"cogn_se_lv"
"7391","SLA","Exc L5/6 IT Car3",-0.107981595865856,1.51735607050228,4.1050354145649,0.0434657098332142,0.340708463892493,0.359116728479754,"cogn_se_lv"
"7392","WISP1","Exc L5/6 IT Car3",-0.101436821458517,2.41225133281445,2.64284363038191,0.104860247940884,0.46533850369005,0.507222692293786,"cogn_se_lv"
"7393","NDRG1","Exc L5/6 IT Car3",-0.0241628786503025,3.87188184476866,1.15790196721737,0.2825953283447,0.662539096936755,0.723455911896123,"cogn_se_lv"
"7394","ST3GAL1","Exc L5/6 IT Car3",0.0255998147995588,4.29525519011955,0.565187713208712,0.452650799384822,0.784755350388365,0.836043247751699,"cogn_se_lv"
"7395","AC103706.1","Exc L5/6 IT Car3",0.0343374570294395,2.55587569809437,0.815490511809582,0.367083694880091,0.728957169574788,0.785980622856602,"cogn_se_lv"
"7396","AC105180.1","Exc L5/6 IT Car3",-0.0689847992367997,1.81179483879581,1.99110163729836,0.159057746427705,0.540852566841003,0.593248832592812,"cogn_se_lv"
"7397","ZFAT","Exc L5/6 IT Car3",0.00328983195197153,5.13101344506606,0.0346508292847249,0.852430234552834,0.972202557415749,0.984005704164733,"cogn_se_lv"
"7398","LINC01591","Exc L5/6 IT Car3",0.11230536480343,1.63795958385786,4.86262729855599,0.0280530023333108,0.298160017893407,0.298994178146294,"cogn_se_lv"
"7399","KHDRBS3","Exc L5/6 IT Car3",0.00855252406854817,9.17004034687363,0.252019259448906,0.615952500912229,0.873154022128347,0.911749747734488,"cogn_se_lv"
"7400","LINC02055","Exc L5/6 IT Car3",-0.00319432191667281,3.20877405706404,0.00347915078776168,0.952996122339145,0.996305300101858,0.998166953507101,"cogn_se_lv"
"7401","AC046195.1","Exc L5/6 IT Car3",-0.00298495347845339,2.28755962405702,0.00664866215369595,0.93505670480891,0.993382101587914,0.996730078864881,"cogn_se_lv"
"7402","FAM135B","Exc L5/6 IT Car3",-0.0675602931137389,3.34917364724775,2.96249849688116,0.0860438612406371,0.434295997994672,0.472078070529073,"cogn_se_lv"
"7403","KCNK9","Exc L5/6 IT Car3",-0.00739316126829719,4.00756636832083,0.102179465935061,0.749408340223696,0.934362277179534,0.959090179603145,"cogn_se_lv"
"7404","TRAPPC9","Exc L5/6 IT Car3",0.0219070349706274,7.10998398072943,3.02110396414802,0.083011253969066,0.428648673386602,0.465802182314849,"cogn_se_lv"
"7405","AC107375.1","Exc L5/6 IT Car3",0.0569695726096884,2.54016450478873,3.11345971993076,0.0784647860483899,0.420387560324412,0.455828904076194,"cogn_se_lv"
"7406","CHRAC1","Exc L5/6 IT Car3",-0.0232320662340214,2.33179847176606,0.501876140269323,0.479118608015384,0.799764009145411,0.849014837664551,"cogn_se_lv"
"7407","AGO2","Exc L5/6 IT Car3",0.00976592688279929,5.73252813610725,0.457873434805564,0.499038143973839,0.811678136349571,0.858625022332745,"cogn_se_lv"
"7408","PTK2","Exc L5/6 IT Car3",0.00514138533546025,9.28310928911175,0.211526414312293,0.645841120262453,0.886107118392893,0.923339338952618,"cogn_se_lv"
"7409","DENND3","Exc L5/6 IT Car3",0.03393591054015,6.50700335726579,4.70002827110508,0.0307928068767347,0.304222598957164,0.310803863610521,"cogn_se_lv"
"7410","SLC45A4","Exc L5/6 IT Car3",0.0114403554183043,5.21986999221521,0.385513383456505,0.535045767239423,0.827599804634931,0.875332053809648,"cogn_se_lv"
"7411","PTP4A3","Exc L5/6 IT Car3",0.0466426953449129,2.37973687969044,1.58971957903492,0.208152860564514,0.596105791605484,0.651715834153766,"cogn_se_lv"
"7412","TSNARE1","Exc L5/6 IT Car3",0.0158738926552659,5.40890980868934,1.23150064510732,0.267829031697036,0.651064412860114,0.711304107158212,"cogn_se_lv"
"7413","ADGRB1","Exc L5/6 IT Car3",-0.0101051205554247,5.73139887562098,0.320373373138961,0.571723091368866,0.848948154865477,0.891615507524112,"cogn_se_lv"
"7414","ARC","Exc L5/6 IT Car3",-0.11560258767665,3.41773803485561,4.54555329568903,0.0336560337027038,0.311840071453709,0.323091448118596,"cogn_se_lv"
"7415","JRK","Exc L5/6 IT Car3",0.00176851266893728,4.30946390372174,0.0118164403847327,0.913496051136488,0.989073227776396,0.994097060317093,"cogn_se_lv"
"7416","AC108002.1","Exc L5/6 IT Car3",0.122378880258674,1.84176115061061,6.18812485918687,0.013296328045594,0.22684257200978,0.217158850355126,"cogn_se_lv"
"7417","THEM6","Exc L5/6 IT Car3",0.0179626013141334,3.76380796501973,0.685138668662042,0.408351142011889,0.759734535246974,0.812306597455724,"cogn_se_lv"
"7418","GML","Exc L5/6 IT Car3",-0.00694481324778105,2.47037665752331,0.0281932619634357,0.866746105747594,0.976386024918357,0.986809079378017,"cogn_se_lv"
"7419","LY6E-DT","Exc L5/6 IT Car3",0.00334007880667095,5.05813541589281,0.0269980653797829,0.869575257437403,0.977700409991353,0.987223542196963,"cogn_se_lv"
"7420","LY6E","Exc L5/6 IT Car3",-0.0674736452490139,5.69691104071614,5.6399053937234,0.0180602928538222,0.25499807983516,0.247786886876662,"cogn_se_lv"
"7421","LY6H","Exc L5/6 IT Car3",-0.0701917392444174,6.70218386704233,5.9451004463765,0.0152234108606885,0.237374157189459,0.229793396351276,"cogn_se_lv"
"7422","AC138696.1","Exc L5/6 IT Car3",-0.00227461252826467,2.99998047981382,0.00654477944089544,0.935564941295867,0.993597300263451,0.996872927506664,"cogn_se_lv"
"7423","GLI4","Exc L5/6 IT Car3",-0.0242761306128114,3.78158203429674,1.43522980722418,0.231672131938198,0.620423337521824,0.677632567697156,"cogn_se_lv"
"7424","MINCR","Exc L5/6 IT Car3",0.0311224546781116,1.81467330456903,0.489351772909467,0.48465182983328,0.802883924772248,0.851518388973468,"cogn_se_lv"
"7425","ZNF696","Exc L5/6 IT Car3",0.0333760573040768,2.27468701746126,0.953254720576748,0.329523853991082,0.700406022244585,0.76056901926944,"cogn_se_lv"
"7426","TOP1MT","Exc L5/6 IT Car3",-0.0138090459273359,2.75381061075056,0.2430005987045,0.622336819184911,0.8750796656557,0.914216870151405,"cogn_se_lv"
"7427","RHPN1","Exc L5/6 IT Car3",-0.0173923263540401,3.79610203478081,0.684127636331364,0.40869686477641,0.760010240322492,0.812494930908035,"cogn_se_lv"
"7428","ZC3H3","Exc L5/6 IT Car3",-0.0161726837605117,4.54574446642165,0.839051450927992,0.360258947798397,0.724756236159127,0.781201464624566,"cogn_se_lv"
"7429","MROH6","Exc L5/6 IT Car3",-0.0426351913230614,2.46533231140433,1.03757497644398,0.309045175433722,0.684937391982285,0.746094862176482,"cogn_se_lv"
"7430","NAPRT","Exc L5/6 IT Car3",0.0133629458470241,3.14442101104013,0.197146389829266,0.6572911328436,0.890074349880228,0.92763967254482,"cogn_se_lv"
"7431","EEF1D","Exc L5/6 IT Car3",-0.0114588771273951,5.04663296949295,0.625466385528241,0.429524822000963,0.77224147320033,0.824180211967314,"cogn_se_lv"
"7432","TIGD5","Exc L5/6 IT Car3",-0.0544629549654742,2.38009181394258,3.10303988494979,0.0789639789090959,0.42053346783773,0.456818282501606,"cogn_se_lv"
"7433","PYCR3","Exc L5/6 IT Car3",0.0755728251353021,2.65086724501662,4.87555596035319,0.027846388926885,0.297838283113648,0.297993689116767,"cogn_se_lv"
"7434","TSTA3","Exc L5/6 IT Car3",0.00673548654346242,3.01355440579844,0.0542031849456529,0.816031931129655,0.959947755253107,0.976792525428838,"cogn_se_lv"
"7435","ZNF623","Exc L5/6 IT Car3",-0.0240529777092762,4.94489474859,2.28628171004117,0.131367502850095,0.501798428608328,0.553490564370502,"cogn_se_lv"
"7436","ZNF707","Exc L5/6 IT Car3",0.0125372208237293,2.97493649930838,0.304615265817365,0.581333346483964,0.855233062269629,0.896660005544771,"cogn_se_lv"
"7437","MAPK15","Exc L5/6 IT Car3",-0.0204300429178434,2.53818614392236,0.221985919416191,0.637805834636186,0.883276385755741,0.920569809384177,"cogn_se_lv"
"7438","FAM83H","Exc L5/6 IT Car3",0.0561295264934015,1.85578571056826,1.50761599873623,0.220276093296586,0.608597755139415,0.665169861356773,"cogn_se_lv"
"7439","IQANK1","Exc L5/6 IT Car3",0.0461709296175401,3.9787919369198,4.13500394084777,0.042711128500738,0.337945934373189,0.356349934337911,"cogn_se_lv"
"7440","AC105219.4","Exc L5/6 IT Car3",0.0136348910717516,2.24719598562192,0.143009337702362,0.70552219784902,0.912972893710285,0.945220250639013,"cogn_se_lv"
"7441","SCRIB","Exc L5/6 IT Car3",-0.024236121475611,3.12683523982592,1.02233594148493,0.428877947111329,0.771980304800393,0.823891496120758,"cogn_se_lv"
"7442","PUF60","Exc L5/6 IT Car3",-0.0425793664543397,4.25613663581186,2.98964520736886,0.0846244338171102,0.431901923006982,0.469278813593188,"cogn_se_lv"
"7443","NRBP2","Exc L5/6 IT Car3",0.0526856952739157,5.4462785145865,9.69401985706134,0.00199118924455809,0.105201202576441,0.0888402504526325,"cogn_se_lv"
"7444","PLEC","Exc L5/6 IT Car3",0.0074242484093258,6.21181344688673,0.309379856549924,0.578393889830066,0.853788910504609,0.895281408275532,"cogn_se_lv"
"7445","PARP10","Exc L5/6 IT Car3",0.0150034193706536,1.85457179930351,0.126692583156092,0.72208709698522,0.92192802576759,0.95051024279452,"cogn_se_lv"
"7446","GRINA","Exc L5/6 IT Car3",-0.0140630249590313,5.42619069732241,0.387398797000148,0.534049496194091,0.827134422011894,0.874714707931102,"cogn_se_lv"
"7447","EXOSC4","Exc L5/6 IT Car3",-0.0473259749713733,2.62530689576768,1.28936491422223,0.256892797018515,0.639693521843368,0.701263388672038,"cogn_se_lv"
"7448","GPAA1","Exc L5/6 IT Car3",-0.0244419390811613,4.21317292091939,0.991517247230113,0.320016183976111,0.693607301690158,0.754138350460897,"cogn_se_lv"
"7449","CYC1","Exc L5/6 IT Car3",-0.0579966591999001,4.20233096463201,2.88873447299252,0.0900331573251501,0.440139830667427,0.479907461946249,"cogn_se_lv"
"7450","SHARPIN","Exc L5/6 IT Car3",0.00132876906908713,3.9497752056009,0.00458253445185691,0.946065097854269,0.994804925328349,0.997626386519645,"cogn_se_lv"
"7451","MAF1","Exc L5/6 IT Car3",-0.0606329634333505,4.13629494060897,6.47601872068991,0.0113353650178211,0.214164403886737,0.20235241357879,"cogn_se_lv"
"7452","WDR97","Exc L5/6 IT Car3",0.0272726191603246,2.53688713639948,0.392729710278634,0.531250691306363,0.826671325785064,0.873362364778599,"cogn_se_lv"
"7453","MROH1","Exc L5/6 IT Car3",0.00338567454650067,6.75388151530048,0.0520178001177152,0.819713375569295,0.96194556303092,0.977237147560409,"cogn_se_lv"
"7454","BOP1","Exc L5/6 IT Car3",-0.0501822924698609,3.48813598275675,3.76191125094579,0.0531848837559254,0.365571845021747,0.389909603281778,"cogn_se_lv"
"7455","SCX","Exc L5/6 IT Car3",-0.0276299941088156,3.52190017512928,1.06896263050641,0.301848534060651,0.679307849352746,0.7400368971822,"cogn_se_lv"
"7456","HSF1","Exc L5/6 IT Car3",-0.00544196719560725,4.82642290574413,0.180590726991198,0.671110666013481,0.896973919231145,0.932567959024951,"cogn_se_lv"
"7457","DGAT1","Exc L5/6 IT Car3",-0.0375664136308953,3.78703788562712,3.46427468864221,0.0634930651647375,0.388692667696058,0.418838074552249,"cogn_se_lv"
"7458","SCRT1","Exc L5/6 IT Car3",0.0118569073294353,4.1591908661585,0.330007530867322,0.566000313336406,0.845631096321382,0.889083250009163,"cogn_se_lv"
"7459","SLC52A2","Exc L5/6 IT Car3",-0.00860111194803883,2.61370476000716,0.0716045644892315,0.789162339065001,0.950735457329848,0.969973228690039,"cogn_se_lv"
"7460","FBXL6","Exc L5/6 IT Car3",0.0114937925488694,2.99470975475488,0.164763386160164,0.685040647990717,0.901848749589734,0.937820022915245,"cogn_se_lv"
"7461","ADCK5","Exc L5/6 IT Car3",-0.00449262523253883,3.77326189421028,0.0542567648252356,0.81594266329334,0.959947755253107,0.976792525428838,"cogn_se_lv"
"7462","CPSF1","Exc L5/6 IT Car3",-0.0202783935972062,4.06546183393368,0.973360035014473,0.324482002640349,0.697162923444783,0.757376044590151,"cogn_se_lv"
"7463","SLC39A4","Exc L5/6 IT Car3",0.0434601663178995,1.68944552696514,0.679148950423617,0.410405626979002,0.760981036049017,0.813539293592405,"cogn_se_lv"
"7464","VPS28","Exc L5/6 IT Car3",-0.0394529453726791,5.2410383409455,3.87148893544167,0.049852137404685,0.356516912015847,0.378263291054996,"cogn_se_lv"
"7465","TONSL","Exc L5/6 IT Car3",0.0156481520165926,2.28137062748361,0.20568962260139,0.650430280912844,0.88742216518162,0.92468094404444,"cogn_se_lv"
"7466","CYHR1","Exc L5/6 IT Car3",-0.0117076167037792,5.85255374622847,0.644267544418182,0.422679875256771,0.76923863843178,0.82039110884995,"cogn_se_lv"
"7467","KIFC2","Exc L5/6 IT Car3",-0.0307354427562594,6.49164818027283,5.1046467592911,0.0244373422994125,0.287790493323633,0.283092083357845,"cogn_se_lv"
"7468","PPP1R16A","Exc L5/6 IT Car3",-0.0230695727644892,4.03483924579138,2.1416216900102,0.144190928759373,0.520632076517234,0.572651079101797,"cogn_se_lv"
"7469","MFSD3","Exc L5/6 IT Car3",-0.0269423927019849,3.25130202767428,0.771472208324525,0.38032640687742,0.739202622123787,0.795652640928069,"cogn_se_lv"
"7470","RECQL4","Exc L5/6 IT Car3",-0.0423257709541275,2.16434344900913,1.28762793055305,0.257212917942115,0.639795143306394,0.701584470946313,"cogn_se_lv"
"7471","AC084125.4","Exc L5/6 IT Car3",-0.00896439014814067,2.54048776333773,0.0897786537569158,0.764625334540013,0.941599981785033,0.963195785448264,"cogn_se_lv"
"7472","LRRC14","Exc L5/6 IT Car3",-0.0361083447449051,3.08662455422397,2.1957083370699,0.139238340800064,0.512650254763871,0.565058797422582,"cogn_se_lv"
"7473","LRRC24","Exc L5/6 IT Car3",0.029333644245443,3.56903253948867,1.10516670596939,0.293814382743023,0.672512011030238,0.73293235365202,"cogn_se_lv"
"7474","ARHGAP39","Exc L5/6 IT Car3",0.0140053630158043,5.81790976384739,0.975240814630633,0.32401560717743,0.696678939990315,0.756895438614788,"cogn_se_lv"
"7475","ZNF251","Exc L5/6 IT Car3",0.0113554680300703,6.09407127072313,0.939176712797859,0.333116495153307,0.70300741172083,0.76277956192172,"cogn_se_lv"
"7476","ZNF34","Exc L5/6 IT Car3",-0.00377197731985576,3.37050920459648,0.0295608018459141,0.863583630256978,0.975238631468659,0.986514022133092,"cogn_se_lv"
"7477","RPL8","Exc L5/6 IT Car3",-0.0362450462239367,5.85135961967255,1.12291599754004,0.289975898370694,0.66967723228166,0.729604189056334,"cogn_se_lv"
"7478","ZNF517","Exc L5/6 IT Car3",0.000374541577671158,2.25149930299573,0.000138959494042398,0.990600959254908,0.999242764926216,0.999870711362408,"cogn_se_lv"
"7479","ZNF7","Exc L5/6 IT Car3",0.0360207231042955,4.08261755761538,2.94789293343344,0.0868182297476118,0.434656003843769,0.47320480342252,"cogn_se_lv"
"7480","COMMD5","Exc L5/6 IT Car3",0.016475377580882,2.9912513204935,0.456231260610911,0.507882674232838,0.816581107025008,0.862954814524494,"cogn_se_lv"
"7481","ZNF250","Exc L5/6 IT Car3",0.0344564528058792,3.98303923006735,3.71118392933137,0.0548071968713526,0.370877075559755,0.395555220042836,"cogn_se_lv"
"7482","ZNF16","Exc L5/6 IT Car3",0.0044252901741886,3.68097312212521,0.0513224127446362,0.820901822813085,0.962566023092828,0.977461533273221,"cogn_se_lv"
"7483","C8orf33","Exc L5/6 IT Car3",0.0127839292702243,3.31126108815497,0.265508585848494,0.606665376509223,0.868357528318167,0.907602834873023,"cogn_se_lv"
"7484","WASHC1","Exc L5/6 IT Car3",0.00624051287483742,6.2272393711959,0.235439141116288,0.627804134362174,0.877724956801957,0.916795137939335,"cogn_se_lv"
"7485","CBWD1","Exc L5/6 IT Car3",-0.00442927095557371,4.39097313474918,0.0762934761758961,0.782537374982916,0.949259099943806,0.96813335135937,"cogn_se_lv"
"7486","DOCK8","Exc L5/6 IT Car3",-0.05286176321527,1.76593670165226,1.12045211257036,0.290504889270601,0.670094461312132,0.729928711007035,"cogn_se_lv"
"7487","KANK1","Exc L5/6 IT Car3",-0.035212017897357,2.94091188655371,1.02280872538187,0.312508100115041,0.687409988072963,0.74904474015839,"cogn_se_lv"
"7488","SMARCA2","Exc L5/6 IT Car3",0.00332427756229594,8.04956800577789,0.105287574398273,0.745755870731332,0.933596030449178,0.958012379578755,"cogn_se_lv"
"7489","VLDLR-AS1","Exc L5/6 IT Car3",0.0111882831585235,6.81339424001774,0.270955420184661,0.602999866979417,0.866657447965374,0.905941008356454,"cogn_se_lv"
"7490","VLDLR","Exc L5/6 IT Car3",-0.011788027319117,4.35346221389694,0.297977627241535,0.585478779224929,0.855943612830974,0.898524617668764,"cogn_se_lv"
"7491","KCNV2","Exc L5/6 IT Car3",0.0692303568893867,2.02382116039652,1.76933426903166,0.184275751103237,0.570735110564343,0.624892008448273,"cogn_se_lv"
"7492","PUM3","Exc L5/6 IT Car3",0.0276869525637508,6.93982800110998,6.26875451136083,0.0127141780314513,0.223880091423382,0.213075657997523,"cogn_se_lv"
"7493","RFX3","Exc L5/6 IT Car3",-0.0154074784596415,7.16299971650601,1.36686192268763,0.243097026540309,0.628150308672828,0.687446957973174,"cogn_se_lv"
"7494","RFX3-AS1","Exc L5/6 IT Car3",0.0270550950947362,4.89113605189008,0.941871401068245,0.332424788703918,0.702267329876911,0.762165655254275,"cogn_se_lv"
"7495","GLIS3","Exc L5/6 IT Car3",-0.0248955579343254,3.25998748784763,0.471099123204386,0.49290762084649,0.807787583655423,0.855800671581994,"cogn_se_lv"
"7496","SLC1A1","Exc L5/6 IT Car3",0.0139038063008622,5.47597080181318,1.07673315667275,0.300100509075771,0.678001590527909,0.738472857589793,"cogn_se_lv"
"7497","SPATA6L","Exc L5/6 IT Car3",0.016935355284674,5.38934303081741,0.839467985928996,0.360139879242607,0.724611418687896,0.781131841953477,"cogn_se_lv"
"7498","CDC37L1","Exc L5/6 IT Car3",-0.0095915499196585,4.69447636548536,0.487956817389731,0.485274638681937,0.803137615799012,0.851889583804285,"cogn_se_lv"
"7499","AK3","Exc L5/6 IT Car3",-0.00140137770915037,4.69165067165305,0.0050763188209947,0.943238265571095,0.994804925328349,0.997626386519645,"cogn_se_lv"
"7500","RCL1","Exc L5/6 IT Car3",-0.000173183510862013,5.36879183512124,0.000117141080147253,0.991370301639047,0.999242764926216,0.999870711362408,"cogn_se_lv"
"7501","JAK2","Exc L5/6 IT Car3",-0.0158197007164189,7.52723455533401,0.887864176702823,0.346665524431912,0.715260611242374,0.772052729633665,"cogn_se_lv"
"7502","PLGRKT","Exc L5/6 IT Car3",0.0398802757947546,4.15831158334599,2.8746004282049,0.0908202974583771,0.441806185372861,0.481687881125243,"cogn_se_lv"
"7503","PDCD1LG2","Exc L5/6 IT Car3",0.120860076618057,1.42123219573096,4.81030854132212,0.0289056152568385,0.300376380015357,0.302833737163245,"cogn_se_lv"
"7504","RIC1","Exc L5/6 IT Car3",0.0126454228495598,5.94067146122093,0.996616385961152,0.318776645228939,0.692808967221059,0.753391997175238,"cogn_se_lv"
"7505","ERMP1","Exc L5/6 IT Car3",-0.0155331761974693,4.51963751441309,0.860383979925165,0.354229988073458,0.720378933172708,0.777305393190896,"cogn_se_lv"
"7506","KIAA2026","Exc L5/6 IT Car3",-0.0202909284260898,6.99780793362941,5.36128978644896,0.0211294478073738,0.273598817644315,0.26729443440074,"cogn_se_lv"
"7507","RANBP6","Exc L5/6 IT Car3",-0.0219865416955654,4.2896374590695,1.26406803432131,0.261604180166985,0.645236871475413,0.70551752939896,"cogn_se_lv"
"7508","UHRF2","Exc L5/6 IT Car3",-0.00209732490489328,5.99602847228171,0.0300127118487698,0.862555192818871,0.974960696887198,0.986278634068545,"cogn_se_lv"
"7509","AL133480.1","Exc L5/6 IT Car3",0.0325611561317898,2.6822060524158,0.691623582125207,0.406143803389732,0.758598647331963,0.8110088746953,"cogn_se_lv"
"7510","GLDC","Exc L5/6 IT Car3",0.0163818760130976,6.11696278392212,0.832988374903624,0.361998284138439,0.725902799363033,0.782441674625197,"cogn_se_lv"
"7511","AL162411.1","Exc L5/6 IT Car3",0.0170421097728221,3.82663160240467,0.385348085958733,0.535133273005507,0.827599804634931,0.875332053809648,"cogn_se_lv"
"7512","KDM4C","Exc L5/6 IT Car3",0.0126811566855331,7.7886550045064,1.24380326276603,0.265456050702911,0.648368293972036,0.709217357032913,"cogn_se_lv"
"7513","DMAC1","Exc L5/6 IT Car3",-0.0244995208778562,4.4474995445723,1.86376495938058,0.173012226120232,0.559485520597349,0.6112367031552,"cogn_se_lv"
"7514","PTPRD","Exc L5/6 IT Car3",0.0195521187144301,10.4294522440151,2.37144436437143,0.124419024041945,0.493380257666976,0.541739311998097,"cogn_se_lv"
"7515","PTPRD-AS1","Exc L5/6 IT Car3",-0.00456718184988456,1.94091086092632,0.0118328457020327,0.913436260162025,0.989073227776396,0.994093314602145,"cogn_se_lv"
"7516","AL596451.1","Exc L5/6 IT Car3",0.0382576871406819,2.72669370527288,0.735543374742819,0.391641970404075,0.748369744787523,0.802586553580914,"cogn_se_lv"
"7517","PTPRD-AS2","Exc L5/6 IT Car3",0.071031223118058,1.99709563209023,3.15405497468727,0.0765522315461931,0.417779731736139,0.451552959124848,"cogn_se_lv"
"7518","LURAP1L-AS1","Exc L5/6 IT Car3",0.00376310033065464,1.97859796785929,0.0042167299459818,0.948259400939693,0.994804925328349,0.997804640603097,"cogn_se_lv"
"7519","LURAP1L","Exc L5/6 IT Car3",0.00206498080450578,3.57541087374746,0.00838990889617144,0.927067757688818,0.991538479686899,0.995639170360381,"cogn_se_lv"
"7520","MPDZ","Exc L5/6 IT Car3",-0.00470035351584609,7.456554259977,0.131166423479503,0.717430432904756,0.91938797180035,0.948973616214115,"cogn_se_lv"
"7521","NFIB","Exc L5/6 IT Car3",0.010294381425025,5.34282213267394,0.15135039859128,0.69746978778407,0.9083967611377,0.942116496767345,"cogn_se_lv"
"7522","AL159169.2","Exc L5/6 IT Car3",0.00683320198005247,2.92845614694946,0.0713819192270542,0.997619199282593,0.999366489598402,0.999954262357359,"cogn_se_lv"
"7523","ZDHHC21","Exc L5/6 IT Car3",-0.00290630955942725,7.53969933609621,0.0640770107527138,0.800303579299648,0.954925844797372,0.972994746357176,"cogn_se_lv"
"7524","FREM1","Exc L5/6 IT Car3",0.0390026329890679,4.62233556509373,1.48618999737151,0.223577539892209,0.612738431418316,0.669056458591871,"cogn_se_lv"
"7525","TTC39B","Exc L5/6 IT Car3",-0.0122168913366527,6.04071746418445,0.823868304530842,0.364636561582937,0.727288320731131,0.78452223365411,"cogn_se_lv"
"7526","SNAPC3","Exc L5/6 IT Car3",0.000305350939967892,5.7847975138892,0.000946402990979207,0.975474443223542,0.998267578294294,0.999481105410931,"cogn_se_lv"
"7527","PSIP1","Exc L5/6 IT Car3",-0.0333410909170707,6.92082865044749,7.57017370169972,0.00622320655589042,0.168915606517026,0.154161468484643,"cogn_se_lv"
"7528","CCDC171","Exc L5/6 IT Car3",0.0158162641752103,7.54531081874357,1.10925265231017,0.292925011395008,0.672251107272469,0.732009938949674,"cogn_se_lv"
"7529","BNC2","Exc L5/6 IT Car3",-0.0102037198602607,2.01995941884686,0.0538442436263044,0.816631155850275,0.959947755253107,0.976917099072405,"cogn_se_lv"
"7530","AL162725.2","Exc L5/6 IT Car3",0.0399475030494239,1.12542452594651,0.391809292434676,0.531732028000211,0.826671325785064,0.873615105887916,"cogn_se_lv"
"7531","CNTLN","Exc L5/6 IT Car3",-0.0400670795107186,5.17546854981259,4.46814709737527,0.0351945518262862,0.316011757646758,0.329046986962319,"cogn_se_lv"
"7532","SH3GL2","Exc L5/6 IT Car3",-0.000712289941529771,9.36097699029976,0.0042125192232813,0.948285204467069,0.994804925328349,0.997804640603097,"cogn_se_lv"
"7533","ADAMTSL1","Exc L5/6 IT Car3",-0.145843547580194,6.5147944736737,17.1285571982296,4.32016106799769e-05,0.0208974326527638,0.0114723721590511,"cogn_se_lv"
"7534","RRAGA","Exc L5/6 IT Car3",-0.0538751139410962,4.78929216010135,2.84865669759854,0.0922847236666577,0.443820957188104,0.484728630536665,"cogn_se_lv"
"7535","HAUS6","Exc L5/6 IT Car3",-0.0157727523806836,4.11751615401557,0.766913126257202,0.381736270965069,0.740402552467578,0.796621606396843,"cogn_se_lv"
"7536","PLIN2","Exc L5/6 IT Car3",-0.0104101722365515,1.84984509057629,0.0504884746309243,0.822338278340875,0.963149627371847,0.97769553220176,"cogn_se_lv"
"7537","DENND4C","Exc L5/6 IT Car3",0.00219566843966205,6.57202146414778,0.0409586529307405,0.839727894350871,0.968498535398303,0.981285104855597,"cogn_se_lv"
"7538","RPS6","Exc L5/6 IT Car3",-0.0410066012525772,5.79792858983044,0.969615007887267,0.325413347159732,0.697897354067486,0.758050724553713,"cogn_se_lv"
"7539","ACER2","Exc L5/6 IT Car3",0.0785499916976089,4.37233419095786,11.3530009876073,0.000831738652077524,0.072622810473438,0.0583757183265287,"cogn_se_lv"
"7540","SLC24A2","Exc L5/6 IT Car3",0.0223518096883493,9.48841752423631,4.19197328757055,0.0413145686448457,0.334651453069991,0.35187491353548,"cogn_se_lv"
"7541","MLLT3","Exc L5/6 IT Car3",-0.00771672434816537,7.79421569063946,0.347258504587894,0.556025232918478,0.840188978670092,0.884973165766861,"cogn_se_lv"
"7542","FOCAD","Exc L5/6 IT Car3",-0.0201438172539219,8.10254066072245,3.24929254409812,0.0722599143017924,0.411120177857518,0.440820419023154,"cogn_se_lv"
"7543","KLHL9","Exc L5/6 IT Car3",-0.0202386056269201,4.31298809515213,1.27734055983012,0.259119014424206,0.641957764325263,0.703232068557217,"cogn_se_lv"
"7544","AL359922.1","Exc L5/6 IT Car3",-0.0144122072810115,2.11264771479305,0.123051602702333,0.725945735285684,0.924234676668431,0.952016710936023,"cogn_se_lv"
"7545","LINC01239","Exc L5/6 IT Car3",0.0488530866154945,1.65346375186602,0.660275122703514,0.416980204882553,0.765198602555065,0.817093101924491,"cogn_se_lv"
"7546","AL391117.1","Exc L5/6 IT Car3",-0.0177431323096311,2.32878847546377,0.201759116687273,0.653565066185529,0.888556645135312,0.925774362965417,"cogn_se_lv"
"7547","AL445623.2","Exc L5/6 IT Car3",-0.00419525468102965,5.60548419375379,0.0601212178737378,0.806439054244927,0.956414642971442,0.974425491077267,"cogn_se_lv"
"7548","ELAVL2","Exc L5/6 IT Car3",-0.000347048241626392,6.79836600572535,0.00118996255501601,0.972500183423968,0.998267578294294,0.999253534602025,"cogn_se_lv"
"7549","TUSC1","Exc L5/6 IT Car3",-0.0336756113059988,3.19558398988602,1.16776951239812,0.280556961082281,0.66182178938709,0.722124816775879,"cogn_se_lv"
"7550","CAAP1","Exc L5/6 IT Car3",0.0106024033952342,4.75114628296986,0.528097905269983,0.467862619729225,0.792908899640213,0.843964193167957,"cogn_se_lv"
"7551","PLAA","Exc L5/6 IT Car3",0.00585662419836341,5.34550388113187,0.282644805805054,0.806887991368959,0.956631689368855,0.974598687640442,"cogn_se_lv"
"7552","IFT74","Exc L5/6 IT Car3",0.0174369105252114,4.81365179087703,1.24287724435217,0.265633748932625,0.648553801378637,0.709407216199827,"cogn_se_lv"
"7553","TEK","Exc L5/6 IT Car3",-0.0345019906734468,2.02442126200486,0.532616574712058,0.465966108940499,0.791612586002238,0.842849818009973,"cogn_se_lv"
"7554","MOB3B","Exc L5/6 IT Car3",0.0288291154985647,5.0352391922664,1.70851736523178,0.191981602492596,0.579559996540025,0.633544049805257,"cogn_se_lv"
"7555","C9orf72","Exc L5/6 IT Car3",-0.0271524318384474,4.88360546657543,3.46555364493473,0.0634444585802549,0.388692667696058,0.418727181314369,"cogn_se_lv"
"7556","LINGO2","Exc L5/6 IT Car3",0.0209126294413167,6.66205704535103,0.35928419696439,0.549267288192865,0.836869969833501,0.881932705272519,"cogn_se_lv"
"7557","LINC01242","Exc L5/6 IT Car3",0.0384326242008909,2.50547717296946,1.13841296313309,0.286676772827415,0.666712157982136,0.727324099928756,"cogn_se_lv"
"7558","ACO1","Exc L5/6 IT Car3",0.000963654650987951,5.90238007750525,0.00622421734125855,0.937159397471302,0.994224741262758,0.997226423542895,"cogn_se_lv"
"7559","DDX58","Exc L5/6 IT Car3",-0.0300411600600212,4.06956372284838,1.9574304395591,0.162617888742541,0.546200198111679,0.597838026323895,"cogn_se_lv"
"7560","TOPORS","Exc L5/6 IT Car3",-0.0302654098990505,4.6014589995629,4.02392280915046,0.0455795914254646,0.346321641588235,0.364268991865379,"cogn_se_lv"
"7561","SMIM27","Exc L5/6 IT Car3",-0.0145686612113398,2.83938142481969,0.24784541315336,0.618889136569317,0.873641849271671,0.912741488148277,"cogn_se_lv"
"7562","NDUFB6","Exc L5/6 IT Car3",-0.0486107122481093,5.54090778716018,9.61184929312699,0.00207990743660834,0.106215720522977,0.0906679125296596,"cogn_se_lv"
"7563","APTX","Exc L5/6 IT Car3",0.046547342451957,5.64435560733073,11.7576446032216,0.000673489295392328,0.0634733663558085,0.0521999975046217,"cogn_se_lv"
"7564","DNAJA1","Exc L5/6 IT Car3",-0.0299315365110685,6.0977313186592,1.27280735404115,0.259964508352928,0.643120685348267,0.703877981841598,"cogn_se_lv"
"7565","SMU1","Exc L5/6 IT Car3",0.00822529481749323,4.91915812566413,0.537568978843735,0.624824816352203,0.875858814433045,0.915281565177237,"cogn_se_lv"
"7566","B4GALT1","Exc L5/6 IT Car3",0.0213039845535381,3.04780260389721,0.664138725913435,0.415621696620652,0.764207635721845,0.816318520304336,"cogn_se_lv"
"7567","BAG1","Exc L5/6 IT Car3",-0.0217616657305105,3.49009008903231,0.583469644118776,0.445437561898651,0.780357407072003,0.832588836473996,"cogn_se_lv"
"7568","CHMP5","Exc L5/6 IT Car3",-0.044601834193726,4.86456600737482,5.92293925928519,0.0154129452684177,0.238397213749697,0.231199971189087,"cogn_se_lv"
"7569","NFX1","Exc L5/6 IT Car3",0.0173666391034516,6.65981712153956,2.15772840637901,0.142695591792428,0.518923714008852,0.570498100867942,"cogn_se_lv"
"7570","AQP3","Exc L5/6 IT Car3",-0.099562993709478,1.22033228779237,2.73265465984546,0.0991556016434662,0.455068891362772,0.496101152569641,"cogn_se_lv"
"7571","NOL6","Exc L5/6 IT Car3",0.00946044539297397,3.40091786217049,0.15595466029577,0.693133924770415,0.90570071150743,0.940574997489846,"cogn_se_lv"
"7572","ANKRD18B","Exc L5/6 IT Car3",0.0254534136525038,3.52012535527798,0.53763837658605,0.463872849209091,0.791025279703923,0.841978475241238,"cogn_se_lv"
"7573","CYP4F26P","Exc L5/6 IT Car3",0.0645736591374258,2.08442226386391,2.11463587672801,0.146736147405225,0.524447122286674,0.576782378810209,"cogn_se_lv"
"7574","AL356489.3","Exc L5/6 IT Car3",-0.0337203499092965,3.81238506070427,3.15486288206243,0.0765146835954549,0.417779731736139,0.451488000037409,"cogn_se_lv"
"7575","AL356489.2","Exc L5/6 IT Car3",-0.00832840782210337,2.59958312623995,0.0820105678039469,0.77474972226988,0.945176236681209,0.965910418040516,"cogn_se_lv"
"7576","PRSS3","Exc L5/6 IT Car3",-0.0283154801695652,6.52282569173679,5.76099915244376,0.0168742443896346,0.246858004901593,0.240783724638937,"cogn_se_lv"
"7577","UBE2R2","Exc L5/6 IT Car3",0.000659343339778318,7.10662003633032,0.00503434235487121,0.94347304003654,0.994804925328349,0.997626386519645,"cogn_se_lv"
"7578","UBAP2","Exc L5/6 IT Car3",0.0252602474868124,6.25932766829236,4.43109829072054,0.0359569041547089,0.317634449276949,0.331748775615847,"cogn_se_lv"
"7579","AL354989.1","Exc L5/6 IT Car3",0.0120291304416214,1.71064957362819,0.0544835623801243,0.815565316435787,0.959947755253107,0.976720827208247,"cogn_se_lv"
"7580","DCAF12","Exc L5/6 IT Car3",-0.00922683253485109,4.05464049671542,0.290862999780765,0.673745851458441,0.898522413686777,0.933653886295721,"cogn_se_lv"
"7581","UBAP1","Exc L5/6 IT Car3",0.0277364865721206,5.87580178070487,6.30092254878505,0.0124893264712322,0.222360094926259,0.211553787779942,"cogn_se_lv"
"7582","KIF24","Exc L5/6 IT Car3",0.0347937944741849,2.76491486318231,1.3691818539456,0.24269824509049,0.627705353144976,0.687049330654613,"cogn_se_lv"
"7583","NUDT2","Exc L5/6 IT Car3",0.0376887456995715,3.85232945252895,3.55740461766777,0.060055639870211,0.381451216509512,0.409238192862803,"cogn_se_lv"
"7584","MYORG","Exc L5/6 IT Car3",0.0303542462446489,1.91055448524086,0.561650452083878,0.454067544509462,0.785539138032057,0.836917303943713,"cogn_se_lv"
"7585","C9orf24","Exc L5/6 IT Car3",0.00552264182546539,4.26375879245706,0.0485371139897471,0.825748954656895,0.964501852775472,0.978368878599101,"cogn_se_lv"
"7586","FAM219A","Exc L5/6 IT Car3",0.00185104607379192,6.04900550563479,0.0280383241725753,0.86710933493974,0.976386024918357,0.986852254670782,"cogn_se_lv"
"7587","DNAI1","Exc L5/6 IT Car3",0.0654373568200668,3.4280153479518,6.05957249502746,0.0142820686027124,0.231815143965396,0.223796015576761,"cogn_se_lv"
"7588","ENHO","Exc L5/6 IT Car3",-0.0520186420782985,3.22212774484696,2.81755282537006,0.0940744685053909,0.446632276036572,0.487102620402451,"cogn_se_lv"
"7589","CNTFR","Exc L5/6 IT Car3",-0.0441180406650514,3.56337897584539,4.53478986702565,0.0338656706669858,0.312653072324482,0.323883582064549,"cogn_se_lv"
"7590","RPP25L","Exc L5/6 IT Car3",0.0622387767171056,2.18445273093979,2.13645220584985,0.144674607302982,0.520632076517234,0.573222210744051,"cogn_se_lv"
"7591","DCTN3","Exc L5/6 IT Car3",-0.0235914818655335,4.83611848739972,0.668116276598602,0.41422997749446,0.76329240710795,0.815599114652757,"cogn_se_lv"
"7592","SIGMAR1","Exc L5/6 IT Car3",0.0167935560255861,3.37124516832514,0.453503195791089,0.501092315231984,0.81339634336254,0.859619190288988,"cogn_se_lv"
"7593","GALT","Exc L5/6 IT Car3",0.0652823669559235,2.5722423183817,3.86455971940002,0.0500561748105544,0.357418346557766,0.378820418008611,"cogn_se_lv"
"7594","IL11RA","Exc L5/6 IT Car3",0.026410880190422,3.42601630857124,1.00987942854866,0.315582015776958,0.689985398892937,0.751119319948704,"cogn_se_lv"
"7595","AL162231.1","Exc L5/6 IT Car3",-0.0122788397581051,3.42261466708677,0.139682841101086,0.708808471618793,0.914566085994274,0.94629799345929,"cogn_se_lv"
"7596","AL162231.2","Exc L5/6 IT Car3",0.06247851086653,2.410815459383,3.36854585793627,0.0672469730407112,0.39725488026192,0.427899202286046,"cogn_se_lv"
"7597","PHF24","Exc L5/6 IT Car3",-0.0042254790812504,5.5766944907454,0.0782821653110936,0.779793815768062,0.947871521945559,0.967492039393753,"cogn_se_lv"
"7598","DNAJB5","Exc L5/6 IT Car3",-0.0736230308766994,2.56709502189533,3.14139200141661,0.0771433576452989,0.418925996528281,0.452942524702586,"cogn_se_lv"
"7599","VCP","Exc L5/6 IT Car3",0.00219038389360752,5.86849416917936,0.0261944374831396,0.871513849195516,0.978632506066073,0.987684285222277,"cogn_se_lv"
"7600","FANCG","Exc L5/6 IT Car3",0.00709592141735539,2.28748103375406,0.0390870470894297,0.859526828324155,0.973786136438871,0.985377473702883,"cogn_se_lv"
"7601","STOML2","Exc L5/6 IT Car3",-0.0204913357304266,3.85431857955927,0.51243673606509,0.47453299001572,0.796880570101521,0.846948451214211,"cogn_se_lv"
"7602","FAM214B","Exc L5/6 IT Car3",0.00778415109642288,3.4976157604309,0.132800610471447,0.779063962510267,0.947435352274437,0.967279481906235,"cogn_se_lv"
"7603","UNC13B","Exc L5/6 IT Car3",0.00390445301891285,7.01468364539012,0.119919816369717,0.72931637434266,0.925018872682836,0.953054317557942,"cogn_se_lv"
"7604","RUSC2","Exc L5/6 IT Car3",-0.00877677408327916,6.30826830704165,0.633185422359827,0.426694465441677,0.770935410090093,0.822838604887675,"cogn_se_lv"
"7605","TESK1","Exc L5/6 IT Car3",-0.0209601628791283,3.86880716912131,0.836400972156673,0.36101787554501,0.724943115287327,0.781569880676282,"cogn_se_lv"
"7606","CCDC107","Exc L5/6 IT Car3",-0.0337905457929901,4.01993090094386,1.53419761658256,0.216261064092601,0.604697997162996,0.66070083434434,"cogn_se_lv"
"7607","TPM2","Exc L5/6 IT Car3",-0.055727198795402,2.44760645763118,2.050551690515,0.152986960226071,0.533772232572938,0.585112823799155,"cogn_se_lv"
"7608","TLN1","Exc L5/6 IT Car3",-0.0184241993116109,3.90798137363987,1.18812707838578,0.276410075828775,0.658982923376521,0.718706546830371,"cogn_se_lv"
"7609","CREB3","Exc L5/6 IT Car3",-0.0733910273890629,3.42699010574642,5.93460173079207,0.0153128990570112,0.238045976249901,0.230394501710577,"cogn_se_lv"
"7610","GBA2","Exc L5/6 IT Car3",-0.0116264277184601,4.96971223126303,0.749774610124484,0.38710319894615,0.744564517533253,0.799555992519047,"cogn_se_lv"
"7611","RGP1","Exc L5/6 IT Car3",0.0328265105149082,4.32563262949304,5.06331696940567,0.103829226438972,0.463168636201676,0.504989326494214,"cogn_se_lv"
"7612","AL133410.1","Exc L5/6 IT Car3",0.0343633962914566,3.81359237259634,3.20993597212783,0.0740013902393381,0.413387076509406,0.445146230079207,"cogn_se_lv"
"7613","NPR2","Exc L5/6 IT Car3",0.019089889428995,2.86039035036934,0.490011218803964,0.48435786585389,0.802742575435211,0.851351657472282,"cogn_se_lv"
"7614","SPAG8","Exc L5/6 IT Car3",0.0223946541138185,2.51088947478309,0.455085899330204,0.500346729101281,0.812595977215263,0.85924148179348,"cogn_se_lv"
"7615","HINT2","Exc L5/6 IT Car3",-0.0128889854110813,2.12073360928286,0.0821596143389674,0.77455068289006,0.945176236681209,0.965862904646413,"cogn_se_lv"
"7616","TMEM8B","Exc L5/6 IT Car3",0.0190745028402251,4.33392486893244,1.63908663023346,0.201244995059668,0.589081266774287,0.643423038903367,"cogn_se_lv"
"7617","SPAAR","Exc L5/6 IT Car3",0.141295596574203,2.54170973046606,11.2497874922314,0.000877837210975632,0.0750550815384165,0.0599653453165488,"cogn_se_lv"
"7618","RECK","Exc L5/6 IT Car3",0.0295490962408471,5.62681622220077,6.12714544828392,0.0137548431608391,0.229163659196484,0.220320352972735,"cogn_se_lv"
"7619","CLTA","Exc L5/6 IT Car3",-0.01534437544177,6.2227937770995,0.862222508360356,0.353716893304502,0.719780905455015,0.776834306087619,"cogn_se_lv"
"7620","GNE","Exc L5/6 IT Car3",0.0323416282139194,4.20933172493063,3.43784873994894,0.064506355778729,0.390386478739536,0.421298450602195,"cogn_se_lv"
"7621","RNF38","Exc L5/6 IT Car3",0.00989084763967777,6.55417488687525,0.880797831613373,0.348589466867854,0.716260600146365,0.773288591884029,"cogn_se_lv"
"7622","EBLN3P","Exc L5/6 IT Car3",-0.00958441898489146,4.8092166684789,0.30160078295614,0.583208629445465,0.855777482563133,0.897419295033931,"cogn_se_lv"
"7623","ZCCHC7","Exc L5/6 IT Car3",0.0111717304916579,8.29253105181379,1.09691073035847,0.295622028759235,0.673857210578909,0.734195575388485,"cogn_se_lv"
"7624","GRHPR","Exc L5/6 IT Car3",-0.0367748441868109,4.26044028932773,3.6314488108044,0.0574646173514432,0.376670850125698,0.402437159986001,"cogn_se_lv"
"7625","ZBTB5","Exc L5/6 IT Car3",-0.00476761246754489,3.63890684137555,0.0529757716290877,0.891973275062086,0.985673059754829,0.990763014902327,"cogn_se_lv"
"7626","POLR1E","Exc L5/6 IT Car3",0.00583854801111663,2.38607642100808,0.0322700014373523,0.857533723649676,0.973621837474622,0.985091885608501,"cogn_se_lv"
"7627","FBXO10","Exc L5/6 IT Car3",-0.0191254714047284,2.96636815781444,0.492051803491405,0.634018569892606,0.881742679856471,0.91924346452154,"cogn_se_lv"
"7628","AL513165.2","Exc L5/6 IT Car3",0.0460782090699138,2.3403219765823,1.98414161364259,0.159786279514184,0.542012528482101,0.594337062783889,"cogn_se_lv"
"7629","AL138752.2","Exc L5/6 IT Car3",0.00490616782548992,5.21331171302207,0.131360496105766,0.980233838273435,0.998390354534415,0.999857088577015,"cogn_se_lv"
"7630","FRMPD1","Exc L5/6 IT Car3",-0.0707107165767313,4.50440351828859,8.81194994468111,0.00318554097166132,0.131218826837242,0.111832940567136,"cogn_se_lv"
"7631","TRMT10B","Exc L5/6 IT Car3",0.0289815481443735,4.98910148865853,2.16840472095482,0.141714060385198,0.516710686678187,0.568942412984762,"cogn_se_lv"
"7632","DCAF10","Exc L5/6 IT Car3",0.0013319559652051,6.83745283250467,0.0215504116635255,0.883368590588916,0.982622493848624,0.989303651647034,"cogn_se_lv"
"7633","ALDH1B1","Exc L5/6 IT Car3",0.0284594851303049,1.60902673353451,0.311582054181474,0.577045278743787,0.8524406642222,0.894614423084037,"cogn_se_lv"
"7634","FAM95C","Exc L5/6 IT Car3",-0.000472000030155326,3.08682300803564,0.000341761875981087,0.985260372453529,0.998390354534415,0.999870711362408,"cogn_se_lv"
"7635","ANKRD18A","Exc L5/6 IT Car3",-0.0489608498538719,3.55840350898995,3.35897939346031,0.0676349887724914,0.397778528980524,0.428629290922778,"cogn_se_lv"
"7636","FAM201A","Exc L5/6 IT Car3",-0.0273114134704888,2.22747346729932,0.562722464798278,0.453637446550705,0.785272251809322,0.836588128525616,"cogn_se_lv"
"7637","AL845311.1","Exc L5/6 IT Car3",0.0230821774691871,1.80990268940427,0.213437473329488,0.644355240498432,0.885485383965838,0.92275979549153,"cogn_se_lv"
"7638","CNTNAP3","Exc L5/6 IT Car3",-0.0573557619232192,5.61519219517726,7.32012656809129,0.00713099895844587,0.179292384929981,0.163932054237157,"cogn_se_lv"
"7639","GLIDR","Exc L5/6 IT Car3",0.026995236997558,5.25376732573176,2.26596018042951,0.133089014531042,0.504492594490823,0.555940395299936,"cogn_se_lv"
"7640","FAM95B1","Exc L5/6 IT Car3",-0.0162474725626704,4.5372988898536,0.684589787055711,0.408538778838304,0.759899904075599,0.812450414154766,"cogn_se_lv"
"7641","BMS1P14","Exc L5/6 IT Car3",-0.00148879052651179,4.4828525635711,0.00306441936653419,0.955883480024336,0.996920944446838,0.998428000651427,"cogn_se_lv"
"7642","FP325318.1","Exc L5/6 IT Car3",0.0273463987744132,1.91335668623746,0.249517845817387,0.617708761592896,0.873592503670942,0.912301292343687,"cogn_se_lv"
"7643","AL353626.1","Exc L5/6 IT Car3",0.0314816209156606,3.76482807054833,0.536773904923141,0.464232117448118,0.79119444669795,0.842174321931697,"cogn_se_lv"
"7644","CBWD6","Exc L5/6 IT Car3",-0.015439210915904,4.70969009487399,0.596782315004537,0.4402966878358,0.776403982764389,0.829784202792321,"cogn_se_lv"
"7645","AL845472.1","Exc L5/6 IT Car3",-0.0189581047713039,1.43502583776596,0.125805261828696,0.723021650107217,0.922279585176135,0.950779486769133,"cogn_se_lv"
"7646","AL591926.2","Exc L5/6 IT Car3",0.0393534389280386,2.18346321338782,0.707670718569483,0.400756163304001,0.754433881567932,0.807844360606854,"cogn_se_lv"
"7647","CNTNAP3B","Exc L5/6 IT Car3",-0.0369719458656616,7.80043469196197,1.90541514858941,0.168298618790814,0.554407265935314,0.605425413667368,"cogn_se_lv"
"7648","AL445584.2","Exc L5/6 IT Car3",0.00523139284210134,2.06170368816289,0.0170333463249127,0.896231699721967,0.986220413743843,0.991582872431728,"cogn_se_lv"
"7649","AL591441.1","Exc L5/6 IT Car3",0.0269155781274434,2.59461801944417,0.576643841930129,0.44810960777342,0.781994201568538,0.833894324656532,"cogn_se_lv"
"7650","BX088645.1","Exc L5/6 IT Car3",-0.0642375497025359,2.32398197098173,3.00524552222813,0.0838202520678619,0.431065009578357,0.467830694226163,"cogn_se_lv"
"7651","FAM27C","Exc L5/6 IT Car3",0.0358946898434502,1.92292920239759,0.644950245121248,0.422434419614736,0.76923863843178,0.820226586708262,"cogn_se_lv"
"7652","AL391987.2","Exc L5/6 IT Car3",0.0429945725325299,3.76458871921249,3.04447230617721,0.0818345356595001,0.425484291824225,0.463290562412719,"cogn_se_lv"
"7653","AL391987.3","Exc L5/6 IT Car3",0.0707918833020741,1.6224997778054,1.16193694646685,0.281759550094855,0.662539096936755,0.723061852302285,"cogn_se_lv"
"7654","CR769775.2","Exc L5/6 IT Car3",0.0816404132427101,2.60764908460483,4.22294875848852,0.0405755253116242,0.332081439658407,0.348703746592248,"cogn_se_lv"
"7655","LINC01410","Exc L5/6 IT Car3",0.0532276406295515,1.92864839083045,1.62112233964813,0.203726863139854,0.590812761802429,0.646214357047872,"cogn_se_lv"
"7656","AL512625.3","Exc L5/6 IT Car3",0.0176197169977966,3.86054379804773,0.43981845304459,0.50761898982732,0.816537950024118,0.862873677615864,"cogn_se_lv"
"7657","AL512625.1","Exc L5/6 IT Car3",0.0301660504486604,2.16685783862819,0.598639181134501,0.439586913709738,0.776403982764389,0.829541233518089,"cogn_se_lv"
"7658","ANKRD20A4","Exc L5/6 IT Car3",-0.0182095804413769,3.28456948388658,0.305682499269776,0.58067233226515,0.854958539972831,0.896315125498323,"cogn_se_lv"
"7659","CBWD5","Exc L5/6 IT Car3",-0.0146254023382699,6.33484627806653,1.16944908166049,0.280211864645424,0.661515981507294,0.72189112579827,"cogn_se_lv"
"7660","AL136317.2","Exc L5/6 IT Car3",-0.00171415440189804,4.7970965190554,0.00759627176070644,0.93059372649676,0.991816455834028,0.995925713518617,"cogn_se_lv"
"7661","ANKRD20A3","Exc L5/6 IT Car3",-0.0143328099355172,2.94864626582206,0.28595652057818,0.593141455708326,0.860392400593103,0.902051092686825,"cogn_se_lv"
"7662","ZNF658","Exc L5/6 IT Car3",0.0197606288821083,4.43564521879077,1.48604993582165,0.22359931612621,0.612738431418316,0.669071463741756,"cogn_se_lv"
"7663","ANKRD20A1","Exc L5/6 IT Car3",-0.0298919456618689,2.76204253073643,0.921308889234211,0.337752181317847,0.707982303252748,0.766022364099963,"cogn_se_lv"
"7664","CBWD3","Exc L5/6 IT Car3",0.00917166096332449,4.1869287147173,0.234426175678158,0.628544774610952,0.878152787491429,0.917207682944545,"cogn_se_lv"
"7665","PGM5","Exc L5/6 IT Car3",0.0172899720791886,2.46449829457283,0.193496394257219,0.660276697398333,0.891999506053401,0.928875529658435,"cogn_se_lv"
"7666","AL161457.2","Exc L5/6 IT Car3",-0.00438231641552292,4.0143225410984,0.0440462419870385,0.8338819818948,0.966446547282248,0.980101681025672,"cogn_se_lv"
"7667","PIP5K1B","Exc L5/6 IT Car3",0.0055112018386032,3.69042604262519,0.0454634946758473,0.831270320531019,0.966177555530849,0.979539454075623,"cogn_se_lv"
"7668","FAM189A2","Exc L5/6 IT Car3",0.0606561409434842,2.71305738434451,2.34948404598726,0.126170648857749,0.495981171371839,0.544425086581978,"cogn_se_lv"
"7669","APBA1","Exc L5/6 IT Car3",0.0172734436876211,7.43461595895743,2.20618785624031,0.138301093563573,0.511278844569633,0.56374985029277,"cogn_se_lv"
"7670","AL353693.1","Exc L5/6 IT Car3",-0.00415634332270291,2.04465785921059,0.00342631356488673,0.953353995787495,0.996544046401518,0.998183389766206,"cogn_se_lv"
"7671","PTAR1","Exc L5/6 IT Car3",-0.00302731606812649,4.81790595141124,0.0363509510323011,0.848896103811,0.971136553429121,0.98320800719379,"cogn_se_lv"
"7672","MAMDC2-AS1","Exc L5/6 IT Car3",0.0530335303158229,4.01310259009994,2.76312396174518,0.0972982805884891,0.452119727734555,0.492884484262132,"cogn_se_lv"
"7673","MAMDC2","Exc L5/6 IT Car3",-0.00455521044611385,8.40099851493986,0.121615772802667,0.727485024927547,0.924823143203354,0.952629411698333,"cogn_se_lv"
"7674","SMC5-AS1","Exc L5/6 IT Car3",0.0393242152629585,3.2639515689908,1.86286142047203,0.173116154816631,0.559485520597349,0.611282104088613,"cogn_se_lv"
"7675","SMC5","Exc L5/6 IT Car3",-0.0096796387176572,6.87877826830248,0.596810744153624,0.440285807699073,0.776403982764389,0.829784202792321,"cogn_se_lv"
"7676","KLF9","Exc L5/6 IT Car3",0.0130930454016029,4.8444174247671,0.536761936857888,0.464237094411489,0.79119444669795,0.842174321931697,"cogn_se_lv"
"7677","TRPM3","Exc L5/6 IT Car3",-0.0368126118988304,3.60668730657203,1.07440025285537,0.300623932093784,0.678408078698151,0.738921939771285,"cogn_se_lv"
"7678","CEMIP2","Exc L5/6 IT Car3",-0.041088738671443,6.80846001489718,7.77207205240982,0.00557718018676678,0.16103715398563,0.146717085458029,"cogn_se_lv"
"7679","ABHD17B","Exc L5/6 IT Car3",0.0181763418461568,4.70622331868751,1.43180015761342,0.23222950842832,0.62070373996385,0.677856229890439,"cogn_se_lv"
"7680","C9orf85","Exc L5/6 IT Car3",0.0175958371909977,5.13160234572578,1.33593315292258,0.248490911246767,0.632948547515349,0.693143210274165,"cogn_se_lv"
"7681","GDA","Exc L5/6 IT Car3",0.0104846937973718,2.97158463691289,0.0947501520859267,0.758394509158137,0.93891814785164,0.961700221506294,"cogn_se_lv"
"7682","ZFAND5","Exc L5/6 IT Car3",-0.0146994140874246,6.52170806514484,0.681532800816027,0.409586142604636,0.760469385291995,0.812953679715904,"cogn_se_lv"
"7683","TMC1","Exc L5/6 IT Car3",-0.009260300286371,1.64019405863518,0.0399600092735161,0.841667531701833,0.969567300255171,0.981690831643636,"cogn_se_lv"
"7684","ALDH1A1","Exc L5/6 IT Car3",-0.0699050791232139,5.63104010360882,6.97297786478817,0.00862202275092057,0.194279546320157,0.178909382217607,"cogn_se_lv"
"7685","ANXA1","Exc L5/6 IT Car3",-0.0970524755818005,5.27055512730771,8.82345642347742,0.003165983055993,0.131218826837242,0.11141306790182,"cogn_se_lv"
"7686","RORB","Exc L5/6 IT Car3",-0.123902489986653,2.49858908828679,5.12679344614694,0.0241317120252171,0.287562526453343,0.281768502892334,"cogn_se_lv"
"7687","TRPM6","Exc L5/6 IT Car3",-0.00228339595301356,1.91570736218571,0.00222743952956555,0.962382421837976,0.997243837334127,0.998755858281755,"cogn_se_lv"
"7688","C9orf40","Exc L5/6 IT Car3",0.0238024321819864,3.36801161655203,0.942480061769167,0.332268815987363,0.702034195228654,0.762109524800828,"cogn_se_lv"
"7689","C9orf41-AS1","Exc L5/6 IT Car3",0.0307869258991723,3.27235331184627,1.54961931326453,0.213971779687201,0.602306235531188,0.6581432876549,"cogn_se_lv"
"7690","CARNMT1","Exc L5/6 IT Car3",0.0437895646450306,5.43307054164888,9.33773408779119,0.0024060931609685,0.114643262375558,0.0970117319325442,"cogn_se_lv"
"7691","NMRK1","Exc L5/6 IT Car3",0.0205832473373604,4.63797749183771,1.14660758314615,0.284951560947505,0.664478831642375,0.725570943007715,"cogn_se_lv"
"7692","OSTF1","Exc L5/6 IT Car3",-0.000924550003637887,4.55527417720429,0.00330894819570748,0.954158967343932,0.996776168030349,0.99825732469581,"cogn_se_lv"
"7693","PCSK5","Exc L5/6 IT Car3",0.0492206139044644,6.79314369290016,4.96397964834225,0.0264752340169666,0.293458540761524,0.291849058553229,"cogn_se_lv"
"7694","RFK","Exc L5/6 IT Car3",-0.0153239013430942,4.54695205219929,0.440119071945286,0.507474050061731,0.816537950024118,0.862873677615864,"cogn_se_lv"
"7695","GCNT1","Exc L5/6 IT Car3",0.0171166957608015,4.2289738092398,0.614461506388467,0.433609485553923,0.77353077346411,0.826027562231227,"cogn_se_lv"
"7696","PRUNE2","Exc L5/6 IT Car3",0.0144239832121771,7.12064332219146,2.08590749385704,0.149501779398457,0.528550195012568,0.580583830867642,"cogn_se_lv"
"7697","PCA3","Exc L5/6 IT Car3",0.0318253970123413,3.10231016765505,1.10048765458785,0.294837112760699,0.672929139961069,0.733590647357159,"cogn_se_lv"
"7698","VPS13A","Exc L5/6 IT Car3",-0.000151643352785674,8.19695375586106,0.000218473875805383,0.988214896359595,0.998638339521102,0.999870711362408,"cogn_se_lv"
"7699","GNA14","Exc L5/6 IT Car3",0.0173620598557748,3.12727611214146,0.344116572009771,0.557816848159374,0.841069980716446,0.885971283795282,"cogn_se_lv"
"7700","GNA14-AS1","Exc L5/6 IT Car3",-0.0135132225683896,1.24191642350168,0.045131744878815,0.831877799512934,0.966233912038042,0.97957741407664,"cogn_se_lv"
"7701","GNAQ","Exc L5/6 IT Car3",0.0116833405037881,8.60747568630106,1.84512357221443,0.175171108426357,0.562431534966993,0.614368533471795,"cogn_se_lv"
"7702","CEP78","Exc L5/6 IT Car3",-0.0197818842621804,5.59388045873237,3.32612608880756,0.068985927611451,0.402079989558762,0.431997753758893,"cogn_se_lv"
"7703","PSAT1","Exc L5/6 IT Car3",0.0219682032408386,2.74980114761483,0.251266007517907,0.616480212342231,0.873193350247372,0.911790025705719,"cogn_se_lv"
"7704","TLE4","Exc L5/6 IT Car3",-0.0308626933425115,7.33617952561081,5.58615378267696,0.0186141569484365,0.258548624040107,0.251464671390442,"cogn_se_lv"
"7705","TLE1","Exc L5/6 IT Car3",-0.00744590120507395,5.57939876902435,0.279278066092936,0.597488507222631,0.863088804782832,0.903808657249347,"cogn_se_lv"
"7706","AL591368.1","Exc L5/6 IT Car3",-0.0340772431957842,3.35203471164556,1.09918619442982,0.295122393411211,0.673246538921525,0.733783802987254,"cogn_se_lv"
"7707","FRMD3","Exc L5/6 IT Car3",0.0755469621819173,4.23578143985248,9.21327586876221,0.00257097630487332,0.118111418901494,0.100250495133823,"cogn_se_lv"
"7708","IDNK","Exc L5/6 IT Car3",0.0607804066557385,3.37589028923639,4.28431036206818,0.0391523455458628,0.328374252780152,0.34382627415855,"cogn_se_lv"
"7709","UBQLN1","Exc L5/6 IT Car3",-0.00326377867377953,6.27676297574051,0.10333818106819,0.748039609413201,0.933897613787942,0.958583472029119,"cogn_se_lv"
"7710","GKAP1","Exc L5/6 IT Car3",0.00218434805283014,4.6572556880529,0.0150023184737419,0.902581600560732,0.987810604126722,0.992744989013678,"cogn_se_lv"
"7711","AL354733.2","Exc L5/6 IT Car3",-0.0118255359932276,2.50596768198139,0.16048648044818,0.688937965193138,0.903438589325358,0.939053630436375,"cogn_se_lv"
"7712","KIF27","Exc L5/6 IT Car3",0.000985509263477007,4.89435087656262,0.00461236661404594,0.945890094935305,0.994804925328349,0.997626386519645,"cogn_se_lv"
"7713","C9orf64","Exc L5/6 IT Car3",0.00661223132421544,2.43230944040383,0.0480786088785952,0.826560735384637,0.964853369680616,0.978612027064977,"cogn_se_lv"
"7714","HNRNPK","Exc L5/6 IT Car3",-0.0327873493990287,6.15663329954989,3.34490531256167,0.0682102086651762,0.399754421689666,0.430303303351841,"cogn_se_lv"
"7715","RMI1","Exc L5/6 IT Car3",0.00712675122596161,3.50842120912261,0.0974701197966482,0.755061112053352,0.937042961505232,0.960696407794208,"cogn_se_lv"
"7716","NTRK2","Exc L5/6 IT Car3",-0.0742942225029178,8.68594192146723,20.4970298843704,8.04116258053283e-06,0.00773459325715001,0.00433744656168309,"cogn_se_lv"
"7717","AGTPBP1","Exc L5/6 IT Car3",-0.00827402590141738,7.55494728101064,0.720094492469959,0.396656178768465,0.752468370823162,0.805464034585502,"cogn_se_lv"
"7718","AL353743.2","Exc L5/6 IT Car3",0.032648671068303,2.31668278149849,0.88902582438695,0.356578931569691,0.722146112069242,0.779040027505419,"cogn_se_lv"
"7719","NAA35","Exc L5/6 IT Car3",0.00588675053686179,6.90698490542753,0.263435485534936,0.608073005671184,0.869079082213924,0.908150739375318,"cogn_se_lv"
"7720","GOLM1","Exc L5/6 IT Car3",-0.0140982012279138,6.79814196063184,2.56658750987996,0.109987905683176,0.473219591142339,0.516376548350825,"cogn_se_lv"
"7721","C9orf153","Exc L5/6 IT Car3",0.0860807440880896,2.95628838413511,3.66609056619645,0.0562935854320872,0.373928928056421,0.399097585527231,"cogn_se_lv"
"7722","ISCA1","Exc L5/6 IT Car3",-0.0271582209290524,5.36756114474259,2.62198355459524,0.106236255917988,0.468398136422684,0.510087376650648,"cogn_se_lv"
"7723","TUT7","Exc L5/6 IT Car3",0.00235808714777714,5.4773860748227,0.0351778812238434,0.851325208320219,0.971734403029605,0.983734912474774,"cogn_se_lv"
"7724","GAS1RR","Exc L5/6 IT Car3",0.0292933902842203,2.56413387815857,0.644734312933243,0.422512031941065,0.76923863843178,0.820226586708262,"cogn_se_lv"
"7725","DAPK1","Exc L5/6 IT Car3",-0.000132122650407436,6.81871005516071,9.66148891617375e-05,0.992162735151251,0.999242764926216,0.999870711362408,"cogn_se_lv"
"7726","CTSL","Exc L5/6 IT Car3",0.00621395371142004,3.5932014614964,0.0746495444989325,0.784834517293854,0.949650382982342,0.968520912403561,"cogn_se_lv"
"7727","CDK20","Exc L5/6 IT Car3",-0.0307770944925474,3.05842319676808,1.57578788532319,0.210152893733745,0.598377655682482,0.653389828305277,"cogn_se_lv"
"7728","SPIN1","Exc L5/6 IT Car3",0.0157839705674883,7.33053747365516,3.39667828502238,0.066119697368705,0.395522426611321,0.42540159948476,"cogn_se_lv"
"7729","NXNL2","Exc L5/6 IT Car3",0.105123922389659,1.97421615285168,5.94093442737617,0.0152588559362326,0.237445695509222,0.229900058437064,"cogn_se_lv"
"7730","SHC3","Exc L5/6 IT Car3",0.00073025163582618,8.40244869465945,0.00217058316959082,0.962865275052696,0.997271804095964,0.998755858281755,"cogn_se_lv"
"7731","CKS2","Exc L5/6 IT Car3",-0.00568662476974357,1.57069913686388,0.0091014364886057,0.924047104238762,0.991029770627074,0.995245789241456,"cogn_se_lv"
"7732","SECISBP2","Exc L5/6 IT Car3",0.0162015584778685,5.92214458707598,1.2701576122504,0.260460301079725,0.643933178091079,0.704260847058842,"cogn_se_lv"
"7733","SEMA4D","Exc L5/6 IT Car3",0.00422138310617271,6.25073016033768,0.069361276007265,0.792414203468921,0.952010506743692,0.970940509945732,"cogn_se_lv"
"7734","GADD45G","Exc L5/6 IT Car3",0.00909928303762913,1.76196866978765,0.0185822650024395,0.891644266728982,0.985521780017167,0.990632829516715,"cogn_se_lv"
"7735","DIRAS2","Exc L5/6 IT Car3",0.0192961545054407,4.76734353981656,0.601883370512656,0.438351059881807,0.775975546585761,0.8287287483571,"cogn_se_lv"
"7736","AL158071.1","Exc L5/6 IT Car3",-0.0423406734823256,2.48057849216251,1.48277830739472,0.224108702514461,0.613161410079566,0.669692034754116,"cogn_se_lv"
"7737","AL158071.4","Exc L5/6 IT Car3",-0.0997511676874227,3.38170925118327,12.1062348208108,0.000561829826307713,0.0587797472442996,0.0470804744861414,"cogn_se_lv"
"7738","AUH","Exc L5/6 IT Car3",0.0168177968109183,6.81206453546641,2.3976900918513,0.122361038315966,0.49197586118719,0.538872774677663,"cogn_se_lv"
"7739","NFIL3","Exc L5/6 IT Car3",-0.0823905831822703,3.19463837124501,7.9122265963071,0.00516948679102502,0.157541389532426,0.141300092273833,"cogn_se_lv"
"7740","ROR2","Exc L5/6 IT Car3",0.0810737658297109,3.45094602912856,6.96108275255667,0.00867845311761027,0.194412508704544,0.179393950223941,"cogn_se_lv"
"7741","SPTLC1","Exc L5/6 IT Car3",0.0060512832772396,5.45785555388252,0.303335471138512,0.582128010884935,0.855297114028453,0.897054617574353,"cogn_se_lv"
"7742","IARS","Exc L5/6 IT Car3",-0.00379692463735134,6.48556423494792,0.0994929390056884,0.752615058777993,0.93593557561559,0.960065055036331,"cogn_se_lv"
"7743","NOL8","Exc L5/6 IT Car3",-0.00268831423397697,4.43805714130803,0.0286664589059983,0.865643073633676,0.975917288346808,0.986646235379923,"cogn_se_lv"
"7744","CENPP","Exc L5/6 IT Car3",0.0528699374880006,6.87270792663412,6.5018616840555,0.011174604433483,0.214164403886737,0.201216957012461,"cogn_se_lv"
"7745","OGN","Exc L5/6 IT Car3",0.0435520859903694,1.82326153238186,0.797997842659787,0.372267601099368,0.732849002408768,0.789526266083702,"cogn_se_lv"
"7746","OMD","Exc L5/6 IT Car3",-0.0235143952598296,1.81014258444118,0.192207132130734,0.661339300683991,0.892260176867416,0.929078758958205,"cogn_se_lv"
"7747","ASPN","Exc L5/6 IT Car3",0.0767665072710893,1.93922236891465,2.2746596653038,0.132348973084779,0.503174578995738,0.555289752599983,"cogn_se_lv"
"7748","ECM2","Exc L5/6 IT Car3",0.0555139051194148,2.21125388421518,1.47044113782231,0.226042177226012,0.614844310270117,0.671538073623122,"cogn_se_lv"
"7749","IPPK","Exc L5/6 IT Car3",0.0217724048617467,5.76320718234836,3.3588453524308,0.0676404425173509,0.397778528980524,0.428629290922778,"cogn_se_lv"
"7750","BICD2","Exc L5/6 IT Car3",-0.000846485599360921,4.79031158760977,0.00391890321464797,0.95896667740404,0.997053628956036,0.998555548513014,"cogn_se_lv"
"7751","ZNF484","Exc L5/6 IT Car3",0.0305207136455989,4.18360060246958,3.06434148752153,0.0808482293382773,0.423792319317469,0.460919901101267,"cogn_se_lv"
"7752","CARD19","Exc L5/6 IT Car3",-0.00317331684182083,4.46791166512283,0.0323819795997799,0.857289414849123,0.973621837474622,0.985073999215388,"cogn_se_lv"
"7753","NINJ1","Exc L5/6 IT Car3",-0.0785401998360303,2.33428940236652,4.30107965123654,0.0387726307697929,0.327903038577323,0.342526373251284,"cogn_se_lv"
"7754","WNK2","Exc L5/6 IT Car3",0.0112496790528733,7.57765392684966,1.2541229211378,0.263485756974066,0.646414577423356,0.707473259476443,"cogn_se_lv"
"7755","C9orf129","Exc L5/6 IT Car3",0.0113577267446268,4.99587747736694,0.619725524503236,0.431648316743656,0.773515637015884,0.825145510310571,"cogn_se_lv"
"7756","FAM120AOS","Exc L5/6 IT Car3",0.0185585565707877,4.41025745052939,1.30658872233002,0.253745017128452,0.637874913431022,0.698309248819861,"cogn_se_lv"
"7757","FAM120A","Exc L5/6 IT Car3",-0.00928423296348588,7.38959541948918,0.871414284539719,0.351166863223946,0.718391336570056,0.774776654847212,"cogn_se_lv"
"7758","PHF2","Exc L5/6 IT Car3",-0.00322436223488533,4.53336350007603,0.0442927901555697,0.833424531488453,0.966446547282248,0.980097497109394,"cogn_se_lv"
"7759","PTPDC1","Exc L5/6 IT Car3",0.000627027219898717,6.55887154527472,0.00297547909544466,0.956527756697961,0.996920944446838,0.99851955510395,"cogn_se_lv"
"7760","AL158152.2","Exc L5/6 IT Car3",0.00538117433424251,4.35650864065559,0.0798023291458305,0.777721873531036,0.946718698160727,0.966948095931999,"cogn_se_lv"
"7761","ZNF169","Exc L5/6 IT Car3",0.0410157414396611,4.6246026829968,7.41645593635267,0.0067661817109764,0.175601242043721,0.160189151349546,"cogn_se_lv"
"7762","AL691447.2","Exc L5/6 IT Car3",0.0168770838526697,2.08796585011084,0.152779801669282,0.696115663184465,0.907933051341995,0.9416686768478,"cogn_se_lv"
"7763","MFSD14B","Exc L5/6 IT Car3",0.0152732923690188,4.9803275681839,1.63776821548181,0.201425923013232,0.589092082292679,0.643689993301357,"cogn_se_lv"
"7764","PCAT7","Exc L5/6 IT Car3",0.0309694252710861,1.88356258116051,0.388813522633504,0.533304148628458,0.826852127109796,0.87432032515485,"cogn_se_lv"
"7765","FBP1","Exc L5/6 IT Car3",-0.0134814182741447,1.60073502532653,0.0604615414822584,0.805902938771063,0.956354177213454,0.974332906904194,"cogn_se_lv"
"7766","C9orf3","Exc L5/6 IT Car3",0.0185261052828646,7.79727822241124,1.80617532110466,0.179783132217574,0.566621738397059,0.61994040708354,"cogn_se_lv"
"7767","FANCC","Exc L5/6 IT Car3",-0.0335771379561171,5.37473543690245,4.18827741590139,0.041403691885168,0.334651453069991,0.352193565442158,"cogn_se_lv"
"7768","PTCH1","Exc L5/6 IT Car3",0.0232086658985888,4.86557773925852,1.80548363300678,0.179866300583146,0.566621738397059,0.619941724179009,"cogn_se_lv"
"7769","AL354861.2","Exc L5/6 IT Car3",0.0348559050499866,2.109279809996,0.661616982638067,0.416507637001362,0.764831468017058,0.816943713412197,"cogn_se_lv"
"7770","LINC00476","Exc L5/6 IT Car3",0.0163607345420657,6.25108094630392,1.05251399860576,0.305592452138189,0.68219724955131,0.743108921600054,"cogn_se_lv"
"7771","ERCC6L2","Exc L5/6 IT Car3",-0.00101778518799289,6.9456420030742,0.0088228446309889,0.92521510724089,0.991196077697388,0.995470927775795,"cogn_se_lv"
"7772","ZNF367","Exc L5/6 IT Car3",-0.00148962300371514,2.79158666126544,0.00246447624599782,0.960433012004084,0.997053628956036,0.998624442872572,"cogn_se_lv"
"7773","HABP4","Exc L5/6 IT Car3",-0.00193305414228037,6.71821618854513,0.0332685367219589,0.855370367884378,0.972881064401809,0.984644860433994,"cogn_se_lv"
"7774","CDC14B","Exc L5/6 IT Car3",-0.0161990758687255,7.49184877212742,0.945552616796262,0.331482947692749,0.701336618778032,0.761801328451834,"cogn_se_lv"
"7775","AAED1","Exc L5/6 IT Car3",-0.0097487933651163,2.85683519319442,0.122372092666093,0.726672944088308,0.924561558326642,0.952290558437047,"cogn_se_lv"
"7776","AL589843.1","Exc L5/6 IT Car3",0.0236722054475573,5.91205541447426,2.11217086711401,0.146971162368214,0.524769296018485,0.577165341267468,"cogn_se_lv"
"7777","ZNF510","Exc L5/6 IT Car3",0.000681578756126451,4.32116768898204,0.00235607935321782,0.96131224809626,0.997053628956036,0.998669553021838,"cogn_se_lv"
"7778","ZNF782","Exc L5/6 IT Car3",0.00879605623441812,5.78791515111855,0.426154286971435,0.514283449926173,0.818677978297294,0.866183284002212,"cogn_se_lv"
"7779","MFSD14C","Exc L5/6 IT Car3",0.00405170615747762,6.72163309105899,0.167659747362292,0.682434702652922,0.901317393902574,0.93694182267116,"cogn_se_lv"
"7780","AL590705.1","Exc L5/6 IT Car3",0.0352366357267244,4.88991723852565,2.07240172479238,0.150822349516426,0.52980681518096,0.582245549820851,"cogn_se_lv"
"7781","CCDC180","Exc L5/6 IT Car3",0.00382074739103503,5.19681171271168,0.0514833585014135,0.820626010066706,0.962315932255913,0.977377090238329,"cogn_se_lv"
"7782","TDRD7","Exc L5/6 IT Car3",0.0225062735383189,4.53949777517305,1.90084149779097,0.16880893030119,0.555240315737403,0.606434902852679,"cogn_se_lv"
"7783","TMOD1","Exc L5/6 IT Car3",-0.0115537514571636,6.0178823469202,0.759647008535581,0.383998642156935,0.742172676735286,0.798070450914459,"cogn_se_lv"
"7784","TSTD2","Exc L5/6 IT Car3",0.0143919294506746,4.94721642629538,1.15673165050689,0.282838327932065,0.662539096936755,0.723626200225245,"cogn_se_lv"
"7785","NCBP1","Exc L5/6 IT Car3",0.00546701310579679,4.67985515380911,0.170269625410121,0.680108940508937,0.900862474773406,0.936057530119696,"cogn_se_lv"
"7786","XPA","Exc L5/6 IT Car3",0.00754310983669875,5.52056462811905,0.452045977414871,0.501780462090229,0.813655179809147,0.859998093208443,"cogn_se_lv"
"7787","TRMO","Exc L5/6 IT Car3",-0.0156775461645311,2.86857212845764,0.317886511618156,0.653769150264573,0.888560566491041,0.925878236053128,"cogn_se_lv"
"7788","HEMGN","Exc L5/6 IT Car3",-0.00824504578611195,1.35064085692653,0.0146737613665393,0.903648978521732,0.987810604126722,0.992773661220141,"cogn_se_lv"
"7789","ANP32B","Exc L5/6 IT Car3",-0.00154403837143499,4.0844601245987,0.00755401515646453,0.93078655436068,0.991816455834028,0.995925713518617,"cogn_se_lv"
"7790","NANS","Exc L5/6 IT Car3",0.0323865384378741,3.51002402790112,1.56136212988551,0.212247972096112,0.599907491379093,0.655971459313612,"cogn_se_lv"
"7791","TRIM14","Exc L5/6 IT Car3",0.0287089776404323,5.22244046845576,2.84542149652651,0.0924691371000875,0.444048634498986,0.485175744238352,"cogn_se_lv"
"7792","CORO2A","Exc L5/6 IT Car3",0.0421017729962197,4.17440886901747,4.28293094857613,0.0391837541125566,0.328374252780152,0.343945248884322,"cogn_se_lv"
"7793","TBC1D2","Exc L5/6 IT Car3",0.0274457195885811,3.52694482093471,1.47452589182157,0.225399801554988,0.614766622420133,0.670972884822881,"cogn_se_lv"
"7794","GABBR2","Exc L5/6 IT Car3",0.00918482916213767,8.23871690775146,0.555369388318494,0.456600497578513,0.78761282870806,0.838538471007851,"cogn_se_lv"
"7795","ANKS6","Exc L5/6 IT Car3",0.0333616229467202,5.78827122200104,5.02737177394117,0.0255357458046552,0.290028951004157,0.287610094960032,"cogn_se_lv"
"7796","GALNT12","Exc L5/6 IT Car3",0.0260940603111707,2.24956450718172,0.484798448749244,0.486689673063812,0.803837096850404,0.852645114624373,"cogn_se_lv"
"7797","TGFBR1","Exc L5/6 IT Car3",0.0794361648166438,4.67630616029946,10.7061450089652,0.00116719812308545,0.08662109232943,0.0696436226921541,"cogn_se_lv"
"7798","ALG2","Exc L5/6 IT Car3",-0.0129705362981996,3.40767168765191,0.32921654415484,0.566465956263476,0.845988458699165,0.889173604364347,"cogn_se_lv"
"7799","SEC61B","Exc L5/6 IT Car3",-0.010977737187324,4.50394749113011,0.199078670838884,0.655723977611077,0.889373944187876,0.926813063574141,"cogn_se_lv"
"7800","AL137067.1","Exc L5/6 IT Car3",-0.0208229565626697,2.13589277435707,0.307501459294994,0.699196938972094,0.909565440258211,0.942834050808863,"cogn_se_lv"
"7801","AL359710.1","Exc L5/6 IT Car3",0.0249294261620759,5.19839979001876,1.37717368343476,0.241330605153927,0.626366937057414,0.685784050555076,"cogn_se_lv"
"7802","NR4A3","Exc L5/6 IT Car3",-0.311885441970343,2.35064395832123,27.0927358142126,3.20704051273398e-07,0.000616954418637199,0.000610970452698246,"cogn_se_lv"
"7803","STX17","Exc L5/6 IT Car3",0.0262207328803851,4.96029295483829,3.31447305585931,0.0694720442817201,0.40346217414931,0.433545536844669,"cogn_se_lv"
"7804","AL358937.1","Exc L5/6 IT Car3",-0.111269204342706,1.77014641728681,3.47716594207991,0.0630049528207626,0.388665431068539,0.417573449766476,"cogn_se_lv"
"7805","ERP44","Exc L5/6 IT Car3",0.00339711838560606,6.1539689218705,0.117875232655045,0.751964827722165,0.93593557561559,0.95991007270325,"cogn_se_lv"
"7806","INVS","Exc L5/6 IT Car3",0.00481933460449064,7.04782273506895,0.133373099130171,0.715166632780224,0.918425774239624,0.948475766869338,"cogn_se_lv"
"7807","TEX10","Exc L5/6 IT Car3",0.0200356358691654,4.53996475264732,1.48498561958182,0.223764875264217,0.612790783112987,0.669211917549061,"cogn_se_lv"
"7808","MSANTD3","Exc L5/6 IT Car3",-0.0661570232128944,2.3854245713061,2.93284066747709,0.0876242151035346,0.436137344904074,0.474774665478556,"cogn_se_lv"
"7809","MSANTD3-TMEFF1","Exc L5/6 IT Car3",0.0283532057246428,2.98352076942986,0.830340201166914,0.362761621489868,0.726811316394553,0.783153866196163,"cogn_se_lv"
"7810","CAVIN4","Exc L5/6 IT Car3",-0.0102961134669659,3.05855023451176,0.158186187157443,0.839721543714391,0.968498535398303,0.981285104855597,"cogn_se_lv"
"7811","PLPPR1","Exc L5/6 IT Car3",0.0207877009449601,2.55434601192489,0.289987035335123,0.590549468633684,0.859216805267642,0.900827670621147,"cogn_se_lv"
"7812","BAAT","Exc L5/6 IT Car3",-0.0112053483913502,3.26691545895689,0.189370573149148,0.663692229059688,0.893789237419374,0.929995429141105,"cogn_se_lv"
"7813","MRPL50","Exc L5/6 IT Car3",-0.027832652563923,3.76658895895044,1.49577509928887,0.222093319994992,0.610687188623,0.667282990836018,"cogn_se_lv"
"7814","ZNF189","Exc L5/6 IT Car3",-0.0697725725691444,5.6587956258034,12.5772650565303,0.000440104499122319,0.0551586346446866,0.0410768772883082,"cogn_se_lv"
"7815","TMEM246","Exc L5/6 IT Car3",-0.031120270660886,5.53163503447566,2.79530368366164,0.0953779491927743,0.448482942890908,0.489261423061015,"cogn_se_lv"
"7816","RNF20","Exc L5/6 IT Car3",-0.00388396621970434,4.40587185153656,0.0743504114380378,0.790072899880185,0.951202529074243,0.970249223942385,"cogn_se_lv"
"7817","GRIN3A","Exc L5/6 IT Car3",0.0200005545503781,2.01561704337454,0.118293711159876,0.73108596938978,0.926144424297746,0.953586143143298,"cogn_se_lv"
"7818","LINC01492","Exc L5/6 IT Car3",-0.00207569884534632,1.74414725581045,0.00167965671935802,0.96733084646434,0.99780306481811,0.998930305624762,"cogn_se_lv"
"7819","SMC2","Exc L5/6 IT Car3",-0.0115720890519854,3.79480639710321,0.312451217543056,0.576514729555387,0.852147684196832,0.894370849006329,"cogn_se_lv"
"7820","NIPSNAP3A","Exc L5/6 IT Car3",-0.00219771787227378,3.80683857237223,0.015639406597449,0.90054518969063,0.987417388810116,0.992451140355064,"cogn_se_lv"
"7821","NIPSNAP3B","Exc L5/6 IT Car3",0.0247224176220409,3.9388140756553,1.8333780551678,0.176547361459924,0.563465498502014,0.616262614463158,"cogn_se_lv"
"7822","ABCA1","Exc L5/6 IT Car3",0.0411987553141773,4.80097829286543,1.83026722752992,0.176913958166559,0.563465498502014,0.616688285230666,"cogn_se_lv"
"7823","SLC44A1","Exc L5/6 IT Car3",-0.0219037787563344,8.31196924777183,4.44491237896902,0.035670642846603,0.317507919843389,0.330905152875925,"cogn_se_lv"
"7824","FSD1L","Exc L5/6 IT Car3",-0.0135279047652688,6.93213408230221,1.77844444659318,0.183152770956087,0.570047462080366,0.623817566882345,"cogn_se_lv"
"7825","FKTN","Exc L5/6 IT Car3",0.0117783996174871,6.04452628528488,0.895981662528454,0.344473153850728,0.713743161829803,0.770417810079171,"cogn_se_lv"
"7826","TMEM38B","Exc L5/6 IT Car3",-0.00695974909852881,5.14357578615076,0.124558091070271,0.724341502847513,0.923197989964657,0.951265568596023,"cogn_se_lv"
"7827","LINC01505","Exc L5/6 IT Car3",0.00190511868819209,6.16400935809446,0.00698438419783798,0.933440982013052,0.993128612805069,0.996458129833733,"cogn_se_lv"
"7828","ZNF462","Exc L5/6 IT Car3",0.0625092931421094,3.80482740193598,4.94185814673819,0.0268115134176685,0.294972334463729,0.29331449843546,"cogn_se_lv"
"7829","RAD23B","Exc L5/6 IT Car3",0.00431432014577388,6.39830570703863,0.186398578519491,0.666180102647561,0.894623771475196,0.930846295494086,"cogn_se_lv"
"7830","ELP1","Exc L5/6 IT Car3",-0.0059959338378836,6.28636098896546,0.308238287095175,0.579095455501483,0.854021172859106,0.895744451775011,"cogn_se_lv"
"7831","FAM206A","Exc L5/6 IT Car3",-0.00114662402419456,4.26352113602434,0.00539504598607208,0.941486554467194,0.99464395931906,0.997626386519645,"cogn_se_lv"
"7832","CTNNAL1","Exc L5/6 IT Car3",-0.00327941234369594,7.60334393240664,0.0573796256336657,0.810817873361509,0.958714754943748,0.975757146388002,"cogn_se_lv"
"7833","TMEM245","Exc L5/6 IT Car3",-0.00237684603181851,7.5625786729087,0.0434402234599135,0.83501211363294,0.966664392117568,0.98031258902221,"cogn_se_lv"
"7834","FRRS1L","Exc L5/6 IT Car3",0.00116097009301789,8.18126462519852,0.0254293703890957,0.873387986286975,0.979445941768671,0.987977378729173,"cogn_se_lv"
"7835","EPB41L4B","Exc L5/6 IT Car3",0.00592980730946458,7.42529878761019,0.238279346062949,0.625737937577051,0.876500123719925,0.915638480443027,"cogn_se_lv"
"7836","PTPN3","Exc L5/6 IT Car3",0.00747560150087207,5.48060704892033,0.30054570913459,0.583867865105091,0.855777482563133,0.897730016057683,"cogn_se_lv"
"7837","PALM2","Exc L5/6 IT Car3",0.00562368454786553,4.53223157275679,0.0538088759838148,0.816690313183954,0.959947755253107,0.976917099072405,"cogn_se_lv"
"7838","PALM2-AKAP2","Exc L5/6 IT Car3",0.0102146967869801,6.04882635780327,0.767925883645221,0.381422443528515,0.740402552467578,0.796348614203689,"cogn_se_lv"
"7839","TXN","Exc L5/6 IT Car3",-0.0637006374880574,4.72377374655206,4.59837255457743,0.0326468395583193,0.309560151737409,0.318951924894315,"cogn_se_lv"
"7840","SVEP1","Exc L5/6 IT Car3",-0.0123047554991693,4.9280022508105,0.450454114952248,0.502534036251611,0.814064670461931,0.860464507164521,"cogn_se_lv"
"7841","MUSK","Exc L5/6 IT Car3",0.0397873955993261,1.84625712742627,0.626673211099483,0.42908044289306,0.772227394828872,0.82400001372582,"cogn_se_lv"
"7842","LPAR1","Exc L5/6 IT Car3",-0.071094141788632,1.45663460607016,1.77920252597981,0.183059684521542,0.570047462080366,0.623781292259135,"cogn_se_lv"
"7843","ECPAS","Exc L5/6 IT Car3",-0.00452169726472509,7.27146923952626,0.332445015146823,0.564570055087853,0.845154693120087,0.888613837003458,"cogn_se_lv"
"7844","ZNF483","Exc L5/6 IT Car3",-0.00889637657845298,7.53025772881481,0.7255765237796,0.394866344520357,0.751080588575985,0.804635865370874,"cogn_se_lv"
"7845","PTGR1","Exc L5/6 IT Car3",-0.0348170742773862,5.90396527479144,3.98202839165813,0.0467137437675412,0.350388560342415,0.368163576982725,"cogn_se_lv"
"7846","C9orf84","Exc L5/6 IT Car3",-0.027421404693832,3.60121136637799,0.564592050716652,0.452888887773145,0.784905403471701,0.836179143210036,"cogn_se_lv"
"7847","UGCG","Exc L5/6 IT Car3",-0.0129956086867579,5.59079389413989,1.25376865256518,0.449175409036772,0.782491340544074,0.834200217896007,"cogn_se_lv"
"7848","SUSD1","Exc L5/6 IT Car3",0.0162918248928854,6.45513661788418,1.25349089689897,0.263605901938346,0.646414577423356,0.707532116597432,"cogn_se_lv"
"7849","PTBP3","Exc L5/6 IT Car3",0.00981580739807654,6.9684440379312,0.717039036001043,0.397658854095525,0.75310133769209,0.806182580005318,"cogn_se_lv"
"7850","HSDL2","Exc L5/6 IT Car3",0.0164107118303804,4.22304593773318,0.818160362400106,0.366301364607622,0.728149959336533,0.785486887204105,"cogn_se_lv"
"7851","C9orf147","Exc L5/6 IT Car3",-0.0476219842118498,3.67462206543316,4.3847393361588,0.0369353557315527,0.322059560741415,0.335553825820649,"cogn_se_lv"
"7852","KIAA1958","Exc L5/6 IT Car3",-0.0248594944390096,7.15681895064158,4.03163581210342,0.0453739827253336,0.345711662278728,0.36375735980406,"cogn_se_lv"
"7853","INIP","Exc L5/6 IT Car3",0.0100717088080386,5.17783983202556,0.745489921958331,0.388461754323942,0.746277168773621,0.800427495325075,"cogn_se_lv"
"7854","SNX30","Exc L5/6 IT Car3",0.00858104127280739,5.61659862081197,0.413192530328447,0.520747749295865,0.821092037196555,0.868718650419695,"cogn_se_lv"
"7855","ZNF883","Exc L5/6 IT Car3",0.028789575325728,4.73408605939079,1.45051443870514,0.229207708105866,0.618318427300487,0.674991137649982,"cogn_se_lv"
"7856","ZFP37","Exc L5/6 IT Car3",0.0633138501848047,2.85059702613255,3.20787472855355,0.074093835265911,0.413727810542239,0.445411073565377,"cogn_se_lv"
"7857","SLC31A2","Exc L5/6 IT Car3",0.0113959671913481,1.86530881485725,0.0804936616087206,0.776786656140563,0.946385895978725,0.966703561845647,"cogn_se_lv"
"7858","FKBP15","Exc L5/6 IT Car3",0.0205345332284001,5.15003154655619,3.1536723790417,0.172978752299466,0.559485520597349,0.611222260893781,"cogn_se_lv"
"7859","SLC31A1","Exc L5/6 IT Car3",0.0150757668332863,4.03489876536604,0.71221337895234,0.399249933002795,0.754037868768464,0.8070690522192,"cogn_se_lv"
"7860","CDC26","Exc L5/6 IT Car3",0.00217937173007115,3.48208013629594,0.0100288089506042,0.920283756352331,0.99084699945868,0.994782935797748,"cogn_se_lv"
"7861","PRPF4","Exc L5/6 IT Car3",0.0268948794087696,3.772833803022,2.30886171254834,0.379880147548052,0.738770002639932,0.795333378358348,"cogn_se_lv"
"7862","WDR31","Exc L5/6 IT Car3",0.0563617013001622,3.77678197262055,4.23704056347476,0.0402439351015914,0.330776725437538,0.347607472854844,"cogn_se_lv"
"7863","BSPRY","Exc L5/6 IT Car3",0.0469554136528388,3.41735013146264,3.89691122106231,0.0491110781677108,0.355345318759318,0.375995996958445,"cogn_se_lv"
"7864","HDHD3","Exc L5/6 IT Car3",-0.00944793998704747,3.82071713362704,0.132573020586274,0.715984954323757,0.918464902292858,0.948754909897132,"cogn_se_lv"
"7865","ALAD","Exc L5/6 IT Car3",-0.00953494427027058,4.14121095950245,0.344485364989425,0.557605983652939,0.840999224658833,0.885878437265797,"cogn_se_lv"
"7866","POLE3","Exc L5/6 IT Car3",-0.0273144961437029,3.38108776788817,1.08783822298192,0.297624974249435,0.676180743091054,0.735998781461024,"cogn_se_lv"
"7867","RGS3","Exc L5/6 IT Car3",0.0446382342123264,1.76130945942409,1.032652240989,0.310194044728296,0.685742619952766,0.747025912398923,"cogn_se_lv"
"7868","ZNF618","Exc L5/6 IT Car3",0.0649376217328664,4.08021534107765,8.1779083151284,0.00447834253482299,0.146875328353949,0.131374953909844,"cogn_se_lv"
"7869","KIF12","Exc L5/6 IT Car3",0.00162466449029397,2.4160110707914,0.00275411133602032,0.95817457080762,0.997053628956036,0.998555548513014,"cogn_se_lv"
"7870","COL27A1","Exc L5/6 IT Car3",-0.0174291665549962,3.9997959551544,0.16517421599598,0.684669394785865,0.901848749589734,0.937774881104142,"cogn_se_lv"
"7871","AKNA","Exc L5/6 IT Car3",-0.026639613743363,2.54439741170669,0.581242608113285,0.446306634345894,0.781075074328528,0.833099675859677,"cogn_se_lv"
"7872","ATP6V1G1","Exc L5/6 IT Car3",-0.0235053976552873,5.77934023746444,0.926145318495666,0.336488900766115,0.706392604391013,0.76526309195624,"cogn_se_lv"
"7873","TMEM268","Exc L5/6 IT Car3",-0.0103000733972231,5.96408831899306,0.559900104448511,0.454771174648013,0.785778418977537,0.837271718218195,"cogn_se_lv"
"7874","TEX48","Exc L5/6 IT Car3",0.0822478419814224,2.0853742668194,2.43136657189202,0.119775672851184,0.489738487304808,0.534659759917142,"cogn_se_lv"
"7875","TNC","Exc L5/6 IT Car3",-0.0265769702157293,2.50967341447577,0.213408949076756,0.644377359114035,0.885485383965838,0.922769400021375,"cogn_se_lv"
"7876","DEC1","Exc L5/6 IT Car3",0.0114429470722768,1.87141943479099,0.0505337733772506,0.822259932629803,0.963149627371847,0.97769553220176,"cogn_se_lv"
"7877","AL691420.1","Exc L5/6 IT Car3",0.0105156171931332,1.60337973301917,0.0493415464791199,0.824334369459633,0.964170081702026,0.978215178466448,"cogn_se_lv"
"7878","ASTN2","Exc L5/6 IT Car3",0.0087203466885349,6.02052867896176,0.300150529060427,0.584115170780952,0.855777482563133,0.897915716818186,"cogn_se_lv"
"7879","TRIM32","Exc L5/6 IT Car3",-0.00544868349262915,3.61279680159877,0.0774989461850522,0.780869796821025,0.94858206433622,0.967769617355697,"cogn_se_lv"
"7880","BRINP1","Exc L5/6 IT Car3",-0.0137187902800536,7.97492464327929,1.38556156059325,0.239905293398604,0.625749066637086,0.684626356503331,"cogn_se_lv"
"7881","CDK5RAP2","Exc L5/6 IT Car3",-0.00723555175116354,5.73071083497743,0.274396377227894,0.600708311537443,0.865077895156077,0.904939223675755,"cogn_se_lv"
"7882","MEGF9","Exc L5/6 IT Car3",0.00484155668900384,6.65912447446141,0.240266232443653,0.624301564714619,0.875858814433045,0.915021924406877,"cogn_se_lv"
"7883","FBXW2","Exc L5/6 IT Car3",0.028891317232173,5.21355821574319,4.50439535965587,0.0344650910800213,0.31385665782339,0.325844968044203,"cogn_se_lv"
"7884","PSMD5","Exc L5/6 IT Car3",0.0231600303698828,5.21346056505483,2.47292739656162,0.116668319041739,0.484673610970226,0.528674285992353,"cogn_se_lv"
"7885","PHF19","Exc L5/6 IT Car3",-0.0514548129171703,2.57202243501836,2.99781082845706,0.0842024644910204,0.431165320439131,0.468560352881232,"cogn_se_lv"
"7886","C5","Exc L5/6 IT Car3",-0.0115643778921059,2.52717621445776,0.115701600041397,0.733935163503606,0.927984616396423,0.954527532062203,"cogn_se_lv"
"7887","CNTRL","Exc L5/6 IT Car3",-0.0069937548169318,5.46590581909042,0.268188254284434,0.604856161567193,0.867542994083792,0.906820186422163,"cogn_se_lv"
"7888","RAB14","Exc L5/6 IT Car3",-0.0186063246647664,6.13280396440946,1.66028983793072,0.198361405081705,0.586224600150966,0.640469246273276,"cogn_se_lv"
"7889","GSN","Exc L5/6 IT Car3",-0.00483351413682198,4.17472251900935,0.0652313819778527,0.798551332284753,0.954540194474746,0.972618417348318,"cogn_se_lv"
"7890","DAB2IP","Exc L5/6 IT Car3",0.0530243074008333,4.15953425012417,3.31645059059081,0.0693892910025838,0.403285947329972,0.433359174871045,"cogn_se_lv"
"7891","TTLL11","Exc L5/6 IT Car3",0.0186067752387526,8.226838441552,1.58354662560548,0.209036247907297,0.597301866931545,0.652563221523059,"cogn_se_lv"
"7892","NDUFA8","Exc L5/6 IT Car3",-0.0468312027924303,4.97362358103405,2.89696723141854,0.0895780934342279,0.439186638404832,0.479041184727693,"cogn_se_lv"
"7893","MORN5","Exc L5/6 IT Car3",-0.00344088403685659,2.82021917664225,0.0146323108255159,0.903784496119346,0.987810604126722,0.992777214734694,"cogn_se_lv"
"7894","RBM18","Exc L5/6 IT Car3",-0.0159807847463855,4.15518277668233,0.849804478481343,0.357202447475013,0.72215560740022,0.779485414302284,"cogn_se_lv"
"7895","MRRF","Exc L5/6 IT Car3",0.0229649301600768,4.72044713986398,2.62976080558143,0.10572092992153,0.467485660767977,0.509246577483645,"cogn_se_lv"
"7896","PTGS1","Exc L5/6 IT Car3",0.0438639244967947,1.69601149918778,0.61170332707382,0.4346425013363,0.773613831177909,0.826508533839921,"cogn_se_lv"
"7897","AL359636.1","Exc L5/6 IT Car3",0.00581678888974014,1.90191206029185,0.00992614510334708,0.920691470491209,0.99096186404192,0.994869484089853,"cogn_se_lv"
"7898","AL162254.1","Exc L5/6 IT Car3",-0.174709162441412,2.23038696856405,6.15719005613688,0.0135269251050661,0.227767371298652,0.218717557045836,"cogn_se_lv"
"7899","PDCL","Exc L5/6 IT Car3",0.00647795453808021,3.83499416915762,0.134621034227023,0.903816098563825,0.987810604126722,0.992777214734694,"cogn_se_lv"
"7900","RC3H2","Exc L5/6 IT Car3",0.00992005570113191,6.02543476463478,1.14972772544399,0.536770835709796,0.828638461277984,0.876260790612328,"cogn_se_lv"
"7901","ZBTB6","Exc L5/6 IT Car3",-0.0146718629008735,3.31903476954264,0.474121127735574,0.491524601439401,0.80748971137408,0.855246766418958,"cogn_se_lv"
"7902","ZBTB26","Exc L5/6 IT Car3",0.0109722875645771,3.95424271284955,0.431555370728151,0.511631118104985,0.818419687003898,0.864926544435704,"cogn_se_lv"
"7903","RABGAP1","Exc L5/6 IT Car3",0.00781682362440914,8.32981107350597,0.638421194551586,0.424790647018872,0.770208300850664,0.821705059277587,"cogn_se_lv"
"7904","STRBP","Exc L5/6 IT Car3",0.00795000898327514,8.18725170746446,0.932058293534197,0.334953031613922,0.704633416587694,0.764247002948191,"cogn_se_lv"
"7905","CRB2","Exc L5/6 IT Car3",0.0128780266689187,1.69332810111919,0.0660557159369413,0.797310143893122,0.953945666991771,0.972283499775083,"cogn_se_lv"
"7906","DENND1A","Exc L5/6 IT Car3",0.0126391383550316,7.99396587415664,1.02832167471504,0.311209325147878,0.686590373723434,0.747886588764666,"cogn_se_lv"
"7907","AL390774.2","Exc L5/6 IT Car3",0.0257178237248157,1.76937549390238,0.239838825153392,0.624609925314812,0.875858814433045,0.915178181980845,"cogn_se_lv"
"7908","LHX2","Exc L5/6 IT Car3",-0.0235236998021989,4.88082819846669,1.63852676444815,0.201321802809859,0.589081266774287,0.643546174498145,"cogn_se_lv"
"7909","AC006450.3","Exc L5/6 IT Car3",-0.045244929455267,1.46665349459687,0.747267755520303,0.387897226533812,0.745564920239211,0.800190909431151,"cogn_se_lv"
"7910","NEK6","Exc L5/6 IT Car3",0.0589866082856668,3.56892633655147,4.67154369626298,0.0313009182960203,0.305598344197456,0.312825119867274,"cogn_se_lv"
"7911","PSMB7","Exc L5/6 IT Car3",-0.00427623940444458,5.65689687276351,0.105456695421423,0.745558848611474,0.933596030449178,0.957998668940433,"cogn_se_lv"
"7912","NR6A1","Exc L5/6 IT Car3",0.0118063263598396,6.6853221764035,0.834876638766868,0.361455348414998,0.725183900400221,0.781924974860598,"cogn_se_lv"
"7913","MIR181A2HG","Exc L5/6 IT Car3",0.0429512897631997,3.01159790332576,1.22059307316834,0.269955154589675,0.652932552119298,0.71336374512539,"cogn_se_lv"
"7914","RPL35","Exc L5/6 IT Car3",-0.0676048605332799,5.07564601724973,2.64581340188009,0.104665950438506,0.465014138928583,0.506934918868643,"cogn_se_lv"
"7915","ARPC5L","Exc L5/6 IT Car3",-0.0529256136556051,5.40456288562166,4.60118882331467,0.0325939297316436,0.309560151737409,0.318721043402324,"cogn_se_lv"
"7916","GOLGA1","Exc L5/6 IT Car3",0.00841966395947597,5.25608669614397,0.358697682277548,0.549593298791282,0.837051948259007,0.881964819037921,"cogn_se_lv"
"7917","SCAI","Exc L5/6 IT Car3",0.00949984554805796,7.35550998257653,0.801264490081772,0.371291800792401,0.732305627860445,0.788939075897659,"cogn_se_lv"
"7918","PPP6C","Exc L5/6 IT Car3",-0.0102584994440099,5.6727180952247,1.16109949350276,0.281932756408685,0.662539096936755,0.723140333233505,"cogn_se_lv"
"7919","RABEPK","Exc L5/6 IT Car3",0.0509559764886607,5.11125798091055,7.62760000448904,0.00603201035562552,0.165776034227212,0.152280096685838,"cogn_se_lv"
"7920","HSPA5","Exc L5/6 IT Car3",-0.0194287530955996,5.09688791589473,0.378473687478216,0.53879569651117,0.829428098753029,0.877120041877282,"cogn_se_lv"
"7921","GAPVD1","Exc L5/6 IT Car3",-0.00623799895094672,6.42836517319011,0.425159952384825,0.514774354778875,0.819104354843558,0.866397240855206,"cogn_se_lv"
"7922","MAPKAP1","Exc L5/6 IT Car3",-0.00111633725138591,6.87912626234806,0.011498035769183,0.914664939848408,0.989073227776396,0.994126167335106,"cogn_se_lv"
"7923","PBX3","Exc L5/6 IT Car3",-0.0222457528093668,6.42207514851598,1.63814137556312,0.201374694249482,0.589081266774287,0.643612162355858,"cogn_se_lv"
"7924","MVB12B","Exc L5/6 IT Car3",0.00697003023702951,6.76484183469751,0.26574611441401,0.606504539897989,0.868357528318167,0.907528685506377,"cogn_se_lv"
"7925","LMX1B","Exc L5/6 IT Car3",0.034230202096096,1.52308078969684,0.361322110881017,0.548137332397513,0.83597597320362,0.881371091267136,"cogn_se_lv"
"7926","ZBTB43","Exc L5/6 IT Car3",0.00586436083174889,5.76086384932376,0.344139766058258,0.557803582037631,0.841069980716446,0.885971283795282,"cogn_se_lv"
"7927","ZBTB34","Exc L5/6 IT Car3",-0.0023050119930282,3.35960296584092,0.0118969212005995,0.913203130849033,0.989073227776396,0.994038657689318,"cogn_se_lv"
"7928","RALGPS1","Exc L5/6 IT Car3",0.0361697541369357,6.87352404179166,7.0071302404623,0.00846209128578971,0.193475605776656,0.177790228437427,"cogn_se_lv"
"7929","GARNL3","Exc L5/6 IT Car3",0.015288608067587,7.32785562151387,1.38595658065869,0.239838423011043,0.625749066637086,0.684626356503331,"cogn_se_lv"
"7930","SLC2A8","Exc L5/6 IT Car3",-0.0129674684910239,3.37616501663595,0.348392612973816,0.555381216043283,0.839929682996154,0.884750227603814,"cogn_se_lv"
"7931","ZNF79","Exc L5/6 IT Car3",0.0107437501558454,2.77863703068086,0.169326018331656,0.680947403136364,0.900862474773406,0.936324878756562,"cogn_se_lv"
"7932","RPL12","Exc L5/6 IT Car3",-0.025651535456145,4.07389770231476,0.533597775572306,0.465555923345765,0.791501712628613,0.842632226066848,"cogn_se_lv"
"7933","LRSAM1","Exc L5/6 IT Car3",0.00913151800432124,6.14529454597373,0.524709119519022,0.469293069880362,0.794021585912354,0.844759319558761,"cogn_se_lv"
"7934","FAM129B","Exc L5/6 IT Car3",-0.00785446654139821,4.10075242604788,0.121577389787283,0.727526313246579,0.924823143203354,0.952650568007294,"cogn_se_lv"
"7935","STXBP1","Exc L5/6 IT Car3",-0.00948688754809679,8.72503568844208,1.18931228630814,0.276171037700662,0.658695193753248,0.718495902984681,"cogn_se_lv"
"7936","PTRH1","Exc L5/6 IT Car3",-0.0154112993954267,3.91281631280711,0.445502654273211,0.504890427512717,0.815166397096516,0.86162909954923,"cogn_se_lv"
"7937","TOR2A","Exc L5/6 IT Car3",-0.000450369992705617,2.99609828288125,0.000306248547345659,0.986047105898985,0.998390354534415,0.999870711362408,"cogn_se_lv"
"7938","SH2D3C","Exc L5/6 IT Car3",-0.0495319177916474,4.76975079442468,9.4381737309038,0.00228091613122004,0.110500838591297,0.0944325473706577,"cogn_se_lv"
"7939","CDK9","Exc L5/6 IT Car3",-0.00839589989795256,4.86802929792165,0.222799554843162,0.637190540933776,0.883276385755741,0.920427250766062,"cogn_se_lv"
"7940","FPGS","Exc L5/6 IT Car3",-0.00124254207468314,4.02268008093697,0.005322126463146,0.941882626366538,0.994645381072493,0.997626386519645,"cogn_se_lv"
"7941","ENG","Exc L5/6 IT Car3",0.0510568998060472,1.57592591008034,0.986360493711354,0.321276200624294,0.694132306370411,0.75486188271346,"cogn_se_lv"
"7942","AK1","Exc L5/6 IT Car3",-0.0461786217924587,3.15704122471872,3.68134194428985,0.0557861138074583,0.373281865868167,0.3980619447155,"cogn_se_lv"
"7943","ST6GALNAC4","Exc L5/6 IT Car3",0.0201635728542629,2.20292646950598,0.298873241014868,0.584915955028875,0.85579931877134,0.898159036721685,"cogn_se_lv"
"7944","PIP5KL1","Exc L5/6 IT Car3",0.0203597284944005,2.0593280222062,0.317872838818553,0.584540261018542,0.85579931877134,0.898017878652577,"cogn_se_lv"
"7945","DPM2","Exc L5/6 IT Car3",-0.0164223958517853,3.94807215977769,0.527289651678489,0.468203155989798,0.793398653455516,0.844157241722246,"cogn_se_lv"
"7946","FAM102A","Exc L5/6 IT Car3",0.0229270298825097,4.78399601086585,2.62087030925452,0.106310246297884,0.468398136422684,0.510238051049259,"cogn_se_lv"
"7947","NAIF1","Exc L5/6 IT Car3",0.0532107278619911,1.82293875716984,1.69680860947827,0.282589305572336,0.662539096936755,0.723455911896123,"cogn_se_lv"
"7948","SLC25A25","Exc L5/6 IT Car3",-0.0123735900190674,4.80097947320461,0.309898088218122,0.578075963549564,0.853553591003338,0.895051076777368,"cogn_se_lv"
"7949","SLC25A25-AS1","Exc L5/6 IT Car3",-0.0452238228509203,2.49925523996391,1.826303363808,0.177382358895463,0.56390445252621,0.617171244240168,"cogn_se_lv"
"7950","PTGES2","Exc L5/6 IT Car3",-0.025560166598724,4.67843573360952,1.41254070807396,0.235389857186014,0.622876530621176,0.68041759524835,"cogn_se_lv"
"7951","C9orf16","Exc L5/6 IT Car3",-0.0785827722839367,5.97968584345462,6.47885574891639,0.0113176008864495,0.214164403886737,0.202217259168988,"cogn_se_lv"
"7952","CIZ1","Exc L5/6 IT Car3",-0.0249315633089583,5.13434721767209,3.91392882950009,0.0486215490767752,0.354268643104519,0.374643411546598,"cogn_se_lv"
"7953","DNM1","Exc L5/6 IT Car3",-0.00916166118555756,8.49004170460661,0.864897409410606,0.352972201360408,0.719577518459874,0.776366386284851,"cogn_se_lv"
"7954","GOLGA2","Exc L5/6 IT Car3",-0.0160459082484678,4.98562017842202,1.71350901537529,0.191335127769175,0.579183663394758,0.632763795999785,"cogn_se_lv"
"7955","SWI5","Exc L5/6 IT Car3",0.0211921748469071,2.72361199491903,0.540380026389489,0.462736371592855,0.790927672013998,0.841510069030209,"cogn_se_lv"
"7956","TRUB2","Exc L5/6 IT Car3",-0.0156124672464972,3.83095201061367,0.603687786350731,0.477094164794229,0.799031558211194,0.848140044388723,"cogn_se_lv"
"7957","COQ4","Exc L5/6 IT Car3",0.00948921423987478,5.60928454700543,0.458571331640727,0.498711431476437,0.811671841203719,0.858371186450076,"cogn_se_lv"
"7958","SLC27A4","Exc L5/6 IT Car3",0.0227730774879561,5.48364547244986,3.56803771132454,0.0596760118227226,0.380610784066183,0.408407326622313,"cogn_se_lv"
"7959","URM1","Exc L5/6 IT Car3",-0.012352091486047,4.33834342677039,0.497380005085264,0.481092968609443,0.80063394477736,0.850013759998221,"cogn_se_lv"
"7960","AL359091.1","Exc L5/6 IT Car3",-0.0241961436720562,1.79371492739995,0.214808261277069,0.643294396219049,0.885447193796969,0.922273444993567,"cogn_se_lv"
"7961","CERCAM","Exc L5/6 IT Car3",-0.035512670963545,3.94026070657747,2.53978508905826,0.111855355885992,0.476642299946946,0.520011458833597,"cogn_se_lv"
"7962","ODF2","Exc L5/6 IT Car3",0.0460767895479052,4.60878094626667,7.70106743507135,0.00579615340250502,0.163975736883368,0.14945935470948,"cogn_se_lv"
"7963","GLE1","Exc L5/6 IT Car3",0.0285146956684805,4.79208859204634,4.31605652389203,0.0391774328978527,0.328374252780152,0.343920477578775,"cogn_se_lv"
"7964","AL356481.1","Exc L5/6 IT Car3",-0.00551240477488258,3.0228818755462,0.0435495863726351,0.834807562942097,0.966576292237489,0.980252189101471,"cogn_se_lv"
"7965","SPTAN1","Exc L5/6 IT Car3",-0.00572334992279442,8.08989082462293,0.558596532047096,0.455296319657916,0.786105976873929,0.837614221501499,"cogn_se_lv"
"7966","WDR34","Exc L5/6 IT Car3",-0.0419487717976553,3.1838889785568,2.64474548089712,0.104735773608939,0.46518640154381,0.506968730268938,"cogn_se_lv"
"7967","SET","Exc L5/6 IT Car3",-0.0155071796599391,5.9132777167319,0.393799780118052,0.530692080417448,0.826424172870124,0.873098057948349,"cogn_se_lv"
"7968","ZDHHC12","Exc L5/6 IT Car3",0.033356902109651,1.82532942814758,0.492478559376132,0.483260598717289,0.802169611459778,0.850746672770543,"cogn_se_lv"
"7969","ZER1","Exc L5/6 IT Car3",0.000543243767040721,7.39213091142298,0.00248472155074521,0.960270960322581,0.997053628956036,0.998614314497371,"cogn_se_lv"
"7970","TBC1D13","Exc L5/6 IT Car3",-0.0179577048681578,4.58815136082511,1.56895094222444,0.211142753742044,0.598585727280052,0.65470328836298,"cogn_se_lv"
"7971","ENDOG","Exc L5/6 IT Car3",0.00982088784082351,3.05581093027822,0.0964987628846409,0.756245612533837,0.937623281955331,0.961136125692175,"cogn_se_lv"
"7972","SPOUT1","Exc L5/6 IT Car3",-0.0226908572219741,3.54853182129713,1.18605422098035,0.492427699021958,0.807671139594468,0.855605884965641,"cogn_se_lv"
"7973","KYAT1","Exc L5/6 IT Car3",0.0332800457438303,5.57614111979431,4.51448906603194,0.0342648039133301,0.3131269192425,0.32532452267037,"cogn_se_lv"
"7974","LRRC8A","Exc L5/6 IT Car3",-0.0556425696691942,4.39899726020883,10.908198416717,0.0010497623198484,0.0854806460447982,0.0663361151858607,"cogn_se_lv"
"7975","DOLK","Exc L5/6 IT Car3",0.0728289950990797,1.67894924379369,2.05193679303777,0.152848699101851,0.533410766253397,0.584839924479673,"cogn_se_lv"
"7976","NUP188","Exc L5/6 IT Car3",-0.0129073031060692,3.97659848836579,0.560199774126719,0.454650587374576,0.78569812642431,0.837184516847767,"cogn_se_lv"
"7977","SH3GLB2","Exc L5/6 IT Car3",-0.0170304059025501,5.94341171650546,1.23948208162302,0.266286534927442,0.648954833338612,0.710010464796851,"cogn_se_lv"
"7978","MIGA2","Exc L5/6 IT Car3",0.00787923083033977,4.76535358885734,0.359511691059976,0.67326861867236,0.898041605249404,0.933391765652891,"cogn_se_lv"
"7979","DOLPP1","Exc L5/6 IT Car3",-0.01478698035897,2.62059525279972,0.237881448768317,0.675419681826607,0.899176443999365,0.93438426242032,"cogn_se_lv"
"7980","CRAT","Exc L5/6 IT Car3",0.0152798916510698,3.15854702513823,0.487109047173639,0.485653792284812,0.803333175329242,0.852141051160076,"cogn_se_lv"
"7981","PTPA","Exc L5/6 IT Car3",-0.0246784978782133,5.5128097045691,2.10824567697288,0.147346271812142,0.525285875188526,0.577601792759398,"cogn_se_lv"
"7982","IER5L","Exc L5/6 IT Car3",-0.00100100774749553,4.22669944978834,0.00141860011438876,0.969975446759385,0.998267578294294,0.999099628483138,"cogn_se_lv"
"7983","AL158151.1","Exc L5/6 IT Car3",0.0982657450468773,2.78715066652884,9.67034214398296,0.00201635086389428,0.105431756046134,0.0891514869154734,"cogn_se_lv"
"7984","LINC01503","Exc L5/6 IT Car3",0.125615475744704,2.71756118955068,12.4331230874214,0.000474208235685022,0.0552883692969127,0.042921759491164,"cogn_se_lv"
"7985","NTMT1","Exc L5/6 IT Car3",0.0225497377512125,3.73026939657582,1.3486205713341,0.246260696615375,0.63060767402839,0.690598016400036,"cogn_se_lv"
"7986","C9orf50","Exc L5/6 IT Car3",0.0267092722521049,1.57093398164415,0.257693270511383,0.612008840332486,0.870581019753856,0.910124119667858,"cogn_se_lv"
"7987","ASB6","Exc L5/6 IT Car3",0.00431985920673743,4.07390202455596,0.0508647995418205,0.925834197562173,0.991421064555278,0.995483829796552,"cogn_se_lv"
"7988","TOR1B","Exc L5/6 IT Car3",0.0360061441355628,4.49929571042017,5.4277766774197,0.0203509414263876,0.26850417095392,0.262861021888368,"cogn_se_lv"
"7989","TOR1A","Exc L5/6 IT Car3",0.0250158164045797,3.32440692772211,1.10526627234411,0.293792669398424,0.672512011030238,0.732906483350185,"cogn_se_lv"
"7990","C9orf78","Exc L5/6 IT Car3",-0.0266409715793965,4.81354898043768,1.84646164764167,0.175015111301188,0.562078998941004,0.614127338337183,"cogn_se_lv"
"7991","USP20","Exc L5/6 IT Car3",0.0242258576397402,5.27923182584267,4.06281800310219,0.0445526927787539,0.343012777244732,0.361776971049571,"cogn_se_lv"
"7992","FNBP1","Exc L5/6 IT Car3",0.00812822183839544,6.70788039447971,0.573015815082987,0.449540017899985,0.78268301685458,0.834200217896007,"cogn_se_lv"
"7993","GPR107","Exc L5/6 IT Car3",0.0275468482172601,5.80277113694468,5.22585825449702,0.0291729757759292,0.301323555162115,0.303880089006261,"cogn_se_lv"
"7994","NCS1","Exc L5/6 IT Car3",-0.018268673122339,6.31192966844064,1.76712074234372,0.18454981386847,0.570929046738981,0.625232589575102,"cogn_se_lv"
"7995","HMCN2","Exc L5/6 IT Car3",0.0104117171839114,1.80790600841226,0.044710880750951,0.832651826979995,0.966312347611673,0.979846581044605,"cogn_se_lv"
"7996","FUBP3","Exc L5/6 IT Car3",0.0108253087663733,6.05861773413517,0.803247356289304,0.370701232702134,0.732243811054168,0.788543956430157,"cogn_se_lv"
"7997","EXOSC2","Exc L5/6 IT Car3",0.013170707232856,3.3248963812229,0.365777669094495,0.545681913419717,0.833966697867869,0.880153253362079,"cogn_se_lv"
"7998","ABL1","Exc L5/6 IT Car3",0.00950951641765593,5.87778905058595,0.419467199771848,0.517600730468422,0.820138121505008,0.867435942207919,"cogn_se_lv"
"7999","LAMC3","Exc L5/6 IT Car3",-0.00199763703184268,1.55030345836029,0.000925324829183858,0.97574901065364,0.998267578294294,0.999481105410931,"cogn_se_lv"
"8000","NUP214","Exc L5/6 IT Car3",0.0133996219638712,5.76531735877719,1.22611869415832,0.268875460723037,0.651857804115869,0.712344012299241,"cogn_se_lv"
"8001","AL157938.2","Exc L5/6 IT Car3",0.0164979551493076,3.0136841942271,0.173657979153617,0.677120374322759,0.89933772573327,0.934910013771654,"cogn_se_lv"
"8002","AL157938.3","Exc L5/6 IT Car3",0.0201932393662889,2.48792799344404,0.20600947665997,0.650176774173469,0.88742216518162,0.924672259065696,"cogn_se_lv"
"8003","FAM78A","Exc L5/6 IT Car3",-0.0350951333974463,3.51204335311001,2.84437902811419,0.092528645661361,0.444048634498986,0.48522046906529,"cogn_se_lv"
"8004","PLPP7","Exc L5/6 IT Car3",0.0140535817949216,5.02538212941879,0.629484019253191,0.428048136998617,0.77189630869187,0.823533760951656,"cogn_se_lv"
"8005","PRRC2B","Exc L5/6 IT Car3",0.010877322709162,7.007044082292,1.77410411635932,0.183686792227631,0.5701580754082,0.624087761841829,"cogn_se_lv"
"8006","POMT1","Exc L5/6 IT Car3",0.00485697381591019,4.61636574499905,0.0813487702444722,0.775635870942526,0.94588241313831,0.966387220710058,"cogn_se_lv"
"8007","UCK1","Exc L5/6 IT Car3",-0.0301637942262753,3.33990023398177,1.38770238087649,0.239543159748281,0.625584460975064,0.684307798404914,"cogn_se_lv"
"8008","RAPGEF1","Exc L5/6 IT Car3",0.0257682026716749,5.938202395929,4.38023387715729,0.0370319294279526,0.322198978685077,0.335746660006894,"cogn_se_lv"
"8009","MED27","Exc L5/6 IT Car3",0.0122885887286576,7.99250563034571,1.18981172972263,0.276070385733543,0.658695193753248,0.718331024758058,"cogn_se_lv"
"8010","NTNG2","Exc L5/6 IT Car3",-0.00486414614863154,7.98280345570219,0.071192155223165,0.789756029865189,0.951062564074333,0.970073542201963,"cogn_se_lv"
"8011","SETX","Exc L5/6 IT Car3",0.000160371290673828,6.59820471343742,0.000326760401774586,0.985587460801875,0.998390354534415,0.999870711362408,"cogn_se_lv"
"8012","TTF1","Exc L5/6 IT Car3",0.0069945377185498,4.84760857295808,0.214285060921364,0.643698811230034,0.885447193796969,0.922489357076215,"cogn_se_lv"
"8013","CFAP77","Exc L5/6 IT Car3",-0.0268121485777241,1.63065492359216,0.292370813231253,0.589027403555102,0.858759934902261,0.900243158908663,"cogn_se_lv"
"8014","DDX31","Exc L5/6 IT Car3",-0.00075173646363453,3.79824362586536,0.00144229274830155,0.9697258785098,0.998267578294294,0.999099628483138,"cogn_se_lv"
"8015","GTF3C4","Exc L5/6 IT Car3",-0.00182093074332509,3.84031895246735,0.009439599107232,0.922653328646434,0.990974669133532,0.995093373462206,"cogn_se_lv"
"8016","AK8","Exc L5/6 IT Car3",0.01842127498752,3.7047482540916,0.557201413522452,0.455859403573946,0.786863640758527,0.83799125264944,"cogn_se_lv"
"8017","SPACA9","Exc L5/6 IT Car3",-0.00612627669363033,2.94370986869243,0.0386489397218818,0.844252662385562,0.970740407319802,0.98235954461872,"cogn_se_lv"
"8018","TSC1","Exc L5/6 IT Car3",0.00209424004389756,6.3740960945618,0.0437839510008357,0.834370111843035,0.966563259257668,0.980242942891289,"cogn_se_lv"
"8019","GTF3C5","Exc L5/6 IT Car3",0.00383134684688239,4.22820294546712,0.066561159596645,0.961507120826948,0.997053628956036,0.998669553021838,"cogn_se_lv"
"8020","CEL","Exc L5/6 IT Car3",0.022589378714467,2.85670662117872,0.428475439373391,0.51314066553403,0.818535949685813,0.865580622853487,"cogn_se_lv"
"8021","RALGDS","Exc L5/6 IT Car3",-0.00948439346151768,4.76034173122485,0.450395224523948,0.502561951530787,0.814064670461931,0.860487697273423,"cogn_se_lv"
"8022","SURF6","Exc L5/6 IT Car3",-0.00923747988725855,3.69169138374272,0.173610339336855,0.677162155022556,0.89933772573327,0.934932919046675,"cogn_se_lv"
"8023","MED22","Exc L5/6 IT Car3",-0.030093021653261,2.8981000141975,1.40766350384374,0.236198439457473,0.623140686898157,0.681275948424082,"cogn_se_lv"
"8024","RPL7A","Exc L5/6 IT Car3",-0.0504649502861679,5.84635313950399,1.96587771236423,0.1617162445754,0.545290633800999,0.596981660919441,"cogn_se_lv"
"8025","SURF1","Exc L5/6 IT Car3",0.0041501962696585,3.19859982653863,0.0204311553873138,0.886416511592448,0.983710314298651,0.989761800063822,"cogn_se_lv"
"8026","SURF2","Exc L5/6 IT Car3",-0.0129968725770328,2.74717734907178,0.146361875596652,0.702254119036612,0.911206883480392,0.94403311943776,"cogn_se_lv"
"8027","SURF4","Exc L5/6 IT Car3",-0.0419363462961641,5.41509679920715,9.66103249082024,0.00202633247215827,0.105431756046134,0.0893066075636894,"cogn_se_lv"
"8028","STKLD1","Exc L5/6 IT Car3",0.0192714619768899,2.70721810624591,0.443807988116674,0.505701268461313,0.815886625602224,0.86202287659314,"cogn_se_lv"
"8029","REXO4","Exc L5/6 IT Car3",-0.0451550835347579,3.95819306208432,5.43857179627955,0.0202273801626682,0.26850417095392,0.262019376164238,"cogn_se_lv"
"8030","ADAMTS13","Exc L5/6 IT Car3",0.0195516790173175,4.31523914221022,1.32858309723406,0.249794265498705,0.633985552512742,0.694280011465485,"cogn_se_lv"
"8031","CACFD1","Exc L5/6 IT Car3",-0.0589082548290434,2.73697003858345,5.27386447314262,0.0222005319963301,0.276758359969523,0.272188932681124,"cogn_se_lv"
"8032","SLC2A6","Exc L5/6 IT Car3",0.0131026571530937,4.31896050242602,0.590309331947511,0.975963640877859,0.998267578294294,0.999481105410931,"cogn_se_lv"
"8033","ADAMTSL2","Exc L5/6 IT Car3",0.0174475741286491,2.8339537532204,0.274237001173851,0.600814044855384,0.865077895156077,0.904946523631918,"cogn_se_lv"
"8034","SARDH","Exc L5/6 IT Car3",0.024940181376712,1.48051380598648,0.234406479180951,0.628559195482252,0.878152787491429,0.917217549421275,"cogn_se_lv"
"8035","BRD3OS","Exc L5/6 IT Car3",-0.0510115291894283,4.0159753747419,6.59012057306954,0.0106430721728464,0.212723221740397,0.196984019560125,"cogn_se_lv"
"8036","BRD3","Exc L5/6 IT Car3",-0.00882949185672019,4.84781077780364,0.39910094984584,0.527940214451033,0.824956838298446,0.872141386161603,"cogn_se_lv"
"8037","WDR5","Exc L5/6 IT Car3",0.0193462186236553,5.58797883816145,3.53885254655208,0.0607241860961306,0.383193127402446,0.411150052959372,"cogn_se_lv"
"8038","RXRA","Exc L5/6 IT Car3",-0.0326898976912887,2.16050484519567,0.72016043317453,0.396634580092634,0.752468370823162,0.805464034585502,"cogn_se_lv"
"8039","COL5A1","Exc L5/6 IT Car3",-0.0196216795909007,2.00301126224252,0.192689021607007,0.660941633600486,0.892114694010829,0.929025139863498,"cogn_se_lv"
"8040","OLFM1","Exc L5/6 IT Car3",-0.0349165124465077,7.80634638666608,3.83557209931881,0.050919401740803,0.359307470330563,0.381590033957873,"cogn_se_lv"
"8041","PPP1R26-AS1","Exc L5/6 IT Car3",0.0532714569819774,4.75632252211089,3.21316467763806,0.0738568353345454,0.413387076509406,0.444902073426286,"cogn_se_lv"
"8042","PPP1R26","Exc L5/6 IT Car3",-0.0141568396864024,3.41377931011777,0.448206089059907,0.503601530134721,0.814567104377341,0.860995293708579,"cogn_se_lv"
"8043","C9orf116","Exc L5/6 IT Car3",-0.00293601671077323,2.003435396401,0.0047626258666944,0.945017156403036,0.994804925328349,0.997626386519645,"cogn_se_lv"
"8044","MRPS2","Exc L5/6 IT Car3",-0.0291284548506931,3.55111537541709,1.21586863911992,0.270882609921406,0.653645032580496,0.714130788391285,"cogn_se_lv"
"8045","SOHLH1","Exc L5/6 IT Car3",-0.0123257001526461,3.73365813078708,0.294428861008171,0.58771975978762,0.858160066710766,0.899511211835309,"cogn_se_lv"
"8046","KCNT1","Exc L5/6 IT Car3",-0.0213195901511948,6.9865937117525,2.3243054000231,0.128212929144247,0.498300568972902,0.547733374342735,"cogn_se_lv"
"8047","CAMSAP1","Exc L5/6 IT Car3",-0.00130547564845938,6.12381383115445,0.0161962969158262,0.898799375388776,0.986715578313859,0.992223203968316,"cogn_se_lv"
"8048","AL355574.1","Exc L5/6 IT Car3",0.0426368550075117,2.41131140791534,1.80270391419874,0.180200983649512,0.566621738397059,0.620202551951881,"cogn_se_lv"
"8049","UBAC1","Exc L5/6 IT Car3",0.0194342381587946,4.83290997401429,1.5791209786376,0.523660295327621,0.822318919244339,0.870275097964106,"cogn_se_lv"
"8050","NACC2","Exc L5/6 IT Car3",-0.0233192143709497,1.53761445263302,0.223610521303484,0.636578631627609,0.882925841812267,0.920284648205319,"cogn_se_lv"
"8051","TMEM250","Exc L5/6 IT Car3",-0.0276184222421662,3.70315499004061,1.42405001162331,0.233495032668565,0.621066116966681,0.678638369683741,"cogn_se_lv"
"8052","QSOX2","Exc L5/6 IT Car3",0.00683600589751819,4.07325837942193,0.19553779949404,0.660232480292367,0.891999506053401,0.928875529658435,"cogn_se_lv"
"8053","GPSM1","Exc L5/6 IT Car3",-0.0210107965802865,4.44735766251176,1.29284352909931,0.25625318005435,0.639571989246947,0.70052519872953,"cogn_se_lv"
"8054","SNAPC4","Exc L5/6 IT Car3",-0.00460745916702811,4.42842710518031,0.0903275400976102,0.763928309480741,0.941167215918009,0.963109513946564,"cogn_se_lv"
"8055","ENTR1","Exc L5/6 IT Car3",-0.030021815823394,4.50302404415366,2.5356055188993,0.112149710642508,0.476642299946946,0.520551321757397,"cogn_se_lv"
"8056","PMPCA","Exc L5/6 IT Car3",-0.00948170557882087,4.61536237225311,0.429225707314956,0.512772228254039,0.818419687003898,0.865374502963183,"cogn_se_lv"
"8057","INPP5E","Exc L5/6 IT Car3",-0.0180634067867137,4.17038984986057,1.02851133809523,0.311164768695273,0.686590373723434,0.747854394363995,"cogn_se_lv"
"8058","SEC16A","Exc L5/6 IT Car3",-0.00356249040446189,5.24178506344811,0.116045745503601,0.733554847827348,0.927984616396423,0.954396787423041,"cogn_se_lv"
"8059","NOTCH1","Exc L5/6 IT Car3",-0.0324870318749074,1.09427944538487,0.245043318232808,0.653504305838974,0.888556645135312,0.925764910099317,"cogn_se_lv"
"8060","EGFL7","Exc L5/6 IT Car3",-0.0147664367121157,4.56447407728536,0.408869411511293,0.522935699802886,0.82185254031414,0.869898422647923,"cogn_se_lv"
"8061","AGPAT2","Exc L5/6 IT Car3",-0.0823976325349931,2.6994461002197,7.23626092265824,0.00746503941629315,0.183506447413742,0.167841445742071,"cogn_se_lv"
"8062","FAM69B","Exc L5/6 IT Car3",-0.00629677063436078,4.03136440112425,0.112774972943729,0.737195193326147,0.929479740855657,0.955441287914901,"cogn_se_lv"
"8063","SNHG7","Exc L5/6 IT Car3",0.0132954515284528,4.70775462481298,0.38913314994988,0.533136014058225,0.826852127109796,0.874248153528851,"cogn_se_lv"
"8064","CCDC183","Exc L5/6 IT Car3",0.0529563743576477,2.25393795404436,2.3907277537569,0.122903251209905,0.49197586118719,0.539629294461194,"cogn_se_lv"
"8065","RABL6","Exc L5/6 IT Car3",-0.00570858597221027,6.5331761440051,0.312549959421249,0.576454517469651,0.852147684196832,0.89436716123563,"cogn_se_lv"
"8066","AJM1","Exc L5/6 IT Car3",-0.024892988910998,4.16480848041688,1.39671422917667,0.238026029764363,0.624685280902288,0.682940098335272,"cogn_se_lv"
"8067","PHPT1","Exc L5/6 IT Car3",-0.0612668800896175,4.0709542333483,3.66522478607517,0.0563225403818885,0.373928928056421,0.399097585527231,"cogn_se_lv"
"8068","MAMDC4","Exc L5/6 IT Car3",0.0117289815043676,1.77418198052347,0.0790255877764173,0.778777864150769,0.947195747181748,0.967174548579902,"cogn_se_lv"
"8069","EDF1","Exc L5/6 IT Car3",-0.0489579776177754,5.20018894590348,2.52320452228373,0.113028127863192,0.478938019772722,0.522069026057451,"cogn_se_lv"
"8070","TRAF2","Exc L5/6 IT Car3",0.0434356828603737,3.41509786547176,3.91265295477,0.0486580709165921,0.354268643104519,0.37475377174775,"cogn_se_lv"
"8071","FBXW5","Exc L5/6 IT Car3",-0.0288170713898332,4.72790594597658,3.26001201256615,0.0717932768518733,0.409980901948174,0.439512186199524,"cogn_se_lv"
"8072","LCNL1","Exc L5/6 IT Car3",0.0744360859841517,2.66482612322951,4.07321190456094,0.0442824388903092,0.342351085321161,0.36106271815249,"cogn_se_lv"
"8073","PAXX","Exc L5/6 IT Car3",-0.0855170538581073,3.97791452460804,12.5597582022277,0.000444110219475035,0.0551586346446866,0.0412578049353735,"cogn_se_lv"
"8074","ABCA2","Exc L5/6 IT Car3",-0.0110506442689052,5.44536377996736,0.739306009920374,0.390434564407885,0.74708292257085,0.801569210713883,"cogn_se_lv"
"8075","AL807752.6","Exc L5/6 IT Car3",-0.0222778165946824,3.46466965206131,0.706142054522418,0.40126488768209,0.754699638270969,0.808057788918411,"cogn_se_lv"
"8076","NPDC1","Exc L5/6 IT Car3",0.0532969241901621,3.53729753922767,2.86825381028754,0.0911761844220069,0.441871247275088,0.48219366159888,"cogn_se_lv"
"8077","UAP1L1","Exc L5/6 IT Car3",-0.000519080619793234,2.91063848793357,0.000350228222705017,0.985078940651934,0.998390354534415,0.999870711362408,"cogn_se_lv"
"8078","MAN1B1-DT","Exc L5/6 IT Car3",0.0251932368091587,2.32892502861816,0.428739606722575,0.513010887190116,0.818419687003898,0.865474211531992,"cogn_se_lv"
"8079","MAN1B1","Exc L5/6 IT Car3",-0.00400703002905371,4.8653790907729,0.0893274724884682,0.76520002608652,0.94162460461338,0.963343811016241,"cogn_se_lv"
"8080","DPP7","Exc L5/6 IT Car3",-0.0496710467505481,5.68163548065301,8.15144134778195,0.0045427327028252,0.146875328353949,0.132085367579626,"cogn_se_lv"
"8081","GRIN1","Exc L5/6 IT Car3",-0.0234737833244891,8.42133593959749,2.87692377009997,0.0906903947212107,0.441555170112902,0.481265284073681,"cogn_se_lv"
"8082","ANAPC2","Exc L5/6 IT Car3",0.026994595491559,3.19681581274469,1.3468767397608,0.373506550065262,0.733583142508685,0.790419226614623,"cogn_se_lv"
"8083","SSNA1","Exc L5/6 IT Car3",-0.0502111182617586,4.20583821573756,3.29574489898454,0.0702610361045952,0.405005875741369,0.435552060258387,"cogn_se_lv"
"8084","TPRN","Exc L5/6 IT Car3",-0.00579344815533177,3.97940751840372,0.109672129536362,0.74070335390414,0.931072322502814,0.956572970214813,"cogn_se_lv"
"8085","TMEM203","Exc L5/6 IT Car3",-0.0492348611827669,3.50947980011366,3.11622490571249,0.0783328852715637,0.420387560324412,0.455569227218554,"cogn_se_lv"
"8086","NDOR1","Exc L5/6 IT Car3",0.0666193752182912,3.64198085638757,8.3617845363358,0.00405602167024691,0.141379082140812,0.125212808189927,"cogn_se_lv"
"8087","BX255925.3","Exc L5/6 IT Car3",-0.00370686565980941,2.80299762337594,0.0159586493457991,0.899540594387165,0.98694872371986,0.992327911273726,"cogn_se_lv"
"8088","RNF208","Exc L5/6 IT Car3",-0.0511142319769211,4.84062072370924,4.83656448675534,0.0284743990989905,0.298467500217356,0.300707484005388,"cogn_se_lv"
"8089","TUBB4B","Exc L5/6 IT Car3",-0.0621746745244639,5.95543565867162,3.47613962355934,0.0630436656431458,0.388665431068539,0.417668208765445,"cogn_se_lv"
"8090","NELFB","Exc L5/6 IT Car3",-0.0200704871861717,4.62561903338075,1.93959897204678,0.164540157827832,0.54908231908806,0.60027236162728,"cogn_se_lv"
"8091","EXD3","Exc L5/6 IT Car3",0.019977065658531,5.7122024647303,2.06545802865655,0.151506443355198,0.531135344700798,0.583125261771262,"cogn_se_lv"
"8092","NOXA1","Exc L5/6 IT Car3",0.0411543273654998,5.24850832023016,2.71028739465996,0.100543767240825,0.457463221269296,0.498947403645405,"cogn_se_lv"
"8093","NSMF","Exc L5/6 IT Car3",-0.0529021690994253,5.87912074848711,13.8466273722935,0.000228836932827427,0.0434790172372111,0.0291717529183984,"cogn_se_lv"
"8094","PNPLA7","Exc L5/6 IT Car3",0.029126361624032,5.39906831844604,2.6096447718795,0.10705951622669,0.469013935305655,0.511325234285583,"cogn_se_lv"
"8095","MRPL41","Exc L5/6 IT Car3",0.00762897590618687,5.88046534574547,0.103672857279728,0.747645851054356,0.933897613787942,0.958534902038786,"cogn_se_lv"
"8096","DPH7","Exc L5/6 IT Car3",0.0316550311574228,4.61108313525493,3.90618055636605,0.0488437914895255,0.35457827878481,0.375341483879079,"cogn_se_lv"
"8097","ZMYND19","Exc L5/6 IT Car3",-0.0445900702735321,3.19566764520224,3.3172134832907,0.0693573947920665,0.403285947329972,0.433227756066996,"cogn_se_lv"
"8098","ARRDC1","Exc L5/6 IT Car3",0.0345524471605866,4.07729277327891,3.16527565480237,0.0760325195344581,0.416677281040811,0.45008332067027,"cogn_se_lv"
"8099","ARRDC1-AS1","Exc L5/6 IT Car3",0.0136811960881593,3.04830220368898,0.287937552741917,0.591864551192687,0.859803245107784,0.901348599954983,"cogn_se_lv"
"8100","EHMT1","Exc L5/6 IT Car3",0.00155976940671796,7.07511417087102,0.014293840820797,0.904898451794444,0.987810604126722,0.992856323362381,"cogn_se_lv"
"8101","CACNA1B","Exc L5/6 IT Car3",0.00120049427750572,9.8253598041718,0.0116030887816965,0.914277492455661,0.989073227776396,0.994126167335106,"cogn_se_lv"
"8102","LINC01001","Exc L5/6 IT Car3",0.0269959125879094,2.86524956875538,0.744838509026849,0.38866889628495,0.746348371342257,0.800466479642442,"cogn_se_lv"
"8103","AC069287.3","Exc L5/6 IT Car3",-0.0153066216035029,3.06902589650362,0.14624994404818,0.702362534788278,0.911206883480392,0.944094074509488,"cogn_se_lv"
"8104","BET1L","Exc L5/6 IT Car3",-0.00646730589089529,3.94872407898703,0.140161239926753,0.747477132882625,0.933897613787942,0.958495088500046,"cogn_se_lv"
"8105","RIC8A","Exc L5/6 IT Car3",-0.0235845406472269,3.99327303367825,1.36962157527955,0.242622749944145,0.627705353144976,0.687049330654613,"cogn_se_lv"
"8106","SIRT3","Exc L5/6 IT Car3",-0.0175684962028345,4.62036747585688,1.59431342864165,0.207498326888714,0.595395083591232,0.651071943409225,"cogn_se_lv"
"8107","PSMD13","Exc L5/6 IT Car3",0.0216128365896992,4.70313566809051,2.12819719423509,0.20156745901362,0.589309117442936,0.643826021935579,"cogn_se_lv"
"8108","B4GALNT4","Exc L5/6 IT Car3",-2.22382122435462e-05,5.33697856784764,1.8828266902948e-06,0.998905906238643,0.999604744296048,0.999954262357359,"cogn_se_lv"
"8109","SIGIRR","Exc L5/6 IT Car3",-0.006282593658108,1.57714333555428,0.0120481659108666,0.912655356168954,0.989073227776396,0.993863235335742,"cogn_se_lv"
"8110","PTDSS2","Exc L5/6 IT Car3",-0.000804096424523318,5.29216144965598,0.00377489326340143,0.986206398692811,0.998390354534415,0.999870711362408,"cogn_se_lv"
"8111","RNH1","Exc L5/6 IT Car3",0.00784308211914663,4.78354457289053,0.115215408764406,0.73447353153279,0.927984616396423,0.954617962088786,"cogn_se_lv"
"8112","HRAS","Exc L5/6 IT Car3",-0.00890462312457765,4.39460558920047,0.151699429322637,0.697138460919459,0.908387174121621,0.942095161131487,"cogn_se_lv"
"8113","LRRC56","Exc L5/6 IT Car3",-0.0142609787948428,2.23150660716075,0.187640839943953,0.665137352658635,0.894470085424761,0.930542651426107,"cogn_se_lv"
"8114","RASSF7","Exc L5/6 IT Car3",-0.00518432232883652,2.34391605534972,0.023560774346947,0.977836373775085,0.998390354534415,0.999657766396627,"cogn_se_lv"
"8115","PHRF1","Exc L5/6 IT Car3",-0.0143622967409831,3.86668280322315,0.616889804062758,0.432703114491361,0.77353077346411,0.825648824656453,"cogn_se_lv"
"8116","DEAF1","Exc L5/6 IT Car3",-0.022238357313131,6.276348728899,3.58238305295119,0.0591679028344848,0.379986913840459,0.407159214992821,"cogn_se_lv"
"8117","AC131934.1","Exc L5/6 IT Car3",-0.00625560431131233,3.38619122793779,0.0346901258476178,0.852347545924882,0.972202557415749,0.983986136138871,"cogn_se_lv"
"8118","EPS8L2","Exc L5/6 IT Car3",-0.0144665932434755,2.31056554776695,0.106924899481733,0.743855718549696,0.933022991340091,0.957479061655674,"cogn_se_lv"
"8119","TALDO1","Exc L5/6 IT Car3",0.00534554859337868,4.41323339837041,0.0755782601263465,0.78353347474275,0.949524736639513,0.968323843139622,"cogn_se_lv"
"8120","GATD1","Exc L5/6 IT Car3",0.00249007894951285,4.20761767421934,0.0213140695638753,0.884005330705351,0.982636995754113,0.989418360045839,"cogn_se_lv"
"8121","AP006621.3","Exc L5/6 IT Car3",0.0525587998102656,4.97963316929254,6.6735507077106,0.010164560239928,0.207883739379935,0.19301695643447,"cogn_se_lv"
"8122","CEND1","Exc L5/6 IT Car3",-0.00455272169810273,6.27621327256426,0.0409057114605337,0.839830099193235,0.968498535398303,0.981285104855597,"cogn_se_lv"
"8123","SLC25A22","Exc L5/6 IT Car3",-0.0216955290995686,5.27070140731894,0.892721648933677,0.345351351038617,0.714659064510943,0.771149712304456,"cogn_se_lv"
"8124","PIDD1","Exc L5/6 IT Car3",-0.0457618777197662,4.04524597307205,5.83403824145249,0.0161981682943399,0.243815905276506,0.237039992290188,"cogn_se_lv"
"8125","RPLP2","Exc L5/6 IT Car3",-0.0856100231167885,5.68831670774516,5.30017043902274,0.0218724314980506,0.276220485614688,0.270931618835477,"cogn_se_lv"
"8126","PNPLA2","Exc L5/6 IT Car3",-0.0210288456355363,3.99246004337874,1.12349301075965,0.28985219281537,0.669593291620729,0.729562198652997,"cogn_se_lv"
"8127","CD151","Exc L5/6 IT Car3",-0.0200832831546807,4.17357320130615,0.624568458418202,0.429855910612573,0.772585770266477,0.824421185899937,"cogn_se_lv"
"8128","POLR2L","Exc L5/6 IT Car3",-0.100788749965041,3.9336635290023,5.8975504643925,0.01563308863153,0.239873613199648,0.232787982136673,"cogn_se_lv"
"8129","AP006623.1","Exc L5/6 IT Car3",0.0607972876544976,3.19805162718533,3.43859909221782,0.0644773461752007,0.390386478739536,0.421236291475652,"cogn_se_lv"
"8130","CHID1","Exc L5/6 IT Car3",0.0227839920622829,4.36969197414885,2.13205132679489,0.145087817685819,0.520975105169422,0.573773284306217,"cogn_se_lv"
"8131","AP2A2","Exc L5/6 IT Car3",-0.00746146364668593,6.7996239294026,0.34492620049281,0.557354126557812,0.840938717159201,0.885693515078804,"cogn_se_lv"
"8132","MUC6","Exc L5/6 IT Car3",0.0657228283648781,2.28187440518134,1.7564490508884,0.185877785617148,0.572962516571504,0.626450809216269,"cogn_se_lv"
"8133","TOLLIP","Exc L5/6 IT Car3",-0.0236991766635563,6.56361558839575,1.66317826871981,0.197972363232808,0.585723259162372,0.640135944062276,"cogn_se_lv"
"8134","TOLLIP-AS1","Exc L5/6 IT Car3",0.0339279512425315,1.70514733768827,0.471729334044742,0.49261866697721,0.807671139594468,0.855657809105327,"cogn_se_lv"
"8135","BRSK2","Exc L5/6 IT Car3",-0.00724561111466534,6.09332197622624,0.329996362891356,0.566006882599516,0.845631096321382,0.889083250009163,"cogn_se_lv"
"8136","MOB2","Exc L5/6 IT Car3",-0.00721578538673049,4.88056872220593,0.241587751785976,0.623350278830688,0.875466398175241,0.914603037568827,"cogn_se_lv"
"8137","DUSP8","Exc L5/6 IT Car3",-0.0493151672240986,5.37057327397653,7.81594624246565,0.00544612998170067,0.159113467050328,0.14498958938388,"cogn_se_lv"
"8138","KRTAP5-AS1","Exc L5/6 IT Car3",0.00704790937266186,5.17696735862613,0.141318845449037,0.707186731520003,0.913952110821552,0.945843395463766,"cogn_se_lv"
"8139","TNNT3","Exc L5/6 IT Car3",0.0415118748480107,2.04600199153924,0.91637040720169,0.339048709568493,0.709363247213108,0.76677457800845,"cogn_se_lv"
"8140","MRPL23","Exc L5/6 IT Car3",0.039307916008928,3.3879133868243,3.00472597820853,0.0838469001993496,0.431065009578357,0.467862496137488,"cogn_se_lv"
"8141","TH","Exc L5/6 IT Car3",0.0361253610626382,1.98951279629935,0.447415239955635,0.503977993981342,0.814567104377341,0.861123606714834,"cogn_se_lv"
"8142","CD81-AS1","Exc L5/6 IT Car3",0.0292653978644031,3.90686631906109,1.26683882974063,0.261082935730871,0.644639810998247,0.704938956639278,"cogn_se_lv"
"8143","CD81","Exc L5/6 IT Car3",-0.0354732831405347,5.72980868327073,1.83349175030912,0.176533979675544,0.563465498502014,0.616262614463158,"cogn_se_lv"
"8144","TSSC4","Exc L5/6 IT Car3",-0.00308616160403964,3.18297091849709,0.0139865072527766,0.905921579733207,0.987810604126722,0.99299714570084,"cogn_se_lv"
"8145","KCNQ1","Exc L5/6 IT Car3",0.0675480443161797,3.19911131301332,3.87265128568909,0.0498179974072661,0.356516912015847,0.37816833936769,"cogn_se_lv"
"8146","KCNQ1OT1","Exc L5/6 IT Car3",0.0479669730146272,6.40547650816514,5.30344868926768,0.0218318985799893,0.276220485614688,0.270718255271467,"cogn_se_lv"
"8147","SLC22A18","Exc L5/6 IT Car3",0.0686460341949659,2.18701846387529,2.06684379386725,0.151369636561632,0.530850942505038,0.582967588813632,"cogn_se_lv"
"8148","PHLDA2","Exc L5/6 IT Car3",0.0584974614017668,1.29257012173083,0.690209824059912,0.406623524241858,0.758873719574708,0.811412160203032,"cogn_se_lv"
"8149","NAP1L4","Exc L5/6 IT Car3",0.0295900063606799,5.89489002779956,6.70270619212692,0.0100026122141263,0.206908873622855,0.191858556465443,"cogn_se_lv"
"8150","CARS","Exc L5/6 IT Car3",0.0228524578326963,5.28156364052472,1.54043694845614,0.215331358274102,0.603523876131567,0.659406176500981,"cogn_se_lv"
"8151","OSBPL5","Exc L5/6 IT Car3",0.0183339692085872,4.36743537784638,0.976603283508881,0.323678296819561,0.696511460424174,0.756657109691731,"cogn_se_lv"
"8152","ZNF195","Exc L5/6 IT Car3",-0.0114469891266913,4.66657386502125,0.691048406542017,0.406338873623306,0.7587424490491,0.811107808845658,"cogn_se_lv"
"8153","AC127526.1","Exc L5/6 IT Car3",0.0383345424499901,4.57691859175983,4.32051635296393,0.0383373638963946,0.326871566393295,0.340670462339883,"cogn_se_lv"
"8154","NUP98","Exc L5/6 IT Car3",-0.00639034448309983,6.25845997156815,0.308088008577152,0.579187937639771,0.854021172859106,0.895744451775011,"cogn_se_lv"
"8155","PGAP2","Exc L5/6 IT Car3",0.0353493578807864,4.82751573001622,3.90247628862481,0.0489504206896477,0.354944330031006,0.375575001332847,"cogn_se_lv"
"8156","RHOG","Exc L5/6 IT Car3",-0.0285959517916593,2.28098985848521,0.727102819232764,0.394370098432701,0.750811125246958,0.804174313896326,"cogn_se_lv"
"8157","STIM1","Exc L5/6 IT Car3",0.0116022917457513,6.80461445046636,1.28743575527399,0.257248365612733,0.639795143306394,0.701596039023245,"cogn_se_lv"
"8158","RRM1","Exc L5/6 IT Car3",0.0115167960596282,3.93587013863431,0.498938021679522,0.480407296203488,0.800464771716048,0.849576831627805,"cogn_se_lv"
"8159","AC104389.4","Exc L5/6 IT Car3",0.123498490299672,2.50617402499666,4.34644858785617,0.0377646300328594,0.325394470609431,0.338525269286787,"cogn_se_lv"
"8160","TRIM5","Exc L5/6 IT Car3",0.117791611495686,2.73086691403106,4.48043815737146,0.0349454060507343,0.315061393743879,0.328073499676661,"cogn_se_lv"
"8161","AC022762.2","Exc L5/6 IT Car3",0.037501394403641,2.40422776188927,1.33193715395075,0.249198465067049,0.633297939815486,0.693765905581751,"cogn_se_lv"
"8162","FAM160A2","Exc L5/6 IT Car3",0.0646498700052797,4.17425515710648,13.2387043464997,0.000312784313518844,0.048447811506403,0.0340502690684132,"cogn_se_lv"
"8163","CNGA4","Exc L5/6 IT Car3",0.00939459445985665,2.04025194921603,0.0413133106412276,0.839044985026319,0.968274019162796,0.981215778889292,"cogn_se_lv"
"8164","CCKBR","Exc L5/6 IT Car3",0.00197857290772009,3.910813105915,0.00776265538966856,0.92983967840769,0.991814175882228,0.995925713518617,"cogn_se_lv"
"8165","SMPD1","Exc L5/6 IT Car3",-0.0292795815875656,3.34074436568452,1.31522933321192,0.252183824315086,0.635310043576555,0.696848405643523,"cogn_se_lv"
"8166","APBB1","Exc L5/6 IT Car3",-0.0128778407847044,6.23717158420146,0.675565290417325,0.411642120157903,0.761993598012055,0.814402177617734,"cogn_se_lv"
"8167","TRIM3","Exc L5/6 IT Car3",-0.0193795364850148,4.23017942861973,1.35498834998026,0.245150611645154,0.630424149866619,0.689665353645723,"cogn_se_lv"
"8168","ARFIP2","Exc L5/6 IT Car3",-0.0262209233347478,3.87106158484081,1.44525415999847,0.230052258401068,0.619071574163407,0.675982083257945,"cogn_se_lv"
"8169","AC084337.2","Exc L5/6 IT Car3",0.0323022763717634,5.14547751861651,3.38292947592914,0.0666680627172967,0.396300303290535,0.426646041951099,"cogn_se_lv"
"8170","DNHD1","Exc L5/6 IT Car3",0.0198660757737706,5.30078774445863,1.22435524316247,0.269219446506903,0.65238344855003,0.712752100999505,"cogn_se_lv"
"8171","RRP8","Exc L5/6 IT Car3",-0.00676058337221784,2.87221085652323,0.0689932687470169,0.79295301157663,0.952216125954876,0.971124373355605,"cogn_se_lv"
"8172","ILK","Exc L5/6 IT Car3",0.032834566697685,4.5833141937859,3.95709560765932,0.0474028654800217,0.352207238869669,0.37056983625725,"cogn_se_lv"
"8173","TAF10","Exc L5/6 IT Car3",-0.0559039532204103,3.12568200134474,4.10082882294043,0.0435727500300337,0.340910221992702,0.359349150867526,"cogn_se_lv"
"8174","TPP1","Exc L5/6 IT Car3",0.0258113367176836,4.06175042936912,1.56334032473112,0.211959209928303,0.599705600717628,0.655621900187656,"cogn_se_lv"
"8175","DCHS1","Exc L5/6 IT Car3",0.0332147816009299,1.65304506433635,0.424357723455648,0.515171013641045,0.819442454467991,0.866438511597141,"cogn_se_lv"
"8176","MRPL17","Exc L5/6 IT Car3",-0.0332365080162233,2.91388199259519,1.02291347954858,0.312483355490298,0.687409988072963,0.749015688349143,"cogn_se_lv"
"8177","AC087280.2","Exc L5/6 IT Car3",0.0198313656905374,5.60354817308861,1.05369610466009,0.305321388163836,0.681888864292765,0.742865790069347,"cogn_se_lv"
"8178","ZNF215","Exc L5/6 IT Car3",0.0542606714060055,3.03209171358041,3.22549640547614,0.0733075163538372,0.412732658561907,0.443501799786356,"cogn_se_lv"
"8179","ZNF214","Exc L5/6 IT Car3",0.0298815562394733,3.2805039358464,1.65182734461052,0.199506408537392,0.586514030126452,0.641649453393984,"cogn_se_lv"
"8180","SYT9","Exc L5/6 IT Car3",0.0447774461369136,2.79110425508576,1.64728869267671,0.200123710636521,0.586983782484478,0.642198368386446,"cogn_se_lv"
"8181","AC107884.1","Exc L5/6 IT Car3",0.0727062855683194,2.26603936372291,2.73379629054527,0.0990853150314157,0.455065054710083,0.496043533886845,"cogn_se_lv"
"8182","PPFIBP2","Exc L5/6 IT Car3",0.0392525221363639,3.4511484947044,1.21233020205728,0.271579860310541,0.653847425188452,0.714442307196558,"cogn_se_lv"
"8183","EIF3F","Exc L5/6 IT Car3",-0.021944662462249,5.17516290700709,2.7876774134122,0.0958292711707329,0.449775078779378,0.490192775153652,"cogn_se_lv"
"8184","TUB","Exc L5/6 IT Car3",0.0315617336280395,6.00974095696742,5.30583479413363,0.0218024454619464,0.276220485614688,0.270550426991384,"cogn_se_lv"
"8185","RIC3","Exc L5/6 IT Car3",0.0192316240244894,6.70740080432508,2.43552243843151,0.119460855674928,0.48966526913953,0.534095888971578,"cogn_se_lv"
"8186","STK33","Exc L5/6 IT Car3",0.0381450792759678,3.49647088854715,1.20805672137773,0.27242495733216,0.654492834117506,0.71527734723408,"cogn_se_lv"
"8187","TRIM66","Exc L5/6 IT Car3",0.0478147968186704,4.11698650466503,6.05800871738065,0.014294514075579,0.231815143965396,0.223844575849671,"cogn_se_lv"
"8188","RPL27A","Exc L5/6 IT Car3",-0.0876701572067457,5.16377083639387,3.81174068047747,0.0516409187017338,0.35981631126162,0.384104396295457,"cogn_se_lv"
"8189","ST5","Exc L5/6 IT Car3",-0.00586954057230424,4.78079518765857,0.107767194598197,0.742884487090583,0.932461592238863,0.95712734127141,"cogn_se_lv"
"8190","AKIP1","Exc L5/6 IT Car3",0.0429551122824129,3.93289505911225,4.61807373647304,0.0322785891590397,0.309343568274808,0.317530312545526,"cogn_se_lv"
"8191","TMEM9B","Exc L5/6 IT Car3",-0.0203781203516349,4.59413689821408,0.807192505642155,0.369530128104315,0.731324696431574,0.787837943636574,"cogn_se_lv"
"8192","TMEM9B-AS1","Exc L5/6 IT Car3",0.0511698161098646,2.36748078073522,1.46851393508594,0.22634601798145,0.615033652586887,0.671669490971335,"cogn_se_lv"
"8193","NRIP3","Exc L5/6 IT Car3",0.0211161522957954,3.39541464961855,0.532905422425464,0.46584529760815,0.791612586002238,0.842849818009973,"cogn_se_lv"
"8194","AC079296.1","Exc L5/6 IT Car3",0.0369778518297123,2.34628621966385,1.03305282570161,0.310100348164769,0.685742619952766,0.74690541448669,"cogn_se_lv"
"8195","SCUBE2","Exc L5/6 IT Car3",0.0484282250074265,2.67553112086794,1.46336752510461,0.227159810535926,0.616141960547745,0.672433881861011,"cogn_se_lv"
"8196","DENND5A","Exc L5/6 IT Car3",0.0199386572736718,6.0935295082297,2.40183604176158,0.122039425236533,0.491568598997994,0.538347347425932,"cogn_se_lv"
"8197","TMEM41B","Exc L5/6 IT Car3",0.0280229001267336,6.11285530839357,5.03152674911539,0.0254753956939078,0.290028951004157,0.287402228863621,"cogn_se_lv"
"8198","IPO7","Exc L5/6 IT Car3",-0.0197291039887741,5.99446288615768,3.27155927184855,0.0712942306103197,0.408039497617263,0.438145346322133,"cogn_se_lv"
"8199","AC132192.1","Exc L5/6 IT Car3",0.00219702694946561,1.61802816389481,0.00139085479601738,0.970270372472463,0.998267578294294,0.999102668702867,"cogn_se_lv"
"8200","AC132192.2","Exc L5/6 IT Car3",0.0361434946821989,2.47295847706591,1.18427473311676,0.277188838997832,0.65984296042349,0.719569028364519,"cogn_se_lv"
"8201","ZNF143","Exc L5/6 IT Car3",-0.0323291184580779,3.83180474749264,2.72486308038827,0.121256909141128,0.490832149311403,0.536926935015368,"cogn_se_lv"
"8202","SWAP70","Exc L5/6 IT Car3",-0.0097001526387273,6.31859478735665,0.772158953208491,0.380114675431725,0.739005161052836,0.795524063113076,"cogn_se_lv"
"8203","SBF2-AS1","Exc L5/6 IT Car3",-0.0024437378936865,4.64968847428891,0.0198956494086437,0.887904918245131,0.984357923339041,0.990118247723334,"cogn_se_lv"
"8204","SBF2","Exc L5/6 IT Car3",-0.000520023938012593,8.01815319452969,0.00308684925330439,0.955722485792757,0.996920944446838,0.998428000651427,"cogn_se_lv"
"8205","AC011092.2","Exc L5/6 IT Car3",0.0141456697661881,3.58816747388819,0.162348985098615,0.687233431293262,0.902774616430194,0.938724465138347,"cogn_se_lv"
"8206","AC100763.1","Exc L5/6 IT Car3",0.000969193297486677,1.77378101338973,0.000316568727149084,0.985813981057341,0.998390354534415,0.999870711362408,"cogn_se_lv"
"8207","AMPD3","Exc L5/6 IT Car3",0.0138173960780145,2.70602585060777,0.187496185570882,0.665258563755549,0.894470085424761,0.930580221287791,"cogn_se_lv"
"8208","MTRNR2L8","Exc L5/6 IT Car3",-0.0418669040350869,4.1686917498657,0.348565845226956,0.555282968575161,0.839929682996154,0.884689279144774,"cogn_se_lv"
"8209","RNF141","Exc L5/6 IT Car3",0.00975562160611509,3.91128545628944,0.226962033581291,0.634064083039088,0.881742679856471,0.919268557990274,"cogn_se_lv"
"8210","MRVI1-AS1","Exc L5/6 IT Car3",0.0511869292050578,3.3676431825281,3.19028446189549,0.0748878277354562,0.414777587609612,0.447289266308863,"cogn_se_lv"
"8211","LYVE1","Exc L5/6 IT Car3",0.073551766020637,1.36994616062222,1.38666927969223,0.239717832275921,0.625749066637086,0.684498586248282,"cogn_se_lv"
"8212","CTR9","Exc L5/6 IT Car3",-0.00931957719247919,4.63940774613976,0.38104976758555,0.537417912371306,0.828690113710241,0.876552346436012,"cogn_se_lv"
"8213","EIF4G2","Exc L5/6 IT Car3",-0.0427675861808137,5.69325917765327,4.5315856016882,0.0339283438237974,0.312717124772328,0.324095369261583,"cogn_se_lv"
"8214","AC116535.1","Exc L5/6 IT Car3",0.0854276362796605,3.13787581675819,10.2413502603893,0.00149072846065473,0.0955024320442973,0.0783289827584393,"cogn_se_lv"
"8215","ZBED5","Exc L5/6 IT Car3",0.00245136116975465,5.62899971230848,0.0250258642072266,0.874388084230825,0.979751648832088,0.988122988421575,"cogn_se_lv"
"8216","ZBED5-AS1","Exc L5/6 IT Car3",0.0113951462218153,3.07708303250374,0.164451322377417,0.685323010165818,0.901848749589734,0.93786567113512,"cogn_se_lv"
"8217","GALNT18","Exc L5/6 IT Car3",0.0214179161227309,6.48235807411892,0.857840996826666,0.354941364931329,0.720752386980564,0.77770897287717,"cogn_se_lv"
"8218","USP47","Exc L5/6 IT Car3",-0.0255653452249825,7.53256072182953,4.69433751264988,0.0308936243358755,0.304222598957164,0.311139419249147,"cogn_se_lv"
"8219","DKK3","Exc L5/6 IT Car3",-0.0742274156261529,8.25692762597103,15.4037695380705,0.000103343068004576,0.0300084871054799,0.0184703368767344,"cogn_se_lv"
"8220","MICAL2","Exc L5/6 IT Car3",-0.00572163242365097,8.35938008410704,0.218267092516505,0.640635793606452,0.884107586310083,0.921433350302506,"cogn_se_lv"
"8221","PARVA","Exc L5/6 IT Car3",-0.0315473472696419,4.57807030714996,3.15121392442218,0.0766844290319464,0.418056451576924,0.451932034436612,"cogn_se_lv"
"8222","TEAD1","Exc L5/6 IT Car3",-0.0278898671008326,7.05415778017318,2.9606031617652,0.0861439243918531,0.434373509228393,0.47225942673056,"cogn_se_lv"
"8223","ARNTL","Exc L5/6 IT Car3",-0.0143409427303592,6.56997775693554,1.10551008312734,0.293739508055885,0.672512011030238,0.73289825000367,"cogn_se_lv"
"8224","BTBD10","Exc L5/6 IT Car3",-0.0117787551477467,6.81615366754476,1.98306257397799,0.159899567929153,0.542277291853165,0.59449992114941,"cogn_se_lv"
"8225","FAR1","Exc L5/6 IT Car3",0.0147609028263072,7.21892612492697,2.71988723501519,0.0999453855460402,0.45575968749403,0.497526158426711,"cogn_se_lv"
"8226","SPON1","Exc L5/6 IT Car3",0.030735115653982,4.34948929666105,0.811168499749142,0.368355089711103,0.72988088459558,0.786820060326226,"cogn_se_lv"
"8227","SPON1-AS1","Exc L5/6 IT Car3",-0.042279206035641,2.56304621009585,1.59842522903429,0.206914545065823,0.594661969853037,0.650126021792143,"cogn_se_lv"
"8228","RRAS2","Exc L5/6 IT Car3",-0.0217258195781988,6.17752283061703,1.87997718417184,0.171159609150969,0.557772399333489,0.609247228597501,"cogn_se_lv"
"8229","COPB1","Exc L5/6 IT Car3",-0.0165708032302196,5.27544960904484,2.33520186863755,0.127324602069959,0.497214837075747,0.546435603414393,"cogn_se_lv"
"8230","AC018523.2","Exc L5/6 IT Car3",0.0199699237610498,2.32468655534787,0.338931791252075,0.81637462927135,0.959947755253107,0.976917099072405,"cogn_se_lv"
"8231","PSMA1","Exc L5/6 IT Car3",-0.0173533987132144,4.56829931934055,0.806798172911947,0.369646951685931,0.731404806691499,0.787918673712363,"cogn_se_lv"
"8232","PDE3B","Exc L5/6 IT Car3",0.00435489052258424,6.66327272073795,0.0608113788748613,0.805353501543624,0.956354177213454,0.974224637622065,"cogn_se_lv"
"8233","CYP2R1","Exc L5/6 IT Car3",0.0274197302160819,3.93288720433713,2.00700111343227,0.157407672431529,0.53985381247289,0.591071658744696,"cogn_se_lv"
"8234","CALCB","Exc L5/6 IT Car3",-0.0205692470027808,2.36496384743038,0.222868679632995,0.637138330217955,0.883276385755741,0.920427070971139,"cogn_se_lv"
"8235","SOX6","Exc L5/6 IT Car3",-0.0277345333535513,2.8761899268863,0.625521495092133,0.429504514287834,0.77224147320033,0.824180211967314,"cogn_se_lv"
"8236","C11orf58","Exc L5/6 IT Car3",-0.00608514002353457,6.61961725826666,0.306297411631452,0.580292157059742,0.854693874739155,0.896098125288087,"cogn_se_lv"
"8237","PLEKHA7","Exc L5/6 IT Car3",-0.0311264396253805,6.53335727263933,1.13682309041464,0.287013027451501,0.666900101049618,0.727490499664832,"cogn_se_lv"
"8238","RPS13","Exc L5/6 IT Car3",-0.0669298250361454,5.4124376766753,2.39366720877546,0.122674006778161,0.49197586118719,0.539256804743633,"cogn_se_lv"
"8239","PIK3C2A","Exc L5/6 IT Car3",0.0245981082351723,6.18306839327311,3.93851617529933,0.0479233839824832,0.353049189458432,0.372330460334419,"cogn_se_lv"
"8240","NUCB2","Exc L5/6 IT Car3",0.0103885277522475,5.67190224577867,0.73144690245866,0.392962613500678,0.749869140951696,0.803453422970016,"cogn_se_lv"
"8241","NCR3LG1","Exc L5/6 IT Car3",0.0337953267305641,4.68609127051441,3.09085405143977,0.0795521380821611,0.421295681995822,0.4581317644443,"cogn_se_lv"
"8242","AC124798.1","Exc L5/6 IT Car3",0.0324233200460889,3.4591223454691,1.62677755918715,0.202941683032632,0.589903959783784,0.645182891193223,"cogn_se_lv"
"8243","KCNJ11","Exc L5/6 IT Car3",-0.0137038234996421,3.21944109947829,0.284431999070393,0.594127989474769,0.860982086442249,0.902394707862523,"cogn_se_lv"
"8244","ABCC8","Exc L5/6 IT Car3",-0.0282222068322783,7.45646923817473,4.82523809114588,0.0286595879585637,0.299031226225285,0.301495944730043,"cogn_se_lv"
"8245","USH1C","Exc L5/6 IT Car3",-0.0263716410898319,2.20760233121392,0.416304345108494,0.519182838914455,0.820971047083305,0.868272749449579,"cogn_se_lv"
"8246","KCNC1","Exc L5/6 IT Car3",-0.00350024107642897,7.43002820476552,0.0984673168356467,0.753851821926009,0.936533705153478,0.96034306353187,"cogn_se_lv"
"8247","SERGEF","Exc L5/6 IT Car3",0.0147250951755499,6.67090929790037,1.37400197529701,0.241872249481205,0.627018384762854,0.686237270380127,"cogn_se_lv"
"8248","SAAL1","Exc L5/6 IT Car3",0.0103500217559872,3.75234503706714,0.368029456366919,0.544448736325702,0.833157606846232,0.879644983978442,"cogn_se_lv"
"8249","HPS5","Exc L5/6 IT Car3",0.0300167969013154,4.66545234201213,3.46044679901195,0.0636387820386217,0.388692667696058,0.419235883080532,"cogn_se_lv"
"8250","GTF2H1","Exc L5/6 IT Car3",0.00562901476785944,5.3586135397967,0.25348835773771,0.65600995558119,0.889441022970322,0.926988520903379,"cogn_se_lv"
"8251","LDHA","Exc L5/6 IT Car3",-0.064373982788191,5.81990233797304,3.85752351693055,0.0502642695777433,0.357967195188093,0.379500109206731,"cogn_se_lv"
"8252","LDHAL6A","Exc L5/6 IT Car3",0.0932259086783524,2.63590782085407,5.8086212960786,0.0164301953737691,0.244782872025465,0.238656360458284,"cogn_se_lv"
"8253","TSG101","Exc L5/6 IT Car3",-0.0044188038709431,5.88751998728187,0.236186844604077,0.627258705355926,0.877432419144492,0.916555395104746,"cogn_se_lv"
"8254","UEVLD","Exc L5/6 IT Car3",0.0382294020043522,4.43121815431737,3.07341747762097,0.080401986644321,0.422604704390745,0.45998569563135,"cogn_se_lv"
"8255","SPTY2D1OS","Exc L5/6 IT Car3",0.005947882339717,3.35829412135089,0.0540176345619857,0.816341431093718,0.959947755253107,0.976917099072405,"cogn_se_lv"
"8256","SPTY2D1","Exc L5/6 IT Car3",-0.0201254393057812,3.8882301833584,1.09849682935908,0.764186194289242,0.941167215918009,0.96316272577422,"cogn_se_lv"
"8257","IGSF22","Exc L5/6 IT Car3",0.0122379115283629,3.02796594399606,0.0793970555497574,0.77827215290171,0.946929329456686,0.967012992795359,"cogn_se_lv"
"8258","AC103974.1","Exc L5/6 IT Car3",0.00487961660191486,3.46532801107678,0.036633571872311,0.848316969726498,0.971136553429121,0.983125999918371,"cogn_se_lv"
"8259","PTPN5","Exc L5/6 IT Car3",-0.00589314827453721,6.43986828282999,0.298426900546018,0.58519630846514,0.855943612830974,0.898307282336341,"cogn_se_lv"
"8260","ZDHHC13","Exc L5/6 IT Car3",-0.0060722975283771,4.72007693876296,0.173465157841296,0.932119675033925,0.99248109857286,0.99615766930801,"cogn_se_lv"
"8261","AC009652.2","Exc L5/6 IT Car3",-0.0326127613864542,2.11090412301361,0.687101167891484,0.407681290733225,0.759297557925274,0.811834227767315,"cogn_se_lv"
"8262","NAV2","Exc L5/6 IT Car3",0.0228450366394706,8.27028030291274,2.61730983498711,0.106547269714982,0.468654730319282,0.510618419731448,"cogn_se_lv"
"8263","AC009549.1","Exc L5/6 IT Car3",0.111140891870282,1.98145215378351,6.56039363065604,0.0108191272533114,0.213179377869315,0.198615491388861,"cogn_se_lv"
"8264","NAV2-AS3","Exc L5/6 IT Car3",0.0902156536072863,1.59232739808775,2.33740802738962,0.127145584636908,0.497058895267095,0.546106714521424,"cogn_se_lv"
"8265","HTATIP2","Exc L5/6 IT Car3",0.0132673414348432,4.00893335966954,0.553285421644898,0.624589606977772,0.875858814433045,0.915172624210361,"cogn_se_lv"
"8266","PRMT3","Exc L5/6 IT Car3",0.0204740161413566,5.66166759422722,2.19230479263938,0.139544277506209,0.512942082338302,0.56529541886943,"cogn_se_lv"
"8267","NELL1","Exc L5/6 IT Car3",0.0246607970657876,8.44169526809331,2.93348820890067,0.0875893750159354,0.43610497621975,0.474664093741604,"cogn_se_lv"
"8268","ANO5","Exc L5/6 IT Car3",0.00368433592913452,6.91400622461868,0.0678983399585578,0.794565268974173,0.952216125954876,0.971429173515194,"cogn_se_lv"
"8269","AC104009.1","Exc L5/6 IT Car3",-0.0489501953700052,2.36642274426762,1.62645109337877,0.202986912707064,0.589903959783784,0.645203446763547,"cogn_se_lv"
"8270","SLC17A6","Exc L5/6 IT Car3",-0.0492104549052288,3.85867224175438,4.33099338636959,0.0381048772703066,0.326356272250628,0.339776764985891,"cogn_se_lv"
"8271","FANCF","Exc L5/6 IT Car3",-0.012535754747703,2.37164782582346,0.150346657388562,0.698425075108449,0.909108486430441,0.942440596938198,"cogn_se_lv"
"8272","GAS2","Exc L5/6 IT Car3",0.014130942939071,5.8941450416535,0.696650492165372,0.404444753799576,0.757687737185085,0.810172455674839,"cogn_se_lv"
"8273","SVIP","Exc L5/6 IT Car3",-0.0559596874583658,4.5331965037022,6.26374369109115,0.0127495775821544,0.223958316690428,0.21332962242965,"cogn_se_lv"
"8274","AC006299.1","Exc L5/6 IT Car3",0.00993703943606632,3.76741687747861,0.155149339540355,0.693886916095951,0.906205000805944,0.940843906298496,"cogn_se_lv"
"8275","LUZP2","Exc L5/6 IT Car3",0.0486318561899524,3.22557270469393,1.16357303938266,0.281421553936165,0.662539096936755,0.722809241654814,"cogn_se_lv"
"8276","ANO3","Exc L5/6 IT Car3",-0.0858794966938194,2.4504544872193,3.78817919304135,0.0523649485588102,0.362228895457842,0.386644337157504,"cogn_se_lv"
"8277","BBOX1-AS1","Exc L5/6 IT Car3",0.0623920691375062,3.948510395799,3.19007944939496,0.0748971355404232,0.414777587609612,0.447320807316439,"cogn_se_lv"
"8278","CCDC34","Exc L5/6 IT Car3",-0.0276886038466913,4.61025994586145,2.42837531341962,0.120002838592401,0.489738487304808,0.534980079511665,"cogn_se_lv"
"8279","LGR4","Exc L5/6 IT Car3",0.0400326117099791,5.50061479393178,6.46163753698494,0.011425856457812,0.214705654317126,0.203181386859232,"cogn_se_lv"
"8280","LIN7C","Exc L5/6 IT Car3",-0.0515805153521273,5.63635405824426,8.03787680027073,0.00482995455480706,0.152010226172762,0.136345449794681,"cogn_se_lv"
"8281","BDNF-AS","Exc L5/6 IT Car3",-0.0201443396381737,5.5584902925444,0.502387513096824,0.478894893915749,0.799764009145411,0.848904413932711,"cogn_se_lv"
"8282","BDNF","Exc L5/6 IT Car3",-0.0818566854892848,6.48640130231308,10.9649025620587,0.00101901590750944,0.0838644642597338,0.0651843573143376,"cogn_se_lv"
"8283","METTL15","Exc L5/6 IT Car3",0.0145352474069227,6.80719929580934,1.2637800245238,0.261658435014818,0.645236871475413,0.705588629633942,"cogn_se_lv"
"8284","AC090833.1","Exc L5/6 IT Car3",0.0169440565853681,1.73190347748313,0.0989793563616431,0.753233490323331,0.936238520708194,0.960213641012441,"cogn_se_lv"
"8285","AC090124.1","Exc L5/6 IT Car3",0.028328917356688,2.32190432539397,0.335927775314404,0.562538534550809,0.843951660760342,0.887883949336102,"cogn_se_lv"
"8286","AC107973.1","Exc L5/6 IT Car3",-0.00370304125430132,1.51932865583611,0.00312489014530609,0.955450776562101,0.996920944446838,0.998428000651427,"cogn_se_lv"
"8287","LINC01616","Exc L5/6 IT Car3",-0.037888076534265,2.70442123197063,1.65489739140273,0.238531890743813,0.624731052263313,0.683368476119064,"cogn_se_lv"
"8288","KCNA4","Exc L5/6 IT Car3",-0.00144878201532635,3.87631655362784,0.00615713940378049,0.937498228999229,0.994286937102759,0.997226423542895,"cogn_se_lv"
"8289","AC124657.1","Exc L5/6 IT Car3",-0.0757802492343347,1.72731424969464,1.44340233823272,0.230350467420039,0.619071574163407,0.676178366931053,"cogn_se_lv"
"8290","ARL14EP","Exc L5/6 IT Car3",-0.0334140741339489,5.2946811201685,5.05715850391401,0.0251063750611139,0.289428548457336,0.28610945953733,"cogn_se_lv"
"8291","MPPED2","Exc L5/6 IT Car3",0.0285462181442562,3.76528709834869,0.571093095399837,0.450300974328414,0.783309836908232,0.834688094928378,"cogn_se_lv"
"8292","DCDC1","Exc L5/6 IT Car3",0.0285170058902995,5.34691614940151,1.75141886223997,0.18650759597576,0.57395558929553,0.627223892336168,"cogn_se_lv"
"8293","DNAJC24","Exc L5/6 IT Car3",-1.97274602910696e-05,5.47819133901989,2.68831906730481e-06,0.998692656486854,0.999604744296048,0.999954262357359,"cogn_se_lv"
"8294","IMMP1L","Exc L5/6 IT Car3",0.0199576301195772,5.87278891191087,3.131968071255,0.0775864798170474,0.420245591791449,0.453777436550013,"cogn_se_lv"
"8295","ELP4","Exc L5/6 IT Car3",0.00535158452890173,6.9286979357284,0.170105883007299,0.680254242064947,0.900862474773406,0.936090805607164,"cogn_se_lv"
"8296","AC131571.1","Exc L5/6 IT Car3",-0.014428786679277,3.08153332747003,0.147831441551177,0.700835101135226,0.910350279594577,0.943561204710242,"cogn_se_lv"
"8297","RCN1","Exc L5/6 IT Car3",0.0166268190289377,2.07750220538121,0.170730125662638,0.679700740255837,0.900688341014063,0.935796868645227,"cogn_se_lv"
"8298","AL078612.1","Exc L5/6 IT Car3",0.0493773171932674,2.79833435196976,2.90067682248425,0.089373865713471,0.438777245166407,0.478619178397731,"cogn_se_lv"
"8299","EIF3M","Exc L5/6 IT Car3",0.00202151996274374,5.5035701246239,0.0226353801601742,0.880490307975321,0.981383038672293,0.988923094115778,"cogn_se_lv"
"8300","CCDC73","Exc L5/6 IT Car3",0.034788341034077,2.62960919638759,1.16171104268278,0.28180625938416,0.662539096936755,0.723133243662075,"cogn_se_lv"
"8301","QSER1","Exc L5/6 IT Car3",0.0118785827392158,6.19455142508629,0.743153995669569,0.389205286295023,0.746514013885434,0.800793828676584,"cogn_se_lv"
"8302","TCP11L1","Exc L5/6 IT Car3",0.00804551593100945,5.63479456153488,0.626154794685557,0.429271249601342,0.772236648902941,0.82402112129644,"cogn_se_lv"
"8303","CSTF3","Exc L5/6 IT Car3",-0.00416840708595535,6.4940965854556,0.150186227779092,0.698578100099181,0.909108486430441,0.942445306895707,"cogn_se_lv"
"8304","HIPK3","Exc L5/6 IT Car3",0.00550452781970999,5.85191759220734,0.343657961186465,0.624822607148438,0.875858814433045,0.915281565177237,"cogn_se_lv"
"8305","KIAA1549L","Exc L5/6 IT Car3",-0.00023337895942479,8.42069989907547,0.000474449043387136,0.982633597582835,0.998390354534415,0.999870711362408,"cogn_se_lv"
"8306","CD59","Exc L5/6 IT Car3",0.0609377704110447,2.43732620829023,3.32835763153272,0.0688932544698398,0.402073259875175,0.431792601081042,"cogn_se_lv"
"8307","FBXO3","Exc L5/6 IT Car3",-0.0121783832492297,6.03576859477953,1.45578496763448,0.228365264729187,0.617095238836013,0.67391896399011,"cogn_se_lv"
"8308","CAPRIN1","Exc L5/6 IT Car3",-0.0149722035308462,5.68171396552299,1.7802810618047,0.182927343273593,0.570047462080366,0.623564106644829,"cogn_se_lv"
"8309","NAT10","Exc L5/6 IT Car3",0.0125218600210399,5.25943565506081,1.06839882316386,0.301975877405813,0.679307849352746,0.740142912664511,"cogn_se_lv"
"8310","ABTB2","Exc L5/6 IT Car3",0.00850294057588542,2.01317565615104,0.0376676273038012,0.846217532660596,0.970988236489561,0.982821782870121,"cogn_se_lv"
"8311","CAT","Exc L5/6 IT Car3",0.0420622943568297,3.8500727233602,3.8754018127757,0.0497373089981131,0.356516912015847,0.378010685136117,"cogn_se_lv"
"8312","APIP","Exc L5/6 IT Car3",0.00953235127669324,4.6688758565001,0.2492319068532,0.617910221509371,0.873592503670942,0.912441280554716,"cogn_se_lv"
"8313","PDHX","Exc L5/6 IT Car3",0.00865018398587786,6.29972703278621,0.867213935285283,0.370468023675117,0.732088197786345,0.788447817492766,"cogn_se_lv"
"8314","SLC1A2","Exc L5/6 IT Car3",0.0403026713597883,4.96122837594748,4.05490913837207,0.0447595007566532,0.34356544471067,0.36215703931507,"cogn_se_lv"
"8315","PAMR1","Exc L5/6 IT Car3",0.141616470423587,1.81645772816503,5.12093907715305,0.0242121145063469,0.287570640016026,0.282139405029949,"cogn_se_lv"
"8316","FJX1","Exc L5/6 IT Car3",-0.0511673523250312,2.80855541112547,2.12053258776454,0.146175676897671,0.523416395406039,0.575871674255205,"cogn_se_lv"
"8317","TRIM44","Exc L5/6 IT Car3",0.00755038982352232,7.40863239585973,0.639579413304137,0.424371226206337,0.769898563471911,0.821454857302122,"cogn_se_lv"
"8318","LDLRAD3","Exc L5/6 IT Car3",0.0135929749788431,4.88338843250263,0.365013897465224,0.546101366310687,0.834153930748357,0.880419675621172,"cogn_se_lv"
"8319","COMMD9","Exc L5/6 IT Car3",0.0103679648114998,4.20499109090315,0.328161769880478,0.567088045994462,0.846340320935947,0.889429412388206,"cogn_se_lv"
"8320","PRR5L","Exc L5/6 IT Car3",0.0873565964330139,1.93933222459434,3.68770397568999,0.0555758671282378,0.372685226624653,0.397541423990503,"cogn_se_lv"
"8321","TRAF6","Exc L5/6 IT Car3",0.0189442422445986,5.16599448446997,1.2210496294813,0.269865738917209,0.65281888115936,0.713327649468202,"cogn_se_lv"
"8322","RAG1","Exc L5/6 IT Car3",-0.00373545039774659,2.12145075634864,0.00927281206121553,0.923337554063197,0.990974669133532,0.995127414547275,"cogn_se_lv"
"8323","C11orf74","Exc L5/6 IT Car3",-0.00889315715291943,4.88509262640128,0.318775091060799,0.572683457533197,0.849830158783552,0.892226928625105,"cogn_se_lv"
"8324","AC022796.1","Exc L5/6 IT Car3",-0.0394312978382346,1.44570081008843,0.266171462010941,0.606216753548472,0.868278273580553,0.907438233504867,"cogn_se_lv"
"8325","LRRC4C","Exc L5/6 IT Car3",-0.0205764080896233,8.76146225213194,2.1726490032692,0.141325978478306,0.516208556638263,0.568182092100642,"cogn_se_lv"
"8326","API5","Exc L5/6 IT Car3",-0.0141788679976583,5.81752528060635,1.81820243816713,0.178344101527814,0.564756321504744,0.618504719793583,"cogn_se_lv"
"8327","AC087276.2","Exc L5/6 IT Car3",-0.0109961870128942,2.05533214837363,0.0461033446426885,0.830105179374394,0.965959969758352,0.979337055802598,"cogn_se_lv"
"8328","TTC17","Exc L5/6 IT Car3",-0.00124375257780035,7.71285807174376,0.0175819565898194,0.894583499813394,0.9857013440361,0.991250356580458,"cogn_se_lv"
"8329","AC068205.1","Exc L5/6 IT Car3",-0.0631438521418153,4.16476436126646,1.79189438168683,0.181509360780412,0.568347723786478,0.621614795365005,"cogn_se_lv"
"8330","HSD17B12","Exc L5/6 IT Car3",-0.00859513071970862,6.32449222164343,0.0823983160094869,0.774232323116896,0.945176236681209,0.965772874492236,"cogn_se_lv"
"8331","AC087521.2","Exc L5/6 IT Car3",-0.0512610640566652,1.52245537736654,0.759265420100119,0.384117979401151,0.742172676735286,0.798070450914459,"cogn_se_lv"
"8332","ALKBH3","Exc L5/6 IT Car3",0.0221006867858576,4.57289061129976,2.39927592411088,0.320695242948299,0.693607301690158,0.754594819868497,"cogn_se_lv"
"8333","ACCS","Exc L5/6 IT Car3",-0.0060129036814474,2.59952841277465,0.0315795249301604,0.859049937401782,0.973721295691941,0.985301487860902,"cogn_se_lv"
"8334","EXT2","Exc L5/6 IT Car3",-0.000767288438244316,6.32152143269679,0.00333644449148008,0.953969110672271,0.996776168030349,0.99825732469581,"cogn_se_lv"
"8335","TSPAN18","Exc L5/6 IT Car3",0.0733042860093281,2.14697493223843,2.14767749860618,0.14362664471308,0.520219831050672,0.571737366235687,"cogn_se_lv"
"8336","TP53I11","Exc L5/6 IT Car3",-0.0653694318909208,2.71628951471204,3.81147999790802,0.0516488708717428,0.35981631126162,0.384104396295457,"cogn_se_lv"
"8337","PRDM11","Exc L5/6 IT Car3",0.0266555426961221,4.76028002708752,2.66002930218623,0.103741341191229,0.46304502347245,0.504770529464235,"cogn_se_lv"
"8338","SYT13","Exc L5/6 IT Car3",-0.0392050354068659,5.60921809825095,7.72667605630748,0.00571618006192459,0.163821249819403,0.148573275570014,"cogn_se_lv"
"8339","AC103736.1","Exc L5/6 IT Car3",0.0541468607149018,2.22750137798395,2.21516732044347,0.13750365149953,0.510620798575702,0.562759740926406,"cogn_se_lv"
"8340","AC103855.3","Exc L5/6 IT Car3",-0.0763798795567744,5.48211596688257,11.207171601331,0.000897620254414433,0.0763225177648515,0.0607278136867907,"cogn_se_lv"
"8341","CHST1","Exc L5/6 IT Car3",-0.013594377715055,7.0574306970872,1.04039183275089,0.308390271098307,0.684175619461286,0.745530709885736,"cogn_se_lv"
"8342","SLC35C1","Exc L5/6 IT Car3",-0.0462274023415344,2.29371509009753,1.8680379339217,0.172521705806962,0.559088029557621,0.610833637024604,"cogn_se_lv"
"8343","CRY2","Exc L5/6 IT Car3",0.0268288764095396,6.46556629026869,3.91780870635888,0.048510666272711,0.353996753881945,0.374270682612241,"cogn_se_lv"
"8344","MAPK8IP1","Exc L5/6 IT Car3",-0.0556980510334798,5.2787960811779,10.0929676089045,0.00161218520923707,0.0961687223649556,0.0804646590556116,"cogn_se_lv"
"8345","PEX16","Exc L5/6 IT Car3",-0.0144603324398561,3.29616514047396,0.31755095840144,0.573421157483451,0.850024235568321,0.892721622290301,"cogn_se_lv"
"8346","PHF21A","Exc L5/6 IT Car3",0.00048282253344322,7.52198726259551,0.00162539758297225,0.967862554143344,0.997950201545362,0.998996032750539,"cogn_se_lv"
"8347","AC024475.4","Exc L5/6 IT Car3",-0.0463257844914521,1.42435466079713,0.699503711115368,0.403485013131284,0.756505191829763,0.809466418439251,"cogn_se_lv"
"8348","CREB3L1","Exc L5/6 IT Car3",-0.010904797013504,2.20675646104182,0.0752576773302307,0.783981604301668,0.949524736639513,0.968335382161404,"cogn_se_lv"
"8349","DGKZ","Exc L5/6 IT Car3",-0.00204508391315969,7.99071750862767,0.0329132188303521,0.856136281057056,0.973040201275245,0.984658410773017,"cogn_se_lv"
"8350","MDK","Exc L5/6 IT Car3",0.0526826559826275,2.00230966504636,1.71512515968232,0.191126365381013,0.578880447190424,0.632503376054986,"cogn_se_lv"
"8351","AMBRA1","Exc L5/6 IT Car3",-0.00996801221611081,7.39031890835171,0.955701466190607,0.328904735839685,0.700143385021856,0.760270999260831,"cogn_se_lv"
"8352","HARBI1","Exc L5/6 IT Car3",-0.036480537739488,2.16117988893184,0.967013067568705,0.326062507815125,0.698802673064305,0.758459648112898,"cogn_se_lv"
"8353","ATG13","Exc L5/6 IT Car3",-0.0154046061565638,5.53550919488142,2.29716687106519,0.130455649510716,0.50092625897453,0.552106842214533,"cogn_se_lv"
"8354","ARHGAP1","Exc L5/6 IT Car3",0.0119779109431189,5.08364093973266,0.749484709647842,0.692479040592294,0.905339694814214,0.940255126914528,"cogn_se_lv"
"8355","ZNF408","Exc L5/6 IT Car3",0.000488053274179724,2.05655040015732,4.99064387764171e-05,0.994367202046265,0.999242764926216,0.999870711362408,"cogn_se_lv"
"8356","CKAP5","Exc L5/6 IT Car3",-0.0067854987091658,6.56004146214364,0.538901226542856,0.463348815656103,0.790961030368069,0.841827876019513,"cogn_se_lv"
"8357","LRP4","Exc L5/6 IT Car3",0.0434392408294586,5.16420126368999,0.944403894791538,0.331776465692821,0.701569773750402,0.761882255105496,"cogn_se_lv"
"8358","C11orf49","Exc L5/6 IT Car3",-0.00330518026346906,7.34347845413296,0.165091833519586,0.684743797912853,0.901848749589734,0.937780471240165,"cogn_se_lv"
"8359","ARFGAP2","Exc L5/6 IT Car3",-0.001190661861838,5.16625025414106,0.00814452850719647,0.928139256472573,0.991633961507555,0.995793814170954,"cogn_se_lv"
"8360","DDB2","Exc L5/6 IT Car3",-0.00177898194176981,4.54085267827831,0.0098724421469181,0.920905592187454,0.99096186404192,0.994869484089853,"cogn_se_lv"
"8361","ACP2","Exc L5/6 IT Car3",0.0108223979696449,3.32121623645125,0.150889831331623,0.697907667765826,0.908773923928934,0.942193406626221,"cogn_se_lv"
"8362","NR1H3","Exc L5/6 IT Car3",0.0431811469702051,3.94082658561865,4.77656645012135,0.0294698318892391,0.302562183305797,0.305258015879895,"cogn_se_lv"
"8363","MADD","Exc L5/6 IT Car3",-0.00712174367313659,6.26993748172311,0.608032539469784,0.43602315363158,0.774425428088864,0.827056447720999,"cogn_se_lv"
"8364","SLC39A13","Exc L5/6 IT Car3",0.00149937998755887,3.52758605637932,0.00454839288326967,0.94626608453174,0.994804925328349,0.997626386519645,"cogn_se_lv"
"8365","PSMC3","Exc L5/6 IT Car3",-0.0546446203573985,4.03143936418533,2.73002492819,0.0993177139217078,0.455229935733559,0.496384609411786,"cogn_se_lv"
"8366","CELF1","Exc L5/6 IT Car3",0.0133570607295957,8.35284932132964,2.03545224950878,0.154503454876447,0.535662632480032,0.586975879268551,"cogn_se_lv"
"8367","NDUFS3","Exc L5/6 IT Car3",-0.0458206690298488,4.65445933762128,3.58974843830698,0.0589088186970143,0.379576832358774,0.406600856204691,"cogn_se_lv"
"8368","KBTBD4","Exc L5/6 IT Car3",0.00217855117714964,3.16359569636607,0.00703417607189832,0.982255813157811,0.998390354534415,0.999870711362408,"cogn_se_lv"
"8369","C1QTNF4","Exc L5/6 IT Car3",-0.00643632435778685,5.68281108994527,0.0352213358831305,0.851234484073472,0.971725362044465,0.983687437261929,"cogn_se_lv"
"8370","MTCH2","Exc L5/6 IT Car3",0.000739769017842131,5.55929230783154,0.00453549446557613,0.94634221285774,0.994804925328349,0.997626386519645,"cogn_se_lv"
"8371","FNBP4","Exc L5/6 IT Car3",0.0130073845461176,6.79920286775378,1.39542515706965,0.238242324349719,0.624731052263313,0.68309178735972,"cogn_se_lv"
"8372","NUP160","Exc L5/6 IT Car3",0.0137398318858599,5.79145989813975,1.32971980972392,0.249592148686989,0.633865209289233,0.694108953248096,"cogn_se_lv"
"8373","PTPRJ","Exc L5/6 IT Car3",0.0158695712319825,6.41982261169544,1.45161682145922,0.229031192897766,0.61816732000993,0.674739258318523,"cogn_se_lv"
"8374","LRRC55","Exc L5/6 IT Car3",0.00406563894631682,2.14152323964743,0.0113356692232711,0.915267305081982,0.989113057938146,0.994204426831467,"cogn_se_lv"
"8375","TNKS1BP1","Exc L5/6 IT Car3",0.0208300299828782,3.76235910320023,1.01271713759011,0.314903973050738,0.689389348061269,0.750579637039805,"cogn_se_lv"
"8376","SSRP1","Exc L5/6 IT Car3",-0.00660596613354532,4.49193488143319,0.189902380217872,0.663249504073242,0.893427559534984,0.92981753191998,"cogn_se_lv"
"8377","RTN4RL2","Exc L5/6 IT Car3",-0.0188138691206382,6.06841091387365,0.940685791078792,0.332728889082427,0.702524022908293,0.762316303572632,"cogn_se_lv"
"8378","SLC43A1","Exc L5/6 IT Car3",-0.0393291259640294,3.52854175326572,3.00808556189799,0.0836747447895371,0.430720134152561,0.467584607284092,"cogn_se_lv"
"8379","TIMM10","Exc L5/6 IT Car3",-0.0506985331420338,2.84730486374735,1.81165616578855,0.179125692057326,0.566094102345684,0.619274100208014,"cogn_se_lv"
"8380","UBE2L6","Exc L5/6 IT Car3",-0.0195037301254863,3.03721040550969,0.352112470643323,0.553278730854367,0.83924301871168,0.883824263528377,"cogn_se_lv"
"8381","SERPING1","Exc L5/6 IT Car3",-0.0264308216007897,3.52370082968469,1.37750188692968,0.241274641209479,0.626366937057414,0.685784050555076,"cogn_se_lv"
"8382","YPEL4","Exc L5/6 IT Car3",-0.000162098943391436,4.70458372912202,9.5664265862863e-05,0.99220138584147,0.999242764926216,0.999870711362408,"cogn_se_lv"
"8383","CLP1","Exc L5/6 IT Car3",-0.00407766798468854,2.507485651832,0.0156851376160031,0.93446904004188,0.993267436527988,0.996578481155594,"cogn_se_lv"
"8384","ZDHHC5","Exc L5/6 IT Car3",-0.0162650403205938,4.41633228415702,1.22148034976141,0.269781417200187,0.652717498932697,0.713281506889529,"cogn_se_lv"
"8385","MED19","Exc L5/6 IT Car3",-0.020334330099396,4.14869405945625,0.891750129820425,0.345613650591941,0.714791149149483,0.771343479220958,"cogn_se_lv"
"8386","CTNND1","Exc L5/6 IT Car3",0.0270106611571434,5.36818219599264,4.74678010533789,0.0299774788430927,0.304122214499141,0.307314710769854,"cogn_se_lv"
"8387","OR9Q1","Exc L5/6 IT Car3",0.0519305816179003,1.49947576680342,0.865185808498545,0.352892039372439,0.719529476144916,0.776336911459113,"cogn_se_lv"
"8388","LPXN","Exc L5/6 IT Car3",0.000437713859198873,4.13693932628692,0.000557473956683838,0.98117559147887,0.998390354534415,0.999870711362408,"cogn_se_lv"
"8389","GLYAT","Exc L5/6 IT Car3",0.0190462311702057,2.53084776337629,0.23818765218512,0.625804404378064,0.876513449524791,0.915689009448786,"cogn_se_lv"
"8390","GLYATL2","Exc L5/6 IT Car3",-0.00545229814043177,4.50561308695091,0.0757203627816503,0.783335162315403,0.949524736639513,0.968323843139622,"cogn_se_lv"
"8391","DTX4","Exc L5/6 IT Car3",0.0297136893238319,4.16515925920694,2.56279526599815,0.110250025521192,0.473555091479525,0.516903020872779,"cogn_se_lv"
"8392","OSBP","Exc L5/6 IT Car3",-0.0101168425459015,5.49246495705415,0.852003291804875,0.356581846440855,0.722146112069242,0.779040027505419,"cogn_se_lv"
"8393","PATL1","Exc L5/6 IT Car3",0.00684449451460825,3.835734818108,0.139711448012006,0.70878002135065,0.914566085994274,0.94629799345929,"cogn_se_lv"
"8394","STX3","Exc L5/6 IT Car3",0.0302132366995996,5.74062672770311,6.14324286152675,0.0136322391263427,0.228043652341755,0.219536027204935,"cogn_se_lv"
"8395","MRPL16","Exc L5/6 IT Car3",0.00556040786605248,3.818886527931,0.0559681876068028,0.813115396605353,0.959209409302191,0.976383511834788,"cogn_se_lv"
"8396","AP002347.1","Exc L5/6 IT Car3",0.0550078578047956,2.21967407530585,2.01817141174418,0.15626008097491,0.53830254120541,0.589458007398455,"cogn_se_lv"
"8397","AP000790.3","Exc L5/6 IT Car3",0.0616730146324195,2.05025545173765,1.87117157405166,0.17216299633571,0.558749159343436,0.610325147874427,"cogn_se_lv"
"8398","MS4A13","Exc L5/6 IT Car3",0.00647937872299802,2.0212203972892,0.0177484467799241,0.894088501232095,0.9857013440361,0.991212999388033,"cogn_se_lv"
"8399","CCDC86","Exc L5/6 IT Car3",-0.0563439905585862,2.02967428334152,2.54502852449655,0.111487283039591,0.476351507192535,0.519342754248364,"cogn_se_lv"
"8400","PRPF19","Exc L5/6 IT Car3",-0.0305217417044048,5.3482474567473,2.83842677731804,0.0928692270612961,0.444420834724299,0.485557577741733,"cogn_se_lv"
"8401","TMEM109","Exc L5/6 IT Car3",-0.000495222871522747,3.60632342124312,0.000383738470390389,0.984381499861587,0.998390354534415,0.999870711362408,"cogn_se_lv"
"8402","AP003721.1","Exc L5/6 IT Car3",-0.00207941032208261,2.26863128381674,0.00390502491761411,0.950205878660897,0.995054338434123,0.997804640603097,"cogn_se_lv"
"8403","TMEM132A","Exc L5/6 IT Car3",-0.0291571464548569,5.83696348569667,2.28746510149845,0.131268024828692,0.501798428608328,0.553425106479154,"cogn_se_lv"
"8404","VPS37C","Exc L5/6 IT Car3",0.0369358207094485,4.25188857133398,4.30045980091458,0.0387865970720985,0.327903038577323,0.34262447817864,"cogn_se_lv"
"8405","VWCE","Exc L5/6 IT Car3",0.0282739551298073,4.02774191886239,1.69045800670728,0.194341970996062,0.582685161431792,0.636332996269307,"cogn_se_lv"
"8406","DDB1","Exc L5/6 IT Car3",0.00158909941725554,5.89499615236487,0.0193354103755196,0.889484104387924,0.985016296233795,0.990385239175244,"cogn_se_lv"
"8407","TKFC","Exc L5/6 IT Car3",-0.00935921278491768,2.13904334347727,0.0662149291159258,0.797071371777744,0.953945666991771,0.972209274281035,"cogn_se_lv"
"8408","CYB561A3","Exc L5/6 IT Car3",-0.0139198324882616,2.83762047704537,0.264851612693867,0.607110704526792,0.868510293982835,0.907766462043457,"cogn_se_lv"
"8409","TMEM138","Exc L5/6 IT Car3",0.00260809534545867,3.52152314151601,0.0147902936800407,0.991865172993514,0.999242764926216,0.999870711362408,"cogn_se_lv"
"8410","TMEM216","Exc L5/6 IT Car3",0.00200038515743922,2.61629345330736,0.00494094217537042,0.943998982702755,0.994804925328349,0.997626386519645,"cogn_se_lv"
"8411","CPSF7","Exc L5/6 IT Car3",0.0017426716212803,5.35181277928272,0.0242089514826361,0.876438441180498,0.979884010483651,0.988456398102355,"cogn_se_lv"
"8412","AP003108.2","Exc L5/6 IT Car3",0.0247990585164326,5.34206294227304,2.33013500569085,0.12773681637801,0.497562542155802,0.546988022974616,"cogn_se_lv"
"8413","PPP1R32","Exc L5/6 IT Car3",0.0281346868682671,2.23254335588323,0.646420283099726,0.421906612709326,0.769056350775379,0.820023584404025,"cogn_se_lv"
"8414","AP003108.1","Exc L5/6 IT Car3",-0.101373304552136,1.92685241807895,3.36964814438961,0.0672024180431833,0.39725488026192,0.427831894876414,"cogn_se_lv"
"8415","LRRC10B","Exc L5/6 IT Car3",-0.0791982670758035,2.56745462156585,5.14304214530532,0.0239100108511994,0.286933798249348,0.28100657369805,"cogn_se_lv"
"8416","SYT7","Exc L5/6 IT Car3",-0.0137429323887346,7.49539079943064,1.2139060588951,0.27126905933019,0.653645032580496,0.71417892965621,"cogn_se_lv"
"8417","DAGLA","Exc L5/6 IT Car3",-0.00575646641178178,4.34871571524381,0.0924320158840758,0.761277048284517,0.940466406548739,0.962224768109778,"cogn_se_lv"
"8418","MYRF","Exc L5/6 IT Car3",-0.0441786934327981,1.7967678858029,0.790372767998457,0.37455937462911,0.734150801238959,0.791099808973437,"cogn_se_lv"
"8419","TMEM258","Exc L5/6 IT Car3",-0.0779590802912764,3.75281336801035,6.08446165917766,0.0140854868157475,0.230612385206759,0.222535731443892,"cogn_se_lv"
"8420","FADS2","Exc L5/6 IT Car3",0.0663109416402941,4.16590902784398,10.1575239727332,0.00155815161249591,0.0955024320442973,0.0796353133987028,"cogn_se_lv"
"8421","FADS1","Exc L5/6 IT Car3",0.0167940993386227,4.69525114002769,1.08214254504636,0.298891348022818,0.676917505521024,0.73721574932793,"cogn_se_lv"
"8422","FADS3","Exc L5/6 IT Car3",0.0024393092867933,5.96781360508089,0.0323454857037332,0.857368987579136,0.973621837474622,0.985073999215388,"cogn_se_lv"
"8423","FTH1","Exc L5/6 IT Car3",-0.0587543946196265,8.29014567457091,2.99189273032159,0.0845080616485215,0.431799159618441,0.468959236585901,"cogn_se_lv"
"8424","INCENP","Exc L5/6 IT Car3",0.0405507788916428,3.01704725655503,2.69148997763774,0.101726870802897,0.460599159063424,0.501230920314123,"cogn_se_lv"
"8425","ASRGL1","Exc L5/6 IT Car3",0.00360581315525346,4.55756402791273,0.0547292976641846,0.964534535535636,0.997621680933237,0.998906195013116,"cogn_se_lv"
"8426","AHNAK","Exc L5/6 IT Car3",-0.0210482109533591,1.95822295760479,0.275668841969936,0.599865533610035,0.864332968078614,0.904631483511162,"cogn_se_lv"
"8427","MTA2","Exc L5/6 IT Car3",0.0149243003214212,2.06695039516051,0.170077475206576,0.680279458880006,0.900862474773406,0.936100371260515,"cogn_se_lv"
"8428","B3GAT3","Exc L5/6 IT Car3",-0.0111750997904355,4.72560124941764,0.41284509351995,0.52092298967626,0.821092037196555,0.868769111741685,"cogn_se_lv"
"8429","GANAB","Exc L5/6 IT Car3",-0.0116705168773184,4.736893685946,0.883841853148321,0.347758899426472,0.715700650197033,0.772734458230896,"cogn_se_lv"
"8430","INTS5","Exc L5/6 IT Car3",-0.0433299207706806,2.60956377911211,1.34865742994224,0.246254253405934,0.63060767402839,0.690598016400036,"cogn_se_lv"
"8431","CSKMT","Exc L5/6 IT Car3",-0.0294618822029686,2.33075724607846,0.791740056560621,0.374146970814333,0.734081007712124,0.790853380627647,"cogn_se_lv"
"8432","UQCC3","Exc L5/6 IT Car3",-0.0269220289010364,2.57977856599257,0.470482902412248,0.493190435412765,0.808069924518519,0.856014663682803,"cogn_se_lv"
"8433","UBXN1","Exc L5/6 IT Car3",-0.0311165641452666,4.05845212915663,1.15336999934904,0.283537803304869,0.663053492637873,0.724143361533064,"cogn_se_lv"
"8434","GNG3","Exc L5/6 IT Car3",-0.0698776331959595,5.46237306450795,3.61537511859004,0.0580167701213082,0.377862825091434,0.404297724500937,"cogn_se_lv"
"8435","TTC9C","Exc L5/6 IT Car3",0.0369884388835751,4.91297174310054,7.84914274550779,0.005349072993415,0.158783522830177,0.143791246881429,"cogn_se_lv"
"8436","ZBTB3","Exc L5/6 IT Car3",-0.0204544924378349,1.98370212536209,0.317095275562797,0.573696244720103,0.850268220940138,0.892868351452812,"cogn_se_lv"
"8437","POLR2G","Exc L5/6 IT Car3",-0.0731432778932192,2.49770523369121,4.5809297016037,0.0329765549985462,0.310023934897756,0.320447659495733,"cogn_se_lv"
"8438","AP001160.2","Exc L5/6 IT Car3",0.0180155049776598,2.2519179183619,0.223970907209404,0.63630714070178,0.882787964968935,0.92017458772341,"cogn_se_lv"
"8439","TAF6L","Exc L5/6 IT Car3",-0.00799538749133692,3.03192592205741,0.115688326193799,0.740293617752259,0.931072322502814,0.956476461642367,"cogn_se_lv"
"8440","TMEM223","Exc L5/6 IT Car3",0.0104981927210927,3.89209685811307,0.270279966996925,0.603451865437407,0.866813853321332,0.906134350647098,"cogn_se_lv"
"8441","TMEM179B","Exc L5/6 IT Car3",0.00699730840792976,4.20150540620364,0.0903586960944616,0.763888814151024,0.941167215918009,0.963109513946564,"cogn_se_lv"
"8442","NXF1","Exc L5/6 IT Car3",-0.0411753982759042,4.17700679423106,4.00213206033645,0.046165821054385,0.348410169214636,0.366352865448674,"cogn_se_lv"
"8443","STX5","Exc L5/6 IT Car3",0.0128015779805545,4.88519520975361,1.03073505686265,0.310642985051979,0.686008830528048,0.747421166481358,"cogn_se_lv"
"8444","WDR74","Exc L5/6 IT Car3",-0.098897915698696,3.1959108221554,6.01774349224967,0.014618860204276,0.234661668092596,0.226288083433649,"cogn_se_lv"
"8445","SLC3A2","Exc L5/6 IT Car3",-0.00638191412280084,4.42262520017933,0.11074862379708,0.739480065118196,0.930782115216792,0.956250622930021,"cogn_se_lv"
"8446","CHRM1","Exc L5/6 IT Car3",-0.000202340236529837,4.44797960433652,8.37682540285138e-05,0.992702347865605,0.999242764926216,0.999870711362408,"cogn_se_lv"
"8447","AP000438.1","Exc L5/6 IT Car3",-0.00103453665241071,1.60984701837304,5.15831464887466e-05,0.994273362715657,0.999242764926216,0.999870711362408,"cogn_se_lv"
"8448","SLC22A6","Exc L5/6 IT Car3",0.0595054937722902,2.18238154794532,1.66135116429084,0.198218350874278,0.586086536014437,0.640369783770893,"cogn_se_lv"
"8449","SLC22A8","Exc L5/6 IT Car3",0.0922976066111091,1.60695129178727,2.77158128934859,0.0967895239207168,0.451117738685594,0.491759251253,"cogn_se_lv"
"8450","SLC22A24","Exc L5/6 IT Car3",0.0899963997857558,2.0252167060376,3.65687288997404,0.0566026756328826,0.374351172320612,0.399908974080266,"cogn_se_lv"
"8451","SLC22A10","Exc L5/6 IT Car3",0.0638362562012544,5.61445052731987,5.13526908754942,0.0240158023101224,0.286959004311167,0.281393065913125,"cogn_se_lv"
"8452","SLC22A25","Exc L5/6 IT Car3",0.00275864364563251,1.92570449362938,0.00394899334607907,0.949926703878508,0.995054338434123,0.997804640603097,"cogn_se_lv"
"8453","SLC22A9","Exc L5/6 IT Car3",-0.0129844267457957,2.70539801344353,0.125136172419276,0.723728812160743,0.922852539493765,0.951046658457791,"cogn_se_lv"
"8454","HRASLS5","Exc L5/6 IT Car3",0.0507100620361678,1.8844666937306,1.31379161376241,0.252442769416645,0.635486001246527,0.69701858910607,"cogn_se_lv"
"8455","PLA2G16","Exc L5/6 IT Car3",-0.0489492455180984,2.80319942749022,2.65918676229888,0.103795889352973,0.46315417139526,0.504888705753505,"cogn_se_lv"
"8456","ATL3","Exc L5/6 IT Car3",0.0502361483562907,4.36510938012954,9.85035112945852,0.00183289513107476,0.102203826330582,0.0851709453457278,"cogn_se_lv"
"8457","RTN3","Exc L5/6 IT Car3",-0.0129977433232113,8.89032105396634,2.10622876501428,0.147539438976215,0.525730948331546,0.577887904990587,"cogn_se_lv"
"8458","C11orf95","Exc L5/6 IT Car3",-0.0323702652967307,3.0210918601462,1.40044894085862,0.237400726766166,0.624546527338682,0.682354717219404,"cogn_se_lv"
"8459","SPINDOC","Exc L5/6 IT Car3",-0.00324220826268865,3.2812835928908,0.0178809505332772,0.893696235349362,0.9857013440361,0.991133999063024,"cogn_se_lv"
"8460","MARK2","Exc L5/6 IT Car3",0.00937850994838927,6.02443133602235,0.616264786829593,0.432936128501042,0.77353077346411,0.825660702591859,"cogn_se_lv"
"8461","RCOR2","Exc L5/6 IT Car3",0.0489569169640445,2.0251212818493,1.39685806119478,0.238001910883064,0.624685280902288,0.682940098335272,"cogn_se_lv"
"8462","NAA40","Exc L5/6 IT Car3",0.0407395009437197,3.91862691997724,4.10863895459687,0.0433742357047966,0.34043095975895,0.358824039874127,"cogn_se_lv"
"8463","OTUB1","Exc L5/6 IT Car3",-0.000125555554364734,5.12456704062238,3.52039544040079e-05,0.995269111906229,0.999242764926216,0.999870711362408,"cogn_se_lv"
"8464","MACROD1","Exc L5/6 IT Car3",-0.00666250918889784,4.35077308919709,0.132967952030317,0.715580669148744,0.918464902292858,0.948671374620332,"cogn_se_lv"
"8465","AP000721.2","Exc L5/6 IT Car3",0.0354742586482156,2.77190525900602,0.911563013228916,0.340317270239684,0.710066960534478,0.767564697354863,"cogn_se_lv"
"8466","FLRT1","Exc L5/6 IT Car3",-0.0707852564785986,2.1604668473176,2.88065803375839,0.0904820285384968,0.441326558893081,0.48071481528484,"cogn_se_lv"
"8467","STIP1","Exc L5/6 IT Car3",-0.0246368471962704,4.73308252453523,0.735731428657651,0.391581497848713,0.748347106903228,0.802542059652015,"cogn_se_lv"
"8468","FERMT3","Exc L5/6 IT Car3",-0.0175356534744431,1.67034936466481,0.0999649848992837,0.752048190070037,0.93593557561559,0.959957763619649,"cogn_se_lv"
"8469","TRPT1","Exc L5/6 IT Car3",-0.0526287424502357,1.77432966469357,1.25024349202246,0.264224296417513,0.647414730435524,0.708185931496583,"cogn_se_lv"
"8470","NUDT22","Exc L5/6 IT Car3",-0.036190054859133,2.9123030038881,1.79203081876931,0.181492777939768,0.568347723786478,0.621593558309443,"cogn_se_lv"
"8471","AP001453.1","Exc L5/6 IT Car3",0.0975055705351895,1.81127898009393,4.24244994326586,0.040117408412717,0.330776725437538,0.347233785515434,"cogn_se_lv"
"8472","DNAJC4","Exc L5/6 IT Car3",-0.00603143825311752,3.07234180676849,0.0534713295610372,0.817255940849078,0.959996737655868,0.976979324608985,"cogn_se_lv"
"8473","VEGFB","Exc L5/6 IT Car3",-0.0203477304485796,3.79562138448418,0.608969353635739,0.43567016377503,0.774155850421165,0.826897717170676,"cogn_se_lv"
"8474","FKBP2","Exc L5/6 IT Car3",-0.0561559031605139,4.1731772023661,2.89757081864148,0.0895448289753645,0.439186638404832,0.478953643922724,"cogn_se_lv"
"8475","PPP1R14B","Exc L5/6 IT Car3",0.000752306662275167,2.45477086111956,0.000466084994245593,0.982787330096686,0.998390354534415,0.999870711362408,"cogn_se_lv"
"8476","PLCB3","Exc L5/6 IT Car3",0.017118887326593,1.58739488915825,0.108185832940327,0.742403328850528,0.93226849545349,0.957035476052395,"cogn_se_lv"
"8477","BAD","Exc L5/6 IT Car3",-0.0600714538661967,4.9186177933473,6.01729478746186,0.0146225171995321,0.234661668092596,0.226288083433649,"cogn_se_lv"
"8478","GPR137","Exc L5/6 IT Car3",-0.0050384073896161,4.09104124799196,0.0577212379611107,0.810266304358495,0.958714754943748,0.975653545177136,"cogn_se_lv"
"8479","KCNK4","Exc L5/6 IT Car3",0.0198626185850144,3.99045260410099,0.842986130501279,0.359136364223941,0.723348860804405,0.780532066906917,"cogn_se_lv"
"8480","CATSPERZ","Exc L5/6 IT Car3",0.0341504869811924,2.14402490106516,0.813487720138263,0.367672089106302,0.729278702325814,0.786475355766351,"cogn_se_lv"
"8481","ESRRA","Exc L5/6 IT Car3",0.0242050918702374,4.02754396414083,1.54877066196601,0.214097004203165,0.602367988059729,0.658298760085149,"cogn_se_lv"
"8482","TRMT112","Exc L5/6 IT Car3",-0.070511609381239,4.54986705079095,3.84140691843226,0.0507443838948207,0.359091377056743,0.381205006777414,"cogn_se_lv"
"8483","PRDX5","Exc L5/6 IT Car3",-0.0598686373808707,4.98026059693343,2.75113110050129,0.0980247448307387,0.453441786277448,0.494097198467454,"cogn_se_lv"
"8484","RPS6KA4","Exc L5/6 IT Car3",-0.02796770248385,3.80839194322017,1.80219984011065,0.180261752445194,0.566621738397059,0.620273128773129,"cogn_se_lv"
"8485","NRXN2","Exc L5/6 IT Car3",-0.019908911543404,6.11721390560383,1.80809676154788,0.179552332818643,0.566621738397059,0.619715600241155,"cogn_se_lv"
"8486","SF1","Exc L5/6 IT Car3",-0.00401517455513526,6.43214714536294,0.0926949621041946,0.760948109184436,0.940466406548739,0.962188567061212,"cogn_se_lv"
"8487","AP001462.1","Exc L5/6 IT Car3",0.00981827892201617,2.95122906469248,0.11758807629958,0.731858103665647,0.926562702814602,0.953836693285591,"cogn_se_lv"
"8488","MAP4K2","Exc L5/6 IT Car3",-0.00727772721461107,4.35409159554449,0.24751230864125,0.619124829597701,0.873641849271671,0.912749120905443,"cogn_se_lv"
"8489","MEN1","Exc L5/6 IT Car3",-0.0278578573135159,3.62104510965824,2.29467785042741,0.130663528940122,0.501182708796618,0.552423505797845,"cogn_se_lv"
"8490","EHD1","Exc L5/6 IT Car3",-0.00594054101238064,2.80206028333898,0.0430343062021757,0.922749864810638,0.990974669133532,0.995104968537245,"cogn_se_lv"
"8491","ATG2A","Exc L5/6 IT Car3",-0.0237514379800922,3.90899810194883,2.14895421774616,0.143507997919354,0.519912450089184,0.571607096023376,"cogn_se_lv"
"8492","PPP2R5B","Exc L5/6 IT Car3",-0.047773528703652,5.30751872433706,7.43218612305301,0.00670845322411749,0.175601242043721,0.159873359763884,"cogn_se_lv"
"8493","SAC3D1","Exc L5/6 IT Car3",-0.0180305907955582,2.99155523624147,0.380644643671223,0.537634160827445,0.828690113710241,0.876567876782171,"cogn_se_lv"
"8494","CDCA5","Exc L5/6 IT Car3",-0.0244555699636558,1.79351551409953,0.313833197194124,0.575673142016838,0.851796959783132,0.894014984310737,"cogn_se_lv"
"8495","ZFPL1","Exc L5/6 IT Car3",-0.00148855947716741,3.24587294873251,0.00406135919181109,0.949220253449483,0.995054338434123,0.997804640603097,"cogn_se_lv"
"8496","VPS51","Exc L5/6 IT Car3",0.0194527935565633,5.46085905691927,2.44567066783458,0.118695957518838,0.488561322871067,0.532663900500894,"cogn_se_lv"
"8497","TM7SF2","Exc L5/6 IT Car3",0.0300062459543646,3.94618888847749,1.85750552483429,0.173733693526123,0.560346694535874,0.612248904624764,"cogn_se_lv"
"8498","ZNHIT2","Exc L5/6 IT Car3",0.00356387477354689,2.09433678448235,0.0057297051205157,0.939702408888246,0.994539668727838,0.997362934282003,"cogn_se_lv"
"8499","FAU","Exc L5/6 IT Car3",-0.0749397264389088,5.44039570356973,3.2109296256184,0.0739568701428914,0.413387076509406,0.445061500115152,"cogn_se_lv"
"8500","SYVN1","Exc L5/6 IT Car3",-0.0280108390613744,3.574553878747,1.69504318720022,0.301677008286435,0.679307849352746,0.739903805933883,"cogn_se_lv"
"8501","MRPL49","Exc L5/6 IT Car3",0.00367330539858367,3.38405362146706,0.0226597225725846,0.933658922069704,0.99322670979835,0.99646580383249,"cogn_se_lv"
"8502","CAPN1","Exc L5/6 IT Car3",-0.0082143028150461,5.03782850948014,0.288634727468385,0.591416522845654,0.859590587528647,0.901149320569683,"cogn_se_lv"
"8503","POLA2","Exc L5/6 IT Car3",0.00697365945222837,3.41753756614959,0.0902097696595795,0.76407766994914,0.941167215918009,0.96316272577422,"cogn_se_lv"
"8504","DPF2","Exc L5/6 IT Car3",0.0025196956344547,4.86798954824193,0.038424917842068,0.844698915970271,0.970867536727594,0.982488140159863,"cogn_se_lv"
"8505","SLC25A45","Exc L5/6 IT Car3",0.046623624241948,2.91495100743757,1.67690044071141,0.196136344912425,0.584257138953203,0.638075879012553,"cogn_se_lv"
"8506","FRMD8","Exc L5/6 IT Car3",-0.0106770027888417,3.84916892302786,0.246778077524747,0.619645045500662,0.873687478415488,0.91299785939827,"cogn_se_lv"
"8507","NEAT1","Exc L5/6 IT Car3",-0.0409624131796847,6.81436404224304,1.06587567663819,0.302546615813227,0.679709276797619,0.740737028818406,"cogn_se_lv"
"8508","MALAT1","Exc L5/6 IT Car3",-0.0232442443843165,15.1644536239235,1.020624730717,0.313024579304429,0.687818293660267,0.749390228241882,"cogn_se_lv"
"8509","SCYL1","Exc L5/6 IT Car3",-0.0250382176035779,4.80037423876434,2.5169699665301,0.113472621065554,0.4793746826359,0.522753846878135,"cogn_se_lv"
"8510","LTBP3","Exc L5/6 IT Car3",-0.0156873901280644,5.36211779875275,1.24702616934911,0.264838746516442,0.647991782017178,0.708612895862836,"cogn_se_lv"
"8511","SSSCA1","Exc L5/6 IT Car3",-0.00975198256196554,1.91464319033856,0.0447991854305125,0.832489107897991,0.966312347611673,0.97980968153495,"cogn_se_lv"
"8512","FAM89B","Exc L5/6 IT Car3",-0.0390162368428952,4.37414297509512,3.38615019188258,0.0665391697661965,0.396062427271239,0.426291458080992,"cogn_se_lv"
"8513","EHBP1L1","Exc L5/6 IT Car3",-0.0225925023198661,3.71446055283106,1.22848122350143,0.268415478184454,0.651358279605605,0.711961562079299,"cogn_se_lv"
"8514","MAP3K11","Exc L5/6 IT Car3",0.00555974072689645,3.8129061692885,0.0985141217419034,0.847201432071594,0.970988236489561,0.983016776045126,"cogn_se_lv"
"8515","PCNX3","Exc L5/6 IT Car3",0.00118900843195276,3.06766336582296,0.00256034508836345,0.959671416355252,0.997053628956036,0.998555548513014,"cogn_se_lv"
"8516","RELA","Exc L5/6 IT Car3",-0.0517631156752234,3.27721143824036,4.73854425975095,0.0301194509605204,0.304222598957164,0.307858507521615,"cogn_se_lv"
"8517","KAT5","Exc L5/6 IT Car3",0.012428133706856,3.92988118699875,0.348726624372195,0.555191813267957,0.839929682996154,0.884655428542042,"cogn_se_lv"
"8518","RNASEH2C","Exc L5/6 IT Car3",-0.0197466281698752,4.3293802421787,1.07901985203185,0.299588595088061,0.677216159398356,0.737897768325422,"cogn_se_lv"
"8519","AP001266.2","Exc L5/6 IT Car3",0.0136416434111506,3.89410147529469,0.192326693263775,0.661240580474397,0.89224558731507,0.929077366098462,"cogn_se_lv"
"8520","AP5B1","Exc L5/6 IT Car3",0.0176771264717215,2.62745571752001,0.429792994063159,0.512493953884037,0.818419687003898,0.865266551092388,"cogn_se_lv"
"8521","CFL1","Exc L5/6 IT Car3",-0.0764356939084273,6.99485430058535,6.16749134093708,0.0134496809689605,0.227194137589023,0.218201459932441,"cogn_se_lv"
"8522","SNX32","Exc L5/6 IT Car3",-0.00170148254435319,6.55732630238773,0.0195755589872802,0.8888043613669,0.984472057540796,0.990249504502358,"cogn_se_lv"
"8523","MUS81","Exc L5/6 IT Car3",-0.0125922532427482,3.58623511832887,0.338170352808266,0.561237858620456,0.843636345917786,0.887401525921572,"cogn_se_lv"
"8524","FIBP","Exc L5/6 IT Car3",-0.0153418894740521,3.65522360372001,0.260691567398261,0.609946923273016,0.869669774284467,0.909107952778086,"cogn_se_lv"
"8525","CCDC85B","Exc L5/6 IT Car3",-0.037913358092794,6.00196415981862,1.8058624673285,0.179820744132165,0.566621738397059,0.619941724179009,"cogn_se_lv"
"8526","C11orf68","Exc L5/6 IT Car3",-0.0494655142160154,4.27646015624297,3.92720730447603,0.0482431738421756,0.353049189458432,0.373216847422498,"cogn_se_lv"
"8527","DRAP1","Exc L5/6 IT Car3",-0.0505393306901078,4.41853334527697,2.50663085727852,0.114214018142297,0.48052316544832,0.524039244588062,"cogn_se_lv"
"8528","SART1","Exc L5/6 IT Car3",-0.00705434020707812,3.81240364380411,0.14380440497898,0.704743227160646,0.912568784847971,0.945013459564546,"cogn_se_lv"
"8529","EIF1AD","Exc L5/6 IT Car3",-0.0132120780502855,2.89926090447201,0.229114387405001,0.632461223236966,0.881106022052767,0.91871311561968,"cogn_se_lv"
"8530","BANF1","Exc L5/6 IT Car3",-0.0237273610212199,4.47734484834582,0.621013446073056,0.431170541355244,0.773393313689651,0.824938541388613,"cogn_se_lv"
"8531","GAL3ST3","Exc L5/6 IT Car3",-0.0541368802172996,3.07653802962595,3.55355164648879,0.06019383656778,0.381856201474911,0.409690322912272,"cogn_se_lv"
"8532","SF3B2","Exc L5/6 IT Car3",-0.0286071350473309,5.4510951182403,3.37844376457758,0.0668480272541896,0.397063349842524,0.427103098481531,"cogn_se_lv"
"8533","PACS1","Exc L5/6 IT Car3",0.000263741929486334,7.56691069427482,0.000439807227311964,0.983279518964581,0.998390354534415,0.999870711362408,"cogn_se_lv"
"8534","KLC2","Exc L5/6 IT Car3",-0.000644059192248486,5.42606984289105,0.00144209312269602,0.969727972670807,0.998267578294294,0.999099628483138,"cogn_se_lv"
"8535","RAB1B","Exc L5/6 IT Car3",-0.0330730338541693,4.34951601724686,2.439728106449,0.119143201408152,0.489465049417691,0.533803399629223,"cogn_se_lv"
"8536","CNIH2","Exc L5/6 IT Car3",-0.0667986696327638,5.41476319411041,6.71792734908444,0.00991912227027785,0.205758337684994,0.191108494359629,"cogn_se_lv"
"8537","YIF1A","Exc L5/6 IT Car3",0.0075819732395107,2.3526149151526,0.0375236561830651,0.846508029306554,0.970988236489561,0.982890060614701,"cogn_se_lv"
"8538","TMEM151A","Exc L5/6 IT Car3",-0.0444529056390612,4.72096148557134,3.92954569470665,0.0481768643527342,0.353049189458432,0.373081125184811,"cogn_se_lv"
"8539","RIN1","Exc L5/6 IT Car3",-0.034845201146021,3.62379034483567,2.41100609098637,0.121331414200272,0.491004592306651,0.53706406637542,"cogn_se_lv"
"8540","BRMS1","Exc L5/6 IT Car3",0.00844586403189346,2.62623326454573,0.0770587382846047,0.919953920482441,0.990846634237573,0.994749897638703,"cogn_se_lv"
"8541","B4GAT1","Exc L5/6 IT Car3",-0.0553078651838129,5.72926316471104,4.06897737917228,0.0443923318274241,0.342381733855135,0.361384966235563,"cogn_se_lv"
"8542","AP001107.9","Exc L5/6 IT Car3",0.040381613476465,2.46767308117996,1.42610463716634,0.233158719814871,0.621066116966681,0.678557240316651,"cogn_se_lv"
"8543","SLC29A2","Exc L5/6 IT Car3",0.0471165187537236,4.12087829263681,5.02612671204167,0.0255538590865281,0.290028951004157,0.287616534020902,"cogn_se_lv"
"8544","NPAS4","Exc L5/6 IT Car3",-0.0270304368709102,1.93937829871937,0.0290961589487446,0.864649767222523,0.97538376478777,0.986542852105431,"cogn_se_lv"
"8545","MRPL11","Exc L5/6 IT Car3",-0.00908483661064019,2.91220719463161,0.099091797589142,0.753097943453768,0.936238520708194,0.9602117437589,"cogn_se_lv"
"8546","PELI3","Exc L5/6 IT Car3",-0.00398636571517676,3.66524205703838,0.0296396387270063,0.863403636675387,0.975213737484816,0.986475471351794,"cogn_se_lv"
"8547","DPP3","Exc L5/6 IT Car3",0.011518019989792,2.3478647286436,0.106512119094187,0.744333233066757,0.933022991340091,0.957494832567645,"cogn_se_lv"
"8548","ZDHHC24","Exc L5/6 IT Car3",-0.00190361934359558,3.59178374376017,0.00924176371817039,0.923465610277082,0.990974669133532,0.99513561496528,"cogn_se_lv"
"8549","CTSF","Exc L5/6 IT Car3",-0.0329307752732088,5.21269325686516,3.54267100964523,0.0605859360830012,0.382765827716498,0.410795357660343,"cogn_se_lv"
"8550","CCS","Exc L5/6 IT Car3",0.0603941787695214,4.65226453601931,9.56997616640726,0.00212665612526793,0.107105880334087,0.0915437072713781,"cogn_se_lv"
"8551","RBM14-RBM4","Exc L5/6 IT Car3",0.0182609938927844,5.08350717156021,0.756068059836948,0.385119993579315,0.742917611078674,0.798570184697383,"cogn_se_lv"
"8552","RBM4","Exc L5/6 IT Car3",0.0376751846502468,4.90258754742194,2.1996339274038,0.138886416243556,0.512457910809955,0.564470070973453,"cogn_se_lv"
"8553","RBM4B","Exc L5/6 IT Car3",-0.0375225327061643,4.51064970965342,3.39061461237503,0.0663609456788877,0.396062427271239,0.425761641995973,"cogn_se_lv"
"8554","AP001157.1","Exc L5/6 IT Car3",0.00838397744418687,3.42718933049715,0.120979358035784,0.72817055812015,0.924999994394571,0.952874632968933,"cogn_se_lv"
"8555","SPTBN2","Exc L5/6 IT Car3",-0.00972073248247957,5.19347542422047,0.50531137873244,0.477619046436134,0.799031558211194,0.848323354316444,"cogn_se_lv"
"8556","C11orf80","Exc L5/6 IT Car3",0.0177535271839855,7.76961782514053,1.90774325703705,0.168039538465786,0.554172423642548,0.605040340098991,"cogn_se_lv"
"8557","RCE1","Exc L5/6 IT Car3",0.0106514643951969,3.68916531293927,0.251913194664442,0.61602674773188,0.873154022128347,0.911749747734488,"cogn_se_lv"
"8558","PC","Exc L5/6 IT Car3",-0.0152456948934418,4.34057660229359,0.776569440622082,0.378758837958509,0.737841138924423,0.794296053425854,"cogn_se_lv"
"8559","LRFN4","Exc L5/6 IT Car3",-0.026552581236803,4.36290965154349,1.95968952387467,0.162376196233209,0.54612764579433,0.597605972212396,"cogn_se_lv"
"8560","SYT12","Exc L5/6 IT Car3",0.053012055397529,4.26857422706423,2.8081575481579,0.0946225075499655,0.447351363326789,0.488006703192081,"cogn_se_lv"
"8561","KDM2A","Exc L5/6 IT Car3",0.00197505803800985,7.0285770116435,0.0383508655176553,0.844846725836157,0.970964910060373,0.982516152681177,"cogn_se_lv"
"8562","GRK2","Exc L5/6 IT Car3",-0.0299214662194477,5.35181034682005,2.74014959822625,0.098695157755193,0.45416873341001,0.495540196265537,"cogn_se_lv"
"8563","ANKRD13D","Exc L5/6 IT Car3",-0.0194620163597667,5.58920052241155,1.7723495553138,0.183903182279687,0.570379918226519,0.624349009742231,"cogn_se_lv"
"8564","RAD9A","Exc L5/6 IT Car3",-0.0045827306696887,6.57729182264187,0.0953479603059079,0.757657427138523,0.938352065141105,0.961467166194867,"cogn_se_lv"
"8565","POLD4","Exc L5/6 IT Car3",0.0020549210119403,1.26597080773337,0.00183459984340544,0.965858150021657,0.997621680933237,0.99892010896344,"cogn_se_lv"
"8566","AP003419.1","Exc L5/6 IT Car3",0.00512727666601039,1.69194574604873,0.0139434337075992,0.906065880863747,0.987840316413507,0.99299714570084,"cogn_se_lv"
"8567","PPP1CA","Exc L5/6 IT Car3",-0.0035463594866542,4.50632670993102,0.0376256383969296,0.846302195864524,0.970988236489561,0.982853384705658,"cogn_se_lv"
"8568","CARNS1","Exc L5/6 IT Car3",-0.0422302372367843,2.48836865148862,1.50648659852925,0.220448651449159,0.608750260347146,0.66536320387483,"cogn_se_lv"
"8569","RPS6KB2","Exc L5/6 IT Car3",0.00889326067755225,3.88408735354996,0.251598179835597,0.968713672577491,0.998218784586391,0.999017285695007,"cogn_se_lv"
"8570","RPS6KB2-AS1","Exc L5/6 IT Car3",0.0548309981227174,1.07974041774344,0.638636118547625,0.424712770402072,0.770208300850664,0.821686107128856,"cogn_se_lv"
"8571","CORO1B","Exc L5/6 IT Car3",-0.0278745005954803,2.23911273814445,0.610887264000314,0.434948860006502,0.773613831177909,0.826603641098835,"cogn_se_lv"
"8572","TMEM134","Exc L5/6 IT Car3",0.0345529921013574,3.84480663119654,3.00324263640507,0.100845444443625,0.458361308324685,0.499608633537511,"cogn_se_lv"
"8573","AIP","Exc L5/6 IT Car3",-0.0193740774033931,3.65931860942222,0.453328109314216,0.501174911849769,0.813444620688456,0.85965962396488,"cogn_se_lv"
"8574","PITPNM1","Exc L5/6 IT Car3",-0.0367860517301266,3.0607020069902,2.38307816968403,0.123502072050365,0.492780838497124,0.540538235522191,"cogn_se_lv"
"8575","CDK2AP2","Exc L5/6 IT Car3",-0.0737438746829894,3.09361402099915,4.72604150958945,0.0303363240899843,0.304222598957164,0.308825481350628,"cogn_se_lv"
"8576","GSTP1","Exc L5/6 IT Car3",-0.0484977665648817,4.05248440597223,1.77207288058351,0.183937331654205,0.570379918226519,0.624411838155286,"cogn_se_lv"
"8577","NDUFV1","Exc L5/6 IT Car3",0.00180069983205877,5.98838275897627,0.0112534309187767,0.915574066550617,0.98916706803889,0.994279111276091,"cogn_se_lv"
"8578","AP003716.1","Exc L5/6 IT Car3",0.0513806315737039,2.66897768260241,2.65487075466041,0.104075813481273,0.463596749486769,0.505572614204512,"cogn_se_lv"
"8579","UNC93B1","Exc L5/6 IT Car3",0.020694494695263,1.80127840425365,0.173402558221155,0.677344460320228,0.89945730140105,0.93503613347505,"cogn_se_lv"
"8580","NDUFS8","Exc L5/6 IT Car3",-0.0573671695834377,4.65672420972169,6.58615039982264,0.0106664133174507,0.21291323081137,0.197233116420334,"cogn_se_lv"
"8581","CHKA","Exc L5/6 IT Car3",0.0282861052743098,6.50247429007553,1.80409156240304,0.180033818098432,0.566621738397059,0.620090691833315,"cogn_se_lv"
"8582","KMT5B","Exc L5/6 IT Car3",0.00754009620663795,6.50542914467932,0.587327936264135,0.742258212615899,0.93226849545349,0.956975571033037,"cogn_se_lv"
"8583","C11orf24","Exc L5/6 IT Car3",0.00685666737896518,2.99816415830502,0.0660895720275378,0.797259344226506,0.953945666991771,0.972271057533996,"cogn_se_lv"
"8584","LRP5","Exc L5/6 IT Car3",0.00419686463995941,2.24826106545878,0.013686657431202,0.94255098101619,0.994778466454476,0.997626386519645,"cogn_se_lv"
"8585","PPP6R3","Exc L5/6 IT Car3",0.0107483264975914,7.42220314171942,1.1527785733363,0.28366109132734,0.663053492637873,0.724235812221209,"cogn_se_lv"
"8586","CPT1A","Exc L5/6 IT Car3",0.0413360422345541,2.00648739276103,0.930720272100251,0.335299752073002,0.705050305288087,0.764567828401404,"cogn_se_lv"
"8587","MRPL21","Exc L5/6 IT Car3",0.00563115951277566,3.27680980209788,0.047527837594367,0.827541255748065,0.965057204361804,0.978829004156572,"cogn_se_lv"
"8588","IGHMBP2","Exc L5/6 IT Car3",-0.0176700538637461,3.94858795302374,1.12110285485977,0.290365056474528,0.669872315866136,0.729843126249268,"cogn_se_lv"
"8589","TPCN2","Exc L5/6 IT Car3",0.0403728587733375,5.5812174215489,6.18982429613193,0.0132837782292263,0.22684257200978,0.217072308323334,"cogn_se_lv"
"8590","AP003071.2","Exc L5/6 IT Car3",0.0746915751546111,2.14602493357903,2.07559239144937,0.150509181373051,0.529447806785235,0.581737541558139,"cogn_se_lv"
"8591","ORAOV1","Exc L5/6 IT Car3",0.0372817778721287,5.31733822975919,7.0404426070953,0.00830903067380825,0.192272007847248,0.1762603729189,"cogn_se_lv"
"8592","FADD","Exc L5/6 IT Car3",-0.0559831762501746,2.14375112610605,2.30180821620895,0.130068998968957,0.500474253092376,0.55152295748445,"cogn_se_lv"
"8593","PPFIA1","Exc L5/6 IT Car3",-0.00104507471723558,6.37968300803197,0.0124790035215121,0.911113757932612,0.989073227776396,0.9937259663591,"cogn_se_lv"
"8594","AP002336.2","Exc L5/6 IT Car3",0.0217910353200545,4.28819042179748,0.382086745326692,0.536865113541441,0.828638461277984,0.876294097451421,"cogn_se_lv"
"8595","AP000487.1","Exc L5/6 IT Car3",0.0368233890056735,4.02279179889925,3.89106159747199,0.0492805534289066,0.355897153975008,0.376427104165638,"cogn_se_lv"
"8596","CTTN","Exc L5/6 IT Car3",0.00692302394768836,7.17370352163703,0.40974010287874,0.522493730654717,0.821786255981206,0.869718922135684,"cogn_se_lv"
"8597","SHANK2","Exc L5/6 IT Car3",0.0264278003233447,7.84476775667815,4.09844726263502,0.0436334742403207,0.340910221992702,0.359528058441473,"cogn_se_lv"
"8598","DHCR7","Exc L5/6 IT Car3",-0.026803854775399,3.0870291270138,0.722423468395628,0.395894359492516,0.752045270656073,0.805296719429284,"cogn_se_lv"
"8599","AP002387.2","Exc L5/6 IT Car3",0.00402348169950174,2.35882542825054,0.0140114826124858,0.905838012705436,0.987810604126722,0.99299714570084,"cogn_se_lv"
"8600","NADSYN1","Exc L5/6 IT Car3",0.032940962673353,4.19761665290788,3.60524783430584,0.0583675598666209,0.378381106296249,0.404979661958874,"cogn_se_lv"
"8601","KRTAP5-11","Exc L5/6 IT Car3",0.00918718406643347,2.68366060204113,0.0831332796190667,0.773255215138759,0.944684366070698,0.965504728712422,"cogn_se_lv"
"8602","AP003498.1","Exc L5/6 IT Car3",0.0538417757655316,1.91419610494194,1.50985844576016,0.219933955156202,0.608460772257744,0.664669120926421,"cogn_se_lv"
"8603","FAM86C1","Exc L5/6 IT Car3",0.00992365536578976,1.83555327698759,0.0511355948507781,0.821222543497893,0.962568237840115,0.977521041830819,"cogn_se_lv"
"8604","AP002495.2","Exc L5/6 IT Car3",0.00294048370202399,4.1157372980374,0.0234901638803352,0.878272021298211,0.980885806079787,0.988687318112899,"cogn_se_lv"
"8605","RNF121","Exc L5/6 IT Car3",0.0326056226712077,4.77594902130326,4.56339644014934,0.0333115011676617,0.310705456345645,0.321588652194869,"cogn_se_lv"
"8606","NUMA1","Exc L5/6 IT Car3",-0.0150338986217286,5.98172766798954,2.26126136966537,0.133490658603217,0.504771802433295,0.556253598669404,"cogn_se_lv"
"8607","LAMTOR1","Exc L5/6 IT Car3",-0.0285291137984128,4.60331377167287,1.14243256793183,0.285828870056552,0.665895596453276,0.726481205831219,"cogn_se_lv"
"8608","ANAPC15","Exc L5/6 IT Car3",-0.0432539170684862,3.33557805431058,2.00903407069188,0.157198100944934,0.539415557088637,0.590822421130428,"cogn_se_lv"
"8609","INPPL1","Exc L5/6 IT Car3",-0.0457140436950413,2.90472211178507,3.4364770468475,0.0645594233838218,0.390452714911371,0.421484509714605,"cogn_se_lv"
"8610","CLPB","Exc L5/6 IT Car3",0.0145792552141865,4.68395518680667,1.2603955898276,0.262297039268857,0.645673613939172,0.706276890141371,"cogn_se_lv"
"8611","PDE2A","Exc L5/6 IT Car3",-0.0394649376985177,7.46977074391135,10.538845747756,0.00127449641378972,0.0896023412504146,0.0725372607217165,"cogn_se_lv"
"8612","ARAP1","Exc L5/6 IT Car3",-0.0404802231825183,3.56265689773432,3.40397790424175,0.0658305228087651,0.394983136852591,0.424532769486154,"cogn_se_lv"
"8613","STARD10","Exc L5/6 IT Car3",0.0439557899817046,2.19412360591884,1.26627495349527,0.261188907921431,0.644639810998247,0.704956388376913,"cogn_se_lv"
"8614","ATG16L2","Exc L5/6 IT Car3",0.011366528249789,4.33044371086133,0.471733030851399,0.492616972817002,0.807671139594468,0.855657809105327,"cogn_se_lv"
"8615","FCHSD2","Exc L5/6 IT Car3",0.0137080765910373,7.51688499226989,1.44562095264847,0.229993247146842,0.619071574163407,0.675982083257945,"cogn_se_lv"
"8616","P2RY6","Exc L5/6 IT Car3",0.0296997791765347,2.2773609368055,0.401271074327977,0.526821063900081,0.824017130341008,0.871402158182808,"cogn_se_lv"
"8617","ARHGEF17","Exc L5/6 IT Car3",-0.00212550674470207,5.6262218461513,0.0333537153343823,0.855187388125393,0.972881064401809,0.984613174022237,"cogn_se_lv"
"8618","RELT","Exc L5/6 IT Car3",-0.0131074731923858,1.99960164166071,0.0964454731877447,0.756310784354348,0.937623281955331,0.961136125692175,"cogn_se_lv"
"8619","FAM168A","Exc L5/6 IT Car3",0.0183184001489144,7.71999153893852,3.14617847602883,0.076919340546933,0.418512845959591,0.4522934362534,"cogn_se_lv"
"8620","AP000763.3","Exc L5/6 IT Car3",0.0220509342942417,1.37909923291371,0.133253503043603,0.715288778665088,0.918444182811988,0.948526393659977,"cogn_se_lv"
"8621","PLEKHB1","Exc L5/6 IT Car3",-0.0014337724042591,2.44823363856088,0.00137598959940478,0.970429598168542,0.998267578294294,0.999102668702867,"cogn_se_lv"
"8622","RAB6A","Exc L5/6 IT Car3",0.00388388812480412,7.47750619018819,0.272900631686981,0.901100158682755,0.987810604126722,0.99261128133028,"cogn_se_lv"
"8623","MRPL48","Exc L5/6 IT Car3",-0.00637229750341279,4.41619848820314,0.184516324903221,0.667767946399355,0.895434496805987,0.931306203629253,"cogn_se_lv"
"8624","COA4","Exc L5/6 IT Car3",0.0218452618260609,2.87694309824641,0.560610822814511,0.4544852629765,0.785637223094275,0.837107411802226,"cogn_se_lv"
"8625","PAAF1","Exc L5/6 IT Car3",0.069804188026744,4.93388630049135,10.2065045372963,0.00151838744040213,0.0955024320442973,0.0789508724330329,"cogn_se_lv"
"8626","UCP3","Exc L5/6 IT Car3",0.0386927556639851,2.09398701425091,1.00195315123086,0.317486105069678,0.692063202027669,0.752480989200995,"cogn_se_lv"
"8627","C2CD3","Exc L5/6 IT Car3",0.0160423141604357,5.8629105314704,1.60891787378631,0.205433627772436,0.593123278253256,0.648562222661447,"cogn_se_lv"
"8628","PPME1","Exc L5/6 IT Car3",0.0093363597307106,6.45466568797834,1.12883685674042,0.28870972542623,0.668501343383512,0.728678072188628,"cogn_se_lv"
"8629","P4HA3","Exc L5/6 IT Car3",0.0481231049855849,3.39934852317683,1.69218603749869,0.194114649767973,0.582685161431792,0.636114648415624,"cogn_se_lv"
"8630","PGM2L1","Exc L5/6 IT Car3",0.00780107150324521,6.32198422723525,0.297687615739249,0.585661264505124,0.856129071118338,0.898560713166852,"cogn_se_lv"
"8631","AP001372.1","Exc L5/6 IT Car3",0.0573529200943508,1.47415564566423,1.08372915524745,0.298537885306126,0.676917505521024,0.736868174502573,"cogn_se_lv"
"8632","POLD3","Exc L5/6 IT Car3",-0.00734240450418258,5.94944154276979,0.310702943713002,0.577582888414122,0.853152956396327,0.89490891682756,"cogn_se_lv"
"8633","RNF169","Exc L5/6 IT Car3",0.00174975161498936,5.88814669724288,0.0174047234601794,0.895113066612839,0.9859234466049,0.991370774417128,"cogn_se_lv"
"8634","XRRA1","Exc L5/6 IT Car3",0.0193598671560808,5.87683771790558,0.941022286096514,0.332642542752708,0.702524022908293,0.762286464635944,"cogn_se_lv"
"8635","SPCS2","Exc L5/6 IT Car3",-0.00881540703162734,6.0269813550497,0.388874900004211,0.533271854647852,0.826852127109796,0.87432032515485,"cogn_se_lv"
"8636","NEU3","Exc L5/6 IT Car3",0.07629851375652,5.47269856383482,17.9340169417732,2.8827372508307e-05,0.016431602329735,0.00927962420194823,"cogn_se_lv"
"8637","SLCO2B1","Exc L5/6 IT Car3",0.0335537889380613,3.45572992968274,1.40274976337586,0.23701649457061,0.623962342018763,0.681890623893585,"cogn_se_lv"
"8638","AP001972.3","Exc L5/6 IT Car3",0.0538454243600649,5.22514018464058,5.4916542829227,0.0196310359309683,0.264554853745712,0.25821367428181,"cogn_se_lv"
"8639","TPBGL","Exc L5/6 IT Car3",0.0205048832421138,2.06762864122156,0.242446626480654,0.622733755572529,0.8750796656557,0.914410881071958,"cogn_se_lv"
"8640","ARRB1","Exc L5/6 IT Car3",0.00451758412130623,5.29567201994197,0.064356604439888,0.799877645440443,0.954829784589432,0.972882549350988,"cogn_se_lv"
"8641","RPS3","Exc L5/6 IT Car3",-0.017143716263887,6.40902294573698,0.452098621915984,0.501755573568055,0.813655179809147,0.859998093208443,"cogn_se_lv"
"8642","KLHL35","Exc L5/6 IT Car3",0.00723993408519538,3.23379617816862,0.0765182125034744,0.782225417358046,0.949259099943806,0.968118784065218,"cogn_se_lv"
"8643","GDPD5","Exc L5/6 IT Car3",0.0160900272898995,5.63500832897685,1.33182515602456,0.249218331689445,0.633297939815486,0.693765905581751,"cogn_se_lv"
"8644","SERPINH1","Exc L5/6 IT Car3",0.220436672204963,1.16239817051587,5.10171614616472,0.0244780867940634,0.287790493323633,0.283334818772626,"cogn_se_lv"
"8645","AP001922.5","Exc L5/6 IT Car3",0.0723426417302089,1.75062260649321,2.17321914300024,0.141273938338857,0.516208556638263,0.568156187083802,"cogn_se_lv"
"8646","MAP6","Exc L5/6 IT Car3",0.00721674436987298,6.70876903501652,0.29186227099362,0.58935143809631,0.858759934902261,0.90041118574061,"cogn_se_lv"
"8647","DGAT2","Exc L5/6 IT Car3",-0.0451642711482528,3.05764132948159,2.6415070006341,0.104947826469593,0.465460244774364,0.507400962716072,"cogn_se_lv"
"8648","UVRAG","Exc L5/6 IT Car3",0.00858361432204193,6.99843384610204,0.64991464581998,0.420655943899816,0.767594851389395,0.819321546007955,"cogn_se_lv"
"8649","THAP12","Exc L5/6 IT Car3",0.0206257551828232,4.12486179332292,1.64054206313105,0.323926499486733,0.696678939990315,0.756854325009916,"cogn_se_lv"
"8650","GVQW3","Exc L5/6 IT Car3",0.0285583820444017,4.98043325743928,3.53263122755583,0.0609501557123306,0.383639785107702,0.411854917147907,"cogn_se_lv"
"8651","AP002360.1","Exc L5/6 IT Car3",0.00362097898206428,2.23920718840565,0.0109683108603203,0.916646482141416,0.989745018884058,0.994415652260495,"cogn_se_lv"
"8652","EMSY","Exc L5/6 IT Car3",-0.0105195213987142,6.03056303986962,0.873417845560406,0.35061436349837,0.717823937428057,0.774309219338709,"cogn_se_lv"
"8653","ACER3","Exc L5/6 IT Car3",0.016835303801521,5.49807283718901,1.79994515805391,0.180533857595307,0.567139430167745,0.620545622002494,"cogn_se_lv"
"8654","CAPN5","Exc L5/6 IT Car3",0.0341461377094055,2.38358411239459,1.04611691521767,0.307064778134296,0.683007217153753,0.744113994779433,"cogn_se_lv"
"8655","PAK1","Exc L5/6 IT Car3",0.0274177105341607,7.22657413279921,5.42618429646409,0.0203692341371158,0.26850417095392,0.262927136946356,"cogn_se_lv"
"8656","CLNS1A","Exc L5/6 IT Car3",0.0248148789818011,6.17427421442745,6.08179828063595,0.0141063886356703,0.230709161639709,0.222702082062326,"cogn_se_lv"
"8657","AQP11","Exc L5/6 IT Car3",0.0220563016349049,3.82401916725836,1.14519039791885,0.285248974030146,0.664947244823379,0.72584291095482,"cogn_se_lv"
"8658","RSF1","Exc L5/6 IT Car3",0.0046719272251854,7.49252039665361,0.458054176250163,0.517096816883387,0.819995665260249,0.86726792649555,"cogn_se_lv"
"8659","AAMDC","Exc L5/6 IT Car3",0.0421734755504282,5.24795815857735,7.98427552301075,0.00497191299659966,0.154988681091868,0.138535340300356,"cogn_se_lv"
"8660","AP002812.2","Exc L5/6 IT Car3",0.0293175464040848,3.77987893354868,1.11973257454505,0.290659605287453,0.670169608750008,0.730081520618406,"cogn_se_lv"
"8661","INTS4","Exc L5/6 IT Car3",0.014844027312381,5.54949792621116,1.42921242415785,0.232651134205783,0.620799689816657,0.678110469856291,"cogn_se_lv"
"8662","NDUFC2-KCTD14","Exc L5/6 IT Car3",-0.00648564990316801,3.08552197275637,0.04481189859208,0.832465695151792,0.966312347611673,0.97980968153495,"cogn_se_lv"
"8663","ALG8","Exc L5/6 IT Car3",0.0379066801390529,5.03415180011677,6.56249234513565,0.0108065999155602,0.213179377869315,0.198503769224741,"cogn_se_lv"
"8664","KCTD21-AS1","Exc L5/6 IT Car3",0.0364807657810361,2.9483618305159,1.28188294651598,0.258275226904945,0.640899023229137,0.702487288233594,"cogn_se_lv"
"8665","KCTD21","Exc L5/6 IT Car3",0.0239316128679608,3.37248274410928,1.24084311420413,0.362880719835038,0.726811316394553,0.783253537439751,"cogn_se_lv"
"8666","USP35","Exc L5/6 IT Car3",-0.0146883202019515,3.2650149435015,0.434759596597699,0.510068817220218,0.817119641086911,0.863976846780396,"cogn_se_lv"
"8667","GAB2","Exc L5/6 IT Car3",0.0270167975234371,7.21039399466758,3.4408611125411,0.064389978037332,0.390296085858424,0.420974617275302,"cogn_se_lv"
"8668","AP003086.2","Exc L5/6 IT Car3",0.0194344924632342,4.45708037191844,0.253734760005263,0.614754336077908,0.87238997069977,0.911377451118644,"cogn_se_lv"
"8669","NARS2","Exc L5/6 IT Car3",-0.00320834930562243,5.63452274262331,0.0496660388095694,0.823767180658779,0.964016189669121,0.978131852599895,"cogn_se_lv"
"8670","AP003110.1","Exc L5/6 IT Car3",0.0641462498946032,1.71359225407029,1.25927227166141,0.262509425061827,0.645691937874616,0.706530838600316,"cogn_se_lv"
"8671","TENM4","Exc L5/6 IT Car3",0.00802639167471569,10.1944079160879,0.304042725936835,0.581688584602825,0.855233062269629,0.896866645397869,"cogn_se_lv"
"8672","AP001978.1","Exc L5/6 IT Car3",0.00594849620778518,4.41961364565288,0.0648272100235387,0.799162941775132,0.954829784589432,0.972749915649565,"cogn_se_lv"
"8673","AP006295.1","Exc L5/6 IT Car3",-0.0354148085225707,2.93682348921874,1.2073930220312,0.272556502524958,0.654492834117506,0.71534011745972,"cogn_se_lv"
"8674","AP002759.1","Exc L5/6 IT Car3",-0.0123582015960174,4.3532791479064,0.251627112262905,0.616227107033256,0.8731564948537,0.911749747734488,"cogn_se_lv"
"8675","MIR4300HG","Exc L5/6 IT Car3",-0.0365799079580478,4.69598517656203,1.80847142331617,0.179507369287691,0.566621738397059,0.619649710506268,"cogn_se_lv"
"8676","PRCP","Exc L5/6 IT Car3",-0.0287652095342106,5.01889662435839,4.3526007943355,0.037630079909408,0.324958739062189,0.337960012637371,"cogn_se_lv"
"8677","RAB30","Exc L5/6 IT Car3",0.0123232538537445,5.97386339708822,1.06394167192398,0.302985035342769,0.67996293893772,0.74108117186621,"cogn_se_lv"
"8678","RAB30-AS1","Exc L5/6 IT Car3",0.0262750955002025,5.4444384337854,2.89416466333454,0.0897327229171689,0.439356181844138,0.479318853818537,"cogn_se_lv"
"8679","AP001767.3","Exc L5/6 IT Car3",0.066228510201594,2.05866102971354,2.12885390664526,0.145388869165909,0.521569859315463,0.574408137226371,"cogn_se_lv"
"8680","PCF11","Exc L5/6 IT Car3",-0.0200049475117917,5.24432912075333,2.93440920406319,0.0875398480691877,0.43610497621975,0.474546026554508,"cogn_se_lv"
"8681","PCF11-AS1","Exc L5/6 IT Car3",-0.00465097766617661,2.36876515827193,0.0214088460532516,0.883749558061574,0.982636995754113,0.989329984674132,"cogn_se_lv"
"8682","ANKRD42","Exc L5/6 IT Car3",0.00412688645769391,5.22451356296853,0.102043993808598,0.749568924154506,0.934362277179534,0.95910854917224,"cogn_se_lv"
"8683","CCDC90B","Exc L5/6 IT Car3",-0.0041968077055427,4.58297622182793,0.065151203580715,0.807092519455039,0.956724476192948,0.974654501464305,"cogn_se_lv"
"8684","AP000446.1","Exc L5/6 IT Car3",0.00777469690472369,3.73141095390297,0.0942906363018859,0.758962812690792,0.939092915847507,0.961756177939335,"cogn_se_lv"
"8685","DLG2","Exc L5/6 IT Car3",-0.0121903760032507,12.0655385145758,1.28370487822819,0.25793774465815,0.640518348875456,0.702231384572844,"cogn_se_lv"
"8686","AP002370.2","Exc L5/6 IT Car3",-0.0220729928774984,5.95701761921925,0.238670524643739,0.6254545589737,0.876292758095617,0.915452447880797,"cogn_se_lv"
"8687","AP001825.1","Exc L5/6 IT Car3",-0.0235330146773065,5.41291300815003,0.406498113436466,0.524142759175471,0.822318919244339,0.870367983119102,"cogn_se_lv"
"8688","TMEM126B","Exc L5/6 IT Car3",-0.0181398138232076,4.38260465597561,0.658773047947297,0.417510143194789,0.765302656475441,0.817509490448272,"cogn_se_lv"
"8689","TMEM126A","Exc L5/6 IT Car3",-0.0344092940510665,3.50707196947796,1.54303561153153,0.214945546539203,0.602771858826227,0.658955846507938,"cogn_se_lv"
"8690","CREBZF","Exc L5/6 IT Car3",-0.000457069344338673,5.77110557393187,0.000963974302824043,0.975247887131688,0.998267578294294,0.999481105410931,"cogn_se_lv"
"8691","SYTL2","Exc L5/6 IT Car3",0.0411997492728831,5.85667096399612,6.09398830361025,0.0140109847295833,0.230144135677814,0.222017652427966,"cogn_se_lv"
"8692","PICALM","Exc L5/6 IT Car3",4.74147513687399e-05,7.55528853255885,1.59768773971496e-05,0.996812910225137,0.999242764926216,0.999946524402754,"cogn_se_lv"
"8693","EED","Exc L5/6 IT Car3",-0.00443879065629633,4.92784054442763,0.0947366377837686,0.8915041689318,0.985508487276283,0.990615604154006,"cogn_se_lv"
"8694","HIKESHI","Exc L5/6 IT Car3",0.00412116669811091,4.76854728975885,0.0818274267381319,0.774994560296847,0.945326266120192,0.966033318097107,"cogn_se_lv"
"8695","CCDC81","Exc L5/6 IT Car3",0.0155431263988531,1.96540270083123,0.127217897349033,0.721535557612478,0.92177303792645,0.95036638915411,"cogn_se_lv"
"8696","AP001831.1","Exc L5/6 IT Car3",-0.00785697910280882,4.3643076339201,0.0685511140383274,0.79360241659703,0.952216125954876,0.971243609168092,"cogn_se_lv"
"8697","ME3","Exc L5/6 IT Car3",0.0115990273131032,6.9556731390603,0.726332947830955,0.394620295013064,0.750983843236188,0.804367656553829,"cogn_se_lv"
"8698","AP003059.2","Exc L5/6 IT Car3",0.052720412681224,2.35366555378513,2.13936748494921,0.144401616513659,0.520632076517234,0.572851408989489,"cogn_se_lv"
"8699","PRSS23","Exc L5/6 IT Car3",-0.0280708186663764,4.55532565859585,2.41682463238497,0.120884539792995,0.490612459339224,0.536418231801253,"cogn_se_lv"
"8700","AP001528.2","Exc L5/6 IT Car3",0.0369698188327551,4.52721347502493,2.65673441793624,0.103954839841076,0.463490736855751,0.505318843643319,"cogn_se_lv"
"8701","FZD4","Exc L5/6 IT Car3",0.0402693870898343,2.95648543863999,2.08341224006039,0.149744769474736,0.52871043137544,0.580809836310574,"cogn_se_lv"
"8702","TMEM135","Exc L5/6 IT Car3",0.00798166930362096,6.78421495454166,0.395130471995598,0.529998890927126,0.82568662529394,0.872824382352109,"cogn_se_lv"
"8703","CTSC","Exc L5/6 IT Car3",-0.00300328266710979,1.97696349889664,0.00531749984628573,0.941907848196914,0.994645381072493,0.997626386519645,"cogn_se_lv"
"8704","GRM5-AS1","Exc L5/6 IT Car3",-0.0648445852463759,2.43017659248884,2.16786523167112,0.141763475402236,0.516755065476174,0.569049767111388,"cogn_se_lv"
"8705","GRM5","Exc L5/6 IT Car3",-0.0161645610855106,9.41083146579799,1.73374705992092,0.188740038336318,0.575842217913898,0.630009318652164,"cogn_se_lv"
"8706","NAALAD2","Exc L5/6 IT Car3",0.00104361833466106,6.6340996601241,0.00636285440471753,0.936464872526657,0.993953603292087,0.997104872669081,"cogn_se_lv"
"8707","CHORDC1","Exc L5/6 IT Car3",-0.0375339225547644,5.52206140803373,1.90601355260878,0.168231982389755,0.554407265935314,0.605343724398083,"cogn_se_lv"
"8708","FAT3","Exc L5/6 IT Car3",0.00998338661992678,6.92102572325041,0.172187688233357,0.678412950722853,0.900130631056747,0.935474039447672,"cogn_se_lv"
"8709","SLC36A4","Exc L5/6 IT Car3",-0.0220284487163957,6.12719110925604,3.71065894869149,0.0548242590577285,0.370877075559755,0.395616154990654,"cogn_se_lv"
"8710","DEUP1","Exc L5/6 IT Car3",0.00231080292231621,2.11555723600376,0.00261764448760972,0.959223035610416,0.997053628956036,0.998555548513014,"cogn_se_lv"
"8711","CEP295","Exc L5/6 IT Car3",-0.0026289315037165,5.93232842679456,0.0600696574064328,0.806520418225041,0.956414642971442,0.974442120360609,"cogn_se_lv"
"8712","TAF1D","Exc L5/6 IT Car3",0.000173013461678437,6.96655790749117,0.000187009336086693,0.989096458592164,0.99883165995626,0.999870711362408,"cogn_se_lv"
"8713","AP001273.2","Exc L5/6 IT Car3",0.036581594541545,2.34785820554503,1.214893093476,0.271074617099186,0.653645032580496,0.71417892965621,"cogn_se_lv"
"8714","MED17","Exc L5/6 IT Car3",-0.0495019071919295,1.95042705175167,1.61942755454955,0.203962868935136,0.59125796815064,0.646517698905308,"cogn_se_lv"
"8715","VSTM5","Exc L5/6 IT Car3",0.0174193087234091,3.89965704158976,0.628416578681021,0.428439725485941,0.77189630869187,0.82366956754589,"cogn_se_lv"
"8716","HEPHL1","Exc L5/6 IT Car3",-0.0412137766220905,1.66855846002905,0.660582168881883,0.416872000926862,0.765198602555065,0.817065800782501,"cogn_se_lv"
"8717","PANX1","Exc L5/6 IT Car3",0.0285830244575252,2.90293987521558,1.16935558955421,0.280231060082278,0.661515981507294,0.72189112579827,"cogn_se_lv"
"8718","GPR83","Exc L5/6 IT Car3",0.030463503895227,2.16501340033604,0.465289431725335,0.495584859368438,0.80979524594201,0.856934006489855,"cogn_se_lv"
"8719","MRE11","Exc L5/6 IT Car3",0.0201500842372193,5.00607094186518,1.83390828588964,0.176484963955094,0.563465498502014,0.616233312835532,"cogn_se_lv"
"8720","ANKRD49","Exc L5/6 IT Car3",-0.0256526225857968,4.31210565906608,1.36738840313456,0.243006457680726,0.628021726902832,0.687362222649807,"cogn_se_lv"
"8721","C11orf97","Exc L5/6 IT Car3",0.0630065733387808,1.47278226135855,1.27643393826111,0.25928783627711,0.642009821242708,0.703345788164262,"cogn_se_lv"
"8722","PIWIL4","Exc L5/6 IT Car3",0.0318333775820376,3.93615377608097,1.84006071741586,0.175762809075072,0.56301648122976,0.615162037992417,"cogn_se_lv"
"8723","AP000943.3","Exc L5/6 IT Car3",0.0149579261174551,4.83298711520794,0.281247053554027,0.596200012936536,0.862418526343623,0.90326384849346,"cogn_se_lv"
"8724","AMOTL1","Exc L5/6 IT Car3",0.00288030591464943,2.84629112358064,0.00518222933235576,0.942650208268698,0.994804925328349,0.997626386519645,"cogn_se_lv"
"8725","CWC15","Exc L5/6 IT Car3",-0.0262194036842244,4.39396402123742,1.44439868151788,0.2301899627637,0.619071574163407,0.676030357846822,"cogn_se_lv"
"8726","KDM4D","Exc L5/6 IT Car3",0.00541221642307488,2.1330009183774,0.0191908945943574,0.889895233140481,0.985023870674018,0.990504300467474,"cogn_se_lv"
"8727","SRSF8","Exc L5/6 IT Car3",-0.00377521262092467,4.60528136480538,0.03175959394932,0.85865288952594,0.973716475920048,0.985243347338613,"cogn_se_lv"
"8728","ENDOD1","Exc L5/6 IT Car3",-0.0269279328704461,4.88972268710248,2.91235006715161,0.0887345075039001,0.437854915746994,0.477159820420609,"cogn_se_lv"
"8729","AP000787.1","Exc L5/6 IT Car3",-0.0410027234089933,4.51651234276376,2.43823166427409,0.119256120095225,0.489465049417691,0.533810698964136,"cogn_se_lv"
"8730","SESN3","Exc L5/6 IT Car3",-0.0425220248434723,6.96917669709529,10.2982154141156,0.00144668774980517,0.0947426573170282,0.0770098077195397,"cogn_se_lv"
"8731","FAM76B","Exc L5/6 IT Car3",0.00838051963397297,4.2167433209583,0.275910086477213,0.810870034878228,0.958714754943748,0.975757146388002,"cogn_se_lv"
"8732","CEP57","Exc L5/6 IT Car3",0.000673793900202905,6.16839352148488,0.00409238980199518,0.949026896717994,0.995054338434123,0.997804640603097,"cogn_se_lv"
"8733","MTMR2","Exc L5/6 IT Car3",-0.0173293498489127,5.89427041435809,2.33873167552882,0.127038312921141,0.497058895267095,0.546000305540818,"cogn_se_lv"
"8734","MAML2","Exc L5/6 IT Car3",-0.045162802595297,5.26566438212463,2.6502838664034,0.104374216206781,0.464264082471031,0.506262299187037,"cogn_se_lv"
"8735","CCDC82","Exc L5/6 IT Car3",-0.00185234072167516,5.89711810772882,0.0217723541973992,0.88277388469221,0.982491328132276,0.98919831619524,"cogn_se_lv"
"8736","JRKL","Exc L5/6 IT Car3",0.0100049774010752,3.21237160015205,0.187184473540765,0.665519947392022,0.894470085424761,0.93065257235918,"cogn_se_lv"
"8737","CNTN5","Exc L5/6 IT Car3",0.0275230246949659,9.12934701231146,1.47076709182083,0.225990836248199,0.614844310270117,0.671536888711652,"cogn_se_lv"
"8738","ARHGAP42","Exc L5/6 IT Car3",0.0218766757405603,1.40764928718144,0.163119633312453,0.686531471393526,0.902562568023657,0.938382707671951,"cogn_se_lv"
"8739","TRPC6","Exc L5/6 IT Car3",-0.0274199629092705,2.59983206580023,0.449098759427377,0.503177174538666,0.814546830351327,0.86081489630493,"cogn_se_lv"
"8740","ANGPTL5","Exc L5/6 IT Car3",-0.0164107966388122,1.8724081646244,0.153373196901509,0.695555664175766,0.907477252599613,0.941380046610159,"cogn_se_lv"
"8741","CEP126","Exc L5/6 IT Car3",-0.012508535311074,7.06018601572225,1.08292361002296,0.298717276108298,0.676917505521024,0.737025515708915,"cogn_se_lv"
"8742","CFAP300","Exc L5/6 IT Car3",0.0529538792768134,2.37137247749961,2.16186249335413,0.142314615391255,0.517937905589373,0.56972108680536,"cogn_se_lv"
"8743","YAP1","Exc L5/6 IT Car3",-0.0571352666654647,1.83469944893016,1.22718372628486,0.268667977802485,0.651765475785032,0.712126544023462,"cogn_se_lv"
"8744","BIRC3","Exc L5/6 IT Car3",-0.0614264023813941,2.98583788750359,4.21005563050825,0.040881433948953,0.33324431592923,0.34977941849144,"cogn_se_lv"
"8745","BIRC2","Exc L5/6 IT Car3",-0.00571857178662369,5.01834796703949,0.207424243108647,0.649058311828141,0.88736452997967,0.924412799739312,"cogn_se_lv"
"8746","DCUN1D5","Exc L5/6 IT Car3",0.00126649366213891,4.69816121769697,0.00600288428583722,0.938284535508412,0.994369077299174,0.99727077180765,"cogn_se_lv"
"8747","DYNC2H1","Exc L5/6 IT Car3",0.00132361990539347,7.48243194592055,0.0146294090404568,0.90379399044958,0.987810604126722,0.992777214734694,"cogn_se_lv"
"8748","PDGFD","Exc L5/6 IT Car3",-0.0431246509051816,1.67467966732308,0.707550720892195,0.400796063398273,0.754433881567932,0.807866266050873,"cogn_se_lv"
"8749","LINC02552","Exc L5/6 IT Car3",0.128569755705908,1.19530895564683,3.12172475590968,0.0780712514580072,0.420387560324412,0.455021718076192,"cogn_se_lv"
"8750","AP003181.1","Exc L5/6 IT Car3",0.0523001119562215,1.86593064303293,1.17630371213149,0.278809018770823,0.660770795478599,0.72041304979649,"cogn_se_lv"
"8751","GRIA4","Exc L5/6 IT Car3",-0.00886492713616257,9.83250605567204,0.526803512985597,0.468408169782386,0.793483955195478,0.84423452009484,"cogn_se_lv"
"8752","MSANTD4","Exc L5/6 IT Car3",-0.0216661035773848,4.31463771588346,1.52971125714708,0.216932528386272,0.605762980448831,0.661616649552528,"cogn_se_lv"
"8753","KBTBD3","Exc L5/6 IT Car3",-0.0186720086567923,4.16076887177869,1.18019663399523,0.278016258447548,0.659881279689661,0.719933406538763,"cogn_se_lv"
"8754","AASDHPPT","Exc L5/6 IT Car3",-0.0351702179657519,5.92462731458766,3.91881196686416,0.0484820377833595,0.353955674329176,0.374146230616854,"cogn_se_lv"
"8755","GUCY1A2","Exc L5/6 IT Car3",-0.0300829005772085,8.51233878983059,3.71352988660539,0.0547310208854959,0.370877075559755,0.395339020931136,"cogn_se_lv"
"8756","AP000766.1","Exc L5/6 IT Car3",0.0100766465247592,3.88518487769549,0.292721580890893,0.588804112580921,0.858707943205761,0.900080324727622,"cogn_se_lv"
"8757","CWF19L2","Exc L5/6 IT Car3",-0.0155492026618748,6.43081747009369,1.99741619479755,0.158400058309559,0.540417185023175,0.592267517411282,"cogn_se_lv"
"8758","ALKBH8","Exc L5/6 IT Car3",0.00291140444079088,4.73343409021789,0.0346668583959376,0.852396499914697,0.972202557415749,0.984004705122674,"cogn_se_lv"
"8759","ELMOD1","Exc L5/6 IT Car3",-0.009426603174869,6.3722172070689,1.00315974524226,0.317195278798726,0.692037899165352,0.752383603321945,"cogn_se_lv"
"8760","SLC35F2","Exc L5/6 IT Car3",0.0399342700738651,2.47869036187966,1.32305874264361,0.250779413084837,0.634369019715073,0.695447263933774,"cogn_se_lv"
"8761","RAB39A","Exc L5/6 IT Car3",0.00206766401251354,3.30800553313313,0.00265549080426703,0.958929573242807,0.997053628956036,0.998555548513014,"cogn_se_lv"
"8762","CUL5","Exc L5/6 IT Car3",0.00251086346934117,6.84055968368003,0.0605337415514543,0.805789407124718,0.956354177213454,0.97429820479765,"cogn_se_lv"
"8763","ACAT1","Exc L5/6 IT Car3",0.0107855245365854,5.97356297958663,1.34670347565496,0.24659610698681,0.630836782999834,0.690972262716597,"cogn_se_lv"
"8764","NPAT","Exc L5/6 IT Car3",0.0204008654477627,5.19965210717864,2.56216327022288,0.275508070722677,0.65788752560578,0.718035207472152,"cogn_se_lv"
"8765","ATM","Exc L5/6 IT Car3",0.0111094431994641,6.74012238506944,1.15677497837737,0.282829326792247,0.662539096936755,0.723626200225245,"cogn_se_lv"
"8766","C11orf65","Exc L5/6 IT Car3",0.0244363930829778,2.5484097196465,0.538755202995458,0.463409361392335,0.790961030368069,0.841831419303684,"cogn_se_lv"
"8767","KDELC2","Exc L5/6 IT Car3",-0.0528730076512178,2.25489648328057,1.97702414207902,0.160535240373368,0.543594576313782,0.595476842623957,"cogn_se_lv"
"8768","EXPH5","Exc L5/6 IT Car3",0.0517593794529554,5.40469034287491,6.92844869482711,0.0088352274692864,0.195640906832746,0.180731263920756,"cogn_se_lv"
"8769","DDX10","Exc L5/6 IT Car3",0.0076951832015326,6.51777330170447,0.52023993514257,0.471190381150046,0.794633044963293,0.845570977565313,"cogn_se_lv"
"8770","AP003049.2","Exc L5/6 IT Car3",0.0336945953734974,3.2441162505142,0.745155870717949,0.388567959104746,0.746348371342257,0.800460473228298,"cogn_se_lv"
"8771","C11orf87","Exc L5/6 IT Car3",0.0120947224187316,5.96411863565638,0.574241775613971,0.449055866568376,0.782491340544074,0.834200217896007,"cogn_se_lv"
"8772","RDX","Exc L5/6 IT Car3",-0.0019880364616605,5.51362983193624,0.0254715454285191,0.914528683884052,0.989073227776396,0.994126167335106,"cogn_se_lv"
"8773","ZC3H12C","Exc L5/6 IT Car3",0.000241636729454738,4.63011890398561,0.000217941707404639,0.988229257404382,0.998638339521102,0.999870711362408,"cogn_se_lv"
"8774","FDX1","Exc L5/6 IT Car3",0.00508475571400191,4.6059307728247,0.121253714892102,0.727874779042559,0.924943675127155,0.952775590285186,"cogn_se_lv"
"8775","ARHGAP20","Exc L5/6 IT Car3",0.0386728406068285,4.26462914969394,3.1878251286776,0.0749995666462653,0.414798996464227,0.447573937261856,"cogn_se_lv"
"8776","LAYN","Exc L5/6 IT Car3",-0.0920326028821382,3.8370659622486,19.8126298022681,1.12909761650338e-05,0.00951762635855938,0.00524127268317927,"cogn_se_lv"
"8777","SIK2","Exc L5/6 IT Car3",-0.0573289986156756,8.22638435231383,16.7876029227729,5.1297285151231e-05,0.0213217481471118,0.0126855365604445,"cogn_se_lv"
"8778","PPP2R1B","Exc L5/6 IT Car3",-0.038490424713554,4.11232746876988,3.27171706887051,0.0712874368920744,0.408039497617263,0.438145346322133,"cogn_se_lv"
"8779","ALG9","Exc L5/6 IT Car3",-0.0457521778739932,2.73425057270097,3.37134194420152,0.0671340154941878,0.39725488026192,0.427831894876414,"cogn_se_lv"
"8780","C11orf1","Exc L5/6 IT Car3",-0.0405329724361148,3.03939166451315,2.34726773285493,0.126348951930957,0.496548758596654,0.544705918139296,"cogn_se_lv"
"8781","CRYAB","Exc L5/6 IT Car3",-0.112338868454407,4.7056084071456,5.26551135457738,0.0223057840708768,0.277514969159899,0.272809011430841,"cogn_se_lv"
"8782","DIXDC1","Exc L5/6 IT Car3",-0.015423799954948,6.51614023468524,1.76874589314299,0.184348553256358,0.570735110564343,0.624963138528209,"cogn_se_lv"
"8783","DLAT","Exc L5/6 IT Car3",-0.00611380923361981,4.46622617408483,0.202551634419854,0.983711290126739,0.998390354534415,0.999870711362408,"cogn_se_lv"
"8784","NKAPD1","Exc L5/6 IT Car3",0.000488808967135613,3.75501515797374,0.000661762741057891,0.979490615125245,0.998390354534415,0.999778138270422,"cogn_se_lv"
"8785","TIMM8B","Exc L5/6 IT Car3",-0.0233625980450553,3.60260968744375,0.683572886614157,0.408886744499513,0.760015801455105,0.812638595805493,"cogn_se_lv"
"8786","AP002884.3","Exc L5/6 IT Car3",0.0303261562893185,4.07880239235065,1.75736148711841,0.185763808876219,0.572962516571504,0.62638632587678,"cogn_se_lv"
"8787","IL18","Exc L5/6 IT Car3",0.0956564893224061,1.77019471617742,2.78886728832706,0.0957587010195341,0.449580966653639,0.490025545288378,"cogn_se_lv"
"8788","BCO2","Exc L5/6 IT Car3",0.000673733714380686,5.58747599674708,0.00219078274186706,0.962693012138687,0.997271804095964,0.998755858281755,"cogn_se_lv"
"8789","PTS","Exc L5/6 IT Car3",0.000383437599312925,5.07705939086572,0.000480150859281923,0.982529573230478,0.998390354534415,0.999870711362408,"cogn_se_lv"
"8790","PLET1","Exc L5/6 IT Car3",-0.0553197469023528,1.33535947784925,0.9565603222432,0.328687780516602,0.700143385021856,0.760204039113073,"cogn_se_lv"
"8791","AP002884.1","Exc L5/6 IT Car3",-0.00279658226960606,4.31246467385389,0.0170222905871698,0.896265190125728,0.986220413743843,0.991610436528038,"cogn_se_lv"
"8792","AP003063.1","Exc L5/6 IT Car3",0.0352533177657955,3.00092584042841,0.997178521580407,0.318640384234799,0.692808967221059,0.75333758600886,"cogn_se_lv"
"8793","NCAM1","Exc L5/6 IT Car3",-0.000946656637859653,9.03897947818227,0.00675868305178131,0.934522777169773,0.993267436527988,0.996578481155594,"cogn_se_lv"
"8794","TTC12","Exc L5/6 IT Car3",0.0147871030193271,3.87154101912882,0.172610601730739,0.678040493785528,0.90011586296552,0.935233755993242,"cogn_se_lv"
"8795","DRD2","Exc L5/6 IT Car3",-0.0785163998841564,2.65943224497551,4.51047713278148,0.0343442650865068,0.3131269192425,0.32532452267037,"cogn_se_lv"
"8796","TMPRSS5","Exc L5/6 IT Car3",0.0479305659608044,2.77818796574168,2.56280266593658,0.110249513366558,0.473555091479525,0.516903020872779,"cogn_se_lv"
"8797","ZW10","Exc L5/6 IT Car3",0.00383817415542706,3.67956707237769,0.0430864028716366,0.95457409322553,0.996920944446838,0.998377682033259,"cogn_se_lv"
"8798","USP28","Exc L5/6 IT Car3",0.0203206591465322,5.44240965845864,2.33354879162558,0.127458924510324,0.497214837075747,0.546545653412831,"cogn_se_lv"
"8799","ZBTB16","Exc L5/6 IT Car3",-0.0149196177109645,7.63873867276358,0.669237918264078,0.413838771388415,0.763229652301311,0.815566805537668,"cogn_se_lv"
"8800","AP002518.2","Exc L5/6 IT Car3",-0.0416488984247139,2.38140465839975,1.21731947494706,0.27059737136552,0.653645032580496,0.713890593220495,"cogn_se_lv"
"8801","NNMT","Exc L5/6 IT Car3",0.0305897284877689,2.10324330436144,0.477085888949091,0.490174081767639,0.806390071448847,0.854388814478846,"cogn_se_lv"
"8802","C11orf71","Exc L5/6 IT Car3",0.0342648483065034,2.61488342699302,1.35673508435999,0.244847178177352,0.630238847992884,0.689346152220195,"cogn_se_lv"
"8803","REXO2","Exc L5/6 IT Car3",-0.0340240274190097,3.69486737547404,2.30037428922273,0.130188316196909,0.500474253092376,0.551597158403122,"cogn_se_lv"
"8804","CADM1","Exc L5/6 IT Car3",-0.0206112511528996,6.80342389562969,1.56293524383278,0.212018302527908,0.599705600717628,0.655633914138828,"cogn_se_lv"
"8805","AP000462.1","Exc L5/6 IT Car3",-0.00554732323938018,2.55767907140636,0.0136430631410276,0.907078501968119,0.988034407621866,0.993095710701418,"cogn_se_lv"
"8806","BUD13","Exc L5/6 IT Car3",0.0265482671539184,3.30063146263277,1.3748056243687,0.241734867081423,0.626926875142483,0.686154835140926,"cogn_se_lv"
"8807","ZPR1","Exc L5/6 IT Car3",0.0212639039477797,3.25953809809913,0.725863127962245,0.394773091909797,0.75099603022148,0.804534134827984,"cogn_se_lv"
"8808","APOA1-AS","Exc L5/6 IT Car3",-0.0484843919259031,1.67256155743702,0.939083139502024,0.333140549296947,0.70300741172083,0.762796529644416,"cogn_se_lv"
"8809","SIK3","Exc L5/6 IT Car3",-0.0203382570316386,8.10036901681008,4.42977398152548,0.0359844735877545,0.317634449276949,0.331926416822249,"cogn_se_lv"
"8810","PAFAH1B2","Exc L5/6 IT Car3",-0.0285727248134493,5.71656766436521,3.69963932703609,0.0551837115609068,0.371674976333635,0.396597249643027,"cogn_se_lv"
"8811","SIDT2","Exc L5/6 IT Car3",0.0345594678956157,4.04048656689004,4.20406544409269,0.0410243866657157,0.333350216887732,0.350448584280648,"cogn_se_lv"
"8812","TAGLN","Exc L5/6 IT Car3",0.015976037874109,2.74693438909717,0.285854097414496,0.593207628689077,0.860392400593103,0.902060079243404,"cogn_se_lv"
"8813","PCSK7","Exc L5/6 IT Car3",0.0239652480756405,6.45166341142875,1.39373091217889,0.238526967246323,0.624731052263313,0.683368476119064,"cogn_se_lv"
"8814","RNF214","Exc L5/6 IT Car3",0.0247922602545688,4.75812970401935,3.1052713305037,0.0788567867060429,0.420388545867537,0.45651051667853,"cogn_se_lv"
"8815","BACE1","Exc L5/6 IT Car3",-0.0011711105692176,5.77981896237194,0.0115275425565327,0.914555935297866,0.989073227776396,0.994126167335106,"cogn_se_lv"
"8816","BACE1-AS","Exc L5/6 IT Car3",-0.0761023724930352,2.2030732171475,5.22892929602434,0.022772884572351,0.2800171352036,0.274927652159481,"cogn_se_lv"
"8817","CEP164","Exc L5/6 IT Car3",0.0472691856932338,5.86540859718463,12.8583751695028,0.000380574310412442,0.0530679183971385,0.0379121134116365,"cogn_se_lv"
"8818","AP000892.1","Exc L5/6 IT Car3",0.0574568577796317,2.81762731413525,1.92871944263688,0.165725789667182,0.550957962454003,0.602158848136551,"cogn_se_lv"
"8819","DSCAML1","Exc L5/6 IT Car3",0.014209648359965,9.01312792309782,0.673803284159019,0.412252094212715,0.762102250535398,0.814694214575856,"cogn_se_lv"
"8820","AP000757.1","Exc L5/6 IT Car3",0.0755589498785995,1.5466331301129,2.1645297315601,0.14206942561637,0.517502594138684,0.56945384935622,"cogn_se_lv"
"8821","SMIM35","Exc L5/6 IT Car3",-0.00960015882707665,1.97706033365413,0.0441004659067694,0.833781259292972,0.966446547282248,0.980097497109394,"cogn_se_lv"
"8822","SCN4B","Exc L5/6 IT Car3",-0.0459968482483593,4.97472178115146,8.69090800402493,0.00339891092403815,0.132529156309283,0.115268418389046,"cogn_se_lv"
"8823","SCN2B","Exc L5/6 IT Car3",-0.00781636704572163,5.60412137039021,0.174506176081784,0.676377619023519,0.899217397009426,0.934711854476542,"cogn_se_lv"
"8824","UBE4A","Exc L5/6 IT Car3",-0.00725485036211194,5.82818362071533,0.582798348086342,0.44569924977036,0.780617097865658,0.832786071674902,"cogn_se_lv"
"8825","ATP5MG","Exc L5/6 IT Car3",-0.0106388195063036,6.07523428821049,0.369940935476873,0.543405972000178,0.832472417786456,0.879310041685275,"cogn_se_lv"
"8826","AP001267.2","Exc L5/6 IT Car3",-0.0103834281109495,1.62674352310564,0.0515307574903099,0.820544868861759,0.962305885196478,0.977366930157538,"cogn_se_lv"
"8827","KMT2A","Exc L5/6 IT Car3",-0.00135256087549841,7.9478118217199,0.0254649002126829,0.873300315932217,0.979445941768671,0.987939843645635,"cogn_se_lv"
"8828","AP001267.3","Exc L5/6 IT Car3",0.0355800926880808,2.73107065796334,0.977971575438705,0.323340012588338,0.69628948948909,0.756411236424194,"cogn_se_lv"
"8829","TMEM25","Exc L5/6 IT Car3",-0.0118151634168125,4.82737229982509,0.58513774842988,0.444788324628604,0.780222007527615,0.832239758396633,"cogn_se_lv"
"8830","IFT46","Exc L5/6 IT Car3",0.0291709067116397,3.99379514769921,2.8295510441708,0.0933796306914514,0.44488808576032,0.48622584816709,"cogn_se_lv"
"8831","ARCN1","Exc L5/6 IT Car3",-0.0272250694737058,4.565944385103,2.4774900672428,0.116332668870196,0.484635963568118,0.528054449485168,"cogn_se_lv"
"8832","PHLDB1","Exc L5/6 IT Car3",-0.0220316998447586,4.02650731379001,0.893163233696548,0.3452322172648,0.714513693343904,0.771083440016139,"cogn_se_lv"
"8833","AP002954.1","Exc L5/6 IT Car3",-0.0502847904075458,3.63868731344964,2.21945820957688,0.137124416535532,0.510406719667593,0.562341596962223,"cogn_se_lv"
"8834","DDX6","Exc L5/6 IT Car3",-0.0023152180576901,6.346805347434,0.0710098213507391,0.790019099009198,0.951202529074243,0.970201086284971,"cogn_se_lv"
"8835","BCL9L","Exc L5/6 IT Car3",-0.0131028615771007,3.3400404257065,0.280147468084332,0.596918860587365,0.8627283105703,0.903514269309003,"cogn_se_lv"
"8836","UPK2","Exc L5/6 IT Car3",0.0810814600441659,2.26259950558608,4.81368075489116,0.0288498513767896,0.30020230742988,0.302646693181586,"cogn_se_lv"
"8837","CCDC84","Exc L5/6 IT Car3",0.00975456832444249,5.89905745450927,0.424633934215657,0.515034382065557,0.819348680999475,0.866408521833171,"cogn_se_lv"
"8838","AP003392.1","Exc L5/6 IT Car3",0.0151047034130268,1.97463684811502,0.0995192333733937,0.752583443645378,0.93593557561559,0.960065055036331,"cogn_se_lv"
"8839","RPS25","Exc L5/6 IT Car3",-0.0811034596048751,6.09833167473383,3.20618040568466,0.0741699174324911,0.413727810542239,0.445644720155843,"cogn_se_lv"
"8840","TRAPPC4","Exc L5/6 IT Car3",-0.0204906416729913,3.9528233779132,0.807978830153397,0.369297328370531,0.731167375225857,0.787691560725524,"cogn_se_lv"
"8841","SLC37A4","Exc L5/6 IT Car3",-0.0406847086605541,2.89921303792284,2.76573864233031,0.146093916407727,0.523245374334399,0.575809633095279,"cogn_se_lv"
"8842","HYOU1","Exc L5/6 IT Car3",-0.00577999745711702,4.5851503454559,0.062419717283234,0.802848851351446,0.955597215489341,0.973737976661521,"cogn_se_lv"
"8843","VPS11","Exc L5/6 IT Car3",-0.0016640946517301,4.06798209534618,0.00881573656594082,0.925245149590687,0.991196077697388,0.995482943900535,"cogn_se_lv"
"8844","HMBS","Exc L5/6 IT Car3",0.0596768468753432,2.44802824174664,3.20648126134205,0.0741564016110366,0.413727810542239,0.445608228628985,"cogn_se_lv"
"8845","H2AFX","Exc L5/6 IT Car3",-0.0408109040267595,3.12661750007297,1.80766552240281,0.17960410243088,0.566621738397059,0.619749259787389,"cogn_se_lv"
"8846","DPAGT1","Exc L5/6 IT Car3",-0.0172769368995887,3.1994891603654,0.50991054998127,0.475623375735424,0.798030041433724,0.847665668157634,"cogn_se_lv"
"8847","C2CD2L","Exc L5/6 IT Car3",-0.0118068128682104,4.91877037747648,0.672593820377631,0.412671561715903,0.762102250535398,0.814863699168195,"cogn_se_lv"
"8848","HINFP","Exc L5/6 IT Car3",0.0241968400250982,4.79230655178762,3.22472456377059,0.0733417687060461,0.412732658561907,0.443509469267581,"cogn_se_lv"
"8849","ABCG4","Exc L5/6 IT Car3",0.00296193825483729,2.1194994651742,0.00605576225351702,0.984950685433547,0.998390354534415,0.999870711362408,"cogn_se_lv"
"8850","NLRX1","Exc L5/6 IT Car3",0.00724294304922652,3.48470135124807,0.0833427503373781,0.77297758870953,0.944640998957263,0.965420425799878,"cogn_se_lv"
"8851","CBL","Exc L5/6 IT Car3",0.00778839887653022,5.86093964837764,0.462600776796936,0.586624095563162,0.856986189898961,0.89912355448069,"cogn_se_lv"
"8852","RNF26","Exc L5/6 IT Car3",-0.0439306096186345,2.97254755879783,2.0270120168816,0.155358592214153,0.536934366533981,0.588255830669986,"cogn_se_lv"
"8853","USP2","Exc L5/6 IT Car3",0.001575651086815,5.51072957825908,0.0117491219904025,0.913741841240489,0.989073227776396,0.994110478207511,"cogn_se_lv"
"8854","USP2-AS1","Exc L5/6 IT Car3",0.0876661095256773,5.03040935437389,13.6447859204348,0.00025382027992314,0.0448999322760588,0.0307014857376122,"cogn_se_lv"
"8855","THY1","Exc L5/6 IT Car3",-0.0464259697026201,8.3350934417423,3.46221960176154,0.0635712520174889,0.388692667696058,0.419044068123931,"cogn_se_lv"
"8856","AP003393.1","Exc L5/6 IT Car3",0.135479561176685,3.43692921730073,12.2873583022571,0.000511425356421451,0.0570350451835227,0.0448960214633649,"cogn_se_lv"
"8857","NECTIN1","Exc L5/6 IT Car3",0.0294755479979423,2.88371227199646,0.96431183184382,0.326738261834373,0.699277131084828,0.758744148446338,"cogn_se_lv"
"8858","TMEM136","Exc L5/6 IT Car3",0.00843270711649994,3.47957100344987,0.140065017162757,0.708428662058299,0.914461699962904,0.94625066717418,"cogn_se_lv"
"8859","ARHGEF12","Exc L5/6 IT Car3",0.00594930567781021,7.88495560695923,0.415531537520846,0.51957070370156,0.820971047083305,0.868380739914887,"cogn_se_lv"
"8860","GRIK4","Exc L5/6 IT Car3",-0.00970151337486101,5.84723338150709,0.0971856919537261,0.755407278337292,0.937208271886335,0.960795374635935,"cogn_se_lv"
"8861","AP004147.1","Exc L5/6 IT Car3",-0.0392108175383208,2.15661453944029,0.652384546418181,0.419775283321035,0.766806125852906,0.818877564305742,"cogn_se_lv"
"8862","TECTA","Exc L5/6 IT Car3",0.0518398123534842,3.06431594462189,3.69297235517894,0.0554024012439782,0.371996484408817,0.397003575139962,"cogn_se_lv"
"8863","SC5D","Exc L5/6 IT Car3",-0.0171296437539947,4.35627094428615,0.912125303648235,0.340168564612012,0.71004939771855,0.767427832358574,"cogn_se_lv"
"8864","SORL1","Exc L5/6 IT Car3",-0.000402688836701584,7.11930267665398,0.00172495182313821,0.966893534705318,0.997621680933237,0.99892010896344,"cogn_se_lv"
"8865","UBASH3B","Exc L5/6 IT Car3",-0.0447502244450443,5.35303013053877,2.28134196498127,0.131783659596419,0.502596245370999,0.554216901426745,"cogn_se_lv"
"8866","JHY","Exc L5/6 IT Car3",-0.0152321369322308,4.56561453906371,0.922286354694893,0.337496352872577,0.707638810723291,0.765861536171789,"cogn_se_lv"
"8867","HSPA8","Exc L5/6 IT Car3",-0.0363410128018742,6.07788696263674,0.955696350701797,0.32890602863269,0.700143385021856,0.760270999260831,"cogn_se_lv"
"8868","CLMP","Exc L5/6 IT Car3",0.0784916768408446,3.81744979736253,4.71452265992459,0.0305375775707643,0.304222598957164,0.309685875049278,"cogn_se_lv"
"8869","GRAMD1B","Exc L5/6 IT Car3",0.0105140303307965,7.1785509539213,0.534469073719748,0.465192166712916,0.79119444669795,0.842524502359018,"cogn_se_lv"
"8870","SCN3B","Exc L5/6 IT Car3",0.0370946133911677,6.23391918663407,3.87565252433613,0.0497299611180589,0.356516912015847,0.378007850844568,"cogn_se_lv"
"8871","ZNF202","Exc L5/6 IT Car3",0.0233592229144955,3.38314011501826,1.04199106705952,0.308019261863011,0.683648174224363,0.74513021089618,"cogn_se_lv"
"8872","TBRG1","Exc L5/6 IT Car3",-0.00900898876201589,6.38447013966372,0.505525306998512,0.477525915786128,0.799031558211194,0.848323354316444,"cogn_se_lv"
"8873","SIAE","Exc L5/6 IT Car3",-0.0117011619180257,3.68727284006995,0.332510812803317,0.56453154355084,0.845154693120087,0.888605403030068,"cogn_se_lv"
"8874","SPA17","Exc L5/6 IT Car3",1.50973356357703e-06,3.09812755605519,6.23161255088694e-06,0.998009559156928,0.999465900469295,0.999954262357359,"cogn_se_lv"
"8875","NRGN","Exc L5/6 IT Car3",0.00869129827762569,8.53345569903452,0.157526161313334,0.691670988094092,0.905094507845257,0.940062255784857,"cogn_se_lv"
"8876","MSANTD2","Exc L5/6 IT Car3",0.00954877597471367,4.89692325260371,0.484438964729283,0.486851165487078,0.80401753802405,0.852792495425107,"cogn_se_lv"
"8877","AP000866.1","Exc L5/6 IT Car3",0.0262244018062292,2.43456170305127,0.692099124365374,0.416083707119494,0.764427370984179,0.816596882836128,"cogn_se_lv"
"8878","HEPACAM","Exc L5/6 IT Car3",-0.0222044248737957,1.65658250711742,0.266446319348943,0.606030942435146,0.868278273580553,0.907332102885808,"cogn_se_lv"
"8879","TMEM218","Exc L5/6 IT Car3",-0.0032661118660144,2.59352103706544,0.0132937516475472,0.908270432855149,0.988416424129917,0.99330549252832,"cogn_se_lv"
"8880","PKNOX2","Exc L5/6 IT Car3",0.057743044279835,6.75764402036643,10.643155095609,0.00120647515142431,0.0879983534617065,0.0705485014497565,"cogn_se_lv"
"8881","FEZ1","Exc L5/6 IT Car3",-0.0227250147888279,5.67602372962353,1.8427558051468,0.175447544409431,0.562492655817271,0.614614853201822,"cogn_se_lv"
"8882","EI24","Exc L5/6 IT Car3",-0.0242940889650702,5.32522164142782,2.12379173886758,0.145866941041972,0.522732574343364,0.57526262863569,"cogn_se_lv"
"8883","STT3A-AS1","Exc L5/6 IT Car3",-0.0218013547011666,2.37484939529402,0.257871374735188,0.611885938035391,0.870531635923984,0.910098708617138,"cogn_se_lv"
"8884","STT3A","Exc L5/6 IT Car3",-0.0144170448908438,3.79385638862506,0.71280912457278,0.39905300914621,0.753919200928084,0.806869923513753,"cogn_se_lv"
"8885","CHEK1","Exc L5/6 IT Car3",-0.0167157305233036,2.36861200291428,0.293795173268007,0.588121760820786,0.858502693638612,0.899757936931563,"cogn_se_lv"
"8886","HYLS1","Exc L5/6 IT Car3",0.022581982658436,3.77472313068458,1.3042744697174,0.25416518144665,0.637946240799404,0.698740425182959,"cogn_se_lv"
"8887","PUS3","Exc L5/6 IT Car3",0.0032098978768646,2.76159961439778,0.0120166863574233,0.912769080084966,0.989073227776396,0.993910011657645,"cogn_se_lv"
"8888","AP000842.2","Exc L5/6 IT Car3",0.115989683011684,2.47629883533825,8.74621950588449,0.00329965470994235,0.131218826837242,0.11357225753428,"cogn_se_lv"
"8889","DDX25","Exc L5/6 IT Car3",0.0453642434672632,5.18351620983213,9.32581102222764,0.00242141073542066,0.115017009932481,0.0973997624269912,"cogn_se_lv"
"8890","CDON","Exc L5/6 IT Car3",0.00596487908456544,6.08630017831906,0.211381351832562,0.645954240497068,0.886107118392893,0.923371195175453,"cogn_se_lv"
"8891","RPUSD4","Exc L5/6 IT Car3",0.00305687779344734,3.43376727337591,0.0258290608627094,0.872405335985205,0.979292265015941,0.987818331440868,"cogn_se_lv"
"8892","FAM118B","Exc L5/6 IT Car3",0.01749406409674,5.01254558051305,1.82105855031716,0.178004335756773,0.56468303167281,0.618127399862555,"cogn_se_lv"
"8893","SRPRA","Exc L5/6 IT Car3",-0.0514677433002354,4.16756881372062,5.9580571934803,0.015113716539006,0.237105094327526,0.229422116066603,"cogn_se_lv"
"8894","FOXRED1","Exc L5/6 IT Car3",0.0178742846455611,5.53500572665944,1.54680678335757,0.214387123685761,0.602518404533793,0.658605163856402,"cogn_se_lv"
"8895","TIRAP","Exc L5/6 IT Car3",0.0166622099576695,2.70964924348481,0.292696091106598,0.588820332985731,0.858707943205761,0.900080324727622,"cogn_se_lv"
"8896","AP001318.2","Exc L5/6 IT Car3",0.00747016408459775,2.86695818071127,0.0869808570061266,0.768214828369863,0.942734854457692,0.964178592756729,"cogn_se_lv"
"8897","DCPS","Exc L5/6 IT Car3",0.0035954541145037,3.47712458369873,0.0284706162217773,0.86609844274188,0.976183709955713,0.986682887883768,"cogn_se_lv"
"8898","ST3GAL4","Exc L5/6 IT Car3",0.0172910103246994,3.95311653254411,0.781162301777036,0.377354189633778,0.736951397959366,0.793262578124177,"cogn_se_lv"
"8899","KIRREL3","Exc L5/6 IT Car3",-0.0590043654052705,4.06513610927787,1.83989173027322,0.175782598590578,0.56301648122976,0.615162037992417,"cogn_se_lv"
"8900","AP001993.1","Exc L5/6 IT Car3",-0.0596521575063968,1.52696553641249,0.992668245232424,0.319735835953991,0.693489208385223,0.753862445992982,"cogn_se_lv"
"8901","ARHGAP32","Exc L5/6 IT Car3",0.00614555106000163,9.26298421191259,0.32559122602149,0.56860969526041,0.847463026346863,0.890242682941223,"cogn_se_lv"
"8902","TMEM45B","Exc L5/6 IT Car3",-0.060699898092076,2.02711252532486,1.55190674748319,0.213634687185329,0.601617170316965,0.657694077205666,"cogn_se_lv"
"8903","NFRKB","Exc L5/6 IT Car3",-0.0111923761062485,5.06671174840449,0.393653670646722,0.530768291844393,0.826439094646419,0.873123719355064,"cogn_se_lv"
"8904","PRDM10","Exc L5/6 IT Car3",-0.0142868757109885,4.74070420444635,0.867568936265639,0.352230589563566,0.719169542251618,0.77583248057716,"cogn_se_lv"
"8905","APLP2","Exc L5/6 IT Car3",0.000864875506880516,7.18067905085393,0.00372496837087844,0.951365940211771,0.995547822115942,0.99783470850827,"cogn_se_lv"
"8906","ZBTB44","Exc L5/6 IT Car3",-0.0125080599015611,5.97837782214916,1.06863760044174,0.301921937917232,0.679307849352746,0.740089639823216,"cogn_se_lv"
"8907","AP002986.1","Exc L5/6 IT Car3",0.0780947662274005,2.43527639879541,4.4181271946024,0.0362278952328064,0.318185465887452,0.332853340428388,"cogn_se_lv"
"8908","ADAMTS8","Exc L5/6 IT Car3",0.0334020897457951,4.62448140731476,1.98618674632533,0.159571812567824,0.541643183815352,0.593916253039188,"cogn_se_lv"
"8909","LINC02551","Exc L5/6 IT Car3",-0.0247588512229349,2.19975041398481,0.437471644683919,0.508752933794869,0.816961913286198,0.863470290072539,"cogn_se_lv"
"8910","AP003486.1","Exc L5/6 IT Car3",-0.0223862439407967,3.57804995758519,1.18069033378432,0.27791592425826,0.659846663735672,0.71988659218376,"cogn_se_lv"
"8911","SNX19","Exc L5/6 IT Car3",-0.0108282758286982,5.22083077151074,0.68392881668435,0.408764901846922,0.760015801455105,0.812535730419938,"cogn_se_lv"
"8912","NTM","Exc L5/6 IT Car3",-0.0381974078424232,9.2702731129458,2.87688804427912,0.0906923906905058,0.441555170112902,0.481265284073681,"cogn_se_lv"
"8913","AP003025.2","Exc L5/6 IT Car3",-0.0386209151337105,2.413166442556,0.603697819755553,0.437662181704264,0.775649107158531,0.828132145098793,"cogn_se_lv"
"8914","AP003025.1","Exc L5/6 IT Car3",0.0143476749596613,2.37225383474282,0.0850802311494681,0.770689215777921,0.943386117013167,0.964801934865755,"cogn_se_lv"
"8915","OPCML","Exc L5/6 IT Car3",0.014073710532359,10.4531170343942,0.936902015036533,0.333701892819104,0.703650979441964,0.763113303082888,"cogn_se_lv"
"8916","IGSF9B","Exc L5/6 IT Car3",-0.0409575920631818,5.31554763898104,1.12154901336891,0.290269234769285,0.669872315866136,0.7297745186889,"cogn_se_lv"
"8917","JAM3","Exc L5/6 IT Car3",-0.0078262428591237,6.30276948366777,0.204268091884532,0.651559828423306,0.887704121762985,0.925005846967501,"cogn_se_lv"
"8918","NCAPD3","Exc L5/6 IT Car3",0.00136907688051243,4.80433061469735,0.00898044313763233,0.924552123829723,0.991196077697388,0.995367297688998,"cogn_se_lv"
"8919","VPS26B","Exc L5/6 IT Car3",-0.0115188625067305,5.30904443335759,0.903519053710651,0.342454249981176,0.711965057509009,0.768861156446916,"cogn_se_lv"
"8920","THYN1","Exc L5/6 IT Car3",-0.0323274454683804,4.03957841510683,1.78396632966777,0.182475983020774,0.569404983513728,0.622716842826207,"cogn_se_lv"
"8921","ACAD8","Exc L5/6 IT Car3",-5.4195821328991e-05,4.30185815127563,1.36263950961022e-05,0.997056669675769,0.999264271054316,0.999954262357359,"cogn_se_lv"
"8922","GLB1L3","Exc L5/6 IT Car3",-0.00373293175112048,5.43860906336686,0.0623860575581507,0.802900915886214,0.955597215489341,0.973737976661521,"cogn_se_lv"
"8923","B3GAT1","Exc L5/6 IT Car3",-0.0172235825975876,6.63496159790743,2.11238340743915,0.146950881910657,0.524769296018485,0.577159384012341,"cogn_se_lv"
"8924","TUBB8","Exc L5/6 IT Car3",0.0276004017299001,3.49036957018153,0.596911788484759,0.440247140312529,0.776403982764389,0.829784202792321,"cogn_se_lv"
"8925","ZMYND11","Exc L5/6 IT Car3",8.00460709713802e-05,6.98462724065825,6.54242890797238e-05,0.99355067499588,0.999242764926216,0.999870711362408,"cogn_se_lv"
"8926","DIP2C","Exc L5/6 IT Car3",0.0170342217248074,8.14326290668144,1.64099279013108,0.200983748915518,0.588608924036123,0.643120834025926,"cogn_se_lv"
"8927","LARP4B","Exc L5/6 IT Car3",0.0205453631841315,6.5918657264204,3.99252249335182,0.0464268747644554,0.349052077491436,0.367353336810758,"cogn_se_lv"
"8928","GTPBP4","Exc L5/6 IT Car3",-0.00257910299537974,4.24241103159425,0.0264258478920968,0.90290662705695,0.987810604126722,0.992744989013678,"cogn_se_lv"
"8929","IDI1","Exc L5/6 IT Car3",-0.0260630927336057,5.70249945947943,1.68401482784316,0.195192325466647,0.5833028910547,0.637353606195694,"cogn_se_lv"
"8930","WDR37","Exc L5/6 IT Car3",0.013535196013304,6.72083643213936,1.52890286196806,0.21705378401073,0.605784114601168,0.661738289315059,"cogn_se_lv"
"8931","ADARB2","Exc L5/6 IT Car3",-0.0747489587527716,3.07494190866401,3.07470427605401,0.0803389342390444,0.422528691830853,0.459823472768239,"cogn_se_lv"
"8932","AL713851.1","Exc L5/6 IT Car3",0.100725894321847,1.97263019629648,2.64238726307099,0.104890140955217,0.46533850369005,0.507306230533742,"cogn_se_lv"
"8933","PFKP","Exc L5/6 IT Car3",-0.0349746050285829,4.58272186891788,2.81586007468481,0.0941729522897126,0.446632276036572,0.487232707755873,"cogn_se_lv"
"8934","PITRM1","Exc L5/6 IT Car3",-0.0235232752952673,5.00831043451706,3.81744754089475,0.0514671553609044,0.35981631126162,0.3836821309637,"cogn_se_lv"
"8935","PITRM1-AS1","Exc L5/6 IT Car3",0.0521259261192622,1.68027491005661,0.915770920430028,0.339206552145878,0.709363247213108,0.766782380874507,"cogn_se_lv"
"8936","AL451164.1","Exc L5/6 IT Car3",0.0216565097819585,3.03989145286234,0.512264131658138,0.474607362283986,0.796880570101521,0.846981154063021,"cogn_se_lv"
"8937","KLF6","Exc L5/6 IT Car3",0.0444592575242523,5.11718340284775,5.07237169538299,0.024889991039136,0.289099594031926,0.285248534233941,"cogn_se_lv"
"8938","LINC00702","Exc L5/6 IT Car3",-0.0426157958660396,3.9908719582679,0.71888238389897,0.397053504573585,0.752970014133855,0.80577496001623,"cogn_se_lv"
"8939","AKR1E2","Exc L5/6 IT Car3",0.0182755672196358,4.16658321724661,0.647345483566765,0.42157493247496,0.768724906491662,0.819865161835824,"cogn_se_lv"
"8940","AKR1C1","Exc L5/6 IT Car3",-0.0171237398537346,3.67104223893888,0.405922574500108,0.524436472259947,0.822488261294261,0.870446746876356,"cogn_se_lv"
"8941","AKR1C2","Exc L5/6 IT Car3",-0.038150059640586,3.4673297829708,2.0266045773708,0.155400008882335,0.536935705798429,0.588255830669986,"cogn_se_lv"
"8942","AKR1C3","Exc L5/6 IT Car3",0.0199351727181517,1.87949640854139,0.163691516661427,0.686011806399822,0.902138058659596,0.938104836746876,"cogn_se_lv"
"8943","AL355303.1","Exc L5/6 IT Car3",-0.00274446471550167,1.18066754977875,0.00181109260023431,0.966077456554425,0.997621680933237,0.99892010896344,"cogn_se_lv"
"8944","NET1","Exc L5/6 IT Car3",-0.00106510302917853,3.588859906202,0.0023839325169119,0.961084421099141,0.997053628956036,0.998669553021838,"cogn_se_lv"
"8945","ASB13","Exc L5/6 IT Car3",0.00179804382300697,3.95134022310143,0.00922294976869061,0.973546118429383,0.998267578294294,0.999408030758943,"cogn_se_lv"
"8946","FAM208B","Exc L5/6 IT Car3",0.00852322834206689,7.05536352469739,0.751227309119255,0.386644129760945,0.744160140821926,0.799315030462457,"cogn_se_lv"
"8947","AL365356.1","Exc L5/6 IT Car3",0.0124974448408166,3.01611665291719,0.107682662520083,0.742981768883405,0.932461592238863,0.957149776449044,"cogn_se_lv"
"8948","GDI2","Exc L5/6 IT Car3",0.0151604601351938,5.39950298129926,1.69148795883361,0.194206443942052,0.582685161431792,0.636256221113835,"cogn_se_lv"
"8949","ANKRD16","Exc L5/6 IT Car3",0.0156515551132253,5.65869694252567,1.13678519385609,0.287021048621116,0.666900101049618,0.727490499664832,"cogn_se_lv"
"8950","FBH1","Exc L5/6 IT Car3",0.0171257643003632,6.11893204919425,2.27026698448959,0.132722068261013,0.503846233482237,0.555739831292589,"cogn_se_lv"
"8951","IL15RA","Exc L5/6 IT Car3",0.0380197713160827,1.80940212177573,0.596550330345401,0.440385486298583,0.776438610852926,0.829784202792321,"cogn_se_lv"
"8952","RBM17","Exc L5/6 IT Car3",-0.0285168700750293,5.56061323098818,7.85234302017114,0.00533981044157634,0.158783522830177,0.143660215852142,"cogn_se_lv"
"8953","PFKFB3","Exc L5/6 IT Car3",0.0602789877598082,5.22104503559271,8.12245390207184,0.00461434258118887,0.148650418594422,0.133182459682593,"cogn_se_lv"
"8954","AL157395.1","Exc L5/6 IT Car3",0.00484321032725575,1.52262663706239,0.00548777818414937,0.940986734651091,0.994565141820343,0.997543659084972,"cogn_se_lv"
"8955","PRKCQ","Exc L5/6 IT Car3",2.95187758247052e-05,2.58423059803121,1.48731324395848e-05,0.996924967937447,0.999242764926216,0.999954262357359,"cogn_se_lv"
"8956","SFMBT2","Exc L5/6 IT Car3",0.00561424089842769,7.83180806923346,0.102705977934045,0.748785343182757,0.934009274727074,0.958777078743924,"cogn_se_lv"
"8957","ITIH2","Exc L5/6 IT Car3",-0.0274840086198929,1.88124116679365,0.279620977807244,0.597263690389753,0.862926041597663,0.903674915704067,"cogn_se_lv"
"8958","KIN","Exc L5/6 IT Car3",0.00906393461108295,5.07795943369883,0.647130884216999,0.424988799316393,0.770225698616864,0.821785938851007,"cogn_se_lv"
"8959","ATP5F1C","Exc L5/6 IT Car3",-0.0151556369470994,5.38717721646423,1.3779780321282,0.241193478995153,0.626366937057414,0.685779388518959,"cogn_se_lv"
"8960","TAF3","Exc L5/6 IT Car3",-0.0103493519382213,5.98807636202602,0.720047420916741,0.396671597952457,0.752468370823162,0.805464034585502,"cogn_se_lv"
"8961","AL583859.2","Exc L5/6 IT Car3",0.000438495474823627,3.23447396188033,0.000340871454600023,0.98527958399093,0.998390354534415,0.999870711362408,"cogn_se_lv"
"8962","SFTA1P","Exc L5/6 IT Car3",0.0664747184946212,2.40847632253397,1.86708058671009,0.172631465765552,0.559325949080389,0.610918871165356,"cogn_se_lv"
"8963","CELF2","Exc L5/6 IT Car3",0.00637703200781961,11.1412691634174,0.337459252062242,0.56164966469424,0.843636345917786,0.887504400960666,"cogn_se_lv"
"8964","CELF2-AS2","Exc L5/6 IT Car3",0.0065487191730902,4.06744421866704,0.0264332261862827,0.870934669523006,0.97844255522002,0.987507506811145,"cogn_se_lv"
"8965","USP6NL","Exc L5/6 IT Car3",0.0104544821528038,3.39872730163874,0.177213363597709,0.674021064054651,0.898523335788635,0.933774591649598,"cogn_se_lv"
"8966","ECHDC3","Exc L5/6 IT Car3",0.0391670585747179,1.91497235598232,0.793997142798872,0.373467579242374,0.733583142508685,0.790419226614623,"cogn_se_lv"
"8967","PROSER2","Exc L5/6 IT Car3",0.0747595431223868,1.64531422426964,2.09373159694719,0.148742756156657,0.527454151440312,0.579441767792343,"cogn_se_lv"
"8968","UPF2","Exc L5/6 IT Car3",-0.00452990669556874,5.9462807205949,0.190223636062293,0.895098788463526,0.9859234466049,0.991370774417128,"cogn_se_lv"
"8969","DHTKD1","Exc L5/6 IT Car3",0.038244072752656,4.70599585039268,4.07187853851521,0.0443170108918814,0.342351085321161,0.361134632206942,"cogn_se_lv"
"8970","SEC61A2","Exc L5/6 IT Car3",0.00139301879591708,5.75888533109379,0.0139502029630261,0.957933720638297,0.997053628956036,0.998555548513014,"cogn_se_lv"
"8971","NUDT5","Exc L5/6 IT Car3",-0.00325207228131501,5.5073179973691,0.0809285243454264,0.77620060662644,0.946160377580805,0.966592176062052,"cogn_se_lv"
"8972","CDC123","Exc L5/6 IT Car3",0.0167707428736497,5.72134133961504,2.22019470245773,0.137059442577553,0.510366518574531,0.562248437181898,"cogn_se_lv"
"8973","CAMK1D","Exc L5/6 IT Car3",0.0141276099904546,9.5117266834807,1.03155923975642,0.310449885162051,0.685843645490577,0.7472826362428,"cogn_se_lv"
"8974","CCDC3","Exc L5/6 IT Car3",0.00330396241204027,7.863776667858,0.0612540475547949,0.804660665866232,0.956283090413124,0.974117592502999,"cogn_se_lv"
"8975","OPTN","Exc L5/6 IT Car3",-0.00526809453484876,7.11460996820971,0.270395806193715,0.603374297427183,0.866813853321332,0.906105660500506,"cogn_se_lv"
"8976","PHYH","Exc L5/6 IT Car3",0.0588479974064191,3.68258267316913,8.99160610134612,0.00289375945060767,0.126519766888784,0.105909294728835,"cogn_se_lv"
"8977","SEPHS1","Exc L5/6 IT Car3",0.00100539228460267,3.98011962914666,0.00332121711274541,0.954074155411073,0.996776168030349,0.99825732469581,"cogn_se_lv"
"8978","BEND7","Exc L5/6 IT Car3",-0.0208738677402873,4.09268217733096,1.01251989649232,0.314951040040207,0.689389348061269,0.750613727888735,"cogn_se_lv"
"8979","PRPF18","Exc L5/6 IT Car3",-0.0031220000167271,3.99085719901251,0.0310905610512831,0.86013401975168,0.973987386062714,0.985580331242753,"cogn_se_lv"
"8980","AL157392.5","Exc L5/6 IT Car3",-0.0226117141376748,4.31885180333991,1.94151823032105,0.164332011726838,0.548918508635315,0.600196259153651,"cogn_se_lv"
"8981","FRMD4A","Exc L5/6 IT Car3",0.020854721223287,11.0567334229318,2.61374115594574,0.106785423420927,0.468705820265611,0.5107824714935,"cogn_se_lv"
"8982","AL157392.2","Exc L5/6 IT Car3",-0.0170361938794209,2.39346783053363,0.207200525835476,0.64923486728857,0.88736452997967,0.924412799739312,"cogn_se_lv"
"8983","AC044781.1","Exc L5/6 IT Car3",0.016956612416951,3.44613808319197,0.169571427588985,0.680729076912379,0.900862474773406,0.936275148667431,"cogn_se_lv"
"8984","FAM107B","Exc L5/6 IT Car3",0.0141688133460097,2.12028339156411,0.0964535984892418,0.756300846060475,0.937623281955331,0.961136125692175,"cogn_se_lv"
"8985","HSPA14-1","Exc L5/6 IT Car3",0.00209656228779866,4.15735661145647,0.0117012597314686,0.913917027525301,0.989073227776396,0.994126167335106,"cogn_se_lv"
"8986","AC069544.1","Exc L5/6 IT Car3",0.0361856981534751,2.44740190614657,1.1487188350331,0.28450922060329,0.66397925229522,0.725177377952927,"cogn_se_lv"
"8987","SUV39H2","Exc L5/6 IT Car3",0.0124555231491341,3.15204060664272,0.2684356779512,0.604689689036326,0.867513662728667,0.906820186422163,"cogn_se_lv"
"8988","DCLRE1C","Exc L5/6 IT Car3",0.0309472677842969,4.34663050604844,2.7771998975227,0.0964531419667653,0.450590440676212,0.491262423726605,"cogn_se_lv"
"8989","RPP38","Exc L5/6 IT Car3",0.0112805103983365,4.68326021668734,0.153475077351021,0.695459643314972,0.907428902977314,0.941380046610159,"cogn_se_lv"
"8990","NMT2","Exc L5/6 IT Car3",0.00830791497696591,6.99313425566909,1.00598247359877,0.316516281053084,0.69124245287455,0.751833686222694,"cogn_se_lv"
"8991","FAM171A1","Exc L5/6 IT Car3",-0.00383263575207904,7.72953512974091,0.164343479321396,0.685420661487298,0.901900135113673,0.937940221871309,"cogn_se_lv"
"8992","ITGA8","Exc L5/6 IT Car3",0.0288958370254998,1.9066636890909,0.395630704498792,0.529738729012591,0.82568662529394,0.872801350708046,"cogn_se_lv"
"8993","MINDY3","Exc L5/6 IT Car3",0.0192428278045019,6.61072445762913,2.42619520031459,0.120168704990037,0.489864953516141,0.535281110186622,"cogn_se_lv"
"8994","C1QL3","Exc L5/6 IT Car3",-0.00361946423323024,3.09953857990251,0.0145954687013231,0.903905110627291,0.987810604126722,0.992777214734694,"cogn_se_lv"
"8995","RSU1","Exc L5/6 IT Car3",0.0224983306126501,6.37449924311241,3.49218412286867,0.0624413660364452,0.387280084173872,0.415902760255884,"cogn_se_lv"
"8996","CUBN","Exc L5/6 IT Car3",-0.0159263264717857,2.72435911420068,0.262562114126587,0.608668118923964,0.869396553735584,0.90838542165489,"cogn_se_lv"
"8997","TRDMT1","Exc L5/6 IT Car3",-0.00377430472644764,3.64737525711493,0.0288525041391118,0.86521196512374,0.975645672864476,0.986554470445353,"cogn_se_lv"
"8998","ST8SIA6","Exc L5/6 IT Car3",0.00138376039685728,3.22026602587921,0.000828186684032787,0.977056824681413,0.998267578294294,0.999494075301937,"cogn_se_lv"
"8999","HACD1","Exc L5/6 IT Car3",0.0205709511908177,4.04788572872713,0.914386002202224,0.339571574584623,0.709568293748349,0.767053061822973,"cogn_se_lv"
"9000","STAM-AS1","Exc L5/6 IT Car3",-0.0331252096070499,2.25539293214072,0.689319607665314,0.406926021714136,0.758873719574708,0.811512276106101,"cogn_se_lv"
"9001","STAM","Exc L5/6 IT Car3",-0.00111570091467912,5.44104779390964,0.00844409276219087,0.926833292279761,0.991538479686899,0.995639170360381,"cogn_se_lv"
"9002","CACNB2","Exc L5/6 IT Car3",-0.00921063279124504,8.66613132599981,0.653788060806544,0.419276077202559,0.766423141082724,0.818604530886342,"cogn_se_lv"
"9003","AL450384.2","Exc L5/6 IT Car3",0.0159694513685775,5.2781795827929,0.955507675108388,0.328953715702798,0.700143385021856,0.760286616023228,"cogn_se_lv"
"9004","NSUN6","Exc L5/6 IT Car3",-0.0133843446400095,6.24244598454608,1.81623172826865,0.178578977250259,0.56526747426604,0.618781659416188,"cogn_se_lv"
"9005","ARL5B","Exc L5/6 IT Car3",-0.0389310702014334,3.9560545517446,3.63153657277691,0.057461618039078,0.376670850125698,0.402437159986001,"cogn_se_lv"
"9006","MALRD1","Exc L5/6 IT Car3",-0.0156598707529407,3.46403086454351,0.214682098240285,0.643391860897033,0.885447193796969,0.922306680537474,"cogn_se_lv"
"9007","PLXDC2","Exc L5/6 IT Car3",-0.0497700841090225,9.58799822523713,11.3497567508384,0.00083314952188101,0.072622810473438,0.0583757183265287,"cogn_se_lv"
"9008","NEBL","Exc L5/6 IT Car3",-0.00782717740524046,7.18086595505424,0.365541382643823,0.545811614732224,0.834022398130855,0.88024832582103,"cogn_se_lv"
"9009","CASC10","Exc L5/6 IT Car3",0.0272767801990133,2.0715840446301,0.550137461097369,0.458727441815915,0.788028655907772,0.839618221684467,"cogn_se_lv"
"9010","SKIDA1","Exc L5/6 IT Car3",0.0508001501397292,1.96238968385568,1.67523871695426,0.196357613857924,0.584438396615724,0.638251247006054,"cogn_se_lv"
"9011","MLLT10","Exc L5/6 IT Car3",0.0163045833143933,7.93504236136409,2.66226440763129,0.103596787419404,0.462971192999255,0.50460728540882,"cogn_se_lv"
"9012","DNAJC1","Exc L5/6 IT Car3",-0.00628784752572244,6.84204140556619,0.356877512448996,0.550607340914482,0.837419406727333,0.88234838513739,"cogn_se_lv"
"9013","BMI1","Exc L5/6 IT Car3",-0.0381874149529927,4.32258969905956,3.04702147436166,0.0817072692823489,0.425408435055331,0.462982910383507,"cogn_se_lv"
"9014","SPAG6","Exc L5/6 IT Car3",-0.00552577189968059,4.16397319056525,0.0389190649966277,0.843716353298146,0.97060806378072,0.982281035458676,"cogn_se_lv"
"9015","PIP4K2A","Exc L5/6 IT Car3",0.00778111733047652,5.49046685065977,0.294163332166079,0.587888138656743,0.858324490458901,0.899667923423997,"cogn_se_lv"
"9016","ARMC3","Exc L5/6 IT Car3",-0.0159096655930872,3.47647716349562,0.379873264996729,0.538046349855203,0.828965194140712,0.87668340760601,"cogn_se_lv"
"9017","MSRB2","Exc L5/6 IT Car3",-0.00656833548824293,3.8815155565534,0.0955374079034659,0.75742437160363,0.938352065141105,0.961452597923471,"cogn_se_lv"
"9018","C10orf67","Exc L5/6 IT Car3",-0.0325955669043594,2.92744889579291,1.27151775310997,0.260205658840948,0.643406987397523,0.704176529071523,"cogn_se_lv"
"9019","OTUD1","Exc L5/6 IT Car3",-0.0549468774908758,3.05243399313182,3.85318150479119,0.0503931419563441,0.358520990204702,0.380041072478505,"cogn_se_lv"
"9020","KIAA1217","Exc L5/6 IT Car3",-0.0347229430043994,7.6425671018875,2.74886096488915,0.0981629249855454,0.453535699648017,0.494436354437145,"cogn_se_lv"
"9021","ARHGAP21","Exc L5/6 IT Car3",0.0112382459311388,8.49072224166199,1.10752570533964,0.293300487148647,0.672320126604493,0.732423180559108,"cogn_se_lv"
"9022","PRTFDC1","Exc L5/6 IT Car3",0.00999391113684788,5.08361220543801,0.368961735262338,0.54393969045563,0.832905695888591,0.879481149917976,"cogn_se_lv"
"9023","ENKUR","Exc L5/6 IT Car3",-0.0312364530052678,3.10248662533373,1.47229020499859,0.225751116917925,0.614809076323009,0.671269155953134,"cogn_se_lv"
"9024","THNSL1","Exc L5/6 IT Car3",0.067469520936214,2.95580122899903,6.72091897767739,0.00990279736652223,0.205758337684994,0.191048844698937,"cogn_se_lv"
"9025","GPR158","Exc L5/6 IT Car3",-0.0189322130966832,5.73383343753181,0.478242667476788,0.489648822389441,0.806129158811885,0.854212018209507,"cogn_se_lv"
"9026","MYO3A","Exc L5/6 IT Car3",0.0800503424352898,2.22397269261818,4.24002880663186,0.0401739874590063,0.330776725437538,0.34744428867281,"cogn_se_lv"
"9027","GAD2","Exc L5/6 IT Car3",0.00253255908474037,1.71005899195909,0.00249817016799665,0.960163677706371,0.997053628956036,0.998555548513014,"cogn_se_lv"
"9028","APBB1IP","Exc L5/6 IT Car3",0.0560909622165122,1.62112179499602,1.18411852176321,0.277220475954243,0.65984296042349,0.719569028364519,"cogn_se_lv"
"9029","PDSS1","Exc L5/6 IT Car3",0.0527793782511739,4.24983663350538,9.24672049366324,0.00252556780545111,0.11769020276752,0.0994158806288694,"cogn_se_lv"
"9030","ABI1","Exc L5/6 IT Car3",-0.00109060694714432,6.2130363135175,0.00988897229733407,0.920839621492938,0.99096186404192,0.994869484089853,"cogn_se_lv"
"9031","ANKRD26","Exc L5/6 IT Car3",0.00342395806191914,7.62786319315762,0.133894589002434,0.714634749047091,0.918171412386076,0.948248048937287,"cogn_se_lv"
"9032","YME1L1","Exc L5/6 IT Car3",0.0113332624916651,6.38872069518964,1.40734177788308,0.251130773353857,0.63477305834746,0.695750129504607,"cogn_se_lv"
"9033","MASTL","Exc L5/6 IT Car3",0.00637331482443207,3.26170749169583,0.0796202364201471,0.944610238496352,0.994804925328349,0.997626386519645,"cogn_se_lv"
"9034","ACBD5","Exc L5/6 IT Car3",0.0304725795322226,5.30311176051254,6.45070252768802,0.0114951616843734,0.214820071996781,0.203882553598318,"cogn_se_lv"
"9035","RAB18","Exc L5/6 IT Car3",-0.01187686174522,6.39086785168801,1.35910112819422,0.244436894498427,0.629709375013525,0.688855060773738,"cogn_se_lv"
"9036","MKX","Exc L5/6 IT Car3",-0.0305972431979609,5.5865555200887,3.4714513603551,0.0632208313832661,0.388692667696058,0.418174197502855,"cogn_se_lv"
"9037","ARMC4","Exc L5/6 IT Car3",-0.0270910181588574,2.05993174487274,0.439889730419379,0.50758461785123,0.816537950024118,0.862873677615864,"cogn_se_lv"
"9038","MPP7","Exc L5/6 IT Car3",-0.00796812906584382,8.02082292989165,0.292745928729187,0.58878861970544,0.858707943205761,0.900080324727622,"cogn_se_lv"
"9039","AL358234.1","Exc L5/6 IT Car3",0.0360437316490246,3.27171358080192,0.616592776607305,0.432813826115917,0.77353077346411,0.825648824656453,"cogn_se_lv"
"9040","WAC-AS1","Exc L5/6 IT Car3",0.037985957255204,5.66189871241525,6.12269907435802,0.0137889088679393,0.229163659196484,0.220629911694013,"cogn_se_lv"
"9041","WAC","Exc L5/6 IT Car3",-0.00226118999649444,7.41675706331045,0.0748249653725759,0.784588105497822,0.949650382982342,0.968456702321332,"cogn_se_lv"
"9042","BAMBI","Exc L5/6 IT Car3",-0.000825165718109823,2.13151315797755,0.000549254221833724,0.981314860442793,0.998390354534415,0.999870711362408,"cogn_se_lv"
"9043","SVIL","Exc L5/6 IT Car3",0.0801892423079133,3.26090797600601,4.28957872485457,0.0390326313698401,0.328078753021212,0.343303675451753,"cogn_se_lv"
"9044","JCAD","Exc L5/6 IT Car3",0.0378821490093941,3.46927708001696,1.26938368224985,0.260605332516849,0.644032202087603,0.704485901270372,"cogn_se_lv"
"9045","MTPAP","Exc L5/6 IT Car3",0.0143075694064303,4.07835999177204,0.872304673613095,0.609004220288948,0.869396553735584,0.908471794385569,"cogn_se_lv"
"9046","ZNF438","Exc L5/6 IT Car3",0.0362876942181609,5.92735910304196,4.4993094987328,0.0345664740485646,0.314097878238464,0.326311874999409,"cogn_se_lv"
"9047","AL356258.1","Exc L5/6 IT Car3",-0.0648519860912183,2.29665445843833,2.10299794017996,0.14784946524515,0.526055705027713,0.578206328026655,"cogn_se_lv"
"9048","ZEB1-AS1","Exc L5/6 IT Car3",-0.00600588947264099,2.98048683830779,0.0290628821584309,0.864726191472667,0.97538376478777,0.986542852105431,"cogn_se_lv"
"9049","ZEB1","Exc L5/6 IT Car3",0.00690802611770099,6.16052221194169,0.0920002859742301,0.761818242161343,0.940735195928995,0.96244634513051,"cogn_se_lv"
"9050","ARHGAP12","Exc L5/6 IT Car3",-0.0282091566724539,4.82893892769407,1.47582593838757,0.22519581514374,0.614497091323078,0.670781266400492,"cogn_se_lv"
"9051","KIF5B","Exc L5/6 IT Car3",-0.0203568960141493,5.90382042034658,3.45725332163198,0.0637606226016141,0.388778122757069,0.419355579463837,"cogn_se_lv"
"9052","EPC1","Exc L5/6 IT Car3",-0.00440111136222121,6.92777810103472,0.258872055691357,0.611196401163079,0.87031513980695,0.909757468506467,"cogn_se_lv"
"9053","AL391839.1","Exc L5/6 IT Car3",0.0631781910756284,2.48996680216703,2.4559039890852,0.117930148015932,0.486841464046456,0.531184813100072,"cogn_se_lv"
"9054","CCDC7","Exc L5/6 IT Car3",0.00456285606677284,6.94211439212964,0.0989158818755777,0.753310045609459,0.936238520708194,0.960235156867904,"cogn_se_lv"
"9055","ITGB1","Exc L5/6 IT Car3",0.00273887138508738,4.5339394258641,0.0330809671100007,0.965895654742711,0.997621680933237,0.99892010896344,"cogn_se_lv"
"9056","ITGB1-DT","Exc L5/6 IT Car3",0.0477060351677541,2.38952413210805,1.43461349864663,0.23177217312376,0.620423337521824,0.677726464817935,"cogn_se_lv"
"9057","NRP1","Exc L5/6 IT Car3",-0.0271305891008919,3.7578723970055,0.520282103553893,0.471172421440336,0.794633044963293,0.845562827797193,"cogn_se_lv"
"9058","PARD3","Exc L5/6 IT Car3",0.00724020922466738,2.5054779545219,0.0431717090077191,0.835515481461725,0.96681077140571,0.980481834854705,"cogn_se_lv"
"9059","CUL2","Exc L5/6 IT Car3",0.0105905588877094,5.71070059454206,1.0469286618906,0.4397420549635,0.776403982764389,0.829620623251907,"cogn_se_lv"
"9060","CREM","Exc L5/6 IT Car3",-0.0445762077833916,5.70919742815626,8.57574575192424,0.00361547185591755,0.135053669569347,0.118730481477042,"cogn_se_lv"
"9061","AL117336.1","Exc L5/6 IT Car3",0.0536090870489863,1.8283805726965,1.21218781161202,0.271607965512006,0.653847425188452,0.714442307196558,"cogn_se_lv"
"9062","CCNY","Exc L5/6 IT Car3",0.00121619591618067,8.33849221855532,0.0157552605591415,0.900179426060107,0.987227347471321,0.992443914936985,"cogn_se_lv"
"9063","AL117336.3","Exc L5/6 IT Car3",0.00715908800048149,5.79820326466562,0.20023097566026,0.654793751347793,0.888727033534045,0.926315679327779,"cogn_se_lv"
"9064","FZD8","Exc L5/6 IT Car3",0.0180205831434328,1.95419462163166,0.205029666871226,0.786029827727566,0.949992646450748,0.969007369159947,"cogn_se_lv"
"9065","ANKRD30A","Exc L5/6 IT Car3",-0.150592033040326,2.12128832694246,10.7476270482511,0.00114204457673328,0.08662109232943,0.0687223889319883,"cogn_se_lv"
"9066","ZNF248","Exc L5/6 IT Car3",0.013442504417248,7.27567452782263,0.950233459729453,0.330290490816578,0.700406022244585,0.760910139387465,"cogn_se_lv"
"9067","ZNF25","Exc L5/6 IT Car3",0.0244005990694053,5.81766266839567,4.01284269186982,0.0458766855847517,0.347587604922856,0.365463101743138,"cogn_se_lv"
"9068","ZNF33A","Exc L5/6 IT Car3",0.00249927507548415,5.74673413275916,0.0464990689335504,0.873947233261063,0.979647016583286,0.988085909641738,"cogn_se_lv"
"9069","AL117339.5","Exc L5/6 IT Car3",0.0614206463159717,4.90809747773131,6.47722819204579,0.0113277883662994,0.214164403886737,0.202308725024254,"cogn_se_lv"
"9070","LINC00839","Exc L5/6 IT Car3",-0.0310654377279711,3.75941613123494,2.71184623788246,0.100446334096771,0.45735771649388,0.498716472572692,"cogn_se_lv"
"9071","ZNF33B","Exc L5/6 IT Car3",0.0322065693858761,5.00255514427824,4.04795641039536,0.0449421453020593,0.344574496692354,0.36265040536597,"cogn_se_lv"
"9072","BMS1","Exc L5/6 IT Car3",0.0081449242243463,5.07520071433434,0.416456959860935,0.762273553846598,0.941005909511588,0.962646077691715,"cogn_se_lv"
"9073","RET","Exc L5/6 IT Car3",-0.0143179231804416,1.91813109249645,0.130762075090154,0.823282796169324,0.96366916892652,0.978030634590813,"cogn_se_lv"
"9074","CSGALNACT2","Exc L5/6 IT Car3",0.0117242500830466,5.67384043833515,0.734242256162732,0.392060739466384,0.748890999179303,0.802950050104678,"cogn_se_lv"
"9075","RASGEF1A","Exc L5/6 IT Car3",-0.00505494513337424,5.71612773832918,0.179206539657109,0.672299556219893,0.897454613720039,0.933033690786859,"cogn_se_lv"
"9076","HNRNPF","Exc L5/6 IT Car3",0.024644636054318,4.2257669509559,2.39315494472018,0.122713923336067,0.49197586118719,0.539355731020272,"cogn_se_lv"
"9077","ZNF487","Exc L5/6 IT Car3",0.0482065769524358,4.60176142106817,10.1474861849558,0.001566430632956,0.0955024320442973,0.0797520983993262,"cogn_se_lv"
"9078","ZNF239","Exc L5/6 IT Car3",0.00709513123018814,2.28430551845541,0.0431976941277149,0.835466697474955,0.96681077140571,0.980463019916217,"cogn_se_lv"
"9079","ZNF485","Exc L5/6 IT Car3",0.0580845085873856,1.98385878790447,2.24462195214954,0.134923932847108,0.506334876009994,0.558327151516187,"cogn_se_lv"
"9080","ZNF32","Exc L5/6 IT Car3",-0.0307896973369457,3.97188586965123,2.26071232076656,0.133537678742705,0.504825565180603,0.556253598669404,"cogn_se_lv"
"9081","TMEM72-AS1","Exc L5/6 IT Car3",0.0211799025155082,4.29797357203542,0.824344358081091,0.364498189029558,0.727246849504114,0.784420215081686,"cogn_se_lv"
"9082","RASSF4","Exc L5/6 IT Car3",0.0282578559614293,3.29417233784945,1.1934002007349,0.27534856510963,0.65788752560578,0.718009668018553,"cogn_se_lv"
"9083","ZNF22","Exc L5/6 IT Car3",-0.0585343898464424,3.08480552596885,4.73036351416387,0.0302611701612805,0.304222598957164,0.308401242933874,"cogn_se_lv"
"9084","AL358394.1","Exc L5/6 IT Car3",0.0148726723701869,1.76796495345451,0.0541645865182166,0.816096267646034,0.959947755253107,0.976815593673938,"cogn_se_lv"
"9085","MARCH8","Exc L5/6 IT Car3",0.00902722553964159,4.80994174769373,0.279390788299966,0.597414585775704,0.86306303154868,0.903774847357989,"cogn_se_lv"
"9086","ZFAND4","Exc L5/6 IT Car3",-0.014864241643221,1.86443326912436,0.100177172113721,0.751793859185363,0.935865687362512,0.959876667096339,"cogn_se_lv"
"9087","WASHC2C","Exc L5/6 IT Car3",-0.0261367801739941,4.86728103692329,3.75786568684261,0.0533123713768933,0.365741737817866,0.390299528157484,"cogn_se_lv"
"9088","AGAP4","Exc L5/6 IT Car3",0.0196680449101625,5.68042544514583,2.5731870398497,0.109533384762409,0.47229961919841,0.515500855153628,"cogn_se_lv"
"9089","TIMM23","Exc L5/6 IT Car3",-0.0130914215936932,4.57998489269929,1.03404123606131,0.326370460336457,0.699058794546427,0.758597348124132,"cogn_se_lv"
"9090","NCOA4","Exc L5/6 IT Car3",-0.0132790629865243,4.56641754075908,0.671137202349924,0.413177585928782,0.762506981444085,0.815158347975925,"cogn_se_lv"
"9091","AL356056.2","Exc L5/6 IT Car3",-0.0123704292820354,4.65794312037367,0.378080685190286,0.539006457158157,0.829613898956299,0.877266501481841,"cogn_se_lv"
"9092","AL356056.1","Exc L5/6 IT Car3",0.0516894956488268,2.47440126070074,2.49078567832018,0.115360673001264,0.482445858013436,0.525975094066224,"cogn_se_lv"
"9093","PTPN20","Exc L5/6 IT Car3",0.0115514972825872,5.00985080095938,0.139371291510986,0.70911853052347,0.914627404019125,0.946439805543011,"cogn_se_lv"
"9094","AGAP9","Exc L5/6 IT Car3",0.000819002825788566,4.97321192655697,0.00227851361287913,0.961953914560077,0.997053628956036,0.998671534701029,"cogn_se_lv"
"9095","FRMPD2","Exc L5/6 IT Car3",-0.0366789907964528,2.07514815199775,0.447915709552557,0.503739702068993,0.814567104377341,0.860995293708579,"cogn_se_lv"
"9096","MAPK8","Exc L5/6 IT Car3",0.00451082758001617,7.4921027012073,0.179210502275078,0.67229614497449,0.897454613720039,0.933033690786859,"cogn_se_lv"
"9097","ARHGAP22","Exc L5/6 IT Car3",0.0124181488037607,5.70583236937213,0.482907372826577,0.487540207173003,0.80430136922538,0.853130424803585,"cogn_se_lv"
"9098","WDFY4","Exc L5/6 IT Car3",-0.0246588352839645,1.60580098017263,0.216236383503749,0.642193547461503,0.884918146682185,0.921824121377638,"cogn_se_lv"
"9099","VSTM4","Exc L5/6 IT Car3",-0.0237394193924104,3.15291069012343,0.796798748600979,0.372626691606459,0.732988109084473,0.78967006942084,"cogn_se_lv"
"9100","AL138760.1","Exc L5/6 IT Car3",0.0136852885631249,2.79995442200655,0.0976916294777829,0.754791904901469,0.93690047054757,0.960614682295678,"cogn_se_lv"
"9101","ERCC6","Exc L5/6 IT Car3",-0.0148510999229717,5.92149226474212,1.27541446118341,0.259477835967169,0.64222642256911,0.703536075133789,"cogn_se_lv"
"9102","OGDHL","Exc L5/6 IT Car3",0.0214796099146853,4.6464432010508,1.94147309089741,0.164336903688218,0.548918508635315,0.600196259153651,"cogn_se_lv"
"9103","PARG","Exc L5/6 IT Car3",0.00253031111729788,6.67700076705624,0.0812207686333696,0.775807714920522,0.946017013915445,0.966434568973688,"cogn_se_lv"
"9104","TIMM23B","Exc L5/6 IT Car3",-0.00984730402726412,6.09029613477814,0.317910042734398,0.573204568187235,0.849998307763332,0.892561585268011,"cogn_se_lv"
"9105","LINC00843","Exc L5/6 IT Car3",0.0228430760143629,5.00419260404185,1.85373040272376,0.174170496535457,0.5608828255669,0.612761659932657,"cogn_se_lv"
"9106","AGAP6","Exc L5/6 IT Car3",0.000318561364836086,5.54482071108575,0.000718496323316054,0.97862974830852,0.998390354534415,0.999693731926281,"cogn_se_lv"
"9107","WASHC2A","Exc L5/6 IT Car3",-0.0255919098869787,4.85444285364272,3.23561502028766,0.0728600685811637,0.412732658561907,0.442617784276609,"cogn_se_lv"
"9108","SGMS1","Exc L5/6 IT Car3",0.0141269232419404,6.88405134472074,1.22190903498773,0.269697526659421,0.652695854417396,0.713172578188851,"cogn_se_lv"
"9109","SGMS1-AS1","Exc L5/6 IT Car3",0.129360924738913,2.09195078449363,8.36977645777022,0.00403861802103552,0.141379082140812,0.125212808189927,"cogn_se_lv"
"9110","ASAH2B","Exc L5/6 IT Car3",-0.034165309724368,2.97561183170059,1.46698020026312,0.226588176661567,0.615459237349369,0.67188447795846,"cogn_se_lv"
"9111","PRKG1","Exc L5/6 IT Car3",-0.165775976735328,6.30349438529767,20.8567123026324,6.73021021810286e-06,0.00690519568377353,0.00394176507036551,"cogn_se_lv"
"9112","CSTF2T","Exc L5/6 IT Car3",-0.0206001309761034,2.78442746433288,0.505401214532119,0.477579934073736,0.799031558211194,0.848323354316444,"cogn_se_lv"
"9113","PCDH15","Exc L5/6 IT Car3",0.046680129686733,3.12576507077897,2.04808882553487,0.153233155214576,0.53406043585555,0.585474741413325,"cogn_se_lv"
"9114","ZWINT","Exc L5/6 IT Car3",0.00694506395414839,1.87829657226198,0.0246929965761678,0.87521934165975,0.979751648832088,0.988248837599212,"cogn_se_lv"
"9115","IPMK","Exc L5/6 IT Car3",0.0147037012229651,4.65272368794901,1.11139782130662,0.713976283894171,0.917731335674913,0.947926975723616,"cogn_se_lv"
"9116","CISD1","Exc L5/6 IT Car3",-0.00772767267736616,5.98503049438769,0.215506720342921,0.642755444335715,0.885269938099754,0.922082014093226,"cogn_se_lv"
"9117","UBE2D1","Exc L5/6 IT Car3",-0.0182476805254394,4.93245343952397,1.55911217668208,0.212576973036058,0.600714176699238,0.656446112927997,"cogn_se_lv"
"9118","TFAM","Exc L5/6 IT Car3",-0.0209632253232979,3.95966841259529,1.18255574455105,0.277537230920137,0.65984296042349,0.719741226726449,"cogn_se_lv"
"9119","BICC1","Exc L5/6 IT Car3",-0.027579515711082,5.14847453401629,2.21820626925436,0.137234943152685,0.510406719667593,0.562424623887989,"cogn_se_lv"
"9120","LINC00844","Exc L5/6 IT Car3",-0.124156020548499,1.63039319243796,5.66538745962082,0.0178037221783617,0.253468348126722,0.246412404463067,"cogn_se_lv"
"9121","PHYHIPL","Exc L5/6 IT Car3",-0.033490680893834,7.2195923327638,5.49190142534438,0.0196283025765269,0.264554853745712,0.258206083371849,"cogn_se_lv"
"9122","FAM13C","Exc L5/6 IT Car3",-0.014248961473666,5.56943741101775,0.985624469104349,0.321456576839166,0.694248767549084,0.755046529428749,"cogn_se_lv"
"9123","SLC16A9","Exc L5/6 IT Car3",0.0153272388931854,2.27584648925744,0.146722296498442,0.701905341687918,0.911127126229509,0.944023154377948,"cogn_se_lv"
"9124","MRLN","Exc L5/6 IT Car3",-0.0581453140303548,2.00873217332622,1.64358986878082,0.20062845342637,0.588127980615587,0.642668064989196,"cogn_se_lv"
"9125","CCDC6","Exc L5/6 IT Car3",-0.040584359238365,7.41959860520492,10.5556110934152,0.00126330601387641,0.0896023412504146,0.0721465783566387,"cogn_se_lv"
"9126","ANK3","Exc L5/6 IT Car3",-0.00508909130997785,9.90517020829245,0.261403003294717,0.609459867985912,0.869396553735584,0.908828745972196,"cogn_se_lv"
"9127","RHOBTB1","Exc L5/6 IT Car3",0.0154902142154622,6.78633364736571,1.12859893384491,0.288760468826752,0.668501343383512,0.728694202167329,"cogn_se_lv"
"9128","LINC00845","Exc L5/6 IT Car3",0.0067720761076569,2.15856819506387,0.0349938285364552,0.851710116549923,0.971931624594265,0.983818184270067,"cogn_se_lv"
"9129","CABCOCO1","Exc L5/6 IT Car3",-0.0576836842053154,4.17683431609458,3.4820215823098,0.062822142246512,0.388598379893014,0.417123697795138,"cogn_se_lv"
"9130","ARID5B","Exc L5/6 IT Car3",-0.0344883773851437,7.51327664663769,9.55639694475801,0.0021420452882521,0.107105880334087,0.0918100384575471,"cogn_se_lv"
"9131","RTKN2","Exc L5/6 IT Car3",0.064038882552764,2.53607656618012,3.5876476473373,0.0589825922635712,0.379649558735408,0.406693583139179,"cogn_se_lv"
"9132","ZNF365","Exc L5/6 IT Car3",-0.00482603675819565,8.13268408171304,0.0470581736316099,0.828382095615343,0.96520240999292,0.978924080043398,"cogn_se_lv"
"9133","AL133417.1","Exc L5/6 IT Car3",0.0247995359228364,1.88943081175363,0.288603921886831,0.591436304830464,0.859590587528647,0.901151702855741,"cogn_se_lv"
"9134","ADO","Exc L5/6 IT Car3",-0.0173488370722257,3.96724929798286,0.53482189852651,0.465044995999948,0.79119444669795,0.842524502359018,"cogn_se_lv"
"9135","EGR2","Exc L5/6 IT Car3",-0.161686465460229,1.98311709591064,5.04000028081649,0.0253527801595333,0.289897558091032,0.286988953321055,"cogn_se_lv"
"9136","NRBF2","Exc L5/6 IT Car3",0.00244698210308778,4.26744249807199,0.0164014995725623,0.898163785639116,0.986715578313859,0.992164474469188,"cogn_se_lv"
"9137","JMJD1C","Exc L5/6 IT Car3",0.0232125371428419,9.54620308465802,6.57433832328683,0.0107361704015369,0.213179377869315,0.197911781595327,"cogn_se_lv"
"9138","REEP3","Exc L5/6 IT Car3",-0.00575117318355871,6.97015932391325,0.261497496597734,0.609395239975886,0.869396553735584,0.908799347380754,"cogn_se_lv"
"9139","AC022387.1","Exc L5/6 IT Car3",0.0609496482544104,2.31523608568511,2.01162980563879,0.156930976896111,0.539032639869704,0.590465990742018,"cogn_se_lv"
"9140","LINC01515","Exc L5/6 IT Car3",-0.0884485606936184,2.22881456304503,1.07796822042348,0.299823879836803,0.677575552230309,0.73808443680749,"cogn_se_lv"
"9141","CTNNA3","Exc L5/6 IT Car3",0.0553404750908448,8.97074172405724,4.50324460224892,0.0344880032357408,0.313879580010675,0.32597747415971,"cogn_se_lv"
"9142","LRRTM3","Exc L5/6 IT Car3",-0.0107499979522097,8.57849130773034,0.643169004415175,0.42307528957451,0.769245114478639,0.820641595554107,"cogn_se_lv"
"9143","DNAJC12","Exc L5/6 IT Car3",-0.00827820393604625,4.021980732384,0.176090933062417,0.674995530852155,0.899176443999365,0.934215769292654,"cogn_se_lv"
"9144","SIRT1","Exc L5/6 IT Car3",0.00234986744831385,4.45430950354657,0.0226492320434618,0.880454022042931,0.981383038672293,0.988923094115778,"cogn_se_lv"
"9145","HERC4","Exc L5/6 IT Car3",0.0275528497926448,8.25047791561589,4.40315317129727,0.0365434034827671,0.319547147499879,0.334147791711546,"cogn_se_lv"
"9146","PBLD","Exc L5/6 IT Car3",0.0304061343606699,2.3739050118838,0.766706646101178,0.381800298796746,0.740402552467578,0.796648708026315,"cogn_se_lv"
"9147","HNRNPH3","Exc L5/6 IT Car3",-0.0335782511293006,5.60282903522878,9.14106328613438,0.00267188262898973,0.121108697683686,0.102247396244276,"cogn_se_lv"
"9148","RUFY2","Exc L5/6 IT Car3",-0.00465503501290083,7.0290324029881,0.220839081718586,0.638675450237518,0.883351604277525,0.920792542831509,"cogn_se_lv"
"9149","DNA2","Exc L5/6 IT Car3",-0.0149972455026396,4.62275860517209,0.599859632746868,0.439121362699415,0.776403982764389,0.829256634778305,"cogn_se_lv"
"9150","SLC25A16","Exc L5/6 IT Car3",0.0187918584265277,5.92280930932029,2.11007855347148,0.147170978826645,0.525025814590187,0.577457661539798,"cogn_se_lv"
"9151","TET1","Exc L5/6 IT Car3",0.0249975159241054,4.21792919068214,1.46508360876743,0.226888058014832,0.615899116022415,0.672197188579709,"cogn_se_lv"
"9152","CCAR1","Exc L5/6 IT Car3",-0.01670457349532,6.62964861581521,2.43163212634417,0.119755528900286,0.489738487304808,0.534653831733332,"cogn_se_lv"
"9153","STOX1","Exc L5/6 IT Car3",0.0355461664121204,4.71554861272362,3.54561773545821,0.0604794778275618,0.382500815452706,0.410549398837141,"cogn_se_lv"
"9154","DDX50","Exc L5/6 IT Car3",0.00221871143998526,5.80269673039009,0.0458712426320888,0.830526844536403,0.966145695542514,0.979427524354229,"cogn_se_lv"
"9155","DDX21","Exc L5/6 IT Car3",-0.00861909837962958,4.82851847486424,0.390422606239901,0.532458690360439,0.826815321335292,0.873958087949017,"cogn_se_lv"
"9156","KIF1BP","Exc L5/6 IT Car3",-0.0062789444236803,5.27917376220892,0.204069959269869,0.81279039996308,0.959045669722624,0.976365470283287,"cogn_se_lv"
"9157","VPS26A","Exc L5/6 IT Car3",-0.0165653822438933,5.27873507436876,2.04127151122281,0.153916987205338,0.535555258877144,0.586254377806698,"cogn_se_lv"
"9158","SUPV3L1","Exc L5/6 IT Car3",0.0170113900844349,5.40522307416058,1.72200754260436,0.522698219372056,0.82185254031414,0.869769139755503,"cogn_se_lv"
"9159","HK1","Exc L5/6 IT Car3",0.00408338191540612,6.60081037331844,0.175298941554908,0.675685319340626,0.899176443999365,0.934528683073527,"cogn_se_lv"
"9160","TSPAN15","Exc L5/6 IT Car3",0.0890202450669328,2.07862326126435,4.10628073652664,0.0434340749103576,0.340698477507851,0.359046224103652,"cogn_se_lv"
"9161","FAM241B","Exc L5/6 IT Car3",0.00543132809811309,3.83187310298229,0.0494746473505162,0.824101482798456,0.964040880227138,0.978158991774537,"cogn_se_lv"
"9162","COL13A1","Exc L5/6 IT Car3",0.161568925219472,2.34048743477376,6.63850570763431,0.0103628019412985,0.209846739311294,0.194563312459487,"cogn_se_lv"
"9163","AC024601.1","Exc L5/6 IT Car3",0.0424185416189402,2.5064225378099,1.52659579887622,0.217400278874121,0.605852829490127,0.662098118062305,"cogn_se_lv"
"9164","H2AFY2","Exc L5/6 IT Car3",-0.000333720585899514,4.60710947401425,0.000434770735401605,0.983375518686249,0.998390354534415,0.999870711362408,"cogn_se_lv"
"9165","AIFM2","Exc L5/6 IT Car3",0.0179949148029459,4.03257960607659,0.74314099930676,0.389209428773175,0.746514013885434,0.800793828676584,"cogn_se_lv"
"9166","TYSND1","Exc L5/6 IT Car3",0.0780202808981016,3.98735561410716,12.7957105342375,0.000393095691830656,0.0530679183971385,0.0385017600789815,"cogn_se_lv"
"9167","SAR1A","Exc L5/6 IT Car3",-0.0086277236479793,5.17726894539515,0.532965311436957,0.46582025515272,0.791612586002238,0.842849818009973,"cogn_se_lv"
"9168","PPA1","Exc L5/6 IT Car3",-0.0252838385624571,6.18460046127079,2.56483926011966,0.110108659114609,0.473476463753515,0.516594272673731,"cogn_se_lv"
"9169","LRRC20","Exc L5/6 IT Car3",0.0621838673924249,4.47987649252548,14.5566255448354,0.000159109720895633,0.0344887127406167,0.0237569462067459,"cogn_se_lv"
"9170","EIF4EBP2","Exc L5/6 IT Car3",0.00502600621283404,4.19743538583101,0.100199949099368,0.751766575959188,0.935865687362512,0.959876667096339,"cogn_se_lv"
"9171","PALD1","Exc L5/6 IT Car3",0.0316765005201171,3.60038756739555,1.56790073562955,0.211295294594354,0.598864564237035,0.654784662726687,"cogn_se_lv"
"9172","SGPL1","Exc L5/6 IT Car3",0.00663905160062176,6.45715290098005,0.478511242756243,0.994072968310203,0.999242764926216,0.999870711362408,"cogn_se_lv"
"9173","PCBD1","Exc L5/6 IT Car3",-0.0121833320125018,4.33512794314816,0.170431322857801,0.679965533843267,0.900862474773406,0.935966572063507,"cogn_se_lv"
"9174","AC073176.3","Exc L5/6 IT Car3",0.162944707731222,1.89097787942972,7.67710846146352,0.00587201338537506,0.164711676396085,0.15031249655235,"cogn_se_lv"
"9175","UNC5B","Exc L5/6 IT Car3",-0.00965860630529286,5.19395317242681,0.195489748148063,0.65864207351522,0.890849723257231,0.92814118320107,"cogn_se_lv"
"9176","SLC29A3","Exc L5/6 IT Car3",0.0607909306921913,2.83170051320407,5.00248429548131,0.0259003672701575,0.291972693938124,0.289527897833073,"cogn_se_lv"
"9177","CDH23","Exc L5/6 IT Car3",0.0889501501988871,1.93017975369256,5.14094426448941,0.0239385151159573,0.286933798249348,0.281115135979435,"cogn_se_lv"
"9178","PSAP","Exc L5/6 IT Car3",-0.0305416759439443,7.5604010729091,1.97241156460378,0.161022758682499,0.544406910396235,0.596121724686573,"cogn_se_lv"
"9179","SPOCK2","Exc L5/6 IT Car3",-0.00933377650977266,5.68093343529942,0.320537783795502,0.571624480861244,0.848914480406692,0.891581223619538,"cogn_se_lv"
"9180","ASCC1","Exc L5/6 IT Car3",0.0183065996631214,5.68683665226778,2.2504736603377,0.134417922972442,0.505539306366846,0.557426099739518,"cogn_se_lv"
"9181","ANAPC16","Exc L5/6 IT Car3",-0.0214417162836528,6.51250347228108,2.91191050696958,0.0887584923545937,0.437854915746994,0.4772203637966,"cogn_se_lv"
"9182","DDIT4","Exc L5/6 IT Car3",-0.0412006991913443,2.06794843615391,0.766041341225873,0.382006708153638,0.740438695023235,0.796812680006502,"cogn_se_lv"
"9183","DNAJB12","Exc L5/6 IT Car3",0.0137834853246687,4.49693614408859,0.918185352045265,0.353044678432611,0.719577518459874,0.776393549434688,"cogn_se_lv"
"9184","MICU1","Exc L5/6 IT Car3",0.0186470399553252,7.67216321914363,2.98505725202878,0.0848625291274014,0.432147631907274,0.469729044002407,"cogn_se_lv"
"9185","MCU","Exc L5/6 IT Car3",3.07717049022719e-05,5.76264434935937,4.56209529002549e-06,0.998296934503834,0.999465900469295,0.999954262357359,"cogn_se_lv"
"9186","P4HA1","Exc L5/6 IT Car3",-0.00668054634153429,5.95509526879048,0.247879757634989,0.618864846868489,0.873641849271671,0.912741488148277,"cogn_se_lv"
"9187","NUDT13","Exc L5/6 IT Car3",0.0170226375427123,2.38039387585467,0.210948338408868,0.646292185896113,0.88627056834657,0.923536864615306,"cogn_se_lv"
"9188","ECD","Exc L5/6 IT Car3",-0.0241383796834744,4.86688888259894,3.45429976158876,0.0638735319611866,0.388915039448146,0.419614203713418,"cogn_se_lv"
"9189","FAM149B1","Exc L5/6 IT Car3",0.0211818402686261,4.75802404723809,1.95112946061229,0.163294191719382,0.547396560784425,0.598975131874012,"cogn_se_lv"
"9190","DNAJC9","Exc L5/6 IT Car3",-0.00232258733486633,5.76870350657019,0.0203811976589355,0.886554517784566,0.983710314298651,0.989804294655735,"cogn_se_lv"
"9191","DNAJC9-AS1","Exc L5/6 IT Car3",0.0547803179514482,2.16681386788357,1.345445820221,0.246816447638629,0.630841656862832,0.691137016341039,"cogn_se_lv"
"9192","MRPS16","Exc L5/6 IT Car3",0.01493342247002,5.3415101665792,0.888889866953098,0.346387462326727,0.715260611242374,0.771777948436151,"cogn_se_lv"
"9193","CFAP70","Exc L5/6 IT Car3",0.0402813287326716,5.22611975504293,3.54722585861314,0.0604214644458046,0.382467373235114,0.410399859583449,"cogn_se_lv"
"9194","ANXA7","Exc L5/6 IT Car3",0.0103462723074229,6.20501511843775,1.03201057471591,0.310344207145615,0.685742619952766,0.747176165715168,"cogn_se_lv"
"9195","MSS51","Exc L5/6 IT Car3",0.0115627844123952,4.15728632857804,0.381110389204331,0.537385567214761,0.828690113710241,0.876533887114135,"cogn_se_lv"
"9196","PPP3CB","Exc L5/6 IT Car3",0.00275037968217025,7.65007911012968,0.104979092363207,0.746115696288885,0.933596030449178,0.958125499258659,"cogn_se_lv"
"9197","USP54","Exc L5/6 IT Car3",-0.00459724081413833,5.16489511920835,0.0743259876795658,0.785289831686832,0.949902578767613,0.968713422387403,"cogn_se_lv"
"9198","AGAP5","Exc L5/6 IT Car3",0.0204688535119072,3.7887645543313,1.06164654927662,0.444066839133166,0.779616467157233,0.831929433314387,"cogn_se_lv"
"9199","AC022400.6","Exc L5/6 IT Car3",0.0157537983050861,2.65004796628045,0.251668246272827,0.616198289838636,0.8731564948537,0.911749747734488,"cogn_se_lv"
"9200","SEC24C","Exc L5/6 IT Car3",0.0169815978003383,4.86359771889077,1.96092825841396,0.162243842457602,0.546016342755849,0.597465269900146,"cogn_se_lv"
"9201","FUT11","Exc L5/6 IT Car3",0.0172141377493697,3.91166492446244,0.642796366774424,0.423209544845232,0.769245114478639,0.820736634884369,"cogn_se_lv"
"9202","CHCHD1","Exc L5/6 IT Car3",-0.0347176614449604,3.8525207214846,1.87499535904354,0.171726450401701,0.558338590109191,0.60980662424242,"cogn_se_lv"
"9203","ZSWIM8","Exc L5/6 IT Car3",-0.011918983203087,5.69963725950496,1.11412444098945,0.291869093468257,0.671028585072674,0.731125851490187,"cogn_se_lv"
"9204","CAMK2G","Exc L5/6 IT Car3",-0.0313217396742377,6.07281322653807,4.38293667063365,0.0369739637104047,0.322198978685077,0.335624485020736,"cogn_se_lv"
"9205","VCL","Exc L5/6 IT Car3",0.0156833640730539,5.81517786733226,1.55245829615928,0.213553501813169,0.601608711862469,0.657602907808872,"cogn_se_lv"
"9206","AP3M1","Exc L5/6 IT Car3",-0.00080610844554911,4.96176789106356,0.00452512823188985,0.975983248301256,0.998267578294294,0.999481105410931,"cogn_se_lv"
"9207","ADK","Exc L5/6 IT Car3",0.0172401680534653,8.65236619286359,1.5709293505797,0.210855748699612,0.598585727280052,0.65442174520595,"cogn_se_lv"
"9208","KAT6B","Exc L5/6 IT Car3",0.0140558870114137,7.43773206497407,1.88233365817836,0.170892236775998,0.557772399333489,0.609083980280141,"cogn_se_lv"
"9209","AC018511.2","Exc L5/6 IT Car3",0.038599618858385,1.68313161582103,0.609931990715337,0.435307898865597,0.773958937562562,0.82678673825272,"cogn_se_lv"
"9210","SAMD8","Exc L5/6 IT Car3",0.00350184044830516,6.29311780491008,0.133757460158459,0.838704050979056,0.9679990496525,0.981185220092763,"cogn_se_lv"
"9211","VDAC2","Exc L5/6 IT Car3",-0.0384948852957241,5.00093375807725,2.21321222328524,0.137676836897014,0.510620798575702,0.562988191062019,"cogn_se_lv"
"9212","COMTD1","Exc L5/6 IT Car3",-0.0145194078369271,3.04094448602227,0.240112360999591,0.62441253878109,0.875858814433045,0.915080621874141,"cogn_se_lv"
"9213","ZNF503-AS1","Exc L5/6 IT Car3",0.050705155864342,2.09839313816947,1.24966430445188,0.26433477943081,0.647521348049773,0.70825494208541,"cogn_se_lv"
"9214","AC010997.3","Exc L5/6 IT Car3",-0.0312432228469585,3.76468160074905,0.349228329874802,0.554907548604358,0.839929682996154,0.884550486850169,"cogn_se_lv"
"9215","LRMDA","Exc L5/6 IT Car3",-0.0725207876244997,7.97239821980347,6.46915093522669,0.0113784869807259,0.214164403886737,0.202820937625479,"cogn_se_lv"
"9216","KCNMA1","Exc L5/6 IT Car3",0.0027281223169462,9.92122879433902,0.0367964778878367,0.847984201783369,0.971136553429121,0.983044049429311,"cogn_se_lv"
"9217","KCNMA1-AS1","Exc L5/6 IT Car3",0.0234933009240207,3.03294910447525,0.300049808660998,0.584178235975335,0.855777482563133,0.897915716818186,"cogn_se_lv"
"9218","DLG5","Exc L5/6 IT Car3",0.0216695639473857,4.75989519638723,1.32630883172689,0.250199253235743,0.634369019715073,0.694923392241038,"cogn_se_lv"
"9219","POLR3A","Exc L5/6 IT Car3",0.0104120000028098,5.71656585581971,0.815951346910876,0.465088458113509,0.79119444669795,0.842524502359018,"cogn_se_lv"
"9220","RPS24","Exc L5/6 IT Car3",-0.0754058778686489,6.13814037346763,4.62150377263527,0.0322149220342587,0.309343568274808,0.317138481071886,"cogn_se_lv"
"9221","ZMIZ1-AS1","Exc L5/6 IT Car3",0.0572830020063981,4.78402967511292,4.97414700999909,0.0263221550229328,0.293064283242318,0.291126389552615,"cogn_se_lv"
"9222","ZMIZ1","Exc L5/6 IT Car3",-0.0339457554867732,5.95417767448406,2.78449702801046,0.0960181755636464,0.450135034879137,0.490528348438376,"cogn_se_lv"
"9223","PPIF","Exc L5/6 IT Car3",0.0129840069564738,2.30944581077459,0.119845333699282,0.729397134856459,0.925045068433531,0.953054317557942,"cogn_se_lv"
"9224","ZCCHC24","Exc L5/6 IT Car3",0.00701604738044167,1.21701388923009,0.0128324978372216,0.909868918895518,0.989073227776396,0.993589006729108,"cogn_se_lv"
"9225","EIF5AL1","Exc L5/6 IT Car3",-0.047232064642562,1.61284617705252,0.897173177380821,0.344152933738492,0.713335171748875,0.770181193991983,"cogn_se_lv"
"9226","NUTM2B-AS1","Exc L5/6 IT Car3",-0.0143348615065769,6.92883160811164,1.138028352005,0.286758071206869,0.666748257421622,0.727373385217406,"cogn_se_lv"
"9227","AL135925.1","Exc L5/6 IT Car3",0.0519097201931907,3.06647744343317,2.89375382663546,0.0897554149264439,0.439356181844138,0.47937341896489,"cogn_se_lv"
"9228","SFTPD","Exc L5/6 IT Car3",-0.0113060862228619,2.3209612400408,0.100526400926629,0.75137591267538,0.935496747518331,0.959711613942605,"cogn_se_lv"
"9229","SFTPD-AS1","Exc L5/6 IT Car3",-0.0364894709301813,2.56685522138647,1.47327993019601,0.287637563593473,0.667858008577406,0.728040699098567,"cogn_se_lv"
"9230","TMEM254-AS1","Exc L5/6 IT Car3",0.0392869009464289,2.8192823698378,1.70101239623941,0.192958402035062,0.580873282288878,0.634703230308882,"cogn_se_lv"
"9231","TMEM254","Exc L5/6 IT Car3",0.031423394986964,4.69695482117032,4.68369716096705,0.0310830573981665,0.304305504680524,0.311892220157128,"cogn_se_lv"
"9232","PLAC9","Exc L5/6 IT Car3",0.106729074956149,1.83518929436263,2.77795198179382,0.096408212366131,0.450590440676212,0.491138033456116,"cogn_se_lv"
"9233","ANXA11","Exc L5/6 IT Car3",-0.00398181649811244,6.37709622494112,0.0809634817139269,0.776153569778696,0.946160377580805,0.966586915294901,"cogn_se_lv"
"9234","FAM213A","Exc L5/6 IT Car3",-0.058228767694316,6.23661602077003,7.88843115055808,0.00523649064562339,0.157750327882543,0.142190313340614,"cogn_se_lv"
"9235","TSPAN14","Exc L5/6 IT Car3",-0.0155221287112507,3.85333929637432,0.557550048407487,0.48111937267361,0.80063394477736,0.850013759998221,"cogn_se_lv"
"9236","NRG3","Exc L5/6 IT Car3",-0.00844898059769604,11.2014757108218,0.454710321442793,0.500523486862134,0.812730160667678,0.859356019011988,"cogn_se_lv"
"9237","GHITM","Exc L5/6 IT Car3",-0.0327451074796652,5.84211708722234,1.69211418087201,0.194124096237367,0.582685161431792,0.636114648415624,"cogn_se_lv"
"9238","CDHR1","Exc L5/6 IT Car3",-0.00677131672351697,2.63776498601871,0.044578869386125,0.832895397807982,0.966411302894271,0.979884608070529,"cogn_se_lv"
"9239","CCSER2","Exc L5/6 IT Car3",0.015751592001426,6.97169950308387,4.51500877717164,0.0342545245377566,0.3131269192425,0.32532452267037,"cogn_se_lv"
"9240","GRID1-AS1","Exc L5/6 IT Car3",0.0119979999608572,2.17508677844442,0.0574982710776374,0.810626111485808,0.958714754943748,0.975744495569482,"cogn_se_lv"
"9241","GRID1","Exc L5/6 IT Car3",-0.0103685254183638,8.37911252470511,0.432632950939411,0.511104791608935,0.81828914468733,0.864728176017245,"cogn_se_lv"
"9242","WAPL","Exc L5/6 IT Car3",-0.0072297457934108,5.82248928795491,0.488036443929508,0.48523905199507,0.803137615799012,0.851878586220992,"cogn_se_lv"
"9243","AL731569.1","Exc L5/6 IT Car3",0.0400015738702812,2.72046537529678,1.80538294346143,0.179878411185106,0.566621738397059,0.619941724179009,"cogn_se_lv"
"9244","OPN4","Exc L5/6 IT Car3",0.00273544033943088,5.047533750901,0.0103002291549793,0.919215894836243,0.990598180906784,0.994644178570332,"cogn_se_lv"
"9245","LDB3","Exc L5/6 IT Car3",0.00844267951597961,4.3862828304226,0.110728872412218,0.739502450260693,0.930782115216792,0.956250622930021,"cogn_se_lv"
"9246","BMPR1A","Exc L5/6 IT Car3",0.00837862281034068,6.57402442760371,0.469953158494059,0.493433779297864,0.808210500574088,0.856075438460809,"cogn_se_lv"
"9247","SNCG","Exc L5/6 IT Car3",-0.0362398052462462,3.50404884754318,0.635071445246385,0.426007195547534,0.770666174753535,0.822425854991069,"cogn_se_lv"
"9248","GLUD1","Exc L5/6 IT Car3",-0.00339991555213933,5.60903917184365,0.105489072385344,0.745521150115422,0.933596030449178,0.957995757911573,"cogn_se_lv"
"9249","SHLD2","Exc L5/6 IT Car3",0.0197056625073294,5.76268941261564,1.80302484757449,0.180162305822549,0.566621738397059,0.620169987168374,"cogn_se_lv"
"9250","NUTM2A-AS1","Exc L5/6 IT Car3",0.0317508534351682,7.03009271422713,3.44710347817733,0.0641495304552053,0.389302365205912,0.420300027499231,"cogn_se_lv"
"9251","MINPP1","Exc L5/6 IT Car3",0.0112002721800594,4.38518926332858,0.420676376657019,0.516998118753271,0.819995665260249,0.867248733686983,"cogn_se_lv"
"9252","PAPSS2","Exc L5/6 IT Car3",0.0252142329678574,1.97044545319835,0.26582991493954,0.606447818158505,0.868357528318167,0.9074914457076,"cogn_se_lv"
"9253","ATAD1","Exc L5/6 IT Car3",0.00197845403641051,6.08524441654699,0.0482748532939412,0.996545014535204,0.999242764926216,0.999870711362408,"cogn_se_lv"
"9254","PTEN","Exc L5/6 IT Car3",-0.00526590963489977,7.26406157490927,0.512311548933611,0.474586929107708,0.796880570101521,0.846969933781275,"cogn_se_lv"
"9255","RNLS","Exc L5/6 IT Car3",-0.00974096242307386,5.92159162696477,0.271133052144344,0.602881118539521,0.866657447965374,0.905898989658698,"cogn_se_lv"
"9256","STAMBPL1","Exc L5/6 IT Car3",-0.0122216842308563,5.28185289217156,0.483519164620786,0.487264776375954,0.80430136922538,0.853120419640809,"cogn_se_lv"
"9257","ACTA2","Exc L5/6 IT Car3",-0.0156332495413293,1.66913783393273,0.101225557870949,0.750541577787101,0.935032731284431,0.959383301078797,"cogn_se_lv"
"9258","LIPA","Exc L5/6 IT Car3",0.0149547201604535,6.0746090120276,1.01880672051901,0.313455361467078,0.688269084459742,0.749708443185325,"cogn_se_lv"
"9259","IFIT3","Exc L5/6 IT Car3",-0.0291979983558812,3.09869352204288,0.436990967046396,0.508985729960897,0.816961913286198,0.863587049711955,"cogn_se_lv"
"9260","IFIT1","Exc L5/6 IT Car3",-0.0517933736851324,4.00778087833961,2.8012321667044,0.0950287072329954,0.448067342008517,0.488726062263216,"cogn_se_lv"
"9261","IFIT5","Exc L5/6 IT Car3",-0.0282715651844393,2.42087157085175,0.62413537890037,0.430015736367135,0.772585770266477,0.824423743312155,"cogn_se_lv"
"9262","PANK1","Exc L5/6 IT Car3",0.0229984253443684,4.07735414904092,1.6631117525932,0.197981312161316,0.585723259162372,0.640147594672427,"cogn_se_lv"
"9263","AL157400.3","Exc L5/6 IT Car3",-0.0105726267935768,2.96510646686593,0.140394292268095,0.708101899481269,0.91429544356115,0.946089000844591,"cogn_se_lv"
"9264","KIF20B","Exc L5/6 IT Car3",0.0351810684678598,3.41844864297942,2.56317821540464,0.110223524788183,0.473555091479525,0.516845822190524,"cogn_se_lv"
"9265","RPP30","Exc L5/6 IT Car3",-0.00213355671917928,4.16833995002238,0.0170664106991919,0.896131605947177,0.986220413743843,0.991564837366116,"cogn_se_lv"
"9266","PCGF5","Exc L5/6 IT Car3",-0.0260574503522613,6.35634296735012,4.15734912941942,0.0421575048001217,0.336180248199134,0.354659905689276,"cogn_se_lv"
"9267","HECTD2","Exc L5/6 IT Car3",-0.0299111800241215,4.69806375206199,1.58054764718589,0.20946702627204,0.597864977235631,0.653080042233663,"cogn_se_lv"
"9268","TNKS2","Exc L5/6 IT Car3",0.00354723653601831,6.23838734206957,0.132012498171778,0.71655992531705,0.918773674810974,0.948822117539366,"cogn_se_lv"
"9269","BTAF1","Exc L5/6 IT Car3",-0.00477727517092898,6.47044486360016,0.165985763980033,0.68393760443567,0.901721899448725,0.937483234608755,"cogn_se_lv"
"9270","CPEB3","Exc L5/6 IT Car3",0.00290403573972723,8.18811946060398,0.115201755083578,0.734488668767046,0.927984616396423,0.954617962088786,"cogn_se_lv"
"9271","MARCH5","Exc L5/6 IT Car3",-0.0114759680705785,5.0146036596215,0.880145708864217,0.348767751119994,0.716444502700318,0.773493069382953,"cogn_se_lv"
"9272","IDE","Exc L5/6 IT Car3",0.0168302473382659,6.10884399578211,1.81226905011723,0.179052348628538,0.566094102345684,0.619274100208014,"cogn_se_lv"
"9273","KIF11","Exc L5/6 IT Car3",-0.0325161659438914,2.10646574117427,0.828008588057784,0.363435557212531,0.727154605499331,0.783746890905404,"cogn_se_lv"
"9274","EXOC6","Exc L5/6 IT Car3",0.0124607583855956,7.99663788760088,1.99414991845434,0.158739866352762,0.540607776757911,0.592746313137625,"cogn_se_lv"
"9275","MYOF","Exc L5/6 IT Car3",0.101925718326691,1.65593686272615,4.12823027066969,0.0428804649560871,0.338425823422657,0.357008267924739,"cogn_se_lv"
"9276","FFAR4","Exc L5/6 IT Car3",0.034423518519273,3.4881035730172,1.71495304377061,0.191148585438753,0.578880447190424,0.632525635489477,"cogn_se_lv"
"9277","RBP4","Exc L5/6 IT Car3",-0.0149675183803835,4.19975471999302,0.244014502244572,0.62161178417072,0.874894968054099,0.913730525449563,"cogn_se_lv"
"9278","PDE6C","Exc L5/6 IT Car3",0.0699146739252353,1.99665561706947,2.02151908314124,0.15591801478408,0.537539930001565,0.589028993466518,"cogn_se_lv"
"9279","FRA10AC1","Exc L5/6 IT Car3",-0.000132222779518319,5.58288864858066,8.07532786028424e-05,0.992834875740738,0.999242764926216,0.999870711362408,"cogn_se_lv"
"9280","LGI1","Exc L5/6 IT Car3",-0.0271731906214301,7.56516224054491,7.3092654817212,0.00717337944026346,0.17980180714276,0.164464453611463,"cogn_se_lv"
"9281","AL358154.1","Exc L5/6 IT Car3",-0.0499828010603333,1.85074748875748,0.994395333967179,0.319315776864736,0.693189499961306,0.753720039976832,"cogn_se_lv"
"9282","SLC35G1","Exc L5/6 IT Car3",0.0195757645389938,2.44897081347745,0.310084595476565,0.577961629773396,0.853541850751153,0.895026953613934,"cogn_se_lv"
"9283","PLCE1","Exc L5/6 IT Car3",-0.0539938335634193,2.42036935533065,2.30993624753201,0.129394972561334,0.499726372098624,0.550246885706879,"cogn_se_lv"
"9284","NOC3L","Exc L5/6 IT Car3",0.0168611469437917,3.36147640569153,0.590259271564988,0.44280412758947,0.778382369377654,0.831306869492574,"cogn_se_lv"
"9285","TBC1D12","Exc L5/6 IT Car3",0.0148061803880512,5.20137726340441,0.997420333530237,0.318581792902896,0.692808967221059,0.753293371834922,"cogn_se_lv"
"9286","HELLS","Exc L5/6 IT Car3",-0.0123811030181685,4.09606808600979,0.376040138446613,0.5401032023895,0.830720396239697,0.877630929065041,"cogn_se_lv"
"9287","CYP2C8","Exc L5/6 IT Car3",0.118508199150928,2.03566803700577,6.96613634308568,0.00865443264775311,0.194412508704544,0.179268465785009,"cogn_se_lv"
"9288","AL157834.1","Exc L5/6 IT Car3",0.0252762476297606,2.41077214675113,0.561231408798746,0.454235841559204,0.785539138032057,0.836982728427272,"cogn_se_lv"
"9289","ACSM6","Exc L5/6 IT Car3",0.0628503025034098,2.01549475900692,1.55801121064235,0.212738183824832,0.600741403498012,0.656740707312606,"cogn_se_lv"
"9290","SORBS1","Exc L5/6 IT Car3",-0.00583971621555303,9.82315973271949,0.224151227873685,0.636171399405987,0.882679213564564,0.920084697948817,"cogn_se_lv"
"9291","ALDH18A1","Exc L5/6 IT Car3",-0.00346351884891574,4.59475256800467,0.0536229190403391,0.817001689822364,0.959947755253107,0.976976640942551,"cogn_se_lv"
"9292","TCTN3","Exc L5/6 IT Car3",0.0188904446915446,4.75353559370418,1.84363937122744,0.178176369495189,0.56468303167281,0.618388658792276,"cogn_se_lv"
"9293","ENTPD1","Exc L5/6 IT Car3",0.0323021247172003,2.26992742123694,0.622170851249552,0.430741868042472,0.773255260605814,0.824667485480517,"cogn_se_lv"
"9294","ENTPD1-AS1","Exc L5/6 IT Car3",0.0388557704118123,6.2497604811992,7.29472820025623,0.00723050962438695,0.180576902715518,0.165016021822201,"cogn_se_lv"
"9295","AL365273.2","Exc L5/6 IT Car3",0.020707163608742,2.53268322417656,0.228135765906777,0.633188851702284,0.881401630580513,0.918934992439258,"cogn_se_lv"
"9296","CC2D2B","Exc L5/6 IT Car3",0.0470711117104859,2.66200847824161,2.13786629866917,0.144542116893302,0.520632076517234,0.572944707844708,"cogn_se_lv"
"9297","CCNJ","Exc L5/6 IT Car3",0.00324914829927633,2.61873034219688,0.0121553839027478,0.912269141415173,0.989073227776396,0.993862688630367,"cogn_se_lv"
"9298","ZNF518A","Exc L5/6 IT Car3",0.0409200966179197,6.87628030480666,9.27331426505684,0.00249004517023534,0.117462809489229,0.0989309651776184,"cogn_se_lv"
"9299","BLNK","Exc L5/6 IT Car3",0.0539858302085972,1.53755616079977,0.894413980544393,0.344895084617578,0.714200128130318,0.770747347070742,"cogn_se_lv"
"9300","TLL2","Exc L5/6 IT Car3",-0.0246867433234478,2.54178787545153,0.745114021155028,0.521562112323373,0.821140907781899,0.869074302265169,"cogn_se_lv"
"9301","TM9SF3","Exc L5/6 IT Car3",0.00251315428614764,6.48380747845475,0.0874795622824312,0.796243452679059,0.953188140691562,0.971931371018502,"cogn_se_lv"
"9302","PIK3AP1","Exc L5/6 IT Car3",0.107410509674002,1.58886134732533,3.68282396977329,0.0557370615920926,0.373273321979829,0.397996520663679,"cogn_se_lv"
"9303","LCOR","Exc L5/6 IT Car3",-0.00999865710034266,7.66683409240186,0.831038972356047,0.362559984041157,0.726630831409481,0.782965078852279,"cogn_se_lv"
"9304","SLIT1","Exc L5/6 IT Car3",0.00348793253989427,8.16271849532896,0.0644094913453263,0.799797188205831,0.954829784589432,0.972863207384207,"cogn_se_lv"
"9305","FRAT2","Exc L5/6 IT Car3",-0.0363581940733594,2.0439814473583,0.761049553801985,0.383560465728022,0.742126877456472,0.79784743595364,"cogn_se_lv"
"9306","RRP12","Exc L5/6 IT Car3",-0.0285182704635692,5.84464965509792,4.43702761413601,0.0358337396034656,0.317634449276949,0.331352791508556,"cogn_se_lv"
"9307","AL355490.2","Exc L5/6 IT Car3",-0.0170362033659307,2.96248312846589,0.461991340795396,0.497115620302204,0.810545857184744,0.857524687196874,"cogn_se_lv"
"9308","PGAM1","Exc L5/6 IT Car3",-0.0602601876867875,6.47372635262407,5.51619470598079,0.0193615422747305,0.26322803498949,0.256641932298158,"cogn_se_lv"
"9309","EXOSC1","Exc L5/6 IT Car3",-0.00211636117926007,5.09483249623956,0.0266846407996233,0.88418174900604,0.982636995754113,0.989434190942746,"cogn_se_lv"
"9310","ZDHHC16","Exc L5/6 IT Car3",0.011888513916029,3.94689139726213,0.459722506494092,0.902598547464338,0.987810604126722,0.992744989013678,"cogn_se_lv"
"9311","MMS19","Exc L5/6 IT Car3",0.00362886649377205,5.92577636545673,0.136106878517929,0.712391336095505,0.917004237412999,0.947649830201783,"cogn_se_lv"
"9312","UBTD1","Exc L5/6 IT Car3",-0.0062575007340724,3.16228735041871,0.0626184010024439,0.802541832753875,0.955597215489341,0.973652450180712,"cogn_se_lv"
"9313","ANKRD2","Exc L5/6 IT Car3",-0.00954989527651854,1.75213512012276,0.0314024593701942,0.859441503136344,0.973786136438871,0.985359838291777,"cogn_se_lv"
"9314","AL355315.1","Exc L5/6 IT Car3",0.0519077322061169,2.80344429842687,2.42591045640736,0.120190387555357,0.489864953516141,0.535329247744312,"cogn_se_lv"
"9315","MORN4","Exc L5/6 IT Car3",0.0186609065579803,5.38736158892071,2.5205311710165,0.113218488368722,0.47906529960313,0.522204842436268,"cogn_se_lv"
"9316","PI4K2A","Exc L5/6 IT Car3",-0.0061831807606115,3.58456735563536,0.0701996135958825,0.791192454805903,0.951674127840344,0.970510559242118,"cogn_se_lv"
"9317","AVPI1","Exc L5/6 IT Car3",-0.0653959847284018,4.65063954123059,8.9160742278146,0.00301295548338742,0.128447049554937,0.108564176022642,"cogn_se_lv"
"9318","MARVELD1","Exc L5/6 IT Car3",0.0415745063501232,2.55587280190041,1.65173459713101,0.199519000643659,0.586514030126452,0.641654392079412,"cogn_se_lv"
"9319","ZFYVE27","Exc L5/6 IT Car3",0.0137481290765319,5.45777223620158,1.53847849919144,0.215622666647295,0.60372231001909,0.659676121858927,"cogn_se_lv"
"9320","LINC00866","Exc L5/6 IT Car3",-0.00674720650539408,2.10755865725464,0.0226434173179343,0.880469252722023,0.981383038672293,0.988923094115778,"cogn_se_lv"
"9321","GOLGA7B","Exc L5/6 IT Car3",0.0051261364160751,4.68930016071662,0.105092964124991,0.745982803837385,0.933596030449178,0.958035603466458,"cogn_se_lv"
"9322","CRTAC1","Exc L5/6 IT Car3",-0.00148900687652206,7.51522201974878,0.0187369101070949,0.89119712727673,0.985508487276283,0.990615604154006,"cogn_se_lv"
"9323","R3HCC1L","Exc L5/6 IT Car3",0.0086707544798317,6.26634017845371,0.441296396980284,0.50690710281069,0.816298421614546,0.862537999962694,"cogn_se_lv"
"9324","PYROXD2","Exc L5/6 IT Car3",0.0148266869572429,2.860870599744,0.260124403061436,0.610335809800199,0.870050769991206,0.909330004062922,"cogn_se_lv"
"9325","HPS1","Exc L5/6 IT Car3",-0.0275527613479384,4.31744478942251,3.44361523493118,0.0803573569105888,0.422528691830853,0.45984239736884,"cogn_se_lv"
"9326","HPSE2","Exc L5/6 IT Car3",-0.0803631564748681,8.09979441944905,12.3692695732414,0.000490161079118896,0.0561306825183019,0.0439330812090885,"cogn_se_lv"
"9327","CNNM1","Exc L5/6 IT Car3",-0.0323994393061489,7.46054627824872,8.46271338270071,0.00384175079992018,0.139057951034185,0.122143341932243,"cogn_se_lv"
"9328","GOT1","Exc L5/6 IT Car3",-0.0178155464684251,6.36477474400887,1.10118985620662,0.294683336943985,0.672929139961069,0.733503617225242,"cogn_se_lv"
"9329","AL391684.1","Exc L5/6 IT Car3",-0.015598717154044,3.88840163866259,0.513225197553152,0.474193496387881,0.79679418161475,0.846810468943212,"cogn_se_lv"
"9330","SLC25A28","Exc L5/6 IT Car3",0.0143704338455732,5.02497536810511,1.10230136778507,0.298435070001296,0.676917505521024,0.736830225408037,"cogn_se_lv"
"9331","ENTPD7","Exc L5/6 IT Car3",0.0114289172553642,3.05177357248307,0.222086916277112,0.637729383135307,0.883276385755741,0.920569809384177,"cogn_se_lv"
"9332","CUTC","Exc L5/6 IT Car3",0.0258790243973063,4.46810491885384,2.7099157189713,0.100567013570311,0.457463221269296,0.499013006746678,"cogn_se_lv"
"9333","COX15","Exc L5/6 IT Car3",0.0443013416199825,4.43062585470238,5.814875188149,0.0163727871996083,0.244400771097935,0.238082394848657,"cogn_se_lv"
"9334","ABCC2","Exc L5/6 IT Car3",0.0446717192905214,1.69305057032245,0.909918242850514,0.340752756753555,0.710098850655635,0.767669003384734,"cogn_se_lv"
"9335","DNMBP","Exc L5/6 IT Car3",-0.00315560573919305,4.90951606944077,0.0352690256692852,0.851134984429788,0.971725362044465,0.983657888486206,"cogn_se_lv"
"9336","CPN1","Exc L5/6 IT Car3",0.0747343594859543,1.4121343871044,1.83851136650868,0.175944344892796,0.563300076534248,0.615458283300399,"cogn_se_lv"
"9337","ERLIN1","Exc L5/6 IT Car3",0.0132914858373981,4.52727008232816,0.710654558936905,0.399765869454832,0.754037868768464,0.807509230764735,"cogn_se_lv"
"9338","CHUK","Exc L5/6 IT Car3",0.014425624649991,4.69432537693804,1.13024245211397,0.288410176837617,0.668230247289619,0.728468428898674,"cogn_se_lv"
"9339","CWF19L1","Exc L5/6 IT Car3",0.0301417089249131,5.14282990842614,4.17718970944328,0.0416722829685534,0.335427005693534,0.353163139678595,"cogn_se_lv"
"9340","BLOC1S2","Exc L5/6 IT Car3",-0.0150819758110688,4.6506454797577,0.599700451600972,0.439182040621863,0.776403982764389,0.82929036826027,"cogn_se_lv"
"9341","SCD","Exc L5/6 IT Car3",-0.0248224134584095,3.9469840417667,0.741599018669074,0.389701370503881,0.746621560596167,0.801077346020852,"cogn_se_lv"
"9342","OLMALINC","Exc L5/6 IT Car3",-0.0128677436518557,3.60446183665632,0.214134071974202,0.643815631743222,0.885447193796969,0.922533052040054,"cogn_se_lv"
"9343","SEC31B","Exc L5/6 IT Car3",0.0164043839828165,4.96959043626424,1.34380003090007,0.255777925797774,0.639252414547573,0.70010576386023,"cogn_se_lv"
"9344","AL133352.1","Exc L5/6 IT Car3",0.0269666933030074,2.98434392998379,0.951145690871919,0.330058764237111,0.700406022244585,0.760832601002081,"cogn_se_lv"
"9345","HIF1AN","Exc L5/6 IT Car3",0.0463347097696073,4.6255317052019,10.662429855316,0.00119431581976633,0.0875262879343037,0.0702675294801968,"cogn_se_lv"
"9346","SLF2","Exc L5/6 IT Car3",-0.00642992741149127,6.08704153150792,0.349436774891165,0.55478952539174,0.839929682996154,0.884550486850169,"cogn_se_lv"
"9347","MRPL43","Exc L5/6 IT Car3",-0.0248841183626659,3.70793015338401,0.930346517142869,0.335396688907876,0.705157792662871,0.76458237034621,"cogn_se_lv"
"9348","LZTS2","Exc L5/6 IT Car3",0.0045159152397327,3.68670960482761,0.0473702133217003,0.827822963481219,0.965198027846194,0.978896725363532,"cogn_se_lv"
"9349","PDZD7","Exc L5/6 IT Car3",0.00285102403710616,4.95748465026976,0.0297447777775782,0.863163975377803,0.975194067028659,0.986439510451816,"cogn_se_lv"
"9350","SFXN3","Exc L5/6 IT Car3",-0.0105989759956832,4.84594724418801,0.673472487061355,0.412366758963235,0.762102250535398,0.814819821656643,"cogn_se_lv"
"9351","AL133387.2","Exc L5/6 IT Car3",0.0478270989387676,1.19916805506313,0.584371423599861,0.445086400954726,0.780222007527615,0.832414498927309,"cogn_se_lv"
"9352","BTRC","Exc L5/6 IT Car3",0.00842036183562135,7.30211553010729,0.749006262541556,0.387346320260189,0.744878154292678,0.799737015440216,"cogn_se_lv"
"9353","DPCD","Exc L5/6 IT Car3",-0.0191679186393596,3.70912127881884,0.765507846764953,0.382172338048083,0.740608385951346,0.796983266632683,"cogn_se_lv"
"9354","POLL","Exc L5/6 IT Car3",0.0180327221487366,4.36385220127121,1.27185216947511,0.260143097583825,0.643355659941357,0.704102697589853,"cogn_se_lv"
"9355","FBXW4","Exc L5/6 IT Car3",0.0242101711831342,6.3328936786871,2.72118704275657,0.0998646659293265,0.45575968749403,0.497466367806689,"cogn_se_lv"
"9356","NPM3","Exc L5/6 IT Car3",-0.00565286331951648,2.55196237911534,0.0265045766445992,0.87076213119202,0.97844255522002,0.987507506811145,"cogn_se_lv"
"9357","OGA","Exc L5/6 IT Car3",0.0237183275649462,8.63695766758101,4.72858442806978,0.0302920824787538,0.304222598957164,0.308506233429649,"cogn_se_lv"
"9358","KCNIP2-AS1","Exc L5/6 IT Car3",0.0491871547872986,5.10996447818575,2.13690030711896,0.144632608556983,0.520632076517234,0.573093729839568,"cogn_se_lv"
"9359","KCNIP2","Exc L5/6 IT Car3",-0.0140928877256881,7.76910788603099,1.16678711471865,0.280759061026578,0.66183093633157,0.7222284125279,"cogn_se_lv"
"9360","ARMH3","Exc L5/6 IT Car3",0.0185186334429988,6.61758196130927,2.23972894373449,0.135348684014705,0.507266664809299,0.559292391503948,"cogn_se_lv"
"9361","HPS6","Exc L5/6 IT Car3",-0.0451121766361256,2.00632362878004,1.19589083724708,0.274848971167146,0.657445384175322,0.717456829561918,"cogn_se_lv"
"9362","LDB1","Exc L5/6 IT Car3",0.0683857434776508,3.87851026619951,7.89236361243191,0.00522535646965449,0.157750327882543,0.142147031942343,"cogn_se_lv"
"9363","PPRC1","Exc L5/6 IT Car3",0.0323147810281822,3.64328407313856,2.76665519827403,0.127825940271391,0.497660539554593,0.547143449056846,"cogn_se_lv"
"9364","NOLC1","Exc L5/6 IT Car3",-0.0326042408665425,4.32546361760927,2.45757185083709,0.117805854244644,0.486637707596218,0.530957711396276,"cogn_se_lv"
"9365","GBF1","Exc L5/6 IT Car3",0.00846463261499658,6.74764443420179,0.874675369402239,0.350268196243233,0.717823937428057,0.774069217775226,"cogn_se_lv"
"9366","PSD","Exc L5/6 IT Car3",-0.00951556140395884,6.93936741730844,0.544455138460495,0.461055326933181,0.789281588598627,0.840572048500268,"cogn_se_lv"
"9367","FBXL15","Exc L5/6 IT Car3",-0.0433636326501023,4.66867903830256,3.4683856709492,0.0633369694653506,0.388692667696058,0.418476904631252,"cogn_se_lv"
"9368","CUEDC2","Exc L5/6 IT Car3",-0.0370708774109846,4.27008753425957,2.39359827503242,0.122679377380458,0.49197586118719,0.539256804743633,"cogn_se_lv"
"9369","C10orf95","Exc L5/6 IT Car3",0.00103706054491694,1.3706539307401,0.000246512764389403,0.987481528049936,0.998463410232327,0.999870711362408,"cogn_se_lv"
"9370","MFSD13A","Exc L5/6 IT Car3",0.0420794581362135,4.56967388567673,4.72612041935891,0.0303349502039234,0.304222598957164,0.308825481350628,"cogn_se_lv"
"9371","ACTR1A","Exc L5/6 IT Car3",-0.0254623220651778,5.40491427786038,2.67376584474785,0.102856432076903,0.462454324929387,0.503372136876346,"cogn_se_lv"
"9372","SUFU","Exc L5/6 IT Car3",0.0305085901508636,5.7053615871932,4.00218161852776,0.0461644787895732,0.348410169214636,0.366352865448674,"cogn_se_lv"
"9373","TRIM8","Exc L5/6 IT Car3",-0.0122739892649232,4.60091221746457,0.575627561041894,0.448509576894009,0.782302015855237,0.834093659267659,"cogn_se_lv"
"9374","AL391121.1","Exc L5/6 IT Car3",0.0591610098657605,1.82830893738361,1.54121368570525,0.215215953078308,0.603310294694928,0.659368896712714,"cogn_se_lv"
"9375","ARL3","Exc L5/6 IT Car3",-0.000368072846642996,5.84239836154415,0.00103870937117497,0.974306625330828,0.998267578294294,0.999476759517694,"cogn_se_lv"
"9376","SFXN2","Exc L5/6 IT Car3",0.0278685607840835,3.36703318411685,1.16289537959675,0.281561487525276,0.662539096936755,0.722954414052722,"cogn_se_lv"
"9377","WBP1L","Exc L5/6 IT Car3",0.0319304910013678,4.99030428347887,4.59906714475516,0.032633781786286,0.309560151737409,0.318876385258603,"cogn_se_lv"
"9378","BORCS7-ASMT","Exc L5/6 IT Car3",-0.0258350417703276,2.93381928294898,0.782068149013105,0.377078019991455,0.736824622609,0.79300220821441,"cogn_se_lv"
"9379","CNNM2","Exc L5/6 IT Car3",0.0171332187774047,7.0369336622317,2.34382279182729,0.126626657081467,0.497058895267095,0.545167503134805,"cogn_se_lv"
"9380","NT5C2","Exc L5/6 IT Car3",0.0100392232600225,6.66622887515422,0.914045340484954,0.339661443797537,0.709568293748349,0.767140297470151,"cogn_se_lv"
"9381","INA","Exc L5/6 IT Car3",-0.0584662742748433,5.66275280021597,7.69219924523776,0.00582411448364255,0.164163226929046,0.14969436814493,"cogn_se_lv"
"9382","PCGF6","Exc L5/6 IT Car3",0.00174947066745682,4.9801827496606,0.0149099996352381,0.902880306605604,0.987810604126722,0.992744989013678,"cogn_se_lv"
"9383","TAF5","Exc L5/6 IT Car3",-0.0208251070391642,2.91148563314156,0.715265943963747,0.398242394184716,0.753580942262327,0.806590167908427,"cogn_se_lv"
"9384","ATP5MD","Exc L5/6 IT Car3",-0.0822862341824198,5.31792146999219,7.07634962423344,0.00814723204732205,0.190847787828328,0.17459104209068,"cogn_se_lv"
"9385","PDCD11","Exc L5/6 IT Car3",0.0157966551927476,4.47018876358074,1.32372972580095,0.250659503167777,0.634369019715073,0.695368728649926,"cogn_se_lv"
"9386","CALHM2","Exc L5/6 IT Car3",-0.0536355868923374,2.06015931806965,2.20978451068816,0.137981061316473,0.510620798575702,0.563320710497428,"cogn_se_lv"
"9387","NEURL1","Exc L5/6 IT Car3",0.0438605172012995,5.40656874070336,6.88347974413346,0.00905604499106693,0.198657870257278,0.182781607212251,"cogn_se_lv"
"9388","SH3PXD2A","Exc L5/6 IT Car3",0.0249044231855121,6.92495660109987,3.635494336877,0.057326532686496,0.376670850125698,0.402120172951874,"cogn_se_lv"
"9389","AL121929.2","Exc L5/6 IT Car3",0.0622570038165828,1.93190745434789,2.03831288783609,0.154214841260037,0.535555258877144,0.586642485822513,"cogn_se_lv"
"9390","STN1","Exc L5/6 IT Car3",0.0582108204831498,3.45644913114488,6.51322482376787,0.0111046638112862,0.214164403886737,0.20068839149923,"cogn_se_lv"
"9391","SLK","Exc L5/6 IT Car3",-0.0285181103860469,5.29714966859856,5.59086069274225,0.0185649597665563,0.258548624040107,0.251307304475115,"cogn_se_lv"
"9392","CFAP43","Exc L5/6 IT Car3",0.0619526945164628,4.51437757357894,9.43777288585159,0.00228140227430364,0.110500838591297,0.0944325473706577,"cogn_se_lv"
"9393","GSTO1","Exc L5/6 IT Car3",-0.0709783786270674,4.44775224702425,7.62896398072668,0.0060275430531289,0.165776034227212,0.152280096685838,"cogn_se_lv"
"9394","GSTO2","Exc L5/6 IT Car3",0.0417203319085446,4.96942385268128,3.97288980973472,0.0469650868750612,0.350754355995906,0.368851186662048,"cogn_se_lv"
"9395","ITPRIP","Exc L5/6 IT Car3",-0.0436032887082433,1.07668866898323,0.281344365284005,0.596136482748604,0.862418526343623,0.90326384849346,"cogn_se_lv"
"9396","SORCS3","Exc L5/6 IT Car3",-0.0101153184406865,9.20584771589608,0.337174519881675,0.561814718944868,0.843636345917786,0.887572085862557,"cogn_se_lv"
"9397","SORCS1","Exc L5/6 IT Car3",0.068104976273939,4.9953500032795,2.53669174827151,0.112073128469571,0.476642299946946,0.52035721716778,"cogn_se_lv"
"9398","LINC01435","Exc L5/6 IT Car3",0.0388144249124505,3.59107308975449,1.70153387460737,0.192890341704193,0.580822218514484,0.6346513478261,"cogn_se_lv"
"9399","XPNPEP1","Exc L5/6 IT Car3",0.0117740563730752,5.02419139420994,0.727091699579132,0.394373710523393,0.750811125246958,0.804174313896326,"cogn_se_lv"
"9400","ADD3","Exc L5/6 IT Car3",-0.0191429496187228,7.91772417384453,2.61045257375703,0.107005404181662,0.468910356023853,0.511177370245566,"cogn_se_lv"
"9401","MXI1","Exc L5/6 IT Car3",-0.0179203111682612,6.37571135647643,2.80778488941923,0.0946443170235234,0.447351363326789,0.488006703192081,"cogn_se_lv"
"9402","SMNDC1","Exc L5/6 IT Car3",-0.0269722353855026,3.76322149538635,1.88924824811019,0.170110461008563,0.556733788386556,0.608122891683353,"cogn_se_lv"
"9403","AL355512.1","Exc L5/6 IT Car3",0.0188119277669923,2.25641121526578,0.213657762766362,0.644184481443555,0.885485383965838,0.922647664476693,"cogn_se_lv"
"9404","DUSP5","Exc L5/6 IT Car3",-0.13961523392209,3.32717958895201,11.1093750982461,0.000944749286914988,0.0794518662602277,0.0626075470998871,"cogn_se_lv"
"9405","SMC3","Exc L5/6 IT Car3",-0.011660966168767,5.32986170189765,1.12349141571403,0.289852534683385,0.669593291620729,0.729562198652997,"cogn_se_lv"
"9406","RBM20","Exc L5/6 IT Car3",0.0879691973149149,2.27763691121872,2.60674925013454,0.107253725725427,0.469196941135397,0.511445490130953,"cogn_se_lv"
"9407","PDCD4","Exc L5/6 IT Car3",-0.00237213148000335,5.18576144213345,0.0318687194782509,0.85841283534335,0.973716475920048,0.985156698229816,"cogn_se_lv"
"9408","BBIP1","Exc L5/6 IT Car3",0.00747351671260011,6.14673456561123,0.457777586209373,0.499083042769606,0.811678136349571,0.858651237526005,"cogn_se_lv"
"9409","SHOC2","Exc L5/6 IT Car3",-0.0342508415713715,6.74976418231592,9.43624752168092,0.00228325319506383,0.110500838591297,0.0944765043547006,"cogn_se_lv"
"9410","ADRA2A","Exc L5/6 IT Car3",-0.0894447937538102,3.97656418251193,10.041559304523,0.00165657563622212,0.0971689599082161,0.0810341582051988,"cogn_se_lv"
"9411","GPAM","Exc L5/6 IT Car3",-0.0233125942492177,3.40227929826073,1.27232103222308,0.26005541608751,0.643242181547215,0.704008589900238,"cogn_se_lv"
"9412","ACSL5","Exc L5/6 IT Car3",-0.0154916499591488,1.57449337778108,0.0885434737073675,0.766202416806068,0.942146573736388,0.96366267927285,"cogn_se_lv"
"9413","AL157786.1","Exc L5/6 IT Car3",0.0325376175856339,2.60173518455568,0.95316635184958,0.329546243624918,0.700406022244585,0.760576343482637,"cogn_se_lv"
"9414","ZDHHC6","Exc L5/6 IT Car3",0.000680908693715235,4.02771871144402,0.00173338084499952,0.966812792215157,0.997621680933237,0.99892010896344,"cogn_se_lv"
"9415","VTI1A","Exc L5/6 IT Car3",0.0102211108153236,7.8718872834717,0.740818143148722,0.389950835056862,0.746621560596167,0.801281952256135,"cogn_se_lv"
"9416","TCF7L2","Exc L5/6 IT Car3",0.0274540742297004,5.05445909524926,2.2684364869088,0.132877890662105,0.50397475049765,0.555772748831522,"cogn_se_lv"
"9417","NRAP","Exc L5/6 IT Car3",-0.166508561326094,2.76570794991212,3.34232051601879,0.0683164213381756,0.400224485875342,0.430611370797129,"cogn_se_lv"
"9418","CASP7","Exc L5/6 IT Car3",-0.00716088807058583,2.72785940708768,0.0313669777204736,0.859520104694645,0.973786136438871,0.985377473702883,"cogn_se_lv"
"9419","DCLRE1A","Exc L5/6 IT Car3",-0.0281213722574614,2.81389054811245,1.13292160287194,0.287840316264361,0.668053456086339,0.728266037699424,"cogn_se_lv"
"9420","NHLRC2","Exc L5/6 IT Car3",-0.0206067436742581,5.86431192670925,3.58105463385473,0.0592147605237899,0.38000840341902,0.407345850615079,"cogn_se_lv"
"9421","ADRB1","Exc L5/6 IT Car3",0.0011700691106166,4.21817317042134,0.00277371850072044,0.958026089810512,0.997053628956036,0.998555548513014,"cogn_se_lv"
"9422","CCDC186","Exc L5/6 IT Car3",-0.0231412753083445,6.27657658178001,7.23038156364193,0.00748905154534556,0.183529463826223,0.168128785986509,"cogn_se_lv"
"9423","AFAP1L2","Exc L5/6 IT Car3",-0.017070636252322,4.08372248008368,0.747854160266455,0.387711278722037,0.745300596993773,0.800065389411619,"cogn_se_lv"
"9424","ABLIM1","Exc L5/6 IT Car3",0.0276042504409414,7.96745661140084,2.66736351086156,0.103267834600562,0.462637850699903,0.503998885627164,"cogn_se_lv"
"9425","FAM160B1","Exc L5/6 IT Car3",-0.00868154439037891,5.21346589753174,0.480922098432012,0.488435770641818,0.804970953647167,0.853545047559548,"cogn_se_lv"
"9426","TRUB1","Exc L5/6 IT Car3",0.00224927570196867,4.68510045162946,0.0213436999212024,0.883925305171335,0.982636995754113,0.989365780977483,"cogn_se_lv"
"9427","ATRNL1","Exc L5/6 IT Car3",-0.0168283772096896,10.4206845526978,1.59449130118236,0.207473032664902,0.595395083591232,0.651063205619308,"cogn_se_lv"
"9428","GFRA1","Exc L5/6 IT Car3",-0.0060396789842458,7.06497014821955,0.0620043809931856,0.803492336557709,0.955695730707407,0.973752805813302,"cogn_se_lv"
"9429","HSPA12A","Exc L5/6 IT Car3",-0.0154520010883366,8.66059382442741,1.26215567281597,0.261964690046638,0.645316293102761,0.706005918894328,"cogn_se_lv"
"9430","ENO4","Exc L5/6 IT Car3",-0.0194488709182025,4.29668055520188,0.660812083468834,0.416791005713249,0.765198602555065,0.817039188971167,"cogn_se_lv"
"9431","SHTN1","Exc L5/6 IT Car3",-0.0343272564444173,7.59393984603175,12.4879416477987,0.000460933198223991,0.0551773078689074,0.042166408419348,"cogn_se_lv"
"9432","PDZD8","Exc L5/6 IT Car3",-0.00636106782933013,5.49882331334074,0.251827086919982,0.616087038745401,0.873154022128347,0.911749747734488,"cogn_se_lv"
"9433","RAB11FIP2","Exc L5/6 IT Car3",-0.00510342583001671,6.07605328589633,0.221329119105007,0.638303531547318,0.883290788001016,0.920720725433735,"cogn_se_lv"
"9434","AC022395.1","Exc L5/6 IT Car3",0.0426289653016883,2.06654902835835,0.826496483375173,0.36387354816751,0.727161502689981,0.783943176675236,"cogn_se_lv"
"9435","CASC2","Exc L5/6 IT Car3",0.0500225235203543,5.35486334081163,6.31885988350644,0.0123657326707847,0.22127782490433,0.210336897139365,"cogn_se_lv"
"9436","FAM204A","Exc L5/6 IT Car3",-0.018595390843704,5.81883184311263,3.19306389264775,0.0747617613907057,0.414769825773162,0.447148075798232,"cogn_se_lv"
"9437","CACUL1","Exc L5/6 IT Car3",-0.00991032409125747,6.64098040928544,1.36974711282829,0.242601201842689,0.627705353144976,0.687044951240619,"cogn_se_lv"
"9438","EIF3A","Exc L5/6 IT Car3",-0.00832982045598047,6.02653891559656,0.643971008942423,0.422786557152852,0.76923863843178,0.820450862175725,"cogn_se_lv"
"9439","FAM45A","Exc L5/6 IT Car3",0.0135008561585953,5.07818593171105,0.814925081321809,0.367249678051296,0.729098625543015,0.786125173345369,"cogn_se_lv"
"9440","SFXN4","Exc L5/6 IT Car3",0.02804867630767,5.02987783506787,2.86408622702447,0.0914107086002168,0.441871247275088,0.482570121248111,"cogn_se_lv"
"9441","PRDX3","Exc L5/6 IT Car3",-0.00833615457424703,4.65408351757063,0.189684917009162,0.66343045112708,0.893593089694185,0.929850843355731,"cogn_se_lv"
"9442","GRK5","Exc L5/6 IT Car3",0.00986528859476584,4.17870944272832,0.176387291494436,0.674737885396292,0.899144173196721,0.934130044168923,"cogn_se_lv"
"9443","TIAL1","Exc L5/6 IT Car3",0.000435170107335864,5.42838368462139,0.00122376125420491,0.972112534491586,0.998267578294294,0.999168704792913,"cogn_se_lv"
"9444","BAG3","Exc L5/6 IT Car3",0.101238236391238,1.56609335682443,2.50337249856061,0.114448778418976,0.480734891988861,0.524549284572402,"cogn_se_lv"
"9445","INPP5F","Exc L5/6 IT Car3",-0.0108234756171832,6.47062169357564,0.91224766705507,0.340136215496405,0.71004939771855,0.767392276213309,"cogn_se_lv"
"9446","MCMBP","Exc L5/6 IT Car3",-0.00647146927936475,4.69681868486316,0.234354679024938,0.628597124750703,0.878152787491429,0.917239365072164,"cogn_se_lv"
"9447","SEC23IP","Exc L5/6 IT Car3",0.0309691652178743,5.17322786274069,6.35048904923043,0.0121508639292201,0.219911907765536,0.2086380346711,"cogn_se_lv"
"9448","PLPP4","Exc L5/6 IT Car3",0.0356845476961477,1.78332243398318,0.43190801199634,0.511458772694837,0.818390988767277,0.86485874949637,"cogn_se_lv"
"9449","WDR11-AS1","Exc L5/6 IT Car3",0.0218005976432737,5.22453441125637,1.4736639186253,0.225535173821287,0.614809076323009,0.671096543561478,"cogn_se_lv"
"9450","WDR11","Exc L5/6 IT Car3",0.00606513474103358,5.97083719576998,0.315274843029787,0.943145344855292,0.994804925328349,0.997626386519645,"cogn_se_lv"
"9451","FGFR2","Exc L5/6 IT Car3",0.0165132704411239,1.79239900841872,0.120592470762734,0.728588293914076,0.924999994394571,0.95295662690459,"cogn_se_lv"
"9452","ATE1","Exc L5/6 IT Car3",0.0244501632013833,7.53531838307381,4.92503575172049,0.0270702225181057,0.29594419293694,0.294718156750443,"cogn_se_lv"
"9453","NSMCE4A","Exc L5/6 IT Car3",0.00185120982229964,3.44150528370635,0.00764071090411052,0.930391521250544,0.991816455834028,0.995925713518617,"cogn_se_lv"
"9454","TACC2","Exc L5/6 IT Car3",0.00813696463024599,5.32740118935591,0.445951508917845,0.504676039177822,0.815087023081822,0.86148445636395,"cogn_se_lv"
"9455","PLEKHA1","Exc L5/6 IT Car3",-0.0417945621199405,7.52597646613396,8.33766621078804,0.00410900942316653,0.142427150951651,0.125907282601163,"cogn_se_lv"
"9456","HTRA1","Exc L5/6 IT Car3",0.0498885864145541,2.06172272555112,1.30601128805788,0.25384977291961,0.637901285475604,0.698371490066906,"cogn_se_lv"
"9457","CUZD1","Exc L5/6 IT Car3",-0.0158722843994336,2.05378915872113,0.157767224192163,0.761211362844345,0.940466406548739,0.96220048648941,"cogn_se_lv"
"9458","FAM24B","Exc L5/6 IT Car3",0.0209755556365775,2.6521029370473,0.418197919764222,0.518234623885875,0.820597648483951,0.8676975702204,"cogn_se_lv"
"9459","C10orf88","Exc L5/6 IT Car3",-0.0162392871559362,3.70408648226103,0.785950532218321,0.375897602524189,0.735545340476449,0.791962829731755,"cogn_se_lv"
"9460","PSTK","Exc L5/6 IT Car3",0.0163823228630816,4.82986339778796,1.43062483694132,0.232420891511903,0.620799689816657,0.677967867991021,"cogn_se_lv"
"9461","IKZF5","Exc L5/6 IT Car3",-0.0267661907562106,3.96460831209042,2.61168757877541,0.106922733405747,0.468705820265611,0.511005159106616,"cogn_se_lv"
"9462","ACADSB","Exc L5/6 IT Car3",0.0179240591956438,5.22926989763841,1.70160199391482,0.192881453245488,0.580822218514484,0.6346513478261,"cogn_se_lv"
"9463","BUB3","Exc L5/6 IT Car3",-0.02778057098585,4.51121161070559,3.27665941185698,0.0710750037724928,0.407921477895715,0.43761065102311,"cogn_se_lv"
"9464","AL160290.2","Exc L5/6 IT Car3",0.0123201949683943,4.51942508778465,0.206595181998468,0.649713176465088,0.88742216518162,0.924528557568413,"cogn_se_lv"
"9465","CPXM2","Exc L5/6 IT Car3",0.0820067056010178,1.50215109506918,1.82470227011319,0.177571963562548,0.563960183178711,0.617459168296589,"cogn_se_lv"
"9466","CHST15","Exc L5/6 IT Car3",0.0093402550200959,5.94651413449964,0.166478369993799,0.683494428098509,0.901565565859332,0.937468094784006,"cogn_se_lv"
"9467","OAT","Exc L5/6 IT Car3",-0.0240325110997519,5.63472582208223,1.63818773472638,0.201368330969894,0.589081266774287,0.643612162355858,"cogn_se_lv"
"9468","LHPP","Exc L5/6 IT Car3",0.0208181933609593,5.76831301799837,3.04485455895371,0.0818154381367738,0.425484291824225,0.463290562412719,"cogn_se_lv"
"9469","AC068896.1","Exc L5/6 IT Car3",-0.0114460763328069,2.40771390250583,0.148039780165237,0.700634584899739,0.910350279594577,0.94349625873033,"cogn_se_lv"
"9470","ABRAXAS2","Exc L5/6 IT Car3",-0.0144679403198668,4.94413417016026,1.21427181633195,0.271196986040933,0.653645032580496,0.71417892965621,"cogn_se_lv"
"9471","ZRANB1","Exc L5/6 IT Car3",0.00160293183983032,5.89280696735818,0.0199036462257385,0.887882542300574,0.984357923339041,0.99011173615631,"cogn_se_lv"
"9472","AL731577.1","Exc L5/6 IT Car3",0.0226230150008573,1.56830351826659,0.0860366167268748,0.769440405183963,0.942884611496233,0.964495907297362,"cogn_se_lv"
"9473","CTBP2","Exc L5/6 IT Car3",0.0218190385579567,6.58071188715797,2.59944311153781,0.107745493408836,0.469745933020391,0.512216827264701,"cogn_se_lv"
"9474","TEX36","Exc L5/6 IT Car3",-0.0500958870815003,2.13229912165719,1.49914796610418,0.221573859214309,0.610116152240244,0.666589620269606,"cogn_se_lv"
"9475","AL158835.1","Exc L5/6 IT Car3",0.0101085979146911,1.77575941700115,0.0512002694126927,0.821111443475191,0.962568237840115,0.977516732942967,"cogn_se_lv"
"9476","EDRF1","Exc L5/6 IT Car3",0.00457759607423072,5.32978482208906,0.136875266573088,0.711616988573325,0.916544100271444,0.94739865739042,"cogn_se_lv"
"9477","UROS","Exc L5/6 IT Car3",-0.0259608657266687,5.60079421880612,2.52512340935339,0.112891708503431,0.478758833270732,0.521854965717672,"cogn_se_lv"
"9478","BCCIP","Exc L5/6 IT Car3",0.0326838548950851,5.0192013737377,7.0071067236762,0.00846220035632637,0.193475605776656,0.177790228437427,"cogn_se_lv"
"9479","DHX32","Exc L5/6 IT Car3",0.0255285640432576,5.36473982549107,3.74399303307629,0.0537520133412841,0.367663771254383,0.391817647657731,"cogn_se_lv"
"9480","FANK1","Exc L5/6 IT Car3",0.0101771690669436,4.36408608468582,0.259608140570925,0.610690259487109,0.870233619769131,0.909462089978266,"cogn_se_lv"
"9481","ADAM12","Exc L5/6 IT Car3",-0.00506103363553816,4.17970109364627,0.0233598119123944,0.878607602570976,0.980957043130887,0.988757737163956,"cogn_se_lv"
"9482","C10orf90","Exc L5/6 IT Car3",-0.0616451170281378,2.17254648410294,1.67095193646357,0.196929781748825,0.584763381151275,0.639005233237276,"cogn_se_lv"
"9483","DOCK1","Exc L5/6 IT Car3",-0.0113485631388819,2.63912778798544,0.0927843429967144,0.760836412075822,0.940466406548739,0.962167879452698,"cogn_se_lv"
"9484","FAM196A","Exc L5/6 IT Car3",0.0283535475373833,4.18587993863632,1.08906318646392,0.297353520273465,0.675791238931566,0.735661529393556,"cogn_se_lv"
"9485","PTPRE","Exc L5/6 IT Car3",-0.0136107480451432,6.64214263922136,0.675459521562269,0.411678697759475,0.761993598012055,0.814434176429896,"cogn_se_lv"
"9486","AL390763.2","Exc L5/6 IT Car3",0.0953321570284176,1.81258372213329,3.16101844250665,0.0762292524738034,0.417349055699692,0.450701816731537,"cogn_se_lv"
"9487","MGMT","Exc L5/6 IT Car3",0.0108974432012758,5.16588927353534,0.336580251816038,0.562159506284699,0.843732670345379,0.887671772754103,"cogn_se_lv"
"9488","AL157832.3","Exc L5/6 IT Car3",-0.0038756072296125,4.31216734910295,0.0314157940000365,0.859411975126568,0.973786136438871,0.985344866701123,"cogn_se_lv"
"9489","C10orf143","Exc L5/6 IT Car3",0.047767043134088,3.50004837378658,3.43625439824406,0.0645680415496712,0.390452714911371,0.421484509714605,"cogn_se_lv"
"9490","GLRX3","Exc L5/6 IT Car3",-0.00384729390684283,5.57969153206604,0.110854561951698,0.739360038421985,0.930782115216792,0.956228100572566,"cogn_se_lv"
"9491","AL355500.1","Exc L5/6 IT Car3",0.0149920187242936,1.9647962055522,0.0905940816051862,0.763590664151225,0.941167215918009,0.963037432968516,"cogn_se_lv"
"9492","TCERG1L","Exc L5/6 IT Car3",-0.0764110446704179,3.67049184915712,3.10118548222957,0.0790531789473236,0.420542144486453,0.456992031932705,"cogn_se_lv"
"9493","PPP2R2D","Exc L5/6 IT Car3",-0.00762521195366263,6.9026501409323,0.402580498909915,0.526147833615114,0.823405271572479,0.871163402786703,"cogn_se_lv"
"9494","BNIP3","Exc L5/6 IT Car3",-0.0282705128542426,6.77280647598739,2.65058670601994,0.104354485818901,0.464264082471031,0.506207606248147,"cogn_se_lv"
"9495","JAKMIP3","Exc L5/6 IT Car3",-0.0176767607897986,6.04122285197899,1.29105215377454,0.256582315874412,0.639571989246947,0.700948285940003,"cogn_se_lv"
"9496","DPYSL4","Exc L5/6 IT Car3",-0.0181480384858658,4.78978239128638,1.49870432642055,0.221642101549224,0.610116152240244,0.6666585785057,"cogn_se_lv"
"9497","STK32C","Exc L5/6 IT Car3",0.0058269651075102,6.12071319725776,0.156618475488972,0.692514932479864,0.905339694814214,0.940265135471657,"cogn_se_lv"
"9498","LRRC27","Exc L5/6 IT Car3",0.0264475373285964,4.61467911567137,3.03660924271085,0.0822284513845666,0.426811422195103,0.46428696573573,"cogn_se_lv"
"9499","PWWP2B","Exc L5/6 IT Car3",-0.0154049647408683,3.37966237952412,0.429109910385495,0.512829063088936,0.818419687003898,0.865404557509725,"cogn_se_lv"
"9500","INPP5A","Exc L5/6 IT Car3",-0.0141331199202327,6.5410941831931,0.55360320944071,0.457316758214163,0.788028655907772,0.83877478844261,"cogn_se_lv"
"9501","CFAP46","Exc L5/6 IT Car3",0.0136846375557313,5.3626315105897,0.411065400697612,0.521822269694708,0.82114976795517,0.869193266909654,"cogn_se_lv"
"9502","ADGRA1","Exc L5/6 IT Car3",-0.0229685035660543,4.36239667364767,1.38168477320736,0.240562777445764,0.625749066637086,0.68530775481326,"cogn_se_lv"
"9503","ADGRA1-AS1","Exc L5/6 IT Car3",0.0611479672356835,2.17451661724095,2.96525129361883,0.0858987537023703,0.434295997994672,0.471832230184675,"cogn_se_lv"
"9504","KNDC1","Exc L5/6 IT Car3",-0.00695882066169933,6.34882799782021,0.321481932946032,0.571058843439714,0.848869669463741,0.891410360591047,"cogn_se_lv"
"9505","ADAM8","Exc L5/6 IT Car3",-0.0104187686780412,2.45447337509607,0.10978591398562,0.740573739260201,0.931072322502814,0.956565426538206,"cogn_se_lv"
"9506","TUBGCP2","Exc L5/6 IT Car3",0.0184999193182042,5.36960394145937,2.17765582357172,0.14086971294643,0.515522415889928,0.567456151183926,"cogn_se_lv"
"9507","ZNF511-PRAP1","Exc L5/6 IT Car3",0.0128489683314515,3.43707732717677,0.185318831671184,0.667089793592514,0.895220332863334,0.931204142385122,"cogn_se_lv"
"9508","CALY","Exc L5/6 IT Car3",0.00333204735114755,6.80460614384125,0.0327518125119951,0.856485614400649,0.973293480441999,0.984747523818772,"cogn_se_lv"
"9509","ECHS1","Exc L5/6 IT Car3",-0.00788119560196306,4.55523061933645,0.179759963013768,0.671823568262894,0.897280631395117,0.932886062195681,"cogn_se_lv"
"9510","PAOX","Exc L5/6 IT Car3",-0.0249650266032654,3.30700588147591,1.02312967647066,0.312432294390679,0.687409988072963,0.748996864701308,"cogn_se_lv"
"9511","SPRN","Exc L5/6 IT Car3",-0.0105599956786263,4.14783741297088,0.231019197360357,0.631050412900032,0.879999871402608,0.91799537618302,"cogn_se_lv"
"9512","SCART1","Exc L5/6 IT Car3",0.0604926790877656,3.23271906863927,2.47067646083785,0.116834303200157,0.485180768011445,0.528987981685284,"cogn_se_lv"
"9513","CYP2E1","Exc L5/6 IT Car3",0.0564533097510106,3.90301157524871,5.97469118321412,0.014974087636631,0.236118041729254,0.228719992848858,"cogn_se_lv"
"9514","SYCE1","Exc L5/6 IT Car3",0.0652296804795829,4.80729382460631,8.19455290146029,0.00443832773763106,0.146265233152338,0.130713372878668,"cogn_se_lv"
"9515","IQSEC3","Exc L5/6 IT Car3",0.0300451734981974,6.83347817739733,2.53914290132777,0.111900527694768,0.476642299946946,0.520099979588081,"cogn_se_lv"
"9516","AC026369.3","Exc L5/6 IT Car3",0.049828600829632,1.96272276223572,0.866314410702991,0.352578578132641,0.719176185216878,0.77608506257541,"cogn_se_lv"
"9517","SLC6A12","Exc L5/6 IT Car3",0.0555377425158658,1.56069201184717,0.996704838136498,0.318755199442161,0.692808967221059,0.75337343146603,"cogn_se_lv"
"9518","SLC6A13","Exc L5/6 IT Car3",0.0410210743555415,2.95152194198298,1.91137929488,0.167635823949924,0.553748729467552,0.60454971641155,"cogn_se_lv"
"9519","KDM5A","Exc L5/6 IT Car3",0.00584832180907782,6.88974584588083,0.288699056597911,0.591375217905843,0.859590587528647,0.901104489155964,"cogn_se_lv"
"9520","CCDC77","Exc L5/6 IT Car3",0.0470924076601964,3.74703066318167,5.45215963802297,0.0200729604355529,0.267929628016617,0.261186229081451,"cogn_se_lv"
"9521","B4GALNT3","Exc L5/6 IT Car3",0.031620165954032,6.09663245573224,2.31941419056181,0.128613931977315,0.498958510998458,0.548575237385035,"cogn_se_lv"
"9522","NINJ2","Exc L5/6 IT Car3",0.0219880640282891,1.71786688590311,0.247989387722489,0.689241148980462,0.90363902950662,0.939188343500774,"cogn_se_lv"
"9523","AC021054.1","Exc L5/6 IT Car3",0.0782206750616215,1.80048374540562,3.06916748675167,0.0806106147251705,0.423267608536463,0.460510580559357,"cogn_se_lv"
"9524","WNK1","Exc L5/6 IT Car3",-0.00854461646998416,7.82261810460824,0.616878929808554,0.432707166913085,0.77353077346411,0.825648824656453,"cogn_se_lv"
"9525","RAD52","Exc L5/6 IT Car3",-0.000327123033407669,5.03127275613624,0.000473621121702185,0.982648754132811,0.998390354534415,0.999870711362408,"cogn_se_lv"
"9526","ERC1","Exc L5/6 IT Car3",0.00468107317872143,8.47585185895442,0.167965342398627,0.682161286419103,0.901232912523821,0.936799722631456,"cogn_se_lv"
"9527","WNT5B","Exc L5/6 IT Car3",0.00595482404475472,3.30994090654465,0.047120188782549,0.828270818780136,0.96520240999292,0.978896725363532,"cogn_se_lv"
"9528","FBXL14","Exc L5/6 IT Car3",-0.00880237490481542,4.43001497225808,0.22535615025829,0.635266073218758,0.882059262616085,0.919724846628637,"cogn_se_lv"
"9529","ADIPOR2","Exc L5/6 IT Car3",-0.00307933688595463,5.69707935914833,0.0645258897941379,0.799620234175496,0.954829784589432,0.972786795104253,"cogn_se_lv"
"9530","LRTM2","Exc L5/6 IT Car3",0.00519416481420176,3.19198887676939,0.0299507226090641,0.862695791102361,0.974960696887198,0.986278634068545,"cogn_se_lv"
"9531","DCP1B","Exc L5/6 IT Car3",0.0115617465194197,4.97823366987636,0.655642925859351,0.423577740574483,0.769418423380108,0.820979675287913,"cogn_se_lv"
"9532","CACNA1C","Exc L5/6 IT Car3",0.00715409949018854,10.3186956277996,0.197410830942861,0.657076118861707,0.890074349880228,0.927543924100574,"cogn_se_lv"
"9533","CACNA1C-AS1","Exc L5/6 IT Car3",-0.00391281800706595,2.05184343350295,0.00656713029329592,0.935455250957464,0.99355806157594,0.996839975364892,"cogn_se_lv"
"9534","FKBP4","Exc L5/6 IT Car3",-0.0171803527675218,4.86337295351446,0.371519338539164,0.542547689319327,0.831827241076877,0.878942971777239,"cogn_se_lv"
"9535","ITFG2-AS1","Exc L5/6 IT Car3",-0.0269978250715642,3.04973488176101,0.972043035303519,0.324809121739145,0.697738367475659,0.757733975765505,"cogn_se_lv"
"9536","ITFG2","Exc L5/6 IT Car3",0.0144516194668703,5.45974443202421,1.03203589004787,0.310338281067099,0.685742619952766,0.747176165715168,"cogn_se_lv"
"9537","NRIP2","Exc L5/6 IT Car3",-0.153229242189908,1.46460734334631,9.41741622435414,0.00230623014225465,0.110915255904059,0.0950002574104845,"cogn_se_lv"
"9538","FOXM1","Exc L5/6 IT Car3",0.0502339864011124,1.57596143893154,0.931975754125171,0.334974406069352,0.704633416587694,0.764255462087584,"cogn_se_lv"
"9539","TULP3","Exc L5/6 IT Car3",0.0654111303515524,4.29657211179343,12.9565990909969,0.000361755757393048,0.0520319729558786,0.0368050369042504,"cogn_se_lv"
"9540","TEAD4","Exc L5/6 IT Car3",0.0208804585246777,2.57000616337221,0.252414510435493,0.615675991963981,0.873007903756849,0.911680842597291,"cogn_se_lv"
"9541","TSPAN9","Exc L5/6 IT Car3",0.0906740023924141,4.40386667030056,12.1564614953842,0.000547367325354239,0.0587797472442996,0.0466624057378252,"cogn_se_lv"
"9542","PRMT8","Exc L5/6 IT Car3",0.0601927033694999,7.12834148872732,12.8384998590001,0.000384501306408972,0.0530679183971385,0.0381451991488982,"cogn_se_lv"
"9543","CRACR2A","Exc L5/6 IT Car3",0.0305382595400716,2.77250267261365,0.781130308514258,0.377363948776596,0.736951397959366,0.793269167701218,"cogn_se_lv"
"9544","PARP11","Exc L5/6 IT Car3",0.00569128344835681,5.41255361826975,0.149878680716574,0.698871715469197,0.909280678773578,0.942671497262896,"cogn_se_lv"
"9545","AC005842.1","Exc L5/6 IT Car3",-0.0125854772356854,2.09974331241632,0.103423364248071,0.747939321713864,0.933897613787942,0.958572675085265,"cogn_se_lv"
"9546","CCND2","Exc L5/6 IT Car3",-0.00707302010798562,6.04451162792233,0.298246582415973,0.585309646346049,0.855943612830974,0.898401091194712,"cogn_se_lv"
"9547","TIGAR","Exc L5/6 IT Car3",-0.0160086445346325,4.99243532454671,1.21409874154522,0.271231087804691,0.653645032580496,0.71417892965621,"cogn_se_lv"
"9548","C12orf4","Exc L5/6 IT Car3",0.0139251530317092,5.38064270163425,1.03893991522699,0.308727608269411,0.684437763295889,0.745857029430294,"cogn_se_lv"
"9549","RAD51AP1","Exc L5/6 IT Car3",-0.00529132563483126,2.17128658256967,0.0230685332438855,0.917456802687777,0.990178804186132,0.994525956244416,"cogn_se_lv"
"9550","AC005832.4","Exc L5/6 IT Car3",-0.0428182524648779,1.95463860950073,0.803133776471463,0.370735025308816,0.732243811054168,0.788543956430157,"cogn_se_lv"
"9551","AC005833.2","Exc L5/6 IT Car3",0.0164084281936215,4.02131324355132,0.772881375593668,0.379892124255535,0.738770002639932,0.795335512885802,"cogn_se_lv"
"9552","GALNT8","Exc L5/6 IT Car3",0.00300585806052627,5.16373553876033,0.0319447161597164,0.858245908396386,0.973716475920048,0.985156698229816,"cogn_se_lv"
"9553","KCNA1","Exc L5/6 IT Car3",-0.0418876297042968,6.02401777064127,7.40006232364124,0.00682688754871451,0.175989613692992,0.160736557251959,"cogn_se_lv"
"9554","AC006063.2","Exc L5/6 IT Car3",0.0349918667122929,3.98416007819342,2.1725633242655,0.141333800793348,0.516208556638263,0.568182092100642,"cogn_se_lv"
"9555","KCNA5","Exc L5/6 IT Car3",-0.0833260056556774,1.59492705825921,2.58326459123234,0.108843319890721,0.471062624611416,0.514274379351091,"cogn_se_lv"
"9556","AC006206.2","Exc L5/6 IT Car3",-0.00558153936039711,1.71551024721074,0.0096354658716419,0.921857551542561,0.990974669133532,0.995022182665071,"cogn_se_lv"
"9557","AC007848.1","Exc L5/6 IT Car3",-0.0106445377779205,1.96913162423429,0.0451571873257083,0.83183112847134,0.966233912038042,0.97957741407664,"cogn_se_lv"
"9558","ANO2","Exc L5/6 IT Car3",-0.0474079882678381,1.67687116911326,0.912717830151624,0.340011957446358,0.71004939771855,0.767392276213309,"cogn_se_lv"
"9559","VWF","Exc L5/6 IT Car3",0.052302321863884,2.19979753084169,1.72126118864325,0.190336179016831,0.578059906526485,0.631745056710258,"cogn_se_lv"
"9560","TNFRSF1A","Exc L5/6 IT Car3",0.0725815999572279,1.2868696506997,1.21806695422673,0.270450561769136,0.653617171109768,0.713762191329241,"cogn_se_lv"
"9561","VAMP1","Exc L5/6 IT Car3",-0.016348853934111,3.34427833944788,0.466090893146011,0.646946730545673,0.886441433680369,0.92376439341533,"cogn_se_lv"
"9562","MRPL51","Exc L5/6 IT Car3",-0.0228064672016227,4.49608355830627,0.418388815510103,0.518139201145544,0.820555907144466,0.867661711905701,"cogn_se_lv"
"9563","NCAPD2","Exc L5/6 IT Car3",-0.00841110116634325,3.26606069527129,0.134896439937268,0.713616217222134,0.917720991268221,0.947903663062895,"cogn_se_lv"
"9564","GAPDH","Exc L5/6 IT Car3",-0.10638011882054,7.85012466865436,6.26447748437764,0.0127443872570325,0.223958316690428,0.213323299588361,"cogn_se_lv"
"9565","IFFO1","Exc L5/6 IT Car3",-0.0329310667231276,4.6089475886328,4.90301785917834,0.0274127779094098,0.296436903469433,0.295811960808868,"cogn_se_lv"
"9566","NOP2","Exc L5/6 IT Car3",-0.0811823153424475,1.40219706077037,1.76795554134648,0.184446399425546,0.570923187280603,0.625114484943579,"cogn_se_lv"
"9567","CHD4","Exc L5/6 IT Car3",-0.00992812342505356,3.38398379309222,0.181723225189355,0.670141949627376,0.896824748240463,0.932153447989628,"cogn_se_lv"
"9568","AC006064.2","Exc L5/6 IT Car3",0.0452089553767979,1.99269253749539,0.934996368887708,0.334193375081425,0.704122425211526,0.763604569517067,"cogn_se_lv"
"9569","ING4","Exc L5/6 IT Car3",-0.00652521721629926,5.19683391683046,0.206565914177933,0.649736323702503,0.88742216518162,0.924528557568413,"cogn_se_lv"
"9570","ZNF384","Exc L5/6 IT Car3",-0.0103267064430496,3.60902915268397,0.257090274456145,0.612425339890109,0.870851518147351,0.910279458869215,"cogn_se_lv"
"9571","PIANP","Exc L5/6 IT Car3",-0.0242715017251912,5.56318186235086,1.76165418385154,0.185228679565458,0.571964161017738,0.625904613196905,"cogn_se_lv"
"9572","COPS7A","Exc L5/6 IT Car3",-0.00171533892952266,4.7093058514769,0.00581548541037346,0.939253593617529,0.994539668727838,0.997351302535834,"cogn_se_lv"
"9573","MLF2","Exc L5/6 IT Car3",-0.0708401032902011,6.32986140781057,8.43977343262021,0.00388941352905991,0.139204823749377,0.122630197808812,"cogn_se_lv"
"9574","PTMS","Exc L5/6 IT Car3",-0.0765176913916958,6.30882598582616,10.0708772202382,0.00163110969289541,0.0965491468217706,0.0809122301179948,"cogn_se_lv"
"9575","CD4","Exc L5/6 IT Car3",0.0497096913717038,1.3403996084708,0.538418246406149,0.463549121901879,0.790961030368069,0.841897165170879,"cogn_se_lv"
"9576","GPR162","Exc L5/6 IT Car3",-0.0254003421608951,5.93292862402334,2.30873527464974,0.129494318160708,0.499853914344947,0.550370385487436,"cogn_se_lv"
"9577","P3H3","Exc L5/6 IT Car3",0.0471011182198406,3.9651405154678,7.10881402248861,0.00800373353237394,0.190052340431887,0.173513593850368,"cogn_se_lv"
"9578","GNB3","Exc L5/6 IT Car3",-0.00249928993947632,3.60953441820983,0.01049294789272,0.918466278366796,0.990428761581556,0.994631051849355,"cogn_se_lv"
"9579","USP5","Exc L5/6 IT Car3",-0.0103238688759624,4.94102747027454,0.364841177873731,0.546196304620888,0.834153930748357,0.880454713456183,"cogn_se_lv"
"9580","TPI1","Exc L5/6 IT Car3",-0.0743680901043775,6.35541805387952,4.82810623441659,0.0286125744807552,0.298743230162023,0.301239543601325,"cogn_se_lv"
"9581","SPSB2","Exc L5/6 IT Car3",0.0487024005654249,1.48277877494005,0.819681750593913,0.365856598818501,0.728041428038715,0.785403560268153,"cogn_se_lv"
"9582","LRRC23","Exc L5/6 IT Car3",0.0106228386713715,4.39717479847985,0.424528368254541,0.562473037967951,0.843951660760342,0.887866320891893,"cogn_se_lv"
"9583","ENO2","Exc L5/6 IT Car3",-0.0306797224525451,7.41072408774337,1.89166711246643,0.16983795313022,0.556721213775099,0.60784109541342,"cogn_se_lv"
"9584","ATN1","Exc L5/6 IT Car3",-0.0159442873312973,5.3416920608045,0.773460838848141,0.379713746678321,0.738713594996938,0.795151821090437,"cogn_se_lv"
"9585","C12orf57","Exc L5/6 IT Car3",-0.0811035296080452,3.72881355457378,5.08738569264012,0.0246783462686085,0.288947222682952,0.284373086916546,"cogn_se_lv"
"9586","PTPN6","Exc L5/6 IT Car3",-0.0897989188527196,1.55633264743271,3.46743699873566,0.0633729544443351,0.388692667696058,0.41861207339747,"cogn_se_lv"
"9587","PHB2","Exc L5/6 IT Car3",-0.0548230429232917,4.27008462279346,5.8330786602912,0.0162068662181849,0.243815905276506,0.237113183131755,"cogn_se_lv"
"9588","EMG1-1","Exc L5/6 IT Car3",-0.00649877936565427,2.96807226888101,0.0869802745145508,0.768215582180241,0.942734854457692,0.964178592756729,"cogn_se_lv"
"9589","LPCAT3","Exc L5/6 IT Car3",0.0348388411633766,3.79988206543011,2.46793278816841,0.117036976029785,0.485359552950255,0.529405197960742,"cogn_se_lv"
"9590","C1S","Exc L5/6 IT Car3",0.013747037020007,4.4749542253362,0.521077743522152,0.470833762256652,0.794633044963293,0.845471042135165,"cogn_se_lv"
"9591","C1RL","Exc L5/6 IT Car3",-0.0331348119323008,1.87591107326453,0.547449769886254,0.45982618086411,0.788583613287589,0.84000580146567,"cogn_se_lv"
"9592","CLSTN3","Exc L5/6 IT Car3",-0.00675593517176101,6.72260428326305,0.355879577628591,0.551164795266956,0.837805301645433,0.882569164329188,"cogn_se_lv"
"9593","PEX5","Exc L5/6 IT Car3",-0.00940748081150319,4.70689369636683,0.489009130802454,0.524168199986158,0.822318919244339,0.870367983119102,"cogn_se_lv"
"9594","ACSM4","Exc L5/6 IT Car3",0.0944121904681096,2.04088044395762,3.88146963636722,0.0495597955545629,0.356516912015847,0.377391323601812,"cogn_se_lv"
"9595","CD163L1","Exc L5/6 IT Car3",0.00405349958128602,5.24104711459913,0.0798909476300518,0.777601748778443,0.946718698160727,0.966929255280018,"cogn_se_lv"
"9596","APOBEC1","Exc L5/6 IT Car3",0.157403632373195,1.08349668775191,4.96089123763324,0.026521916690794,0.293649135159223,0.292133176720794,"cogn_se_lv"
"9597","SLC2A14","Exc L5/6 IT Car3",-0.0197086083080758,2.21071637542739,0.277434769524602,0.598700029218333,0.863646594523825,0.904177411040811,"cogn_se_lv"
"9598","SLC2A3","Exc L5/6 IT Car3",-0.034183842553896,5.14434474746296,1.87019942331151,0.172274186812445,0.558778039724983,0.610520548162671,"cogn_se_lv"
"9599","AC006511.4","Exc L5/6 IT Car3",0.0102033058859438,2.31904968085511,0.0910645181765905,0.762996051317226,0.941167215918009,0.962850724261694,"cogn_se_lv"
"9600","FOXJ2","Exc L5/6 IT Car3",0.00898826669687451,3.49023226139349,0.127381969502837,0.721363557694345,0.921768943284289,0.950315875530989,"cogn_se_lv"
"9601","NECAP1","Exc L5/6 IT Car3",-0.00612707389688071,5.45634706091534,0.174156868604196,0.67668324581924,0.899302545090959,0.934796901705017,"cogn_se_lv"
"9602","FAM66C","Exc L5/6 IT Car3",0.0278164278098024,5.82441151863678,3.04734929556858,0.0816909184834225,0.425408435055331,0.462980931731406,"cogn_se_lv"
"9603","AC092111.1","Exc L5/6 IT Car3",0.0206775027567544,2.6644525855045,0.418057680887526,0.518304744551928,0.820597648483951,0.867764058925735,"cogn_se_lv"
"9604","FAM90A1","Exc L5/6 IT Car3",-0.0055199865772483,1.93941362971192,0.0151839951283214,0.901996481243322,0.987810604126722,0.992744989013678,"cogn_se_lv"
"9605","LINC02449","Exc L5/6 IT Car3",-0.00246233927882577,2.80170816180155,0.00855979449023495,0.926335151978367,0.991453065881766,0.99555731495216,"cogn_se_lv"
"9606","LINC00937","Exc L5/6 IT Car3",-0.0110474436330974,5.87818370157746,0.453012417469561,0.501323897329868,0.813600630592288,0.859777205340403,"cogn_se_lv"
"9607","AC092745.1","Exc L5/6 IT Car3",0.0634679901754569,2.94857093312978,5.76644033010889,0.0168228854750062,0.246643909001775,0.240553865884808,"cogn_se_lv"
"9608","RIMKLB","Exc L5/6 IT Car3",0.0155217003115897,4.78169353395428,0.93085782860519,0.335264084970793,0.705050305288087,0.764565854061311,"cogn_se_lv"
"9609","A2ML1-AS1","Exc L5/6 IT Car3",-0.00864699159085965,3.79202904862776,0.167261036444414,0.682791867710632,0.901342133498492,0.937092378207916,"cogn_se_lv"
"9610","A2ML1","Exc L5/6 IT Car3",-0.000976195280762825,2.52747165027087,0.000878189077353936,0.976374566336461,0.998267578294294,0.999481105410931,"cogn_se_lv"
"9611","AC006581.2","Exc L5/6 IT Car3",0.00947195866259597,4.85484715135534,0.209906612686036,0.647106925686436,0.886503078717666,0.923820195357197,"cogn_se_lv"
"9612","PHC1","Exc L5/6 IT Car3",0.0583711588877741,5.2190808274935,15.5313209882277,9.68599438556333e-05,0.0297160394249344,0.0177553871695351,"cogn_se_lv"
"9613","M6PR","Exc L5/6 IT Car3",0.00219289160566254,5.21854237303503,0.0162418592183463,0.898657899991373,0.986715578313859,0.992164474469188,"cogn_se_lv"
"9614","KLRG1","Exc L5/6 IT Car3",0.00640209018693843,4.11056566693172,0.0870526280825104,0.768121969421336,0.942734854457692,0.964150445057371,"cogn_se_lv"
"9615","A2M-AS1","Exc L5/6 IT Car3",0.106735797410686,2.14290301698301,8.06180123157115,0.00476793849031074,0.150674688636309,0.135264415621353,"cogn_se_lv"
"9616","A2M","Exc L5/6 IT Car3",-0.0491537772697276,2.5205772765263,1.92871812263833,0.165725934111938,0.550957962454003,0.602158848136551,"cogn_se_lv"
"9617","PZP","Exc L5/6 IT Car3",-0.0131089805359831,2.41663907938208,0.0881911039032751,0.766654517182493,0.942146573736388,0.963694361748614,"cogn_se_lv"
"9618","LINC00987","Exc L5/6 IT Car3",0.0807388536066148,2.34380268225307,5.14166561338314,0.0239287100331829,0.286933798249348,0.28106083070658,"cogn_se_lv"
"9619","AC010175.1","Exc L5/6 IT Car3",0.0118779783020998,2.83793079355828,0.163875501758359,0.685844845572707,0.902072658179981,0.938104836746876,"cogn_se_lv"
"9620","CLEC2D","Exc L5/6 IT Car3",0.0282493214324334,4.22309148145641,2.16937571128268,0.141625170586424,0.516663758759211,0.568837825430438,"cogn_se_lv"
"9621","LINC02470","Exc L5/6 IT Car3",-0.205722805156216,1.26485190239842,6.52750251867113,0.0110174231843874,0.214164403886737,0.199987023114145,"cogn_se_lv"
"9622","GABARAPL1","Exc L5/6 IT Car3",-0.0138946041405484,6.11155991097468,0.64802639121536,0.421331079537442,0.768371289735897,0.819683825494135,"cogn_se_lv"
"9623","KLRD1","Exc L5/6 IT Car3",0.0557534886233022,4.5651000054034,3.95010403590891,0.0475980338911516,0.352349082051382,0.371324618397067,"cogn_se_lv"
"9624","AC022075.1","Exc L5/6 IT Car3",0.0986642221542891,1.59988355443318,2.61588100786255,0.106642551369599,0.468654730319282,0.510698825751771,"cogn_se_lv"
"9625","EIF2S3B","Exc L5/6 IT Car3",0.0460133612824073,2.05982319540954,1.44042183498529,0.230831416267752,0.619333245530109,0.676690591103452,"cogn_se_lv"
"9626","MAGOHB","Exc L5/6 IT Car3",-0.0231020347404727,3.27147744214946,0.979458231079784,0.322972995364052,0.695965805481828,0.756108596213354,"cogn_se_lv"
"9627","STYK1","Exc L5/6 IT Car3",0.0338765989173392,4.64269113732536,3.11694236760101,0.0782987011478774,0.420387560324412,0.455569227218554,"cogn_se_lv"
"9628","PRH1","Exc L5/6 IT Car3",-0.00845654024691122,4.55761805335578,0.199553646630116,0.655340151417631,0.889256188591036,0.926661506637867,"cogn_se_lv"
"9629","SMIM10L1","Exc L5/6 IT Car3",-0.0261288120777105,4.16361471566691,1.5091811044349,0.220037232366156,0.608512669562468,0.664760012771115,"cogn_se_lv"
"9630","AC244131.2","Exc L5/6 IT Car3",-0.0461237529799374,4.36268514835785,2.08079716239315,0.149999909138851,0.528946983047922,0.581132768327792,"cogn_se_lv"
"9631","PRB1","Exc L5/6 IT Car3",-0.0318079807081731,2.36238037848281,0.56763049801393,0.451676460510892,0.784462458539816,0.83541536383734,"cogn_se_lv"
"9632","PRB2","Exc L5/6 IT Car3",0.0211091453817431,5.81777794576048,1.16659288073584,0.280799040882641,0.66183093633157,0.7222284125279,"cogn_se_lv"
"9633","AC007450.1","Exc L5/6 IT Car3",0.0122844399261569,1.91744828817513,0.0550987028935337,0.814545993567327,0.959870452932088,0.97654591430871,"cogn_se_lv"
"9634","LINC01252","Exc L5/6 IT Car3",-0.00502177935067842,5.16215003538641,0.0634926852868556,0.801196946832912,0.955522586582934,0.973304877618877,"cogn_se_lv"
"9635","ETV6","Exc L5/6 IT Car3",0.011315138821902,4.43507035373283,0.19135109410048,0.662047192978152,0.892674867330261,0.929409232950675,"cogn_se_lv"
"9636","BCL2L14","Exc L5/6 IT Car3",0.0271666526658494,4.0201312607374,0.672599630271507,0.412669545214194,0.762102250535398,0.814863699168195,"cogn_se_lv"
"9637","LRP6","Exc L5/6 IT Car3",0.00519036536110824,6.20403604258442,0.216217013698248,0.642208448791875,0.884918146682185,0.921824121377638,"cogn_se_lv"
"9638","MANSC1","Exc L5/6 IT Car3",0.0065073111760472,4.82397007606652,0.253420834051766,0.974241926703404,0.998267578294294,0.999472226793583,"cogn_se_lv"
"9639","LOH12CR2","Exc L5/6 IT Car3",0.0805262499156605,2.21481866688392,4.5510787419459,0.0335489452049058,0.311640275776046,0.322557522986286,"cogn_se_lv"
"9640","BORCS5","Exc L5/6 IT Car3",0.0346846760209513,5.8149116969513,5.94156457084055,0.0152534891104082,0.237445695509222,0.229900058437064,"cogn_se_lv"
"9641","DUSP16","Exc L5/6 IT Car3",-0.0229293521626489,5.00094415870658,1.58407458998981,0.208960519158651,0.597269653789498,0.652516693618726,"cogn_se_lv"
"9642","AC007619.1","Exc L5/6 IT Car3",-0.0228780494100059,2.82980863498688,0.609391354501728,0.435511297366236,0.774052300088506,0.826864523894369,"cogn_se_lv"
"9643","CREBL2","Exc L5/6 IT Car3",-0.0165267511717904,4.66584912938111,1.07489699433982,0.300512381718338,0.678408078698151,0.738851384580794,"cogn_se_lv"
"9644","GPR19","Exc L5/6 IT Car3",0.00961466607329938,3.70404546425752,0.249188601756434,0.665160164750176,0.894470085424761,0.930552822661153,"cogn_se_lv"
"9645","AC008115.2","Exc L5/6 IT Car3",0.0204108466223651,2.78805916566497,0.231634532464588,0.630596191654419,0.879542812177045,0.91777690902941,"cogn_se_lv"
"9646","CDKN1B","Exc L5/6 IT Car3",-0.0180373376772191,4.01825706041388,0.605075247700732,0.437140332126061,0.775649107158531,0.827809724163348,"cogn_se_lv"
"9647","APOLD1","Exc L5/6 IT Car3",-0.0286838346322404,3.54086627644024,0.784103261024386,0.376458604904141,0.736147859211419,0.792403767061901,"cogn_se_lv"
"9648","GPRC5D-AS1","Exc L5/6 IT Car3",0.00271904859474455,2.04741988326812,0.0029608260777946,0.956634824171218,0.996920944446838,0.99851955510395,"cogn_se_lv"
"9649","HEBP1","Exc L5/6 IT Car3",-0.00780810573929736,2.7068146049267,0.0585618079486812,0.808916424665025,0.957779948884038,0.975322173576764,"cogn_se_lv"
"9650","AC023790.2","Exc L5/6 IT Car3",0.0283326903843785,1.8866087343151,0.343174536820399,0.558356165522293,0.841388562360529,0.886143033818884,"cogn_se_lv"
"9651","FAM234B","Exc L5/6 IT Car3",-0.0396071422580717,4.17961442769662,4.7837174889866,0.0293493014210867,0.30217001187401,0.304815277239574,"cogn_se_lv"
"9652","GRIN2B","Exc L5/6 IT Car3",0.00158368397882767,9.06294102348478,0.0202643771281064,0.886877904947179,0.983728917979666,0.989850851257461,"cogn_se_lv"
"9653","ATF7IP","Exc L5/6 IT Car3",-0.0150195586646759,6.04620369154472,1.44686114248224,0.229793855266478,0.619071574163407,0.675736815000497,"cogn_se_lv"
"9654","GUCY2C","Exc L5/6 IT Car3",-0.0325754047819877,1.7889677117565,0.427883746212201,0.513431556106007,0.818677978297294,0.865843898533085,"cogn_se_lv"
"9655","AC010168.1","Exc L5/6 IT Car3",0.0552890682926216,2.97280626273377,2.40428930201491,0.12184956196533,0.491568598997994,0.537965613915287,"cogn_se_lv"
"9656","WBP11","Exc L5/6 IT Car3",0.00845295315062704,4.86703990133997,0.24487613441256,0.620997109276138,0.874475753660881,0.913597339197505,"cogn_se_lv"
"9657","C12orf60","Exc L5/6 IT Car3",0.0211087201360562,3.01143678999004,0.364716059651882,0.546265097182343,0.834153930748357,0.880485491301889,"cogn_se_lv"
"9658","ARHGDIB","Exc L5/6 IT Car3",0.0778194693029407,1.92459886813705,2.67709225289208,0.102643394057111,0.462266540882911,0.503078508287656,"cogn_se_lv"
"9659","RERG","Exc L5/6 IT Car3",0.037769591011029,6.12507792318099,2.60415221846201,0.107428245012393,0.46944026551966,0.511849659163016,"cogn_se_lv"
"9660","PTPRO","Exc L5/6 IT Car3",-0.0174356584690673,8.13629346164162,2.1023306618673,0.147913588439773,0.526075312418984,0.578351283117294,"cogn_se_lv"
"9661","EPS8","Exc L5/6 IT Car3",-0.038541634037765,2.87703294178437,1.39105537574459,0.238977316585518,0.625336331463151,0.683915008639023,"cogn_se_lv"
"9662","STRAP","Exc L5/6 IT Car3",-0.0337356128569193,5.8670990847736,4.18166979358488,0.0415635357291596,0.334901997315061,0.352784582178726,"cogn_se_lv"
"9663","DERA","Exc L5/6 IT Car3",-0.00165000402918749,5.24685553622524,0.00777600758197295,0.929779521054949,0.991814175882228,0.995925713518617,"cogn_se_lv"
"9664","MGST1","Exc L5/6 IT Car3",-0.0540721749755502,5.16642309826142,2.87695412704865,0.0906886987435657,0.441555170112902,0.481265284073681,"cogn_se_lv"
"9665","LMO3","Exc L5/6 IT Car3",-0.0466500026956186,7.97495363433908,13.8532811627421,0.000228057143257627,0.0434790172372111,0.0291452064597306,"cogn_se_lv"
"9666","AC007529.2","Exc L5/6 IT Car3",0.0207056408785943,1.76219818483406,0.171700856904216,0.678842364289061,0.900248512400573,0.935578161750055,"cogn_se_lv"
"9667","RERGL","Exc L5/6 IT Car3",-0.020797065593984,1.6233511410617,0.164796181784858,0.685010991884375,0.901848749589734,0.937820022915245,"cogn_se_lv"
"9668","PIK3C2G","Exc L5/6 IT Car3",0.0333685762288886,1.85933016791592,0.602463284053003,0.438130707707039,0.775973895048437,0.828586616758043,"cogn_se_lv"
"9669","PLEKHA5","Exc L5/6 IT Car3",-0.00988916600476598,10.2865872947114,0.827001451777221,0.36372719941087,0.727161502689981,0.783923380967824,"cogn_se_lv"
"9670","AEBP2","Exc L5/6 IT Car3",0.0145158623320514,8.53273306437292,0.868582431812006,0.35194980249712,0.719169542251618,0.775542111208899,"cogn_se_lv"
"9671","AC024901.1","Exc L5/6 IT Car3",0.0155234770667137,7.00795910758952,0.414773816186156,0.519951493083626,0.820971047083305,0.86859020121616,"cogn_se_lv"
"9672","LINC02398","Exc L5/6 IT Car3",0.0108569541391761,5.62621820328932,0.164735247577453,0.685066095613905,0.901848749589734,0.937820022915245,"cogn_se_lv"
"9673","PDE3A","Exc L5/6 IT Car3",-0.0286261687228093,2.03955381111323,0.281637128681428,0.595945436374376,0.862418526343623,0.903241116278843,"cogn_se_lv"
"9674","SLCO1A2","Exc L5/6 IT Car3",-0.0357100260884744,1.57045032428068,0.467904747445891,0.494376641735406,0.808807963889433,0.85645319350334,"cogn_se_lv"
"9675","PYROXD1","Exc L5/6 IT Car3",-0.0139879325657119,3.98431927775594,0.64035800873828,0.424089626711364,0.76971356334266,0.821378676157125,"cogn_se_lv"
"9676","RECQL","Exc L5/6 IT Car3",0.000890440973898144,4.12744969734858,0.00256112673453178,0.959665266147658,0.997053628956036,0.998555548513014,"cogn_se_lv"
"9677","GOLT1B","Exc L5/6 IT Car3",0.0378095220030023,6.02943667067153,2.84124177780384,0.0927079855759086,0.444119599988669,0.485307629986587,"cogn_se_lv"
"9678","LDHB","Exc L5/6 IT Car3",-0.0591431335862119,5.91270869107298,4.13082554310156,0.0428155015457062,0.33826004557927,0.356742355678852,"cogn_se_lv"
"9679","ABCC9","Exc L5/6 IT Car3",-0.00511862970304319,1.62412707150269,0.00908861258327263,0.924100469382308,0.991029770627074,0.995270348691988,"cogn_se_lv"
"9680","CMAS","Exc L5/6 IT Car3",-0.00754871778328353,5.56642238992009,0.241922859872734,0.62310956753172,0.875367982137213,0.914549551565905,"cogn_se_lv"
"9681","ST8SIA1","Exc L5/6 IT Car3",-0.00634099519571284,6.37903699832206,0.264552560666276,0.607313647889814,0.868583278729949,0.907938655668056,"cogn_se_lv"
"9682","C2CD5","Exc L5/6 IT Car3",0.0101502709171932,7.80199596790034,0.793689181521987,0.37356017464851,0.733583142508685,0.790504767685901,"cogn_se_lv"
"9683","ETNK1","Exc L5/6 IT Car3",-0.0187916616073977,6.75638469975437,2.76637993026261,0.0971020698273742,0.451509102692813,0.492396325363024,"cogn_se_lv"
"9684","AC084816.1","Exc L5/6 IT Car3",0.00601872148419237,5.74623436865459,0.0916311718061993,0.762282045086483,0.941005909511588,0.962646077691715,"cogn_se_lv"
"9685","SOX5","Exc L5/6 IT Car3",-0.0247248451553556,10.4530737939075,3.38340620237496,0.0666489672633454,0.396300303290535,0.426646041951099,"cogn_se_lv"
"9686","BCAT1","Exc L5/6 IT Car3",-0.0154614892109256,5.12710178433855,1.45686539640256,0.228193030490609,0.616987129172605,0.673611601503126,"cogn_se_lv"
"9687","LRMP","Exc L5/6 IT Car3",-0.0151971867745918,4.46287341373225,0.209413673298614,0.647493309586724,0.886522807717282,0.923835419953433,"cogn_se_lv"
"9688","CASC1","Exc L5/6 IT Car3",0.0453753756060353,4.63883583701814,4.71374861491335,0.0305511514536549,0.304222598957164,0.309748478898676,"cogn_se_lv"
"9689","ETFRF1","Exc L5/6 IT Car3",0.0333451249096953,5.28811418349179,7.47937883707423,0.0114558528650434,0.214820071996781,0.203412732633929,"cogn_se_lv"
"9690","KRAS","Exc L5/6 IT Car3",0.00120099666759773,5.6682740459028,0.00508135208532395,0.943210180120801,0.994804925328349,0.997626386519645,"cogn_se_lv"
"9691","AC092794.1","Exc L5/6 IT Car3",0.0201660252981041,2.44980708038396,0.413598188723493,0.520543274842279,0.821092037196555,0.868666837940365,"cogn_se_lv"
"9692","RASSF8-AS1","Exc L5/6 IT Car3",-0.00454776931371284,4.07398511965548,0.042819455590809,0.83617831263519,0.967115719302831,0.980673399049542,"cogn_se_lv"
"9693","RASSF8","Exc L5/6 IT Car3",-0.0150735190125146,3.42659414456304,0.337067908355395,0.561876543766825,0.843636345917786,0.887608432877591,"cogn_se_lv"
"9694","BHLHE41","Exc L5/6 IT Car3",-0.0053576300872258,4.31029814197319,0.0538714802349238,0.816585612764763,0.959947755253107,0.976917099072405,"cogn_se_lv"
"9695","SSPN","Exc L5/6 IT Car3",0.026325603669,2.49227835320539,0.650600268530316,0.420411203528378,0.767290610653634,0.819109761378055,"cogn_se_lv"
"9696","AC024145.1","Exc L5/6 IT Car3",-0.000326279229793374,1.4878286320588,2.26924571882049e-05,0.996201705621843,0.999242764926216,0.999870711362408,"cogn_se_lv"
"9697","ITPR2","Exc L5/6 IT Car3",-0.0104349186019406,5.6378053372766,0.129798618002623,0.718844482114388,0.920381453881895,0.949363748693985,"cogn_se_lv"
"9698","INTS13","Exc L5/6 IT Car3",0.0179795730503444,3.53950196140411,0.852785057603067,0.356361555349549,0.72210722012239,0.778893891575131,"cogn_se_lv"
"9699","FGFR1OP2","Exc L5/6 IT Car3",-0.0364096797439524,6.84535250364635,6.14410633504834,0.0136256945800107,0.228043652341755,0.219536027204935,"cogn_se_lv"
"9700","TM7SF3","Exc L5/6 IT Car3",0.0257308850485888,6.80423754957864,4.90559405787616,0.0273724644389199,0.296436903469433,0.295616691164482,"cogn_se_lv"
"9701","MED21","Exc L5/6 IT Car3",0.0119955157631006,5.57729293625326,0.657446934878634,0.417978835405449,0.765438936199468,0.817812105094077,"cogn_se_lv"
"9702","AC092747.1","Exc L5/6 IT Car3",-0.00425753878039578,1.97773865766978,0.00856314423364985,0.926320780784535,0.991453065881766,0.99555731495216,"cogn_se_lv"
"9703","STK38L","Exc L5/6 IT Car3",0.00193415604254302,7.27019926697303,0.0379541957458529,0.84564102111763,0.970988236489561,0.982756898954638,"cogn_se_lv"
"9704","ARNTL2","Exc L5/6 IT Car3",0.0102542848932977,7.89699776705274,0.667906979445339,0.41430303681009,0.76329240710795,0.815599114652757,"cogn_se_lv"
"9705","ARNTL2-AS1","Exc L5/6 IT Car3",-0.00267575771755983,3.45301433983922,0.00474956621912993,0.945092472920537,0.994804925328349,0.997626386519645,"cogn_se_lv"
"9706","SMCO2","Exc L5/6 IT Car3",0.0221302780527508,3.70392754600892,0.96544501903838,0.326454552073111,0.699058794546427,0.758629512413617,"cogn_se_lv"
"9707","PPFIBP1","Exc L5/6 IT Car3",0.00280481058651655,8.78942108860008,0.0747282353162411,0.784723942709618,0.949650382982342,0.968481435609198,"cogn_se_lv"
"9708","REP15","Exc L5/6 IT Car3",-0.0255283523740244,2.82702681950623,0.698456380111009,0.403836918195308,0.756917570457409,0.809748646864188,"cogn_se_lv"
"9709","MRPS35","Exc L5/6 IT Car3",0.000359781426471042,5.25335479934097,0.00100726765170551,0.974698349634283,0.998267578294294,0.999481105410931,"cogn_se_lv"
"9710","KLHL42","Exc L5/6 IT Car3",0.0243428741799224,6.06386037294103,3.53974169278978,0.060691963879353,0.383193127402446,0.41109459192402,"cogn_se_lv"
"9711","CCDC91","Exc L5/6 IT Car3",-6.60668903757822e-05,7.30851953796452,2.79560191938414e-05,0.995784150087094,0.999242764926216,0.999870711362408,"cogn_se_lv"
"9712","FAR2","Exc L5/6 IT Car3",0.0159558477922067,7.53061874460338,1.12389929144671,0.289765130971401,0.669592397244724,0.729507663927178,"cogn_se_lv"
"9713","AC009318.1","Exc L5/6 IT Car3",0.0189350802061513,2.99057804656917,0.461972777047937,0.497124258997193,0.810545857184744,0.857524687196874,"cogn_se_lv"
"9714","ERGIC2","Exc L5/6 IT Car3",-0.00960775343429736,5.63258564523073,0.851775788694199,0.356645988929372,0.722146112069242,0.779123303517549,"cogn_se_lv"
"9715","OVCH1-AS1","Exc L5/6 IT Car3",-0.0583481927709792,2.21007175745573,1.56890030506229,0.211150105703517,0.598585727280052,0.65470328836298,"cogn_se_lv"
"9716","OVCH1","Exc L5/6 IT Car3",-0.0982944351808374,3.61129522421294,6.33799741629691,0.0122352601717065,0.219911907765536,0.209306847863072,"cogn_se_lv"
"9717","TMTC1","Exc L5/6 IT Car3",-0.0525994504940838,6.58772581276714,5.03377961540397,0.0254427355293017,0.290028951004157,0.287317681456321,"cogn_se_lv"
"9718","IPO8","Exc L5/6 IT Car3",-0.0289335664969017,6.02661984102007,6.06278667260844,0.0142565234286153,0.231815143965396,0.223574814666985,"cogn_se_lv"
"9719","CAPRIN2","Exc L5/6 IT Car3",-0.00398198060442269,5.92527568807745,0.116192716680688,0.733392621585185,0.927894808138441,0.954279035636018,"cogn_se_lv"
"9720","AC010198.1","Exc L5/6 IT Car3",0.0873650888642466,2.83614131164842,8.90242433588354,0.00303502518543557,0.12903049061838,0.108984477408395,"cogn_se_lv"
"9721","DDX11-AS1","Exc L5/6 IT Car3",-0.000402838672640228,2.75155672623033,0.000209814346368659,0.988450800904805,0.998638339521102,0.999870711362408,"cogn_se_lv"
"9722","DDX11","Exc L5/6 IT Car3",0.0146033500997754,3.14803312229532,0.220678429836418,0.638797488248014,0.883356524870895,0.920841669026327,"cogn_se_lv"
"9723","DENND5B","Exc L5/6 IT Car3",0.00889229588372881,7.99958293593325,0.753071493546381,0.386062465627778,0.74355436364626,0.799020848520567,"cogn_se_lv"
"9724","DENND5B-AS1","Exc L5/6 IT Car3",0.0308064941097108,2.04277457668116,0.611339986268746,0.43477886259285,0.773613831177909,0.826581663482443,"cogn_se_lv"
"9725","ETFBKMT","Exc L5/6 IT Car3",-0.0886136686038346,2.51656590475238,8.94846636851514,0.002961235801925,0.127656635830884,0.107292606598764,"cogn_se_lv"
"9726","AMN1","Exc L5/6 IT Car3",0.00501161458441154,5.92828801123837,0.147921114350213,0.700748775358212,0.910350279594577,0.94349625873033,"cogn_se_lv"
"9727","AC023157.3","Exc L5/6 IT Car3",-0.00944269201844255,2.43077962401182,0.0651349287219409,0.798697105509018,0.954640296193211,0.972682542708374,"cogn_se_lv"
"9728","KIAA1551","Exc L5/6 IT Car3",-0.00347596770607333,5.42595080789312,0.0586245519327706,0.80881607597976,0.957779948884038,0.975322173576764,"cogn_se_lv"
"9729","BICD1","Exc L5/6 IT Car3",0.000809933554630728,8.4555029701451,0.00549447814973731,0.940950787394955,0.994565141820343,0.997543659084972,"cogn_se_lv"
"9730","FGD4","Exc L5/6 IT Car3",-0.022427017174208,4.87379833847415,1.0937962974935,0.296307644701387,0.674382527647788,0.734728590845499,"cogn_se_lv"
"9731","DNM1L","Exc L5/6 IT Car3",-0.00187932951060691,7.14221579975447,0.047661342417228,0.82730303710426,0.965029939006543,0.978805885773327,"cogn_se_lv"
"9732","YARS2","Exc L5/6 IT Car3",-0.00112987699801394,5.03629856232831,0.00760522726428543,0.930552929663989,0.991816455834028,0.995925713518617,"cogn_se_lv"
"9733","PKP2","Exc L5/6 IT Car3",0.0575121531296921,3.26174493085706,2.61279644706148,0.106848566114624,0.468705820265611,0.510896905250519,"cogn_se_lv"
"9734","SYT10","Exc L5/6 IT Car3",0.0324028912431346,5.75497478874452,2.08698437120673,0.149397050313127,0.528313557977715,0.580429497790419,"cogn_se_lv"
"9735","AC046130.2","Exc L5/6 IT Car3",-0.034680749541416,1.90360534100032,0.642651608451194,0.423261716159194,0.769245114478639,0.820736634884369,"cogn_se_lv"
"9736","ALG10B","Exc L5/6 IT Car3",0.0119481972515098,2.94243322140574,0.180943696266616,0.670808359147202,0.896973919231145,0.932423630132473,"cogn_se_lv"
"9737","CPNE8","Exc L5/6 IT Car3",0.0331719890795272,2.39841916440672,0.384112321544195,0.535788291639753,0.828217226949561,0.875697825487501,"cogn_se_lv"
"9738","KIF21A","Exc L5/6 IT Car3",-0.00721419205474324,7.44022771280994,0.638058170926634,0.424922235589157,0.770225698616864,0.821763369950425,"cogn_se_lv"
"9739","ABCD2","Exc L5/6 IT Car3",-0.0339556638939557,3.90952238431378,3.03102105128259,0.082509651795512,0.427550013849471,0.464767485485129,"cogn_se_lv"
"9740","C12orf40","Exc L5/6 IT Car3",-0.00740837066357647,4.32797087510404,0.0630759449388676,0.801836770069704,0.955572858244753,0.973441772362648,"cogn_se_lv"
"9741","SLC2A13","Exc L5/6 IT Car3",0.00112426320331081,8.62063785754134,0.0115720774369674,0.91439168056152,0.989073227776396,0.994126167335106,"cogn_se_lv"
"9742","LINC02471","Exc L5/6 IT Car3",-0.00187214235265316,2.50383227249261,0.00312409804440906,0.955456417221461,0.996920944446838,0.998428000651427,"cogn_se_lv"
"9743","AC079630.1","Exc L5/6 IT Car3",0.0579730032418484,2.59427321984158,2.86196099252936,0.0915305559500327,0.4419774298012,0.482786037565272,"cogn_se_lv"
"9744","LRRK2","Exc L5/6 IT Car3",0.00301401227221143,6.44883621174984,0.0469607501127454,0.828557062594133,0.96520240999292,0.97896494869273,"cogn_se_lv"
"9745","CNTN1","Exc L5/6 IT Car3",0.00473114858591578,9.36402921593853,0.176259578474656,0.674848884153452,0.899176443999365,0.934164913586271,"cogn_se_lv"
"9746","PDZRN4","Exc L5/6 IT Car3",-0.0174171049292677,9.99421142002281,1.32672562903075,0.25012497202252,0.634369019715073,0.694763868844441,"cogn_se_lv"
"9747","AC090531.1","Exc L5/6 IT Car3",-0.0143280371192967,3.68215521930277,0.185964568815035,0.666545380863624,0.894890814925515,0.931016021292438,"cogn_se_lv"
"9748","AC090630.1","Exc L5/6 IT Car3",-0.0177624154014698,3.74550044578538,0.274268235996171,0.600793319953237,0.865077895156077,0.904946523631918,"cogn_se_lv"
"9749","GXYLT1","Exc L5/6 IT Car3",0.0149679718695266,4.53372987352163,0.895884763331651,0.344499213303085,0.713743161829803,0.770417810079171,"cogn_se_lv"
"9750","YAF2","Exc L5/6 IT Car3",-0.00324389772924098,6.76727976483599,0.122143504114909,0.726918088001954,0.924578877874823,0.952358387214175,"cogn_se_lv"
"9751","PPHLN1","Exc L5/6 IT Car3",0.0167226575485154,7.38560104115468,4.26972925927301,0.0394856962265849,0.328655957234798,0.34475442518961,"cogn_se_lv"
"9752","ZCRB1","Exc L5/6 IT Car3",-0.0177413685316515,4.5913271445511,0.724264336376947,0.39529369819916,0.751293188233372,0.804769363938941,"cogn_se_lv"
"9753","PRICKLE1","Exc L5/6 IT Car3",0.0107511297535079,7.87921458537017,0.63615238990977,0.425614049560935,0.770551452170533,0.822174680982291,"cogn_se_lv"
"9754","ADAMTS20","Exc L5/6 IT Car3",0.180826207665553,1.5596804830354,10.7802259304276,0.00112266472240626,0.08662109232943,0.0684854076305171,"cogn_se_lv"
"9755","PUS7L","Exc L5/6 IT Car3",0.01522881356878,5.92520603932145,1.19720136839866,0.274586551497266,0.657136728214683,0.717358553593312,"cogn_se_lv"
"9756","IRAK4","Exc L5/6 IT Car3",0.064305755427427,2.39596541235297,3.59797741392902,0.0586207884544437,0.379245855510101,0.405753988032552,"cogn_se_lv"
"9757","TWF1","Exc L5/6 IT Car3",-0.034099264024763,3.57878434861539,2.66058315665905,0.103705500417877,0.463019336069373,0.504770529464235,"cogn_se_lv"
"9758","TMEM117","Exc L5/6 IT Car3",0.015792787791586,6.79439626030675,1.12224390208789,0.290120073633906,0.669708704548644,0.729659936939764,"cogn_se_lv"
"9759","AC025253.1","Exc L5/6 IT Car3",0.0277486527883803,2.02364415871301,0.473921889430563,0.49161558246136,0.807552974071974,0.855246766418958,"cogn_se_lv"
"9760","NELL2","Exc L5/6 IT Car3",-0.00849257701459342,9.88348568107283,0.446184486819975,0.504564822483335,0.814992928003624,0.861424005080861,"cogn_se_lv"
"9761","ANO6","Exc L5/6 IT Car3",-0.0163599834806104,4.70203037443872,0.828934173127992,0.363167816088879,0.726811316394553,0.783522262197519,"cogn_se_lv"
"9762","AC079950.1","Exc L5/6 IT Car3",0.014267688190065,3.08886480802774,0.166806325916531,0.683199804396227,0.901521477292114,0.937305922927906,"cogn_se_lv"
"9763","AC008124.1","Exc L5/6 IT Car3",0.0329595530093631,3.78558840957332,3.67696116164482,0.0559313783984672,0.373928720048831,0.398386313374949,"cogn_se_lv"
"9764","ARID2","Exc L5/6 IT Car3",0.00747217222975432,6.01824744787947,0.36975814774327,0.543505527925322,0.83254205979603,0.879346317209117,"cogn_se_lv"
"9765","SCAF11","Exc L5/6 IT Car3",0.0148399643455099,6.35542985647997,2.49260121888634,0.115228644820216,0.482155748717542,0.525828977873094,"cogn_se_lv"
"9766","SLC38A1","Exc L5/6 IT Car3",-0.00849207849231633,6.82071090833012,0.46581033237923,0.495343818320906,0.80979524594201,0.856934006489855,"cogn_se_lv"
"9767","SLC38A2","Exc L5/6 IT Car3",-0.0742939430418994,5.83175318855775,17.2850365325624,3.99309808173403e-05,0.0204845931592956,0.0110704036164746,"cogn_se_lv"
"9768","AC008014.1","Exc L5/6 IT Car3",0.0887889825211617,4.5029292128838,10.8247209145864,0.00109675098435747,0.08662109232943,0.0676814597314024,"cogn_se_lv"
"9769","SLC38A4","Exc L5/6 IT Car3",0.0236184726065161,3.46398056374035,0.400407954424742,0.527265672755731,0.824328458747205,0.871750549194059,"cogn_se_lv"
"9770","PCED1B","Exc L5/6 IT Car3",0.0578923911680574,3.37832579102282,2.15244867335105,0.143183820431634,0.519549632976535,0.571177434709254,"cogn_se_lv"
"9771","RPAP3","Exc L5/6 IT Car3",-0.0116584119123363,4.27395080788495,0.563570079183114,0.45329783171382,0.785113151561046,0.836444883481047,"cogn_se_lv"
"9772","RAPGEF3","Exc L5/6 IT Car3",-0.0586148366448625,2.76775051948508,2.86345319935708,0.0914463887310692,0.441871247275088,0.482570121248111,"cogn_se_lv"
"9773","SLC48A1","Exc L5/6 IT Car3",-0.0117826058203508,4.01129441599638,0.383746261176436,0.535982602571732,0.828217226949561,0.875697825487501,"cogn_se_lv"
"9774","HDAC7","Exc L5/6 IT Car3",0.0112566829122489,4.07915802442772,0.390222470007424,0.532563715553917,0.826815321335292,0.873962851252897,"cogn_se_lv"
"9775","TMEM106C","Exc L5/6 IT Car3",-0.0264888447210833,4.60126320156224,1.98570907624966,0.159621874938852,0.541693639538906,0.594015390882493,"cogn_se_lv"
"9776","SENP1","Exc L5/6 IT Car3",0.0190427559679943,4.36398440225092,1.37249101534407,0.282681138357395,0.662539096936755,0.723517320838054,"cogn_se_lv"
"9777","PFKM","Exc L5/6 IT Car3",-0.00782609784914974,4.72088580652523,0.177285631031629,0.6739584478776,0.898523335788635,0.933731078772059,"cogn_se_lv"
"9778","ASB8","Exc L5/6 IT Car3",-0.0128564254614798,4.85839991264298,0.826953159944886,0.363741191705384,0.727161502689981,0.783923380967824,"cogn_se_lv"
"9779","CCDC184","Exc L5/6 IT Car3",-0.0300987457921616,2.95825752244806,0.801658872901562,0.371174234707083,0.732289347725579,0.788815238747472,"cogn_se_lv"
"9780","AC024257.1","Exc L5/6 IT Car3",0.108838213700028,1.27032475927272,2.80477182571572,0.0948208553719482,0.447773232333318,0.488412241443567,"cogn_se_lv"
"9781","ZNF641","Exc L5/6 IT Car3",0.0309424509104092,3.90822246386123,2.31484072037576,0.128990153850782,0.499159785708708,0.549372812385281,"cogn_se_lv"
"9782","AC090115.1","Exc L5/6 IT Car3",0.052789763011149,4.54888672632872,5.95382928204676,0.0151494206779651,0.23718167266926,0.22954164767986,"cogn_se_lv"
"9783","KANSL2","Exc L5/6 IT Car3",-0.00753586548054423,3.61849503170839,0.161044150224415,0.770707839454616,0.943386117013167,0.964801934865755,"cogn_se_lv"
"9784","CCNT1","Exc L5/6 IT Car3",-0.0176465862257754,4.65821248675948,1.78472005240046,0.182383828963185,0.569404983513728,0.622597529880654,"cogn_se_lv"
"9785","ADCY6","Exc L5/6 IT Car3",0.0349570120036142,4.5440493746921,4.51585992358537,0.0342376966903695,0.3131269192425,0.3252348441982,"cogn_se_lv"
"9786","CACNB3","Exc L5/6 IT Car3",-0.0104100310985616,5.17506388404187,0.423318320474033,0.515685737572704,0.819577819947375,0.866681012199991,"cogn_se_lv"
"9787","DDX23","Exc L5/6 IT Car3",-0.0236407662387338,3.74131014570974,1.65789943079222,0.198684049018027,0.586224600150966,0.640707101357536,"cogn_se_lv"
"9788","RND1","Exc L5/6 IT Car3",-0.0206405975454353,4.04140644710986,0.690776269090837,0.406431216637368,0.758752146187195,0.811250068006127,"cogn_se_lv"
"9789","AC073610.3","Exc L5/6 IT Car3",-0.00496391620646377,5.38732330346506,0.0881940301113069,0.766650758730918,0.942146573736388,0.963694361748614,"cogn_se_lv"
"9790","CCDC65","Exc L5/6 IT Car3",0.0107185463738273,5.69388327610444,0.0997706754111787,0.752281353057966,0.93593557561559,0.960005430237593,"cogn_se_lv"
"9791","WNT10B","Exc L5/6 IT Car3",0.0158142512082578,4.41347790468827,0.670259850518607,0.413482818213471,0.762826728878605,0.815326617208092,"cogn_se_lv"
"9792","DDN","Exc L5/6 IT Car3",-0.0374508293067284,5.39969239644934,2.8520243544592,0.0920931860482558,0.443603797584556,0.484364860575864,"cogn_se_lv"
"9793","DDN-AS1","Exc L5/6 IT Car3",-0.00700673107293979,3.96112392808974,0.159302178291414,0.735091641716931,0.928289190614882,0.954887566719639,"cogn_se_lv"
"9794","PRKAG1","Exc L5/6 IT Car3",0.0530489045195689,4.70784324351278,6.07893200356395,0.0141289185966904,0.23083233248733,0.222810985188402,"cogn_se_lv"
"9795","KMT2D","Exc L5/6 IT Car3",0.00901354387272187,4.85055889099839,0.474046112129717,0.970178261866298,0.998267578294294,0.999099628483138,"cogn_se_lv"
"9796","RHEBL1","Exc L5/6 IT Car3",0.00878608891589908,3.58809433383518,0.123080173032888,0.725915208898452,0.924234676668431,0.951987103800986,"cogn_se_lv"
"9797","LMBR1L","Exc L5/6 IT Car3",0.00835579571285463,5.08466727607865,0.361860886024318,0.547839324798132,0.835852801491351,0.8812452772051,"cogn_se_lv"
"9798","AC011603.2","Exc L5/6 IT Car3",-0.00987429906214572,4.37998733990557,0.312251213853953,0.576636728651821,0.852246159027325,0.894428948216606,"cogn_se_lv"
"9799","TUBA1B","Exc L5/6 IT Car3",-0.0288687583429744,8.48366278924717,1.21713512011178,0.270633595166851,0.653645032580496,0.713934364713813,"cogn_se_lv"
"9800","TUBA1A","Exc L5/6 IT Car3",-0.0196128456085977,7.16829264453032,0.465680036703411,0.495404092671247,0.80979524594201,0.856934006489855,"cogn_se_lv"
"9801","TUBA1C","Exc L5/6 IT Car3",0.00958854188825343,3.64880877133579,0.126204396773066,0.722600811460603,0.922048461021365,0.950641797662529,"cogn_se_lv"
"9802","C1QL4","Exc L5/6 IT Car3",0.00307068516971463,1.55592686649222,0.00152392070636597,0.968881396328221,0.998218784586391,0.999043275832252,"cogn_se_lv"
"9803","DNAJC22","Exc L5/6 IT Car3",-0.00928199828945696,1.6203685510094,0.0325493247355322,0.856925120428641,0.973621837474622,0.984952823332325,"cogn_se_lv"
"9804","SPATS2","Exc L5/6 IT Car3",0.00776324778306463,6.91142884953389,0.574405847400076,0.448991133763526,0.782491340544074,0.834200217896007,"cogn_se_lv"
"9805","KCNH3","Exc L5/6 IT Car3",0.0217836378598652,6.72467195031225,3.11260175633906,0.0785057601401718,0.420387560324412,0.455872270031087,"cogn_se_lv"
"9806","MCRS1","Exc L5/6 IT Car3",-0.0213576692382892,4.63018442181598,1.93549074343167,0.1649867179302,0.549658546731291,0.6011171880226,"cogn_se_lv"
"9807","PRPF40B","Exc L5/6 IT Car3",0.029044561149166,6.09949171086727,4.43248848066849,0.0359279871020984,0.317634449276949,0.331677054804842,"cogn_se_lv"
"9808","FMNL3","Exc L5/6 IT Car3",-0.0164776215355925,5.9787079080598,0.621112463642946,0.431133842442748,0.773393313689651,0.82492993999799,"cogn_se_lv"
"9809","TMBIM6","Exc L5/6 IT Car3",-0.0236611471326777,6.69821907241835,3.47591881741848,0.0630519977968775,0.388665431068539,0.417690503170124,"cogn_se_lv"
"9810","NCKAP5L","Exc L5/6 IT Car3",0.00889346933802702,4.08129658582715,0.255010219580494,0.613950377631647,0.87215851620862,0.911017225824561,"cogn_se_lv"
"9811","BCDIN3D","Exc L5/6 IT Car3",6.07669753239222e-05,2.57193486951835,1.52418103721909e-05,0.996887089200614,0.999242764926216,0.999954262357359,"cogn_se_lv"
"9812","FAIM2","Exc L5/6 IT Car3",-0.0273351095385286,7.37412438707779,1.91772968176942,0.166933402426596,0.55240832817591,0.603670383335751,"cogn_se_lv"
"9813","RACGAP1","Exc L5/6 IT Car3",0.0195426660037026,3.36402009528457,0.961456178738118,0.327454670289142,0.700031584351979,0.759364070215426,"cogn_se_lv"
"9814","ASIC1","Exc L5/6 IT Car3",-0.0159442686002041,3.41810554604429,0.535907070206918,0.464592814638937,0.79119444669795,0.842408259050411,"cogn_se_lv"
"9815","SMARCD1","Exc L5/6 IT Car3",0.0298791970214475,4.29755527175553,3.99651236429224,0.0463182966427251,0.348810478806104,0.366928902050296,"cogn_se_lv"
"9816","AC074032.1","Exc L5/6 IT Car3",-0.00170765041053889,5.66695218853603,0.0101401862088223,0.919843814869334,0.990846634237573,0.994744458719718,"cogn_se_lv"
"9817","CERS5","Exc L5/6 IT Car3",-0.0138506083454053,5.77973274733936,1.30421194474184,0.254176545086095,0.637946240799404,0.698740425182959,"cogn_se_lv"
"9818","LIMA1","Exc L5/6 IT Car3",-0.0146194416598528,5.29896880315648,0.766411515570956,0.381891842851698,0.740402552467578,0.796675802198619,"cogn_se_lv"
"9819","FAM186A","Exc L5/6 IT Car3",0.0317395941888727,1.90043359510683,0.553924291049536,0.457186413967626,0.788028655907772,0.838685447207621,"cogn_se_lv"
"9820","LARP4","Exc L5/6 IT Car3",0.0138253556912209,5.5408517395034,1.39384567960425,0.23850767258916,0.624731052263313,0.683368476119064,"cogn_se_lv"
"9821","DIP2B","Exc L5/6 IT Car3",0.012938050137149,6.87988544909692,1.21474714459678,0.271103357480059,0.653645032580496,0.71417892965621,"cogn_se_lv"
"9822","ATF1","Exc L5/6 IT Car3",-0.0051043837900758,5.3479989166524,0.169343069993935,0.680932227291775,0.900862474773406,0.936324878756562,"cogn_se_lv"
"9823","METTL7A","Exc L5/6 IT Car3",-0.0448766543205837,2.08545569187896,0.940734331464022,0.332716431523202,0.702524022908293,0.762316303572632,"cogn_se_lv"
"9824","SLC11A2","Exc L5/6 IT Car3",0.0241942842293902,5.35890505517739,3.89618131209618,0.0962460664548709,0.450230818159013,0.490851718269376,"cogn_se_lv"
"9825","LETMD1","Exc L5/6 IT Car3",0.0179296905523209,5.17656403119473,1.83696967961394,0.17612519805751,0.563465498502014,0.615712238993611,"cogn_se_lv"
"9826","CSRNP2","Exc L5/6 IT Car3",0.0147352440130929,5.61448426729157,1.48790059060895,0.223311788951339,0.61248237575247,0.668812748001524,"cogn_se_lv"
"9827","TFCP2","Exc L5/6 IT Car3",0.0477952486861129,6.68907857808972,14.6592803148061,0.000150985451564031,0.0340451001343853,0.0231797353993877,"cogn_se_lv"
"9828","POU6F1","Exc L5/6 IT Car3",-0.00969573630729061,4.80661679183918,0.474892228492607,0.491172748238088,0.807170165016997,0.855021867364654,"cogn_se_lv"
"9829","DAZAP2","Exc L5/6 IT Car3",-0.00826582643770009,4.88125099237659,0.295392899630822,0.587109262712838,0.85743134875219,0.899355213175857,"cogn_se_lv"
"9830","SLC4A8","Exc L5/6 IT Car3",-0.0399984312307947,7.15263423337154,9.64019130306641,0.00204886085195741,0.10594260228003,0.089903623781677,"cogn_se_lv"
"9831","SCN8A","Exc L5/6 IT Car3",-0.00957427954831358,8.28135280806519,0.95155059087424,0.329955980283017,0.700406022244585,0.760730255240392,"cogn_se_lv"
"9832","AC068987.3","Exc L5/6 IT Car3",-0.00302873273380833,2.11346389829964,0.00403264840003002,0.949399816682192,0.995054338434123,0.997804640603097,"cogn_se_lv"
"9833","FIGNL2","Exc L5/6 IT Car3",0.0360501252049953,2.25642945648297,0.933506155433265,0.334578389576683,0.704399646454877,0.763813874919523,"cogn_se_lv"
"9834","ACVR1B","Exc L5/6 IT Car3",0.00129121519426856,6.11613948854152,0.0132427308937728,0.936473272301571,0.993953603292087,0.997104872669081,"cogn_se_lv"
"9835","GRASP","Exc L5/6 IT Car3",-0.026833029554183,5.36700147677135,1.02329223272882,0.312393909258873,0.687409988072963,0.748978887000245,"cogn_se_lv"
"9836","NR4A1","Exc L5/6 IT Car3",-0.0932963789829431,3.47618220569061,3.69229056246054,0.0554248173326457,0.371996484408817,0.397033058902194,"cogn_se_lv"
"9837","ATG101","Exc L5/6 IT Car3",-0.0196561889324146,3.18838281378554,0.433906664397462,0.510483877228431,0.817602962904105,0.864276652156118,"cogn_se_lv"
"9838","EIF4B","Exc L5/6 IT Car3",-0.0112556388785373,5.78508113914054,0.730453079354462,0.393283973429821,0.750092272712256,0.803622342473138,"cogn_se_lv"
"9839","AC068888.1","Exc L5/6 IT Car3",0.0329979452712722,4.00602415046702,1.18074260454207,0.277905303993726,0.659846663735672,0.71988659218376,"cogn_se_lv"
"9840","TNS2","Exc L5/6 IT Car3",0.0131445837413254,2.69342964369738,0.20732123219355,0.883489766068191,0.982622493848624,0.989303651647034,"cogn_se_lv"
"9841","SPRYD3","Exc L5/6 IT Car3",-0.038894828586647,5.73194190158556,2.72870712533722,0.0993990603467627,0.455229935733559,0.496523841606395,"cogn_se_lv"
"9842","IGFBP6","Exc L5/6 IT Car3",-0.0401334362361707,2.45381752489012,1.05415306978733,0.305216686994056,0.68186341445046,0.742782449741933,"cogn_se_lv"
"9843","CSAD","Exc L5/6 IT Car3",0.0114972360466104,5.89836689697374,1.0433663986903,0.380106742228273,0.739005161052836,0.795524063113076,"cogn_se_lv"
"9844","ZNF740","Exc L5/6 IT Car3",0.00970922573079277,3.27051990932158,0.215558755805122,0.759769435365579,0.939792684522244,0.962001071963454,"cogn_se_lv"
"9845","MFSD5","Exc L5/6 IT Car3",-0.0574348415967572,2.37900922593298,2.81253853436901,0.0943665260551492,0.447037822509382,0.487573472194785,"cogn_se_lv"
"9846","ESPL1","Exc L5/6 IT Car3",-0.0605921432416464,1.69966354668362,1.64168470286446,0.200889018747735,0.588443471360418,0.643034258776437,"cogn_se_lv"
"9847","PFDN5","Exc L5/6 IT Car3",-0.0276289944483282,5.38339150927014,0.823649256485834,0.364700255890982,0.727310532529269,0.784539982436638,"cogn_se_lv"
"9848","C12orf10","Exc L5/6 IT Car3",-0.030343671699957,3.60736223939798,1.08140786184705,0.299055202479873,0.676917505521024,0.737282022287734,"cogn_se_lv"
"9849","AAAS","Exc L5/6 IT Car3",-0.0128000824731165,3.49149956746918,0.310799362209455,0.831471030725715,0.966177555530849,0.979556835434487,"cogn_se_lv"
"9850","SP1","Exc L5/6 IT Car3",-0.00965935637604868,3.8039587432356,0.287838088527207,0.591928527256403,0.859803245107784,0.901348599954983,"cogn_se_lv"
"9851","PRR13","Exc L5/6 IT Car3",0.0394643810886729,3.6041516472569,1.81989002860626,0.178143253449709,0.56468303167281,0.618381259648542,"cogn_se_lv"
"9852","PCBP2","Exc L5/6 IT Car3",-0.0265017071934866,6.27370251720779,4.03698718104604,0.0452319057486518,0.345468500978537,0.363535565202883,"cogn_se_lv"
"9853","MAP3K12","Exc L5/6 IT Car3",0.0130482970128043,4.52807790011749,0.70604877605689,0.401295960259787,0.754699638270969,0.808057788918411,"cogn_se_lv"
"9854","AC023509.4","Exc L5/6 IT Car3",0.0501974631680042,1.79288335707858,1.38182389646,0.24053914484172,0.625749066637086,0.685273035864828,"cogn_se_lv"
"9855","TARBP2","Exc L5/6 IT Car3",-0.0264761114834238,2.07634652989145,0.445760462622657,0.504767270340567,0.815148823771388,0.861525961618752,"cogn_se_lv"
"9856","ATP5MC2","Exc L5/6 IT Car3",-0.0348305449260308,5.64751086323236,2.19714215991789,0.139109683996592,0.512544418651555,0.564842388471505,"cogn_se_lv"
"9857","CALCOCO1","Exc L5/6 IT Car3",-0.029592613253806,5.5952483861488,6.82270942943661,0.00936350896617856,0.199914378120709,0.185885522493692,"cogn_se_lv"
"9858","AC023794.1","Exc L5/6 IT Car3",-0.039917027682589,2.50035687385538,1.49593309404669,0.222068954352466,0.610687188623,0.66724326656795,"cogn_se_lv"
"9859","SMUG1","Exc L5/6 IT Car3",-0.00378710015863411,3.57788341710003,0.0301829930708458,0.862169744580817,0.974904343203261,0.98612499885412,"cogn_se_lv"
"9860","CBX5","Exc L5/6 IT Car3",-0.0347341506438753,5.75670573893073,7.2804831333205,0.00728694463709142,0.181172985403614,0.165672497892999,"cogn_se_lv"
"9861","AC078778.1","Exc L5/6 IT Car3",0.178556115800783,1.81450758465803,12.7680518077222,0.000398754422996198,0.0533448087175124,0.0387730312087652,"cogn_se_lv"
"9862","HNRNPA1","Exc L5/6 IT Car3",-0.0422087793488156,5.32751728985452,2.37867585006636,0.123848165071194,0.492855743293762,0.540889696928208,"cogn_se_lv"
"9863","COPZ1","Exc L5/6 IT Car3",-0.0106144107352049,4.70432211103247,0.461682264051861,0.497259483165098,0.81066245888045,0.857594067060255,"cogn_se_lv"
"9864","ZNF385A","Exc L5/6 IT Car3",0.00622738949925335,2.62612282675285,0.0431216430956863,0.835609517489571,0.966846889268814,0.98049653998071,"cogn_se_lv"
"9865","PDE1B","Exc L5/6 IT Car3",-0.0017706418071319,5.43095358433315,0.0181999366166143,0.892757930170251,0.9857013440361,0.990881451573425,"cogn_se_lv"
"9866","PPP1R1A","Exc L5/6 IT Car3",-0.0546373037830544,5.58346367847437,6.2928425362602,0.0125454161220107,0.222666720681974,0.211918252190512,"cogn_se_lv"
"9867","TESPA1","Exc L5/6 IT Car3",0.0140282877574652,7.24169040373853,0.536335576485341,0.464414453591151,0.79119444669795,0.842323159938705,"cogn_se_lv"
"9868","METTL7B","Exc L5/6 IT Car3",-0.205741081986307,1.91443760437802,16.3654822498696,6.34797896158342e-05,0.0227198595857602,0.014179725446039,"cogn_se_lv"
"9869","ITGA7","Exc L5/6 IT Car3",-0.00764996235787088,6.13487309739952,0.21033847829674,0.64676886466924,0.886441433680369,0.923653577839976,"cogn_se_lv"
"9870","CD63","Exc L5/6 IT Car3",-0.0325952977015455,5.32494687647032,0.927569053358406,0.336118229388873,0.70609603471127,0.764977437640451,"cogn_se_lv"
"9871","AC009779.2","Exc L5/6 IT Car3",0.0284399873750537,1.69873666250214,0.327554131838458,0.567447024949545,0.846549991660867,0.889595807690941,"cogn_se_lv"
"9872","GDF11","Exc L5/6 IT Car3",0.0221157920633548,2.90012513903928,0.667920295272897,0.414298388087919,0.76329240710795,0.815599114652757,"cogn_se_lv"
"9873","SARNP","Exc L5/6 IT Car3",0.0103740045717276,1.65640746912794,0.0471357143310757,0.828242972528836,0.96520240999292,0.978896725363532,"cogn_se_lv"
"9874","PYM1","Exc L5/6 IT Car3",0.0486027041879501,2.96420215457625,3.60904263160357,0.068574262014388,0.400515329184604,0.431011480563664,"cogn_se_lv"
"9875","DGKA","Exc L5/6 IT Car3",-0.0025734448908064,4.58978355122538,0.0316340950350447,0.858929488568119,0.973721295691941,0.985301487860902,"cogn_se_lv"
"9876","RAB5B","Exc L5/6 IT Car3",-0.0309206271995568,5.58902148610272,4.92179919532314,0.0271202953752593,0.29594419293694,0.294779210842238,"cogn_se_lv"
"9877","SUOX","Exc L5/6 IT Car3",0.022316932752293,2.88600672793862,0.736304785841241,0.391397205995872,0.748087804306567,0.802373317987327,"cogn_se_lv"
"9878","IKZF4","Exc L5/6 IT Car3",-0.00888411585270525,4.49480616900825,0.3100015201009,0.578012551561307,0.853541850751153,0.895049121888068,"cogn_se_lv"
"9879","RPS26","Exc L5/6 IT Car3",-0.0035106420890122,3.43003787661965,0.00578230013325975,0.93942682648399,0.994539668727838,0.997351302535834,"cogn_se_lv"
"9880","PA2G4","Exc L5/6 IT Car3",-0.00998488299013331,4.01852249000603,0.195096660737269,0.658963628599827,0.890851216106056,0.928205177147743,"cogn_se_lv"
"9881","RPL41","Exc L5/6 IT Car3",-0.0422933416650867,6.39959456810823,0.836541994615521,0.36097744010233,0.724943115287327,0.781569880676282,"cogn_se_lv"
"9882","ESYT1","Exc L5/6 IT Car3",0.0337192383037451,3.90214797473638,2.81121537520298,0.0944437585572797,0.447227521291241,0.48768238050315,"cogn_se_lv"
"9883","MYL6B","Exc L5/6 IT Car3",-0.0195301849237338,4.82720329637829,0.983151508045692,0.322063601648396,0.695072055724136,0.755568288897441,"cogn_se_lv"
"9884","MYL6","Exc L5/6 IT Car3",-0.0471045995056885,5.02805155561506,3.1003876735173,0.0790915884722721,0.420601087279982,0.457141593608343,"cogn_se_lv"
"9885","SMARCC2","Exc L5/6 IT Car3",-0.034524803331827,6.02254666124695,10.1800420409689,0.00153974067031504,0.0955024320442973,0.0793035981887679,"cogn_se_lv"
"9886","RNF41","Exc L5/6 IT Car3",-0.0212991960230742,5.12702047696713,2.31499187418732,0.12897770002329,0.499159785708708,0.549344535742094,"cogn_se_lv"
"9887","NABP2","Exc L5/6 IT Car3",-0.0452090495066199,3.7770587901306,4.64667185453827,0.0317517687773804,0.307073851345728,0.315067358554225,"cogn_se_lv"
"9888","ANKRD52","Exc L5/6 IT Car3",-0.0161034483430295,4.92533050371938,1.42046654046609,0.234083004182063,0.621576109846761,0.679273203060413,"cogn_se_lv"
"9889","COQ10A","Exc L5/6 IT Car3",-0.035394313907871,2.61507778928414,1.24437172337263,0.265347039477591,0.648368293972036,0.709131790826695,"cogn_se_lv"
"9890","CS","Exc L5/6 IT Car3",-0.00312282147677083,4.63957604563376,0.0437117757267495,0.83450469941961,0.966563259257668,0.980242942891289,"cogn_se_lv"
"9891","AC073896.1","Exc L5/6 IT Car3",0.00868809552211533,3.9422359032484,0.171540305820954,0.678984136133722,0.900306250321158,0.93565769053229,"cogn_se_lv"
"9892","AC073896.2","Exc L5/6 IT Car3",-0.00204542863063995,2.98307517579911,0.00458247684498027,0.946065436343299,0.994804925328349,0.997626386519645,"cogn_se_lv"
"9893","PAN2","Exc L5/6 IT Car3",0.0186081338266933,4.2319295770416,1.1586979417582,0.282430206890865,0.662539096936755,0.723366709411227,"cogn_se_lv"
"9894","STAT2","Exc L5/6 IT Car3",0.00493285635854163,5.39677438725183,0.150194253911739,0.698570442178182,0.909108486430441,0.942445306895707,"cogn_se_lv"
"9895","TIMELESS","Exc L5/6 IT Car3",0.0112648536707736,1.71516710274428,0.0679218528688293,0.86931717817594,0.977481652087945,0.987223542196963,"cogn_se_lv"
"9896","SPRYD4","Exc L5/6 IT Car3",0.0548934020653032,2.83036744557314,3.07799373021692,0.0801779959567062,0.422408291229972,0.459641477517112,"cogn_se_lv"
"9897","GLS2","Exc L5/6 IT Car3",0.00434338429459183,5.85268993996283,0.158433927209228,0.690829780296529,0.904684871763421,0.939652818308694,"cogn_se_lv"
"9898","RBMS2","Exc L5/6 IT Car3",0.00420728163508927,4.6200753906804,0.0475759280551401,0.827455405437832,0.965030212919691,0.978805885773327,"cogn_se_lv"
"9899","BAZ2A","Exc L5/6 IT Car3",-6.69726502909345e-05,5.62300727719733,3.78815395909362e-05,0.995092497080231,0.999242764926216,0.999870711362408,"cogn_se_lv"
"9900","ATP5F1B","Exc L5/6 IT Car3",-0.0645303798711646,6.09194345800524,7.02461315834955,0.008381404315805,0.193098521587184,0.177050956084141,"cogn_se_lv"
"9901","PTGES3","Exc L5/6 IT Car3",-0.0286321733989987,6.29780788576012,2.3159822685096,0.128896132955077,0.499046914761922,0.54913384549255,"cogn_se_lv"
"9902","NACA","Exc L5/6 IT Car3",-0.0673708186210775,6.31003689791151,4.35306925028517,0.0376198553636233,0.324958739062189,0.337960012637371,"cogn_se_lv"
"9903","PRIM1","Exc L5/6 IT Car3",0.00251313766089893,3.29682165413145,0.0104826278019442,0.918506243166125,0.990428761581556,0.994631051849355,"cogn_se_lv"
"9904","ZBTB39","Exc L5/6 IT Car3",-0.0514564404528774,2.28828692466258,2.67229955516412,0.102950494004106,0.462584975531369,0.503520060865982,"cogn_se_lv"
"9905","NEMP1","Exc L5/6 IT Car3",0.0698578729315903,3.73264807905619,8.086033744033,0.00470595433296001,0.149778962603295,0.134437929697582,"cogn_se_lv"
"9906","NAB2","Exc L5/6 IT Car3",-0.0115848246437496,4.09018416221543,0.274926326944169,0.600357013388965,0.864797307755164,0.904762854293431,"cogn_se_lv"
"9907","STAT6","Exc L5/6 IT Car3",0.0169868238154841,4.76952014120839,1.41142724501405,0.235574159542104,0.622973768995341,0.680658719161473,"cogn_se_lv"
"9908","LRP1","Exc L5/6 IT Car3",-0.000532431497159404,6.361040866426,0.00351849874054354,0.952731381777431,0.996163867487918,0.998166402803905,"cogn_se_lv"
"9909","SHMT2","Exc L5/6 IT Car3",-0.0182186717360904,3.1832706980997,0.405307188299744,0.524750844652454,0.822693870075575,0.870674534093127,"cogn_se_lv"
"9910","NDUFA4L2","Exc L5/6 IT Car3",0.0125597825998149,2.10523552933554,0.108646311379043,0.741875272330764,0.932113677946808,0.956929390304924,"cogn_se_lv"
"9911","STAC3","Exc L5/6 IT Car3",0.0564237261639786,2.84683932435452,2.98524688081398,0.0848526738087652,0.432147631907274,0.46971897666996,"cogn_se_lv"
"9912","R3HDM2","Exc L5/6 IT Car3",0.0073860604966149,7.83859764258572,0.367582887232285,0.544692886076766,0.833365495250168,0.879769210551665,"cogn_se_lv"
"9913","ARHGAP9","Exc L5/6 IT Car3",-0.0343328861653241,3.1377458918402,1.35246373175228,0.245589989346923,0.63060160275998,0.690090812002894,"cogn_se_lv"
"9914","MARS","Exc L5/6 IT Car3",-0.0296559789994526,6.14778443725274,6.83118758607561,0.00931997753654798,0.199491591498572,0.185570297642136,"cogn_se_lv"
"9915","DDIT3","Exc L5/6 IT Car3",-0.0279302996056666,3.61674855708603,0.934622064433181,0.334290025270564,0.704177865988774,0.763686464495108,"cogn_se_lv"
"9916","MBD6","Exc L5/6 IT Car3",-0.0681999165074758,2.85526959970553,5.83703683735071,0.0161710192875668,0.243815905276506,0.236818538198491,"cogn_se_lv"
"9917","DCTN2","Exc L5/6 IT Car3",-0.0424650080482897,5.53461269507773,6.98671794673421,0.00855730920831709,0.193669637509821,0.178559088094738,"cogn_se_lv"
"9918","KIF5A","Exc L5/6 IT Car3",-0.0306336730348846,6.96353320080472,7.48037753173881,0.00653472022676325,0.173995405345824,0.15805285350726,"cogn_se_lv"
"9919","PIP4K2C","Exc L5/6 IT Car3",-0.00131012339955042,5.82288414412046,0.00968949780084532,0.921639468299591,0.990974669133532,0.994997410668679,"cogn_se_lv"
"9920","DTX3","Exc L5/6 IT Car3",-0.0359933047737645,5.5439246030068,4.81560994845655,0.0288180002876497,0.30020230742988,0.302498062626707,"cogn_se_lv"
"9921","ARHGEF25","Exc L5/6 IT Car3",-0.0443692554456783,4.43349473429965,4.2671902591656,0.0395440474435658,0.328963724408907,0.345089680314248,"cogn_se_lv"
"9922","SLC26A10","Exc L5/6 IT Car3",0.0198486352466276,2.01809227875006,0.211670116267574,0.645729107311199,0.886035214115491,0.923329464290186,"cogn_se_lv"
"9923","B4GALNT1","Exc L5/6 IT Car3",-0.0293429264402659,5.57323269082745,3.26299289702297,0.0716640908571809,0.409395084740911,0.439142111543041,"cogn_se_lv"
"9924","OS9","Exc L5/6 IT Car3",-0.0185573893881493,4.93318341102583,1.72968213101367,0.189257957696863,0.576719911397708,0.63077908982393,"cogn_se_lv"
"9925","AC025165.2","Exc L5/6 IT Car3",-0.0113631997862271,2.39757586418767,0.0832165762837985,0.773144770816483,0.944640998957263,0.965462207826479,"cogn_se_lv"
"9926","AGAP2","Exc L5/6 IT Car3",-0.0261960521876002,5.53801039945201,3.11238462780454,0.0785161332969997,0.420387560324412,0.455872933363674,"cogn_se_lv"
"9927","TSPAN31","Exc L5/6 IT Car3",-0.0172328294600375,4.03528962969079,0.685158383202366,0.408344404894204,0.759734535246974,0.812306597455724,"cogn_se_lv"
"9928","CDK4","Exc L5/6 IT Car3",0.00416031599085991,3.19379537841912,0.0338638012384088,0.917817323371821,0.99026981258359,0.994552026792471,"cogn_se_lv"
"9929","MARCH9","Exc L5/6 IT Car3",0.0125848610132074,4.0754608342059,0.420424891209516,0.517123348908665,0.819995665260249,0.86726792649555,"cogn_se_lv"
"9930","TSFM","Exc L5/6 IT Car3",0.0299005529186386,3.91503399069277,2.1939686103219,0.139394626309039,0.512857589982336,0.565076608680689,"cogn_se_lv"
"9931","AVIL","Exc L5/6 IT Car3",0.0958069756217915,4.14713256817621,10.3943804431705,0.00137519976946841,0.0923637139264533,0.0752149923896609,"cogn_se_lv"
"9932","CTDSP2","Exc L5/6 IT Car3",0.0242640314339862,4.73286225748588,3.04545781435739,0.0817853090443537,0.425484291824225,0.463193181393866,"cogn_se_lv"
"9933","AC084033.3","Exc L5/6 IT Car3",0.019522089375634,3.73096341052119,0.741054871507299,0.389875183800809,0.746621560596167,0.801236443066405,"cogn_se_lv"
"9934","ATP23","Exc L5/6 IT Car3",0.0122191799698899,3.27010993434455,0.276760503694564,0.599144481043067,0.863966481649984,0.904339474071316,"cogn_se_lv"
"9935","AC020637.1","Exc L5/6 IT Car3",0.0775303249016867,1.70154799088521,1.65285048360601,0.19936756149428,0.586514030126452,0.641649453393984,"cogn_se_lv"
"9936","LINC02388","Exc L5/6 IT Car3",0.00552807735511363,1.57391225633952,0.0114299549852887,0.914916986272276,0.989073227776396,0.994167716172383,"cogn_se_lv"
"9937","SLC16A7","Exc L5/6 IT Car3",0.00387875375613436,6.10824320193754,0.0639973130673843,0.800425172052378,0.954925844797372,0.973040512587089,"cogn_se_lv"
"9938","FAM19A2","Exc L5/6 IT Car3",-0.0543988456160588,6.12967926113127,2.19325390730449,0.139458887733206,0.512942082338302,0.565179466910651,"cogn_se_lv"
"9939","USP15","Exc L5/6 IT Car3",-0.0171197364026768,6.86005433942664,4.23766564953209,0.040229292716695,0.330776725437538,0.347592938444206,"cogn_se_lv"
"9940","MON2","Exc L5/6 IT Car3",0.00945994811343061,7.74659518329936,0.85099644380925,0.356865838638628,0.72215560740022,0.779361877102759,"cogn_se_lv"
"9941","AC048341.1","Exc L5/6 IT Car3",0.0819266694148523,3.66050398199232,12.4686624549711,0.000465558394196158,0.0551773078689074,0.0424597765332837,"cogn_se_lv"
"9942","PPM1H","Exc L5/6 IT Car3",0.0443133504157172,7.27740854752084,10.1296969644212,0.00158121307209271,0.0955024320442973,0.0800292140832888,"cogn_se_lv"
"9943","AC026116.1","Exc L5/6 IT Car3",-0.000568697492302853,1.36706209425349,7.34443662928627e-05,0.993166811222844,0.999242764926216,0.999870711362408,"cogn_se_lv"
"9944","DPY19L2","Exc L5/6 IT Car3",-0.0141962947342139,7.15088821295975,1.24864620017617,0.264529127687714,0.647702685546839,0.708378517807655,"cogn_se_lv"
"9945","AC084357.2","Exc L5/6 IT Car3",-0.0362316928544902,3.18709813620707,0.988480083891201,0.320757502513815,0.693607301690158,0.754618259548611,"cogn_se_lv"
"9946","RXYLT1","Exc L5/6 IT Car3",-0.0204610901512127,3.55756395285354,0.877579664420773,0.349470491213103,0.717209075846066,0.773747316405839,"cogn_se_lv"
"9947","SRGAP1","Exc L5/6 IT Car3",-0.00878151249729666,5.11101518079612,0.203549874556258,0.652132324802654,0.888023014291384,0.925244297801792,"cogn_se_lv"
"9948","AC020611.2","Exc L5/6 IT Car3",-0.00141746457457208,2.23551802808095,0.00078386571525939,0.977679009985811,0.998390354534415,0.999587663647463,"cogn_se_lv"
"9949","C12orf66","Exc L5/6 IT Car3",0.0243952396804605,3.14167684652284,0.980427620379701,0.322733974791319,0.695965805481828,0.756059707592746,"cogn_se_lv"
"9950","C12orf56","Exc L5/6 IT Car3",-0.00883277978465775,1.96369131286148,0.0491523863584589,0.824665910886936,0.964248646577592,0.978239101024364,"cogn_se_lv"
"9951","XPOT","Exc L5/6 IT Car3",-0.0193097972268938,5.19816144855157,1.87755434843371,0.171435013990027,0.558108963537547,0.609597939965716,"cogn_se_lv"
"9952","TBK1","Exc L5/6 IT Car3",0.0148054795732305,6.21379332319665,2.32256701134365,0.128355289592507,0.498550829244876,0.548152369337192,"cogn_se_lv"
"9953","RASSF3","Exc L5/6 IT Car3",0.0107608701026991,5.81524577813715,0.374688462419945,0.540831953846272,0.831010759753806,0.878102134246052,"cogn_se_lv"
"9954","GNS","Exc L5/6 IT Car3",-0.00602903856800687,5.55356767329942,0.296127855215613,0.586644703837647,0.856986189898961,0.89912355448069,"cogn_se_lv"
"9955","AC025262.1","Exc L5/6 IT Car3",0.0349810242092565,3.03809314998522,1.72348933135408,0.190050189322877,0.577695519193971,0.631411629238937,"cogn_se_lv"
"9956","TBC1D30","Exc L5/6 IT Car3",0.0280589183079084,4.77445637471651,3.97133281414107,0.0470080523092625,0.350850594102594,0.368938017969043,"cogn_se_lv"
"9957","LINC02389","Exc L5/6 IT Car3",0.026794129738236,5.97569803505029,1.79125614065658,0.181586957275109,0.568359420879382,0.621787822277805,"cogn_se_lv"
"9958","LINC02231","Exc L5/6 IT Car3",0.044946157349393,2.38280322541439,1.11624544301092,0.291410907840135,0.670607770738452,0.730714106194869,"cogn_se_lv"
"9959","LEMD3","Exc L5/6 IT Car3",-0.0191883901815727,5.86512721894571,2.3375378054778,0.127135062628715,0.497058895267095,0.546106714521424,"cogn_se_lv"
"9960","MSRB3","Exc L5/6 IT Car3",0.0219678114545491,6.74284676527134,1.7788649910839,0.183101124464443,0.570047462080366,0.623817566882345,"cogn_se_lv"
"9961","LINC02454","Exc L5/6 IT Car3",0.0222537589286153,1.71599143805201,0.22004395381258,0.639279994073554,0.883493921788341,0.920896072922485,"cogn_se_lv"
"9962","LLPH","Exc L5/6 IT Car3",0.0118156038784059,3.39631155085818,0.253803130254612,0.643772453841638,0.885447193796969,0.922518009188558,"cogn_se_lv"
"9963","IRAK3","Exc L5/6 IT Car3",-0.0413813709488011,1.64562268130674,0.538956690030383,0.463325822142291,0.790961030368069,0.841827876019513,"cogn_se_lv"
"9964","HELB","Exc L5/6 IT Car3",0.00483249498991399,4.90281451906298,0.0927078187213716,0.76093203896229,0.940466406548739,0.962188567061212,"cogn_se_lv"
"9965","GRIP1","Exc L5/6 IT Car3",0.00550528286529303,8.88358613686535,0.184777543786221,0.667547013641301,0.895220332863334,0.931248264652647,"cogn_se_lv"
"9966","CAND1","Exc L5/6 IT Car3",0.0172977950183376,6.23399739117429,3.39945929704942,0.240450553904981,0.625749066637086,0.685199964994852,"cogn_se_lv"
"9967","DYRK2","Exc L5/6 IT Car3",0.0253855886207692,2.47522954401331,0.666448689874101,0.414812612349326,0.763587229497157,0.815916451415284,"cogn_se_lv"
"9968","IFNG-AS1","Exc L5/6 IT Car3",0.0603804279695122,1.37603368509878,1.16349070061554,0.281438551803766,0.662539096936755,0.722809241654814,"cogn_se_lv"
"9969","MDM1","Exc L5/6 IT Car3",-0.0114836994671219,3.93718634066841,0.349224565133485,0.554909680667665,0.839929682996154,0.884550486850169,"cogn_se_lv"
"9970","RAP1B","Exc L5/6 IT Car3",0.0125578974882212,5.56067856736348,1.31992453759227,0.251340456237495,0.63477305834746,0.696041186686884,"cogn_se_lv"
"9971","NUP107","Exc L5/6 IT Car3",-0.0181149318166484,5.14949169576601,1.81825979605188,0.178337270789426,0.564756321504744,0.61850284948969,"cogn_se_lv"
"9972","SLC35E3","Exc L5/6 IT Car3",0.0116924192496922,5.83315502261915,0.702877538540149,0.40235443959243,0.755426964173174,0.808600846413918,"cogn_se_lv"
"9973","MDM2","Exc L5/6 IT Car3",-0.00250677093663965,5.24196232128253,0.040586125309585,0.840448535823794,0.968763323584242,0.981330852000242,"cogn_se_lv"
"9974","CPM","Exc L5/6 IT Car3",-0.128670731802374,3.17734282753771,10.3660319673658,0.00139589196956138,0.0925715026346619,0.0755674826270506,"cogn_se_lv"
"9975","CPSF6","Exc L5/6 IT Car3",-0.0159362293032941,6.7343059848595,2.17397344537632,0.14120512175567,0.516186894018947,0.568046189404307,"cogn_se_lv"
"9976","YEATS4","Exc L5/6 IT Car3",-0.0202918224821601,3.28937353757148,0.803421430977947,0.445858126836836,0.780632146987362,0.832926973049259,"cogn_se_lv"
"9977","FRS2","Exc L5/6 IT Car3",0.0067632628805959,6.20937336892675,0.401016581631835,0.526952088017743,0.824017130341008,0.871463074502061,"cogn_se_lv"
"9978","CCT2","Exc L5/6 IT Car3",-0.026916149848621,4.98925208214013,2.03449502773657,0.154600167534774,0.535662632480032,0.587177609935772,"cogn_se_lv"
"9979","RAB3IP","Exc L5/6 IT Car3",-0.0107117987790624,3.57594704383725,0.199653514587654,0.655259518242493,0.889256188591036,0.926628996451328,"cogn_se_lv"
"9980","MYRFL","Exc L5/6 IT Car3",0.0856409259492952,2.53924330816892,3.11873442705281,0.0782133872651766,0.420387560324412,0.455390719338205,"cogn_se_lv"
"9981","AC025159.1","Exc L5/6 IT Car3",0.0275873960026279,6.74988866924994,1.06496723781643,0.30275244744096,0.679709276797619,0.740836582111697,"cogn_se_lv"
"9982","CNOT2","Exc L5/6 IT Car3",-0.00853416508906408,6.64563333893354,0.780756193723438,0.377478094224411,0.736951397959366,0.793304093936858,"cogn_se_lv"
"9983","KCNMB4","Exc L5/6 IT Car3",0.0266171679674148,6.89979739872164,4.53643873796232,0.0338334672834694,0.312585463591507,0.323834229099264,"cogn_se_lv"
"9984","AC025569.1","Exc L5/6 IT Car3",-0.048673994198726,3.4757332844973,2.89499755011396,0.0896867387122156,0.439299461738064,0.479217414577658,"cogn_se_lv"
"9985","PTPRB","Exc L5/6 IT Car3",0.043489537709479,6.013906422239,8.16240574505253,0.00451594381369668,0.146875328353949,0.131848277963284,"cogn_se_lv"
"9986","PTPRR","Exc L5/6 IT Car3",0.0360461115826456,7.5043286595184,6.3168554953626,0.0123794806525425,0.22127782490433,0.210519628160394,"cogn_se_lv"
"9987","ZFC3H1","Exc L5/6 IT Car3",-0.0165541595919467,6.30248452148994,2.39068575553196,0.122906530053417,0.49197586118719,0.539629294461194,"cogn_se_lv"
"9988","THAP2","Exc L5/6 IT Car3",0.0121260749473184,3.6633623025883,0.358860670470142,0.54950266646643,0.837051948259007,0.881964819037921,"cogn_se_lv"
"9989","TMEM19","Exc L5/6 IT Car3",-0.0243868078960975,3.27582608404489,1.01803892894362,0.313637524773194,0.688374430442022,0.749764241606735,"cogn_se_lv"
"9990","RAB21","Exc L5/6 IT Car3",-0.0158520803046105,5.81690519261515,1.46443805468715,0.226990239511315,0.615899116022415,0.672230176851761,"cogn_se_lv"
"9991","TBC1D15","Exc L5/6 IT Car3",0.00150675333457389,6.35786644301096,0.0277799053646928,0.881354288424119,0.981763353998783,0.988964467978013,"cogn_se_lv"
"9992","TPH2","Exc L5/6 IT Car3",-0.00394782996285189,2.46968839140939,0.014457471178173,0.904358268187714,0.987810604126722,0.992783029875537,"cogn_se_lv"
"9993","TRHDE","Exc L5/6 IT Car3",-0.0182650985381406,9.33644532770106,1.82540399677816,0.177488834830212,0.56390445252621,0.617311659182509,"cogn_se_lv"
"9994","AC090502.1","Exc L5/6 IT Car3",0.0669997750588845,2.05699898195651,1.69286474136217,0.194025452093696,0.582685161431792,0.636099212542187,"cogn_se_lv"
"9995","ATXN7L3B","Exc L5/6 IT Car3",0.00298381489316562,5.63647149553908,0.0203583616358609,0.886617658845782,0.983710314298651,0.989807311040654,"cogn_se_lv"
"9996","KCNC2","Exc L5/6 IT Car3",-0.00776869743895364,9.19356042509824,0.328399736794831,0.566947580795976,0.846340320935947,0.889427243178691,"cogn_se_lv"
"9997","CAPS2","Exc L5/6 IT Car3",-0.0259058378799089,5.56841696602,2.68557950262319,0.10210202511757,0.460969387011202,0.501985491115913,"cogn_se_lv"
"9998","GLIPR1L2","Exc L5/6 IT Car3",0.0309982762430532,3.11001959015142,0.688374782530037,0.407247436645062,0.758873719574708,0.811675193964728,"cogn_se_lv"
"9999","GLIPR1","Exc L5/6 IT Car3",-0.0603399345103948,1.98711412225421,1.76189060291428,0.185199259697387,0.571964161017738,0.625874610550396,"cogn_se_lv"
"10000","KRR1","Exc L5/6 IT Car3",0.00417022259371841,5.25751647266458,0.121606026740771,0.892934551489663,0.9857013440361,0.990891730810714,"cogn_se_lv"
"10001","AC078923.1","Exc L5/6 IT Car3",0.0478642486119843,3.18223308304991,1.57552842518198,0.210190357805036,0.598377655682482,0.653440509006916,"cogn_se_lv"
"10002","PHLDA1","Exc L5/6 IT Car3",-0.0851216712077869,3.33671868046315,8.38772825097789,0.00399980302793803,0.141379082140812,0.124472040797693,"cogn_se_lv"
"10003","NAP1L1","Exc L5/6 IT Car3",-0.0182976532427366,7.25444178983878,4.29798626625424,0.038842382874473,0.327903038577323,0.342861269144949,"cogn_se_lv"
"10004","BBS10","Exc L5/6 IT Car3",-0.0741006310948035,2.89980270815405,7.09859588234814,0.00804861730147657,0.19045289095943,0.174034999028027,"cogn_se_lv"
"10005","OSBPL8","Exc L5/6 IT Car3",-0.0193861318920252,7.5781592749857,2.67030393835019,0.10307866393759,0.462584975531369,0.503794287955531,"cogn_se_lv"
"10006","AC107032.2","Exc L5/6 IT Car3",0.103495727818795,2.01496826782137,4.1529607201415,0.0422656310445936,0.336333020566854,0.354832608183215,"cogn_se_lv"
"10007","ZDHHC17","Exc L5/6 IT Car3",-0.00329823002497398,6.79445907631569,0.139657892678287,0.708833286142931,0.914566085994274,0.94629799345929,"cogn_se_lv"
"10008","CSRP2","Exc L5/6 IT Car3",-0.0163047385402748,2.24164145927039,0.118909360927306,0.730414401923568,0.925604180890752,0.953385837646007,"cogn_se_lv"
"10009","NAV3","Exc L5/6 IT Car3",0.000263049710433119,11.5430609615573,0.000539215435638852,0.981486372111713,0.998390354534415,0.999870711362408,"cogn_se_lv"
"10010","AC073571.1","Exc L5/6 IT Car3",-0.02391071120661,2.91573802722249,0.355436103705815,0.551412863676539,0.837943103714554,0.88271466231135,"cogn_se_lv"
"10011","LINC02424","Exc L5/6 IT Car3",-0.0871017251047779,2.99176493043316,3.95075761263211,0.0475797534025883,0.352349082051382,0.371252576273535,"cogn_se_lv"
"10012","AC128707.1","Exc L5/6 IT Car3",-0.0506872306094666,3.133346343933,2.33089272133306,0.127675077782026,0.497562542155802,0.546850104236426,"cogn_se_lv"
"10013","AC130415.1","Exc L5/6 IT Car3",0.0979618048734063,2.21020249624351,4.30635502890541,0.0386539814877853,0.327903038577323,0.342134450084952,"cogn_se_lv"
"10014","AC079362.1","Exc L5/6 IT Car3",0.0756314994179126,2.42273553309524,2.58367526507476,0.10881530069063,0.471062624611416,0.514260003441085,"cogn_se_lv"
"10015","SYT1","Exc L5/6 IT Car3",-0.0189895813392585,12.3861464266543,4.91873497378568,0.0271677911910271,0.29594419293694,0.294901306073918,"cogn_se_lv"
"10016","AC090709.1","Exc L5/6 IT Car3",-0.0164615231186482,6.07152504155153,0.225412269461734,0.635223980059211,0.882059262616085,0.919718998985905,"cogn_se_lv"
"10017","AC027288.3","Exc L5/6 IT Car3",-0.00249093216585511,6.19685192756095,0.00421527144198282,0.948268337262756,0.994804925328349,0.997804640603097,"cogn_se_lv"
"10018","AC073569.2","Exc L5/6 IT Car3",0.0307068787215457,1.76410002508775,0.432373711055114,0.511231327236431,0.81828914468733,0.864783552606173,"cogn_se_lv"
"10019","PPP1R12A","Exc L5/6 IT Car3",-0.00539582055156456,8.15626360925456,0.334372907136978,0.563443755493427,0.844316849587076,0.888165424892742,"cogn_se_lv"
"10020","OTOGL","Exc L5/6 IT Car3",-0.0252512400456727,6.18468800588001,1.20491005139966,0.273049335571576,0.655369506307947,0.715679681480557,"cogn_se_lv"
"10021","PTPRQ","Exc L5/6 IT Car3",0.084872735395451,6.35951146761827,11.7177818503753,0.000687617509542154,0.0636774837401833,0.0528164345943899,"cogn_se_lv"
"10022","AC074031.1","Exc L5/6 IT Car3",0.0998301692861393,1.62447765969671,3.13569808561799,0.0774107630693047,0.419843638716814,0.453356680981225,"cogn_se_lv"
"10023","LIN7A","Exc L5/6 IT Car3",0.0111490251488558,8.15391048682335,0.688446393366256,0.407223062697267,0.758873719574708,0.81166709352473,"cogn_se_lv"
"10024","ACSS3","Exc L5/6 IT Car3",0.128035199774658,5.00363579859746,25.6096400975952,6.57013066666448e-07,0.000919221008726966,0.000983450008839672,"cogn_se_lv"
"10025","PPFIA2","Exc L5/6 IT Car3",0.0123550626515482,9.89000346948639,1.30469614298875,0.254088560562518,0.637946240799404,0.698642900283355,"cogn_se_lv"
"10026","PPFIA2-AS1","Exc L5/6 IT Car3",0.0367807446592108,3.4878386380351,0.767586250110957,0.381527646420163,0.740402552467578,0.79645144020686,"cogn_se_lv"
"10027","AC069228.1","Exc L5/6 IT Car3",-0.00519700339969492,5.15080000277551,0.0149370205246416,0.902792781126566,0.987810604126722,0.992744989013678,"cogn_se_lv"
"10028","CCDC59","Exc L5/6 IT Car3",0.0304361049111956,5.61377050552489,1.65427845276604,0.199173966475879,0.586514030126452,0.641457805861802,"cogn_se_lv"
"10029","METTL25","Exc L5/6 IT Car3",0.00207695205385342,6.12856182798344,0.0266600814539327,0.870386916554963,0.978296058493998,0.987424664418528,"cogn_se_lv"
"10030","TMTC2","Exc L5/6 IT Car3",-0.000364298301686539,7.71182323339206,0.000261770794231718,0.987099958643348,0.998407505464475,0.999870711362408,"cogn_se_lv"
"10031","SLC6A15","Exc L5/6 IT Car3",0.00198647043195874,5.90723017665232,0.0228589455190028,0.879906043902375,0.981383038672293,0.988923094115778,"cogn_se_lv"
"10032","TSPAN19","Exc L5/6 IT Car3",0.0109616823500394,2.38391940499582,0.108748701439206,0.741758024600969,0.932042455797592,0.956876232035121,"cogn_se_lv"
"10033","LRRIQ1","Exc L5/6 IT Car3",0.0043603741477766,5.77903782645846,0.0355204291571911,0.850611605599008,0.971725362044465,0.983541534992607,"cogn_se_lv"
"10034","MGAT4C","Exc L5/6 IT Car3",-0.0248959328704753,7.51932956306445,1.72422492638257,0.189955883568784,0.577660843084104,0.63140234082158,"cogn_se_lv"
"10035","C12orf29","Exc L5/6 IT Car3",-0.0310049483942456,4.07266865031529,2.38493792481751,0.123356189249533,0.492748863359404,0.540402930408149,"cogn_se_lv"
"10036","CEP290","Exc L5/6 IT Car3",-0.0122226060437968,6.91102697743848,1.0490529280435,0.306387895703231,0.682747109631723,0.74362204867072,"cogn_se_lv"
"10037","TMTC3","Exc L5/6 IT Car3",0.00161479136918302,5.40054978175681,0.0173721136546817,0.895210802004995,0.9859234466049,0.991412571882347,"cogn_se_lv"
"10038","KITLG","Exc L5/6 IT Car3",-0.0537864885020486,1.84180516451414,1.09036668221254,0.297065013402033,0.675435283409908,0.735366882543255,"cogn_se_lv"
"10039","AC024909.1","Exc L5/6 IT Car3",0.110156854202316,3.99548090939945,7.09687667219877,0.00805619441290376,0.19045289095943,0.174091081091698,"cogn_se_lv"
"10040","DUSP6","Exc L5/6 IT Car3",0.0295360429728754,3.3631804631299,0.441718464894167,0.506704119227825,0.816298421614546,0.862474155410723,"cogn_se_lv"
"10041","POC1B","Exc L5/6 IT Car3",0.00865254212629089,5.04454607485942,0.367382062629712,0.544802747716616,0.833450724389534,0.879860809386345,"cogn_se_lv"
"10042","POC1B-AS1","Exc L5/6 IT Car3",0.0153410042146995,4.38415594154669,0.739881021984463,0.390250517467187,0.74689768835199,0.80147004986712,"cogn_se_lv"
"10043","AC025034.1","Exc L5/6 IT Car3",-0.00240862001280533,3.66316136638936,0.010434249533203,0.918693854741836,0.990428761581556,0.994640339049422,"cogn_se_lv"
"10044","ATP2B1","Exc L5/6 IT Car3",-0.0228358282219556,9.94400424098343,7.46588337264016,0.00658648170777892,0.174078706198328,0.158568156723585,"cogn_se_lv"
"10045","ATP2B1-AS1","Exc L5/6 IT Car3",0.00706912317591694,5.06381971575045,0.122866772574009,0.72614331598467,0.924234676668431,0.952126083630502,"cogn_se_lv"
"10046","AC084200.1","Exc L5/6 IT Car3",-0.0225327082089377,2.70689407178244,0.35337296307037,0.552569700088942,0.838994443998502,0.883468182253636,"cogn_se_lv"
"10047","AC126178.1","Exc L5/6 IT Car3",0.0671896116985825,1.87636157008986,2.45391121498715,0.118078846022877,0.487063371828486,0.531394527023355,"cogn_se_lv"
"10048","AC084365.1","Exc L5/6 IT Car3",-0.0671595903309853,2.82834069255863,3.21756354882984,0.0736603795979975,0.412981144631396,0.444173057862054,"cogn_se_lv"
"10049","BTG1","Exc L5/6 IT Car3",-0.0425871660598593,4.89268245970785,2.55486252056375,0.110800569876385,0.474722724099708,0.518170401581813,"cogn_se_lv"
"10050","EEA1","Exc L5/6 IT Car3",0.0055478722756793,6.3113193153213,0.333396553000578,0.56401361137263,0.844808706390935,0.888335207823481,"cogn_se_lv"
"10051","AC138123.1","Exc L5/6 IT Car3",0.0713450593095177,4.09236856460422,4.56127786547242,0.0333522143130787,0.31070767076627,0.321716459411588,"cogn_se_lv"
"10052","AC124947.1","Exc L5/6 IT Car3",0.0518718253033847,2.58866733903022,1.98988875413209,0.159184430171867,0.541163768576327,0.593517985621967,"cogn_se_lv"
"10053","NUDT4","Exc L5/6 IT Car3",0.000773349783500347,6.30220031670394,0.0030812612936809,0.955762539272608,0.996920944446838,0.998428000651427,"cogn_se_lv"
"10054","UBE2N","Exc L5/6 IT Car3",-0.00907866789181934,5.73928826803395,0.459969380150069,0.498058040791972,0.811294797606737,0.858115973666402,"cogn_se_lv"
"10055","MRPL42","Exc L5/6 IT Car3",-0.00203074879986899,5.14541242586729,0.0281320747830922,0.866889427310082,0.976386024918357,0.986809079378017,"cogn_se_lv"
"10056","SOCS2","Exc L5/6 IT Car3",-0.0308206795515415,5.10269034261276,4.28977485702444,0.0390281820661794,0.328078753021212,0.343303675451753,"cogn_se_lv"
"10057","CRADD","Exc L5/6 IT Car3",-0.015784574305655,6.68884366246242,1.14015413690192,0.286309093828439,0.666409097704126,0.726979251850372,"cogn_se_lv"
"10058","AC012085.2","Exc L5/6 IT Car3",0.0052180374188887,2.2554362157462,0.0135525799137236,0.907385752718771,0.988059602045734,0.993170749897817,"cogn_se_lv"
"10059","PLXNC1","Exc L5/6 IT Car3",0.0210123695605742,5.96517826676316,2.81241036208657,0.0943740044236438,0.447037822509382,0.487573472194785,"cogn_se_lv"
"10060","CEP83","Exc L5/6 IT Car3",0.0165168274983413,5.58150031617063,1.43276242162102,0.232072960440742,0.620439023679691,0.677856229890439,"cogn_se_lv"
"10061","TMCC3","Exc L5/6 IT Car3",0.0277670993427106,1.39003196355979,0.242671423210819,0.622572614611233,0.8750796656557,0.914369229314675,"cogn_se_lv"
"10062","NDUFA12","Exc L5/6 IT Car3",-0.0249581155074848,5.06224614574684,0.71694322237645,0.397690355518104,0.75310133769209,0.806182580005318,"cogn_se_lv"
"10063","NR2C1","Exc L5/6 IT Car3",0.0176622924339169,5.95879276254522,2.35765346220442,0.125515837511546,0.494718008042931,0.543448314221612,"cogn_se_lv"
"10064","FGD6","Exc L5/6 IT Car3",0.0361682171754854,5.44802352461963,4.07826221039496,0.0441517509811838,0.342351085321161,0.360809827190036,"cogn_se_lv"
"10065","VEZT","Exc L5/6 IT Car3",0.0214700613913122,7.58659170534102,6.026880753416,0.014544595861445,0.234388827547265,0.22592894865953,"cogn_se_lv"
"10066","METAP2","Exc L5/6 IT Car3",-0.00276794054028913,5.8560823319922,0.085405223287547,0.770264003042391,0.943256958234038,0.964756824291005,"cogn_se_lv"
"10067","USP44","Exc L5/6 IT Car3",0.0227707052424162,3.1327660787008,0.643091036701034,0.423103374782343,0.769245114478639,0.820657988976578,"cogn_se_lv"
"10068","NTN4","Exc L5/6 IT Car3",0.0139996278155577,3.89496150293928,0.27029632883289,0.603440907976684,0.866813853321332,0.906134350647098,"cogn_se_lv"
"10069","SNRPF","Exc L5/6 IT Car3",-0.000507973516462679,4.43786981239394,0.000951882968293024,0.975403562809157,0.998267578294294,0.999481105410931,"cogn_se_lv"
"10070","CCDC38","Exc L5/6 IT Car3",0.0366413727470719,1.88989186049084,0.822049308196757,0.365165954292724,0.727470728788796,0.784968390330064,"cogn_se_lv"
"10071","LTA4H","Exc L5/6 IT Car3",-0.0101468268682843,5.24065322511131,0.780619298468676,0.478112295336118,0.799547311799968,0.848658039434017,"cogn_se_lv"
"10072","ELK3","Exc L5/6 IT Car3",0.0176437535794998,4.55305287717165,0.565023288934027,0.452716500710126,0.784755350388365,0.836085167413145,"cogn_se_lv"
"10073","CDK17","Exc L5/6 IT Car3",-0.00961761716626757,7.64602310219739,1.18320624959456,0.277405326391725,0.65984296042349,0.71971903883539,"cogn_se_lv"
"10074","AC007513.1","Exc L5/6 IT Car3",0.0300933736622348,1.46845492588803,0.313689967041677,0.575760252005262,0.851796959783132,0.894069100137796,"cogn_se_lv"
"10075","CFAP54","Exc L5/6 IT Car3",0.0085400018960443,5.87779474422279,0.233444444142827,0.629264465872533,0.87880037475302,0.917396326308405,"cogn_se_lv"
"10076","NEDD1","Exc L5/6 IT Car3",0.0195826227789814,3.29836026498307,0.721786282662163,0.396102575657099,0.75209818459487,0.805332799582095,"cogn_se_lv"
"10077","AC007656.1","Exc L5/6 IT Car3",0.0132746807686839,4.6489447342107,0.240518910941288,0.624119425339975,0.875827296068406,0.914941171063626,"cogn_se_lv"
"10078","AC016152.1","Exc L5/6 IT Car3",-6.99688626796813e-05,2.59440245198244,5.19418789247564e-06,0.998182778124901,0.999465900469295,0.999954262357359,"cogn_se_lv"
"10079","TMPO","Exc L5/6 IT Car3",-0.0290091462299128,4.10529454269243,2.58350956547066,0.108826604982948,0.471062624611416,0.514274379351091,"cogn_se_lv"
"10080","SLC25A3","Exc L5/6 IT Car3",-0.0379281596325218,6.19263402556622,2.75019154797837,0.0980819082994413,0.453444317307062,0.494292949736396,"cogn_se_lv"
"10081","IKBIP","Exc L5/6 IT Car3",0.00873083113884618,3.94006547822578,0.207259760569482,0.649188108621928,0.88736452997967,0.924412799739312,"cogn_se_lv"
"10082","APAF1","Exc L5/6 IT Car3",0.0306857071483343,4.05228872500447,3.26938406026145,0.0713879521666232,0.408272234799083,0.43832048895292,"cogn_se_lv"
"10083","ANKS1B","Exc L5/6 IT Car3",-0.0155603240995187,10.9304733513831,1.98203704255624,0.16000732361359,0.542523179205366,0.594734363475191,"cogn_se_lv"
"10084","AC069437.1","Exc L5/6 IT Car3",-0.0172065224448048,4.73012100704308,0.293241419465137,0.588473512785671,0.858664771746582,0.89993520393669,"cogn_se_lv"
"10085","UHRF1BP1L","Exc L5/6 IT Car3",-0.0139443747192253,6.68874982284755,2.5377640911953,0.111997582023931,0.476642299946946,0.520187978132093,"cogn_se_lv"
"10086","ACTR6","Exc L5/6 IT Car3",-0.00737943790629617,4.72984245632396,0.265872799650078,0.752061664496375,0.93593557561559,0.959957763619649,"cogn_se_lv"
"10087","DEPDC4","Exc L5/6 IT Car3",0.093590717788491,2.95240948170134,9.65967024667637,0.00202779725728757,0.105431756046134,0.0893066075636894,"cogn_se_lv"
"10088","SCYL2","Exc L5/6 IT Car3",-0.0048682906935775,6.57712852363156,0.197504326697828,0.657000139831928,0.890074349880228,0.927509593922219,"cogn_se_lv"
"10089","SLC17A8","Exc L5/6 IT Car3",-0.0670601767789303,2.43310792114452,1.56265194586905,0.212059641267403,0.599705600717628,0.655660158081305,"cogn_se_lv"
"10090","GAS2L3","Exc L5/6 IT Car3",-0.0366485677630157,5.98655571958259,2.3870626539577,0.123189756224056,0.4926949969564,0.540004626657988,"cogn_se_lv"
"10091","ANO4","Exc L5/6 IT Car3",-0.0335598609053852,6.9899400633432,5.02480837081145,0.0255730530547525,0.290028951004157,0.287682361697507,"cogn_se_lv"
"10092","UTP20","Exc L5/6 IT Car3",-0.00401176625941821,4.59372091657675,0.067252971881446,0.795522069363997,0.952769233269409,0.971634002321825,"cogn_se_lv"
"10093","ARL1","Exc L5/6 IT Car3",-0.0358766118408317,4.51704361560996,3.83224756824969,0.0510194089664978,0.359341608067018,0.381865878174897,"cogn_se_lv"
"10094","MYBPC1","Exc L5/6 IT Car3",0.0593052510057158,1.63327843266696,1.07196289411921,0.301172051708394,0.678856430358464,0.739496551821782,"cogn_se_lv"
"10095","CHPT1","Exc L5/6 IT Car3",0.0136324906552558,7.180443034014,1.87254955176632,0.172005530892339,0.558591500407913,0.610204042577209,"cogn_se_lv"
"10096","SYCP3","Exc L5/6 IT Car3",-0.0128547127921796,3.24348776646506,0.192713335051965,0.66092158527396,0.892114694010829,0.929025139863498,"cogn_se_lv"
"10097","GNPTAB","Exc L5/6 IT Car3",0.0168373304444298,7.61618847790537,2.91380507703495,0.0886551643689634,0.437854915746994,0.477124091546037,"cogn_se_lv"
"10098","DRAM1","Exc L5/6 IT Car3",-0.00421244839860449,1.93612265958573,0.00899646970519326,0.924485033412174,0.991196077697388,0.995367297688998,"cogn_se_lv"
"10099","WASHC3","Exc L5/6 IT Car3",-0.0161521542055429,4.68312623959486,1.24383804504576,0.265449379051147,0.648368293972036,0.709215355703185,"cogn_se_lv"
"10100","NUP37","Exc L5/6 IT Car3",0.024732388860248,3.06392688779829,0.826103088759355,0.36398761748315,0.727161502689981,0.784027982453845,"cogn_se_lv"
"10101","PARPBP","Exc L5/6 IT Car3",0.0573331131414342,2.72777968569376,2.25328853988735,0.134175273272667,0.505062518355585,0.55704994065069,"cogn_se_lv"
"10102","LINC02456","Exc L5/6 IT Car3",0.0760237156530192,1.3265072169201,1.47098692572557,0.225956218164739,0.614844310270117,0.671516785538747,"cogn_se_lv"
"10103","C12orf42","Exc L5/6 IT Car3",0.129370760952404,1.36335494010996,4.87745369424356,0.0278161952869744,0.297838283113648,0.297833458963611,"cogn_se_lv"
"10104","AC025265.2","Exc L5/6 IT Car3",-0.0170558022786637,1.46713035124912,0.0427074718065017,0.836389626514074,0.967115719302831,0.980709956287404,"cogn_se_lv"
"10105","NT5DC3","Exc L5/6 IT Car3",0.0425638943817283,3.95165246842584,2.68548298794427,0.10210816376356,0.460969387011202,0.501985491115913,"cogn_se_lv"
"10106","HSP90B1","Exc L5/6 IT Car3",0.0142230212728839,5.78802260229184,0.567531685415551,0.451715809459379,0.784462458539816,0.83541536383734,"cogn_se_lv"
"10107","C12orf73","Exc L5/6 IT Car3",0.019568399015581,3.94265183593882,1.02917668497756,0.311008528711488,0.686590373723434,0.747694223973966,"cogn_se_lv"
"10108","TDG","Exc L5/6 IT Car3",0.0249034215380965,4.97724982245322,2.38493274220153,0.123356595517197,0.492748863359404,0.540402930408149,"cogn_se_lv"
"10109","GLT8D2","Exc L5/6 IT Car3",0.0408409144256139,4.49748262990842,5.10752910316612,0.0243973378495878,0.287720329122725,0.282899820805313,"cogn_se_lv"
"10110","HCFC2","Exc L5/6 IT Car3",0.0109750755865246,5.24178349443039,0.819846367893351,0.365808519294256,0.728041428038715,0.785328502993036,"cogn_se_lv"
"10111","NFYB","Exc L5/6 IT Car3",0.0217133047835738,4.18690085462133,1.65984522375812,0.198421369919278,0.586224600150966,0.640473647452314,"cogn_se_lv"
"10112","TXNRD1","Exc L5/6 IT Car3",-0.0144371797999329,6.67771177910951,0.457113754360793,0.499394192833049,0.811678136349571,0.858759794410614,"cogn_se_lv"
"10113","CHST11","Exc L5/6 IT Car3",-0.0071896894752508,7.25477810194998,0.110895070223208,0.739314159864215,0.930782115216792,0.956228100572566,"cogn_se_lv"
"10114","SLC41A2","Exc L5/6 IT Car3",-0.0259649726161602,7.37793489681724,4.94812139690999,0.0267158525991751,0.294314224410383,0.292889937799945,"cogn_se_lv"
"10115","C12orf45","Exc L5/6 IT Car3",0.0057887602313336,4.89630272423839,0.155037473133117,0.693991691975234,0.906205000805944,0.940850760049703,"cogn_se_lv"
"10116","ALDH1L2","Exc L5/6 IT Car3",-0.0149242024409503,4.71639926142062,0.590629833116049,0.442661094917378,0.778382369377654,0.831220786786568,"cogn_se_lv"
"10117","WASHC4","Exc L5/6 IT Car3",-3.41425994177949e-05,5.32712813971222,8.98088128431039e-06,0.997610492867141,0.999366489598402,0.999954262357359,"cogn_se_lv"
"10118","APPL2","Exc L5/6 IT Car3",-0.00185157019205024,5.50403931148768,0.0195631230254652,0.888839456759542,0.984472057540796,0.990261277875261,"cogn_se_lv"
"10119","C12orf75","Exc L5/6 IT Car3",-0.00897119538109412,2.19799653058736,0.0426379312997481,0.836520995183765,0.967115719302831,0.980787712965308,"cogn_se_lv"
"10120","NUAK1","Exc L5/6 IT Car3",0.0130309302716218,7.14678767547419,1.1125817096147,0.292202938792176,0.671495181127607,0.73153282175996,"cogn_se_lv"
"10121","CKAP4","Exc L5/6 IT Car3",-0.00554474431733143,3.97635340871328,0.0808336419865045,0.776328330865443,0.946160377580805,0.966635244448334,"cogn_se_lv"
"10122","AC079174.2","Exc L5/6 IT Car3",0.144701744487186,2.30133997505681,16.7782856088765,5.15388511939457e-05,0.0213217481471118,0.0126855365604445,"cogn_se_lv"
"10123","TCP11L2","Exc L5/6 IT Car3",0.0278969623263905,3.85473305620793,1.54768927366312,0.214256697360748,0.602486857734682,0.658440974068544,"cogn_se_lv"
"10124","POLR3B","Exc L5/6 IT Car3",0.00474005708876723,5.01234403280947,0.109000747767716,0.973330782981775,0.998267578294294,0.999367327558811,"cogn_se_lv"
"10125","AC079385.1","Exc L5/6 IT Car3",0.00233177734015301,5.63894342098492,0.0187065006817377,0.891284903908514,0.985508487276283,0.990615604154006,"cogn_se_lv"
"10126","RFX4","Exc L5/6 IT Car3",0.0256723864121683,3.42120422278198,0.482895300451906,0.487545644802051,0.80430136922538,0.853130424803585,"cogn_se_lv"
"10127","RIC8B","Exc L5/6 IT Car3",0.0140765455525979,6.52498696903438,1.92923404958953,0.165669488284818,0.550957962454003,0.602108364839254,"cogn_se_lv"
"10128","AC007541.1","Exc L5/6 IT Car3",-0.00022707402292757,2.61142955300912,3.46417462653835e-06,0.998515947919777,0.999604744296048,0.999954262357359,"cogn_se_lv"
"10129","TMEM263","Exc L5/6 IT Car3",-0.00686960430564689,4.64629143880305,0.169232641884484,0.681030523288591,0.900862474773406,0.936346595742195,"cogn_se_lv"
"10130","MTERF2","Exc L5/6 IT Car3",0.033728365265476,4.1513565190522,3.44708737919145,0.0641501493282776,0.389302365205912,0.420300027499231,"cogn_se_lv"
"10131","CRY1","Exc L5/6 IT Car3",-0.0107040749649688,4.54921385652122,0.348845932195849,0.555124188856754,0.839929682996154,0.884625789423795,"cogn_se_lv"
"10132","BTBD11","Exc L5/6 IT Car3",-0.0629676043942149,1.81377396583332,1.85238097209997,0.174326940995256,0.560922354571814,0.613077901036707,"cogn_se_lv"
"10133","PWP1","Exc L5/6 IT Car3",-0.0178845654133547,4.81552666310182,1.50416972037499,0.220803148785887,0.609207683724419,0.665705525702972,"cogn_se_lv"
"10134","PRDM4","Exc L5/6 IT Car3",0.0250066680581785,4.32867152677466,2.74062941367337,0.0986657606682577,0.45416873341001,0.495511239417172,"cogn_se_lv"
"10135","WSCD2","Exc L5/6 IT Car3",-0.0407708681803239,3.84331519561178,2.6638850620896,0.103492111261091,0.462971192999255,0.504435580401054,"cogn_se_lv"
"10136","FICD","Exc L5/6 IT Car3",0.0166816627499097,2.28091387697885,0.228318957555202,0.633052498627314,0.881291538116179,0.918913756046563,"cogn_se_lv"
"10137","SART3","Exc L5/6 IT Car3",0.00872795122925264,5.10685627221811,0.501261020053056,0.771522394882194,0.944044727894869,0.964988115709416,"cogn_se_lv"
"10138","ISCU","Exc L5/6 IT Car3",-0.0488755464126064,5.81673941618807,3.06067076833164,0.0810294699244686,0.424308792833471,0.461385549201589,"cogn_se_lv"
"10139","CORO1C","Exc L5/6 IT Car3",-0.00748314085688723,4.63917200721243,0.202105841364416,0.653287064986796,0.888556645135312,0.92565339997493,"cogn_se_lv"
"10140","SSH1","Exc L5/6 IT Car3",0.0163086870779286,5.71703057649603,1.30795583582655,0.253497213552376,0.637386736653472,0.698026681578135,"cogn_se_lv"
"10141","DAO","Exc L5/6 IT Car3",0.108399668446302,1.80954999674561,4.4242743014162,0.0360992037364269,0.317795005137475,0.332254911590813,"cogn_se_lv"
"10142","SVOP","Exc L5/6 IT Car3",0.0413004365371788,6.99612463270767,11.2826372775262,0.000862890477659633,0.0741892986099539,0.0592825065512253,"cogn_se_lv"
"10143","USP30","Exc L5/6 IT Car3",0.0174765961429579,4.6981592730204,1.57820914818948,0.209803664088089,0.597972554265113,0.653237759504435,"cogn_se_lv"
"10144","ALKBH2","Exc L5/6 IT Car3",-0.00875010654546722,2.39305939161168,0.0675879139859006,0.795024886918514,0.952453055612429,0.971523878690536,"cogn_se_lv"
"10145","UNG","Exc L5/6 IT Car3",0.00429858034901457,4.10488335614768,0.0597242694290379,0.939816593197711,0.994539668727838,0.99737814194138,"cogn_se_lv"
"10146","ACACB","Exc L5/6 IT Car3",-0.00744612753213287,3.49203348153351,0.0643913949455954,0.799824714431705,0.954829784589432,0.972863207384207,"cogn_se_lv"
"10147","MYO1H","Exc L5/6 IT Car3",0.0320385583406214,2.05045871700704,0.627848409907027,0.4286483780958,0.77189630869187,0.823809215435663,"cogn_se_lv"
"10148","KCTD10","Exc L5/6 IT Car3",0.00598612234691101,4.55367643640506,0.14308608719171,0.705446894382868,0.91295221195361,0.945220250639013,"cogn_se_lv"
"10149","UBE3B","Exc L5/6 IT Car3",0.0346758967937638,5.38642076398776,8.65983022507207,0.00345601273415461,0.132529156309283,0.115987908944607,"cogn_se_lv"
"10150","MMAB","Exc L5/6 IT Car3",0.0182832442638804,4.58558252545939,1.13148082494383,0.288146593833852,0.668230247289619,0.728436952759897,"cogn_se_lv"
"10151","MVK","Exc L5/6 IT Car3",0.0352420648316029,3.79515150433233,2.94657793037998,0.086888320304377,0.434665921422684,0.473312116033037,"cogn_se_lv"
"10152","FAM222A","Exc L5/6 IT Car3",0.0428792676173904,2.23001840674801,1.21627416382574,0.270802844627497,0.653645032580496,0.714130788391285,"cogn_se_lv"
"10153","GLTP","Exc L5/6 IT Car3",-0.00662933487677732,4.29662274375483,0.174436830248235,0.676438264596796,0.899217397009426,0.934711854476542,"cogn_se_lv"
"10154","TCHP","Exc L5/6 IT Car3",-0.00109061527852362,5.17586645436267,0.00457210973006175,0.946126386737869,0.994804925328349,0.997626386519645,"cogn_se_lv"
"10155","GIT2","Exc L5/6 IT Car3",0.00338962935475695,6.47795749917091,0.104067611739745,0.747182309303578,0.933897613787942,0.958444529048644,"cogn_se_lv"
"10156","ANKRD13A","Exc L5/6 IT Car3",0.0108030631053483,6.01615246503954,0.429737450331794,0.512521188460185,0.818419687003898,0.865270228369679,"cogn_se_lv"
"10157","C12orf76","Exc L5/6 IT Car3",0.0203075108306916,5.9047980446358,1.96560980282731,0.161744752651173,0.545290633800999,0.596981660919441,"cogn_se_lv"
"10158","IFT81","Exc L5/6 IT Car3",0.00890435746381953,5.67622240227034,0.575310011059773,0.801034104139126,0.955504174755941,0.973286152894347,"cogn_se_lv"
"10159","ATP2A2","Exc L5/6 IT Car3",-0.0320125710796954,7.83426415128183,7.5043539206501,0.00645001006342985,0.173648358410842,0.157274649781225,"cogn_se_lv"
"10160","ANAPC7","Exc L5/6 IT Car3",0.0147290996866225,5.32506655981402,1.62335858046044,0.203415951288216,0.590562439223853,0.645842468988846,"cogn_se_lv"
"10161","ARPC3","Exc L5/6 IT Car3",-0.0255591148845725,5.423297166741,1.63755685139965,0.201454946660583,0.589092082292679,0.643701555435532,"cogn_se_lv"
"10162","GPN3","Exc L5/6 IT Car3",-0.00605761038122894,3.10894200339601,0.0597859212361403,0.806968826344143,0.956651535775409,0.974634164384586,"cogn_se_lv"
"10163","FAM216A","Exc L5/6 IT Car3",-0.0148316518090919,4.47973054325376,1.05977200262921,0.30393306102377,0.680863145437528,0.741848358407716,"cogn_se_lv"
"10164","VPS29","Exc L5/6 IT Car3",-0.00781067926554759,5.7821676076228,0.280001048445455,0.597014717841046,0.8627283105703,0.903514269309003,"cogn_se_lv"
"10165","PPTC7","Exc L5/6 IT Car3",-0.0468195183804817,4.19495178086643,8.29534418937062,0.00420370777789363,0.14313066969421,0.127231973504393,"cogn_se_lv"
"10166","TCTN1","Exc L5/6 IT Car3",0.012192554017093,4.6174844623692,0.591684599425466,0.706829257001297,0.913895846866332,0.945750959539306,"cogn_se_lv"
"10167","HVCN1","Exc L5/6 IT Car3",0.0365764894425901,2.11338565619732,0.706866999780844,0.401023515931484,0.754699638270969,0.808037466032789,"cogn_se_lv"
"10168","PPP1CC","Exc L5/6 IT Car3",-0.0471236063170003,4.57864921041868,6.51782022635628,0.0110765071991697,0.214164403886737,0.200494603666675,"cogn_se_lv"
"10169","CUX2","Exc L5/6 IT Car3",0.0198234874535,4.6663860504017,0.166998315031428,0.683027485186466,0.901371376866722,0.937140947038296,"cogn_se_lv"
"10170","SH2B3","Exc L5/6 IT Car3",-0.0122808303126371,4.75509902352623,0.44552269309338,0.504880852956283,0.815166397096516,0.86162909954923,"cogn_se_lv"
"10171","ATXN2","Exc L5/6 IT Car3",0.00366928302423593,7.74629424205178,0.180285470181143,0.671372390156252,0.89714518403271,0.932750480194307,"cogn_se_lv"
"10172","BRAP","Exc L5/6 IT Car3",0.0077022433278102,5.15592713322782,0.470124675102029,0.495839035019751,0.809909016021436,0.857052393445996,"cogn_se_lv"
"10173","ACAD10","Exc L5/6 IT Car3",0.0329632881711537,4.47747688003769,3.48262478761429,0.0627994717662526,0.388598379893014,0.417111938824406,"cogn_se_lv"
"10174","AC002996.1","Exc L5/6 IT Car3",-0.0178265331348857,1.61682996589221,0.129627625706954,0.719021846655103,0.920381453881895,0.949375131997916,"cogn_se_lv"
"10175","ALDH2","Exc L5/6 IT Car3",-0.0434734136356058,4.78609202153308,5.23199051527351,0.0227334096508623,0.2800171352036,0.274834605462121,"cogn_se_lv"
"10176","MAPKAPK5-AS1","Exc L5/6 IT Car3",0.00227087074959894,4.02976023957441,0.00753550357192004,0.930871198676457,0.991825533857636,0.995925713518617,"cogn_se_lv"
"10177","MAPKAPK5","Exc L5/6 IT Car3",0.000477920778935881,5.34497262641573,0.00136689392941481,0.970527449674808,0.998267578294294,0.999102668702867,"cogn_se_lv"
"10178","TMEM116","Exc L5/6 IT Car3",0.0243644496580283,4.48338007516411,2.22044014594963,0.137037797058867,0.510366518574531,0.562201571495166,"cogn_se_lv"
"10179","ERP29","Exc L5/6 IT Car3",0.00486911075082852,4.42457051518255,0.0336118020584228,0.854634438505961,0.972881064401809,0.984529508889508,"cogn_se_lv"
"10180","NAA25","Exc L5/6 IT Car3",0.01379438786161,6.49415548227924,1.29086196758433,0.25661729017577,0.639571989246947,0.700968569481369,"cogn_se_lv"
"10181","TRAFD1","Exc L5/6 IT Car3",0.051659333420396,3.514500628767,6.29761282855694,0.012512270448742,0.222360094926259,0.211597141886169,"cogn_se_lv"
"10182","HECTD4","Exc L5/6 IT Car3",-0.000944970656667324,8.1845688666707,0.0114522927773773,0.91483420455277,0.989073227776396,0.99416729875376,"cogn_se_lv"
"10183","RPL6","Exc L5/6 IT Car3",-0.0278265111454507,6.45711734887831,0.611894768015388,0.434570680102378,0.773613831177909,0.826492856736466,"cogn_se_lv"
"10184","PTPN11","Exc L5/6 IT Car3",0.0131031594138322,6.89082400177515,1.44947091338044,0.22937495037149,0.618392487775345,0.675294995450277,"cogn_se_lv"
"10185","RPH3A","Exc L5/6 IT Car3",0.0840267988274161,6.00343501204951,14.4866281449431,0.000164901834548187,0.0352477671346749,0.0242588020681527,"cogn_se_lv"
"10186","OAS1","Exc L5/6 IT Car3",-0.0925915059953454,1.23565351288993,1.84458007841622,0.175234516580034,0.562431534966993,0.61440777723452,"cogn_se_lv"
"10187","OAS3","Exc L5/6 IT Car3",-0.0843181793228527,1.50742003966855,2.29372920630296,0.130742855909482,0.50121087436188,0.552558604836898,"cogn_se_lv"
"10188","DTX1","Exc L5/6 IT Car3",-0.00385177215779306,4.10157546805338,0.0456501373732763,0.881466256541862,0.981817014415521,0.988985050514498,"cogn_se_lv"
"10189","RASAL1","Exc L5/6 IT Car3",-0.0191353108719872,5.20403166488456,0.886748369353728,0.346968361661894,0.715260611242374,0.77221863494289,"cogn_se_lv"
"10190","CFAP73","Exc L5/6 IT Car3",0.0142228668946432,2.25567629445598,0.181228244372858,0.670564906307331,0.896973919231145,0.932341063099299,"cogn_se_lv"
"10191","DDX54","Exc L5/6 IT Car3",0.0138539234345967,3.20686588029475,0.303984816871431,0.581724539158928,0.855233062269629,0.896898981758295,"cogn_se_lv"
"10192","RITA1","Exc L5/6 IT Car3",-0.0278165895971766,3.63755998829901,1.5927405931394,0.207722149944203,0.59542631544818,0.651349330793974,"cogn_se_lv"
"10193","TPCN1","Exc L5/6 IT Car3",0.0563735831082857,5.44957534430548,12.1280712533528,0.000555495097799296,0.0587797472442996,0.0467005597259795,"cogn_se_lv"
"10194","SLC8B1","Exc L5/6 IT Car3",0.0494339034449454,2.73412936046154,1.58169195459703,0.209302531723399,0.59761891711004,0.652919717890003,"cogn_se_lv"
"10195","PLBD2","Exc L5/6 IT Car3",0.00802808871968992,4.32956274940959,0.190231451365881,0.662975924503161,0.893293598153007,0.92971712872757,"cogn_se_lv"
"10196","SDSL","Exc L5/6 IT Car3",0.10666315153899,1.64420681672413,3.96174874120131,0.0472734440911456,0.351807690794357,0.369993489086699,"cogn_se_lv"
"10197","LINC01234","Exc L5/6 IT Car3",0.0671632518256887,3.09416752339857,4.05539350682428,0.0447468059293677,0.34356544471067,0.36215703931507,"cogn_se_lv"
"10198","RBM19","Exc L5/6 IT Car3",0.0350762041108206,4.57561744096702,4.52619539793591,0.0340340471800614,0.312717124772328,0.324468027763936,"cogn_se_lv"
"10199","MED13L","Exc L5/6 IT Car3",-0.00465525056413768,8.33151962879898,0.217241035446162,0.641421772379523,0.884299256484449,0.921672968668675,"cogn_se_lv"
"10200","MAP1LC3B2","Exc L5/6 IT Car3",0.0783381456779767,3.02738425916911,7.22714877371038,0.00750228849765302,0.18356155799504,0.168318696732933,"cogn_se_lv"
"10201","C12orf49","Exc L5/6 IT Car3",0.0026693147950935,3.87444703653304,0.0177788166740409,0.893998462495446,0.9857013440361,0.991190211352029,"cogn_se_lv"
"10202","RNFT2","Exc L5/6 IT Car3",0.0310706565721484,5.18027302168514,5.79769273271152,0.0165310161653962,0.244862693729978,0.239163479977511,"cogn_se_lv"
"10203","HRK","Exc L5/6 IT Car3",-0.020585385836396,4.17527514386086,0.543615805850611,0.461400768218405,0.789521661427758,0.840753826142666,"cogn_se_lv"
"10204","FBXW8","Exc L5/6 IT Car3",0.0157738316914997,6.17312446689253,1.20276357732578,0.273476281956595,0.655974346803767,0.71609633317763,"cogn_se_lv"
"10205","AC127164.1","Exc L5/6 IT Car3",0.00136704194525125,3.34170607231071,0.00124040128773177,0.971923653502777,0.998267578294294,0.99914347763819,"cogn_se_lv"
"10206","TESC","Exc L5/6 IT Car3",0.0340772923112524,7.24813549940451,3.9275802538626,0.0482325916749284,0.353049189458432,0.373175879039688,"cogn_se_lv"
"10207","TESC-AS1","Exc L5/6 IT Car3",0.0810615719687044,1.42446018444822,1.76890956046163,0.184328298668762,0.570735110564343,0.624963138528209,"cogn_se_lv"
"10208","FBXO21","Exc L5/6 IT Car3",-0.0233030179139692,6.82652016549994,4.92404949064201,0.0270854707544267,0.29594419293694,0.294779210842238,"cogn_se_lv"
"10209","NOS1","Exc L5/6 IT Car3",0.0208980851819682,2.95310758519108,0.597735492137766,0.43993212241241,0.776403982764389,0.829746267550313,"cogn_se_lv"
"10210","KSR2","Exc L5/6 IT Car3",0.0126817819038421,8.57021614739034,1.25569419670562,0.263187359962897,0.646414577423356,0.707177153132191,"cogn_se_lv"
"10211","RFC5","Exc L5/6 IT Car3",0.0173595364759426,3.68616590999287,0.877793498922801,0.349411856557294,0.717209075846066,0.773736912162709,"cogn_se_lv"
"10212","WSB2","Exc L5/6 IT Car3",0.00404355497699557,5.91099905552702,0.0719901274443679,0.788608950464048,0.950495243619579,0.969812670579802,"cogn_se_lv"
"10213","VSIG10","Exc L5/6 IT Car3",0.0278333494439879,4.83756366258976,2.36475354979239,0.124949815193234,0.493718520219812,0.542408015321238,"cogn_se_lv"
"10214","PEBP1","Exc L5/6 IT Car3",-0.0554085346492956,8.27686568535946,4.35124015819221,0.0376597938149277,0.324958739062189,0.338050968582625,"cogn_se_lv"
"10215","TAOK3","Exc L5/6 IT Car3",-0.00638780026594085,7.54706919766721,0.426554193630989,0.514086245626536,0.818677978297294,0.866163902860828,"cogn_se_lv"
"10216","SUDS3","Exc L5/6 IT Car3",0.00330860274370206,5.51854524068541,0.0633863601005165,0.801359975635213,0.955522586582934,0.973304877618877,"cogn_se_lv"
"10217","AC026367.2","Exc L5/6 IT Car3",-0.0724158132782536,1.95619875063655,3.53291013154871,0.0609400061946582,0.383639785107702,0.411854917147907,"cogn_se_lv"
"10218","SRRM4","Exc L5/6 IT Car3",-0.00979119096604647,7.36735007484574,0.339353739618867,0.560553829831571,0.843543897634485,0.887103478701629,"cogn_se_lv"
"10219","AC084361.1","Exc L5/6 IT Car3",-0.0187906769817572,2.14945496591121,0.18050289859469,0.671185942421434,0.896973919231145,0.932567959024951,"cogn_se_lv"
"10220","HSPB8","Exc L5/6 IT Car3",0.0197949824025267,3.05997390426679,0.396517689243123,0.529277988329249,0.82568662529394,0.872769557437253,"cogn_se_lv"
"10221","CCDC60","Exc L5/6 IT Car3",-0.0317989565192717,2.22394866644711,0.606789985097103,0.436492021309392,0.774989871706453,0.827408449435779,"cogn_se_lv"
"10222","AC002070.1","Exc L5/6 IT Car3",-0.036001903084256,4.51861344761905,2.36761303888995,0.124722659863237,0.493718520219812,0.542076403647751,"cogn_se_lv"
"10223","TMEM233","Exc L5/6 IT Car3",-0.100525821487844,2.80037874352335,3.45954545372028,0.063673145744214,0.388692667696058,0.419263821432868,"cogn_se_lv"
"10224","PRKAB1","Exc L5/6 IT Car3",-0.0071581117678988,3.72915091139937,0.167037111139022,0.682992677910888,0.901371376866722,0.937140947038296,"cogn_se_lv"
"10225","CIT","Exc L5/6 IT Car3",-0.0217842671737648,8.16394022849148,3.34716211758344,0.0681176185892026,0.399363866700125,0.430151700413272,"cogn_se_lv"
"10226","BICDL1","Exc L5/6 IT Car3",0.00709689773035149,7.02641893103741,0.280101143270142,0.596949184807798,0.8627283105703,0.903514269309003,"cogn_se_lv"
"10227","RAB35","Exc L5/6 IT Car3",-0.0176002339662916,4.29452790407272,1.10935439743216,0.292902909023523,0.672251107272469,0.73199072484843,"cogn_se_lv"
"10228","AC004812.2","Exc L5/6 IT Car3",-0.023379867039624,2.43798758674185,0.46150866558743,0.497340317194448,0.81066245888045,0.857629508127657,"cogn_se_lv"
"10229","GCN1","Exc L5/6 IT Car3",-0.0284023232185597,4.68092927373238,5.33748452271533,0.0214156606040079,0.274107312637756,0.268632571324744,"cogn_se_lv"
"10230","RPLP0","Exc L5/6 IT Car3",-0.0572334741189886,5.21666017747675,3.6078496988372,0.058277220790361,0.378114008416381,0.404741774717289,"cogn_se_lv"
"10231","PXN-AS1","Exc L5/6 IT Car3",0.0469687199498243,3.03264859436838,2.88849925004657,0.0900461961633672,0.440139830667427,0.479907461946249,"cogn_se_lv"
"10232","PXN","Exc L5/6 IT Car3",-0.0586925635368511,2.17205904515532,2.29441786614839,0.130685263833712,0.501182708796618,0.552451688267707,"cogn_se_lv"
"10233","SIRT4","Exc L5/6 IT Car3",-0.0151308063381582,3.1912535060664,0.394387262026429,0.798526417417032,0.954540194474746,0.972607856714181,"cogn_se_lv"
"10234","COX6A1","Exc L5/6 IT Car3",0.00622857297386866,1.08381009078138,0.0119446066020293,0.913030046546919,0.989073227776396,0.99400340056301,"cogn_se_lv"
"10235","TRIAP1","Exc L5/6 IT Car3",-0.0437364216494438,2.57745947356319,1.68832163368714,0.194623441337998,0.583090189119214,0.636632453903181,"cogn_se_lv"
"10236","GATC","Exc L5/6 IT Car3",-0.00444923838023152,3.86213777934996,0.0527622579160337,0.818450291907779,0.961009383723256,0.977237147560409,"cogn_se_lv"
"10237","SRSF9","Exc L5/6 IT Car3",-0.0592188699777399,5.9958633140181,11.8560517483509,0.000639859822804895,0.0625070178453861,0.0508103011016184,"cogn_se_lv"
"10238","DYNLL1","Exc L5/6 IT Car3",-0.0879752196401701,8.49197582719324,8.36547143521546,0.00404798336786873,0.141379082140812,0.125212808189927,"cogn_se_lv"
"10239","NRAV","Exc L5/6 IT Car3",-0.0050221829285409,2.67781135842169,0.0247951976989059,0.88601394485177,0.983710314298651,0.989749193647213,"cogn_se_lv"
"10240","COQ5","Exc L5/6 IT Car3",-0.0133350502190484,3.32686846055367,0.408003601595221,0.81410905259581,0.959646010987249,0.976467330854397,"cogn_se_lv"
"10241","RNF10","Exc L5/6 IT Car3",-0.0032518919579489,6.19037993382327,0.127304160666276,0.721445110576596,0.92177303792645,0.950358575681648,"cogn_se_lv"
"10242","POP5","Exc L5/6 IT Car3",0.0171909574901952,3.07973891447032,0.424299510931994,0.515199817377016,0.819442454467991,0.866438511597141,"cogn_se_lv"
"10243","AC125616.1","Exc L5/6 IT Car3",0.0372188628700596,3.72448839165388,2.74171322035602,0.0985993938526006,0.45416873341001,0.495325763101951,"cogn_se_lv"
"10244","CABP1","Exc L5/6 IT Car3",0.0255017085076888,8.69181822273904,3.92362485134083,0.0483449487782756,0.353290010302783,0.373618001052013,"cogn_se_lv"
"10245","MLEC","Exc L5/6 IT Car3",0.0170413128252238,5.25165207190985,1.28482428474539,0.257730664394703,0.640286085390188,0.702100135795682,"cogn_se_lv"
"10246","UNC119B","Exc L5/6 IT Car3",0.0428316990354377,3.17047015452454,3.3874840850456,0.0664858657077275,0.396062427271239,0.426115898456912,"cogn_se_lv"
"10247","ACADS","Exc L5/6 IT Car3",0.0426891612207412,2.00510587756217,1.17615143640735,0.278840086437129,0.660770795478599,0.720462233432731,"cogn_se_lv"
"10248","SPPL3","Exc L5/6 IT Car3",0.0146382908825835,7.01745739547747,2.48203822449937,0.115999151362941,0.484257464162199,0.52739011611046,"cogn_se_lv"
"10249","C12orf43","Exc L5/6 IT Car3",-0.0154211203669987,4.24094527604313,0.832589058326405,0.362113244858035,0.726019129542099,0.782503625811797,"cogn_se_lv"
"10250","P2RX7","Exc L5/6 IT Car3",-0.0260768830752224,7.66987294279551,2.91732313727149,0.0884636398828345,0.437854915746994,0.476705244743483,"cogn_se_lv"
"10251","AC069209.1","Exc L5/6 IT Car3",-0.00435059072435985,2.27474479061313,0.0124198450799254,0.911323821802285,0.989073227776396,0.9937259663591,"cogn_se_lv"
"10252","P2RX4","Exc L5/6 IT Car3",-0.000535241723612291,4.4199624358044,0.000637654742036396,0.979867577978944,0.998390354534415,0.999832353725055,"cogn_se_lv"
"10253","CAMKK2","Exc L5/6 IT Car3",0.0409742959325231,7.82834821248845,12.5043820574528,0.000457025869075965,0.0551773078689074,0.0420070499149618,"cogn_se_lv"
"10254","ANAPC5","Exc L5/6 IT Car3",-0.00762330694499573,6.70513937225577,0.710059139868838,0.399963196209455,0.754037868768464,0.807517296081989,"cogn_se_lv"
"10255","RNF34","Exc L5/6 IT Car3",0.0166382912622956,5.87163090701119,2.0835569959348,0.14973066077943,0.52871043137544,0.580809836310574,"cogn_se_lv"
"10256","KDM2B","Exc L5/6 IT Car3",0.0343787414288038,5.82348438039965,6.24507007257423,0.0128823983773919,0.225039853607333,0.214196256719789,"cogn_se_lv"
"10257","AC145422.1","Exc L5/6 IT Car3",0.0112379784776547,3.81424202818231,0.248613751096021,0.618346240745032,0.873593287013005,0.912681984721106,"cogn_se_lv"
"10258","MORN3","Exc L5/6 IT Car3",0.0523807060945429,3.39993639182046,3.59282581339642,0.0588009281352195,0.379576832358774,0.406283165560918,"cogn_se_lv"
"10259","TMEM120B","Exc L5/6 IT Car3",0.0150148029713889,5.92056429653021,1.04926614171628,0.306338815980533,0.682747109631723,0.74362204867072,"cogn_se_lv"
"10260","RHOF","Exc L5/6 IT Car3",-0.0385083371948985,3.01345033501283,2.10384546231322,0.147768066632341,0.525936758897253,0.578078768153516,"cogn_se_lv"
"10261","SETD1B","Exc L5/6 IT Car3",0.00541453739884705,4.07636155769247,0.110668856944397,0.739570482131539,0.930782115216792,0.956250622930021,"cogn_se_lv"
"10262","HPD","Exc L5/6 IT Car3",-0.012117140658121,1.38691622807793,0.0499063178536192,0.82334844283069,0.963672715428117,0.978050426380008,"cogn_se_lv"
"10263","WDR66","Exc L5/6 IT Car3",-0.011734249912877,4.86488209604444,0.57122114752335,0.450250232473429,0.783309836908232,0.834688094928378,"cogn_se_lv"
"10264","BCL7A","Exc L5/6 IT Car3",0.00199120288113081,5.44678087462503,0.0208183971848299,0.885352560927911,0.983228165152298,0.989514837593337,"cogn_se_lv"
"10265","MLXIP","Exc L5/6 IT Car3",0.0346860845082138,5.74394737480744,5.89249164749081,0.0156773405107485,0.240313018386871,0.233063956732602,"cogn_se_lv"
"10266","LRRC43","Exc L5/6 IT Car3",0.0147314673346474,2.23014141443808,0.168835408077023,0.681384425724479,0.900862474773406,0.936478400665866,"cogn_se_lv"
"10267","B3GNT4","Exc L5/6 IT Car3",-0.019471099420618,3.44179760961912,0.592725634171705,0.44185348048142,0.777868344155692,0.830694255132885,"cogn_se_lv"
"10268","CLIP1","Exc L5/6 IT Car3",-0.025371584497174,7.60509480325957,5.57861837702462,0.018693199742373,0.25899804112869,0.251904624992515,"cogn_se_lv"
"10269","ZCCHC8","Exc L5/6 IT Car3",-0.0144137999066946,5.33090176591448,0.957244987038351,0.328514964054495,0.700143385021856,0.760100664971454,"cogn_se_lv"
"10270","RSRC2","Exc L5/6 IT Car3",-0.0223835111068575,5.89506674036209,2.78278505178519,0.0961200298637575,0.450135034879137,0.490774108939971,"cogn_se_lv"
"10271","KNTC1","Exc L5/6 IT Car3",0.0238908883692505,3.82917913235463,1.35536039444847,0.278254914385648,0.660040556780999,0.720025666406255,"cogn_se_lv"
"10272","DENR","Exc L5/6 IT Car3",0.0198160989608876,5.94845109412667,3.74681578032409,0.0536622454103397,0.367212964368665,0.391484750438114,"cogn_se_lv"
"10273","CCDC62","Exc L5/6 IT Car3",0.0246380701823557,5.19780487296592,1.82995874305898,0.176950359640841,0.563465498502014,0.616727576674871,"cogn_se_lv"
"10274","HIP1R","Exc L5/6 IT Car3",0.000476472133912675,3.51133973223591,0.00057541701052626,0.980875103499068,0.998390354534415,0.999870711362408,"cogn_se_lv"
"10275","VPS37B","Exc L5/6 IT Car3",-0.017024880123903,5.60221108891357,1.01435890553427,0.314512561082513,0.689278511417254,0.750269341454779,"cogn_se_lv"
"10276","ABCB9","Exc L5/6 IT Car3",0.0203919219793733,6.39551145438393,1.99536197323278,0.158613672823241,0.540417185023175,0.592455773965705,"cogn_se_lv"
"10277","OGFOD2","Exc L5/6 IT Car3",0.0385896309089988,2.33574331834419,1.5920359318119,0.216350872767807,0.604839224686021,0.660823474357846,"cogn_se_lv"
"10278","ARL6IP4","Exc L5/6 IT Car3",-0.00625023267191695,5.72379887919976,0.100556506144167,0.751339921094728,0.935496747518331,0.959711613942605,"cogn_se_lv"
"10279","PITPNM2","Exc L5/6 IT Car3",0.0312414571695336,6.63203629967829,6.22333165619811,0.0130388197354769,0.226729681685898,0.215480621816711,"cogn_se_lv"
"10280","MPHOSPH9","Exc L5/6 IT Car3",0.0173072253199706,7.11614769088646,2.93809603023779,0.0873418920017766,0.435577355122275,0.474095550110024,"cogn_se_lv"
"10281","C12orf65","Exc L5/6 IT Car3",0.0126205633781323,4.8586563046396,0.731014610859701,0.394714687981367,0.75099603022148,0.804493816367713,"cogn_se_lv"
"10282","SBNO1","Exc L5/6 IT Car3",-0.0111198428939379,6.17421108913578,1.4385488952628,0.231134264538129,0.619917488193303,0.67708463990195,"cogn_se_lv"
"10283","AC137767.1","Exc L5/6 IT Car3",0.00515866016697991,1.77460443209579,0.0130618780946685,0.90907042206821,0.988594813145121,0.993513552548655,"cogn_se_lv"
"10284","KMT5A","Exc L5/6 IT Car3",-0.0117340722491245,4.06058249851202,0.431385773430878,0.527849785862575,0.824899289645108,0.872088247205734,"cogn_se_lv"
"10285","RILPL2","Exc L5/6 IT Car3",0.0226029743852639,3.68646929698051,0.959347275466024,0.327985079922354,0.700074877560877,0.759883076235185,"cogn_se_lv"
"10286","SNRNP35","Exc L5/6 IT Car3",-0.00915193816672065,4.07123432765212,0.258757889985791,0.611274984167172,0.87031513980695,0.909839603918562,"cogn_se_lv"
"10287","RILPL1","Exc L5/6 IT Car3",0.0367472957668103,6.01907948005629,6.4243823500084,0.011663760127525,0.215643586296606,0.20512732379951,"cogn_se_lv"
"10288","TMED2","Exc L5/6 IT Car3",-0.0188900677840143,4.6133488914479,1.03432186988384,0.309803763037293,0.685530410099482,0.746592995001003,"cogn_se_lv"
"10289","DDX55","Exc L5/6 IT Car3",0.0126197410699177,4.47354756677224,0.616446173175521,0.656071117138343,0.889441022970322,0.926988520903379,"cogn_se_lv"
"10290","EIF2B1","Exc L5/6 IT Car3",0.0142726044761224,4.83015128498049,1.1748848539716,0.279098667336875,0.660921447963456,0.720772654494513,"cogn_se_lv"
"10291","GTF2H3","Exc L5/6 IT Car3",0.0424054260960109,5.06842683305827,13.1877951319442,0.000321096606475186,0.048447811506403,0.0346656133185203,"cogn_se_lv"
"10292","TCTN2","Exc L5/6 IT Car3",0.0314246309097847,4.027613649421,3.1160012367704,0.078343545479878,0.420387560324412,0.455569227218554,"cogn_se_lv"
"10293","AC117503.1","Exc L5/6 IT Car3",-0.0243394055720779,1.65340855632211,0.234154565056762,0.628743701453415,0.878152787491429,0.917257683534576,"cogn_se_lv"
"10294","ATP6V0A2","Exc L5/6 IT Car3",0.0355326029333037,4.92100167112179,5.25384553961827,0.0224536470527887,0.278229974349773,0.273527907149272,"cogn_se_lv"
"10295","DNAH10","Exc L5/6 IT Car3",0.0345454270887249,3.04499315234807,1.61762214761083,0.204214635014962,0.591653470045229,0.646938997718826,"cogn_se_lv"
"10296","CCDC92","Exc L5/6 IT Car3",-0.0123755305631436,7.10973333510964,1.16068066780886,0.282019430720733,0.662539096936755,0.72318504265143,"cogn_se_lv"
"10297","RFLNA","Exc L5/6 IT Car3",0.0630753982455689,5.68959356378712,6.68994845466321,0.0100731472912695,0.207253658840425,0.192289792167831,"cogn_se_lv"
"10298","NCOR2","Exc L5/6 IT Car3",0.0276990153453846,5.86108496925247,1.6723667095244,0.196740731828886,0.584763381151275,0.638850171182068,"cogn_se_lv"
"10299","SCARB1","Exc L5/6 IT Car3",0.0408972418808009,4.82659170423058,4.81225850821462,0.028873356319693,0.300243887675726,0.302734145221136,"cogn_se_lv"
"10300","UBC","Exc L5/6 IT Car3",-0.056921451952375,6.64310506031921,2.53859562799347,0.111939039088888,0.476642299946946,0.520118084326636,"cogn_se_lv"
"10301","DHX37","Exc L5/6 IT Car3",0.0117629288982803,3.13844787089983,0.243006024564047,0.701028283332196,0.910449390758017,0.943571603768406,"cogn_se_lv"
"10302","BRI3BP","Exc L5/6 IT Car3",-0.0102297603984831,5.28239042906885,0.577794139007801,0.447657565211166,0.781515921048624,0.833618422749634,"cogn_se_lv"
"10303","AACS","Exc L5/6 IT Car3",0.0104883982806771,6.40763618378981,0.61961033988807,0.431691085531477,0.773515637015884,0.825145510310571,"cogn_se_lv"
"10304","TMEM132B","Exc L5/6 IT Car3",0.0268475399538272,8.71105951659037,3.14808255146766,0.0768304212198342,0.418407707916932,0.4522934362534,"cogn_se_lv"
"10305","LINC02359","Exc L5/6 IT Car3",-0.00708047101102863,1.61326737950475,0.018231568411199,0.8926653423553,0.9857013440361,0.990881451573425,"cogn_se_lv"
"10306","LINC02405","Exc L5/6 IT Car3",0.0730338907780852,1.45218799223377,1.52645106166111,0.217422038809225,0.605852829490127,0.662136118189443,"cogn_se_lv"
"10307","LINC00507","Exc L5/6 IT Car3",0.0428996794178974,1.38971702032844,0.421168295444256,0.516753315711987,0.819995665260249,0.867107209004584,"cogn_se_lv"
"10308","TMEM132C","Exc L5/6 IT Car3",0.074324958543859,3.53383945299704,3.63218979422033,0.0574392990913098,0.376670850125698,0.40240182139839,"cogn_se_lv"
"10309","SLC15A4","Exc L5/6 IT Car3",0.00574301069960952,5.18828649481005,0.146047375559797,0.702558861558046,0.911206883480392,0.944112711347405,"cogn_se_lv"
"10310","GLT1D1","Exc L5/6 IT Car3",0.014935439164212,5.75509912719741,1.35840061244139,0.244558279625771,0.629916639906379,0.688937726278037,"cogn_se_lv"
"10311","TMEM132D","Exc L5/6 IT Car3",0.0201455930070149,10.8174680451954,2.35783979686982,0.125500946333864,0.494718008042931,0.543419134372388,"cogn_se_lv"
"10312","RIMBP2","Exc L5/6 IT Car3",0.0391110110609892,5.66442410717962,4.29341775196744,0.0389456391851229,0.327903038577323,0.34316710849589,"cogn_se_lv"
"10313","STX2","Exc L5/6 IT Car3",0.0164518839698209,6.19312857853064,1.41572914323579,0.234863069368084,0.622444762985341,0.680066449510624,"cogn_se_lv"
"10314","RAN","Exc L5/6 IT Car3",-0.0564020500378549,5.73830542881997,4.45740673677672,0.0354137919652309,0.316846474760131,0.329863935925052,"cogn_se_lv"
"10315","AC073578.2","Exc L5/6 IT Car3",-0.0412583020530519,1.26482666586784,0.396608611699046,0.529230799714134,0.82568662529394,0.87274192504941,"cogn_se_lv"
"10316","SFSWAP","Exc L5/6 IT Car3",-0.010744475050345,6.34622129352581,0.722073307244073,0.396008763703497,0.752045270656073,0.805332799582095,"cogn_se_lv"
"10317","MMP17","Exc L5/6 IT Car3",-0.00499343715293733,6.36089907245127,0.076985071254529,0.781578941349588,0.949068952767095,0.967905127873629,"cogn_se_lv"
"10318","AC131009.2","Exc L5/6 IT Car3",-0.0676583739068621,3.32765717930926,2.04985984559677,0.153056073542685,0.533892332688558,0.585264998549924,"cogn_se_lv"
"10319","ULK1","Exc L5/6 IT Car3",-0.0134718340352995,5.52275427537727,1.22174276446714,0.269730060694908,0.652695854417396,0.713176848036991,"cogn_se_lv"
"10320","PUS1","Exc L5/6 IT Car3",0.00631663824820665,4.18014560781485,0.158063492149172,0.691172716748489,0.904750200796058,0.939815477774502,"cogn_se_lv"
"10321","EP400","Exc L5/6 IT Car3",0.00836979629676382,6.33007437124149,0.446516328846556,0.504406483520767,0.81482269144375,0.861367419942741,"cogn_se_lv"
"10322","DDX51","Exc L5/6 IT Car3",0.00811375942055187,5.00151078968121,0.265520450147025,0.606657340731247,0.868357528318167,0.907602834873023,"cogn_se_lv"
"10323","NOC4L","Exc L5/6 IT Car3",-0.0316495245725955,2.32538898720951,0.848252315290729,0.357641430774604,0.722426643047911,0.779691186304396,"cogn_se_lv"
"10324","GALNT9","Exc L5/6 IT Car3",-0.0264721328135136,5.45885466460575,2.15872448528051,0.14260369306865,0.518749127765731,0.570265017698049,"cogn_se_lv"
"10325","FBRSL1","Exc L5/6 IT Car3",0.0105776443423492,4.98973280947215,0.461479720988422,0.497353797059728,0.81066245888045,0.857640402780817,"cogn_se_lv"
"10326","POLE","Exc L5/6 IT Car3",-0.0454402304397123,3.66917586418547,3.89784051888399,0.0490842115029594,0.355317975084922,0.375934516089311,"cogn_se_lv"
"10327","AC135586.2","Exc L5/6 IT Car3",0.0217281243096928,1.95092517998288,0.29536078613282,0.686104207816827,0.902182481057841,0.938130656987479,"cogn_se_lv"
"10328","PGAM5","Exc L5/6 IT Car3",0.00884041985459418,3.21939199927619,0.108010904934537,0.742604255085402,0.93226849545349,0.957035476052395,"cogn_se_lv"
"10329","ANKLE2","Exc L5/6 IT Car3",-0.00125856361287193,5.26654717794755,0.0120732892075945,0.912564702888779,0.989073227776396,0.993863235335742,"cogn_se_lv"
"10330","GOLGA3","Exc L5/6 IT Car3",-0.0123305677723844,5.99988055471407,1.03645601669473,0.309305830654958,0.685001081063068,0.746208863085058,"cogn_se_lv"
"10331","CHFR","Exc L5/6 IT Car3",0.0134048965635304,6.33855808148465,1.0160521434673,0.314109546018528,0.688919183871333,0.74993699596702,"cogn_se_lv"
"10332","AC127070.2","Exc L5/6 IT Car3",0.0255937013199069,1.75007127294317,0.377052139474721,0.539558764928665,0.830131899655318,0.877505838603067,"cogn_se_lv"
"10333","ZNF26","Exc L5/6 IT Car3",0.0237781582696541,5.14752136919136,2.78433321264126,0.0960279166767933,0.450135034879137,0.490537812846186,"cogn_se_lv"
"10334","ZNF84","Exc L5/6 IT Car3",0.0119615736085439,5.66997469675595,1.09287758142891,0.559782903769535,0.842713380515811,0.886710212022135,"cogn_se_lv"
"10335","ZNF140","Exc L5/6 IT Car3",0.0175987021346179,4.10769246120136,0.90061602978704,0.343229928677434,0.712669806036927,0.769712301945116,"cogn_se_lv"
"10336","ZNF891","Exc L5/6 IT Car3",-0.00643414877317348,4.48259148594775,0.14834687257597,0.700339317947045,0.910350279594577,0.943397145490492,"cogn_se_lv"
"10337","AC026786.1","Exc L5/6 IT Car3",-0.00369681469901159,2.1984720954171,0.00871448010602023,0.925674445783324,0.991421064555278,0.995483829796552,"cogn_se_lv"
"10338","ZNF268","Exc L5/6 IT Car3",0.0150915198285002,3.72377387459504,0.688462159468859,0.415674358649924,0.764213162062159,0.816390957990047,"cogn_se_lv"
"10339","LINC00349","Exc L5/6 IT Car3",-0.0265052802501792,2.03943405102032,0.271082296275289,0.602915044210639,0.866657447965374,0.905927231496777,"cogn_se_lv"
"10340","TPTE2","Exc L5/6 IT Car3",0.0367787912672403,3.62702377579262,1.60061336517408,0.206604673501887,0.594467191452667,0.649773120700617,"cogn_se_lv"
"10341","MPHOSPH8","Exc L5/6 IT Car3",-0.0240089254761075,8.05144430319939,5.04861697904976,0.0252287240889037,0.289624594467898,0.286526813766935,"cogn_se_lv"
"10342","PSPC1","Exc L5/6 IT Car3",-0.00770567666475882,7.39842720313385,0.634418350170947,0.426244995419239,0.770666174753535,0.822528081603148,"cogn_se_lv"
"10343","ZMYM5","Exc L5/6 IT Car3",-0.00522666615320168,5.54022019437897,0.200254530415779,0.65477476974595,0.888727033534045,0.926315679327779,"cogn_se_lv"
"10344","AL355001.1","Exc L5/6 IT Car3",0.00532285204198842,2.0025083780297,0.0137090291930514,0.906855153780058,0.987930970246697,0.993036421399373,"cogn_se_lv"
"10345","ZMYM2","Exc L5/6 IT Car3",-0.000615526199434266,7.79284802171001,0.00564005959215175,0.940175073444506,0.994539668727838,0.99747309903324,"cogn_se_lv"
"10346","CRYL1","Exc L5/6 IT Car3",0.0415331358216231,6.56656517478932,5.20912885099785,0.0230299442255974,0.280404146860715,0.276042871969557,"cogn_se_lv"
"10347","IFT88","Exc L5/6 IT Car3",0.0271746916217943,5.79909017830963,2.58964650640441,0.108408795927213,0.470937787426174,0.513457125131192,"cogn_se_lv"
"10348","AL161772.1","Exc L5/6 IT Car3",0.00809011883684225,4.94805897775694,0.110343487369868,0.739939669248841,0.930973799030384,0.956447960548895,"cogn_se_lv"
"10349","IL17D","Exc L5/6 IT Car3",-0.00830357138906337,5.70403421781529,0.226262999610928,0.634586660867189,0.881911568606288,0.919383247082735,"cogn_se_lv"
"10350","EEF1AKMT1","Exc L5/6 IT Car3",0.0101576409945428,4.3702544130683,0.347226681812241,0.556043324295304,0.840188978670092,0.884980874250244,"cogn_se_lv"
"10351","XPO4","Exc L5/6 IT Car3",0.0015806432970423,6.46132519966609,0.0249367954323732,0.874609954149913,0.979751648832088,0.988122988421575,"cogn_se_lv"
"10352","SAP18","Exc L5/6 IT Car3",-0.042677698997891,5.28115599412786,2.38063508392237,0.123694004573986,0.492855743293762,0.540798983331915,"cogn_se_lv"
"10353","SKA3","Exc L5/6 IT Car3",-0.0685307276646895,1.43451771967622,1.6286986529454,0.202675769287165,0.589852164542185,0.6450246588537,"cogn_se_lv"
"10354","MRPL57","Exc L5/6 IT Car3",-0.00967043653006083,4.61218962594164,0.175014588255175,0.675933425019975,0.899176443999365,0.934607421965152,"cogn_se_lv"
"10355","ZDHHC20","Exc L5/6 IT Car3",0.0137149373118057,6.30711717364204,1.4453661509526,0.230034238851304,0.619071574163407,0.675982083257945,"cogn_se_lv"
"10356","MICU2","Exc L5/6 IT Car3",0.0113615314468609,7.17415004256369,1.30412196607048,0.254192899415134,0.637946240799404,0.698753301482105,"cogn_se_lv"
"10357","FGF9","Exc L5/6 IT Car3",0.0592137775520437,4.30713666208392,8.23515816543005,0.00434223709086483,0.144961016981366,0.129293727413429,"cogn_se_lv"
"10358","LINC00621","Exc L5/6 IT Car3",0.0322642638410998,2.75287918230111,1.24678893377006,0.264884124692044,0.647999790019163,0.708704374202282,"cogn_se_lv"
"10359","SGCG","Exc L5/6 IT Car3",0.0560515096185619,1.89049435079981,1.51170011822524,0.219653440773491,0.608325796923524,0.664387357233242,"cogn_se_lv"
"10360","SACS","Exc L5/6 IT Car3",0.00625946486171752,7.83136014612124,0.297175547731017,0.585983757386921,0.856437799257807,0.898741657159917,"cogn_se_lv"
"10361","LINC00327","Exc L5/6 IT Car3",-0.0361864405377062,2.42670966153407,1.18112500031867,0.277827625196606,0.659846663735672,0.71988659218376,"cogn_se_lv"
"10362","TNFRSF19","Exc L5/6 IT Car3",-0.00121381983783208,6.22558149476863,0.00559101087478275,0.940435287034011,0.994539668727838,0.99747309903324,"cogn_se_lv"
"10363","MIPEP","Exc L5/6 IT Car3",0.015450411865266,6.60896590125935,1.20549961962387,0.272932213661048,0.655190573739436,0.715679681480557,"cogn_se_lv"
"10364","PARP4","Exc L5/6 IT Car3",-0.0448154316761885,3.03681433954336,1.83328465985647,0.176558354856493,0.563465498502014,0.616262614463158,"cogn_se_lv"
"10365","ATP12A","Exc L5/6 IT Car3",0.0518050240827536,1.61021756047292,0.866909319483658,0.35241349980185,0.719169542251618,0.775935834875279,"cogn_se_lv"
"10366","RNF17","Exc L5/6 IT Car3",0.115694870408546,1.45308786849234,2.45750224687063,0.117811038421364,0.486637707596218,0.530961092543528,"cogn_se_lv"
"10367","CENPJ","Exc L5/6 IT Car3",-0.0150168803673394,5.11732656176971,0.549934540255179,0.45881025132903,0.788028655907772,0.839618221684467,"cogn_se_lv"
"10368","PABPC3","Exc L5/6 IT Car3",-0.0654678239089928,2.16195163639982,2.44453010343005,0.118781652915274,0.488783325766328,0.532828820876502,"cogn_se_lv"
"10369","AMER2","Exc L5/6 IT Car3",-0.0625808119262947,4.62586858584689,14.0058251327201,0.000210899248116799,0.0421524601106173,0.0280297038440515,"cogn_se_lv"
"10370","MTMR6","Exc L5/6 IT Car3",-0.0102348336199714,5.38474206738864,0.59299011641874,0.565431147226654,0.84542695588375,0.888975546172616,"cogn_se_lv"
"10371","NUP58","Exc L5/6 IT Car3",-0.00403067112044332,6.20105421673282,0.185228528321035,0.667166016792191,0.895220332863334,0.931204142385122,"cogn_se_lv"
"10372","ATP8A2","Exc L5/6 IT Car3",0.0105032786895248,8.71336247529211,0.825713990218046,0.364100489910916,0.727161502689981,0.784149949027955,"cogn_se_lv"
"10373","RNF6","Exc L5/6 IT Car3",-0.0451184544240018,4.30822994561409,3.22009756362556,0.0735474649651674,0.412806389995126,0.443928858449503,"cogn_se_lv"
"10374","CDK8","Exc L5/6 IT Car3",-0.00543822402955712,6.42446793688029,0.164527345082227,0.685254194415777,0.901848749589734,0.937825111993856,"cogn_se_lv"
"10375","WASF3","Exc L5/6 IT Car3",-0.00990032012958487,4.91186806702767,0.534581664862111,0.465145194458341,0.79119444669795,0.842524502359018,"cogn_se_lv"
"10376","USP12","Exc L5/6 IT Car3",0.020278757471702,4.5892075006034,2.20192392023634,0.138681583656384,0.512193321927466,0.564442757311242,"cogn_se_lv"
"10377","LINC02340","Exc L5/6 IT Car3",0.0948133042168234,3.84323637695422,8.62914302166838,0.00351335873773385,0.132529156309283,0.116996856533051,"cogn_se_lv"
"10378","RPL21","Exc L5/6 IT Car3",-0.036009494249353,4.91054482664465,0.538017873145778,0.463715273465256,0.790961030368069,0.841923733548083,"cogn_se_lv"
"10379","GTF3A","Exc L5/6 IT Car3",-0.0167508882490144,5.39285343159754,1.09908636966248,0.295144289683403,0.673246538921525,0.733783802987254,"cogn_se_lv"
"10380","MTIF3","Exc L5/6 IT Car3",-0.00954042123646334,5.0861055022021,0.50719598528746,0.770218682313537,0.943256958234038,0.964741135421288,"cogn_se_lv"
"10381","LNX2","Exc L5/6 IT Car3",0.00983567214091731,3.7162897552952,0.214894119805765,0.643228087854139,0.885447193796969,0.922230491595812,"cogn_se_lv"
"10382","POLR1D","Exc L5/6 IT Car3",0.00322639510763275,5.11719704013429,0.0620641301565445,0.803399625813278,0.955659316839261,0.973741438995415,"cogn_se_lv"
"10383","PLUT","Exc L5/6 IT Car3",-0.0272831760379649,1.45044937063093,0.205406131283014,0.650655166441017,0.887571619529096,0.924846934821581,"cogn_se_lv"
"10384","FLT3","Exc L5/6 IT Car3",0.0864579543574256,2.49329108694455,3.25365028303399,0.0720698215120521,0.410645891547753,0.440294729168166,"cogn_se_lv"
"10385","PAN3","Exc L5/6 IT Car3",0.00453020204029269,7.18746350346425,0.188653140614557,0.664290659172959,0.894125699201666,0.930162276130069,"cogn_se_lv"
"10386","POMP","Exc L5/6 IT Car3",-0.0495191869807071,5.05116270225565,3.87821041614193,0.0496550599427516,0.356516912015847,0.377649674056819,"cogn_se_lv"
"10387","SLC46A3","Exc L5/6 IT Car3",0.0302407718436432,3.2592944663523,1.52002155583254,0.218391290436232,0.606576783940374,0.66319884987594,"cogn_se_lv"
"10388","MTUS2","Exc L5/6 IT Car3",0.00349767141329221,9.43226410578503,0.0786674450745676,0.779266650810232,0.94753209733503,0.967288655108375,"cogn_se_lv"
"10389","SLC7A1","Exc L5/6 IT Car3",-0.0291233768006522,5.34749505957686,4.29702365001146,0.0388641156625859,0.327903038577323,0.342980331812465,"cogn_se_lv"
"10390","UBL3","Exc L5/6 IT Car3",-0.0463703923608355,5.8925139568886,8.77008772566931,0.0032577423842435,0.131218826837242,0.113146648551614,"cogn_se_lv"
"10391","KATNAL1","Exc L5/6 IT Car3",-0.00100299584772909,6.58860116393528,0.00794685814058432,0.92901431241824,0.991713273782113,0.995925713518617,"cogn_se_lv"
"10392","HMGB1","Exc L5/6 IT Car3",0.0106796535513949,7.64871642111418,0.65451555642168,0.419017668124207,0.766240721534167,0.818470596420081,"cogn_se_lv"
"10393","USPL1","Exc L5/6 IT Car3",0.0128770295005428,4.65718213815481,0.64121486813063,0.423780045522292,0.769463768356309,0.821154656925168,"cogn_se_lv"
"10394","TEX26","Exc L5/6 IT Car3",0.0198228850270757,2.67841873310121,0.343726265625771,0.558040178932157,0.841272275407347,0.886076926058256,"cogn_se_lv"
"10395","HSPH1","Exc L5/6 IT Car3",-0.0457136071865357,7.49101642924571,3.43280506065746,0.0647017142822209,0.391107377377604,0.421871066162453,"cogn_se_lv"
"10396","B3GLCT","Exc L5/6 IT Car3",-0.0136046714790092,7.35098325750812,1.35000848001456,0.24601822050716,0.63060160275998,0.690430386489783,"cogn_se_lv"
"10397","RXFP2","Exc L5/6 IT Car3",-0.0878092987012357,1.26683429666848,1.6429335081102,0.200718177386091,0.588166936399838,0.642817798551247,"cogn_se_lv"
"10398","FRY","Exc L5/6 IT Car3",-0.0133677104487805,8.25843549037863,1.35634980461327,0.244914067387276,0.63029869620458,0.689441789123352,"cogn_se_lv"
"10399","FRY-AS1","Exc L5/6 IT Car3",0.0155655540071269,2.72014617281429,0.303345849597809,0.582121557790626,0.855297114028453,0.897054617574353,"cogn_se_lv"
"10400","N4BP2L1","Exc L5/6 IT Car3",-0.00304793896489957,6.12946069620904,0.0561457846401057,0.812824635570644,0.959045669722624,0.976365470283287,"cogn_se_lv"
"10401","N4BP2L2","Exc L5/6 IT Car3",-0.00197224179974794,8.7515143029067,0.088429352109458,0.766348730630486,0.942146573736388,0.963684686067599,"cogn_se_lv"
"10402","PDS5B","Exc L5/6 IT Car3",-0.048260675433278,7.51652711178938,14.1949909093249,0.000191424558641482,0.0392470188413782,0.026507812988062,"cogn_se_lv"
"10403","STARD13","Exc L5/6 IT Car3",-0.014480134920939,7.19408654524298,0.881370490288622,0.348433009696679,0.716225994287685,0.773213669714947,"cogn_se_lv"
"10404","AL139383.1","Exc L5/6 IT Car3",0.0243470591640979,3.18623303035951,0.712116653537879,0.399281918922713,0.754037868768464,0.807110250289618,"cogn_se_lv"
"10405","RFC3","Exc L5/6 IT Car3",0.0251041195848871,5.51191180527548,0.903974112817274,0.342332874685157,0.711959856946564,0.768737146566369,"cogn_se_lv"
"10406","LINC02343","Exc L5/6 IT Car3",0.100283111062578,3.05414515840801,4.16815959558934,0.0418923887884173,0.336180248199134,0.353920912689603,"cogn_se_lv"
"10407","LINC00457","Exc L5/6 IT Car3",0.0526009893589994,2.72458723361275,1.60214578056709,0.20638798885268,0.594290071689468,0.649614058301139,"cogn_se_lv"
"10408","AL161716.1","Exc L5/6 IT Car3",0.143380936491547,1.82450219485479,7.11992596969792,0.00795521549214088,0.18981514174271,0.172982162557862,"cogn_se_lv"
"10409","AL138690.1","Exc L5/6 IT Car3",-0.0190629717090714,2.29859319295007,0.285986117321729,0.626410145191595,0.876803286448263,0.916079797594167,"cogn_se_lv"
"10410","NBEA","Exc L5/6 IT Car3",-0.0353100814953469,10.4110775521889,10.3577541539285,0.00140199368209722,0.0925715026346619,0.0757266303309779,"cogn_se_lv"
"10411","DCLK1","Exc L5/6 IT Car3",0.0113903846125413,10.4846843994741,1.08174972674013,0.298978942846266,0.676917505521024,0.737259939436248,"cogn_se_lv"
"10412","SPART","Exc L5/6 IT Car3",0.0134692521187847,6.13988079907803,0.848071123657467,0.357692723848283,0.722426643047911,0.779691186304396,"cogn_se_lv"
"10413","SPART-AS1","Exc L5/6 IT Car3",0.00884517545376602,2.16271230296022,0.0606395697081362,0.805623126391546,0.956354177213454,0.974274178012842,"cogn_se_lv"
"10414","CCNA1","Exc L5/6 IT Car3",0.00487687539479224,2.45998026508888,0.0226306395552439,0.880502728914037,0.981383038672293,0.988923094115778,"cogn_se_lv"
"10415","RFXAP","Exc L5/6 IT Car3",-0.0141129400335152,4.72985822666432,0.995873484525701,0.318956841386602,0.692853021205897,0.753444703534055,"cogn_se_lv"
"10416","SMAD9","Exc L5/6 IT Car3",0.0334517733859622,3.00273262607939,0.862867721148849,0.353537069381818,0.719780905455015,0.776752783962974,"cogn_se_lv"
"10417","ALG5","Exc L5/6 IT Car3",0.00668983887623361,4.63526491003548,0.224587999520692,0.841294437179735,0.969343519367831,0.981549794551662,"cogn_se_lv"
"10418","EXOSC8","Exc L5/6 IT Car3",-0.000426810237668624,3.72864622065748,0.00050039005497726,0.982165229507864,0.998390354534415,0.999870711362408,"cogn_se_lv"
"10419","SUPT20H","Exc L5/6 IT Car3",-0.00882921884622017,5.84330488219139,0.463097943089767,0.496601117729009,0.810277332233811,0.857308273997742,"cogn_se_lv"
"10420","POSTN","Exc L5/6 IT Car3",-0.00449362612736233,8.02607380850809,0.0753698075426698,0.783824745538276,0.949524736639513,0.968332583267659,"cogn_se_lv"
"10421","TRPC4","Exc L5/6 IT Car3",-0.00926913035875933,7.21371422021128,0.493010912527795,0.483024390752602,0.802169611459778,0.850715566894078,"cogn_se_lv"
"10422","LINC00571","Exc L5/6 IT Car3",-0.0306451615714981,2.61175176788955,0.991184616940356,0.320097262942082,0.693607301690158,0.754191071989383,"cogn_se_lv"
"10423","UFM1","Exc L5/6 IT Car3",-0.0240699840083856,5.27949265313247,2.72012167615746,0.0999308211845854,0.45575968749403,0.497526158426711,"cogn_se_lv"
"10424","FREM2","Exc L5/6 IT Car3",-0.0240423517914902,1.47255198354667,0.162005758181194,0.687546689773506,0.902774616430194,0.938840437047123,"cogn_se_lv"
"10425","PROSER1","Exc L5/6 IT Car3",-0.00444978123946283,4.07227704609811,0.0799876088083339,0.777470803959955,0.946718698160727,0.966926802869444,"cogn_se_lv"
"10426","NHLRC3","Exc L5/6 IT Car3",0.0279267454166954,5.50916130439004,3.27340688932353,0.0712147278178616,0.408039497617263,0.438020505764718,"cogn_se_lv"
"10427","AL354809.1","Exc L5/6 IT Car3",0.0388920764562647,2.81472760823754,2.15221687585101,0.143205298446164,0.519549632976535,0.571177434709254,"cogn_se_lv"
"10428","LHFPL6","Exc L5/6 IT Car3",-0.0380595162144973,3.50432367065091,0.752467525367353,0.386252822330032,0.743797664622021,0.799077500619813,"cogn_se_lv"
"10429","COG6","Exc L5/6 IT Car3",0.0116541362463148,6.55788739696658,1.02454258880691,0.312098863196005,0.687327176124416,0.748688903282354,"cogn_se_lv"
"10430","LINC00598","Exc L5/6 IT Car3",-0.00734663191644232,1.57031518524457,0.0165941139483428,0.897570853473862,0.986715578313859,0.992023197162183,"cogn_se_lv"
"10431","FOXO1","Exc L5/6 IT Car3",-0.0251061681040584,2.2380743525935,0.30802777105529,0.57922501639398,0.854021172859106,0.895746882498023,"cogn_se_lv"
"10432","MRPS31","Exc L5/6 IT Car3",0.0019636753018983,5.56625762773784,0.020523463739107,0.886161965772813,0.983710314298651,0.989749193647213,"cogn_se_lv"
"10433","ELF1","Exc L5/6 IT Car3",-0.0129223224658775,3.72227326565581,0.306988801006613,0.579865294392566,0.854320722431242,0.895873279501358,"cogn_se_lv"
"10434","WBP4","Exc L5/6 IT Car3",-0.0316920012459576,5.21671533098354,4.97625698177244,0.0262905033845062,0.293064283242318,0.291036858906311,"cogn_se_lv"
"10435","KBTBD6","Exc L5/6 IT Car3",-0.0473990493172234,4.27689073893447,5.68194920982339,0.0176389964645587,0.25241944981464,0.24557189081316,"cogn_se_lv"
"10436","AL354696.2","Exc L5/6 IT Car3",0.0263984816920732,2.62328399519523,0.776789162218647,0.378691471799745,0.737841138924423,0.79421768113674,"cogn_se_lv"
"10437","KBTBD7","Exc L5/6 IT Car3",0.00402625339101047,3.35683551812438,0.0246950866872098,0.875214104252248,0.979751648832088,0.988248837599212,"cogn_se_lv"
"10438","MTRF1","Exc L5/6 IT Car3",-0.00710714782083216,4.03274421259689,0.172622711966265,0.873778835410695,0.9795641227397,0.988043586572182,"cogn_se_lv"
"10439","NAA16","Exc L5/6 IT Car3",-0.0277147678008223,6.07551735866086,2.30001012283411,0.130218638023671,0.500474253092376,0.551619155663565,"cogn_se_lv"
"10440","RGCC","Exc L5/6 IT Car3",-0.0765541407193878,3.70420588193064,7.63722572996535,0.006000556521981,0.165776034227212,0.152010713432236,"cogn_se_lv"
"10441","VWA8","Exc L5/6 IT Car3",0.00820333021931332,7.81517630779961,0.503571402771702,0.478377624889806,0.799547311799968,0.848703718633566,"cogn_se_lv"
"10442","DGKH","Exc L5/6 IT Car3",0.0290423261633679,7.44756379366527,5.34075176838358,0.0213761407115154,0.274107312637756,0.268570989185033,"cogn_se_lv"
"10443","AKAP11","Exc L5/6 IT Car3",-0.0233805109991442,7.11660155314068,5.04808984786975,0.0252362950735186,0.289624594467898,0.286526813766935,"cogn_se_lv"
"10444","LINC02341","Exc L5/6 IT Car3",-0.00852416356423546,2.26055142822863,0.0391778127598718,0.843204443573897,0.97052699024772,0.982141912196395,"cogn_se_lv"
"10445","DNAJC15","Exc L5/6 IT Car3",-0.0120321978361793,4.84599842961034,0.595844793339952,0.440655719414783,0.776559203228388,0.829871707233539,"cogn_se_lv"
"10446","ENOX1","Exc L5/6 IT Car3",0.00949619012773782,10.3461315726186,0.488625162505709,0.484976075963092,0.803087602824186,0.851729025113356,"cogn_se_lv"
"10447","CCDC122","Exc L5/6 IT Car3",-0.00698448190522395,3.47019781757576,0.0483944275445867,0.826001147698294,0.964634291823138,0.978449899878602,"cogn_se_lv"
"10448","SMIM2-AS1","Exc L5/6 IT Car3",0.0511928966958732,1.95974917552059,1.28507904687941,0.257683564438428,0.640286085390188,0.702100135795682,"cogn_se_lv"
"10449","SERP2","Exc L5/6 IT Car3",-0.019402419115717,5.86812889123839,1.78727019366912,0.182072436377975,0.569184398914693,0.622244074071455,"cogn_se_lv"
"10450","TSC22D1","Exc L5/6 IT Car3",0.00934224111220762,8.36335098469924,1.10439150611167,0.293983508062711,0.672512011030238,0.733084597878308,"cogn_se_lv"
"10451","TSC22D1-AS1","Exc L5/6 IT Car3",0.00260139833842824,3.64353794510885,0.0150733061160066,0.957504768364595,0.997053628956036,0.998555548513014,"cogn_se_lv"
"10452","LINC00407","Exc L5/6 IT Car3",0.065790741194589,4.97239235318212,8.68180674143338,0.00341553293733963,0.132529156309283,0.115537637904109,"cogn_se_lv"
"10453","AL356515.1","Exc L5/6 IT Car3",0.0702683407047181,1.93256378032324,1.87030833420425,0.172261725927033,0.558778039724983,0.610494455482858,"cogn_se_lv"
"10454","NUFIP1","Exc L5/6 IT Car3",0.0129748890444248,4.28823788856548,0.667686583597,0.414379990993302,0.76329240710795,0.815659339786606,"cogn_se_lv"
"10455","AL359706.1","Exc L5/6 IT Car3",0.0319120054769134,3.81464336699195,0.854834046339137,0.355785064754948,0.721289984062316,0.778455327465081,"cogn_se_lv"
"10456","GPALPP1","Exc L5/6 IT Car3",0.00853789361785605,6.64034816543235,0.997953323146428,0.318452698947446,0.692808967221059,0.753258083482633,"cogn_se_lv"
"10457","GTF2F2","Exc L5/6 IT Car3",0.0195106217685237,5.43419452433815,2.51912158411383,0.113319003162541,0.479115235898766,0.522432210109733,"cogn_se_lv"
"10458","TPT1","Exc L5/6 IT Car3",-0.0998191587737441,6.53114861326757,8.85689888731558,0.00310983293260318,0.130765925772576,0.110349096472507,"cogn_se_lv"
"10459","AL138963.1","Exc L5/6 IT Car3",0.007818093057678,2.30115697797866,0.0572640267565593,0.99237862496893,0.999242764926216,0.999870711362408,"cogn_se_lv"
"10460","SLC25A30","Exc L5/6 IT Car3",0.00591339154844125,2.67305163702052,0.0474277491157091,0.901738444940173,0.987810604126722,0.992744989013678,"cogn_se_lv"
"10461","COG3","Exc L5/6 IT Car3",0.0134065035412483,5.30703660886225,1.21547828818804,0.270959418424735,0.653645032580496,0.71417892965621,"cogn_se_lv"
"10462","SIAH3","Exc L5/6 IT Car3",-0.0375391502637972,3.61562040686249,2.43576717681167,0.119442344818779,0.48966526913953,0.534091930819981,"cogn_se_lv"
"10463","ZC3H13","Exc L5/6 IT Car3",-0.0270036913200175,6.85857703213333,7.90515107051452,0.0051893180164677,0.157750327882543,0.141680450031002,"cogn_se_lv"
"10464","CPB2-AS1","Exc L5/6 IT Car3",0.00705098114428865,5.11969142366419,0.210614749875666,0.646552821770075,0.88637519392851,0.923576101457566,"cogn_se_lv"
"10465","CPB2","Exc L5/6 IT Car3",0.00110597190054892,2.3918509212488,0.0008638889394066,0.976567654185519,0.998267578294294,0.999481105410931,"cogn_se_lv"
"10466","LRRC63","Exc L5/6 IT Car3",-0.0344081987064756,2.48979201862452,0.79815815052826,0.372219630762523,0.732849002408768,0.789495657660707,"cogn_se_lv"
"10467","RUBCNL","Exc L5/6 IT Car3",-0.0353117766731291,2.0665762631303,0.829667524840321,0.362955875790633,0.726811316394553,0.78335102807031,"cogn_se_lv"
"10468","AL138686.1","Exc L5/6 IT Car3",-0.073727830978967,3.08881302904163,2.47408738163478,0.116582883761095,0.484659800400664,0.528423874529695,"cogn_se_lv"
"10469","LRCH1","Exc L5/6 IT Car3",-0.000956224527156634,5.66390117299721,0.00331358426491833,0.954126900852522,0.996776168030349,0.99825732469581,"cogn_se_lv"
"10470","ESD","Exc L5/6 IT Car3",0.00758276311735547,4.68877173929016,0.19904074004637,0.655754653018973,0.889373944187876,0.926814769842976,"cogn_se_lv"
"10471","HTR2A","Exc L5/6 IT Car3",-0.0568576761667377,5.00104354516956,4.22647228518926,0.0404923450384318,0.331830239691941,0.348439015066265,"cogn_se_lv"
"10472","SUCLA2","Exc L5/6 IT Car3",0.0167248508504708,5.86750424867315,1.86471620435825,0.172902887892113,0.559485520597349,0.611155221016818,"cogn_se_lv"
"10473","SUCLA2-AS1","Exc L5/6 IT Car3",0.00100722982594587,1.98571023215534,0.000740031345409651,0.978311932458007,0.998390354534415,0.999693731926281,"cogn_se_lv"
"10474","NUDT15","Exc L5/6 IT Car3",0.00153243049287142,2.45247043556455,0.00192116133329442,0.965062485015144,0.997621680933237,0.99892010896344,"cogn_se_lv"
"10475","MED4","Exc L5/6 IT Car3",0.00980614894959284,5.84174116244819,0.824689364674742,0.364397952919235,0.727246849504114,0.784412045103396,"cogn_se_lv"
"10476","ITM2B","Exc L5/6 IT Car3",-0.0509225737361077,7.18113707787314,5.99494472614042,0.0148058752449443,0.235395062003814,0.227537724439372,"cogn_se_lv"
"10477","RB1","Exc L5/6 IT Car3",-0.0167394364007923,6.79603159571422,3.03392722901279,0.0823632817283905,0.427223089248375,0.464612656004212,"cogn_se_lv"
"10478","LPAR6","Exc L5/6 IT Car3",0.017774682307884,2.06850629950702,0.14634115913343,0.702274181205026,0.911206883480392,0.944038893265,"cogn_se_lv"
"10479","RCBTB2","Exc L5/6 IT Car3",-0.000574597549345012,3.94909544889909,0.000981933742603131,0.975018452525708,0.998267578294294,0.999481105410931,"cogn_se_lv"
"10480","FNDC3A","Exc L5/6 IT Car3",-0.0127521074958477,7.20200444090076,1.37981095780607,0.240881355078682,0.626237807748165,0.685562709464631,"cogn_se_lv"
"10481","CDADC1","Exc L5/6 IT Car3",-0.0053213742638504,4.30293363037957,0.122198296805075,0.726859303542768,0.924578877874823,0.952340431935166,"cogn_se_lv"
"10482","CAB39L","Exc L5/6 IT Car3",-0.0219211009426416,7.32443004978623,2.66300719708936,0.103548797088604,0.462971192999255,0.504549001483372,"cogn_se_lv"
"10483","SETDB2","Exc L5/6 IT Car3",0.0152801949420815,5.21905808094809,1.17975655715297,0.27810573345773,0.659991863980643,0.719994062569643,"cogn_se_lv"
"10484","PHF11","Exc L5/6 IT Car3",0.0155691620270787,3.87537300576309,0.263959357616068,0.60771663846734,0.868811803624,0.908040908457261,"cogn_se_lv"
"10485","RCBTB1","Exc L5/6 IT Car3",-0.0312340888223089,4.80134199575761,3.17954186498302,0.0753772385962008,0.41591157374623,0.448618962226194,"cogn_se_lv"
"10486","EBPL","Exc L5/6 IT Car3",-0.0232435116872474,3.50695771811405,0.973513342829995,0.324443952105495,0.697162923444783,0.757376044590151,"cogn_se_lv"
"10487","KPNA3","Exc L5/6 IT Car3",-0.0105258480062374,6.47232910800933,1.578078968509,0.209822422938618,0.597972554265113,0.653237759504435,"cogn_se_lv"
"10488","SPRYD7","Exc L5/6 IT Car3",-0.0339337068488648,4.78695434382821,6.00995569606939,0.0146824661061577,0.235133354187062,0.226663800615591,"cogn_se_lv"
"10489","DLEU2","Exc L5/6 IT Car3",0.00321087239881868,5.52186565651319,0.0260533998231262,0.871857207950599,0.978835893664993,0.987723202375867,"cogn_se_lv"
"10490","TRIM13","Exc L5/6 IT Car3",-0.0125950086695661,4.84339011118608,0.851717990808644,0.35666228705902,0.722146112069242,0.779131395829435,"cogn_se_lv"
"10491","DLEU7","Exc L5/6 IT Car3",0.0203683171639121,4.27779697887384,0.934243650751405,0.334387774586036,0.704257143616854,0.763733793993028,"cogn_se_lv"
"10492","RNASEH2B-AS1","Exc L5/6 IT Car3",0.0347875403695251,2.378930847707,0.947217916683501,0.331058050713183,0.701208835738492,0.761596114835834,"cogn_se_lv"
"10493","RNASEH2B","Exc L5/6 IT Car3",0.000848599053560014,5.1413949829782,0.00228896627563432,0.961866812951528,0.997053628956036,0.998671534701029,"cogn_se_lv"
"10494","FAM124A","Exc L5/6 IT Car3",0.0144424468293965,3.99770469214511,0.415432244232277,0.519620575085675,0.820971047083305,0.868402953002852,"cogn_se_lv"
"10495","SERPINE3","Exc L5/6 IT Car3",0.0193667221650818,1.77549824113401,0.132322324236402,0.716241942358947,0.918503749096258,0.948754909897132,"cogn_se_lv"
"10496","INTS6","Exc L5/6 IT Car3",-0.0358559571034715,6.73700965355134,6.83592565144365,0.00929574051695873,0.199491591498572,0.185277352767106,"cogn_se_lv"
"10497","INTS6-AS1","Exc L5/6 IT Car3",0.0347898561924033,4.41136324525338,3.71068427365288,0.054823435851472,0.370877075559755,0.395616154990654,"cogn_se_lv"
"10498","WDFY2","Exc L5/6 IT Car3",-0.0241426865423198,6.23601468626315,2.89700767715922,0.0895758639974895,0.439186638404832,0.479041184727693,"cogn_se_lv"
"10499","AL162377.3","Exc L5/6 IT Car3",-0.0458149232453102,2.13050275160837,1.48635030863969,0.223552618437874,0.612738431418316,0.669056458591871,"cogn_se_lv"
"10500","ATP7B","Exc L5/6 IT Car3",-0.0297716625394802,4.99702258593917,3.33899699817455,0.0684532501221518,0.400264255083555,0.430739297104517,"cogn_se_lv"
"10501","ALG11","Exc L5/6 IT Car3",0.0158982444245456,3.6479506922024,0.531190211293948,0.731106472436213,0.926144424297746,0.953586143143298,"cogn_se_lv"
"10502","UTP14C","Exc L5/6 IT Car3",-0.0212206834447248,4.09567396090857,1.57059288750585,0.210904526185624,0.598585727280052,0.654539204397464,"cogn_se_lv"
"10503","NEK5","Exc L5/6 IT Car3",-0.0130913075239737,3.66060024604377,0.256130868441174,0.613089285768052,0.871393065013883,0.910566601456209,"cogn_se_lv"
"10504","NEK3","Exc L5/6 IT Car3",0.0285220963775299,2.30282009269331,0.652097957583485,0.419877327216569,0.766810497907085,0.818908370469515,"cogn_se_lv"
"10505","THSD1","Exc L5/6 IT Car3",0.0228638410091173,3.03284227292654,0.857702495303578,0.354980165758908,0.720752386980564,0.777715689362048,"cogn_se_lv"
"10506","VPS36","Exc L5/6 IT Car3",-0.0121453060323634,6.44774819797927,1.61430208137303,0.204678582315677,0.592551426229922,0.647669707858872,"cogn_se_lv"
"10507","AL359513.1","Exc L5/6 IT Car3",0.0100627432551352,2.22508880717879,0.0728863235263413,0.787328772039464,0.950203089843739,0.969276910837288,"cogn_se_lv"
"10508","CKAP2","Exc L5/6 IT Car3",-0.028194514038789,3.95573754744136,2.3372875650881,0.127155352220049,0.497058895267095,0.546106714521424,"cogn_se_lv"
"10509","AL139089.1","Exc L5/6 IT Car3",0.061764445498529,2.37487120768953,3.0976801805377,0.0792220879561131,0.420663153470392,0.457382793923992,"cogn_se_lv"
"10510","SUGT1","Exc L5/6 IT Car3",-0.0283266331324978,5.82242536249795,3.92909981578319,0.0481895006378709,0.353049189458432,0.37313371223217,"cogn_se_lv"
"10511","PCDH8","Exc L5/6 IT Car3",0.0484464817978664,3.46976749395119,1.49823593872004,0.22171417809019,0.610116152240244,0.666772591852128,"cogn_se_lv"
"10512","AL390964.1","Exc L5/6 IT Car3",0.0216880992009161,1.30237138878025,0.0959318254452169,0.75693997620932,0.938022887016783,0.961332731712332,"cogn_se_lv"
"10513","LINC02335","Exc L5/6 IT Car3",0.119793852474948,1.80675338808674,3.56499321803474,0.0597844452975875,0.380760545955464,0.40862258878399,"cogn_se_lv"
"10514","PCDH17","Exc L5/6 IT Car3",-0.038856424441935,6.9026417224728,5.16542730095736,0.0236080525144408,0.284963080939015,0.279183988988669,"cogn_se_lv"
"10515","DIAPH3","Exc L5/6 IT Car3",-0.00662707203578934,2.57819681602993,0.0419798232829202,0.837769795494695,0.967527926809497,0.980928623640287,"cogn_se_lv"
"10516","TDRD3","Exc L5/6 IT Car3",0.00973774412137869,6.33537662254238,0.535341113342818,0.464828555986527,0.79119444669795,0.842483634462424,"cogn_se_lv"
"10517","PCDH9","Exc L5/6 IT Car3",0.000411877497088282,12.5298930911827,0.00129795858219935,0.971279914404829,0.998267578294294,0.99911027161062,"cogn_se_lv"
"10518","PCDH9-AS1","Exc L5/6 IT Car3",-0.0265090334074432,5.17355089125702,0.395726475904195,0.529688946223235,0.82568662529394,0.872801350708046,"cogn_se_lv"
"10519","PCDH9-AS2","Exc L5/6 IT Car3",0.000184131638521693,6.49565490437139,1.98452423941071e-05,0.996447972913592,0.999242764926216,0.999870711362408,"cogn_se_lv"
"10520","PCDH9-AS3","Exc L5/6 IT Car3",0.0246450987505921,3.02966843586469,0.290494260277462,0.590224925851432,0.859216560038585,0.90065477813953,"cogn_se_lv"
"10521","PCDH9-AS4","Exc L5/6 IT Car3",-0.0213876101900333,2.77041161496906,0.193893944161433,0.659949891542828,0.891871165335803,0.928730078323522,"cogn_se_lv"
"10522","KLHL1","Exc L5/6 IT Car3",-0.00492514163580894,7.86014347613333,0.0705687684879925,0.790656944569926,0.951607912483863,0.970316346215868,"cogn_se_lv"
"10523","ATXN8OS","Exc L5/6 IT Car3",0.0304710212608553,2.51139804770587,0.696947776827687,0.404344600200016,0.757592329812302,0.810123430343186,"cogn_se_lv"
"10524","LINC00348","Exc L5/6 IT Car3",-0.0408947595172208,2.94623763522455,0.396045344368546,0.529523256295502,0.82568662529394,0.872801350708046,"cogn_se_lv"
"10525","DACH1","Exc L5/6 IT Car3",-0.00327206157183196,8.4786417234547,0.0307682323912359,0.860853469201426,0.974289291931413,0.985757676612833,"cogn_se_lv"
"10526","MZT1","Exc L5/6 IT Car3",-0.0281782910544954,4.9221867264014,1.71741794390274,0.190830656533231,0.578240559961889,0.632050393231505,"cogn_se_lv"
"10527","BORA","Exc L5/6 IT Car3",0.0276015494786792,2.8049610632239,0.924420038633534,0.3805349838645,0.739409506769086,0.795758299242213,"cogn_se_lv"
"10528","DIS3","Exc L5/6 IT Car3",-0.011908114010036,5.01519788328821,1.04668437663929,0.30693380139542,0.682998672933304,0.743947148051792,"cogn_se_lv"
"10529","PIBF1","Exc L5/6 IT Car3",0.00358185320979822,7.19380336345923,0.12713664463195,0.72162078266364,0.92177303792645,0.950404072715177,"cogn_se_lv"
"10530","LINC00393","Exc L5/6 IT Car3",0.00924887374998978,1.56621037034584,0.0327734164086172,0.856438805408213,0.973293480441999,0.984739612830963,"cogn_se_lv"
"10531","KLF12","Exc L5/6 IT Car3",-0.00890569381010053,4.72570342557635,0.0693080086975225,0.792492098620058,0.952029771115658,0.97099094573419,"cogn_se_lv"
"10532","TBC1D4","Exc L5/6 IT Car3",0.00105344583969436,5.26008490114892,0.00468233555390436,0.94548185706075,0.994804925328349,0.997626386519645,"cogn_se_lv"
"10533","COMMD6","Exc L5/6 IT Car3",-0.0180227131856897,4.61766861652185,0.626296885941025,0.429218939161663,0.772232811982463,0.82402112129644,"cogn_se_lv"
"10534","UCHL3","Exc L5/6 IT Car3",-0.00601745587198908,4.78466869778165,0.141275976610649,0.707229089523967,0.913952110821552,0.945853553792388,"cogn_se_lv"
"10535","LMO7-AS1","Exc L5/6 IT Car3",0.065995689420208,2.38875427953208,2.46333864374605,0.117377215334813,0.485589089361837,0.530181984820153,"cogn_se_lv"
"10536","LMO7","Exc L5/6 IT Car3",-0.00090495500474971,7.06057289175633,0.00765919216926333,0.930307603013634,0.991816455834028,0.995925713518617,"cogn_se_lv"
"10537","KCTD12","Exc L5/6 IT Car3",0.0267609486775837,1.34957224074755,0.200638686315541,0.654465386701203,0.888594821467271,0.926173543857524,"cogn_se_lv"
"10538","AC001226.2","Exc L5/6 IT Car3",-0.00500534505211671,3.98236822946144,0.0170646122039069,0.896137047885285,0.986220413743843,0.991564837366116,"cogn_se_lv"
"10539","FBXL3","Exc L5/6 IT Car3",-0.0145169404070292,5.84667612406212,1.58418105697458,0.208945251978096,0.597269653789498,0.652516693618726,"cogn_se_lv"
"10540","MYCBP2","Exc L5/6 IT Car3",-0.00555380346514114,8.79838965884132,0.443612926073047,0.50579474258788,0.815907813827721,0.862103006653005,"cogn_se_lv"
"10541","SLAIN1","Exc L5/6 IT Car3",0.00577159479553066,6.72919792157716,0.20588905376612,0.650272189866449,0.88742216518162,0.924672259065696,"cogn_se_lv"
"10542","RNF219-AS1","Exc L5/6 IT Car3",-0.0800774470034695,2.10465181322521,4.42821011624909,0.0360170587064684,0.317634449276949,0.331986041937755,"cogn_se_lv"
"10543","RNF219","Exc L5/6 IT Car3",-0.00773779786343121,4.41766776615369,0.248033647497717,0.618756035993861,0.873641849271671,0.912741488148277,"cogn_se_lv"
"10544","RBM26","Exc L5/6 IT Car3",-0.00371992752203781,8.16429313619433,0.117972439436997,0.731437197696923,0.926334634015441,0.95376918124574,"cogn_se_lv"
"10545","RBM26-AS1","Exc L5/6 IT Car3",0.0120203139028478,2.86987318275948,0.197032364776155,0.657383898571407,0.890074349880228,0.927710240647329,"cogn_se_lv"
"10546","NDFIP2","Exc L5/6 IT Car3",-0.0230372438322662,7.80523518387525,6.18643043247841,0.0133088530562013,0.22684257200978,0.217202217361444,"cogn_se_lv"
"10547","LINC01068","Exc L5/6 IT Car3",0.0481118868075032,1.43997743340982,0.526932902724894,0.468353589597841,0.793478835745351,0.84423452009484,"cogn_se_lv"
"10548","LINC00382","Exc L5/6 IT Car3",0.259270037608932,1.26213510561066,8.45634112999879,0.00385493033955406,0.139057951034185,0.12231933657882,"cogn_se_lv"
"10549","SPRY2","Exc L5/6 IT Car3",-0.0623036536787102,4.80888629312537,4.32865641721334,0.0381566059792038,0.326420325747608,0.339968545595067,"cogn_se_lv"
"10550","SLITRK1","Exc L5/6 IT Car3",-0.0102969512938401,5.72779311012514,0.439927266678498,0.50756651841267,0.816537950024118,0.862873677615864,"cogn_se_lv"
"10551","LINC00351","Exc L5/6 IT Car3",-0.0442941964792675,1.28773592983363,0.575410204544255,0.44859519230966,0.782309349534921,0.8340974347266,"cogn_se_lv"
"10552","MIR4500HG","Exc L5/6 IT Car3",-0.030957487612087,4.56555200699546,2.22043071868697,0.137038628372686,0.510366518574531,0.562201571495166,"cogn_se_lv"
"10553","SLITRK5","Exc L5/6 IT Car3",-0.0136354505177179,6.94784892385511,1.05895774741648,0.304118640460785,0.68095225306377,0.742002746047917,"cogn_se_lv"
"10554","GPC5","Exc L5/6 IT Car3",-0.038957594161104,8.84010896018897,4.83327918696297,0.028527985238449,0.298467500217356,0.300851534683734,"cogn_se_lv"
"10555","GPC6","Exc L5/6 IT Car3",0.0115947967349281,7.70391502496347,0.206346313285044,0.64991006410301,0.88742216518162,0.924608129750732,"cogn_se_lv"
"10556","DCT","Exc L5/6 IT Car3",0.0705493397047728,2.57004314238762,4.03584538163241,0.0452621805837917,0.345528253563767,0.363535565202883,"cogn_se_lv"
"10557","TGDS","Exc L5/6 IT Car3",0.00916124509031333,3.86419399509,0.232001169994627,0.630325904528403,0.879325205827785,0.917626269396362,"cogn_se_lv"
"10558","GPR180","Exc L5/6 IT Car3",-0.0267423373624563,6.21606173735515,4.91799706675299,0.0271792418171114,0.29594419293694,0.294942987148374,"cogn_se_lv"
"10559","ABCC4","Exc L5/6 IT Car3",0.0132276473899999,3.93375411270509,0.286972316255297,0.592486000220936,0.859974089096834,0.901661183606652,"cogn_se_lv"
"10560","DZIP1","Exc L5/6 IT Car3",-0.00740893564233351,6.89338281451366,0.395515252311959,0.529798753224641,0.82568662529394,0.872815511730355,"cogn_se_lv"
"10561","DNAJC3-DT","Exc L5/6 IT Car3",0.0582695607810026,3.68363835545686,6.21127004619398,0.0131264552554994,0.226729681685898,0.216151749026719,"cogn_se_lv"
"10562","DNAJC3","Exc L5/6 IT Car3",0.0234338510110913,5.02460847842263,3.51696154676505,0.0615232993957784,0.385168789389364,0.413335505837392,"cogn_se_lv"
"10563","UGGT2","Exc L5/6 IT Car3",-0.000542066098166245,7.70081066194793,0.0021132347642048,0.963358771172615,0.99743187096042,0.998906195013116,"cogn_se_lv"
"10564","HS6ST3","Exc L5/6 IT Car3",-0.00493343041971869,9.17857925993819,0.0773276683966121,0.781105876979998,0.948719078740602,0.96782633233677,"cogn_se_lv"
"10565","MBNL2","Exc L5/6 IT Car3",-0.00858066262567743,8.21811804969932,0.667737828721909,0.414362096176275,0.76329240710795,0.815659339786606,"cogn_se_lv"
"10566","RAP2A","Exc L5/6 IT Car3",-0.0148707519417487,6.09237957018174,1.41964925508042,0.234217354707657,0.621590806854775,0.679332652610705,"cogn_se_lv"
"10567","AL356580.1","Exc L5/6 IT Car3",0.0146074229549388,1.50503184722708,0.079160005143273,0.778594722321855,0.947164080035835,0.967120633990291,"cogn_se_lv"
"10568","IPO5","Exc L5/6 IT Car3",0.00493142359730773,5.64905381537188,0.186541178083517,0.666060195873341,0.894623771475196,0.930822789892273,"cogn_se_lv"
"10569","FARP1","Exc L5/6 IT Car3",0.0259857574515605,5.61240835148862,1.6317948362959,0.202248067810086,0.589852164542185,0.644575785483114,"cogn_se_lv"
"10570","STK24","Exc L5/6 IT Car3",0.0124859674131224,5.80082018696592,0.814414055378489,0.367399780622095,0.729191020330011,0.78624558214775,"cogn_se_lv"
"10571","DOCK9","Exc L5/6 IT Car3",0.0280132636851775,7.59938525761348,6.48097226478239,0.0113043669593386,0.214164403886737,0.202191984263909,"cogn_se_lv"
"10572","UBAC2","Exc L5/6 IT Car3",0.00906260576160268,6.55927439759363,0.508603062962489,0.476189334047015,0.798359151394269,0.847922863461825,"cogn_se_lv"
"10573","TM9SF2","Exc L5/6 IT Car3",-0.0115817683544004,5.54724378439724,1.24051712839777,0.266087315068531,0.648572027067578,0.709784757707045,"cogn_se_lv"
"10574","CLYBL","Exc L5/6 IT Car3",0.0136655779597799,5.2488088870455,0.763411443363226,0.382824180649185,0.740996621832594,0.797335420939393,"cogn_se_lv"
"10575","PCCA","Exc L5/6 IT Car3",0.00677800821829042,7.29426537098481,0.277587609642028,0.598599378472266,0.863646594523825,0.904129542449645,"cogn_se_lv"
"10576","GGACT","Exc L5/6 IT Car3",-0.0348682701433413,3.11443597104424,0.413272349142959,0.520707504949998,0.821092037196555,0.868718650419695,"cogn_se_lv"
"10577","TMTC4","Exc L5/6 IT Car3",0.0380431103377975,2.75520153133022,1.41740895005846,0.234586110090971,0.622143586612375,0.679806779362708,"cogn_se_lv"
"10578","NALCN-AS1","Exc L5/6 IT Car3",0.00878365239764027,1.59615383541076,0.0363906900494968,0.8488145317331,0.971136553429121,0.98320800719379,"cogn_se_lv"
"10579","NALCN","Exc L5/6 IT Car3",0.00891543848557945,8.20360506939975,0.656943794477873,0.418156867001048,0.765438936199468,0.81792070397503,"cogn_se_lv"
"10580","ITGBL1","Exc L5/6 IT Car3",-0.0526457995573821,2.0340958664097,1.51608457266656,0.218987345267027,0.607255359247776,0.663811384499958,"cogn_se_lv"
"10581","FGF14","Exc L5/6 IT Car3",-0.016416322900641,10.8968327010954,1.45797759497147,0.228015895439977,0.616974397950927,0.673497307357233,"cogn_se_lv"
"10582","TPP2","Exc L5/6 IT Car3",0.000457796534418401,6.29158193171353,0.00132386337453661,0.970994856619297,0.998267578294294,0.999102668702867,"cogn_se_lv"
"10583","TEX30","Exc L5/6 IT Car3",0.0137402275452359,2.6294619154605,0.191943494579405,0.661557112549896,0.892383502166528,0.929148627316416,"cogn_se_lv"
"10584","KDELC1","Exc L5/6 IT Car3",0.00412151718880097,3.17501008698186,0.0315743759089151,0.859061308023046,0.973721295691941,0.985301487860902,"cogn_se_lv"
"10585","EFNB2","Exc L5/6 IT Car3",-0.0142237800272504,5.88537001297153,1.2801696775772,0.258593080648963,0.641377519933527,0.702766589237047,"cogn_se_lv"
"10586","ARGLU1","Exc L5/6 IT Car3",-0.020718126137106,8.33640307923163,2.45502152082336,0.117995970907355,0.486982566978868,0.53127468507347,"cogn_se_lv"
"10587","LINC00443","Exc L5/6 IT Car3",-0.0620036503523729,2.57233416865409,1.82802910694212,0.177178255491846,0.563499349456398,0.616954791077792,"cogn_se_lv"
"10588","FAM155A","Exc L5/6 IT Car3",-0.00576658749634671,11.0262117872594,0.263184280185617,0.608244048546907,0.869162108369257,0.908195213022341,"cogn_se_lv"
"10589","LIG4","Exc L5/6 IT Car3",-0.0148137629963471,4.41578127707567,0.825734953727977,0.364094407431533,0.727161502689981,0.784149949027955,"cogn_se_lv"
"10590","ABHD13","Exc L5/6 IT Car3",-0.0301340070438999,4.69537747851192,2.79897947609828,0.0951612464304158,0.448335955095724,0.489000361008944,"cogn_se_lv"
"10591","TNFSF13B","Exc L5/6 IT Car3",-0.00206943317551903,5.27732083581518,0.00577247707780299,0.939478200375352,0.994539668727838,0.997351302535834,"cogn_se_lv"
"10592","MYO16","Exc L5/6 IT Car3",-0.0821284402056881,2.668715562455,5.96195820187363,0.0150808502737587,0.237072814824459,0.229422116066603,"cogn_se_lv"
"10593","IRS2","Exc L5/6 IT Car3",-0.0304932849509734,5.86790768306466,5.10319442011024,0.024457525416686,0.287790493323633,0.283271085559272,"cogn_se_lv"
"10594","AL162497.1","Exc L5/6 IT Car3",0.0595578436082947,3.08325294507338,4.75631668620678,0.0298139588999378,0.303682524051711,0.306765543369436,"cogn_se_lv"
"10595","COL4A2","Exc L5/6 IT Car3",-0.0495427943166033,1.42771012164589,0.745802237838669,0.388362497429938,0.746179629893477,0.800427495325075,"cogn_se_lv"
"10596","NAXD","Exc L5/6 IT Car3",-0.0167886341030431,4.57983543248289,1.37461119077054,0.241768096424343,0.626926875142483,0.686178564908566,"cogn_se_lv"
"10597","CARS2","Exc L5/6 IT Car3",0.0166819241190208,5.7515705662903,1.81969815666848,0.17816607582011,0.56468303167281,0.618388658792276,"cogn_se_lv"
"10598","ING1","Exc L5/6 IT Car3",-0.0227679577504889,2.75581951504943,0.601531966810192,0.438484667007501,0.776021047061344,0.828797896025733,"cogn_se_lv"
"10599","ANKRD10","Exc L5/6 IT Car3",-0.0160776713342121,6.53349723916465,2.31191136623307,0.129231774216422,0.499726372098624,0.549968853973188,"cogn_se_lv"
"10600","ARHGEF7","Exc L5/6 IT Car3",0.00565198739521205,8.47449112705523,0.252769722193536,0.615427724908917,0.872862656561444,0.911659280645184,"cogn_se_lv"
"10601","TEX29","Exc L5/6 IT Car3",0.0193154535184009,3.615529164937,0.521807739506234,0.470523389940897,0.794633044963293,0.845387551180702,"cogn_se_lv"
"10602","TUBGCP3","Exc L5/6 IT Car3",0.00285613934015785,6.42689242655537,0.0458605485012528,0.830546299676898,0.966145695542514,0.979434325613836,"cogn_se_lv"
"10603","ATP11A","Exc L5/6 IT Car3",-0.00138221104033361,6.68101173460034,0.00929071874327008,0.923263797867017,0.990974669133532,0.995127414547275,"cogn_se_lv"
"10604","MCF2L","Exc L5/6 IT Car3",0.0206094678217801,6.46344357194265,2.37187077668586,0.124385281488677,0.493373577863594,0.541671710222785,"cogn_se_lv"
"10605","PCID2","Exc L5/6 IT Car3",0.000459724024039515,5.85550736956544,0.00158605611825415,0.968253658581667,0.998135038539532,0.999017285695007,"cogn_se_lv"
"10606","CUL4A","Exc L5/6 IT Car3",0.0129860721392944,6.05280387267688,2.0987915995677,0.365035103009431,0.727470728788796,0.784906421417703,"cogn_se_lv"
"10607","LAMP1","Exc L5/6 IT Car3",-0.0356708925172649,5.34314175281311,6.47045726314399,0.0113702717043464,0.214164403886737,0.202746848060008,"cogn_se_lv"
"10608","ADPRHL1","Exc L5/6 IT Car3",-0.00522737254261273,3.83246302028516,0.0396130100048247,0.842347390964053,0.970099241718933,0.981877823858461,"cogn_se_lv"
"10609","DCUN1D2","Exc L5/6 IT Car3",-0.000571277797216785,5.59553857493334,0.00201280273324885,0.96423946145966,0.997621680933237,0.998906195013116,"cogn_se_lv"
"10610","TMCO3","Exc L5/6 IT Car3",0.0171620708520781,6.0303124926626,1.87913428795822,0.17125536365413,0.557921263047641,0.609400755618848,"cogn_se_lv"
"10611","TFDP1","Exc L5/6 IT Car3",-0.00189569945630448,5.10096128701401,0.0202657791571386,0.886874018164912,0.983728917979666,0.989850851257461,"cogn_se_lv"
"10612","GAS6-AS1","Exc L5/6 IT Car3",0.120528918847334,1.71036982411947,4.87474955527261,0.0278592294938504,0.297838283113648,0.298034300580754,"cogn_se_lv"
"10613","GAS6","Exc L5/6 IT Car3",-0.00103097824762017,4.7526380029389,0.00481058022817101,0.944741484115675,0.994804925328349,0.997626386519645,"cogn_se_lv"
"10614","RASA3","Exc L5/6 IT Car3",0.0114726404237325,5.37286336661992,0.523420962390067,0.469838666905742,0.794332243135721,0.844981387189547,"cogn_se_lv"
"10615","CFAP97D2","Exc L5/6 IT Car3",0.006303247333992,3.35103983144994,0.0489445603372855,0.82503094074943,0.964248646577592,0.978274930692417,"cogn_se_lv"
"10616","AL160396.1","Exc L5/6 IT Car3",-0.0610789700439979,2.69240772418072,1.60849731162585,0.205492743316852,0.593123278253256,0.648568699473035,"cogn_se_lv"
"10617","CDC16","Exc L5/6 IT Car3",0.0134622826554225,5.87664729632525,1.62810836365033,0.202757432053003,0.589852164542185,0.645106369737063,"cogn_se_lv"
"10618","UPF3A","Exc L5/6 IT Car3",0.00683791620563738,6.72946908629774,0.352784400680136,0.552900554837465,0.839085943582724,0.88368132486774,"cogn_se_lv"
"10619","CHAMP1","Exc L5/6 IT Car3",-0.00470395155377523,3.79097637570182,0.0653522194484892,0.982190187520631,0.998390354534415,0.999870711362408,"cogn_se_lv"
"10620","TTC5","Exc L5/6 IT Car3",0.0480499330517776,5.3174630351241,13.2521897149835,0.000310619222560397,0.048447811506403,0.0339070470949521,"cogn_se_lv"
"10621","CCNB1IP1","Exc L5/6 IT Car3",-0.0177918200009074,4.81910421175947,1.41253012856097,0.893935194890863,0.9857013440361,0.991190211352029,"cogn_se_lv"
"10622","PARP2","Exc L5/6 IT Car3",-0.00169234015058303,4.67844764800011,0.00930887686834667,0.92318907921861,0.990974669133532,0.995127414547275,"cogn_se_lv"
"10623","TEP1","Exc L5/6 IT Car3",0.026940650167715,2.38817121193209,0.635729586847246,0.425767760415835,0.770551452170533,0.822243259217111,"cogn_se_lv"
"10624","OSGEP","Exc L5/6 IT Car3",0.0363271912096834,5.30006455408747,4.73475612689554,0.0301849881358278,0.304222598957164,0.308009331077947,"cogn_se_lv"
"10625","APEX1","Exc L5/6 IT Car3",-0.0242448349309066,4.32691152815177,1.0667774575813,0.302342471835204,0.679575090045828,0.740542710904876,"cogn_se_lv"
"10626","PIP4P1","Exc L5/6 IT Car3",-0.0139801072429056,4.2900987909173,0.49273207379365,0.483148089237018,0.802169611459778,0.850725606196788,"cogn_se_lv"
"10627","RNASE10","Exc L5/6 IT Car3",-0.0506359620211433,1.58519826102009,0.757162954833661,0.384776448038983,0.742720373174457,0.798504031014802,"cogn_se_lv"
"10628","RNASE1","Exc L5/6 IT Car3",-0.0457503682801459,1.35853233672073,0.654531786540446,0.419011905837951,0.766240721534167,0.818470596420081,"cogn_se_lv"
"10629","METTL17","Exc L5/6 IT Car3",-0.0192976990359546,3.90408759217101,1.26044071142929,0.26228851259377,0.645673613939172,0.706276890141371,"cogn_se_lv"
"10630","NDRG2","Exc L5/6 IT Car3",0.000910609345855517,1.96091675387224,0.000503291721433829,0.982113602712694,0.998390354534415,0.999870711362408,"cogn_se_lv"
"10631","ZNF219","Exc L5/6 IT Car3",0.0173532998537976,2.5947091905976,0.351921487568048,0.607067872760396,0.868510293982835,0.907766462043457,"cogn_se_lv"
"10632","HNRNPC","Exc L5/6 IT Car3",0.00502954880233849,6.80468689612954,0.314374553404499,0.575344134785735,0.851631632786064,0.893753654806371,"cogn_se_lv"
"10633","RPGRIP1","Exc L5/6 IT Car3",0.113662074091258,1.75024858946827,6.59602936546654,0.0106084310495298,0.212723221740397,0.196707711570006,"cogn_se_lv"
"10634","SUPT16H","Exc L5/6 IT Car3",-0.00210327672330217,5.57009982055259,0.0246112603707764,0.875424334943067,0.979884010483651,0.9882628496082,"cogn_se_lv"
"10635","CHD8","Exc L5/6 IT Car3",-0.00249517423763469,6.21054663966765,0.0681298551377514,0.794223216745163,0.952216125954876,0.971429173515194,"cogn_se_lv"
"10636","RAB2B","Exc L5/6 IT Car3",0.00486214057909246,4.53539514323054,0.120612222343787,0.728566949256971,0.924999994394571,0.952949526385264,"cogn_se_lv"
"10637","TOX4","Exc L5/6 IT Car3",-0.013103288453193,5.32445769090841,0.657772387607991,0.417863737104916,0.765438936199468,0.817758711986138,"cogn_se_lv"
"10638","METTL3","Exc L5/6 IT Car3",-0.012470249690722,4.42190491931593,0.53823818451474,0.463623834317525,0.790961030368069,0.841897165170879,"cogn_se_lv"
"10639","SALL2","Exc L5/6 IT Car3",-0.0244116844481918,2.69109361701224,0.696222432555248,0.404589028500627,0.757773536403146,0.810274229172196,"cogn_se_lv"
"10640","TRAC","Exc L5/6 IT Car3",-0.13629892500758,1.71684540683089,5.29001746207289,0.02199846231271,0.276372518361312,0.271158898530703,"cogn_se_lv"
"10641","DAD1","Exc L5/6 IT Car3",-0.0465954576578998,4.0499110596664,3.91087224602476,0.0487090922307201,0.354268643104519,0.374811488012098,"cogn_se_lv"
"10642","ABHD4","Exc L5/6 IT Car3",-0.00664044364399847,2.35699808234657,0.0335872280846711,0.854686993399916,0.972881064401809,0.984539562618674,"cogn_se_lv"
"10643","OXA1L","Exc L5/6 IT Car3",-0.0160143646411408,4.16580087130979,0.73028629320853,0.590341514350098,0.859216560038585,0.900709889283245,"cogn_se_lv"
"10644","SLC7A7","Exc L5/6 IT Car3",0.063927915553365,1.56892712265913,1.87546880986613,0.171672487320308,0.558338590109191,0.609753186432725,"cogn_se_lv"
"10645","MRPL52","Exc L5/6 IT Car3",-0.0623086242312467,3.1697416121799,6.52255002766903,0.0110476039528748,0.214164403886737,0.200355302967338,"cogn_se_lv"
"10646","RBM23","Exc L5/6 IT Car3",-0.0269730024527163,4.82442639981679,3.72566738998468,0.0543386976022365,0.369704931962166,0.393867427409403,"cogn_se_lv"
"10647","PRMT5","Exc L5/6 IT Car3",-0.00045762105754839,3.46801579542954,0.000463746300919176,0.982830562046435,0.998390354534415,0.999870711362408,"cogn_se_lv"
"10648","AL132780.1","Exc L5/6 IT Car3",0.178293361557608,2.08544516747894,6.97650511729693,0.00860536210994801,0.194188449959091,0.178839411339705,"cogn_se_lv"
"10649","C14orf93","Exc L5/6 IT Car3",0.00595015162173958,2.46517362520607,0.038494730135294,0.844559704682743,0.970852543700882,0.982477138738496,"cogn_se_lv"
"10650","PSMB5","Exc L5/6 IT Car3",-0.0174011643627863,5.17002960640064,0.572311103878615,0.449818688627648,0.782852080954576,0.834379287308753,"cogn_se_lv"
"10651","ACIN1","Exc L5/6 IT Car3",-0.0269420574398659,6.03442522586564,6.41047963736575,0.0117538436715147,0.215861162416003,0.205759014726645,"cogn_se_lv"
"10652","C14orf119","Exc L5/6 IT Car3",-0.0374551619975592,2.87327962181712,1.1581160889236,0.282550897690988,0.662539096936755,0.723455911896123,"cogn_se_lv"
"10653","SLC7A8","Exc L5/6 IT Car3",-0.0123430106195471,6.46837129834862,0.909595792344571,0.340838220259466,0.710098850655635,0.767669003384734,"cogn_se_lv"
"10654","RNF212B","Exc L5/6 IT Car3",0.0588409779889132,2.4880175592676,2.22743603084041,0.13642244705094,0.509204532512435,0.561324386241824,"cogn_se_lv"
"10655","HOMEZ","Exc L5/6 IT Car3",0.0141630446613495,2.97041375690846,0.332317660645297,0.564644610439294,0.845154693120087,0.88861956644611,"cogn_se_lv"
"10656","PPP1R3E","Exc L5/6 IT Car3",0.0299730303049551,4.29407183908914,2.71995642722884,0.0999410868246299,0.45575968749403,0.497526158426711,"cogn_se_lv"
"10657","BCL2L2-PABPN1","Exc L5/6 IT Car3",-0.0160757801437242,4.3170122535092,0.711028404314039,0.39964204631103,0.754037868768464,0.807469288818992,"cogn_se_lv"
"10658","PABPN1","Exc L5/6 IT Car3",0.00473839735569651,5.87978518289659,0.0790693176450601,0.778718264365447,0.947195747181748,0.967172688080003,"cogn_se_lv"
"10659","SLC22A17","Exc L5/6 IT Car3",-0.0430435676623451,7.01301120356835,4.78530434164226,0.0293226250732887,0.30217001187401,0.304707221013949,"cogn_se_lv"
"10660","NGDN","Exc L5/6 IT Car3",-0.0381125302213859,3.68454278050739,3.22778988992387,0.0732058390594502,0.412732658561907,0.443357105318946,"cogn_se_lv"
"10661","ZFHX2","Exc L5/6 IT Car3",0.0185991514932117,5.72195073813205,0.875062958748342,0.350161595899279,0.717823937428057,0.774056360532427,"cogn_se_lv"
"10662","THTPA","Exc L5/6 IT Car3",0.0398671872244992,4.58362229122796,2.21902810086385,0.137162377070541,0.510406719667593,0.562376084994927,"cogn_se_lv"
"10663","AP1G2","Exc L5/6 IT Car3",-0.0327497063794249,5.48786425571791,2.2764838924874,0.1321943767478,0.502861625185545,0.554903511242974,"cogn_se_lv"
"10664","AL135999.1","Exc L5/6 IT Car3",0.126645365910868,3.40457059637152,10.2028667703338,0.00152130488232072,0.0955024320442973,0.079032807364312,"cogn_se_lv"
"10665","JPH4","Exc L5/6 IT Car3",-0.0243148706044297,7.65059244967118,4.60019918390793,0.0326125120385252,0.309560151737409,0.318779152705833,"cogn_se_lv"
"10666","DHRS4-AS1","Exc L5/6 IT Car3",0.0201562775412442,3.45363256928997,0.641504121406921,0.423675615687659,0.769455714589694,0.821049773876323,"cogn_se_lv"
"10667","DHRS4","Exc L5/6 IT Car3",0.00647061432720598,2.31554199739807,0.0447277524033738,0.832620724610831,0.966312347611673,0.97984066326013,"cogn_se_lv"
"10668","DHRS4L2","Exc L5/6 IT Car3",-0.0505404047849101,3.32968782287265,3.42211204918062,0.0651179900465051,0.392083672463112,0.422921522942713,"cogn_se_lv"
"10669","CPNE6","Exc L5/6 IT Car3",0.0386006446556925,1.70474616901314,0.47212562559254,0.492437111424512,0.807671139594468,0.855605884965641,"cogn_se_lv"
"10670","DCAF11","Exc L5/6 IT Car3",0.0656743967778718,2.12815162105956,3.01491833497162,0.0833257941244063,0.429465496173682,0.466670911945601,"cogn_se_lv"
"10671","PSME1","Exc L5/6 IT Car3",-0.033691885200909,1.6726123148637,0.463701607615974,0.496320829714928,0.810265998654158,0.857237755158485,"cogn_se_lv"
"10672","EMC9","Exc L5/6 IT Car3",-0.000832787256481422,2.85607146171349,0.000803162958027096,0.97740600370294,0.998359221941212,0.999587663647463,"cogn_se_lv"
"10673","PSME2","Exc L5/6 IT Car3",-0.0445230446425553,1.79596326191841,0.989427393300454,0.320526037924957,0.693607301690158,0.754533251871232,"cogn_se_lv"
"10674","REC8","Exc L5/6 IT Car3",0.010415935595959,3.04308802982787,0.154488459710316,0.768449417191555,0.942860274175954,0.964302378237529,"cogn_se_lv"
"10675","AL136295.1","Exc L5/6 IT Car3",0.029057789493247,3.86358907464263,2.50339132802601,0.114447420248219,0.480734891988861,0.524549284572402,"cogn_se_lv"
"10676","GMPR2","Exc L5/6 IT Car3",0.0144733112115826,3.5010129031828,0.345604969088879,0.556966757192283,0.840938717159201,0.88548552515582,"cogn_se_lv"
"10677","TINF2","Exc L5/6 IT Car3",-0.00775241114556485,2.63364716071516,0.0585967651441185,0.80886050936157,0.957779948884038,0.975322173576764,"cogn_se_lv"
"10678","RABGGTA","Exc L5/6 IT Car3",-0.0884489445284564,2.86803816850113,7.09001283308936,0.00808651868416059,0.190486582191658,0.174208787461782,"cogn_se_lv"
"10679","DHRS1","Exc L5/6 IT Car3",0.0285394252823118,3.62414687708642,2.09429042970847,0.150513875221524,0.529447806785235,0.581737541558139,"cogn_se_lv"
"10680","KHNYN","Exc L5/6 IT Car3",0.0162744858013065,2.91434149436835,0.38451239437345,0.535576072908593,0.828060655220338,0.875539768449007,"cogn_se_lv"
"10681","SDR39U1","Exc L5/6 IT Car3",-0.0174166233429777,3.99869046804784,0.646692018859418,0.421809156116359,0.768969783538352,0.819993876956148,"cogn_se_lv"
"10682","STXBP6","Exc L5/6 IT Car3",0.0709844522409721,2.07359207531122,1.65882202879041,0.198559448677728,0.586224600150966,0.640633082588187,"cogn_se_lv"
"10683","LINC02306","Exc L5/6 IT Car3",-0.0355697332784474,2.00382188777913,0.684651253592929,0.40851776001568,0.759899904075599,0.812435599062622,"cogn_se_lv"
"10684","NOVA1","Exc L5/6 IT Car3",-0.00708839926021904,7.33624419328145,0.669142121870783,0.41387216186419,0.763229652301311,0.815566805537668,"cogn_se_lv"
"10685","LINC02588","Exc L5/6 IT Car3",0.0551142239815453,2.98894707884157,2.43395288459193,0.119579645102846,0.489738487304808,0.534313172270324,"cogn_se_lv"
"10686","AL110292.1","Exc L5/6 IT Car3",0.0228207763348323,1.94535731112088,0.189945527521825,0.663213616674645,0.893427559534984,0.929817523908017,"cogn_se_lv"
"10687","FOXG1-AS1","Exc L5/6 IT Car3",0.0448089633659889,3.84985399666542,3.3959639596661,0.0661480684646882,0.395522426611321,0.425430952387856,"cogn_se_lv"
"10688","FOXG1","Exc L5/6 IT Car3",-0.0194138229861126,5.78428835449515,1.67797449871774,0.195993483248522,0.584257138953203,0.63792747826641,"cogn_se_lv"
"10689","LINC01551","Exc L5/6 IT Car3",0.0171123599449337,6.35342561849013,1.66515717291769,0.197706343568665,0.58558518620511,0.639875096545464,"cogn_se_lv"
"10690","LINC02281","Exc L5/6 IT Car3",-0.0150566052169033,2.24332665609631,0.0875706034564014,0.767453032568723,0.942591665398415,0.963985469348668,"cogn_se_lv"
"10691","LINC02327","Exc L5/6 IT Car3",0.0761872007908257,2.34242368892158,2.39672205774482,0.122436267233812,0.49197586118719,0.538947431837262,"cogn_se_lv"
"10692","PRKD1","Exc L5/6 IT Car3",0.0327733563971555,7.34347197056922,2.87547717185076,0.0907712531442492,0.441799363026564,0.481512991122427,"cogn_se_lv"
"10693","G2E3-AS1","Exc L5/6 IT Car3",-0.0430119218936078,2.23564991135667,1.0653803819255,0.30265881588991,0.679709276797619,0.740744017457242,"cogn_se_lv"
"10694","G2E3","Exc L5/6 IT Car3",-0.0188209420729124,5.86051407119075,2.46710613040528,0.117098116965841,0.485359552950255,0.529525971753772,"cogn_se_lv"
"10695","SCFD1","Exc L5/6 IT Car3",-0.00589323212041178,7.23251617958657,0.450669238028574,0.502432085969502,0.814025666182823,0.860366578529636,"cogn_se_lv"
"10696","COCH","Exc L5/6 IT Car3",-0.045870180299377,3.54646609981469,2.10183344094994,0.147961390182551,0.526075312418984,0.578357447019747,"cogn_se_lv"
"10697","AL049830.3","Exc L5/6 IT Car3",-0.00115678322222204,1.8973871851912,0.000859202599804551,0.976631279055617,0.998267578294294,0.999481105410931,"cogn_se_lv"
"10698","STRN3","Exc L5/6 IT Car3",0.0214306937210414,7.02450280820441,3.36741724368182,0.0672926250699156,0.39725488026192,0.427899202286046,"cogn_se_lv"
"10699","AP4S1","Exc L5/6 IT Car3",0.0107431658734925,5.69982460080804,0.82759745487283,0.529445328828046,0.82568662529394,0.872801350708046,"cogn_se_lv"
"10700","HECTD1","Exc L5/6 IT Car3",-0.0133151778409735,6.82037741010148,3.09031895620096,0.0795780732658775,0.421295681995822,0.4581317644443,"cogn_se_lv"
"10701","AL136418.1","Exc L5/6 IT Car3",0.0555288438445991,1.90206945269684,1.64738740027458,0.200110261487336,0.586983782484478,0.642198368386446,"cogn_se_lv"
"10702","HEATR5A","Exc L5/6 IT Car3",0.0348415616621314,4.41140186668739,3.66321233950669,0.0563899055116759,0.373928928056421,0.399135737392846,"cogn_se_lv"
"10703","AL139353.1","Exc L5/6 IT Car3",0.0147481066405581,4.23235165177841,0.542603375829608,0.461817999008996,0.789972102339496,0.840937986031409,"cogn_se_lv"
"10704","AL139353.2","Exc L5/6 IT Car3",0.0425953793298271,1.97743045008392,1.02565955961893,0.311835600067777,0.687065123127142,0.748539440405667,"cogn_se_lv"
"10705","NUBPL","Exc L5/6 IT Car3",0.000292314629794998,6.74854269367883,0.000461028280471913,0.982880943312763,0.998390354534415,0.999870711362408,"cogn_se_lv"
"10706","ARHGAP5-AS1","Exc L5/6 IT Car3",0.050291839010703,1.69073687357961,1.04470699686778,0.307390518642745,0.68313936200893,0.744394137761816,"cogn_se_lv"
"10707","ARHGAP5","Exc L5/6 IT Car3",-0.00905039936426138,7.11869436461109,0.579425980666778,0.447017502810131,0.781075074328528,0.833286650250869,"cogn_se_lv"
"10708","AKAP6","Exc L5/6 IT Car3",0.0126498321117041,9.46870035217929,2.07704719992055,0.15036663509545,0.529447806785235,0.581675151310743,"cogn_se_lv"
"10709","AL136298.1","Exc L5/6 IT Car3",0.0455716890776266,2.81540629157079,0.977924712850842,0.323351590732848,0.69628948948909,0.756411236424194,"cogn_se_lv"
"10710","NPAS3","Exc L5/6 IT Car3",-2.47612236050751e-05,7.78998905525605,2.40428945487934e-06,0.99876364637487,0.999604744296048,0.999954262357359,"cogn_se_lv"
"10711","EGLN3","Exc L5/6 IT Car3",0.00230869419091372,3.9965000792862,0.0113802171575655,0.915101604308518,0.989073227776396,0.994174733845749,"cogn_se_lv"
"10712","EAPP","Exc L5/6 IT Car3",0.0022607532697772,5.25597982470314,0.0336506049078921,0.854551493583477,0.972881064401809,0.984500971664269,"cogn_se_lv"
"10713","SNX6","Exc L5/6 IT Car3",-0.00882812814893179,5.91241744662795,0.757800611481369,0.384576571419785,0.742513669521499,0.798312882874416,"cogn_se_lv"
"10714","CFL2","Exc L5/6 IT Car3",-0.0120418253310898,3.76229034052302,0.247614827976633,0.619052269448589,0.873641849271671,0.912741488148277,"cogn_se_lv"
"10715","BAZ1A","Exc L5/6 IT Car3",0.00290370874523394,4.05882803908347,0.0192872298816919,0.889620997106154,0.985021637628182,0.990399441829139,"cogn_se_lv"
"10716","SRP54","Exc L5/6 IT Car3",0.0180706361854657,5.1567707911307,1.83617578930139,0.176218412124628,0.563465498502014,0.615845210771984,"cogn_se_lv"
"10717","FAM177A1","Exc L5/6 IT Car3",-0.0105200081122618,5.14402483550119,0.682971596596026,0.537727558377104,0.828690113710241,0.876567876782171,"cogn_se_lv"
"10718","PPP2R3C","Exc L5/6 IT Car3",0.0297042986825805,5.60238285929102,5.3114263526222,0.0217335873280286,0.276220485614688,0.270264574298985,"cogn_se_lv"
"10719","NFKBIA","Exc L5/6 IT Car3",-0.116274209068707,4.18207138437168,14.9523500629462,0.000130026313508877,0.0340451001343853,0.0212130667439522,"cogn_se_lv"
"10720","RALGAPA1","Exc L5/6 IT Car3",-0.0226094210317951,7.87449903513996,5.71922139779754,0.0172740352358839,0.249154078988053,0.242780588060747,"cogn_se_lv"
"10721","AL162311.3","Exc L5/6 IT Car3",-0.154730900899165,1.86626955561837,11.0058550010978,0.000997380968899055,0.0825252317814863,0.0645940380009324,"cogn_se_lv"
"10722","BRMS1L","Exc L5/6 IT Car3",-0.00714373401059539,5.84781744298858,0.344479081202827,0.705043240706931,0.912777649832764,0.94509826252825,"cogn_se_lv"
"10723","LINC00609","Exc L5/6 IT Car3",-0.0301694352214642,4.20906080778279,1.02800539079145,0.311283646326721,0.686590373723434,0.747920184601058,"cogn_se_lv"
"10724","MBIP","Exc L5/6 IT Car3",-0.00552194737800235,4.76315819986181,0.186618849610814,0.835009019443896,0.966664392117568,0.98031258902221,"cogn_se_lv"
"10725","SLC25A21","Exc L5/6 IT Car3",0.0235642030155955,4.55091647109735,1.06787305618109,0.30209469146605,0.679315795099725,0.740233509574436,"cogn_se_lv"
"10726","MIPOL1","Exc L5/6 IT Car3",0.0213785576992141,7.22773851843649,2.15664133111358,0.142795962192832,0.518927654150625,0.570708251431062,"cogn_se_lv"
"10727","TTC6","Exc L5/6 IT Car3",0.0210241972737928,2.39997195185549,0.205417915061549,0.650645814981078,0.887571619529096,0.924846934821581,"cogn_se_lv"
"10728","AL392023.2","Exc L5/6 IT Car3",0.0592334961603365,3.09436295828772,2.2628314968741,0.133356296529665,0.504511652800281,0.556188248008113,"cogn_se_lv"
"10729","SSTR1","Exc L5/6 IT Car3",0.0571650442727492,1.99910607701992,1.48442048499434,0.223852844365403,0.612790783112987,0.669227202611498,"cogn_se_lv"
"10730","SEC23A","Exc L5/6 IT Car3",0.00757929270811913,6.3059190623498,0.685230765772108,0.408319670750791,0.759734535246974,0.812300455043376,"cogn_se_lv"
"10731","GEMIN2","Exc L5/6 IT Car3",-0.0131338535214088,3.64018925286491,0.600849042675003,0.438744500365648,0.776110741183835,0.828922401869479,"cogn_se_lv"
"10732","TRAPPC6B","Exc L5/6 IT Car3",-0.00445524244963203,6.27921641541792,0.237407407005653,0.626370628424591,0.876803286448263,0.916066757197669,"cogn_se_lv"
"10733","PNN","Exc L5/6 IT Car3",-0.0123648681341932,5.79839697792005,0.788183389373001,0.375221070708621,0.734782068737204,0.791459949185605,"cogn_se_lv"
"10734","MIA2","Exc L5/6 IT Car3",0.00231834122038009,6.56648153889089,0.0369303037463475,0.847711406861716,0.971136553429121,0.983044049429311,"cogn_se_lv"
"10735","FBXO33","Exc L5/6 IT Car3",-0.0666121807151325,6.4124003447295,35.2394898094583,6.66307158187761e-09,2.05089343290193e-05,3.69948684266404e-05,"cogn_se_lv"
"10736","AL049875.1","Exc L5/6 IT Car3",-0.0246448499101181,4.08535133979152,1.58902478895144,0.208252067673698,0.596278943534552,0.651814438427298,"cogn_se_lv"
"10737","LRFN5","Exc L5/6 IT Car3",0.00900113703693045,8.28037043175305,0.384944175351204,0.535347206099089,0.827789963012658,0.875423842941361,"cogn_se_lv"
"10738","AL450442.1","Exc L5/6 IT Car3",0.0622626825365056,2.59572727469283,1.83930124403566,0.17585176868644,0.56312083231051,0.615242282311153,"cogn_se_lv"
"10739","LINC02307","Exc L5/6 IT Car3",-0.0505224700971957,2.10891987191171,1.34910302291375,0.246176376178165,0.63060160275998,0.69049091641681,"cogn_se_lv"
"10740","C14orf28","Exc L5/6 IT Car3",0.0406369943977273,2.59451192736362,2.02823681193459,0.196248821954188,0.584417447731221,0.638193512021175,"cogn_se_lv"
"10741","AL049870.3","Exc L5/6 IT Car3",0.0581004223289013,1.4055304724632,0.904828024937461,0.342105272550511,0.711711491168505,0.768560259882009,"cogn_se_lv"
"10742","KLHL28","Exc L5/6 IT Car3",0.0230462260175098,5.36134794294965,2.96333804738065,0.0859995780061561,0.434295997994672,0.471953003494231,"cogn_se_lv"
"10743","TOGARAM1","Exc L5/6 IT Car3",0.0028683212657024,6.86863489218766,0.13238753554184,0.716175067939076,0.918503749096258,0.948754909897132,"cogn_se_lv"
"10744","PRPF39","Exc L5/6 IT Car3",0.00626856142413948,5.12743213028993,0.252330335789761,0.681392282543482,0.900862474773406,0.936478400665866,"cogn_se_lv"
"10745","FKBP3","Exc L5/6 IT Car3",-0.036950788028658,6.26167811382268,8.64096211552458,0.00349115785164985,0.132529156309283,0.116613436658122,"cogn_se_lv"
"10746","FANCM","Exc L5/6 IT Car3",-0.000571513229798357,4.65087552959263,0.000924476485938091,0.975760126491582,0.998267578294294,0.999481105410931,"cogn_se_lv"
"10747","MIS18BP1","Exc L5/6 IT Car3",-0.0286565180412891,4.74511436509456,2.14969773241418,0.143438953367462,0.519784669725747,0.571446130409438,"cogn_se_lv"
"10748","LINC00871","Exc L5/6 IT Car3",0.0130043895032294,2.02455133662118,0.0882302810212939,0.76660420331759,0.942146573736388,0.963694361748614,"cogn_se_lv"
"10749","MDGA2","Exc L5/6 IT Car3",0.0181441679464445,8.92253273920006,2.07924016613598,0.150152051532128,0.529033414555117,0.581325828220797,"cogn_se_lv"
"10750","AL358335.2","Exc L5/6 IT Car3",0.0431551502487312,2.001341946306,0.789760632066858,0.374744215153525,0.734221956869859,0.791178798571982,"cogn_se_lv"
"10751","RPS29","Exc L5/6 IT Car3",-0.0272791327128841,5.42435705494913,2.47717293472438,0.116355963886485,0.484635963568118,0.528100135062111,"cogn_se_lv"
"10752","RPL36AL","Exc L5/6 IT Car3",-0.0145819509350564,5.409214788381,0.139001780377792,0.709486786087016,0.914872361782922,0.946564808271001,"cogn_se_lv"
"10753","MGAT2","Exc L5/6 IT Car3",-0.042105325866196,2.34639626542637,1.60867945952217,0.205467137561539,0.593123278253256,0.648568699473035,"cogn_se_lv"
"10754","DNAAF2","Exc L5/6 IT Car3",0.0125284605076393,3.62919133125273,0.377417295720803,0.545039092895579,0.833563851954548,0.879981411318202,"cogn_se_lv"
"10755","POLE2","Exc L5/6 IT Car3",0.0498410758902282,3.81295610924103,2.86517623990952,0.0913493064019637,0.441871247275088,0.482527425806015,"cogn_se_lv"
"10756","KLHDC1","Exc L5/6 IT Car3",-0.00845415930110477,5.7732376686437,0.336401316443115,0.562263402209294,0.843806314968409,0.887742179839651,"cogn_se_lv"
"10757","AL591767.1","Exc L5/6 IT Car3",-0.0106827284843433,1.92888197091686,0.0472010825187726,0.8281257823637,0.96520240999292,0.978896725363532,"cogn_se_lv"
"10758","KLHDC2","Exc L5/6 IT Car3",-0.0172573470649899,5.45928486395523,1.30153630063443,0.254663420131746,0.638392774831126,0.699100463088812,"cogn_se_lv"
"10759","NEMF","Exc L5/6 IT Car3",-0.00644383095072621,6.98335499989396,0.615421331413438,0.433250881973322,0.77353077346411,0.825869250835887,"cogn_se_lv"
"10760","AL627171.2","Exc L5/6 IT Car3",0.00588856104846483,2.62702647805565,0.0138222301959437,0.906473143054685,0.987921701769422,0.993006062620974,"cogn_se_lv"
"10761","AL627171.1","Exc L5/6 IT Car3",-0.0351914695219124,1.69648458014391,0.548280015278861,0.459486328001271,0.788326377858025,0.83980417337428,"cogn_se_lv"
"10762","ARF6","Exc L5/6 IT Car3",-0.0375813280193684,2.92391763454789,1.62381189718599,0.203352993579362,0.590491051167243,0.645712618666247,"cogn_se_lv"
"10763","LINC01588","Exc L5/6 IT Car3",0.0788731908438236,3.5572703476935,5.26321202905102,0.0223348473886617,0.277652101220923,0.272969310583533,"cogn_se_lv"
"10764","VCPKMT","Exc L5/6 IT Car3",-0.021822514274504,4.13976911813617,1.79699224976422,0.205232636491069,0.59280396192232,0.648244962656865,"cogn_se_lv"
"10765","SOS2","Exc L5/6 IT Car3",-0.00619466556012155,6.4344025666137,0.437658440807067,0.5086625165058,0.816961913286198,0.863426970012991,"cogn_se_lv"
"10766","L2HGDH","Exc L5/6 IT Car3",0.0424573790304114,5.69370719141341,11.7084247417103,0.000690977243964302,0.0636774837401833,0.0529023106629698,"cogn_se_lv"
"10767","ATP5S","Exc L5/6 IT Car3",0.0332334652546017,4.3151455596964,3.84465850814741,0.050647128317849,0.359032383607414,0.380793138808676,"cogn_se_lv"
"10768","CDKL1","Exc L5/6 IT Car3",0.0288772072860782,5.14079950952452,1.385428709455,0.239927788014261,0.625749066637086,0.684626356503331,"cogn_se_lv"
"10769","MAP4K5","Exc L5/6 IT Car3",0.00843531788716338,6.96009319595952,0.604087048080561,0.437514622675928,0.775649107158531,0.827996855570084,"cogn_se_lv"
"10770","ATL1","Exc L5/6 IT Car3",-0.0164615774281665,7.32011241015101,3.3607003760546,0.0675650088488005,0.397738845527666,0.428459168944385,"cogn_se_lv"
"10771","SAV1","Exc L5/6 IT Car3",0.000434728747447108,3.68295964893105,0.000409792737717494,0.983860060824235,0.998390354534415,0.999870711362408,"cogn_se_lv"
"10772","NIN","Exc L5/6 IT Car3",-0.0219196791448643,8.86635533049735,3.72304462282618,0.0544232196863493,0.369789558928439,0.394018845888812,"cogn_se_lv"
"10773","PYGL","Exc L5/6 IT Car3",0.0212439809661837,3.10317574388296,0.273809157125993,0.601098079126306,0.865226418046915,0.905093712644816,"cogn_se_lv"
"10774","ABHD12B","Exc L5/6 IT Car3",0.0308654795890403,1.87928042694792,0.472323427461621,0.492346533184724,0.807671139594468,0.85558902981309,"cogn_se_lv"
"10775","TRIM9","Exc L5/6 IT Car3",0.0263756584630462,9.1889114104482,4.52613850783534,0.0340351646519591,0.312717124772328,0.324468027763936,"cogn_se_lv"
"10776","TMX1","Exc L5/6 IT Car3",0.02695195046641,3.60490738445975,1.61833432788755,0.204115276782163,0.591588344572032,0.64674400455403,"cogn_se_lv"
"10777","FRMD6-AS2","Exc L5/6 IT Car3",0.194638082713518,2.04707113468743,10.7853940888696,0.00111962312802679,0.08662109232943,0.0684783766379307,"cogn_se_lv"
"10778","FRMD6","Exc L5/6 IT Car3",-0.0264530877506479,4.21848962823945,1.06354150881196,0.303075851019531,0.67996293893772,0.741152903555243,"cogn_se_lv"
"10779","FRMD6-AS1","Exc L5/6 IT Car3",0.0510841532237303,2.61746108493343,2.03937999717338,0.154107336384023,0.535555258877144,0.586438455488561,"cogn_se_lv"
"10780","GNG2","Exc L5/6 IT Car3",-0.00726533536729032,8.19910423569626,0.704930110980972,0.401668878949289,0.755039750608181,0.808313081418522,"cogn_se_lv"
"10781","RTRAF","Exc L5/6 IT Car3",-0.047426124306162,4.68059047938361,6.12653172096825,0.0137595400284638,0.229163659196484,0.220366109312356,"cogn_se_lv"
"10782","NID2","Exc L5/6 IT Car3",0.0336432370143458,3.19227608514954,1.58774103431712,0.208435519021893,0.596471297461311,0.651993734275222,"cogn_se_lv"
"10783","TXNDC16","Exc L5/6 IT Car3",0.00657739508357624,6.34881452219938,0.268874795024821,0.604394480183955,0.867513662728667,0.906693938001181,"cogn_se_lv"
"10784","GPR137C","Exc L5/6 IT Car3",-0.0057053252487783,7.00360247739933,0.204418728545096,0.651439908681398,0.887629788936254,0.924979706418845,"cogn_se_lv"
"10785","ERO1A","Exc L5/6 IT Car3",-0.00420037997658661,5.54473584364899,0.140385113244999,0.708111002538364,0.91429544356115,0.946089000844591,"cogn_se_lv"
"10786","AL133453.1","Exc L5/6 IT Car3",-0.0208385463449543,2.3854464104793,0.227415677392813,0.633725480175059,0.881590449235664,0.919089221005752,"cogn_se_lv"
"10787","PSMC6","Exc L5/6 IT Car3",0.00474092113620366,5.68472589631722,0.165340203292971,0.684519550238686,0.901848749589734,0.937740577264049,"cogn_se_lv"
"10788","STYX","Exc L5/6 IT Car3",-0.00112655664086899,3.62400041996408,0.00380507632218137,0.950846425599489,0.99520718783842,0.997808384837119,"cogn_se_lv"
"10789","GNPNAT1","Exc L5/6 IT Car3",-0.0128896913775577,4.77191657514105,0.759210661705623,0.879401197638183,0.981221230453972,0.988840176672868,"cogn_se_lv"
"10790","FERMT2","Exc L5/6 IT Car3",0.0200877422346178,5.55651267076698,1.88627177191328,0.170446480518998,0.55740997347798,0.608491343922396,"cogn_se_lv"
"10791","DDHD1","Exc L5/6 IT Car3",0.0126311769300437,6.71126165688454,1.28315463277898,0.258039610754107,0.640624231247895,0.702284145063568,"cogn_se_lv"
"10792","AL356020.1","Exc L5/6 IT Car3",-0.00322106361087646,2.01699696985815,0.00791554329511883,0.929153940797112,0.991724748517064,0.995925713518617,"cogn_se_lv"
"10793","BMP4","Exc L5/6 IT Car3",0.0505397137868664,2.87240509763397,1.56141959577955,0.212239577050093,0.599907491379093,0.655962443479017,"cogn_se_lv"
"10794","CDKN3","Exc L5/6 IT Car3",-0.00341717261542778,2.21586054055336,0.00988832125406883,0.920842218708031,0.99096186404192,0.994869484089853,"cogn_se_lv"
"10795","CNIH1","Exc L5/6 IT Car3",0.00634890523882545,5.28961149057034,0.20044269165806,0.654623188091259,0.888727033534045,0.926297960787363,"cogn_se_lv"
"10796","GMFB","Exc L5/6 IT Car3",-0.0396569685258664,5.21750415770346,4.15680022287278,0.0421710133451667,0.336180248199134,0.354682123304051,"cogn_se_lv"
"10797","CGRRF1","Exc L5/6 IT Car3",-0.0359709372335322,4.41203677302703,6.33617655847253,0.0122476127094807,0.219911907765536,0.209397068442234,"cogn_se_lv"
"10798","SAMD4A","Exc L5/6 IT Car3",0.0288942192836065,6.4150113803933,2.47461972926245,0.116543698488942,0.484635963568118,0.528320322727544,"cogn_se_lv"
"10799","GCH1","Exc L5/6 IT Car3",0.00788384703290982,3.02560227523743,0.0543013920771728,0.815868346631329,0.959947755253107,0.976792525428838,"cogn_se_lv"
"10800","WDHD1","Exc L5/6 IT Car3",0.00709942250043759,4.11776452563508,0.136335390563885,0.712160792742603,0.916860849950532,0.94757864246495,"cogn_se_lv"
"10801","SOCS4","Exc L5/6 IT Car3",-0.0239186450574833,4.11377268942597,1.90929180019262,0.167867464976902,0.554038234182826,0.604783476624767,"cogn_se_lv"
"10802","MAPK1IP1L","Exc L5/6 IT Car3",-0.00732861487384255,5.50710988846083,0.357601498650059,0.550203578288002,0.837051948259007,0.882170509248416,"cogn_se_lv"
"10803","FBXO34","Exc L5/6 IT Car3",0.00147801619446247,6.90867607062161,0.0178770365783418,0.893707801028151,0.9857013440361,0.9911344245304,"cogn_se_lv"
"10804","AL158801.3","Exc L5/6 IT Car3",0.00356692431782705,2.98054477746609,0.00966372409177982,0.921743419149118,0.990974669133532,0.994997410668679,"cogn_se_lv"
"10805","ATG14","Exc L5/6 IT Car3",0.0191253500183845,5.13194169398063,1.52274952305149,0.217979417867547,0.606245002477021,0.662845697392955,"cogn_se_lv"
"10806","KTN1-AS1","Exc L5/6 IT Car3",0.0504096254815568,4.77492507473589,8.37548716536346,0.00402622885562095,0.141379082140812,0.125062055680075,"cogn_se_lv"
"10807","KTN1","Exc L5/6 IT Car3",-0.0251565863114737,7.14640392794687,4.72743030382135,0.0303121535166811,0.304222598957164,0.308684391471683,"cogn_se_lv"
"10808","AL355773.1","Exc L5/6 IT Car3",-0.0245996231724499,2.91715101731587,0.564041240847898,0.453109223417349,0.785113151561046,0.836387810941209,"cogn_se_lv"
"10809","PELI2","Exc L5/6 IT Car3",0.0118908844077058,3.73077693940536,0.0893569077733292,0.765162484773858,0.94162460461338,0.963325208712611,"cogn_se_lv"
"10810","TMEM260","Exc L5/6 IT Car3",0.00324145309873143,6.1470574471654,0.0767635300418572,0.781885453414944,0.949157991908097,0.968029544933226,"cogn_se_lv"
"10811","AL161757.5","Exc L5/6 IT Car3",0.0107255049836601,1.36877406202179,0.0429810391477958,0.83587391105008,0.967007403672911,0.980507050181343,"cogn_se_lv"
"10812","OTX2-AS1","Exc L5/6 IT Car3",-0.00226202392388535,1.75267658339782,0.00231380044326813,0.96166066684268,0.997053628956036,0.998669553021838,"cogn_se_lv"
"10813","AL161757.4","Exc L5/6 IT Car3",-0.00620998632457468,1.28620493283371,0.00697151701176903,0.933502177572328,0.993128612805069,0.99646580383249,"cogn_se_lv"
"10814","EXOC5","Exc L5/6 IT Car3",-0.00722560548454929,6.3612307104068,0.482896607376919,0.487545056133097,0.80430136922538,0.853130424803585,"cogn_se_lv"
"10815","AP5M1","Exc L5/6 IT Car3",-0.0127584524242386,5.52519013966709,0.924048237572855,0.337035879400947,0.707058640128213,0.76548639381552,"cogn_se_lv"
"10816","NAA30","Exc L5/6 IT Car3",-0.0229131247606504,4.74668059346107,2.76678125453746,0.0970779152659878,0.451509102692813,0.492396325363024,"cogn_se_lv"
"10817","SLC35F4","Exc L5/6 IT Car3",-0.0160160767729043,3.04816314145006,0.173663951910238,0.677115136617093,0.89933772573327,0.934910013771654,"cogn_se_lv"
"10818","ARMH4","Exc L5/6 IT Car3",-0.00951198113259145,6.772893484963,0.962764862443885,0.327126097007632,0.699805977821385,0.759027487382438,"cogn_se_lv"
"10819","ACTR10","Exc L5/6 IT Car3",-0.00811449090790889,6.49202099595164,0.717833058058254,0.397397936060229,0.75301086382257,0.806064130076736,"cogn_se_lv"
"10820","PSMA3","Exc L5/6 IT Car3",0.0066580168798175,4.90860121929393,0.214413459616618,0.643599508177198,0.885447193796969,0.922438706226249,"cogn_se_lv"
"10821","ARID4A","Exc L5/6 IT Car3",-0.021869759919117,7.10200065607173,4.12332157785405,0.0430036214221998,0.338987025049454,0.357578726081384,"cogn_se_lv"
"10822","AL139021.2","Exc L5/6 IT Car3",-0.00938275155517727,2.27524653589758,0.0509489741149174,0.821543541219166,0.962731675882355,0.977603505583837,"cogn_se_lv"
"10823","AL139021.1","Exc L5/6 IT Car3",0.00488178799371756,2.97330009945863,0.017006345653594,0.896313510528598,0.986220413743843,0.991622092937622,"cogn_se_lv"
"10824","TIMM9","Exc L5/6 IT Car3",-0.0157772646788819,4.32411197585364,1.04162751669649,0.308103551498899,0.683736648531803,0.745228732424863,"cogn_se_lv"
"10825","KIAA0586","Exc L5/6 IT Car3",0.0140228684935501,5.53128797929142,0.793341436503866,0.373664770672975,0.733694924809529,0.790642275833965,"cogn_se_lv"
"10826","DAAM1","Exc L5/6 IT Car3",0.0172573858084764,7.81660106164443,3.19056598086744,0.0748750484807926,0.414777587609612,0.447289266308863,"cogn_se_lv"
"10827","GPR135","Exc L5/6 IT Car3",0.00629528140340401,5.76707067631745,0.140957785751261,0.707543718309745,0.91420517377105,0.945981101135918,"cogn_se_lv"
"10828","L3HYPDH","Exc L5/6 IT Car3",0.0190408349348619,4.52132890887745,1.31324259974353,0.252541737836676,0.635486001246527,0.69717788307305,"cogn_se_lv"
"10829","JKAMP","Exc L5/6 IT Car3",0.00211843470279642,4.94824959744633,0.0202222172805733,0.928195049274465,0.991633961507555,0.995793814170954,"cogn_se_lv"
"10830","CCDC175","Exc L5/6 IT Car3",0.0392453903244905,4.18679415389574,2.89994575857254,0.0894140735392107,0.43880184686494,0.478724692755674,"cogn_se_lv"
"10831","RTN1","Exc L5/6 IT Car3",-0.0150459215452896,9.64290058088364,1.29415308869906,0.25601290043153,0.639465032191168,0.700352746215353,"cogn_se_lv"
"10832","LRRC9","Exc L5/6 IT Car3",-0.00223434908827946,4.35933591958207,0.0151870358479805,0.901986718432532,0.987810604126722,0.992744989013678,"cogn_se_lv"
"10833","AL157911.1","Exc L5/6 IT Car3",-0.00170710261339043,3.56993109371143,0.00326983920240873,0.954430376159676,0.996920944446838,0.998332739508123,"cogn_se_lv"
"10834","PCNX4","Exc L5/6 IT Car3",-0.000374423770509379,6.73881414886245,0.00114054921302868,0.973076981501621,0.998267578294294,0.999348526308714,"cogn_se_lv"
"10835","DHRS7","Exc L5/6 IT Car3",-0.0100643789487093,4.16607610899714,0.184833287915809,0.667499890539436,0.895220332863334,0.931248264652647,"cogn_se_lv"
"10836","PPM1A","Exc L5/6 IT Car3",-0.000353560258369391,6.36217787382493,0.00110688128301301,0.983815088114767,0.998390354534415,0.999870711362408,"cogn_se_lv"
"10837","SIX4","Exc L5/6 IT Car3",0.0350370185819697,2.06335099883503,0.634253445299022,0.426305070939026,0.770684252525738,0.822591076794768,"cogn_se_lv"
"10838","MNAT1","Exc L5/6 IT Car3",0.0100864499758058,8.60626876965733,0.737927568074,0.390876276574688,0.747597204799957,0.801912424209874,"cogn_se_lv"
"10839","TRMT5","Exc L5/6 IT Car3",-0.0403528136604818,2.86414971023958,2.27978878225887,0.131914814992868,0.502641496098102,0.554458942287326,"cogn_se_lv"
"10840","SLC38A6","Exc L5/6 IT Car3",0.000919913384735196,6.80318950510664,0.00477098344615779,0.944969011698409,0.994804925328349,0.997626386519645,"cogn_se_lv"
"10841","PRKCH","Exc L5/6 IT Car3",0.100416073650032,4.77789519252222,7.979407224615,0.00498501605851037,0.154988681091868,0.138575311637501,"cogn_se_lv"
"10842","TMEM30B","Exc L5/6 IT Car3",0.00665614958174475,1.88948677425156,0.0214902931631263,0.883530218965384,0.982622493848624,0.989304395500686,"cogn_se_lv"
"10843","HIF1A","Exc L5/6 IT Car3",-0.00652187990006238,5.87464479061356,0.406924122878302,0.746244681805375,0.933596030449178,0.958154359204302,"cogn_se_lv"
"10844","HIF1A-AS2","Exc L5/6 IT Car3",-0.0113582127596968,3.21504625010734,0.101711852844256,0.749963130286185,0.934569439279707,0.959133904985529,"cogn_se_lv"
"10845","SNAPC1","Exc L5/6 IT Car3",-0.00219214860531975,4.03470313232531,0.0170745935065965,0.896106849857508,0.986220413743843,0.991564837366116,"cogn_se_lv"
"10846","SYT16","Exc L5/6 IT Car3",0.0183060081444541,8.27446241888918,3.6105325522774,0.0581842259044854,0.377862825091434,0.404694376815464,"cogn_se_lv"
"10847","AL390816.2","Exc L5/6 IT Car3",0.053458622600349,1.85582428406486,1.11925478906459,0.290762397570995,0.670286593561656,0.730255017671841,"cogn_se_lv"
"10848","KCNH5","Exc L5/6 IT Car3",0.0141797333913612,5.03721649710356,0.395331742889282,0.529894185935215,0.82568662529394,0.872824382352109,"cogn_se_lv"
"10849","RHOJ","Exc L5/6 IT Car3",-0.0251285045677143,1.92333025359587,0.300487815681768,0.583904081889507,0.855777482563133,0.897762646989172,"cogn_se_lv"
"10850","PPP2R5E","Exc L5/6 IT Car3",-0.00401770749507456,7.22464601749498,0.328278982343791,0.56701885030837,0.846340320935947,0.889427243178691,"cogn_se_lv"
"10851","WDR89","Exc L5/6 IT Car3",0.0252079702186403,4.42756585960459,2.16836469047543,0.14171772634624,0.516710686678187,0.568942412984762,"cogn_se_lv"
"10852","SGPP1","Exc L5/6 IT Car3",0.00297048131414772,5.46865341809523,0.0587941359241427,0.808545138440711,0.957708741676483,0.9752752519787,"cogn_se_lv"
"10853","SYNE2","Exc L5/6 IT Car3",-0.00413055650165561,3.91137239107917,0.0548079982144455,0.815026955622315,0.959870452932088,0.976606831175279,"cogn_se_lv"
"10854","ESR2","Exc L5/6 IT Car3",0.0286652811411056,4.33506284454791,2.12715329520613,0.145549277167667,0.521901998045293,0.574710154063172,"cogn_se_lv"
"10855","MTHFD1","Exc L5/6 IT Car3",0.014397978878928,5.04938152978081,1.44516573990487,0.455915198768237,0.786871695530243,0.838028024616043,"cogn_se_lv"
"10856","AL122035.1","Exc L5/6 IT Car3",0.0101035737729635,3.43554515336114,0.161825201977898,0.687711635778368,0.902774616430194,0.938887951326235,"cogn_se_lv"
"10857","ZBTB25","Exc L5/6 IT Car3",0.0104092291327959,5.15792231170433,0.612652770488096,0.434286484683638,0.773613831177909,0.826378535571671,"cogn_se_lv"
"10858","AKAP5","Exc L5/6 IT Car3",0.000153954180664081,5.25843855713856,6.34615497058445e-05,0.99364814996386,0.999242764926216,0.999870711362408,"cogn_se_lv"
"10859","ZBTB1","Exc L5/6 IT Car3",-0.0283014713084076,5.7957266814512,3.23336514752703,0.0729593035728616,0.412732658561907,0.442845155026992,"cogn_se_lv"
"10860","AL049869.3","Exc L5/6 IT Car3",-0.00848723235372397,2.87204106200452,0.0471441010191369,0.828227932364244,0.96520240999292,0.978896725363532,"cogn_se_lv"
"10861","HSPA2","Exc L5/6 IT Car3",-0.116818607736269,2.01638764760911,9.77026546190883,0.0019123174524434,0.104206342515711,0.086989996896654,"cogn_se_lv"
"10862","SPTB","Exc L5/6 IT Car3",-0.0223253157503107,4.46058741854176,1.89542032640624,0.169416112648801,0.556681238646118,0.607399702008995,"cogn_se_lv"
"10863","CHURC1-FNTB","Exc L5/6 IT Car3",0.0639633862956795,3.94354465709092,6.99392881185216,0.00852354723675595,0.193632749184963,0.178377159737562,"cogn_se_lv"
"10864","RAB15","Exc L5/6 IT Car3",0.0104959412167246,5.75822356226264,0.417197780480109,0.518735067447201,0.820833841115292,0.868059738910095,"cogn_se_lv"
"10865","FNTB","Exc L5/6 IT Car3",-0.0206259507160707,2.72040862714756,0.561604984745302,0.454085800453678,0.785539138032057,0.836928466675914,"cogn_se_lv"
"10866","MAX","Exc L5/6 IT Car3",0.017025657450662,6.06589665841427,2.2145551112271,0.137557855529939,0.510620798575702,0.56288539106066,"cogn_se_lv"
"10867","AL139022.1","Exc L5/6 IT Car3",0.124490038277521,2.22617257551137,4.16229487683846,0.0420359961409285,0.336180248199134,0.354338058980987,"cogn_se_lv"
"10868","AL355076.2","Exc L5/6 IT Car3",-0.00739937484278659,1.64123241168436,0.0272664955653824,0.868934340405416,0.97742250279017,0.987189511110941,"cogn_se_lv"
"10869","FUT8","Exc L5/6 IT Car3",0.0170434447448422,6.67891137879147,2.24044330053181,0.135286578785504,0.507201083437005,0.559170828261995,"cogn_se_lv"
"10870","AL359232.1","Exc L5/6 IT Car3",0.00571450871810628,5.11880151160729,0.0476171616403947,0.827381832102036,0.965029939006543,0.978805885773327,"cogn_se_lv"
"10871","CCDC196","Exc L5/6 IT Car3",-0.000263420739911159,1.73660492533351,3.35579698031496e-05,0.995381032470913,0.999242764926216,0.999870711362408,"cogn_se_lv"
"10872","GPHN","Exc L5/6 IT Car3",0.00527163968959634,9.46199721342782,0.302849996604067,0.582430029082145,0.855305166753264,0.89706270415353,"cogn_se_lv"
"10873","FAM71D","Exc L5/6 IT Car3",0.00991870501472019,2.34148367170587,0.0796102087439434,0.777982545525582,0.946718698160727,0.966981197233484,"cogn_se_lv"
"10874","MPP5","Exc L5/6 IT Car3",-0.0283291939071948,4.63518021765414,4.2516093042434,0.0742169811751179,0.413840340682994,0.445681513552882,"cogn_se_lv"
"10875","ATP6V1D","Exc L5/6 IT Car3",-0.020300563160004,5.78530790848054,0.866669237119571,0.352480106353577,0.719169542251618,0.77601282982242,"cogn_se_lv"
"10876","EIF2S1","Exc L5/6 IT Car3",-0.0130453971813163,4.98770717731781,1.1522754256345,0.283766030548969,0.663198057729481,0.724359204156338,"cogn_se_lv"
"10877","TMEM229B","Exc L5/6 IT Car3",0.014394508668575,3.64520584324263,0.462893035845002,0.49669631918738,0.810277332233811,0.857370891125515,"cogn_se_lv"
"10878","PLEKHH1","Exc L5/6 IT Car3",0.0206656270385292,3.94591112185056,0.857202347744072,0.355120329222503,0.720752386980564,0.777833754343917,"cogn_se_lv"
"10879","PIGH","Exc L5/6 IT Car3",-0.00850675067400906,3.63359984776032,0.17835544581973,0.673033259141392,0.897961149387605,0.933259069404843,"cogn_se_lv"
"10880","ARG2","Exc L5/6 IT Car3",-0.0671477562910795,4.27349443418039,7.01706419693363,0.0084161467323075,0.193475605776656,0.177479098238213,"cogn_se_lv"
"10881","VTI1B","Exc L5/6 IT Car3",-0.0504340361308122,4.29281309994267,4.8426331555593,0.0283756903088434,0.298467500217356,0.300417901295355,"cogn_se_lv"
"10882","RDH11","Exc L5/6 IT Car3",0.0195902095609057,3.55724798703479,0.691566140874352,0.406163278363572,0.758598647331963,0.8110088746953,"cogn_se_lv"
"10883","RDH12","Exc L5/6 IT Car3",0.0156460545324324,1.74704209672963,0.129369490584698,0.719289852075635,0.920494829822387,0.949506373948378,"cogn_se_lv"
"10884","ZFYVE26","Exc L5/6 IT Car3",0.0362229805387095,4.87201229382086,5.86528356916415,0.0159175767327996,0.241827745229798,0.235146555464999,"cogn_se_lv"
"10885","RAD51B","Exc L5/6 IT Car3",0.0154594916486925,5.98892838639429,0.926511600300487,0.336393486357758,0.706385012286246,0.765240738494216,"cogn_se_lv"
"10886","ZFP36L1","Exc L5/6 IT Car3",0.0386068620698394,1.39142933371225,0.300181168551026,0.584095988862975,0.855777482563133,0.897915716818186,"cogn_se_lv"
"10887","ACTN1","Exc L5/6 IT Car3",-0.0131348909108032,8.12537102730354,1.67750748882641,0.19605558572999,0.584257138953203,0.637951802396532,"cogn_se_lv"
"10888","DCAF5","Exc L5/6 IT Car3",0.0117575482904856,6.79571633134161,1.35234968798278,0.24560985997969,0.63060160275998,0.690130452937747,"cogn_se_lv"
"10889","AL359317.2","Exc L5/6 IT Car3",0.00521168910882713,3.42558140671461,0.0274385621878229,0.868525209068773,0.977162290194343,0.987166364099408,"cogn_se_lv"
"10890","EXD2","Exc L5/6 IT Car3",0.00109995602451324,5.31273503988694,0.0071022580112255,0.938221793098826,0.994369077299174,0.99727077180765,"cogn_se_lv"
"10891","AL359317.1","Exc L5/6 IT Car3",0.0251882209507394,2.31436816380149,0.50950338767377,0.475799502259418,0.798185561344282,0.847784954933806,"cogn_se_lv"
"10892","GALNT16","Exc L5/6 IT Car3",-0.0445584824461456,4.48914264545297,5.80165541569327,0.0164943848254769,0.244862693729978,0.238864384336825,"cogn_se_lv"
"10893","ERH","Exc L5/6 IT Car3",-0.039138833069831,4.97746299397812,2.37545013063467,0.124102444407055,0.493034839284299,0.541193017994417,"cogn_se_lv"
"10894","SLC39A9","Exc L5/6 IT Car3",-0.0112170523277459,5.26164427903364,0.979777270544326,0.322894304533701,0.695965805481828,0.756085367905244,"cogn_se_lv"
"10895","PLEKHD1","Exc L5/6 IT Car3",0.00129915697292349,1.5783076220286,0.000853536313822462,0.976708440714101,0.998267578294294,0.999481105410931,"cogn_se_lv"
"10896","CCDC177","Exc L5/6 IT Car3",-0.038352631798808,2.2073686215409,1.36582479714838,0.243275560899854,0.628295163995429,0.687588790281244,"cogn_se_lv"
"10897","SUSD6","Exc L5/6 IT Car3",0.0159498692098809,5.61286815616927,1.22999331181378,0.268121592590785,0.651342204714067,0.711654944355912,"cogn_se_lv"
"10898","SRSF5","Exc L5/6 IT Car3",-0.0125524639598799,7.06047929426498,0.71125500386988,0.399567020287854,0.754037868768464,0.807396562812726,"cogn_se_lv"
"10899","SLC10A1","Exc L5/6 IT Car3",0.0333840239235973,2.04239154308769,0.486377786963762,0.485981232918216,0.803375377206946,0.852310383952345,"cogn_se_lv"
"10900","SLC8A3","Exc L5/6 IT Car3",0.0300353463127614,5.59507087114929,2.35003533398942,0.126126341191941,0.495981171371839,0.544400439926455,"cogn_se_lv"
"10901","AL160191.1","Exc L5/6 IT Car3",0.0395158963020298,2.29680717518935,0.837820705245719,0.360611080283365,0.724896097905039,0.78134249446817,"cogn_se_lv"
"10902","SYNJ2BP-COX16","Exc L5/6 IT Car3",0.0292348399860536,2.37656223752339,0.728907075117716,0.393784638068144,0.750481365653164,0.803902521503312,"cogn_se_lv"
"10903","AL357153.2","Exc L5/6 IT Car3",0.0378217478927287,6.3561195366012,4.84749903543664,0.028296803686591,0.298368509743409,0.300019665311947,"cogn_se_lv"
"10904","MED6","Exc L5/6 IT Car3",0.0191256709231388,4.84486466871025,1.80241431436838,0.180235893533208,0.566621738397059,0.620251394626392,"cogn_se_lv"
"10905","TTC9","Exc L5/6 IT Car3",0.0273625898669365,3.55118060437208,1.77980256456378,0.182986043322057,0.570047462080366,0.623695419006779,"cogn_se_lv"
"10906","MAP3K9","Exc L5/6 IT Car3",0.0104462497552813,5.43881297274618,0.628922232570148,0.507000517812743,0.816298421614546,0.862581640872817,"cogn_se_lv"
"10907","AC004816.1","Exc L5/6 IT Car3",0.019908537667625,2.91695223823854,0.624018129085446,0.430059022302734,0.772585770266477,0.824423743312155,"cogn_se_lv"
"10908","PCNX1","Exc L5/6 IT Car3",-0.0148156847735998,7.0763813305642,1.63433172500608,0.20189842062423,0.589802787467109,0.644202826349861,"cogn_se_lv"
"10909","AC004817.1","Exc L5/6 IT Car3",0.0538926606666274,3.81211387149328,3.82284806049594,0.051303291364034,0.35981631126162,0.383271205684624,"cogn_se_lv"
"10910","AC004817.4","Exc L5/6 IT Car3",0.0316873115103399,3.73660405543545,1.65232182826313,0.19943928946233,0.586514030126452,0.641649453393984,"cogn_se_lv"
"10911","AC005476.2","Exc L5/6 IT Car3",0.0519374041421133,2.52817137937096,2.60239744859768,0.107546341835179,0.469487980975496,0.511975422930707,"cogn_se_lv"
"10912","SIPA1L1","Exc L5/6 IT Car3",0.0151023457851068,10.1049894684121,2.21041838674459,0.137924745101831,0.510620798575702,0.563247995051705,"cogn_se_lv"
"10913","RGS6","Exc L5/6 IT Car3",0.0716339287820293,5.13516303215131,2.74078226781625,0.0986563976936627,0.45416873341001,0.495508191889134,"cogn_se_lv"
"10914","DPF3","Exc L5/6 IT Car3",0.0634329641039158,3.41838408308288,2.75228181110844,0.0979547839530625,0.453431099232132,0.493952476894401,"cogn_se_lv"
"10915","DCAF4","Exc L5/6 IT Car3",0.0578435285955249,3.04223579122769,5.3152420350393,0.0216867283931296,0.276220485614688,0.269868268899561,"cogn_se_lv"
"10916","ZFYVE1","Exc L5/6 IT Car3",-0.00102745309283281,4.84753937278081,0.00639210597617347,0.936319307885861,0.993953603292087,0.997072106312386,"cogn_se_lv"
"10917","RBM25","Exc L5/6 IT Car3",0.00554522227765797,7.44940815718543,0.43310701482635,0.51087354032787,0.81807720654164,0.864456142545423,"cogn_se_lv"
"10918","PSEN1","Exc L5/6 IT Car3",0.00248952354608769,5.81406129397533,0.0381589121737882,0.845230559730506,0.970988236489561,0.982641973877651,"cogn_se_lv"
"10919","NUMB","Exc L5/6 IT Car3",0.0347697696219306,7.29722395605231,8.62909803244483,0.00351344352009015,0.132529156309283,0.116996856533051,"cogn_se_lv"
"10920","HEATR4","Exc L5/6 IT Car3",0.0103762463504182,4.57759185905268,0.339914197518983,0.560230427883101,0.843139671926552,0.886953121860274,"cogn_se_lv"
"10921","RIOX1","Exc L5/6 IT Car3",-0.000908438571128459,2.04719383383486,0.000295800944071368,0.986287147157356,0.998390354534415,0.999870711362408,"cogn_se_lv"
"10922","AC005225.3","Exc L5/6 IT Car3",-0.023692703694153,3.27006490213371,0.993440697569013,0.319547871659392,0.69323960316296,0.753819270041308,"cogn_se_lv"
"10923","ACOT1","Exc L5/6 IT Car3",0.0331366637419001,1.50345968422692,0.348679935324858,0.555218281157741,0.839929682996154,0.884655428542042,"cogn_se_lv"
"10924","ACOT2","Exc L5/6 IT Car3",-0.0513110709331571,2.23972186616584,1.97714726936794,0.160522249802161,0.543594576313782,0.595476842623957,"cogn_se_lv"
"10925","ACOT4","Exc L5/6 IT Car3",0.0224132767938622,1.95701152548174,0.265044541231828,0.606979855849125,0.868510293982835,0.907752167179391,"cogn_se_lv"
"10926","ACOT6","Exc L5/6 IT Car3",0.00554968920555549,1.91995721345126,0.0132377379357748,0.908463034507881,0.988416424129917,0.993349143553392,"cogn_se_lv"
"10927","AC005225.2","Exc L5/6 IT Car3",-0.0089631919623732,3.53892072195267,0.136410425525639,0.71208513867263,0.916840147592385,0.947542734385733,"cogn_se_lv"
"10928","DNAL1","Exc L5/6 IT Car3",-0.0104713526566026,5.14574149688493,0.771892637539344,0.38019676383796,0.739071390105621,0.795592871578296,"cogn_se_lv"
"10929","PNMA1","Exc L5/6 IT Car3",-0.0639461332513892,5.52214381319943,6.37354122755522,0.0119966917605004,0.218237690536763,0.207473081528444,"cogn_se_lv"
"10930","ELMSAN1","Exc L5/6 IT Car3",0.00880942567186912,4.31494034967514,0.391692272887102,0.531793280302305,0.826671325785064,0.873647098708932,"cogn_se_lv"
"10931","AC005480.1","Exc L5/6 IT Car3",0.0195947333291927,3.88069215607053,0.498892096516426,0.480427484580634,0.800464771716048,0.849576831627805,"cogn_se_lv"
"10932","FAM161B","Exc L5/6 IT Car3",0.0465292296609029,2.83186021488326,2.49537948444485,0.115026930088283,0.481914142985796,0.525319324989013,"cogn_se_lv"
"10933","COQ6","Exc L5/6 IT Car3",0.00693923920906522,3.93452343028555,0.160816828680926,0.991907213141555,0.999242764926216,0.999870711362408,"cogn_se_lv"
"10934","ENTPD5","Exc L5/6 IT Car3",0.0298355911277668,3.22217185768337,1.52571520133842,0.217532709060403,0.605941790486805,0.66232155719718,"cogn_se_lv"
"10935","BBOF1","Exc L5/6 IT Car3",0.0292964003411371,4.58593774343,3.90912083632787,0.0487593293924347,0.354299376463442,0.374933036414645,"cogn_se_lv"
"10936","ALDH6A1","Exc L5/6 IT Car3",0.018515835891287,3.41963035304607,0.840332813443729,0.446758727126862,0.781075074328528,0.833186510394002,"cogn_se_lv"
"10937","LIN52","Exc L5/6 IT Car3",0.0130032017110119,5.80258660279067,0.95800033642606,0.328324446365904,0.700074877560877,0.759929513985071,"cogn_se_lv"
"10938","ABCD4","Exc L5/6 IT Car3",0.00328844168527975,6.29353890751238,0.0598357949131352,0.806889925906245,0.956631689368855,0.974598687640442,"cogn_se_lv"
"10939","NPC2","Exc L5/6 IT Car3",-0.0286860488492142,2.26553892612832,0.533277026431034,0.46568994706402,0.791580327514387,0.842721952775637,"cogn_se_lv"
"10940","ISCA2","Exc L5/6 IT Car3",-0.0331947846642049,2.72883267497246,1.00704602226339,0.316260943397921,0.69097897769648,0.751600349891617,"cogn_se_lv"
"10941","LTBP2","Exc L5/6 IT Car3",0.056268094327934,1.72522981506228,1.2353551059198,0.267082726271456,0.650217083880335,0.710703617935893,"cogn_se_lv"
"10942","AREL1","Exc L5/6 IT Car3",0.0198391974988528,5.0081856119252,2.4384299227552,0.119241153057998,0.489465049417691,0.533810698964136,"cogn_se_lv"
"10943","FCF1","Exc L5/6 IT Car3",0.0200530715035895,3.96013460234458,1.11743867205533,0.291153547296532,0.670536939842116,0.730466145185216,"cogn_se_lv"
"10944","YLPM1","Exc L5/6 IT Car3",-0.00790177832513205,7.27278859354633,0.844017077377834,0.358843028043718,0.723136598349197,0.780433777790782,"cogn_se_lv"
"10945","DLST","Exc L5/6 IT Car3",0.018231497890966,5.3329270356086,1.30031789836715,0.254885509084591,0.638695627780494,0.69922865322356,"cogn_se_lv"
"10946","RPS6KL1","Exc L5/6 IT Car3",0.0135020663423143,5.16754530116777,0.447292316256646,0.504036551980859,0.814567104377341,0.861123606714834,"cogn_se_lv"
"10947","EIF2B2","Exc L5/6 IT Car3",-0.0624625734652653,3.0751992705602,6.57121111460868,0.0107547169458528,0.213179377869315,0.198075856714896,"cogn_se_lv"
"10948","AL049780.1","Exc L5/6 IT Car3",-0.0281390498546967,2.6972898638754,0.903102744625212,0.342565340685719,0.711981564366222,0.768956350243379,"cogn_se_lv"
"10949","MLH3","Exc L5/6 IT Car3",0.00919711947990163,5.87409744125301,0.682849808622982,0.916378611763344,0.989620466724523,0.994405342254173,"cogn_se_lv"
"10950","ACYP1","Exc L5/6 IT Car3",-0.0283627772913354,4.47382695798897,2.2778191703024,0.132081345291698,0.50279983506935,0.554711076911944,"cogn_se_lv"
"10951","ZC2HC1C","Exc L5/6 IT Car3",-0.0103991055720623,2.71248245519431,0.163924147588722,0.685800719215916,0.902072658179981,0.938104836746876,"cogn_se_lv"
"10952","NEK9","Exc L5/6 IT Car3",0.0149643465433069,5.53837457344002,1.61016172028333,0.254952338688124,0.638695627780494,0.699299845463041,"cogn_se_lv"
"10953","TMED10","Exc L5/6 IT Car3",-0.0146625723249569,5.37217801463589,1.74304500624198,0.187561583340944,0.575062928090689,0.628765277621325,"cogn_se_lv"
"10954","FOS","Exc L5/6 IT Car3",-0.433899939892338,2.28817019532308,17.4314377754859,3.71189382563144e-05,0.0196986365436096,0.0106151946812909,"cogn_se_lv"
"10955","JDP2","Exc L5/6 IT Car3",0.010587304077762,5.07277039924878,0.280523635972406,0.596672739936713,0.86265888649317,0.903513989057956,"cogn_se_lv"
"10956","TTLL5","Exc L5/6 IT Car3",-0.00143176580635618,6.61942334488596,0.0134391495859354,0.907772396408066,0.988142976191024,0.993219253173467,"cogn_se_lv"
"10957","ERG28","Exc L5/6 IT Car3",-0.0312769026399227,4.40604131378449,2.07454148017352,0.150612248090043,0.529447806785235,0.581809590125051,"cogn_se_lv"
"10958","AF107885.2","Exc L5/6 IT Car3",0.0191161325702313,2.18696535771164,0.228582257974368,0.632856636735096,0.881178289998474,0.918852957657431,"cogn_se_lv"
"10959","IFT43","Exc L5/6 IT Car3",0.0154457839031749,6.20005106675799,1.77491753368782,0.183586573986626,0.5701580754082,0.624087761841829,"cogn_se_lv"
"10960","GPATCH2L","Exc L5/6 IT Car3",0.0127245643491392,6.82822230555746,1.99850272225608,0.158287205259475,0.540417185023175,0.592141134221319,"cogn_se_lv"
"10961","ESRRB","Exc L5/6 IT Car3",0.0402795748483694,2.0795688808444,0.766746084523675,0.381788068082798,0.740402552467578,0.796648708026315,"cogn_se_lv"
"10962","AC008050.1","Exc L5/6 IT Car3",0.0290675437551829,3.69722876496254,1.19410600862866,0.275206871860717,0.657778188839327,0.717826586152615,"cogn_se_lv"
"10963","AC007376.2","Exc L5/6 IT Car3",0.00390737964531997,3.35126929255759,0.0271846813683687,0.898192047514313,0.986715578313859,0.992164474469188,"cogn_se_lv"
"10964","VASH1","Exc L5/6 IT Car3",0.0145426209175104,4.26239749560889,0.386454606288146,0.534547994470447,0.827540824938452,0.875053700453132,"cogn_se_lv"
"10965","VASH1-AS1","Exc L5/6 IT Car3",0.00832289248457448,3.26691102316419,0.117173409325322,0.768104547914849,0.942734854457692,0.964150445057371,"cogn_se_lv"
"10966","ANGEL1","Exc L5/6 IT Car3",0.0220353546528773,4.4255519624848,1.72154867947693,0.479045608871983,0.799764009145411,0.849014837664551,"cogn_se_lv"
"10967","IRF2BPL","Exc L5/6 IT Car3",-0.0453911821321202,3.69200362779007,2.68474513797596,0.102155106803073,0.461046068533516,0.502129124433723,"cogn_se_lv"
"10968","AC007686.3","Exc L5/6 IT Car3",0.00482371511573878,2.55225546786201,0.0277690719559346,0.920567767206794,0.99096186404192,0.994869484089853,"cogn_se_lv"
"10969","AC007686.2","Exc L5/6 IT Car3",0.0790674706853415,1.62987966236322,2.13539201226492,0.14477402993468,0.520632076517234,0.57340743985639,"cogn_se_lv"
"10970","TMEM63C","Exc L5/6 IT Car3",0.00739099304186315,4.70698210782857,0.221689578331885,0.676703416025623,0.899302545090959,0.93479778352025,"cogn_se_lv"
"10971","ZDHHC22","Exc L5/6 IT Car3",0.0336954283050527,4.5509686245898,3.17575239579104,0.0755507014387106,0.415938098540445,0.448853798620464,"cogn_se_lv"
"10972","NGB","Exc L5/6 IT Car3",-0.0548300935665897,2.47324539448262,1.87348508742089,0.171898719237381,0.558407856943195,0.610088071334721,"cogn_se_lv"
"10973","POMT2","Exc L5/6 IT Car3",0.0144780659957834,4.55199608978568,0.946157853536521,0.331328438912124,0.701329176104902,0.761723998365216,"cogn_se_lv"
"10974","GSTZ1","Exc L5/6 IT Car3",0.062392090468684,2.76368737250028,4.34025079426684,0.0379006892057483,0.325396807142333,0.33896896911386,"cogn_se_lv"
"10975","TMED8","Exc L5/6 IT Car3",0.0202660111729792,6.08149769667383,3.00017161705891,0.0840808935025644,0.43113965258299,0.468331199601763,"cogn_se_lv"
"10976","SAMD15","Exc L5/6 IT Car3",0.00289136362774775,2.51351770009706,0.00875939909250176,0.925483694312597,0.991313617446469,0.995483829796552,"cogn_se_lv"
"10977","NOXRED1","Exc L5/6 IT Car3",0.0385952329989906,2.58930539413717,1.41134052570204,0.235588520828648,0.622973768995341,0.680658719161473,"cogn_se_lv"
"10978","VIPAS39","Exc L5/6 IT Car3",0.0258488784186157,4.57235920660478,3.3978111501063,0.0660747297468443,0.395522426611321,0.42525619357869,"cogn_se_lv"
"10979","AHSA1","Exc L5/6 IT Car3",-0.0274009301534997,4.87814637562068,1.29893757575839,0.255137401904979,0.638695627780494,0.699452039607973,"cogn_se_lv"
"10980","SPTLC2","Exc L5/6 IT Car3",0.0235856631262962,5.31245761232635,3.32209122450767,0.069153830611976,0.402525511769406,0.432610641945612,"cogn_se_lv"
"10981","ALKBH1","Exc L5/6 IT Car3",0.05285537423227,4.47437549896956,11.2973520988757,0.000856279282444489,0.0740344840270825,0.0590553272333305,"cogn_se_lv"
"10982","SLIRP","Exc L5/6 IT Car3",-0.0396166248364554,4.7830365733261,2.45603246798515,0.117920568233883,0.486841464046456,0.531184813100072,"cogn_se_lv"
"10983","SNW1","Exc L5/6 IT Car3",-0.0041757585039767,4.80436721677633,0.104536239835319,0.746633279848771,0.933746642034177,0.958249633368732,"cogn_se_lv"
"10984","C14orf178","Exc L5/6 IT Car3",0.0081266154016881,2.06726520476282,0.0427654431693367,0.836280198282927,0.967115719302831,0.980690152704928,"cogn_se_lv"
"10985","ADCK1","Exc L5/6 IT Car3",0.0216006054663809,4.05414902737517,1.0824673521582,0.298818944057545,0.676917505521024,0.737088998732589,"cogn_se_lv"
"10986","NRXN3","Exc L5/6 IT Car3",0.0313780007848643,11.3271325882557,4.46850303611629,0.0351873105998817,0.316011757646758,0.329020899048563,"cogn_se_lv"
"10987","AC008056.2","Exc L5/6 IT Car3",0.0258596405693592,2.4570634323478,0.225000098230924,0.635533285870883,0.882191509836104,0.919796191542817,"cogn_se_lv"
"10988","AC008056.1","Exc L5/6 IT Car3",0.0177961453122679,3.90351127800945,0.18078512225726,0.670944129575531,0.896973919231145,0.932500204600867,"cogn_se_lv"
"10989","AF123462.1","Exc L5/6 IT Car3",-0.0763590224226117,2.27340594669798,4.13684722598213,0.0426651701447847,0.337939767641913,0.356231264432972,"cogn_se_lv"
"10990","DIO2","Exc L5/6 IT Car3",0.0629844803742637,3.60576099981182,4.13223976577314,0.0427801452699841,0.338154306987701,0.356619341161855,"cogn_se_lv"
"10991","DIO2-AS1","Exc L5/6 IT Car3",0.0332012087410025,2.11250373989265,0.544119483314737,0.461193422000192,0.789430181802131,0.840647590634395,"cogn_se_lv"
"10992","CEP128","Exc L5/6 IT Car3",0.0298771273474973,5.45463324426011,3.02077301030902,0.0830280503811215,0.428648673386602,0.465802182314849,"cogn_se_lv"
"10993","TSHR","Exc L5/6 IT Car3",-0.0243199145022224,2.86663819614439,0.437972677417395,0.508510475181503,0.816961913286198,0.863315739672138,"cogn_se_lv"
"10994","AC007262.2","Exc L5/6 IT Car3",0.0105044544871927,5.27388396349964,0.140283706759438,0.708211592378606,0.914300512264637,0.946171564597882,"cogn_se_lv"
"10995","GTF2A1","Exc L5/6 IT Car3",0.00103188931374437,5.61008746881654,0.00682505927025932,0.934202769911187,0.993267436527988,0.996574825362872,"cogn_se_lv"
"10996","SEL1L","Exc L5/6 IT Car3",0.0134479874116365,5.64883489969643,1.38360402238044,0.240237007980072,0.625749066637086,0.684901107816054,"cogn_se_lv"
"10997","AL049775.1","Exc L5/6 IT Car3",0.0119806745371518,2.86810512705738,0.204696042579214,0.781868834457846,0.949157991908097,0.968029544933226,"cogn_se_lv"
"10998","FLRT2","Exc L5/6 IT Car3",-0.0146445300071361,8.93477607323481,0.776502714078972,0.378779299522626,0.737841138924423,0.79430624053018,"cogn_se_lv"
"10999","LINC02328","Exc L5/6 IT Car3",0.00496393300135492,3.28536921188631,0.0253471397822951,0.873591132704343,0.97949639606002,0.98802209086863,"cogn_se_lv"
"11000","LINC02296","Exc L5/6 IT Car3",0.0686832746476151,4.87574003855963,4.52405433647146,0.0340761298468791,0.31272011827279,0.324574323648113,"cogn_se_lv"
"11001","LINC02330","Exc L5/6 IT Car3",0.0795996566217054,1.52793535413227,1.43832802198115,0.231170010704442,0.619917488193303,0.677139660033648,"cogn_se_lv"
"11002","AL359237.1","Exc L5/6 IT Car3",-0.0326342401341614,2.54503861892182,0.395466525624791,0.529824090161545,0.82568662529394,0.872822955441465,"cogn_se_lv"
"11003","GALC","Exc L5/6 IT Car3",0.00804244776318212,4.41889082660992,0.257537605131307,0.612116302290618,0.870631558076339,0.910153028649646,"cogn_se_lv"
"11004","KCNK10","Exc L5/6 IT Car3",0.022570635736444,5.26674707237282,1.14086882441309,0.28615834901296,0.666360567606213,0.726805788235996,"cogn_se_lv"
"11005","SPATA7","Exc L5/6 IT Car3",0.0221130781475861,6.48586018297251,2.38403048157979,0.12342734686488,0.492748863359404,0.540402930408149,"cogn_se_lv"
"11006","PTPN21","Exc L5/6 IT Car3",0.0458583938495617,3.99804713575548,4.74807027057684,0.0299553021016181,0.304122214499141,0.307218869138795,"cogn_se_lv"
"11007","ZC3H14","Exc L5/6 IT Car3",-0.00153550620610591,6.78138825041224,0.0342533998959856,0.853269254988253,0.972510837167237,0.984284184489059,"cogn_se_lv"
"11008","EML5","Exc L5/6 IT Car3",-0.0120841936610894,6.29463349974305,0.861478634743859,0.353924370064353,0.720012697328538,0.77710913632482,"cogn_se_lv"
"11009","TTC8","Exc L5/6 IT Car3",0.00983530587048215,5.89788747207428,0.21717024583137,0.641476081831864,0.884299256484449,0.921672968668675,"cogn_se_lv"
"11010","FOXN3","Exc L5/6 IT Car3",-0.0102314479735702,6.53389908497136,0.495300082672422,0.482010839783351,0.801528560158377,0.850421882991171,"cogn_se_lv"
"11011","AL356805.1","Exc L5/6 IT Car3",0.0139861967084192,1.40554524951596,0.0564872847805763,0.812266895085388,0.959045669722624,0.976221892444987,"cogn_se_lv"
"11012","EFCAB11","Exc L5/6 IT Car3",0.0415433617527074,4.69643210797802,3.36740122919639,0.0672932730892024,0.39725488026192,0.427899202286046,"cogn_se_lv"
"11013","TDP1","Exc L5/6 IT Car3",0.0220267169847831,4.35724910387176,1.47204599393304,0.225789532123304,0.614809076323009,0.671314055335718,"cogn_se_lv"
"11014","KCNK13","Exc L5/6 IT Car3",0.0169259828034691,1.53419531256395,0.088251169225318,0.766577382263791,0.942146573736388,0.963694361748614,"cogn_se_lv"
"11015","PSMC1","Exc L5/6 IT Car3",0.0110014082280563,5.07197366307047,0.371411080426753,0.542606476489329,0.831827241076877,0.878957312194201,"cogn_se_lv"
"11016","NRDE2","Exc L5/6 IT Car3",0.00988340244660589,4.50431624862599,0.462990386820997,0.539164651379534,0.829691429330169,0.877328028444698,"cogn_se_lv"
"11017","CALM1","Exc L5/6 IT Car3",-0.0274097588167299,9.81974984919791,1.44438217189806,0.23019262125822,0.619071574163407,0.676030357846822,"cogn_se_lv"
"11018","TTC7B","Exc L5/6 IT Car3",0.00723801959473373,6.73168570145922,0.343448322944954,0.558199319861794,0.841316965299482,0.886097835217323,"cogn_se_lv"
"11019","RPS6KA5","Exc L5/6 IT Car3",-0.0120263725033746,8.52633371889025,0.818007778899851,0.366346012679842,0.728149959336533,0.785510713479189,"cogn_se_lv"
"11020","DGLUCY","Exc L5/6 IT Car3",0.00877639819297289,5.98208041248805,0.371771683894207,0.54241070437615,0.831827241076877,0.878894103986026,"cogn_se_lv"
"11021","GPR68","Exc L5/6 IT Car3",-0.0197702243748584,2.68225014903555,0.272149343573225,0.602202668801556,0.866169668486429,0.905595443031068,"cogn_se_lv"
"11022","CCDC88C","Exc L5/6 IT Car3",0.00244563392206468,2.63918165467923,0.00463662576054082,0.945748203457888,0.994804925328349,0.997626386519645,"cogn_se_lv"
"11023","PPP4R3A","Exc L5/6 IT Car3",-0.0309610902134422,5.79351676338394,5.94875108559701,0.0151924207472804,0.237371934315375,0.229712633142117,"cogn_se_lv"
"11024","CATSPERB","Exc L5/6 IT Car3",0.0151544588514393,4.47351249813682,0.516548887535695,0.472766718064283,0.795908671587733,0.846310842822841,"cogn_se_lv"
"11025","TC2N","Exc L5/6 IT Car3",-0.0407291122842333,4.83722241735718,5.20363000555883,0.0231018678085727,0.281057506382557,0.276370546910733,"cogn_se_lv"
"11026","FBLN5","Exc L5/6 IT Car3",-0.0800014329880683,5.15595913725399,18.3213218347476,2.37452679689291e-05,0.0161460393334005,0.00820097325555042,"cogn_se_lv"
"11027","TRIP11","Exc L5/6 IT Car3",-0.0131833378350048,6.29883087513967,1.41467603818338,0.235036903159232,0.622485533562299,0.680172863182373,"cogn_se_lv"
"11028","ATXN3","Exc L5/6 IT Car3",0.0240870972625238,6.43768299479767,6.48020868963182,0.0113091395207846,0.214164403886737,0.202217259168988,"cogn_se_lv"
"11029","NDUFB1","Exc L5/6 IT Car3",-0.000900463952159654,4.84197341284883,0.00259723338837715,0.959382187555973,0.997053628956036,0.998555548513014,"cogn_se_lv"
"11030","CPSF2","Exc L5/6 IT Car3",0.0121778035302633,4.52527208546016,0.709942449874623,0.4698895868426,0.794332243135721,0.844998040495832,"cogn_se_lv"
"11031","SLC24A4","Exc L5/6 IT Car3",0.02847130341542,7.07433975508266,3.92273574739637,0.0483702428189973,0.35330708921897,0.373668785051886,"cogn_se_lv"
"11032","RIN3","Exc L5/6 IT Car3",0.108972113412513,4.43330599713304,16.8749517801767,4.90875347343875e-05,0.0213217481471118,0.0123490212381795,"cogn_se_lv"
"11033","LGMN","Exc L5/6 IT Car3",-0.0252766777780993,5.64982563699031,2.65208896213021,0.104256672526442,0.464133696899605,0.50602010464074,"cogn_se_lv"
"11034","GOLGA5","Exc L5/6 IT Car3",0.00935339354565962,4.64032436976726,0.579662293539603,0.569171948153614,0.848054630853337,0.89069931714822,"cogn_se_lv"
"11035","CHGA","Exc L5/6 IT Car3",-0.0852933061539007,5.09000991398369,8.66438036157122,0.00344759153867687,0.132529156309283,0.115804261310933,"cogn_se_lv"
"11036","ITPK1","Exc L5/6 IT Car3",-0.00441426849831295,6.01454213011503,0.115576518739427,0.73407354742646,0.927984616396423,0.954563451885412,"cogn_se_lv"
"11037","MOAP1","Exc L5/6 IT Car3",-0.0587061301886928,5.69979425864176,6.50083269582143,0.0111809602829351,0.214164403886737,0.201216957012461,"cogn_se_lv"
"11038","AL110118.2","Exc L5/6 IT Car3",0.0120757086038453,2.68052361315405,0.161148560358787,0.688330730614471,0.902800312332646,0.93900002539689,"cogn_se_lv"
"11039","GON7","Exc L5/6 IT Car3",-0.0211370991657174,3.79675562157389,0.805817325148211,0.369937757984644,0.731697994523027,0.788117679431144,"cogn_se_lv"
"11040","UBR7","Exc L5/6 IT Car3",-0.0355581681289819,4.85681332039008,5.75527767459595,0.016928424303684,0.246943376534784,0.241035895247949,"cogn_se_lv"
"11041","BTBD7","Exc L5/6 IT Car3",0.00478399802858317,6.48681746603189,0.230839716615957,0.854787688021165,0.972881064401809,0.984550257308073,"cogn_se_lv"
"11042","UNC79","Exc L5/6 IT Car3",0.00634010918641878,8.9155810664084,0.364504679302999,0.546381355037743,0.834153930748357,0.880518394520835,"cogn_se_lv"
"11043","ASB2","Exc L5/6 IT Car3",0.0807628165414275,2.07538737626589,3.26390078102674,0.0716247945729252,0.409322535639554,0.439031833564632,"cogn_se_lv"
"11044","DDX24","Exc L5/6 IT Car3",-0.0248674807015033,7.05926424838981,1.93973299340037,0.164525613218439,0.54908231908806,0.60027236162728,"cogn_se_lv"
"11045","IFI27L1","Exc L5/6 IT Car3",0.00565967383605204,2.51467530410602,0.0315373405473584,0.939781720754338,0.994539668727838,0.997362934282003,"cogn_se_lv"
"11046","IFI27L2","Exc L5/6 IT Car3",-0.100889974568313,2.38884313520018,5.61014690903313,0.0183647826088514,0.257408018533901,0.249889615599933,"cogn_se_lv"
"11047","PPP4R4","Exc L5/6 IT Car3",-0.0713582660007886,4.63945691867587,6.154789305897,0.0135449928839483,0.227822339326737,0.218779022164165,"cogn_se_lv"
"11048","DICER1","Exc L5/6 IT Car3",-0.00387446141362743,6.62665419006378,0.19907094337364,0.655730226685973,0.889373944187876,0.926813063574141,"cogn_se_lv"
"11049","DICER1-AS1","Exc L5/6 IT Car3",0.0415617688569457,3.95640600028186,4.06268018336519,0.0445562879486622,0.343012777244732,0.361776971049571,"cogn_se_lv"
"11050","CLMN","Exc L5/6 IT Car3",0.00916924781205289,3.46118939506078,0.0985138658118789,0.753795537154754,0.936533705153478,0.960322442504468,"cogn_se_lv"
"11051","SYNE3","Exc L5/6 IT Car3",0.0223354557013252,1.93328198474076,0.230209721810391,0.631649078570478,0.880486804890208,0.918407521022687,"cogn_se_lv"
"11052","SNHG10","Exc L5/6 IT Car3",-0.0335364291224714,2.91429173042916,1.39890436167634,0.237659093090588,0.624585628870244,0.682599794417265,"cogn_se_lv"
"11053","GLRX5","Exc L5/6 IT Car3",-0.00359962195448791,4.35933732256264,0.0243370936541384,0.876114500649401,0.979884010483651,0.98843736634371,"cogn_se_lv"
"11054","TUNAR","Exc L5/6 IT Car3",0.0289737181335237,4.19144529809657,1.07273742612869,0.300997733029817,0.678733349645259,0.7393009093583,"cogn_se_lv"
"11055","C14orf132","Exc L5/6 IT Car3",-0.0226661286614579,2.40091130620057,0.278085201229269,0.598271941564521,0.863572048459761,0.904129542449645,"cogn_se_lv"
"11056","ATG2B","Exc L5/6 IT Car3",0.00858405898063493,6.36977418560262,0.542627564630637,0.461808023600533,0.789972102339496,0.840937986031409,"cogn_se_lv"
"11057","GSKIP","Exc L5/6 IT Car3",0.0244328627751365,4.20648547225632,1.68497400952751,0.195065458777614,0.583236576086779,0.637206027543831,"cogn_se_lv"
"11058","AK7","Exc L5/6 IT Car3",0.025750979470641,1.98650070066493,0.395287716327226,0.529917086220331,0.82568662529394,0.872824382352109,"cogn_se_lv"
"11059","PAPOLA","Exc L5/6 IT Car3",-0.00828038313609041,6.61035607239558,0.271642479817933,0.602540836048939,0.866564196504362,0.905861010885427,"cogn_se_lv"
"11060","AL137786.1","Exc L5/6 IT Car3",0.0172151989717566,3.38863095937391,0.395071185423909,0.530029740039367,0.82568662529394,0.872824382352109,"cogn_se_lv"
"11061","LINC02299","Exc L5/6 IT Car3",0.192049681809794,1.68649785738947,13.1612647715277,0.000325516769477936,0.048637894002577,0.0348658158420786,"cogn_se_lv"
"11062","VRK1","Exc L5/6 IT Car3",-0.00910857538773113,5.89764008621007,0.406248487359325,0.52427011416697,0.822394970648217,0.870446746876356,"cogn_se_lv"
"11063","LINC01550","Exc L5/6 IT Car3",0.0559604674566781,2.3592253010049,1.54509144948198,0.214640909900974,0.602558897545296,0.658853230777957,"cogn_se_lv"
"11064","BCL11B","Exc L5/6 IT Car3",-0.0392753017510223,5.81947921679598,3.31212546625332,0.0695704208523387,0.403750542799321,0.433879420666937,"cogn_se_lv"
"11065","SETD3","Exc L5/6 IT Car3",-0.00293925509171828,6.16806488565386,0.052614001829132,0.818701078821543,0.961230515949309,0.977237147560409,"cogn_se_lv"
"11066","CCNK","Exc L5/6 IT Car3",0.000360645583399978,4.49672988143914,0.00069075601919796,0.979046252113753,0.998390354534415,0.999705838266784,"cogn_se_lv"
"11067","CCDC85C","Exc L5/6 IT Car3",-0.00267752233032493,2.95209711745803,0.00939050197384069,0.922854106030478,0.990974669133532,0.995127414547275,"cogn_se_lv"
"11068","AL160313.1","Exc L5/6 IT Car3",-0.0712883492116961,2.83679074267743,5.98770956488153,0.0148657401108579,0.23561662235438,0.228077212914159,"cogn_se_lv"
"11069","HHIPL1","Exc L5/6 IT Car3",0.00700562705005246,4.0324276014298,0.112203762105678,0.737836952594988,0.930077049753204,0.955640717790004,"cogn_se_lv"
"11070","CYP46A1","Exc L5/6 IT Car3",-0.0176948648524035,5.97197718895388,1.67102508758195,0.196920001650605,0.584763381151275,0.639005233237276,"cogn_se_lv"
"11071","EML1","Exc L5/6 IT Car3",-0.0112047691542908,4.91110280297715,0.580259845095737,0.44669098307877,0.781075074328528,0.833186510394002,"cogn_se_lv"
"11072","EVL","Exc L5/6 IT Car3",0.0213478081040629,7.61471538871694,5.24006493903213,0.0226296300038593,0.279510438009145,0.274371129705095,"cogn_se_lv"
"11073","AL157912.1","Exc L5/6 IT Car3",0.0190060653625731,2.01362037566704,0.165685925190974,0.684207732070069,0.901848749589734,0.937633834123402,"cogn_se_lv"
"11074","DEGS2","Exc L5/6 IT Car3",-0.0148913212772536,2.3549824147707,0.204492217557952,0.65138142442461,0.887629788936254,0.924977874407744,"cogn_se_lv"
"11075","AL133523.1","Exc L5/6 IT Car3",0.0186074176033476,2.99448558526247,0.508854153424935,0.571208206430572,0.848869669463741,0.891414094862565,"cogn_se_lv"
"11076","YY1","Exc L5/6 IT Car3",-0.0105400992157815,6.29634694132061,0.812187914258205,0.368054658730974,0.72947343179262,0.786731252768937,"cogn_se_lv"
"11077","SLC25A29","Exc L5/6 IT Car3",0.0517100852304065,5.25984753181662,8.712696106713,0.00335945324498312,0.132230141791023,0.114588448345749,"cogn_se_lv"
"11078","WARS","Exc L5/6 IT Car3",-0.00159844849010275,4.89743129460468,0.015237090369083,0.901826151215807,0.987810604126722,0.992744989013678,"cogn_se_lv"
"11079","AL157871.4","Exc L5/6 IT Car3",0.0440514946478419,2.05132656313612,0.874907020552677,0.350204478919969,0.717823937428057,0.774069217775226,"cogn_se_lv"
"11080","WDR25","Exc L5/6 IT Car3",0.0214831470202016,4.97906675537147,2.0326689372392,0.154784857369354,0.535813577714909,0.587262196539031,"cogn_se_lv"
"11081","BEGAIN","Exc L5/6 IT Car3",0.0157059285452302,4.19491045802056,0.301931801588283,0.583002110431257,0.855655395721633,0.897309877447671,"cogn_se_lv"
"11082","MEG3","Exc L5/6 IT Car3",-0.0195241480944999,6.00808437606649,0.94454435645154,0.331740556725169,0.701569773750402,0.761881593884381,"cogn_se_lv"
"11083","AL117190.2","Exc L5/6 IT Car3",0.0048772836052409,5.64162048968406,0.0284109128667807,0.866237583879114,0.976183709955713,0.986710727657061,"cogn_se_lv"
"11084","AL117190.1","Exc L5/6 IT Car3",0.0149937368457172,3.60650309478033,0.277787398396512,0.598467863741675,0.863646594523825,0.904129542449645,"cogn_se_lv"
"11085","MEG8","Exc L5/6 IT Car3",-0.00573653538789019,6.93565432568819,0.0930103385260096,0.760554253060818,0.940457171348705,0.962085382991706,"cogn_se_lv"
"11086","MEG9","Exc L5/6 IT Car3",-0.00549687179961508,2.72522300069981,0.0266451616841143,0.870422867378708,0.978296058493998,0.98743788991314,"cogn_se_lv"
"11087","LINC02320","Exc L5/6 IT Car3",0.0685113291572855,2.90587071805573,3.02696487053242,0.082714413505281,0.428208043453166,0.465008646529269,"cogn_se_lv"
"11088","PPP2R5C","Exc L5/6 IT Car3",0.0125951746876735,7.74716348080222,1.64958273707919,0.199811416709434,0.586514030126452,0.641925135650048,"cogn_se_lv"
"11089","AL137779.2","Exc L5/6 IT Car3",0.134392281498079,2.16374689116435,9.1482065175557,0.00266172347998412,0.121108697683686,0.10209355005802,"cogn_se_lv"
"11090","DYNC1H1","Exc L5/6 IT Car3",-0.0173014472244027,7.93743411841387,6.21246077994355,0.0131177767954948,0.226729681685898,0.216151749026719,"cogn_se_lv"
"11091","HSP90AA1","Exc L5/6 IT Car3",-0.0566893099078442,8.70869700337191,3.82387954843583,0.0512720567547259,0.35981631126162,0.383134243511071,"cogn_se_lv"
"11092","WDR20","Exc L5/6 IT Car3",0.00980643594537551,5.84555016873462,0.643657486303536,0.422899394308702,0.769245114478639,0.820554745441675,"cogn_se_lv"
"11093","MOK","Exc L5/6 IT Car3",0.00492555710889801,6.07483245550103,0.138195360539416,0.710292406753581,0.91545097897476,0.946859061740579,"cogn_se_lv"
"11094","ZNF839","Exc L5/6 IT Car3",0.022169575065209,3.81494502237653,1.27423830283282,0.259697250990024,0.642666134866774,0.703694922023389,"cogn_se_lv"
"11095","CINP","Exc L5/6 IT Car3",0.0180559553717704,4.70442793310597,1.24950994261467,0.264364234464776,0.647521348049773,0.708287538648316,"cogn_se_lv"
"11096","TECPR2","Exc L5/6 IT Car3",0.0223037758249322,6.95711271594821,4.45287264833797,0.0355067754188392,0.316846474760131,0.330344599709048,"cogn_se_lv"
"11097","ANKRD9","Exc L5/6 IT Car3",-0.0477267991490001,3.93110241616186,4.16294380028356,0.0420200806420564,0.336180248199134,0.354331517586264,"cogn_se_lv"
"11098","RCOR1","Exc L5/6 IT Car3",-0.0178686442382405,5.59097506775854,1.11969305836979,0.290668105159604,0.670169608750008,0.730087556510797,"cogn_se_lv"
"11099","TRAF3","Exc L5/6 IT Car3",0.0332153500910508,5.34999190361454,2.30553534638984,0.129759435991739,0.500474253092376,0.550900445656699,"cogn_se_lv"
"11100","CDC42BPB","Exc L5/6 IT Car3",8.46019571007177e-05,6.55012795524471,5.93141321307733e-05,0.993859209366525,0.999242764926216,0.999870711362408,"cogn_se_lv"
"11101","AL117209.1","Exc L5/6 IT Car3",-0.000743574075145962,2.31703197429187,0.000264485665343824,0.987033242772613,0.998407505464475,0.999870711362408,"cogn_se_lv"
"11102","LBHD2","Exc L5/6 IT Car3",-0.109758775223176,1.75210113028354,4.62108101736138,0.032222761950804,0.309343568274808,0.317163512911794,"cogn_se_lv"
"11103","TNFAIP2","Exc L5/6 IT Car3",-0.0196367125418324,2.41744313159266,0.339938157663887,0.560216610088886,0.843139671926552,0.886950232267621,"cogn_se_lv"
"11104","AL138976.2","Exc L5/6 IT Car3",0.0425939187278033,1.97131289076209,1.05673537443745,0.30462589676446,0.681331117723514,0.742251792113594,"cogn_se_lv"
"11105","EIF5","Exc L5/6 IT Car3",-0.0544131645744788,6.27399626451568,6.19418703068464,0.0132516167745229,0.22684257200978,0.216840096257848,"cogn_se_lv"
"11106","MARK3","Exc L5/6 IT Car3",0.0018286923466435,7.82236573143642,0.0293757242751061,0.864007156917407,0.97538376478777,0.986536491345517,"cogn_se_lv"
"11107","CKB","Exc L5/6 IT Car3",-0.0658108233901295,7.82967359834577,4.74741014838648,0.0299666468425687,0.304122214499141,0.30728258486932,"cogn_se_lv"
"11108","TRMT61A","Exc L5/6 IT Car3",-0.0297907295638844,2.75151364868923,1.10048230804839,0.294838283999837,0.672929139961069,0.733590647357159,"cogn_se_lv"
"11109","BAG5","Exc L5/6 IT Car3",-0.0134958563172384,4.63598001418523,0.662525917636057,0.416187986219444,0.764427370984179,0.816700395336093,"cogn_se_lv"
"11110","KLC1","Exc L5/6 IT Car3",-0.0279602166639342,7.54837883847783,2.22180684544688,0.136917338893605,0.510366518574531,0.561992784596948,"cogn_se_lv"
"11111","AL049840.1","Exc L5/6 IT Car3",0.0237852680688549,2.71437017456341,0.303365089861854,0.582109595004711,0.855297114028453,0.897054617574353,"cogn_se_lv"
"11112","XRCC3","Exc L5/6 IT Car3",0.0222280040954134,2.28074931355239,0.408694828839011,0.766450868053061,0.942146573736388,0.963684686067599,"cogn_se_lv"
"11113","ZFYVE21","Exc L5/6 IT Car3",-0.0170042162804759,5.66105345490684,0.856152048809495,0.355414916803391,0.721043444450855,0.778151633769197,"cogn_se_lv"
"11114","PPP1R13B","Exc L5/6 IT Car3",0.00593312187341697,7.29757374962537,0.205779117834211,0.650359325732234,0.88742216518162,0.92467448432323,"cogn_se_lv"
"11115","ATP5MPL","Exc L5/6 IT Car3",-0.0394120277700223,6.26994695611747,1.81170083859532,0.17912034491755,0.566094102345684,0.619274100208014,"cogn_se_lv"
"11116","TDRD9","Exc L5/6 IT Car3",-0.0911262295731445,4.14054165670174,11.6356874771842,0.000717668888119605,0.0653545809950338,0.0539059399386845,"cogn_se_lv"
"11117","AL590079.1","Exc L5/6 IT Car3",0.0238167143484627,2.61565904964026,0.320916711874922,0.5713973339014,0.848882394579089,0.891501183486426,"cogn_se_lv"
"11118","TMEM179","Exc L5/6 IT Car3",0.10653287117135,5.57080436329825,13.3265611560052,0.000298948687183644,0.048447811506403,0.0334042183793311,"cogn_se_lv"
"11119","INF2","Exc L5/6 IT Car3",0.0452646053375369,4.45470570135694,3.97713458897087,0.0468481629029444,0.350677639628557,0.368527368059377,"cogn_se_lv"
"11120","SIVA1","Exc L5/6 IT Car3",0.00810075016374916,4.34873149333895,0.191084573039391,0.6622679751398,0.892886915234474,0.929483513082409,"cogn_se_lv"
"11121","AKT1","Exc L5/6 IT Car3",-0.00661012243578179,4.13482758877778,0.127530832898142,0.721207609452334,0.921722729569127,0.950231905413127,"cogn_se_lv"
"11122","CEP170B","Exc L5/6 IT Car3",-0.0127827967728787,5.09001085974753,0.703778153022108,0.402053423935429,0.755322533491974,0.808468260976637,"cogn_se_lv"
"11123","AHNAK2","Exc L5/6 IT Car3",0.0529947673399757,3.36116089723546,4.53949262945119,0.0337739079097051,0.312368054525457,0.32348961035561,"cogn_se_lv"
"11124","CLBA1","Exc L5/6 IT Car3",0.0161128479076161,3.19307823577184,0.508247736643979,0.565466070582229,0.84542695588375,0.888975546172616,"cogn_se_lv"
"11125","CDCA4","Exc L5/6 IT Car3",0.0409331629576716,2.25088459766916,1.58543469561092,0.208765581948752,0.597082755285503,0.652376189860787,"cogn_se_lv"
"11126","JAG2","Exc L5/6 IT Car3",0.025383938043964,4.46190203841807,2.47895378803788,0.116225218014869,0.484635963568118,0.527866851507415,"cogn_se_lv"
"11127","NUDT14","Exc L5/6 IT Car3",-0.0348767343917318,4.00437992575315,1.58001185579359,0.209544099233853,0.597864977235631,0.653110015488168,"cogn_se_lv"
"11128","BRF1","Exc L5/6 IT Car3",0.0221024829374342,5.64442146546349,2.79778961700276,0.0952313344514569,0.448335955095724,0.489000703806705,"cogn_se_lv"
"11129","BTBD6","Exc L5/6 IT Car3",-0.0580402933204874,4.44153135885589,5.67938053133025,0.0176644410299134,0.25241944981464,0.245666163866837,"cogn_se_lv"
"11130","PACS2","Exc L5/6 IT Car3",0.0252655238783738,6.0303485544928,4.13417453116823,0.0427318251000797,0.337945934373189,0.356464687710508,"cogn_se_lv"
"11131","TEX22","Exc L5/6 IT Car3",0.00941633598704503,3.00485180270541,0.151356811553604,0.697463696140084,0.9083967611377,0.942116496767345,"cogn_se_lv"
"11132","MTA1","Exc L5/6 IT Car3",-0.00316716428704502,4.73491068366821,0.0362875808979209,0.849026279024604,0.971199229536841,0.98320800719379,"cogn_se_lv"
"11133","CRIP2","Exc L5/6 IT Car3",-0.0447346961323163,5.7739647637843,3.55097488830408,0.0602864481510095,0.382128680825386,0.409994411244155,"cogn_se_lv"
"11134","TEDC1","Exc L5/6 IT Car3",0.0148540154499173,2.40641509794229,0.227186357766821,0.76325482076981,0.941167215918009,0.962954065934056,"cogn_se_lv"
"11135","TMEM121","Exc L5/6 IT Car3",0.0248427780999412,3.61855103329169,1.32636918222119,0.255528429999155,0.639026164772989,0.699852955135642,"cogn_se_lv"
"11136","AC087386.1","Exc L5/6 IT Car3",-0.0139722125999003,4.11263097622419,0.299338323432614,0.584624118730937,0.85579931877134,0.898062562149373,"cogn_se_lv"
"11137","AC012414.5","Exc L5/6 IT Car3",-0.0208444971677112,3.69844260594975,0.436639535125559,0.509156047867713,0.816961913286198,0.863634761253121,"cogn_se_lv"
"11138","AC068446.2","Exc L5/6 IT Car3",-0.0143328625286991,3.0394184514545,0.174703119883729,0.676205461327109,0.899176443999365,0.934693197557159,"cogn_se_lv"
"11139","NIPA1","Exc L5/6 IT Car3",-0.00319118026280514,6.24573123450284,0.120103222780796,0.729117629039641,0.925001825586439,0.953054317557942,"cogn_se_lv"
"11140","NIPA2","Exc L5/6 IT Car3",-0.0221195802501437,4.60778149153948,2.77359763914552,0.0966686591196762,0.45082747389449,0.491503363844368,"cogn_se_lv"
"11141","CYFIP1","Exc L5/6 IT Car3",-0.0211771906687743,6.1043312425704,2.69502957315136,0.101502927405376,0.460126672391382,0.500742932738066,"cogn_se_lv"
"11142","TUBGCP5","Exc L5/6 IT Car3",0.0167677272078929,5.01117443290478,0.99369238528769,0.319486658818213,0.693204522657875,0.753782598521571,"cogn_se_lv"
"11143","MKRN3","Exc L5/6 IT Car3",0.0185484741526676,2.74498080658479,0.205082626030452,0.650912022607482,0.887629788936254,0.924910419405126,"cogn_se_lv"
"11144","MAGEL2","Exc L5/6 IT Car3",-0.0786238072385769,1.91357006627094,3.64782894976493,0.0569076985014447,0.37588389696877,0.400787101108687,"cogn_se_lv"
"11145","NDN","Exc L5/6 IT Car3",-0.0655733018221417,3.16220381583259,3.02685215670403,0.0827201113181458,0.428208043453166,0.465008646529269,"cogn_se_lv"
"11146","PWRN1","Exc L5/6 IT Car3",0.0455726461962738,3.89961984398631,1.34713961652106,0.246519751648725,0.630836782999834,0.690942312039359,"cogn_se_lv"
"11147","SNRPN","Exc L5/6 IT Car3",0.0181900409108987,7.33935261980348,1.06827931498618,0.302002878835054,0.679307849352746,0.740142912664511,"cogn_se_lv"
"11148","AC124312.1","Exc L5/6 IT Car3",0.000924140167434748,8.84708940238745,0.00823097942465706,0.927759919163734,0.991538479686899,0.995677351669569,"cogn_se_lv"
"11149","AC124312.2","Exc L5/6 IT Car3",-0.0528612063289047,1.71284237587118,0.945899219931469,0.331394452814456,0.701329176104902,0.761758975873078,"cogn_se_lv"
"11150","PWAR6","Exc L5/6 IT Car3",-0.0142125920098477,8.26247579425655,2.40910262825897,0.12147800214986,0.491032408228211,0.537236318700057,"cogn_se_lv"
"11151","UBE3A","Exc L5/6 IT Car3",-0.00321988538394454,7.24911962818753,0.119720570906818,0.729532476404553,0.925064250792294,0.953077699179503,"cogn_se_lv"
"11152","LINC02250","Exc L5/6 IT Car3",0.0273759397402918,2.85773646433204,0.468461613935834,0.49412002216753,0.808637418966625,0.856379022950107,"cogn_se_lv"
"11153","ATP10A","Exc L5/6 IT Car3",0.00380541139784176,5.91328728990729,0.0136026743172016,0.907215520881648,0.988046599173653,0.993156308200651,"cogn_se_lv"
"11154","LINC02346","Exc L5/6 IT Car3",0.0654360732661209,5.4962045781815,5.25595634285209,0.022426817443332,0.278121450808122,0.273266351017946,"cogn_se_lv"
"11155","LINC02248","Exc L5/6 IT Car3",-0.111226750694811,2.50187089017033,1.24539077163109,0.265151760782949,0.648289231945413,0.708971376415162,"cogn_se_lv"
"11156","GABRB3","Exc L5/6 IT Car3",0.00299412793668897,9.61591360844802,0.110098178976014,0.740218413220797,0.931072322502814,0.956452901862079,"cogn_se_lv"
"11157","GABRA5","Exc L5/6 IT Car3",-0.0390627318062674,6.19541019906244,4.23644704681925,0.0402578431860255,0.330776725437538,0.347610979058301,"cogn_se_lv"
"11158","GABRG3","Exc L5/6 IT Car3",0.0466196735888508,8.85024178857124,5.95975617104025,0.0150993934360591,0.237105094327526,0.229422116066603,"cogn_se_lv"
"11159","AC104002.3","Exc L5/6 IT Car3",0.0952335390982462,1.89560257311166,3.19301732057135,0.0747638718690529,0.414769825773162,0.447148075798232,"cogn_se_lv"
"11160","OCA2","Exc L5/6 IT Car3",0.0532104361259745,4.54505618844874,5.50194058010504,0.019517604618609,0.263718994802803,0.257537052428622,"cogn_se_lv"
"11161","HERC2","Exc L5/6 IT Car3",-0.00840255211690716,7.90293421215369,0.486991493087747,0.485706405487749,0.803333861413913,0.852180747442463,"cogn_se_lv"
"11162","GOLGA6L7","Exc L5/6 IT Car3",-0.00468527338468615,2.90142087968831,0.0151818894761581,0.90200324242304,0.987810604126722,0.992744989013678,"cogn_se_lv"
"11163","APBA2","Exc L5/6 IT Car3",0.0128662125514859,7.70636430861262,1.1593564552881,0.282293693618172,0.662539096936755,0.723322201100035,"cogn_se_lv"
"11164","FAM189A1","Exc L5/6 IT Car3",0.040729273116171,7.40339965719033,6.66436209405979,0.0102161573198493,0.208247233314544,0.193290140779104,"cogn_se_lv"
"11165","AC022613.1","Exc L5/6 IT Car3",0.0278530959655725,3.48372050478917,1.03632765041914,0.309335751159903,0.685001081063068,0.746208863085058,"cogn_se_lv"
"11166","TJP1","Exc L5/6 IT Car3",0.00903148551265225,8.15457062683376,0.717089986475348,0.397642104167011,0.75310133769209,0.806182580005318,"cogn_se_lv"
"11167","AC091057.6","Exc L5/6 IT Car3",0.0246445590953569,2.13954403556978,0.412334753262953,0.521180584474747,0.821092037196555,0.86892040399956,"cogn_se_lv"
"11168","FAN1","Exc L5/6 IT Car3",-0.00453635151688458,4.98704306229257,0.104927867216018,0.746175503860214,0.933596030449178,0.958128229990618,"cogn_se_lv"
"11169","MTMR10","Exc L5/6 IT Car3",-0.0133415251561839,3.90898688392589,0.472281644627395,0.492365664223242,0.807671139594468,0.85558902981309,"cogn_se_lv"
"11170","LINC02352","Exc L5/6 IT Car3",0.115816303145318,3.05590008537865,15.9127048170778,7.98244502853147e-05,0.0273291788412264,0.0160494122799741,"cogn_se_lv"
"11171","KLF13","Exc L5/6 IT Car3",-0.00951678247833095,5.89915041311096,0.658781926278506,0.417507007937209,0.765302656475441,0.817509490448272,"cogn_se_lv"
"11172","OTUD7A","Exc L5/6 IT Car3",0.00872731793532594,8.7739551022716,0.602265290970439,0.438205920848991,0.775973895048437,0.828604709750937,"cogn_se_lv"
"11173","CHRNA7","Exc L5/6 IT Car3",0.0431984267837822,3.46819027805579,2.52993747239141,0.112550263241686,0.477702303168658,0.521326859238297,"cogn_se_lv"
"11174","LINC02256","Exc L5/6 IT Car3",0.0304232349703561,6.64833256398989,3.37533606767763,0.0669730121190179,0.39725488026192,0.427266277177202,"cogn_se_lv"
"11175","AC123768.3","Exc L5/6 IT Car3",0.00126939697592498,3.33953085044225,0.00216748209780644,0.962891792154458,0.997271804095964,0.998755858281755,"cogn_se_lv"
"11176","GOLGA8N","Exc L5/6 IT Car3",0.0361990533717562,2.78618427539638,1.4607133621474,0.227580887018146,0.616397182069092,0.672865754994609,"cogn_se_lv"
"11177","SCG5","Exc L5/6 IT Car3",-0.0135151769708247,7.40507844991533,0.364473308446097,0.546398612732075,0.834153930748357,0.880518394520835,"cogn_se_lv"
"11178","FMN1","Exc L5/6 IT Car3",0.0177589985114175,9.57601906296798,1.64992757890348,0.199764522219292,0.586514030126452,0.641925135650048,"cogn_se_lv"
"11179","RYR3","Exc L5/6 IT Car3",0.0233612573181347,4.87850835435074,0.606650576881012,0.436544673996856,0.774993947723107,0.827429668900179,"cogn_se_lv"
"11180","AC010809.1","Exc L5/6 IT Car3",0.00425445712948515,2.82253359644033,0.0197582976826893,0.88828996130272,0.984472057540796,0.990214615045304,"cogn_se_lv"
"11181","AVEN","Exc L5/6 IT Car3",0.000555189428262983,4.1757636256739,0.000621034018124415,0.980131634994378,0.998390354534415,0.999844983067178,"cogn_se_lv"
"11182","CHRM5","Exc L5/6 IT Car3",0.0427834333510049,2.42100078324003,1.62108176272585,0.203732509869103,0.590812761802429,0.646215150896758,"cogn_se_lv"
"11183","EMC7","Exc L5/6 IT Car3",-0.00874699465438855,4.30503491941779,0.152646903802289,0.696241253395766,0.907933051341995,0.941709336132972,"cogn_se_lv"
"11184","PGBD4","Exc L5/6 IT Car3",-0.0205186246048679,2.86501074008035,0.573423214887567,0.449379038857471,0.782612131720773,0.834200217896007,"cogn_se_lv"
"11185","KATNBL1","Exc L5/6 IT Car3",0.00979966255611909,6.86686834868393,0.849807007007838,0.357201732961484,0.72215560740022,0.779485414302284,"cogn_se_lv"
"11186","EMC4","Exc L5/6 IT Car3",-0.050538369450462,4.08653060398184,3.20707512847373,0.0741297301574415,0.413727810542239,0.445498448997732,"cogn_se_lv"
"11187","SLC12A6","Exc L5/6 IT Car3",0.000233513887665392,5.90279605836256,0.000363560037853543,0.98479763378788,0.998390354534415,0.999870711362408,"cogn_se_lv"
"11188","NOP10","Exc L5/6 IT Car3",-0.0352894356456242,3.67096415082931,0.774219392476991,0.379480418340927,0.73842503960891,0.794941241611668,"cogn_se_lv"
"11189","LPCAT4","Exc L5/6 IT Car3",-0.028157809830845,5.54657109045146,3.05479353881338,0.0813205730606218,0.424965575349056,0.462084843070292,"cogn_se_lv"
"11190","GOLGA8A","Exc L5/6 IT Car3",0.00214818645596616,6.27269393887459,0.0151342628227222,0.902156297377625,0.987810604126722,0.992744989013678,"cogn_se_lv"
"11191","GOLGA8B","Exc L5/6 IT Car3",0.0307113910753617,6.12617177439907,1.59378271154375,0.207573818831497,0.595395083591232,0.651223497011558,"cogn_se_lv"
"11192","AQR","Exc L5/6 IT Car3",0.00914238845578043,6.02108223532584,0.982082010375222,0.628064009986807,0.877920537120523,0.916986686020698,"cogn_se_lv"
"11193","ZNF770","Exc L5/6 IT Car3",-0.0076578373219524,4.9484756375416,0.205113427033901,0.650887556761957,0.887629788936254,0.924910419405126,"cogn_se_lv"
"11194","AC021231.1","Exc L5/6 IT Car3",0.0117020269021801,4.39777532651236,0.193033746682967,0.660657521823637,0.892095015618499,0.92893940694672,"cogn_se_lv"
"11195","DPH6","Exc L5/6 IT Car3",0.0217794026160612,5.81180336132737,0.994076342544927,0.319393306537915,0.693189499961306,0.753720039976832,"cogn_se_lv"
"11196","DPH6-DT","Exc L5/6 IT Car3",0.0284508456679414,6.53726273203155,1.34336681615854,0.247181218036905,0.631170666773018,0.691673049901465,"cogn_se_lv"
"11197","AC021351.1","Exc L5/6 IT Car3",-0.0260341449365018,2.31363146614119,0.416500286854286,0.519084578677998,0.820971047083305,0.86822799788212,"cogn_se_lv"
"11198","C15orf41","Exc L5/6 IT Car3",0.0181370518102532,5.25264269359426,0.935875454353505,0.333966531133961,0.704074645774201,0.763362999298127,"cogn_se_lv"
"11199","AC013640.1","Exc L5/6 IT Car3",-0.0221003309207807,1.5902591447045,0.161310266420232,0.688182640167622,0.902800312332646,0.938934972066693,"cogn_se_lv"
"11200","MEIS2","Exc L5/6 IT Car3",0.0297399143174134,5.22040279617502,2.0144161955118,0.156644808760133,0.538502829835899,0.590028816921167,"cogn_se_lv"
"11201","AC078909.1","Exc L5/6 IT Car3",0.0237032883857243,2.81429200428217,0.503340073469055,0.478478626129197,0.79962928180349,0.848754329502408,"cogn_se_lv"
"11202","AC068875.1","Exc L5/6 IT Car3",-0.0271603757217327,1.82238569399436,0.358482381073637,0.549713063562235,0.837051948259007,0.881964819037921,"cogn_se_lv"
"11203","SPRED1","Exc L5/6 IT Car3",-0.00733047252523609,5.63430401698723,0.0723416348242445,0.78810582384611,0.950455876050181,0.969620123022716,"cogn_se_lv"
"11204","FAM98B","Exc L5/6 IT Car3",0.00145324902750629,4.91434345069898,0.0118263210248147,0.913460035036126,0.989073227776396,0.994097060317093,"cogn_se_lv"
"11205","RASGRP1","Exc L5/6 IT Car3",-0.00285279329027058,7.82097507149677,0.0872112679030655,0.767916865401924,0.942734854457692,0.964138216127212,"cogn_se_lv"
"11206","C15orf53","Exc L5/6 IT Car3",-0.00500196375583687,4.20752946760232,0.0198532944245325,0.888023508547201,0.984418482787685,0.990174312782175,"cogn_se_lv"
"11207","AC013652.1","Exc L5/6 IT Car3",-0.0332145098450492,6.01891057871115,3.28340170770991,0.0707863021484304,0.407100594194448,0.43700582565955,"cogn_se_lv"
"11208","FSIP1","Exc L5/6 IT Car3",-0.0247377218640659,4.9770445687667,1.93988193690893,0.164509450918637,0.54908231908806,0.60027236162728,"cogn_se_lv"
"11209","GPR176","Exc L5/6 IT Car3",-0.0405143388206117,4.42693220886581,3.57245276927911,0.0595191369160824,0.380342907459684,0.407924574630776,"cogn_se_lv"
"11210","EIF2AK4","Exc L5/6 IT Car3",-0.0139780429290458,6.1517505847168,1.89368369185697,0.169611150633856,0.556681238646118,0.607531925788265,"cogn_se_lv"
"11211","SRP14","Exc L5/6 IT Car3",-0.062419764227986,6.14847258419875,3.36982091200694,0.0671954375576072,0.39725488026192,0.427831894876414,"cogn_se_lv"
"11212","SRP14-AS1","Exc L5/6 IT Car3",0.0162447943292623,2.69097016610155,0.286603534032748,0.59272378889741,0.860082498411168,0.901795895154418,"cogn_se_lv"
"11213","PAK6","Exc L5/6 IT Car3",-0.0607366434763498,2.70444418355645,4.02639699241923,0.0455135289326101,0.346321641588235,0.364037233451223,"cogn_se_lv"
"11214","PLCB2","Exc L5/6 IT Car3",-0.0686447864926622,3.51783752047554,6.4843824044165,0.0112830779507519,0.214164403886737,0.202052642208261,"cogn_se_lv"
"11215","INAFM2","Exc L5/6 IT Car3",-0.0530665902470514,3.00073397093915,3.29754935672676,0.0701845990129692,0.405002241773377,0.435350776834309,"cogn_se_lv"
"11216","DISP2","Exc L5/6 IT Car3",-0.0289848059386478,5.41991787345399,3.88991435386933,0.0493138640565425,0.355897153975008,0.376585459667295,"cogn_se_lv"
"11217","KNSTRN","Exc L5/6 IT Car3",0.00874860408060188,3.22816312942624,0.137399761412388,0.846341135027099,0.970988236489561,0.982868373645183,"cogn_se_lv"
"11218","IVD","Exc L5/6 IT Car3",0.0169964795446725,5.41607518815207,1.74096087377613,0.187824984906795,0.575062928090689,0.629012385606037,"cogn_se_lv"
"11219","BAHD1","Exc L5/6 IT Car3",0.0139830949957531,4.81183812584344,0.673670604594122,0.412298079490669,0.762102250535398,0.814757668248405,"cogn_se_lv"
"11220","AC091045.1","Exc L5/6 IT Car3",0.0351435496546461,2.51739266568731,0.740601929253014,0.390019948901398,0.746621560596167,0.801292527022368,"cogn_se_lv"
"11221","CCDC32","Exc L5/6 IT Car3",0.0692756350582668,5.06397124786525,14.9299696382282,0.000131517519499565,0.0340451001343853,0.0213980433764048,"cogn_se_lv"
"11222","RPUSD2","Exc L5/6 IT Car3",-0.00215716528726193,2.7938101139856,0.00559598155267431,0.940408864430158,0.994539668727838,0.99747309903324,"cogn_se_lv"
"11223","KNL1","Exc L5/6 IT Car3",-0.03479616047306,1.80992009531064,0.6238586040107,0.43011792590274,0.772585770266477,0.824434107641914,"cogn_se_lv"
"11224","RMDN3","Exc L5/6 IT Car3",-0.00996533148138819,5.60948117349108,0.838447547867626,0.360431673002794,0.724864123266806,0.78125062409475,"cogn_se_lv"
"11225","GCHFR","Exc L5/6 IT Car3",-0.0241027698105912,1.95646701494057,0.282392327657403,0.595453209091845,0.862253000369166,0.903037718731177,"cogn_se_lv"
"11226","DNAJC17","Exc L5/6 IT Car3",0.0281733043309546,5.06250765892745,3.13168773266787,0.0775997036499006,0.420245591791449,0.453777436550013,"cogn_se_lv"
"11227","ZFYVE19","Exc L5/6 IT Car3",-0.0137039121075114,3.77224941892157,0.484954667224906,0.524502533255817,0.822508048380582,0.87049740490823,"cogn_se_lv"
"11228","RHOV","Exc L5/6 IT Car3",-0.00372357128312574,1.65113098894301,0.00512289011253747,0.94297893103277,0.994804925328349,0.997626386519645,"cogn_se_lv"
"11229","VPS18","Exc L5/6 IT Car3",-0.0311386090931667,3.7306658817217,2.13798323707597,0.144531166740432,0.520632076517234,0.572944707844708,"cogn_se_lv"
"11230","CHAC1","Exc L5/6 IT Car3",-0.07410704875409,2.39259598189605,3.38596907952039,0.0665464107792791,0.396062427271239,0.426291458080992,"cogn_se_lv"
"11231","INO80","Exc L5/6 IT Car3",-0.00103253447243302,6.38473217362939,0.00921952050000002,0.923557484040432,0.990974669133532,0.995146533127529,"cogn_se_lv"
"11232","AC020661.3","Exc L5/6 IT Car3",-0.00848156398068963,2.61616162188139,0.0348666615084513,0.851976672542148,0.972078573781638,0.983849525358621,"cogn_se_lv"
"11233","AC020661.2","Exc L5/6 IT Car3",-0.0189666837657317,1.8693231102288,0.122832570833922,0.726179895441466,0.924234676668431,0.952126083630502,"cogn_se_lv"
"11234","INO80-AS1","Exc L5/6 IT Car3",0.00677159256164143,2.23276089311297,0.0209027230875311,0.885122217438287,0.983228165152298,0.989514837593337,"cogn_se_lv"
"11235","EXD1","Exc L5/6 IT Car3",0.0247052076693451,1.4353070525496,0.197555678653646,0.656958417992646,0.890074349880228,0.927509593922219,"cogn_se_lv"
"11236","CHP1","Exc L5/6 IT Car3",0.0126141953465485,5.24003405949584,0.855661190202695,0.355552707753603,0.721132864039002,0.778178392354063,"cogn_se_lv"
"11237","OIP5","Exc L5/6 IT Car3",0.023926225346875,2.01827704981955,0.336955005225995,0.561942031397453,0.843636345917786,0.887608432877591,"cogn_se_lv"
"11238","NDUFAF1","Exc L5/6 IT Car3",-0.0149159796085241,4.08311492218188,0.583443672913434,0.445447681684701,0.780357407072003,0.832588836473996,"cogn_se_lv"
"11239","RTF1","Exc L5/6 IT Car3",-0.00365190916469838,6.52901016301298,0.0698362144352208,0.791721089633091,0.951705866845873,0.97068494655997,"cogn_se_lv"
"11240","ITPKA","Exc L5/6 IT Car3",-0.0771474536257331,5.55905598743912,9.91189456814512,0.0017741501159914,0.100382978989366,0.0837740252719786,"cogn_se_lv"
"11241","RPAP1","Exc L5/6 IT Car3",0.0082154770208731,4.20012017191471,0.322315539469159,0.572390566162169,0.849589156658696,0.892049942217581,"cogn_se_lv"
"11242","TYRO3","Exc L5/6 IT Car3",-0.0458162819653365,6.83284882794195,11.4162293420094,0.000804720898040068,0.0711761759818198,0.0574750979035817,"cogn_se_lv"
"11243","MGA","Exc L5/6 IT Car3",0.00272636257244659,6.40954700532706,0.0553741452623161,0.814091516284318,0.959646010987249,0.976467330854397,"cogn_se_lv"
"11244","MAPKBP1","Exc L5/6 IT Car3",-0.0127097339780994,6.8450639560041,1.36925040064266,0.242686474514513,0.627705353144976,0.687049330654613,"cogn_se_lv"
"11245","SPTBN5","Exc L5/6 IT Car3",-0.0438960878634839,4.40188426784551,4.26030396993514,0.0397027657896032,0.329669654803985,0.345822108776502,"cogn_se_lv"
"11246","EHD4","Exc L5/6 IT Car3",0.0367566540153163,3.28241076473343,1.82569010115113,0.177454954947903,0.56390445252621,0.617262416345247,"cogn_se_lv"
"11247","VPS39","Exc L5/6 IT Car3",0.011467902185281,5.39398677951101,1.0112834057288,0.315246310069016,0.689643313711749,0.750893083203307,"cogn_se_lv"
"11248","TMEM87A","Exc L5/6 IT Car3",-0.00187161104100848,6.13847127667044,0.0324874281177458,0.85705975053436,0.973621837474622,0.985042703106956,"cogn_se_lv"
"11249","GANC","Exc L5/6 IT Car3",-0.00713924539534825,4.59795946075325,0.190879516076911,0.662437966243801,0.892929075495552,0.929517910713603,"cogn_se_lv"
"11250","ZNF106","Exc L5/6 IT Car3",-0.0127460519287261,7.13874804320024,2.12208723849429,0.146028314375288,0.523132159738288,0.575690488553482,"cogn_se_lv"
"11251","SNAP23","Exc L5/6 IT Car3",0.00359482062680421,5.25546685759279,0.0585863482355357,0.808877169737679,0.957779948884038,0.975322173576764,"cogn_se_lv"
"11252","LRRC57","Exc L5/6 IT Car3",-0.0264677182399479,4.90859761262505,3.18204762954268,0.0752627733259299,0.415755233842807,0.448431017028234,"cogn_se_lv"
"11253","HAUS2","Exc L5/6 IT Car3",0.0147004830291058,4.55341393207234,0.845794865878697,0.358337967787304,0.722781300687628,0.780166898038352,"cogn_se_lv"
"11254","STARD9","Exc L5/6 IT Car3",0.0338542220266943,5.68256601093061,4.6990167055768,0.0308107025563395,0.304222598957164,0.310932075654521,"cogn_se_lv"
"11255","CDAN1","Exc L5/6 IT Car3",-0.0321546985240077,3.64571845283753,2.90758817560543,0.0889947190130459,0.438262424022946,0.477761123122667,"cogn_se_lv"
"11256","TTBK2","Exc L5/6 IT Car3",-0.0110833648780854,7.09732167940401,1.48365919762715,0.22397141243338,0.613003741303525,0.669482256959946,"cogn_se_lv"
"11257","UBR1","Exc L5/6 IT Car3",-0.00109112300433237,7.25622008503985,0.0130265952767219,0.90919278038323,0.9886580152687,0.993523503542089,"cogn_se_lv"
"11258","AC068724.3","Exc L5/6 IT Car3",-0.00666876599556137,4.25667566841811,0.103118972023024,0.748297898104667,0.933897613787942,0.958642353430805,"cogn_se_lv"
"11259","TMEM62","Exc L5/6 IT Car3",-0.00890119803347267,5.46754013350158,0.443032800435392,0.50607291546991,0.81614399759844,0.862247990236189,"cogn_se_lv"
"11260","CCNDBP1","Exc L5/6 IT Car3",-0.0443971304874055,4.66121356929271,6.14520534251243,0.0136173695405605,0.228043652341755,0.219468743976183,"cogn_se_lv"
"11261","LCMT2","Exc L5/6 IT Car3",0.00149412621750489,1.87515525936626,0.000505590579612615,0.98207280677815,0.998390354534415,0.999870711362408,"cogn_se_lv"
"11262","ADAL","Exc L5/6 IT Car3",0.0165495804958645,4.58276187665399,0.980357990001579,0.322751135626751,0.695965805481828,0.756063863956796,"cogn_se_lv"
"11263","ZSCAN29","Exc L5/6 IT Car3",0.00350790441029129,2.88435067721107,0.0194054096952145,0.889285528403969,0.984895241949992,0.990385239175244,"cogn_se_lv"
"11264","TUBGCP4","Exc L5/6 IT Car3",-0.0163455044864707,4.6148437212643,1.28827730271948,0.257093182807902,0.639795143306394,0.701447507174747,"cogn_se_lv"
"11265","TP53BP1","Exc L5/6 IT Car3",0.00704186083448704,6.66877657587085,0.738859783445069,0.3905774761466,0.747170585195298,0.801680090752618,"cogn_se_lv"
"11266","MAP1A","Exc L5/6 IT Car3",-0.0588403804926203,6.49797048100079,11.8143225234332,0.000653907074275969,0.0625070178453861,0.0515497461029616,"cogn_se_lv"
"11267","PPIP5K1","Exc L5/6 IT Car3",0.0235824299209424,6.73764701417235,3.50504379531605,0.0619630673267157,0.38577882113733,0.414371952594501,"cogn_se_lv"
"11268","CKMT1B","Exc L5/6 IT Car3",-0.00556270167044574,5.02019030790346,0.106446279529189,0.744409492547059,0.933022991340091,0.957522857196068,"cogn_se_lv"
"11269","STRC","Exc L5/6 IT Car3",-0.00723869385699275,3.40858064704133,0.069161517295109,0.792706484723236,0.952138671653056,0.971089974861005,"cogn_se_lv"
"11270","AC011330.3","Exc L5/6 IT Car3",0.0145447942073469,5.81872198345693,0.732529239222353,0.392613061892105,0.749499772215877,0.80327482686328,"cogn_se_lv"
"11271","CATSPER2","Exc L5/6 IT Car3",0.0159905935932741,7.4897667847158,1.60405034992713,0.206119056542427,0.593928530272973,0.649290506355682,"cogn_se_lv"
"11272","CKMT1A","Exc L5/6 IT Car3",-0.0330523306698763,4.04502190795212,2.15541793871307,0.142909014187157,0.519209095453339,0.571015944431923,"cogn_se_lv"
"11273","PDIA3","Exc L5/6 IT Car3",0.0118523137811668,5.74805885298857,0.916075160405953,0.339126434553772,0.709363247213108,0.76677457800845,"cogn_se_lv"
"11274","AC018512.1","Exc L5/6 IT Car3",0.0290609200367997,1.57892049455455,0.313425756233227,0.575921008839421,0.851796959783132,0.894144807033618,"cogn_se_lv"
"11275","SERF2","Exc L5/6 IT Car3",-0.0440804354290198,5.66768311119868,1.76575475800384,0.184719176931432,0.571307904536725,0.625466850908418,"cogn_se_lv"
"11276","MFAP1","Exc L5/6 IT Car3",-0.00959150118757636,4.25613540229503,0.335857129293202,0.562579602842128,0.843951660760342,0.887901918747632,"cogn_se_lv"
"11277","WDR76","Exc L5/6 IT Car3",-0.0191276987782362,2.75548858050366,0.47656791343491,0.490409584436815,0.80643268559489,0.854540789945013,"cogn_se_lv"
"11278","FRMD5","Exc L5/6 IT Car3",-0.034533301991954,9.90213503929713,5.99621263395213,0.0147954100805758,0.235395062003814,0.227493678265125,"cogn_se_lv"
"11279","CASC4","Exc L5/6 IT Car3",0.00106677308879401,7.63930309711704,0.0115005414085491,0.914655677973638,0.989073227776396,0.994126167335106,"cogn_se_lv"
"11280","AC025043.1","Exc L5/6 IT Car3",0.00700967292515457,4.24203617991331,0.0363449697650223,0.848908385528393,0.971136553429121,0.98320800719379,"cogn_se_lv"
"11281","CTDSPL2","Exc L5/6 IT Car3",0.00560560411113813,6.14468936829535,0.275582959701686,0.599922336908106,0.864332968078614,0.904631483511162,"cogn_se_lv"
"11282","EIF3J-DT","Exc L5/6 IT Car3",0.00496374218513271,4.57025462127976,0.0918646204567595,0.761988591617782,0.940870059771957,0.962476370923655,"cogn_se_lv"
"11283","EIF3J","Exc L5/6 IT Car3",-0.00783254480566782,5.34075699210476,0.406951348390524,0.607004256838087,0.868510293982835,0.907766462043457,"cogn_se_lv"
"11284","SPG11","Exc L5/6 IT Car3",0.017224524835957,6.70830232158343,1.71021184682279,0.191761861753834,0.579302759545118,0.633228057281775,"cogn_se_lv"
"11285","B2M","Exc L5/6 IT Car3",-0.0926862547174617,5.99985801292294,7.58781598325035,0.00616381566126922,0.168193480544208,0.153812691319336,"cogn_se_lv"
"11286","TRIM69","Exc L5/6 IT Car3",-0.0198057653747238,5.57076804582318,1.6335609273685,0.202004580424895,0.589802787467109,0.64427263424547,"cogn_se_lv"
"11287","SORD","Exc L5/6 IT Car3",0.0394384730309236,3.13928426184536,2.853868235115,0.104991149664796,0.465518234900956,0.507566496635655,"cogn_se_lv"
"11288","DUOXA1","Exc L5/6 IT Car3",0.0395082478663599,1.5431807106468,0.514548925414612,0.473624416040832,0.796185664977434,0.846564319308271,"cogn_se_lv"
"11289","DUOX1","Exc L5/6 IT Car3",0.0860298972245524,3.47963795008844,4.43181269998223,0.0359420408216489,0.317634449276949,0.331677054804842,"cogn_se_lv"
"11290","SHF","Exc L5/6 IT Car3",0.0388874453400937,3.99777679391662,2.97289227334558,0.0854973676059341,0.433647877380084,0.471087230298413,"cogn_se_lv"
"11291","AC051619.4","Exc L5/6 IT Car3",0.0772935243706731,2.86032892109049,3.66471724181668,0.0563395219525189,0.373928928056421,0.399097585527231,"cogn_se_lv"
"11292","AC051619.5","Exc L5/6 IT Car3",0.0656919678804851,3.20342240291335,2.22034256737007,0.137046401996656,0.510366518574531,0.562214201654524,"cogn_se_lv"
"11293","GATM","Exc L5/6 IT Car3",-0.00835953398389375,3.66327619310095,0.162840991524407,0.686785054624168,0.902573402909245,0.938429393077523,"cogn_se_lv"
"11294","AC025580.3","Exc L5/6 IT Car3",-0.00649059278594555,2.41066043563486,0.0312067214671581,0.859875688678995,0.973958770152566,0.985476128598177,"cogn_se_lv"
"11295","SPATA5L1","Exc L5/6 IT Car3",0.0226664920586112,4.09450853342511,2.02682263273572,0.256556043760251,0.639571989246947,0.70093710080316,"cogn_se_lv"
"11296","AC025580.2","Exc L5/6 IT Car3",0.00815290904486899,3.37354360671996,0.0542803488316962,0.81590338541546,0.959947755253107,0.976792525428838,"cogn_se_lv"
"11297","SLC30A4","Exc L5/6 IT Car3",0.00946559120212858,6.13632920689538,0.60100588498424,0.438684805379326,0.776107501412556,0.828888350078319,"cogn_se_lv"
"11298","AC090527.2","Exc L5/6 IT Car3",-0.0340649950258845,1.9458764537304,0.415368941877631,0.519652373946788,0.820971047083305,0.868405493885873,"cogn_se_lv"
"11299","AC068722.1","Exc L5/6 IT Car3",-0.0361783762720112,4.05701024236635,1.40851748303645,0.236056616515653,0.623140686898157,0.681139944928107,"cogn_se_lv"
"11300","AC073941.1","Exc L5/6 IT Car3",-0.00090928088635896,1.76102614990518,0.000964429251695857,0.97524204880749,0.998267578294294,0.999481105410931,"cogn_se_lv"
"11301","SEMA6D","Exc L5/6 IT Car3",-0.00423497840927895,9.60989174619229,0.0911224489013633,0.76292294521909,0.941167215918009,0.962850724261694,"cogn_se_lv"
"11302","AC023905.1","Exc L5/6 IT Car3",-0.00838696745855228,3.71406208056081,0.0406657103644274,0.840294293145902,0.968750817708649,0.981323593475837,"cogn_se_lv"
"11303","SLC24A5","Exc L5/6 IT Car3",-0.0180814285268339,2.13560800564173,0.128319248469533,0.720383377699741,0.921357947544171,0.94998644046416,"cogn_se_lv"
"11304","MYEF2","Exc L5/6 IT Car3",-0.0112426059723853,6.78786085697073,0.991878080875291,0.319928261035596,0.693607301690158,0.754080769880613,"cogn_se_lv"
"11305","SLC12A1","Exc L5/6 IT Car3",0.0122767289601652,3.19917423381148,0.178098753118651,0.673254951309075,0.898041605249404,0.933391765652891,"cogn_se_lv"
"11306","DUT","Exc L5/6 IT Car3",-0.00306635203447216,5.52497511174419,0.0406424263623451,0.840339403275534,0.968750817708649,0.981323593475837,"cogn_se_lv"
"11307","FBN1","Exc L5/6 IT Car3",0.00408692331669797,7.80758089233463,0.10296397917052,0.74848070527269,0.933897613787942,0.958722696977089,"cogn_se_lv"
"11308","CEP152","Exc L5/6 IT Car3",0.0268162211661778,4.11388093803989,1.25583875742187,0.263159927943257,0.646414577423356,0.707169226052448,"cogn_se_lv"
"11309","SHC4","Exc L5/6 IT Car3",0.0471506323812304,1.99910710214915,1.00886328894689,0.315825278155065,0.690223094405915,0.751255643547409,"cogn_se_lv"
"11310","EID1","Exc L5/6 IT Car3",-0.0342367729818982,6.46651433294427,1.89482052626869,0.169483445811575,0.556681238646118,0.607457746573162,"cogn_se_lv"
"11311","SECISBP2L","Exc L5/6 IT Car3",-0.00333641772041814,7.16013559413808,0.162924857830663,0.686708703972902,0.902573402909245,0.938427901197294,"cogn_se_lv"
"11312","COPS2","Exc L5/6 IT Car3",-0.0148131825817943,5.63975883677742,1.63419380304097,0.20191741139099,0.589802787467109,0.644215688218798,"cogn_se_lv"
"11313","GALK2","Exc L5/6 IT Car3",0.0129430451959133,6.59107361119215,1.69615345183239,0.1935939184259,0.582065095024923,0.635635332830365,"cogn_se_lv"
"11314","FAM227B","Exc L5/6 IT Car3",-0.00581438944419815,4.21924133920417,0.0679078923323667,0.794551143505186,0.952216125954876,0.971429173515194,"cogn_se_lv"
"11315","FGF7","Exc L5/6 IT Car3",-0.0743877031802072,2.37651839063826,4.00905344352218,0.045978757361337,0.347721413165099,0.365692364273737,"cogn_se_lv"
"11316","DTWD1","Exc L5/6 IT Car3",0.00326478905466097,6.1454235197183,0.0732625102174344,0.786793922263706,0.950153677309984,0.969196102632143,"cogn_se_lv"
"11317","ATP8B4","Exc L5/6 IT Car3",-0.0467644157689774,4.76620677410368,2.84217850463962,0.0926543982019233,0.444119599988669,0.485307629986587,"cogn_se_lv"
"11318","SLC27A2","Exc L5/6 IT Car3",-0.0325805831627009,3.4611151968963,1.54132207212426,0.215199855232457,0.603310294694928,0.659368896712714,"cogn_se_lv"
"11319","GABPB1","Exc L5/6 IT Car3",-0.0119087377010572,5.25803244363082,0.851105895313198,0.53753171679241,0.828690113710241,0.876567876782171,"cogn_se_lv"
"11320","GABPB1-AS1","Exc L5/6 IT Car3",0.0454819968819508,6.47769473957837,4.9340388482684,0.0269314425719291,0.295420457007832,0.293875194560175,"cogn_se_lv"
"11321","USP8","Exc L5/6 IT Car3",-0.000474579902574956,6.02786520959817,0.00254033467718093,0.95982918549178,0.997053628956036,0.998555548513014,"cogn_se_lv"
"11322","USP50","Exc L5/6 IT Car3",0.0108678387500304,1.66093528401869,0.0571971941141537,0.811113139598348,0.958801729073152,0.975878390843192,"cogn_se_lv"
"11323","TRPM7","Exc L5/6 IT Car3",0.00388963367050491,7.04894579079898,0.138551153825745,0.709936636961164,0.915299056951689,0.946740304722097,"cogn_se_lv"
"11324","SPPL2A","Exc L5/6 IT Car3",0.0319463104968828,5.61572691574215,5.47630502639956,0.0198015732423847,0.265458372996778,0.259289097061682,"cogn_se_lv"
"11325","AC021752.1","Exc L5/6 IT Car3",0.0535678879836703,4.60995365533589,9.68945023263636,0.00199602021782461,0.105201202576441,0.0888878501465457,"cogn_se_lv"
"11326","AP4E1","Exc L5/6 IT Car3",0.0073507975645945,5.28826276854858,0.36665346875676,0.545201672110103,0.833563851954548,0.879982892009617,"cogn_se_lv"
"11327","MIR4713HG","Exc L5/6 IT Car3",-0.0068691549888929,2.87741324462802,0.0408977775083787,0.839845421818817,0.968498535398303,0.981285104855597,"cogn_se_lv"
"11328","TNFAIP8L3","Exc L5/6 IT Car3",-0.0639780596214246,4.34894245756878,9.67038284206227,0.00201630733844993,0.105431756046134,0.0891514869154734,"cogn_se_lv"
"11329","GLDN","Exc L5/6 IT Car3",0.0538347585286331,2.20148654671139,1.35019551125146,0.245985567390321,0.63060160275998,0.69040153429348,"cogn_se_lv"
"11330","AC066613.2","Exc L5/6 IT Car3",-0.0429987988303994,2.05381009964186,1.04008548841987,0.308461406875575,0.684234801357033,0.745582277281155,"cogn_se_lv"
"11331","DMXL2","Exc L5/6 IT Car3",0.000136618394972634,7.12070445767773,0.000175533487350162,0.989436283039033,0.999109270780836,0.999870711362408,"cogn_se_lv"
"11332","SCG3","Exc L5/6 IT Car3",-0.0320387883809414,5.59416581237154,3.28988141564666,0.0705100327824815,0.406118789117661,0.436294850683032,"cogn_se_lv"
"11333","AC020892.2","Exc L5/6 IT Car3",-0.0295899508877937,1.92787017173735,0.430612472293743,0.512092434091224,0.818419687003898,0.86507977312242,"cogn_se_lv"
"11334","LYSMD2","Exc L5/6 IT Car3",-0.0301556861139876,5.02141417976642,2.68549420069567,0.102107450575472,0.460969387011202,0.501985491115913,"cogn_se_lv"
"11335","TMOD2","Exc L5/6 IT Car3",0.00439334954573575,7.18341283052566,0.308939158589565,0.834415646971821,0.966563259257668,0.980242942891289,"cogn_se_lv"
"11336","TMOD3","Exc L5/6 IT Car3",0.0070988553606601,5.75591013460211,0.352677380799979,0.552960755175846,0.839085943582724,0.883704050591182,"cogn_se_lv"
"11337","AC090971.2","Exc L5/6 IT Car3",-0.00642350589082987,1.90305738386955,0.0189101554853645,0.890698434072199,0.985467210666509,0.990615604154006,"cogn_se_lv"
"11338","LEO1","Exc L5/6 IT Car3",-0.0283876176647256,4.57710726233071,3.83366002291075,0.0509768946082356,0.359341608067018,0.381749991864242,"cogn_se_lv"
"11339","MAPK6","Exc L5/6 IT Car3",-0.00307835426235929,5.89292434169434,0.051146552517674,0.821203714873859,0.962568237840115,0.977521041830819,"cogn_se_lv"
"11340","GNB5","Exc L5/6 IT Car3",0.0139396406860284,7.06585000863206,2.9255698944302,0.0880164456059168,0.436707742348983,0.475447151257499,"cogn_se_lv"
"11341","AC023906.3","Exc L5/6 IT Car3",-0.0183758865939079,2.42601703881254,0.200728818570835,0.654392849494051,0.888574726814315,0.926163879831721,"cogn_se_lv"
"11342","AC023906.4","Exc L5/6 IT Car3",0.0316783078872815,2.59320282591546,0.565837318830599,0.452391373583405,0.784755350388365,0.835852257863635,"cogn_se_lv"
"11343","CERNA1","Exc L5/6 IT Car3",0.00151437957899312,3.02782542276905,0.00269162087272554,0.958651368813118,0.997053628956036,0.998555548513014,"cogn_se_lv"
"11344","MYO5C","Exc L5/6 IT Car3",0.0242714996081176,4.05700877482195,1.01511859439066,0.314331660400708,0.68901356695156,0.750139213006986,"cogn_se_lv"
"11345","MYO5A","Exc L5/6 IT Car3",0.00763495139372807,8.90922343453045,0.801611405091137,0.371188382170711,0.732289347725579,0.788831305249135,"cogn_se_lv"
"11346","ARPP19","Exc L5/6 IT Car3",-0.0366833046060092,9.1770860909168,3.04210549264435,0.0819528903272726,0.425955752156949,0.463583924173563,"cogn_se_lv"
"11347","FAM214A","Exc L5/6 IT Car3",-0.0249505881103174,6.5865119565038,2.37958468692756,0.123776627484717,0.492855743293762,0.540818349695916,"cogn_se_lv"
"11348","UNC13C","Exc L5/6 IT Car3",-0.0696142357180514,3.08988284661819,3.11278858312277,0.0784968358131488,0.420387560324412,0.455872270031087,"cogn_se_lv"
"11349","RSL24D1","Exc L5/6 IT Car3",-0.036834785697542,4.31045266441712,1.92107326309486,0.166564925623231,0.551953602726634,0.60318833897649,"cogn_se_lv"
"11350","RAB27A","Exc L5/6 IT Car3",0.0409040719923834,4.71995915029938,3.88615729319904,0.0494231189230838,0.356263138279279,0.377011061587555,"cogn_se_lv"
"11351","PIGB","Exc L5/6 IT Car3",-0.0042307772218403,4.60612057430337,0.0622282847944074,0.803145156402628,0.955652076467949,0.973737976661521,"cogn_se_lv"
"11352","CCPG1","Exc L5/6 IT Car3",0.0155241263181352,8.08963483503457,1.49815216662832,0.221727072090948,0.610116152240244,0.666784867622974,"cogn_se_lv"
"11353","C15orf65","Exc L5/6 IT Car3",0.0174583875376894,2.88825243053366,0.357580886742627,0.5502150657417,0.837051948259007,0.882170509248416,"cogn_se_lv"
"11354","DNAAF4","Exc L5/6 IT Car3",-0.00720498468798795,5.52189848276896,0.246781785821511,0.619642415681908,0.873687478415488,0.91299785939827,"cogn_se_lv"
"11355","PYGO1","Exc L5/6 IT Car3",-0.0447529544698825,2.43902610614152,1.06577118434529,0.302570282173837,0.679709276797619,0.740737028818406,"cogn_se_lv"
"11356","PRTG","Exc L5/6 IT Car3",0.0727767044249043,1.46401717816131,1.86666943987648,0.172678628525436,0.559360996212684,0.61092679567341,"cogn_se_lv"
"11357","NEDD4","Exc L5/6 IT Car3",-0.0315926773675913,3.10626653143373,1.06249223565974,0.30331414753455,0.680268832782968,0.741386428914848,"cogn_se_lv"
"11358","RFX7","Exc L5/6 IT Car3",0.00122165338679211,7.06287571415341,0.0115222083249067,0.91457563066174,0.989073227776396,0.994126167335106,"cogn_se_lv"
"11359","TEX9","Exc L5/6 IT Car3",0.0222785862530947,4.68617576531311,1.36526362550911,0.243372229757719,0.628363928126964,0.687628831659919,"cogn_se_lv"
"11360","MNS1","Exc L5/6 IT Car3",-0.0207421276981462,4.20585199250626,1.2978883163208,0.255329085392133,0.638945467347141,0.699756198048636,"cogn_se_lv"
"11361","AC090518.1","Exc L5/6 IT Car3",0.0487161655298068,3.49495662448556,2.16226461543668,0.142277619177169,0.517937905589373,0.569707723000778,"cogn_se_lv"
"11362","ZNF280D","Exc L5/6 IT Car3",-0.00859249525068398,5.66834802109763,0.392449568644404,0.531397109395343,0.826671325785064,0.873465945421862,"cogn_se_lv"
"11363","AC090517.4","Exc L5/6 IT Car3",0.0265427677178331,5.14773898932504,2.3737455092876,0.124237052440616,0.493216646809182,0.54152692462435,"cogn_se_lv"
"11364","TCF12","Exc L5/6 IT Car3",-0.000576999053432336,6.54225770968444,0.00188352146992399,0.965406212646654,0.997621680933237,0.99892010896344,"cogn_se_lv"
"11365","POLR2M","Exc L5/6 IT Car3",-0.0368042673103953,3.44064358374684,2.87082422655829,0.0910318653703818,0.441871247275088,0.482111900307145,"cogn_se_lv"
"11366","ALDH1A2","Exc L5/6 IT Car3",-0.0292884151515107,5.20639572461163,1.04515194067261,0.307287672519347,0.68313936200893,0.744339091554898,"cogn_se_lv"
"11367","LIPC","Exc L5/6 IT Car3",-0.00186634225842778,1.62994539872069,0.00116606574518504,0.972777600561551,0.998267578294294,0.999312590999834,"cogn_se_lv"
"11368","ADAM10","Exc L5/6 IT Car3",-0.0187757165004808,7.52168707418261,2.11402703919315,0.146794154615043,0.524532630491182,0.576828429331379,"cogn_se_lv"
"11369","MINDY2","Exc L5/6 IT Car3",-0.0106265122334816,7.44742735774818,1.65935897971708,0.198486973784935,0.586224600150966,0.640539876115032,"cogn_se_lv"
"11370","RNF111","Exc L5/6 IT Car3",0.008814755149909,6.74946319318655,0.921857795761266,0.337608485936303,0.707777496057718,0.765941816791717,"cogn_se_lv"
"11371","SLTM","Exc L5/6 IT Car3",-0.00079107717929942,6.78978343837772,0.00779094676136251,0.929712275310147,0.991814175882228,0.995925713518617,"cogn_se_lv"
"11372","MYO1E","Exc L5/6 IT Car3",0.0117065223585467,4.00771002953719,0.173374510645152,0.677369078832889,0.89945730140105,0.935048559644958,"cogn_se_lv"
"11373","FAM81A","Exc L5/6 IT Car3",-0.00552953282619234,7.38996613178215,0.17913397302978,0.672362033540744,0.897454613720039,0.933033690786859,"cogn_se_lv"
"11374","GTF2A2","Exc L5/6 IT Car3",-0.00856315220893635,4.53486936064111,0.196710799870358,0.657645682778453,0.890164653908722,0.927793371240093,"cogn_se_lv"
"11375","BNIP2","Exc L5/6 IT Car3",0.00763538832027908,4.2992527287406,0.320694016430497,0.823447640433224,0.9637155274728,0.978095139436567,"cogn_se_lv"
"11376","ICE2","Exc L5/6 IT Car3",0.00656779563109447,5.59385146281846,0.288626015217213,0.591422117330803,0.859590587528647,0.901149320569683,"cogn_se_lv"
"11377","RORA-AS1","Exc L5/6 IT Car3",0.0121602189280374,3.82861651208311,0.277409903325992,0.598716407860604,0.863646594523825,0.904181063730646,"cogn_se_lv"
"11378","RORA","Exc L5/6 IT Car3",0.00580552249117518,8.98195654916586,0.150489809611392,0.698288609362762,0.909039223320327,0.942330783379599,"cogn_se_lv"
"11379","AC012404.1","Exc L5/6 IT Car3",-0.00351680873225075,3.54187344608052,0.00675590113270416,0.934536223581889,0.993267436527988,0.996578481155594,"cogn_se_lv"
"11380","AC104574.2","Exc L5/6 IT Car3",0.0832706673186212,1.77320515075193,2.78475037855282,0.0960031124609498,0.450135034879137,0.490493246478958,"cogn_se_lv"
"11381","AC009554.1","Exc L5/6 IT Car3",-0.0226810642038287,3.71727077661052,0.441787266729965,0.506671043871466,0.816298421614546,0.862474155410723,"cogn_se_lv"
"11382","VPS13C","Exc L5/6 IT Car3",-0.0178251277852332,7.53981538509587,3.47357517621894,0.0631405081379946,0.388692667696058,0.417916734938568,"cogn_se_lv"
"11383","TLN2","Exc L5/6 IT Car3",0.043188261488997,7.60888306875945,16.428682462426,6.14846427577802e-05,0.0225297298105295,0.0139804333259634,"cogn_se_lv"
"11384","AC100839.1","Exc L5/6 IT Car3",0.0639087661401184,1.37616803097704,1.33392618026191,0.248845967974292,0.633297939815486,0.693382363812244,"cogn_se_lv"
"11385","TPM1","Exc L5/6 IT Car3",0.000829305748262142,6.20253306169925,0.00706813742302174,0.93304403635857,0.992984421517073,0.99640549208824,"cogn_se_lv"
"11386","LACTB","Exc L5/6 IT Car3",0.00926930355295772,4.34516622390824,0.31619001691037,0.574243506023211,0.850587830384718,0.893209335127744,"cogn_se_lv"
"11387","RPS27L","Exc L5/6 IT Car3",-0.0426460910720966,4.57358845630093,4.03989779918941,0.0451548275008668,0.345222451683229,0.363240647828415,"cogn_se_lv"
"11388","RAB8B","Exc L5/6 IT Car3",0.0117951003040465,5.05691848058283,0.766432952319006,0.381885192518409,0.740402552467578,0.796675802198619,"cogn_se_lv"
"11389","APH1B","Exc L5/6 IT Car3",0.0233709246536001,5.43834302685603,1.90240195080643,0.168634620761263,0.554904172229172,0.606161330579328,"cogn_se_lv"
"11390","CA12","Exc L5/6 IT Car3",-0.117316270951501,1.76711251352576,4.90921160538591,0.027315960008379,0.296436903469433,0.295512835765053,"cogn_se_lv"
"11391","USP3","Exc L5/6 IT Car3",-0.0283506482018932,2.4596707278108,0.549868092738219,0.458837372896704,0.788028655907772,0.839618221684467,"cogn_se_lv"
"11392","USP3-AS1","Exc L5/6 IT Car3",0.0364928545338627,4.44276517044916,3.08565750268934,0.0798043935616372,0.421639833658215,0.458563137477759,"cogn_se_lv"
"11393","FBXL22","Exc L5/6 IT Car3",-0.00676505691866226,2.16076030261883,0.0308321383323774,0.860710521116362,0.974289291931413,0.985755461280862,"cogn_se_lv"
"11394","HERC1","Exc L5/6 IT Car3",0.0129930517535916,9.14461481672439,1.94131029851339,0.164354547614784,0.548918508635315,0.600196259153651,"cogn_se_lv"
"11395","AC073167.1","Exc L5/6 IT Car3",0.0144521631732347,4.47863403770529,0.139887806942539,0.70860470140296,0.914566085994274,0.946267075053934,"cogn_se_lv"
"11396","DAPK2","Exc L5/6 IT Car3",-0.0559261794520633,3.26991263581803,2.5944311741676,0.108084277924684,0.470637206660162,0.513040343069845,"cogn_se_lv"
"11397","FAM96A","Exc L5/6 IT Car3",-0.0183571388228042,3.87838418819454,1.17307363219509,0.279468966833195,0.661269350060604,0.721279793765124,"cogn_se_lv"
"11398","SNX1","Exc L5/6 IT Car3",0.0039600729387516,6.09504733653266,0.169315726597318,0.680956563131078,0.900862474773406,0.936324878756562,"cogn_se_lv"
"11399","PPIB","Exc L5/6 IT Car3",-0.0407827507975763,4.02972570521275,2.18144566910113,0.140525453154221,0.515170729881721,0.56693078378516,"cogn_se_lv"
"11400","CSNK1G1","Exc L5/6 IT Car3",-0.00387498477248913,4.81082656194317,0.0861460325679492,0.769298015778262,0.942860274175954,0.964464790418161,"cogn_se_lv"
"11401","TRIP4","Exc L5/6 IT Car3",-0.0028703358173786,5.6906774073706,0.0569272153288537,0.81155101654308,0.959045669722624,0.975978785483781,"cogn_se_lv"
"11402","ZNF609","Exc L5/6 IT Car3",0.0115861041728259,7.60619806385798,1.21062808818828,0.271916064804244,0.654140261900851,0.714728128195738,"cogn_se_lv"
"11403","OAZ2","Exc L5/6 IT Car3",-0.0100084332451683,5.12004192994148,0.369541201420071,0.543623732208136,0.832640250665128,0.879375301340244,"cogn_se_lv"
"11404","RBPMS2","Exc L5/6 IT Car3",-0.0941282490911427,2.77505037732851,4.7834918111533,0.029353097319795,0.30217001187401,0.304818507958254,"cogn_se_lv"
"11405","PIF1","Exc L5/6 IT Car3",-0.0193159656677672,2.90001550706959,0.369261801638684,0.54377603462705,0.832790643139646,0.879388666583657,"cogn_se_lv"
"11406","AC069368.1","Exc L5/6 IT Car3",0.0435073196410946,2.11082772022855,1.23195632015333,0.267740667551383,0.651033153139442,0.711274502128473,"cogn_se_lv"
"11407","ANKDD1A","Exc L5/6 IT Car3",0.0148944374772665,5.59286699045443,1.13211523796827,0.288011680443197,0.668230247289619,0.728397196819718,"cogn_se_lv"
"11408","SPG21","Exc L5/6 IT Car3",-0.015547613890357,4.68653619629517,1.15413150558114,0.283379160732268,0.663053492637873,0.724115864085802,"cogn_se_lv"
"11409","MTFMT","Exc L5/6 IT Car3",0.0115790066526371,5.77814895275662,0.633463865308021,0.426592895188884,0.770932909459478,0.822793581731352,"cogn_se_lv"
"11410","UBAP1L","Exc L5/6 IT Car3",0.0259592022571245,6.00941304199006,3.51965157648674,0.0614244990402573,0.385168789389364,0.413067734275641,"cogn_se_lv"
"11411","PDCD7","Exc L5/6 IT Car3",-0.000817422303751729,6.12197666312827,0.00230679077720559,0.96171874063295,0.997053628956036,0.998671534701029,"cogn_se_lv"
"11412","CLPX","Exc L5/6 IT Car3",0.00226447076624563,4.95068371313338,0.0379143481627916,0.84572104998776,0.970988236489561,0.982781649318473,"cogn_se_lv"
"11413","PARP16","Exc L5/6 IT Car3",0.0365082414890017,4.36778005462539,5.16194577252461,0.0236547534774538,0.285303021957691,0.279598205450414,"cogn_se_lv"
"11414","IGDCC3","Exc L5/6 IT Car3",0.0634517274236335,2.31451442248679,2.77266150882779,0.0967247524490564,0.450952420536497,0.49160284132282,"cogn_se_lv"
"11415","IGDCC4","Exc L5/6 IT Car3",0.0609531430360862,2.40985511753264,2.95433445937948,0.0864757786841486,0.434373509228393,0.4727219620236,"cogn_se_lv"
"11416","DPP8","Exc L5/6 IT Car3",0.0119732019755857,6.4094338209429,1.50408932611609,0.611917559286917,0.870531635923984,0.910098708617138,"cogn_se_lv"
"11417","HACD3","Exc L5/6 IT Car3",-0.00453521922914456,6.68610620249813,0.221540061549089,0.638143589571541,0.883276385755741,0.920629240664563,"cogn_se_lv"
"11418","INTS14","Exc L5/6 IT Car3",0.0157953157363451,4.01552872350501,0.921399599637118,0.573766270519724,0.850290120683539,0.892906449513376,"cogn_se_lv"
"11419","SLC24A1","Exc L5/6 IT Car3",0.0849537945268673,1.98527412690049,3.76470447216248,0.0530970503500879,0.365131190745242,0.38959960694377,"cogn_se_lv"
"11420","DENND4A","Exc L5/6 IT Car3",0.0211050835608071,7.67302522020245,4.49223418632337,0.0347080364689653,0.314394750592923,0.326978046659244,"cogn_se_lv"
"11421","RAB11A","Exc L5/6 IT Car3",0.0162257804206704,6.39577139826757,0.583578522154001,0.445395141011081,0.780357407072003,0.832588836473996,"cogn_se_lv"
"11422","MEGF11","Exc L5/6 IT Car3",-0.00574008407855731,3.3551321680793,0.0211878761095177,0.884346791312219,0.982678492295671,0.989434190942746,"cogn_se_lv"
"11423","AC055855.2","Exc L5/6 IT Car3",0.0795479349348478,2.23726783230084,4.54115530180235,0.0337415274485505,0.312300125037606,0.323465015471975,"cogn_se_lv"
"11424","DIS3L","Exc L5/6 IT Car3",-0.000654034209339956,4.37976591372864,0.00147335099190219,0.969401812912691,0.998267578294294,0.999099628483138,"cogn_se_lv"
"11425","TIPIN","Exc L5/6 IT Car3",0.0162580985200556,4.10912244882117,0.614653176577036,0.433537838847879,0.77353077346411,0.826027562231227,"cogn_se_lv"
"11426","MAP2K1","Exc L5/6 IT Car3",0.00852012886377369,8.4561825536993,0.605332567308921,0.437042950263941,0.775641875093864,0.827762831841158,"cogn_se_lv"
"11427","SNAPC5","Exc L5/6 IT Car3",-0.0354234840838501,3.62283570042034,1.87212282493628,0.172054276420892,0.558631922809606,0.610204042577209,"cogn_se_lv"
"11428","RPL4","Exc L5/6 IT Car3",-0.0581862246641209,6.32568285112497,4.44595762644981,0.0356490804850313,0.31749962306981,0.330815027176855,"cogn_se_lv"
"11429","ZWILCH","Exc L5/6 IT Car3",0.0189559250970809,3.66463839325773,0.694713521680622,0.405098197872735,0.757934301831652,0.810440039408987,"cogn_se_lv"
"11430","SMAD3","Exc L5/6 IT Car3",0.0464764784283846,6.24675410433373,6.9264086789679,0.00884512392962018,0.195640906832746,0.180860242832751,"cogn_se_lv"
"11431","AAGAB","Exc L5/6 IT Car3",0.00712573014013818,5.63289727108128,0.350978329240515,0.791119899398849,0.951674127840344,0.970496601067595,"cogn_se_lv"
"11432","IQCH","Exc L5/6 IT Car3",0.049926177588914,4.89072422771534,6.66993752002377,0.0101848173809273,0.207883739379935,0.1930731865515,"cogn_se_lv"
"11433","IQCH-AS1","Exc L5/6 IT Car3",0.0205074702409331,3.67384261740166,0.900373103712745,0.343294945502255,0.712699746961537,0.76971518237675,"cogn_se_lv"
"11434","C15orf61","Exc L5/6 IT Car3",-0.0275920002402685,4.11729688426369,1.59502768735288,0.207396778430604,0.595395083591232,0.651009185653829,"cogn_se_lv"
"11435","MAP2K5","Exc L5/6 IT Car3",0.0187241793590981,7.76803756705578,2.64429600683005,0.104765176591998,0.46518640154381,0.507009881684468,"cogn_se_lv"
"11436","PIAS1","Exc L5/6 IT Car3",0.0249320220411218,7.99294794316467,4.92442697061304,0.0270796336096937,0.29594419293694,0.294767018043233,"cogn_se_lv"
"11437","FEM1B","Exc L5/6 IT Car3",-0.0200483386688908,5.7300539890247,1.64535457607551,0.200387453847422,0.587645372467954,0.642514708633118,"cogn_se_lv"
"11438","ITGA11","Exc L5/6 IT Car3",0.0115607857403604,6.16134362437847,0.23294284635806,0.629632899960529,0.878995857256218,0.917460746725038,"cogn_se_lv"
"11439","CORO2B","Exc L5/6 IT Car3",0.00132252850339553,6.30078198639298,0.0118318114619153,0.913440028324202,0.989073227776396,0.994093314602145,"cogn_se_lv"
"11440","ANP32A","Exc L5/6 IT Car3",-0.00291621066446731,4.63257507321559,0.0339237732504331,0.947700988394473,0.994804925328349,0.997804640603097,"cogn_se_lv"
"11441","SPESP1","Exc L5/6 IT Car3",0.0428061189149539,3.96078383833835,4.20756005355998,0.0409409256589936,0.333269603761565,0.350056464620307,"cogn_se_lv"
"11442","NOX5","Exc L5/6 IT Car3",0.00326608211816476,2.97712463898974,0.00525150288283845,0.942268836394462,0.994742025604273,0.997626386519645,"cogn_se_lv"
"11443","GLCE","Exc L5/6 IT Car3",0.0335869239576955,6.85766848923872,5.87648736513587,0.0158181935246506,0.241216200368353,0.234256373755858,"cogn_se_lv"
"11444","PAQR5","Exc L5/6 IT Car3",0.0207659888703169,1.47970526054913,0.147808773063699,0.70085692828519,0.910350279594577,0.943561204710242,"cogn_se_lv"
"11445","AC027237.3","Exc L5/6 IT Car3",0.0936251746069686,1.73015903159192,4.09770495497498,0.0436524196207812,0.340910221992702,0.359542838016422,"cogn_se_lv"
"11446","RPLP1","Exc L5/6 IT Car3",-0.0906762151778647,6.32807025532621,5.75887010400932,0.0168943845337521,0.246917927800992,0.240956260022361,"cogn_se_lv"
"11447","DRAIC","Exc L5/6 IT Car3",-0.0104088948020173,4.26443723860654,0.237369895877571,0.626397879260503,0.876803286448263,0.916078774500785,"cogn_se_lv"
"11448","TLE3","Exc L5/6 IT Car3",-0.043322045120231,3.48912510280264,1.52382578260821,0.217817178271403,0.606211590575217,0.662749554417216,"cogn_se_lv"
"11449","UACA","Exc L5/6 IT Car3",-0.0269187774782344,1.83493216964245,0.343487026286427,0.558177154402605,0.841316965299482,0.886097835217323,"cogn_se_lv"
"11450","LARP6","Exc L5/6 IT Car3",-0.0536661767879334,4.9089732396837,7.62754766909138,0.00603218183241147,0.165776034227212,0.152280096685838,"cogn_se_lv"
"11451","LRRC49","Exc L5/6 IT Car3",-0.0234182929389791,6.76048432968636,3.81464175214841,0.0515525086963733,0.35981631126162,0.383864557354391,"cogn_se_lv"
"11452","THAP10","Exc L5/6 IT Car3",0.0423364365216091,2.49569577034828,1.80192057938436,0.180295429040312,0.566621738397059,0.620279921476973,"cogn_se_lv"
"11453","THSD4","Exc L5/6 IT Car3",0.0370839111322772,3.18760402308742,1.45953907496189,0.22776748514453,0.616703306892032,0.673156263221618,"cogn_se_lv"
"11454","THSD4-AS1","Exc L5/6 IT Car3",-0.0503245851789182,4.7522689054859,3.36241655140036,0.0674953017908564,0.397738845527666,0.428388670112703,"cogn_se_lv"
"11455","MYO9A","Exc L5/6 IT Car3",0.0057163207845512,8.33118352408914,0.46575706085118,0.49536846006021,0.80979524594201,0.856934006489855,"cogn_se_lv"
"11456","AC022872.1","Exc L5/6 IT Car3",0.00674724544164947,2.89643829579729,0.0298704842913504,0.862878002991364,0.974960696887198,0.986339265382543,"cogn_se_lv"
"11457","SENP8","Exc L5/6 IT Car3",0.0312375813649326,3.31035044954354,1.90762976779893,0.168052157319024,0.554172423642548,0.605066590536049,"cogn_se_lv"
"11458","PKM","Exc L5/6 IT Car3",-0.0323415592208708,7.35876173492844,1.79235366182367,0.181453545947245,0.568347723786478,0.621548076892664,"cogn_se_lv"
"11459","PARP6","Exc L5/6 IT Car3",0.00324285179959554,4.94779119382842,0.0609783097314546,0.805091919142726,0.956341821210757,0.974173913074484,"cogn_se_lv"
"11460","AC009690.3","Exc L5/6 IT Car3",0.0509231519128969,3.60356899690768,4.3604968547912,0.0374581300975521,0.324901650637594,0.337523186436126,"cogn_se_lv"
"11461","AC009690.2","Exc L5/6 IT Car3",0.0435214436607999,3.67416279302698,1.93096442950285,0.165480334323003,0.550646993563462,0.601863418722333,"cogn_se_lv"
"11462","AC009690.1","Exc L5/6 IT Car3",0.0302534061143551,5.56613262618736,3.96862076822944,0.0470829908921867,0.350870295564528,0.369205778908286,"cogn_se_lv"
"11463","TMEM202-AS1","Exc L5/6 IT Car3",0.00689517922592604,3.44211951330902,0.0737909715733986,0.786045057249264,0.949992646450748,0.969016168046006,"cogn_se_lv"
"11464","ARIH1","Exc L5/6 IT Car3",-0.00765775383876164,7.49523315586498,0.56512765034415,0.452674797815382,0.784755350388365,0.836074677084852,"cogn_se_lv"
"11465","BBS4","Exc L5/6 IT Car3",0.0319077675966926,4.52069852895652,3.49670611109094,0.0622727279338497,0.386598339210144,0.415180672345344,"cogn_se_lv"
"11466","ADPGK","Exc L5/6 IT Car3",0.0254746344345645,4.10194420816384,2.26233656955104,0.139018834472741,0.512544418651555,0.564717558961296,"cogn_se_lv"
"11467","NEO1","Exc L5/6 IT Car3",-0.0118151695445176,6.84603100858221,0.635938451262923,0.42569181691013,0.770551452170533,0.822189414376682,"cogn_se_lv"
"11468","HCN4","Exc L5/6 IT Car3",0.0292046433904276,2.31751354023762,0.597237207355642,0.440122645375369,0.776403982764389,0.829784202792321,"cogn_se_lv"
"11469","REC114","Exc L5/6 IT Car3",-0.0308450276181402,1.78623885804632,0.42146935090836,0.516603595917101,0.819995665260249,0.867082535791458,"cogn_se_lv"
"11470","NPTN","Exc L5/6 IT Car3",-0.0215909980985976,7.99547199190569,3.4223708838369,0.0651078798651208,0.392083672463112,0.422908379230988,"cogn_se_lv"
"11471","CD276","Exc L5/6 IT Car3",0.0318928643118327,5.15282164899989,3.95143254801993,0.0475608833201504,0.352349082051382,0.371224133478123,"cogn_se_lv"
"11472","C15orf59","Exc L5/6 IT Car3",-0.0343860292261532,3.29164724676001,1.66194510911916,0.198138347152259,0.585962560083257,0.640275003232554,"cogn_se_lv"
"11473","STOML1","Exc L5/6 IT Car3",-0.0113522535416754,4.08304476205548,0.257477927836923,0.612157510717613,0.870631558076339,0.910180071300802,"cogn_se_lv"
"11474","PML","Exc L5/6 IT Car3",-0.0389534212817975,4.0027581044773,4.58988705887857,0.0328068035569141,0.309560151737409,0.319784217528152,"cogn_se_lv"
"11475","ISLR2","Exc L5/6 IT Car3",-0.0446320575926348,5.00209310111512,3.22583201237622,0.0732926283583681,0.412732658561907,0.443501799786356,"cogn_se_lv"
"11476","AC010931.2","Exc L5/6 IT Car3",-0.0256587708945499,2.3448777105937,0.484174566730909,0.486969998845051,0.804127498092847,0.852826000288067,"cogn_se_lv"
"11477","AC010931.3","Exc L5/6 IT Car3",0.00569277988606673,4.95647126745173,0.0457134579969983,0.830814133032646,0.966177555530849,0.979529708085273,"cogn_se_lv"
"11478","ISLR","Exc L5/6 IT Car3",-0.089187240442797,4.91839595281674,10.5918728974215,0.00123944281369404,0.0896023412504146,0.0714592190920721,"cogn_se_lv"
"11479","SEMA7A","Exc L5/6 IT Car3",0.0284856367641443,3.70935697760772,1.63918568172721,0.20123140982727,0.589081266774287,0.643423038903367,"cogn_se_lv"
"11480","UBL7","Exc L5/6 IT Car3",-0.075078500440815,3.60171091309189,6.07178646861994,0.0141852471527985,0.231412264654069,0.223242867138036,"cogn_se_lv"
"11481","UBL7-AS1","Exc L5/6 IT Car3",0.0211360789576454,1.9760024140177,0.248764100532818,0.618240128750638,0.873593287013005,0.912626825876374,"cogn_se_lv"
"11482","AC012435.2","Exc L5/6 IT Car3",0.0506861664190054,1.97843798283915,1.55618834895874,0.213005419654475,0.600783399440157,0.656966533034205,"cogn_se_lv"
"11483","ARID3B","Exc L5/6 IT Car3",0.0108980988798226,3.35612028700689,0.155450639383242,0.693604930729158,0.906161280468738,0.940736841269159,"cogn_se_lv"
"11484","CLK3","Exc L5/6 IT Car3",-0.0259161990297109,3.52029771440763,2.05670343691928,0.361241071693556,0.725026094596221,0.781731528356945,"cogn_se_lv"
"11485","EDC3","Exc L5/6 IT Car3",0.00866230800688268,4.86400579461054,0.449926967910867,0.502784009122188,0.81419014008296,0.860660479516875,"cogn_se_lv"
"11486","CSK","Exc L5/6 IT Car3",-0.0227116505669091,3.62276673406392,1.24266329059792,0.26567482668134,0.648553801378637,0.709446341164708,"cogn_se_lv"
"11487","ULK3","Exc L5/6 IT Car3",-0.0208015725807739,5.59177573208976,1.60790695041645,0.205575760336075,0.593140410868427,0.648676841863617,"cogn_se_lv"
"11488","SCAMP2","Exc L5/6 IT Car3",-0.00264221747976341,4.0865384524706,0.0282596953495833,0.866590676712159,0.976386024918357,0.986809079378017,"cogn_se_lv"
"11489","MPI","Exc L5/6 IT Car3",-0.028243197727973,3.08334558301192,1.09591126552919,0.295841829995267,0.674020098242363,0.734384142654023,"cogn_se_lv"
"11490","FAM219B","Exc L5/6 IT Car3",0.00579613286802621,4.99001144964212,0.188464089749196,0.664448576870223,0.894225269618249,0.930276288518465,"cogn_se_lv"
"11491","COX5A","Exc L5/6 IT Car3",-0.0332282973884548,4.78478027154056,1.14315674756467,0.285676449820543,0.665641266122356,0.726348838087563,"cogn_se_lv"
"11492","SCAMP5","Exc L5/6 IT Car3",-0.0145508941250056,7.27250181194333,2.13921781606421,0.144415617528331,0.520632076517234,0.572872852713939,"cogn_se_lv"
"11493","PPCDC","Exc L5/6 IT Car3",0.0414129850321158,4.7610493327361,4.96828359850834,0.0264103209575302,0.293257459982965,0.291455452402757,"cogn_se_lv"
"11494","COMMD4","Exc L5/6 IT Car3",0.000373134305576736,3.76894481138283,0.000450845862026151,0.983071018531268,0.998390354534415,0.999870711362408,"cogn_se_lv"
"11495","AC068338.3","Exc L5/6 IT Car3",0.0182509623808306,2.38349250554599,0.242862656429688,0.622435605992508,0.8750796656557,0.91428699810349,"cogn_se_lv"
"11496","NEIL1","Exc L5/6 IT Car3",-0.0263393141780723,5.90764729966782,2.53352248179193,0.112296732395233,0.476814477344217,0.520902112724273,"cogn_se_lv"
"11497","MAN2C1","Exc L5/6 IT Car3",-0.0303814456813148,5.77184706860315,6.17304350675531,0.0134082372147847,0.227194137589023,0.217877324157905,"cogn_se_lv"
"11498","SIN3A","Exc L5/6 IT Car3",0.0256096488769899,4.98357255385632,3.46476522291291,0.0634744177558481,0.388692667696058,0.418838074552249,"cogn_se_lv"
"11499","PTPN9","Exc L5/6 IT Car3",0.000397588636304099,6.22726910712215,0.000931129220684565,0.975673092168668,0.998267578294294,0.999481105410931,"cogn_se_lv"
"11500","SNUPN","Exc L5/6 IT Car3",0.0172335352265666,3.8828653360809,0.849941373273933,0.357163766437413,0.72215560740022,0.779476559402188,"cogn_se_lv"
"11501","IMP3","Exc L5/6 IT Car3",-0.0350207266205109,3.6549867791344,1.17445929034813,0.279185616905396,0.661025637565238,0.720903919206196,"cogn_se_lv"
"11502","CSPG4","Exc L5/6 IT Car3",0.0550014513962959,3.24747437835474,3.12984419542654,0.0776867257080358,0.420245591791449,0.453973747320216,"cogn_se_lv"
"11503","DNM1P35","Exc L5/6 IT Car3",0.0796355511758724,2.53770604223679,5.55522039402714,0.0189408608181529,0.260383160152062,0.253715189264639,"cogn_se_lv"
"11504","UBE2Q2","Exc L5/6 IT Car3",0.0128239760670308,5.09018863727956,0.995650561098475,0.40299675089838,0.756060185334637,0.809021615655769,"cogn_se_lv"
"11505","FBXO22","Exc L5/6 IT Car3",0.00603553364926739,5.84226618406031,0.240134001181267,0.624396928938127,0.875858814433045,0.915080143515193,"cogn_se_lv"
"11506","NRG4","Exc L5/6 IT Car3",0.040284114726623,4.26815672171917,2.94154201075837,0.0871573076337031,0.435109241827407,0.473931217624225,"cogn_se_lv"
"11507","TMEM266","Exc L5/6 IT Car3",0.068554973546354,4.74370346137949,12.2175277514079,0.00053029122742132,0.0581324984874944,0.0459317467709535,"cogn_se_lv"
"11508","ETFA","Exc L5/6 IT Car3",0.02696692586122,5.07642945510807,2.60078922088848,0.107654701951912,0.469487980975496,0.512095332797805,"cogn_se_lv"
"11509","SCAPER","Exc L5/6 IT Car3",0.00914802262239068,7.99895780711099,0.77640208308985,0.378810160773631,0.737841138924423,0.794313582722863,"cogn_se_lv"
"11510","RCN2","Exc L5/6 IT Car3",-0.0227927179693038,5.99691450266946,2.04624851998268,0.153417411588003,0.534425976536753,0.58580492340296,"cogn_se_lv"
"11511","TSPAN3","Exc L5/6 IT Car3",-0.00609169171092324,6.29327622714026,0.338256341062921,0.561188101190158,0.843636345917786,0.887378221858168,"cogn_se_lv"
"11512","PEAK1","Exc L5/6 IT Car3",0.0013577688253355,7.4163711509678,0.0149174350332059,0.90285621400377,0.987810604126722,0.992744989013678,"cogn_se_lv"
"11513","HMG20A","Exc L5/6 IT Car3",0.0162762029507565,6.11506425215319,2.90126895083928,0.089341313641806,0.438777245166407,0.478519377372635,"cogn_se_lv"
"11514","AC046168.2","Exc L5/6 IT Car3",0.0289184290767336,2.06187948651254,0.476328401423176,0.490518544862539,0.806523815652118,0.85457444609377,"cogn_se_lv"
"11515","LINGO1","Exc L5/6 IT Car3",-0.0240820028741366,8.67792749904618,0.737860950816314,0.390897641782018,0.747597204799957,0.801912424209874,"cogn_se_lv"
"11516","TBC1D2B","Exc L5/6 IT Car3",0.000646249444685903,5.13821136100872,0.00185583877048177,0.965661212652013,0.997621680933237,0.99892010896344,"cogn_se_lv"
"11517","CIB2","Exc L5/6 IT Car3",0.00446929745506343,1.75464385076816,0.00834133402366183,0.927278601628238,0.991538479686899,0.995639170360381,"cogn_se_lv"
"11518","IDH3A","Exc L5/6 IT Car3",-0.00924433370669054,5.29964839499204,0.52408093424669,0.469559009093092,0.794218659047994,0.844779879965004,"cogn_se_lv"
"11519","ACSBG1","Exc L5/6 IT Car3",-0.0279111452443139,1.47532294089862,0.291710754726992,0.589448052251752,0.858759934902261,0.90041118574061,"cogn_se_lv"
"11520","DNAJA4","Exc L5/6 IT Car3",-0.000916389199912627,5.30872092817577,0.00107153969676669,0.97390388394661,0.998267578294294,0.999416010507348,"cogn_se_lv"
"11521","WDR61","Exc L5/6 IT Car3",0.0194091929675428,5.64263497285115,2.08428268839614,0.149659953572169,0.52871043137544,0.580734935850944,"cogn_se_lv"
"11522","CRABP1","Exc L5/6 IT Car3",-0.055405329750734,3.77397147242282,2.90330751805867,0.0892293427264909,0.438777245166407,0.478269598605346,"cogn_se_lv"
"11523","IREB2","Exc L5/6 IT Car3",0.00547018160040195,6.15041101954614,0.366977641317642,0.559354055639528,0.842397388814203,0.886597168125617,"cogn_se_lv"
"11524","HYKK","Exc L5/6 IT Car3",0.0437511318983848,2.89411515891747,2.7393756160955,0.0987425979200711,0.45416873341001,0.495560272236608,"cogn_se_lv"
"11525","PSMA4","Exc L5/6 IT Car3",-0.0208345593412089,4.77598950905063,0.912215581584356,0.340144697505178,0.71004939771855,0.767392276213309,"cogn_se_lv"
"11526","CHRNA5","Exc L5/6 IT Car3",-0.00187877566235606,1.72283311267364,0.00135567758241546,0.970648565482103,0.998267578294294,0.999102668702867,"cogn_se_lv"
"11527","CHRNB4","Exc L5/6 IT Car3",0.0593156985072369,1.38526622200432,1.07088119964048,0.301415719821986,0.678979497666914,0.739675177106034,"cogn_se_lv"
"11528","MORF4L1","Exc L5/6 IT Car3",-0.0483131722111515,6.8951227854718,8.2988185684436,0.00419585021068587,0.14313066969421,0.127231973504393,"cogn_se_lv"
"11529","CTSH","Exc L5/6 IT Car3",0.030054454988365,2.13222383390808,0.659190237582324,0.417362856421915,0.765302656475441,0.817374557704006,"cogn_se_lv"
"11530","RASGRF1","Exc L5/6 IT Car3",-0.00184221874386589,6.58481553052094,0.01567042629787,0.900447122589477,0.987380207812758,0.992451140355064,"cogn_se_lv"
"11531","AC011944.1","Exc L5/6 IT Car3",-0.0149538333398247,2.0544041950513,0.0736140193021978,0.786295488830729,0.950073610199021,0.969098034173203,"cogn_se_lv"
"11532","ANKRD34C-AS1","Exc L5/6 IT Car3",0.00173450885620153,5.88431196348342,0.00992071838618433,0.920713081009035,0.99096186404192,0.994869484089853,"cogn_se_lv"
"11533","TMED3","Exc L5/6 IT Car3",-0.0124254310205045,3.61547193478153,0.328554259515147,0.566856406580205,0.846340320935947,0.889388655632273,"cogn_se_lv"
"11534","ZFAND6","Exc L5/6 IT Car3",-0.0261114813866253,4.63031813927742,2.59499858221524,0.10804586480577,0.470637206660162,0.512955485816968,"cogn_se_lv"
"11535","AC016705.2","Exc L5/6 IT Car3",0.0774290316263044,2.76727684305687,4.89525094202104,0.0275346938204045,0.296588185534635,0.296452387314371,"cogn_se_lv"
"11536","ARNT2","Exc L5/6 IT Car3",-0.00037141250068538,6.90114957018323,0.000641036776311117,0.979814270174471,0.998390354534415,0.999813432058796,"cogn_se_lv"
"11537","ABHD17C","Exc L5/6 IT Car3",0.00939016217222628,4.75966424106735,0.429575580796683,0.512600571781445,0.818419687003898,0.865291211740855,"cogn_se_lv"
"11538","CEMIP","Exc L5/6 IT Car3",0.0332132670912102,4.79883388246861,1.57170089000982,0.210743948276254,0.598585727280052,0.6542952117756,"cogn_se_lv"
"11539","AC027808.1","Exc L5/6 IT Car3",0.0516764526082016,3.46279677653539,3.30383939475489,0.0699188503417874,0.404074767840821,0.434673210523038,"cogn_se_lv"
"11540","MESD","Exc L5/6 IT Car3",0.00973012330996117,4.6842328181033,0.472800625426455,0.492128127693294,0.807671139594468,0.855437942338272,"cogn_se_lv"
"11541","TLNRD1","Exc L5/6 IT Car3",0.00531202741548716,3.62630052000225,0.0546825010817575,0.81523500261698,0.959870452932088,0.97662723185883,"cogn_se_lv"
"11542","CFAP161","Exc L5/6 IT Car3",0.0528879359281787,5.08465416999451,2.62520637886588,0.106022374616387,0.468067798435512,0.509929992255275,"cogn_se_lv"
"11543","IL16","Exc L5/6 IT Car3",0.120030471579738,3.00854040411782,12.4664792288287,0.000466085121699672,0.0551773078689074,0.0424754651090505,"cogn_se_lv"
"11544","STARD5","Exc L5/6 IT Car3",0.0294660933149525,2.32962307166432,0.659012126485029,0.417425728214162,0.765302656475441,0.817457580005715,"cogn_se_lv"
"11545","TMC3-AS1","Exc L5/6 IT Car3",-0.0081659289119981,3.88737895133475,0.147780698749417,0.700883963289431,0.910350279594577,0.943561204710242,"cogn_se_lv"
"11546","AC060809.1","Exc L5/6 IT Car3",0.0166130729469159,3.31524822786767,0.398156217544471,0.52842875168877,0.825468786895065,0.872283696938067,"cogn_se_lv"
"11547","AC104041.1","Exc L5/6 IT Car3",0.0319825069093883,3.07682793630777,0.442820266912698,0.506174892075157,0.816222924249441,0.862274651768702,"cogn_se_lv"
"11548","MEX3B","Exc L5/6 IT Car3",-0.00997912230452233,2.70583652827702,0.0996679099037612,0.752404768209382,0.93593557561559,0.960021376261702,"cogn_se_lv"
"11549","EFL1","Exc L5/6 IT Car3",0.0126307962705459,4.89993448733074,0.625937078093788,0.429351420000084,0.77224147320033,0.82402112129644,"cogn_se_lv"
"11550","SAXO2","Exc L5/6 IT Car3",0.00367427296544563,4.55565868795916,0.0377617706076537,0.84602788715102,0.970988236489561,0.982781820079773,"cogn_se_lv"
"11551","GOLGA6L10","Exc L5/6 IT Car3",-0.0490780490692787,2.84504787626363,1.61095425081163,0.205147672792656,0.59280396192232,0.648238113760983,"cogn_se_lv"
"11552","GOLGA6L9","Exc L5/6 IT Car3",-0.0327279534768378,2.93490076574163,1.07357822045231,0.300808648719981,0.678602486808886,0.739124531997954,"cogn_se_lv"
"11553","RPS17","Exc L5/6 IT Car3",-0.255326289658312,2.34587351344548,11.8799848489993,0.000631941851262501,0.0623434941726275,0.0504828370947178,"cogn_se_lv"
"11554","AC245033.2","Exc L5/6 IT Car3",0.00468430050020092,2.17952840298584,0.0142401294830612,0.905076449047587,0.987810604126722,0.992863052470729,"cogn_se_lv"
"11555","CPEB1","Exc L5/6 IT Car3",-0.00305681289641716,5.39317683131401,0.0373262423736498,0.84690730121078,0.970988236489561,0.982960963687718,"cogn_se_lv"
"11556","CPEB1-AS1","Exc L5/6 IT Car3",0.0429554554033146,3.76355646620549,4.46409376434696,0.0352771234408681,0.316383991698695,0.329379134912659,"cogn_se_lv"
"11557","AP3B2","Exc L5/6 IT Car3",0.0144756817681608,6.54157749728593,1.86302958107125,0.173096806848212,0.559485520597349,0.611282104088613,"cogn_se_lv"
"11558","SNHG21","Exc L5/6 IT Car3",0.0154459377485111,3.59672621614528,0.47731961960516,0.490067875673342,0.80631315234505,0.854305966123128,"cogn_se_lv"
"11559","FSD2","Exc L5/6 IT Car3",0.0524455055169636,2.36685570291048,1.68660485586736,0.194849976168006,0.583090189119214,0.636959031117533,"cogn_se_lv"
"11560","WHAMM","Exc L5/6 IT Car3",0.00342835523245054,4.14102168429816,0.0534674234598011,0.817262497310015,0.959996737655868,0.976979324608985,"cogn_se_lv"
"11561","HOMER2","Exc L5/6 IT Car3",-0.00129014134663597,6.08763232569179,0.00822667724187915,0.927778749051872,0.991538479686899,0.995677351669569,"cogn_se_lv"
"11562","AC022558.2","Exc L5/6 IT Car3",0.0408055381799271,3.27074938825973,1.52837626977515,0.217132814036992,0.605784114601168,0.661817735720183,"cogn_se_lv"
"11563","C15orf40","Exc L5/6 IT Car3",0.0220812770193244,4.53982184285484,2.07189236345494,0.150872412457808,0.52980681518096,0.582310205839721,"cogn_se_lv"
"11564","BTBD1","Exc L5/6 IT Car3",-0.00860885088426201,5.68957979554442,0.592572937287868,0.441912245173816,0.777882815192157,0.830739521743706,"cogn_se_lv"
"11565","TM6SF1","Exc L5/6 IT Car3",-0.00275839116645242,5.038731617638,0.0272896181425504,0.868879283721229,0.97742250279017,0.987189511110941,"cogn_se_lv"
"11566","HDGFL3","Exc L5/6 IT Car3",-0.0118342066555474,6.74457277742299,1.95753038911927,0.162607186738123,0.546200198111679,0.597838026323895,"cogn_se_lv"
"11567","AC103876.1","Exc L5/6 IT Car3",0.0412377672603662,4.1258573480788,3.7171334678355,0.0546142278062155,0.370596545827891,0.394841190759825,"cogn_se_lv"
"11568","SH3GL3","Exc L5/6 IT Car3",0.00437767854091197,8.97230246487918,0.132790577535062,0.715762160385304,0.918464902292858,0.948747137550397,"cogn_se_lv"
"11569","ADAMTSL3","Exc L5/6 IT Car3",-0.0328833534519215,5.96136491425619,3.51275656504161,0.061678081993058,0.385168789389364,0.413818186446477,"cogn_se_lv"
"11570","UBE2Q2L","Exc L5/6 IT Car3",0.000273852706330937,4.11970342035983,0.000228937568642256,0.987935997369547,0.998638339521102,0.999870711362408,"cogn_se_lv"
"11571","GOLGA6L4","Exc L5/6 IT Car3",0.00136877483605301,2.73954039852659,0.00220693246507339,0.962555858283028,0.997271804095964,0.998755858281755,"cogn_se_lv"
"11572","AC048382.5","Exc L5/6 IT Car3",0.0369435564858007,2.78498429950398,1.52324110539626,0.217905296885127,0.606211590575217,0.662798571929574,"cogn_se_lv"
"11573","ZSCAN2","Exc L5/6 IT Car3",0.036239841572311,2.64068027013328,1.59952230114311,0.206759115065493,0.594548352178239,0.649944624110427,"cogn_se_lv"
"11574","WDR73","Exc L5/6 IT Car3",0.031119529673291,4.59427650421387,3.57986973044378,0.0592565893732434,0.38000840341902,0.407382267937796,"cogn_se_lv"
"11575","NMB","Exc L5/6 IT Car3",0.0216131702732636,1.33890984076907,0.125888295490986,0.722934039466039,0.922244269511136,0.950751598367067,"cogn_se_lv"
"11576","SEC11A","Exc L5/6 IT Car3",0.00826460706920713,5.02709231891437,0.430302007543214,0.512244488145288,0.818419687003898,0.865177499778343,"cogn_se_lv"
"11577","ZNF592","Exc L5/6 IT Car3",0.00489967324651454,5.02329062540746,0.118935358055364,0.730386086407924,0.925604180890752,0.953385837646007,"cogn_se_lv"
"11578","ALPK3","Exc L5/6 IT Car3",0.0267491839251639,3.93009163413685,1.42987291635091,0.23254343052993,0.620799689816657,0.678044527967519,"cogn_se_lv"
"11579","SLC28A1","Exc L5/6 IT Car3",0.0442834183935771,1.59011430997587,0.5825381969445,0.445800727318814,0.780620456643139,0.832858721858642,"cogn_se_lv"
"11580","PDE8A","Exc L5/6 IT Car3",-0.00797414138713032,5.95661701560685,0.309135339314891,0.578544018109475,0.853819156938549,0.895315185843543,"cogn_se_lv"
"11581","AKAP13","Exc L5/6 IT Car3",-0.0548873086009155,7.8918126120031,25.7552339992742,6.12238844613064e-07,0.000919221008726966,0.000962640605387396,"cogn_se_lv"
"11582","AC087286.2","Exc L5/6 IT Car3",-0.0624272697827234,3.32645634928804,2.60784161017186,0.10718041299701,0.469196941135397,0.511378657520253,"cogn_se_lv"
"11583","AC021739.2","Exc L5/6 IT Car3",-0.0019304830918565,2.19477925614347,0.0018200572710651,0.965993655053341,0.997621680933237,0.99892010896344,"cogn_se_lv"
"11584","KLHL25","Exc L5/6 IT Car3",0.0123485874542839,4.05888302011359,0.27011961386578,0.603559275645964,0.866813853321332,0.90617889290169,"cogn_se_lv"
"11585","AGBL1","Exc L5/6 IT Car3",0.0802059198468881,2.62052150460614,6.18133888296313,0.0133465625985068,0.227194137589023,0.217453447560492,"cogn_se_lv"
"11586","AC020687.1","Exc L5/6 IT Car3",-0.0394324059437103,2.01017820486283,0.870901834254075,0.351308366900261,0.718585295932352,0.774855859418928,"cogn_se_lv"
"11587","NTRK3","Exc L5/6 IT Car3",-0.000112758851678629,8.27455955885459,6.69503007120932e-05,0.993475895446781,0.999242764926216,0.999870711362408,"cogn_se_lv"
"11588","NTRK3-AS1","Exc L5/6 IT Car3",-0.0243276454451567,1.7553027556023,0.293147521030848,0.588533200954562,0.858664771746582,0.899980509627456,"cogn_se_lv"
"11589","MRPL46","Exc L5/6 IT Car3",-0.00667981767293402,2.97577405313988,0.0558235191644469,0.851076718344484,0.971725362044465,0.983647510045606,"cogn_se_lv"
"11590","MRPS11","Exc L5/6 IT Car3",-0.0340429382929357,4.73731526101685,4.42347622125169,0.036115884599444,0.317795005137475,0.332319421316599,"cogn_se_lv"
"11591","DET1","Exc L5/6 IT Car3",0.0363172701327397,3.56330987504455,3.06718099738456,0.0807083305408318,0.423491717362224,0.460741095092075,"cogn_se_lv"
"11592","LINC01586","Exc L5/6 IT Car3",-0.0330259688839402,2.16980645082465,0.528757112859771,0.467585174888989,0.792700577389462,0.843843468707337,"cogn_se_lv"
"11593","ABHD2","Exc L5/6 IT Car3",-0.0230145441542689,7.63564289973646,2.06076874102562,0.151970426621106,0.531665530640645,0.583779381099805,"cogn_se_lv"
"11594","FANCI","Exc L5/6 IT Car3",0.0201190855326382,3.22085540017648,0.615264721628397,0.433309362642064,0.77353077346411,0.825888987238397,"cogn_se_lv"
"11595","POLG","Exc L5/6 IT Car3",-0.0268764446423277,4.53708495299963,3.35695708773888,0.0677173207761555,0.398078520529043,0.428866814486094,"cogn_se_lv"
"11596","MIR9-3HG","Exc L5/6 IT Car3",0.0151022086266117,5.19279898994888,0.457067821472689,0.499415734595038,0.811678136349571,0.858763109457854,"cogn_se_lv"
"11597","RHCG","Exc L5/6 IT Car3",0.0152810909936789,3.64473348794514,0.465424403411714,0.495522383724567,0.80979524594201,0.856934006489855,"cogn_se_lv"
"11598","KIF7","Exc L5/6 IT Car3",0.00813750281534203,4.44270598365307,0.143356406046622,0.705181852306439,0.912777649832764,0.94514897658014,"cogn_se_lv"
"11599","PEX11A","Exc L5/6 IT Car3",-0.0150719230548965,3.3057042570625,0.475595726841977,0.490852109509526,0.806901726698527,0.854732041151877,"cogn_se_lv"
"11600","WDR93","Exc L5/6 IT Car3",0.0608262348574596,2.92221272639499,3.84048101293346,0.0507721141309599,0.359091377056743,0.381254099388862,"cogn_se_lv"
"11601","MESP1","Exc L5/6 IT Car3",-0.0156434065868168,3.40593110247576,0.21197040943567,0.645495183176866,0.886035214115491,0.923232970176572,"cogn_se_lv"
"11602","AP3S2","Exc L5/6 IT Car3",0.00535304821526372,3.12430500377904,0.0475681631121873,0.882161073109335,0.982093382172501,0.988985050514498,"cogn_se_lv"
"11603","ZNF710","Exc L5/6 IT Car3",0.0567167794021658,3.79828351129454,7.68039597352349,0.00586154437188464,0.164711676396085,0.15019896762839,"cogn_se_lv"
"11604","ZNF710-AS1","Exc L5/6 IT Car3",0.0537888886797831,2.79108213439952,3.47214537807579,0.0631945714363851,0.388692667696058,0.418112798517279,"cogn_se_lv"
"11605","IDH2","Exc L5/6 IT Car3",0.0314669255033978,4.67402699642113,3.47157135325365,0.0632162903080877,0.388692667696058,0.418174197502855,"cogn_se_lv"
"11606","IDH2-DT","Exc L5/6 IT Car3",0.0988151555701273,1.53867866272323,3.37368698339444,0.0670394365381963,0.39725488026192,0.427535732362781,"cogn_se_lv"
"11607","SEMA4B","Exc L5/6 IT Car3",0.0295733568985707,5.56131022763313,4.09142071230502,0.0438131564926976,0.341070411590849,0.359869529027201,"cogn_se_lv"
"11608","CIB1","Exc L5/6 IT Car3",-0.0117371706848364,3.2752576593958,0.131938037654019,0.716636409143111,0.918779934747791,0.948822117539366,"cogn_se_lv"
"11609","AC091167.7","Exc L5/6 IT Car3",-0.000614175261170512,1.79213541822188,0.000171115349722333,0.98957006573894,0.999178802763567,0.999870711362408,"cogn_se_lv"
"11610","AC091167.6","Exc L5/6 IT Car3",0.0241067896646253,5.10896429304246,2.13913059088071,0.144423777855005,0.520632076517234,0.572872852713939,"cogn_se_lv"
"11611","ZNF774","Exc L5/6 IT Car3",-0.000830447644281824,3.98341137748353,0.00186246226782818,0.965600027649272,0.997621680933237,0.99892010896344,"cogn_se_lv"
"11612","IQGAP1","Exc L5/6 IT Car3",0.00940234625684357,6.28013224969158,0.551284953454465,0.458259609448489,0.788028655907772,0.839379446124147,"cogn_se_lv"
"11613","CRTC3","Exc L5/6 IT Car3",0.00324087985138869,7.10381504167836,0.103615982963843,0.747712716160242,0.933897613787942,0.958571889555911,"cogn_se_lv"
"11614","CRTC3-AS1","Exc L5/6 IT Car3",0.0589686219305621,2.85584967497159,3.52044485177477,0.0613953957450562,0.385168789389364,0.413049325501348,"cogn_se_lv"
"11615","FURIN","Exc L5/6 IT Car3",-0.0628620921295795,3.72513646319298,8.34275202865578,0.00409777733908573,0.142358449770947,0.125766332181909,"cogn_se_lv"
"11616","MAN2A2","Exc L5/6 IT Car3",-0.00573978834083671,4.82527903041266,0.176738064890839,0.878886856044857,0.98101923710574,0.988788845178943,"cogn_se_lv"
"11617","HDDC3","Exc L5/6 IT Car3",0.0161256342278439,3.23172123123338,0.321522003945064,0.571034861303601,0.848869669463741,0.891410360591047,"cogn_se_lv"
"11618","UNC45A","Exc L5/6 IT Car3",0.0226597562884939,5.1002205671173,1.5343889326422,0.216232485453575,0.604697997162996,0.660647233456515,"cogn_se_lv"
"11619","RCCD1","Exc L5/6 IT Car3",0.0229580757157284,3.44707121513256,1.1756429353742,0.278943863772431,0.660770795478599,0.720602719551084,"cogn_se_lv"
"11620","PRC1","Exc L5/6 IT Car3",0.000436277490310698,1.9124194327254,0.000192922431102587,0.988925430144958,0.99883165995626,0.999870711362408,"cogn_se_lv"
"11621","PRC1-AS1","Exc L5/6 IT Car3",-0.0141990221108438,3.80687504503696,0.519489228127966,0.47151029593551,0.79468119784246,0.845692458564918,"cogn_se_lv"
"11622","SV2B","Exc L5/6 IT Car3",0.002235272646721,8.74057829202329,0.0388457395002057,0.843861742671795,0.970630210741325,0.98228646935019,"cogn_se_lv"
"11623","AC104035.1","Exc L5/6 IT Car3",0.071612524363663,3.01245808745781,3.77149180846334,0.0528842632695705,0.364482226475007,0.38872285517471,"cogn_se_lv"
"11624","SLCO3A1","Exc L5/6 IT Car3",-0.0444272119914884,6.26944234113306,7.16529906351374,0.00776021823105049,0.186923569883125,0.170964147188856,"cogn_se_lv"
"11625","AC116903.2","Exc L5/6 IT Car3",-0.0171930091355842,2.25754262974891,0.128124550527543,0.720586654140114,0.921484082820603,0.950007743323504,"cogn_se_lv"
"11626","ST8SIA2","Exc L5/6 IT Car3",0.265113415476758,2.32599611179444,15.4216909974464,0.000102406310243039,0.0300084871054799,0.0184135760620129,"cogn_se_lv"
"11627","LINC00930","Exc L5/6 IT Car3",-0.0071840310692281,1.64245457072792,0.0168393787170866,0.896820886519274,0.98655846039174,0.99179406923374,"cogn_se_lv"
"11628","FAM174B","Exc L5/6 IT Car3",-0.0123927561263701,5.06805089449006,0.842218402713897,0.386641185693522,0.744160140821926,0.799315030462457,"cogn_se_lv"
"11629","AC013394.1","Exc L5/6 IT Car3",-0.00204904699112188,5.76103443818292,0.0267796893063138,0.870099080817348,0.978146446587215,0.987362660502397,"cogn_se_lv"
"11630","CHD2","Exc L5/6 IT Car3",0.0131153743768764,7.10229762854543,1.65871511840107,0.198573882615062,0.586224600150966,0.640645130139517,"cogn_se_lv"
"11631","RGMA","Exc L5/6 IT Car3",0.0349536735761862,4.66985365221803,2.89618728064699,0.0896210974420217,0.439194913813251,0.479105597746587,"cogn_se_lv"
"11632","AC112693.1","Exc L5/6 IT Car3",0.0661568319447771,2.11580085348296,2.76680710472802,0.0970763596422997,0.451509102692813,0.492396325363024,"cogn_se_lv"
"11633","AC091078.1","Exc L5/6 IT Car3",0.0225509593090854,8.50651681773703,0.883145709693883,0.347948605799158,0.71589960471244,0.772863637193135,"cogn_se_lv"
"11634","AC110023.1","Exc L5/6 IT Car3",0.00766111033242684,9.32454719486088,0.102742112885245,0.748742651029167,0.934009274727074,0.958777078743924,"cogn_se_lv"
"11635","LINC01579","Exc L5/6 IT Car3",0.0164777813408203,5.46138045710253,0.193167420788899,0.660547433210933,0.892052035548988,0.92893940694672,"cogn_se_lv"
"11636","LINC02207","Exc L5/6 IT Car3",-0.00878406631726739,4.3748157988826,0.105909377772686,0.745032342086135,0.933489191948679,0.95780959891064,"cogn_se_lv"
"11637","AC103996.2","Exc L5/6 IT Car3",-0.0256665139107001,2.67856592478674,0.59755516537193,0.440001057059184,0.776403982764389,0.82975737485622,"cogn_se_lv"
"11638","LINC01580","Exc L5/6 IT Car3",0.00605604246706126,5.90146717834696,0.0496093063497114,0.823866204239484,0.964019874680464,0.978143890472072,"cogn_se_lv"
"11639","MCTP2","Exc L5/6 IT Car3",0.0267610563935697,7.85010438996043,2.2720199869123,0.132573034689989,0.503528875587102,0.555584622508977,"cogn_se_lv"
"11640","AC087636.1","Exc L5/6 IT Car3",0.0563786423194332,1.70524118360609,0.956104117801925,0.328802998423781,0.700143385021856,0.760270999260831,"cogn_se_lv"
"11641","LINC01197","Exc L5/6 IT Car3",-0.00931118992033386,6.97560095831837,0.425160208962693,0.514774228000355,0.819104354843558,0.866397240855206,"cogn_se_lv"
"11642","LINC00924","Exc L5/6 IT Car3",-0.0635318827914515,1.61763015913859,1.35913804057116,0.244430500380096,0.629709375013525,0.688853252677408,"cogn_se_lv"
"11643","AC012409.2","Exc L5/6 IT Car3",0.0481591197059295,2.26040982250177,1.16651120140552,0.280815855376553,0.66183093633157,0.7222284125279,"cogn_se_lv"
"11644","NR2F2-AS1","Exc L5/6 IT Car3",-0.0274648374151019,4.24892310819273,0.205872181218345,0.650285561323735,0.88742216518162,0.924672259065696,"cogn_se_lv"
"11645","NR2F2","Exc L5/6 IT Car3",-0.0204952093287737,2.93747350289957,0.120488118122564,0.728701095714195,0.924999994394571,0.952980420485531,"cogn_se_lv"
"11646","AC020704.1","Exc L5/6 IT Car3",0.00755600845044865,3.07911993407888,0.0358460260353063,0.849936611533366,0.971590615130246,0.983411849441012,"cogn_se_lv"
"11647","LINC02253","Exc L5/6 IT Car3",0.0404291135215682,2.33513560529452,0.722416818611893,0.395896531656495,0.752045270656073,0.805296719429284,"cogn_se_lv"
"11648","LINC02254","Exc L5/6 IT Car3",0.00590602242818516,4.25014628497572,0.0414702237933638,0.838743815926971,0.9679990496525,0.98120012415351,"cogn_se_lv"
"11649","LINC00923","Exc L5/6 IT Car3",0.0385169520847564,4.4985204931126,1.15867600222255,0.282434756511629,0.662539096936755,0.723366709411227,"cogn_se_lv"
"11650","ARRDC4","Exc L5/6 IT Car3",0.0425863151453478,2.77645802592833,2.51264145793433,0.113782359787774,0.479991278430886,0.523306878709404,"cogn_se_lv"
"11651","AC022523.1","Exc L5/6 IT Car3",-0.0107537402400791,1.65635964358841,0.0473550103487807,0.827850160335917,0.965198027846194,0.978896725363532,"cogn_se_lv"
"11652","FAM169B","Exc L5/6 IT Car3",-0.061713394841844,3.75484535421331,4.63054150203814,0.0320477964880115,0.308645549405818,0.316331500448242,"cogn_se_lv"
"11653","IGF1R","Exc L5/6 IT Car3",0.0170072460890527,7.74919989085052,1.21450570853714,0.27115090967312,0.653645032580496,0.71417892965621,"cogn_se_lv"
"11654","AC036108.1","Exc L5/6 IT Car3",0.0314194912237448,5.43824942508923,2.40288370901791,0.121958303691795,0.491568598997994,0.538144874298891,"cogn_se_lv"
"11655","SYNM","Exc L5/6 IT Car3",-0.00408604498775259,5.29667689915661,0.0738098138597858,0.786018409721522,0.949992646450748,0.969007081477759,"cogn_se_lv"
"11656","TTC23","Exc L5/6 IT Car3",0.0137700069834822,2.98885983311923,0.285767715560713,0.593263449646413,0.860392400593103,0.902067329791077,"cogn_se_lv"
"11657","AC036108.3","Exc L5/6 IT Car3",-0.0149674468580771,2.85941311263145,0.291451986528154,0.596686409793359,0.86265888649317,0.903513989057956,"cogn_se_lv"
"11658","LRRC28","Exc L5/6 IT Car3",0.0206283372677291,7.08394417469687,2.69981549543598,0.101200991235654,0.459149883719911,0.500169891389951,"cogn_se_lv"
"11659","MEF2A","Exc L5/6 IT Car3",-0.00266576607575954,8.52766991376451,0.0588913912758072,0.808389944129946,0.95768620203165,0.975244725714598,"cogn_se_lv"
"11660","LYSMD4","Exc L5/6 IT Car3",0.0249006331863559,4.81255135092398,2.31329275008412,0.129117771262372,0.499528029091984,0.549706505248572,"cogn_se_lv"
"11661","AC090825.1","Exc L5/6 IT Car3",-0.0217029731143667,4.80995218802938,0.330940374753292,0.565452114327083,0.84542695588375,0.888975546172616,"cogn_se_lv"
"11662","ADAMTS17","Exc L5/6 IT Car3",-0.0492654209017998,7.33428752740148,1.72506794152406,0.189847873481571,0.577651002942146,0.631321942617915,"cogn_se_lv"
"11663","CERS3","Exc L5/6 IT Car3",0.0578699440185628,2.20580051573652,1.72078652158375,0.190397169172149,0.578059906526485,0.631762592868367,"cogn_se_lv"
"11664","AC027020.2","Exc L5/6 IT Car3",-0.01511611108405,2.27736424343212,0.133031747385537,0.71551542669119,0.918464902292858,0.948662345747714,"cogn_se_lv"
"11665","LINS1","Exc L5/6 IT Car3",0.0196860681526957,4.99812120002347,1.79690975831487,0.180900936711578,0.56781769297972,0.620933095000188,"cogn_se_lv"
"11666","ASB7","Exc L5/6 IT Car3",0.0360127498808634,4.89564392829697,6.50875295662572,0.0111321343424756,0.214164403886737,0.20097253478709,"cogn_se_lv"
"11667","AC087762.1","Exc L5/6 IT Car3",0.0699939986129226,1.79565459781874,1.95929048114072,0.162418858661511,0.54612764579433,0.597619912804677,"cogn_se_lv"
"11668","LRRK1","Exc L5/6 IT Car3",0.0419076441601362,3.89845040151771,1.39673619565115,0.238022346061121,0.624685280902288,0.682940098335272,"cogn_se_lv"
"11669","AC090907.2","Exc L5/6 IT Car3",0.0155614555402488,3.5669772214029,0.335002560529539,0.56307684272524,0.844122647356177,0.88811248057246,"cogn_se_lv"
"11670","CHSY1","Exc L5/6 IT Car3",0.0287616025540129,4.92646703367731,3.23560852689497,0.072860354775533,0.412732658561907,0.442617784276609,"cogn_se_lv"
"11671","SELENOS","Exc L5/6 IT Car3",-0.00490362188051878,3.57997646865285,0.0368268655985087,0.847922213418378,0.971136553429121,0.983044049429311,"cogn_se_lv"
"11672","SNRPA1","Exc L5/6 IT Car3",0.0172468717384107,5.16205556464609,1.03292039406248,0.310131319772049,0.685742619952766,0.746934941272392,"cogn_se_lv"
"11673","AC023024.1","Exc L5/6 IT Car3",0.0370869926722597,2.1446384140126,1.02110436964959,0.312911056845398,0.687818293660267,0.749266162100914,"cogn_se_lv"
"11674","PCSK6","Exc L5/6 IT Car3",0.0584457855268467,3.34781232551584,3.08395922933341,0.0798870201787072,0.421770579948646,0.458793865635213,"cogn_se_lv"
"11675","TM2D3","Exc L5/6 IT Car3",-0.0127113920888104,5.66838487881493,0.553147289255077,0.457501941643318,0.788028655907772,0.838883442366554,"cogn_se_lv"
"11676","TARSL2","Exc L5/6 IT Car3",0.0236575400082275,5.9964478721702,4.21190774078412,0.0408373406953611,0.333237896766494,0.349732484697263,"cogn_se_lv"
"11677","WASIR2","Exc L5/6 IT Car3",0.0427211215470549,1.98321038310488,0.732942993021528,0.392479554135744,0.749411952623958,0.803272003429338,"cogn_se_lv"
"11678","POLR3K","Exc L5/6 IT Car3",-0.0145451755813684,3.23849628418797,0.246701554902624,0.61969931867339,0.873687478415488,0.913000332342931,"cogn_se_lv"
"11679","SNRNP25","Exc L5/6 IT Car3",-0.0207393542710815,4.20074286673615,0.549504036072403,0.458986013288668,0.788028655907772,0.839618221684467,"cogn_se_lv"
"11680","RHBDF1","Exc L5/6 IT Car3",-0.0262899443784288,2.05076235051265,0.478838152990852,0.489378795959661,0.805857015816305,0.854051140894011,"cogn_se_lv"
"11681","MPG","Exc L5/6 IT Car3",0.0168533826669127,4.63969613387653,0.590664008163839,0.442647907321952,0.778382369377654,0.831209057644489,"cogn_se_lv"
"11682","NPRL3","Exc L5/6 IT Car3",-0.00421769275377467,6.20822567062133,0.157058932766347,0.692105053423735,0.905224673072746,0.940223363682234,"cogn_se_lv"
"11683","HBA2","Exc L5/6 IT Car3",-0.112585316924218,1.88431084436043,3.79383242037219,0.0521902503715625,0.361741535754187,0.385893609167653,"cogn_se_lv"
"11684","HBA1","Exc L5/6 IT Car3",-0.130401170663818,2.09127392363103,6.82228196488492,0.0093657093323607,0.199914378120709,0.185898385733719,"cogn_se_lv"
"11685","HBQ1","Exc L5/6 IT Car3",-0.034814450683959,1.81286824312547,0.545057186080229,0.460807797520556,0.789033378264504,0.840339668079456,"cogn_se_lv"
"11686","LUC7L","Exc L5/6 IT Car3",0.0134067327510593,6.95049360900366,0.873841346374954,0.350497731378071,0.717823937428057,0.774251551164222,"cogn_se_lv"
"11687","FAM234A","Exc L5/6 IT Car3",0.0287108881024514,3.94019843331793,1.72904853223176,0.189338835104584,0.576786356345913,0.630837951812798,"cogn_se_lv"
"11688","RGS11","Exc L5/6 IT Car3",-0.00852415359957748,5.95385354143612,0.317884442804635,0.573220003985165,0.849998307763332,0.89256669402392,"cogn_se_lv"
"11689","ARHGDIG","Exc L5/6 IT Car3",-0.0283083859631466,6.33231179713182,1.31636958208848,0.251978688873826,0.635147462215056,0.696648674422526,"cogn_se_lv"
"11690","PDIA2","Exc L5/6 IT Car3",-0.018342675224728,4.96834981325376,0.910507010919368,0.340596782031997,0.710098850655635,0.767668460921,"cogn_se_lv"
"11691","AXIN1","Exc L5/6 IT Car3",0.026245153167788,5.3644961669975,2.60144597790209,0.107610436062131,0.469487980975496,0.512092071064882,"cogn_se_lv"
"11692","MRPL28","Exc L5/6 IT Car3",-0.0394269250589794,3.92977454271818,2.28031596255122,0.131870281923853,0.502596245370999,0.554310675365681,"cogn_se_lv"
"11693","TMEM8A","Exc L5/6 IT Car3",-0.0530326902351647,3.15526712298017,5.25020279817337,0.0225000271426246,0.278580384332255,0.273870019340823,"cogn_se_lv"
"11694","NME4","Exc L5/6 IT Car3",-0.0228955122184572,3.97844101338791,1.12402658244694,0.289737860671288,0.669592397244724,0.729505818005496,"cogn_se_lv"
"11695","DECR2","Exc L5/6 IT Car3",-0.00998519958409837,2.42907059801657,0.0997006668070107,0.844297873179141,0.970740407319802,0.98238712712113,"cogn_se_lv"
"11696","RAB11FIP3","Exc L5/6 IT Car3",-0.0210868482677246,7.15944955168468,1.65658485436826,0.198861746618539,0.586411626836427,0.641060533030462,"cogn_se_lv"
"11697","CAPN15","Exc L5/6 IT Car3",0.0267254605743343,3.94647111748519,1.57384345558514,0.210433847872354,0.598585727280052,0.65380622042575,"cogn_se_lv"
"11698","PIGQ","Exc L5/6 IT Car3",-0.00121476758768416,5.23454309536838,0.0059899329508923,0.938351014270039,0.994369077299174,0.99727077180765,"cogn_se_lv"
"11699","RAB40C","Exc L5/6 IT Car3",0.0278672533689431,6.53043484590753,4.09591966760002,0.0436980198156379,0.341030692171738,0.359666168119375,"cogn_se_lv"
"11700","WFIKKN1","Exc L5/6 IT Car3",-0.014840441393739,2.55871180228979,0.15211241439292,0.696746990352421,0.908184651606992,0.941952675689923,"cogn_se_lv"
"11701","METTL26","Exc L5/6 IT Car3",-0.0666367801149866,4.82005818389217,5.30784978376143,0.0217776054339791,0.276220485614688,0.270406587354743,"cogn_se_lv"
"11702","MCRIP2","Exc L5/6 IT Car3",-0.00452591011157052,3.87116759571973,0.0482313281128914,0.902413711538868,0.987810604126722,0.992744989013678,"cogn_se_lv"
"11703","WDR90","Exc L5/6 IT Car3",0.00761097186296952,3.11350430058678,0.096172990598496,0.828883033554805,0.965305326251112,0.979014696657515,"cogn_se_lv"
"11704","RHOT2","Exc L5/6 IT Car3",0.00442268972895708,5.58626873884955,0.0863110720453862,0.769083425709049,0.942860274175954,0.964418127860612,"cogn_se_lv"
"11705","RHBDL1","Exc L5/6 IT Car3",0.00330629976271628,5.16968508539931,0.0336114381558351,0.85463521661786,0.972881064401809,0.984529508889508,"cogn_se_lv"
"11706","STUB1","Exc L5/6 IT Car3",-0.0425903329155831,5.57121634482066,2.66168015250711,0.103634552299053,0.462971192999255,0.504636888773058,"cogn_se_lv"
"11707","JMJD8","Exc L5/6 IT Car3",-0.0494656383444841,3.14402376426254,3.66353050476158,0.056379249458568,0.373928928056421,0.399121789664669,"cogn_se_lv"
"11708","WDR24","Exc L5/6 IT Car3",0.00309493367582723,2.61362975866044,0.0118312467341194,0.9134420859302,0.989073227776396,0.994093314602145,"cogn_se_lv"
"11709","FBXL16","Exc L5/6 IT Car3",-0.0490945260737368,6.39969007294482,6.6323538956706,0.0103980101822085,0.210007056042243,0.195010324714034,"cogn_se_lv"
"11710","METRN","Exc L5/6 IT Car3",0.0787025312872432,3.10761716431489,8.66078693648145,0.00345424035127825,0.132529156309283,0.115987908944607,"cogn_se_lv"
"11711","FAM173A","Exc L5/6 IT Car3",-0.00232865254037648,5.30889044334782,0.00749585215501729,0.931052858196314,0.991825533857636,0.995936331723628,"cogn_se_lv"
"11712","HAGHL","Exc L5/6 IT Car3",-0.00210350538893269,5.11402125656859,0.0128590617897362,0.909776078884328,0.989073227776396,0.993573462377759,"cogn_se_lv"
"11713","NARFL","Exc L5/6 IT Car3",-0.0291360493061205,4.5195886491646,2.56231990023843,0.110282931404228,0.473564261805543,0.51694599615677,"cogn_se_lv"
"11714","RPUSD1","Exc L5/6 IT Car3",-0.0531553949205757,3.01781947451405,3.61038310692322,0.0581894019146653,0.377862825091434,0.404694376815464,"cogn_se_lv"
"11715","CHTF18","Exc L5/6 IT Car3",0.00308735947438134,2.5700659972327,0.0103447776037589,0.919041989718527,0.990554792676028,0.994640339049422,"cogn_se_lv"
"11716","PRR25","Exc L5/6 IT Car3",0.0401734570307575,2.57283137838955,1.52578459454116,0.217522269742743,0.605941790486805,0.662306612351038,"cogn_se_lv"
"11717","LMF1","Exc L5/6 IT Car3",0.0110052926442751,6.17725470934311,0.549750387747378,0.458885422221739,0.788028655907772,0.839618221684467,"cogn_se_lv"
"11718","SOX8","Exc L5/6 IT Car3",0.00259979777648857,3.39009525141534,0.0112612427966792,0.915544878430319,0.98916706803889,0.994276053925228,"cogn_se_lv"
"11719","CACNA1H","Exc L5/6 IT Car3",-0.0161165188795718,3.25654650219858,0.271448238839452,0.602670535318442,0.866569586529472,0.905863820486025,"cogn_se_lv"
"11720","UBE2I","Exc L5/6 IT Car3",-0.0104278820949764,5.35512559249054,0.672413937759293,0.412734002702046,0.762102250535398,0.814866063600557,"cogn_se_lv"
"11721","BAIAP3","Exc L5/6 IT Car3",-0.0708904964413304,4.85099188846475,10.0846642070806,0.00161927224475618,0.096218532227018,0.080524161516322,"cogn_se_lv"
"11722","TSR3","Exc L5/6 IT Car3",-0.0195231098370946,3.4029097695368,0.414718740381304,0.519979190366445,0.820971047083305,0.868599671087134,"cogn_se_lv"
"11723","GNPTG","Exc L5/6 IT Car3",-0.000710353341155655,5.09719121433047,0.00320467205123057,0.954886266532189,0.996920944446838,0.998408429769982,"cogn_se_lv"
"11724","UNKL","Exc L5/6 IT Car3",0.0130246650762131,4.28587000045097,0.632358432859023,0.426996349422432,0.771118730064683,0.823062887944069,"cogn_se_lv"
"11725","C16orf91","Exc L5/6 IT Car3",-0.0197541551182784,2.92999441917307,0.328071236787729,0.567141502911789,0.846340320935947,0.889429412388206,"cogn_se_lv"
"11726","CCDC154","Exc L5/6 IT Car3",0.0143076373182684,2.73221615763789,0.221639666459296,0.638068098912177,0.883276385755741,0.920629240664563,"cogn_se_lv"
"11727","CLCN7","Exc L5/6 IT Car3",-0.0294731130293874,5.33469870384741,4.84737705632944,0.0282987784321946,0.298368509743409,0.300019665311947,"cogn_se_lv"
"11728","TELO2","Exc L5/6 IT Car3",-0.0145999738295235,3.33053654257505,0.425235177725954,0.5147371872783,0.819104354843558,0.866397240855206,"cogn_se_lv"
"11729","IFT140","Exc L5/6 IT Car3",-0.0182047541825383,4.99016604439557,1.18025276634945,0.278004848412161,0.659881279689661,0.719933406538763,"cogn_se_lv"
"11730","AL133297.2","Exc L5/6 IT Car3",-0.0226707488693309,1.57301057280938,0.183187494244659,0.668894718153006,0.896246710114467,0.93177251059267,"cogn_se_lv"
"11731","JPT2","Exc L5/6 IT Car3",0.0249985903098798,3.09529357053323,1.20433560401424,0.273163514388061,0.655439115440014,0.715696915060678,"cogn_se_lv"
"11732","MAPK8IP3","Exc L5/6 IT Car3",-0.012719414908392,6.85830416458053,1.17821218718706,0.278420017741409,0.660270789726072,0.720166974444736,"cogn_se_lv"
"11733","NME3","Exc L5/6 IT Car3",-0.0137952303358705,5.6579260884649,0.612445776379606,0.434364064157704,0.773613831177909,0.826378535571671,"cogn_se_lv"
"11734","MRPS34","Exc L5/6 IT Car3",-0.0376180527946523,4.2162086531553,1.54600144145087,0.214506230626174,0.602518404533793,0.658716020971045,"cogn_se_lv"
"11735","EME2","Exc L5/6 IT Car3",-0.0217221790786869,4.27967296701609,1.14329382937641,0.285647609448246,0.665641266122356,0.726313407712253,"cogn_se_lv"
"11736","SPSB3","Exc L5/6 IT Car3",0.0266044987002913,4.71579410146525,2.08717302748067,0.149378711574707,0.528313557977715,0.580395910241663,"cogn_se_lv"
"11737","NUBP2","Exc L5/6 IT Car3",-0.0401746703765734,3.41163289390069,3.25123304493754,0.0721751994114339,0.411004380806746,0.440578340180331,"cogn_se_lv"
"11738","HAGH","Exc L5/6 IT Car3",-0.00930880242122525,6.62205837099069,0.689005883998764,0.407032704372078,0.758873719574708,0.811541028892294,"cogn_se_lv"
"11739","FAHD1","Exc L5/6 IT Car3",-0.00770782305975327,4.2289736258149,0.158681539175628,0.690600808353587,0.904684871763421,0.939626747553173,"cogn_se_lv"
"11740","MEIOB","Exc L5/6 IT Car3",0.0418009609119498,2.42797801510913,1.50742496638758,0.220305269258069,0.608597755139415,0.665169861356773,"cogn_se_lv"
"11741","MSRB1","Exc L5/6 IT Car3",0.0213873737425258,1.58550243083619,0.172430830233477,0.678198751814565,0.900130631056747,0.935342049504078,"cogn_se_lv"
"11742","NDUFB10","Exc L5/6 IT Car3",-0.0585863879361029,4.39505830964579,3.17057452775174,0.0757884148979724,0.416268274546679,0.449426007260361,"cogn_se_lv"
"11743","RPS2","Exc L5/6 IT Car3",-0.0669878968328899,5.93696992460031,3.91158042144361,0.0486887946209755,0.354268643104519,0.374763167515443,"cogn_se_lv"
"11744","SNHG9","Exc L5/6 IT Car3",-0.0146444546761163,3.54419954017888,0.250737197134777,0.616851276912002,0.873193350247372,0.91188346815754,"cogn_se_lv"
"11745","TBL3","Exc L5/6 IT Car3",0.0462498207507756,2.73950665069282,2.5396526265171,0.211527181677257,0.599301054126101,0.655125355712443,"cogn_se_lv"
"11746","GFER","Exc L5/6 IT Car3",-0.00488413035430483,2.89876294314063,0.0415564099128726,0.838578648251858,0.967953603584797,0.981110493953177,"cogn_se_lv"
"11747","SYNGR3","Exc L5/6 IT Car3",-0.0407749837873941,5.4231395308875,4.15968832792125,0.0420999885039827,0.336180248199134,0.354577959162675,"cogn_se_lv"
"11748","ZNF598","Exc L5/6 IT Car3",0.00235822596107193,3.25795970661502,0.0105616488645846,0.918200736840527,0.990428761581556,0.994631051849355,"cogn_se_lv"
"11749","SLC9A3R2","Exc L5/6 IT Car3",-0.0202446927083645,3.15931806431909,0.450953302592532,0.502297517299684,0.813893323988433,0.860260435529036,"cogn_se_lv"
"11750","NTHL1","Exc L5/6 IT Car3",0.0198968270913246,2.98589486653527,0.463978649378692,0.496192285635259,0.810214099934042,0.857174901491206,"cogn_se_lv"
"11751","TSC2","Exc L5/6 IT Car3",-0.000228821378010261,5.82509802981766,0.000426401643537018,0.983536279121898,0.998390354534415,0.999870711362408,"cogn_se_lv"
"11752","PKD1","Exc L5/6 IT Car3",0.00361394997191498,7.60488563709868,0.0771559147689169,0.781342896077234,0.948932068389254,0.967864945220682,"cogn_se_lv"
"11753","RAB26","Exc L5/6 IT Car3",-0.0229141286018343,5.72419339157595,2.39067973189788,0.122907000332553,0.49197586118719,0.539629294461194,"cogn_se_lv"
"11754","SNHG19","Exc L5/6 IT Car3",0.0209048604926845,3.25833764219479,0.437745431285612,0.508620418875923,0.816961913286198,0.863403675335701,"cogn_se_lv"
"11755","TRAF7","Exc L5/6 IT Car3",-0.0106619568508973,3.73673352561586,0.289701245582941,0.590732489703504,0.859216805267642,0.900847299293412,"cogn_se_lv"
"11756","CASKIN1","Exc L5/6 IT Car3",0.00940671624809632,4.87862987032107,0.441565340138951,0.506777744785602,0.816298421614546,0.862500389308608,"cogn_se_lv"
"11757","MLST8","Exc L5/6 IT Car3",-0.0543497004980545,4.0188878334255,6.84685019525805,0.00924010413368116,0.199491591498572,0.184937989269606,"cogn_se_lv"
"11758","BRICD5","Exc L5/6 IT Car3",-0.0483984328887552,3.73175612716327,5.74120352699101,0.0170624688626181,0.247727731882729,0.241762704832702,"cogn_se_lv"
"11759","PGP","Exc L5/6 IT Car3",-0.0142270425625275,6.75961673446612,0.666328236498721,0.414854744371758,0.763587229497157,0.815916451415284,"cogn_se_lv"
"11760","E4F1","Exc L5/6 IT Car3",-0.00382755634760318,3.84031454993395,0.0323322153076657,0.857397934363608,0.973621837474622,0.985073999215388,"cogn_se_lv"
"11761","DNASE1L2","Exc L5/6 IT Car3",-0.0202168189975481,2.33430866996569,0.308197575394826,0.579120506767505,0.854021172859106,0.895744451775011,"cogn_se_lv"
"11762","ECI1","Exc L5/6 IT Car3",-0.0370939094163555,3.27123172865118,2.9516654322988,0.0866174938098623,0.434373509228393,0.473023933248963,"cogn_se_lv"
"11763","RNPS1","Exc L5/6 IT Car3",-0.00193223261410487,6.63648898258628,0.0390674407995201,0.843422589302742,0.970572616914356,0.98220668983709,"cogn_se_lv"
"11764","AC009065.4","Exc L5/6 IT Car3",-0.0201841218941317,1.98556919691819,0.251139706510427,0.616568792904461,0.873193350247372,0.911800736529175,"cogn_se_lv"
"11765","ABCA3","Exc L5/6 IT Car3",-6.43847297526256e-06,6.5633215685168,1.6873396279837e-07,0.99967247025572,0.999756585062036,1,"cogn_se_lv"
"11766","CCNF","Exc L5/6 IT Car3",0.0122281394042782,3.64125826054512,0.375155410924009,0.540579995999798,0.830870709392775,0.877922031574746,"cogn_se_lv"
"11767","TEDC2","Exc L5/6 IT Car3",0.00433133042583154,2.53687377683886,0.018541488503067,0.89176248299192,0.985581659838108,0.99064681862161,"cogn_se_lv"
"11768","TBC1D24","Exc L5/6 IT Car3",0.0273326859472619,2.39649023641623,0.658366136062752,0.440315397112904,0.776403982764389,0.829784202792321,"cogn_se_lv"
"11769","AMDHD2","Exc L5/6 IT Car3",0.0726196815764245,4.05509585900853,9.4189775722236,0.00230431613896784,0.110915255904059,0.0949870048224169,"cogn_se_lv"
"11770","PDPK1","Exc L5/6 IT Car3",0.00818952361399071,6.64185275909949,0.863467860996285,0.675885845631522,0.899176443999365,0.934584624089635,"cogn_se_lv"
"11771","AC093525.6","Exc L5/6 IT Car3",0.0400650534230963,2.00080473242056,0.890007317304459,0.346084869034451,0.715220375243748,0.771634968666444,"cogn_se_lv"
"11772","AC093525.4","Exc L5/6 IT Car3",0.0154208359165174,3.68148989944095,0.354920899277285,0.551701320021829,0.838006643815233,0.882861628971339,"cogn_se_lv"
"11773","KCTD5","Exc L5/6 IT Car3",0.0198891777262113,3.40078993922388,1.00335927923422,0.415964644645503,0.764381597742601,0.816596882836128,"cogn_se_lv"
"11774","SRRM2-AS1","Exc L5/6 IT Car3",0.0230763110143805,1.68399092654612,0.224396842665085,0.635986613697831,0.882502387955065,0.919991297713987,"cogn_se_lv"
"11775","SRRM2","Exc L5/6 IT Car3",-0.0219527954626287,7.08631710104318,4.64743863424521,0.0317377682229361,0.307073851345728,0.315004912487373,"cogn_se_lv"
"11776","ELOB","Exc L5/6 IT Car3",-0.0813334907831348,4.90731925910451,4.30116273493564,0.0387707591525825,0.327903038577323,0.342526373251284,"cogn_se_lv"
"11777","FLYWCH2","Exc L5/6 IT Car3",0.00625415235760051,3.93746489956771,0.102951489516967,0.748495442869899,0.933897613787942,0.958724041246465,"cogn_se_lv"
"11778","FLYWCH1","Exc L5/6 IT Car3",0.0155597603465223,5.61283293728945,1.35062157074762,0.245911203012836,0.63060160275998,0.690296500135949,"cogn_se_lv"
"11779","AC004034.1","Exc L5/6 IT Car3",0.00465897806899008,2.26942834121521,0.0157966001730696,0.900049243222095,0.987227347471321,0.992443914936985,"cogn_se_lv"
"11780","PAQR4","Exc L5/6 IT Car3",-0.0337181959186984,3.41468200357771,2.10407001181492,0.147746508722309,0.525936758897253,0.578078768153516,"cogn_se_lv"
"11781","HCFC1R1","Exc L5/6 IT Car3",-0.0461526494568287,4.78130948325066,2.43933663773697,0.119172729420925,0.489465049417691,0.533807266649094,"cogn_se_lv"
"11782","THOC6","Exc L5/6 IT Car3",-0.0533650102845467,1.82146042563755,1.41273286397267,0.235358068922715,0.622876530621176,0.68041759524835,"cogn_se_lv"
"11783","MMP25-AS1","Exc L5/6 IT Car3",0.0248997940815837,3.44291044116497,0.991350237198319,0.320056889452626,0.693607301690158,0.754165847328821,"cogn_se_lv"
"11784","ZNF213-AS1","Exc L5/6 IT Car3",-0.0095222534713002,3.86888258883198,0.26226842724094,0.608868517365203,0.869396553735584,0.908417602299629,"cogn_se_lv"
"11785","ZNF205","Exc L5/6 IT Car3",0.00444667534282607,2.57049454893196,0.0231824632615875,0.879065715726481,0.98101923710574,0.988795269770792,"cogn_se_lv"
"11786","ZNF213","Exc L5/6 IT Car3",0.0166861013056641,4.09407290776431,0.389582394318138,0.532899858778692,0.826852127109796,0.874160168342888,"cogn_se_lv"
"11787","AJ003147.2","Exc L5/6 IT Car3",-0.00170197170364467,1.5580816387118,0.000474216541155265,0.982637852604625,0.998390354534415,0.999870711362408,"cogn_se_lv"
"11788","ZNF200","Exc L5/6 IT Car3",-0.0331706246604497,2.79265113123685,1.35797577315487,0.244631931575286,0.629983999553284,0.688985899638311,"cogn_se_lv"
"11789","ZNF263","Exc L5/6 IT Car3",0.00157485675349644,4.29290612192677,0.0101925381714974,0.919637867344978,0.990775413261408,0.994687081350804,"cogn_se_lv"
"11790","TIGD7","Exc L5/6 IT Car3",-0.00245792970701529,4.01740500873123,0.0176648889478015,0.894336633592261,0.9857013440361,0.991248553653481,"cogn_se_lv"
"11791","ZNF75A","Exc L5/6 IT Car3",0.00305832285732979,5.03666241802881,0.0385753629598644,0.844399079453554,0.970740407319802,0.982424905429289,"cogn_se_lv"
"11792","AC025283.3","Exc L5/6 IT Car3",0.0164080869153466,3.20677533088563,0.379092447931987,0.53846417112852,0.829209140364988,0.876967611169589,"cogn_se_lv"
"11793","ZSCAN32","Exc L5/6 IT Car3",-0.0179444009088133,2.84484380708953,0.527896304020305,0.498510333547755,0.811569414226447,0.858302490459537,"cogn_se_lv"
"11794","ZNF597","Exc L5/6 IT Car3",-0.0148208966671551,2.2659825552446,0.195753472491207,0.837037074059131,0.967115719302831,0.980835246833732,"cogn_se_lv"
"11795","NAA60","Exc L5/6 IT Car3",-0.050828711821454,3.26788160277875,4.97197101594272,0.0263548387269245,0.293064283242318,0.29113830515422,"cogn_se_lv"
"11796","CLUAP1","Exc L5/6 IT Car3",0.012670392679635,5.44268263632519,1.39444405227486,0.253782202400139,0.637874913431022,0.69831363710131,"cogn_se_lv"
"11797","NLRC3","Exc L5/6 IT Car3",0.0658064906093847,2.30866531285475,2.84732622131051,0.0923605150649682,0.443820957188104,0.484911820339706,"cogn_se_lv"
"11798","AC004494.1","Exc L5/6 IT Car3",0.0621431662749109,2.4283189727931,3.90122591769103,0.0489864689399517,0.354944330031006,0.375642397708845,"cogn_se_lv"
"11799","SLX4","Exc L5/6 IT Car3",0.0348485623662467,3.58472890866327,2.58908026311328,0.108447272166235,0.470937787426174,0.513504939272695,"cogn_se_lv"
"11800","DNASE1","Exc L5/6 IT Car3",0.0107203639718515,5.37078383624343,0.668770156646815,0.742294430213589,0.93226849545349,0.956981540730555,"cogn_se_lv"
"11801","TRAP1","Exc L5/6 IT Car3",0.00321994829387606,5.8101841646503,0.054764780779519,0.815098572352532,0.959870452932088,0.976606831175279,"cogn_se_lv"
"11802","CREBBP","Exc L5/6 IT Car3",-0.00051967876313461,7.12927395093628,0.0028380923353244,0.957542264471127,0.997053628956036,0.998555548513014,"cogn_se_lv"
"11803","ADCY9","Exc L5/6 IT Car3",0.00165594028309448,7.49561259586488,0.0138745633249698,0.906297074610836,0.987921701769422,0.99299714570084,"cogn_se_lv"
"11804","TFAP4","Exc L5/6 IT Car3",-0.0147619218604339,2.7587927915366,0.272138002582868,0.602210230851513,0.866169668486429,0.905595443031068,"cogn_se_lv"
"11805","GLIS2","Exc L5/6 IT Car3",0.0369969579773451,1.92147646521186,0.792793386373736,0.373829698702094,0.733925126039702,0.790738161997433,"cogn_se_lv"
"11806","VASN","Exc L5/6 IT Car3",0.0306750182697226,2.41672700326352,0.698773293799459,0.403730387352343,0.756810068374246,0.809719494865598,"cogn_se_lv"
"11807","DNAJA3","Exc L5/6 IT Car3",-0.0170201642746925,5.01243387817503,1.50995538126818,0.219919179724738,0.608460772257744,0.664669120926421,"cogn_se_lv"
"11808","NMRAL1","Exc L5/6 IT Car3",0.0274955281071474,4.30297603978976,2.21444982046408,0.137567180228701,0.510620798575702,0.562904312251034,"cogn_se_lv"
"11809","HMOX2","Exc L5/6 IT Car3",0.00212028298552209,5.21927842775649,0.0161309084866539,0.899002766681449,0.986715578313859,0.99224260186736,"cogn_se_lv"
"11810","CDIP1","Exc L5/6 IT Car3",-0.0275242569427373,6.15841290712178,1.85239969133032,0.174324769695791,0.560922354571814,0.613077901036707,"cogn_se_lv"
"11811","C16orf96","Exc L5/6 IT Car3",0.0885253951866942,1.6030100829711,2.49863711689636,0.114790909095825,0.481599545999998,0.525046572035287,"cogn_se_lv"
"11812","UBALD1","Exc L5/6 IT Car3",-0.0520665923146537,4.403682063352,4.60452821434061,0.0325313083978557,0.309560151737409,0.318525111228407,"cogn_se_lv"
"11813","MGRN1","Exc L5/6 IT Car3",0.0229383936587751,6.02969347583416,3.66184397386403,0.0564357595523293,0.373928928056421,0.39931867967811,"cogn_se_lv"
"11814","NUDT16L1","Exc L5/6 IT Car3",-0.0263977963412698,4.07048415077829,1.4333757914908,0.231973239723437,0.620439023679691,0.677856229890439,"cogn_se_lv"
"11815","ANKS3","Exc L5/6 IT Car3",0.0334976998219638,5.94022915698589,8.47027630481024,0.00382616838552444,0.139057951034185,0.121985093671401,"cogn_se_lv"
"11816","ZNF500","Exc L5/6 IT Car3",-0.00233291496921538,4.07705679389825,0.0187468111422303,0.891168563657764,0.985508487276283,0.990615604154006,"cogn_se_lv"
"11817","ROGDI","Exc L5/6 IT Car3",-0.0198881759032316,5.40753683287835,1.18921951351696,0.276189739135134,0.658695193753248,0.718528946576158,"cogn_se_lv"
"11818","GLYR1","Exc L5/6 IT Car3",0.013486647552981,6.24292232015727,2.00957501263472,0.361232132896138,0.725026094596221,0.781731528356945,"cogn_se_lv"
"11819","UBN1","Exc L5/6 IT Car3",-0.00301553968784655,4.92952688795143,0.0579944932428747,0.80982634671957,0.958497544695298,0.975526262241778,"cogn_se_lv"
"11820","PPL","Exc L5/6 IT Car3",-0.00755513892071662,3.92619234384879,0.1287210312175,0.719964441704445,0.921128336339796,0.949794633484118,"cogn_se_lv"
"11821","SEC14L5","Exc L5/6 IT Car3",0.023079932393549,6.61657003198017,1.92750134383624,0.165859145233889,0.551149290310699,0.602304782555525,"cogn_se_lv"
"11822","NAGPA-AS1","Exc L5/6 IT Car3",0.00981706696594569,3.02426191810512,0.124631355290278,0.72426376395704,0.923175362539246,0.951227704728521,"cogn_se_lv"
"11823","NAGPA","Exc L5/6 IT Car3",0.00974578390798918,6.00609554577201,0.481667332291483,0.488099272624911,0.804955830014721,0.85337520157286,"cogn_se_lv"
"11824","ALG1","Exc L5/6 IT Car3",-0.0219580431188002,4.3771988601606,1.18327407356531,0.277391578111892,0.65984296042349,0.719710130821662,"cogn_se_lv"
"11825","AC026458.2","Exc L5/6 IT Car3",0.0628615995291582,3.5635357283841,7.49363121850639,0.00648775397040083,0.173648358410842,0.157585306784495,"cogn_se_lv"
"11826","RBFOX1","Exc L5/6 IT Car3",0.0292460558130758,12.6449884139722,7.71284157043414,0.00575924242706475,0.163835011002822,0.149050737444597,"cogn_se_lv"
"11827","TMEM114","Exc L5/6 IT Car3",0.0811691531278344,1.49621136617299,1.69050639688812,0.194335601052303,0.582685161431792,0.636332996269307,"cogn_se_lv"
"11828","METTL22","Exc L5/6 IT Car3",0.0198588180267393,4.15064828335988,1.41156768238697,0.235550904447486,0.622973768995341,0.680658719161473,"cogn_se_lv"
"11829","ABAT","Exc L5/6 IT Car3",-0.010611683078355,6.62335089033838,1.16078459295761,0.281997920673387,0.662539096936755,0.723177434573707,"cogn_se_lv"
"11830","TMEM186","Exc L5/6 IT Car3",0.0122146598802872,2.5343161873823,0.168163210440758,0.714874561203017,0.918247374513744,0.948325920729387,"cogn_se_lv"
"11831","PMM2","Exc L5/6 IT Car3",0.0272644933774615,4.79023808725592,2.18800387336037,0.139931960708058,0.513484233499527,0.565763767524895,"cogn_se_lv"
"11832","CARHSP1","Exc L5/6 IT Car3",-0.0150839677990882,4.56980048602228,0.678343312882425,0.410683123362864,0.761220434608513,0.813722350922617,"cogn_se_lv"
"11833","USP7","Exc L5/6 IT Car3",-0.0164142265763132,5.92004388523654,2.04085983857542,0.153958392363321,0.535555258877144,0.586288038217044,"cogn_se_lv"
"11834","C16orf72","Exc L5/6 IT Car3",-0.0123212103004472,5.63722051809534,0.838040796772749,0.360548074308473,0.724864123266806,0.781303217308681,"cogn_se_lv"
"11835","AC087190.1","Exc L5/6 IT Car3",0.0580875599441025,2.18227241743322,1.25227449990676,0.263837325661123,0.646775476572902,0.707707744540779,"cogn_se_lv"
"11836","LINC02177","Exc L5/6 IT Car3",0.0192221769273051,2.3012296183511,0.256194317439347,0.613045328400812,0.871393065013883,0.910566601456209,"cogn_se_lv"
"11837","AC007221.2","Exc L5/6 IT Car3",0.0271204562996991,2.58996754421525,0.496398107823447,0.481525921802988,0.800981834905749,0.850237712511045,"cogn_se_lv"
"11838","GRIN2A","Exc L5/6 IT Car3",0.0471963602447824,9.15792126787712,14.8789492288886,0.00013498202622583,0.0340451001343853,0.0217930612173142,"cogn_se_lv"
"11839","AC133565.1","Exc L5/6 IT Car3",0.0770006918050679,2.63800136528924,2.91118372966055,0.0887981648498786,0.437854915746994,0.477369366753906,"cogn_se_lv"
"11840","ATF7IP2","Exc L5/6 IT Car3",0.0407644171076932,6.32035735592399,6.20128313675828,0.013199476988755,0.22684257200978,0.216443937552434,"cogn_se_lv"
"11841","TEKT5","Exc L5/6 IT Car3",-0.0640822701014414,1.77929871631997,1.62866362586362,0.202680613976398,0.589852164542185,0.6450246588537,"cogn_se_lv"
"11842","NUBP1","Exc L5/6 IT Car3",0.0271088778041802,3.82337586776401,1.01537487358773,0.314270664758547,0.68901356695156,0.750139213006986,"cogn_se_lv"
"11843","TVP23A","Exc L5/6 IT Car3",0.00035120474874277,5.80239909552211,0.000511369462194657,0.981970661692623,0.998390354534415,0.999870711362408,"cogn_se_lv"
"11844","AC133065.1","Exc L5/6 IT Car3",0.112276614806664,2.02599637675679,5.83523930339275,0.0161872883296624,0.243815905276506,0.236938687556585,"cogn_se_lv"
"11845","CIITA","Exc L5/6 IT Car3",0.0491369150322593,1.75523822804696,1.01711152673941,0.313857741615941,0.68856317084381,0.749883923146364,"cogn_se_lv"
"11846","DEXI","Exc L5/6 IT Car3",-0.0458637256354409,4.31151870623136,4.22837674526423,0.0404474611136685,0.331639012540948,0.34827768847905,"cogn_se_lv"
"11847","CLEC16A","Exc L5/6 IT Car3",0.00328890850879387,7.15856739799209,0.0763809122473497,0.782415945822059,0.949259099943806,0.968120282298662,"cogn_se_lv"
"11848","AC007014.1","Exc L5/6 IT Car3",0.0428985396149627,2.22261055795369,0.915488684445789,0.339280898078926,0.709363247213108,0.766871316937596,"cogn_se_lv"
"11849","AC007220.1","Exc L5/6 IT Car3",0.0104767088673324,2.69319759963627,0.103887782295316,0.747393354035087,0.933897613787942,0.958495088500046,"cogn_se_lv"
"11850","RMI2","Exc L5/6 IT Car3",0.0648362015672657,2.22888710995427,2.44807272755669,0.118515705093187,0.488211108507535,0.532278766193098,"cogn_se_lv"
"11851","AC099489.1","Exc L5/6 IT Car3",0.0700803005477126,1.77517042020645,2.09463349241107,0.148655543712664,0.527453190884919,0.57929438204381,"cogn_se_lv"
"11852","SNN","Exc L5/6 IT Car3",-0.0487911945748253,5.63526866638943,4.4662799028136,0.0352325637325682,0.316168603990801,0.329148778424682,"cogn_se_lv"
"11853","TXNDC11","Exc L5/6 IT Car3",0.00780692774230208,5.6490153570112,0.341258684803271,0.559456070848506,0.842468584183807,0.886664975739731,"cogn_se_lv"
"11854","ZC3H7A","Exc L5/6 IT Car3",-0.0132228616380605,5.33267396974195,1.60188796342431,0.272052467393465,0.654140261900851,0.714792005925772,"cogn_se_lv"
"11855","RSL1D1","Exc L5/6 IT Car3",-0.041988973096262,4.49134256256395,4.40522231078553,0.0364996344643876,0.319345863790179,0.333961872177236,"cogn_se_lv"
"11856","AC007216.4","Exc L5/6 IT Car3",0.0160352824277768,4.5618816465154,1.02333016086845,0.463641694120296,0.790961030368069,0.841897165170879,"cogn_se_lv"
"11857","GSPT1","Exc L5/6 IT Car3",-0.0183860361846383,6.17934949274874,3.05667118024886,0.081227449288306,0.424965575349056,0.46184511244208,"cogn_se_lv"
"11858","AC007216.2","Exc L5/6 IT Car3",0.0763928924802976,1.65891687080225,1.78234756976303,0.182674084069838,0.569907592506548,0.623092649889384,"cogn_se_lv"
"11859","NPIPB2","Exc L5/6 IT Car3",0.0271790448014735,2.49309004388235,0.499637633687211,0.480099923881725,0.800406150660005,0.849558699832978,"cogn_se_lv"
"11860","SNX29","Exc L5/6 IT Car3",0.0119712588848805,6.31283201453793,0.797951136580537,0.372281579001413,0.732849002408768,0.789526266083702,"cogn_se_lv"
"11861","AC010333.2","Exc L5/6 IT Car3",0.00583761505384047,1.78977544067722,0.0149248239749473,0.902832277968433,0.987810604126722,0.992744989013678,"cogn_se_lv"
"11862","CPPED1","Exc L5/6 IT Car3",0.0222201492248421,4.11801672706998,1.22251079242448,0.269579822292204,0.652650975814763,0.713075579506679,"cogn_se_lv"
"11863","SHISA9","Exc L5/6 IT Car3",0.0309673407515346,8.61079945530238,4.12838916875476,0.0428764845179574,0.338425823422657,0.356999949106964,"cogn_se_lv"
"11864","U91319.1","Exc L5/6 IT Car3",0.0238500533043128,6.19447579797954,1.80611523273275,0.179790355455092,0.566621738397059,0.619941724179009,"cogn_se_lv"
"11865","U95743.1","Exc L5/6 IT Car3",0.0459700713217055,2.42207571454332,1.66448339402471,0.197796870904179,0.585652838765927,0.639965947881268,"cogn_se_lv"
"11866","ERCC4","Exc L5/6 IT Car3",-0.011429236964788,5.32338392405919,0.232277832239362,0.630122121859054,0.879200313273875,0.917570474356304,"cogn_se_lv"
"11867","AC010401.1","Exc L5/6 IT Car3",-0.0490710925775352,3.9831237322151,4.79569170776045,0.0291486298583373,0.301274287118744,0.303822074768876,"cogn_se_lv"
"11868","MKL2","Exc L5/6 IT Car3",-0.000387388606243575,8.93803194320476,0.00251378769192574,0.960039455885996,0.997053628956036,0.998555548513014,"cogn_se_lv"
"11869","AC130650.1","Exc L5/6 IT Car3",0.010823960280477,4.56168380829234,0.0702627646212314,0.791100738821411,0.951674127840344,0.970492012357583,"cogn_se_lv"
"11870","MIR193BHG","Exc L5/6 IT Car3",0.0341409061934068,4.35156567031448,2.38003565241859,0.123741147574672,0.492855743293762,0.540818349695916,"cogn_se_lv"
"11871","AC040173.1","Exc L5/6 IT Car3",0.0244921048058399,1.98693644160862,0.323804964537183,0.569671781795122,0.848436766038092,0.890922651809509,"cogn_se_lv"
"11872","PARN","Exc L5/6 IT Car3",0.0273179570332163,5.93624116361116,4.6065986301365,0.0324925466613382,0.309443250691828,0.318275458290546,"cogn_se_lv"
"11873","BFAR","Exc L5/6 IT Car3",0.0196118439753284,4.22187205475154,1.76529448393047,0.18477628528328,0.571335878509753,0.625474933971257,"cogn_se_lv"
"11874","NPIPA2","Exc L5/6 IT Car3",-0.0374500692352933,1.86439707759233,0.514649526272403,0.473581212348413,0.796185664977434,0.846561012221344,"cogn_se_lv"
"11875","NOMO1","Exc L5/6 IT Car3",-0.028713868639345,4.14192341192581,1.66712029625402,0.197442860762315,0.585188091611099,0.639563614222183,"cogn_se_lv"
"11876","NPIPA1","Exc L5/6 IT Car3",-0.0211620547342788,5.18319972505023,0.818558827427055,0.366184803846783,0.728149959336533,0.785486887204105,"cogn_se_lv"
"11877","PDXDC1","Exc L5/6 IT Car3",0.00152886297908614,7.21427458995934,0.0079757316089043,0.92888581529408,0.991644887442834,0.995925713518617,"cogn_se_lv"
"11878","NTAN1","Exc L5/6 IT Car3",0.00792318592602871,4.20441228868485,0.268430422157143,0.604693224247427,0.867513662728667,0.906820186422163,"cogn_se_lv"
"11879","RRN3","Exc L5/6 IT Car3",0.00310388443951652,4.81559146838635,0.0642177376132343,0.947905436043562,0.994804925328349,0.997804640603097,"cogn_se_lv"
"11880","NPIPA5","Exc L5/6 IT Car3",-0.0213399852110817,3.37036069507786,0.303279211821532,0.582162994177563,0.855297114028453,0.897054617574353,"cogn_se_lv"
"11881","AC140504.1","Exc L5/6 IT Car3",0.0251401239388794,2.0750325185634,0.472799987384121,0.492128419606113,0.807671139594468,0.855437942338272,"cogn_se_lv"
"11882","C16orf45","Exc L5/6 IT Car3",-0.0252524374826402,7.9881829225087,5.40042414423339,0.0206675435117982,0.270470658713074,0.264358896385031,"cogn_se_lv"
"11883","MARF1","Exc L5/6 IT Car3",0.0028033409367399,5.47464281354305,0.0686869694313286,0.875643417383909,0.979884010483651,0.9882628496082,"cogn_se_lv"
"11884","NDE1","Exc L5/6 IT Car3",-0.0014842714557811,1.97714734118195,0.0012634183757593,0.971664465211251,0.998267578294294,0.999138652990267,"cogn_se_lv"
"11885","MYH11","Exc L5/6 IT Car3",0.0971261042291338,1.55697301776027,3.30422259886385,0.0699026952979352,0.404074767840821,0.434673210523038,"cogn_se_lv"
"11886","FOPNL","Exc L5/6 IT Car3",-0.012498108918308,4.23787704769487,0.645039775272553,0.422402246136822,0.76923863843178,0.820226586708262,"cogn_se_lv"
"11887","ABCC1","Exc L5/6 IT Car3",0.024060950215135,5.00907921691624,2.06459503497515,0.151591711590842,0.531192268074467,0.583203889982013,"cogn_se_lv"
"11888","NOMO3","Exc L5/6 IT Car3",0.00453474000213962,2.50854976256178,0.0238112985108214,0.965950244043866,0.997621680933237,0.99892010896344,"cogn_se_lv"
"11889","AC138969.1","Exc L5/6 IT Car3",0.00806774287216811,1.98924282215073,0.0394280164290087,0.842711105696669,0.970110622589229,0.981998045759764,"cogn_se_lv"
"11890","XYLT1","Exc L5/6 IT Car3",0.0362655005885011,5.50669526085613,1.40290045863309,0.236991355199049,0.623962342018763,0.681888761506927,"cogn_se_lv"
"11891","NPIPA8","Exc L5/6 IT Car3",-0.0382281757160202,3.82245677791529,0.70401509037657,0.401974286035691,0.755322533491974,0.808417728434945,"cogn_se_lv"
"11892","NOMO2","Exc L5/6 IT Car3",0.0458578789754659,3.19933808594479,3.83905977716732,0.0508147104743876,0.359092820157328,0.381430448811319,"cogn_se_lv"
"11893","RPS15A","Exc L5/6 IT Car3",-0.064055929414549,4.2299678254863,3.2332773386859,0.0729631795023944,0.412732658561907,0.442845155026992,"cogn_se_lv"
"11894","SMG1","Exc L5/6 IT Car3",0.0162267602446255,7.15036681320234,3.0079600469332,0.083681169663168,0.430720134152561,0.467584607284092,"cogn_se_lv"
"11895","TMC7","Exc L5/6 IT Car3",0.0386342512120738,3.2135172762735,2.11686643466906,0.146523851804663,0.523989706917957,0.576471513225743,"cogn_se_lv"
"11896","COQ7","Exc L5/6 IT Car3",-0.0186103865006922,3.64821344333473,0.767250173384261,0.381631788090463,0.740402552467578,0.796565374820172,"cogn_se_lv"
"11897","SYT17","Exc L5/6 IT Car3",-0.0143485904255587,2.1681116610261,0.0894262503344219,0.765074072952422,0.94162460461338,0.963296733473921,"cogn_se_lv"
"11898","AC130456.2","Exc L5/6 IT Car3",0.0405677820104217,1.19412530214429,0.431807956749643,0.511507662180145,0.818390988767277,0.86485874949637,"cogn_se_lv"
"11899","TMC5","Exc L5/6 IT Car3",0.049405227548785,1.8122471982235,1.26559655336331,0.261316474039576,0.64480688399376,0.705075797681231,"cogn_se_lv"
"11900","GDE1","Exc L5/6 IT Car3",-0.0379149449558586,4.58701241900046,3.5277725485773,0.0611272567408834,0.384275829433584,0.412270726004354,"cogn_se_lv"
"11901","CCP110","Exc L5/6 IT Car3",0.0108801759530359,5.58218433215222,0.916211659115296,0.339090497700147,0.709363247213108,0.76677457800845,"cogn_se_lv"
"11902","VPS35L","Exc L5/6 IT Car3",0.0204686443839221,6.35476164005654,3.19701019844733,0.074583162217416,0.414530468228975,0.446789654885778,"cogn_se_lv"
"11903","KNOP1","Exc L5/6 IT Car3",-0.0179024272585203,4.34384062145172,0.556308128352323,0.456220519488696,0.787310360499106,0.83825549658318,"cogn_se_lv"
"11904","IQCK","Exc L5/6 IT Car3",0.0290417159540279,5.04074288341543,1.78842285825829,0.181931889649847,0.569088434625643,0.622030034313325,"cogn_se_lv"
"11905","AC027130.1","Exc L5/6 IT Car3",0.0398465677136569,1.9272900891423,0.634466416140424,0.426227487192564,0.770666174753535,0.82252415381744,"cogn_se_lv"
"11906","GPRC5B","Exc L5/6 IT Car3",-0.111969979904377,1.9073255058952,6.16970750394285,0.0134331227286138,0.227194137589023,0.218143420193389,"cogn_se_lv"
"11907","ACSM3","Exc L5/6 IT Car3",0.0187956320578903,2.6832361135355,0.274208655752227,0.600832853887154,0.865077895156077,0.904946523631918,"cogn_se_lv"
"11908","THUMPD1","Exc L5/6 IT Car3",-0.0193666679012445,5.24601461633089,1.95933930834563,0.162413637761699,0.54612764579433,0.597619912804677,"cogn_se_lv"
"11909","ERI2","Exc L5/6 IT Car3",0.0314140762563243,3.93002237689127,2.11222878905669,0.146965635180516,0.524769296018485,0.577165341267468,"cogn_se_lv"
"11910","REXO5","Exc L5/6 IT Car3",0.0817152074743182,2.66020880492355,7.06445116557904,0.00820048518774461,0.190847787828328,0.175139229002428,"cogn_se_lv"
"11911","LYRM1","Exc L5/6 IT Car3",0.0426735463524223,3.7549689529581,4.7105734636146,0.0306068979938221,0.304222598957164,0.309972498390072,"cogn_se_lv"
"11912","DNAH3","Exc L5/6 IT Car3",-0.00301487468979166,2.21379052048884,0.00609175158291051,0.937830315395812,0.994369077299174,0.99727077180765,"cogn_se_lv"
"11913","TMEM159","Exc L5/6 IT Car3",0.00758575241566706,2.0571140775514,0.0318721873778879,0.85840521362136,0.973716475920048,0.985156698229816,"cogn_se_lv"
"11914","CRYM","Exc L5/6 IT Car3",0.0277307656446093,4.86123131446651,1.1352761289279,0.28734068897349,0.667397102822518,0.727708712098619,"cogn_se_lv"
"11915","NPIPB3","Exc L5/6 IT Car3",-0.0448884286736244,2.45295406405646,1.38417217441822,0.240140674224236,0.625749066637086,0.684838424791707,"cogn_se_lv"
"11916","METTL9","Exc L5/6 IT Car3",-0.01135166333062,5.80912010423901,1.35194834843117,0.245679803805159,0.63060160275998,0.690220833943507,"cogn_se_lv"
"11917","OTOA","Exc L5/6 IT Car3",0.0571677025739778,3.34974557568871,4.54985509007226,0.0335726298999968,0.311640275776046,0.322756239687204,"cogn_se_lv"
"11918","NPIPB4","Exc L5/6 IT Car3",0.0169640873263039,4.42271228390478,0.706496741314679,0.40114676770203,0.754699638270969,0.808054691257847,"cogn_se_lv"
"11919","AC092119.2","Exc L5/6 IT Car3",0.0303168750666618,2.03728117669855,0.675698507189537,0.457257420810417,0.788028655907772,0.83874021209378,"cogn_se_lv"
"11920","UQCRC2","Exc L5/6 IT Car3",0.00156648154459108,6.39984409402346,0.0180699932809246,0.893139142962281,0.9857013440361,0.990958286242558,"cogn_se_lv"
"11921","PDZD9","Exc L5/6 IT Car3",0.0121305247853334,2.04419602310053,0.0730851618428662,0.78704588622942,0.950159726158674,0.969207029553463,"cogn_se_lv"
"11922","MOSMO","Exc L5/6 IT Car3",-0.0119924228944518,7.52995623827269,1.49915113587325,0.221573371719156,0.610116152240244,0.666589620269606,"cogn_se_lv"
"11923","VWA3A","Exc L5/6 IT Car3",0.0224582459686374,6.74367592391344,2.50848033362693,0.114081003088183,0.480461755326494,0.523931108537957,"cogn_se_lv"
"11924","SDR42E2","Exc L5/6 IT Car3",-0.0274585329560433,2.6151148221823,0.749738102519297,0.387114745785126,0.744564517533253,0.799555992519047,"cogn_se_lv"
"11925","EEF2K","Exc L5/6 IT Car3",-0.0380242119255256,4.44299185662278,4.86120452657173,0.0280758373651586,0.298196781952927,0.298994178146294,"cogn_se_lv"
"11926","POLR3E","Exc L5/6 IT Car3",0.0310853547971278,4.11292009469982,3.58883800471962,0.0589407783323454,0.379576832358774,0.406600856204691,"cogn_se_lv"
"11927","CDR2","Exc L5/6 IT Car3",0.0220128166190214,6.84145472057549,2.54213738151637,0.111690066462474,0.476642299946946,0.519727289917942,"cogn_se_lv"
"11928","AC092338.2","Exc L5/6 IT Car3",0.0322453722134412,2.61471521397303,0.611508964109407,0.434715437340109,0.773613831177909,0.826556063901364,"cogn_se_lv"
"11929","NPIPB5","Exc L5/6 IT Car3",-0.00529916087351411,5.91510817561149,0.0822283855933522,0.774458910422051,0.945176236681209,0.965833064332789,"cogn_se_lv"
"11930","AC130466.1","Exc L5/6 IT Car3",0.0306325788876469,2.26136322298918,0.586615967887687,0.444214217056646,0.779616467157233,0.832036602391591,"cogn_se_lv"
"11931","HS3ST2","Exc L5/6 IT Car3",0.0157011059290197,7.17945263397334,0.372627549346352,0.541946574996514,0.831782933056037,0.878696417349841,"cogn_se_lv"
"11932","USP31","Exc L5/6 IT Car3",-0.00875979193364469,6.717900047142,0.727584711192483,0.394213607239066,0.750811125246958,0.804130894698238,"cogn_se_lv"
"11933","COG7","Exc L5/6 IT Car3",0.00470568041836491,6.08671991596181,0.218381654847012,0.898017296640474,0.986715578313859,0.992164474469188,"cogn_se_lv"
"11934","GGA2","Exc L5/6 IT Car3",0.010060028366314,6.2674907172426,0.591004907195533,0.442516393149765,0.778382369377654,0.831137186507625,"cogn_se_lv"
"11935","EARS2","Exc L5/6 IT Car3",0.0123371868709166,4.01909178264146,0.569544464074855,0.450915342851905,0.783514409674926,0.835014466493929,"cogn_se_lv"
"11936","UBFD1","Exc L5/6 IT Car3",0.00660336169504721,4.48729348256016,0.177193288511351,0.674038460797907,0.898523335788635,0.933787889627569,"cogn_se_lv"
"11937","NDUFAB1","Exc L5/6 IT Car3",-0.0496331111070177,4.46240725152527,4.15872414016259,0.0421236859463172,0.336180248199134,0.354578692708627,"cogn_se_lv"
"11938","PALB2","Exc L5/6 IT Car3",-0.00129049701422448,3.64082836903567,0.00444097978493412,0.946903402581801,0.994804925328349,0.997665219498107,"cogn_se_lv"
"11939","DCTN5","Exc L5/6 IT Car3",-0.000656007611743289,6.13422056431532,0.00349533751556484,0.952887033977163,0.996258930224765,0.998166402803905,"cogn_se_lv"
"11940","PLK1","Exc L5/6 IT Car3",-0.000744983576716497,2.70823264745335,0.000980587915711655,0.975035572490123,0.998267578294294,0.999481105410931,"cogn_se_lv"
"11941","PRKCB","Exc L5/6 IT Car3",0.0177836550011267,9.19112700697896,1.42311272294403,0.233648648734545,0.621152652275808,0.678771431069004,"cogn_se_lv"
"11942","CACNG3","Exc L5/6 IT Car3",0.00696391881447667,7.67103489820907,0.312842983945392,0.576275906723123,0.85204017719943,0.894298299278653,"cogn_se_lv"
"11943","RBBP6","Exc L5/6 IT Car3",-0.00459955703852292,6.49856807416279,0.21489317315606,0.643228818861978,0.885447193796969,0.922230491595812,"cogn_se_lv"
"11944","TNRC6A","Exc L5/6 IT Car3",0.0147687313976557,9.20462577723821,1.7465335681247,0.187121648178735,0.574810811471204,0.628252677903074,"cogn_se_lv"
"11945","LINC01567","Exc L5/6 IT Car3",0.0618197787763599,2.55330808955427,2.4583955090507,0.117744526530209,0.486637707596218,0.530881116116549,"cogn_se_lv"
"11946","AC008731.1","Exc L5/6 IT Car3",0.0106791685751832,3.9274097640736,0.0847068176027437,0.771178871627439,0.943812551439068,0.964892748706355,"cogn_se_lv"
"11947","SLC5A11","Exc L5/6 IT Car3",-0.0442719641979217,2.45170053671306,1.64258146153014,0.200766321360925,0.588196018607392,0.642886015892823,"cogn_se_lv"
"11948","ARHGAP17","Exc L5/6 IT Car3",-0.00224085056991978,5.97051925357984,0.0204635318456082,0.886327164877202,0.983710314298651,0.989749193647213,"cogn_se_lv"
"11949","LCMT1","Exc L5/6 IT Car3",0.00329426959140807,6.17161402026465,0.105507333077395,0.745499890886724,0.933596030449178,0.957989041280602,"cogn_se_lv"
"11950","ZKSCAN2","Exc L5/6 IT Car3",0.0395165379784627,2.69793403548775,2.03891969879456,0.193521031387856,0.582038044373481,0.635559115425181,"cogn_se_lv"
"11951","AC008741.2","Exc L5/6 IT Car3",0.0263348566264241,3.40799711237667,1.23669318978643,0.266824252780566,0.649956513183431,0.710461883464321,"cogn_se_lv"
"11952","HS3ST4","Exc L5/6 IT Car3",-0.00692058384639888,10.1397812195526,0.181546391671716,0.670292974031434,0.896948862737481,0.932218051448961,"cogn_se_lv"
"11953","AC009158.1","Exc L5/6 IT Car3",-0.0245657928172992,2.16858662285547,0.320316050133314,0.571757480518562,0.848948154865477,0.891652752680127,"cogn_se_lv"
"11954","KDM8","Exc L5/6 IT Car3",0.0673065169451402,2.65877634620924,5.43039235219968,0.0203209305176257,0.26850417095392,0.262700074233471,"cogn_se_lv"
"11955","NSMCE1","Exc L5/6 IT Car3",0.0348454687917495,3.30571667637483,1.87358035585019,0.171887846575275,0.558407856943195,0.610088071334721,"cogn_se_lv"
"11956","AC106739.1","Exc L5/6 IT Car3",0.0641213352452508,2.75901508395521,4.10295635766289,0.0435185783873176,0.340840163552579,0.359248774625983,"cogn_se_lv"
"11957","IL21R-AS1","Exc L5/6 IT Car3",0.0275032588591563,2.08694125157543,0.409558864200278,0.522585674092933,0.82184687556614,0.869769139755503,"cogn_se_lv"
"11958","GTF3C1","Exc L5/6 IT Car3",-0.00635616329560272,6.08638616864639,0.290749319890987,0.590061866720792,0.859215832040212,0.900572439496454,"cogn_se_lv"
"11959","KIAA0556","Exc L5/6 IT Car3",0.0324288381512912,5.93158262751315,5.88724431814625,0.0157233784150331,0.240366366606315,0.233545412855791,"cogn_se_lv"
"11960","AC016597.1","Exc L5/6 IT Car3",0.0380399025588729,1.83658729857766,0.584801552272604,0.444919056266592,0.780222007527615,0.83232375067753,"cogn_se_lv"
"11961","GSG1L","Exc L5/6 IT Car3",0.0141047967944695,7.52718641033433,0.709954961767572,0.399997736232992,0.754037868768464,0.807547888707209,"cogn_se_lv"
"11962","XPO6","Exc L5/6 IT Car3",0.00406960620053544,6.56328265979675,0.161519454989958,0.68799119309754,0.9027936992217,0.938934972066693,"cogn_se_lv"
"11963","AC138904.3","Exc L5/6 IT Car3",0.060861161312582,5.81907528729158,4.73341226848888,0.0302082736219249,0.304222598957164,0.308148543358944,"cogn_se_lv"
"11964","SBK1","Exc L5/6 IT Car3",0.0633323991562624,5.09781962397608,6.96935174603588,0.00863918495432212,0.194381661472248,0.179122210869593,"cogn_se_lv"
"11965","NPIPB6","Exc L5/6 IT Car3",0.0344020195650299,2.10881522439005,0.548024787155211,0.459590760702862,0.78835285412584,0.839857728461674,"cogn_se_lv"
"11966","AC138894.1","Exc L5/6 IT Car3",-0.0201147580476311,2.21187882724705,0.227172212249488,0.633907152634514,0.881742679856471,0.919207974154803,"cogn_se_lv"
"11967","AC020765.2","Exc L5/6 IT Car3",-0.0165633750719403,1.56159907623885,0.110159519043149,0.740148680185292,0.931072322502814,0.956452901862079,"cogn_se_lv"
"11968","SGF29","Exc L5/6 IT Car3",0.0208568658581604,3.79110360406106,1.07931500037987,0.407833063201338,0.759297557925274,0.811921460814865,"cogn_se_lv"
"11969","SULT1A2","Exc L5/6 IT Car3",-0.0147348908451317,2.68557681875516,0.158512513765008,0.690757087223651,0.904684871763421,0.939643072598634,"cogn_se_lv"
"11970","SULT1A1","Exc L5/6 IT Car3",0.0199071211934132,5.8065056647339,2.11916396241375,0.146305545719688,0.523544845004563,0.576116594069684,"cogn_se_lv"
"11971","ATXN2L","Exc L5/6 IT Car3",-0.0138637771023998,5.72903602755002,1.16080688613134,0.281993306784752,0.662539096936755,0.723177434573707,"cogn_se_lv"
"11972","TUFM","Exc L5/6 IT Car3",-0.0268652244098001,4.93088233063575,1.12129421843919,0.290323952262773,0.669872315866136,0.729814844706016,"cogn_se_lv"
"11973","SH2B1","Exc L5/6 IT Car3",0.0255683209857719,5.5765975399411,5.17328799056929,0.0235029627077443,0.283917265362782,0.278356725234701,"cogn_se_lv"
"11974","AC133550.2","Exc L5/6 IT Car3",0.0312787702226771,3.29635946303623,1.4766774354682,0.225062329710785,0.614281616842088,0.67065057129864,"cogn_se_lv"
"11975","ATP2A1","Exc L5/6 IT Car3",0.0536491001387335,2.25889446131014,2.21819359313061,0.137236062767024,0.510406719667593,0.562424623887989,"cogn_se_lv"
"11976","RABEP2","Exc L5/6 IT Car3",0.0155284284117004,3.51887068942535,0.561066435065715,0.454302125582512,0.785539138032057,0.837014707812211,"cogn_se_lv"
"11977","NFATC2IP","Exc L5/6 IT Car3",0.0266361970520979,5.35720375652507,4.20024456930171,0.0411158452048574,0.333740958703985,0.350979486141379,"cogn_se_lv"
"11978","AC109460.2","Exc L5/6 IT Car3",-0.00419179956779881,2.01964999926882,0.00931758013455272,0.923153292330864,0.990974669133532,0.995127414547275,"cogn_se_lv"
"11979","SPNS1","Exc L5/6 IT Car3",-0.0160848611122413,4.14546187140243,0.945954595687362,0.331380317173068,0.701329176104902,0.761758975873078,"cogn_se_lv"
"11980","LAT","Exc L5/6 IT Car3",0.000182424329183357,2.76521719956882,5.55900027311729e-05,0.994055110064425,0.999242764926216,0.999870711362408,"cogn_se_lv"
"11981","AC009093.2","Exc L5/6 IT Car3",-0.0908314637172341,1.9323976846616,4.09233523041938,0.0437897263324892,0.341070411590849,0.35984985924121,"cogn_se_lv"
"11982","NPIPB11","Exc L5/6 IT Car3",-0.0377807986765873,2.70671488781556,1.33746221992571,0.248220819202992,0.632515293114118,0.692875776977192,"cogn_se_lv"
"11983","NPIPB12","Exc L5/6 IT Car3",-0.00411630569966798,1.90384556138828,0.0107101414734207,0.917629752386209,0.9902460491834,0.99454767524781,"cogn_se_lv"
"11984","KIF22","Exc L5/6 IT Car3",0.021535139552278,3.25530812692133,0.984100713549022,0.406091726365413,0.758598647331963,0.81096444614778,"cogn_se_lv"
"11985","MAZ","Exc L5/6 IT Car3",-0.0567378628724808,4.77859681472666,7.89743089326382,0.00521104496468944,0.157750327882543,0.141982300894569,"cogn_se_lv"
"11986","AC009133.1","Exc L5/6 IT Car3",0.0515722470815497,2.59888574310907,1.76891753634428,0.18432731168261,0.570735110564343,0.624963138528209,"cogn_se_lv"
"11987","MVP","Exc L5/6 IT Car3",0.0221756953223262,2.76941239498396,0.405424314421057,0.524690984479659,0.822693870075575,0.870674534093127,"cogn_se_lv"
"11988","CDIPT","Exc L5/6 IT Car3",-0.0063963921094348,5.15445508842479,0.110047809375839,0.740275690864469,0.931072322502814,0.956476461642367,"cogn_se_lv"
"11989","SEZ6L2","Exc L5/6 IT Car3",-0.00298040505466757,6.54603220238131,0.0247242610622377,0.875141022699742,0.979751648832088,0.988222954523801,"cogn_se_lv"
"11990","ASPHD1","Exc L5/6 IT Car3",0.0126052456242115,5.39140367899155,0.759216677280701,0.384133226939119,0.742172676735286,0.798070450914459,"cogn_se_lv"
"11991","KCTD13","Exc L5/6 IT Car3",0.0118792554290104,4.80541800141138,0.805819231706027,0.369937192409455,0.731697994523027,0.788117679431144,"cogn_se_lv"
"11992","TMEM219","Exc L5/6 IT Car3",-0.0197504388641565,4.39022000417403,0.671543140855398,0.413036472025671,0.762368829992214,0.815083678278884,"cogn_se_lv"
"11993","TAOK2","Exc L5/6 IT Car3",-0.0218706040623667,3.99391180036474,1.33562297288724,0.248545745007525,0.632973906863536,0.693234009074633,"cogn_se_lv"
"11994","HIRIP3","Exc L5/6 IT Car3",-0.00772319782095719,2.74814399967107,0.0654772772814559,0.7981802206963,0.954540194474746,0.97251829133889,"cogn_se_lv"
"11995","INO80E","Exc L5/6 IT Car3",-0.00364671635222671,3.64914751005701,0.0338125425360168,0.98030882902903,0.998390354534415,0.999870711362408,"cogn_se_lv"
"11996","DOC2A","Exc L5/6 IT Car3",-0.020393829887097,6.51550315171865,2.00643457926312,0.157466131526368,0.53985381247289,0.591135392583867,"cogn_se_lv"
"11997","FAM57B","Exc L5/6 IT Car3",-0.0473431321170812,3.94044105697111,4.83906514882202,0.0284336816358852,0.298467500217356,0.300651347331919,"cogn_se_lv"
"11998","PPP4C","Exc L5/6 IT Car3",-0.0363891639954319,4.09186181695877,2.97564615722997,0.0853532038953021,0.433383638386242,0.470682728991694,"cogn_se_lv"
"11999","YPEL3","Exc L5/6 IT Car3",-0.0326164339624535,6.84829018049376,2.25077132200026,0.13439224051647,0.505539306366846,0.557412753456494,"cogn_se_lv"
"12000","AC012645.1","Exc L5/6 IT Car3",-0.0244312186637359,2.2523446907714,0.541777935889675,0.462158614426603,0.790203430288349,0.841064635673114,"cogn_se_lv"
"12001","GDPD3","Exc L5/6 IT Car3",-0.102702366321818,1.75807688671303,5.22467934259562,0.0228278067600233,0.2800171352036,0.275123743632329,"cogn_se_lv"
"12002","MAPK3","Exc L5/6 IT Car3",-0.0423331278686727,5.94086242860146,4.75599595019561,0.0298194432348869,0.303682524051711,0.306765543369436,"cogn_se_lv"
"12003","CORO1A","Exc L5/6 IT Car3",-0.0390233562833225,4.35267574480342,1.62925348482226,0.202599047250584,0.589852164542185,0.644991404977108,"cogn_se_lv"
"12004","NPIPB13","Exc L5/6 IT Car3",0.0293367197015945,3.80306815837257,1.81932153963617,0.178210882705318,0.56468303167281,0.618470074980959,"cogn_se_lv"
"12005","CD2BP2","Exc L5/6 IT Car3",-0.0262324058496803,3.913531159769,1.45639216544221,0.228268450290276,0.617082636565493,0.67378270071631,"cogn_se_lv"
"12006","TBC1D10B","Exc L5/6 IT Car3",-0.0300288276686062,4.37344190116901,3.47641549923787,0.0630332570878052,0.388665431068539,0.417645463937946,"cogn_se_lv"
"12007","MYLPF","Exc L5/6 IT Car3",-0.0775999042742695,1.90542661265636,2.33978705011828,0.126952855167396,0.497058895267095,0.545826170493515,"cogn_se_lv"
"12008","ZNF48","Exc L5/6 IT Car3",-0.0249582642923867,3.26708594337598,1.37240010068304,0.242146371696692,0.627251518629668,0.68648745751404,"cogn_se_lv"
"12009","SEPT1","Exc L5/6 IT Car3",0.0423973751791655,3.46702906779996,3.15305062231873,0.0765989371296847,0.417886438293459,0.451717202964911,"cogn_se_lv"
"12010","ZNF771","Exc L5/6 IT Car3",0.0212867706038744,4.41497902217613,1.78642557212206,0.182175502909414,0.569390804983324,0.622418674495607,"cogn_se_lv"
"12011","DCTPP1","Exc L5/6 IT Car3",-0.0124332452033239,2.70734478312757,0.12466984244674,0.724222936464544,0.923175362539246,0.951205380932471,"cogn_se_lv"
"12012","SEPHS2","Exc L5/6 IT Car3",-0.0176354899947788,3.55892074512521,0.38535880631465,0.535127597037338,0.827599804634931,0.875332053809648,"cogn_se_lv"
"12013","ITGAL","Exc L5/6 IT Car3",-0.0218108991343982,2.41995731844531,0.273641773751135,0.601209277454262,0.865226418046915,0.905147332804357,"cogn_se_lv"
"12014","ZNF768","Exc L5/6 IT Car3",0.0266596530612513,2.74274697795455,0.958050327013588,0.328311842699213,0.700074877560877,0.759929513985071,"cogn_se_lv"
"12015","AC002310.4","Exc L5/6 IT Car3",-0.00579466704989926,2.73182646359452,0.0442100070520765,0.879197096439666,0.981064625450004,0.988795269770792,"cogn_se_lv"
"12016","ZNF688","Exc L5/6 IT Car3",-0.0335611604983008,3.5120846776012,2.63720474522409,0.105230265219972,0.466309755754498,0.508087734437309,"cogn_se_lv"
"12017","AC002310.2","Exc L5/6 IT Car3",-0.0400798327118753,1.96304123164564,0.802520470410523,0.370917572451257,0.732270973258606,0.788693113812429,"cogn_se_lv"
"12018","ZNF785","Exc L5/6 IT Car3",-0.000592981339451082,4.87163700964898,0.00137663187633071,0.970422700792214,0.998267578294294,0.999102668702867,"cogn_se_lv"
"12019","AC093249.2","Exc L5/6 IT Car3",0.0344949506962813,3.33305391009491,2.21651462670229,0.137384447737568,0.510596514476908,0.562591555768461,"cogn_se_lv"
"12020","ZNF689","Exc L5/6 IT Car3",-0.00256452953637921,2.64569556905813,0.00836629197116537,0.927170192143052,0.991538479686899,0.995639170360381,"cogn_se_lv"
"12021","PRR14","Exc L5/6 IT Car3",0.0194177635818707,3.59365194347849,0.959721505460623,0.32789087409548,0.700074877560877,0.759759981030496,"cogn_se_lv"
"12022","FBRS","Exc L5/6 IT Car3",0.003135049938223,4.05362867661025,0.0281179978317331,0.86692242307416,0.976386024918357,0.986826995934186,"cogn_se_lv"
"12023","AC093249.6","Exc L5/6 IT Car3",-0.00393038224538187,1.78913208364477,0.00855412781643574,0.926359469811662,0.991453065881766,0.995563997411453,"cogn_se_lv"
"12024","PHKG2","Exc L5/6 IT Car3",0.00539111100767435,4.17914171296195,0.103444623224108,0.747914300244551,0.933897613787942,0.958571889555911,"cogn_se_lv"
"12025","CCDC189","Exc L5/6 IT Car3",0.0206366929539826,2.92874338138243,0.508545604542412,0.476214230656231,0.798359151394269,0.847922863461825,"cogn_se_lv"
"12026","RNF40","Exc L5/6 IT Car3",-0.0385100709808354,4.40861358066446,6.69636828630764,0.0100375894814569,0.207075740106731,0.192078689813163,"cogn_se_lv"
"12027","ZNF629","Exc L5/6 IT Car3",0.0439374125304519,2.43756816690465,1.62223923281584,0.277815941743579,0.659846663735672,0.71988659218376,"cogn_se_lv"
"12028","BCL7C","Exc L5/6 IT Car3",0.086979214728414,2.82154320397672,3.35276959191465,0.0678881441345174,0.398778068026803,0.42943744255817,"cogn_se_lv"
"12029","MIR762HG","Exc L5/6 IT Car3",0.0481866601624475,2.72711214720826,2.25699612240506,0.133856420075141,0.504976930664488,0.556795838236696,"cogn_se_lv"
"12030","FBXL19","Exc L5/6 IT Car3",0.00973946172497078,4.117620975221,0.235871410255817,0.62748867563397,0.877514831259136,0.916649554485216,"cogn_se_lv"
"12031","ORAI3","Exc L5/6 IT Car3",0.00149412389156964,2.03961737941505,0.00224168101998408,0.962262446235044,0.997186657299665,0.998740868576221,"cogn_se_lv"
"12032","SETD1A","Exc L5/6 IT Car3",-0.0237469222664195,3.84248754527209,1.96583489128207,0.161720800752118,0.545290633800999,0.596981660919441,"cogn_se_lv"
"12033","STX1B","Exc L5/6 IT Car3",-0.016490905745951,5.58137529410213,1.10105197551639,0.294713523443116,0.672929139961069,0.733540250779786,"cogn_se_lv"
"12034","STX4","Exc L5/6 IT Car3",-0.0176694567184698,3.32965156373838,0.632371584033219,0.426991546199973,0.771118730064683,0.823062887944069,"cogn_se_lv"
"12035","AC135050.3","Exc L5/6 IT Car3",-0.0289211789383871,2.83416349933809,0.970872602232386,0.325100203311385,0.697738367475659,0.757881502640445,"cogn_se_lv"
"12036","ZNF668","Exc L5/6 IT Car3",-0.0196168990138143,3.00733397940435,0.66169703824315,0.652393025335374,0.888139644119567,0.925296221696794,"cogn_se_lv"
"12037","AC135050.4","Exc L5/6 IT Car3",-0.0018722134674627,1.46122416900801,0.00210773861420364,0.963406417272686,0.99743187096042,0.998906195013116,"cogn_se_lv"
"12038","ZNF646","Exc L5/6 IT Car3",-0.000859634326014497,2.44745357124048,0.000517215218626781,0.981867920411741,0.998390354534415,0.999870711362408,"cogn_se_lv"
"12039","AC135050.2","Exc L5/6 IT Car3",0.0287972847343622,3.17944716574873,0.999834764969967,0.317997550249184,0.692610005425267,0.752917799890051,"cogn_se_lv"
"12040","BCKDK","Exc L5/6 IT Car3",-0.0203310356246483,3.04655732620646,0.52605957864399,0.468722180730794,0.793695802808873,0.84444561237557,"cogn_se_lv"
"12041","KAT8","Exc L5/6 IT Car3",-0.0339951504243123,5.01462509327195,7.14899455511651,0.00782971757249057,0.187986510827816,0.171443794474651,"cogn_se_lv"
"12042","FUS","Exc L5/6 IT Car3",0.0125486929864303,6.34398123893686,1.54582848552418,0.214531820430739,0.602518404533793,0.658716020971045,"cogn_se_lv"
"12043","ITGAX","Exc L5/6 IT Car3",0.056440594974177,1.0890332248309,0.565583078378635,0.452492878984606,0.784755350388365,0.835944974045397,"cogn_se_lv"
"12044","ZNF843","Exc L5/6 IT Car3",0.0485946087677999,2.10958872530676,1.70082561085181,0.192982787026838,0.580873282288878,0.634703230308882,"cogn_se_lv"
"12045","AC026471.4","Exc L5/6 IT Car3",0.0652888559858293,3.22598522555469,6.40205084341396,0.0118088077359198,0.216354227447389,0.205970672375853,"cogn_se_lv"
"12046","AC026471.1","Exc L5/6 IT Car3",0.0222218939111038,1.94048128747238,0.254864785240951,0.61396785994829,0.87215851620862,0.911023559429603,"cogn_se_lv"
"12047","ARMC5","Exc L5/6 IT Car3",-0.0130896938460191,2.82838050141687,0.247242695147504,0.758839771734922,0.939092915847507,0.96175413348891,"cogn_se_lv"
"12048","C16orf58","Exc L5/6 IT Car3",0.0479007785894407,4.27258980436694,7.81365588635884,0.00545289248797539,0.159113467050328,0.145072865952028,"cogn_se_lv"
"12049","ZNF720","Exc L5/6 IT Car3",0.0315595370745944,4.73333144331918,4.07105850052651,0.0443382873050126,0.342351085321161,0.361209689652402,"cogn_se_lv"
"12050","ZNF267","Exc L5/6 IT Car3",0.0424362066430946,2.60373597108818,2.04151392267641,0.153892611905996,0.535555258877144,0.586236869596256,"cogn_se_lv"
"12051","AC145350.2","Exc L5/6 IT Car3",-0.0343861314011827,3.24839841144756,1.31447977838073,0.252318784431596,0.635466971079056,0.69701858910607,"cogn_se_lv"
"12052","AC136944.1","Exc L5/6 IT Car3",-0.00862655612587205,2.37285255249509,0.072182304377783,0.800825436343039,0.955329312868721,0.973181696145997,"cogn_se_lv"
"12053","SHCBP1","Exc L5/6 IT Car3",0.047040959715953,2.21695675038004,1.10892567313997,0.292996056452021,0.672313897241181,0.732126364543467,"cogn_se_lv"
"12054","VPS35","Exc L5/6 IT Car3",-0.000101293016202602,6.33428431134346,4.37276518198969e-05,0.994727405044152,0.999242764926216,0.999870711362408,"cogn_se_lv"
"12055","ORC6","Exc L5/6 IT Car3",0.00875101812551063,3.7332524364146,0.119392531106292,0.729888708284576,0.925363474791961,0.953225393719126,"cogn_se_lv"
"12056","MYLK3","Exc L5/6 IT Car3",0.0663676632154297,2.19975109976435,3.20200958389199,0.0743575638105925,0.414003671078293,0.446210429979225,"cogn_se_lv"
"12057","C16orf87","Exc L5/6 IT Car3",0.00576245600889889,5.27031762262147,0.193343376944921,0.660402592093257,0.892016329302912,0.928939212795226,"cogn_se_lv"
"12058","GPT2","Exc L5/6 IT Car3",0.00581503798351796,4.96821082777247,0.179466666497806,0.672075718670753,0.897454613720039,0.932968931594169,"cogn_se_lv"
"12059","DNAJA2","Exc L5/6 IT Car3",-0.0197653933942119,4.56194885747047,1.15458974011828,0.283283752255551,0.663053492637873,0.724088333446207,"cogn_se_lv"
"12060","NETO2","Exc L5/6 IT Car3",0.0229914270153169,5.44847970784945,2.43016129899904,0.119867147603672,0.489738487304808,0.534833116895613,"cogn_se_lv"
"12061","ITFG1","Exc L5/6 IT Car3",-0.00129581031613154,8.37875396938357,0.0201720176931152,0.887134251742191,0.983857904036342,0.989852807466552,"cogn_se_lv"
"12062","AC007533.1","Exc L5/6 IT Car3",0.0137782993855377,2.06874396619559,0.074712147131018,0.784746544378213,0.949650382982342,0.968481435609198,"cogn_se_lv"
"12063","PHKB","Exc L5/6 IT Car3",0.0141559071400083,6.89903823862382,1.2633920622402,0.261731540878538,0.645313747856568,0.705704574426308,"cogn_se_lv"
"12064","LONP2","Exc L5/6 IT Car3",0.00215167743486446,7.51718923062104,0.0673241896076253,0.795416244521225,0.952716631892105,0.971625808729438,"cogn_se_lv"
"12065","SIAH1","Exc L5/6 IT Car3",-0.000784365642029817,4.39437147915382,0.00269197776197075,0.958648630106241,0.997053628956036,0.998555548513014,"cogn_se_lv"
"12066","N4BP1","Exc L5/6 IT Car3",-0.00943214099570972,6.11298321742524,0.804819619160803,0.370233890638656,0.731903032695939,0.788201677147591,"cogn_se_lv"
"12067","AC007611.1","Exc L5/6 IT Car3",-0.00697215037285421,1.75291160483855,0.0203903917882972,0.886529106427743,0.983710314298651,0.989800729450737,"cogn_se_lv"
"12068","AC007614.1","Exc L5/6 IT Car3",0.0405966830524547,2.63250285827507,1.04657134744548,0.306959884061035,0.682998672933304,0.743995308192139,"cogn_se_lv"
"12069","ZNF423","Exc L5/6 IT Car3",0.0268553415051992,1.8255542570353,0.318171588387603,0.573046912897571,0.849998307763332,0.892506070359471,"cogn_se_lv"
"12070","CNEP1R1","Exc L5/6 IT Car3",0.00802753006256794,4.00677876686098,0.241700767059429,0.623269075730627,0.875432241990905,0.914568912968141,"cogn_se_lv"
"12071","HEATR3","Exc L5/6 IT Car3",0.0120088515328623,5.23394826481007,0.757658462589318,0.384621115882091,0.742513669521499,0.798349991933728,"cogn_se_lv"
"12072","TENT4B","Exc L5/6 IT Car3",-0.00656068729459912,6.46459636515171,0.248651241079009,0.618319777721323,0.873593287013005,0.912674655078741,"cogn_se_lv"
"12073","ADCY7","Exc L5/6 IT Car3",0.043979248482357,3.74015190602867,2.73109759989695,0.0992515530182633,0.455229935733559,0.496233221555205,"cogn_se_lv"
"12074","BRD7","Exc L5/6 IT Car3",-0.0145766316209945,4.82066690346786,1.21102749284478,0.381078833228524,0.740205409457071,0.796020016027923,"cogn_se_lv"
"12075","AC007493.1","Exc L5/6 IT Car3",0.0202934534532556,1.56322818718141,0.181373258507472,0.670440922402145,0.896973919231145,0.932280421251686,"cogn_se_lv"
"12076","CYLD","Exc L5/6 IT Car3",-0.00523439927821035,6.10433538159339,0.20568967387309,0.650430240257386,0.88742216518162,0.92468094404444,"cogn_se_lv"
"12077","AC087564.1","Exc L5/6 IT Car3",-0.0132567243212267,1.93857017261915,0.0897210764790479,0.764698585782849,0.941599981785033,0.963202331262562,"cogn_se_lv"
"12078","HNRNPA1P48","Exc L5/6 IT Car3",-0.00596462670034417,2.14694494957367,0.0172839784540791,0.895475421444905,0.986073750431961,0.991471086984146,"cogn_se_lv"
"12079","CHD9","Exc L5/6 IT Car3",0.00202171550982654,8.23397707392805,0.0733863192997017,0.786618217104426,0.950153677309984,0.969143107900696,"cogn_se_lv"
"12080","RBL2","Exc L5/6 IT Car3",0.0292313053146509,6.46036984533604,4.90463325147919,0.0273874923057619,0.296436903469433,0.295725647306616,"cogn_se_lv"
"12081","AKTIP","Exc L5/6 IT Car3",0.00155967054960753,4.99352043215728,0.0100596408016928,0.92016172423651,0.990846634237573,0.994749897638703,"cogn_se_lv"
"12082","RPGRIP1L","Exc L5/6 IT Car3",0.0155680527383259,5.79780395578411,1.77416113279856,0.240379571254536,0.625749066637086,0.685114696984395,"cogn_se_lv"
"12083","FTO","Exc L5/6 IT Car3",0.0118539652176943,8.01206538791979,1.57259066822447,0.210615101893427,0.598585727280052,0.654047800148703,"cogn_se_lv"
"12084","CRNDE","Exc L5/6 IT Car3",0.0199959598423645,2.72409807649179,0.182432201673108,0.669537320100661,0.896717017849796,0.932007314644674,"cogn_se_lv"
"12085","LPCAT2","Exc L5/6 IT Car3",0.0167270020173884,2.75649375025242,0.216484881185577,0.642002448406579,0.884918146682185,0.921770150167635,"cogn_se_lv"
"12086","CES5A","Exc L5/6 IT Car3",0.0528547793789705,3.36854864006704,3.22566128130999,0.0733002018221601,0.412732658561907,0.443501799786356,"cogn_se_lv"
"12087","AC007495.1","Exc L5/6 IT Car3",0.00746924388174587,5.76309663442297,0.196710396443002,0.657646011367262,0.890164653908722,0.927793371240093,"cogn_se_lv"
"12088","AC007495.2","Exc L5/6 IT Car3",0.00877395407390059,2.16374522069124,0.0361597229063471,0.849289284573443,0.97124175874588,0.98320800719379,"cogn_se_lv"
"12089","GNAO1","Exc L5/6 IT Car3",-0.00894435078291331,9.72822894602432,0.548589274943301,0.459359837438518,0.788303867210446,0.839765680165308,"cogn_se_lv"
"12090","AMFR","Exc L5/6 IT Car3",-0.00959223811562512,4.94548350386679,0.656874700909453,0.418181323948352,0.765438936199468,0.81792070397503,"cogn_se_lv"
"12091","AC092140.1","Exc L5/6 IT Car3",0.0704404232053514,1.74105543488167,1.87167692995144,0.172105228575496,0.558679491199511,0.61024109191712,"cogn_se_lv"
"12092","NUDT21","Exc L5/6 IT Car3",-0.0279870388301659,5.24283055533923,3.18566297149108,0.0750979520262665,0.414993709760948,0.447828507238609,"cogn_se_lv"
"12093","OGFOD1","Exc L5/6 IT Car3",0.0230053598151474,4.61338899692544,3.202698773585,0.0743265217177238,0.414003671078293,0.44609323990848,"cogn_se_lv"
"12094","BBS2","Exc L5/6 IT Car3",-0.00202653755200279,5.64014572713962,0.0356025144967968,0.850441133641966,0.971725362044465,0.9834919541793,"cogn_se_lv"
"12095","MT4","Exc L5/6 IT Car3",0.124308368446378,1.19267731923074,2.42291242714481,0.120418944394319,0.489867183204121,0.535581457000277,"cogn_se_lv"
"12096","MT3","Exc L5/6 IT Car3",-0.0658044690466514,4.84197629197676,4.04395240322283,0.0450476859873304,0.344574496692354,0.36291970537908,"cogn_se_lv"
"12097","MT2A","Exc L5/6 IT Car3",-0.233731892908978,3.51367778581871,19.814347252982,1.12813479280912e-05,0.00951762635855938,0.00524127268317927,"cogn_se_lv"
"12098","MT1E","Exc L5/6 IT Car3",-0.0135138415384713,1.24723858103636,0.0379643492678672,0.845620636015345,0.970988236489561,0.982750365361623,"cogn_se_lv"
"12099","MT1G","Exc L5/6 IT Car3",-0.25152042967061,0.983441074726492,15.9105936066901,7.99098796527088e-05,0.0273291788412264,0.0160494122799741,"cogn_se_lv"
"12100","MT1X","Exc L5/6 IT Car3",-0.0798259643099727,1.84504438416873,2.13276423984374,0.145020789874501,0.520856465850307,0.573739577966556,"cogn_se_lv"
"12101","AC106779.1","Exc L5/6 IT Car3",0.0180077395014437,3.41237887537434,0.614843513268127,0.433466708460104,0.77353077346411,0.825964889376113,"cogn_se_lv"
"12102","NUP93","Exc L5/6 IT Car3",0.0103868295587761,6.11096532363478,0.609049805770858,0.435639869936571,0.774155850421165,0.826892644324824,"cogn_se_lv"
"12103","SLC12A3","Exc L5/6 IT Car3",0.0335842907389688,2.22683748003731,0.591186120898739,0.442446507960594,0.778382369377654,0.831137186507625,"cogn_se_lv"
"12104","HERPUD1","Exc L5/6 IT Car3",-0.0284749454468151,5.40087181160511,2.3775086023499,0.12394011062558,0.492878114348239,0.541011933335472,"cogn_se_lv"
"12105","NLRC5","Exc L5/6 IT Car3",-0.0867588782349084,1.79814837124569,3.08265811066128,0.0799503865330142,0.421815717772742,0.458958203273825,"cogn_se_lv"
"12106","FAM192A","Exc L5/6 IT Car3",-0.00229848118976638,5.19587312129877,0.0383243831626044,0.996304978174299,0.999242764926216,0.999870711362408,"cogn_se_lv"
"12107","RSPRY1","Exc L5/6 IT Car3",0.0101570828990009,4.94811862985404,0.627846978940303,0.428648903793844,0.77189630869187,0.823809215435663,"cogn_se_lv"
"12108","ARL2BP","Exc L5/6 IT Car3",-0.0320067904557889,5.07841547899888,3.62796673416467,0.0575837540028758,0.376670850125698,0.402872421970266,"cogn_se_lv"
"12109","PLLP","Exc L5/6 IT Car3",0.0188293091052814,1.62993315807181,0.152218573712921,0.696646460381724,0.908130528991592,0.941892016298956,"cogn_se_lv"
"12110","CX3CL1","Exc L5/6 IT Car3",0.00408875019479598,5.55276060007765,0.0594218468211486,0.807545853823694,0.956967020123712,0.9748873499509,"cogn_se_lv"
"12111","CIAPIN1","Exc L5/6 IT Car3",0.0393888384329328,4.83873844555491,7.81753160837741,0.00544145406198305,0.159113467050328,0.144922525131516,"cogn_se_lv"
"12112","COQ9","Exc L5/6 IT Car3",0.00836075944000719,5.04676461969133,0.437259545665578,0.508855632426792,0.816961913286198,0.863530635007193,"cogn_se_lv"
"12113","POLR2C","Exc L5/6 IT Car3",-0.00337048123171983,4.48570097935299,0.0312789679957222,0.859715268456708,0.97387148399446,0.985444201626128,"cogn_se_lv"
"12114","DOK4","Exc L5/6 IT Car3",0.00458699598656207,3.03746464325549,0.0321915315131611,0.857705186586853,0.973716475920048,0.985128031111305,"cogn_se_lv"
"12115","ADGRG1","Exc L5/6 IT Car3",-0.0728817792128568,2.74019357188303,5.92572817748481,0.0153889592308531,0.238265676622564,0.231042764540646,"cogn_se_lv"
"12116","KATNB1","Exc L5/6 IT Car3",-0.021987730477246,4.59514987197272,1.85991033841112,0.173456102653929,0.55999358503125,0.61184816132328,"cogn_se_lv"
"12117","KIFC3","Exc L5/6 IT Car3",0.0388231576314213,4.06914648587209,2.58966357515368,0.108407636339198,0.470937787426174,0.513457125131192,"cogn_se_lv"
"12118","AC092118.2","Exc L5/6 IT Car3",0.0273263303877846,1.71368743905544,0.286977456818454,0.592482687005522,0.859974089096834,0.901661183606652,"cogn_se_lv"
"12119","CNGB1","Exc L5/6 IT Car3",0.119746112162037,1.35026351459833,3.51043048596766,0.061763882253368,0.385304478264829,0.414045869790982,"cogn_se_lv"
"12120","ZNF319","Exc L5/6 IT Car3",0.0347587120026738,1.87217799445786,0.691778165189158,0.406091400096096,0.758598647331963,0.81096444614778,"cogn_se_lv"
"12121","USB1","Exc L5/6 IT Car3",-0.0250902345261984,3.84252070410956,1.9257916755247,0.166046524932319,0.551338946862653,0.602575481011011,"cogn_se_lv"
"12122","MMP15","Exc L5/6 IT Car3",-0.0921961337359447,1.82328474701815,4.73868089035475,0.0301170899466239,0.304222598957164,0.307858507521615,"cogn_se_lv"
"12123","CFAP20","Exc L5/6 IT Car3",-0.0323441261823286,3.92044275176133,2.06111927794952,0.151935686834508,0.531665530640645,0.583720832463623,"cogn_se_lv"
"12124","CSNK2A2","Exc L5/6 IT Car3",-0.0115389648798836,5.61474895868837,1.10443344514344,0.293974355030379,0.672512011030238,0.733084597878308,"cogn_se_lv"
"12125","CCDC113","Exc L5/6 IT Car3",0.0145248168910948,3.67713860724209,0.518676181426016,0.471857173470194,0.795023623769283,0.845910687290881,"cogn_se_lv"
"12126","GINS3","Exc L5/6 IT Car3",0.0863017975844525,2.54497053142935,5.76423527455122,0.0168436793012825,0.246645313460265,0.24067312311685,"cogn_se_lv"
"12127","NDRG4","Exc L5/6 IT Car3",-0.0271769198574949,7.29865602374333,1.57812966532898,0.209815117306067,0.597972554265113,0.653237759504435,"cogn_se_lv"
"12128","SETD6","Exc L5/6 IT Car3",0.00163752954095764,3.50395090826487,0.00426927649426256,0.947938474651959,0.994804925328349,0.997804640603097,"cogn_se_lv"
"12129","CNOT1","Exc L5/6 IT Car3",0.0097690901083343,5.59469997630223,0.89870310398102,0.343742356470194,0.713060367445247,0.769947443941447,"cogn_se_lv"
"12130","AC009118.3","Exc L5/6 IT Car3",-0.00932653513001215,2.72918951643048,0.104830328088568,0.746289429629015,0.933596030449178,0.958183041752234,"cogn_se_lv"
"12131","SLC38A7","Exc L5/6 IT Car3",0.0100199602766991,4.97635854436034,0.542949598594252,0.53107964485691,0.826589374428383,0.873295163716766,"cogn_se_lv"
"12132","GOT2","Exc L5/6 IT Car3",-0.0145617758533513,5.87820965156956,1.14957938917545,0.284329171434542,0.663934561524582,0.724987381010264,"cogn_se_lv"
"12133","AC092378.1","Exc L5/6 IT Car3",0.010807522088752,6.45508087354474,0.359992376092649,0.548874133064673,0.836519400660063,0.881730973949332,"cogn_se_lv"
"12134","LINC02141","Exc L5/6 IT Car3",-0.0403352168790475,2.95157845576903,1.3093152643256,0.253251099024753,0.636956106225028,0.697730460020577,"cogn_se_lv"
"12135","AC018554.1","Exc L5/6 IT Car3",-0.0200552540310687,1.4693178613495,0.148966559168419,0.699744561363953,0.909949200490832,0.943052050345231,"cogn_se_lv"
"12136","CDH8","Exc L5/6 IT Car3",-0.0342680539272603,5.33213021854922,1.50744139123637,0.220302760544093,0.608597755139415,0.665169861356773,"cogn_se_lv"
"12137","AC138305.1","Exc L5/6 IT Car3",0.0265050364182007,6.68804688939404,0.848441152587045,0.357587984085791,0.722426643047911,0.779691186304396,"cogn_se_lv"
"12138","AC092131.1","Exc L5/6 IT Car3",0.113605252583508,1.76659993870176,4.15803281644537,0.0421406857058223,0.336180248199134,0.354646344219609,"cogn_se_lv"
"12139","CDH11","Exc L5/6 IT Car3",0.0109719455587384,5.49867297480332,0.204536175760577,0.651346447521976,0.887629788936254,0.924977874407744,"cogn_se_lv"
"12140","AC009055.1","Exc L5/6 IT Car3",0.0140756217204732,1.67061683725057,0.0741332039684317,0.785561626466812,0.949932696733263,0.9687968046541,"cogn_se_lv"
"12141","BEAN1","Exc L5/6 IT Car3",0.0802570782051154,3.39716979445396,10.4080382380058,0.00136534228549034,0.0923637139264533,0.074929884510952,"cogn_se_lv"
"12142","AC010542.3","Exc L5/6 IT Car3",0.0656621841530496,3.49055921744299,4.31958836761468,0.0383580278691547,0.326871566393295,0.340698495866751,"cogn_se_lv"
"12143","TK2","Exc L5/6 IT Car3",0.0637704783855677,3.65404984732458,6.05562996551283,0.0143134671024723,0.231878167060051,0.223942383262102,"cogn_se_lv"
"12144","CMTM4","Exc L5/6 IT Car3",0.0247170808845677,6.34081706732068,3.93862653064116,0.0479202744677303,0.353049189458432,0.372330460334419,"cogn_se_lv"
"12145","DYNC1LI2","Exc L5/6 IT Car3",-0.0173101638830142,6.56633142523189,3.75751514871045,0.0533234331530345,0.365741737817866,0.390299528157484,"cogn_se_lv"
"12146","TERB1","Exc L5/6 IT Car3",0.0271628232817948,1.88542349590074,0.314297592380155,0.575390884841422,0.851631632786064,0.89376209824613,"cogn_se_lv"
"12147","NAE1","Exc L5/6 IT Car3",0.00223469282208996,5.92169005025108,0.050145831201431,0.822932091483927,0.963478500413666,0.977885954361195,"cogn_se_lv"
"12148","CA7","Exc L5/6 IT Car3",0.0063538722066112,3.69650641880651,0.0726728942776813,0.787632877394295,0.950304208272522,0.9694029058412,"cogn_se_lv"
"12149","PDP2","Exc L5/6 IT Car3",-0.0411052484889191,4.5215658177882,2.86095826955195,0.0915871615111548,0.441996367405667,0.482889195871688,"cogn_se_lv"
"12150","RRAD","Exc L5/6 IT Car3",-0.0889995343099746,2.81399063083969,1.06156077224722,0.303525892135884,0.68044624617207,0.741589740108383,"cogn_se_lv"
"12151","FAM96B","Exc L5/6 IT Car3",-0.0563406587145939,4.94050750632643,3.75449799974574,0.0534187449633665,0.366131234604146,0.3906758160016,"cogn_se_lv"
"12152","CES2","Exc L5/6 IT Car3",0.0437680426487203,3.90555044523805,3.83633640169731,0.0508964397390354,0.359307470330563,0.381566969672181,"cogn_se_lv"
"12153","CES4A","Exc L5/6 IT Car3",0.0263270577866053,5.98919374644814,1.4575148498577,0.228089574689482,0.61697728574866,0.673553559466255,"cogn_se_lv"
"12154","CBFB","Exc L5/6 IT Car3",0.0114099920792542,3.27411593899136,0.161245705691111,0.688241754552908,0.902800312332646,0.938941311583043,"cogn_se_lv"
"12155","C16orf70","Exc L5/6 IT Car3",0.00781016890240438,4.88252988978872,0.435535832642694,0.520563053016056,0.821092037196555,0.868666837940365,"cogn_se_lv"
"12156","HSF4","Exc L5/6 IT Car3",0.00266687372818149,4.66859971922812,0.0291520439784778,0.864520858301819,0.97538376478777,0.986542852105431,"cogn_se_lv"
"12157","NOL3","Exc L5/6 IT Car3",0.0269197827351748,3.28458256030266,1.19543923285469,0.274939473200284,0.657445384175322,0.71758357570209,"cogn_se_lv"
"12158","KIAA0895L","Exc L5/6 IT Car3",0.0143064707865874,4.74645082897333,0.812215025456847,0.446832228729602,0.781075074328528,0.833186510394002,"cogn_se_lv"
"12159","E2F4","Exc L5/6 IT Car3",-0.0267121736383165,4.3436241579735,1.98482738269518,0.159714328274855,0.541887899503974,0.594188334598749,"cogn_se_lv"
"12160","LRRC29","Exc L5/6 IT Car3",0.0467817157851512,3.65669709244943,3.72062393673539,0.054501353611122,0.369993750363991,0.39432228217175,"cogn_se_lv"
"12161","TMEM208","Exc L5/6 IT Car3",0.00888424497096602,3.41481945772731,0.0699368828883095,0.791574500668581,0.951705866845873,0.970626710623413,"cogn_se_lv"
"12162","FHOD1","Exc L5/6 IT Car3",-0.0311442002044028,1.58150767026405,0.276093368511114,0.599584913725992,0.864170427256323,0.904487147413866,"cogn_se_lv"
"12163","SLC9A5","Exc L5/6 IT Car3",-0.0115374711060446,4.33965773555552,0.417895756954489,0.518385728694148,0.820608554268971,0.867838977752615,"cogn_se_lv"
"12164","ZDHHC1","Exc L5/6 IT Car3",-0.04935456562906,3.08229586822839,3.6139076862727,0.0580674595233314,0.377862825091434,0.404388324962032,"cogn_se_lv"
"12165","HSD11B2","Exc L5/6 IT Car3",-0.150274931219463,1.4167538571339,6.83194945958963,0.0093160758786558,0.199491591498572,0.185559124137937,"cogn_se_lv"
"12166","ATP6V0D1","Exc L5/6 IT Car3",-0.0177026190148001,5.6386227130725,0.718593256506145,0.397148364811029,0.752970014133855,0.805810105919578,"cogn_se_lv"
"12167","AC009061.2","Exc L5/6 IT Car3",0.0455029549495792,4.82087904893329,5.96649778284497,0.0150426970607686,0.236957121561136,0.229177212167039,"cogn_se_lv"
"12168","AC027682.6","Exc L5/6 IT Car3",0.0481888980060643,2.68991315209508,2.95700758827747,0.0863340982783222,0.434373509228393,0.472484209139544,"cogn_se_lv"
"12169","RIPOR1","Exc L5/6 IT Car3",0.0124245994544532,5.58285890491736,1.24437659159474,0.265346106160998,0.648368293972036,0.709131790826695,"cogn_se_lv"
"12170","AC027682.4","Exc L5/6 IT Car3",0.0425166332479228,3.73474204980974,3.72768551652568,0.0542737559487982,0.369704931962166,0.393734598921828,"cogn_se_lv"
"12171","CTCF","Exc L5/6 IT Car3",-0.00376297796851702,5.24221358795899,0.105231006676611,0.745821809871088,0.933596030449178,0.958032568019084,"cogn_se_lv"
"12172","CARMIL2","Exc L5/6 IT Car3",-0.0318404216919552,4.17006604846547,2.22946052517565,0.136244954757791,0.508934430515146,0.56094415823744,"cogn_se_lv"
"12173","ACD","Exc L5/6 IT Car3",-0.0654523675511454,3.06982849693738,5.01619906164553,0.0256987679538738,0.290805668852296,0.288224154310902,"cogn_se_lv"
"12174","PARD6A","Exc L5/6 IT Car3",-0.0729023455029366,3.58552423517144,5.57025449488944,0.0187813408472869,0.259828923005499,0.252514233268761,"cogn_se_lv"
"12175","ENKD1","Exc L5/6 IT Car3",-0.0424306591347098,2.50472321350771,2.06465146143288,0.151586134699609,0.531192268074467,0.583203889982013,"cogn_se_lv"
"12176","GFOD2","Exc L5/6 IT Car3",0.0017610420900114,5.0580501083977,0.0204759213306652,0.906785231247446,0.98792472808284,0.993036421399373,"cogn_se_lv"
"12177","RANBP10","Exc L5/6 IT Car3",0.0171763215404859,5.88507702520158,1.35035987631465,0.245956875865247,0.63060160275998,0.690361423219181,"cogn_se_lv"
"12178","TSNAXIP1","Exc L5/6 IT Car3",-0.011239086704196,3.6437860884658,0.283853526054074,0.594503214640234,0.861363629571945,0.902679231313624,"cogn_se_lv"
"12179","CENPT","Exc L5/6 IT Car3",-0.0161933729133061,5.01816529717299,0.988589171432657,0.320730836942446,0.693607301690158,0.754618259548611,"cogn_se_lv"
"12180","THAP11","Exc L5/6 IT Car3",-0.0198586186793174,3.41272869075916,0.458931358763928,0.498543030675557,0.811569414226447,0.858302490459537,"cogn_se_lv"
"12181","NUTF2","Exc L5/6 IT Car3",-0.0332243001644683,4.16113062085445,2.94408012750318,0.0870216243371093,0.434966806933457,0.473566979504293,"cogn_se_lv"
"12182","PSKH1","Exc L5/6 IT Car3",0.0709576266481867,3.52215482084459,10.3502886161985,0.00140751992310012,0.0925715026346619,0.0758505534803932,"cogn_se_lv"
"12183","DUS2","Exc L5/6 IT Car3",0.0362099308863905,3.98505997793464,2.98039129378984,0.0851054185143217,0.433125790653244,0.470377718833795,"cogn_se_lv"
"12184","DDX28","Exc L5/6 IT Car3",-0.0580977016822257,1.64669236946146,1.40012459106163,0.237454953362118,0.62456841631565,0.682380463976633,"cogn_se_lv"
"12185","NFATC3","Exc L5/6 IT Car3",0.0208503786618251,5.99019000843861,2.06384506782004,0.151665856502657,0.531210180149271,0.583301740251805,"cogn_se_lv"
"12186","PLA2G15","Exc L5/6 IT Car3",0.00202347986708289,3.85078770843189,0.0145929354716556,0.903913409639207,0.987810604126722,0.992777214734694,"cogn_se_lv"
"12187","SLC7A6","Exc L5/6 IT Car3",0.0459967384609595,5.92154859108415,13.9113674010673,0.000221362993562523,0.0434790172372111,0.0286880689968886,"cogn_se_lv"
"12188","SLC7A6OS","Exc L5/6 IT Car3",0.0221699733288564,4.16408068690846,1.24573123473421,0.265086558305583,0.648289231945413,0.708929821819593,"cogn_se_lv"
"12189","PRMT7","Exc L5/6 IT Car3",0.029719431685237,5.34080759973584,3.40077535861606,0.0659572243981321,0.395414529188045,0.42491617717662,"cogn_se_lv"
"12190","SMPD3","Exc L5/6 IT Car3",0.0388527828897004,5.00054972013685,4.56499685898062,0.0332807801178714,0.310705456345645,0.321447560699698,"cogn_se_lv"
"12191","ZFP90","Exc L5/6 IT Car3",0.0193076300895913,6.23105423908762,2.77499507654373,0.0965849902764768,0.450626870811383,0.491327927596752,"cogn_se_lv"
"12192","AC126773.1","Exc L5/6 IT Car3",0.028431180003727,2.27071571287408,0.586635675375293,0.444206570863552,0.779616467157233,0.832035295048859,"cogn_se_lv"
"12193","AC126773.4","Exc L5/6 IT Car3",0.041258286410413,2.85489043024792,2.24164598393469,0.135182091374987,0.507056394409227,0.55897047921174,"cogn_se_lv"
"12194","CDH3","Exc L5/6 IT Car3",0.0471881268051431,4.71990557513598,5.83903118469799,0.0161529887489042,0.243815905276506,0.236697026028363,"cogn_se_lv"
"12195","TANGO6","Exc L5/6 IT Car3",0.0208843430816045,6.24632461788421,2.2679462596385,0.132919656417801,0.50397475049765,0.555789825521318,"cogn_se_lv"
"12196","AC009137.1","Exc L5/6 IT Car3",0.0658745062044464,1.80874249341308,1.83520839020727,0.176332075771801,0.563465498502014,0.615985696963979,"cogn_se_lv"
"12197","CHTF8","Exc L5/6 IT Car3",-0.00494406789887686,3.93198450761015,0.0692198809900905,0.79262104200491,0.952110352517605,0.971034973686943,"cogn_se_lv"
"12198","UTP4","Exc L5/6 IT Car3",-0.0394746928210862,4.75157284130349,7.22362576334282,0.00751674114666668,0.183623248011429,0.168464776894044,"cogn_se_lv"
"12199","SNTB2","Exc L5/6 IT Car3",0.00847169281240659,7.30091142699625,0.221118204518234,0.638463545532105,0.883311215906068,0.920773989061945,"cogn_se_lv"
"12200","VPS4A","Exc L5/6 IT Car3",-0.0565324521759154,4.81832718612244,8.66758618411428,0.00344167093027473,0.132529156309283,0.11576775577487,"cogn_se_lv"
"12201","COG8","Exc L5/6 IT Car3",-0.00385222417507691,3.17142152620422,0.0248418423817774,0.874846929512448,0.979751648832088,0.988178306814471,"cogn_se_lv"
"12202","AC026464.3","Exc L5/6 IT Car3",0.00388698478267611,2.74626360076109,0.0186497385435076,0.891448942168056,0.985508487276283,0.990615604154006,"cogn_se_lv"
"12203","NIP7","Exc L5/6 IT Car3",-0.0402517443246539,2.94856087063213,2.2545127284028,0.134069898550689,0.504976930664488,0.556890707677959,"cogn_se_lv"
"12204","TERF2","Exc L5/6 IT Car3",-0.00129050908360102,4.33771337395744,0.00688674086104423,0.933906797500689,0.993267436527988,0.996554680274617,"cogn_se_lv"
"12205","CYB5B","Exc L5/6 IT Car3",-0.00722639988187158,5.97400275705662,0.56181588646341,0.653533495844549,0.888556645135312,0.925774362965417,"cogn_se_lv"
"12206","NFAT5","Exc L5/6 IT Car3",0.0113403955356159,8.18873039022521,1.43618014041173,0.231517973210878,0.620423337521824,0.677593075055214,"cogn_se_lv"
"12207","NQO1","Exc L5/6 IT Car3",0.0135779526897274,2.12488630477283,0.14442719250917,0.704134767410788,0.912079690238501,0.94490648431565,"cogn_se_lv"
"12208","AC092115.3","Exc L5/6 IT Car3",0.038954208074151,2.50156698444503,1.23608251220097,0.266942176674163,0.650056867753237,0.710528192828784,"cogn_se_lv"
"12209","NOB1","Exc L5/6 IT Car3",0.00545568593750422,3.54743789774162,0.0573353200912913,0.810889536393942,0.958714754943748,0.975757146388002,"cogn_se_lv"
"12210","WWP2","Exc L5/6 IT Car3",0.0156287792512649,5.20616578888579,1.05413257615405,0.305221381556154,0.68186341445046,0.742782449741933,"cogn_se_lv"
"12211","PDPR","Exc L5/6 IT Car3",0.01405706273021,5.57479867320699,0.693188761556663,0.405613668565384,0.758124163131074,0.810618094149896,"cogn_se_lv"
"12212","AC009060.1","Exc L5/6 IT Car3",0.0138370924417983,2.76319073304371,0.115823619748758,0.733800247194698,0.927984616396423,0.954466450824897,"cogn_se_lv"
"12213","EXOSC6","Exc L5/6 IT Car3",-0.0306569448962121,5.33255498907414,3.82670713124834,0.0511865378969043,0.35981631126162,0.382662351109907,"cogn_se_lv"
"12214","AARS","Exc L5/6 IT Car3",-0.00412395026566966,6.17030541236246,0.0902294141418862,0.76405274876483,0.941167215918009,0.963154771771872,"cogn_se_lv"
"12215","AC012184.2","Exc L5/6 IT Car3",-0.0137791642120414,3.06755812011479,0.268405744869277,0.604709823548569,0.867513662728667,0.906820186422163,"cogn_se_lv"
"12216","DDX19A","Exc L5/6 IT Car3",0.0141791762569609,3.32390210386388,0.506867172156344,0.598608788646405,0.863646594523825,0.904129542449645,"cogn_se_lv"
"12217","ST3GAL2","Exc L5/6 IT Car3",0.00647066853503834,4.59751535077685,0.121414849507771,0.727701237683174,0.924823143203354,0.952687912172714,"cogn_se_lv"
"12218","AC012184.1","Exc L5/6 IT Car3",-0.076248003795756,1.87226540421693,3.96304817024297,0.0472373689063015,0.351709292437339,0.369901232808357,"cogn_se_lv"
"12219","FUK","Exc L5/6 IT Car3",-0.0140335897650325,3.86432467071611,0.607801228964264,0.436110378349687,0.774490967320757,0.827120045777758,"cogn_se_lv"
"12220","COG4","Exc L5/6 IT Car3",0.0104040304703677,4.27441341020793,0.539877871839287,0.462944193691637,0.790961030368069,0.841601793088828,"cogn_se_lv"
"12221","SF3B3","Exc L5/6 IT Car3",-0.00136971609274591,5.43154849461438,0.0157066552555619,0.90033271143224,0.987325098257244,0.992448541698775,"cogn_se_lv"
"12222","IL34","Exc L5/6 IT Car3",-0.0114805933912718,3.90355329194399,0.0971267637654648,0.755479067083008,0.937208271886335,0.960808563529698,"cogn_se_lv"
"12223","MTSS1L","Exc L5/6 IT Car3",-0.023794513694017,4.12182509051198,1.60485163182826,0.206006036625901,0.593837017111036,0.64916189672954,"cogn_se_lv"
"12224","VAC14","Exc L5/6 IT Car3",0.00557541954695546,4.59606638869817,0.132607255737463,0.715949881346221,0.918464902292858,0.948754909897132,"cogn_se_lv"
"12225","HYDIN","Exc L5/6 IT Car3",-0.0120661657475498,7.52394000831421,0.873516720099101,0.350587128710852,0.717823937428057,0.774309219338709,"cogn_se_lv"
"12226","CMTR2","Exc L5/6 IT Car3",0.00313762946301294,3.62075944219208,0.0226381230782882,0.921227394535694,0.99096186404192,0.994869484089853,"cogn_se_lv"
"12227","ZNF19","Exc L5/6 IT Car3",0.0382201162746181,3.36706641118118,2.01076475129038,0.157019941062399,0.539044589103349,0.590592752651092,"cogn_se_lv"
"12228","PHLPP2","Exc L5/6 IT Car3",0.0147078414048847,6.67298711906161,2.94810049161081,0.0868071723724765,0.434656003843769,0.47320480342252,"cogn_se_lv"
"12229","AC009097.1","Exc L5/6 IT Car3",0.083901264940065,2.20323332816055,2.98462229727103,0.0848851391329234,0.432147631907274,0.469795164911245,"cogn_se_lv"
"12230","AP1G1","Exc L5/6 IT Car3",-0.0125371524394838,6.122742181892,1.72416384794533,0.189963711945981,0.577660843084104,0.63140234082158,"cogn_se_lv"
"12231","IST1","Exc L5/6 IT Car3",-0.0229698781477079,5.72235292270541,5.11412027304563,0.0243061144010117,0.287570640016026,0.28254105323403,"cogn_se_lv"
"12232","ZNF821","Exc L5/6 IT Car3",-0.0105314237892185,6.01860055751061,0.740514469614433,0.390047910798777,0.746621560596167,0.801294514021822,"cogn_se_lv"
"12233","PKD1L3","Exc L5/6 IT Car3",0.0590122863855074,2.4536362331273,2.92989510646004,0.0877828873384303,0.436438510419163,0.47488673956624,"cogn_se_lv"
"12234","DHODH","Exc L5/6 IT Car3",-0.0300344819038799,2.51216668867826,1.08522064395684,0.298206104835235,0.676917505521024,0.736659817262708,"cogn_se_lv"
"12235","TXNL4B","Exc L5/6 IT Car3",0.0378185172240175,3.60724658254203,3.68542620081806,0.0556510438266604,0.373026813803268,0.39770687952252,"cogn_se_lv"
"12236","DHX38","Exc L5/6 IT Car3",-0.0192977165762984,3.90846626146374,1.1869881493139,0.276640026089213,0.659258284532825,0.7189650530051,"cogn_se_lv"
"12237","PMFBP1","Exc L5/6 IT Car3",-0.040645821767989,3.07915902399687,1.29841932494867,0.255232056082097,0.638806528395425,0.699570332388449,"cogn_se_lv"
"12238","LINC01572","Exc L5/6 IT Car3",0.00957799471593453,4.80290275468504,0.126096756142808,0.722714231347662,0.922116013823207,0.950678144834963,"cogn_se_lv"
"12239","AC004158.1","Exc L5/6 IT Car3",-0.0507828455254973,5.39416187888226,2.28119386486919,0.13179615930984,0.502596245370999,0.554216901426745,"cogn_se_lv"
"12240","AC004943.2","Exc L5/6 IT Car3",0.051059885466603,3.55340048120506,3.30813450960916,0.069738007103175,0.404071307174833,0.434200950168512,"cogn_se_lv"
"12241","ZFHX3","Exc L5/6 IT Car3",0.0416091800296423,4.50017597299157,4.68818995776688,0.0310029229456649,0.304222598957164,0.311637540241542,"cogn_se_lv"
"12242","AC138627.1","Exc L5/6 IT Car3",0.0753965521523696,4.75082763209191,10.724172583519,0.00115619822282278,0.08662109232943,0.0691916165849987,"cogn_se_lv"
"12243","AC009120.4","Exc L5/6 IT Car3",0.0309055217204158,1.25028265574787,0.241417006524485,0.623473006514939,0.875558862146629,0.914654454259811,"cogn_se_lv"
"12244","PSMD7","Exc L5/6 IT Car3",-0.0161872513110293,5.46912357592588,0.665756731195246,0.415054731284871,0.763622419767857,0.815993136549421,"cogn_se_lv"
"12245","NPIPB15","Exc L5/6 IT Car3",-0.0357743882999874,2.77360840547279,0.665902217847906,0.415003807555405,0.763622419767857,0.815943847028941,"cogn_se_lv"
"12246","AC009053.3","Exc L5/6 IT Car3",-0.00503501226844785,1.70916348964425,0.00947519988353734,0.922508072611157,0.990974669133532,0.995093373462206,"cogn_se_lv"
"12247","GLG1","Exc L5/6 IT Car3",0.0164224345598929,8.06230109363753,2.46388324319667,0.117336825397687,0.485589089361837,0.53016074284882,"cogn_se_lv"
"12248","RFWD3","Exc L5/6 IT Car3",0.0297702240560512,3.89392593979213,2.61731154448692,0.106547155772772,0.468654730319282,0.510618419731448,"cogn_se_lv"
"12249","MLKL","Exc L5/6 IT Car3",0.0564061104600474,1.48458474162512,0.901969724665048,0.342867930280183,0.712206430963965,0.769320151712466,"cogn_se_lv"
"12250","FA2H","Exc L5/6 IT Car3",0.0231187099665454,1.59152039025922,0.201366070912317,0.653880554786304,0.888560566491041,0.925958334412032,"cogn_se_lv"
"12251","WDR59","Exc L5/6 IT Car3",0.00145758404860203,6.15479933106328,0.0175740025530787,0.894607207844745,0.9857013440361,0.991250356580458,"cogn_se_lv"
"12252","ZNRF1","Exc L5/6 IT Car3",0.0138723436413261,5.62685698210857,1.05180642548263,0.30575485239681,0.682361829812487,0.743213439755533,"cogn_se_lv"
"12253","LDHD","Exc L5/6 IT Car3",0.0244941300623567,1.66949611258581,0.263272675140041,0.608183849664972,0.8691567876631,0.908180362501011,"cogn_se_lv"
"12254","ZFP1","Exc L5/6 IT Car3",0.0139937658026593,3.83517803245461,0.606165934211387,0.651002447621073,0.887629788936254,0.924910419405126,"cogn_se_lv"
"12255","BCAR1","Exc L5/6 IT Car3",-0.00347669108956388,5.37637638233328,0.055153056303736,0.814456216177872,0.959870452932088,0.976506413335733,"cogn_se_lv"
"12256","CFDP1","Exc L5/6 IT Car3",-0.0129734228429055,6.05662678580955,1.56932989142674,0.21108774413205,0.598585727280052,0.65469181253066,"cogn_se_lv"
"12257","TMEM231","Exc L5/6 IT Car3",0.059391006379544,3.09317062150541,4.56069576352967,0.033363409842605,0.31070767076627,0.321716459411588,"cogn_se_lv"
"12258","GABARAPL2","Exc L5/6 IT Car3",-0.0632308390716237,5.97364046731789,4.0905264623104,0.0438360801901689,0.341070411590849,0.359907236045709,"cogn_se_lv"
"12259","ADAT1","Exc L5/6 IT Car3",0.0403318464006752,4.17054591040425,6.01222584646563,0.0146638954213377,0.23508057347332,0.226663800615591,"cogn_se_lv"
"12260","KARS","Exc L5/6 IT Car3",-0.0096830484030888,4.075130146543,0.281023949419296,0.777927537007856,0.946718698160727,0.966981197233484,"cogn_se_lv"
"12261","TERF2IP","Exc L5/6 IT Car3",-0.02256531258216,7.17037676981731,2.15047234473084,0.143367060919107,0.519768920505313,0.571329646185407,"cogn_se_lv"
"12262","CPHXL","Exc L5/6 IT Car3",-0.0248006236114843,1.48592422797404,0.179825347917541,0.671767389201027,0.897280631395117,0.932873557950554,"cogn_se_lv"
"12263","AC105430.1","Exc L5/6 IT Car3",0.0619197304585301,1.62841989839864,0.998520329222062,0.318315441547558,0.692808967221059,0.753253448234073,"cogn_se_lv"
"12264","AC010528.1","Exc L5/6 IT Car3",-0.0486247197522242,2.64841830589462,1.81873257252069,0.178280979487435,0.564756321504744,0.618493796727233,"cogn_se_lv"
"12265","CNTNAP4","Exc L5/6 IT Car3",0.0132650309847815,7.15866033515912,0.603406410037883,0.437772707018817,0.775732978595426,0.828210410137913,"cogn_se_lv"
"12266","AC104151.1","Exc L5/6 IT Car3",0.0389108509384184,5.58210820731864,3.2583147707026,0.0718669441325171,0.410120875626393,0.43981820544696,"cogn_se_lv"
"12267","AC106729.1","Exc L5/6 IT Car3",-0.00614648096539311,3.75410757079861,0.040092489870981,0.841408778871981,0.96940268804011,0.981606687635657,"cogn_se_lv"
"12268","MON1B","Exc L5/6 IT Car3",0.0688698575894605,2.20757800761279,4.01197126919823,0.0459001380290922,0.347587604922856,0.365487758332505,"cogn_se_lv"
"12269","ADAMTS18","Exc L5/6 IT Car3",0.00591142538026439,1.33462708674575,0.00948664387744463,0.922461438079025,0.990974669133532,0.995093373462206,"cogn_se_lv"
"12270","VAT1L","Exc L5/6 IT Car3",0.00388787835048359,3.78274426279347,0.0315567633062223,0.859100209295535,0.973721295691941,0.985301487860902,"cogn_se_lv"
"12271","WWOX","Exc L5/6 IT Car3",0.0114822184479788,8.10058946794654,0.547085839595655,0.459975277973758,0.788583613287589,0.840099099770216,"cogn_se_lv"
"12272","AC105411.1","Exc L5/6 IT Car3",0.0320741183082748,3.78158012722178,1.05264926886173,0.30556141803258,0.68219724955131,0.743072350565885,"cogn_se_lv"
"12273","DYNLRB2","Exc L5/6 IT Car3",-0.0105700849696658,2.40588517302542,0.106026636741708,0.744896163366633,0.933394557418376,0.957700552510213,"cogn_se_lv"
"12274","CDYL2","Exc L5/6 IT Car3",-0.0157382688042988,6.84025876669613,1.13031554769273,0.288394610177517,0.668230247289619,0.728468428898674,"cogn_se_lv"
"12275","LINC02170","Exc L5/6 IT Car3",0.0410008246481272,2.71210843690082,1.78551697428718,0.182286451991737,0.569390804983324,0.622492448263092,"cogn_se_lv"
"12276","CMC2","Exc L5/6 IT Car3",0.0167102095247274,6.32590243057642,1.95383472871892,0.163003433206679,0.546797415349111,0.598497207304982,"cogn_se_lv"
"12277","CENPN","Exc L5/6 IT Car3",0.00597555294654835,2.04580282629479,0.0204520041546446,0.886358968646937,0.983710314298651,0.989749193647213,"cogn_se_lv"
"12278","AC092718.8","Exc L5/6 IT Car3",-0.0244004603745599,1.68613892662443,0.264083927045021,0.607631965160004,0.868771455203684,0.908040219198973,"cogn_se_lv"
"12279","ATMIN","Exc L5/6 IT Car3",-0.00286743392391251,4.79495544354967,0.0291018633897314,0.864636380715396,0.97538376478777,0.986542852105431,"cogn_se_lv"
"12280","AC092718.5","Exc L5/6 IT Car3",0.106580168324966,1.35952358585865,2.85530234146998,0.0919071648298377,0.442985050651801,0.48383079852479,"cogn_se_lv"
"12281","BCO1","Exc L5/6 IT Car3",0.0494169034966179,3.49970463761204,1.89343690788217,0.169638887424691,0.556681238646118,0.607531925788265,"cogn_se_lv"
"12282","AC009148.1","Exc L5/6 IT Car3",0.0496232694769857,2.92029218873445,3.50873102879701,0.0618266494875866,0.385539763214732,0.414087830249722,"cogn_se_lv"
"12283","GAN","Exc L5/6 IT Car3",0.00825115650408692,5.49584817462954,0.412847160612745,0.520921946766609,0.821092037196555,0.868769111741685,"cogn_se_lv"
"12284","CMIP","Exc L5/6 IT Car3",-0.00347573624546679,7.72862922890143,0.0734671561669846,0.786503582332136,0.950153677309984,0.96910254645376,"cogn_se_lv"
"12285","PLCG2","Exc L5/6 IT Car3",-0.0321243787742765,5.52355539115306,0.375399482661621,0.540448384681688,0.830870709392775,0.877860247536187,"cogn_se_lv"
"12286","AC092142.1","Exc L5/6 IT Car3",0.0105382836008177,3.64885346351275,0.217731403085191,0.64104586021641,0.884107586310083,0.921497133331088,"cogn_se_lv"
"12287","MPHOSPH6","Exc L5/6 IT Car3",0.017584496076637,5.4308231695381,2.19459794165993,0.139338068560705,0.512857589982336,0.565058797422582,"cogn_se_lv"
"12288","CDH13","Exc L5/6 IT Car3",0.0312177849138973,4.51465146485128,0.616124097993454,0.43298860535058,0.77353077346411,0.825681882819308,"cogn_se_lv"
"12289","HSBP1","Exc L5/6 IT Car3",-0.0196832283747578,4.94835344664521,0.881125440134837,0.348499948609217,0.716260600146365,0.773242816053714,"cogn_se_lv"
"12290","AC009119.2","Exc L5/6 IT Car3",0.0765492444581739,2.27067251417962,4.35933459739138,0.0374833882014411,0.324901650637594,0.337536529579348,"cogn_se_lv"
"12291","NECAB2","Exc L5/6 IT Car3",-0.00691683845597959,4.75444893254856,0.0836871908392531,0.772521897914861,0.944479822760543,0.965233224452304,"cogn_se_lv"
"12292","SLC38A8","Exc L5/6 IT Car3",-0.0252241441460655,4.12345198878026,0.521927758981679,0.470472392912636,0.794633044963293,0.845333975129826,"cogn_se_lv"
"12293","MBTPS1","Exc L5/6 IT Car3",0.00142432779129801,6.56514345953021,0.0225999360503851,0.880583207917283,0.981401663396841,0.988923094115778,"cogn_se_lv"
"12294","AC040169.1","Exc L5/6 IT Car3",-0.0216268018553825,1.742769008805,0.235548029954077,0.72878703581509,0.924999994394571,0.952980420485531,"cogn_se_lv"
"12295","HSDL1","Exc L5/6 IT Car3",-0.0093952528961348,4.51181898707956,0.403537100806413,0.525656974782025,0.823167068160594,0.870889971690428,"cogn_se_lv"
"12296","DNAAF1","Exc L5/6 IT Car3",0.0391108563166659,3.77200413723719,2.8698729647921,0.0910852460396094,0.441871247275088,0.482111900307145,"cogn_se_lv"
"12297","TAF1C","Exc L5/6 IT Car3",0.00238385650134855,4.48907674217923,0.0163870854657297,0.898208299113449,0.986715578313859,0.992164474469188,"cogn_se_lv"
"12298","ADAD2","Exc L5/6 IT Car3",-0.071366849778886,1.39593321937832,0.668168072795275,0.414211899953984,0.76329240710795,0.815599114652757,"cogn_se_lv"
"12299","WFDC1","Exc L5/6 IT Car3",0.0385019143054206,3.41695198344271,2.41779601037318,0.120810114654909,0.490612459339224,0.536336123500181,"cogn_se_lv"
"12300","ATP2C2","Exc L5/6 IT Car3",0.0356670699725631,2.47305004536503,0.779742245497411,0.377787703093795,0.73708833045303,0.793485568867667,"cogn_se_lv"
"12301","ATP2C2-AS1","Exc L5/6 IT Car3",0.0440732229551197,2.37168501083978,1.5136561687739,0.219355974115958,0.607794081846509,0.664074948573769,"cogn_se_lv"
"12302","TLDC1","Exc L5/6 IT Car3",0.0144944221736957,4.55458034532999,0.423432969441848,0.515628917992148,0.819577819947375,0.866664771867832,"cogn_se_lv"
"12303","COTL1","Exc L5/6 IT Car3",-0.00321621281833467,3.12817894188037,0.014788169246008,0.903275940255931,0.987810604126722,0.992744989013678,"cogn_se_lv"
"12304","KLHL36","Exc L5/6 IT Car3",0.0109170824630247,4.78550727606149,0.64617365263213,0.557383574299078,0.840938717159201,0.88569872452741,"cogn_se_lv"
"12305","USP10","Exc L5/6 IT Car3",-0.00845530547876394,5.93019921083581,0.505836283279335,0.477390589570946,0.799031558211194,0.848323354316444,"cogn_se_lv"
"12306","CRISPLD2","Exc L5/6 IT Car3",0.0224377069462223,1.89373619452907,0.242888038071399,0.622417426413156,0.8750796656557,0.914282724428339,"cogn_se_lv"
"12307","ZDHHC7","Exc L5/6 IT Car3",0.0251600529025982,4.76503432723791,3.7289517008495,0.116428342982413,0.484635963568118,0.528148390615123,"cogn_se_lv"
"12308","KIAA0513","Exc L5/6 IT Car3",-0.036017526541858,6.57345457242719,10.1188352014673,0.00159030869007508,0.0955268961680225,0.0801193099294912,"cogn_se_lv"
"12309","GSE1","Exc L5/6 IT Car3",0.044547126011017,5.43377398643187,4.21873914446075,0.0406751383936471,0.332521481163784,0.349109476329381,"cogn_se_lv"
"12310","EMC8","Exc L5/6 IT Car3",-0.00571492860787296,3.7353979047775,0.0953292654008658,0.812851963343854,0.959045669722624,0.976365470283287,"cogn_se_lv"
"12311","COX4I1","Exc L5/6 IT Car3",-0.0523990023740409,6.29343229306879,2.7593118793986,0.0975285554294114,0.452649195604576,0.493259841489959,"cogn_se_lv"
"12312","MTHFSD","Exc L5/6 IT Car3",0.0403964544475679,3.19173875546692,2.66246211314686,0.103584011624223,0.462971192999255,0.504595973638333,"cogn_se_lv"
"12313","C16orf95","Exc L5/6 IT Car3",0.0109038234324466,4.92446402808877,0.302959338835097,0.582361978751301,0.855305166753264,0.897059309600285,"cogn_se_lv"
"12314","AC010531.1","Exc L5/6 IT Car3",0.0237323407097172,2.99583158647822,0.743951090006321,0.38895134003973,0.746514013885434,0.800557165545049,"cogn_se_lv"
"12315","FBXO31","Exc L5/6 IT Car3",0.0334301808028275,4.64336196921656,3.22579852016379,0.0732941139738135,0.412732658561907,0.443501799786356,"cogn_se_lv"
"12316","MAP1LC3B","Exc L5/6 IT Car3",-0.0269300297248133,5.38346276917414,1.85143354299359,0.174436876953816,0.5610083933887,0.613266408545419,"cogn_se_lv"
"12317","ZCCHC14","Exc L5/6 IT Car3",0.00237182406596188,6.56842570692767,0.0362282155249427,0.849148334550236,0.97124175874588,0.98320800719379,"cogn_se_lv"
"12318","AC092720.1","Exc L5/6 IT Car3",0.0275208005459513,2.32640677694578,0.714700867218145,0.398428626721183,0.753580942262327,0.806623898742405,"cogn_se_lv"
"12319","JPH3","Exc L5/6 IT Car3",-0.0106724516156265,6.08876239743047,0.788988146237639,0.37497765803193,0.734585814296258,0.791374117094982,"cogn_se_lv"
"12320","KLHDC4","Exc L5/6 IT Car3",0.0399905961011118,4.50949471492676,3.92774003829099,0.0482280586609634,0.353049189458432,0.373175879039688,"cogn_se_lv"
"12321","AC126696.1","Exc L5/6 IT Car3",0.063249522176558,1.84496607188195,1.80528190880441,0.179890564246965,0.566621738397059,0.619941724179009,"cogn_se_lv"
"12322","SLC7A5","Exc L5/6 IT Car3",0.0136311056648203,4.18146616554304,0.175061690637857,0.675892310596928,0.899176443999365,0.934584624089635,"cogn_se_lv"
"12323","CA5A","Exc L5/6 IT Car3",0.0776924552308999,1.72836527766645,3.08028677753178,0.080066013810729,0.422280998131295,0.459337183050217,"cogn_se_lv"
"12324","BANP","Exc L5/6 IT Car3",-0.00684755047576323,5.8531544259137,0.129468210353177,0.719187321923312,0.920440156706841,0.949431743080605,"cogn_se_lv"
"12325","AC134312.4","Exc L5/6 IT Car3",0.0334208201045706,2.47505988220062,0.596320077452781,0.440473649153499,0.77649470607773,0.829871574267395,"cogn_se_lv"
"12326","ZFPM1","Exc L5/6 IT Car3",0.0145372018612224,3.41644727358099,0.298962459513882,0.584859948117359,0.85579931877134,0.898147216561273,"cogn_se_lv"
"12327","AC116552.1","Exc L5/6 IT Car3",0.0383436836974326,3.72303158301074,2.87091289396451,0.0910268914791056,0.441871247275088,0.482111900307145,"cogn_se_lv"
"12328","ZC3H18","Exc L5/6 IT Car3",-0.00738609332388265,4.82323305542715,0.329743148865315,0.566155868685917,0.845761203893077,0.889083250009163,"cogn_se_lv"
"12329","MVD","Exc L5/6 IT Car3",0.0381697831145785,5.58256417709567,5.22060083467291,0.0228806430357698,0.2800171352036,0.275454243066173,"cogn_se_lv"
"12330","SNAI3-AS1","Exc L5/6 IT Car3",0.0471247249434411,4.86219542471,7.31745347683621,0.00714140558558014,0.179292384929981,0.164014007683554,"cogn_se_lv"
"12331","SNAI3","Exc L5/6 IT Car3",0.0492480592640912,3.70198310421613,1.89875746828192,0.169042049089482,0.555769522641985,0.606778029977569,"cogn_se_lv"
"12332","RNF166","Exc L5/6 IT Car3",-0.0221945321160821,3.5073862909263,1.05100646580849,0.305938591994995,0.682672891228501,0.743415764770471,"cogn_se_lv"
"12333","CTU2","Exc L5/6 IT Car3",-0.0490673134587314,2.6421365564754,2.37538397827032,0.12410766519736,0.493034839284299,0.541193017994417,"cogn_se_lv"
"12334","APRT","Exc L5/6 IT Car3",-0.000171956387193912,2.85407558442682,2.50138448623883e-05,0.996012158249803,0.999242764926216,0.999870711362408,"cogn_se_lv"
"12335","GALNS","Exc L5/6 IT Car3",0.0272356741756872,3.6168988386483,1.33429328998203,0.24878097545045,0.633268146242545,0.693330208260414,"cogn_se_lv"
"12336","TRAPPC2L","Exc L5/6 IT Car3",0.00335620276077092,3.07130972730958,0.0131966185691586,0.908604685291482,0.988416424129917,0.993379140459181,"cogn_se_lv"
"12337","CBFA2T3","Exc L5/6 IT Car3",0.0193546298244841,3.10641044370392,0.419804637617434,0.517432439189946,0.820027313266736,0.867372784961032,"cogn_se_lv"
"12338","AC092384.1","Exc L5/6 IT Car3",0.0676866892741795,2.08626126788504,1.58694663391273,0.208549136645591,0.596606428149979,0.652156675245978,"cogn_se_lv"
"12339","AC135782.1","Exc L5/6 IT Car3",0.0379054831298733,3.39959186107172,1.88256972719318,0.170865478237233,0.557772399333489,0.609009443838478,"cogn_se_lv"
"12340","ACSF3","Exc L5/6 IT Car3",0.0162459645778172,4.65856136499519,1.05852233324733,0.304217937346194,0.681005680837516,0.742065704418888,"cogn_se_lv"
"12341","AC009113.1","Exc L5/6 IT Car3",0.060499846840176,2.10879544969923,2.17207101863132,0.141378756740109,0.516208556638263,0.568210215207739,"cogn_se_lv"
"12342","ZNF778","Exc L5/6 IT Car3",0.0442600779053123,3.92437770476763,6.84197479910869,0.0092648910353231,0.199491591498572,0.185035300149932,"cogn_se_lv"
"12343","ANKRD11","Exc L5/6 IT Car3",0.000278643977341009,7.88015123250604,0.000580581118457238,0.980789493106313,0.998390354534415,0.999870711362408,"cogn_se_lv"
"12344","SPG7","Exc L5/6 IT Car3",0.0140060524055557,6.63114177438393,1.3640859694866,0.24357524855682,0.628647170097177,0.687851355159469,"cogn_se_lv"
"12345","AC092123.1","Exc L5/6 IT Car3",0.0481292679526071,1.9372087956976,1.3815715292819,0.240582016068333,0.625749066637086,0.685321518089228,"cogn_se_lv"
"12346","RPL13","Exc L5/6 IT Car3",-0.0461547537433232,6.91595333459841,2.333825940366,0.127436393470685,0.497214837075747,0.546543943450418,"cogn_se_lv"
"12347","CPNE7","Exc L5/6 IT Car3",0.0314971225788273,3.47649133088581,1.69855835140551,0.193279067930871,0.581651320973036,0.635304598462462,"cogn_se_lv"
"12348","CHMP1A","Exc L5/6 IT Car3",-0.028465529919848,4.5689047608168,2.53536262862952,0.112166842989995,0.476642299946946,0.52055842243919,"cogn_se_lv"
"12349","SPATA33","Exc L5/6 IT Car3",0.000191579041765802,4.66008190384682,9.71187314950576e-05,0.992142326893014,0.999242764926216,0.999870711362408,"cogn_se_lv"
"12350","CDK10","Exc L5/6 IT Car3",0.00969036903746225,5.82458842829121,0.570614858012836,0.45049055946165,0.783309836908232,0.834834620607473,"cogn_se_lv"
"12351","SPATA2L","Exc L5/6 IT Car3",0.0335867492576907,4.05046218578502,1.50291370427221,0.220995613083763,0.609393269525047,0.665939824242042,"cogn_se_lv"
"12352","VPS9D1","Exc L5/6 IT Car3",0.000458162162124308,6.37485438438626,0.00160510385374791,0.968063700355676,0.998023871146427,0.999016653876182,"cogn_se_lv"
"12353","VPS9D1-AS1","Exc L5/6 IT Car3",0.00450063563134043,2.05724398517117,0.011253863347818,0.915572450564912,0.98916706803889,0.994279111276091,"cogn_se_lv"
"12354","ZNF276","Exc L5/6 IT Car3",0.0176960620086819,4.54364181345044,1.75334505754498,0.52117983785287,0.821092037196555,0.86892040399956,"cogn_se_lv"
"12355","FANCA","Exc L5/6 IT Car3",0.00256593066153556,4.24312018393258,0.018371758391509,0.89225598055381,0.9857013440361,0.990854933223511,"cogn_se_lv"
"12356","SPIRE2","Exc L5/6 IT Car3",0.0298932773630737,5.27365067880671,4.87565558861752,0.0278448029532503,0.297838283113648,0.297993689116767,"cogn_se_lv"
"12357","TCF25","Exc L5/6 IT Car3",0.00409441156512954,7.86730603306135,0.181175471789409,0.67061004025522,0.896973919231145,0.932369827081917,"cogn_se_lv"
"12358","MC1R","Exc L5/6 IT Car3",0.0426273814477907,2.75578627974221,1.79411768148663,0.181239355600818,0.567964504723395,0.621347600975888,"cogn_se_lv"
"12359","TUBB3","Exc L5/6 IT Car3",-0.0788208543143962,1.39955604947617,1.57184665873036,0.210722833482826,0.598585727280052,0.654246619406816,"cogn_se_lv"
"12360","DEF8","Exc L5/6 IT Car3",-0.0157406029681487,5.20604077419179,1.42849039341093,0.23276894185558,0.620836501626516,0.678223155611515,"cogn_se_lv"
"12361","CENPBD1","Exc L5/6 IT Car3",-0.059500377000693,2.37057249190041,2.86986712246664,0.0910855739908796,0.441871247275088,0.482111900307145,"cogn_se_lv"
"12362","DBNDD1","Exc L5/6 IT Car3",-0.0204178464491385,3.60338673052157,0.883190734724656,0.347936331748068,0.71589960471244,0.772863637193135,"cogn_se_lv"
"12363","GAS8","Exc L5/6 IT Car3",0.035140920948563,5.20487015950766,2.41507628459765,0.121018623377285,0.490612459339224,0.536436121324361,"cogn_se_lv"
"12364","FAM157C","Exc L5/6 IT Car3",6.12606298532702e-05,5.62845679468578,4.71222236256047e-06,0.998269139562822,0.999465900469295,0.999954262357359,"cogn_se_lv"
"12365","AC133919.1","Exc L5/6 IT Car3",-0.0162745011669635,1.86334168966174,0.0907176804004526,0.763434277449284,0.941167215918009,0.963031535744815,"cogn_se_lv"
"12366","AC133919.2","Exc L5/6 IT Car3",-0.0600999657751598,2.60883688652054,1.45058837422282,0.229195864299202,0.618318427300487,0.674972858150136,"cogn_se_lv"
"12367","LINC02193","Exc L5/6 IT Car3",-0.0278092996697732,3.63828685622619,1.62537297579897,0.203136363396271,0.5900846796279,0.645328581721678,"cogn_se_lv"
"12368","AC240565.1","Exc L5/6 IT Car3",-0.029270386199036,2.55953858936782,0.989122039868213,0.463133352543726,0.790961030368069,0.841695138873973,"cogn_se_lv"
"12369","DOC2B","Exc L5/6 IT Car3",0.0570573538391592,1.76908699509077,1.10386304992647,0.294098872933353,0.672512011030238,0.73319908887688,"cogn_se_lv"
"12370","RPH3AL","Exc L5/6 IT Car3",-0.0797619362035311,1.81600888286716,2.58407256665065,0.108788201415801,0.471062624611416,0.514216844680641,"cogn_se_lv"
"12371","C17orf97","Exc L5/6 IT Car3",0.0130038002440878,3.36961881112191,0.357710803969284,0.550142667626416,0.837051948259007,0.882170509248416,"cogn_se_lv"
"12372","RFLNB","Exc L5/6 IT Car3",-0.0832613117895647,1.76558134911086,2.72624054264499,0.0995515159328736,0.455303961428507,0.496765872211882,"cogn_se_lv"
"12373","VPS53","Exc L5/6 IT Car3",0.0122629359762401,7.21811742920872,1.38350007013363,0.24025463883751,0.625749066637086,0.68490245420926,"cogn_se_lv"
"12374","AC015853.3","Exc L5/6 IT Car3",0.00446612507828817,2.76954381940846,0.0104613982947542,0.91858851749891,0.990428761581556,0.994640339049422,"cogn_se_lv"
"12375","FAM57A","Exc L5/6 IT Car3",0.00504034439086184,1.92946744023329,0.0145864277060276,0.903934732819738,0.987810604126722,0.992777214734694,"cogn_se_lv"
"12376","GLOD4","Exc L5/6 IT Car3",0.0147807106591121,4.35129136945832,0.866936941415646,0.352405837696212,0.719169542251618,0.775935834875279,"cogn_se_lv"
"12377","MRM3","Exc L5/6 IT Car3",-0.0186181307640088,2.61824829284475,0.361518768675136,0.54802852187981,0.835910322854975,0.88128155964932,"cogn_se_lv"
"12378","NXN","Exc L5/6 IT Car3",0.0195082266516964,4.75103976138751,0.524774229540665,0.469265519755278,0.794021585912354,0.844759319558761,"cogn_se_lv"
"12379","TIMM22","Exc L5/6 IT Car3",-0.0226211474265461,3.6008015668516,0.979516293170846,0.322958672507127,0.695965805481828,0.756108596213354,"cogn_se_lv"
"12380","ABR","Exc L5/6 IT Car3",0.000202312972930864,7.54670824675549,0.000319050505247806,0.985758489032504,0.998390354534415,0.999870711362408,"cogn_se_lv"
"12381","AC144836.1","Exc L5/6 IT Car3",0.0898637075683341,1.02164660157812,1.85099756646134,0.185536256691221,0.572747530205405,0.626313444234656,"cogn_se_lv"
"12382","YWHAE","Exc L5/6 IT Car3",-0.0210336910008852,6.98748774466121,2.06732166767264,0.151322492006999,0.530850942505038,0.582898503324672,"cogn_se_lv"
"12383","CRK","Exc L5/6 IT Car3",-0.0190662335649685,5.46001613839994,2.2119874520246,0.137785453947258,0.510620798575702,0.563085541576555,"cogn_se_lv"
"12384","INPP5K","Exc L5/6 IT Car3",-0.0114715701554495,3.56158941258156,0.334160058323327,0.58113596185922,0.85513639744395,0.896545595989666,"cogn_se_lv"
"12385","PITPNA","Exc L5/6 IT Car3",0.011059914298889,6.25680410877502,1.00455534550463,0.316859332878666,0.691649085154008,0.752095479038326,"cogn_se_lv"
"12386","SLC43A2","Exc L5/6 IT Car3",0.00942656038532977,5.73266048989343,0.522457565423073,0.470247381471543,0.794633044963293,0.845183560651905,"cogn_se_lv"
"12387","SCARF1","Exc L5/6 IT Car3",0.0437979587365264,2.4742904165158,1.70425264070742,0.192535959528705,0.580322839237518,0.63418561954526,"cogn_se_lv"
"12388","RILP","Exc L5/6 IT Car3",-0.0296297476507227,2.44059173572077,0.637945525176415,0.424963079819151,0.770225698616864,0.821778746612427,"cogn_se_lv"
"12389","PRPF8","Exc L5/6 IT Car3",-0.0206587460307255,5.85389569193291,2.99754983314319,0.0842159163898654,0.431165320439131,0.468560352881232,"cogn_se_lv"
"12390","TLCD2","Exc L5/6 IT Car3",-0.0595811499371025,2.19739748111939,2.88827730688365,0.0900585007648946,0.440139830667427,0.479907461946249,"cogn_se_lv"
"12391","MIR22HG","Exc L5/6 IT Car3",-0.0121434880119301,2.96944441847026,0.114267506741455,0.735526814704557,0.92849878000079,0.955017483614466,"cogn_se_lv"
"12392","WDR81","Exc L5/6 IT Car3",0.0179682420409761,3.35702450035212,0.705942312847151,0.444946177395736,0.780222007527615,0.83232375067753,"cogn_se_lv"
"12393","SERPINF2","Exc L5/6 IT Car3",0.0307771963010546,1.94816147032283,0.410872826281461,0.521919742407217,0.821219183687462,0.869295166821233,"cogn_se_lv"
"12394","SERPINF1","Exc L5/6 IT Car3",-0.0251095713668549,4.70961107658755,0.610849635141814,0.434962994228879,0.773613831177909,0.826603641098835,"cogn_se_lv"
"12395","SMYD4","Exc L5/6 IT Car3",0.026342464478307,4.63012919185889,3.66804192179126,0.056228382891499,0.373928928056421,0.399097585527231,"cogn_se_lv"
"12396","RPA1","Exc L5/6 IT Car3",0.0274508100123443,4.89604822353673,3.24645916206915,0.0723838013321238,0.411672839061857,0.441179171062209,"cogn_se_lv"
"12397","RTN4RL1","Exc L5/6 IT Car3",-0.00943445350868091,6.57274684508571,0.211251133077483,0.64605582561325,0.886167482726196,0.923453537054313,"cogn_se_lv"
"12398","DPH1","Exc L5/6 IT Car3",0.0285398718553425,4.00242102715547,1.13038402662043,0.288380027666284,0.668230247289619,0.728468428898674,"cogn_se_lv"
"12399","AC090617.5","Exc L5/6 IT Car3",0.0523295491732031,1.70949438761658,0.456670611143885,0.499602085491605,0.811833607403209,0.85887247468388,"cogn_se_lv"
"12400","SMG6","Exc L5/6 IT Car3",0.00960313570753783,7.10398703629676,0.635372465383044,0.425897657775254,0.77058134883155,0.822334643159249,"cogn_se_lv"
"12401","AC090617.4","Exc L5/6 IT Car3",-0.000225544842868417,1.91351669636633,8.47949735237527e-06,0.997678151149437,0.999366489598402,0.999954262357359,"cogn_se_lv"
"12402","SRR","Exc L5/6 IT Car3",0.0356016507514215,2.79399019072573,1.42431746361394,0.233451221325305,0.621066116966681,0.678638369683741,"cogn_se_lv"
"12403","TSR1","Exc L5/6 IT Car3",-0.014951285767149,3.83301334977563,0.727127945385156,0.394361936668841,0.750811125246958,0.804174313896326,"cogn_se_lv"
"12404","SGSM2","Exc L5/6 IT Car3",0.00383909035067909,6.50195458378586,0.122474450430607,0.726563256454055,0.924498430494246,0.95225853421047,"cogn_se_lv"
"12405","MNT","Exc L5/6 IT Car3",-0.012495449533236,4.2781527010977,0.439628813039843,0.507710459168536,0.816537950024118,0.862924023341337,"cogn_se_lv"
"12406","METTL16","Exc L5/6 IT Car3",0.0239807573812764,5.42806371893985,3.81076480448378,0.0516706946602494,0.35981631126162,0.384167402001265,"cogn_se_lv"
"12407","PAFAH1B1","Exc L5/6 IT Car3",0.0101036905221021,8.03042360144748,1.8527058352801,0.174289263578195,0.560922354571814,0.613006320976382,"cogn_se_lv"
"12408","CLUH","Exc L5/6 IT Car3",-0.0281347482559366,4.42695821766578,2.92888070669475,0.0878376036041038,0.436493613001988,0.475020428866198,"cogn_se_lv"
"12409","AC005696.4","Exc L5/6 IT Car3",-0.0123825473301273,3.06183174862613,0.245125983811886,0.620819122532464,0.874351255682403,0.913592511079948,"cogn_se_lv"
"12410","RAP1GAP2","Exc L5/6 IT Car3",0.00408593316116078,7.68999227856402,0.0856449974649334,0.769950850386204,0.943158674944966,0.964635481500742,"cogn_se_lv"
"12411","AC090282.1","Exc L5/6 IT Car3",-0.0313882874816823,1.58785779766915,0.39021446053196,0.53256791945398,0.826815321335292,0.873962851252897,"cogn_se_lv"
"12412","OR3A2","Exc L5/6 IT Car3",-0.00108928062008783,3.50917890350614,0.000842081357126856,0.976865217544292,0.998267578294294,0.999481105410931,"cogn_se_lv"
"12413","OR3A3","Exc L5/6 IT Car3",0.104760830461425,1.24826806335441,2.61360120080655,0.10679477518441,0.468705820265611,0.5107824714935,"cogn_se_lv"
"12414","SPATA22","Exc L5/6 IT Car3",-0.015293078367583,2.17135593995689,0.0911526457703471,0.762884848116384,0.941167215918009,0.962850724261694,"cogn_se_lv"
"12415","ASPA","Exc L5/6 IT Car3",-0.0727425741849713,1.53400991089022,1.93424032224643,0.165122913283087,0.549933268865333,0.601332979022274,"cogn_se_lv"
"12416","TRPV1","Exc L5/6 IT Car3",0.0452419165965854,3.01013927594788,3.57198208479009,0.0595358401879119,0.380342907459684,0.407924574630776,"cogn_se_lv"
"12417","CTNS","Exc L5/6 IT Car3",0.00892314586224188,2.89934612608129,0.129503687908118,0.719150485793846,0.920440156706841,0.94942706355664,"cogn_se_lv"
"12418","TAX1BP3","Exc L5/6 IT Car3",-0.0223627935417696,2.09589758000753,0.337049508990346,0.561887215019656,0.843636345917786,0.887608432877591,"cogn_se_lv"
"12419","EMC6","Exc L5/6 IT Car3",-0.0427929967253294,3.43987920259308,1.30791204106858,0.253505147177122,0.637386736653472,0.698027765251246,"cogn_se_lv"
"12420","ITGAE","Exc L5/6 IT Car3",-0.0270862968783849,4.08778520195354,2.0952763751223,0.148593412949537,0.527410660814893,0.579201250482681,"cogn_se_lv"
"12421","NCBP3","Exc L5/6 IT Car3",0.0169281817635108,4.71432926935311,0.836952795185765,0.360859686715229,0.724938503644872,0.78149874067817,"cogn_se_lv"
"12422","CAMKK1","Exc L5/6 IT Car3",-0.0161959253429954,6.96880137074875,1.6521115497126,0.199467828512543,0.586514030126452,0.641649453393984,"cogn_se_lv"
"12423","ZZEF1","Exc L5/6 IT Car3",0.0111077439201044,6.17413861339423,0.924300096233364,0.336970124369995,0.707058640128213,0.765436167707916,"cogn_se_lv"
"12424","CYB5D2","Exc L5/6 IT Car3",-8.69454493289216e-05,5.13091884409894,3.17245734059599e-05,0.995508978871258,0.999242764926216,0.999870711362408,"cogn_se_lv"
"12425","ANKFY1","Exc L5/6 IT Car3",0.0104042777432636,6.34134164598507,0.899529442585292,0.343520872816989,0.712793074376899,0.769860151555945,"cogn_se_lv"
"12426","UBE2G1","Exc L5/6 IT Car3",0.0212224114552048,5.96749119637587,3.62714607828832,0.0576118704672766,0.376670850125698,0.402872421970266,"cogn_se_lv"
"12427","AC127521.1","Exc L5/6 IT Car3",0.0631734776416271,1.89359811118648,2.13818559598113,0.144512219997882,0.520632076517234,0.572944707844708,"cogn_se_lv"
"12428","SPNS2","Exc L5/6 IT Car3",-0.0273150543627455,5.0538675144961,1.97815851130612,0.160415603969957,0.543531162327766,0.595440327928342,"cogn_se_lv"
"12429","MYBBP1A","Exc L5/6 IT Car3",0.000456470354788471,4.0706411061205,0.000747635652870288,0.978200815389137,0.998390354534415,0.999693731926281,"cogn_se_lv"
"12430","PELP1","Exc L5/6 IT Car3",-0.0159432750793174,4.53012032593944,1.25326898369737,0.263648102825627,0.646414577423356,0.707532116597432,"cogn_se_lv"
"12431","AC091153.2","Exc L5/6 IT Car3",0.0081864083900434,2.05379908048656,0.0334245718585765,0.855035358810566,0.972881064401809,0.984559901577526,"cogn_se_lv"
"12432","ARRB2","Exc L5/6 IT Car3",-0.00346041514403574,4.63737826235129,0.0452457485003771,0.831668780967227,0.966177555530849,0.979568570143886,"cogn_se_lv"
"12433","MED11","Exc L5/6 IT Car3",0.0424990057744763,2.78657248251104,2.0991774786376,0.148217025352387,0.526560484804532,0.578642204932599,"cogn_se_lv"
"12434","VMO1","Exc L5/6 IT Car3",-0.095720970788953,1.32071579811186,3.0518469684401,0.0814669447773506,0.425408435055331,0.462499582951604,"cogn_se_lv"
"12435","PSMB6","Exc L5/6 IT Car3",-0.0737448682090279,3.92542335947217,3.9741672326961,0.0469298673292454,0.350754355995906,0.368798907530022,"cogn_se_lv"
"12436","PLD2","Exc L5/6 IT Car3",0.077581106635249,2.73302897265757,7.43700225764374,0.00669087964641683,0.175601242043721,0.159796461088776,"cogn_se_lv"
"12437","MINK1","Exc L5/6 IT Car3",0.0108093876235266,5.9372712839474,1.12127566735263,0.290327936644123,0.669872315866136,0.729814844706016,"cogn_se_lv"
"12438","SLC25A11","Exc L5/6 IT Car3",-0.0290865945760563,3.96386684805874,1.06495378641488,0.302755496585294,0.679709276797619,0.740836582111697,"cogn_se_lv"
"12439","RNF167","Exc L5/6 IT Car3",-0.0358674881102599,4.21005329669943,2.72993984816749,0.099322963607974,0.455229935733559,0.496384609411786,"cogn_se_lv"
"12440","PFN1","Exc L5/6 IT Car3",-0.0782262701502247,4.03169642870857,4.75071865535257,0.0299098326125433,0.304122214499141,0.307015483943668,"cogn_se_lv"
"12441","SPAG7","Exc L5/6 IT Car3",0.00370025079796725,4.21098773321117,0.0276921861879985,0.867924550689862,0.976728571555652,0.98702009606938,"cogn_se_lv"
"12442","CAMTA2","Exc L5/6 IT Car3",-0.019840814697652,5.67720205703238,2.35323189473665,0.125869771803627,0.495431147840874,0.543903487079269,"cogn_se_lv"
"12443","KIF1C","Exc L5/6 IT Car3",0.0245378478617155,4.33967764666355,1.79432019324975,0.181214785067202,0.567964504723395,0.621334519176158,"cogn_se_lv"
"12444","SLC52A1","Exc L5/6 IT Car3",0.00632161869210545,1.9175810764782,0.0180341468798691,0.893244550402118,0.9857013440361,0.991014979569081,"cogn_se_lv"
"12445","ZFP3","Exc L5/6 IT Car3",-0.0362512757967836,2.63169437456574,1.95470150689427,0.16291039857959,0.546797415349111,0.598392515846409,"cogn_se_lv"
"12446","ZNF232","Exc L5/6 IT Car3",0.0297666090693012,2.99802755423544,1.18267485631638,0.277513072410557,0.65984296042349,0.719741226726449,"cogn_se_lv"
"12447","USP6","Exc L5/6 IT Car3",0.00617031196935972,2.96649820432699,0.0577972496428455,0.810143810511913,0.958714754943748,0.975619652922786,"cogn_se_lv"
"12448","ZNF594","Exc L5/6 IT Car3",-0.00371029283606903,4.52985103195186,0.0563219578129241,0.81253668519742,0.959045669722624,0.976276437612804,"cogn_se_lv"
"12449","AC087500.1","Exc L5/6 IT Car3",0.016303259545599,5.91239003563859,1.43006714484148,0.232511770001067,0.620799689816657,0.678043348788126,"cogn_se_lv"
"12450","SCIMP","Exc L5/6 IT Car3",-0.0186827189716571,3.28412364586513,0.34528703291265,0.557148137753484,0.840938717159201,0.885602891591412,"cogn_se_lv"
"12451","RABEP1","Exc L5/6 IT Car3",0.00724426997035586,7.41648166236123,0.812354347045397,0.36800564188407,0.72947343179262,0.786728266006907,"cogn_se_lv"
"12452","NUP88","Exc L5/6 IT Car3",-0.0014815607961507,5.56969065613498,0.0188702254802358,0.890813166964601,0.985508487276283,0.990615604154006,"cogn_se_lv"
"12453","RPAIN","Exc L5/6 IT Car3",-0.0139364599470199,5.48692680668312,1.17291156077999,0.50936910460195,0.817087552547132,0.863705405647866,"cogn_se_lv"
"12454","AC004148.2","Exc L5/6 IT Car3",-0.0537551432794624,2.10542173654121,1.74104229632361,0.18781468627506,0.575062928090689,0.629012385606037,"cogn_se_lv"
"12455","C1QBP","Exc L5/6 IT Car3",-0.0610854214563549,4.23100259829945,4.82931709373978,0.0285927507654606,0.298743230162023,0.301149433789773,"cogn_se_lv"
"12456","DHX33","Exc L5/6 IT Car3",0.040912230746705,3.58561900022436,3.63584211310687,0.0982920637195229,0.453587664360857,0.494793673409348,"cogn_se_lv"
"12457","DERL2","Exc L5/6 IT Car3",-0.00526790059397746,3.57184948921488,0.075556457506448,0.975834045578625,0.998267578294294,0.999481105410931,"cogn_se_lv"
"12458","MIS12","Exc L5/6 IT Car3",0.0107983328709211,3.344692106535,0.192315189845238,0.661250077119156,0.89224558731507,0.929077366098462,"cogn_se_lv"
"12459","NLRP1","Exc L5/6 IT Car3",-0.0134505002478337,5.84781188920498,0.400295158445365,0.527323825624837,0.824328458747205,0.871784593637195,"cogn_se_lv"
"12460","WSCD1","Exc L5/6 IT Car3",-0.100290334420468,1.45838148144552,3.23745670133789,0.0727789458832731,0.412732658561907,0.442325189647779,"cogn_se_lv"
"12461","PITPNM3","Exc L5/6 IT Car3",0.0438264805250646,5.37997763063637,7.49235698595617,0.00649225430458248,0.173648358410842,0.157598716494049,"cogn_se_lv"
"12462","KIAA0753","Exc L5/6 IT Car3",0.00695217933044003,5.67554987207722,0.338573487139839,0.561004656585294,0.843636345917786,0.887316501599522,"cogn_se_lv"
"12463","TXNDC17","Exc L5/6 IT Car3",-0.0798623177543446,2.5139497212245,4.65586076847892,0.0315844143871863,0.306871298875503,0.314159851651863,"cogn_se_lv"
"12464","MED31","Exc L5/6 IT Car3",-0.0188199396436458,4.82477469190194,0.731225507827403,0.393034170323525,0.749912705340819,0.803541894213983,"cogn_se_lv"
"12465","C17orf100","Exc L5/6 IT Car3",-0.0353718314827368,2.2692422355275,0.954409390509731,0.3292314860366,0.700221116057139,0.760478358178686,"cogn_se_lv"
"12466","TEKT1","Exc L5/6 IT Car3",-0.0561759931314962,1.94721878099807,1.73813204457724,0.188183195646753,0.575062928090689,0.629238201400643,"cogn_se_lv"
"12467","ALOX12-AS1","Exc L5/6 IT Car3",0.01764535391716,6.43891153655097,1.56313491902045,0.211989171757747,0.599705600717628,0.655621900187656,"cogn_se_lv"
"12468","ASGR1","Exc L5/6 IT Car3",0.0259745476600101,2.10376949852124,0.431249810601979,0.511780535247639,0.818419687003898,0.864955549303971,"cogn_se_lv"
"12469","DLG4","Exc L5/6 IT Car3",0.0118117245830679,5.62791457873282,0.487509556702984,0.48547460875142,0.803209441914035,0.852066419859271,"cogn_se_lv"
"12470","ACADVL","Exc L5/6 IT Car3",-0.0296062046434269,5.36498082132158,2.53780970450471,0.111994369819342,0.476642299946946,0.520187978132093,"cogn_se_lv"
"12471","DVL2","Exc L5/6 IT Car3",-0.0138101830710457,4.21078031048993,0.86942480938685,0.351716656225725,0.719038169409392,0.775342246087481,"cogn_se_lv"
"12472","PHF23","Exc L5/6 IT Car3",-0.0321629119630957,2.83601630733565,0.994037914605623,0.319402647979091,0.693189499961306,0.753720039976832,"cogn_se_lv"
"12473","GABARAP","Exc L5/6 IT Car3",-0.117028421536849,1.89368369815455,3.38777937822331,0.0664740716122042,0.396062427271239,0.426098021769456,"cogn_se_lv"
"12474","ELP5","Exc L5/6 IT Car3",-0.0145298007227308,3.67889895852434,0.537805028288376,0.463803641036981,0.790994906422777,0.841923733548083,"cogn_se_lv"
"12475","EIF5A","Exc L5/6 IT Car3",-0.080609900420369,4.5515802343245,6.38371220611057,0.0119293116556366,0.21784318965355,0.207086429529043,"cogn_se_lv"
"12476","GPS2","Exc L5/6 IT Car3",-0.0352343285510904,3.03156149800106,0.915444300978112,0.339292591464331,0.709363247213108,0.766871316937596,"cogn_se_lv"
"12477","TMEM256-PLSCR3","Exc L5/6 IT Car3",-0.00869635994873742,1.86743424750746,0.036410970307975,0.84877292034067,0.971136553429121,0.983195214305009,"cogn_se_lv"
"12478","NLGN2","Exc L5/6 IT Car3",0.00498518317296856,4.9235009089225,0.114637923688744,0.979925440664629,0.998390354534415,0.999835977743659,"cogn_se_lv"
"12479","CHRNB1","Exc L5/6 IT Car3",-0.0155156075736512,1.8773272506706,0.130009370992671,0.718626056697703,0.920236699914595,0.949299868035704,"cogn_se_lv"
"12480","ZBTB4","Exc L5/6 IT Car3",-0.00204742410732144,6.51527762212898,0.0387119124588054,0.844127462162927,0.970718197914328,0.98235954461872,"cogn_se_lv"
"12481","POLR2A","Exc L5/6 IT Car3",-0.0162870830059028,5.30958003898075,1.34995275397307,0.246027950545358,0.63060160275998,0.690430386489783,"cogn_se_lv"
"12482","EIF4A1","Exc L5/6 IT Car3",-0.0366852371109763,4.46813546378456,2.35177424036249,0.12598669696,0.495732478769752,0.544094597070329,"cogn_se_lv"
"12483","MPDU1","Exc L5/6 IT Car3",-0.0715649908468497,3.59368274310156,11.6242097097411,0.000721975391330434,0.0653600074857375,0.0540682358730687,"cogn_se_lv"
"12484","SOX15","Exc L5/6 IT Car3",-0.0080167326156082,2.91039157508286,0.0494978382279054,0.824060939357313,0.964040880227138,0.978157951307877,"cogn_se_lv"
"12485","FXR2","Exc L5/6 IT Car3",-0.00670636162417329,4.60543586128525,0.149431965090162,0.699298812960089,0.909584916451636,0.942854633275288,"cogn_se_lv"
"12486","SAT2","Exc L5/6 IT Car3",-0.0108005250308545,5.8916768269852,0.21932750286418,0.639825861852612,0.88361972463276,0.921055699298057,"cogn_se_lv"
"12487","ATP1B2","Exc L5/6 IT Car3",0.00431432227859244,1.5017464504956,0.00600571084286139,0.93827003648119,0.994369077299174,0.99727077180765,"cogn_se_lv"
"12488","TP53","Exc L5/6 IT Car3",-0.0287260244345253,2.20911182454077,0.60169097300727,0.438424203551914,0.776003276902122,0.828741555682803,"cogn_se_lv"
"12489","WRAP53","Exc L5/6 IT Car3",-0.0625076444799295,2.47185840384292,4.27521620241065,0.0393599051273515,0.328617396477374,0.344530046168936,"cogn_se_lv"
"12490","EFNB3","Exc L5/6 IT Car3",-0.00677950950449493,4.07619930694166,0.129647607315964,0.719001113587778,0.920381453881895,0.949365927709577,"cogn_se_lv"
"12491","DNAH2","Exc L5/6 IT Car3",0.0224118679294358,3.57079032839977,0.829556470560771,0.362987959713116,0.726811316394553,0.783374163312601,"cogn_se_lv"
"12492","KDM6B","Exc L5/6 IT Car3",-0.017835920684847,3.89405571830192,0.826299452504953,0.363930673345435,0.727161502689981,0.783995723312449,"cogn_se_lv"
"12493","NAA38","Exc L5/6 IT Car3",-0.0213209672183517,5.04740973315508,1.17310883259868,0.279461764285959,0.661269350060604,0.721279793765124,"cogn_se_lv"
"12494","CYB5D1","Exc L5/6 IT Car3",0.00222208325900738,3.1127017588545,0.00934660906216067,0.956552669277974,0.996920944446838,0.99851955510395,"cogn_se_lv"
"12495","CHD3","Exc L5/6 IT Car3",-0.0280783371339769,5.11967217917205,4.12105123095271,0.0430607095049799,0.339003623490745,0.357689220611289,"cogn_se_lv"
"12496","RNF227","Exc L5/6 IT Car3",0.00358445403144914,2.02457468404641,0.0103318490092006,0.919092420429346,0.990554792676028,0.994640339049422,"cogn_se_lv"
"12497","KCNAB3","Exc L5/6 IT Car3",-0.048157752080378,2.17054034883874,1.71923212681444,0.190597054044498,0.578101825334022,0.631879121805956,"cogn_se_lv"
"12498","TRAPPC1","Exc L5/6 IT Car3",0.00385443088360312,3.2740544016168,0.00839345508031932,0.927052389269523,0.991538479686899,0.995639170360381,"cogn_se_lv"
"12499","CNTROB","Exc L5/6 IT Car3",0.00626055008146681,3.17117427198694,0.0638173245157644,0.940049917035038,0.994539668727838,0.997470528268826,"cogn_se_lv"
"12500","GUCY2D","Exc L5/6 IT Car3",0.00238312399859376,1.71556181406187,0.00328252022042686,0.954342194826461,0.996899910295204,0.998297885629943,"cogn_se_lv"
"12501","ALOXE3","Exc L5/6 IT Car3",0.104868624264974,1.72076491644123,3.91055268656523,0.0487182543297357,0.354268643104519,0.374819780620993,"cogn_se_lv"
"12502","PER1","Exc L5/6 IT Car3",-0.0549817832703732,5.39474912446816,10.5357949251612,0.00127654356902779,0.0896023412504146,0.0725927770955448,"cogn_se_lv"
"12503","TMEM107","Exc L5/6 IT Car3",0.0680859385030926,3.7876447728938,11.1715683737825,0.000914494834905065,0.0773300852153239,0.0613839279653653,"cogn_se_lv"
"12504","BORCS6","Exc L5/6 IT Car3",-0.0139395656061689,2.08640743799173,0.11432530083673,0.735462456349242,0.92849878000079,0.95500312083768,"cogn_se_lv"
"12505","CTC1","Exc L5/6 IT Car3",0.0185267040123653,4.41172998809514,1.63020380280172,0.202467717164145,0.589852164542185,0.644902359222556,"cogn_se_lv"
"12506","PFAS","Exc L5/6 IT Car3",-0.0285350209571504,3.26417818520796,1.86147613422269,0.173275636019542,0.559801713159465,0.611553858412217,"cogn_se_lv"
"12507","RANGRF","Exc L5/6 IT Car3",-0.0132411174015998,3.2028075438048,0.240912505080137,0.623835945487377,0.875827296068406,0.914819083421553,"cogn_se_lv"
"12508","AC135178.3","Exc L5/6 IT Car3",0.0501841087542464,1.46727513434856,0.855754579963104,0.355526486277566,0.721132864039002,0.778178392354063,"cogn_se_lv"
"12509","NDEL1","Exc L5/6 IT Car3",-0.00653648310329744,5.43712614116872,0.279133456033653,0.597583368183553,0.86311872688956,0.903813238689537,"cogn_se_lv"
"12510","MYH10","Exc L5/6 IT Car3",0.0121256696915529,8.08622762052907,2.14119841419434,0.144230463439844,0.520632076517234,0.572694128788196,"cogn_se_lv"
"12511","PIK3R6","Exc L5/6 IT Car3",0.0366750686468782,1.6204373313189,0.49032445532601,0.484218336364553,0.802736924237929,0.851305093523438,"cogn_se_lv"
"12512","NTN1","Exc L5/6 IT Car3",0.0796890189829547,2.93354867771451,5.49239730882712,0.0196228193790033,0.264554853745712,0.25816231322752,"cogn_se_lv"
"12513","STX8","Exc L5/6 IT Car3",0.0192863959241849,6.998779024742,2.91278857117852,0.0887105873111094,0.437854915746994,0.477159820420609,"cogn_se_lv"
"12514","AC005695.2","Exc L5/6 IT Car3",0.0380796123922749,2.90515061397199,1.15046043392464,0.284144985108122,0.663731690700417,0.724841609482886,"cogn_se_lv"
"12515","AC087501.1","Exc L5/6 IT Car3",0.0428576414102706,1.68777038048534,0.705800768852677,0.401378592543722,0.754699638270969,0.808142643126114,"cogn_se_lv"
"12516","CFAP52","Exc L5/6 IT Car3",0.0130590920643193,4.3700893101921,0.552789387950778,0.457647395343819,0.788028655907772,0.838979631340816,"cogn_se_lv"
"12517","USP43","Exc L5/6 IT Car3",0.0349300749623621,6.51891886017206,7.28948325962395,0.00725123624939505,0.180576902715518,0.165237114822561,"cogn_se_lv"
"12518","AC027045.2","Exc L5/6 IT Car3",-0.0900467453819073,1.73461367208382,3.27838307387699,0.0710010771342544,0.407878528218057,0.437457437367529,"cogn_se_lv"
"12519","AC027045.3","Exc L5/6 IT Car3",-0.0520672950461595,1.08939870251544,0.512705679436632,0.474417144709217,0.796877131140775,0.846843619954376,"cogn_se_lv"
"12520","GLP2R","Exc L5/6 IT Car3",-0.0631936374117953,2.01437297374078,1.08166975861524,0.298996779049092,0.676917505521024,0.737259939436248,"cogn_se_lv"
"12521","RCVRN","Exc L5/6 IT Car3",-0.0259036573222676,1.9441309484395,0.224679461906161,0.635774141285695,0.882366672773636,0.919965704851363,"cogn_se_lv"
"12522","GAS7","Exc L5/6 IT Car3",-0.000203755255001854,8.1107126467429,0.000460693983786455,0.982887150090642,0.998390354534415,0.999870711362408,"cogn_se_lv"
"12523","AC005291.2","Exc L5/6 IT Car3",0.010201797132033,1.38022923906624,0.0264363711621029,0.870927059369531,0.97844255522002,0.987507506811145,"cogn_se_lv"
"12524","MYH13","Exc L5/6 IT Car3",0.056334132838724,2.2426430297404,1.54789799515235,0.214225863521478,0.602486857734682,0.658380009880145,"cogn_se_lv"
"12525","MYHAS","Exc L5/6 IT Car3",0.0274856962839955,1.44252465416452,0.266269482842897,0.606150474835896,0.868278273580553,0.907376396400187,"cogn_se_lv"
"12526","SCO1","Exc L5/6 IT Car3",0.0170973199697468,3.79711889861002,0.900883725780703,0.343158301723232,0.712617226220555,0.769594911784878,"cogn_se_lv"
"12527","ADPRM","Exc L5/6 IT Car3",0.0320395310882746,2.75861718071176,1.31953056620487,0.251411088995489,0.63477305834746,0.696082750005125,"cogn_se_lv"
"12528","TMEM220","Exc L5/6 IT Car3",0.0490929542289077,2.20373952158097,1.58264110190449,0.209166207898177,0.597451362203591,0.652677195385354,"cogn_se_lv"
"12529","SHISA6","Exc L5/6 IT Car3",0.081785500230271,5.44761462112999,5.43826861792624,0.0202308396915191,0.26850417095392,0.262019376164238,"cogn_se_lv"
"12530","DNAH9","Exc L5/6 IT Car3",0.0134448240177268,5.02196306387109,0.571441796928647,0.450162819048002,0.783268036760742,0.834627668963726,"cogn_se_lv"
"12531","AC005410.2","Exc L5/6 IT Car3",0.0946332465355995,2.7678616321182,8.51623217426558,0.00373286113564088,0.137690368572697,0.120455696403648,"cogn_se_lv"
"12532","ZNF18","Exc L5/6 IT Car3",0.0352233112769039,3.40296792089044,2.25598558474003,0.133943242248682,0.504976930664488,0.556814244736607,"cogn_se_lv"
"12533","MAP2K4","Exc L5/6 IT Car3",-0.0180412145223892,8.21411944319698,3.10519582017907,0.0788604114307719,0.420388545867537,0.45651051667853,"cogn_se_lv"
"12534","LINC00670","Exc L5/6 IT Car3",0.033982153399928,2.6838495869342,0.68159575662766,0.409564533278347,0.760469385291995,0.812952527900666,"cogn_se_lv"
"12535","MYOCD","Exc L5/6 IT Car3",0.0244842552626971,4.30581935893005,0.423331817973085,0.51567904769591,0.819577819947375,0.866681012199991,"cogn_se_lv"
"12536","AC005358.1","Exc L5/6 IT Car3",0.00589218222179995,1.70569814259349,0.0100590239831073,0.920164163744297,0.990846634237573,0.994749897638703,"cogn_se_lv"
"12537","ARHGAP44","Exc L5/6 IT Car3",0.0190171224987867,8.5937762684722,3.73710110509339,0.0539718596368326,0.368839662438212,0.392697912734927,"cogn_se_lv"
"12538","ELAC2","Exc L5/6 IT Car3",0.00285389707606333,4.24795577251771,0.0289076491827662,0.971556917352679,0.998267578294294,0.999138652990267,"cogn_se_lv"
"12539","HS3ST3A1","Exc L5/6 IT Car3",-0.0478257983253895,2.28138011448059,1.25835992078576,0.262682080768874,0.645691937874616,0.706645531941841,"cogn_se_lv"
"12540","COX10","Exc L5/6 IT Car3",0.0115615709130606,4.51845061743923,0.427845795574563,0.513450223355123,0.818677978297294,0.865843898533085,"cogn_se_lv"
"12541","TEKT3","Exc L5/6 IT Car3",0.0580583344309175,1.7070326595849,1.45713987275721,0.228149300402575,0.61697728574866,0.673580434531743,"cogn_se_lv"
"12542","AC005703.4","Exc L5/6 IT Car3",0.0271604015685251,2.56036338783934,0.6299670287845,0.42787112370909,0.771883318940675,0.823476556122085,"cogn_se_lv"
"12543","TRIM16","Exc L5/6 IT Car3",0.0268804276322567,4.24900972044136,2.28824646840435,0.131202387958798,0.501790445001467,0.553338011151747,"cogn_se_lv"
"12544","AC005324.4","Exc L5/6 IT Car3",0.000271020188169567,2.20771655295524,2.95475649798177e-05,0.995665807373003,0.999242764926216,0.999870711362408,"cogn_se_lv"
"12545","TBC1D26","Exc L5/6 IT Car3",0.0541071372512869,2.27059999386155,1.87014146359087,0.172280818615662,0.558778039724983,0.610525982290797,"cogn_se_lv"
"12546","AC015922.4","Exc L5/6 IT Car3",-0.054061892949273,2.40866865378324,2.32214345016316,0.128390002703462,0.498550829244876,0.54816722086976,"cogn_se_lv"
"12547","ADORA2B","Exc L5/6 IT Car3",-0.0146416506890892,1.30894652623162,0.0557491792519653,0.813474627724362,0.959277644322236,0.976395887372261,"cogn_se_lv"
"12548","ZSWIM7","Exc L5/6 IT Car3",-0.0250364402123682,5.04226773319556,3.67820389799907,0.0774054451896974,0.419843638716814,0.453347708626425,"cogn_se_lv"
"12549","TTC19","Exc L5/6 IT Car3",-0.0197605747353422,7.12571520724589,4.41343357035058,0.0363264823249674,0.318555306542021,0.333233001796399,"cogn_se_lv"
"12550","AC002553.2","Exc L5/6 IT Car3",-0.0126592318424174,2.00087796283714,0.115490246232087,0.734169043867894,0.927984616396423,0.95456478504049,"cogn_se_lv"
"12551","NCOR1","Exc L5/6 IT Car3",-0.00952143051826956,7.67052765484971,1.58411790993238,0.208954306994364,0.597269653789498,0.652516693618726,"cogn_se_lv"
"12552","PIGL","Exc L5/6 IT Car3",0.0120767785377671,5.82298734555301,0.382993670066365,0.536382493816767,0.828392030089316,0.875949252929619,"cogn_se_lv"
"12553","CENPV","Exc L5/6 IT Car3",-0.0261448322292353,4.59785517312304,2.51941677157835,0.113297945772111,0.479115235898766,0.522378038284258,"cogn_se_lv"
"12554","UBB","Exc L5/6 IT Car3",-0.0905501228315572,6.72985149251895,5.82406968049523,0.0162887624971129,0.244379013349862,0.237726597380168,"cogn_se_lv"
"12555","TRPV2","Exc L5/6 IT Car3",0.0163637928403997,3.40666605844165,0.33300657915165,0.564241533451782,0.844962265235276,0.88841610325878,"cogn_se_lv"
"12556","LRRC75A","Exc L5/6 IT Car3",0.0403413329336317,4.33228653725247,4.82839188061288,0.0286078966980958,0.298743230162023,0.301216777789816,"cogn_se_lv"
"12557","ZNF287","Exc L5/6 IT Car3",0.0256224671058844,3.02987817142727,1.25141487914978,0.593861798869572,0.860839510652983,0.902297536820818,"cogn_se_lv"
"12558","ZNF624","Exc L5/6 IT Car3",-0.00203349665925298,3.04991072917321,0.00750424541853602,0.931014364875061,0.991825533857636,0.995936331723628,"cogn_se_lv"
"12559","AC098850.3","Exc L5/6 IT Car3",0.00684698710470203,7.12405482360705,0.115732079819635,0.733901454796612,0.927984616396423,0.954527532062203,"cogn_se_lv"
"12560","MPRIP","Exc L5/6 IT Car3",0.00424827779661067,7.26786859062817,0.17075654749722,0.679677338770576,0.900688341014063,0.935796868645227,"cogn_se_lv"
"12561","MPRIP-AS1","Exc L5/6 IT Car3",-0.0165472674140472,2.02707308210479,0.141492625745414,0.707015097118918,0.913952110821552,0.945767848323869,"cogn_se_lv"
"12562","AC055811.1","Exc L5/6 IT Car3",0.0165473342709244,1.79899557932624,0.112733861523633,0.737241321799047,0.929479740855657,0.955441287914901,"cogn_se_lv"
"12563","PLD6","Exc L5/6 IT Car3",0.00103220621193623,3.08945727371805,0.0017036619559203,0.967098356902386,0.997696991066344,0.99892010896344,"cogn_se_lv"
"12564","AC055811.2","Exc L5/6 IT Car3",-0.0340517557677719,2.64183174719525,0.964849988173199,0.326603485816149,0.699183147407224,0.758738973256827,"cogn_se_lv"
"12565","COPS3","Exc L5/6 IT Car3",-0.0217373956362603,4.44572926125678,1.56223129973882,0.2121210395047,0.599769024063445,0.655747107489305,"cogn_se_lv"
"12566","NT5M","Exc L5/6 IT Car3",0.0220950300114362,4.00758314173285,1.22486067778645,0.269120798108037,0.65234983192356,0.712625928829233,"cogn_se_lv"
"12567","MED9","Exc L5/6 IT Car3",0.00710488062054116,4.66688291106197,0.269891614429464,0.603712067516696,0.866885096248982,0.906203075676109,"cogn_se_lv"
"12568","RASD1","Exc L5/6 IT Car3",-0.129703048083953,5.86980755359236,10.6913978908149,0.0011762754713,0.08662109232943,0.0698036977125074,"cogn_se_lv"
"12569","PEMT","Exc L5/6 IT Car3",0.0558023754900801,3.29189795366727,5.83440200424175,0.0161948723059349,0.243815905276506,0.237020724626142,"cogn_se_lv"
"12570","AC020558.1","Exc L5/6 IT Car3",0.0415549619677116,2.83768114708414,2.07389863235695,0.15067533402847,0.529548616281834,0.581959421340511,"cogn_se_lv"
"12571","RAI1","Exc L5/6 IT Car3",0.0396264940272093,5.78029209707607,6.20210563653543,0.0131934472573865,0.22684257200978,0.216423140024317,"cogn_se_lv"
"12572","SMCR5","Exc L5/6 IT Car3",0.0166982350471972,2.73670355942068,0.167567152381831,0.68251760493925,0.901317393902574,0.93697120457796,"cogn_se_lv"
"12573","SREBF1","Exc L5/6 IT Car3",0.009563505193554,3.74717602812945,0.183559455419232,0.668578830163115,0.896057493356295,0.931692865484579,"cogn_se_lv"
"12574","TOM1L2","Exc L5/6 IT Car3",0.0246136722041751,6.85521484211494,7.13337636880769,0.00789689111554603,0.188716078056294,0.172275598320714,"cogn_se_lv"
"12575","DRC3","Exc L5/6 IT Car3",0.0193098056452053,3.3680270660533,0.578196459365386,0.447499629391763,0.781461397519487,0.833548805693207,"cogn_se_lv"
"12576","ATPAF2","Exc L5/6 IT Car3",0.0116384727067622,4.57292364637282,0.603239700353973,0.437835955597985,0.775732978595426,0.828279169667698,"cogn_se_lv"
"12577","GID4","Exc L5/6 IT Car3",-0.00251959815000932,3.82105817435654,0.0223595366553243,0.881215276960233,0.981679559349836,0.988923094115778,"cogn_se_lv"
"12578","DRG2","Exc L5/6 IT Car3",-0.0149631977688477,4.40590235078228,0.929215040893265,0.381116807312399,0.740205409457071,0.79608525401279,"cogn_se_lv"
"12579","MYO15A","Exc L5/6 IT Car3",0.0203749404092263,3.73347135480373,0.848214936639906,0.35765201137167,0.722426643047911,0.779691186304396,"cogn_se_lv"
"12580","AC087164.1","Exc L5/6 IT Car3",0.0465594595220971,2.64228763814768,1.17186533590638,0.279716345369295,0.661446762566016,0.721601551257196,"cogn_se_lv"
"12581","ALKBH5","Exc L5/6 IT Car3",-0.0227468069454804,5.59142374681392,2.90468439343155,0.0891538025287351,0.438777245166407,0.478148257012329,"cogn_se_lv"
"12582","LLGL1","Exc L5/6 IT Car3",-0.00961157388058241,2.07358198741122,0.0506852084033067,0.821998288128155,0.963044583913848,0.97769553220176,"cogn_se_lv"
"12583","FLII","Exc L5/6 IT Car3",-0.0255984276664902,3.86841533100166,1.72741443979597,0.189547609720025,0.576965528795725,0.630943560291271,"cogn_se_lv"
"12584","MIEF2","Exc L5/6 IT Car3",-0.00851278162971688,2.9589652740576,0.133988380745535,0.811956213055984,0.959045669722624,0.976097090361856,"cogn_se_lv"
"12585","TOP3A","Exc L5/6 IT Car3",0.0150239181539034,5.01543972522506,1.04943635835295,0.514876737115226,0.81918256840725,0.866397240855206,"cogn_se_lv"
"12586","SMCR8","Exc L5/6 IT Car3",0.000382366163758515,3.46753615399559,0.000291426496774156,0.986388911026366,0.998390354534415,0.999870711362408,"cogn_se_lv"
"12587","SHMT1","Exc L5/6 IT Car3",0.0489707198581864,3.11327277052292,3.27969453928608,0.0709448847304222,0.407707907394024,0.437304167225953,"cogn_se_lv"
"12588","ZNF286B","Exc L5/6 IT Car3",0.00628931906848995,3.12564070678169,0.06823249546385,0.794071769386841,0.952216125954876,0.971410976335319,"cogn_se_lv"
"12589","TRIM16L","Exc L5/6 IT Car3",0.0297619613091582,3.2140281355579,1.41548636245202,0.234903130826437,0.622444762985341,0.680073999574323,"cogn_se_lv"
"12590","FBXW10","Exc L5/6 IT Car3",-0.00107374559643207,1.50013817334047,5.45217582146401e-05,0.994112506040792,0.999242764926216,0.999870711362408,"cogn_se_lv"
"12591","TVP23B","Exc L5/6 IT Car3",0.0397459954911269,3.32413854329253,2.57594048319907,0.109344363515503,0.471904025379583,0.515077227069262,"cogn_se_lv"
"12592","PRPSAP2","Exc L5/6 IT Car3",-0.00644223113288516,5.29778816963925,0.268479729953601,0.604660060011303,0.867513662728667,0.906820186422163,"cogn_se_lv"
"12593","EPN2","Exc L5/6 IT Car3",-0.00606227317434946,6.6936719461943,0.204873802927778,0.651077953360495,0.887629788936254,0.924910419405126,"cogn_se_lv"
"12594","EPN2-AS1","Exc L5/6 IT Car3",0.0334592869912396,1.9550640185055,0.40230709016838,0.526288277560762,0.823462443235069,0.871250085932775,"cogn_se_lv"
"12595","B9D1","Exc L5/6 IT Car3",0.0133424487741075,4.70091060817142,0.525728616018992,0.468861987359288,0.79374309186057,0.844510602095272,"cogn_se_lv"
"12596","MAPK7","Exc L5/6 IT Car3",0.0119639470612045,2.26916467701789,0.114309357528345,0.735480208689129,0.92849878000079,0.95500312083768,"cogn_se_lv"
"12597","RNF112","Exc L5/6 IT Car3",-0.00738384462724304,4.84032389941726,0.172913852101756,0.677773752673016,0.899839376607809,0.935143636265147,"cogn_se_lv"
"12598","AC004448.2","Exc L5/6 IT Car3",-0.0376040838636888,2.76208971500467,1.19754577786433,0.274517639573167,0.657136728214683,0.717311213747219,"cogn_se_lv"
"12599","LINC02094","Exc L5/6 IT Car3",0.0571393524762254,2.2988177481733,2.13477710079657,0.144831730378733,0.520632076517234,0.573503192665339,"cogn_se_lv"
"12600","SLC47A1","Exc L5/6 IT Car3",-0.0787972795016218,3.8878774652974,4.06128066277906,0.0445928132626719,0.343012777244732,0.361811644258518,"cogn_se_lv"
"12601","AC025627.1","Exc L5/6 IT Car3",0.00127498930395388,2.03328526744417,0.00105718268737454,0.974079235536663,0.998267578294294,0.999472226793583,"cogn_se_lv"
"12602","ALDH3A2","Exc L5/6 IT Car3",-0.00152388969563602,6.01521045822781,0.0149366513443711,0.902793976425632,0.987810604126722,0.992744989013678,"cogn_se_lv"
"12603","SLC47A2","Exc L5/6 IT Car3",0.0376611734134742,2.40779611438064,0.958612724549002,0.328170094941162,0.700074877560877,0.759919411540895,"cogn_se_lv"
"12604","ULK2","Exc L5/6 IT Car3",0.00518511263833391,7.3033916816059,0.245148870954626,0.620802823928517,0.874351255682403,0.913592511079948,"cogn_se_lv"
"12605","AC015726.1","Exc L5/6 IT Car3",-0.0474864179814858,2.31779238669004,1.61153129558307,0.205066727897842,0.59280396192232,0.648163715681539,"cogn_se_lv"
"12606","AKAP10","Exc L5/6 IT Car3",-0.000611855489195606,6.72765684900021,0.00356960474829812,0.952389738695419,0.995965981446551,0.998048865924475,"cogn_se_lv"
"12607","SPECC1","Exc L5/6 IT Car3",-0.0212710806572183,7.59894837129439,1.96653898388567,0.161645903724978,0.545290633800999,0.596927890859165,"cogn_se_lv"
"12608","AC004702.1","Exc L5/6 IT Car3",-0.00934625988357276,2.80311160499502,0.0882258113775873,0.766609942917287,0.942146573736388,0.963694361748614,"cogn_se_lv"
"12609","CCDC144NL","Exc L5/6 IT Car3",0.0201057713667579,3.8073304309304,0.365206914170809,0.545995307627325,0.83411433237885,0.880385728105526,"cogn_se_lv"
"12610","CCDC144NL-AS1","Exc L5/6 IT Car3",0.0155263836476585,5.5427792205291,0.552257222857473,0.457863806414277,0.788028655907772,0.839145593014038,"cogn_se_lv"
"12611","USP22","Exc L5/6 IT Car3",-0.00465671027763795,6.8568173310843,0.169627899550173,0.680678863283289,0.900862474773406,0.936246072103117,"cogn_se_lv"
"12612","DHRS7B","Exc L5/6 IT Car3",0.0472604119400704,5.4836557307403,8.86455347113172,0.00309712445531325,0.130588343471975,0.110070393223646,"cogn_se_lv"
"12613","TMEM11","Exc L5/6 IT Car3",-0.0159045559033981,3.62096664745339,0.330386876991611,0.565777260916388,0.845594141722471,0.889033423113324,"cogn_se_lv"
"12614","AC087294.1","Exc L5/6 IT Car3",0.0342135985895031,3.09733509261883,1.65029429946202,0.199714666705684,0.586514030126452,0.641902851512917,"cogn_se_lv"
"12615","NATD1","Exc L5/6 IT Car3",0.0444763419844457,2.11839035451888,1.43269078403539,0.232084610552234,0.620439023679691,0.677856229890439,"cogn_se_lv"
"12616","MAP2K3","Exc L5/6 IT Car3",-0.0168327609506467,3.93850427000596,0.485849733979733,0.486217909948524,0.803569982124204,0.852431405363101,"cogn_se_lv"
"12617","KCNJ12","Exc L5/6 IT Car3",-0.00259899718602595,2.88326680337585,0.00792326991638953,0.929119463074913,0.991724748517064,0.995925713518617,"cogn_se_lv"
"12618","C17orf51","Exc L5/6 IT Car3",-0.0128324070817734,5.48602847525941,0.971096769689218,0.325044427077536,0.697738367475659,0.757857109473441,"cogn_se_lv"
"12619","AC138761.3","Exc L5/6 IT Car3",-0.000557066294665821,1.92271526846799,0.000109911828295391,0.991640818704941,0.999242764926216,0.999870711362408,"cogn_se_lv"
"12620","MTRNR2L1","Exc L5/6 IT Car3",-0.222696724167584,2.61413901278661,4.89375588132009,0.0275582264661811,0.296588185534635,0.296491413469309,"cogn_se_lv"
"12621","WSB1","Exc L5/6 IT Car3",0.0622317522750653,8.20557511202975,9.858038667767,0.00182545019054326,0.102158830663494,0.0849238575824297,"cogn_se_lv"
"12622","KSR1","Exc L5/6 IT Car3",0.0052220390618753,4.7662093035115,0.0742076468769432,0.785456628698205,0.949909114543309,0.9687968046541,"cogn_se_lv"
"12623","AC005697.1","Exc L5/6 IT Car3",0.191567287026964,3.78136674300036,15.29785939217,0.000109058725512413,0.0310817367710378,0.0190929302085679,"cogn_se_lv"
"12624","AC005697.2","Exc L5/6 IT Car3",0.0990561945888923,1.58796605193784,2.41428730326057,0.121079185765938,0.490612459339224,0.536495627025902,"cogn_se_lv"
"12625","NLK","Exc L5/6 IT Car3",0.00750971242480301,8.98984807031723,0.444702132753649,0.50527317194019,0.815452403120756,0.861925578983645,"cogn_se_lv"
"12626","TMEM97","Exc L5/6 IT Car3",0.0253561624272203,2.92391204274837,0.657436908900007,0.417982381902602,0.765438936199468,0.817812105094077,"cogn_se_lv"
"12627","IFT20","Exc L5/6 IT Car3",0.00409348650906047,5.38565890756132,0.0909172360568087,0.763182029399701,0.941167215918009,0.962895376680359,"cogn_se_lv"
"12628","TNFAIP1","Exc L5/6 IT Car3",-0.0117508695836168,4.33670458802616,0.505295175169211,0.477626101638079,0.799031558211194,0.848323354316444,"cogn_se_lv"
"12629","POLDIP2","Exc L5/6 IT Car3",-0.00619780481198612,4.33125535541159,0.110741755342095,0.73948784919899,0.930782115216792,0.956250622930021,"cogn_se_lv"
"12630","TMEM199","Exc L5/6 IT Car3",-0.00453546064788765,3.53566976173158,0.0399878024223384,0.843687516548434,0.97060806378072,0.982274632063643,"cogn_se_lv"
"12631","SARM1","Exc L5/6 IT Car3",0.0249787198171582,5.57444825072413,3.0862176424851,0.0797771611901989,0.421639833658215,0.458558800854602,"cogn_se_lv"
"12632","SLC46A1","Exc L5/6 IT Car3",0.0489451957468777,2.36796543921597,2.30213157463461,0.13004210918929,0.500474253092376,0.55152295748445,"cogn_se_lv"
"12633","AC005726.1","Exc L5/6 IT Car3",-0.0060594397851609,5.73752055228151,0.0897033611589583,0.764721128806441,0.941599981785033,0.963202331262562,"cogn_se_lv"
"12634","AC005726.5","Exc L5/6 IT Car3",0.0567095822805362,3.69307099133593,1.52172315687536,0.218134271021524,0.606519680401312,0.663069835477833,"cogn_se_lv"
"12635","KIAA0100","Exc L5/6 IT Car3",-0.0102231837827547,4.97359837480467,0.565452598136036,0.452544987046647,0.784755350388365,0.835972983007889,"cogn_se_lv"
"12636","SDF2","Exc L5/6 IT Car3",-0.0196104376979634,3.9726708588871,0.764157476757011,0.382592032844874,0.740930282055013,0.797205461125319,"cogn_se_lv"
"12637","SUPT6H","Exc L5/6 IT Car3",-0.0133614055849598,5.54402499077681,1.57427754696818,0.210371086537359,0.598559996637077,0.65368555793503,"cogn_se_lv"
"12638","RPL23A","Exc L5/6 IT Car3",-0.109759271256081,5.36758501533734,6.75796327675835,0.00970292845880631,0.203748057446561,0.188984582295228,"cogn_se_lv"
"12639","NEK8","Exc L5/6 IT Car3",0.00937790491010563,2.00539317284915,0.0618251218040433,0.8037707719953,0.955697174879762,0.973804265485639,"cogn_se_lv"
"12640","FAM222B","Exc L5/6 IT Car3",0.0118337312891582,6.98845399054399,0.681799078841508,0.409494755219768,0.760469385291995,0.812919073942699,"cogn_se_lv"
"12641","ERAL1","Exc L5/6 IT Car3",-0.0452287948635744,3.93150761051802,5.86706862179326,0.0207626658650805,0.271024111673952,0.265002474743609,"cogn_se_lv"
"12642","FLOT2","Exc L5/6 IT Car3",0.000413478893978217,5.39561828977655,0.000774609021807113,0.977811161687577,0.998390354534415,0.999657766396627,"cogn_se_lv"
"12643","PHF12","Exc L5/6 IT Car3",0.0194786725398101,4.87990930311094,1.91710896709711,0.167001910832351,0.552484825389053,0.603772260683302,"cogn_se_lv"
"12644","PIPOX","Exc L5/6 IT Car3",0.0466329436066262,3.0278530676911,2.74157063316443,0.0986081223736584,0.45416873341001,0.495348831193928,"cogn_se_lv"
"12645","SEZ6","Exc L5/6 IT Car3",0.087284579371844,2.80656054945422,5.41484168196679,0.0205000294065432,0.268964580193265,0.263451118413258,"cogn_se_lv"
"12646","MYO18A","Exc L5/6 IT Car3",0.0309031701170622,4.56663084721797,2.5912466973826,0.108300144273751,0.470937787426174,0.513248474877156,"cogn_se_lv"
"12647","AC024619.3","Exc L5/6 IT Car3",0.0614965197829747,1.81032361759055,1.43045721711421,0.232448201409968,0.620799689816657,0.677974264634675,"cogn_se_lv"
"12648","NUFIP2","Exc L5/6 IT Car3",0.00231685395222432,6.11699719022148,0.02962595830168,0.863434852954393,0.975213737484816,0.986476708502678,"cogn_se_lv"
"12649","AC068025.1","Exc L5/6 IT Car3",-0.0394573536645266,1.31698099331327,0.470177401251175,0.493330746230046,0.808127747150655,0.856068448480723,"cogn_se_lv"
"12650","TAOK1","Exc L5/6 IT Car3",-0.000787134159461352,7.80386477172904,0.00801240190216882,0.92872295703866,0.991644887442834,0.995925713518617,"cogn_se_lv"
"12651","ABHD15-AS1","Exc L5/6 IT Car3",0.0237228016434505,3.92947065719294,0.713786199174427,0.398730341968659,0.753693876310096,0.806718832879028,"cogn_se_lv"
"12652","GIT1","Exc L5/6 IT Car3",-0.0129284152465394,5.70913431193161,0.758799714428595,0.384263694833098,0.742172676735286,0.798070450914459,"cogn_se_lv"
"12653","CORO6","Exc L5/6 IT Car3",0.0290637841902625,5.49752813377922,3.2966170909359,0.0702240787565026,0.405005875741369,0.435461290608134,"cogn_se_lv"
"12654","SSH2","Exc L5/6 IT Car3",0.0108342347700834,8.14254772911341,1.12239738452677,0.290087141116337,0.669708704548644,0.729639239346143,"cogn_se_lv"
"12655","AC023389.1","Exc L5/6 IT Car3",0.0399719780729254,3.35641177858143,1.48864228024955,0.223196680992859,0.61248237575247,0.668733216544228,"cogn_se_lv"
"12656","EFCAB5","Exc L5/6 IT Car3",-0.0359402506827372,4.17505297699528,3.36353852099347,0.0674497717225536,0.397721067743333,0.428244539011803,"cogn_se_lv"
"12657","NSRP1","Exc L5/6 IT Car3",0.00181149089806897,5.46246634381761,0.0239375609795903,0.877127422152255,0.980176519526809,0.988507143354343,"cogn_se_lv"
"12658","BLMH","Exc L5/6 IT Car3",-0.0102758075577173,4.79704464970672,0.534606975992176,0.46513463587348,0.79119444669795,0.842524502359018,"cogn_se_lv"
"12659","CPD","Exc L5/6 IT Car3",0.00322441076820057,6.58050585264088,0.0763510063755866,0.782457469970677,0.949259099943806,0.96813335135937,"cogn_se_lv"
"12660","GOSR1","Exc L5/6 IT Car3",0.0068218051152426,6.01966285518841,0.446274029846559,0.764120676542511,0.941167215918009,0.96316272577422,"cogn_se_lv"
"12661","AC127024.2","Exc L5/6 IT Car3",0.0480125953648267,4.20042423953709,3.37269772773225,0.0670793172588932,0.39725488026192,0.427631946611959,"cogn_se_lv"
"12662","CRLF3","Exc L5/6 IT Car3",0.00114563634475732,6.56217178811689,0.00232512782827156,0.96156700759753,0.997053628956036,0.998669553021838,"cogn_se_lv"
"12663","AC127024.5","Exc L5/6 IT Car3",0.0229054202768913,2.5060785070405,0.589820184824651,0.442973702719092,0.778382369377654,0.831308233741835,"cogn_se_lv"
"12664","AC127024.6","Exc L5/6 IT Car3",-0.0499348250010905,2.09290670201294,1.44132430426998,0.230685661267599,0.619158061895423,0.676581512294508,"cogn_se_lv"
"12665","ATAD5","Exc L5/6 IT Car3",0.0100506394716739,4.43436481890264,0.307746341768116,0.579398310965338,0.854194846801088,0.895771140909238,"cogn_se_lv"
"12666","AC130324.2","Exc L5/6 IT Car3",0.021566210156852,4.31514697791711,0.970669099124474,0.325150848935958,0.697738367475659,0.757927398538314,"cogn_se_lv"
"12667","TEFM","Exc L5/6 IT Car3",0.003016172400135,5.10471350199657,0.0541629789036062,0.944835528064044,0.994804925328349,0.997626386519645,"cogn_se_lv"
"12668","ADAP2","Exc L5/6 IT Car3",0.0146667262230322,3.19516687899671,0.344367153037958,0.557673557080471,0.841018720575056,0.885915270804885,"cogn_se_lv"
"12669","RNF135","Exc L5/6 IT Car3",-0.00181181706269972,1.89699751673351,0.00305518495077627,0.955949933267489,0.996920944446838,0.998428000651427,"cogn_se_lv"
"12670","NF1","Exc L5/6 IT Car3",0.00164762216552244,8.01388282528518,0.0311611042070831,0.85997707843855,0.973958770152566,0.985525682953494,"cogn_se_lv"
"12671","OMG","Exc L5/6 IT Car3",0.00951554521439676,4.89553269791757,0.291788579711546,0.589398423199783,0.858759934902261,0.90041118574061,"cogn_se_lv"
"12672","RAB11FIP4","Exc L5/6 IT Car3",0.028586863787209,6.56739241695815,6.67199393601713,0.0101732831036151,0.207883739379935,0.1930731865515,"cogn_se_lv"
"12673","COPRS","Exc L5/6 IT Car3",-0.0440511074651891,4.9447158663584,3.55518591785286,0.0601351777911973,0.381641396373825,0.409453987043856,"cogn_se_lv"
"12674","UTP6","Exc L5/6 IT Car3",0.0175314527716106,4.91556250038352,1.80404935505209,0.413376637901219,0.762722270387214,0.815207431168195,"cogn_se_lv"
"12675","AC004253.1","Exc L5/6 IT Car3",0.0647750941877687,2.51532110949648,2.09125163537377,0.148982865348604,0.527933106303139,0.579836198640295,"cogn_se_lv"
"12676","SUZ12","Exc L5/6 IT Car3",0.0258047470036699,6.95058702769452,5.51917685258742,0.0193290562402255,0.263018722844448,0.256353508323682,"cogn_se_lv"
"12677","LRRC37B","Exc L5/6 IT Car3",-0.00800200895857324,6.41726121619628,0.412298864799486,0.521198707691562,0.821092037196555,0.86892040399956,"cogn_se_lv"
"12678","AC116407.2","Exc L5/6 IT Car3",0.0114158279713512,2.62850600230845,0.0943914907629187,0.758837951887953,0.939092915847507,0.96175413348891,"cogn_se_lv"
"12679","RHOT1","Exc L5/6 IT Car3",-0.00106227303935141,7.08280883801999,0.016808042825688,0.896916394089719,0.98655846039174,0.99179406923374,"cogn_se_lv"
"12680","RHBDL3","Exc L5/6 IT Car3",-0.0589899480241933,4.93450249324991,3.34977319554876,0.068010662103661,0.399040827211339,0.42974728328791,"cogn_se_lv"
"12681","C17orf75","Exc L5/6 IT Car3",0.00392164667091908,3.95168470943636,0.0519586754916481,0.953865683556991,0.996776168030349,0.99825732469581,"cogn_se_lv"
"12682","ZNF207","Exc L5/6 IT Car3",-0.00456092134107979,6.86495779995907,0.278971884565396,0.597689392649054,0.863135943780514,0.903859435384718,"cogn_se_lv"
"12683","AC005899.7","Exc L5/6 IT Car3",0.0395542489762505,2.23915479263099,1.23181591345113,0.267767891221582,0.651033153139442,0.711276234244986,"cogn_se_lv"
"12684","AC005899.5","Exc L5/6 IT Car3",0.0218725428608727,2.45912008272722,0.409851737331066,0.522437112118203,0.821781189237443,0.869685184921848,"cogn_se_lv"
"12685","AC005899.8","Exc L5/6 IT Car3",0.0219777430996673,2.84649748965732,0.356766367507518,0.550669374981324,0.837430996142547,0.882392534404548,"cogn_se_lv"
"12686","PSMD11","Exc L5/6 IT Car3",-0.00254615885588366,5.71532153311599,0.0543550464624745,0.815779039923928,0.959947755253107,0.976774334719318,"cogn_se_lv"
"12687","CDK5R1","Exc L5/6 IT Car3",-0.023881579537428,6.32149606457632,1.61660524648176,0.204356604869673,0.591953350074208,0.647217527636435,"cogn_se_lv"
"12688","MYO1D","Exc L5/6 IT Car3",0.043591671766077,7.61838914070596,10.9232195495565,0.00104152682400056,0.0852611586243015,0.0660361126273864,"cogn_se_lv"
"12689","AC079336.4","Exc L5/6 IT Car3",0.0708793116881324,2.33414959287724,2.29935872808429,0.130272895249387,0.500474253092376,0.551701749198032,"cogn_se_lv"
"12690","AC025211.1","Exc L5/6 IT Car3",0.0279294239471383,1.91322635584939,0.333176959776423,0.564141931797581,0.844895322145268,0.888335207823481,"cogn_se_lv"
"12691","ASIC2","Exc L5/6 IT Car3",0.0275771822898837,9.11019177722494,2.94193220799273,0.0871364334170074,0.435109241827407,0.473860746086276,"cogn_se_lv"
"12692","AC011824.2","Exc L5/6 IT Car3",0.00288860063995519,2.46841617894293,0.00480972096573505,0.94474641152567,0.994804925328349,0.997626386519645,"cogn_se_lv"
"12693","CCL2","Exc L5/6 IT Car3",-0.145918676344611,1.3063890624731,5.28102467724675,0.0221107224375337,0.276653673425727,0.271608077959706,"cogn_se_lv"
"12694","CCT6B","Exc L5/6 IT Car3",0.062556320612672,2.67672004554714,3.51237691734514,0.0616920770529422,0.385168789389364,0.413842521031636,"cogn_se_lv"
"12695","ZNF830","Exc L5/6 IT Car3",-0.0494423450209996,3.31664029217851,3.9349097893799,0.0480251199319612,0.353049189458432,0.372532441052268,"cogn_se_lv"
"12696","LIG3","Exc L5/6 IT Car3",0.00768933203409354,3.94768188330538,0.212188708045918,0.937643152618776,0.994369077299174,0.997226423542895,"cogn_se_lv"
"12697","RFFL","Exc L5/6 IT Car3",-0.0160824411840806,2.85633674375807,0.392604518478375,0.531316114728113,0.826671325785064,0.873416735623064,"cogn_se_lv"
"12698","NLE1","Exc L5/6 IT Car3",0.019352418146087,2.23341361905841,0.368164496431114,0.544374946697462,0.833157606846232,0.879609842826326,"cogn_se_lv"
"12699","SLFN5","Exc L5/6 IT Car3",-0.0559254885820816,2.91903136727834,3.6188105254003,0.0578982856343708,0.377603700739756,0.403860545623074,"cogn_se_lv"
"12700","LINC02001","Exc L5/6 IT Car3",0.0319080916703707,3.93783406824642,2.50726761826057,0.114168202678947,0.480461755326494,0.52396956670238,"cogn_se_lv"
"12701","PEX12","Exc L5/6 IT Car3",-0.0810719022250778,1.91527892063655,3.455242209116,0.0638374806237101,0.388915039448146,0.419529720422168,"cogn_se_lv"
"12702","AP2B1","Exc L5/6 IT Car3",-0.00311443228628611,6.85355398362855,0.0864780382060446,0.768866557213004,0.942860274175954,0.964418127860612,"cogn_se_lv"
"12703","TAF15","Exc L5/6 IT Car3",0.00360631690140448,7.3464651480296,0.148015163795302,0.700658268567657,0.910350279594577,0.94349625873033,"cogn_se_lv"
"12704","MMP28","Exc L5/6 IT Car3",0.0231360117411085,2.76755731509544,0.611486195769656,0.434723982534755,0.773613831177909,0.826556063901364,"cogn_se_lv"
"12705","AC015849.3","Exc L5/6 IT Car3",0.0265708194621716,3.55098719597121,0.420065678712138,0.517302315363247,0.819995665260249,0.867292233707145,"cogn_se_lv"
"12706","AC015849.1","Exc L5/6 IT Car3",-0.0222252408956249,2.6820743577751,0.296053935874389,0.586691393766913,0.856986189898961,0.899159998468217,"cogn_se_lv"
"12707","AC243829.2","Exc L5/6 IT Car3",-0.00498096278415543,1.70540361117876,0.00480880152424238,0.944751684520172,0.994804925328349,0.997626386519645,"cogn_se_lv"
"12708","AC243829.1","Exc L5/6 IT Car3",0.104617091388486,3.24610493938612,8.11721215900487,0.00462741446911503,0.148676218537955,0.133413370076352,"cogn_se_lv"
"12709","ZNHIT3","Exc L5/6 IT Car3",-0.0035952079931329,4.22258439382414,0.0307965780555972,0.860790045299074,0.974289291931413,0.985755461280862,"cogn_se_lv"
"12710","MYO19","Exc L5/6 IT Car3",0.0163951719967236,5.00174532522654,1.36428882878888,0.243540262418985,0.628647170097177,0.687821217212786,"cogn_se_lv"
"12711","GGNBP2","Exc L5/6 IT Car3",-0.00603356979710719,5.93118248141804,0.342630943485179,0.558667826754932,0.841610988034299,0.88622141316145,"cogn_se_lv"
"12712","DHRS11","Exc L5/6 IT Car3",0.0614307627568912,3.48688500576698,5.27611293954046,0.022172288946208,0.276758359969523,0.272009758911025,"cogn_se_lv"
"12713","MRM1","Exc L5/6 IT Car3",0.0552338321966305,2.54459111679278,3.41481478863946,0.0654037173866241,0.39334240350924,0.423614071252885,"cogn_se_lv"
"12714","LHX1-DT","Exc L5/6 IT Car3",0.0139228056119523,1.47100270218069,0.0689763248976906,0.792977856424194,0.952216125954876,0.971124373355605,"cogn_se_lv"
"12715","AATF","Exc L5/6 IT Car3",6.78316288811507e-05,5.17158981081321,2.63892901861281e-05,0.995903985886281,0.999242764926216,0.999870711362408,"cogn_se_lv"
"12716","ACACA","Exc L5/6 IT Car3",0.00185541128977113,8.0538941335231,0.0334988281315589,0.854876213630364,0.972881064401809,0.984550257308073,"cogn_se_lv"
"12717","C17orf78","Exc L5/6 IT Car3",-0.00605838080741938,1.73153923409276,0.014434953052232,0.904432421320527,0.987810604126722,0.992787232785427,"cogn_se_lv"
"12718","TADA2A","Exc L5/6 IT Car3",-0.00970516310801486,5.18822675065392,0.597726130907227,0.439935700579859,0.776403982764389,0.829746267550313,"cogn_se_lv"
"12719","DUSP14","Exc L5/6 IT Car3",-0.0604275639583293,4.72162632725401,9.57963975124257,0.00211577316511806,0.107105880334087,0.0914767405689092,"cogn_se_lv"
"12720","SYNRG","Exc L5/6 IT Car3",-0.0133636539911043,5.9066062830642,1.44138662336362,0.230675600413935,0.619158061895423,0.676568575447436,"cogn_se_lv"
"12721","DDX52","Exc L5/6 IT Car3",-0.0159357558782657,4.93017818191379,1.93021804602047,0.165561893727932,0.550799296254406,0.601982924944813,"cogn_se_lv"
"12722","AC243571.2","Exc L5/6 IT Car3",0.025202684010965,2.06748097750241,0.345460674763695,0.557049062260605,0.840938717159201,0.885534079062009,"cogn_se_lv"
"12723","TBC1D3D","Exc L5/6 IT Car3",-0.010097137556722,1.81632468576225,0.0235105560332075,0.878219609530549,0.980885806079787,0.988680998642743,"cogn_se_lv"
"12724","MRPL45","Exc L5/6 IT Car3",0.00996755727047642,4.58020431768051,0.46760825473692,0.992080048492381,0.999242764926216,0.999870711362408,"cogn_se_lv"
"12725","SOCS7","Exc L5/6 IT Car3",-0.00405628306295928,5.35643592786892,0.109587261786674,0.805292517122877,0.956354177213454,0.974219756126549,"cogn_se_lv"
"12726","ARHGAP23","Exc L5/6 IT Car3",-0.0136463551780689,4.17507821549811,0.505231810270089,0.477653693017738,0.799031558211194,0.848323354316444,"cogn_se_lv"
"12727","SRCIN1","Exc L5/6 IT Car3",0.000151340006782977,6.63071177761181,0.000123420279969171,0.991142038026095,0.999242764926216,0.999870711362408,"cogn_se_lv"
"12728","EPOP","Exc L5/6 IT Car3",-0.0701047269910973,3.44205044380784,4.30237520737502,0.0387434567443519,0.327903038577323,0.342445487025587,"cogn_se_lv"
"12729","MLLT6","Exc L5/6 IT Car3",-0.00611937113169729,5.9892192166065,0.275648985147518,0.599878666085766,0.864332968078614,0.904631483511162,"cogn_se_lv"
"12730","CISD3","Exc L5/6 IT Car3",-0.08110985496607,2.63409376145556,6.01974071365773,0.0146025940926135,0.234661668092596,0.226204543523902,"cogn_se_lv"
"12731","PCGF2","Exc L5/6 IT Car3",0.0167760768956369,3.77781447991027,0.838259385634134,0.512537560867138,0.818419687003898,0.865270228369679,"cogn_se_lv"
"12732","PSMB3","Exc L5/6 IT Car3",0.00856891736734958,4.03836891616185,0.0978255168081995,0.754629350189663,0.936894619185133,0.960537845486912,"cogn_se_lv"
"12733","PIP4K2B","Exc L5/6 IT Car3",-0.0127453457226536,6.24832672519568,0.879373822711643,0.348978938137757,0.716642072164268,0.773527687296186,"cogn_se_lv"
"12734","CWC25","Exc L5/6 IT Car3",0.0138075355052881,4.40900922785244,0.636164997397378,0.474915941376389,0.797160913358641,0.847312968625277,"cogn_se_lv"
"12735","RPL23","Exc L5/6 IT Car3",-0.0695054200011054,5.47221697496293,4.24174087023157,0.0401339698925422,0.330776725437538,0.347301823001311,"cogn_se_lv"
"12736","LASP1","Exc L5/6 IT Car3",0.0111360107065562,5.29747411668647,0.876347863583958,0.349808519510139,0.71771138718318,0.77388543072532,"cogn_se_lv"
"12737","LINC00672","Exc L5/6 IT Car3",-0.0184008602622974,4.29094808782848,0.859747044861415,0.354407981285062,0.720425152816946,0.777351823843436,"cogn_se_lv"
"12738","FBXO47","Exc L5/6 IT Car3",0.0461427870761178,1.21258024135637,0.508688012461,0.476152529501422,0.798359151394269,0.847922863461825,"cogn_se_lv"
"12739","PLXDC1","Exc L5/6 IT Car3",0.0784501368967176,4.62522502758642,16.73612848988,5.26462917212637e-05,0.0213217481471118,0.012787602720158,"cogn_se_lv"
"12740","ARL5C","Exc L5/6 IT Car3",0.090943417425869,1.96528514746413,4.34317596312186,0.0378364092684297,0.325396807142333,0.338829968372414,"cogn_se_lv"
"12741","CACNB1","Exc L5/6 IT Car3",0.00216102680890603,4.85036892756443,0.01103893362884,0.916379549791499,0.989620466724523,0.994405342254173,"cogn_se_lv"
"12742","RPL19","Exc L5/6 IT Car3",-0.0656082747751437,5.97571614142822,2.95572247674822,0.0864021798793599,0.434373509228393,0.472615029974127,"cogn_se_lv"
"12743","STAC2","Exc L5/6 IT Car3",-0.0017925836242423,5.527468645692,0.0107504061234023,0.917475617134129,0.990178804186132,0.994526568998969,"cogn_se_lv"
"12744","FBXL20","Exc L5/6 IT Car3",0.00787033986969135,7.3877123091684,0.538714428199713,0.463426270099861,0.790961030368069,0.841831419303684,"cogn_se_lv"
"12745","MED1","Exc L5/6 IT Car3",0.00142761190884579,4.63199215541716,0.0115183205366075,0.914968785058943,0.989073227776396,0.994167716172383,"cogn_se_lv"
"12746","CDK12","Exc L5/6 IT Car3",0.0087884012134886,6.50340174603714,0.700843208017852,0.403035591974358,0.756060185334637,0.809084609943595,"cogn_se_lv"
"12747","NEUROD2","Exc L5/6 IT Car3",-0.0233598435401421,4.83627800328858,0.804363698479888,0.370369324405975,0.731987145576982,0.788333274125707,"cogn_se_lv"
"12748","PPP1R1B","Exc L5/6 IT Car3",0.00475830371587281,4.29393988991394,0.0250215994284578,0.874398698541266,0.979751648832088,0.988122988421575,"cogn_se_lv"
"12749","STARD3","Exc L5/6 IT Car3",0.0263323958154216,4.7481614265044,3.63958971607559,0.0636221104083667,0.388692667696058,0.419219329210352,"cogn_se_lv"
"12750","TCAP","Exc L5/6 IT Car3",0.015538294639286,2.06923081127648,0.139407381223999,0.709082593275842,0.914627404019125,0.946431882254104,"cogn_se_lv"
"12751","PNMT","Exc L5/6 IT Car3",0.0283766298375325,1.80491328506428,0.395587859586819,0.529761002885333,0.82568662529394,0.872801350708046,"cogn_se_lv"
"12752","PGAP3","Exc L5/6 IT Car3",0.0230195969391121,4.37933416414153,1.65719558811944,0.198779167541023,0.586280450068292,0.640913985317411,"cogn_se_lv"
"12753","MIEN1","Exc L5/6 IT Car3",-0.0588021535124238,4.12324370664527,2.87391290903912,0.0908587769139119,0.441806185372861,0.481699952091341,"cogn_se_lv"
"12754","GSDMB","Exc L5/6 IT Car3",0.0255077922989314,4.72088983115186,2.75015357932399,0.0980842191237954,0.453444317307062,0.494292949736396,"cogn_se_lv"
"12755","ORMDL3","Exc L5/6 IT Car3",0.0277668311264761,3.02716565599197,1.12997983778657,0.382297351527937,0.740608385951346,0.797053267284972,"cogn_se_lv"
"12756","PSMD3","Exc L5/6 IT Car3",0.00315872044627505,5.09083765757736,0.0343680886557743,0.853026618912818,0.972390836323221,0.98423872236156,"cogn_se_lv"
"12757","MED24","Exc L5/6 IT Car3",0.0122336503445316,5.42858372452265,1.08107112884053,0.29913034187437,0.676917505521024,0.737401924795697,"cogn_se_lv"
"12758","THRA","Exc L5/6 IT Car3",-0.00778377978442349,6.69277831250332,0.282030882411738,0.595688688177987,0.862374110633713,0.903173532905545,"cogn_se_lv"
"12759","NR1D1","Exc L5/6 IT Car3",-0.0210093043212656,4.04495571570716,0.580961500460064,0.446416520218278,0.781075074328528,0.833138741383095,"cogn_se_lv"
"12760","MSL1","Exc L5/6 IT Car3",-0.0071991132814279,5.78434217668368,0.500353911462192,0.479785563817012,0.800231975637088,0.849405708903264,"cogn_se_lv"
"12761","CASC3","Exc L5/6 IT Car3",-0.000203423370434374,5.58823046656263,0.000305524449420361,0.986063609173915,0.998390354534415,0.999870711362408,"cogn_se_lv"
"12762","RAPGEFL1","Exc L5/6 IT Car3",0.000983574197109121,6.56361672758378,0.00685569839993957,0.934055583810539,0.993267436527988,0.996557882271897,"cogn_se_lv"
"12763","WIPF2","Exc L5/6 IT Car3",0.0182871314605323,6.80710096713777,3.48040136603532,0.0628830787775968,0.388665431068539,0.417343205188562,"cogn_se_lv"
"12764","CDC6","Exc L5/6 IT Car3",0.0037409248058615,1.94202811692529,0.0115235479166007,0.914570684108895,0.989073227776396,0.994126167335106,"cogn_se_lv"
"12765","RARA","Exc L5/6 IT Car3",0.0318129804820189,3.40324705982838,1.41696242717738,0.234659692159021,0.622143586612375,0.679806779362708,"cogn_se_lv"
"12766","SMARCE1","Exc L5/6 IT Car3",-0.0402065593679423,1.81860909519037,0.850728844776471,0.356941370118961,0.72215560740022,0.77938288827191,"cogn_se_lv"
"12767","AC073508.2","Exc L5/6 IT Car3",-0.0267021893645144,2.28372907900893,0.57314794615507,0.449487798059702,0.78268301685458,0.834200217896007,"cogn_se_lv"
"12768","KRT10","Exc L5/6 IT Car3",-0.031439270928633,3.85076397163875,0.965601619122792,0.326415370719068,0.699058794546427,0.758614028391401,"cogn_se_lv"
"12769","TMEM99","Exc L5/6 IT Car3",-0.0183901006971387,1.94606152515349,0.229167260780947,0.68346530877177,0.901565565859332,0.937468094784006,"cogn_se_lv"
"12770","AC004231.1","Exc L5/6 IT Car3",0.00979399623864872,1.57482334101128,0.0373682596269975,0.84682222919625,0.970988236489561,0.982904441273953,"cogn_se_lv"
"12771","KRT17","Exc L5/6 IT Car3",0.0552443314010177,4.38374102113491,1.98740956947103,0.159443735919398,0.541327839355734,0.593861645341767,"cogn_se_lv"
"12772","EIF1","Exc L5/6 IT Car3",-0.0492515767892044,7.11652135507506,3.13039825101863,0.0776605610727055,0.420245591791449,0.453865147258875,"cogn_se_lv"
"12773","HAP1","Exc L5/6 IT Car3",-0.158603806819049,1.92868860099318,14.6379427707335,0.000152638850505041,0.0340451001343853,0.0233438021331771,"cogn_se_lv"
"12774","JUP","Exc L5/6 IT Car3",-0.0184561033956111,4.44161962882784,0.821890186424558,0.365212315168107,0.727470728788796,0.784999222655409,"cogn_se_lv"
"12775","P3H4","Exc L5/6 IT Car3",-0.0334725805925265,4.56274093071091,3.62745443059819,0.0576013043021132,0.376670850125698,0.402872421970266,"cogn_se_lv"
"12776","NT5C3B","Exc L5/6 IT Car3",-0.00948688735171303,4.64817235736989,0.218400683953615,0.640533625824024,0.884107586310083,0.921416089544632,"cogn_se_lv"
"12777","KLHL11","Exc L5/6 IT Car3",-0.00298517923562494,3.23358005676792,0.0168187312237212,0.933274558452319,0.993092405073718,0.996449260036818,"cogn_se_lv"
"12778","ACLY","Exc L5/6 IT Car3",0.0100322560665588,4.70398646005101,0.406498988803154,0.524142312675054,0.822318919244339,0.870367983119102,"cogn_se_lv"
"12779","TTC25","Exc L5/6 IT Car3",0.0273197780210414,3.91367373998889,1.6101907196114,0.205254835188042,0.59280396192232,0.648244962656865,"cogn_se_lv"
"12780","CNP","Exc L5/6 IT Car3",-0.0323879152835693,4.31167990135864,2.14195742829116,0.144159578943054,0.520632076517234,0.572649037933385,"cogn_se_lv"
"12781","DNAJC7","Exc L5/6 IT Car3",-0.0116548643768415,6.22875522107263,1.24180202973192,0.265840263462253,0.648553801378637,0.709630419723621,"cogn_se_lv"
"12782","NKIRAS2","Exc L5/6 IT Car3",0.018428559542904,3.48756970250156,0.827761865356435,0.803862315239137,0.955697174879762,0.973841505210319,"cogn_se_lv"
"12783","DHX58","Exc L5/6 IT Car3",0.0180841523280951,2.84844707920566,0.498975379761276,0.480390874882423,0.800464771716048,0.849576831627805,"cogn_se_lv"
"12784","KAT2A","Exc L5/6 IT Car3",0.00388758237931988,5.89959775404147,0.0753449488562848,0.783859509479952,0.949524736639513,0.968335382161404,"cogn_se_lv"
"12785","KCNH4","Exc L5/6 IT Car3",0.0734992608368253,4.8374819703779,8.63238878864287,0.00350724758946663,0.132529156309283,0.116890031823949,"cogn_se_lv"
"12786","GHDC","Exc L5/6 IT Car3",0.00269192156610592,2.85349763752556,0.0111914321861048,0.959474227749052,0.997053628956036,0.998555548513014,"cogn_se_lv"
"12787","STAT5B","Exc L5/6 IT Car3",-0.0109915321313509,5.21742686748517,0.588598218088701,0.443446154735856,0.779068073217445,0.831573517974682,"cogn_se_lv"
"12788","STAT3","Exc L5/6 IT Car3",0.00694681098436781,6.3142468291968,0.302865037451854,0.582420667296651,0.855305166753264,0.89706270415353,"cogn_se_lv"
"12789","CAVIN1","Exc L5/6 IT Car3",-0.0891363388226463,1.43331826018743,2.26343074270929,0.133305056660445,0.504511652800281,0.556188248008113,"cogn_se_lv"
"12790","ATP6V0A1","Exc L5/6 IT Car3",0.00290194420908837,7.96731131607605,0.131128907244599,0.717469105998844,0.91938797180035,0.948973616214115,"cogn_se_lv"
"12791","NAGLU","Exc L5/6 IT Car3",-0.0137959268609184,2.9298117282055,0.22681677460429,0.634172593129433,0.88181216363834,0.919302836868776,"cogn_se_lv"
"12792","AC067852.2","Exc L5/6 IT Car3",0.0293804978942239,2.06141109889684,0.534436198237836,0.465205883571784,0.79119444669795,0.842524502359018,"cogn_se_lv"
"12793","COASY","Exc L5/6 IT Car3",-0.0462161119478414,3.49030730891033,3.21805054976845,0.0736386645483172,0.412981144631396,0.444124840752759,"cogn_se_lv"
"12794","MLX","Exc L5/6 IT Car3",-0.0139209232375256,3.75638099852539,0.380308029720119,0.537813960736705,0.828690113710241,0.876579284247151,"cogn_se_lv"
"12795","PSMC3IP","Exc L5/6 IT Car3",-0.00776252414935382,1.78211110362676,0.0261955884948224,0.871511050944081,0.978632506066073,0.987684285222277,"cogn_se_lv"
"12796","RETREG3","Exc L5/6 IT Car3",0.016215660921797,5.27887614806125,2.02300254432484,0.155766707176975,0.537258992257652,0.588823525823234,"cogn_se_lv"
"12797","TUBG1","Exc L5/6 IT Car3",-0.0131190994922307,3.42524234677766,0.227460634516427,0.633691946458191,0.881590449235664,0.919074761557661,"cogn_se_lv"
"12798","TUBG2","Exc L5/6 IT Car3",0.000746897891303923,5.60086239367635,0.00309487815085292,0.955664999722082,0.996920944446838,0.998428000651427,"cogn_se_lv"
"12799","PLEKHH3","Exc L5/6 IT Car3",0.010368768046162,3.28704086222905,0.176135505540918,0.674956764538209,0.899176443999365,0.934215769292654,"cogn_se_lv"
"12800","CCR10","Exc L5/6 IT Car3",0.0228410668512776,2.27910772843348,0.485092277121385,0.486557741430548,0.803817941010981,0.852628720911906,"cogn_se_lv"
"12801","CNTNAP1","Exc L5/6 IT Car3",-0.0357113039205973,5.30021157688628,6.49126477061607,0.0112402381357657,0.214164403886737,0.201592187824807,"cogn_se_lv"
"12802","AC100793.3","Exc L5/6 IT Car3",-0.00450621248510216,2.37971674471267,0.0123431985300403,0.911596738349053,0.989073227776396,0.9937259663591,"cogn_se_lv"
"12803","EZH1","Exc L5/6 IT Car3",-0.00847993719278495,6.18429514521278,0.844588511386942,0.358680579733525,0.723053583977124,0.780393220355576,"cogn_se_lv"
"12804","RAMP2-AS1","Exc L5/6 IT Car3",-0.0196568859108146,2.58589056134449,0.375224248348385,0.540542870687748,0.830870709392775,0.877896795885999,"cogn_se_lv"
"12805","RAMP2","Exc L5/6 IT Car3",-0.00109018788971133,1.65810284281852,0.000394204722131131,0.984169967469457,0.998390354534415,0.999870711362408,"cogn_se_lv"
"12806","VPS25","Exc L5/6 IT Car3",-0.0530597688749199,3.10359493407747,2.95252061174481,0.0865720595939556,0.434373509228393,0.472917795367775,"cogn_se_lv"
"12807","COA3","Exc L5/6 IT Car3",-0.0368924743764232,3.87698235885014,1.13299509669326,0.287824704233157,0.668053456086339,0.728250234928058,"cogn_se_lv"
"12808","CNTD1","Exc L5/6 IT Car3",0.0504281086127669,1.98328307080368,1.24067570983727,0.266056808666858,0.648572027067578,0.709784757707045,"cogn_se_lv"
"12809","BECN1","Exc L5/6 IT Car3",0.00230881678607371,4.43526279517151,0.0233564277822035,0.878616327503261,0.980957043130887,0.988757737163956,"cogn_se_lv"
"12810","PSME3","Exc L5/6 IT Car3",0.0181201242778733,3.9835137421875,0.919387793581034,0.338255743297356,0.708620371297405,0.766421364288452,"cogn_se_lv"
"12811","AOC2","Exc L5/6 IT Car3",-0.0312924811653071,2.30696208804707,0.805609931362857,0.369999288003459,0.731725654378468,0.788136591063881,"cogn_se_lv"
"12812","RUNDC1","Exc L5/6 IT Car3",-0.0101013203674835,4.73062935563902,0.392070042969915,0.531595587450726,0.826671325785064,0.873573058700076,"cogn_se_lv"
"12813","RPL27","Exc L5/6 IT Car3",-0.0814043292017271,5.1719384563832,4.6743578082695,0.0312503310973701,0.305437442487041,0.312602510086699,"cogn_se_lv"
"12814","VAT1","Exc L5/6 IT Car3",-0.0500666864170912,3.25188319646307,3.09546740275002,0.07932891542099,0.420663153470392,0.457475509936562,"cogn_se_lv"
"12815","RND2","Exc L5/6 IT Car3",-0.0881491134016039,2.56281965244234,7.37498029852582,0.00692085052368255,0.177224441862686,0.16202502610165,"cogn_se_lv"
"12816","BRCA1","Exc L5/6 IT Car3",0.0300605299128364,3.38026493096389,1.7383933549443,0.18815007285526,0.575062928090689,0.629238201400643,"cogn_se_lv"
"12817","NBR1","Exc L5/6 IT Car3",-0.0130206583122652,5.37692781688814,1.36888417342985,0.242749369741773,0.627705353144976,0.687049330654613,"cogn_se_lv"
"12818","TMEM106A","Exc L5/6 IT Car3",0.00525036150492579,1.94183042783153,0.0172461552834659,0.895589193176252,0.98612847413483,0.991494808503295,"cogn_se_lv"
"12819","LINC00854","Exc L5/6 IT Car3",0.0198779182738186,2.01497619526223,0.198677847502695,0.656048309012947,0.889441022970322,0.926988520903379,"cogn_se_lv"
"12820","ARL4D","Exc L5/6 IT Car3",0.059855058283519,3.09963572379449,1.90457193722516,0.168392567708087,0.554418159613567,0.605654868682286,"cogn_se_lv"
"12821","DHX8","Exc L5/6 IT Car3",-0.000266374372017377,4.59576829903346,0.000441052841413774,0.983255861468501,0.998390354534415,0.999870711362408,"cogn_se_lv"
"12822","ETV4","Exc L5/6 IT Car3",0.0255391144374318,2.67131701800477,0.433080864512427,0.510886291882501,0.81807720654164,0.864456142545423,"cogn_se_lv"
"12823","AC068675.1","Exc L5/6 IT Car3",0.0499098454003085,4.4772351750087,4.58568633041163,0.0328862974188112,0.309560151737409,0.319891708883702,"cogn_se_lv"
"12824","MEOX1","Exc L5/6 IT Car3",0.118401806634766,1.54382302763412,4.04582952364844,0.0449981748105278,0.344574496692354,0.362856577596032,"cogn_se_lv"
"12825","SOST","Exc L5/6 IT Car3",0.0872346957014339,1.85725275759153,1.7956516892703,0.181053332400576,0.567844056581387,0.621038132640547,"cogn_se_lv"
"12826","DUSP3","Exc L5/6 IT Car3",-0.0292357765499471,5.466429019802,3.13547078732543,0.0774214585236074,0.419843638716814,0.453387344412987,"cogn_se_lv"
"12827","MPP3","Exc L5/6 IT Car3",0.0097257942427738,3.37618251612075,0.177255090225767,0.673984908149747,0.898523335788635,0.933748258192503,"cogn_se_lv"
"12828","MPP2","Exc L5/6 IT Car3",0.00730071676713757,5.25660416748345,0.304913864359559,0.581148250868504,0.85513639744395,0.89655287097057,"cogn_se_lv"
"12829","PYY","Exc L5/6 IT Car3",0.0294683997549649,3.47277914573107,1.30003128463348,0.254937787467358,0.638695627780494,0.699291968426819,"cogn_se_lv"
"12830","TMEM101","Exc L5/6 IT Car3",-0.0200229698144448,3.17022270186919,0.693957566028516,0.405353641398022,0.757934301831652,0.810557712583726,"cogn_se_lv"
"12831","LSM12","Exc L5/6 IT Car3",-0.0169664531717645,4.63658242395614,1.38229186727425,0.24045967230376,0.625749066637086,0.685209643267511,"cogn_se_lv"
"12832","G6PC3","Exc L5/6 IT Car3",0.0241754378809078,2.73352801839031,0.677950124881939,0.645096943743843,0.88572057848316,0.923060281276141,"cogn_se_lv"
"12833","HDAC5","Exc L5/6 IT Car3",0.015235396695368,4.9823981832096,1.05524713184502,0.304966201629804,0.681689156584269,0.742581207701638,"cogn_se_lv"
"12834","ASB16","Exc L5/6 IT Car3",0.0355567706274319,1.50395129296545,0.452725606290415,0.501459318501458,0.813655179809147,0.859866119738134,"cogn_se_lv"
"12835","ASB16-AS1","Exc L5/6 IT Car3",0.0128905240182142,2.68551839404386,0.190022569104747,0.706948059225249,0.913952110821552,0.945767848323869,"cogn_se_lv"
"12836","TMUB2","Exc L5/6 IT Car3",0.000855548203985669,4.58936552867127,0.00323889987350068,0.954646244836645,0.996920944446838,0.998377682033259,"cogn_se_lv"
"12837","ATXN7L3","Exc L5/6 IT Car3",-0.0280098210817272,4.94682151843705,2.06219459337651,0.151829174528268,0.531540262964067,0.583504665987953,"cogn_se_lv"
"12838","UBTF","Exc L5/6 IT Car3",-0.0135531847775446,4.64121756568274,0.463883571828527,0.496236394150636,0.810214099934042,0.857174901491206,"cogn_se_lv"
"12839","AC003102.1","Exc L5/6 IT Car3",0.0050933545481501,2.42069569118312,0.0209591617437783,0.884968315265493,0.983227142068722,0.989511411260225,"cogn_se_lv"
"12840","RUNDC3A-AS1","Exc L5/6 IT Car3",0.0221735040565538,3.66574676196216,0.660062032406424,0.417055323081214,0.765198602555065,0.817114511268123,"cogn_se_lv"
"12841","RUNDC3A","Exc L5/6 IT Car3",-0.0301587230809624,6.52767963734249,3.0100574004936,0.0835738803020474,0.43045582926657,0.467358657557642,"cogn_se_lv"
"12842","SLC25A39","Exc L5/6 IT Car3",-0.0160941374168503,4.72038545424091,0.648433481656864,0.421185389410371,0.768357172043024,0.81964737964731,"cogn_se_lv"
"12843","GRN","Exc L5/6 IT Car3",-0.0400745693086419,3.7443894473092,3.2180475694568,0.0736387974174602,0.412981144631396,0.444124840752759,"cogn_se_lv"
"12844","FAM171A2","Exc L5/6 IT Car3",-0.0273306855045894,4.95301232072944,2.02597878798928,0.155463645551514,0.536935705798429,0.588327928056844,"cogn_se_lv"
"12845","ITGA2B","Exc L5/6 IT Car3",0.0393542241498193,3.69793363333578,2.97223074394394,0.0855320375393732,0.433647877380084,0.471191536608771,"cogn_se_lv"
"12846","GPATCH8","Exc L5/6 IT Car3",0.00121671338621014,8.88203731736685,0.0173258072561421,0.895349748184932,0.986005912312422,0.991467848284608,"cogn_se_lv"
"12847","MEIOC","Exc L5/6 IT Car3",-0.0189915406842557,1.89822244342336,0.171887620687064,0.678677543491824,0.900248512400573,0.935510817858517,"cogn_se_lv"
"12848","CCDC43","Exc L5/6 IT Car3",0.0192796745532744,3.81349942064598,1.18100000767228,0.277853012832865,0.659846663735672,0.71988659218376,"cogn_se_lv"
"12849","DBF4B","Exc L5/6 IT Car3",0.0733157423220833,4.47839467838502,12.9687969031985,0.000359485592183774,0.0520319729558786,0.036792889481045,"cogn_se_lv"
"12850","ADAM11","Exc L5/6 IT Car3",-0.00982727931527187,5.60941851911966,0.560728059082487,0.454438127716456,0.785637223094275,0.837082625899616,"cogn_se_lv"
"12851","GJC1","Exc L5/6 IT Car3",-0.0360587917629826,2.08110303647028,0.780942606789839,0.377421212002412,0.736951397959366,0.793292344599285,"cogn_se_lv"
"12852","HIGD1B","Exc L5/6 IT Car3",0.106408192901935,1.41603279842839,3.02736934724543,0.0826939702475896,0.428208043453166,0.465008646529269,"cogn_se_lv"
"12853","EFTUD2","Exc L5/6 IT Car3",0.00770417338862252,4.91892379097861,0.332280122696374,0.776423093733522,0.946160377580805,0.966653794770488,"cogn_se_lv"
"12854","GFAP","Exc L5/6 IT Car3",-0.111223435533469,2.28696690247337,4.9896185162407,0.0260909874656282,0.292881755146068,0.290393916870553,"cogn_se_lv"
"12855","DCAKD","Exc L5/6 IT Car3",0.0603616167635464,4.82842860117215,10.4027628758784,0.00136914121835843,0.0923637139264533,0.0750352048585745,"cogn_se_lv"
"12856","NMT1","Exc L5/6 IT Car3",-0.0107839274157498,6.22356363211848,0.794310700104926,0.373373334366229,0.733583142508685,0.790276973340059,"cogn_se_lv"
"12857","ACBD4","Exc L5/6 IT Car3",0.0340241351076179,3.31222096605444,2.38390451313446,0.151144390796843,0.530360130837493,0.582589375969505,"cogn_se_lv"
"12858","HEXIM1","Exc L5/6 IT Car3",-0.0605166390239379,4.1008842350256,4.47617229363555,0.0350316666062651,0.315469484535061,0.328592508589673,"cogn_se_lv"
"12859","AC138150.1","Exc L5/6 IT Car3",0.0573891030592413,3.32681599526482,3.56460026578999,0.0597984561126937,0.380760545955464,0.408665094818373,"cogn_se_lv"
"12860","HEXIM2","Exc L5/6 IT Car3",-0.0294062093613083,2.35256495671217,0.678431793198016,0.410652633396529,0.761220434608513,0.8136948000127,"cogn_se_lv"
"12861","AC008105.3","Exc L5/6 IT Car3",-0.00387935365098195,4.30143624567082,0.032913508388762,0.856135655158857,0.973040201275245,0.984658410773017,"cogn_se_lv"
"12862","FMNL1","Exc L5/6 IT Car3",-0.0306751408282167,4.03302757904949,1.65991115297602,0.198412476739088,0.586224600150966,0.640471777013088,"cogn_se_lv"
"12863","AC008105.1","Exc L5/6 IT Car3",-0.0068203291584384,3.43966495017819,0.091305257534328,0.905856198554304,0.987810604126722,0.99299714570084,"cogn_se_lv"
"12864","MAP3K14","Exc L5/6 IT Car3",-0.0220832168248474,5.11783665080632,0.872530084234365,0.350859024980582,0.717952452393453,0.774482004903394,"cogn_se_lv"
"12865","ARHGAP27","Exc L5/6 IT Car3",0.104311490377486,2.8671270387047,7.93831749739638,0.00509702768865958,0.156261848273226,0.140151633363027,"cogn_se_lv"
"12866","PLEKHM1","Exc L5/6 IT Car3",0.00426351895541617,4.74205787456273,0.0989358179860972,0.753285998164701,0.936238520708194,0.960214725130683,"cogn_se_lv"
"12867","AC091132.5","Exc L5/6 IT Car3",0.0111998997664614,1.70081864821682,0.0442093346006596,0.833579227393308,0.966446547282248,0.980097497109394,"cogn_se_lv"
"12868","LINC02210-CRHR1","Exc L5/6 IT Car3",0.0284265154379553,6.64138415088158,3.69984723415628,0.0551769065982636,0.371674976333635,0.396597249643027,"cogn_se_lv"
"12869","MAPT-AS1","Exc L5/6 IT Car3",0.0286457637525589,4.06604094901711,1.37682919220307,0.241389363462477,0.626366937057414,0.685806334990158,"cogn_se_lv"
"12870","MAPT","Exc L5/6 IT Car3",0.0247257653123218,8.64465320826261,7.52764022654293,0.00636881597486943,0.17226024227283,0.156131763292262,"cogn_se_lv"
"12871","KANSL1","Exc L5/6 IT Car3",-0.00388795967032476,8.19580840895721,0.0784208695762729,0.779603870663202,0.947792366656662,0.967399683987659,"cogn_se_lv"
"12872","KANSL1-AS1","Exc L5/6 IT Car3",0.0294067051106178,1.51502826023327,0.269432170557005,0.604020209140391,0.867124767108747,0.906450429276816,"cogn_se_lv"
"12873","ARL17B","Exc L5/6 IT Car3",-0.0146210202875503,5.91977539899163,0.122783722300305,0.726232149861495,0.924234676668431,0.952126083630502,"cogn_se_lv"
"12874","LRRC37A","Exc L5/6 IT Car3",0.0130364754201348,3.41011887182271,0.118057630183619,0.731344011388019,0.926292842997416,0.95370359605747,"cogn_se_lv"
"12875","LRRC37A2","Exc L5/6 IT Car3",-0.0131494688959501,5.25952950878807,0.180187987701545,0.671456025769916,0.897179044677809,0.932763330588512,"cogn_se_lv"
"12876","ARL17A","Exc L5/6 IT Car3",-0.0147896656535202,4.94056186184307,0.317117804677751,0.573682638194756,0.850268220940138,0.892868351452812,"cogn_se_lv"
"12877","NSF","Exc L5/6 IT Car3",-0.00109418509219172,8.72011158288044,0.00676340919487598,0.934499939732078,0.993267436527988,0.996578481155594,"cogn_se_lv"
"12878","WNT3","Exc L5/6 IT Car3",-0.00491250246423114,6.13675679544131,0.105138266019832,0.745929957020875,0.933596030449178,0.958035603466458,"cogn_se_lv"
"12879","WNT9B","Exc L5/6 IT Car3",-0.0261740858571564,2.85238578138804,0.932738027615862,0.334777076779432,0.704633416587694,0.764057426531606,"cogn_se_lv"
"12880","AC005670.2","Exc L5/6 IT Car3",0.0128005264562959,5.80356001406881,0.634509962047219,0.426211626353463,0.770666174753535,0.82251829929132,"cogn_se_lv"
"12881","RPRML","Exc L5/6 IT Car3",-0.00422262620017638,4.51598011892459,0.0241150600534283,0.876676354410002,0.979957862127517,0.988456398102355,"cogn_se_lv"
"12882","CDC27","Exc L5/6 IT Car3",-0.0168007357710753,7.49969401363023,3.19100811814771,0.0748549828759798,0.414777587609612,0.447272645007463,"cogn_se_lv"
"12883","EFCAB13","Exc L5/6 IT Car3",-0.0601115088301947,3.16477506435545,3.10297736617517,0.0789669843987644,0.42053346783773,0.456818282501606,"cogn_se_lv"
"12884","AC040934.1","Exc L5/6 IT Car3",0.00126840144100823,3.10923410807447,0.00195425419510827,0.964763057458414,0.997621680933237,0.998906195013116,"cogn_se_lv"
"12885","NPEPPS","Exc L5/6 IT Car3",-0.00713201108195171,7.57492467270176,0.859312959139364,0.354529357991888,0.720446459622161,0.777370818704078,"cogn_se_lv"
"12886","AC025682.1","Exc L5/6 IT Car3",0.0254663444845126,4.63190609228158,2.11092966958232,0.147089659936104,0.524979097035397,0.577327758957308,"cogn_se_lv"
"12887","KPNB1","Exc L5/6 IT Car3",-0.0091835914874663,6.74198489509486,1.01313759439731,0.314803671622303,0.689360914380656,0.750504888996945,"cogn_se_lv"
"12888","TBKBP1","Exc L5/6 IT Car3",0.00624967229995671,3.1288728733678,0.0564660730829322,0.812301486212969,0.959045669722624,0.976221892444987,"cogn_se_lv"
"12889","OSBPL7","Exc L5/6 IT Car3",0.0205886843771971,3.68544647250587,0.988705546334847,0.320702393259631,0.693607301690158,0.754594819868497,"cogn_se_lv"
"12890","MRPL10","Exc L5/6 IT Car3",0.00435172871525864,3.49055023906454,0.0343143721644127,0.983484077599673,0.998390354534415,0.999870711362408,"cogn_se_lv"
"12891","SCRN2","Exc L5/6 IT Car3",0.0353297544187468,3.70692655735375,2.42949582705547,0.119917687169908,0.489738487304808,0.534847289870526,"cogn_se_lv"
"12892","SP2","Exc L5/6 IT Car3",0.0228261555668611,3.3529437682798,1.15712784136671,0.28275603487313,0.662539096936755,0.723574069205127,"cogn_se_lv"
"12893","SP2-AS1","Exc L5/6 IT Car3",0.0838220597546622,2.78020618521052,6.613996069883,0.0105038106188747,0.211311954803245,0.195896242952876,"cogn_se_lv"
"12894","PNPO","Exc L5/6 IT Car3",0.0047809562024112,3.19860159104189,0.03470101386923,0.852324643703201,0.972202557415749,0.983978669129928,"cogn_se_lv"
"12895","CDK5RAP3","Exc L5/6 IT Car3",0.0264110481945195,5.23226026326844,2.28504581150907,0.131471484855681,0.502071005441421,0.553670392139892,"cogn_se_lv"
"12896","NFE2L1","Exc L5/6 IT Car3",-0.0245335233581902,5.66709016074897,1.99696684720566,0.158446757009806,0.540417185023175,0.592272929999505,"cogn_se_lv"
"12897","CBX1","Exc L5/6 IT Car3",0.00502218993896929,4.76186199314581,0.122780250782631,0.726235863869483,0.924234676668431,0.952126083630502,"cogn_se_lv"
"12898","SNX11","Exc L5/6 IT Car3",-0.0314596894780864,3.30343957773672,2.17948662937093,0.140703288703618,0.515522415889928,0.567197441767444,"cogn_se_lv"
"12899","SKAP1","Exc L5/6 IT Car3",0.00187690133501986,1.75787823510811,0.00189630004143113,0.965289135992124,0.997621680933237,0.99892010896344,"cogn_se_lv"
"12900","TTLL6","Exc L5/6 IT Car3",0.0415892007364885,1.95076420083658,1.0746404331079,0.300569989519218,0.678408078698151,0.738901089503179,"cogn_se_lv"
"12901","CALCOCO2","Exc L5/6 IT Car3",-0.00795059653725336,5.66986152457069,0.397117747225761,0.528966698727447,0.82568662529394,0.872597212315774,"cogn_se_lv"
"12902","ATP5MC1","Exc L5/6 IT Car3",-0.0265769982333215,4.73946747848651,0.688711691246271,0.407132782775361,0.758873719574708,0.811622242284439,"cogn_se_lv"
"12903","UBE2Z","Exc L5/6 IT Car3",-0.00396034962022705,5.6683310030367,0.110015749506495,0.898227239006464,0.986715578313859,0.992164474469188,"cogn_se_lv"
"12904","SNF8","Exc L5/6 IT Car3",-0.0117055861405908,4.77695066209653,0.779424718072954,0.377884733717756,0.737090754362011,0.793505282876416,"cogn_se_lv"
"12905","AC091133.1","Exc L5/6 IT Car3",-0.0251127488284525,2.73034570620289,0.892095522054885,0.34552036749626,0.714791149149483,0.771299676745817,"cogn_se_lv"
"12906","B4GALNT2","Exc L5/6 IT Car3",0.0596641225110517,1.17381112741394,0.863223884275463,0.353437858646027,0.719780905455015,0.77668462885255,"cogn_se_lv"
"12907","ZNF652","Exc L5/6 IT Car3",0.0102549513998958,5.96558329839718,0.689175224852199,0.406975114419181,0.758873719574708,0.811524429391065,"cogn_se_lv"
"12908","AC091180.5","Exc L5/6 IT Car3",-0.0530940363765985,2.04723342694227,2.29355125175101,0.130757742726637,0.50121087436188,0.552582516093639,"cogn_se_lv"
"12909","PHB","Exc L5/6 IT Car3",-0.0255835869924515,3.97388410627844,0.790487789333665,0.37452465709982,0.734150801238959,0.791099808973437,"cogn_se_lv"
"12910","SPOP","Exc L5/6 IT Car3",-0.00113878343373708,6.29011582783184,0.0186789773253812,0.891364412603263,0.985508487276283,0.990615604154006,"cogn_se_lv"
"12911","SLC35B1","Exc L5/6 IT Car3",-0.0187594964033641,4.02121566693726,0.613990224374688,0.433785728499446,0.773613831177909,0.826133298385368,"cogn_se_lv"
"12912","FAM117A","Exc L5/6 IT Car3",0.0211545784733723,3.71305452456308,0.844652756785964,0.35866232227356,0.723053583977124,0.780381854924309,"cogn_se_lv"
"12913","KAT7","Exc L5/6 IT Car3",0.0140670165229697,4.73245548664346,1.20153982088059,0.273720070061787,0.656074873774605,0.716238445670086,"cogn_se_lv"
"12914","TAC4","Exc L5/6 IT Car3",0.0916003019600471,2.41129665298106,3.86715470278967,0.0499796594447089,0.357097009681555,0.378607673512602,"cogn_se_lv"
"12915","AC027801.1","Exc L5/6 IT Car3",0.15353413729632,3.33452167009454,14.7207572534392,0.000146322361659303,0.0340451001343853,0.0227555976155562,"cogn_se_lv"
"12916","AC027801.3","Exc L5/6 IT Car3",0.149449453263615,2.32630302842621,8.44086653027907,0.00388712872439339,0.139204823749377,0.122622731951702,"cogn_se_lv"
"12917","DLX4","Exc L5/6 IT Car3",0.240504727007019,1.44916366893866,12.1437348736374,0.000550995772065378,0.0587797472442996,0.0466624057378252,"cogn_se_lv"
"12918","AC009720.1","Exc L5/6 IT Car3",0.119172961954112,1.79352327113314,6.99619972892533,0.00851294296281874,0.193632749184963,0.178226844215555,"cogn_se_lv"
"12919","ITGA3","Exc L5/6 IT Car3",0.00728310958263533,5.87913474328034,0.388749047344457,0.533338076407263,0.826852127109796,0.874325478616465,"cogn_se_lv"
"12920","PDK2","Exc L5/6 IT Car3",-0.017581687793287,5.02141900346281,0.888855765741262,0.346396702210573,0.715260611242374,0.771784175497928,"cogn_se_lv"
"12921","SAMD14","Exc L5/6 IT Car3",-0.0396774081491951,3.69430663397615,3.16727039362337,0.0759405279069265,0.416677281040811,0.44991736756247,"cogn_se_lv"
"12922","PPP1R9B","Exc L5/6 IT Car3",-0.0494081237738629,4.60516704375731,4.35081739624576,0.0376690312207242,0.324958739062189,0.338062203636621,"cogn_se_lv"
"12923","AC015909.2","Exc L5/6 IT Car3",-0.0021816984368889,1.80082533441822,0.0021755150479653,0.962823141892566,0.997271804095964,0.998755858281755,"cogn_se_lv"
"12924","TMEM92-AS1","Exc L5/6 IT Car3",0.215128212076675,1.34622403296708,10.1748029274814,0.00154400434945031,0.0955024320442973,0.0793181679281513,"cogn_se_lv"
"12925","XYLT2","Exc L5/6 IT Car3",0.0168867182706716,3.04527988914481,0.388454734428174,0.550254185347184,0.837051948259007,0.882170509248416,"cogn_se_lv"
"12926","MRPL27","Exc L5/6 IT Car3",0.00487778806474493,4.02510014798016,0.0419423710731925,0.837841169150476,0.96753774992315,0.980928623640287,"cogn_se_lv"
"12927","LRRC59","Exc L5/6 IT Car3",-0.0425680569707024,3.48604908677726,3.24941777902486,0.0722544437905816,0.411120177857518,0.440820419023154,"cogn_se_lv"
"12928","RSAD1","Exc L5/6 IT Car3",-0.0254011351042336,4.65986758013174,2.91163903411088,0.088773308949547,0.437854915746994,0.47726766368695,"cogn_se_lv"
"12929","MYCBPAP","Exc L5/6 IT Car3",0.0929015460851367,2.14601697978472,5.55126154738247,0.0189830997849652,0.260383160152062,0.253884291898812,"cogn_se_lv"
"12930","SPATA20","Exc L5/6 IT Car3",-0.0270109242835748,4.24473101605082,2.02864899550869,0.155192318267755,0.536795218193066,0.588063088662967,"cogn_se_lv"
"12931","CACNA1G","Exc L5/6 IT Car3",0.022552650438812,5.54358194346507,1.08126347825858,0.299087417591359,0.676917505521024,0.737331084154692,"cogn_se_lv"
"12932","ABCC3","Exc L5/6 IT Car3",-0.0105258318592802,5.42737649871072,0.20935760157389,0.647537295494484,0.886522807717282,0.923835419953433,"cogn_se_lv"
"12933","ANKRD40","Exc L5/6 IT Car3",-0.0187661140725278,4.47847269742054,1.21526872530791,0.271000664926587,0.653645032580496,0.71417892965621,"cogn_se_lv"
"12934","AC005921.2","Exc L5/6 IT Car3",-0.0943357224571976,2.41424773318331,4.36109384060735,0.0374451634019453,0.324901650637594,0.337497914147552,"cogn_se_lv"
"12935","LUC7L3","Exc L5/6 IT Car3",0.00531926462681109,8.32050006104331,0.265583086480165,0.606614920442341,0.868357528318167,0.907602834873023,"cogn_se_lv"
"12936","TOB1","Exc L5/6 IT Car3",0.021072787138023,4.15621306288181,1.03630526613469,0.30934096903108,0.685001081063068,0.746208863085058,"cogn_se_lv"
"12937","SPAG9","Exc L5/6 IT Car3",-0.00987107975315933,6.94930562632567,0.976659243990063,0.323664452464956,0.696511460424174,0.756657109691731,"cogn_se_lv"
"12938","AC005920.2","Exc L5/6 IT Car3",0.0452103321596441,3.00724327335344,1.75619108890848,0.18591002365217,0.572962516571504,0.626450809216269,"cogn_se_lv"
"12939","NME1-NME2","Exc L5/6 IT Car3",0.0862011818006555,1.75232824224335,3.40266284111901,0.0658825187467815,0.395141061384633,0.4247039112236,"cogn_se_lv"
"12940","MBTD1","Exc L5/6 IT Car3",0.014828107490494,6.50893864177693,1.66388375706523,0.197877477727485,0.585652838765927,0.640083429637438,"cogn_se_lv"
"12941","UTP18","Exc L5/6 IT Car3",0.00922917757692166,4.93430729530547,0.526297728632481,0.468621621941049,0.793695802808873,0.844352356783628,"cogn_se_lv"
"12942","LINC02073","Exc L5/6 IT Car3",0.0205359666834048,3.22193235368753,0.520045551338636,0.471273184372894,0.794633044963293,0.845597927773998,"cogn_se_lv"
"12943","CA10","Exc L5/6 IT Car3",0.0170341270229326,9.4501750768571,1.96457027048546,0.161855423072608,0.545544231512799,0.597155103740293,"cogn_se_lv"
"12944","TOM1L1","Exc L5/6 IT Car3",0.0234471917646629,6.40610737844498,3.64459676718026,0.0570171341412143,0.376122457965404,0.401133175438701,"cogn_se_lv"
"12945","COX11","Exc L5/6 IT Car3",-0.0245828377349994,5.2603212874264,3.30751525664705,0.0697640493282184,0.404071307174833,0.434291216985367,"cogn_se_lv"
"12946","STXBP4","Exc L5/6 IT Car3",-8.63665974101178e-05,5.06871969305183,2.9991814322561e-05,0.99563334683671,0.999242764926216,0.999870711362408,"cogn_se_lv"
"12947","HLF","Exc L5/6 IT Car3",0.000385679862096472,7.14030712074546,0.00110542243157363,0.973494657496995,0.998267578294294,0.999408030758943,"cogn_se_lv"
"12948","MMD","Exc L5/6 IT Car3",-0.0187321027530726,5.82962021089034,1.29350153929515,0.256132412671934,0.639499972586155,0.700425586128429,"cogn_se_lv"
"12949","SMIM36","Exc L5/6 IT Car3",-0.0367950122215055,1.94238523615589,0.596938452986517,0.440236937281009,0.776403982764389,0.829784202792321,"cogn_se_lv"
"12950","PCTP","Exc L5/6 IT Car3",0.0238217425411848,3.58877027257358,0.858661431692651,0.354711641618728,0.720661671882802,0.777453216872943,"cogn_se_lv"
"12951","ANKFN1","Exc L5/6 IT Car3",0.0874391487141996,3.91371772715467,8.16070642030666,0.00452008510030572,0.146875328353949,0.131883114270373,"cogn_se_lv"
"12952","C17orf67","Exc L5/6 IT Car3",0.0234806004255419,4.41634918634667,1.01850917727509,0.313525938997239,0.688325848953996,0.749764241606735,"cogn_se_lv"
"12953","DGKE","Exc L5/6 IT Car3",0.00788907058711884,6.4644457684145,0.48505691716098,0.486573615234457,0.803817941010981,0.852628720911906,"cogn_se_lv"
"12954","TRIM25","Exc L5/6 IT Car3",-0.0238889875022197,3.84066610049773,1.61469901969904,0.204623048423297,0.592502110109978,0.647624865171252,"cogn_se_lv"
"12955","COIL","Exc L5/6 IT Car3",-0.0205397369045587,4.20772715853276,1.42518384541707,0.23330936762085,0.621066116966681,0.678638369683741,"cogn_se_lv"
"12956","SCPEP1","Exc L5/6 IT Car3",0.0536600926723353,5.99341168274944,7.33196829570794,0.00708508475411387,0.178460645443228,0.163347079155878,"cogn_se_lv"
"12957","AC007114.1","Exc L5/6 IT Car3",-0.0239974343907346,1.88535329174245,0.349812831146641,0.554576719530015,0.839929682996154,0.884536657086799,"cogn_se_lv"
"12958","AKAP1","Exc L5/6 IT Car3",0.0132953136991539,5.8925482308361,1.05476818925097,0.305075822626708,0.681793409226753,0.74270791203074,"cogn_se_lv"
"12959","AC007114.2","Exc L5/6 IT Car3",0.0900251505975395,2.43796460709884,3.63107290449597,0.0574774660396844,0.376670850125698,0.402476052762545,"cogn_se_lv"
"12960","MSI2","Exc L5/6 IT Car3",-0.00332388483455629,6.52944925632097,0.0534029205063661,0.817370803182292,0.960034851635158,0.976979324608985,"cogn_se_lv"
"12961","AC015845.2","Exc L5/6 IT Car3",-0.0403926768695264,3.06429490151492,1.4146581373639,0.235039859358708,0.622485533562299,0.680172863182373,"cogn_se_lv"
"12962","MRPS23","Exc L5/6 IT Car3",-0.00533376508213914,4.30475942611061,0.0797478920464303,0.777795700210512,0.946718698160727,0.966975234174051,"cogn_se_lv"
"12963","CUEDC1","Exc L5/6 IT Car3",0.0372674058395049,3.40267210472198,2.41586534544846,0.120958088574829,0.490612459339224,0.536436121324361,"cogn_se_lv"
"12964","VEZF1","Exc L5/6 IT Car3",-0.0313528275485934,3.09893325035219,1.3165743661849,0.251941869162482,0.635147462215056,0.696647151834493,"cogn_se_lv"
"12965","AC015813.2","Exc L5/6 IT Car3",-0.0058407683472674,4.53101527628699,0.0995609682948392,0.7525332729341,0.93593557561559,0.960064034013136,"cogn_se_lv"
"12966","SRSF1","Exc L5/6 IT Car3",0.00213005592627126,2.18914558877149,0.00324773097161217,0.954584523749386,0.996920944446838,0.998377682033259,"cogn_se_lv"
"12967","DYNLL2","Exc L5/6 IT Car3",0.00210767943871659,5.11322443189718,0.00756607855436804,0.930731450638756,0.991816455834028,0.995925713518617,"cogn_se_lv"
"12968","EPX","Exc L5/6 IT Car3",0.066210997389628,2.0176608839686,1.77045842052093,0.18413674829462,0.570694978659664,0.624744757531358,"cogn_se_lv"
"12969","MKS1","Exc L5/6 IT Car3",0.0385831367530609,3.47696951757238,2.72841647050835,0.0994170119558475,0.455229935733559,0.496537718872574,"cogn_se_lv"
"12970","TSPOAP1","Exc L5/6 IT Car3",0.00740957178112136,6.20561281382603,0.372381365289976,0.542080003716518,0.831782933056037,0.878716595372783,"cogn_se_lv"
"12971","TSPOAP1-AS1","Exc L5/6 IT Car3",0.0405403181506205,3.54714847130252,2.66897449115625,0.103164145937433,0.462584975531369,0.503838824930928,"cogn_se_lv"
"12972","SUPT4H1","Exc L5/6 IT Car3",-0.0689970158503337,3.47833997265984,4.7315169548888,0.0302411463243027,0.304222598957164,0.308249641644756,"cogn_se_lv"
"12973","HSF5","Exc L5/6 IT Car3",0.00482652241747704,2.33958142470669,0.0200501012562957,0.887473553548137,0.984092368982335,0.990013788813836,"cogn_se_lv"
"12974","MTMR4","Exc L5/6 IT Car3",0.0247851743547668,5.37499512436534,3.27039219139301,0.0713444991754231,0.408175406063108,0.438300897150552,"cogn_se_lv"
"12975","SEPT4-AS1","Exc L5/6 IT Car3",0.0500312932459846,2.09784898852732,1.44531903428698,0.230041819801271,0.619071574163407,0.675982083257945,"cogn_se_lv"
"12976","SEPT4","Exc L5/6 IT Car3",-0.00368867477980204,3.58443649637224,0.0237662666397948,0.877564348812822,0.980419075763427,0.988533357496548,"cogn_se_lv"
"12977","TEX14","Exc L5/6 IT Car3",0.00263980778166392,2.33204579735863,0.00491805723149998,0.944128609546746,0.994804925328349,0.997626386519645,"cogn_se_lv"
"12978","RAD51C","Exc L5/6 IT Car3",0.00346752877978823,5.05286058907487,0.0613789454771503,0.993064855196749,0.999242764926216,0.999870711362408,"cogn_se_lv"
"12979","PPM1E","Exc L5/6 IT Car3",-0.029940493753889,8.55610347633232,4.18934788027568,0.0413778575735014,0.334651453069991,0.3521367130063,"cogn_se_lv"
"12980","TRIM37","Exc L5/6 IT Car3",-0.00224572851089172,6.84472823946306,0.0818266876026028,0.774995549034338,0.945326266120192,0.966033318097107,"cogn_se_lv"
"12981","AC099850.1","Exc L5/6 IT Car3",0.0222804706206426,3.38077569496167,0.834856757194015,0.361461059127361,0.725183900400221,0.781924974860598,"cogn_se_lv"
"12982","SKA2","Exc L5/6 IT Car3",0.000655171289363903,4.04971378850097,0.001815940544142,0.966032112372016,0.997621680933237,0.99892010896344,"cogn_se_lv"
"12983","PRR11","Exc L5/6 IT Car3",-0.0115918601741936,2.07848859092986,0.0938353987155895,0.885283786002096,0.983228165152298,0.989514837593337,"cogn_se_lv"
"12984","GDPD1","Exc L5/6 IT Car3",0.00942324799468404,5.97630737238804,0.600296781302782,0.438954793232321,0.776228227949606,0.829084520189022,"cogn_se_lv"
"12985","YPEL2","Exc L5/6 IT Car3",0.0386955694876898,6.22713006387078,9.8010395424885,0.0018813916503416,0.104206342515711,0.0865195458318926,"cogn_se_lv"
"12986","LINC01476","Exc L5/6 IT Car3",0.0391117030139315,2.62604927954423,1.2836097996838,0.25795534284146,0.640518348875456,0.702231384572844,"cogn_se_lv"
"12987","DHX40","Exc L5/6 IT Car3",-0.00778254466104405,4.53285638673921,0.302338398830008,0.58274864042282,0.855479158612928,0.897183763280681,"cogn_se_lv"
"12988","CLTC","Exc L5/6 IT Car3",-0.00647572033771881,7.26620423653173,0.403422638628524,0.525715665438338,0.823167068160594,0.870893625055802,"cogn_se_lv"
"12989","PTRH2","Exc L5/6 IT Car3",0.0264449473362175,4.55607267516783,2.17236042678722,0.14135232685909,0.516208556638263,0.568210215207739,"cogn_se_lv"
"12990","VMP1","Exc L5/6 IT Car3",0.0205724794542486,6.69480865461786,3.64263927210619,0.0570835203123726,0.376399047818086,0.401282303935612,"cogn_se_lv"
"12991","TUBD1","Exc L5/6 IT Car3",0.0102899013459683,4.29343776569687,0.334550308890512,0.563340332981643,0.844269911830507,0.888113842512592,"cogn_se_lv"
"12992","RPS6KB1","Exc L5/6 IT Car3",-0.00361910077600109,5.50958156934054,0.0696803628868702,0.791948256952375,0.951806255692891,0.970734322764272,"cogn_se_lv"
"12993","AC005702.1","Exc L5/6 IT Car3",-0.0495017377742797,2.62384749936957,2.66814584664041,0.103217466275161,0.462584975531369,0.503916537190142,"cogn_se_lv"
"12994","RNFT1","Exc L5/6 IT Car3",0.0104697440876161,4.35395017592127,0.355366407688983,0.76923596758485,0.942860274175954,0.964418127860612,"cogn_se_lv"
"12995","RNFT1-DT","Exc L5/6 IT Car3",0.0353422281581594,1.73175355919579,0.622652592410633,0.430563634084064,0.773025469966606,0.824634109188601,"cogn_se_lv"
"12996","HEATR6","Exc L5/6 IT Car3",0.0140233077324208,4.36863274349885,0.844492490522198,0.358707869633875,0.723053583977124,0.780395879018156,"cogn_se_lv"
"12997","CA4","Exc L5/6 IT Car3",-0.0132639064919187,3.93849927820387,0.202855671094895,0.65268683644831,0.888374494820862,0.925493703860416,"cogn_se_lv"
"12998","USP32","Exc L5/6 IT Car3",0.0180761344518356,6.75172259178773,2.86538355881984,0.0913376328809058,0.441871247275088,0.482527425806015,"cogn_se_lv"
"12999","APPBP2","Exc L5/6 IT Car3",0.0132278120497972,6.31332731977466,2.07489173249727,0.150577888662199,0.529447806785235,0.581782114503328,"cogn_se_lv"
"13000","PPM1D","Exc L5/6 IT Car3",-0.00982863981335775,4.57251987890415,0.447848803414674,0.50377154736356,0.814567104377341,0.860995293708579,"cogn_se_lv"
"13001","BCAS3","Exc L5/6 IT Car3",0.0164185880658645,8.2589632214114,2.05824970481817,0.152220340150082,0.532145435388294,0.58411317365238,"cogn_se_lv"
"13002","AC005884.1","Exc L5/6 IT Car3",0.00649298008064061,2.07590032126178,0.0215238106995827,0.883440078741728,0.982622493848624,0.989303651647034,"cogn_se_lv"
"13003","AC005746.2","Exc L5/6 IT Car3",0.0242566838154574,1.76458169299815,0.220102094697117,0.639235743825799,0.883493921788341,0.920896072922485,"cogn_se_lv"
"13004","NACA2","Exc L5/6 IT Car3",-0.066410511930301,3.43337187030241,2.29620240241492,0.130536156583658,0.500985398958227,0.5522660355007,"cogn_se_lv"
"13005","BRIP1","Exc L5/6 IT Car3",0.0114263640704168,4.10350316795203,0.311618521997164,0.577022998784691,0.8524406642222,0.894603045890224,"cogn_se_lv"
"13006","INTS2","Exc L5/6 IT Car3",-0.00419717095060378,4.90166718966827,0.0775309671080967,0.780825692092728,0.94858206433622,0.967769617355697,"cogn_se_lv"
"13007","MED13","Exc L5/6 IT Car3",0.00580066758611566,7.14557168522569,0.368925610651676,0.543959398919833,0.832905695888591,0.879481149917976,"cogn_se_lv"
"13008","EFCAB3","Exc L5/6 IT Car3",-0.0118626691968246,2.97461243369386,0.1204094925339,0.728786123580903,0.924999994394571,0.952980420485531,"cogn_se_lv"
"13009","METTL2A","Exc L5/6 IT Car3",0.0197443149565944,3.62675248410323,1.19217573384639,0.275594598933104,0.65788752560578,0.718035207472152,"cogn_se_lv"
"13010","TLK2","Exc L5/6 IT Car3",0.00512160744617479,6.21842112315294,0.221096405026785,0.690765148058595,0.904684871763421,0.93964336369825,"cogn_se_lv"
"13011","MRC2","Exc L5/6 IT Car3",0.0188714879749719,3.40225866541549,0.297987893348153,0.585472321548662,0.855943612830974,0.898524617668764,"cogn_se_lv"
"13012","AC005821.1","Exc L5/6 IT Car3",0.0304970805066668,1.87049595137385,0.358362648206131,0.549779688054532,0.837051948259007,0.881968183607506,"cogn_se_lv"
"13013","MARCH10","Exc L5/6 IT Car3",0.0124918345259093,2.76711442360804,0.147184931675241,0.701458371563768,0.910777384490541,0.943811021225161,"cogn_se_lv"
"13014","AC005972.4","Exc L5/6 IT Car3",0.0344667306588328,3.97752185589255,1.38626986638374,0.239785405055501,0.625749066637086,0.684558891037935,"cogn_se_lv"
"13015","TANC2","Exc L5/6 IT Car3",0.000347578453198554,9.69922409866489,0.00114267592540197,0.973051901914495,0.998267578294294,0.999348346445079,"cogn_se_lv"
"13016","AC006270.1","Exc L5/6 IT Car3",0.0276820899220653,2.15041369513332,0.323616222114637,0.569784231966239,0.848436766038092,0.890977629431322,"cogn_se_lv"
"13017","AC015923.1","Exc L5/6 IT Car3",0.00335738618619666,4.98704137786066,0.00755870303020939,0.930765135621108,0.991816455834028,0.995925713518617,"cogn_se_lv"
"13018","AC005828.3","Exc L5/6 IT Car3",-0.0455862474808813,2.16452753308185,1.38866683537293,0.239380233695075,0.625463022940828,0.684194923349998,"cogn_se_lv"
"13019","CYB561","Exc L5/6 IT Car3",-0.0319351736373529,5.06130927843693,3.39587244566161,0.0661517040999052,0.395522426611321,0.425431485636705,"cogn_se_lv"
"13020","ACE","Exc L5/6 IT Car3",0.0118381126206578,2.4062017225615,0.126538018147458,0.722249623621559,0.921972360635618,0.950597967991176,"cogn_se_lv"
"13021","KCNH6","Exc L5/6 IT Car3",-0.0555731036371804,2.0901993324309,2.03658685834377,0.154388909161285,0.535555258877144,0.586787838399594,"cogn_se_lv"
"13022","DCAF7","Exc L5/6 IT Car3",0.0197401142703086,6.08285160977691,4.6671153772935,0.0313806966873469,0.305857455363058,0.31305740042197,"cogn_se_lv"
"13023","TACO1","Exc L5/6 IT Car3",-0.0172940251776708,3.04578318888122,0.472310051032868,0.492352657692809,0.807671139594468,0.85558902981309,"cogn_se_lv"
"13024","MAP3K3","Exc L5/6 IT Car3",0.012601803994762,6.23415478060443,0.910324613903396,0.340645091815359,0.710098850655635,0.767668460921,"cogn_se_lv"
"13025","CCDC47","Exc L5/6 IT Car3",-0.00520617474824052,4.42687382887316,0.088375040373373,0.766418399102364,0.942146573736388,0.963684686067599,"cogn_se_lv"
"13026","DDX42","Exc L5/6 IT Car3",0.0098655178313226,5.60809568837263,0.800913969792956,0.371396335157082,0.732319136164808,0.788970978937004,"cogn_se_lv"
"13027","FTSJ3","Exc L5/6 IT Car3",0.029569457380433,2.38827429002217,0.904008503701275,0.342323704166962,0.711959856946564,0.768737146566369,"cogn_se_lv"
"13028","PSMC5","Exc L5/6 IT Car3",-0.0509897135348455,4.21744402946797,2.91643708516564,0.088511834427948,0.437854915746994,0.476828699814031,"cogn_se_lv"
"13029","SMARCD2","Exc L5/6 IT Car3",0.0344009520582297,4.35020890056824,2.91324482198809,0.0886857064886213,0.437854915746994,0.477137139569912,"cogn_se_lv"
"13030","ERN1","Exc L5/6 IT Car3",-0.0131215099112751,4.86779681574995,0.617502887081861,0.432474735128819,0.77353077346411,0.825530176816122,"cogn_se_lv"
"13031","SNHG25","Exc L5/6 IT Car3",-0.00809756304127706,3.83771928985847,0.0925205672763653,0.761166215691438,0.940466406548739,0.96220048648941,"cogn_se_lv"
"13032","TEX2","Exc L5/6 IT Car3",-0.000785279065377503,7.4252546627118,0.00601288863567697,0.938233232895792,0.994369077299174,0.99727077180765,"cogn_se_lv"
"13033","PECAM1","Exc L5/6 IT Car3",0.0184937096945703,4.85731625007012,0.602638001361004,0.438064352965097,0.775973895048437,0.828552879753043,"cogn_se_lv"
"13034","POLG2","Exc L5/6 IT Car3",0.0270066271122051,4.19205269926167,2.33821987178488,0.127079778772655,0.497058895267095,0.546106714521424,"cogn_se_lv"
"13035","DDX5","Exc L5/6 IT Car3",-0.0116376856235555,7.95779433482345,1.05052292440352,0.306049724279461,0.682722895587898,0.743495957709436,"cogn_se_lv"
"13036","CEP95","Exc L5/6 IT Car3",0.00505330210555061,5.73871850963666,0.138211388355092,0.710276368787323,0.91545097897476,0.946855931441693,"cogn_se_lv"
"13037","SMURF2","Exc L5/6 IT Car3",0.0138846015382135,6.05380846398803,1.42043626931436,0.234087978677674,0.621576109846761,0.679273203060413,"cogn_se_lv"
"13038","LRRC37A3","Exc L5/6 IT Car3",0.00558570988649313,7.19021063428759,0.103468356172338,0.747886370302196,0.933897613787942,0.958571889555911,"cogn_se_lv"
"13039","AC103810.2","Exc L5/6 IT Car3",-0.102494183612628,2.38476624724695,3.88944536720344,0.049327488127727,0.355897153975008,0.376627560312325,"cogn_se_lv"
"13040","GNA13","Exc L5/6 IT Car3",-0.0117308897869941,5.6887034771581,0.566699451419109,0.452047433254964,0.784755350388365,0.835611923826669,"cogn_se_lv"
"13041","RGS9","Exc L5/6 IT Car3",-0.0159538940577198,4.41407765335547,0.813258280015614,0.555655167172481,0.839929682996154,0.884841077941342,"cogn_se_lv"
"13042","AXIN2","Exc L5/6 IT Car3",-0.0143338129429563,4.02355253661433,0.689800552947252,0.406762554482037,0.758873719574708,0.811501025271527,"cogn_se_lv"
"13043","AC004805.1","Exc L5/6 IT Car3",0.0322104556001594,3.86871435453694,1.76373987072239,0.184969325483807,0.571567000807441,0.625710610306686,"cogn_se_lv"
"13044","CEP112","Exc L5/6 IT Car3",0.0166499025637009,6.40139174398784,1.02182738361713,0.312740033413104,0.687676969136533,0.749254616992825,"cogn_se_lv"
"13045","PRKCA","Exc L5/6 IT Car3",0.0144526681368384,6.26113632662174,0.882609242849018,0.348094894726966,0.716012401863673,0.772968614099214,"cogn_se_lv"
"13046","PRKCA-AS1","Exc L5/6 IT Car3",0.000102453229675448,2.01504644152538,4.12545349740618e-05,0.99487867473941,0.999242764926216,0.999870711362408,"cogn_se_lv"
"13047","CACNG4","Exc L5/6 IT Car3",-0.0613024604448099,2.69562137922575,2.74417069523627,0.0984490916448497,0.454040012110949,0.495107286925508,"cogn_se_lv"
"13048","HELZ","Exc L5/6 IT Car3",0.00300130795218886,6.98384013803401,0.101099372715972,0.750691924916099,0.935061293652094,0.959437473279857,"cogn_se_lv"
"13049","PSMD12","Exc L5/6 IT Car3",-0.0257862093987629,5.3897016719697,4.74028792003275,0.0300893345730035,0.304222598957164,0.307720139740891,"cogn_se_lv"
"13050","PITPNC1","Exc L5/6 IT Car3",-0.0457579154361438,5.25008248179613,4.25914506372455,0.0397295427170908,0.329669654803985,0.345883157309521,"cogn_se_lv"
"13051","NOL11","Exc L5/6 IT Car3",-0.002278710886677,4.04906294406972,0.0227947426239148,0.944122299732504,0.994804925328349,0.997626386519645,"cogn_se_lv"
"13052","BPTF","Exc L5/6 IT Car3",-0.0192868253388065,7.70788364613858,4.29495292025228,0.0389109095178606,0.327903038577323,0.343031032420776,"cogn_se_lv"
"13053","C17orf58","Exc L5/6 IT Car3",-0.0162717176902358,3.44761284197139,0.423267443101855,0.515710955709576,0.819577819947375,0.866681012199991,"cogn_se_lv"
"13054","KPNA2","Exc L5/6 IT Car3",-0.0647158175296477,4.07671622504301,9.04755856277097,0.00280857306818625,0.12437002621138,0.104382683975533,"cogn_se_lv"
"13055","AC005332.7","Exc L5/6 IT Car3",0.0392221931017389,2.74404413237021,1.79955753679682,0.180580685485112,0.56717076522773,0.620581889093735,"cogn_se_lv"
"13056","AC005332.4","Exc L5/6 IT Car3",-0.0513419691162688,1.64009442068809,1.25895396925702,0.294134459206002,0.672512011030238,0.733199148708561,"cogn_se_lv"
"13057","AC005332.6","Exc L5/6 IT Car3",-0.043930492833771,2.18890223212161,1.49826500449047,0.221709704566323,0.610116152240244,0.666772591852128,"cogn_se_lv"
"13058","AC005332.5","Exc L5/6 IT Car3",-0.00597366499860132,4.14260723551081,0.0782384268891786,0.779853749894391,0.947871521945559,0.967509239783194,"cogn_se_lv"
"13059","AMZ2","Exc L5/6 IT Car3",-0.00769803676315735,4.6385791989835,0.220849799606353,0.638667310402811,0.883351604277525,0.920791893449347,"cogn_se_lv"
"13060","ARSG","Exc L5/6 IT Car3",0.0775675621463535,5.13007043348618,13.1985521366696,0.000319321781417043,0.048447811506403,0.0345421361166468,"cogn_se_lv"
"13061","SLC16A6","Exc L5/6 IT Car3",0.110131300745929,3.20713572877047,9.59980068972092,0.00209325061104065,0.106320550838005,0.0909185978131648,"cogn_se_lv"
"13062","WIPI1","Exc L5/6 IT Car3",0.0163159299818145,3.99943904331237,0.614919966048695,0.433438142433597,0.77353077346411,0.825964889376113,"cogn_se_lv"
"13063","PRKAR1A","Exc L5/6 IT Car3",-0.0386701580450868,6.76243534392862,7.50205835200627,0.00645807147175206,0.173648358410842,0.157362484731331,"cogn_se_lv"
"13064","FAM20A","Exc L5/6 IT Car3",0.00292477568725418,2.06196861026225,0.00385982708830123,0.950494509032235,0.995054338434123,0.997804640603097,"cogn_se_lv"
"13065","LINC01482","Exc L5/6 IT Car3",0.0873684518237292,2.26251615478317,3.39745024634824,0.0660890517963881,0.395522426611321,0.425279798727168,"cogn_se_lv"
"13066","ABCA9-AS1","Exc L5/6 IT Car3",-0.0808010669008775,2.11432468001401,3.41583520003229,0.0653636820582734,0.39334240350924,0.423614071252885,"cogn_se_lv"
"13067","ABCA9","Exc L5/6 IT Car3",-0.047742137390268,4.5279012359465,5.29088034436446,0.0219877218738105,0.276372518361312,0.271106437288412,"cogn_se_lv"
"13068","ABCA6","Exc L5/6 IT Car3",-0.0202865159007876,4.73381847583413,1.04247908932044,0.307906160444252,0.683648174224363,0.745046778983635,"cogn_se_lv"
"13069","ABCA10","Exc L5/6 IT Car3",-0.0115880971331441,5.65224578574202,0.462921671014074,0.496683013217322,0.810277332233811,0.857366884690843,"cogn_se_lv"
"13070","ABCA5","Exc L5/6 IT Car3",0.000563001772546889,6.92449218532538,0.00468245820898018,0.945481144123282,0.994804925328349,0.997626386519645,"cogn_se_lv"
"13071","MAP2K6","Exc L5/6 IT Car3",0.0174690787668419,6.00213512280386,1.37839691666075,0.241122104803828,0.626366937057414,0.685779388518959,"cogn_se_lv"
"13072","LINC01483","Exc L5/6 IT Car3",0.0407193027536938,3.39304943036731,1.52437498779236,0.217734444582663,0.606174584321126,0.662615676888478,"cogn_se_lv"
"13073","AC005208.1","Exc L5/6 IT Car3",0.0292784956637238,1.61518207962834,0.38307942040814,0.536336902717662,0.828392030089316,0.875910635353152,"cogn_se_lv"
"13074","LINC00511","Exc L5/6 IT Car3",0.0424752564230529,3.78713918709125,1.81740743864883,0.1784388090872,0.564939985980665,0.618654000132432,"cogn_se_lv"
"13075","SLC39A11","Exc L5/6 IT Car3",0.0330984831078479,7.0145164081207,3.86405463182727,0.0500710822078326,0.357418346557766,0.37884153380501,"cogn_se_lv"
"13076","SSTR2","Exc L5/6 IT Car3",-0.0262199693785304,6.88379043014705,2.96079506371192,0.0861337872865429,0.434373509228393,0.47224163843059,"cogn_se_lv"
"13077","COG1","Exc L5/6 IT Car3",-0.000122315868531692,5.65456253152005,7.81536063771385e-05,0.992951148767207,0.999242764926216,0.999870711362408,"cogn_se_lv"
"13078","FAM104A","Exc L5/6 IT Car3",0.016689005929981,4.38987428721613,1.16146907734209,0.281856300549998,0.662539096936755,0.723140333233505,"cogn_se_lv"
"13079","C17orf80","Exc L5/6 IT Car3",0.0336300000786463,4.18522814312264,4.0915139929447,0.0438107660150774,0.341070411590849,0.359869529027201,"cogn_se_lv"
"13080","SDK2","Exc L5/6 IT Car3",0.0249552083551993,3.87732472675552,0.900942270594669,0.343142639684646,0.712617226220555,0.769588613057086,"cogn_se_lv"
"13081","RPL38","Exc L5/6 IT Car3",-0.121581642179397,5.23458262595359,6.78991988337585,0.0095338472712486,0.202182149124929,0.18741598435446,"cogn_se_lv"
"13082","TTYH2","Exc L5/6 IT Car3",-0.059054883251245,1.64924085557669,1.52776509263169,0.217224581558107,0.605784114601168,0.661901862038295,"cogn_se_lv"
"13083","RAB37","Exc L5/6 IT Car3",-0.006185447834357,6.19855915823385,0.146758381004413,0.701870449977873,0.911127126229509,0.944015583038811,"cogn_se_lv"
"13084","CD300LF","Exc L5/6 IT Car3",0.0131253217877317,2.09989023387003,0.0889364479025909,0.765699373589054,0.941975488372146,0.963575654849796,"cogn_se_lv"
"13085","NAT9","Exc L5/6 IT Car3",0.00260711290901448,5.05188850495127,0.0166795345066268,0.897309020200561,0.986715578313859,0.99192216597102,"cogn_se_lv"
"13086","TMEM104","Exc L5/6 IT Car3",0.0339188335578286,3.44423285578855,2.31724484818116,0.128792232814316,0.499046914761922,0.548913276161988,"cogn_se_lv"
"13087","FDXR","Exc L5/6 IT Car3",0.0508283399563135,2.32635125465992,2.39394035237608,0.122652728835004,0.49197586118719,0.539246617865084,"cogn_se_lv"
"13088","FADS6","Exc L5/6 IT Car3",-0.0147745696869893,3.32952316845987,0.440161847246488,0.507453432263941,0.816537950024118,0.862873677615864,"cogn_se_lv"
"13089","HID1","Exc L5/6 IT Car3",-0.0106380187792275,4.62802601587401,0.591018668170319,0.442511085622085,0.778382369377654,0.831137186507625,"cogn_se_lv"
"13090","MRPL58","Exc L5/6 IT Car3",0.0122319505198801,2.94200560077316,0.228652710284037,0.632804252725418,0.881178289998474,0.918852957657431,"cogn_se_lv"
"13091","KCTD2","Exc L5/6 IT Car3",-0.00402204080707943,5.26977603132507,0.0646819212494971,0.799383294669462,0.954829784589432,0.972786795104253,"cogn_se_lv"
"13092","ATP5PD","Exc L5/6 IT Car3",-0.056776202855463,4.21422824248232,3.19869836040435,0.0745069011055885,0.414405929893389,0.446549168848449,"cogn_se_lv"
"13093","ARMC7","Exc L5/6 IT Car3",0.0226866611233003,3.10561183831289,0.728556952125862,0.393898150940076,0.750537643056551,0.803940063521704,"cogn_se_lv"
"13094","NT5C","Exc L5/6 IT Car3",0.0368166426230944,3.1950122087123,1.44096585969015,0.230743539205718,0.619205417327987,0.676644333758038,"cogn_se_lv"
"13095","JPT1","Exc L5/6 IT Car3",-0.0283566691451664,5.03549925300619,1.31882824176467,0.251537065167905,0.634823783688761,0.696268382803223,"cogn_se_lv"
"13096","SUMO2","Exc L5/6 IT Car3",-0.0284286814363456,3.86940036398293,1.6493047800991,0.199849225080124,0.586514030126452,0.641931841715349,"cogn_se_lv"
"13097","NUP85","Exc L5/6 IT Car3",0.0292234337583228,4.94170114435285,3.97537944771305,0.0468964714798099,0.350754355995906,0.368687433782907,"cogn_se_lv"
"13098","GGA3","Exc L5/6 IT Car3",-0.00448150702099214,5.05929652654209,0.151729941596876,0.697109517196411,0.908387174121621,0.942092655684668,"cogn_se_lv"
"13099","MRPS7","Exc L5/6 IT Car3",-0.0141467965559621,4.21978384087022,0.291676683054117,0.58946978247612,0.858759934902261,0.90041118574061,"cogn_se_lv"
"13100","MIF4GD","Exc L5/6 IT Car3",0.0985277349725178,2.88457740489804,5.56646994688852,0.0188213651789328,0.260018680524036,0.252855423408234,"cogn_se_lv"
"13101","SLC25A19","Exc L5/6 IT Car3",0.0186841852646946,2.48628264931495,0.416431086893954,0.534657794683468,0.827540824938452,0.875149697883429,"cogn_se_lv"
"13102","GRB2","Exc L5/6 IT Car3",-0.00136533469421759,6.26824999360805,0.0186734529679891,0.905516458116522,0.987810604126722,0.992958190940755,"cogn_se_lv"
"13103","AC011933.4","Exc L5/6 IT Car3",-0.03157867182919,2.88812732726457,0.673458953143116,0.412371451251728,0.762102250535398,0.814819821656643,"cogn_se_lv"
"13104","TMEM94","Exc L5/6 IT Car3",0.0104518972685233,4.7936778214397,0.708584235845518,0.639543908546755,0.883493921788341,0.921046602612861,"cogn_se_lv"
"13105","TSEN54","Exc L5/6 IT Car3",-0.0186800685751843,4.47135090704428,1.2244466186345,0.26920160891095,0.65238344855003,0.712752100999505,"cogn_se_lv"
"13106","LLGL2","Exc L5/6 IT Car3",0.00767601660832151,3.44388396890639,0.0981055377318788,0.754289766835013,0.936680280625019,0.960410454374931,"cogn_se_lv"
"13107","RECQL5","Exc L5/6 IT Car3",0.00545794538782544,3.70546955222588,0.0800588291676524,0.914994702990624,0.989073227776396,0.994167716172383,"cogn_se_lv"
"13108","SAP30BP","Exc L5/6 IT Car3",0.0128906964006137,4.82664445158429,0.960245123851113,0.32775912276648,0.700074877560877,0.759687585805212,"cogn_se_lv"
"13109","H3F3B","Exc L5/6 IT Car3",-0.0224345280974154,5.48820689026868,0.677909477245324,0.410832669735659,0.761314242893653,0.813795684837901,"cogn_se_lv"
"13110","UNK","Exc L5/6 IT Car3",-0.00712028355175335,4.73455293414556,0.219699161286251,0.639542557766296,0.883493921788341,0.921046602612861,"cogn_se_lv"
"13111","WBP2","Exc L5/6 IT Car3",0.00726487907781688,6.07153645916139,0.114793814977782,0.734941396328101,0.928204243440934,0.954792822283974,"cogn_se_lv"
"13112","TRIM47","Exc L5/6 IT Car3",-0.106453604747302,1.70268707074597,4.76874126989794,0.0296023186096019,0.303197430030341,0.305983465590212,"cogn_se_lv"
"13113","TRIM65","Exc L5/6 IT Car3",0.0197112302395417,2.72337589514567,0.610141854162313,0.43522898301921,0.773908035663274,0.826730296381759,"cogn_se_lv"
"13114","AC087289.3","Exc L5/6 IT Car3",0.0389230410566382,2.42777953249497,1.23763272121253,0.266642953175715,0.64961770609059,0.710461883464321,"cogn_se_lv"
"13115","FBF1","Exc L5/6 IT Car3",0.0404880410416878,3.96865150794721,3.79260751637841,0.0522280501914103,0.361741535754187,0.386038180008703,"cogn_se_lv"
"13116","ACOX1","Exc L5/6 IT Car3",0.0299147575338082,4.64066840926425,4.72431222293291,0.0303664488008736,0.304222598957164,0.308922055136099,"cogn_se_lv"
"13117","TEN1","Exc L5/6 IT Car3",0.0100345506576179,2.34114720302904,0.0844762841137417,0.771481754176136,0.944044727894869,0.964988115709416,"cogn_se_lv"
"13118","CDK3","Exc L5/6 IT Car3",0.0487551602524575,2.26568644366283,1.74016221585465,0.187926037138952,0.575062928090689,0.629035459750488,"cogn_se_lv"
"13119","SRP68","Exc L5/6 IT Car3",-0.0227566037677987,4.55379633537723,2.09194330142931,0.148915854265647,0.527888002476494,0.579720231558153,"cogn_se_lv"
"13120","EXOC7","Exc L5/6 IT Car3",0.00851697126587912,5.87942570033014,0.519878053228406,0.471344553760083,0.794633044963293,0.845632212022629,"cogn_se_lv"
"13121","RNF157","Exc L5/6 IT Car3",-0.0125239288886047,6.6187708229541,1.25467090910678,0.263381642126084,0.646414577423356,0.70742836799216,"cogn_se_lv"
"13122","UBALD2","Exc L5/6 IT Car3",0.000963726468112731,3.25296815503423,0.00132241422103273,0.971010729038707,0.998267578294294,0.999102668702867,"cogn_se_lv"
"13123","QRICH2","Exc L5/6 IT Car3",0.0170063513392054,4.27820862737925,0.579410629785206,0.447023517297795,0.781075074328528,0.833286650250869,"cogn_se_lv"
"13124","PRPSAP1","Exc L5/6 IT Car3",-0.00992057767724456,5.33304440362763,0.655220412256721,0.457637192420285,0.788028655907772,0.838979631340816,"cogn_se_lv"
"13125","UBE2O","Exc L5/6 IT Car3",0.00121296862489534,6.59956569569871,0.0132439854434422,0.908441532187626,0.988416424129917,0.993343772852573,"cogn_se_lv"
"13126","PRCD","Exc L5/6 IT Car3",0.0471556227774429,2.19264293042835,1.47330804728671,0.225591091703732,0.614809076323009,0.671135256505273,"cogn_se_lv"
"13127","MXRA7","Exc L5/6 IT Car3",-0.0370239915518885,5.32371189696372,4.77668298146325,0.0294678636128985,0.302562183305797,0.305258015879895,"cogn_se_lv"
"13128","JMJD6","Exc L5/6 IT Car3",-0.0307813844774229,3.81936629785234,2.00248342835247,0.157874529464854,0.540291084826352,0.591581160758436,"cogn_se_lv"
"13129","METTL23","Exc L5/6 IT Car3",0.0662152439314518,2.30438048309252,3.81003715297372,0.0516929086549345,0.35981631126162,0.384169454825985,"cogn_se_lv"
"13130","SRSF2","Exc L5/6 IT Car3",-0.0224231032566747,5.46302637990586,1.66933544751218,0.197146047606136,0.584826074143876,0.639108523926631,"cogn_se_lv"
"13131","MFSD11","Exc L5/6 IT Car3",0.0110513518914426,6.10126512497998,0.787598926762411,0.375397990938944,0.73496183435871,0.791651849446264,"cogn_se_lv"
"13132","LINC02080","Exc L5/6 IT Car3",-0.0112855525231927,1.9542670624621,0.0490569217869972,0.824833486064759,0.964248646577592,0.978246107004581,"cogn_se_lv"
"13133","MGAT5B","Exc L5/6 IT Car3",0.0138550758049175,6.54059560765606,0.755125126498455,0.385416208441363,0.74320955367906,0.79865252921691,"cogn_se_lv"
"13134","SEC14L1","Exc L5/6 IT Car3",-0.00162228859449863,5.51068730060105,0.0181828671647528,0.892807927329017,0.9857013440361,0.990881451573425,"cogn_se_lv"
"13135","SEPT9","Exc L5/6 IT Car3",-0.00952504217652456,5.02211464305049,0.227063955980109,0.633987971302258,0.881742679856471,0.91924346452154,"cogn_se_lv"
"13136","AC021683.3","Exc L5/6 IT Car3",0.0492197284538932,2.09621018659417,1.52748453638094,0.217266722272363,0.605784114601168,0.661912101822042,"cogn_se_lv"
"13137","AC021683.2","Exc L5/6 IT Car3",-0.0191832675384005,1.76820367800799,0.117841962001087,0.731579994039915,0.926363016971721,0.953817121150302,"cogn_se_lv"
"13138","TNRC6C","Exc L5/6 IT Car3",0.00938584212338099,7.56134440716838,0.81984906295324,0.365807732225314,0.728041428038715,0.785328502993036,"cogn_se_lv"
"13139","SYNGR2","Exc L5/6 IT Car3",-0.0160244111947188,2.34468515060191,0.274979205030651,0.600321984755492,0.864797307755164,0.904754735050594,"cogn_se_lv"
"13140","AFMID","Exc L5/6 IT Car3",0.00769962739267163,4.52342261814984,0.20206830268431,0.653317149365758,0.888556645135312,0.92565339997493,"cogn_se_lv"
"13141","PGS1","Exc L5/6 IT Car3",-0.0212519206046622,5.03006274776559,2.74292299526283,0.0985253711334893,0.45416873341001,0.495159316602286,"cogn_se_lv"
"13142","DNAH17","Exc L5/6 IT Car3",0.0167851752737151,2.84774872513804,0.191006933024654,0.662332325499629,0.892895452824044,0.929493473836379,"cogn_se_lv"
"13143","CYTH1","Exc L5/6 IT Car3",0.00912800856027644,6.71106155205147,0.390079702364981,0.53263865841194,0.826841734210183,0.874004126428673,"cogn_se_lv"
"13144","USP36","Exc L5/6 IT Car3",-0.00953448461078031,5.42008087444238,0.431234623212859,0.511787963770676,0.818419687003898,0.86495589642943,"cogn_se_lv"
"13145","TIMP2","Exc L5/6 IT Car3",-0.0842555865703982,3.974796836977,5.92619539874946,0.0153849446826601,0.238265676622564,0.231011455280148,"cogn_se_lv"
"13146","CANT1","Exc L5/6 IT Car3",-0.0165750129523818,3.2889080377822,0.430834351085988,0.511983814196721,0.818419687003898,0.865053067006334,"cogn_se_lv"
"13147","ENGASE","Exc L5/6 IT Car3",0.0394678097581078,3.23042259141075,2.42266676285106,0.120437694186419,0.489867183204121,0.535581457000277,"cogn_se_lv"
"13148","RBFOX3","Exc L5/6 IT Car3",0.00884254816320806,8.99583650236015,0.399412387423113,0.527779342120511,0.824872963870688,0.872050854440383,"cogn_se_lv"
"13149","CBX4","Exc L5/6 IT Car3",-0.0129716158025899,3.81236518682057,0.33088315542153,0.565485710452717,0.84542695588375,0.888975546172616,"cogn_se_lv"
"13150","TBC1D16","Exc L5/6 IT Car3",0.0636815693872638,3.66730297904131,8.67859402559044,0.00342142026178839,0.132529156309283,0.115586309670027,"cogn_se_lv"
"13151","CCDC40","Exc L5/6 IT Car3",0.0339621134488944,3.93231369353277,2.7398363669327,0.0987143538259664,0.45416873341001,0.495540196265537,"cogn_se_lv"
"13152","GAA","Exc L5/6 IT Car3",0.0129829753419029,4.47629047225659,0.618180980717012,0.43222235224823,0.77353077346411,0.825444041253485,"cogn_se_lv"
"13153","EIF4A3","Exc L5/6 IT Car3",-0.0614192765868514,3.33141653298749,4.42730829835397,0.0360358633255979,0.317634449276949,0.332067915468542,"cogn_se_lv"
"13154","CARD14","Exc L5/6 IT Car3",-0.0136263459023616,1.53624599024612,0.0682957298749075,0.793978526631253,0.952216125954876,0.971410103307187,"cogn_se_lv"
"13155","AC087741.1","Exc L5/6 IT Car3",0.00133683667999124,2.46145394273806,0.0019071106440161,0.965190398024519,0.997621680933237,0.99892010896344,"cogn_se_lv"
"13156","SGSH","Exc L5/6 IT Car3",0.0969319148226655,2.07662344385573,6.27138331354543,0.012695647135017,0.223809861864732,0.213065020558738,"cogn_se_lv"
"13157","SLC26A11","Exc L5/6 IT Car3",-0.00422286249187384,4.54242769567731,0.0617630852339513,0.80386723050951,0.955697174879762,0.973841505210319,"cogn_se_lv"
"13158","RNF213","Exc L5/6 IT Car3",-0.0162718124381551,5.23576982621789,0.944809389400261,0.331672815296576,0.701569773750402,0.761868507096603,"cogn_se_lv"
"13159","AC124319.2","Exc L5/6 IT Car3",0.018252406486681,6.42477031524544,0.849540743699837,0.357276984713793,0.72215560740022,0.779503776331343,"cogn_se_lv"
"13160","ENDOV","Exc L5/6 IT Car3",0.0377143083728109,4.91421330572105,5.82372171972458,0.0162919342233242,0.244379013349862,0.237743911695664,"cogn_se_lv"
"13161","NPTX1","Exc L5/6 IT Car3",-0.0174248616310498,7.2440247815157,0.80836046022905,0.369184416552022,0.731167375225857,0.787675863472749,"cogn_se_lv"
"13162","RPTOR","Exc L5/6 IT Car3",0.000663491881520987,7.0579336022172,0.00234857278783652,0.961373879206631,0.997053628956036,0.998669553021838,"cogn_se_lv"
"13163","CHMP6","Exc L5/6 IT Car3",-0.0218891710320217,3.40525629779777,0.950137265519599,0.330314938885718,0.700406022244585,0.760913246670776,"cogn_se_lv"
"13164","BAIAP2-DT","Exc L5/6 IT Car3",0.0179934410039978,3.73472611746049,0.603677965503438,0.437669710627985,0.775649107158531,0.828133305549006,"cogn_se_lv"
"13165","BAIAP2","Exc L5/6 IT Car3",-0.0330419948871339,7.62107592608673,4.29580684103537,0.0388916056348602,0.327903038577323,0.343031032420776,"cogn_se_lv"
"13166","AATK","Exc L5/6 IT Car3",-0.00357299507365011,5.7084602705204,0.0763266812850351,0.782491251690394,0.949259099943806,0.96813335135937,"cogn_se_lv"
"13167","PVALEF","Exc L5/6 IT Car3",-0.00111090104545259,3.04887654400374,0.00125574900468725,0.971750563001131,0.998267578294294,0.999138652990267,"cogn_se_lv"
"13168","CEP131","Exc L5/6 IT Car3",0.0020117919579642,2.5775266836283,0.00553849350566408,0.940715178189348,0.994559076820161,0.997543659084972,"cogn_se_lv"
"13169","TEPSIN","Exc L5/6 IT Car3",-0.0231071366446091,3.07948054401308,1.00526221877081,0.316689354258645,0.691424196629386,0.751931569848995,"cogn_se_lv"
"13170","NDUFAF8","Exc L5/6 IT Car3",-0.0196141400049242,4.65038442359285,0.587996249714986,0.443679181893239,0.779388495529843,0.831711291431476,"cogn_se_lv"
"13171","SLC38A10","Exc L5/6 IT Car3",0.0232199041668387,4.73262761378911,2.96731824789333,0.0857899735621887,0.434168922434096,0.471687341254129,"cogn_se_lv"
"13172","AC110285.6","Exc L5/6 IT Car3",0.0806401676231679,2.09131487437859,3.84133203844677,0.0507466259014428,0.359091377056743,0.381205006777414,"cogn_se_lv"
"13173","AC110285.2","Exc L5/6 IT Car3",0.0320321469405366,2.01112246809552,0.528934528921524,0.467510549848321,0.792661381752303,0.843772375216457,"cogn_se_lv"
"13174","BAHCC1","Exc L5/6 IT Car3",0.0280215060779174,4.06336953387449,2.33496533381016,0.127343812249571,0.497214837075747,0.546435603414393,"cogn_se_lv"
"13175","ACTG1","Exc L5/6 IT Car3",-0.0283133464102361,7.44665520053014,1.17104370613228,0.279884718612764,0.661446762566016,0.721686262973719,"cogn_se_lv"
"13176","FAAP100","Exc L5/6 IT Car3",0.0208724686075163,3.31284846811135,0.630669527763998,0.427613869352074,0.77182381801977,0.823353770828774,"cogn_se_lv"
"13177","NPLOC4","Exc L5/6 IT Car3",0.0139034056086887,6.35050376824858,1.46051889266076,0.227611776121655,0.616397182069092,0.672880386675627,"cogn_se_lv"
"13178","OXLD1","Exc L5/6 IT Car3",0.012142004460099,3.50918191266094,0.216096255582613,0.642301367194584,0.884918146682185,0.921838000378806,"cogn_se_lv"
"13179","CCDC137","Exc L5/6 IT Car3",0.0210226524053464,3.42681831723972,0.954135583018523,0.329300784133362,0.700221116057139,0.760478358178686,"cogn_se_lv"
"13180","ARL16","Exc L5/6 IT Car3",-0.0108457487520826,4.26433133288353,0.236462719472337,0.627057731902501,0.877231023905053,0.916398523227354,"cogn_se_lv"
"13181","HGS","Exc L5/6 IT Car3",0.00620323235640597,4.99042517801216,0.212620092897682,0.644989775588545,0.88572057848316,0.923025140064842,"cogn_se_lv"
"13182","AC139530.1","Exc L5/6 IT Car3",0.0124125210001386,2.39519455365643,0.146825341630276,0.881864712259951,0.98184006718356,0.988985050514498,"cogn_se_lv"
"13183","MCRIP1","Exc L5/6 IT Car3",-0.0163770488476258,5.20641574912871,0.652453555427237,0.419750717249048,0.766806125852906,0.818863673804457,"cogn_se_lv"
"13184","P4HB","Exc L5/6 IT Car3",-0.0364259720593514,5.02194466199922,6.1208078155154,0.013803425086104,0.229163659196484,0.220759198497374,"cogn_se_lv"
"13185","ARHGDIA","Exc L5/6 IT Car3",-0.0238961829465641,5.38611809535304,1.06324245127905,0.30314374414468,0.679985748781028,0.741227122020607,"cogn_se_lv"
"13186","AC145207.5","Exc L5/6 IT Car3",-0.00454139845636814,1.67179985502253,0.011519951296122,0.914583965584667,0.989073227776396,0.994126167335106,"cogn_se_lv"
"13187","ALYREF","Exc L5/6 IT Car3",-0.0433256046664337,1.91068454805763,1.06348185097744,0.303089393184715,0.67996293893772,0.741152903555243,"cogn_se_lv"
"13188","ANAPC11","Exc L5/6 IT Car3",-0.0400749287428669,4.47377452695731,1.59305539482159,0.207677329038364,0.595408735823478,0.651320184693411,"cogn_se_lv"
"13189","NPB","Exc L5/6 IT Car3",-0.0278399296523332,1.6041530984706,0.235430616139686,0.627810359265302,0.877724956801957,0.916795137939335,"cogn_se_lv"
"13190","PCYT2","Exc L5/6 IT Car3",-0.0487628988917872,3.78789425711259,4.23726031968363,0.040238786762121,0.330776725437538,0.347607472854844,"cogn_se_lv"
"13191","SIRT7","Exc L5/6 IT Car3",-0.0249734978264032,4.62452034606625,1.69068230332342,0.194312447300808,0.582685161431792,0.636332996269307,"cogn_se_lv"
"13192","MAFG","Exc L5/6 IT Car3",-0.0440350034628389,4.27376177141833,5.79905658499266,0.0165183991110288,0.244862693729978,0.239038701721749,"cogn_se_lv"
"13193","MAFG-DT","Exc L5/6 IT Car3",0.0912003011405192,1.91578679038596,3.47961108169043,0.0629128244155873,0.388665431068539,0.417363296035395,"cogn_se_lv"
"13194","AC145207.1","Exc L5/6 IT Car3",0.0590410089417658,2.80468132594895,3.3062752804037,0.0698162270402438,0.404074767840821,0.434484645858804,"cogn_se_lv"
"13195","ASPSCR1","Exc L5/6 IT Car3",0.00194677963458501,4.24407077082955,0.0112252407216931,0.96517967163571,0.997621680933237,0.99892010896344,"cogn_se_lv"
"13196","CENPX","Exc L5/6 IT Car3",-0.0156740878112555,3.12067718945902,0.242844515353192,0.622448600246975,0.8750796656557,0.9142931033208,"cogn_se_lv"
"13197","LRRC45","Exc L5/6 IT Car3",-0.00213551918991912,2.43989142557059,0.00496684968204123,0.948790955925512,0.995054338434123,0.997804640603097,"cogn_se_lv"
"13198","RAC3","Exc L5/6 IT Car3",-0.0127029300430599,3.29280701768499,0.159931692486838,0.689447916327823,0.903720022699822,0.93928750360554,"cogn_se_lv"
"13199","DCXR","Exc L5/6 IT Car3",-0.0634942025883927,3.04954799155295,3.16442717883621,0.0760716852640544,0.416677281040811,0.450181970200147,"cogn_se_lv"
"13200","RFNG","Exc L5/6 IT Car3",-0.0046899419125332,5.03938222632826,0.0701300159601245,0.791293584544184,0.951704303386604,0.970540644071584,"cogn_se_lv"
"13201","GPS1","Exc L5/6 IT Car3",-0.00957670216659633,4.47629355012439,0.263021990723778,0.608354604458274,0.869239380058754,0.908219799345611,"cogn_se_lv"
"13202","DUS1L","Exc L5/6 IT Car3",-0.0213837006851988,4.49726151385018,1.77237786948802,0.183899687937533,0.570379918226519,0.624349009742231,"cogn_se_lv"
"13203","FASN","Exc L5/6 IT Car3",-0.00978430464833928,4.74486867608375,0.249815604733708,0.617499127167768,0.873423500115388,0.91220544380264,"cogn_se_lv"
"13204","CCDC57","Exc L5/6 IT Car3",0.0317889087710142,6.71892391051849,4.85466765811191,0.0281810019617228,0.298368509743409,0.299593272630716,"cogn_se_lv"
"13205","SLC16A3","Exc L5/6 IT Car3",0.0376868119429091,2.25406280636783,0.797244897922264,0.372493027375854,0.732983977920264,0.789618059079673,"cogn_se_lv"
"13206","CSNK1D","Exc L5/6 IT Car3",-0.00731733943122956,5.7797529674542,0.486353676902463,0.485992035052846,0.803375377206946,0.852310383952345,"cogn_se_lv"
"13207","AC132872.1","Exc L5/6 IT Car3",0.0686468501346013,2.70040476482751,5.5937995527198,0.0273940269310326,0.296436903469433,0.295765145958111,"cogn_se_lv"
"13208","AC132938.1","Exc L5/6 IT Car3",0.0121234276468703,2.66924595861374,0.197212428300527,0.657237421561785,0.890074349880228,0.927606745096583,"cogn_se_lv"
"13209","OGFOD3","Exc L5/6 IT Car3",0.0161755936246497,4.62104897858406,0.987273204687675,0.321052709786028,0.693863390479845,0.754782770159014,"cogn_se_lv"
"13210","HEXDC","Exc L5/6 IT Car3",-0.0347899802550072,4.73849495414417,4.6945510044734,0.0308898358808463,0.304222598957164,0.311139419249147,"cogn_se_lv"
"13211","CYBC1","Exc L5/6 IT Car3",0.0509645812794173,4.09048012678516,7.41943017520257,0.00675522755316115,0.175601242043721,0.160024725823134,"cogn_se_lv"
"13212","NARF","Exc L5/6 IT Car3",-0.00185425141141624,6.04626374987578,0.0272127338209936,0.869062444147044,0.97742250279017,0.987215819779565,"cogn_se_lv"
"13213","FOXK2","Exc L5/6 IT Car3",-0.0486021921204789,7.03986086778205,14.7345734574121,0.000145294604134394,0.0340451001343853,0.0226436155873625,"cogn_se_lv"
"13214","AC124283.1","Exc L5/6 IT Car3",-0.0518164742556749,1.7439189752417,1.03143468905162,0.310479056408892,0.685843645490577,0.747293538173306,"cogn_se_lv"
"13215","WDR45B","Exc L5/6 IT Car3",-0.00897822700414329,5.36777442617205,0.394432912214732,0.530362063214204,0.826057297122417,0.87292321650027,"cogn_se_lv"
"13216","RAB40B","Exc L5/6 IT Car3",-0.00826851815292107,6.71593897605184,0.447401024096799,0.50398476549112,0.814567104377341,0.861123606714834,"cogn_se_lv"
"13217","FN3KRP","Exc L5/6 IT Car3",-0.0136721679296646,4.60789474454536,0.567832654468575,0.451595974918352,0.784431383069237,0.835344776627321,"cogn_se_lv"
"13218","FN3K","Exc L5/6 IT Car3",0.00507256775228095,4.37960463726436,0.0664476205990184,0.796722954179962,0.953687972686444,0.972130752440241,"cogn_se_lv"
"13219","TBCD","Exc L5/6 IT Car3",0.00365087175893568,7.13285613361856,0.082516013636839,0.774075531887437,0.945176236681209,0.965743543502498,"cogn_se_lv"
"13220","B3GNTL1","Exc L5/6 IT Car3",0.00986689259082756,4.10111263344173,0.23863004048352,0.625483873259715,0.876292758095617,0.915474269765136,"cogn_se_lv"
"13221","METRNL","Exc L5/6 IT Car3",-0.154371937170175,2.47204148279227,5.5782569586261,0.0186969995902518,0.25899804112869,0.251904624992515,"cogn_se_lv"
"13222","USP14","Exc L5/6 IT Car3",-0.00523296491085262,6.43312372597609,0.287368574645767,0.592230714216539,0.859974089096834,0.901547659840104,"cogn_se_lv"
"13223","THOC1","Exc L5/6 IT Car3",0.021512555152122,5.96620621884491,3.93744338208836,0.0479536235352396,0.353049189458432,0.372432425140641,"cogn_se_lv"
"13224","COLEC12","Exc L5/6 IT Car3",0.0478128654978013,1.44327660428721,0.690742521671319,0.406442670121328,0.758752146187195,0.811259406968843,"cogn_se_lv"
"13225","CLUL1","Exc L5/6 IT Car3",0.00783935796979214,2.5229376775154,0.0403065712670246,0.840991586618712,0.969139686863495,0.981422014953715,"cogn_se_lv"
"13226","ENOSF1","Exc L5/6 IT Car3",-0.0268670902840736,3.14594206978419,0.391215601643952,0.532042919136584,0.826680001059863,0.873749241585626,"cogn_se_lv"
"13227","AP005328.1","Exc L5/6 IT Car3",-0.0276323353201258,1.64000382196627,0.228698844794049,0.632769955312021,0.881178289998474,0.918852957657431,"cogn_se_lv"
"13228","LINC00470","Exc L5/6 IT Car3",-0.0544241760582151,1.47190985409334,0.536135457284234,0.464497737385132,0.79119444669795,0.842327143396731,"cogn_se_lv"
"13229","AP005230.1","Exc L5/6 IT Car3",0.00792586385347392,3.82284133066809,0.068772303906862,0.793277269893222,0.952216125954876,0.971135340407771,"cogn_se_lv"
"13230","METTL4","Exc L5/6 IT Car3",-0.0250789764648323,4.30940370496011,2.21780980054683,0.137269965981336,0.510409465197576,0.562431293336104,"cogn_se_lv"
"13231","SMCHD1","Exc L5/6 IT Car3",0.00538929320196029,6.82331937027243,0.287096578696346,0.592405920816256,0.859974089096834,0.901644510507332,"cogn_se_lv"
"13232","AP001011.1","Exc L5/6 IT Car3",0.0338598601945122,3.43712990745173,0.771362211868687,0.380360335581434,0.739202622123787,0.795652640928069,"cogn_se_lv"
"13233","LPIN2","Exc L5/6 IT Car3",-0.0114200550329884,5.38086835331118,0.715220227370195,0.398257456324963,0.753580942262327,0.806591582045153,"cogn_se_lv"
"13234","AP000919.2","Exc L5/6 IT Car3",-0.0437065193090479,1.47527225237533,0.657477392071852,0.417968062033982,0.765438936199468,0.817812105094077,"cogn_se_lv"
"13235","MYOM1","Exc L5/6 IT Car3",0.000233478663180225,3.71905123034481,7.42921290294496e-05,0.99312748786105,0.999242764926216,0.999870711362408,"cogn_se_lv"
"13236","AP005329.2","Exc L5/6 IT Car3",0.0486398810947145,1.70979330922867,0.909992846132668,0.340732987736646,0.710098850655635,0.767668460921,"cogn_se_lv"
"13237","MYL12A","Exc L5/6 IT Car3",-0.0564224933660158,2.09423915827816,1.89322753279834,0.169662423813007,0.556681238646118,0.607561549756114,"cogn_se_lv"
"13238","MYL12B","Exc L5/6 IT Car3",-0.0321087644077181,5.31430980152617,1.41330460078638,0.235263517581937,0.622756370069832,0.680306492223881,"cogn_se_lv"
"13239","TGIF1","Exc L5/6 IT Car3",-0.0344806673435391,2.69017804438536,1.17546213697491,0.278980773743971,0.660770795478599,0.720621807660392,"cogn_se_lv"
"13240","DLGAP1","Exc L5/6 IT Car3",-0.00509018782466701,10.8542508406679,0.261656030491207,0.6092868449617,0.869396553735584,0.908705597270848,"cogn_se_lv"
"13241","DLGAP1-AS1","Exc L5/6 IT Car3",0.0014798337890975,2.20179579649962,0.0011481591388771,0.972987347837991,0.998267578294294,0.999348346445079,"cogn_se_lv"
"13242","DLGAP1-AS3","Exc L5/6 IT Car3",-0.00931191085634048,2.82314810110761,0.0982681887139309,0.754092763177004,0.936634119349492,0.96036970408283,"cogn_se_lv"
"13243","DLGAP1-AS4","Exc L5/6 IT Car3",-0.00506705226848629,7.56132000254289,0.129967357310376,0.718669583903413,0.920236699914595,0.949314078344143,"cogn_se_lv"
"13244","DLGAP1-AS5","Exc L5/6 IT Car3",0.0501365414480585,1.7998546271279,1.07117408241381,0.301349718373447,0.678932693571339,0.739630929412109,"cogn_se_lv"
"13245","AP005203.1","Exc L5/6 IT Car3",0.00983765350562256,1.71440417317877,0.0372499113091588,0.847061975321534,0.970988236489561,0.983011207039676,"cogn_se_lv"
"13246","LINC00667","Exc L5/6 IT Car3",0.00950954681801928,4.68405504632573,0.383338725128311,0.763961819017996,0.941167215918009,0.963109513946564,"cogn_se_lv"
"13247","ZBTB14","Exc L5/6 IT Car3",0.00278584587258414,2.40569810171145,0.0086751935974371,0.925841685496326,0.991421064555278,0.995483829796552,"cogn_se_lv"
"13248","AP005671.1","Exc L5/6 IT Car3",0.0354226091920172,2.30084712118462,1.08008023369223,0.299351593869971,0.676917505521024,0.737590025291516,"cogn_se_lv"
"13249","EPB41L3","Exc L5/6 IT Car3",0.0131240666569143,6.61962707760978,1.07551073442045,0.30037463147175,0.678408078698151,0.738714589316044,"cogn_se_lv"
"13250","TMEM200C","Exc L5/6 IT Car3",-0.066904904734355,1.93187148184189,1.84292840778441,0.175427376074484,0.562492655817271,0.614614853201822,"cogn_se_lv"
"13251","AP005433.1","Exc L5/6 IT Car3",-0.0319926973376875,2.17816768853449,0.492162229250106,0.483401046407348,0.802169611459778,0.850797386629827,"cogn_se_lv"
"13252","L3MBTL4","Exc L5/6 IT Car3",-0.0130841883913777,5.14193038069763,0.0924176544672624,0.761295028770903,0.940466406548739,0.962224768109778,"cogn_se_lv"
"13253","AP001021.2","Exc L5/6 IT Car3",0.0220154072357495,1.57786132518383,0.119730492602555,0.729521710548736,0.925064250792294,0.953077699179503,"cogn_se_lv"
"13254","ARHGAP28","Exc L5/6 IT Car3",0.0238036965125548,3.16693607355467,0.551393292900107,0.458215478524033,0.788028655907772,0.839368942226612,"cogn_se_lv"
"13255","LAMA1","Exc L5/6 IT Car3",0.0571124383584906,1.80776079899936,1.45802142950139,0.228008917503032,0.616974397950927,0.673497307357233,"cogn_se_lv"
"13256","PTPRM","Exc L5/6 IT Car3",-0.00646479326959118,5.89018336614874,0.127393323860218,0.721351659330757,0.921768943284289,0.950310994879253,"cogn_se_lv"
"13257","RAB12","Exc L5/6 IT Car3",-0.0100602355977811,6.57113140069436,0.442153728488655,0.506494935947126,0.816298421614546,0.862431113340019,"cogn_se_lv"
"13258","GACAT2","Exc L5/6 IT Car3",0.044441059561004,2.15883940926998,1.44549560728263,0.230013411216163,0.619071574163407,0.675982083257945,"cogn_se_lv"
"13259","MTCL1","Exc L5/6 IT Car3",0.0133719747542317,6.93969782689594,0.949420978446603,0.330497061487488,0.700502654771029,0.761080446149051,"cogn_se_lv"
"13260","NDUFV2","Exc L5/6 IT Car3",-0.0301975141128861,5.16363385879458,4.11384906349161,0.0432423390148981,0.339887434851523,0.358227852809133,"cogn_se_lv"
"13261","NDUFV2-AS1","Exc L5/6 IT Car3",-0.0199005168267511,3.45164539181271,0.619390328376729,0.431772795123298,0.77353077346411,0.825186603012968,"cogn_se_lv"
"13262","ANKRD12","Exc L5/6 IT Car3",-0.0194689011378858,8.46613466710263,3.93377103156763,0.0480572917516226,0.353049189458432,0.372654702339122,"cogn_se_lv"
"13263","AP001033.1","Exc L5/6 IT Car3",0.0431937228129716,2.37977930078332,1.68760665463669,0.194717747735469,0.583090189119214,0.636757923397453,"cogn_se_lv"
"13264","TWSG1","Exc L5/6 IT Car3",0.0222659370615661,5.66916969528235,3.27182133767483,0.0712829481345795,0.408039497617263,0.438145346322133,"cogn_se_lv"
"13265","RALBP1","Exc L5/6 IT Car3",-0.0125293006213171,6.2546090950681,1.16887903830832,0.280328929604109,0.66157290820275,0.721936046836904,"cogn_se_lv"
"13266","PPP4R1","Exc L5/6 IT Car3",0.00190741031457696,5.84469607930592,0.0280263821009823,0.867137374177005,0.976386024918357,0.986852254670782,"cogn_se_lv"
"13267","RAB31","Exc L5/6 IT Car3",0.0168315916181728,4.41745077689657,0.528599488615173,0.467651491127064,0.792725679969767,0.843895579963762,"cogn_se_lv"
"13268","VAPA","Exc L5/6 IT Car3",-0.020946249799434,6.96799283168224,3.803523762726,0.0518922041193556,0.360551251194981,0.384933882108939,"cogn_se_lv"
"13269","NAPG","Exc L5/6 IT Car3",-0.0118995198338322,6.28939960606836,1.12536670379001,0.289450957459467,0.669067322814839,0.729157073883649,"cogn_se_lv"
"13270","AP001099.1","Exc L5/6 IT Car3",-0.00367978492551104,1.89301541820216,0.00500889663486919,0.943615837127719,0.994804925328349,0.997626386519645,"cogn_se_lv"
"13271","PIEZO2","Exc L5/6 IT Car3",0.0553692861675034,2.32978309551039,2.13414942684945,0.144890655212691,0.520632076517234,0.57360374836053,"cogn_se_lv"
"13272","GNAL","Exc L5/6 IT Car3",0.0307078113895848,6.82840152796147,1.87450347065084,0.171782535683367,0.558338590109191,0.609915352181096,"cogn_se_lv"
"13273","MPPE1","Exc L5/6 IT Car3",0.0190408567410564,5.19407188070632,1.47244193783807,0.225727252806333,0.614809076323009,0.671245550399879,"cogn_se_lv"
"13274","IMPA2","Exc L5/6 IT Car3",0.0404538177598509,2.78003012842675,1.78568709543261,0.182265672485972,0.569390804983324,0.622492448263092,"cogn_se_lv"
"13275","ANKRD62","Exc L5/6 IT Car3",-0.0205133592458229,2.92302126921085,0.323806571694471,0.569670824459029,0.848436766038092,0.890922651809509,"cogn_se_lv"
"13276","CIDEA","Exc L5/6 IT Car3",-0.0131909601107819,3.56926696271235,0.315826075889467,0.574463812180436,0.85075039159516,0.893310580839291,"cogn_se_lv"
"13277","TUBB6","Exc L5/6 IT Car3",-0.00663509302423904,2.9180154137415,0.0366831003390286,0.848215716965078,0.971136553429121,0.983082402401277,"cogn_se_lv"
"13278","AFG3L2","Exc L5/6 IT Car3",0.0150141765326804,5.25748489877256,1.67910199681682,0.195843644982983,0.584257138953203,0.637817039945146,"cogn_se_lv"
"13279","PRELID3A","Exc L5/6 IT Car3",0.0417592058075251,4.64645174271839,7.01114331291742,0.00844349986028816,0.193475605776656,0.177696348202071,"cogn_se_lv"
"13280","SPIRE1","Exc L5/6 IT Car3",0.00406268843434698,8.06219607785996,0.181243470291377,0.670551885727368,0.896973919231145,0.932341063099299,"cogn_se_lv"
"13281","PSMG2","Exc L5/6 IT Car3",0.00774079766782545,6.14756407129804,0.467492763754843,0.49456663965029,0.808946815200123,0.856596458746896,"cogn_se_lv"
"13282","CEP76","Exc L5/6 IT Car3",-0.0167915901078898,4.28442234016537,1.0259596945335,0.311764909607186,0.687065123127142,0.748445788890385,"cogn_se_lv"
"13283","PTPN2","Exc L5/6 IT Car3",0.00953128914393946,6.25036025644839,0.814215569650325,0.427276614883728,0.771534330993848,0.823232077472915,"cogn_se_lv"
"13284","SEH1L","Exc L5/6 IT Car3",0.00836219134001859,4.30009327499345,0.318628756205917,0.857102915227322,0.973621837474622,0.985042703106956,"cogn_se_lv"
"13285","CEP192","Exc L5/6 IT Car3",0.0291283493046525,6.63716222488449,4.48269777826846,0.034899804392357,0.314897934852847,0.327868593610178,"cogn_se_lv"
"13286","LDLRAD4","Exc L5/6 IT Car3",0.00650424573932069,5.1581296783716,0.071584807573583,0.789190738621755,0.950735457329848,0.969979082747597,"cogn_se_lv"
"13287","FAM210A","Exc L5/6 IT Car3",0.0293807226362889,4.30741989973453,3.21074661663019,0.073965067590203,0.413387076509406,0.445061500115152,"cogn_se_lv"
"13288","RNMT","Exc L5/6 IT Car3",0.000202816086922401,6.32343561597685,0.000398431419732523,0.984085339483805,0.998390354534415,0.999870711362408,"cogn_se_lv"
"13289","ZNF519","Exc L5/6 IT Car3",0.00118793276489442,6.38073413317953,0.00800329190662049,0.928763380760289,0.991644887442834,0.995925713518617,"cogn_se_lv"
"13290","ANKRD30B","Exc L5/6 IT Car3",0.0326934429386497,6.94762635356529,3.48761982107093,0.0626120776813493,0.387766549503407,0.416629866536242,"cogn_se_lv"
"13291","AP006565.1","Exc L5/6 IT Car3",-0.0744352036368923,1.87374972181769,3.38472078614951,0.0665963415151249,0.396180013883947,0.4264587542114,"cogn_se_lv"
"13292","AP005121.1","Exc L5/6 IT Car3",0.0661985582963447,2.58975628241577,2.67533408087124,0.102755934786253,0.462266540882911,0.503186465079869,"cogn_se_lv"
"13293","LINC01443","Exc L5/6 IT Car3",-0.0159868552871544,2.1677964597064,0.143401966921164,0.705137208956031,0.912777649832764,0.94514897658014,"cogn_se_lv"
"13294","AP005242.1","Exc L5/6 IT Car3",-0.0576591197291989,1.7636659221879,1.48556066168016,0.223675406608713,0.612738431418316,0.669165378134265,"cogn_se_lv"
"13295","AP005901.2","Exc L5/6 IT Car3",-0.0409690715843089,2.85574380756835,1.13011403990569,0.288437526494148,0.668230247289619,0.728488324354528,"cogn_se_lv"
"13296","ROCK1","Exc L5/6 IT Car3",-0.0223439546310442,6.8935463745171,3.9774920976702,0.0468383292809306,0.350677639628557,0.368527368059377,"cogn_se_lv"
"13297","GREB1L","Exc L5/6 IT Car3",-0.0190362909521916,3.60693805837461,0.31674690942063,0.57390672258709,0.850416374024197,0.893004145726629,"cogn_se_lv"
"13298","ESCO1","Exc L5/6 IT Car3",0.00562584284298926,5.53144703965511,0.243690002729759,0.725703727513714,0.924234676668431,0.951911617990503,"cogn_se_lv"
"13299","SNRPD1","Exc L5/6 IT Car3",-0.0133389125760118,4.4295987824032,0.429078355315241,0.512844552682188,0.818419687003898,0.865404557509725,"cogn_se_lv"
"13300","ABHD3","Exc L5/6 IT Car3",0.0372714837004176,4.32192440579621,1.46399374785558,0.227060598825693,0.615981423572611,0.672322154892911,"cogn_se_lv"
"13301","MIB1","Exc L5/6 IT Car3",-0.00710359404687837,7.08077462127452,0.42532555431537,0.514692540014372,0.819104354843558,0.8663888464673,"cogn_se_lv"
"13302","AC090912.1","Exc L5/6 IT Car3",0.0447511402782005,2.48205460154375,1.85414614637191,0.174122330532139,0.560850286079869,0.612676316486566,"cogn_se_lv"
"13303","RBBP8","Exc L5/6 IT Car3",0.0404138680799878,4.42518825623299,5.65273355521292,0.0179306543811535,0.254311769318817,0.247120921481346,"cogn_se_lv"
"13304","CABLES1","Exc L5/6 IT Car3",0.00418599399413714,5.86440749477132,0.0505034774602873,0.822312326352855,0.963149627371847,0.97769553220176,"cogn_se_lv"
"13305","TMEM241","Exc L5/6 IT Car3",0.0373920995728914,7.07720199404129,5.77510681687817,0.0167414172537844,0.246319705101091,0.240453936406113,"cogn_se_lv"
"13306","RIOK3","Exc L5/6 IT Car3",0.0115708006051794,5.38182956983614,1.11784204624615,0.291066611672891,0.670536939842116,0.730414397087227,"cogn_se_lv"
"13307","RMC1","Exc L5/6 IT Car3",0.00262187416270388,4.5367314027755,0.042018942130691,0.837695281099677,0.967527926809497,0.980928623640287,"cogn_se_lv"
"13308","NPC1","Exc L5/6 IT Car3",-0.0135509609955327,5.43668789728878,1.12633789100244,0.364896772785492,0.727470728788796,0.78478475760624,"cogn_se_lv"
"13309","ANKRD29","Exc L5/6 IT Car3",-0.026432347180918,3.36551209293486,0.850319564433694,0.357056934569098,0.72215560740022,0.779422363786896,"cogn_se_lv"
"13310","LAMA3","Exc L5/6 IT Car3",-0.0705133572374256,2.79982179532077,4.80834937794851,0.0289380642972768,0.300510667702489,0.30301463129331,"cogn_se_lv"
"13311","TTC39C","Exc L5/6 IT Car3",-0.0307802299185651,7.339570613887,6.56458198934707,0.010794141569554,0.213179377869315,0.198459446483254,"cogn_se_lv"
"13312","AC090772.2","Exc L5/6 IT Car3",-0.0846161101982903,2.36082825458633,4.16622413016,0.0419397245360188,0.336180248199134,0.354149787302671,"cogn_se_lv"
"13313","AC090772.1","Exc L5/6 IT Car3",-0.0775390479177283,1.85706042145025,2.33302824043108,0.127501255184934,0.497214837075747,0.546613930469907,"cogn_se_lv"
"13314","CABYR","Exc L5/6 IT Car3",0.0333902048091654,3.92560424515513,3.02602550183467,0.0827619126725795,0.428280375262609,0.465136729135902,"cogn_se_lv"
"13315","OSBPL1A","Exc L5/6 IT Car3",-0.00647369719567699,7.65272381539247,0.208506693263294,0.648205673516792,0.886865248851835,0.924215492929988,"cogn_se_lv"
"13316","IMPACT","Exc L5/6 IT Car3",-0.00146743442699194,3.34085350716496,0.004436007780486,0.998215913984225,0.999465900469295,0.999954262357359,"cogn_se_lv"
"13317","AC018697.1","Exc L5/6 IT Car3",-0.092412060313899,1.55106194964907,2.70399069901131,0.100938389156945,0.458512930674551,0.499782518003283,"cogn_se_lv"
"13318","ZNF521","Exc L5/6 IT Car3",-0.0372078092824471,4.06455505510718,2.51641414975704,0.113512341856993,0.479405856525556,0.522760410658735,"cogn_se_lv"
"13319","SS18","Exc L5/6 IT Car3",-0.010246950769658,5.52138170605969,0.601314538297106,0.438567366771705,0.776072565435536,0.828824273935837,"cogn_se_lv"
"13320","TAF4B","Exc L5/6 IT Car3",0.0297089089922641,5.51282076517319,4.60997212748566,0.0324294927042209,0.309343568274808,0.317993006103787,"cogn_se_lv"
"13321","KCTD1","Exc L5/6 IT Car3",-0.00843876460462938,8.69527801009932,0.594919266494498,0.441010600074151,0.776802315625946,0.830122384297917,"cogn_se_lv"
"13322","AQP4-AS1","Exc L5/6 IT Car3",0.0132949065492394,8.00671327942156,0.549056941573505,0.459168661590246,0.788243803890004,0.839619082513979,"cogn_se_lv"
"13323","AQP4","Exc L5/6 IT Car3",-0.025180345521615,2.42865128441,0.42992055303524,0.512431417838164,0.818419687003898,0.865237414315912,"cogn_se_lv"
"13324","CHST9","Exc L5/6 IT Car3",-0.00827662292171675,3.29186724908115,0.0490867476453516,0.824781112433097,0.964248646577592,0.978239101024364,"cogn_se_lv"
"13325","AC090403.1","Exc L5/6 IT Car3",0.0913754735893333,1.77141506728082,3.09172350117022,0.07951001678507,0.421225183587686,0.457990547403847,"cogn_se_lv"
"13326","CDH2","Exc L5/6 IT Car3",-0.00284825871467175,8.92972169076953,0.0621124023727565,0.803324758071002,0.955659316839261,0.973737976661521,"cogn_se_lv"
"13327","DSCAS","Exc L5/6 IT Car3",0.0974269646169126,1.83817923440007,3.16425842473565,0.0760794775649563,0.416677281040811,0.450205835118027,"cogn_se_lv"
"13328","DSG1-AS1","Exc L5/6 IT Car3",0.0769516676588821,1.68658351284505,2.61648296306968,0.106602398418766,0.468654730319282,0.510678241623012,"cogn_se_lv"
"13329","B4GALT6","Exc L5/6 IT Car3",0.00573028766188187,5.4148831230301,0.234309723957966,0.628630046082759,0.878152787491429,0.917257683534576,"cogn_se_lv"
"13330","TRAPPC8","Exc L5/6 IT Car3",-0.0100748365503714,6.14755343447713,0.676390832614743,0.411356791172958,0.761735172199714,0.814149390711407,"cogn_se_lv"
"13331","AC009831.1","Exc L5/6 IT Car3",0.0763977202030271,2.00132597851279,3.04838847371623,0.0816391106259795,0.425408435055331,0.462883254682753,"cogn_se_lv"
"13332","RNF125","Exc L5/6 IT Car3",0.015255584011324,1.86080495339296,0.119060315082639,0.730250034198419,0.925604180890752,0.953339087011232,"cogn_se_lv"
"13333","RNF138","Exc L5/6 IT Car3",0.0286670954523747,4.90317870855767,3.99054881283436,0.0464806849818571,0.349286006772842,0.367511988458727,"cogn_se_lv"
"13334","GAREM1","Exc L5/6 IT Car3",0.0415478261520192,6.00790919011803,4.47489484826104,0.0350575414806882,0.315485502229919,0.328641809709523,"cogn_se_lv"
"13335","MEP1B","Exc L5/6 IT Car3",0.071747223305624,1.70371864003135,1.71753729799299,0.190815277663072,0.578240559961889,0.632050393231505,"cogn_se_lv"
"13336","AC025887.2","Exc L5/6 IT Car3",0.115732976889142,3.78754109359748,10.5116674847589,0.00129285176662116,0.0898351696563956,0.073042056527601,"cogn_se_lv"
"13337","CCDC178","Exc L5/6 IT Car3",-0.0165932202318159,2.24844746269985,0.142368877925448,0.706151493492172,0.913479993682822,0.945419702630762,"cogn_se_lv"
"13338","ASXL3","Exc L5/6 IT Car3",-0.00368261017181642,6.00787681127437,0.0620645697164065,0.803398943938878,0.955659316839261,0.973741438995415,"cogn_se_lv"
"13339","NOL4","Exc L5/6 IT Car3",-0.0116172183574605,7.16704411850821,0.884336267934988,0.347624251690284,0.715700650197033,0.772697473347681,"cogn_se_lv"
"13340","DTNA","Exc L5/6 IT Car3",-0.0215219797419024,8.10166475852914,2.38433831284231,0.123403202999604,0.492748863359404,0.540402930408149,"cogn_se_lv"
"13341","MAPRE2","Exc L5/6 IT Car3",-0.0102201955398494,7.68470165886643,1.10079123960578,0.294770617739711,0.672929139961069,0.733590647357159,"cogn_se_lv"
"13342","ZNF397","Exc L5/6 IT Car3",-0.00812620240874718,4.72443624097063,0.408397684000064,0.523175429166099,0.82193444823053,0.869995018702449,"cogn_se_lv"
"13343","ZSCAN30","Exc L5/6 IT Car3",0.017199523736062,4.61815764713182,1.10333924397399,0.294213279971324,0.672512011030238,0.733207358878699,"cogn_se_lv"
"13344","AC011815.2","Exc L5/6 IT Car3",-0.0213927541721214,1.73575055027735,0.206770030603472,0.649574933988779,0.88742216518162,0.924523001809494,"cogn_se_lv"
"13345","ZNF24","Exc L5/6 IT Car3",-0.0116237165541198,5.09949942225099,0.704816865212841,0.401706658738128,0.755039750608181,0.808322084340949,"cogn_se_lv"
"13346","GALNT1","Exc L5/6 IT Car3",-0.00700770349912824,6.08249969254171,0.276647770722915,0.599218858033264,0.863966481649984,0.904388273949132,"cogn_se_lv"
"13347","C18orf21","Exc L5/6 IT Car3",0.0101452508258747,2.7845119407744,0.146429880294173,0.702188273595652,0.911206883480392,0.944023154377948,"cogn_se_lv"
"13348","RPRD1A","Exc L5/6 IT Car3",0.00301257653418569,7.10030509784136,0.147793886086283,0.987564004584567,0.998463410232327,0.999870711362408,"cogn_se_lv"
"13349","SLC39A6","Exc L5/6 IT Car3",0.00160647683312654,4.08729906670632,0.00760646988768192,0.930547270800638,0.991816455834028,0.995925713518617,"cogn_se_lv"
"13350","ELP2","Exc L5/6 IT Car3",0.0285781233289949,6.61342121041969,7.42958009230796,0.00671798210018677,0.175601242043721,0.159873359763884,"cogn_se_lv"
"13351","MOCOS","Exc L5/6 IT Car3",-0.00562709606711829,1.72637822951263,0.0142400983566591,0.905076552297878,0.987810604126722,0.992863052470729,"cogn_se_lv"
"13352","FHOD3","Exc L5/6 IT Car3",-0.00376470601073125,8.02624164672945,0.0367392682112926,0.848100976754122,0.971136553429121,0.983053463871675,"cogn_se_lv"
"13353","TPGS2","Exc L5/6 IT Car3",0.000678093730380746,5.58046813656798,0.00378772922643755,0.950958455473558,0.995256758227681,0.997812082636113,"cogn_se_lv"
"13354","KIAA1328","Exc L5/6 IT Car3",0.00842302411406422,6.95494550222119,0.436302790384543,0.509319340231157,0.817087552547132,0.863660431533045,"cogn_se_lv"
"13355","CELF4","Exc L5/6 IT Car3",0.00855525094719255,8.72294247882277,0.62862443224685,0.428363432345899,0.77189630869187,0.823603357255014,"cogn_se_lv"
"13356","AC015961.2","Exc L5/6 IT Car3",0.0254097445665112,2.24071345856024,0.454998081625614,0.500388049127294,0.812595977215263,0.859287420711849,"cogn_se_lv"
"13357","AC016205.1","Exc L5/6 IT Car3",-0.00266838203734984,3.58756495863635,0.00450324015593625,0.946533059773311,0.994804925328349,0.99765067862557,"cogn_se_lv"
"13358","LINC01902","Exc L5/6 IT Car3",-0.026830891308827,3.99162531890913,1.20890275361566,0.272257389364547,0.654489413045982,0.715150431289501,"cogn_se_lv"
"13359","PIK3C3","Exc L5/6 IT Car3",-0.00150983612031255,7.06775840977411,0.0208337666671059,0.885310542416064,0.983228165152298,0.989514837593337,"cogn_se_lv"
"13360","LINC00907","Exc L5/6 IT Car3",0.00338621068267427,4.51706603009296,0.0178597296329379,0.893758958250734,0.9857013440361,0.991154441361063,"cogn_se_lv"
"13361","RIT2","Exc L5/6 IT Car3",0.0112025209332811,8.97239257567436,0.500258988712685,0.479827204105202,0.800231975637088,0.849447799254748,"cogn_se_lv"
"13362","SYT4","Exc L5/6 IT Car3",-0.0336765209301197,6.97257401061859,3.95622790751871,0.0474270410216395,0.352207238869669,0.370619099453488,"cogn_se_lv"
"13363","LINC01478","Exc L5/6 IT Car3",0.00819211608724017,1.60001252109139,0.0164230980310918,0.898097122733631,0.986715578313859,0.992164474469188,"cogn_se_lv"
"13364","SETBP1","Exc L5/6 IT Car3",0.0186392574884651,9.4270910231518,1.80713670425918,0.179667609893535,0.566621738397059,0.619827632437299,"cogn_se_lv"
"13365","SLC14A2","Exc L5/6 IT Car3",0.0438320485536731,3.53484613646064,2.1316929496715,0.145121525397096,0.520975105169422,0.573815830386379,"cogn_se_lv"
"13366","SLC14A2-AS1","Exc L5/6 IT Car3",-0.0461347973937052,2.88353932594424,1.7116355421854,0.191577464306222,0.579302759545118,0.63304777162012,"cogn_se_lv"
"13367","AC023421.2","Exc L5/6 IT Car3",0.0881806311534675,2.43541541096746,5.51281549889332,0.0193984222138274,0.263264301473371,0.256960427351925,"cogn_se_lv"
"13368","EPG5","Exc L5/6 IT Car3",0.0134892625143085,6.06140830009095,1.5587310419816,0.212632764849266,0.600714176699238,0.656533123856451,"cogn_se_lv"
"13369","PSTPIP2","Exc L5/6 IT Car3",0.00209321497946558,1.85512572732511,0.0025046849655878,0.960111811804598,0.997053628956036,0.998555548513014,"cogn_se_lv"
"13370","ATP5F1A","Exc L5/6 IT Car3",-0.0455313214352992,6.00554024979502,4.52765586031076,0.0340053730207795,0.312717124772328,0.324416460204931,"cogn_se_lv"
"13371","HAUS1","Exc L5/6 IT Car3",0.0531876070576342,3.27350887847665,5.85852817307378,0.0159778126335317,0.242264567911383,0.235629446704453,"cogn_se_lv"
"13372","C18orf25","Exc L5/6 IT Car3",0.0110973640315227,5.85143652651656,0.59681667065323,0.440283539616992,0.776403982764389,0.829784202792321,"cogn_se_lv"
"13373","RNF165","Exc L5/6 IT Car3",0.0580581333493081,6.27985138872905,11.9612207485278,0.000605799905603884,0.0609363434460377,0.0491507749794501,"cogn_se_lv"
"13374","LOXHD1","Exc L5/6 IT Car3",-0.139488915465312,2.49993075487226,10.5072390855233,0.00129586794436126,0.0898351696563956,0.073042056527601,"cogn_se_lv"
"13375","ST8SIA5","Exc L5/6 IT Car3",0.00380718876315684,8.3018468104595,0.110779380683171,0.739445211355917,0.930782115216792,0.956250622930021,"cogn_se_lv"
"13376","AC090241.3","Exc L5/6 IT Car3",-0.00497402377465245,2.06696482312474,0.019184415028883,0.889913703564103,0.985023870674018,0.990504300467474,"cogn_se_lv"
"13377","PIAS2","Exc L5/6 IT Car3",0.0127976102646248,7.21612281546201,1.56913714325171,0.211115722010079,0.598585727280052,0.65470328836298,"cogn_se_lv"
"13378","KATNAL2","Exc L5/6 IT Car3",0.0490743763320149,4.52503689099681,3.93096854631915,0.0481365639721904,0.353049189458432,0.372946251458453,"cogn_se_lv"
"13379","HDHD2","Exc L5/6 IT Car3",-0.0308496329179127,3.23016629404997,1.40636561793072,0.236414181658633,0.623282342725853,0.681275948424082,"cogn_se_lv"
"13380","SMAD2","Exc L5/6 IT Car3",0.00505223678976674,6.2534091890517,0.228602043246718,0.632841924620118,0.881178289998474,0.918852957657431,"cogn_se_lv"
"13381","ZBTB7C","Exc L5/6 IT Car3",-0.0368275565486872,4.88548307701001,1.90537139453053,0.168303492296932,0.554407265935314,0.605425413667368,"cogn_se_lv"
"13382","CTIF","Exc L5/6 IT Car3",0.00464416714816243,6.45848432192177,0.147918213861329,0.700751567116582,0.910350279594577,0.94349625873033,"cogn_se_lv"
"13383","SMAD7","Exc L5/6 IT Car3",-0.0311592196828539,2.70410186402146,1.1030020170284,0.294286965594899,0.672568518043583,0.733281551339312,"cogn_se_lv"
"13384","DYM","Exc L5/6 IT Car3",0.0178717529964537,7.51846546602527,2.28693679287491,0.131312424976493,0.501798428608328,0.553458036381947,"cogn_se_lv"
"13385","AC016866.2","Exc L5/6 IT Car3",-0.0733703211402554,1.41993270246775,1.73958721139119,0.187998830349182,0.575062928090689,0.629086344845857,"cogn_se_lv"
"13386","C18orf32","Exc L5/6 IT Car3",-0.0164441466473684,2.91650370275177,0.368871445175948,0.69207198560073,0.905224673072746,0.940223363682234,"cogn_se_lv"
"13387","SNHG22","Exc L5/6 IT Car3",0.0323279346044371,4.44228227947725,2.28643360568076,0.131354729506687,0.501798428608328,0.553490564370502,"cogn_se_lv"
"13388","MYO5B","Exc L5/6 IT Car3",0.06448619118978,1.41067785681474,1.40710078388541,0.236291948675622,0.623140686898157,0.681275948424082,"cogn_se_lv"
"13389","CFAP53","Exc L5/6 IT Car3",-0.0130420203774571,2.8623387858693,0.16167925913716,0.687845039133233,0.902774616430194,0.93891198972473,"cogn_se_lv"
"13390","MBD1","Exc L5/6 IT Car3",-0.0183179425261033,4.77215635698028,2.24108687188896,0.1352306549515,0.507114956068126,0.55903727641132,"cogn_se_lv"
"13391","CXXC1","Exc L5/6 IT Car3",-0.01397274161079,4.2105454775551,0.526195017149791,0.468664987584973,0.793695802808873,0.84437967250922,"cogn_se_lv"
"13392","MAPK4","Exc L5/6 IT Car3",0.0426628737096209,5.56185249472868,3.54379474038766,0.0605453147409008,0.382666280847007,0.410795357660343,"cogn_se_lv"
"13393","ME2","Exc L5/6 IT Car3",0.0360630574384208,5.73401724255909,8.94019630361302,0.00297435363189571,0.127839259509259,0.10754012642278,"cogn_se_lv"
"13394","AC091551.1","Exc L5/6 IT Car3",0.0070472472091698,3.39845824941824,0.0842475934199944,0.771782658839344,0.944065102934226,0.965071735515276,"cogn_se_lv"
"13395","SMAD4","Exc L5/6 IT Car3",-0.0195766462194681,4.76780583875613,1.91995207336885,0.166688381243274,0.552040926906387,0.603349160509009,"cogn_se_lv"
"13396","MEX3C","Exc L5/6 IT Car3",0.0158704190009561,3.71391634847759,0.682911855200899,0.409113171822032,0.760233242494695,0.812703559933918,"cogn_se_lv"
"13397","LINC01630","Exc L5/6 IT Car3",0.0694815108950112,3.32963494443035,3.3043570086588,0.0698970298267229,0.404074767840821,0.434673210523038,"cogn_se_lv"
"13398","DCC","Exc L5/6 IT Car3",-0.0942928451214951,3.78605828765341,3.81575594303,0.0515185965323435,0.35981631126162,0.383819397340387,"cogn_se_lv"
"13399","AC103949.1","Exc L5/6 IT Car3",-0.0482991329067523,1.81286492202255,0.9540684918,0.329317767252864,0.700221116057139,0.760478358178686,"cogn_se_lv"
"13400","MBD2","Exc L5/6 IT Car3",-0.00726852743958064,6.31926883821168,0.414957104975123,0.51985933702196,0.820971047083305,0.868540151239868,"cogn_se_lv"
"13401","POLI","Exc L5/6 IT Car3",0.00652753902680212,4.46468027207131,0.138129515021557,0.710358305084758,0.915459245960009,0.946901911495532,"cogn_se_lv"
"13402","STARD6","Exc L5/6 IT Car3",0.103457551732714,1.61936537632555,4.76840324736274,0.0296080556313309,0.303197430030341,0.30601529830833,"cogn_se_lv"
"13403","RAB27B","Exc L5/6 IT Car3",0.0203530891140036,3.58903247511993,0.355969846188088,0.551114326937037,0.837805301645433,0.882569164329188,"cogn_se_lv"
"13404","TCF4","Exc L5/6 IT Car3",-0.0254552157374833,9.0660235116827,6.88236567547324,0.00906158706436707,0.198657870257278,0.182847903864925,"cogn_se_lv"
"13405","TCF4-AS1","Exc L5/6 IT Car3",0.0420961787029853,2.28605794879146,0.858290950986954,0.354815351647142,0.720732419377907,0.777535524367132,"cogn_se_lv"
"13406","AC022031.2","Exc L5/6 IT Car3",0.0300043456482839,1.85281048214625,0.389895201633469,0.532735536429101,0.826852127109796,0.874052106103412,"cogn_se_lv"
"13407","TXNL1","Exc L5/6 IT Car3",-0.0242933491128943,6.06740917393258,4.97521544780579,0.0263061224434507,0.293064283242318,0.291076845320155,"cogn_se_lv"
"13408","WDR7","Exc L5/6 IT Car3",-0.00294944355634889,8.13165280311651,0.105199401442815,0.745858659588236,0.933596030449178,0.958035603466458,"cogn_se_lv"
"13409","ST8SIA3","Exc L5/6 IT Car3",-0.0237759964147021,7.00273299545521,2.53388332044708,0.11227124898113,0.476814477344217,0.520832817688465,"cogn_se_lv"
"13410","ONECUT2","Exc L5/6 IT Car3",-0.0143199401019486,4.18056057261453,0.135940944144511,0.712558883378245,0.917143197724446,0.947767423822927,"cogn_se_lv"
"13411","FECH","Exc L5/6 IT Car3",0.01944179884009,4.84715749510922,1.98758787704304,0.159425070068569,0.541327839355734,0.593861645341767,"cogn_se_lv"
"13412","NARS","Exc L5/6 IT Car3",-0.02794850281182,5.61961537907283,3.3472122937887,0.0681155615412866,0.399363866700125,0.430151700413272,"cogn_se_lv"
"13413","AC027097.2","Exc L5/6 IT Car3",0.031544946291138,4.55234233074578,0.79747228409097,0.372424929415434,0.732983977920264,0.789595447099723,"cogn_se_lv"
"13414","ATP8B1","Exc L5/6 IT Car3",0.0100513076661678,7.84326673270166,0.459182915387244,0.49842542358981,0.811549647592803,0.858302490459537,"cogn_se_lv"
"13415","NEDD4L","Exc L5/6 IT Car3",-0.0204028833390843,8.58598645582433,3.17073139278724,0.0757812014552455,0.416268274546679,0.449417953242013,"cogn_se_lv"
"13416","MALT1","Exc L5/6 IT Car3",0.00670585144908507,5.68022073668733,0.266562596670233,0.605952372318677,0.868278273580553,0.907332102885808,"cogn_se_lv"
"13417","AC104365.1","Exc L5/6 IT Car3",0.0463578610668746,2.42094297969549,1.10738209915021,0.293331738034156,0.672320126604493,0.732423180559108,"cogn_se_lv"
"13418","ZNF532","Exc L5/6 IT Car3",-0.000288891474739763,7.03017743138227,0.000439930399589363,0.983277178106285,0.998390354534415,0.999870711362408,"cogn_se_lv"
"13419","SEC11C","Exc L5/6 IT Car3",-0.00934524596344209,3.77450926474296,0.190804021737521,0.66250057803485,0.892929075495552,0.92954002427206,"cogn_se_lv"
"13420","LMAN1","Exc L5/6 IT Car3",0.00191035701615589,4.51676983349732,0.0151856731094856,0.901991093641843,0.987810604126722,0.992744989013678,"cogn_se_lv"
"13421","CCBE1","Exc L5/6 IT Car3",-0.0323836618323911,2.78455225663351,0.570784456152618,0.450423312280648,0.783309836908232,0.834787513139712,"cogn_se_lv"
"13422","AC113137.1","Exc L5/6 IT Car3",0.0258282066434222,3.17099486486105,0.507052677996234,0.476861857617292,0.799009688484499,0.848013024936144,"cogn_se_lv"
"13423","CDH20","Exc L5/6 IT Car3",0.0321869471252832,6.56447692863044,1.19714965518395,0.274596900529475,0.657136728214683,0.717358553593312,"cogn_se_lv"
"13424","AC105094.2","Exc L5/6 IT Car3",0.087571231975497,3.03010866787526,7.14297616146603,0.00785553278140425,0.188312538171046,0.171814491234264,"cogn_se_lv"
"13425","RNF152","Exc L5/6 IT Car3",0.0118087523669191,5.91384098637563,0.40177463735546,0.526561978904228,0.82380693863333,0.871282905206902,"cogn_se_lv"
"13426","PIGN","Exc L5/6 IT Car3",-0.000599408155475359,6.63996411484837,0.0025185323200571,0.960001793765165,0.997053628956036,0.998555548513014,"cogn_se_lv"
"13427","KIAA1468","Exc L5/6 IT Car3",-0.00392649975120743,7.36006064088443,0.153988530725746,0.69497627971858,0.90694123024221,0.941270067558297,"cogn_se_lv"
"13428","TNFRSF11A","Exc L5/6 IT Car3",0.0149455182777861,2.41444729214199,0.176472330852006,0.674664001669725,0.899144173196721,0.934103352703191,"cogn_se_lv"
"13429","ZCCHC2","Exc L5/6 IT Car3",0.014826241731306,6.18160234168971,1.31005282785998,0.253117691941414,0.636724628796726,0.697612299539173,"cogn_se_lv"
"13430","PHLPP1","Exc L5/6 IT Car3",0.0120808411158097,7.02832213360739,1.24830482766466,0.264594332945612,0.647702685546839,0.708430751547334,"cogn_se_lv"
"13431","BCL2","Exc L5/6 IT Car3",-0.00674366377019483,4.25663702084527,0.0516852934036811,0.820280594712861,0.962204142731016,0.977314362220712,"cogn_se_lv"
"13432","KDSR","Exc L5/6 IT Car3",0.010338507598731,4.74485992459631,0.610312495085331,0.921466156596564,0.990974669133532,0.994943800631454,"cogn_se_lv"
"13433","AC036176.1","Exc L5/6 IT Car3",-0.0158748406113464,2.41365071198186,0.211581078271141,0.870825633891546,0.97844255522002,0.987507506811145,"cogn_se_lv"
"13434","VPS4B","Exc L5/6 IT Car3",0.00958616595853869,5.35952640152156,0.77837337694089,0.921259990666646,0.99096186404192,0.994869484089853,"cogn_se_lv"
"13435","SERPINB8","Exc L5/6 IT Car3",-0.0452350681110085,1.91056844630459,1.17013722397747,0.280070629121139,0.661452144252327,0.7217810723101,"cogn_se_lv"
"13436","LINC01924","Exc L5/6 IT Car3",0.0635718756174452,1.60760966941902,1.09539363971614,0.295955748291261,0.674080060115806,0.734472137034462,"cogn_se_lv"
"13437","CDH7","Exc L5/6 IT Car3",0.0205226555589384,1.93752364002575,0.165812794849687,0.68409339922095,0.901848749589734,0.937565138026304,"cogn_se_lv"
"13438","DSEL","Exc L5/6 IT Car3",-0.061429481932262,2.93808315278921,3.81667647730691,0.0514905964892855,0.35981631126162,0.383713731308666,"cogn_se_lv"
"13439","AC114689.3","Exc L5/6 IT Car3",0.0314888094587348,3.86042424268565,1.10665992727925,0.293488958333923,0.672512011030238,0.732608934015064,"cogn_se_lv"
"13440","LINC01903","Exc L5/6 IT Car3",0.0682932674628865,2.6779922752816,2.90055526417127,0.0893805499413051,0.438777245166407,0.478619178397731,"cogn_se_lv"
"13441","AC068112.1","Exc L5/6 IT Car3",0.0288706643328188,1.9700229153642,0.326754290813797,0.56792022790111,0.847009623742425,0.889807961667905,"cogn_se_lv"
"13442","TMX3","Exc L5/6 IT Car3",-0.00487197845628977,5.90796780126595,0.203917028641352,0.651839511844221,0.887849374925441,0.925080919959252,"cogn_se_lv"
"13443","CCDC102B","Exc L5/6 IT Car3",0.0161054407191491,5.89888837337511,1.20985143804747,0.272069643692485,0.654140261900851,0.71479925460222,"cogn_se_lv"
"13444","DOK6","Exc L5/6 IT Car3",0.00214200332929516,8.04797328290967,0.0144674889190876,0.904325298176551,0.987810604126722,0.992777214734694,"cogn_se_lv"
"13445","AC119868.2","Exc L5/6 IT Car3",-0.021488526007327,3.19507858235442,0.242976826265329,0.622353841235077,0.8750796656557,0.914216870151405,"cogn_se_lv"
"13446","CD226","Exc L5/6 IT Car3",0.00839135215846742,3.32596643958713,0.0969133747589835,0.755739226501245,0.937418987440308,0.960919023070965,"cogn_se_lv"
"13447","RTTN","Exc L5/6 IT Car3",0.025324881636834,5.41859321710593,2.24850742759007,0.134587709348858,0.5059366992865,0.557785673327241,"cogn_se_lv"
"13448","SOCS6","Exc L5/6 IT Car3",0.0231645675897279,4.184070588408,1.99875884608434,0.158260616123427,0.540417185023175,0.592141134221319,"cogn_se_lv"
"13449","AC091691.2","Exc L5/6 IT Car3",-0.061820176341378,1.05580622017347,0.750375365146417,0.386913259271764,0.744510510151595,0.799510559367245,"cogn_se_lv"
"13450","LINC01899","Exc L5/6 IT Car3",-0.0949516364578273,1.21919523052346,1.69177936080081,0.194168119715404,0.582685161431792,0.636218573843382,"cogn_se_lv"
"13451","CBLN2","Exc L5/6 IT Car3",0.00392497650081022,9.15442304566741,0.0478376695068093,0.826988943898986,0.965029939006543,0.978745377942881,"cogn_se_lv"
"13452","NETO1","Exc L5/6 IT Car3",-0.022224971306778,8.18411958730038,2.57123454866613,0.109667639887427,0.472504193132,0.515767832112153,"cogn_se_lv"
"13453","AC091138.1","Exc L5/6 IT Car3",0.00104441360332248,5.3116283952126,0.00524122968199128,0.942325233103494,0.994742025604273,0.997626386519645,"cogn_se_lv"
"13454","AC090125.1","Exc L5/6 IT Car3",0.0552901631422099,3.90183546875167,2.30492020085228,0.129810471078165,0.500474253092376,0.551010041851338,"cogn_se_lv"
"13455","FBXO15","Exc L5/6 IT Car3",0.0406315644983206,3.53085785413943,2.36470780774556,0.124953452648224,0.493718520219812,0.542408015321238,"cogn_se_lv"
"13456","TIMM21","Exc L5/6 IT Car3",-0.0217143178291725,4.12669942920595,1.48556282030603,0.223675070837187,0.612738431418316,0.669165378134265,"cogn_se_lv"
"13457","CYB5A","Exc L5/6 IT Car3",0.0105014930990554,3.92516832047892,0.269676280339757,0.603856447117138,0.866997921553573,0.906318253172689,"cogn_se_lv"
"13458","CNDP2","Exc L5/6 IT Car3",-0.0242035337345793,4.51106903655506,1.62769828759308,0.202814186347465,0.589852164542185,0.645131655780025,"cogn_se_lv"
"13459","CNDP1","Exc L5/6 IT Car3",0.0121500033252806,1.77034831842491,0.056230090065951,0.812686781137887,0.959045669722624,0.976365470283287,"cogn_se_lv"
"13460","LINC00909","Exc L5/6 IT Car3",0.024225353217095,3.58309134619175,1.23119846584025,0.267887650175725,0.6511040644669,0.711396676496191,"cogn_se_lv"
"13461","ZNF407","Exc L5/6 IT Car3",-0.0136563000116187,6.4321745018073,0.856273438246626,0.35538085238141,0.721043444450855,0.778105505576119,"cogn_se_lv"
"13462","ZADH2","Exc L5/6 IT Car3",0.00918371501514167,5.26525568986721,0.41454419735575,0.520066984177978,0.820971047083305,0.868599671087134,"cogn_se_lv"
"13463","TSHZ1","Exc L5/6 IT Car3",0.0129395076267924,5.30147055173813,0.416843237854582,0.518912675523395,0.82093606869912,0.868128837740583,"cogn_se_lv"
"13464","ZNF516","Exc L5/6 IT Car3",-0.0481682660767149,3.77007101384412,1.88059898271378,0.17108901128844,0.557772399333489,0.609196350262591,"cogn_se_lv"
"13465","LINC00908","Exc L5/6 IT Car3",-0.0192140346655378,1.8485387431244,0.175519828122302,0.675492753259699,0.899176443999365,0.934455923058322,"cogn_se_lv"
"13466","LINC00683","Exc L5/6 IT Car3",-0.145908866380737,3.8671670121685,17.1171003994663,4.34514519095803e-05,0.0208974326527638,0.0114861467180318,"cogn_se_lv"
"13467","ZNF236-DT","Exc L5/6 IT Car3",0.00993722818701879,3.84154460966484,0.264666082821118,0.812520041222669,0.959045669722624,0.976276312900927,"cogn_se_lv"
"13468","ZNF236","Exc L5/6 IT Car3",0.0154886924886395,5.67626909764471,1.15888951870527,0.282390483360754,0.662539096936755,0.723366709411227,"cogn_se_lv"
"13469","MBP","Exc L5/6 IT Car3",-0.0368558226811547,3.98238074901398,1.39445888911745,0.238404612227838,0.624731052263313,0.683258326818909,"cogn_se_lv"
"13470","AC124254.1","Exc L5/6 IT Car3",-0.130567615265195,1.10292299566035,3.57130517764916,0.0595598704988849,0.380342907459684,0.408065875529264,"cogn_se_lv"
"13471","ATP9B","Exc L5/6 IT Car3",-0.00184456861205373,7.33945774922705,0.0213157179573048,0.884000877240039,0.982636995754113,0.989418360045839,"cogn_se_lv"
"13472","AC068473.1","Exc L5/6 IT Car3",0.0167624279324207,1.79507371300873,0.132538017460268,0.716020819375157,0.918464902292858,0.948754909897132,"cogn_se_lv"
"13473","CTDP1","Exc L5/6 IT Car3",-0.00148690080883756,3.91529287678553,0.00712193636223894,0.976641838644447,0.998267578294294,0.999481105410931,"cogn_se_lv"
"13474","PQLC1","Exc L5/6 IT Car3",0.00865752649605963,5.07011572333638,0.482740907963585,0.706026163059858,0.913394641013048,0.945342776212179,"cogn_se_lv"
"13475","HSBP1L1","Exc L5/6 IT Car3",0.0756448336914243,1.58450021818413,2.50975501290758,0.113989427471581,0.480366179843272,0.523751283894823,"cogn_se_lv"
"13476","TXNL4A","Exc L5/6 IT Car3",0.00761401119672236,6.01953718266404,0.476215734500013,0.490569814055846,0.806523815652118,0.854577580284894,"cogn_se_lv"
"13477","AC090360.1","Exc L5/6 IT Car3",0.0395615225061057,2.64434772364176,1.67756167487818,0.196048378940487,0.584257138953203,0.637951802396532,"cogn_se_lv"
"13478","ADNP2","Exc L5/6 IT Car3",0.0172140392611186,5.16115525109553,1.42663146721241,0.23307257984748,0.621015755514667,0.678530019487419,"cogn_se_lv"
"13479","PARD6G-AS1","Exc L5/6 IT Car3",0.0752935209229003,3.73331083594703,8.00442278296944,0.00491806029884468,0.154152643582932,0.137801773041553,"cogn_se_lv"
"13480","PARD6G","Exc L5/6 IT Car3",0.0208028864245492,3.52557865934672,0.500540480302975,0.479703737905889,0.800231975637088,0.849385902819058,"cogn_se_lv"
"13481","AC139100.1","Exc L5/6 IT Car3",0.0891153136802234,1.45492378305286,2.81597351248501,0.0941663489897059,0.446632276036572,0.487220530540067,"cogn_se_lv"
"13482","C20orf96","Exc L5/6 IT Car3",-0.0179433117069428,3.39728598372082,0.706143158825205,0.473611831386584,0.796185664977434,0.846561012221344,"cogn_se_lv"
"13483","ZCCHC3","Exc L5/6 IT Car3",-0.0284168167021333,3.50938808218427,1.68442153641831,0.195138520107604,0.583255355303172,0.637322992113608,"cogn_se_lv"
"13484","NRSN2-AS1","Exc L5/6 IT Car3",0.0266759587088348,4.2069689505342,1.74721884952945,0.187035370354576,0.574777478415355,0.628199566903861,"cogn_se_lv"
"13485","SOX12","Exc L5/6 IT Car3",0.0116937281999535,3.51533874102998,0.25857980334739,0.611397609085716,0.87031513980695,0.90988951153091,"cogn_se_lv"
"13486","NRSN2","Exc L5/6 IT Car3",0.00561740640457585,5.15985487702652,0.14085099986608,0.70764939957519,0.914264964696287,0.946010578796624,"cogn_se_lv"
"13487","TRIB3","Exc L5/6 IT Car3",0.0350474005055642,2.40079933297386,0.435223077863894,0.509843519630286,0.817087552547132,0.863888694089421,"cogn_se_lv"
"13488","RBCK1","Exc L5/6 IT Car3",0.00869098478441196,4.26381344840739,0.31177648377989,0.576926512011282,0.8524406642222,0.894554510516655,"cogn_se_lv"
"13489","TBC1D20","Exc L5/6 IT Car3",0.011662218294,4.36445933534856,0.726512556304304,0.707740382900396,0.91429544356115,0.946044973763817,"cogn_se_lv"
"13490","CSNK2A1","Exc L5/6 IT Car3",0.0128632457303161,6.61346297041412,2.67811110136588,0.16983343964187,0.556721213775099,0.60784109541342,"cogn_se_lv"
"13491","RSPO4","Exc L5/6 IT Car3",0.0201684782278531,2.53325288307174,0.245654556331438,0.62044295213923,0.874244165540849,0.913463536247751,"cogn_se_lv"
"13492","PSMF1","Exc L5/6 IT Car3",0.0274724459156759,5.66700157137251,6.78414081901692,0.00956419792395698,0.202466308183904,0.1876915065549,"cogn_se_lv"
"13493","TMEM74B","Exc L5/6 IT Car3",-0.0395869445215011,4.32845015253653,4.08721184917847,0.0439211594317464,0.341559698663253,0.360213067572959,"cogn_se_lv"
"13494","SNPH","Exc L5/6 IT Car3",-0.0290100905244749,5.07496153505222,3.28630471850048,0.0706623854501824,0.406539854982545,0.436609008036695,"cogn_se_lv"
"13495","SDCBP2","Exc L5/6 IT Car3",-0.0369864997232383,4.12965492251122,3.17415005441484,0.0756241780901894,0.415940713957366,0.448998077274016,"cogn_se_lv"
"13496","AL136531.2","Exc L5/6 IT Car3",-0.0311985143637075,5.77923690110844,1.80410286714494,0.180032456991456,0.566621738397059,0.620090691833315,"cogn_se_lv"
"13497","SDCBP2-AS1","Exc L5/6 IT Car3",0.0188898867810082,4.18157647328927,0.883956150054218,0.347727765776253,0.715700650197033,0.772698684002858,"cogn_se_lv"
"13498","NSFL1C","Exc L5/6 IT Car3",-0.00145129524742287,5.68999971976305,0.0182138563624777,0.89271717630536,0.9857013440361,0.990881451573425,"cogn_se_lv"
"13499","AL121760.1","Exc L5/6 IT Car3",0.0810903564686886,2.5646969841044,5.55297672288541,0.0189647877064867,0.260383160152062,0.25381161372874,"cogn_se_lv"
"13500","AL117335.1","Exc L5/6 IT Car3",0.028119601831211,3.0579366910746,0.88095628697372,0.348546165403035,0.716260600146365,0.773268184428816,"cogn_se_lv"
"13501","SIRPA","Exc L5/6 IT Car3",-0.0320738700557667,7.53450391556965,7.86947500663182,0.0052905039775326,0.158667098685206,0.142976138637232,"cogn_se_lv"
"13502","STK35","Exc L5/6 IT Car3",-0.00966555409873356,5.88439240643049,0.249044169049229,0.61804257179787,0.873592503670942,0.912508858626508,"cogn_se_lv"
"13503","SNRPB","Exc L5/6 IT Car3",-0.0270178841159585,3.67807964689326,1.13959587158942,0.286426915777794,0.666582524394412,0.727012537781821,"cogn_se_lv"
"13504","AL049650.1","Exc L5/6 IT Car3",0.0473887905219424,4.10962237689408,6.37689105168045,0.0119744567858212,0.218237690536763,0.207357865407141,"cogn_se_lv"
"13505","ZNF343","Exc L5/6 IT Car3",-0.0293278858686623,2.38385381149304,0.535469884429781,0.464774901389862,0.79119444669795,0.842469900879539,"cogn_se_lv"
"13506","TMC2","Exc L5/6 IT Car3",-0.035089402760195,2.88192457426423,1.50925376573352,0.220026150596176,0.608512669562468,0.664760012771115,"cogn_se_lv"
"13507","NOP56","Exc L5/6 IT Car3",0.0189217499977471,5.12347148737297,1.49991932870099,0.2214552653168,0.610116152240244,0.666436095475377,"cogn_se_lv"
"13508","IDH3B","Exc L5/6 IT Car3",-0.0326780958787682,3.53684768248994,1.38386589877192,0.240192599335581,0.625749066637086,0.684853397817547,"cogn_se_lv"
"13509","EBF4","Exc L5/6 IT Car3",-0.0554859119038232,2.24088216877113,1.46876453025524,0.226306481594631,0.615033652586887,0.671662127043033,"cogn_se_lv"
"13510","PCED1A","Exc L5/6 IT Car3",-0.016489531736338,3.70158449114514,0.629229249342967,0.428141549654653,0.77189630869187,0.823533760951656,"cogn_se_lv"
"13511","VPS16","Exc L5/6 IT Car3",0.0085953193943131,2.90958690751162,0.0987315685679798,0.831123956116005,0.966177555530849,0.979539454075623,"cogn_se_lv"
"13512","PTPRA","Exc L5/6 IT Car3",-0.00930381048778867,7.57046272362005,1.54002437077589,0.21539268781522,0.603585845862388,0.659467927447969,"cogn_se_lv"
"13513","MRPS26","Exc L5/6 IT Car3",-0.0214089239404347,4.81777228209332,0.864280730519991,0.353143694053345,0.719661209147375,0.776415581748245,"cogn_se_lv"
"13514","UBOX5-AS1","Exc L5/6 IT Car3",0.049790903429384,3.24015830159673,2.17065810888664,0.141507869224709,0.516557425846366,0.56855738571737,"cogn_se_lv"
"13515","UBOX5","Exc L5/6 IT Car3",0.0148274577054582,4.35581144027507,0.875661058061977,0.34999718494947,0.717823937428057,0.774002528270681,"cogn_se_lv"
"13516","LZTS3","Exc L5/6 IT Car3",-0.0302664483501929,6.7905453204937,5.24659587846068,0.0225460494011199,0.278701767295772,0.274009330099533,"cogn_se_lv"
"13517","DDRGK1","Exc L5/6 IT Car3",-0.017610141021832,5.59224299049384,0.888625333261797,0.346459147752389,0.715260611242374,0.771822782450339,"cogn_se_lv"
"13518","ITPA","Exc L5/6 IT Car3",0.0300290373345414,4.39671584210524,3.47312220088622,0.0631576306093681,0.388692667696058,0.417955247096452,"cogn_se_lv"
"13519","SLC4A11","Exc L5/6 IT Car3",-0.085524166013024,2.26404094790613,4.62753896818836,0.0321032182496494,0.308823328280556,0.31643802824431,"cogn_se_lv"
"13520","C20orf194","Exc L5/6 IT Car3",0.0263588792569696,8.27164694203891,5.42393076406792,0.0203951511270392,0.26850417095392,0.262978201481715,"cogn_se_lv"
"13521","ATRN","Exc L5/6 IT Car3",0.0213526532005425,6.94377959356742,6.42194807243035,0.011679481610519,0.215643586296606,0.205200319545433,"cogn_se_lv"
"13522","C20orf27","Exc L5/6 IT Car3",0.00736209051371151,3.09614363501366,0.0627890269922346,0.802278583630051,0.955597215489341,0.973619860573697,"cogn_se_lv"
"13523","SPEF1","Exc L5/6 IT Car3",-0.00178399010072657,3.30567349469928,0.00390625144912533,0.950198069545267,0.995054338434123,0.997804640603097,"cogn_se_lv"
"13524","CENPB","Exc L5/6 IT Car3",0.00284427458956996,3.27974795863432,0.0115371701805377,0.91452039928235,0.989073227776396,0.994126167335106,"cogn_se_lv"
"13525","CDC25B","Exc L5/6 IT Car3",-0.0152947155369543,5.70024095022624,1.05686159244753,0.30459705814208,0.681331117723514,0.742251792113594,"cogn_se_lv"
"13526","AP5S1","Exc L5/6 IT Car3",0.0114398259866907,2.75927518148033,0.171832127122316,0.991949204312611,0.999242764926216,0.999870711362408,"cogn_se_lv"
"13527","MAVS","Exc L5/6 IT Car3",0.0223446772521324,4.77375102890793,2.12401496319121,0.145845822257913,0.522732574343364,0.575233043525156,"cogn_se_lv"
"13528","AL353194.1","Exc L5/6 IT Car3",0.0458065526005805,2.86373088643761,1.95378407357207,0.163008872100177,0.546797415349111,0.598497207304982,"cogn_se_lv"
"13529","PANK2","Exc L5/6 IT Car3",0.0094670309105231,5.64046278970005,0.901352386000117,0.569439842001658,0.848371652314184,0.890868219066937,"cogn_se_lv"
"13530","RNF24","Exc L5/6 IT Car3",0.026541270952378,6.69322983158941,6.17626878428238,0.0133842229548393,0.227194137589023,0.217814951777529,"cogn_se_lv"
"13531","PRNP","Exc L5/6 IT Car3",-0.0349179639473381,7.98311796519427,2.60700390241178,0.107236630037427,0.469196941135397,0.51142101344134,"cogn_se_lv"
"13532","SLC23A2","Exc L5/6 IT Car3",0.0193136383225896,7.05610701444391,2.84432428154901,0.0925317719842916,0.444048634498986,0.48522046906529,"cogn_se_lv"
"13533","TMEM230","Exc L5/6 IT Car3",0.0108733229823273,5.18243338434011,0.613685540894977,0.581769651000698,0.855233062269629,0.896928471456084,"cogn_se_lv"
"13534","PCNA","Exc L5/6 IT Car3",-0.0348847450399322,2.71899053406775,1.19292218373324,0.275444580786539,0.65788752560578,0.718035207472152,"cogn_se_lv"
"13535","CDS2","Exc L5/6 IT Car3",0.00325394510564668,6.02869555730864,0.112601495425891,0.905974442966126,0.987810604126722,0.99299714570084,"cogn_se_lv"
"13536","LINC00658","Exc L5/6 IT Car3",-0.00210664922221659,2.59682942943257,0.00299872022796368,0.956358477968863,0.996920944446838,0.998480266847757,"cogn_se_lv"
"13537","GPCPD1","Exc L5/6 IT Car3",0.068031013353609,4.13132430365017,11.5553473450394,0.000748369501496382,0.0673532551346744,0.0550803632853035,"cogn_se_lv"
"13538","SHLD1","Exc L5/6 IT Car3",0.00272596118005117,3.89050005702219,0.0157842119815982,0.900088236777111,0.987227347471321,0.992443914936985,"cogn_se_lv"
"13539","CHGB","Exc L5/6 IT Car3",-0.0227332901938521,6.10193413294945,0.538610304025916,0.463469453331777,0.790961030368069,0.841846010641835,"cogn_se_lv"
"13540","TRMT6","Exc L5/6 IT Car3",-0.052232053520288,3.61458970838734,6.55444357807158,0.0108547248561007,0.213268905265307,0.19878140267141,"cogn_se_lv"
"13541","MCM8","Exc L5/6 IT Car3",0.0164370168351595,3.28798663452777,0.498739661950801,0.58367689736688,0.855777482563133,0.897616146084375,"cogn_se_lv"
"13542","CRLS1","Exc L5/6 IT Car3",-0.00533826464277548,5.60868290698178,0.184405450516993,0.667861777355282,0.895434496805987,0.931340174386467,"cogn_se_lv"
"13543","FERMT1","Exc L5/6 IT Car3",0.0247596482015672,1.74825452500419,0.336802928894723,0.562030264008526,0.843636345917786,0.887608432877591,"cogn_se_lv"
"13544","LINC01428","Exc L5/6 IT Car3",-0.0596720681500062,1.47913483831541,0.958719488186294,0.328143195225964,0.700074877560877,0.759919411540895,"cogn_se_lv"
"13545","TMX4","Exc L5/6 IT Car3",-0.0307604083428919,6.22447071121199,5.78538992891936,0.0166452821160786,0.245388335964977,0.239902792983269,"cogn_se_lv"
"13546","PLCB1","Exc L5/6 IT Car3",0.0195923188085606,10.1766058200765,2.72701711652544,0.0995034895009513,0.455303961428507,0.496721021375684,"cogn_se_lv"
"13547","PLCB4","Exc L5/6 IT Car3",0.00030401442780335,6.2176765630753,0.000427589496922371,0.983513366341083,0.998390354534415,0.999870711362408,"cogn_se_lv"
"13548","LAMP5","Exc L5/6 IT Car3",-0.0835376133914711,1.73649528763468,2.40368619014169,0.121896207647745,0.491568598997994,0.538040222813908,"cogn_se_lv"
"13549","PAK5","Exc L5/6 IT Car3",0.0383209487204482,8.08911339652916,9.04789823223674,0.00280806381924356,0.12437002621138,0.104382683975533,"cogn_se_lv"
"13550","ANKEF1","Exc L5/6 IT Car3",-0.0316093353814029,2.45331181209756,0.694057094955639,0.405319996293917,0.757934301831652,0.810557712583726,"cogn_se_lv"
"13551","SNAP25-AS1","Exc L5/6 IT Car3",-0.0149637316462793,7.33579832607966,0.363235167949283,0.547080547890423,0.834777873491336,0.880846534244198,"cogn_se_lv"
"13552","AL354824.1","Exc L5/6 IT Car3",-0.0113670929076324,2.34072848975272,0.101355325702428,0.750387069586287,0.935022022583836,0.959368702783583,"cogn_se_lv"
"13553","SNAP25","Exc L5/6 IT Car3",-0.0243577415986577,10.4782671600843,4.45808517451606,0.0353999008288122,0.316846474760131,0.329837171214489,"cogn_se_lv"
"13554","MKKS","Exc L5/6 IT Car3",0.00112696391630149,4.18793713402157,0.00356155400002334,0.952443394220358,0.995965981446551,0.998048865924475,"cogn_se_lv"
"13555","SLX4IP","Exc L5/6 IT Car3",0.0215890757468483,5.41198456137746,1.49821486334313,0.221717421877275,0.610116152240244,0.666772591852128,"cogn_se_lv"
"13556","JAG1","Exc L5/6 IT Car3",-0.103819766624,2.42703323291788,5.08577032881184,0.0247010268834282,0.288947222682952,0.284465110183161,"cogn_se_lv"
"13557","AL050403.2","Exc L5/6 IT Car3",-0.0418189795285126,2.40838628387981,0.727053814081361,0.394386017546799,0.750811125246958,0.804177301531775,"cogn_se_lv"
"13558","BTBD3","Exc L5/6 IT Car3",-0.011215840792574,6.04465877240912,0.711439091581811,0.399506084791256,0.754037868768464,0.807318077585868,"cogn_se_lv"
"13559","TASP1","Exc L5/6 IT Car3",0.0226117264316415,7.05852115189368,3.43848549774855,0.0644817369885973,0.390386478739536,0.421236291475652,"cogn_se_lv"
"13560","ESF1","Exc L5/6 IT Car3",-0.00437415506894153,6.47848594420153,0.0976712201828316,0.754816694887546,0.93690047054757,0.960614682295678,"cogn_se_lv"
"13561","NDUFAF5","Exc L5/6 IT Car3",-0.000965629104079018,5.30086859591815,0.00556384266002498,0.940579914121746,0.994539668727838,0.997489846932684,"cogn_se_lv"
"13562","SEL1L2","Exc L5/6 IT Car3",0.0216724363668637,2.33107967006621,0.336874263385348,0.561988873394199,0.843636345917786,0.887608432877591,"cogn_se_lv"
"13563","MACROD2","Exc L5/6 IT Car3",-0.0183251117623618,9.29100775348738,2.50020682574038,0.114677372534199,0.481288454677206,0.524766467578422,"cogn_se_lv"
"13564","FLRT3","Exc L5/6 IT Car3",-0.0490672344214858,5.3796168525006,5.84853282639978,0.0160673715201249,0.243382724108978,0.236193911710276,"cogn_se_lv"
"13565","MACROD2-AS1","Exc L5/6 IT Car3",0.00457608434581452,1.94617311950827,0.00930126419849189,0.92322039553898,0.990974669133532,0.995127414547275,"cogn_se_lv"
"13566","KIF16B","Exc L5/6 IT Car3",0.0114277208408942,6.23395783769911,0.45108193735901,0.502236599948689,0.813880306750587,0.860217825188907,"cogn_se_lv"
"13567","SNRPB2","Exc L5/6 IT Car3",-0.0501293627023503,4.38621226347174,4.44748019579593,0.0356176959771734,0.317403787544122,0.3306729084214,"cogn_se_lv"
"13568","PCSK2","Exc L5/6 IT Car3",0.00278171173049404,9.44791128960312,0.077616776328389,0.780707549235316,0.948534710881149,0.967760907490394,"cogn_se_lv"
"13569","BFSP1","Exc L5/6 IT Car3",0.00433255861579021,2.81422053779438,0.021592724427239,0.88325497092737,0.982622493848624,0.989303651647034,"cogn_se_lv"
"13570","DSTN","Exc L5/6 IT Car3",-0.0530776802514074,7.07690098861734,11.7688209030765,0.00066958131868715,0.0634733663558085,0.052086332333818,"cogn_se_lv"
"13571","RRBP1","Exc L5/6 IT Car3",-0.0378923185846554,5.1356694420975,7.4199969293307,0.00675314225582353,0.175601242043721,0.160006980381946,"cogn_se_lv"
"13572","SNX5","Exc L5/6 IT Car3",-0.00396466147995275,4.90080416904044,0.0978193771437786,0.874782980675548,0.979751648832088,0.98814746127663,"cogn_se_lv"
"13573","OVOL2","Exc L5/6 IT Car3",0.0236989235432179,4.54344831796421,1.53700189405657,0.215842614542946,0.604040992540151,0.660028636524227,"cogn_se_lv"
"13574","MGME1","Exc L5/6 IT Car3",0.0120556915596194,2.98083760052423,0.247646368909299,0.619029949481912,0.873641849271671,0.912741488148277,"cogn_se_lv"
"13575","KAT14","Exc L5/6 IT Car3",-0.013678368101574,4.16842924701391,0.753432700948459,0.385948685420607,0.743491083818142,0.798959015000983,"cogn_se_lv"
"13576","ZNF133","Exc L5/6 IT Car3",-0.00512947573632517,5.77145856429226,0.178136297108183,0.673222514762596,0.898041605249404,0.933391765652891,"cogn_se_lv"
"13577","DZANK1","Exc L5/6 IT Car3",0.0384376775598522,5.36791425673462,8.47286869356664,0.00382084198613736,0.139057951034185,0.121912652852645,"cogn_se_lv"
"13578","POLR3F","Exc L5/6 IT Car3",0.0105772125099513,4.50640920382406,0.401382011849968,0.526763966576466,0.824017130341008,0.871378721271414,"cogn_se_lv"
"13579","RBBP9","Exc L5/6 IT Car3",0.0147451055922991,2.7379853338988,0.315917021515606,0.574408743973915,0.85075039159516,0.893310580839291,"cogn_se_lv"
"13580","SEC23B","Exc L5/6 IT Car3",0.0190022536350811,4.60568771754786,1.77672631042382,0.183363949022521,0.5701580754082,0.623958431853364,"cogn_se_lv"
"13581","SMIM26","Exc L5/6 IT Car3",-0.0212349240102924,1.06146563009966,0.0799424721210959,0.777531939016858,0.946718698160727,0.966926802869444,"cogn_se_lv"
"13582","AL121900.2","Exc L5/6 IT Car3",-0.00537457215263146,1.75947366598009,0.0158009133067506,0.903032032760479,0.987810604126722,0.992744989013678,"cogn_se_lv"
"13583","DTD1","Exc L5/6 IT Car3",0.0134936422643508,3.8920089682083,0.373612483642437,0.541413357559107,0.831387076876822,0.87849612699079,"cogn_se_lv"
"13584","SLC24A3","Exc L5/6 IT Car3",-0.00299967207480252,2.56876545547438,0.00407915488541209,0.949109275277774,0.995054338434123,0.997804640603097,"cogn_se_lv"
"13585","AL121761.1","Exc L5/6 IT Car3",0.0256191197334083,3.36032148565877,0.611796857430577,0.434607410101706,0.773613831177909,0.826508533839921,"cogn_se_lv"
"13586","RIN2","Exc L5/6 IT Car3",0.0147635234929756,4.41018954534212,0.331735678072864,0.564985554818721,0.845418346004873,0.88880861999702,"cogn_se_lv"
"13587","NAA20","Exc L5/6 IT Car3",-0.00663589481826078,4.76494147612995,0.141836154295303,0.706676164336884,0.91384928906087,0.945693945268624,"cogn_se_lv"
"13588","CRNKL1","Exc L5/6 IT Car3",-0.0220622980627577,3.89287301474892,1.22873291809765,0.268366531519941,0.651342204714067,0.711916580958414,"cogn_se_lv"
"13589","CFAP61","Exc L5/6 IT Car3",-0.0244651111029728,5.04291580038468,1.82463727627916,0.177579665216636,0.563960183178711,0.617459168296589,"cogn_se_lv"
"13590","RALGAPA2","Exc L5/6 IT Car3",0.0247871328014326,6.80481595229343,2.940464521589,0.0872149778566146,0.435226494556841,0.4739427178947,"cogn_se_lv"
"13591","KIZ","Exc L5/6 IT Car3",0.0193185134853483,6.75197126495037,3.10572476372218,0.0788350243241847,0.420388545867537,0.45651051667853,"cogn_se_lv"
"13592","KIZ-AS1","Exc L5/6 IT Car3",-0.0207365322830558,3.45323287156126,0.284962120416655,0.593784557800399,0.860823584975204,0.902270315397319,"cogn_se_lv"
"13593","XRN2","Exc L5/6 IT Car3",-0.00672275080000298,5.63858292191529,0.348119945475978,0.905756537852627,0.987810604126722,0.99299714570084,"cogn_se_lv"
"13594","THBD","Exc L5/6 IT Car3",-0.0743150629833838,1.38522312240261,1.62225979742643,0.203568648528245,0.590743765384201,0.645916305723349,"cogn_se_lv"
"13595","NXT1","Exc L5/6 IT Car3",-0.0154640296496911,2.06452647573311,0.136701671225979,0.711791713791557,0.916615720462896,0.94739865739042,"cogn_se_lv"
"13596","GZF1","Exc L5/6 IT Car3",-0.0705887534766778,3.2071481000638,8.93533927806516,0.00298208539076179,0.127839259509259,0.107769021054598,"cogn_se_lv"
"13597","NAPB","Exc L5/6 IT Car3",-0.0156224351584128,7.09710902787158,0.937221146635576,0.333619680714122,0.703632573138323,0.763113303082888,"cogn_se_lv"
"13598","CST3","Exc L5/6 IT Car3",-0.0138465171511267,2.73650117270942,0.101903001118007,0.749736176795976,0.934362277179534,0.959124889784922,"cogn_se_lv"
"13599","SYNDIG1","Exc L5/6 IT Car3",0.0505912303168012,6.28239984107474,4.03071329003676,0.0453985230321838,0.345711662278728,0.363784739249219,"cogn_se_lv"
"13600","APMAP","Exc L5/6 IT Car3",-0.0213578966704469,4.99602276478441,1.39899700018725,0.237643587533145,0.624585628870244,0.682589966988867,"cogn_se_lv"
"13601","ACSS1","Exc L5/6 IT Car3",-0.0284525295158673,1.36269285888214,0.291156044235312,0.589802039571595,0.859000036813368,0.900533975798649,"cogn_se_lv"
"13602","ENTPD6","Exc L5/6 IT Car3",-0.0248242583617405,5.79708817216643,2.34959521933399,0.12616171232693,0.495981171371839,0.544425086581978,"cogn_se_lv"
"13603","AL035252.3","Exc L5/6 IT Car3",0.0101685204512825,2.31292752886896,0.086583561993955,0.768729612107157,0.942860274175954,0.964389108677652,"cogn_se_lv"
"13604","PYGB","Exc L5/6 IT Car3",0.00119374537213645,6.01315491076568,0.00728523984442903,0.932025979458531,0.992449998191848,0.996126278376045,"cogn_se_lv"
"13605","ABHD12","Exc L5/6 IT Car3",-0.0327961391951572,6.16862886227237,7.21120749606293,0.00756791375832111,0.184288279652788,0.168889095378539,"cogn_se_lv"
"13606","GINS1","Exc L5/6 IT Car3",0.0220968332694124,3.56025620795757,1.10983308966102,0.292798950080655,0.672184585223166,0.731902495111488,"cogn_se_lv"
"13607","NINL","Exc L5/6 IT Car3",0.0657676593546672,2.7559798942205,4.16256777900865,0.0420293021661764,0.336180248199134,0.354331517586264,"cogn_se_lv"
"13608","NANP","Exc L5/6 IT Car3",0.0241577776257522,2.18970786656229,0.452265884470668,0.501676511512039,0.813655179809147,0.859989523004104,"cogn_se_lv"
"13609","ZNF337-AS1","Exc L5/6 IT Car3",0.0493169668199371,3.59165269263724,2.29034621281109,0.131026185932241,0.50161517450179,0.553087117042292,"cogn_se_lv"
"13610","ZNF337","Exc L5/6 IT Car3",0.041269922936682,5.34799507709231,6.33607800841789,0.0122482816312985,0.219911907765536,0.209397068442234,"cogn_se_lv"
"13611","FAM182B","Exc L5/6 IT Car3",0.00606899469892459,6.42434908912709,0.107101787511377,0.743651402480949,0.932898197275987,0.957415667665935,"cogn_se_lv"
"13612","LINC01598","Exc L5/6 IT Car3",-0.0526288559769974,2.95695817086754,2.40134251841277,0.122077659868118,0.491568598997994,0.538436670861413,"cogn_se_lv"
"13613","HM13","Exc L5/6 IT Car3",0.0250428256579973,6.17667038617509,4.98961594207219,0.0260910257508291,0.292881755146068,0.290393916870553,"cogn_se_lv"
"13614","BCL2L1","Exc L5/6 IT Car3",0.0275372899254964,5.59930185720057,5.24664714956356,0.0225453945247566,0.278701767295772,0.274009330099533,"cogn_se_lv"
"13615","AL117381.1","Exc L5/6 IT Car3",0.146989949707737,2.3302728812982,10.5539147488402,0.00126443371810235,0.0896023412504146,0.072170356947245,"cogn_se_lv"
"13616","TPX2","Exc L5/6 IT Car3",0.0334482170984285,2.81747730387577,1.63358994339878,0.202000582934728,0.589802787467109,0.64427263424547,"cogn_se_lv"
"13617","DUSP15","Exc L5/6 IT Car3",0.0245310352882574,2.35319429423233,0.605285287023107,0.437060840858609,0.775641875093864,0.827762831841158,"cogn_se_lv"
"13618","TTLL9","Exc L5/6 IT Car3",0.0146300983802213,3.80194382959165,0.541350374195486,0.626030360398365,0.876750136184442,0.915871128341194,"cogn_se_lv"
"13619","PDRG1","Exc L5/6 IT Car3",-0.0186092505419499,3.23133757166626,0.533510779970102,0.465592267993946,0.791501712628613,0.842641843218298,"cogn_se_lv"
"13620","XKR7","Exc L5/6 IT Car3",-0.00117901454953742,4.71254024333721,0.00296290563673929,0.956619612981647,0.996920944446838,0.99851955510395,"cogn_se_lv"
"13621","CCM2L","Exc L5/6 IT Car3",0.0146975113850703,3.62342159101719,0.416675441207116,0.518996770559266,0.820971047083305,0.868182234838738,"cogn_se_lv"
"13622","HCK","Exc L5/6 IT Car3",-0.013678127203543,2.38664197055468,0.135484580087293,0.713020283403279,0.917430161489546,0.947799656202858,"cogn_se_lv"
"13623","TM9SF4","Exc L5/6 IT Car3",0.0166142917670688,5.73533725480626,2.829189588637,0.0934004811625467,0.44488808576032,0.48622584816709,"cogn_se_lv"
"13624","PLAGL2","Exc L5/6 IT Car3",-0.0208798060799733,3.16501468054368,0.741699888334853,0.389669162584435,0.746621560596167,0.801068989109986,"cogn_se_lv"
"13625","POFUT1","Exc L5/6 IT Car3",0.0509672163775464,3.83572464691071,6.94809281235888,0.00874051134196777,0.194904287293241,0.1798691789273,"cogn_se_lv"
"13626","KIF3B","Exc L5/6 IT Car3",0.0110144802580853,6.01857426371545,1.11752575613285,0.291134776034287,0.670536939842116,0.730466145185216,"cogn_se_lv"
"13627","ASXL1","Exc L5/6 IT Car3",0.0086338629430764,6.3463707826247,0.752767228265802,0.593922509575017,0.860846432695378,0.902340173441661,"cogn_se_lv"
"13628","NOL4L","Exc L5/6 IT Car3",0.0209486844663909,6.3249430892195,1.8887437177795,0.170167364559478,0.556733788386556,0.608149809796679,"cogn_se_lv"
"13629","FO393400.1","Exc L5/6 IT Car3",0.0601048404945642,4.32681980033029,5.53089985096019,0.0192018991645334,0.262448692843845,0.255343299898101,"cogn_se_lv"
"13630","DNMT3B","Exc L5/6 IT Car3",0.0102174262285832,3.13042426224849,0.1453424483523,0.703243287102301,0.911738293899894,0.944489084108732,"cogn_se_lv"
"13631","MAPRE1","Exc L5/6 IT Car3",-0.0165711273653469,3.88384588263205,0.71308216934121,0.672220711042306,0.897454613720039,0.933033690786859,"cogn_se_lv"
"13632","AL035071.2","Exc L5/6 IT Car3",-0.00823998633534915,2.26977210171992,0.0275246699985705,0.868320961097412,0.977075352145146,0.987157420735498,"cogn_se_lv"
"13633","AL035071.1","Exc L5/6 IT Car3",-0.00335885514140655,3.22189746622859,0.019787150874909,0.976023068064259,0.998267578294294,0.999481105410931,"cogn_se_lv"
"13634","EFCAB8","Exc L5/6 IT Car3",-0.0184323328475899,1.88529826782008,0.148717701696661,0.699983236180723,0.910167455628703,0.943153107817488,"cogn_se_lv"
"13635","CDK5RAP1","Exc L5/6 IT Car3",0.0171662864842291,5.78244666844063,2.62764611638921,0.105860777765137,0.467891260713801,0.509489828215088,"cogn_se_lv"
"13636","SNTA1","Exc L5/6 IT Car3",0.00886335481250432,4.615923742982,0.417746272389113,0.58199923299874,0.855297114028453,0.897045309081155,"cogn_se_lv"
"13637","CBFA2T2","Exc L5/6 IT Car3",0.00531539266365493,7.27255521906136,0.337971602353843,0.561352898744326,0.843636345917786,0.887463026190977,"cogn_se_lv"
"13638","NECAB3","Exc L5/6 IT Car3",0.00722880605578019,4.4542606472692,0.174767866892046,0.922075953747667,0.990974669133532,0.995065616495779,"cogn_se_lv"
"13639","E2F1","Exc L5/6 IT Car3",0.0936810041534052,1.92256357986088,5.03466834528583,0.0254298634863793,0.290028951004157,0.287256607051189,"cogn_se_lv"
"13640","PXMP4","Exc L5/6 IT Car3",0.00809844805554197,4.12456893182096,0.225683686547175,0.635020489684816,0.882059262616085,0.919672712638588,"cogn_se_lv"
"13641","ZNF341","Exc L5/6 IT Car3",0.0172813786245883,4.18683431265356,0.945871102057228,0.331401630707547,0.701329176104902,0.761758975873078,"cogn_se_lv"
"13642","CHMP4B","Exc L5/6 IT Car3",-0.00925666865588473,5.28561582210546,0.259031681949406,0.611086563145345,0.87031513980695,0.909645021611396,"cogn_se_lv"
"13643","RALY","Exc L5/6 IT Car3",0.0464447994182762,4.98540511995608,12.3075193392774,0.000506106231089425,0.0568538313610675,0.0446282834760651,"cogn_se_lv"
"13644","EIF2S2","Exc L5/6 IT Car3",-0.0418389414129264,5.24765519226085,5.5801684544775,0.018676911765853,0.25899804112869,0.251850919905741,"cogn_se_lv"
"13645","ASIP","Exc L5/6 IT Car3",0.0259423756193484,2.12757177057473,0.422754872731799,0.515965139405777,0.819812460815085,0.866755422164342,"cogn_se_lv"
"13646","AHCY","Exc L5/6 IT Car3",-0.0456377195174903,3.56010293258875,4.16286289704134,0.0420220645281968,0.336180248199134,0.354331517586264,"cogn_se_lv"
"13647","ITCH","Exc L5/6 IT Car3",0.00920033161447664,7.17135624895541,1.06922938513246,0.301788308208411,0.679307849352746,0.73999218954874,"cogn_se_lv"
"13648","DYNLRB1","Exc L5/6 IT Car3",-0.0535580957660795,6.31330927992432,5.43835369474343,0.0202298688289496,0.26850417095392,0.262019376164238,"cogn_se_lv"
"13649","MAP1LC3A","Exc L5/6 IT Car3",-0.00102405546044004,5.9956119832157,0.00155566341681499,0.968559138855297,0.998200304492267,0.999017285695007,"cogn_se_lv"
"13650","PIGU","Exc L5/6 IT Car3",0.00546710167055317,5.67093336303543,0.152571544533905,0.696312496891747,0.907933051341995,0.94172541263602,"cogn_se_lv"
"13651","NCOA6","Exc L5/6 IT Car3",-0.0013727148449686,6.07131095683355,0.0192755958272279,0.96765909148235,0.99787412341955,0.998942739237643,"cogn_se_lv"
"13652","TP53INP2","Exc L5/6 IT Car3",0.0292985922523362,2.56833463703673,0.75853028377544,0.384348033371035,0.742172676735286,0.798087504553828,"cogn_se_lv"
"13653","GGT7","Exc L5/6 IT Car3",0.00662107448469351,6.62678715776302,0.396990231785077,0.52903282187079,0.82568662529394,0.872626474600745,"cogn_se_lv"
"13654","ACSS2","Exc L5/6 IT Car3",0.0347923971167175,4.75441215240745,5.03799377772028,0.0253817593574853,0.289996493327171,0.287133769495532,"cogn_se_lv"
"13655","GSS","Exc L5/6 IT Car3",0.0442222974174958,4.08253107397757,5.07392367410968,0.0248680261367322,0.289099594031926,0.285248534233941,"cogn_se_lv"
"13656","MYH7B","Exc L5/6 IT Car3",0.0633249283673009,2.2856758798607,3.05539430376096,0.0812907648635298,0.424965575349056,0.4620250847633,"cogn_se_lv"
"13657","TRPC4AP","Exc L5/6 IT Car3",0.00803391149896428,6.2944714964681,0.731885769208417,0.912205403091579,0.989073227776396,0.993842201609358,"cogn_se_lv"
"13658","EDEM2","Exc L5/6 IT Car3",0.0452414093999647,3.1882400193496,3.38585829103356,0.0665508406058104,0.396062427271239,0.426291458080992,"cogn_se_lv"
"13659","MMP24OS","Exc L5/6 IT Car3",0.0125694080628228,3.56814228567419,0.283147212255474,0.594962029867645,0.861660661980666,0.902779328752148,"cogn_se_lv"
"13660","MMP24","Exc L5/6 IT Car3",0.035666823747433,5.41809847212053,6.11201945593462,0.013871086985114,0.22974618206719,0.221146974343421,"cogn_se_lv"
"13661","UQCC1","Exc L5/6 IT Car3",0.0272835706023883,6.2321234215963,5.55249639519483,0.0189699140779587,0.260383160152062,0.25381161372874,"cogn_se_lv"
"13662","GDF5","Exc L5/6 IT Car3",-0.0059615512597075,1.75791235226374,0.0183326638075769,0.91632942742158,0.989620466724523,0.994405342254173,"cogn_se_lv"
"13663","CEP250","Exc L5/6 IT Car3",0.00389141922714436,5.11578959828222,0.0771935767614744,0.927202674582404,0.991538479686899,0.995639170360381,"cogn_se_lv"
"13664","FO393401.1","Exc L5/6 IT Car3",0.0476080636757714,2.22617088752107,1.34522336664598,0.246855446532509,0.630841656862832,0.691160100806571,"cogn_se_lv"
"13665","ERGIC3","Exc L5/6 IT Car3",-0.0157919624672886,4.34907193911093,1.03436014143286,0.495970561434282,0.810037879706421,0.85714531489141,"cogn_se_lv"
"13666","CPNE1","Exc L5/6 IT Car3",0.0047501827951383,5.57994587204538,0.142964777978019,0.870280068369972,0.978278449507989,0.987424014292047,"cogn_se_lv"
"13667","NFS1","Exc L5/6 IT Car3",0.0258241681128949,2.81308039842718,0.710119381772627,0.3999432251147,0.754037868768464,0.807517296081989,"cogn_se_lv"
"13668","ROMO1","Exc L5/6 IT Car3",-0.0915241329649804,2.44579315145666,4.23576382016455,0.0402738597504278,0.330776725437538,0.347658171669134,"cogn_se_lv"
"13669","RBM39","Exc L5/6 IT Car3",-0.0192930352709253,7.46796041093526,9.6378659578112,0.00205139021958733,0.10594260228003,0.0899157672090568,"cogn_se_lv"
"13670","PHF20","Exc L5/6 IT Car3",-0.00147805198089189,6.56191719114639,0.0256404261494777,0.872868120645549,0.979399269228273,0.987920203095888,"cogn_se_lv"
"13671","SCAND1","Exc L5/6 IT Car3",-0.0251156973662196,3.8487087352463,0.435758900564166,0.509583271551342,0.817087552547132,0.863787690743589,"cogn_se_lv"
"13672","CNBD2","Exc L5/6 IT Car3",0.042279667779615,2.8513623077656,1.83037043269213,0.176901781790183,0.563465498502014,0.616681743349854,"cogn_se_lv"
"13673","NORAD","Exc L5/6 IT Car3",-0.0328063297828037,7.96253455593518,2.62612377382466,0.105961578813217,0.467933629249758,0.509708650266132,"cogn_se_lv"
"13674","EPB41L1","Exc L5/6 IT Car3",-0.00694902981192767,7.37078023387672,0.406572392426719,0.52410487391667,0.822318919244339,0.870367983119102,"cogn_se_lv"
"13675","AL121895.1","Exc L5/6 IT Car3",0.027196324440709,3.2416833094435,1.01404048250349,0.314588426061479,0.689278511417254,0.750313156773363,"cogn_se_lv"
"13676","AAR2","Exc L5/6 IT Car3",-0.00489216751773883,3.60507710483618,0.0634406393559304,0.801276730896424,0.955522586582934,0.973304877618877,"cogn_se_lv"
"13677","DLGAP4","Exc L5/6 IT Car3",0.0115958730548721,7.39469396517669,1.12778488194399,0.288934173232058,0.668676229479906,0.728866292619438,"cogn_se_lv"
"13678","DLGAP4-AS1","Exc L5/6 IT Car3",-0.00165530973561034,3.07735333555866,0.0026768111928158,0.958765176719618,0.997053628956036,0.998555548513014,"cogn_se_lv"
"13679","RAB5IF","Exc L5/6 IT Car3",-0.0701673047897685,3.23254719591408,3.58218380592362,0.0591749284052113,0.379986913840459,0.407175735601174,"cogn_se_lv"
"13680","SLA2","Exc L5/6 IT Car3",-0.0591474944535248,2.53358947244675,3.53180144408836,0.0609803628167817,0.383639785107702,0.411859925921262,"cogn_se_lv"
"13681","NDRG3","Exc L5/6 IT Car3",-0.000345987515278489,6.84806797046874,0.001347628679593,0.970735788228096,0.998267578294294,0.999102668702867,"cogn_se_lv"
"13682","DSN1","Exc L5/6 IT Car3",0.0487615675038829,3.57621598134498,4.45649724513412,0.0354324229582662,0.316846474760131,0.329934819938294,"cogn_se_lv"
"13683","SOGA1","Exc L5/6 IT Car3",0.0134472843051512,5.75726161183488,0.970709433506005,0.325140810125527,0.697738367475659,0.757927398538314,"cogn_se_lv"
"13684","SAMHD1","Exc L5/6 IT Car3",-0.00217790538275229,4.0226911175389,0.0176275006308213,0.966290460277927,0.997621680933237,0.99892010896344,"cogn_se_lv"
"13685","RBL1","Exc L5/6 IT Car3",0.0242094085918889,4.6721845245223,2.13762289283156,0.144564912507911,0.520632076517234,0.572944707844708,"cogn_se_lv"
"13686","MROH8","Exc L5/6 IT Car3",0.00841660772426768,4.576180717275,0.15928920005758,0.690039767910724,0.904190040710603,0.939470769400945,"cogn_se_lv"
"13687","RPN2","Exc L5/6 IT Car3",-0.0116265536956415,4.84829290813165,0.720855968523502,0.396406863196638,0.752244343353423,0.805421814805941,"cogn_se_lv"
"13688","MANBAL","Exc L5/6 IT Car3",-0.0380178336044966,3.9412649979355,2.80550712541753,0.0947777402799395,0.447707005189769,0.488295178894385,"cogn_se_lv"
"13689","SRC","Exc L5/6 IT Car3",0.000555056366431283,3.91532199409855,0.00118577462182802,0.97254859805112,0.998267578294294,0.999253534602025,"cogn_se_lv"
"13690","BLCAP","Exc L5/6 IT Car3",-0.016511463347446,6.05269158121829,1.38322416945798,0.240301440720784,0.625749066637086,0.684982431005617,"cogn_se_lv"
"13691","NNAT","Exc L5/6 IT Car3",-0.046738708842347,4.03918149108556,1.44277057979876,0.230452309836398,0.619071574163407,0.676211791185713,"cogn_se_lv"
"13692","CTNNBL1","Exc L5/6 IT Car3",0.0144106509068763,5.22842184136885,1.19194451358921,0.275641089423934,0.657896458783241,0.718038331716884,"cogn_se_lv"
"13693","VSTM2L","Exc L5/6 IT Car3",0.0529266904597532,4.97201717063412,5.19179350007512,0.0232574812607542,0.282058815289997,0.27723082325231,"cogn_se_lv"
"13694","TTI1","Exc L5/6 IT Car3",0.0168830217816484,4.76400744213612,1.40563105667342,0.25067244879405,0.634369019715073,0.695377103687452,"cogn_se_lv"
"13695","RPRD1B","Exc L5/6 IT Car3",0.0332595831279383,5.32738376681434,6.1517044753848,0.0135682455843011,0.227964300810473,0.219000389986764,"cogn_se_lv"
"13696","AL391095.2","Exc L5/6 IT Car3",-0.0417129144650028,2.34589775805888,1.41848537629138,0.234408841926249,0.621884515987757,0.679512697063218,"cogn_se_lv"
"13697","RALGAPB","Exc L5/6 IT Car3",0.00353559665291174,6.19588814494993,0.148205191468607,0.700475499566755,0.910350279594577,0.943454990901063,"cogn_se_lv"
"13698","ACTR5","Exc L5/6 IT Car3",0.038457182479556,3.22693225540369,2.9123585511473,0.0887340446392549,0.437854915746994,0.477159820420609,"cogn_se_lv"
"13699","PPP1R16B","Exc L5/6 IT Car3",0.0211224793180128,6.81608704245879,3.12540194039149,0.0778968507337133,0.420387560324412,0.454647104828156,"cogn_se_lv"
"13700","FAM83D","Exc L5/6 IT Car3",0.0506134184657069,2.17066278366288,1.67866225006066,0.195902068880967,0.584257138953203,0.637850914795748,"cogn_se_lv"
"13701","DHX35","Exc L5/6 IT Car3",0.0222608893222789,4.76203096108143,1.96121917791273,0.279902045559332,0.661446762566016,0.721686262973719,"cogn_se_lv"
"13702","AL118523.1","Exc L5/6 IT Car3",0.00239519383701317,1.89177472563204,0.00242611436908914,0.960741916790174,0.997053628956036,0.998668333113346,"cogn_se_lv"
"13703","TOP1","Exc L5/6 IT Car3",-0.0203141431971802,7.05378931584781,4.38628272304269,0.036902334458176,0.321954040425924,0.335406508288248,"cogn_se_lv"
"13704","PLCG1-AS1","Exc L5/6 IT Car3",0.00525938892772768,2.24303409309782,0.0160433467366307,0.899275785477393,0.986798883315299,0.992291742389602,"cogn_se_lv"
"13705","PLCG1","Exc L5/6 IT Car3",-0.000937301808956212,4.46078684157389,0.00412544336639169,0.948821742521725,0.995054338434123,0.997804640603097,"cogn_se_lv"
"13706","ZHX3","Exc L5/6 IT Car3",-0.00843561270410674,7.12829811449761,0.460621399819047,0.497753809242995,0.811029766344936,0.857967344519736,"cogn_se_lv"
"13707","CHD6","Exc L5/6 IT Car3",0.00709567829778568,7.43210254176181,0.520347773442495,0.471144454553448,0.794633044963293,0.845542687017402,"cogn_se_lv"
"13708","PTPRT","Exc L5/6 IT Car3",0.0114870828082213,9.26431172765369,0.42116724095667,0.516753840259571,0.819995665260249,0.867107209004584,"cogn_se_lv"
"13709","AL021395.1","Exc L5/6 IT Car3",0.0154229490298131,3.03676557561875,0.358472620375053,0.549718494266556,0.837051948259007,0.881964819037921,"cogn_se_lv"
"13710","SRSF6","Exc L5/6 IT Car3",-0.032723028626793,4.98778492743514,3.98185589894487,0.046718474712322,0.350388560342415,0.368176631118864,"cogn_se_lv"
"13711","L3MBTL1","Exc L5/6 IT Car3",0.00277320210721174,4.84677344607583,0.0278700821032387,0.86750492453338,0.976442681823208,0.986889662965013,"cogn_se_lv"
"13712","Z98752.3","Exc L5/6 IT Car3",0.105143159933899,2.2260820230842,7.35854971412316,0.00698312180190327,0.178460645443228,0.162636737095547,"cogn_se_lv"
"13713","IFT52","Exc L5/6 IT Car3",0.0117631952687667,5.22031476378905,0.792012569896345,0.374064851162715,0.734081007712124,0.790832043873391,"cogn_se_lv"
"13714","TOX2","Exc L5/6 IT Car3",-0.0552756037211333,2.09955484116337,1.64966962775488,0.199799599362319,0.586514030126452,0.641925135650048,"cogn_se_lv"
"13715","JPH2","Exc L5/6 IT Car3",0.0434208181975291,1.88941425485109,1.04804575393464,0.306619875648399,0.682835299970797,0.74375831768478,"cogn_se_lv"
"13716","OSER1","Exc L5/6 IT Car3",0.0272002306251421,3.36981067487117,1.35293679101764,0.245507585994995,0.63060160275998,0.689972597519975,"cogn_se_lv"
"13717","OSER1-DT","Exc L5/6 IT Car3",-0.0304778754577262,4.1434207483354,2.96212309564676,0.086063670304458,0.434295997994672,0.472078070529073,"cogn_se_lv"
"13718","GDAP1L1","Exc L5/6 IT Car3",0.000838780684420144,5.31751165612205,0.00358631576602687,0.952278558884654,0.995965981446551,0.998034736030033,"cogn_se_lv"
"13719","FITM2","Exc L5/6 IT Car3",-0.00156640400770521,3.72267304573323,0.00584111800213465,0.939120127107432,0.994539668727838,0.997351302535834,"cogn_se_lv"
"13720","TTPAL","Exc L5/6 IT Car3",-0.0148292876840728,3.78738065860736,0.52330461203006,0.469887997304762,0.794332243135721,0.844998040495832,"cogn_se_lv"
"13721","SERINC3","Exc L5/6 IT Car3",-0.0307939853941473,7.09403120321682,3.58195075620025,0.0591831470094595,0.379986913840459,0.407208888076807,"cogn_se_lv"
"13722","PKIG","Exc L5/6 IT Car3",-0.00481073651080489,7.29917490366838,0.208817637271605,0.647961239923416,0.886865248851835,0.924100072153269,"cogn_se_lv"
"13723","AL139352.1","Exc L5/6 IT Car3",0.0685378476205421,3.63583172559379,5.77325264947305,0.0167588126839469,0.246340140597844,0.240518752413601,"cogn_se_lv"
"13724","KCNK15-AS1","Exc L5/6 IT Car3",0.0424239169731959,2.98890645709282,1.99415949688191,0.158738868641873,0.540607776757911,0.592746313137625,"cogn_se_lv"
"13725","RIMS4","Exc L5/6 IT Car3",0.0180083635524299,4.60961396648164,1.35925512713126,0.244410219504637,0.629709375013525,0.688849604291888,"cogn_se_lv"
"13726","YWHAB","Exc L5/6 IT Car3",-0.046108016970041,7.99560531642918,4.53061836132443,0.0339472862700533,0.312717124772328,0.32417148015705,"cogn_se_lv"
"13727","PABPC1L","Exc L5/6 IT Car3",0.00393738988189362,3.75066615804632,0.0332655839950323,0.855376715238394,0.972881064401809,0.984644860433994,"cogn_se_lv"
"13728","TOMM34","Exc L5/6 IT Car3",-0.0329114139925552,4.0641583973143,1.7356087396108,0.188503391618675,0.575494385441661,0.629718912557974,"cogn_se_lv"
"13729","STK4","Exc L5/6 IT Car3",-0.0185987315912282,6.32392673428587,3.30176926155794,0.0700061920502919,0.404427663533781,0.4348532776034,"cogn_se_lv"
"13730","KCNS1","Exc L5/6 IT Car3",-0.113422269814109,3.97461014853396,15.4987714529384,9.8474204722005e-05,0.0297160394249344,0.0179211080046362,"cogn_se_lv"
"13731","MATN4","Exc L5/6 IT Car3",0.0358263313145366,2.05009490152901,0.783834422411641,0.376540347479681,0.736147859211419,0.792428138872723,"cogn_se_lv"
"13732","SYS1-DBNDD2","Exc L5/6 IT Car3",0.0444259397554666,3.9419924130738,5.21961320404244,0.0228934567372088,0.2800171352036,0.275468852754952,"cogn_se_lv"
"13733","TP53TG5","Exc L5/6 IT Car3",0.0234685993225821,3.11125238162423,0.565644430663174,0.452468380838227,0.784755350388365,0.835925508255797,"cogn_se_lv"
"13734","PIGT","Exc L5/6 IT Car3",-0.0020562796981074,4.09121370577768,0.0116669454112155,0.914042848610512,0.989073227776396,0.994126167335106,"cogn_se_lv"
"13735","WFDC10B","Exc L5/6 IT Car3",-0.00376816339299093,2.02134505843862,0.00770705896648005,0.930090726448596,0.991816455834028,0.995925713518617,"cogn_se_lv"
"13736","DNTTIP1","Exc L5/6 IT Car3",0.00430425638543668,4.17095964000775,0.0656207567387417,0.845306887567476,0.970988236489561,0.982684384868508,"cogn_se_lv"
"13737","TNNC2","Exc L5/6 IT Car3",0.026103668222486,2.12898600458112,0.437279622274737,0.508845909770937,0.816961913286198,0.863530635007193,"cogn_se_lv"
"13738","SNX21","Exc L5/6 IT Car3",-0.0110932427366149,3.13883280302157,0.190045198100346,0.663130735074396,0.893423970305082,0.929780024600312,"cogn_se_lv"
"13739","ACOT8","Exc L5/6 IT Car3",0.00484060273548033,4.30024991929273,0.0814456206461333,0.775505945056279,0.945873870218429,0.966331732284909,"cogn_se_lv"
"13740","ZSWIM3","Exc L5/6 IT Car3",-0.00676597122766846,3.39111733855434,0.0866997906358997,0.858464267468484,0.973716475920048,0.985181171161588,"cogn_se_lv"
"13741","ZSWIM1","Exc L5/6 IT Car3",-0.0121350827830529,1.95724207311742,0.0860449699617589,0.769429531151224,0.942884611496233,0.964495907297362,"cogn_se_lv"
"13742","NEURL2","Exc L5/6 IT Car3",0.02383998057097,2.03880894538463,0.384150983970293,0.535767776467318,0.828217226949561,0.875697746456764,"cogn_se_lv"
"13743","CTSA","Exc L5/6 IT Car3",-0.0100099501189527,4.9660338932713,0.451220226636461,0.502171124590294,0.813880306750587,0.860217825188907,"cogn_se_lv"
"13744","PLTP","Exc L5/6 IT Car3",0.0434094441362371,1.83122958364079,0.925880851915834,0.336557815463102,0.706440913799391,0.76526309195624,"cogn_se_lv"
"13745","PCIF1","Exc L5/6 IT Car3",-0.0412574614588827,2.73799697307369,2.2546113752401,0.134061411350797,0.504976930664488,0.556874770585377,"cogn_se_lv"
"13746","ZNF335","Exc L5/6 IT Car3",0.00332678280512325,5.13233119730091,0.067769474686669,0.840476748679124,0.968763323584242,0.981330852000242,"cogn_se_lv"
"13747","SLC12A5","Exc L5/6 IT Car3",-0.0149430425889047,6.71692010385543,1.39577974743257,0.238182803465053,0.624731052263313,0.683067737014529,"cogn_se_lv"
"13748","NCOA5","Exc L5/6 IT Car3",-0.0202758643010876,5.23560604614038,1.66385457894733,0.197881401012529,0.585652838765927,0.640083429637438,"cogn_se_lv"
"13749","CDH22","Exc L5/6 IT Car3",-0.0110414444986697,5.69548234084769,0.31928036615623,0.572379507999548,0.849589156658696,0.892049942217581,"cogn_se_lv"
"13750","SLC35C2","Exc L5/6 IT Car3",0.0518109327908201,4.38843948647688,7.7484272674652,0.00564914152895589,0.162505211459124,0.147592514548275,"cogn_se_lv"
"13751","AL133227.1","Exc L5/6 IT Car3",0.0117083031845821,2.06619081693033,0.0561716957196205,0.812782254696519,0.959045669722624,0.976365470283287,"cogn_se_lv"
"13752","ELMO2","Exc L5/6 IT Car3",-0.00574334530056474,4.92660472742063,0.167446937061751,0.682625276233901,0.901342133498492,0.937011526839877,"cogn_se_lv"
"13753","ZNF334","Exc L5/6 IT Car3",0.0271553463696271,4.47996669994955,2.22082965183125,0.1370034546515,0.510366518574531,0.562135895260307,"cogn_se_lv"
"13754","SLC13A3","Exc L5/6 IT Car3",0.0221863526694243,6.51522804679565,1.75084312527515,0.186579840348537,0.574063123343459,0.627318135727105,"cogn_se_lv"
"13755","TP53RK","Exc L5/6 IT Car3",0.0208382397330235,2.73464685489079,0.457123968238558,0.499389402908364,0.811678136349571,0.858759794410614,"cogn_se_lv"
"13756","ZMYND8","Exc L5/6 IT Car3",-0.0607212588066643,8.07662500437265,7.34936013024264,0.00701820043794393,0.178460645443228,0.162776576804747,"cogn_se_lv"
"13757","LINC01754","Exc L5/6 IT Car3",-0.0509111441180143,1.44926490527155,1.02276512561217,0.312518399839698,0.687409988072963,0.74904474015839,"cogn_se_lv"
"13758","NCOA3","Exc L5/6 IT Car3",0.00592806065267696,5.65841944920795,0.164880814258091,0.68493447714194,0.901848749589734,0.937820022915245,"cogn_se_lv"
"13759","SULF2","Exc L5/6 IT Car3",0.058696646197418,3.3615703232794,1.696970687809,0.193486858120768,0.582038044373481,0.635506832375107,"cogn_se_lv"
"13760","PREX1","Exc L5/6 IT Car3",0.0254204557415443,4.08565027280775,1.10195654640626,0.29451555629708,0.67279121439989,0.733349811627096,"cogn_se_lv"
"13761","ARFGEF2","Exc L5/6 IT Car3",-0.00332949126935989,7.51330114882058,0.0754584263212419,0.783700865643068,0.949524736639513,0.968331340837226,"cogn_se_lv"
"13762","CSE1L","Exc L5/6 IT Car3",0.00325686740323169,5.33478845266636,0.0618266155780806,0.972312527104381,0.998267578294294,0.999183391177547,"cogn_se_lv"
"13763","STAU1","Exc L5/6 IT Car3",-0.0259469437145913,6.28152678463357,7.25126190037688,0.00740413086654763,0.182319318457869,0.167036522797164,"cogn_se_lv"
"13764","DDX27","Exc L5/6 IT Car3",-0.040589310260705,4.3609937771412,6.02893898360787,0.0153545918823365,0.238212872045524,0.230735986733184,"cogn_se_lv"
"13765","ZNFX1","Exc L5/6 IT Car3",-0.00110467507574691,4.80669641189353,0.00682481147264132,0.934203961650859,0.993267436527988,0.996574825362872,"cogn_se_lv"
"13766","ZFAS1","Exc L5/6 IT Car3",-0.034724846344042,4.99797756490169,2.8637928305199,0.0914272437872102,0.441871247275088,0.482570121248111,"cogn_se_lv"
"13767","KCNB1","Exc L5/6 IT Car3",0.00246675593024839,7.99239272758629,0.0627678591419695,0.80231122162693,0.955597215489341,0.973619860573697,"cogn_se_lv"
"13768","PTGIS","Exc L5/6 IT Car3",0.0681933957905929,1.87723617417757,2.2628668850609,0.133353269969146,0.504511652800281,0.556188248008113,"cogn_se_lv"
"13769","B4GALT5","Exc L5/6 IT Car3",0.00424924973631631,6.23764550206863,0.18231641424164,0.905790609225696,0.987810604126722,0.99299714570084,"cogn_se_lv"
"13770","SLC9A8","Exc L5/6 IT Car3",0.0178109467290242,4.28799035391854,0.683397584172082,0.408946773999332,0.760015801455105,0.812638595805493,"cogn_se_lv"
"13771","SPATA2","Exc L5/6 IT Car3",-0.0471414427148766,4.2231216745688,5.36332289625252,0.02110518861964,0.273598817644315,0.267241633374711,"cogn_se_lv"
"13772","RNF114","Exc L5/6 IT Car3",0.0119153030994446,5.11890533318138,0.960032386504334,0.327812642621774,0.700074877560877,0.759731842728103,"cogn_se_lv"
"13773","CEBPB-AS1","Exc L5/6 IT Car3",0.00424164511407106,2.5555867474067,0.019699552779668,0.888455059631162,0.984472057540796,0.990233905945017,"cogn_se_lv"
"13774","CEBPB","Exc L5/6 IT Car3",-0.0541898614209308,4.07179913980945,3.43007221903939,0.0648078310379315,0.391256114988164,0.422078032544391,"cogn_se_lv"
"13775","PTPN1","Exc L5/6 IT Car3",0.00232080405041881,6.48016542009294,0.0304510169084439,0.861565308665687,0.974677562701779,0.986005854466466,"cogn_se_lv"
"13776","RIPOR3","Exc L5/6 IT Car3",0.04691610192266,2.03095882121684,1.161317878248,0.281887575949557,0.662539096936755,0.723140333233505,"cogn_se_lv"
"13777","PARD6B","Exc L5/6 IT Car3",0.0333076391890087,3.92083631024816,3.05327920940411,0.0813957621922708,0.425214114100152,0.462314648342268,"cogn_se_lv"
"13778","BCAS4","Exc L5/6 IT Car3",-0.0030622928950664,4.54339963910053,0.0468983499154896,0.828669229580017,0.96520240999292,0.978984433066825,"cogn_se_lv"
"13779","ADNP","Exc L5/6 IT Car3",-0.0110795200837613,6.734021989318,1.36019985791561,0.244246655491527,0.629640875714338,0.688710936952964,"cogn_se_lv"
"13780","ADNP-AS1","Exc L5/6 IT Car3",-0.0667371788254808,2.26777531181518,3.6940192396865,0.0553680004010872,0.371964734031417,0.396888623645928,"cogn_se_lv"
"13781","DPM1","Exc L5/6 IT Car3",-0.0266386130419819,5.67389284874302,4.91779021131564,0.0271824526440122,0.29594419293694,0.294942987148374,"cogn_se_lv"
"13782","MOCS3","Exc L5/6 IT Car3",-0.0232275253905695,2.14557129608294,0.339931338847263,0.711462260853743,0.916421509419075,0.947297887527954,"cogn_se_lv"
"13783","KCNG1","Exc L5/6 IT Car3",-0.0125985425246131,1.64600552182929,0.0518325283821614,0.820029192292937,0.96198256493546,0.977276804766585,"cogn_se_lv"
"13784","ATP9A","Exc L5/6 IT Car3",0.0172620005528703,7.71690072849307,3.91007057558277,0.0487320804062551,0.354268643104519,0.374819780620993,"cogn_se_lv"
"13785","LINC01429","Exc L5/6 IT Car3",-0.00255614300603267,1.59764095534709,0.00397499154681126,0.949762363632403,0.995054338434123,0.997804640603097,"cogn_se_lv"
"13786","ZFP64","Exc L5/6 IT Car3",0.0215186467378598,4.72955352215109,1.9136761193966,0.167381378889431,0.553264480478595,0.604171021593554,"cogn_se_lv"
"13787","LINC01524","Exc L5/6 IT Car3",0.0269277859493466,1.85161891200877,0.406543832370227,0.524119440112591,0.822318919244339,0.870367983119102,"cogn_se_lv"
"13788","TSHZ2","Exc L5/6 IT Car3",0.024537140747673,7.06899586282383,0.451900168814628,0.501849406408835,0.813665502570012,0.86007796573734,"cogn_se_lv"
"13789","AL109930.1","Exc L5/6 IT Car3",0.0137851942401594,3.61654136658819,0.082086076944048,0.774648861586061,0.945176236681209,0.965899978571001,"cogn_se_lv"
"13790","AL354993.2","Exc L5/6 IT Car3",-0.00136297250691386,2.01140570177617,0.00184717881644293,0.96574137480621,0.997621680933237,0.99892010896344,"cogn_se_lv"
"13791","BCAS1","Exc L5/6 IT Car3",0.00331712373552923,1.98568049370745,0.00441911330183453,0.947034088891464,0.994804925328349,0.997667333812262,"cogn_se_lv"
"13792","CYP24A1","Exc L5/6 IT Car3",-0.0813726604941078,1.60671465624794,2.08817470547396,0.149281384074749,0.528262525244929,0.58028832724246,"cogn_se_lv"
"13793","PFDN4","Exc L5/6 IT Car3",-0.0194148969108742,4.97385589868891,1.12670619555668,0.289164551551939,0.668907627894835,0.728975523634627,"cogn_se_lv"
"13794","DOK5","Exc L5/6 IT Car3",0.024646781410257,5.22733921270018,1.67677597343057,0.196152908356103,0.584257138953203,0.638108489380915,"cogn_se_lv"
"13795","CBLN4","Exc L5/6 IT Car3",-0.00503540727261939,2.2956222335032,0.0134251463284135,0.907820243038654,0.988142976191024,0.993231391996779,"cogn_se_lv"
"13796","FAM210B","Exc L5/6 IT Car3",0.0024530044816921,3.04572717664735,0.00881065670654043,0.985488585322519,0.998390354534415,0.999870711362408,"cogn_se_lv"
"13797","AURKA","Exc L5/6 IT Car3",0.0611837138624392,1.68322709968396,1.67452949523428,0.196452140500199,0.584457460332122,0.638326400831113,"cogn_se_lv"
"13798","CSTF1","Exc L5/6 IT Car3",-0.0185887209846226,3.26733343568607,0.734035869450867,0.479431329719313,0.799918491368195,0.849200442251922,"cogn_se_lv"
"13799","CASS4","Exc L5/6 IT Car3",0.0431398472739883,2.22171363712778,0.959066208841362,0.328055857185601,0.700074877560877,0.75990468868503,"cogn_se_lv"
"13800","RTF2","Exc L5/6 IT Car3",0.0368562486244202,4.53804015114618,5.11905765355049,0.0242380127603252,0.287570640016026,0.282284920445772,"cogn_se_lv"
"13801","RAE1","Exc L5/6 IT Car3",0.000418018751334591,4.13264366301867,0.000586809669789699,0.980686741674231,0.998390354534415,0.999870711362408,"cogn_se_lv"
"13802","RBM38","Exc L5/6 IT Car3",-0.0765351399849715,2.35931504446711,5.3733710778055,0.0209857176331815,0.273009462700476,0.266404931107624,"cogn_se_lv"
"13803","PMEPA1","Exc L5/6 IT Car3",-0.0237655739926017,4.24960724588742,0.887748733288407,0.346696839845539,0.715260611242374,0.772065035944128,"cogn_se_lv"
"13804","RAB22A","Exc L5/6 IT Car3",-0.0241989113525791,5.32572828554146,3.83287697674213,0.0510004593572035,0.359341608067018,0.381795636853364,"cogn_se_lv"
"13805","VAPB","Exc L5/6 IT Car3",-0.00961167776791917,5.79101897341828,0.780910531173535,0.377430998718402,0.736951397959366,0.793292344599285,"cogn_se_lv"
"13806","STX16-NPEPL1","Exc L5/6 IT Car3",0.0172681349736748,4.57446157136001,0.77982477322485,0.377762489874807,0.73708833045303,0.793485568867667,"cogn_se_lv"
"13807","NPEPL1","Exc L5/6 IT Car3",0.0120018191783303,4.27743981299956,0.278479522795731,0.598012726747949,0.863440835411477,0.904027379185994,"cogn_se_lv"
"13808","GNAS","Exc L5/6 IT Car3",-0.0519868933613302,8.87069249560012,6.28848832549119,0.0125757498358512,0.222716674308113,0.212101533992044,"cogn_se_lv"
"13809","NELFCD","Exc L5/6 IT Car3",-0.0103618203086282,5.2548098339123,0.655551347534772,0.418650161217733,0.766023776143254,0.818249425588039,"cogn_se_lv"
"13810","CTSZ","Exc L5/6 IT Car3",0.0236150168813044,2.52113074627821,0.422430306775698,0.516126205135928,0.819931274816853,0.86682590432684,"cogn_se_lv"
"13811","ATP5F1E","Exc L5/6 IT Car3",-0.112282991627371,5.68834943304078,9.94570418609547,0.00174269743954715,0.0989672088362753,0.083008963003537,"cogn_se_lv"
"13812","PRELID3B","Exc L5/6 IT Car3",-0.0815449335825364,2.75962932736858,8.59819838703788,0.00357217058585509,0.133760840185669,0.118065884022299,"cogn_se_lv"
"13813","ZNF831","Exc L5/6 IT Car3",-0.0155857729104386,5.28659957338301,0.81310077376958,0.36778592039316,0.729410478717878,0.786611945802976,"cogn_se_lv"
"13814","PHACTR3","Exc L5/6 IT Car3",0.0263429982086062,8.06034821463234,3.68401676096987,0.0556976158468013,0.373176450971821,0.397833468680153,"cogn_se_lv"
"13815","SYCP2","Exc L5/6 IT Car3",0.00915179788639992,4.9518710383191,0.245828142447134,0.620319525725748,0.874205420398817,0.913368001439108,"cogn_se_lv"
"13816","FAM217B","Exc L5/6 IT Car3",-0.0244105251030562,6.17085029376249,2.47646580196402,0.116407925050398,0.484635963568118,0.528127336526824,"cogn_se_lv"
"13817","CDH26","Exc L5/6 IT Car3",0.0294799950072847,3.97429354476733,1.89604145674003,0.169346417425953,0.556651295212605,0.607279812952506,"cogn_se_lv"
"13818","MIR646HG","Exc L5/6 IT Car3",0.0347425598952233,5.63105523234025,1.0366466045846,0.309261414062042,0.685001081063068,0.746205561488272,"cogn_se_lv"
"13819","CDH4","Exc L5/6 IT Car3",-0.00639946081986907,4.84995180537256,0.0830972312673552,0.773303030783539,0.944684366070698,0.965537080322022,"cogn_se_lv"
"13820","TAF4","Exc L5/6 IT Car3",0.0363908512833118,4.68451055712526,5.02605224039064,0.0255549429321307,0.290028951004157,0.287616534020902,"cogn_se_lv"
"13821","LSM14B","Exc L5/6 IT Car3",-0.000148464519533614,3.86560616808866,6.19041827600496e-05,0.993726570673792,0.999242764926216,0.999870711362408,"cogn_se_lv"
"13822","PSMA7","Exc L5/6 IT Car3",-0.045080972482318,5.27012364295681,2.32816852757553,0.127897200484982,0.497732012124019,0.547312081037617,"cogn_se_lv"
"13823","SS18L1","Exc L5/6 IT Car3",0.0184741322272767,5.15337028624385,2.3290332356511,0.127826648009052,0.497660539554593,0.547143449056846,"cogn_se_lv"
"13824","MTG2","Exc L5/6 IT Car3",0.0175826321770264,5.0780596531474,1.40570170397623,0.236524633908658,0.623413960584731,0.681357546760662,"cogn_se_lv"
"13825","OSBPL2","Exc L5/6 IT Car3",-0.0043365213160869,4.16650793496572,0.0721105629822139,0.788436418215642,0.950495243619579,0.969718003004116,"cogn_se_lv"
"13826","ADRM1","Exc L5/6 IT Car3",-0.0465505927183841,3.49097088788699,1.7543569517959,0.186139427535495,0.573281126630232,0.626699585810456,"cogn_se_lv"
"13827","AL354836.1","Exc L5/6 IT Car3",-0.070683013894748,1.89176704193623,2.35819685340342,0.125472417201318,0.494718008042931,0.543364656328368,"cogn_se_lv"
"13828","LAMA5","Exc L5/6 IT Car3",-0.00998598103424826,3.97693063874089,0.210146172465855,0.646919348229255,0.886441433680369,0.923747324315623,"cogn_se_lv"
"13829","AL121832.2","Exc L5/6 IT Car3",0.0489514668095263,1.7729968284443,1.09683362171131,0.295638978936244,0.673857210578909,0.734195575388485,"cogn_se_lv"
"13830","RPS21","Exc L5/6 IT Car3",-0.0459271251647726,3.90408434263304,2.92961195848095,0.0877981564819837,0.436438510419163,0.474914339253979,"cogn_se_lv"
"13831","CABLES2","Exc L5/6 IT Car3",-0.018829640983316,2.91125353791682,0.525635224438216,0.468901450376726,0.79374309186057,0.844537196116744,"cogn_se_lv"
"13832","SLCO4A1","Exc L5/6 IT Car3",-0.00826964541532301,2.29767050389921,0.0537963594326727,0.816711253776824,0.959947755253107,0.976917099072405,"cogn_se_lv"
"13833","NTSR1","Exc L5/6 IT Car3",-0.0265248929050776,2.77228788269224,0.642547542117589,0.42329922792975,0.769245114478639,0.82074490447259,"cogn_se_lv"
"13834","MRGBP","Exc L5/6 IT Car3",0.000721610561472613,3.47731088270378,0.00111366523154433,0.973396056521955,0.998267578294294,0.999391803649814,"cogn_se_lv"
"13835","OGFR","Exc L5/6 IT Car3",0.0144211502987912,5.85246637058447,1.03080843117112,0.310625787643188,0.686008830528048,0.747409480693911,"cogn_se_lv"
"13836","COL9A3","Exc L5/6 IT Car3",-0.0212046961509605,1.99721472231213,0.281218445697884,0.596218692321105,0.862418526343623,0.90326384849346,"cogn_se_lv"
"13837","TCFL5","Exc L5/6 IT Car3",-0.00544121907181945,4.23326251293415,0.0841057636445176,0.771969496958823,0.944179492823356,0.965137170439076,"cogn_se_lv"
"13838","DIDO1","Exc L5/6 IT Car3",0.0171821059241702,5.96440680390745,1.77552969741044,0.18351119344159,0.5701580754082,0.624079813479596,"cogn_se_lv"
"13839","GID8","Exc L5/6 IT Car3",-0.00744962477380024,5.07327635238368,0.240563617945066,0.624087211353206,0.875827296068406,0.914941171063626,"cogn_se_lv"
"13840","HAR1A","Exc L5/6 IT Car3",0.015989232694332,2.34003487396197,0.205171297573195,0.650841595037882,0.887629788936254,0.924898015112352,"cogn_se_lv"
"13841","YTHDF1","Exc L5/6 IT Car3",-0.0073971978960274,4.52240663678437,0.286598741856117,0.592726880161403,0.860082498411168,0.901795895154418,"cogn_se_lv"
"13842","ARFGAP1","Exc L5/6 IT Car3",-0.00377356149728917,4.78261010114094,0.0554411649865087,0.813981114941013,0.959646010987249,0.976467330854397,"cogn_se_lv"
"13843","COL20A1","Exc L5/6 IT Car3",0.0227748880902599,1.84581149782632,0.270996047703605,0.602972702781131,0.866657447965374,0.905941008356454,"cogn_se_lv"
"13844","CHRNA4","Exc L5/6 IT Car3",-0.0370715372555477,4.22240199712275,3.27635495259767,0.0710880704169141,0.407921477895715,0.43766859929484,"cogn_se_lv"
"13845","KCNQ2","Exc L5/6 IT Car3",0.013196830928579,6.81066209656859,0.521402728405675,0.470695547627731,0.794633044963293,0.845471042135165,"cogn_se_lv"
"13846","EEF1A2","Exc L5/6 IT Car3",-0.0584395243048052,6.85760078960886,3.46509496589534,0.0634618860406368,0.388692667696058,0.41879389009116,"cogn_se_lv"
"13847","PPDPF","Exc L5/6 IT Car3",-0.0510427042381146,5.50206856480501,2.5581375789222,0.110572908875672,0.474280119174079,0.517545524235616,"cogn_se_lv"
"13848","GMEB2","Exc L5/6 IT Car3",-0.00268812399253431,3.52417462043384,0.0189826371374503,0.890490483833766,0.985413409436739,0.990594231814275,"cogn_se_lv"
"13849","MHENCR","Exc L5/6 IT Car3",0.0510697590493601,3.19800559420513,3.83714121716755,0.0508722724821531,0.359304393529296,0.38152770621863,"cogn_se_lv"
"13850","STMN3","Exc L5/6 IT Car3",-0.0237365841362727,6.61108274879938,1.88042506102005,0.171108754655985,0.557772399333489,0.609202924200061,"cogn_se_lv"
"13851","ARFRP1","Exc L5/6 IT Car3",0.0115340016790577,4.31340735351791,0.504775247809795,0.966326693631082,0.997621680933237,0.99892010896344,"cogn_se_lv"
"13852","SLC2A4RG","Exc L5/6 IT Car3",0.0347038039075872,2.65510747274157,1.34322654571256,0.247205852912972,0.631170666773018,0.691684577961315,"cogn_se_lv"
"13853","ZBTB46","Exc L5/6 IT Car3",0.0145958547640588,5.96816579598496,0.939411114691694,0.333056249521709,0.70300741172083,0.762687818137425,"cogn_se_lv"
"13854","TPD52L2","Exc L5/6 IT Car3",0.0280766312415361,5.71733049481172,4.652811555806,0.03163984589224,0.307073851345728,0.314476117687912,"cogn_se_lv"
"13855","DNAJC5","Exc L5/6 IT Car3",-0.000321013636750867,6.44460505047404,0.000886735018712248,0.976259925185823,0.998267578294294,0.999481105410931,"cogn_se_lv"
"13856","UCKL1","Exc L5/6 IT Car3",-0.0388608704015867,3.46652071918423,2.87872058550592,0.0930292974156409,0.444495773743159,0.48565969415127,"cogn_se_lv"
"13857","ZNF512B","Exc L5/6 IT Car3",-0.0102252205386177,3.83205701202255,0.254001356178233,0.614568592459806,0.872292765527302,0.911347496786145,"cogn_se_lv"
"13858","SAMD10","Exc L5/6 IT Car3",0.013684769120223,2.52543301677355,0.198246824688609,0.656397514761546,0.889805139802712,0.927154327746179,"cogn_se_lv"
"13859","PRPF6","Exc L5/6 IT Car3",0.0238521689714493,5.0741694845388,3.36499296822115,0.0673907986101279,0.397666793252792,0.42801117505052,"cogn_se_lv"
"13860","TCEA2","Exc L5/6 IT Car3",-0.0168333404376438,5.01570623559545,0.847164231256489,0.357949605976506,0.722480441660001,0.779937648748429,"cogn_se_lv"
"13861","RGS19","Exc L5/6 IT Car3",-0.020101033122667,1.74475868442366,0.169285518307817,0.680983451420203,0.900862474773406,0.936324878756562,"cogn_se_lv"
"13862","OPRL1","Exc L5/6 IT Car3",0.00328825401120449,3.81772834785737,0.0215252788583651,0.8834361319957,0.982622493848624,0.989303651647034,"cogn_se_lv"
"13863","LKAAEAR1","Exc L5/6 IT Car3",0.00776037396257663,1.8326486354575,0.0311303557531326,0.860045463701973,0.973958770152566,0.985540635368953,"cogn_se_lv"
"13864","MYT1","Exc L5/6 IT Car3",0.0540096879464773,2.12687116144768,1.85342988997522,0.174205322040922,0.5608828255669,0.612794163202993,"cogn_se_lv"
"13865","PCMTD2","Exc L5/6 IT Car3",0.0104547909451198,5.58543477749363,0.570462271614802,0.450551074755135,0.783309836908232,0.834861110887253,"cogn_se_lv"
"13866","LINC00266-1","Exc L5/6 IT Car3",-0.0121351278384869,3.07716232045192,0.182228109882859,0.669711231099693,0.896717017849796,0.932007314644674,"cogn_se_lv"
"13867","AC016588.2","Exc L5/6 IT Car3",-0.00926183508671151,3.44131373574718,0.185821517623405,0.666665888705161,0.894974531330464,0.931060341260111,"cogn_se_lv"
"13868","MIER2","Exc L5/6 IT Car3",0.00367765734755613,3.86679240328737,0.0348205232513526,0.962529422236855,0.997271804095964,0.998755858281755,"cogn_se_lv"
"13869","C2CD4C","Exc L5/6 IT Car3",0.0237826997661816,3.63852024839772,1.02098491277175,0.312939325237612,0.687818293660267,0.74926737150705,"cogn_se_lv"
"13870","SHC2","Exc L5/6 IT Car3",-0.0333463467143905,5.58956936105766,5.80417137100675,0.0164711707934817,0.244862693729978,0.238841919873996,"cogn_se_lv"
"13871","ODF3L2","Exc L5/6 IT Car3",0.0545575676789077,1.84004713409017,1.48117976101644,0.22435810057223,0.613347328205442,0.669944518511702,"cogn_se_lv"
"13872","MADCAM1","Exc L5/6 IT Car3",0.010337097511299,3.61532397052826,0.214082116890839,0.996970283004681,0.999242764926216,0.999954262357359,"cogn_se_lv"
"13873","AC005775.1","Exc L5/6 IT Car3",-0.0170106090306088,2.05533782726695,0.248180384518978,0.618652321922118,0.873641849271671,0.912741488148277,"cogn_se_lv"
"13874","TPGS1","Exc L5/6 IT Car3",-0.0308507321469285,3.44490092822169,1.78782508815823,0.182004761223354,0.569088434625643,0.62208380610744,"cogn_se_lv"
"13875","CDC34","Exc L5/6 IT Car3",-0.0333412765032292,4.27051585646113,2.29765016365042,0.130415328540969,0.500896407847644,0.552038390815897,"cogn_se_lv"
"13876","BSG","Exc L5/6 IT Car3",-0.0503221152677321,6.78507620755047,5.51333367680648,0.0193927622000957,0.263264301473371,0.25691387188152,"cogn_se_lv"
"13877","HCN2","Exc L5/6 IT Car3",-0.0106294754968415,4.4857951778011,0.349622019121797,0.554684678523786,0.839929682996154,0.884550486850169,"cogn_se_lv"
"13878","POLRMT","Exc L5/6 IT Car3",-0.0199842471658959,2.66745872041092,0.503951530074604,0.478211732362037,0.799547311799968,0.848658039434017,"cogn_se_lv"
"13879","FGF22","Exc L5/6 IT Car3",0.0742266407144156,3.38739070305613,7.34324349352295,0.00704164917831526,0.178460645443228,0.163036234687721,"cogn_se_lv"
"13880","RNF126","Exc L5/6 IT Car3",-0.0363213365468315,4.86212108700841,4.95217007289501,0.0266542054531438,0.294122831734863,0.292582986030164,"cogn_se_lv"
"13881","FSTL3","Exc L5/6 IT Car3",-0.0563301701443671,3.50413726948642,5.60388483811009,0.0184295317566318,0.258080522051467,0.250328898456572,"cogn_se_lv"
"13882","PALM","Exc L5/6 IT Car3",-0.0102009755460593,6.27867023103265,0.620422371416131,0.431389710274011,0.773515637015884,0.824989665639549,"cogn_se_lv"
"13883","PTBP1","Exc L5/6 IT Car3",-0.00605450326657819,4.20972044524104,0.143751648345641,0.704794839291942,0.912568784847971,0.945019174268055,"cogn_se_lv"
"13884","PLPPR3","Exc L5/6 IT Car3",0.0240107195830483,3.66656085125492,0.869918445729412,0.351580129767577,0.718950066054081,0.775169711655027,"cogn_se_lv"
"13885","PRTN3","Exc L5/6 IT Car3",0.0224126105617008,1.5035080806286,0.178649042927551,0.672779924976202,0.897778812571208,0.933113082802096,"cogn_se_lv"
"13886","CFD","Exc L5/6 IT Car3",-0.0525343214553072,1.5326000245459,0.937232634743032,0.333616721746322,0.703632573138323,0.763113303082888,"cogn_se_lv"
"13887","MED16","Exc L5/6 IT Car3",-0.00470896997601297,3.63317629343798,0.0470344047370964,0.828424765664501,0.96520240999292,0.978924080043398,"cogn_se_lv"
"13888","R3HDM4","Exc L5/6 IT Car3",-0.00668531125151578,3.50707819102004,0.0843772116570354,0.807344761264641,0.956876078233564,0.974801502688225,"cogn_se_lv"
"13889","KISS1R","Exc L5/6 IT Car3",-0.022796334788352,1.38334454422251,0.123811186315879,0.725135496999309,0.923824912757108,0.951583125201813,"cogn_se_lv"
"13890","ARID3A","Exc L5/6 IT Car3",-0.00463676387921955,5.06126783919589,0.0631548139229769,0.801715510134297,0.955572858244753,0.973439634812672,"cogn_se_lv"
"13891","WDR18","Exc L5/6 IT Car3",-0.00154945690902634,4.01543962588949,0.00572972613183707,0.939702298541679,0.994539668727838,0.997362934282003,"cogn_se_lv"
"13892","TMEM259","Exc L5/6 IT Car3",0.00411451789240365,5.67307655488033,0.0731550646001067,0.786946534224195,0.950159726158674,0.969207029553463,"cogn_se_lv"
"13893","ABCA7","Exc L5/6 IT Car3",-0.0274638423734258,4.52488805915015,2.11666255736333,0.14654324158747,0.523989706917957,0.576505801557748,"cogn_se_lv"
"13894","POLR2E","Exc L5/6 IT Car3",-0.0256519069344586,4.73793430588011,1.4926583902303,0.222574629580411,0.611464396508842,0.66775734687065,"cogn_se_lv"
"13895","GPX4","Exc L5/6 IT Car3",-0.0639243024899458,6.05706392118935,3.88869749804109,0.0493492220001734,0.355897153975008,0.37670669928375,"cogn_se_lv"
"13896","SBNO2","Exc L5/6 IT Car3",0.0124116097772081,3.15003805333574,0.298151852621572,0.58536920602168,0.855943612830974,0.898446445561191,"cogn_se_lv"
"13897","STK11","Exc L5/6 IT Car3",-0.00375253266434556,4.46319558913831,0.0560273228074336,0.813018526693302,0.959168656635487,0.976376206612162,"cogn_se_lv"
"13898","CBARP","Exc L5/6 IT Car3",-0.0364207089299771,3.55964534266985,1.31643918364857,0.251966173928954,0.635147462215056,0.696647151834493,"cogn_se_lv"
"13899","ATP5F1D","Exc L5/6 IT Car3",-0.0533516264750226,5.17711074419761,3.10235526416226,0.078996897694534,0.42053346783773,0.456881629653195,"cogn_se_lv"
"13900","MIDN","Exc L5/6 IT Car3",-0.0254611004380302,2.89190180593753,0.225147275865236,0.635422799476585,0.882191509836104,0.919788246532584,"cogn_se_lv"
"13901","CIRBP","Exc L5/6 IT Car3",0.0436023610955194,6.40322508583243,2.72516994831338,0.099617767428691,0.455471610435994,0.496938631101274,"cogn_se_lv"
"13902","C19orf24","Exc L5/6 IT Car3",-0.0572157774106403,3.12765874422306,2.38252832136769,0.123545240019403,0.492780838497124,0.540561846321215,"cogn_se_lv"
"13903","MUM1","Exc L5/6 IT Car3",-0.014804339628579,5.68035347901243,1.3153795775355,0.252156782975695,0.635310043576555,0.696819293558571,"cogn_se_lv"
"13904","NDUFS7","Exc L5/6 IT Car3",-0.0355573725124883,4.73498120027254,2.9546676469911,0.0864581053950319,0.434373509228393,0.472719748280861,"cogn_se_lv"
"13905","GAMT","Exc L5/6 IT Car3",-0.019467224287273,4.37037627984276,1.0138976568997,0.314622462365798,0.689278511417254,0.750313156773363,"cogn_se_lv"
"13906","DAZAP1","Exc L5/6 IT Car3",0.00160322561626527,5.0445437508413,0.0140082366292122,0.974420079248963,0.998267578294294,0.999481105410931,"cogn_se_lv"
"13907","RPS15","Exc L5/6 IT Car3",-0.05394975268771,6.63245727333009,2.01552222263331,0.15653138245743,0.538502829835899,0.589867811310608,"cogn_se_lv"
"13908","APC2","Exc L5/6 IT Car3",-0.011145447881191,5.86400534447348,0.664248304605454,0.415583262856855,0.764207635721845,0.816318520304336,"cogn_se_lv"
"13909","C19orf25","Exc L5/6 IT Car3",0.00680716811664914,4.67031480104141,0.180714555832951,0.671004570877936,0.896973919231145,0.932526162622504,"cogn_se_lv"
"13910","PCSK4","Exc L5/6 IT Car3",0.0631770503497868,2.5114397474355,4.15314138014211,0.0422611739805788,0.336333020566854,0.354832608183215,"cogn_se_lv"
"13911","REEP6","Exc L5/6 IT Car3",-0.00154835151178857,1.87323134351451,0.000984325206575171,0.974988060194089,0.998267578294294,0.999481105410931,"cogn_se_lv"
"13912","PLK5","Exc L5/6 IT Car3",-0.0436297440466656,2.20458107662862,1.39754067480547,0.237887485421931,0.624685280902288,0.682914534237226,"cogn_se_lv"
"13913","MBD3","Exc L5/6 IT Car3",-0.0304705587264994,4.00253783137184,2.08115634841288,0.149964836000772,0.528946983047922,0.581089476489142,"cogn_se_lv"
"13914","UQCR11","Exc L5/6 IT Car3",-0.0952804350000674,1.93623324326628,1.45462252703305,0.228550747947035,0.617195299334071,0.674174914159275,"cogn_se_lv"
"13915","TCF3","Exc L5/6 IT Car3",0.0114188136467175,2.98537891975031,0.206217210092828,0.650012258029175,0.88742216518162,0.924608129750732,"cogn_se_lv"
"13916","REXO1","Exc L5/6 IT Car3",-0.00101280723475043,4.55658751817216,0.00427327409984263,0.947914140808508,0.994804925328349,0.997804640603097,"cogn_se_lv"
"13917","KLF16","Exc L5/6 IT Car3",-0.0306227811146279,3.74814807275879,1.45489907455764,0.228506604547086,0.617184388202818,0.674153314476939,"cogn_se_lv"
"13918","AC012615.1","Exc L5/6 IT Car3",0.0167347791730535,2.95282576735142,0.298880837789175,0.584911185730847,0.85579931877134,0.898159036721685,"cogn_se_lv"
"13919","ABHD17A","Exc L5/6 IT Car3",-0.0502667143039518,4.96456797982839,10.1509959110674,0.00156353078383185,0.0955024320442973,0.0797092364253907,"cogn_se_lv"
"13920","SCAMP4","Exc L5/6 IT Car3",-0.0162334999082085,4.2295259083977,1.0468490147657,0.306895814586405,0.682998672933304,0.743884849958802,"cogn_se_lv"
"13921","CSNK1G2","Exc L5/6 IT Car3",-0.00432378958800084,4.69387744976946,0.0790053942115795,0.778805392127215,0.947195747181748,0.967177276028529,"cogn_se_lv"
"13922","BTBD2","Exc L5/6 IT Car3",-0.00389975822194043,5.23399422351811,0.0645234994402658,0.799623866386646,0.954829784589432,0.972786795104253,"cogn_se_lv"
"13923","MKNK2","Exc L5/6 IT Car3",-0.0409803194538363,3.69438064142153,1.43936057656637,0.231002959333646,0.619685470480183,0.676935401005275,"cogn_se_lv"
"13924","MOB3A","Exc L5/6 IT Car3",0.0103435234225332,4.24199993490223,0.351791285210023,0.553459673061264,0.839314876805382,0.883895648322473,"cogn_se_lv"
"13925","IZUMO4","Exc L5/6 IT Car3",0.0431733474119802,2.18686569241266,1.36850000995519,0.242815366721379,0.627738702140438,0.68708274141997,"cogn_se_lv"
"13926","AP3D1","Exc L5/6 IT Car3",0.00396342964501776,5.67390877363758,0.127002115746988,0.721761956009886,0.92177303792645,0.950433707727444,"cogn_se_lv"
"13927","DOT1L","Exc L5/6 IT Car3",0.0091065632400805,4.38586451250853,0.0910432215591887,0.763022933116922,0.941167215918009,0.962850724261694,"cogn_se_lv"
"13928","PLEKHJ1","Exc L5/6 IT Car3",0.00271685274925666,4.23691017188346,0.0148080635737358,0.903211222466161,0.987810604126722,0.992744989013678,"cogn_se_lv"
"13929","SF3A2","Exc L5/6 IT Car3",0.026060087771865,3.74387844982511,1.64787425744205,0.200043941605785,0.586973548391427,0.642198368386446,"cogn_se_lv"
"13930","AMH","Exc L5/6 IT Car3",0.0244533346720685,2.82344163648855,0.516465582527787,0.472802393706161,0.795908671587733,0.846310842822841,"cogn_se_lv"
"13931","AC005258.1","Exc L5/6 IT Car3",0.168220734255939,2.13957221950732,10.7613578769774,0.0011338405526779,0.08662109232943,0.0685534041397533,"cogn_se_lv"
"13932","LSM7","Exc L5/6 IT Car3",-0.00383683621286974,4.14952856539677,0.0249409242745407,0.874599660253861,0.979751648832088,0.988122988421575,"cogn_se_lv"
"13933","SPPL2B","Exc L5/6 IT Car3",0.0222849853179862,4.88275133204855,1.95419588805253,0.162964661194664,0.546797415349111,0.598444976808199,"cogn_se_lv"
"13934","TMPRSS9","Exc L5/6 IT Car3",0.11231975158089,2.30416768887721,7.09327337452166,0.00807209909429956,0.190486582191658,0.174208787461782,"cogn_se_lv"
"13935","TIMM13","Exc L5/6 IT Car3",-0.00613192203927795,4.17461145381332,0.0470457009097105,0.828404485306299,0.96520240999292,0.978924080043398,"cogn_se_lv"
"13936","LMNB2","Exc L5/6 IT Car3",0.00414577059951791,3.33472634832285,0.0359397236453164,0.976791451117642,0.998267578294294,0.999481105410931,"cogn_se_lv"
"13937","GADD45B","Exc L5/6 IT Car3",-0.142147924930711,3.21193591471603,8.21685299164677,0.00438528928005295,0.145651034325684,0.130014761254712,"cogn_se_lv"
"13938","GNG7","Exc L5/6 IT Car3",0.0107528831492251,8.16639358390516,0.509837556369631,0.475654942824662,0.798030041433724,0.847685373490614,"cogn_se_lv"
"13939","DIRAS1","Exc L5/6 IT Car3",-0.0211304854208775,5.92916853633916,0.914121576795034,0.339641329281247,0.709568293748349,0.767109336252489,"cogn_se_lv"
"13940","AC006538.2","Exc L5/6 IT Car3",-0.038070189873389,2.2236353274456,0.886672980007469,0.346988835778123,0.715260611242374,0.77221863494289,"cogn_se_lv"
"13941","SGTA","Exc L5/6 IT Car3",-0.00620442169267092,5.34706758227302,0.164793268547775,0.685013626098724,0.901848749589734,0.937820022915245,"cogn_se_lv"
"13942","THOP1","Exc L5/6 IT Car3",-0.00922728742132201,4.86147942495096,0.436777491898313,0.509089176777914,0.816961913286198,0.863634761253121,"cogn_se_lv"
"13943","ZNF554","Exc L5/6 IT Car3",0.0254386335521024,3.03053476988653,1.07472814468541,0.300550293313485,0.678408078698151,0.738889167706086,"cogn_se_lv"
"13944","ZNF555","Exc L5/6 IT Car3",0.0169322512813615,3.7270090815557,0.662323358986667,0.416259189684336,0.764466459336747,0.81674685868387,"cogn_se_lv"
"13945","ZNF57","Exc L5/6 IT Car3",0.0526754675119796,2.34654138818741,2.58521835217184,0.108710090980201,0.471062624611416,0.51411144799562,"cogn_se_lv"
"13946","AC119403.1","Exc L5/6 IT Car3",0.00119604535624285,2.74952988504966,0.00172112601834337,0.96693024768943,0.997621680933237,0.99892010896344,"cogn_se_lv"
"13947","ZNF77","Exc L5/6 IT Car3",0.0479387396755004,2.65620145254168,2.52016014847542,0.113244935669668,0.47906529960313,0.522204842436268,"cogn_se_lv"
"13948","TLE6","Exc L5/6 IT Car3",0.0828913032510469,1.72087645649808,3.25408791772997,0.0720507608310825,0.410645891547753,0.440290595427662,"cogn_se_lv"
"13949","TLE2","Exc L5/6 IT Car3",-0.0358608509924215,5.14885625415428,4.13927966043417,0.0426046025206171,0.337807744869808,0.355973760999083,"cogn_se_lv"
"13950","AES","Exc L5/6 IT Car3",-0.0359925700655685,6.9391234957162,3.95166337001336,0.0475544317366677,0.352349082051382,0.371197972205363,"cogn_se_lv"
"13951","GNA11","Exc L5/6 IT Car3",-0.0121153155533134,5.10180374979231,0.634624365317403,0.426169961192133,0.770666174753535,0.82250266758269,"cogn_se_lv"
"13952","NCLN","Exc L5/6 IT Car3",0.0132341718372978,4.64831854972787,0.933854840715486,0.346971501920513,0.715260611242374,0.77221863494289,"cogn_se_lv"
"13953","CELF5","Exc L5/6 IT Car3",-0.00185739221501813,7.75033492636699,0.0229273649134493,0.87972782174518,0.981383038672293,0.988923094115778,"cogn_se_lv"
"13954","NFIC","Exc L5/6 IT Car3",-0.0294728376425641,6.61721348140572,3.85149237233797,0.0504433706844518,0.358520990204702,0.380267564639152,"cogn_se_lv"
"13955","DOHH","Exc L5/6 IT Car3",0.00327707886241298,3.27781256752038,0.0144949724225279,0.904234904926178,0.987810604126722,0.992777214734694,"cogn_se_lv"
"13956","FZR1","Exc L5/6 IT Car3",-0.0100283097317426,3.6068494646775,0.22264277803095,0.63730899291622,0.883276385755741,0.920444439217366,"cogn_se_lv"
"13957","MFSD12","Exc L5/6 IT Car3",0.0167472853299522,4.36455467509056,1.03300557436123,0.68600464034183,0.902138058659596,0.938104836746876,"cogn_se_lv"
"13958","AC005786.3","Exc L5/6 IT Car3",0.0341964573433628,2.31721341202176,0.845366217709707,0.358459654772334,0.722931999337731,0.780238602920612,"cogn_se_lv"
"13959","CACTIN","Exc L5/6 IT Car3",-0.00265959007154708,3.01312003707868,0.00957642704709531,0.978980121300895,0.998390354534415,0.999705838266784,"cogn_se_lv"
"13960","PIP5K1C","Exc L5/6 IT Car3",-0.0216386472547088,6.10628184977159,2.4290011136096,0.1199552737495,0.489738487304808,0.534927349679927,"cogn_se_lv"
"13961","APBA3","Exc L5/6 IT Car3",-0.00189727022772736,2.92831061060923,0.00623159126873269,0.937122261785807,0.994224741262758,0.997226423542895,"cogn_se_lv"
"13962","MRPL54","Exc L5/6 IT Car3",-0.00856415942436335,3.11519904096675,0.0612032641720163,0.804740013441658,0.956283090413124,0.974117592502999,"cogn_se_lv"
"13963","MATK","Exc L5/6 IT Car3",-0.0368922379927695,4.85284486582697,5.52726193369648,0.0192412657427359,0.262520460798497,0.255627619355597,"cogn_se_lv"
"13964","ZFR2","Exc L5/6 IT Car3",0.0463468235306787,6.45500714665554,11.8217191204591,0.00065139453734449,0.0625070178453861,0.0513855026732068,"cogn_se_lv"
"13965","ATCAY","Exc L5/6 IT Car3",-0.00143475765644058,7.21245188163267,0.0178373792126645,0.893825060716146,0.9857013440361,0.991178405187973,"cogn_se_lv"
"13966","DAPK3","Exc L5/6 IT Car3",-0.0088727461088719,4.66314143572617,0.291969119049841,0.58928332605377,0.858759934902261,0.900368741269897,"cogn_se_lv"
"13967","EEF2","Exc L5/6 IT Car3",-0.0354868789248639,6.58418876469844,2.58422889633641,0.108777540470467,0.471062624611416,0.514198829932407,"cogn_se_lv"
"13968","PIAS4","Exc L5/6 IT Car3",-0.0102254377806386,4.49101736685504,0.355048230084131,0.55163000274496,0.838006643815233,0.88282825222163,"cogn_se_lv"
"13969","ZBTB7A","Exc L5/6 IT Car3",-0.0272561574421228,6.37327551551557,2.73973275474251,0.0987207044970325,0.45416873341001,0.495540196265537,"cogn_se_lv"
"13970","MAP2K2","Exc L5/6 IT Car3",-0.0316619875042325,5.7048107635076,3.92399947877221,0.0483342952336437,0.353290010302783,0.373567150936941,"cogn_se_lv"
"13971","SIRT6","Exc L5/6 IT Car3",-0.00765926988124354,3.80515501113528,0.109691982285461,0.74068073378003,0.931072322502814,0.956572970214813,"cogn_se_lv"
"13972","ANKRD24","Exc L5/6 IT Car3",0.0222559578224136,5.90359206606561,2.0145883977701,0.156627142758529,0.538502829835899,0.589990157000577,"cogn_se_lv"
"13973","EBI3","Exc L5/6 IT Car3",0.146707572495181,1.40388315442575,4.03118355998571,0.0453860114757841,0.345711662278728,0.363784739249219,"cogn_se_lv"
"13974","YJU2","Exc L5/6 IT Car3",-0.0399854952350779,3.15525294087645,3.34078313801736,0.0683796784378142,0.400264255083555,0.430688215971485,"cogn_se_lv"
"13975","FSD1","Exc L5/6 IT Car3",-0.0378926701043806,5.35404785428556,7.81028177636785,0.00546287056104872,0.159113467050328,0.145089901470634,"cogn_se_lv"
"13976","STAP2","Exc L5/6 IT Car3",0.0420195656946398,2.13097150299517,1.22897555272577,0.268319357305804,0.651342204714067,0.711832743999633,"cogn_se_lv"
"13977","MPND","Exc L5/6 IT Car3",-0.00988318043832565,2.81865941051729,0.113577582988974,0.736296504834568,0.928896074219526,0.955248006000965,"cogn_se_lv"
"13978","AC007292.3","Exc L5/6 IT Car3",0.0474146272316945,1.54288149269121,0.615409726878224,0.433255214885059,0.77353077346411,0.825869250835887,"cogn_se_lv"
"13979","SH3GL1","Exc L5/6 IT Car3",-0.0155013406055033,6.05135772892104,1.20079126780354,0.273869326244285,0.656109733950739,0.716336203728554,"cogn_se_lv"
"13980","CHAF1A","Exc L5/6 IT Car3",0.0184065828954029,3.33714920092695,0.530869846423192,0.46669775463613,0.79215599910114,0.843436805345114,"cogn_se_lv"
"13981","UBXN6","Exc L5/6 IT Car3",-0.0160664787680717,5.15841747159307,1.03293859059598,0.31012706393433,0.685742619952766,0.746934941272392,"cogn_se_lv"
"13982","AC011498.1","Exc L5/6 IT Car3",0.0187292894475001,2.00519734649265,0.227504730221275,0.848659051024188,0.971136553429121,0.983192456724348,"cogn_se_lv"
"13983","HDGFL2","Exc L5/6 IT Car3",-0.0214168507837325,5.16755784169667,2.86348659319681,0.0914445061329586,0.441871247275088,0.482570121248111,"cogn_se_lv"
"13984","PLIN5","Exc L5/6 IT Car3",-0.0182328202897916,1.84695706113809,0.207229754590301,0.849691692497856,0.971382792121677,0.98331953398251,"cogn_se_lv"
"13985","SEMA6B","Exc L5/6 IT Car3",-0.0149585680661778,5.57756308301803,1.0687409604416,0.301898592887898,0.679307849352746,0.740061589366534,"cogn_se_lv"
"13986","TNFAIP8L1","Exc L5/6 IT Car3",-0.0044099712600381,4.3819023298234,0.0677925185736708,0.79472182224833,0.952329583773401,0.971523440392989,"cogn_se_lv"
"13987","MYDGF","Exc L5/6 IT Car3",-0.00461325482214895,4.22815428601245,0.0395591448392508,0.842453203651474,0.970099241718933,0.981925911590114,"cogn_se_lv"
"13988","DPP9","Exc L5/6 IT Car3",-0.00159374149339708,4.69488827760085,0.0124002677876263,0.911393449705065,0.989073227776396,0.9937259663591,"cogn_se_lv"
"13989","MIR7-3HG","Exc L5/6 IT Car3",-0.00752825662236421,4.02344933637147,0.0442355585229825,0.8335306014689,0.966446547282248,0.980097497109394,"cogn_se_lv"
"13990","FEM1A","Exc L5/6 IT Car3",-0.0521082439242886,3.28869365294783,4.71013120798426,0.030614671179892,0.304222598957164,0.309984911318715,"cogn_se_lv"
"13991","TICAM1","Exc L5/6 IT Car3",-0.0179337993324811,3.27104807753381,0.625490669274754,0.429515873332108,0.77224147320033,0.824180211967314,"cogn_se_lv"
"13992","PLIN3","Exc L5/6 IT Car3",-0.0091614564196975,1.45377946442945,0.0284395010345238,0.866170939229422,0.976183709955713,0.986707503358866,"cogn_se_lv"
"13993","KDM4B","Exc L5/6 IT Car3",0.0167391602966593,6.64119222698603,1.0095004661631,0.315672710067117,0.690085654535927,0.751126207751646,"cogn_se_lv"
"13994","PTPRS","Exc L5/6 IT Car3",0.0406390812507692,7.16932399303872,9.26324797451798,0.00250343089749623,0.117462809489229,0.0991499878485974,"cogn_se_lv"
"13995","TINCR","Exc L5/6 IT Car3",-0.00938109537694614,3.99409937608266,0.15814727031012,0.691095117008373,0.90472557423944,0.939815477774502,"cogn_se_lv"
"13996","SAFB2","Exc L5/6 IT Car3",0.00754943876915421,6.01679421184048,0.516022401500971,0.47299226084013,0.795908671587733,0.846377410833723,"cogn_se_lv"
"13997","SAFB","Exc L5/6 IT Car3",0.00379297551152307,5.85864653249979,0.130412285632765,0.718209030346873,0.919958810546528,0.949173657339435,"cogn_se_lv"
"13998","RPL36","Exc L5/6 IT Car3",-0.0634022374346925,5.56480343397388,3.08559440759168,0.0798074616924224,0.421639833658215,0.458563137477759,"cogn_se_lv"
"13999","C19orf70","Exc L5/6 IT Car3",-0.000496111339840645,4.35626966288689,0.000204044912886063,0.988610685579576,0.998668752941889,0.999870711362408,"cogn_se_lv"
"14000","LONP1","Exc L5/6 IT Car3",-0.023496799489185,5.04026450300654,2.0909196994359,0.149015036632933,0.527933106303139,0.579848333226764,"cogn_se_lv"
"14001","CATSPERD","Exc L5/6 IT Car3",0.0102329099441119,1.68419163424227,0.0495881833396606,0.82390308854734,0.964019874680464,0.978146490841122,"cogn_se_lv"
"14002","DUS3L","Exc L5/6 IT Car3",-0.0111882359625527,2.4579301765137,0.0982496329895764,0.754115228905754,0.936634119349492,0.960372119866067,"cogn_se_lv"
"14003","AC104532.2","Exc L5/6 IT Car3",0.0343530640288108,1.96108448225308,0.629092666322872,0.428191641191139,0.77189630869187,0.823590401739082,"cogn_se_lv"
"14004","CAPS","Exc L5/6 IT Car3",0.0628087145231233,2.11259308799019,2.20930640121296,0.138023555690378,0.510620798575702,0.563347242469458,"cogn_se_lv"
"14005","RANBP3","Exc L5/6 IT Car3",0.015227864572004,4.46688281132265,1.03241418802775,0.310249742696647,0.685742619952766,0.747084924057152,"cogn_se_lv"
"14006","AC011444.1","Exc L5/6 IT Car3",0.0291395638273243,2.31402934575985,0.655324003907019,0.418730783342807,0.76608021346241,0.818272713050099,"cogn_se_lv"
"14007","RFX2","Exc L5/6 IT Car3",0.00322152471744509,5.14679217863353,0.0258089480106462,0.872454596857282,0.979292265015941,0.987818331440868,"cogn_se_lv"
"14008","ACSBG2","Exc L5/6 IT Car3",0.0417125709326118,1.76170838565783,0.707826963958577,0.400704219243651,0.754433881567932,0.807844360606854,"cogn_se_lv"
"14009","MLLT1","Exc L5/6 IT Car3",-0.0243920318382535,4.24943829566405,2.34019252369451,0.126920039476683,0.497058895267095,0.545802660606689,"cogn_se_lv"
"14010","ACER1","Exc L5/6 IT Car3",-0.00566831509836826,1.92705381526023,0.0217737960514288,0.922441863833715,0.990974669133532,0.995093373462206,"cogn_se_lv"
"14011","CLPP","Exc L5/6 IT Car3",-0.0228425998568881,3.72966713141697,0.854604307036522,0.355849638949062,0.721289984062316,0.778532907668372,"cogn_se_lv"
"14012","ALKBH7","Exc L5/6 IT Car3",-0.0467849954496517,2.90865514310908,2.06112360492481,0.151935258068177,0.531665530640645,0.583720832463623,"cogn_se_lv"
"14013","PSPN","Exc L5/6 IT Car3",-0.0394485448312751,2.02989925599497,1.06807726975099,0.302048535620371,0.679311261610041,0.740181476762333,"cogn_se_lv"
"14014","GTF2F1","Exc L5/6 IT Car3",-0.0199620841787253,4.25890021729194,1.15888865188424,0.28239066308036,0.662539096936755,0.723366709411227,"cogn_se_lv"
"14015","KHSRP","Exc L5/6 IT Car3",-0.00503189058951372,4.97597341266288,0.0704690279549864,0.790801483870416,0.951674127840344,0.970375003620427,"cogn_se_lv"
"14016","SLC25A41","Exc L5/6 IT Car3",0.00731100821599288,3.45418468627554,0.0746920355647062,0.784774802018205,0.949650382982342,0.968487143467439,"cogn_se_lv"
"14017","SLC25A23","Exc L5/6 IT Car3",0.00162417146001747,5.46261114083888,0.0123665427312625,0.911513525668123,0.989073227776396,0.9937259663591,"cogn_se_lv"
"14018","TUBB4A","Exc L5/6 IT Car3",-0.0297214832459629,6.38869486086017,0.938523062161549,0.333284572527436,0.70311851558564,0.762928351627491,"cogn_se_lv"
"14019","TNFSF9","Exc L5/6 IT Car3",-0.0178912349875869,1.78533814659036,0.123775755372752,0.725173228533898,0.923824912757108,0.951583125201813,"cogn_se_lv"
"14020","GPR108","Exc L5/6 IT Car3",-0.0537181241068577,2.07281959266879,1.80258865843166,0.180214876244461,0.566621738397059,0.620228468075894,"cogn_se_lv"
"14021","VAV1","Exc L5/6 IT Car3",-0.0928881874834397,1.87191880607968,3.81235077262213,0.0516223128113809,0.35981631126162,0.384047442110642,"cogn_se_lv"
"14022","ZNF557","Exc L5/6 IT Car3",0.0283865457730203,3.62858417773394,2.24539578140458,0.134856895621378,0.506334876009994,0.558267616135694,"cogn_se_lv"
"14023","INSR","Exc L5/6 IT Car3",0.018725644852339,6.89094109259679,2.85069710914197,0.0921686221447689,0.443820957188104,0.484542587193305,"cogn_se_lv"
"14024","AC119396.1","Exc L5/6 IT Car3",0.140320869337783,1.53648713116959,5.73330505800722,0.017138176620126,0.248124683145568,0.241983536600265,"cogn_se_lv"
"14025","PEX11G","Exc L5/6 IT Car3",-0.00235359324236494,1.61171608682333,0.00166475547609825,0.967476002168132,0.997819037218037,0.998930305624762,"cogn_se_lv"
"14026","ZNF358","Exc L5/6 IT Car3",-0.0372877878475882,3.83496145635989,2.36479884832284,0.124946213123484,0.493718520219812,0.542408015321238,"cogn_se_lv"
"14027","MCOLN1","Exc L5/6 IT Car3",0.0282607159377445,3.97132620155763,1.88468801493782,0.170625585196755,0.557772399333489,0.608759767665119,"cogn_se_lv"
"14028","PNPLA6","Exc L5/6 IT Car3",-0.017323218059227,5.23750664571382,1.58686880572558,0.208560271828907,0.596606428149979,0.652156675245978,"cogn_se_lv"
"14029","CAMSAP3","Exc L5/6 IT Car3",0.0151321976969765,4.23530872707075,0.926122221888516,0.507469935191029,0.816537950024118,0.862873677615864,"cogn_se_lv"
"14030","XAB2","Exc L5/6 IT Car3",-0.0159442117743025,3.10752909385563,0.412631924708306,0.521030559485853,0.821092037196555,0.868853466610665,"cogn_se_lv"
"14031","PET100","Exc L5/6 IT Car3",0.0238212204084605,1.565461192207,0.182261853408622,0.669682469571826,0.896717017849796,0.932007314644674,"cogn_se_lv"
"14032","TRAPPC5","Exc L5/6 IT Car3",-0.052018722623098,2.13678045686888,1.83069689826325,0.176863271038305,0.563465498502014,0.616609566009644,"cogn_se_lv"
"14033","EVI5L","Exc L5/6 IT Car3",0.0211235725456782,4.96547906298904,2.60339766910042,0.107479009011849,0.46944026551966,0.511960650889512,"cogn_se_lv"
"14034","PRR36","Exc L5/6 IT Car3",-0.0139903765066298,4.40161130637362,0.303521874978196,0.582012131056444,0.855297114028453,0.897053642795966,"cogn_se_lv"
"14035","MAP2K7","Exc L5/6 IT Car3",-0.0126441751529402,4.76965991805384,0.78278815333147,0.376858712378612,0.73648959790563,0.792771609775001,"cogn_se_lv"
"14036","TGFBR3L","Exc L5/6 IT Car3",0.00177860303052853,3.88482812909405,0.00240754240074223,0.960892344945641,0.997053628956036,0.998669553021838,"cogn_se_lv"
"14037","SNAPC2","Exc L5/6 IT Car3",-0.0670299373688081,2.9249879856877,4.34561176136544,0.0377829706938956,0.325394470609431,0.338525269286787,"cogn_se_lv"
"14038","CTXN1","Exc L5/6 IT Car3",-0.0145782990222631,6.08232470960295,0.312479609743316,0.576497414916791,0.852147684196832,0.89436716123563,"cogn_se_lv"
"14039","TIMM44","Exc L5/6 IT Car3",0.0145431842545793,4.45480592560797,0.638522112876994,0.424754077101504,0.770208300850664,0.821705059277587,"cogn_se_lv"
"14040","ELAVL1","Exc L5/6 IT Car3",-0.00115836820597678,5.4949903527994,0.00911283195716502,0.923999715189878,0.991029770627074,0.995245789241456,"cogn_se_lv"
"14041","AC008946.1","Exc L5/6 IT Car3",0.0333839458765072,2.39256138921384,1.11551140402053,0.291569373032825,0.670680894377538,0.730824326904842,"cogn_se_lv"
"14042","FBN3","Exc L5/6 IT Car3",0.0610520412262849,1.84999949359888,1.78408015675353,0.182462062460086,0.569404983513728,0.622705026400494,"cogn_se_lv"
"14043","CERS4","Exc L5/6 IT Car3",0.0355354091212326,6.39917115042504,3.72402192370022,0.0543917085518065,0.369789558928439,0.393976585982262,"cogn_se_lv"
"14044","AC022146.2","Exc L5/6 IT Car3",0.0435609956833386,4.2132585372074,1.56287210228331,0.212027515289846,0.599705600717628,0.655644211861343,"cogn_se_lv"
"14045","CD320","Exc L5/6 IT Car3",0.0061030217525965,3.42218376167143,0.0834040594655131,0.772896402893737,0.944640998957263,0.965388891883043,"cogn_se_lv"
"14046","RPS28","Exc L5/6 IT Car3",-0.0659068298811052,4.6167083298759,3.87386323393258,0.0497824270558599,0.356516912015847,0.37812219476443,"cogn_se_lv"
"14047","RAB11B-AS1","Exc L5/6 IT Car3",-0.0362025295235742,1.65176760972235,0.608477118336904,0.435855582616973,0.774395915086032,0.826961281288102,"cogn_se_lv"
"14048","RAB11B","Exc L5/6 IT Car3",-0.044956723841756,5.01127063881375,4.16624787516701,0.0419391434616305,0.336180248199134,0.354149787302671,"cogn_se_lv"
"14049","MARCH2","Exc L5/6 IT Car3",-0.00268996404528942,4.57399073643951,0.0221707023731968,0.88171420880419,0.98184006718356,0.988985050514498,"cogn_se_lv"
"14050","HNRNPM","Exc L5/6 IT Car3",-0.00151718291846771,5.98846140654305,0.0286483661295658,0.899833873116873,0.987147175792682,0.99240467644644,"cogn_se_lv"
"14051","ZNF414","Exc L5/6 IT Car3",-0.0108593162682345,3.11238083280925,0.172174080135232,0.678424944181689,0.900130631056747,0.935474039447672,"cogn_se_lv"
"14052","MYO1F","Exc L5/6 IT Car3",0.0957053057294205,2.60232161032029,8.66666902865,0.00344336369883977,0.132529156309283,0.115792169673874,"cogn_se_lv"
"14053","ADAMTS10","Exc L5/6 IT Car3",0.0166560991566338,5.23788474387961,1.22642584404101,0.268815603122358,0.651857804115869,0.712328631172739,"cogn_se_lv"
"14054","ZNF558","Exc L5/6 IT Car3",0.0434135269220241,3.02492396459416,3.7269867175559,0.0542962333725097,0.369704931962166,0.393861482547328,"cogn_se_lv"
"14055","ZNF317","Exc L5/6 IT Car3",0.000965585527881777,3.41161071666664,0.00216327341082004,0.962927810842497,0.997271804095964,0.998767264837614,"cogn_se_lv"
"14056","ZNF699","Exc L5/6 IT Car3",0.0246709271369776,3.23272020358777,1.04638887655144,0.307001997206461,0.682998672933304,0.74406725958305,"cogn_se_lv"
"14057","ZNF559-ZNF177","Exc L5/6 IT Car3",0.0182938183902941,4.20845318782762,0.89481328457835,0.34478754821706,0.714073525374856,0.770622082682803,"cogn_se_lv"
"14058","ZNF266","Exc L5/6 IT Car3",-0.00487889636633716,4.10273737057888,0.0686156540793786,0.802830928492415,0.955597215489341,0.973737976661521,"cogn_se_lv"
"14059","ZNF426","Exc L5/6 IT Car3",0.0320368603875894,3.90149810686638,2.66676657308033,0.15427278336191,0.535555258877144,0.586762702814395,"cogn_se_lv"
"14060","ZNF121","Exc L5/6 IT Car3",0.0179249611618208,4.15971699442864,1.42023855809596,0.234120471959107,0.621576109846761,0.679273314847469,"cogn_se_lv"
"14061","ZNF561","Exc L5/6 IT Car3",0.0237898314582634,3.74787172852954,1.58389576445947,0.208986165409776,0.597269653789498,0.652516693618726,"cogn_se_lv"
"14062","ZNF562","Exc L5/6 IT Car3",0.00937356937218847,5.19063558246814,0.621611523308643,0.945791498533665,0.994804925328349,0.997626386519645,"cogn_se_lv"
"14063","ZNF846","Exc L5/6 IT Car3",0.0121748121963615,5.72959056716027,0.986605372715928,0.321216218204437,0.694119292076142,0.754858247495916,"cogn_se_lv"
"14064","FBXL12","Exc L5/6 IT Car3",0.0212954648291652,4.36645656931062,1.38582766277735,0.23986024418597,0.625749066637086,0.684626356503331,"cogn_se_lv"
"14065","UBL5","Exc L5/6 IT Car3",-0.105729539937627,3.9696001269424,6.956369113231,0.00870091954272169,0.194605464832928,0.179573180767038,"cogn_se_lv"
"14066","PIN1","Exc L5/6 IT Car3",-0.0274982681430146,5.78343557497756,1.79221241800474,0.181470708729477,0.568347723786478,0.621589085495922,"cogn_se_lv"
"14067","OLFM2","Exc L5/6 IT Car3",0.027805616603393,2.59291962098873,0.449937610551623,0.502778960286407,0.81419014008296,0.860660479516875,"cogn_se_lv"
"14068","COL5A3","Exc L5/6 IT Car3",-0.0208658098727934,4.50433621569917,0.814457230696073,0.367387095522085,0.729191020330011,0.78624558214775,"cogn_se_lv"
"14069","C19orf66","Exc L5/6 IT Car3",0.0229836090125915,5.42521078565968,1.50229789710692,0.221090049143575,0.609416825111456,0.665989766931926,"cogn_se_lv"
"14070","P2RY11","Exc L5/6 IT Car3",-0.00320145179527271,2.92953180972147,0.0140736209784664,0.905630426167924,0.987810604126722,0.992990414767603,"cogn_se_lv"
"14071","EIF3G","Exc L5/6 IT Car3",-0.0278101823620217,3.57574799639268,0.951631479830076,0.329935451718512,0.700406022244585,0.760730255240392,"cogn_se_lv"
"14072","DNMT1","Exc L5/6 IT Car3",0.00100485438278211,4.93920271269696,0.00742104674633567,0.931396895635643,0.991986036251387,0.99600876035635,"cogn_se_lv"
"14073","MRPL4","Exc L5/6 IT Car3",-0.0411051225744931,4.97500915906901,4.5087785972686,0.034377964900455,0.313248596695087,0.325455968131843,"cogn_se_lv"
"14074","AC011511.2","Exc L5/6 IT Car3",0.00559378099071047,1.9956387821835,0.0184967700594315,0.891892279780838,0.98565432901243,0.990717482066323,"cogn_se_lv"
"14075","ICAM5","Exc L5/6 IT Car3",0.0183339882919787,5.28934029255666,0.646231023723183,0.421974509517671,0.769069181209348,0.820058181737916,"cogn_se_lv"
"14076","ZGLP1","Exc L5/6 IT Car3",-0.00222606499324728,3.69584791655735,0.00856208827881866,0.926325310775207,0.991453065881766,0.99555731495216,"cogn_se_lv"
"14077","AC011511.1","Exc L5/6 IT Car3",0.00387301842462874,4.26703622527963,0.0202517378951768,0.886912950321147,0.983728917979666,0.989850851257461,"cogn_se_lv"
"14078","RAVER1","Exc L5/6 IT Car3",0.0398064564008339,2.53549080542455,1.63067019160903,0.202403300909065,0.589852164542185,0.644834396926031,"cogn_se_lv"
"14079","TYK2","Exc L5/6 IT Car3",0.0206065134746337,4.50570745987804,1.88133378894001,0.171005626003725,0.557772399333489,0.609144470635248,"cogn_se_lv"
"14080","CDC37","Exc L5/6 IT Car3",0.00859640320152698,5.93953186708593,0.203143756071664,0.652456583262886,0.888139644119567,0.925353079766747,"cogn_se_lv"
"14081","PDE4A","Exc L5/6 IT Car3",0.0447856792027381,5.84988145170937,3.90257602633362,0.0489475464586337,0.354944330031006,0.375575001332847,"cogn_se_lv"
"14082","KEAP1","Exc L5/6 IT Car3",-0.0203333119901072,3.6568320605142,0.903467942740063,0.607456366470309,0.868656008868366,0.907977194648707,"cogn_se_lv"
"14083","ATG4D","Exc L5/6 IT Car3",0.00212135278744762,3.8616275820242,0.0135806169708681,0.907290437394416,0.988055465008495,0.993164525206501,"cogn_se_lv"
"14084","KRI1","Exc L5/6 IT Car3",-0.0561689496174562,3.32232647205624,5.82818466733147,0.0162513020996503,0.244245643860955,0.237498282136798,"cogn_se_lv"
"14085","CDKN2D","Exc L5/6 IT Car3",-0.0194339008651106,5.54764242153541,0.721390142612256,0.396232104008785,0.75209818459487,0.805408195278711,"cogn_se_lv"
"14086","SLC44A2","Exc L5/6 IT Car3",-0.000518628791222473,5.31722126182467,0.00116768303408369,0.972758736247154,0.998267578294294,0.999312590999834,"cogn_se_lv"
"14087","ILF3-DT","Exc L5/6 IT Car3",0.0485726010708081,4.29405076198474,5.01494576783823,0.0257171225021426,0.290805668852296,0.288224154310902,"cogn_se_lv"
"14088","ILF3","Exc L5/6 IT Car3",-0.013522066047937,5.45374531001961,1.58022938159318,0.209512804341943,0.597864977235631,0.653110015488168,"cogn_se_lv"
"14089","QTRT1","Exc L5/6 IT Car3",0.0116044712723867,5.64035578814599,0.44705706796916,0.504148651300705,0.814662719814978,0.861123606714834,"cogn_se_lv"
"14090","DNM2","Exc L5/6 IT Car3",-0.00215485528179671,6.5836514687013,0.0233416226761998,0.87865450549443,0.980957043130887,0.988757737163956,"cogn_se_lv"
"14091","TMED1","Exc L5/6 IT Car3",-0.0025671259806706,1.9069220787342,0.0039215408644733,0.950100827567127,0.995054338434123,0.997804640603097,"cogn_se_lv"
"14092","C19orf38","Exc L5/6 IT Car3",0.0239117223230193,1.77335369483302,0.239630196466969,0.624760567984254,0.875858814433045,0.915268652841371,"cogn_se_lv"
"14093","CARM1","Exc L5/6 IT Car3",-0.00228065470978943,5.44253116338086,0.0336884919238442,0.854470554031319,0.972881064401809,0.984500971664269,"cogn_se_lv"
"14094","YIPF2","Exc L5/6 IT Car3",0.0158126337601238,4.11233774316416,0.743219493732823,0.389184410315493,0.746514013885434,0.800785583545622,"cogn_se_lv"
"14095","TIMM29","Exc L5/6 IT Car3",0.00880229502472515,4.18975173861179,0.291223709693731,0.589758835686771,0.859000036813368,0.900533975798649,"cogn_se_lv"
"14096","SMARCA4","Exc L5/6 IT Car3",0.00542194215602958,6.7650247811692,0.253887108735704,0.614648176272643,0.872319755886755,0.911347496786145,"cogn_se_lv"
"14097","LDLR","Exc L5/6 IT Car3",0.0200832013779975,4.3042227913304,0.372061804213673,0.542253292225551,0.831782933056037,0.878848849393317,"cogn_se_lv"
"14098","SPC24","Exc L5/6 IT Car3",-0.0303289670917531,1.76674236653846,0.426802087676219,0.513964068900748,0.818677978297294,0.866136666937879,"cogn_se_lv"
"14099","KANK2","Exc L5/6 IT Car3",-0.0759371365911503,1.44283801017311,2.23564677679946,0.13570419710333,0.507838355021727,0.559892677861475,"cogn_se_lv"
"14100","DOCK6","Exc L5/6 IT Car3",0.0204615499712961,1.83038561689618,0.211860759852553,0.645580575356135,0.886035214115491,0.923299964620938,"cogn_se_lv"
"14101","RAB3D","Exc L5/6 IT Car3",-0.000327877227940972,4.13332527952336,0.000316966990333885,0.985805061358947,0.998390354534415,0.999870711362408,"cogn_se_lv"
"14102","CCDC159","Exc L5/6 IT Car3",0.0167914619756817,3.81985888229712,0.821362401379586,0.393654295428362,0.750461378973187,0.803798417877975,"cogn_se_lv"
"14103","PLPPR2","Exc L5/6 IT Car3",-0.0332348544001375,5.07546319507239,3.52716213185018,0.0611495455674365,0.384275829433584,0.41234443077124,"cogn_se_lv"
"14104","EPOR","Exc L5/6 IT Car3",-0.0257609716595043,2.23719892322385,0.53170122118915,0.466349290063313,0.791916707706089,0.843095284383663,"cogn_se_lv"
"14105","RGL3","Exc L5/6 IT Car3",-0.00522398333575977,1.47034849035484,0.00941121664223849,0.922769331190842,0.990974669133532,0.99511699961673,"cogn_se_lv"
"14106","CCDC151","Exc L5/6 IT Car3",-0.0124641616141988,2.59156179630347,0.130728357330825,0.717882398088294,0.9197644111371,0.949024721828497,"cogn_se_lv"
"14107","PRKCSH","Exc L5/6 IT Car3",-0.00630080603605172,4.56726482701453,0.125096659300647,0.723770640135786,0.922852539493765,0.951051937161375,"cogn_se_lv"
"14108","ELAVL3","Exc L5/6 IT Car3",-0.0106320288016222,7.53193574463703,0.520997361273504,0.470867958588111,0.794633044963293,0.845471042135165,"cogn_se_lv"
"14109","ECSIT","Exc L5/6 IT Car3",0.000845596754544042,4.96027011205022,0.00437590674038331,0.947293273765448,0.994804925328349,0.997744057867655,"cogn_se_lv"
"14110","ELOF1","Exc L5/6 IT Car3",-0.0110410882119217,4.15435556354238,0.16287607973041,0.686753108055688,0.902573402909245,0.938429393077523,"cogn_se_lv"
"14111","ZNF627","Exc L5/6 IT Car3",0.0585749120116046,3.16272284311308,5.94691047999467,0.0152080373989276,0.237374157189459,0.229729984405768,"cogn_se_lv"
"14112","AC008543.1","Exc L5/6 IT Car3",0.074089916546572,3.02716176508484,8.32304887456755,0.00414146756488321,0.142886022098792,0.126300579576099,"cogn_se_lv"
"14113","ZNF823","Exc L5/6 IT Car3",0.0401611817364174,3.50491419819773,2.57971104808054,0.109086101437476,0.471582893573807,0.514629573924865,"cogn_se_lv"
"14114","ZNF441","Exc L5/6 IT Car3",0.0537455999273233,4.02085461605924,5.28627447296923,0.0220451151524405,0.276494191144247,0.27145074028529,"cogn_se_lv"
"14115","ZNF491","Exc L5/6 IT Car3",-0.02015356002441,3.12330478424198,0.821767815424425,0.365247974096883,0.727470728788796,0.784999222655409,"cogn_se_lv"
"14116","ZNF440","Exc L5/6 IT Car3",0.00742880242211343,4.07228408419755,0.160606262570525,0.81056304078712,0.958714754943748,0.975714001084429,"cogn_se_lv"
"14117","ZNF439","Exc L5/6 IT Car3",0.00544218429227807,5.43499302277011,0.192847330486909,0.66081112268037,0.892095015618499,0.928953442339163,"cogn_se_lv"
"14118","ZNF69","Exc L5/6 IT Car3",0.00346796751456964,4.67550059327584,0.0465520780506108,0.829293092347233,0.9655472036201,0.97904971034251,"cogn_se_lv"
"14119","AC008770.2","Exc L5/6 IT Car3",0.00962133424766265,2.77573553659349,0.13619756209169,0.712299820106049,0.91696313102736,0.947591250894962,"cogn_se_lv"
"14120","ZNF844","Exc L5/6 IT Car3",0.00818531549380245,2.98469752000692,0.127911405469175,0.720809390422655,0.921596454150092,0.950112805676522,"cogn_se_lv"
"14121","ZNF788P","Exc L5/6 IT Car3",0.0173102079128139,2.8215079523913,0.320926647258378,0.571391380559111,0.848882394579089,0.891501183486426,"cogn_se_lv"
"14122","ZNF20","Exc L5/6 IT Car3",0.0113398310763255,2.07207052158819,0.0881000948697256,0.766771444012769,0.942146573736388,0.96372969695766,"cogn_se_lv"
"14123","ZNF136","Exc L5/6 IT Car3",0.0298758607733551,3.63909516491162,1.547069694688,0.214348257201359,0.602518404533793,0.658592845669543,"cogn_se_lv"
"14124","ZNF44","Exc L5/6 IT Car3",0.0411879952983785,5.29492957165807,9.53714011298967,0.00216406363115148,0.107782975027253,0.0922505705741982,"cogn_se_lv"
"14125","ZNF563","Exc L5/6 IT Car3",0.0378732647532119,3.09397235247406,2.25781073881011,0.133786476795287,0.504976930664488,0.556712758230481,"cogn_se_lv"
"14126","AC008758.4","Exc L5/6 IT Car3",-0.00847742342404837,2.53815551207177,0.068813947147577,0.793216117328216,0.952216125954876,0.971135340407771,"cogn_se_lv"
"14127","AC008758.5","Exc L5/6 IT Car3",0.0417531711718356,2.95655437096433,1.88102110078355,0.1710411039055,0.557772399333489,0.609196350262591,"cogn_se_lv"
"14128","AC008758.6","Exc L5/6 IT Car3",0.016929598066956,3.79082312824694,0.643282148948031,0.545826744247821,0.834022398130855,0.88024832582103,"cogn_se_lv"
"14129","AC008758.1","Exc L5/6 IT Car3",0.0824051129022417,1.88065354411809,3.56621726763464,0.059740823953681,0.380760545955464,0.408580969033377,"cogn_se_lv"
"14130","AC010422.6","Exc L5/6 IT Car3",0.0119892942591066,4.36060869629216,0.465310263510553,0.495575215892607,0.80979524594201,0.856934006489855,"cogn_se_lv"
"14131","ZNF490","Exc L5/6 IT Car3",0.0088724862246754,4.27752212855824,0.288254995623202,0.591660464944582,0.85975399447617,0.901263895539915,"cogn_se_lv"
"14132","ZNF791","Exc L5/6 IT Car3",0.00077167498375939,5.14329928744341,0.00434400481701385,0.947485470844517,0.994804925328349,0.997786201105635,"cogn_se_lv"
"14133","MAN2B1","Exc L5/6 IT Car3",0.0252633803136953,3.53072509311074,1.32141945048803,0.251072664507772,0.63477305834746,0.695739265983982,"cogn_se_lv"
"14134","WDR83","Exc L5/6 IT Car3",0.00803807457077412,3.66774209051727,0.150451290235667,0.899190611588668,0.986798883315299,0.992279728397268,"cogn_se_lv"
"14135","DHPS","Exc L5/6 IT Car3",-0.0186885715537668,4.30056515516058,0.683499719753359,0.408911797737104,0.760015801455105,0.812638595805493,"cogn_se_lv"
"14136","AC010422.2","Exc L5/6 IT Car3",-0.0458044246518419,2.29276171434515,1.51817200049177,0.218671068857752,0.607025207381097,0.663526838475017,"cogn_se_lv"
"14137","FBXW9","Exc L5/6 IT Car3",0.03198289032434,2.90130491475117,1.61040427136321,0.205224856304875,0.59280396192232,0.648244962656865,"cogn_se_lv"
"14138","TNPO2","Exc L5/6 IT Car3",-0.013424740345999,5.84579246058411,1.065557779616,0.302618623454804,0.679709276797619,0.740737028818406,"cogn_se_lv"
"14139","TRIR","Exc L5/6 IT Car3",-0.0308943474564406,5.16350664621308,1.63360515167575,0.201998487753044,0.589802787467109,0.64427263424547,"cogn_se_lv"
"14140","ASNA1","Exc L5/6 IT Car3",-0.0270651148421927,3.80309688566827,0.805901533839718,0.369912778857463,0.731697994523027,0.788106526752011,"cogn_se_lv"
"14141","HOOK2","Exc L5/6 IT Car3",0.00705985612283676,6.13187300126629,0.167652173071859,0.682441483074467,0.901317393902574,0.93694182267116,"cogn_se_lv"
"14142","JUNB","Exc L5/6 IT Car3",-0.159362057232487,3.52768771190728,9.99159816065404,0.00170090896712846,0.0973122267810669,0.0821954991911617,"cogn_se_lv"
"14143","THSD8","Exc L5/6 IT Car3",0.0287640538657331,1.82533944712309,0.435262917141142,0.50982416185387,0.817087552547132,0.863880341498191,"cogn_se_lv"
"14144","MAST1","Exc L5/6 IT Car3",-0.00914281586230196,7.12525968540219,0.740964505242158,0.389904059654935,0.746621560596167,0.801256868399048,"cogn_se_lv"
"14145","DNASE2","Exc L5/6 IT Car3",0.00258741225309071,1.9861304114608,0.00532302690743956,0.941877718909245,0.994645381072493,0.997626386519645,"cogn_se_lv"
"14146","GCDH","Exc L5/6 IT Car3",0.0405126270311146,3.75692574065179,4.55813626890286,0.0334126832435462,0.31070767076627,0.321838963404776,"cogn_se_lv"
"14147","SYCE2","Exc L5/6 IT Car3",0.069593858935888,2.09329706373415,3.23323395105086,0.072965094737842,0.412732658561907,0.442845155026992,"cogn_se_lv"
"14148","FARSA","Exc L5/6 IT Car3",0.0110290603087352,4.53708262303345,0.342847463376478,0.55854364849074,0.841578314872264,0.886203231544753,"cogn_se_lv"
"14149","CALR","Exc L5/6 IT Car3",-0.0442158903691819,4.48534381241764,2.40776324409432,0.12158126781396,0.491240669902035,0.537474662514255,"cogn_se_lv"
"14150","AC092069.1","Exc L5/6 IT Car3",-0.0669303172892337,1.40339969696277,1.28532103470443,0.257638836047043,0.640286085390188,0.702096107548771,"cogn_se_lv"
"14151","RAD23A","Exc L5/6 IT Car3",-0.0248755822104708,5.35641652638402,1.56271882605544,0.212049881268957,0.599705600717628,0.655650185136097,"cogn_se_lv"
"14152","GADD45GIP1","Exc L5/6 IT Car3",-0.0628320298617427,4.22677961937208,2.9298663234263,0.0877844393711607,0.436438510419163,0.47488673956624,"cogn_se_lv"
"14153","NFIX","Exc L5/6 IT Car3",-0.0230825169032149,6.02652798371826,1.70961332660888,0.191839444320435,0.579302759545118,0.633330697055294,"cogn_se_lv"
"14154","TRMT1","Exc L5/6 IT Car3",-0.00740703147967999,4.23230735727452,0.161975578523609,0.687574252774489,0.902774616430194,0.93885053296468,"cogn_se_lv"
"14155","NACC1","Exc L5/6 IT Car3",-0.0248368169353926,4.28965726999511,1.62879800499673,0.202662028383889,0.589852164542185,0.645023723551828,"cogn_se_lv"
"14156","STX10","Exc L5/6 IT Car3",0.00890086363727433,3.73636858127848,0.132648639446937,0.715907491712716,0.918464902292858,0.948754909897132,"cogn_se_lv"
"14157","IER2","Exc L5/6 IT Car3",0.0522969242249902,2.70808845925475,2.49359660730672,0.11515633008309,0.482134809623356,0.525722067852414,"cogn_se_lv"
"14158","CACNA1A","Exc L5/6 IT Car3",-0.00397833573971054,5.04152875347038,0.0135122168322489,0.907523147496356,0.988059602045734,0.99317720210312,"cogn_se_lv"
"14159","CCDC130","Exc L5/6 IT Car3",0.011838127159532,4.85674552495868,0.790109360578398,0.40697543241976,0.758873719574708,0.811524429391065,"cogn_se_lv"
"14160","MRI1","Exc L5/6 IT Car3",0.0325516389999255,4.63596286438094,2.8823990011252,0.090385063563652,0.441175429192707,0.480612310274185,"cogn_se_lv"
"14161","C19orf53","Exc L5/6 IT Car3",-0.0757877680805119,4.3395427369723,4.34605991880272,0.0377731472966929,0.325394470609431,0.338525269286787,"cogn_se_lv"
"14162","ZSWIM4","Exc L5/6 IT Car3",0.0709195078271002,2.55012986644763,4.90593828908136,0.0273670824528609,0.296436903469433,0.295609082120295,"cogn_se_lv"
"14163","NANOS3","Exc L5/6 IT Car3",-0.035766579676099,3.08207425224116,1.86417012747706,0.172965645437993,0.559485520597349,0.611216398911345,"cogn_se_lv"
"14164","C19orf57","Exc L5/6 IT Car3",0.0626943499324428,2.55669674946599,3.92901447387122,0.0481919196427726,0.353049189458432,0.37313371223217,"cogn_se_lv"
"14165","CC2D1A","Exc L5/6 IT Car3",-0.0339787885012553,6.24772411463736,7.18933991293438,0.00765889618573975,0.185518745129934,0.16968316382053,"cogn_se_lv"
"14166","DCAF15","Exc L5/6 IT Car3",-0.00881436653569755,4.14990037024784,0.205780528685263,0.650358207305574,0.88742216518162,0.92467448432323,"cogn_se_lv"
"14167","RFX1","Exc L5/6 IT Car3",-0.0189848755912925,5.09943103816265,1.77854032626434,0.183140994614159,0.570047462080366,0.623817566882345,"cogn_se_lv"
"14168","IL27RA","Exc L5/6 IT Car3",-0.0613146823720851,2.40294549464927,3.62396083575103,0.0577211387316268,0.377049373972724,0.403164385146004,"cogn_se_lv"
"14169","MISP3","Exc L5/6 IT Car3",0.0111255033103497,3.44585622023926,0.156074853702737,0.693021734401064,0.90570071150743,0.940522764529881,"cogn_se_lv"
"14170","SAMD1","Exc L5/6 IT Car3",-0.0358302031512463,3.39974822786318,1.62275111693679,0.203500353399343,0.590696046551468,0.645872258649999,"cogn_se_lv"
"14171","PRKACA","Exc L5/6 IT Car3",0.00547414156658923,5.3449832763201,0.135694778265488,0.712807656206544,0.917309961453191,0.947799656202858,"cogn_se_lv"
"14172","AC022098.1","Exc L5/6 IT Car3",-0.0351304254120565,2.60956841035265,1.20801060554636,0.272434094910126,0.654492834117506,0.71527734723408,"cogn_se_lv"
"14173","ADGRL1","Exc L5/6 IT Car3",-0.00449190886278252,7.14385410278587,0.135544800996493,0.712959347452738,0.91742845796803,0.947799656202858,"cogn_se_lv"
"14174","AC011509.2","Exc L5/6 IT Car3",0.00814660918991432,2.32811889114365,0.049154680554038,0.824661885838021,0.964248646577592,0.978239101024364,"cogn_se_lv"
"14175","LINC01841","Exc L5/6 IT Car3",0.0239864068196804,1.72399304721735,0.259359842325306,0.610860891484751,0.870235038410656,0.909536868973197,"cogn_se_lv"
"14176","ADGRE5","Exc L5/6 IT Car3",0.0131311906662093,1.60182179560932,0.0732800656648089,0.786768998545872,0.950153677309984,0.969180269909176,"cogn_se_lv"
"14177","DDX39A","Exc L5/6 IT Car3",-0.0382676592907398,2.93058147477163,1.8492230014057,0.174693691197695,0.561398184909696,0.613599590028362,"cogn_se_lv"
"14178","PKN1","Exc L5/6 IT Car3",-0.063441024623208,3.87107012954892,7.59135479106418,0.00615197278611452,0.168168492323806,0.153657427521502,"cogn_se_lv"
"14179","GIPC1","Exc L5/6 IT Car3",0.0297937640321598,5.93835589625523,2.60204090999372,0.107570354530241,0.469487980975496,0.511976741426364,"cogn_se_lv"
"14180","DNAJB1","Exc L5/6 IT Car3",-0.0175920749182136,5.298505413168,0.279622719646572,0.597262548870574,0.862926041597663,0.903674915704067,"cogn_se_lv"
"14181","TECR","Exc L5/6 IT Car3",-0.0283176260892561,5.15527092509922,1.81158349306203,0.179134391060655,0.566094102345684,0.619274100208014,"cogn_se_lv"
"14182","NDUFB7","Exc L5/6 IT Car3",-0.0568910613289044,4.21008827928512,2.8476650182615,0.0923412088468123,0.443820957188104,0.48486551297699,"cogn_se_lv"
"14183","ADGRE3","Exc L5/6 IT Car3",0.00450434683022143,1.84173871904206,0.0145544479601687,0.904039587047722,0.987810604126722,0.992777214734694,"cogn_se_lv"
"14184","ZNF333","Exc L5/6 IT Car3",0.0230820489241953,4.55209313257069,1.89008878727275,0.17001570929834,0.556733788386556,0.608022949444058,"cogn_se_lv"
"14185","SLC1A6","Exc L5/6 IT Car3",0.0142287170034847,2.71028718102544,0.180959689397003,0.670794669795404,0.896973919231145,0.932423630132473,"cogn_se_lv"
"14186","ILVBL","Exc L5/6 IT Car3",0.009372773995648,3.3250485208815,0.152576893531476,0.696307439362778,0.907933051341995,0.94172541263602,"cogn_se_lv"
"14187","BRD4","Exc L5/6 IT Car3",-0.00648402530735955,6.82244984088607,0.336840650280938,0.562008376091067,0.843636345917786,0.887608432877591,"cogn_se_lv"
"14188","AKAP8","Exc L5/6 IT Car3",-0.0124249262452879,5.0234310898073,0.794232705950966,0.37339677369003,0.733583142508685,0.7903126156536,"cogn_se_lv"
"14189","AKAP8L","Exc L5/6 IT Car3",0.0052390948288028,6.95420644640635,0.12139757578709,0.727719835230189,0.924823143203354,0.952687912172714,"cogn_se_lv"
"14190","WIZ","Exc L5/6 IT Car3",-0.0145840121518044,3.07899953806535,0.406694629873872,0.524042538525138,0.822318919244339,0.870367983119102,"cogn_se_lv"
"14191","PGLYRP2","Exc L5/6 IT Car3",-0.0161678453883206,1.62886437340525,0.125183364892444,0.801715292854427,0.955572858244753,0.973439634812672,"cogn_se_lv"
"14192","TPM4","Exc L5/6 IT Car3",-0.0286249027075963,4.68878116667214,3.15796045195715,0.0763709064451524,0.41767074594155,0.451147643636301,"cogn_se_lv"
"14193","RAB8A","Exc L5/6 IT Car3",-0.0175400464231491,3.09397812375755,0.525238851926853,0.469068998868739,0.793904310193544,0.844628985677572,"cogn_se_lv"
"14194","FAM32A","Exc L5/6 IT Car3",-0.0355187620109501,3.85248276282867,1.62757381762551,0.202831416633422,0.589852164542185,0.645131655780025,"cogn_se_lv"
"14195","AP1M1","Exc L5/6 IT Car3",-0.0110194090372866,5.47822645328556,0.886336163970124,0.347080327794545,0.715260611242374,0.772244055978097,"cogn_se_lv"
"14196","AC020911.2","Exc L5/6 IT Car3",0.0864180617599329,2.43661548467751,1.97428909429924,0.160824112390713,0.544072106181766,0.595828408222361,"cogn_se_lv"
"14197","EPS15L1","Exc L5/6 IT Car3",0.0376077973413999,6.27651266755103,10.0212136317361,0.00167448574744859,0.0972465496348443,0.0815106988965338,"cogn_se_lv"
"14198","AC008764.1","Exc L5/6 IT Car3",-0.0208309814983406,2.16608202961603,0.34816952824686,0.555507785545483,0.839929682996154,0.884810607779898,"cogn_se_lv"
"14199","C19orf44","Exc L5/6 IT Car3",0.0139686777707866,3.12922069332238,0.292472175312871,0.689504906208013,0.903720022699822,0.939319254158566,"cogn_se_lv"
"14200","AC008764.6","Exc L5/6 IT Car3",0.0282374396429964,1.68053143451856,0.380788702977926,0.537557246142018,0.828690113710241,0.876567876782171,"cogn_se_lv"
"14201","AC008764.8","Exc L5/6 IT Car3",0.0382173513155319,2.73262248756196,1.545818982303,0.214533226591432,0.602518404533793,0.658716020971045,"cogn_se_lv"
"14202","TMEM38A","Exc L5/6 IT Car3",0.0191903772495863,6.20635610764371,2.11892481174056,0.146328252121123,0.523544845004563,0.576133212829626,"cogn_se_lv"
"14203","NWD1","Exc L5/6 IT Car3",0.03721061294742,2.71833887999529,1.16240470005168,0.281662865609833,0.662539096936755,0.722983333410459,"cogn_se_lv"
"14204","SIN3B","Exc L5/6 IT Car3",-0.00442253676548577,6.17604689370786,0.137755566414498,0.710732893177778,0.915711948598242,0.946922107079281,"cogn_se_lv"
"14205","CPAMD8","Exc L5/6 IT Car3",-0.0357402478514997,2.21178278177738,1.23609169429787,0.29670590405682,0.674889722647717,0.735056891155834,"cogn_se_lv"
"14206","HAUS8","Exc L5/6 IT Car3",0.00123026556634652,2.6843326388989,0.00187015005126554,0.990361283211964,0.999242764926216,0.999870711362408,"cogn_se_lv"
"14207","MYO9B","Exc L5/6 IT Car3",0.00922786609633444,6.78998365195807,0.35538457809553,0.55144169944256,0.837943103714554,0.882749022456356,"cogn_se_lv"
"14208","AC020913.1","Exc L5/6 IT Car3",0.0103535850366717,1.61315768564122,0.0438923187177224,0.834168252321563,0.966563259257668,0.980242942891289,"cogn_se_lv"
"14209","USE1","Exc L5/6 IT Car3",-0.0176768873395,4.07893816710088,0.615047322189378,0.433390563105547,0.77353077346411,0.825964889376113,"cogn_se_lv"
"14210","OCEL1","Exc L5/6 IT Car3",0.00588946435513007,3.00651054567127,0.0345795329302184,0.852580381750624,0.972229703255936,0.984041424058342,"cogn_se_lv"
"14211","NR2F6","Exc L5/6 IT Car3",-0.00569587445682797,4.30072536304504,0.0500141788766468,0.823160816070193,0.963599677441262,0.978011550472025,"cogn_se_lv"
"14212","USHBP1","Exc L5/6 IT Car3",0.0290624694341596,3.21192732620046,0.778355866496358,0.378211614062565,0.73735454021065,0.793824765757524,"cogn_se_lv"
"14213","ABHD8","Exc L5/6 IT Car3",-0.0280938733427057,5.75275938272987,5.11878401549414,0.0242417818590586,0.287570640016026,0.282301360892594,"cogn_se_lv"
"14214","MRPL34","Exc L5/6 IT Car3",-0.0397692308344745,4.32606949030441,2.25310506174315,0.134191074565041,0.505062518355585,0.55704994065069,"cogn_se_lv"
"14215","DDA1","Exc L5/6 IT Car3",-0.018864214387636,4.50690366027404,0.665755018502773,0.41505533082249,0.763622419767857,0.815993136549421,"cogn_se_lv"
"14216","ANO8","Exc L5/6 IT Car3",0.0070060977385166,4.0524149576051,0.113271400953352,0.736638920732703,0.929175722488017,0.955277225759886,"cogn_se_lv"
"14217","GTPBP3","Exc L5/6 IT Car3",0.0425736627455467,3.01551936449307,2.75728422753249,0.0976512819246362,0.452803021639093,0.493408668320168,"cogn_se_lv"
"14218","MVB12A","Exc L5/6 IT Car3",-0.0362443880470454,3.01483234868762,2.64219668943541,0.110474866348701,0.474123868685587,0.517299684568582,"cogn_se_lv"
"14219","AC010319.4","Exc L5/6 IT Car3",0.0308574648695098,1.56644171664141,0.381842598287296,0.536995171615131,0.828690113710241,0.876376120075894,"cogn_se_lv"
"14220","TMEM221","Exc L5/6 IT Car3",-0.0880708221199513,1.67598428519509,3.85325016080788,0.0503911014962156,0.358520990204702,0.380041072478505,"cogn_se_lv"
"14221","SLC27A1","Exc L5/6 IT Car3",0.036271492368662,5.27347589226661,5.46329946372933,0.0199472751107594,0.266946577351815,0.260201122000351,"cogn_se_lv"
"14222","AC010618.3","Exc L5/6 IT Car3",0.0278233356657718,4.41531402264249,2.78063401630295,0.096248173602544,0.450230818159013,0.490851718269376,"cogn_se_lv"
"14223","PGLS","Exc L5/6 IT Car3",-0.0274769310746416,3.40973441026187,1.28265348848818,0.258132430209891,0.640749881475695,0.702348121522436,"cogn_se_lv"
"14224","FAM129C","Exc L5/6 IT Car3",0.00761729390504052,1.67815552397506,0.025138778389691,0.874107396473144,0.979647016583286,0.988085909641738,"cogn_se_lv"
"14225","COLGALT1","Exc L5/6 IT Car3",-0.0158053773182174,4.24023301858254,1.19047118878128,0.294885702432544,0.672937568273554,0.733618088978523,"cogn_se_lv"
"14226","UNC13A","Exc L5/6 IT Car3",0.0189579935894241,7.89386240513609,3.99495143862285,0.0463607427589606,0.348810478806104,0.367096887118959,"cogn_se_lv"
"14227","MAP1S","Exc L5/6 IT Car3",-0.0549409980731156,5.24996857683324,8.26001030542668,0.00428447792207794,0.144284716019211,0.128350052035698,"cogn_se_lv"
"14228","AC008761.1","Exc L5/6 IT Car3",0.0679422692667322,2.24017271304339,2.41390117902418,0.121108837034096,0.490612459339224,0.53652999164499,"cogn_se_lv"
"14229","FCHO1","Exc L5/6 IT Car3",1.48064682753299e-05,4.92465583935074,1.29459459540131e-06,0.99909277229118,0.999604744296048,0.999954262357359,"cogn_se_lv"
"14230","JAK3","Exc L5/6 IT Car3",0.0508057040179045,3.31573283360461,4.57085590330749,0.0331685654137869,0.310690335799258,0.321166764063245,"cogn_se_lv"
"14231","RPL18A","Exc L5/6 IT Car3",0.00646037661539244,2.29661436777706,0.0161359599219993,0.898987039233075,0.986715578313859,0.99224260186736,"cogn_se_lv"
"14232","CCDC124","Exc L5/6 IT Car3",-0.0329550512708912,4.19460992004972,2.21611488885729,0.137419802661686,0.510596514476908,0.562628466085013,"cogn_se_lv"
"14233","KCNN1","Exc L5/6 IT Car3",0.0142886731898099,5.13330001070746,0.850202279189418,0.357090060734445,0.72215560740022,0.779422363786896,"cogn_se_lv"
"14234","ARRDC2","Exc L5/6 IT Car3",-0.0293290928920215,2.82746665058913,0.84701214580756,0.357992709867739,0.722480441660001,0.779959445831596,"cogn_se_lv"
"14235","MAST3","Exc L5/6 IT Car3",-0.010645171020037,7.36016518388047,0.683626322157946,0.408868448935513,0.760015801455105,0.812638595805493,"cogn_se_lv"
"14236","AC007192.2","Exc L5/6 IT Car3",-0.00307216095935284,4.24281577197519,0.00498548168405917,0.943747560287859,0.994804925328349,0.997626386519645,"cogn_se_lv"
"14237","MPV17L2","Exc L5/6 IT Car3",-0.00358787237222699,1.93723373304324,0.00775520200151,0.929873281795156,0.991814175882228,0.995925713518617,"cogn_se_lv"
"14238","RAB3A","Exc L5/6 IT Car3",-0.0390966394020523,6.38626467376947,1.28716442833258,0.257298423495383,0.639816244561957,0.701645241793389,"cogn_se_lv"
"14239","AC005759.1","Exc L5/6 IT Car3",4.4409467810791e-05,2.1333905891697,9.31956102127282e-08,0.999756585062036,0.999756585062036,1,"cogn_se_lv"
"14240","AC008397.2","Exc L5/6 IT Car3",0.0213344940992552,2.69969284847657,0.410383602815724,0.522167510914273,0.821441070527513,0.869472496971894,"cogn_se_lv"
"14241","IQCN","Exc L5/6 IT Car3",0.0933926722241576,2.09483415208629,4.18612960653965,0.0414555779026861,0.334651453069991,0.352433968559484,"cogn_se_lv"
"14242","JUND","Exc L5/6 IT Car3",-0.068467570956474,7.33694540377809,8.36708038082273,0.0040444805966637,0.141379082140812,0.125212808189927,"cogn_se_lv"
"14243","LSM4","Exc L5/6 IT Car3",-0.00879251462077693,4.68673324351333,0.112755504787082,0.737217036122361,0.929479740855657,0.955441287914901,"cogn_se_lv"
"14244","PGPEP1","Exc L5/6 IT Car3",0.0193271654952271,4.16035441880584,0.952215089180782,0.329787389707632,0.700406022244585,0.760730255240392,"cogn_se_lv"
"14245","SSBP4","Exc L5/6 IT Car3",0.00154336140869965,6.33688590639418,0.0117323243965164,0.913803282900678,0.989073227776396,0.994126167335106,"cogn_se_lv"
"14246","ISYNA1","Exc L5/6 IT Car3",-0.0690994333519695,2.22366597768772,3.55827241516453,0.0600245608730913,0.381411227017702,0.409113032439703,"cogn_se_lv"
"14247","ELL","Exc L5/6 IT Car3",0.0189481504496553,4.23680764092329,1.13213596994915,0.288007272968664,0.668230247289619,0.728397196819718,"cogn_se_lv"
"14248","FKBP8","Exc L5/6 IT Car3",-0.0666976386029323,6.78456270182701,7.94183813649344,0.00508733019196027,0.156261848273226,0.14014158115479,"cogn_se_lv"
"14249","KXD1","Exc L5/6 IT Car3",0.0110077953467019,4.16216071084255,0.352534270606074,0.553041276193291,0.839085943582724,0.883726587512433,"cogn_se_lv"
"14250","AC005253.1","Exc L5/6 IT Car3",0.0107958287283852,1.74922216001065,0.0549118950687328,0.814854907245752,0.959870452932088,0.976606831175279,"cogn_se_lv"
"14251","UBA52","Exc L5/6 IT Car3",-0.0782674471757847,5.45565317491322,7.35474632796581,0.00699761827358632,0.178460645443228,0.162671286149852,"cogn_se_lv"
"14252","CRLF1","Exc L5/6 IT Car3",0.00291934938899096,5.24263629814391,0.0113990914155937,0.915031498443682,0.989073227776396,0.994167716172383,"cogn_se_lv"
"14253","REX1BD","Exc L5/6 IT Car3",-0.00550726727122865,5.26446473166683,0.0630191680367992,0.801924113652172,0.955597215489341,0.973508330747758,"cogn_se_lv"
"14254","TMEM59L","Exc L5/6 IT Car3",-0.0363362977342014,7.69410838566537,3.25821941854299,0.0718710852218572,0.410120875626393,0.439821070786333,"cogn_se_lv"
"14255","KLHL26","Exc L5/6 IT Car3",0.0242113615633943,3.76766960079315,1.52067433146932,0.218292648704447,0.606576783940374,0.66310743177432,"cogn_se_lv"
"14256","CRTC1","Exc L5/6 IT Car3",0.0102675363674585,6.74981558321186,0.707746027879925,0.400731125365654,0.754433881567932,0.807844360606854,"cogn_se_lv"
"14257","UPF1","Exc L5/6 IT Car3",-0.00413024656079041,4.83036887294045,0.0568098890371637,0.811741649451506,0.959045669722624,0.976016864294337,"cogn_se_lv"
"14258","COPE","Exc L5/6 IT Car3",-0.0590446188025093,4.07300550506571,3.4261785960381,0.06495934339526,0.391741494848374,0.422597460362666,"cogn_se_lv"
"14259","DDX49","Exc L5/6 IT Car3",0.0195595442367274,3.96070057818306,1.3055879380741,0.802539829786471,0.955597215489341,0.973652450180712,"cogn_se_lv"
"14260","SUGP2","Exc L5/6 IT Car3",-0.0137110032374633,7.32654472066755,2.54547766102966,0.11145581733454,0.476351507192535,0.519266772376435,"cogn_se_lv"
"14261","ARMC6","Exc L5/6 IT Car3",0.00188595676753759,3.33230606981267,0.00882969796453625,0.925186153075959,0.991196077697388,0.995470927775795,"cogn_se_lv"
"14262","SLC25A42","Exc L5/6 IT Car3",0.0103112036210713,5.71493562576202,0.540086337125034,0.462857900004642,0.790961030368069,0.841579936130673,"cogn_se_lv"
"14263","TMEM161A","Exc L5/6 IT Car3",0.0190164507264005,4.15419154740159,1.40772032475031,0.265985178695345,0.648572027067578,0.709744260498923,"cogn_se_lv"
"14264","RFXANK","Exc L5/6 IT Car3",-0.0377498958640369,2.04029977023081,0.924104674333843,0.337021143443527,0.707058640128213,0.76548639381552,"cogn_se_lv"
"14265","NR2C2AP","Exc L5/6 IT Car3",0.0195466155772431,2.32913282423591,0.331483819220438,0.56513322549635,0.84542695588375,0.888862855279923,"cogn_se_lv"
"14266","NCAN","Exc L5/6 IT Car3",0.0439155786872209,5.82619380874093,6.47035028434876,0.0113709442460084,0.214164403886737,0.202746848060008,"cogn_se_lv"
"14267","HAPLN4","Exc L5/6 IT Car3",-0.0179794024393433,3.51180893454526,0.299831282363331,0.584315111649792,0.855786978329872,0.897940261840798,"cogn_se_lv"
"14268","SUGP1","Exc L5/6 IT Car3",0.0144940587596461,5.03739322391043,0.969712051434472,0.325389168854788,0.697897354067486,0.758038640364639,"cogn_se_lv"
"14269","MAU2","Exc L5/6 IT Car3",0.0179785376864862,5.62818792710152,2.05742397592724,0.152302362328689,0.532192681680178,0.584248567533825,"cogn_se_lv"
"14270","GATAD2A","Exc L5/6 IT Car3",0.018017613247628,4.45687177840034,0.791737999014464,0.374147590935276,0.734081007712124,0.790853380627647,"cogn_se_lv"
"14271","NDUFA13","Exc L5/6 IT Car3",-0.012098116259113,1.10879785868043,0.0191593431990326,0.8899852024162,0.985032165781036,0.990528640515043,"cogn_se_lv"
"14272","YJEFN3","Exc L5/6 IT Car3",-0.0427137162033655,4.84162649193924,3.16677335534464,0.0759634386428715,0.416677281040811,0.449919371382262,"cogn_se_lv"
"14273","PBX4","Exc L5/6 IT Car3",0.0128584981786736,4.04664627955977,0.321389903891285,0.571113929490747,0.848869669463741,0.891410360591047,"cogn_se_lv"
"14274","LPAR2","Exc L5/6 IT Car3",-0.0616693443605019,1.77010249285699,2.20288871168265,0.156268669847954,0.53830254120541,0.589458007398455,"cogn_se_lv"
"14275","ATP13A1","Exc L5/6 IT Car3",-0.0357345927995647,4.05906712569984,4.03454626341938,0.045296652799746,0.345619973519133,0.363535565202883,"cogn_se_lv"
"14276","ZNF101","Exc L5/6 IT Car3",-0.000881243561716217,2.56455585297606,0.000756145215792959,0.978077138795481,0.998390354534415,0.999693731926281,"cogn_se_lv"
"14277","ZNF14","Exc L5/6 IT Car3",0.023880540492701,4.11634409044514,1.54606891136778,0.402010415106387,0.755322533491974,0.808423501322238,"cogn_se_lv"
"14278","AC011477.4","Exc L5/6 IT Car3",0.0140454112966917,3.53173679991905,0.37578177355339,0.540242359433279,0.830768376466643,0.877692272988227,"cogn_se_lv"
"14279","ZNF253","Exc L5/6 IT Car3",0.0125835790756813,4.54451193740086,0.581098040531131,0.446363141021018,0.781075074328528,0.833138741383095,"cogn_se_lv"
"14280","ZNF93","Exc L5/6 IT Car3",-0.00364309902826361,2.3953376016455,0.0102826470463616,0.919284635190823,0.990602894243577,0.994644178570332,"cogn_se_lv"
"14281","ZNF682","Exc L5/6 IT Car3",0.0259147940262023,4.47923866785861,2.09444319615741,0.148673940354696,0.527453190884919,0.579330546015235,"cogn_se_lv"
"14282","ZNF90","Exc L5/6 IT Car3",-0.0277681330030193,4.42854743059372,0.703304986080633,0.402211531302128,0.755426964173174,0.808528226462434,"cogn_se_lv"
"14283","AC011447.3","Exc L5/6 IT Car3",0.0166512393644535,4.72226763134621,0.672386619773192,0.412743486563518,0.762102250535398,0.814871352738619,"cogn_se_lv"
"14284","AC008554.1","Exc L5/6 IT Car3",0.0347197882488453,1.31119855595018,0.315067407956446,0.574923598013389,0.851349386454927,0.893511453646381,"cogn_se_lv"
"14285","ZNF737","Exc L5/6 IT Car3",0.0405729474992882,4.54719396643232,5.04559173957143,0.0252722066924405,0.289820611770983,0.286526813766935,"cogn_se_lv"
"14286","AC010636.2","Exc L5/6 IT Car3",0.0570688334766188,3.71403011825564,4.0563631218841,0.0447214046967274,0.34356544471067,0.362089166303159,"cogn_se_lv"
"14287","ZNF66","Exc L5/6 IT Car3",0.0163035454523988,3.89920660766388,0.57210063743878,0.449901967734972,0.782902677910585,0.83442826349148,"cogn_se_lv"
"14288","ZNF85","Exc L5/6 IT Car3",0.0113774453284829,2.98412692835542,0.161470960450106,0.688035561934459,0.9027936992217,0.938934972066693,"cogn_se_lv"
"14289","ZNF430","Exc L5/6 IT Car3",-0.00262109466608937,4.93797597377682,0.0365008017672334,0.848588746846895,0.971136553429121,0.983192042862315,"cogn_se_lv"
"14290","ZNF714","Exc L5/6 IT Car3",0.0312847229398149,5.06713735147036,2.96357936033816,0.0859868542071105,0.434295997994672,0.471953003494231,"cogn_se_lv"
"14291","ZNF431","Exc L5/6 IT Car3",-0.00958678527853527,5.21641140957764,0.500476511102901,0.479731791126608,0.800231975637088,0.849385902819058,"cogn_se_lv"
"14292","ZNF708","Exc L5/6 IT Car3",-0.00646941498657162,5.30888754917346,0.191989243723117,0.661519302772926,0.892383502166528,0.929128476140779,"cogn_se_lv"
"14293","ZNF738","Exc L5/6 IT Car3",-0.00307892959710017,2.90676832695238,0.0109176752601794,0.916838404307742,0.989838165015514,0.994443463315298,"cogn_se_lv"
"14294","ZNF493","Exc L5/6 IT Car3",0.0272272762376436,4.90451863337771,3.42955305730714,0.0648280112553488,0.391256114988164,0.422155891663794,"cogn_se_lv"
"14295","AC010615.4","Exc L5/6 IT Car3",0.0108661189894879,6.2853044300774,0.543644751308772,0.461388848378873,0.789521661427758,0.840744899501997,"cogn_se_lv"
"14296","ZNF429","Exc L5/6 IT Car3",0.0294536746059916,5.20361696779331,4.9723958900801,0.0263484537373306,0.293064283242318,0.29113830515422,"cogn_se_lv"
"14297","AC123912.1","Exc L5/6 IT Car3",-0.0206577623428364,2.87322481988122,0.260679012629474,0.60995552590166,0.869669774284467,0.909107952778086,"cogn_se_lv"
"14298","ZNF100","Exc L5/6 IT Car3",0.00960640914225074,4.14457827391378,0.174380810978433,0.67648726592431,0.899217397009426,0.934720700965865,"cogn_se_lv"
"14299","ZNF43","Exc L5/6 IT Car3",0.0010617143189939,4.09290673125811,0.00290640832776734,0.957034791317315,0.997053628956036,0.998548631432287,"cogn_se_lv"
"14300","ZNF208","Exc L5/6 IT Car3",-0.0116038221578897,3.94435882007956,0.0566081638576555,0.812069901523886,0.959045669722624,0.97611549093082,"cogn_se_lv"
"14301","ZNF257","Exc L5/6 IT Car3",0.00392068474907229,2.28680778659237,0.00863690784310504,0.926005032977794,0.991453065881766,0.995504459089174,"cogn_se_lv"
"14302","ZNF98","Exc L5/6 IT Car3",-0.0949695338120479,3.54793254345647,5.29528576558864,0.0219329718360962,0.276372518361312,0.270931618835477,"cogn_se_lv"
"14303","AC024563.1","Exc L5/6 IT Car3",0.0478997621152559,1.89452122456092,1.00237841269526,0.317383563979849,0.692049117884639,0.752416198516373,"cogn_se_lv"
"14304","ZNF730","Exc L5/6 IT Car3",-0.0163564350800084,1.93837759913367,0.103221796334198,0.748176705033395,0.933897613787942,0.958610283154618,"cogn_se_lv"
"14305","AC092329.3","Exc L5/6 IT Car3",0.00306199018747854,4.06780401330715,0.0227023876695362,0.880314882554356,0.981383038672293,0.988923094115778,"cogn_se_lv"
"14306","ZNF91","Exc L5/6 IT Car3",0.00643388864151132,7.58711642702545,0.375102554797347,0.540608505479292,0.830870709392775,0.877926282919525,"cogn_se_lv"
"14307","ZNF675","Exc L5/6 IT Car3",-0.000510988272780949,5.71725183642266,0.000777318364672549,0.977772400774995,0.998390354534415,0.999652423847654,"cogn_se_lv"
"14308","ZNF681","Exc L5/6 IT Car3",0.0125647311537615,3.19155358659126,0.307193418663491,0.68203766155263,0.901224316244095,0.936774053972637,"cogn_se_lv"
"14309","ZNF726","Exc L5/6 IT Car3",0.0597904135145929,2.31485422419275,3.42995585076051,0.0648123537774484,0.391256114988164,0.422078032544391,"cogn_se_lv"
"14310","ZNF254","Exc L5/6 IT Car3",0.016098248385489,6.15131551193998,1.57012090373393,0.210972972899759,0.598585727280052,0.654683758552964,"cogn_se_lv"
"14311","LINC00662","Exc L5/6 IT Car3",-0.0136221142097359,6.28216572913469,1.33312768698473,0.248987404022653,0.633297939815486,0.693582945401149,"cogn_se_lv"
"14312","AC006504.5","Exc L5/6 IT Car3",0.016016873401791,6.74988141899893,1.15949508262888,0.282264966114635,0.662539096936755,0.723322201100035,"cogn_se_lv"
"14313","AC006504.2","Exc L5/6 IT Car3",0.0061383711676849,3.0883529770711,0.0241119234464835,0.876684310497242,0.979957862127517,0.988456398102355,"cogn_se_lv"
"14314","AC005580.1","Exc L5/6 IT Car3",0.0071777491411902,0.990504816105265,0.00703707942781764,0.933190956984,0.993072108144361,0.996449260036818,"cogn_se_lv"
"14315","AC005394.1","Exc L5/6 IT Car3",-0.035696124036214,1.90360127911461,0.381491486818814,0.537182310864279,0.828690113710241,0.876517891693114,"cogn_se_lv"
"14316","UQCRFS1","Exc L5/6 IT Car3",-0.035030184247884,5.16773150362534,1.76704189733085,0.184559584634596,0.570929046738981,0.62524800239974,"cogn_se_lv"
"14317","AC011474.2","Exc L5/6 IT Car3",0.0253356733774007,5.26656926625293,1.68602131814904,0.194927046483742,0.583090189119214,0.637012401939916,"cogn_se_lv"
"14318","VSTM2B","Exc L5/6 IT Car3",-0.0237310324631361,6.62400778812134,1.08005710624949,0.299356760401305,0.676917505521024,0.737590025291516,"cogn_se_lv"
"14319","POP4","Exc L5/6 IT Car3",-0.0329751185234587,3.20518463301413,1.64381801673928,0.200597276868805,0.588127980615587,0.642659074272473,"cogn_se_lv"
"14320","C19orf12","Exc L5/6 IT Car3",-0.00131432132837569,6.4259436857669,0.0125014732135686,0.911034103146192,0.989073227776396,0.9937259663591,"cogn_se_lv"
"14321","CCNE1","Exc L5/6 IT Car3",-0.00725869946205892,2.41359860141992,0.0519271817685454,0.819867770783495,0.96194556303092,0.977272530378982,"cogn_se_lv"
"14322","URI1","Exc L5/6 IT Car3",-0.00477246000531178,6.00442999602133,0.134600332924025,0.713916806325234,0.917731335674913,0.947903926272577,"cogn_se_lv"
"14323","ZNF536","Exc L5/6 IT Car3",0.0516883894820012,2.94726943553892,1.20675760414999,0.27268251711069,0.654693282111313,0.715414731086296,"cogn_se_lv"
"14324","TSHZ3","Exc L5/6 IT Car3",0.0131541155241853,4.21225240244843,0.281161113299897,0.596256130945865,0.862418526343623,0.903276732675504,"cogn_se_lv"
"14325","AC025809.1","Exc L5/6 IT Car3",0.0406052949607341,3.1596523812728,1.62208061102405,0.203593562806875,0.590743765384201,0.645940857113557,"cogn_se_lv"
"14326","ZNF507","Exc L5/6 IT Car3",-0.00282699090128604,5.07704009536524,0.0568098452349524,0.811741720660603,0.959045669722624,0.976016864294337,"cogn_se_lv"
"14327","DPY19L3","Exc L5/6 IT Car3",-0.0469828813489773,5.09941332886077,6.49124252897855,0.0112403763101161,0.214164403886737,0.201592187824807,"cogn_se_lv"
"14328","PDCD5","Exc L5/6 IT Car3",-0.0226440725785393,4.69009332945429,1.42469755500919,0.233388975649497,0.621066116966681,0.678638369683741,"cogn_se_lv"
"14329","ANKRD27","Exc L5/6 IT Car3",0.0169752952254266,6.44396297785181,1.70395997019229,0.192574071494025,0.580324057233806,0.634205877540952,"cogn_se_lv"
"14330","AC008736.1","Exc L5/6 IT Car3",0.044502430658418,2.03734244806995,1.341758979361,0.329909371380003,0.700406022244585,0.760730255240392,"cogn_se_lv"
"14331","NUDT19","Exc L5/6 IT Car3",0.0413318531972393,3.29707883860057,4.35341814987584,0.037612242161124,0.324958739062189,0.337960012637371,"cogn_se_lv"
"14332","TDRD12","Exc L5/6 IT Car3",0.00614334435081547,2.10950723286698,0.0179562388000115,0.893474009903714,0.9857013440361,0.991080615131778,"cogn_se_lv"
"14333","SLC7A9","Exc L5/6 IT Car3",-0.0181914104605256,2.77900533884152,0.323012477776919,0.570144226481521,0.848666491645945,0.891059880363009,"cogn_se_lv"
"14334","CEP89","Exc L5/6 IT Car3",-0.0018099492031053,5.85459160393988,0.0193217713653365,0.889522838535237,0.985016296233795,0.990391395066127,"cogn_se_lv"
"14335","RHPN2","Exc L5/6 IT Car3",-0.0209768951734785,2.45402999138661,0.41132811634454,0.521689346538396,0.821140907781899,0.869158713128985,"cogn_se_lv"
"14336","GPATCH1","Exc L5/6 IT Car3",-0.0100940720104008,4.02587134262613,0.36624606665127,0.545424971823978,0.833740702904913,0.880012338377153,"cogn_se_lv"
"14337","WDR88","Exc L5/6 IT Car3",0.0660206926508919,2.39669029661576,3.29567079028492,0.0702641772728691,0.405005875741369,0.435552060258387,"cogn_se_lv"
"14338","LRP3","Exc L5/6 IT Car3",-0.00263986110461206,5.34729636968474,0.0518446212804979,0.951769869356742,0.99583508664085,0.99795933860882,"cogn_se_lv"
"14339","CEBPA","Exc L5/6 IT Car3",-0.0191960050055228,2.23670325029132,0.245079980398593,0.620851885776303,0.874351255682403,0.913592511079948,"cogn_se_lv"
"14340","CEBPG","Exc L5/6 IT Car3",-0.0315330557006546,4.05126333372231,2.43691767286264,0.119355369410415,0.48966526913953,0.53390322674926,"cogn_se_lv"
"14341","PEPD","Exc L5/6 IT Car3",0.00301346969056903,4.73081063709635,0.0425156104698898,0.836752342273837,0.967115719302831,0.980789525289319,"cogn_se_lv"
"14342","CHST8","Exc L5/6 IT Car3",0.0555640619579534,2.62885421258333,1.67079706363846,0.19695048969353,0.584763381151275,0.639029476518256,"cogn_se_lv"
"14343","LSM14A","Exc L5/6 IT Car3",-0.00876785984477522,6.79401697493041,1.10253186064842,0.294389736443807,0.672691446476603,0.733281551339312,"cogn_se_lv"
"14344","KIAA0355","Exc L5/6 IT Car3",0.0134722122320809,5.14115863747434,1.06522471315906,0.302694090964461,0.679709276797619,0.740762936418138,"cogn_se_lv"
"14345","AC010504.1","Exc L5/6 IT Car3",0.0326754169254824,2.47774763720966,1.16777065306264,0.314924415850634,0.689389348061269,0.75058929027163,"cogn_se_lv"
"14346","GPI","Exc L5/6 IT Car3",0.0115482030913879,6.92025996143497,0.812626103342997,0.367925625312291,0.72947343179262,0.786695719699456,"cogn_se_lv"
"14347","PDCD2L","Exc L5/6 IT Car3",-0.00323630875153614,2.78784499121186,0.0136666248405473,0.906998663940392,0.988017372454887,0.993053698050983,"cogn_se_lv"
"14348","UBA2","Exc L5/6 IT Car3",0.00789891331797612,6.3512746549424,1.04899823842496,0.534375893319867,0.827451956755484,0.874939421541319,"cogn_se_lv"
"14349","WTIP","Exc L5/6 IT Car3",0.0572919763167499,2.30512350558178,2.6160517173161,0.106631162637452,0.468654730319282,0.510692403867499,"cogn_se_lv"
"14350","SCGB2B2","Exc L5/6 IT Car3",0.0121918518084463,4.95912443911835,0.530045875741066,0.467043528413269,0.792363398905626,0.843587874563246,"cogn_se_lv"
"14351","ZNF302","Exc L5/6 IT Car3",-0.0159791346029981,6.13652632044824,0.74281726558337,0.389312636481124,0.746514013885434,0.800841314019082,"cogn_se_lv"
"14352","ZNF181","Exc L5/6 IT Car3",-0.0660786685390621,3.17631209059781,8.96468496184081,0.0029356813422631,0.12707167203015,0.106754318060529,"cogn_se_lv"
"14353","ZNF30","Exc L5/6 IT Car3",0.00565739421965457,4.37819520345692,0.113214083704989,0.854191840233883,0.972881064401809,0.984396892151567,"cogn_se_lv"
"14354","GRAMD1A","Exc L5/6 IT Car3",-0.00676579291996175,4.53442108073877,0.208678203409421,0.648070821878398,0.886865248851835,0.924174692547598,"cogn_se_lv"
"14355","SCN1B","Exc L5/6 IT Car3",-0.0111366667827289,5.96877400435556,0.350279286940025,0.554312972147273,0.839929682996154,0.884442710080519,"cogn_se_lv"
"14356","HPN","Exc L5/6 IT Car3",0.104654269372073,2.00164461131828,4.6704287660094,0.0313209842893378,0.305598344197456,0.312825119867274,"cogn_se_lv"
"14357","LGI4","Exc L5/6 IT Car3",0.0286208228690649,5.73651265103605,3.00058235253352,0.0840597617566071,0.43113965258299,0.468331199601763,"cogn_se_lv"
"14358","FXYD1","Exc L5/6 IT Car3",-0.0463680690492566,3.14744014961757,2.52378443881114,0.112986880667009,0.478895095969504,0.52199047348632,"cogn_se_lv"
"14359","FXYD7","Exc L5/6 IT Car3",0.0213588770650592,5.58496218074873,1.13451672979753,0.287501711578852,0.667670339701,0.72792663457183,"cogn_se_lv"
"14360","FXYD5","Exc L5/6 IT Car3",-0.0368189155963519,2.2915919562971,0.774501321299567,0.379393749760834,0.738388823873568,0.79492690270575,"cogn_se_lv"
"14361","LSR","Exc L5/6 IT Car3",0.064137637472011,1.38730700922008,1.41353403221594,0.235225588179588,0.622756370069832,0.680283758584578,"cogn_se_lv"
"14362","USF2","Exc L5/6 IT Car3",-0.0315109301046862,5.33126357821597,4.06848746987387,0.0444050643778329,0.342381733855135,0.361428996766427,"cogn_se_lv"
"14363","CD22","Exc L5/6 IT Car3",0.0114185496545577,1.88666998390683,0.0581807327199525,0.809527117985197,0.958355565060938,0.975421207951509,"cogn_se_lv"
"14364","DMKN","Exc L5/6 IT Car3",0.0539065483359434,3.4426743378071,4.35886843643807,0.0374935238162681,0.324901650637594,0.337577029319585,"cogn_se_lv"
"14365","TMEM147-AS1","Exc L5/6 IT Car3",0.0261134126105916,2.31502764105254,0.60820273390709,0.435958992171022,0.774416015627967,0.82703497787327,"cogn_se_lv"
"14366","TMEM147","Exc L5/6 IT Car3",-0.0374546523223442,3.44541896478211,0.95077520451609,0.330152849687184,0.700406022244585,0.760877438267723,"cogn_se_lv"
"14367","AD000090.1","Exc L5/6 IT Car3",0.0296124240406364,1.90942022406606,0.254901221417327,0.613942537509565,0.87215851620862,0.911017225824561,"cogn_se_lv"
"14368","HAUS5","Exc L5/6 IT Car3",0.0275168201877542,2.7457464756582,0.958763493765923,0.328132108619798,0.700074877560877,0.759919411540895,"cogn_se_lv"
"14369","RBM42","Exc L5/6 IT Car3",-0.0271588462135042,2.9367191125769,0.691057301014412,0.406335856026407,0.7587424490491,0.811107808845658,"cogn_se_lv"
"14370","COX6B1","Exc L5/6 IT Car3",-0.0827650825794019,5.38263265071712,5.40622723135495,0.0205999483371941,0.26981549353993,0.264045907805214,"cogn_se_lv"
"14371","KMT2B","Exc L5/6 IT Car3",-0.0131167682541073,4.56927473139022,0.919269433903475,0.33828680103457,0.708620371297405,0.766421364288452,"cogn_se_lv"
"14372","PROSER3","Exc L5/6 IT Car3",0.0171205194933221,3.61603378861946,0.616331016193806,0.432911428341555,0.77353077346411,0.825660702591859,"cogn_se_lv"
"14373","ARHGAP33","Exc L5/6 IT Car3",0.00931318237519048,4.91361700580527,0.385546240520226,0.53502837635066,0.827599804634931,0.875332053809648,"cogn_se_lv"
"14374","NPHS1","Exc L5/6 IT Car3",0.0499097825507495,3.06356705616126,2.57844643705564,0.109172644966344,0.471635328612973,0.514753649906273,"cogn_se_lv"
"14375","APLP1","Exc L5/6 IT Car3",-0.0487258832437456,7.36824950585473,3.96793765924113,0.0471018863311445,0.350870295564528,0.369205778908286,"cogn_se_lv"
"14376","NFKBID","Exc L5/6 IT Car3",-0.00990860388696318,3.13866392392315,0.141323488885145,0.707182143856371,0.913952110821552,0.945843395463766,"cogn_se_lv"
"14377","LRFN3","Exc L5/6 IT Car3",-0.00707770717619132,3.36621466371495,0.0933417260912373,0.760141187241774,0.940097466381462,0.962001488792433,"cogn_se_lv"
"14378","AF038458.3","Exc L5/6 IT Car3",0.00827082992561478,2.52080815368618,0.0612259964533426,0.804704490587814,0.956283090413124,0.974117592502999,"cogn_se_lv"
"14379","AF038458.2","Exc L5/6 IT Car3",-0.0529935655333047,1.8739221446926,1.59771119076086,0.207015782351493,0.594730799027343,0.650341139296202,"cogn_se_lv"
"14380","SDHAF1","Exc L5/6 IT Car3",-0.0159422759080529,2.78878813218826,0.201752703972426,0.6535702105553,0.888556645135312,0.925774362965417,"cogn_se_lv"
"14381","ALKBH6","Exc L5/6 IT Car3",0.0383462676189142,2.98470491623711,1.64305957506774,0.200700940466135,0.588166936399838,0.642797440052288,"cogn_se_lv"
"14382","AC002116.2","Exc L5/6 IT Car3",0.00993034610153771,2.84359226590066,0.0805250287043561,0.776744326615708,0.946385895978725,0.966686201515062,"cogn_se_lv"
"14383","CLIP3","Exc L5/6 IT Car3",-0.00849849159490897,6.03641646238113,0.125742548210848,0.723087842207001,0.922287575962684,0.950809537143717,"cogn_se_lv"
"14384","THAP8","Exc L5/6 IT Car3",0.0194504777235072,2.52333302595317,0.417329531497209,0.518669094062514,0.820833841115292,0.868022118929996,"cogn_se_lv"
"14385","WDR62","Exc L5/6 IT Car3",-0.03448800031931,2.33470008319741,0.787221238517999,0.375512381811721,0.734978450474677,0.791693749165919,"cogn_se_lv"
"14386","POLR2I","Exc L5/6 IT Car3",-0.0935777628962192,3.02760701214025,4.61170790467557,0.0323970993359236,0.309343568274808,0.317954016253613,"cogn_se_lv"
"14387","TBCB","Exc L5/6 IT Car3",-0.0325854127044122,5.16084183907198,1.36159954847305,0.244004569129091,0.629227600351326,0.688383263901267,"cogn_se_lv"
"14388","CAPNS1","Exc L5/6 IT Car3",-0.00757428995137768,5.16719184227266,0.107666457648826,0.743000422717685,0.932461592238863,0.957149776449044,"cogn_se_lv"
"14389","COX7A1","Exc L5/6 IT Car3",-0.0154401026375806,3.40668412881968,0.146126252209147,0.702482396779822,0.911206883480392,0.944112711347405,"cogn_se_lv"
"14390","ZNF565","Exc L5/6 IT Car3",-0.00926604248033213,5.63767730510402,0.25399577561469,0.614572479312056,0.872292765527302,0.911347496786145,"cogn_se_lv"
"14391","ZNF146","Exc L5/6 IT Car3",-0.00212611830987996,5.0242499765461,0.0288067725268277,0.865317802648062,0.975693529398027,0.986583046446606,"cogn_se_lv"
"14392","LINC00665","Exc L5/6 IT Car3",0.00830050237245843,4.64982437946737,0.227723285402764,0.633496115294303,0.88151041721332,0.91902550956005,"cogn_se_lv"
"14393","ZFP14","Exc L5/6 IT Car3",0.0266711352005309,5.02907595961935,3.1209694524829,0.0781071260419843,0.420387560324412,0.455075761654043,"cogn_se_lv"
"14394","ZFP82","Exc L5/6 IT Car3",0.00527679521141104,4.79970681832958,0.169868620909094,0.680464928755159,0.900862474773406,0.936149804886098,"cogn_se_lv"
"14395","ZNF566","Exc L5/6 IT Car3",0.0219188671361291,4.98149293962863,2.65127092519328,0.109014717093352,0.471421644788762,0.514558958886271,"cogn_se_lv"
"14396","ZNF260","Exc L5/6 IT Car3",-0.0301051580708657,4.15555962372135,2.52108306424689,0.113179160847284,0.47906529960313,0.522204842436268,"cogn_se_lv"
"14397","AC092295.1","Exc L5/6 IT Car3",0.0550180910070592,1.9773568386577,1.78163903992735,0.182760871405707,0.569947276784972,0.623191777125424,"cogn_se_lv"
"14398","ZNF529","Exc L5/6 IT Car3",0.0137234332372941,5.79022311488071,1.88070773656837,0.171076667024652,0.557772399333489,0.609196350262591,"cogn_se_lv"
"14399","ZNF529-AS1","Exc L5/6 IT Car3",0.00899876184745608,4.50881647001903,0.268302409809398,0.604779342912012,0.867513662728667,0.906820186422163,"cogn_se_lv"
"14400","ZNF382","Exc L5/6 IT Car3",0.0278365915656985,5.5471484588902,5.10236516260586,0.0244690573777977,0.287790493323633,0.283334818772626,"cogn_se_lv"
"14401","ZNF461","Exc L5/6 IT Car3",0.019189221369547,4.41189258444958,1.44153764066786,0.230651222237673,0.619158061895423,0.676562878687856,"cogn_se_lv"
"14402","ZNF567","Exc L5/6 IT Car3",0.00761437029486892,4.23786375165975,0.232965277833966,0.729099486879497,0.925001825586439,0.953054317557942,"cogn_se_lv"
"14403","ZNF850","Exc L5/6 IT Car3",0.0454873876152623,2.28021939363802,1.57577630397429,0.210154565823222,0.598377655682482,0.653389828305277,"cogn_se_lv"
"14404","AC020928.1","Exc L5/6 IT Car3",0.019767049993159,5.27633450146647,2.08188158829134,0.149894047468389,0.528855889623685,0.580984379227859,"cogn_se_lv"
"14405","ZNF790","Exc L5/6 IT Car3",0.0236348864579282,4.38855654608173,1.48771572611741,0.223340490458581,0.61248237575247,0.668821995500012,"cogn_se_lv"
"14406","ZNF345","Exc L5/6 IT Car3",-0.00314155105697573,4.97662865666668,0.0486599520212243,0.825532154158241,0.964395009298264,0.978295919763095,"cogn_se_lv"
"14407","ZNF829","Exc L5/6 IT Car3",-0.0319944708975462,2.9260065074591,1.6137474102657,0.204756213780658,0.592553239955684,0.64771224640883,"cogn_se_lv"
"14408","ZNF568","Exc L5/6 IT Car3",0.00458092872268287,5.19391893806259,0.126476584737164,0.722314252523421,0.921972360635618,0.950597967991176,"cogn_se_lv"
"14409","ZNF420","Exc L5/6 IT Car3",-0.0201892134858527,5.59636363858208,2.3683231686431,0.124666319165171,0.493718520219812,0.541969228077362,"cogn_se_lv"
"14410","AC010632.1","Exc L5/6 IT Car3",0.0453744005376449,3.11244221269408,2.28956178796986,0.131091980656507,0.501618008779415,0.553136661126443,"cogn_se_lv"
"14411","AC012309.1","Exc L5/6 IT Car3",0.0407799040023352,2.45323584795207,1.73074499417009,0.189122376351961,0.576583473069865,0.630608033954129,"cogn_se_lv"
"14412","ZNF585B","Exc L5/6 IT Car3",0.0155192954887431,1.82067338677089,0.109824727474563,0.740529542922589,0.931072322502814,0.956565426538206,"cogn_se_lv"
"14413","ZNF383","Exc L5/6 IT Car3",0.0123520219922105,4.11414072097199,0.51090340379291,0.572890669251859,0.849925236982699,0.892417161061726,"cogn_se_lv"
"14414","LINC01535","Exc L5/6 IT Car3",0.0156309043887042,3.9190568513987,0.349492889794607,0.554757760809685,0.839929682996154,0.884550486850169,"cogn_se_lv"
"14415","AC016590.1","Exc L5/6 IT Car3",0.0481977286160712,2.18664715773193,1.49468489902453,0.22226153605316,0.610909997552541,0.667498437636331,"cogn_se_lv"
"14416","HKR1","Exc L5/6 IT Car3",0.0234792696445827,5.80900810929816,5.06071050053242,0.0250556784919332,0.289218833855176,0.285851210163361,"cogn_se_lv"
"14417","ZNF527","Exc L5/6 IT Car3",0.015240856907938,3.06542562780353,0.496825043184609,0.716208422348592,0.918503749096258,0.948754909897132,"cogn_se_lv"
"14418","ZNF569","Exc L5/6 IT Car3",0.00857912568573447,4.35721609554722,0.290375510781924,0.590300873712622,0.859216560038585,0.900687392954925,"cogn_se_lv"
"14419","ZNF570","Exc L5/6 IT Car3",-0.0148084092028025,3.53971147112977,0.472149439518105,0.492426204974873,0.807671139594468,0.855605884965641,"cogn_se_lv"
"14420","ZNF793","Exc L5/6 IT Car3",0.00763089335788136,4.88952910953637,0.323757208598634,0.621455841018084,0.874801554309734,0.913680592034508,"cogn_se_lv"
"14421","ZNF540","Exc L5/6 IT Car3",0.0077210111458677,5.69088304237,0.324821561522026,0.569066852564453,0.84798013758394,0.890683714790729,"cogn_se_lv"
"14422","ZNF571","Exc L5/6 IT Car3",-0.0446831145905911,3.92263978806209,5.13461511830729,0.0750088113814129,0.414798996464227,0.447573937261856,"cogn_se_lv"
"14423","ZFP30","Exc L5/6 IT Car3",0.034456109173444,5.32994923764838,6.7552513098994,0.00971741872422193,0.203748057446561,0.188984582295228,"cogn_se_lv"
"14424","AC093227.2","Exc L5/6 IT Car3",0.0179467386563637,2.59939579461149,0.337041132848904,0.669165610192066,0.896531621907887,0.931936329538012,"cogn_se_lv"
"14425","AC093227.1","Exc L5/6 IT Car3",-0.00173733003376217,3.18308077323731,0.00470367881124518,0.964485902341985,0.997621680933237,0.998906195013116,"cogn_se_lv"
"14426","ZNF573","Exc L5/6 IT Car3",0.0358823316039965,5.23611178574049,7.59168889664058,0.00615085588377409,0.168168492323806,0.153657427521502,"cogn_se_lv"
"14427","SIPA1L3","Exc L5/6 IT Car3",-0.00681827193514599,6.42839230018524,0.231231353291855,0.630893721914855,0.879878058927922,0.917950710342038,"cogn_se_lv"
"14428","DPF1","Exc L5/6 IT Car3",-0.0288483390935909,5.92593355108616,3.36440263626254,0.0674147279789821,0.397666793252792,0.428094199887988,"cogn_se_lv"
"14429","SPINT2","Exc L5/6 IT Car3",0.0385759804580688,3.4074375319924,2.64978653330865,0.104406626993648,0.464264082471031,0.506310275600984,"cogn_se_lv"
"14430","PPP1R14A","Exc L5/6 IT Car3",-0.128679272258331,1.45970276299169,6.27620218688814,0.0126617504048374,0.223512266693882,0.212786315123767,"cogn_se_lv"
"14431","AC011479.1","Exc L5/6 IT Car3",0.064457388620676,2.25312895996182,2.6684820291631,0.103195830471786,0.462584975531369,0.503852821794642,"cogn_se_lv"
"14432","YIF1B","Exc L5/6 IT Car3",-0.00782677122088084,3.82529031574331,0.111808796965795,0.738281762022237,0.930485326142186,0.955893957406326,"cogn_se_lv"
"14433","KCNK6","Exc L5/6 IT Car3",-0.00959587100000512,2.43164238475948,0.0674114571197008,0.795286652188602,0.952635552395905,0.971588307202306,"cogn_se_lv"
"14434","CATSPERG","Exc L5/6 IT Car3",0.0200789586697946,4.53161492737555,1.04051636215229,0.308361360412902,0.684175619461286,0.745505969730556,"cogn_se_lv"
"14435","PSMD8","Exc L5/6 IT Car3",-0.0357447642351797,4.88402024115854,2.0326123052182,0.15479058911764,0.535813577714909,0.587262196539031,"cogn_se_lv"
"14436","SPRED3","Exc L5/6 IT Car3",0.0338457542128765,2.69386415773573,0.609770065253856,0.435368803332836,0.773977807934891,0.826849956567603,"cogn_se_lv"
"14437","FAM98C","Exc L5/6 IT Car3",0.0416700881589897,4.01437939084555,5.35865314182193,0.0211609515962389,0.2736112040092,0.267462059248149,"cogn_se_lv"
"14438","RYR1","Exc L5/6 IT Car3",0.0208167874372378,4.78037799637377,1.05465628361687,0.305101443102316,0.681793409226753,0.74270791203074,"cogn_se_lv"
"14439","EIF3K","Exc L5/6 IT Car3",0.0117980157900253,5.47171769831599,0.747854375340289,0.387711210545923,0.745300596993773,0.800065389411619,"cogn_se_lv"
"14440","ACTN4","Exc L5/6 IT Car3",0.0241941729374844,6.96323579492852,3.58890001693098,0.0589386008837771,0.379576832358774,0.406600856204691,"cogn_se_lv"
"14441","ECH1","Exc L5/6 IT Car3",-0.0334319526646164,3.57759886268185,0.897495069074901,0.344066494422828,0.713252067506374,0.77014607226709,"cogn_se_lv"
"14442","HNRNPL","Exc L5/6 IT Car3",0.0132248028792649,5.5447745794937,0.907007801016333,0.341525200676547,0.71076035678324,0.768236642857397,"cogn_se_lv"
"14443","RINL","Exc L5/6 IT Car3",0.000864952907469015,2.21218336725061,0.000508181617477037,0.98484234981772,0.998390354534415,0.999870711362408,"cogn_se_lv"
"14444","SIRT2","Exc L5/6 IT Car3",0.0156079186574381,5.83538763722547,1.80395453918742,0.23279033548685,0.620836501626516,0.678249557461949,"cogn_se_lv"
"14445","NFKBIB","Exc L5/6 IT Car3",0.018275159562187,2.96853400934517,0.501480174218366,0.479291951920369,0.799781043682892,0.849082123974873,"cogn_se_lv"
"14446","CCER2","Exc L5/6 IT Car3",0.0818843240978976,2.21770035333334,4.70246680455077,0.0307497113388442,0.304222598957164,0.310683128029355,"cogn_se_lv"
"14447","SARS2","Exc L5/6 IT Car3",-0.0692586015610075,2.39044784748228,4.32108990466829,0.0383245981579384,0.326871566393295,0.340670462339883,"cogn_se_lv"
"14448","MRPS12","Exc L5/6 IT Car3",-0.0338499283105603,3.08533899069052,1.1174625478094,0.291148400644338,0.670536939842116,0.730466145185216,"cogn_se_lv"
"14449","FBXO17","Exc L5/6 IT Car3",0.0140080130676359,4.82456376919413,0.375032857880677,0.540646102750179,0.830870709392775,0.877939055963733,"cogn_se_lv"
"14450","FBXO27","Exc L5/6 IT Car3",0.0440631136825887,5.311825623982,10.7506607204369,0.0011402268111746,0.08662109232943,0.0686820322859838,"cogn_se_lv"
"14451","PAK4","Exc L5/6 IT Car3",0.0193213932536052,3.53496548340873,0.907441238822075,0.34141001464653,0.710750689886051,0.768182586379821,"cogn_se_lv"
"14452","LRFN1","Exc L5/6 IT Car3",-0.0313362911086274,3.8727262069758,2.81310751869523,0.0943333357833452,0.447037822509382,0.487573472194785,"cogn_se_lv"
"14453","GMFG","Exc L5/6 IT Car3",0.0669262196332944,2.25709326319782,3.36036788123627,0.0675785229501101,0.397738845527666,0.428463051794648,"cogn_se_lv"
"14454","SAMD4B","Exc L5/6 IT Car3",0.0241833764929457,5.75118397370863,3.00156638615436,0.084009158086671,0.43113965258299,0.468252125421834,"cogn_se_lv"
"14455","PAF1","Exc L5/6 IT Car3",-0.0722914627763526,3.15667183911821,6.20486780918672,0.0131732186297189,0.22684257200978,0.216350181349445,"cogn_se_lv"
"14456","MED29","Exc L5/6 IT Car3",0.0123968519860942,4.033608661202,0.387825038150128,0.5338247325933,0.827134422011894,0.874503325379388,"cogn_se_lv"
"14457","RPS16","Exc L5/6 IT Car3",-0.0547990620076436,4.88497980767646,2.40598277857394,0.121718691793413,0.491537829100138,0.537710683592337,"cogn_se_lv"
"14458","SUPT5H","Exc L5/6 IT Car3",-0.0148937233862811,5.63798586624435,1.15987235677276,0.282186803020293,0.662539096936755,0.723293250315991,"cogn_se_lv"
"14459","TIMM50","Exc L5/6 IT Car3",0.000296059649157604,4.17396323853844,0.000237279847167883,0.987718180466655,0.998502923567847,0.999870711362408,"cogn_se_lv"
"14460","DLL3","Exc L5/6 IT Car3",-0.0761167948527516,2.61737713053171,3.97854888531879,0.0468092740933163,0.350677639628557,0.368504171594665,"cogn_se_lv"
"14461","EID2B","Exc L5/6 IT Car3",0.0217229539624808,4.13579143447512,1.14840526398561,0.284574863426853,0.66397925229522,0.725187179367088,"cogn_se_lv"
"14462","EID2","Exc L5/6 IT Car3",-0.0262302824450849,3.37783382503476,0.949021815685379,0.330598610432254,0.700621401067528,0.761140517270268,"cogn_se_lv"
"14463","AC005393.1","Exc L5/6 IT Car3",0.0067451721320636,1.81215039102547,0.0197711311386749,0.888253927122672,0.984472057540796,0.990214615045304,"cogn_se_lv"
"14464","DYRK1B","Exc L5/6 IT Car3",0.00103914805343862,3.86041903776415,0.00213081295692145,0.963206801296723,0.997359393928316,0.998896091509243,"cogn_se_lv"
"14465","FBL","Exc L5/6 IT Car3",0.00646940769868889,2.87478887854928,0.0576403868054951,0.810396690761842,0.958714754943748,0.975703112162051,"cogn_se_lv"
"14466","PSMC4","Exc L5/6 IT Car3",-0.0415798077364862,3.85374304490295,2.70840440674876,0.100661598819931,0.457660858445715,0.499214161164961,"cogn_se_lv"
"14467","ZNF546","Exc L5/6 IT Car3",-0.014825952160923,3.84215423206964,0.55215757824506,0.4579043460426,0.788028655907772,0.839145593014038,"cogn_se_lv"
"14468","ZNF780B","Exc L5/6 IT Car3",0.00248702928092567,6.18892537141365,0.0366459561170141,0.848291645535656,0.971136553429121,0.983123425788567,"cogn_se_lv"
"14469","ZNF780A","Exc L5/6 IT Car3",-0.0193885917537226,3.27183790193936,0.769656835565338,0.422494505940311,0.76923863843178,0.820226586708262,"cogn_se_lv"
"14470","MAP3K10","Exc L5/6 IT Car3",-0.0152480098839709,5.37636604970057,1.46090101264531,0.227551085820526,0.616397182069092,0.672834145077779,"cogn_se_lv"
"14471","TTC9B","Exc L5/6 IT Car3",-0.0695911636147282,5.06816878981724,4.5695698597417,0.0331931621761499,0.310705456345645,0.321253455187485,"cogn_se_lv"
"14472","CNTD2","Exc L5/6 IT Car3",0.00970391791822546,2.24106880668829,0.0394380499923379,0.842691356047832,0.970110622589229,0.981998045759764,"cogn_se_lv"
"14473","AKT2","Exc L5/6 IT Car3",0.00630055144674935,6.03305259416889,0.240553934986848,0.624094188170497,0.875827296068406,0.914941171063626,"cogn_se_lv"
"14474","C19orf47","Exc L5/6 IT Car3",0.0396199180328281,2.78673005389228,2.51931267307021,0.174647039004162,0.561365482513378,0.613569911750139,"cogn_se_lv"
"14475","PLD3","Exc L5/6 IT Car3",-0.010598269408989,7.65255313475026,0.796571742095503,0.372694727502679,0.732998818038884,0.78975593526229,"cogn_se_lv"
"14476","HIPK4","Exc L5/6 IT Car3",0.0859069294758865,3.53416450485271,4.6579728750723,0.0315460781558072,0.306854716394316,0.313961084358511,"cogn_se_lv"
"14477","SERTAD1","Exc L5/6 IT Car3",-0.208725175027941,1.69683911501478,7.92262461113561,0.00514048404957179,0.15728041654654,0.140799052173497,"cogn_se_lv"
"14478","BLVRB","Exc L5/6 IT Car3",0.00971226253740748,3.51044717424617,0.143123250651894,0.705410439410552,0.91295221195361,0.945220250639013,"cogn_se_lv"
"14479","SPTBN4","Exc L5/6 IT Car3",0.000616821311886949,8.3940372526661,0.00252688471015957,0.959935580099925,0.997053628956036,0.998555548513014,"cogn_se_lv"
"14480","SHKBP1","Exc L5/6 IT Car3",-0.0551236739061626,2.47320247436413,2.8367763708624,0.0929639036124625,0.444495773743159,0.485658009595245,"cogn_se_lv"
"14481","LTBP4","Exc L5/6 IT Car3",-0.00290022725281441,4.57309079878431,0.0169804302936635,0.896392095037202,0.986236369932981,0.991622575904542,"cogn_se_lv"
"14482","NUMBL","Exc L5/6 IT Car3",0.0245309159499829,5.24517753646299,2.24519023932971,0.13487469818884,0.506334876009994,0.558267616135694,"cogn_se_lv"
"14483","COQ8B","Exc L5/6 IT Car3",0.0521039426091081,3.55672989827618,5.11249407819342,0.0243285882586658,0.287570640016026,0.282573971611606,"cogn_se_lv"
"14484","ITPKC","Exc L5/6 IT Car3",-0.0185842484193194,3.92302399567105,1.05898026693335,0.326544179521882,0.699153439460456,0.75867779843981,"cogn_se_lv"
"14485","SNRPA","Exc L5/6 IT Car3",0.0108228438700554,3.57536183377622,0.237556942117315,0.626262021627184,0.876803286448263,0.915987839714804,"cogn_se_lv"
"14486","AC008537.4","Exc L5/6 IT Car3",0.100857066652371,1.72576457716095,4.20629340824999,0.0409711559660091,0.333269603761565,0.350168723475673,"cogn_se_lv"
"14487","AC008537.1","Exc L5/6 IT Car3",0.045452996103726,6.56291538298083,3.48932981165847,0.0625480630802903,0.387682114702242,0.416365860122219,"cogn_se_lv"
"14488","AC008537.2","Exc L5/6 IT Car3",0.00655813680820598,1.79288581307915,0.0189494048078003,0.890585777248577,0.985413409436739,0.990610793206523,"cogn_se_lv"
"14489","HNRNPUL1","Exc L5/6 IT Car3",-0.0127672283484581,4.96757832550317,0.824750778562809,0.364380114114958,0.727246849504114,0.784412045103396,"cogn_se_lv"
"14490","TGFB1","Exc L5/6 IT Car3",0.0122813508146431,3.09997976905453,0.145876749271246,0.702724351500226,0.911344547685727,0.944198867222256,"cogn_se_lv"
"14491","CCDC97","Exc L5/6 IT Car3",-0.00590262433345382,2.88762977954812,0.0457146571472826,0.883276372139391,0.982622493848624,0.989303651647034,"cogn_se_lv"
"14492","B9D2","Exc L5/6 IT Car3",-0.0704283748445199,1.70838607766358,2.68423471815911,0.102187594286466,0.461057483456088,0.502247580061393,"cogn_se_lv"
"14493","EXOSC5","Exc L5/6 IT Car3",0.0274594266040405,3.18466169881982,0.998689897692754,0.318274408565664,0.692808967221059,0.753234044551329,"cogn_se_lv"
"14494","DMAC2","Exc L5/6 IT Car3",-0.0115827558789647,4.00289940873155,0.333369863414163,0.56402920455925,0.844808706390935,0.888335207823481,"cogn_se_lv"
"14495","AC243967.1","Exc L5/6 IT Car3",0.015084941708694,1.22797305440293,0.0783727242650027,0.779669781517252,0.947797625398934,0.967461421258475,"cogn_se_lv"
"14496","AC243967.2","Exc L5/6 IT Car3",0.0492451839099991,1.36161672196013,0.697686224884337,0.404095977852882,0.757218689779113,0.809893684048766,"cogn_se_lv"
"14497","RPS19","Exc L5/6 IT Car3",-0.0227095737144823,5.97632969256052,0.493601901738275,0.4827623886641,0.802169611459778,0.850662213444321,"cogn_se_lv"
"14498","ARHGEF1","Exc L5/6 IT Car3",-0.0209141530384862,4.03303105029061,1.50864903600273,0.220118399937387,0.608518443512912,0.664857918183122,"cogn_se_lv"
"14499","RABAC1","Exc L5/6 IT Car3",-0.0678200682437331,5.33201233344016,4.09739112305422,0.0436604319394162,0.340910221992702,0.359552259396274,"cogn_se_lv"
"14500","AC010616.2","Exc L5/6 IT Car3",-0.000258654633057612,2.7972063140855,0.00010179992146503,0.991955189128942,0.999242764926216,0.999870711362408,"cogn_se_lv"
"14501","GRIK5","Exc L5/6 IT Car3",0.00182899796583631,6.32423948573747,0.0124736766059478,0.911132652428773,0.989073227776396,0.9937259663591,"cogn_se_lv"
"14502","ZNF574","Exc L5/6 IT Car3",0.00880400863575561,2.60749816580558,0.0723623234100913,0.788076252332357,0.950455876050181,0.969614178651046,"cogn_se_lv"
"14503","POU2F2","Exc L5/6 IT Car3",0.0246512768697359,6.34225631671127,2.57275816161502,0.109562859281416,0.47229961919841,0.515571151143417,"cogn_se_lv"
"14504","DEDD2","Exc L5/6 IT Car3",-0.0268980380625255,3.81713143573039,1.02164337890991,0.312783546715772,0.687676969136533,0.749262763946614,"cogn_se_lv"
"14505","ZNF526","Exc L5/6 IT Car3",0.0312104632547721,2.41560042867865,1.13070601599084,0.288311472999633,0.668230247289619,0.728463781160063,"cogn_se_lv"
"14506","GSK3A","Exc L5/6 IT Car3",-0.012881072329576,5.20307140720296,0.286976951510705,0.59248301268671,0.859974089096834,0.901661183606652,"cogn_se_lv"
"14507","CIC","Exc L5/6 IT Car3",-0.0135503020412519,4.10104007844287,0.547232132463882,0.459915334624113,0.788583613287589,0.840066534295199,"cogn_se_lv"
"14508","PAFAH1B3","Exc L5/6 IT Car3",-0.0545739011150637,3.53462596556918,3.22625488771099,0.0732738736502963,0.412732658561907,0.443465067314045,"cogn_se_lv"
"14509","TMEM145","Exc L5/6 IT Car3",-0.0128470663646949,5.23098215340594,0.841835053233211,0.359464272130281,0.72381098033506,0.780689826423826,"cogn_se_lv"
"14510","MEGF8","Exc L5/6 IT Car3",-0.0188378969488022,5.77801879153966,2.59599410144395,0.107978505224877,0.470495242188804,0.51284233714146,"cogn_se_lv"
"14511","LIPE-AS1","Exc L5/6 IT Car3",0.0538715795834419,6.0658108664178,10.2481543542727,0.00148538779242686,0.0955024320442973,0.0782199724571381,"cogn_se_lv"
"14512","LIPE","Exc L5/6 IT Car3",0.0244347761452393,3.13887195714476,1.05748187804463,0.304455385116585,0.681331117723514,0.742173101872185,"cogn_se_lv"
"14513","CXCL17","Exc L5/6 IT Car3",0.0271369983201832,1.68988159978159,0.277538506603768,0.598631710737218,0.863646594523825,0.904129542449645,"cogn_se_lv"
"14514","CEACAM1","Exc L5/6 IT Car3",0.105207414754818,2.34569218817091,5.62991725006306,0.0181619036777239,0.25619770632463,0.248611298765442,"cogn_se_lv"
"14515","PSG8","Exc L5/6 IT Car3",0.100221606712423,2.20685359050164,5.22487852071125,0.0228252297018673,0.2800171352036,0.275123743632329,"cogn_se_lv"
"14516","PSG8-AS1","Exc L5/6 IT Car3",0.0716407542860125,2.37829938750274,3.86746396417858,0.0499705488810665,0.357097009681555,0.37860666085614,"cogn_se_lv"
"14517","AC004784.1","Exc L5/6 IT Car3",0.0632559065898857,5.38167123664112,8.10096073114359,0.00466818375886206,0.149362469956106,0.134013457316168,"cogn_se_lv"
"14518","PSG4","Exc L5/6 IT Car3",0.0909839015391048,1.48259259939764,2.25685741177614,0.133868333910453,0.504976930664488,0.556803479304158,"cogn_se_lv"
"14519","PSG9","Exc L5/6 IT Car3",0.0355757686305806,1.70878786794538,0.546036469563778,0.460405620181761,0.788695736264169,0.840231836831344,"cogn_se_lv"
"14520","TEX101","Exc L5/6 IT Car3",0.121068714433506,1.85271771994152,6.54821865832519,0.0108920961363568,0.213268905265307,0.198857558795008,"cogn_se_lv"
"14521","PHLDB3","Exc L5/6 IT Car3",-0.0252589408316928,3.77830656437851,1.51580212806462,0.219030181883327,0.607255359247776,0.663811384499958,"cogn_se_lv"
"14522","ETHE1","Exc L5/6 IT Car3",-0.0151711713356485,3.91035032106114,0.645234980551637,0.440220046015707,0.776403982764389,0.829784202792321,"cogn_se_lv"
"14523","ZNF575","Exc L5/6 IT Car3",0.0639003710802771,2.03053458120662,2.5361276042964,0.112112894961946,0.476642299946946,0.52046113378186,"cogn_se_lv"
"14524","XRCC1","Exc L5/6 IT Car3",0.0479866186907867,3.44972131961986,5.26001963616745,0.0223752643758455,0.277930039341616,0.273121063541024,"cogn_se_lv"
"14525","ZNF428","Exc L5/6 IT Car3",-0.00635122446083259,5.1518464268767,0.0668029398419758,0.796192174610767,0.953188140691562,0.971929747648122,"cogn_se_lv"
"14526","CADM4","Exc L5/6 IT Car3",-0.000319911067046513,4.24704880458754,0.000282411916092649,0.98660105766722,0.998407505464475,0.999870711362408,"cogn_se_lv"
"14527","PLAUR","Exc L5/6 IT Car3",0.0517735829280504,2.267993376281,1.73652294740917,0.188387309336687,0.575481483954534,0.629524306361087,"cogn_se_lv"
"14528","SMG9","Exc L5/6 IT Car3",-0.0264558327088347,5.08676024877204,4.44029632530579,0.0357660312482416,0.317634449276949,0.331084625070689,"cogn_se_lv"
"14529","KCNN4","Exc L5/6 IT Car3",0.0115970129990513,1.71440160251597,0.0623368384535282,0.802977074391063,0.955597215489341,0.973737976661521,"cogn_se_lv"
"14530","LYPD5","Exc L5/6 IT Car3",-0.000831630961022218,3.55431173345667,0.00121851977613002,0.972172296452144,0.998267578294294,0.999168704792913,"cogn_se_lv"
"14531","ZNF283","Exc L5/6 IT Car3",0.0033276952201809,4.28866413670218,0.0461823015819164,0.846759624579084,0.970988236489561,0.982904441273953,"cogn_se_lv"
"14532","ZNF404","Exc L5/6 IT Car3",-0.0137139940302084,3.17536947816944,0.322289321831408,0.570576009121977,0.848666491645945,0.891168054217283,"cogn_se_lv"
"14533","AC006213.2","Exc L5/6 IT Car3",-0.0158968176517707,2.25921193050721,0.123995376507991,0.72493944473931,0.923807075808395,0.951490097049326,"cogn_se_lv"
"14534","AC006213.3","Exc L5/6 IT Car3",-0.00486376132801806,4.33511561673349,0.0717183711670692,0.924663071206357,0.991196077697388,0.995367297688998,"cogn_se_lv"
"14535","ZNF45","Exc L5/6 IT Car3",-0.0376701543184889,3.05725185202166,2.5931268898677,0.108172634128585,0.470807929649018,0.513130113754944,"cogn_se_lv"
"14536","ZNF221","Exc L5/6 IT Car3",0.0121623442974892,2.54694171002687,0.168630724673828,0.925200548116493,0.991196077697388,0.995470927775795,"cogn_se_lv"
"14537","ZNF155","Exc L5/6 IT Car3",0.00259407217150664,5.16923515872375,0.0373303372539055,0.846899008153819,0.970988236489561,0.982960963687718,"cogn_se_lv"
"14538","ZNF230","Exc L5/6 IT Car3",-0.00237594793323332,2.67441564810574,0.00675943751362937,0.934519130957008,0.993267436527988,0.996578481155594,"cogn_se_lv"
"14539","AC067968.1","Exc L5/6 IT Car3",0.00277924892207758,1.96569688554864,0.00511062037746355,0.995164631243744,0.999242764926216,0.999870711362408,"cogn_se_lv"
"14540","ZNF284","Exc L5/6 IT Car3",-0.046913550452235,1.84500389719747,1.40330572624589,0.236923763492718,0.623931676959777,0.681857803366481,"cogn_se_lv"
"14541","ZNF224","Exc L5/6 IT Car3",0.0172153185291332,4.79134163641033,1.54575992059298,0.214541966006835,0.602518404533793,0.658720619618617,"cogn_se_lv"
"14542","AC021092.1","Exc L5/6 IT Car3",0.0357599999822374,1.817904401048,0.641699532519047,0.423605087803746,0.769418423380108,0.820990523307863,"cogn_se_lv"
"14543","ZNF225","Exc L5/6 IT Car3",-0.0133024693809982,2.2724883312776,0.175147521959854,0.78066211501291,0.948534710881149,0.967760907490394,"cogn_se_lv"
"14544","ZNF234","Exc L5/6 IT Car3",0.0365790708649701,3.17081230951681,2.85013473139229,0.0922006061053279,0.443820957188104,0.484587349890309,"cogn_se_lv"
"14545","ZNF226","Exc L5/6 IT Car3",-0.00078750668152265,4.12610484823502,0.00273959820465383,0.958284817381121,0.997053628956036,0.998555548513014,"cogn_se_lv"
"14546","ZNF227","Exc L5/6 IT Car3",0.0263187671735351,3.86023004703763,2.13995168407806,0.144346981353953,0.520632076517234,0.572780278635448,"cogn_se_lv"
"14547","ZNF235","Exc L5/6 IT Car3",0.00464991966638756,5.57370767887715,0.126979190364167,0.721786022095624,0.92177303792645,0.950433707727444,"cogn_se_lv"
"14548","ZNF233","Exc L5/6 IT Car3",0.0368517524369934,3.28285713666812,2.75213825162887,0.0979635090933619,0.453431099232132,0.493954873338326,"cogn_se_lv"
"14549","ZNF112","Exc L5/6 IT Car3",-0.0229723657878046,2.43325915227449,0.555964721465894,0.456359463935855,0.787461839889315,0.838395528241916,"cogn_se_lv"
"14550","ZNF229","Exc L5/6 IT Car3",0.00673784744819779,2.97592042894731,0.0556513042780289,0.813635409216273,0.959381623340365,0.976421199619481,"cogn_se_lv"
"14551","ZNF180","Exc L5/6 IT Car3",0.0329626772446499,3.14974950177311,2.02790286927416,0.15526807990107,0.536862671237354,0.588165984853685,"cogn_se_lv"
"14552","AC243964.2","Exc L5/6 IT Car3",0.0275039284526265,3.53579729280185,0.604755536474745,0.437261372244997,0.775649107158531,0.827886514746745,"cogn_se_lv"
"14553","PVR","Exc L5/6 IT Car3",0.0130249770104743,3.08932062978735,0.254170865969276,0.726941656979885,0.924578877874823,0.952358387214175,"cogn_se_lv"
"14554","CEACAM19","Exc L5/6 IT Car3",0.0113115799064963,4.33471032502579,0.405965205707181,0.524414706360724,0.822488261294261,0.870446746876356,"cogn_se_lv"
"14555","BCL3","Exc L5/6 IT Car3",0.128781759867524,1.3146871847832,4.84458376474468,0.0283440390672426,0.298368509743409,0.300286825641349,"cogn_se_lv"
"14556","NECTIN2","Exc L5/6 IT Car3",-0.0184903271097905,1.56977899300573,0.142142880378275,0.706373937605225,0.913662988919663,0.945538626082446,"cogn_se_lv"
"14557","TOMM40","Exc L5/6 IT Car3",-0.0396468907641796,4.31926204104948,6.12395954939779,0.0137792429460362,0.229163659196484,0.220547979841705,"cogn_se_lv"
"14558","APOE","Exc L5/6 IT Car3",0.0138872014312655,2.34306188800718,0.0981815794467852,0.754197642431144,0.936660887428608,0.960401676119348,"cogn_se_lv"
"14559","AC011481.1","Exc L5/6 IT Car3",0.0596433961162846,1.99855377769287,2.51130989525683,0.113877831612794,0.480158857129013,0.523559954694342,"cogn_se_lv"
"14560","CLPTM1","Exc L5/6 IT Car3",-0.0273238766172888,5.69696570167266,3.88098072261166,0.049574073741195,0.356516912015847,0.377393272877344,"cogn_se_lv"
"14561","RELB","Exc L5/6 IT Car3",0.0637106845624595,2.1653850907185,2.03477891816658,0.154571477549355,0.535662632480032,0.587177609935772,"cogn_se_lv"
"14562","CLASRP","Exc L5/6 IT Car3",-0.0292188924461549,5.60520859885832,5.2157558609214,0.0229435742359804,0.2800171352036,0.275567372714489,"cogn_se_lv"
"14563","GEMIN7-AS1","Exc L5/6 IT Car3",0.0146524985149366,3.8616058733286,0.37264309903009,0.541938149292276,0.831782933056037,0.878696417349841,"cogn_se_lv"
"14564","MARK4","Exc L5/6 IT Car3",0.0214236362535473,5.96948163715596,3.22806106742949,0.0731938269658323,0.412732658561907,0.443357105318946,"cogn_se_lv"
"14565","NKPD1","Exc L5/6 IT Car3",0.105271614388874,1.41185788929149,3.1226534437456,0.0780271660563276,0.420387560324412,0.455021718076192,"cogn_se_lv"
"14566","TRAPPC6A","Exc L5/6 IT Car3",0.037697273783266,2.85897716577058,1.66216556774272,0.198108661287821,0.585962560083257,0.640233274733246,"cogn_se_lv"
"14567","EXOC3L2","Exc L5/6 IT Car3",0.0709625021445102,2.14534624062942,2.07975866240825,0.150101367059493,0.528981002758324,0.581325828220797,"cogn_se_lv"
"14568","KLC3","Exc L5/6 IT Car3",-0.0166284749448453,1.83639778323572,0.120322013558108,0.728880762314682,0.924999994394571,0.953016471317995,"cogn_se_lv"
"14569","ERCC2","Exc L5/6 IT Car3",0.00438483987153184,3.93997587696687,0.0721241496201627,0.788416964116019,0.950495243619579,0.969718003004116,"cogn_se_lv"
"14570","CD3EAP","Exc L5/6 IT Car3",-0.0125186356433518,2.1730998996159,0.120043132931702,0.72918272566697,0.925001825586439,0.953054317557942,"cogn_se_lv"
"14571","ERCC1","Exc L5/6 IT Car3",0.0073586123176988,5.23409492219948,0.258504564582057,0.611449432135235,0.87031513980695,0.909925021118086,"cogn_se_lv"
"14572","FOSB","Exc L5/6 IT Car3",-0.0587540847403767,3.00035496428526,1.27765950634752,0.259059655869943,0.641914040225153,0.703221990660887,"cogn_se_lv"
"14573","RTN2","Exc L5/6 IT Car3",-0.0197031408513034,5.08511194280065,2.1192678734299,0.146295681026511,0.523544845004563,0.576116594069684,"cogn_se_lv"
"14574","PPM1N","Exc L5/6 IT Car3",0.00236082830221325,2.31093724197341,0.00500031917398174,0.968901377787622,0.998218784586391,0.999043275832252,"cogn_se_lv"
"14575","VASP","Exc L5/6 IT Car3",-0.0287357861181558,2.66788251436019,1.09684235171699,0.295637059826232,0.673857210578909,0.734195575388485,"cogn_se_lv"
"14576","OPA3","Exc L5/6 IT Car3",0.0176176837435829,4.05749674067712,0.814332779011566,0.41209035960449,0.762096947222495,0.814671910829809,"cogn_se_lv"
"14577","EML2","Exc L5/6 IT Car3",0.0105652343008049,5.52917729592936,0.515658721414293,0.473148160666225,0.795908671587733,0.846385562994335,"cogn_se_lv"
"14578","SNRPD2","Exc L5/6 IT Car3",-0.0457709451915047,4.43590198371948,1.61159244817213,0.205058151940397,0.59280396192232,0.648163715681539,"cogn_se_lv"
"14579","QPCTL","Exc L5/6 IT Car3",0.0429069991808483,3.38240857904152,3.65941657321417,0.056517199729911,0.373946562271423,0.399635171730581,"cogn_se_lv"
"14580","FBXO46","Exc L5/6 IT Car3",-0.0154157916479997,4.06619252548393,0.780109254803855,0.377675595513237,0.73708833045303,0.793443018793653,"cogn_se_lv"
"14581","DMPK","Exc L5/6 IT Car3",0.00948603465782301,4.87539790448028,0.411722541579179,0.521489896326074,0.821140907781899,0.869048415928579,"cogn_se_lv"
"14582","SYMPK","Exc L5/6 IT Car3",0.00451163274298766,5.78050100230777,0.178054474579056,0.906553617744793,0.987921701769422,0.99302039514552,"cogn_se_lv"
"14583","IRF2BP1","Exc L5/6 IT Car3",-0.0315950153858457,2.98622881460264,0.956003813518026,0.328828338246319,0.700143385021856,0.760270999260831,"cogn_se_lv"
"14584","MYPOP","Exc L5/6 IT Car3",-0.0204587189619981,3.8666846535893,1.25434464478375,0.263443624467896,0.646414577423356,0.707464351720883,"cogn_se_lv"
"14585","NOVA2","Exc L5/6 IT Car3",-0.00708376791795048,6.04095706440703,0.270837798778649,0.603078525104596,0.866689560309995,0.905956556878055,"cogn_se_lv"
"14586","CCDC61","Exc L5/6 IT Car3",0.0161338239654595,3.09779136836474,0.363370598110051,0.547005879365295,0.834777873491336,0.880846534244198,"cogn_se_lv"
"14587","PGLYRP1","Exc L5/6 IT Car3",0.0523843829542325,1.95716517745486,0.967077590485958,0.326046389157128,0.698802673064305,0.758459648112898,"cogn_se_lv"
"14588","AC007785.3","Exc L5/6 IT Car3",0.0178588697814317,3.02797761180676,0.415557012495055,0.519557909914755,0.820971047083305,0.868380739914887,"cogn_se_lv"
"14589","IGFL4","Exc L5/6 IT Car3",-0.0058104483869622,5.58883475144019,0.101225597438803,0.750541530658973,0.935032731284431,0.959383301078797,"cogn_se_lv"
"14590","AC007785.1","Exc L5/6 IT Car3",0.00825782442863484,5.27240051520399,0.173841871115734,0.676959161913829,0.899330804466141,0.934870672119859,"cogn_se_lv"
"14591","AC006262.2","Exc L5/6 IT Car3",0.0291620989797638,1.61735121340991,0.323711274576467,0.569727595574418,0.848436766038092,0.890951760582513,"cogn_se_lv"
"14592","IGFL2-AS1","Exc L5/6 IT Car3",-0.0353574558388084,1.69676898355769,0.495620507500066,0.481869248359933,0.801466306307074,0.850397600032499,"cogn_se_lv"
"14593","HIF3A","Exc L5/6 IT Car3",-0.0530978613788254,1.73854636900743,1.21625834060274,0.270805956447868,0.653645032580496,0.714130788391285,"cogn_se_lv"
"14594","PPP5C","Exc L5/6 IT Car3",-0.00194254325582204,5.08395263942121,0.0304240191123272,0.86162606847122,0.974677562701779,0.986022424234263,"cogn_se_lv"
"14595","PNMA8C","Exc L5/6 IT Car3",-0.00218768513939353,4.29131145816537,0.0115460432740303,0.914487661553825,0.989073227776396,0.994126167335106,"cogn_se_lv"
"14596","PNMA8A","Exc L5/6 IT Car3",-0.0540695323351983,5.21085603692688,5.81791733857102,0.0163449366513802,0.244400771097935,0.237966379833371,"cogn_se_lv"
"14597","PPP5D1","Exc L5/6 IT Car3",0.0330104188169217,3.79352305398361,2.28062800334152,0.131843930501597,0.502596245370999,0.554306380717385,"cogn_se_lv"
"14598","CALM3","Exc L5/6 IT Car3",-0.0406480545053681,7.99268507131765,2.76703930785289,0.0970623872475589,0.451509102692813,0.492396325363024,"cogn_se_lv"
"14599","DACT3","Exc L5/6 IT Car3",-0.0199043720215589,3.22936569572833,0.728798447156281,0.393819851138073,0.750481365653164,0.803933492515206,"cogn_se_lv"
"14600","DACT3-AS1","Exc L5/6 IT Car3",-0.00549658753834529,2.59596460696484,0.0281826276876494,0.866771003413835,0.976386024918357,0.986809079378017,"cogn_se_lv"
"14601","PRKD2","Exc L5/6 IT Car3",0.0290946016405416,3.01446028002127,0.888931731602735,0.346376119360709,0.715260611242374,0.771777948436151,"cogn_se_lv"
"14602","STRN4","Exc L5/6 IT Car3",-0.0182383200189006,4.62904663647326,1.1181285763998,0.291004878570217,0.670536939842116,0.730400602644371,"cogn_se_lv"
"14603","FKRP","Exc L5/6 IT Car3",0.0310016419835426,4.06607280445965,2.84120236730775,0.245125568083596,0.630424149866619,0.689645220480201,"cogn_se_lv"
"14604","AP2S1","Exc L5/6 IT Car3",-0.0412380883190347,5.55651274420536,2.22712647311451,0.136449609621916,0.509204532512435,0.561362141512529,"cogn_se_lv"
"14605","ARHGAP35","Exc L5/6 IT Car3",-0.0236478283803831,6.30170801247448,4.13966611587479,0.0425949881399808,0.337807744869808,0.355946319490738,"cogn_se_lv"
"14606","NPAS1","Exc L5/6 IT Car3",0.0199412997526291,2.88230761763939,0.405046575134754,0.524884081036097,0.822693870075575,0.870686003171524,"cogn_se_lv"
"14607","TMEM160","Exc L5/6 IT Car3",-0.0219213287803521,5.3256717763816,0.523134853394613,0.469959986818432,0.794363997488816,0.844998040495832,"cogn_se_lv"
"14608","ZC3H4","Exc L5/6 IT Car3",-0.0180533565062155,4.05115691054549,1.04791787790678,0.306649345353063,0.682835299970797,0.743784602133655,"cogn_se_lv"
"14609","SAE1","Exc L5/6 IT Car3",0.01974725679779,5.33794732805292,2.79296689206845,0.0955159928882085,0.44885225360291,0.489633951899709,"cogn_se_lv"
"14610","BBC3","Exc L5/6 IT Car3",-0.0279630120722386,2.74237573749174,0.790168148996629,0.374621147104196,0.734150801238959,0.791133749878087,"cogn_se_lv"
"14611","CCDC9","Exc L5/6 IT Car3",0.0447219196023768,2.77142806663306,2.71991535659396,0.099943638405455,0.45575968749403,0.497526158426711,"cogn_se_lv"
"14612","INAFM1","Exc L5/6 IT Car3",-0.0281898871203159,3.47986860196457,0.90344442848419,0.342474159892086,0.711965057509009,0.768861156446916,"cogn_se_lv"
"14613","C5AR1","Exc L5/6 IT Car3",0.0146864073739498,4.98713908988415,0.330779179798489,0.565546769268316,0.845436112582748,0.888975546172616,"cogn_se_lv"
"14614","DHX34","Exc L5/6 IT Car3",0.00504007157875186,4.64437464139594,0.0986259115207164,0.753660116785317,0.936446729963348,0.96029521772963,"cogn_se_lv"
"14615","MEIS3","Exc L5/6 IT Car3",0.0565829478635003,5.73538732877528,8.7503921289765,0.00329228810820475,0.131218826837242,0.113499288184522,"cogn_se_lv"
"14616","SLC8A2","Exc L5/6 IT Car3",0.00260025088238375,6.12404616165714,0.0356209936182147,0.85040278492569,0.971725362044465,0.983489775593312,"cogn_se_lv"
"14617","KPTN","Exc L5/6 IT Car3",-0.0412412398482464,2.97066454606869,2.42308666471508,0.120405648058049,0.489867183204121,0.535581457000277,"cogn_se_lv"
"14618","NAPA-AS1","Exc L5/6 IT Car3",0.0310978899086941,1.97799280415167,0.559444165845539,0.454954741270083,0.785830916739233,0.837444014412572,"cogn_se_lv"
"14619","NAPA","Exc L5/6 IT Car3",-0.000509221140171556,5.75239113613164,0.000860339203848517,0.976615831841638,0.998267578294294,0.999481105410931,"cogn_se_lv"
"14620","ZNF541","Exc L5/6 IT Car3",0.0819262373160747,2.09309316526651,4.98084657362489,0.0262217921394682,0.293064283242318,0.290822188118648,"cogn_se_lv"
"14621","AC010331.1","Exc L5/6 IT Car3",0.0780818117433643,1.90021010457477,3.32465105068616,0.0690472575938282,0.40220942254694,0.432257213177283,"cogn_se_lv"
"14622","BICRA-AS1","Exc L5/6 IT Car3",0.0443101315114262,1.61683926968651,0.768138004755594,0.381356759006295,0.740402552467578,0.796348614203689,"cogn_se_lv"
"14623","EHD2","Exc L5/6 IT Car3",0.0435610168391976,2.90332234238425,1.94829900533593,0.163599041574356,0.547821855924573,0.599285959940225,"cogn_se_lv"
"14624","NOP53","Exc L5/6 IT Car3",-0.025478223151128,3.18143517485429,0.746882336555543,0.388019511606003,0.745613720017029,0.800230304215489,"cogn_se_lv"
"14625","SELENOW","Exc L5/6 IT Car3",-0.0279449789918798,7.90912773722591,1.07417629125133,0.30067424335794,0.678408078698151,0.738921939771285,"cogn_se_lv"
"14626","PLA2G4C","Exc L5/6 IT Car3",0.0263718050496378,5.89500443018174,2.99880362191504,0.0841513164522954,0.43113965258299,0.468410239590104,"cogn_se_lv"
"14627","LIG1","Exc L5/6 IT Car3",0.0802836379746164,3.0372242131541,10.2183073932329,0.00150896084922699,0.0955024320442973,0.0788272797623664,"cogn_se_lv"
"14628","ZSWIM9","Exc L5/6 IT Car3",-0.0011033948165627,3.98000908903346,0.00472122012217791,0.945256306990859,0.994804925328349,0.997626386519645,"cogn_se_lv"
"14629","CARD8","Exc L5/6 IT Car3",0.0448774264148641,2.98397609284265,2.49512141651245,0.11504565050876,0.481914142985796,0.525358904668535,"cogn_se_lv"
"14630","EMP3","Exc L5/6 IT Car3",0.0471649461255257,1.5118171175214,0.856702085339485,0.355260600872338,0.720920444017047,0.777970236330501,"cogn_se_lv"
"14631","TMEM143","Exc L5/6 IT Car3",0.0330241479355216,4.09858909278842,2.36966918027712,0.124559606330556,0.493611342154044,0.541871108171405,"cogn_se_lv"
"14632","KDELR1","Exc L5/6 IT Car3",-0.00451379513611305,4.30724337189003,0.0656954848607434,0.797851517518844,0.954444994528955,0.972438609818161,"cogn_se_lv"
"14633","GRIN2D","Exc L5/6 IT Car3",-0.0141817391781978,2.03400348725122,0.108373672361686,0.742187772654685,0.93226849545349,0.956967669478995,"cogn_se_lv"
"14634","GRWD1","Exc L5/6 IT Car3",-0.00505289454540949,2.67709255367534,0.0255310783720437,0.87313718742074,0.979445941768671,0.987920203095888,"cogn_se_lv"
"14635","KCNJ14","Exc L5/6 IT Car3",-0.00891184199273793,2.69528656756201,0.0852958393568583,0.770407020428256,0.943318008146301,0.964756824291005,"cogn_se_lv"
"14636","CYTH2","Exc L5/6 IT Car3",-0.0119293263378661,3.11998577907964,0.226031595738665,0.839568214089707,0.968498535398303,0.981285104855597,"cogn_se_lv"
"14637","LMTK3","Exc L5/6 IT Car3",-0.0256246139221518,6.32950824440102,2.68598353820381,0.102076331545113,0.460969387011202,0.501985491115913,"cogn_se_lv"
"14638","AC008403.3","Exc L5/6 IT Car3",0.0250727381676662,2.53422177136015,0.548187686004657,0.459524102388846,0.788326377858025,0.83980417337428,"cogn_se_lv"
"14639","SULT2B1","Exc L5/6 IT Car3",-0.00995352460259216,1.78016265285279,0.05326077441563,0.84736569942147,0.971096636763355,0.983016776045126,"cogn_se_lv"
"14640","RPL18","Exc L5/6 IT Car3",-0.0352172860353373,5.9074469890786,1.2585648055219,0.262643295534431,0.645691937874616,0.706589592542451,"cogn_se_lv"
"14641","AC022154.1","Exc L5/6 IT Car3",0.0685397043145135,1.43455322259713,1.47282108393394,0.225667635058521,0.614809076323009,0.671201608578718,"cogn_se_lv"
"14642","SPHK2","Exc L5/6 IT Car3",0.00459054008251166,4.17143440646493,0.0815555498015763,0.97478854019801,0.998267578294294,0.999481105410931,"cogn_se_lv"
"14643","DBP","Exc L5/6 IT Car3",0.0188806490459429,3.51619752802705,0.499931244900011,0.47997102289241,0.80038509506059,0.849519702063182,"cogn_se_lv"
"14644","CA11","Exc L5/6 IT Car3",-0.032004283877737,6.85148274978856,3.55880588350312,0.0600054639507566,0.381411227017702,0.409061000367963,"cogn_se_lv"
"14645","NTN5","Exc L5/6 IT Car3",0.132280237964378,2.14256360402929,10.8081363261803,0.00110633795488831,0.08662109232943,0.0680440459280769,"cogn_se_lv"
"14646","FUT2","Exc L5/6 IT Car3",0.0757849737939781,2.17055886502046,2.5473732548495,0.1113231234595,0.476243207895724,0.519113156196281,"cogn_se_lv"
"14647","MAMSTR","Exc L5/6 IT Car3",-0.0027997213160813,2.50561024000374,0.0108090005506275,0.917251834795019,0.990076149354422,0.994482450860058,"cogn_se_lv"
"14648","RASIP1","Exc L5/6 IT Car3",0.0217281261265676,3.0879970737535,0.904104848625729,0.405150967652449,0.757934301831652,0.810482235204594,"cogn_se_lv"
"14649","IZUMO1","Exc L5/6 IT Car3",-0.0620290080319688,2.10838835889171,3.05626963087662,0.0812473548753558,0.424965575349056,0.46184511244208,"cogn_se_lv"
"14650","FUT1","Exc L5/6 IT Car3",-0.0395944339220692,2.44438452378196,1.34562342804458,0.246785316191317,0.630841656862832,0.691137016341039,"cogn_se_lv"
"14651","BCAT2","Exc L5/6 IT Car3",0.0283943789978518,4.7290581342326,3.61223245354505,0.0581253847186184,0.377862825091434,0.404533219184303,"cogn_se_lv"
"14652","HSD17B14","Exc L5/6 IT Car3",0.0321875103724305,2.93284325601263,1.17907244561133,0.278244897049101,0.660040556780999,0.720025666406255,"cogn_se_lv"
"14653","PLEKHA4","Exc L5/6 IT Car3",0.0662966402288956,1.54755737820082,1.44213500852264,0.230554821838492,0.619158061895423,0.676396570191729,"cogn_se_lv"
"14654","PPP1R15A","Exc L5/6 IT Car3",0.000215738726244653,3.8932031525348,3.57825545063817e-05,0.995230393186961,0.999242764926216,0.999870711362408,"cogn_se_lv"
"14655","TULP2","Exc L5/6 IT Car3",0.0398551814535732,1.73922774937065,0.875568268999427,0.350022684742902,0.717823937428057,0.774016037313358,"cogn_se_lv"
"14656","NUCB1","Exc L5/6 IT Car3",0.000680407054733964,4.9727072072641,0.00156646004639599,0.968450281335394,0.998200304492267,0.999017285695007,"cogn_se_lv"
"14657","NUCB1-AS1","Exc L5/6 IT Car3",-0.0129281465653216,2.1661526490423,0.0964437493170422,0.756312892930051,0.937623281955331,0.961136125692175,"cogn_se_lv"
"14658","DHDH","Exc L5/6 IT Car3",0.0239078673023617,1.9932276929888,0.33236190359621,0.564618707753634,0.845154693120087,0.888613837003458,"cogn_se_lv"
"14659","BAX","Exc L5/6 IT Car3",-0.00595276077144643,3.46300783055532,0.0500243166226268,0.823143192152436,0.963599677441262,0.978011550472025,"cogn_se_lv"
"14660","FTL","Exc L5/6 IT Car3",-0.0523371406610959,7.33117100977171,2.94954834811606,0.0867300823856166,0.43449738538888,0.473068866972434,"cogn_se_lv"
"14661","GYS1","Exc L5/6 IT Car3",-0.000223611449531343,6.02842838545269,0.000189109533486418,0.989035407588254,0.99883165995626,0.999870711362408,"cogn_se_lv"
"14662","RUVBL2","Exc L5/6 IT Car3",0.00807096085511217,3.94940804222648,0.144389635948562,0.704171417357015,0.912079690238501,0.944913310163358,"cogn_se_lv"
"14663","SNRNP70","Exc L5/6 IT Car3",0.00549521079652221,7.0984793904594,0.389639494245769,0.532869856493357,0.826852127109796,0.874146876931471,"cogn_se_lv"
"14664","LIN7B","Exc L5/6 IT Car3",-0.0474381944739405,4.5378731486305,4.83834335766748,0.0284454280720374,0.298467500217356,0.30070613149586,"cogn_se_lv"
"14665","C19orf73","Exc L5/6 IT Car3",0.0717453955115398,1.72225064078693,2.34193969673372,0.126778745972011,0.497058895267095,0.545488889104107,"cogn_se_lv"
"14666","PPFIA3","Exc L5/6 IT Car3",-0.0100867866366737,5.94587556410413,0.69970453183837,0.403417588183507,0.756505191829763,0.809466418439251,"cogn_se_lv"
"14667","TRPM4","Exc L5/6 IT Car3",0.0104648631952333,4.76132851567018,0.434744992807017,0.510075918903311,0.817119641086911,0.863976846780396,"cogn_se_lv"
"14668","SLC6A16","Exc L5/6 IT Car3",0.0221724911878858,3.39865303542428,0.650646567841129,0.420394684168802,0.767290610653634,0.819109761378055,"cogn_se_lv"
"14669","SLC17A7","Exc L5/6 IT Car3",-0.0151875820534177,7.97364540471396,0.897988183057453,0.343934132895756,0.7130956132735,0.770041632898829,"cogn_se_lv"
"14670","PIH1D1","Exc L5/6 IT Car3",-0.0153349378973402,4.05868537904899,0.483242376327939,0.487389355382172,0.80430136922538,0.853130424803585,"cogn_se_lv"
"14671","RPL13A","Exc L5/6 IT Car3",-0.0795761095446032,5.92604029147222,3.75007771585772,0.0535587091498129,0.366667497248942,0.391046174213267,"cogn_se_lv"
"14672","RPS11","Exc L5/6 IT Car3",-0.0676006571808775,5.06710744763623,4.91602016418477,0.0272099436650923,0.29594419293694,0.294982352800668,"cogn_se_lv"
"14673","NOSIP","Exc L5/6 IT Car3",0.0177855713481457,4.14234719593401,0.97954492145592,0.322951610741621,0.695965805481828,0.756108596213354,"cogn_se_lv"
"14674","PRR12","Exc L5/6 IT Car3",0.00249070993508858,4.58073680907734,0.0217279726129818,0.882892558702324,0.982552352189512,0.989263961743823,"cogn_se_lv"
"14675","RRAS","Exc L5/6 IT Car3",0.0352877490053824,2.02409384209074,0.689272365458208,0.406942083942072,0.758873719574708,0.811512276106101,"cogn_se_lv"
"14676","SCAF1","Exc L5/6 IT Car3",-0.00607498453861358,4.53696453278456,0.095397149059242,0.757596891523188,0.938352065141105,0.961467166194867,"cogn_se_lv"
"14677","IRF3","Exc L5/6 IT Car3",-0.020421575043723,3.35518487546532,0.625199221724181,0.429623291706884,0.772328286341426,0.824291893280502,"cogn_se_lv"
"14678","PRMT1","Exc L5/6 IT Car3",-0.0121643952179209,4.37276245740089,0.37588752409793,0.540185393531105,0.830763785994175,0.877638483200264,"cogn_se_lv"
"14679","ADM5","Exc L5/6 IT Car3",-0.0547116260781201,1.29114964189815,0.708925719947085,0.400339212250485,0.754278915425412,0.807734547014768,"cogn_se_lv"
"14680","CPT1C","Exc L5/6 IT Car3",-0.018234975861547,6.19654952505663,1.63295186871275,0.202088510982386,0.589824044001311,0.644380109522532,"cogn_se_lv"
"14681","AP2A1","Exc L5/6 IT Car3",-0.0144887748839348,6.60496677695949,1.37183261701933,0.242243573859554,0.627251518629668,0.68653547635751,"cogn_se_lv"
"14682","FUZ","Exc L5/6 IT Car3",-0.0632226952219227,2.57238704967603,3.96810385685808,0.0470972884091423,0.350870295564528,0.369205778908286,"cogn_se_lv"
"14683","MED25","Exc L5/6 IT Car3",0.000627184385706273,4.58377629452269,0.00176140473625593,0.966545752585115,0.997621680933237,0.99892010896344,"cogn_se_lv"
"14684","PTOV1","Exc L5/6 IT Car3",-0.0266451292334595,5.1020070534345,1.7414761508709,0.18775982182479,0.575062928090689,0.628961205888891,"cogn_se_lv"
"14685","PNKP","Exc L5/6 IT Car3",0.00824394774414302,3.95032259661686,0.166853574423883,0.84651494956372,0.970988236489561,0.982890060614701,"cogn_se_lv"
"14686","TBC1D17","Exc L5/6 IT Car3",0.00734171679714694,4.38702606998198,0.197983706830381,0.656610911123742,0.889937641760844,0.927357191502341,"cogn_se_lv"
"14687","ATF5","Exc L5/6 IT Car3",0.0203441587677563,2.16748662048473,0.302302745432774,0.582770857628196,0.855479158612928,0.897183763280681,"cogn_se_lv"
"14688","VRK3","Exc L5/6 IT Car3",0.0280635537210444,4.52805337488248,3.79788491130836,0.0520653999246897,0.361265331307923,0.385502232698842,"cogn_se_lv"
"14689","ZNF473","Exc L5/6 IT Car3",0.00832947586099294,2.94993672529952,0.105860681361417,0.898390177699602,0.986715578313859,0.992164474469188,"cogn_se_lv"
"14690","AC010624.2","Exc L5/6 IT Car3",-0.0903260741844743,1.86296252146737,3.07684348427554,0.0802342326376589,0.422408291229972,0.459737632009755,"cogn_se_lv"
"14691","MYH14","Exc L5/6 IT Car3",0.0399858099197799,4.72452238342349,4.8983242702693,0.027486384746646,0.296436903469433,0.296115244200432,"cogn_se_lv"
"14692","KCNC3","Exc L5/6 IT Car3",0.0112162781246516,4.78043839373604,0.35289100474573,0.552840600686036,0.839085943582724,0.883656755507716,"cogn_se_lv"
"14693","NR1H2","Exc L5/6 IT Car3",0.0206190056874061,3.98168524867155,1.1223388294649,0.41104929058451,0.761532271830457,0.813995873142284,"cogn_se_lv"
"14694","FAM71E1","Exc L5/6 IT Car3",-0.0464730902668663,2.11152691094036,1.28938660680285,0.256888802259866,0.639693521843368,0.701263388672038,"cogn_se_lv"
"14695","EMC10","Exc L5/6 IT Car3",-0.0225942287204758,4.25441776452403,1.69210138557498,0.194125778398809,0.582685161431792,0.636114648415624,"cogn_se_lv"
"14696","JOSD2","Exc L5/6 IT Car3",-0.0115826077892367,3.14781708964161,0.151567385795195,0.697263755127619,0.90839661317312,0.942116496767345,"cogn_se_lv"
"14697","ASPDH","Exc L5/6 IT Car3",-0.0849809205511978,2.46949714584544,4.79090851079054,0.0292286170034331,0.301695785166221,0.304195065959248,"cogn_se_lv"
"14698","LRRC4B","Exc L5/6 IT Car3",-0.00974214239208931,6.32193021492127,0.57576481241099,0.448455527529372,0.782302015855237,0.834057908715982,"cogn_se_lv"
"14699","SYT3","Exc L5/6 IT Car3",-0.00245440444780341,3.12389109750857,0.0103019803270822,0.973321401532492,0.998267578294294,0.999367327558811,"cogn_se_lv"
"14700","C19orf81","Exc L5/6 IT Car3",0.0169241367294163,1.93944509944922,0.174926886254363,0.676009995105049,0.899176443999365,0.934659333724043,"cogn_se_lv"
"14701","SHANK1","Exc L5/6 IT Car3",0.0062235032071202,4.90442933536657,0.0868818046358479,0.76834305287225,0.942816104584909,0.964247622542116,"cogn_se_lv"
"14702","CLEC11A","Exc L5/6 IT Car3",0.0231172009916546,3.41337229731782,0.687363786228316,0.407591774839703,0.759297557925274,0.811834227767315,"cogn_se_lv"
"14703","C19orf48","Exc L5/6 IT Car3",0.0291001450284577,2.16211805589194,0.645948206485532,0.42996183769833,0.772585770266477,0.824423743312155,"cogn_se_lv"
"14704","KLK7","Exc L5/6 IT Car3",-0.0852615597151695,2.7583421068714,4.69823047489177,0.0308246193434856,0.304222598957164,0.310969358814117,"cogn_se_lv"
"14705","KLK14","Exc L5/6 IT Car3",-0.0195653867337936,1.87864609258058,0.220621584105668,0.638840683678561,0.883356524870895,0.920851978611815,"cogn_se_lv"
"14706","CTU1","Exc L5/6 IT Car3",0.0560686783733535,2.7211260341615,3.47789136316649,0.0629776052221046,0.388665431068539,0.417527188353016,"cogn_se_lv"
"14707","ETFB","Exc L5/6 IT Car3",-0.0130950082338436,3.11612418647059,0.115602187928255,0.7340451414613,0.927984616396423,0.954547123675988,"cogn_se_lv"
"14708","ZNF175","Exc L5/6 IT Car3",0.0239754392467557,3.78664534478641,1.75205973648803,0.186427216441353,0.573822972206485,0.62713215937537,"cogn_se_lv"
"14709","SPACA6","Exc L5/6 IT Car3",0.00158790288678465,3.95695565470389,0.00552541024444005,0.940785112765638,0.994559076820161,0.997543659084972,"cogn_se_lv"
"14710","ZNF577","Exc L5/6 IT Car3",0.0353552717226647,5.63321119946397,5.29966622487238,0.021878672642255,0.276220485614688,0.270931618835477,"cogn_se_lv"
"14711","ZNF649","Exc L5/6 IT Car3",0.011669705220737,2.79669604696001,0.160873381693647,0.688582937811598,0.903049971275713,0.939027992065147,"cogn_se_lv"
"14712","ZNF613","Exc L5/6 IT Car3",-0.036631799668426,2.57584424080338,1.73180098182716,0.232940297994019,0.620836501626516,0.678355296855354,"cogn_se_lv"
"14713","ZNF350-AS1","Exc L5/6 IT Car3",-0.0251484122523964,4.02368084832442,1.02830027842002,0.311214352171135,0.686590373723434,0.747886588764666,"cogn_se_lv"
"14714","ZNF350","Exc L5/6 IT Car3",0.0254491181886783,3.0563068534651,1.05222183920412,0.30565949418807,0.682247950044147,0.743118215340271,"cogn_se_lv"
"14715","ZNF615","Exc L5/6 IT Car3",0.0011065259936365,4.00534308845476,0.0049665088702418,0.991345474179658,0.999242764926216,0.999870711362408,"cogn_se_lv"
"14716","ZNF614","Exc L5/6 IT Car3",-0.00031781380499403,3.39515630768368,0.000191118041628552,0.988977338310968,0.99883165995626,0.999870711362408,"cogn_se_lv"
"14717","ZNF432","Exc L5/6 IT Car3",0.038744697973109,5.11976189871419,5.08528128170858,0.0247078976641173,0.288947222682952,0.284492435527184,"cogn_se_lv"
"14718","ZNF616","Exc L5/6 IT Car3",0.0271188860253753,2.99023157611265,1.27058775638932,0.303888418338853,0.680863145437528,0.741848358407716,"cogn_se_lv"
"14719","AC011468.3","Exc L5/6 IT Car3",-0.185796721156432,2.94374627781375,11.9764409300717,0.000601025437555079,0.0608538255524517,0.0489570573962326,"cogn_se_lv"
"14720","ZNF836","Exc L5/6 IT Car3",-0.00523303546973113,3.0985566655654,0.0601039671233602,0.871170008786641,0.978564078186001,0.987553895422275,"cogn_se_lv"
"14721","PPP2R1A","Exc L5/6 IT Car3",-0.0354973696257506,6.74367419035741,2.19605607010047,0.139207126440886,0.512650254763871,0.565019658239608,"cogn_se_lv"
"14722","ZNF766","Exc L5/6 IT Car3",0.0176134348426896,4.42338496989181,1.25436210768932,0.263440306477459,0.646414577423356,0.707464351720883,"cogn_se_lv"
"14723","ZNF480","Exc L5/6 IT Car3",-0.000154292172833111,2.19174355171359,3.07809124243767e-05,0.995576276073289,0.999242764926216,0.999870711362408,"cogn_se_lv"
"14724","ZNF610","Exc L5/6 IT Car3",0.0368545849292396,3.00313717323196,2.17757965232692,0.140876641886133,0.515522415889928,0.567456151183926,"cogn_se_lv"
"14725","ZNF880","Exc L5/6 IT Car3",0.00717972219269377,3.06617840352997,0.0629374728446876,0.802049864083671,0.955597215489341,0.973532685867836,"cogn_se_lv"
"14726","ZNF528","Exc L5/6 IT Car3",0.0408662390306259,4.42455701837047,6.19755725293895,0.0132268270487503,0.22684257200978,0.216703527901732,"cogn_se_lv"
"14727","ZNF534","Exc L5/6 IT Car3",0.0398414797208004,3.69809388232074,3.16554327213822,0.0760201708086966,0.416677281040811,0.45008332067027,"cogn_se_lv"
"14728","ZNF578","Exc L5/6 IT Car3",0.0126196680225173,2.14304116745703,0.103898041760197,0.747381308281619,0.933897613787942,0.958495088500046,"cogn_se_lv"
"14729","ZNF808","Exc L5/6 IT Car3",0.0311201556745566,3.17684371934966,1.54324841528066,0.214913989088456,0.602771858826227,0.658955846507938,"cogn_se_lv"
"14730","ZNF701","Exc L5/6 IT Car3",0.0262172750504247,3.84441451969546,1.83997587756956,0.175772744061789,0.56301648122976,0.615162037992417,"cogn_se_lv"
"14731","ZNF83","Exc L5/6 IT Car3",0.0117191703879971,5.55342092540212,0.61293347122271,0.434181314419199,0.773613831177909,0.826316148752534,"cogn_se_lv"
"14732","ZNF611","Exc L5/6 IT Car3",0.0163439861095867,4.99524412450077,1.06428206775338,0.302907811388557,0.679952044525947,0.740967961067901,"cogn_se_lv"
"14733","ZNF600","Exc L5/6 IT Car3",0.0369811596574911,1.9010171292005,0.716177706543208,0.397942170263959,0.753392791285807,0.80630759737341,"cogn_se_lv"
"14734","ZNF28","Exc L5/6 IT Car3",-0.00720426990354679,2.7066189974296,0.0658341147029852,0.797642990685198,0.954269716001648,0.972368478418921,"cogn_se_lv"
"14735","ZNF160","Exc L5/6 IT Car3",0.0227353160512065,4.76326531297827,2.23120022281203,0.136092638584461,0.508728852421833,0.560702607438916,"cogn_se_lv"
"14736","ZNF415","Exc L5/6 IT Car3",-0.000701886237356762,3.0591158674027,0.00100188798963247,0.974765983525957,0.998267578294294,0.999481105410931,"cogn_se_lv"
"14737","ZNF347","Exc L5/6 IT Car3",0.0197126577774478,4.11232738540475,0.989797027723725,0.320435781615281,0.693607301690158,0.754483935209145,"cogn_se_lv"
"14738","ZNF665","Exc L5/6 IT Car3",0.0478871733461855,3.26472595675754,4.32659919790544,0.0382022036174129,0.32662884092888,0.340096459651919,"cogn_se_lv"
"14739","ZNF677","Exc L5/6 IT Car3",0.0244270380407068,3.33921761649605,1.00740748115719,0.316174225646228,0.690887595157666,0.751575187122308,"cogn_se_lv"
"14740","ZNF845","Exc L5/6 IT Car3",-0.0153005725349601,2.55334675479381,0.288742847101844,0.591347103957795,0.859590587528647,0.901084582555901,"cogn_se_lv"
"14741","ZNF525","Exc L5/6 IT Car3",0.0403600561775956,3.14551035608571,2.92812339882329,0.0878784766334891,0.436555763521432,0.475091278551109,"cogn_se_lv"
"14742","ZNF765","Exc L5/6 IT Car3",-0.00987283781254352,3.22563642592247,0.180114364114088,0.671519209224876,0.897185574266068,0.932798713131455,"cogn_se_lv"
"14743","ZNF761","Exc L5/6 IT Car3",0.00597354932658716,4.02627803854724,0.082178203167344,0.774525872748979,0.945176236681209,0.965862904646413,"cogn_se_lv"
"14744","ZNF331","Exc L5/6 IT Car3",-0.0796735543246931,5.87772359441902,25.631422362351,6.50110119622036e-07,0.000919221008726966,0.000983450008839672,"cogn_se_lv"
"14745","MYADM","Exc L5/6 IT Car3",-0.0508743029160167,4.33824862764859,5.75140869745722,0.016965163975285,0.246943376534784,0.241083566016669,"cogn_se_lv"
"14746","PRKCG","Exc L5/6 IT Car3",0.0112881747768561,4.71950275845274,0.317999580434697,0.573150586754901,0.849998307763332,0.892561585268011,"cogn_se_lv"
"14747","CACNG7","Exc L5/6 IT Car3",-0.00844336956425738,5.86352421036721,0.49655697873795,0.48145582654937,0.800961772917316,0.850216401331507,"cogn_se_lv"
"14748","CACNG8","Exc L5/6 IT Car3",0.000564469067480614,6.92243819639211,0.00188940637780763,0.965352246137898,0.997621680933237,0.99892010896344,"cogn_se_lv"
"14749","NDUFA3","Exc L5/6 IT Car3",-0.0355585211167535,3.49845208633417,0.909714970611051,0.340806629429274,0.710098850655635,0.767669003384734,"cogn_se_lv"
"14750","TFPT","Exc L5/6 IT Car3",-0.000399870993714111,3.27537339099908,6.77346726020258e-05,0.993437790256449,0.999242764926216,0.999870711362408,"cogn_se_lv"
"14751","PRPF31","Exc L5/6 IT Car3",-0.0295025130729428,4.62784801695658,4.85085933560584,0.0282424596824994,0.298368509743409,0.299875375643097,"cogn_se_lv"
"14752","CNOT3","Exc L5/6 IT Car3",-0.00898198848216429,3.88277301225701,0.203508847475525,0.652165064491135,0.888023014291384,0.925247475657627,"cogn_se_lv"
"14753","LENG1","Exc L5/6 IT Car3",-0.0693257932618914,2.16621521046275,2.58930754400668,0.108431826617933,0.470937787426174,0.513484967526566,"cogn_se_lv"
"14754","MBOAT7","Exc L5/6 IT Car3",-0.0104131811775546,5.52100426366414,0.435724792325107,0.509599831008317,0.817087552547132,0.863793570245787,"cogn_se_lv"
"14755","TSEN34","Exc L5/6 IT Car3",0.0277262730835925,2.82260831316031,0.79235434951297,0.373961894476373,0.733997392678406,0.790756968382603,"cogn_se_lv"
"14756","RPS9","Exc L5/6 IT Car3",-0.0246534701189587,5.60541258295832,0.704221283628818,0.40190543524337,0.75532111959891,0.808351614006964,"cogn_se_lv"
"14757","TTYH1","Exc L5/6 IT Car3",0.00134793797870817,5.60609213977311,0.00931365390367092,0.923169434477391,0.990974669133532,0.995127414547275,"cogn_se_lv"
"14758","LENG8-AS1","Exc L5/6 IT Car3",0.0332699739907993,3.64421412276874,2.11190244654244,0.146996779411026,0.524769296018485,0.577217381479425,"cogn_se_lv"
"14759","LENG8","Exc L5/6 IT Car3",0.0272319838589237,6.33848806364234,2.80138107880561,0.0950199529591636,0.448067342008517,0.488702028387833,"cogn_se_lv"
"14760","LAIR2","Exc L5/6 IT Car3",-0.100058075535276,2.09113487839305,3.29475481367546,0.0703030142896386,0.405078019437491,0.435634947226683,"cogn_se_lv"
"14761","NLRP2","Exc L5/6 IT Car3",-0.0765823924186352,2.99632832453325,3.89066407411467,0.0492920929587694,0.355897153975008,0.376452321611058,"cogn_se_lv"
"14762","AC011476.3","Exc L5/6 IT Car3",-0.00790659696867451,4.555778400731,0.102835931148436,0.748631846749058,0.933969205696174,0.958739533204398,"cogn_se_lv"
"14763","GP6","Exc L5/6 IT Car3",0.033752762425075,4.24279945224413,2.24645082242824,0.134765557115756,0.506334876009994,0.558173282149197,"cogn_se_lv"
"14764","RDH13","Exc L5/6 IT Car3",0.0261043517920084,4.68791048605874,2.63398168127062,0.105442404072953,0.466712280322908,0.508541768468056,"cogn_se_lv"
"14765","PPP1R12C","Exc L5/6 IT Car3",0.00444393313925168,4.71244747305468,0.106501791794781,0.744345193062162,0.933022991340091,0.957494832567645,"cogn_se_lv"
"14766","TNNT1","Exc L5/6 IT Car3",0.0294442418743625,1.6900675417316,0.30747013411828,0.579568491060095,0.854282068519765,0.895821249169462,"cogn_se_lv"
"14767","DNAAF3","Exc L5/6 IT Car3",-0.0417588516063118,1.46629658210451,0.630330916852933,0.427737839109202,0.77182381801977,0.82340531070393,"cogn_se_lv"
"14768","SYT5","Exc L5/6 IT Car3",-0.00732911546785813,5.65603785367718,0.12035233251894,0.728847957520043,0.924999994394571,0.952992973547296,"cogn_se_lv"
"14769","TMEM86B","Exc L5/6 IT Car3",0.0142763467179862,3.2751384975632,0.382156813281737,0.536827798680984,0.828638461277984,0.876294097451421,"cogn_se_lv"
"14770","PPP6R1","Exc L5/6 IT Car3",-0.0100453267806655,5.69689250765527,0.658449316094436,0.417624488487982,0.765370348222426,0.817619508664413,"cogn_se_lv"
"14771","HSPBP1","Exc L5/6 IT Car3",-0.0247453374996142,4.22998443300119,1.15846654743734,0.282478196014849,0.662539096936755,0.723393656443609,"cogn_se_lv"
"14772","BRSK1","Exc L5/6 IT Car3",0.00938225363895261,5.6803277167941,0.432033822756203,0.511397309936592,0.818390988767277,0.864855810395841,"cogn_se_lv"
"14773","KMT5C","Exc L5/6 IT Car3",0.0291516049382865,3.34026586219434,1.62620463339938,0.427834295644867,0.771883318940675,0.82346588533872,"cogn_se_lv"
"14774","RPL28","Exc L5/6 IT Car3",-0.0368522877423819,6.23212830877215,1.67516893808793,0.196366911768319,0.584438396615724,0.638251247006054,"cogn_se_lv"
"14775","UBE2S","Exc L5/6 IT Car3",-0.0211984632911635,4.0144115357197,0.546121655177111,0.460370662075462,0.788695736264169,0.840193648340482,"cogn_se_lv"
"14776","SHISA7","Exc L5/6 IT Car3",-0.0304696265159295,5.20611779201078,6.16638337634861,0.013457967120217,0.227194137589023,0.218221894633833,"cogn_se_lv"
"14777","ISOC2","Exc L5/6 IT Car3",-0.0401505920538452,3.55870998192443,1.79497791083786,0.181135011585867,0.567964504723395,0.621185502244815,"cogn_se_lv"
"14778","ZNF628","Exc L5/6 IT Car3",-0.0371904725392838,1.77112466922288,0.767926448608841,0.381422268562973,0.740402552467578,0.796348614203689,"cogn_se_lv"
"14779","NAT14","Exc L5/6 IT Car3",-0.0156233642329968,4.2013801832718,0.586753424496033,0.444160890316836,0.779616467157233,0.832014131727345,"cogn_se_lv"
"14780","SSC5D","Exc L5/6 IT Car3",-0.0151153484545177,2.07524004864725,0.136575830957124,0.711918451988806,0.916702223569923,0.947459615034211,"cogn_se_lv"
"14781","ZNF579","Exc L5/6 IT Car3",-0.0487907829794818,2.71053949718408,2.81886937791378,0.0939979495917328,0.446632276036572,0.486951346430768,"cogn_se_lv"
"14782","FIZ1","Exc L5/6 IT Car3",0.0201704839229241,2.8068618635551,0.517661904712308,0.472290483124347,0.795594410604609,0.845987165840217,"cogn_se_lv"
"14783","ZNF524","Exc L5/6 IT Car3",-0.016916100989093,2.37094527823575,0.260328324935041,0.611482625518684,0.87031513980695,0.909940493353027,"cogn_se_lv"
"14784","ZNF865","Exc L5/6 IT Car3",-0.00366662330373164,3.09137984625003,0.0246963494021244,0.956410051464178,0.996920944446838,0.998498313648381,"cogn_se_lv"
"14785","ZNF784","Exc L5/6 IT Car3",0.00796871686497543,1.49565428301673,0.0271590627573631,0.869190461545129,0.977430238141471,0.987215819779565,"cogn_se_lv"
"14786","CCDC106","Exc L5/6 IT Car3",-0.0349255721848529,3.93111053848903,1.92729297345523,0.165881969637372,0.551149290310699,0.602315652695432,"cogn_se_lv"
"14787","U2AF2","Exc L5/6 IT Car3",-0.0345612632506822,4.05794514507446,3.06167969534726,0.0809796106742944,0.424192038215586,0.461219805898949,"cogn_se_lv"
"14788","EPN1","Exc L5/6 IT Car3",-0.0460812592077856,5.1300423828719,5.62494494423113,0.018212708562343,0.256209858111937,0.248879998279522,"cogn_se_lv"
"14789","ZNF787","Exc L5/6 IT Car3",0.0279337500268192,3.45530418944358,1.59444770913369,0.207479231299382,0.595395083591232,0.651063205619308,"cogn_se_lv"
"14790","ZNF444","Exc L5/6 IT Car3",0.00684641369787852,4.50384065747642,0.220777360892346,0.638722329590663,0.883351604277525,0.920834609970125,"cogn_se_lv"
"14791","ZSCAN5A","Exc L5/6 IT Car3",0.0611973913728884,5.59133646893401,16.7812460425589,5.14619729338888e-05,0.0213217481471118,0.0126855365604445,"cogn_se_lv"
"14792","EDDM13","Exc L5/6 IT Car3",0.111124215780212,2.9695130299497,8.76488259152353,0.00326683595009669,0.131218826837242,0.113146648551614,"cogn_se_lv"
"14793","ZNF582","Exc L5/6 IT Car3",0.0040195825634945,2.91344232880371,0.0264171110448956,0.906350260898501,0.987921701769422,0.99299714570084,"cogn_se_lv"
"14794","ZNF582-AS1","Exc L5/6 IT Car3",0.0183710657913529,2.26800137846002,0.263656955178084,0.607922294976506,0.868944378163688,0.908065050814707,"cogn_se_lv"
"14795","ZNF583","Exc L5/6 IT Car3",0.0101812898075574,4.79967122985315,0.614908937259698,0.464914314606792,0.79119444669795,0.842524502359018,"cogn_se_lv"
"14796","ZNF667","Exc L5/6 IT Car3",0.0127762535277906,5.43132991095769,0.885949097578655,0.347185510223385,0.715381577498714,0.772377626065542,"cogn_se_lv"
"14797","ZNF667-AS1","Exc L5/6 IT Car3",-0.0119454306938649,5.14869124050955,0.388738173138087,0.5333437989486,0.826852127109796,0.874325478616465,"cogn_se_lv"
"14798","ZNF471","Exc L5/6 IT Car3",0.0154334756445582,4.40802682648642,0.891897872464723,0.345573744263493,0.714791149149483,0.771343479220958,"cogn_se_lv"
"14799","ZFP28","Exc L5/6 IT Car3",-0.0162394458128597,3.39026826295163,0.566443673909905,0.452149430680992,0.784755350388365,0.83573157423233,"cogn_se_lv"
"14800","AC005498.3","Exc L5/6 IT Car3",0.0292924076719206,3.53733662323698,1.67189664049971,0.196803521410341,0.584763381151275,0.638908366055082,"cogn_se_lv"
"14801","ZNF470","Exc L5/6 IT Car3",-0.0245038111350788,3.64101568988599,1.29226234661823,0.256359905517456,0.639571989246947,0.700741513762659,"cogn_se_lv"
"14802","ZNF71","Exc L5/6 IT Car3",0.0165146444956234,4.02803401163802,0.763842113982417,0.382690141816028,0.740930282055013,0.79726329770792,"cogn_se_lv"
"14803","SMIM17","Exc L5/6 IT Car3",0.040958336872575,3.41604108204448,2.82377569142352,0.0937133894140086,0.445964459827332,0.486537652527583,"cogn_se_lv"
"14804","ZNF835","Exc L5/6 IT Car3",0.0301455206075757,2.45075124734049,1.01315236984905,0.314800147649133,0.689360914380656,0.750504888996945,"cogn_se_lv"
"14805","AC006115.1","Exc L5/6 IT Car3",-0.00261113827265352,2.33573948052837,0.0082524810622036,0.927665884602448,0.991538479686899,0.995672044648369,"cogn_se_lv"
"14806","AC006115.3","Exc L5/6 IT Car3",0.000956261000374756,5.11006464672041,0.0030418702718446,0.956045926729043,0.996920944446838,0.998428000651427,"cogn_se_lv"
"14807","ZIM2-AS1","Exc L5/6 IT Car3",0.0111629228395287,2.19376695617222,0.0957663461362201,0.757143072913758,0.938199025132265,0.96138444634285,"cogn_se_lv"
"14808","ZIM2","Exc L5/6 IT Car3",-0.0376561129758985,4.0557002370632,1.5986005924914,0.206889690781462,0.594661969853037,0.65011596418504,"cogn_se_lv"
"14809","MIMT1","Exc L5/6 IT Car3",-0.0103534178330217,2.74860761401753,0.134601644291296,0.713915474281295,0.917731335674913,0.947903926272577,"cogn_se_lv"
"14810","ZNF264","Exc L5/6 IT Car3",0.0249114298344699,4.84911705935272,3.60922240086279,0.068439876593975,0.400264255083555,0.430732030397609,"cogn_se_lv"
"14811","ZNF805","Exc L5/6 IT Car3",0.0282123555144876,2.83756799157881,1.18207436599957,0.277634892224276,0.659846663735672,0.719802179658626,"cogn_se_lv"
"14812","AC005261.3","Exc L5/6 IT Car3",0.0147509639141039,2.61431557666703,0.279074279043875,0.684591026027809,0.901848749589734,0.937768715497495,"cogn_se_lv"
"14813","ZNF460-AS1","Exc L5/6 IT Car3",0.067927686472505,2.93356830919475,6.00148380776254,0.0147519843766492,0.235267398504282,0.227180078100764,"cogn_se_lv"
"14814","ZNF460","Exc L5/6 IT Car3",-0.00621477647333853,3.20941023775583,0.0650171921167868,0.958320468306958,0.997053628956036,0.998555548513014,"cogn_se_lv"
"14815","AC005261.1","Exc L5/6 IT Car3",0.0117503313129875,5.7986350776231,1.16679638064386,0.280757153969118,0.66183093633157,0.7222284125279,"cogn_se_lv"
"14816","ZNF543","Exc L5/6 IT Car3",-0.0232199956792162,2.85808743661441,0.800057633070013,0.371651890665803,0.732358847291511,0.789128996228261,"cogn_se_lv"
"14817","ZNF304","Exc L5/6 IT Car3",-0.0194585213719193,3.54388291885485,0.668362085011042,0.414144197580172,0.76329240710795,0.815599114652757,"cogn_se_lv"
"14818","AC003002.2","Exc L5/6 IT Car3",-0.0251858234315085,4.28310549259884,2.50738360709638,0.114159859379617,0.480461755326494,0.52396956670238,"cogn_se_lv"
"14819","ZNF749","Exc L5/6 IT Car3",0.0389492940410811,3.39146776832848,1.37974842072989,0.240891996222816,0.626237807748165,0.685562709464631,"cogn_se_lv"
"14820","AC004076.1","Exc L5/6 IT Car3",0.0016902693886822,5.76622915969161,0.0187432155609697,0.89117893570588,0.985508487276283,0.990615604154006,"cogn_se_lv"
"14821","AC004076.2","Exc L5/6 IT Car3",-0.0261413969238164,2.99033885851204,0.86750748319105,0.352247624875065,0.719169542251618,0.775841461586582,"cogn_se_lv"
"14822","ZNF773","Exc L5/6 IT Car3",0.0121130096925757,3.18058914626933,0.299488349656772,0.584530041082515,0.85579931877134,0.898017878652577,"cogn_se_lv"
"14823","ZNF549","Exc L5/6 IT Car3",0.0194015566788508,5.45445808015911,1.99198832188727,0.158965206485371,0.540776862911108,0.593057249092876,"cogn_se_lv"
"14824","ZNF550","Exc L5/6 IT Car3",0.00466905954389855,3.0109190337389,0.0349854826864455,0.851727594977861,0.971931624594265,0.983818184270067,"cogn_se_lv"
"14825","ZNF416","Exc L5/6 IT Car3",-0.011660193110493,1.9143589298845,0.0922259314625515,0.761535212229428,0.940687608653255,0.962373718695082,"cogn_se_lv"
"14826","ZIK1","Exc L5/6 IT Car3",0.0121046405087952,2.14723202286468,0.129740576269207,0.718904672038075,0.920381453881895,0.949365927709577,"cogn_se_lv"
"14827","ZNF530","Exc L5/6 IT Car3",0.0326918171170654,1.92166484933366,0.65380559287191,0.419269846952681,0.766423141082724,0.818604530886342,"cogn_se_lv"
"14828","ZNF134","Exc L5/6 IT Car3",-0.00190318208795867,3.95515392346174,0.013246876336577,0.98236265755317,0.998390354534415,0.999870711362408,"cogn_se_lv"
"14829","AC003682.1","Exc L5/6 IT Car3",0.0191241662932959,2.10460930878031,0.281932632171916,0.595752730984258,0.862374110633713,0.903179045577841,"cogn_se_lv"
"14830","ZNF211","Exc L5/6 IT Car3",-0.0137203595295013,3.13175124079634,0.373624526015146,0.541406844115112,0.831387076876822,0.87849612699079,"cogn_se_lv"
"14831","AC003006.1","Exc L5/6 IT Car3",0.041731031765421,2.39679397202738,1.21426003026599,0.27119930813591,0.653645032580496,0.71417892965621,"cogn_se_lv"
"14832","ZNF154","Exc L5/6 IT Car3",0.0185233292095189,3.32594742455563,0.64291673050104,0.423166172764084,0.769245114478639,0.820713325496874,"cogn_se_lv"
"14833","ZNF671","Exc L5/6 IT Car3",-0.00222898855291942,2.77302874612776,0.00707523818880623,0.943717116293556,0.994804925328349,0.997626386519645,"cogn_se_lv"
"14834","ZNF776","Exc L5/6 IT Car3",-0.0484482996084007,3.15736037581996,4.74409148787901,0.0300237489154082,0.304222598957164,0.307507804449142,"cogn_se_lv"
"14835","ZNF586","Exc L5/6 IT Car3",0.0108076390831187,6.25576239594775,0.579874569109409,0.446841801069394,0.781075074328528,0.833186510394002,"cogn_se_lv"
"14836","ZNF552","Exc L5/6 IT Car3",0.00835038994118118,3.73940929946819,0.132000909696601,0.71657182707967,0.918773674810974,0.948822117539366,"cogn_se_lv"
"14837","AC010522.1","Exc L5/6 IT Car3",0.061521938637633,2.49828632546557,4.48438102050587,0.0348658753182501,0.314897934852847,0.327710639067915,"cogn_se_lv"
"14838","ZNF814","Exc L5/6 IT Car3",0.0140717879796628,5.3150135373179,1.2272094117458,0.268662976396468,0.651765475785032,0.712126544023462,"cogn_se_lv"
"14839","ZNF587","Exc L5/6 IT Car3",0.0271860213165464,4.49641667585611,2.75581267274374,0.0977404557273956,0.45289490900642,0.493552658951163,"cogn_se_lv"
"14840","AC010326.2","Exc L5/6 IT Car3",0.0531919979522242,2.21152914096904,2.18053278045369,0.140608290809128,0.515351654096803,0.567064953905671,"cogn_se_lv"
"14841","ZNF418","Exc L5/6 IT Car3",0.0202216013394858,3.4433179810296,0.887664029493698,0.346719819213083,0.715260611242374,0.772101850543539,"cogn_se_lv"
"14842","ZNF256","Exc L5/6 IT Car3",0.0241256594543143,1.97105064491006,0.33813341508317,0.561259235375899,0.843636345917786,0.887401525921572,"cogn_se_lv"
"14843","C19orf18","Exc L5/6 IT Car3",0.0492226043063636,2.03619935905497,1.22230220422919,0.269620615066662,0.652650975814763,0.713104722435786,"cogn_se_lv"
"14844","ZNF606","Exc L5/6 IT Car3",0.00521561025145985,3.72831566815199,0.0808412338367927,0.776318108246417,0.946160377580805,0.966635244448334,"cogn_se_lv"
"14845","ZSCAN1","Exc L5/6 IT Car3",0.0813416041007056,2.51623752199449,5.70269606437257,0.017434872063287,0.251087065855326,0.244082950307458,"cogn_se_lv"
"14846","ZNF135","Exc L5/6 IT Car3",0.0125333344690325,4.8724609915684,0.520981923379799,0.470874526658486,0.794633044963293,0.845471042135165,"cogn_se_lv"
"14847","ZSCAN18","Exc L5/6 IT Car3",0.0249580076668239,5.84175037288837,3.1600284806751,0.0762750789741315,0.417371975223575,0.450855397132031,"cogn_se_lv"
"14848","ZNF329","Exc L5/6 IT Car3",-0.00266197947481731,4.45586041164692,0.0319224232767947,0.858294853524593,0.973716475920048,0.985156698229816,"cogn_se_lv"
"14849","ZNF274","Exc L5/6 IT Car3",0.00184879787023572,3.41035257889215,0.00908296285833579,0.924123992090263,0.991029770627074,0.995270348691988,"cogn_se_lv"
"14850","AC020915.3","Exc L5/6 IT Car3",0.0298803373033613,3.69560937671162,1.76508350460924,0.18480246934513,0.571335878509753,0.625484285630436,"cogn_se_lv"
"14851","ERVK3-1","Exc L5/6 IT Car3",-0.0750852064310425,2.95151513287953,5.74807679186278,0.0169968698499013,0.247008335212447,0.241382966174809,"cogn_se_lv"
"14852","AC010642.2","Exc L5/6 IT Car3",-0.03987191862703,3.49054283908484,2.31019710741523,0.129373405258692,0.499726372098624,0.550228965304892,"cogn_se_lv"
"14853","A1BG","Exc L5/6 IT Car3",0.00757897362306302,2.93006681619822,0.0623819843477876,0.802907217300473,0.955597215489341,0.973737976661521,"cogn_se_lv"
"14854","A1BG-AS1","Exc L5/6 IT Car3",0.00707885432762526,4.35726084249851,0.154909039476737,0.694112038875913,0.906285253100899,0.940888549876794,"cogn_se_lv"
"14855","ZNF497","Exc L5/6 IT Car3",-0.0377178567504029,2.57536457248008,2.00263137825443,0.157859215334536,0.540291084826352,0.59157931144395,"cogn_se_lv"
"14856","AC012313.6","Exc L5/6 IT Car3",0.0252799115218153,1.91389622440425,0.413444845134519,0.520620551886385,0.821092037196555,0.868666837940365,"cogn_se_lv"
"14857","RPS5","Exc L5/6 IT Car3",-0.0409146347803915,4.94167110004589,1.39028090392031,0.239107869790872,0.625336331463151,0.683998262461618,"cogn_se_lv"
"14858","ZNF584","Exc L5/6 IT Car3",0.0241679708439189,3.50037693444768,0.954107714978881,0.329307838361206,0.700221116057139,0.760478358178686,"cogn_se_lv"
"14859","AC012313.1","Exc L5/6 IT Car3",-0.0713300177510737,1.16125973176034,1.29153283468557,0.256493947319739,0.639571989246947,0.700847397687258,"cogn_se_lv"
"14860","ZNF132","Exc L5/6 IT Car3",0.0568019383699754,2.17763145371962,2.46217764542475,0.197300734088091,0.585172152171079,0.63933101831542,"cogn_se_lv"
"14861","ZNF324B","Exc L5/6 IT Car3",-0.00851892637721652,2.27585010200231,0.0640669603090498,0.800318908572699,0.954925844797372,0.972994746357176,"cogn_se_lv"
"14862","ZNF324","Exc L5/6 IT Car3",-0.00123366669717052,3.99546397516113,0.00494303006595298,0.94398717132707,0.994804925328349,0.997626386519645,"cogn_se_lv"
"14863","ZNF446","Exc L5/6 IT Car3",-0.00194856456114255,3.10609481773996,0.00625054146940408,0.937026928359441,0.994224741262758,0.997204021871434,"cogn_se_lv"
"14864","SLC27A5","Exc L5/6 IT Car3",0.0256209662147062,4.18528822359811,2.28732020487522,0.131280200566628,0.501798428608328,0.553425106479154,"cogn_se_lv"
"14865","ZBTB45","Exc L5/6 IT Car3",-0.0300691867865993,2.65344983700071,1.17540659610005,0.27899211364652,0.660770795478599,0.720621807660392,"cogn_se_lv"
"14866","TRIM28","Exc L5/6 IT Car3",-0.0127293891818127,4.39503599001646,0.387372560565315,0.534063336681754,0.827134422011894,0.874714707931102,"cogn_se_lv"
"14867","CHMP2A","Exc L5/6 IT Car3",-0.0427524457347132,3.65144891914911,2.01139709275495,0.156954903966894,0.539032639869704,0.59051890914376,"cogn_se_lv"
"14868","UBE2M","Exc L5/6 IT Car3",-0.0287070145045869,5.36562544859614,1.40843515043298,0.236070285235923,0.623140686898157,0.681150547311333,"cogn_se_lv"
"14869","MZF1-AS1","Exc L5/6 IT Car3",-0.0126021298620798,3.18922190236427,0.246166945845197,0.801515829813804,0.955572858244753,0.973362162838898,"cogn_se_lv"
"14870","MZF1","Exc L5/6 IT Car3",0.00844688277981866,5.40613906667432,0.394993003431216,0.530070426114628,0.82568662529394,0.872824382352109,"cogn_se_lv"
"14871","RPS4Y1","Exc L5/6 IT Car3",0.0528865878953396,4.44213096383089,0.480019443553642,0.488843867180341,0.805320821655475,0.853761076640852,"cogn_se_lv"
"14872","ZFY","Exc L5/6 IT Car3",0.0248156677572209,3.87765097219423,0.111032095091842,0.739159038234291,0.930782115216792,0.95619238301011,"cogn_se_lv"
"14873","PCDH11Y","Exc L5/6 IT Car3",0.0228251849294982,3.57559529207322,0.242482414591192,0.622708095380631,0.8750796656557,0.914395627238099,"cogn_se_lv"
"14874","TTTY15","Exc L5/6 IT Car3",0.0718970608221021,4.52893579016777,0.857164453547344,0.355130951947603,0.720752386980564,0.777842794004639,"cogn_se_lv"
"14875","USP9Y","Exc L5/6 IT Car3",0.0410129494784324,6.78571265567421,0.239687328503647,0.624719307076467,0.875858814433045,0.915250166191064,"cogn_se_lv"
"14876","DDX3Y","Exc L5/6 IT Car3",0.0203185469513424,4.92336142826412,0.0685428850879646,0.793614523873816,0.952216125954876,0.971248500258993,"cogn_se_lv"
"14877","UTY","Exc L5/6 IT Car3",0.0539256886666723,6.64235760220266,0.390499680486353,0.532418254209353,0.826815321335292,0.873958087949017,"cogn_se_lv"
"14878","NLGN4Y","Exc L5/6 IT Car3",0.0659780447032462,7.83034992239509,0.473248830816216,0.491923139468191,0.807671139594468,0.855360621725566,"cogn_se_lv"
"14879","TTTY14","Exc L5/6 IT Car3",0.082463644951963,7.51958014619145,0.819650752695435,0.365865653310684,0.728041428038715,0.785408917798712,"cogn_se_lv"
"14880","KDM5D","Exc L5/6 IT Car3",0.0638307984782775,4.98366218583672,0.62180404711884,0.430877652857012,0.773318609617424,0.824684262848536,"cogn_se_lv"
"14881","TTTY10","Exc L5/6 IT Car3",0.0322931692874766,4.43014788422139,0.206256420279904,0.649981216428169,0.88742216518162,0.924608129750732,"cogn_se_lv"
"14882","EIF1AY","Exc L5/6 IT Car3",0.069129633162796,2.35090507609828,0.863270385593094,0.353424908323487,0.719780905455015,0.77668462885255,"cogn_se_lv"
"14883","IL17RA","Exc L5/6 IT Car3",0.0217644237876855,3.28923742381979,0.389352434066204,0.533020718834155,0.826852127109796,0.874246066778228,"cogn_se_lv"
"14884","TMEM121B","Exc L5/6 IT Car3",0.0334852564272621,3.03468879916835,1.35983259213368,0.244310225372862,0.629699274575171,0.6887615766082,"cogn_se_lv"
"14885","LINC01664","Exc L5/6 IT Car3",0.0395139676840416,2.4345378188725,1.34952088921835,0.246103372229405,0.63060160275998,0.690460527244378,"cogn_se_lv"
"14886","HDHD5","Exc L5/6 IT Car3",0.048075260391098,4.78114763896802,10.2842421720694,0.00145738548310367,0.0950388245125654,0.0772207950578309,"cogn_se_lv"
"14887","HDHD5-AS1","Exc L5/6 IT Car3",0.016099661637909,3.22680898095098,0.348609450439001,0.555258243371372,0.839929682996154,0.884689279144774,"cogn_se_lv"
"14888","ADA2","Exc L5/6 IT Car3",0.0758227243443779,1.54041575767032,2.22577844768399,0.136567964873031,0.509399170963634,0.561478841910207,"cogn_se_lv"
"14889","CECR2","Exc L5/6 IT Car3",0.0290081978648851,2.38206007534907,0.689752298644538,0.406778951162691,0.758873719574708,0.811501025271527,"cogn_se_lv"
"14890","SLC25A18","Exc L5/6 IT Car3",-0.0621582243861712,2.58413413788001,3.42428718546282,0.065033080695295,0.391879057126308,0.422759458925817,"cogn_se_lv"
"14891","ATP6V1E1","Exc L5/6 IT Car3",-0.00891635838811529,6.06268648088376,0.155052054391285,0.693978032459036,0.906205000805944,0.940850265840622,"cogn_se_lv"
"14892","BCL2L13","Exc L5/6 IT Car3",-0.0265052149589422,6.83359518491119,7.84001635810259,0.0053755779799763,0.158783522830177,0.144072227382767,"cogn_se_lv"
"14893","BID","Exc L5/6 IT Car3",0.0155475735871713,5.17118201185829,0.75905325370348,0.384184354748313,0.742172676735286,0.798070450914459,"cogn_se_lv"
"14894","MICAL3","Exc L5/6 IT Car3",0.00795566038519714,8.07317286095002,0.307485403070699,0.579559080774786,0.854282068519765,0.895821249169462,"cogn_se_lv"
"14895","PEX26","Exc L5/6 IT Car3",0.0109409645510839,4.94280835877351,0.731448317654279,0.392962156156501,0.749869140951696,0.803453422970016,"cogn_se_lv"
"14896","TUBA8","Exc L5/6 IT Car3",0.00945923283330533,3.70136601519842,0.104961789913207,0.746135895842393,0.933596030449178,0.958128229990618,"cogn_se_lv"
"14897","AC008079.2","Exc L5/6 IT Car3",0.0248764973278151,2.22313295139812,0.307004094603223,0.579855859258483,0.854320722431242,0.895873279501358,"cogn_se_lv"
"14898","USP18","Exc L5/6 IT Car3",-0.0408064045640385,1.97178005046901,0.996296640014651,0.318854185498815,0.692808967221059,0.753444703534055,"cogn_se_lv"
"14899","TMEM191B","Exc L5/6 IT Car3",-0.00853296837782569,2.87410300003476,0.0390491135679201,0.843458843324339,0.970572616914356,0.98220668983709,"cogn_se_lv"
"14900","AC007326.4","Exc L5/6 IT Car3",0.0350129439627511,2.06105275508062,0.728385154657597,0.393953866399866,0.75055087941247,0.803953502848568,"cogn_se_lv"
"14901","DGCR9","Exc L5/6 IT Car3",0.0207578751400825,2.98710465607616,0.554164369603756,0.457088991572188,0.788028655907772,0.838639818025232,"cogn_se_lv"
"14902","DGCR2","Exc L5/6 IT Car3",-0.00988402509333477,6.14793824378765,0.83762516478337,0.360667070746173,0.724913963534491,0.781388631077139,"cogn_se_lv"
"14903","ESS2","Exc L5/6 IT Car3",-0.037124693864961,3.05803196652404,2.14518390836461,0.143858696286806,0.520431728664373,0.572185576874228,"cogn_se_lv"
"14904","SLC25A1","Exc L5/6 IT Car3",-0.0192531401183632,3.44461454886331,0.625537729342736,0.429498532291344,0.77224147320033,0.824180211967314,"cogn_se_lv"
"14905","CLTCL1","Exc L5/6 IT Car3",0.04547300359384,5.95627298809528,5.34784379140783,0.0212906179050838,0.273857344568852,0.268083709254995,"cogn_se_lv"
"14906","HIRA","Exc L5/6 IT Car3",0.00781288022254074,4.49236966863719,0.259067725233865,0.931583165828283,0.992047116115228,0.99600876035635,"cogn_se_lv"
"14907","MRPL40","Exc L5/6 IT Car3",-0.0278794401927154,2.81806424547773,0.566399387913052,0.452167094451171,0.784755350388365,0.835737115898554,"cogn_se_lv"
"14908","UFD1","Exc L5/6 IT Car3",0.0136412211017545,3.85709934274552,0.664829794211757,0.415379398763301,0.764035968324035,0.816246681209276,"cogn_se_lv"
"14909","GNB1L","Exc L5/6 IT Car3",0.0249738292365813,3.8310942739359,1.46717639194171,0.226557182898276,0.615459237349369,0.671878192567986,"cogn_se_lv"
"14910","TXNRD2","Exc L5/6 IT Car3",-0.0095855999532072,4.38458163063189,0.361608467703319,0.547978904903315,0.835910322854975,0.881259746154787,"cogn_se_lv"
"14911","COMT","Exc L5/6 IT Car3",-0.0146654283519843,4.71094809914929,0.873606234860486,0.350562474545614,0.717823937428057,0.774309219338709,"cogn_se_lv"
"14912","ARVCF","Exc L5/6 IT Car3",-0.0142893759167308,2.98861834364057,0.32264023861883,0.570366403425501,0.848666491645945,0.891129691633853,"cogn_se_lv"
"14913","TANGO2","Exc L5/6 IT Car3",-0.00372182530388305,5.02267686896759,0.073334747411913,0.786691386624273,0.950153677309984,0.969171627280312,"cogn_se_lv"
"14914","AC006547.1","Exc L5/6 IT Car3",0.0506212624430527,2.37182098030861,1.5881971850366,0.208370312127239,0.59639559301436,0.651893224477358,"cogn_se_lv"
"14915","DGCR8","Exc L5/6 IT Car3",-0.00349919142078277,4.83984399276855,0.0602402109593335,0.806251420637325,0.956380938837486,0.974409755387178,"cogn_se_lv"
"14916","TRMT2A","Exc L5/6 IT Car3",-0.0155526613526676,3.33017878143293,0.509324581232538,0.475876882291407,0.798228361685531,0.847856603178668,"cogn_se_lv"
"14917","RANBP1","Exc L5/6 IT Car3",-0.0182521372073432,4.52065414414436,0.440957134527635,0.507070364563681,0.816298421614546,0.862607427204394,"cogn_se_lv"
"14918","ZDHHC8","Exc L5/6 IT Car3",-0.0129960662213512,5.06956591761696,0.802094448929333,0.371044449415694,0.732270973258606,0.788707388455321,"cogn_se_lv"
"14919","RTN4R","Exc L5/6 IT Car3",-0.0355572232317936,5.83699622037077,3.61172264488661,0.0581430248091848,0.377862825091434,0.404608957162382,"cogn_se_lv"
"14920","DGCR6L","Exc L5/6 IT Car3",-0.0646564429486818,4.14272003784566,6.35247855130873,0.0121374779690446,0.219911907765536,0.208593064717525,"cogn_se_lv"
"14921","ZNF74","Exc L5/6 IT Car3",-0.0332808449495363,4.5460272522683,4.48235021127098,0.0349068146107185,0.314897934852847,0.327868593610178,"cogn_se_lv"
"14922","SCARF2","Exc L5/6 IT Car3",-0.0354600434919756,3.08554963637721,1.46581765679781,0.226771936613509,0.615741020550793,0.672110903233519,"cogn_se_lv"
"14923","KLHL22","Exc L5/6 IT Car3",0.0259053118623393,5.63765781678839,1.88924748685397,0.170110546850483,0.556733788386556,0.608122891683353,"cogn_se_lv"
"14924","MED15","Exc L5/6 IT Car3",0.0181759907202189,6.30456133716385,2.47459308213505,0.116545659594906,0.484635963568118,0.528320322727544,"cogn_se_lv"
"14925","PI4KA","Exc L5/6 IT Car3",0.00399353289787819,8.89766989844252,0.205005911803282,0.650972967862892,0.887629788936254,0.924910419405126,"cogn_se_lv"
"14926","SERPIND1","Exc L5/6 IT Car3",0.0136461323705346,2.1610365743373,0.0751824566508461,0.784086900823153,0.949524736639513,0.968335382161404,"cogn_se_lv"
"14927","SNAP29","Exc L5/6 IT Car3",0.0164834715533138,4.75149119414615,1.50576982837229,0.220558248973079,0.608750260347146,0.665403290514661,"cogn_se_lv"
"14928","CRKL","Exc L5/6 IT Car3",0.000200799500333108,4.86408102536992,0.000135723702046251,0.99071103121221,0.999242764926216,0.999870711362408,"cogn_se_lv"
"14929","AIFM3","Exc L5/6 IT Car3",-0.0620150812951678,2.14921135460335,2.87862184866989,0.0905955797936601,0.441555170112902,0.481053932715516,"cogn_se_lv"
"14930","LZTR1","Exc L5/6 IT Car3",0.00275938176111274,4.6380271065452,0.0342694418512875,0.853235291304465,0.972510837167237,0.984284184489059,"cogn_se_lv"
"14931","THAP7","Exc L5/6 IT Car3",-0.0243629155766639,3.27038752549643,0.682010503962074,0.409422214890293,0.760469385291995,0.812884309994243,"cogn_se_lv"
"14932","THAP7-AS1","Exc L5/6 IT Car3",0.00877440730936855,2.21954965164714,0.056278346399439,0.812607922535135,0.959045669722624,0.976303536748644,"cogn_se_lv"
"14933","P2RX6","Exc L5/6 IT Car3",0.0590163359032647,3.61716471515825,6.35605997511788,0.0121134194241476,0.219903428820987,0.208347945384571,"cogn_se_lv"
"14934","SLC7A4","Exc L5/6 IT Car3",0.0793963619798046,1.7444787963349,2.59078583489288,0.108331424143421,0.470937787426174,0.513308992072901,"cogn_se_lv"
"14935","HIC2","Exc L5/6 IT Car3",0.0520841422653208,6.46321522176044,9.07568549346846,0.00276672131476947,0.124139478234117,0.103598919324895,"cogn_se_lv"
"14936","TMEM191C","Exc L5/6 IT Car3",0.0557558151469804,3.18530344966556,3.78804752390626,0.052369024846894,0.362228895457842,0.386650594202223,"cogn_se_lv"
"14937","UBE2L3","Exc L5/6 IT Car3",-0.00896350526168785,5.86460596528959,0.671964002136326,0.412890245888575,0.762190342356383,0.81498642037129,"cogn_se_lv"
"14938","YDJC","Exc L5/6 IT Car3",-0.00855164041058885,2.9772488613051,0.075385575287535,0.78380269813365,0.949524736639513,0.968331340837226,"cogn_se_lv"
"14939","SDF2L1","Exc L5/6 IT Car3",0.0297849636857029,2.1195557681071,0.47070386325133,0.493088994100752,0.807989737990904,0.855956117675033,"cogn_se_lv"
"14940","PPIL2","Exc L5/6 IT Car3",0.0126644046717525,5.50911014630821,0.965798575109136,0.326366101181046,0.699058794546427,0.758597348124132,"cogn_se_lv"
"14941","YPEL1","Exc L5/6 IT Car3",-0.0164194056645197,5.66069136007521,1.1728646419824,0.279511734299651,0.661269350060604,0.721341590890597,"cogn_se_lv"
"14942","MAPK1","Exc L5/6 IT Car3",-0.0363738211475959,8.04837758824814,7.50812703259066,0.00643678234550755,0.173648358410842,0.15701605465672,"cogn_se_lv"
"14943","PPM1F","Exc L5/6 IT Car3",0.0118858563257115,4.90337169138211,0.563145524890329,0.453467888513719,0.785113151561046,0.836501683336059,"cogn_se_lv"
"14944","AC245452.1","Exc L5/6 IT Car3",0.0353387739783168,2.57726944592662,1.00254183424929,0.317344170572457,0.692049117884639,0.752401753295256,"cogn_se_lv"
"14945","TOP3B","Exc L5/6 IT Car3",-0.0406132875319017,3.8662004489727,4.95232819906739,0.0266518007616361,0.294122831734863,0.292582986030164,"cogn_se_lv"
"14946","AC245060.6","Exc L5/6 IT Car3",0.0386810819730506,2.36002528731523,0.775880107786337,0.378970295848931,0.737992262826149,0.794400710487656,"cogn_se_lv"
"14947","AC245060.5","Exc L5/6 IT Car3",-0.0355812511720895,4.78936133593688,1.60206794396747,0.206398988510735,0.594290071689468,0.649614058301139,"cogn_se_lv"
"14948","ZNF280B","Exc L5/6 IT Car3",-0.00730472618488034,4.22353977030008,0.23535297387525,0.627867059742219,0.877724956801957,0.916810855892245,"cogn_se_lv"
"14949","GGTLC2","Exc L5/6 IT Car3",0.0258582178966914,2.8804980598663,0.420620682944362,0.517025847509611,0.819995665260249,0.867249356558767,"cogn_se_lv"
"14950","RSPH14","Exc L5/6 IT Car3",0.0385803073462931,3.04992546392858,2.21106710522193,0.13786713699952,0.510620798575702,0.563245007863839,"cogn_se_lv"
"14951","GNAZ","Exc L5/6 IT Car3",-0.0430824912239888,4.91855103119265,6.65623052069037,0.0102620437506613,0.208905890638461,0.193774134188477,"cogn_se_lv"
"14952","RAB36","Exc L5/6 IT Car3",0.0390922816055902,2.82309057113245,1.8864963114641,0.221484200422224,0.610116152240244,0.666489672617994,"cogn_se_lv"
"14953","BCR","Exc L5/6 IT Car3",0.00986759968220157,5.5115438542596,0.312128811554427,0.57671141742864,0.852274698888686,0.894441916478928,"cogn_se_lv"
"14954","LINC02556","Exc L5/6 IT Car3",-0.0816820905439689,2.36188785691587,3.95514528585837,0.0474572229428141,0.352207238869669,0.370801744287884,"cogn_se_lv"
"14955","PCAT14","Exc L5/6 IT Car3",0.0181304812902644,2.18023025420784,0.225935564670291,0.634831782496658,0.882059262616085,0.919561964721658,"cogn_se_lv"
"14956","AP000345.2","Exc L5/6 IT Car3",-0.0567929240200161,2.36964446298597,2.27678255727177,0.132169085323625,0.502861625185545,0.554826601322774,"cogn_se_lv"
"14957","DRICH1","Exc L5/6 IT Car3",-0.0363796858270363,2.64367523019302,1.29185018080954,0.256435626931583,0.639571989246947,0.70082229244908,"cogn_se_lv"
"14958","ZNF70","Exc L5/6 IT Car3",0.0409002066157972,2.23741149027215,1.42764745217341,0.232906568897063,0.620836501626516,0.678355296855354,"cogn_se_lv"
"14959","CHCHD10","Exc L5/6 IT Car3",-0.0347850526672165,5.72504004595637,1.50357478765825,0.2208942876039,0.60928262800859,0.665849324597664,"cogn_se_lv"
"14960","SMARCB1","Exc L5/6 IT Car3",-0.0154967162764702,4.94582233494028,1.69277939005245,0.194036666622466,0.582685161431792,0.636107032414179,"cogn_se_lv"
"14961","AP000350.5","Exc L5/6 IT Car3",0.0741908524440809,2.12440364066511,3.38048242004853,0.0667661728738323,0.396730270474239,0.426825369673852,"cogn_se_lv"
"14962","SLC2A11","Exc L5/6 IT Car3",0.0245278702522627,2.03060028386133,0.368281065968361,0.544311264771103,0.833157606846232,0.879605111732494,"cogn_se_lv"
"14963","AP000350.4","Exc L5/6 IT Car3",-0.0102613263144416,2.23022691993527,0.0815029746356389,0.87513756856826,0.979751648832088,0.988222954523801,"cogn_se_lv"
"14964","GSTT2B","Exc L5/6 IT Car3",-0.0124006483917484,3.26405895611432,0.157991303911515,0.691239600401569,0.904760796919557,0.939815477774502,"cogn_se_lv"
"14965","DDT","Exc L5/6 IT Car3",-0.00396082904708057,3.76851679814691,0.0108388086703854,0.917138227667081,0.990022958812961,0.994460510837234,"cogn_se_lv"
"14966","CABIN1","Exc L5/6 IT Car3",0.0201297903062986,6.42466051318597,3.61864056843351,0.0579041412440431,0.377603700739756,0.403861908421671,"cogn_se_lv"
"14967","SPECC1L","Exc L5/6 IT Car3",-0.137843076961976,1.26146293328144,5.88675531612072,0.0157276758396725,0.240366366606315,0.233580271170668,"cogn_se_lv"
"14968","ADORA2A-AS1","Exc L5/6 IT Car3",-0.107199548614291,1.40508883264345,4.33982287121428,0.0379101023525798,0.325396807142333,0.338982895498561,"cogn_se_lv"
"14969","GUCD1","Exc L5/6 IT Car3",0.0336247361582863,2.47083790182455,1.3338934760084,0.442965250026048,0.778382369377654,0.831308233741835,"cogn_se_lv"
"14970","SNRPD3","Exc L5/6 IT Car3",0.0143664435865301,5.14283252881494,1.57506774704653,0.210256895786237,0.598420873521788,0.653511634869321,"cogn_se_lv"
"14971","GGT1","Exc L5/6 IT Car3",0.0490374995278638,2.91801800556206,2.59633352438331,0.107955549514097,0.470495242188804,0.512822666215414,"cogn_se_lv"
"14972","LRRC75B","Exc L5/6 IT Car3",-0.0280216869702363,2.823938131961,1.0979104524793,0.306429312678121,0.682747109631723,0.74362204867072,"cogn_se_lv"
"14973","SGSM1","Exc L5/6 IT Car3",0.00841419526934337,7.11673563054727,0.345748676782038,0.556884809723264,0.840900433834481,0.88545171443239,"cogn_se_lv"
"14974","KIAA1671","Exc L5/6 IT Car3",0.0477299520533805,5.62646798715035,7.93831297954371,0.00509704014510458,0.156261848273226,0.140151633363027,"cogn_se_lv"
"14975","AL022323.1","Exc L5/6 IT Car3",0.0452302187509269,1.81260635296465,1.15853453863958,0.282464094171269,0.662539096936755,0.723379677683893,"cogn_se_lv"
"14976","LRP5L","Exc L5/6 IT Car3",-0.0331904050854762,2.51267805285401,0.994313015060006,0.319335781793139,0.693189499961306,0.753720039976832,"cogn_se_lv"
"14977","GRK3","Exc L5/6 IT Car3",0.00947906786064499,6.8686146639773,0.374270791347569,0.541057505401654,0.831191356371676,0.878296807127667,"cogn_se_lv"
"14978","MYO18B","Exc L5/6 IT Car3",0.0141509925336627,2.30317727300592,0.131644673731365,0.716937982637666,0.919013456004805,0.948883279219274,"cogn_se_lv"
"14979","SEZ6L","Exc L5/6 IT Car3",0.0208350758668505,8.54364947144258,1.43538839965965,0.231646397160641,0.620423337521824,0.677632567697156,"cogn_se_lv"
"14980","ASPHD2","Exc L5/6 IT Car3",-0.0244697608839556,5.16555565181977,2.52146266560158,0.113152119494253,0.47906529960313,0.522188222799362,"cogn_se_lv"
"14981","HPS4","Exc L5/6 IT Car3",-0.00787795426725158,5.23770748458857,0.347290917357067,0.556006807276483,0.840188978670092,0.884972257871484,"cogn_se_lv"
"14982","SRRD","Exc L5/6 IT Car3",-0.0293822944617542,3.43030341260964,1.43093711459612,0.232370023222073,0.620799689816657,0.677866397866767,"cogn_se_lv"
"14983","TFIP11","Exc L5/6 IT Car3",0.00442734415676765,3.68296686896891,0.0512775828384195,0.820978728769942,0.962568237840115,0.977467058374733,"cogn_se_lv"
"14984","Z95115.1","Exc L5/6 IT Car3",0.00856889894181278,2.62514549856204,0.072900730804502,0.787308261006683,0.950203089843739,0.969276910837288,"cogn_se_lv"
"14985","TPST2","Exc L5/6 IT Car3",0.0324821884092617,5.5306182668124,5.18907832554564,0.0232933310921167,0.282271153943052,0.277438900414467,"cogn_se_lv"
"14986","MIAT","Exc L5/6 IT Car3",0.0442269039127237,8.71665375864082,9.7284486191629,0.00195517226579343,0.104479517953336,0.0878858740556423,"cogn_se_lv"
"14987","Z99774.1","Exc L5/6 IT Car3",0.0806439269747098,3.89008952786966,2.86940686632676,0.0911114139101448,0.441871247275088,0.482156175986592,"cogn_se_lv"
"14988","MIATNB","Exc L5/6 IT Car3",0.0332153746601257,4.13641302438457,1.25529672639409,0.263262802775124,0.646414577423356,0.707207620672445,"cogn_se_lv"
"14989","MN1","Exc L5/6 IT Car3",0.00263680593008555,2.6439244276657,0.00442515060215387,0.946997974221666,0.994804925328349,0.997665219498107,"cogn_se_lv"
"14990","PITPNB","Exc L5/6 IT Car3",-0.0185667621766165,5.96968571332139,3.62455006454082,0.0577009088625716,0.377049373972724,0.403101828042426,"cogn_se_lv"
"14991","TTC28","Exc L5/6 IT Car3",-0.00505760620115795,8.28494517310349,0.168887887376241,0.681337643123596,0.900862474773406,0.936451593463528,"cogn_se_lv"
"14992","CHEK2","Exc L5/6 IT Car3",0.0325466196530972,2.66851936465522,1.08160014932824,0.299012305919403,0.676917505521024,0.737259939436248,"cogn_se_lv"
"14993","HSCB","Exc L5/6 IT Car3",0.0329171555680339,4.11872037579289,2.93367815925819,0.0875791578526661,0.43610497621975,0.474651685654721,"cogn_se_lv"
"14994","CCDC117","Exc L5/6 IT Car3",-0.0199509226695496,3.53987031275356,0.68676371861453,0.407796355838151,0.759297557925274,0.811905045299517,"cogn_se_lv"
"14995","XBP1","Exc L5/6 IT Car3",-0.0114541571774237,3.71768784828821,0.144743520871665,0.703826291456719,0.912079690238501,0.944767800887345,"cogn_se_lv"
"14996","Z93930.2","Exc L5/6 IT Car3",0.0626404720322155,4.06331482806594,7.49276104172077,0.00649082691393687,0.173648358410842,0.15759601404909,"cogn_se_lv"
"14997","ZNRF3","Exc L5/6 IT Car3",0.0269216404610042,5.86614238404461,3.01774513396825,0.0831818909186696,0.429154978624983,0.466310803507741,"cogn_se_lv"
"14998","KREMEN1","Exc L5/6 IT Car3",0.00687574045875567,2.81403505832684,0.0548424780816822,0.814969839501521,0.959870452932088,0.976606831175279,"cogn_se_lv"
"14999","RHBDD3","Exc L5/6 IT Car3",0.0425358348285211,4.22265436046865,6.7596441368073,0.00969395865001495,0.203748057446561,0.188984582295228,"cogn_se_lv"
"15000","EWSR1","Exc L5/6 IT Car3",-0.0243903710677754,6.12118781150833,5.0424429323061,0.0253175484029294,0.289897558091032,0.286796498548291,"cogn_se_lv"
"15001","GAS2L1","Exc L5/6 IT Car3",-0.0304845230038041,4.6474148700338,2.75831790585489,0.0975886959724486,0.452649195604576,0.493354166488568,"cogn_se_lv"
"15002","RASL10A","Exc L5/6 IT Car3",-0.000182577003891043,5.02844095561236,4.79801490619407e-05,0.9944769774109,0.999242764926216,0.999870711362408,"cogn_se_lv"
"15003","AP1B1","Exc L5/6 IT Car3",0.0160936719196232,5.53232454921044,1.78174429046704,0.18274797630725,0.569947276784972,0.623191777125424,"cogn_se_lv"
"15004","RFPL1S","Exc L5/6 IT Car3",0.000107898177839618,6.50050959822476,0.000106630593786128,0.991766534305901,0.999242764926216,0.999870711362408,"cogn_se_lv"
"15005","NEFH","Exc L5/6 IT Car3",-0.0271219057010671,2.79421433653037,0.580503100795615,0.446595800317921,0.781075074328528,0.833171700824912,"cogn_se_lv"
"15006","THOC5","Exc L5/6 IT Car3",0.0270134598141945,4.46342743156351,3.77798319255611,0.0526816024681884,0.363737039921678,0.388025374114936,"cogn_se_lv"
"15007","NIPSNAP1","Exc L5/6 IT Car3",0.0373359798001243,4.53664580353876,4.47789619375193,0.0349967805118901,0.315339843136996,0.32838069838096,"cogn_se_lv"
"15008","NF2","Exc L5/6 IT Car3",0.021193847402638,5.09269891341169,2.61504629872736,0.106698257553195,0.468705820265611,0.510701417920557,"cogn_se_lv"
"15009","ZMAT5","Exc L5/6 IT Car3",0.00861734371116966,3.04416890864533,0.146062163136837,0.702544524349352,0.911206883480392,0.944112711347405,"cogn_se_lv"
"15010","UQCR10","Exc L5/6 IT Car3",-0.0578004528577126,5.48352402417633,3.00128889498902,0.0840234246499128,0.43113965258299,0.468266256572707,"cogn_se_lv"
"15011","ASCC2","Exc L5/6 IT Car3",0.0115197334796362,4.84399907686083,0.602386628310963,0.438159825157596,0.775973895048437,0.828596786492874,"cogn_se_lv"
"15012","MTMR3","Exc L5/6 IT Car3",0.0033373196324404,6.5085565846293,0.0945309908033366,0.758665367001851,0.939092915847507,0.961700221506294,"cogn_se_lv"
"15013","TBC1D10A","Exc L5/6 IT Car3",-0.000153203898387138,2.14399140375489,6.64998256302428e-05,0.993497880720466,0.999242764926216,0.999870711362408,"cogn_se_lv"
"15014","SF3A1","Exc L5/6 IT Car3",-0.0148689894932582,3.95281844094003,0.536411057534468,0.549468886501526,0.837051948259007,0.881964819037921,"cogn_se_lv"
"15015","CCDC157","Exc L5/6 IT Car3",0.015918935074443,2.96695932206309,0.469483750976184,0.49364957557907,0.808391888504138,0.856117723562831,"cogn_se_lv"
"15016","RNF215","Exc L5/6 IT Car3",0.0329690410486564,3.84293981528281,2.97774706434923,0.0852434005263039,0.433336351817479,0.470612737568988,"cogn_se_lv"
"15017","SEC14L2","Exc L5/6 IT Car3",0.0670221511497529,2.82491322662622,4.68740796763353,0.0310168551136266,0.304222598957164,0.311725251040416,"cogn_se_lv"
"15018","GAL3ST1","Exc L5/6 IT Car3",0.0893679620541345,2.17005400004195,4.0768219107155,0.0441889803363994,0.342351085321161,0.360809827190036,"cogn_se_lv"
"15019","PES1","Exc L5/6 IT Car3",-0.0119659129017903,3.26685283425622,0.214073876984428,0.643862218699277,0.885447193796969,0.922540463890164,"cogn_se_lv"
"15020","SLC35E4","Exc L5/6 IT Car3",0.0311973686731307,3.81743728082732,2.07664734107552,0.150405799125397,0.529447806785235,0.581687615336628,"cogn_se_lv"
"15021","DUSP18","Exc L5/6 IT Car3",-0.00844626234860934,4.64577697069995,0.221213302484096,0.638391386285595,0.883290788001016,0.920759912374916,"cogn_se_lv"
"15022","OSBP2","Exc L5/6 IT Car3",0.0045228006972542,7.35901464390458,0.0825919883313119,0.77397438627245,0.945176236681209,0.965741882127716,"cogn_se_lv"
"15023","MORC2-AS1","Exc L5/6 IT Car3",0.0280843970261243,1.99022113415987,0.38834857651932,0.533548897217158,0.82700347750751,0.87440521387381,"cogn_se_lv"
"15024","MORC2","Exc L5/6 IT Car3",0.00894173468562313,3.73051534352004,0.262201834908429,0.608913976619013,0.869396553735584,0.908417602299629,"cogn_se_lv"
"15025","SELENOM","Exc L5/6 IT Car3",-0.0500408506916477,4.3497217920711,2.03727515686012,0.154319468323873,0.535555258877144,0.586762702814395,"cogn_se_lv"
"15026","INPP5J","Exc L5/6 IT Car3",-0.0973053197067396,2.64873917915917,10.0010961852338,0.00169238881129639,0.0973122267810669,0.0820486539980243,"cogn_se_lv"
"15027","RNF185","Exc L5/6 IT Car3",0.0136889857525801,4.5594111473045,0.563381397714122,0.453373396405033,0.785113151561046,0.836444883481047,"cogn_se_lv"
"15028","LIMK2","Exc L5/6 IT Car3",0.0345901431839779,3.34211428821229,0.957197796488102,0.328526871554807,0.700143385021856,0.760113529154978,"cogn_se_lv"
"15029","PIK3IP1","Exc L5/6 IT Car3",-0.0121376327821595,3.52895767741474,0.298664211185623,0.925729741847094,0.991421064555278,0.995483829796552,"cogn_se_lv"
"15030","PIK3IP1-AS1","Exc L5/6 IT Car3",0.0356503297511443,2.7132270623279,1.29929940136827,0.25507134320031,0.638695627780494,0.699356130221875,"cogn_se_lv"
"15031","PATZ1","Exc L5/6 IT Car3",0.0343134082886873,2.82811544470928,1.7533412747105,0.186266604873341,0.573443298459836,0.626901736152321,"cogn_se_lv"
"15032","DRG1","Exc L5/6 IT Car3",0.000356179401018504,4.93347232733499,0.000774119257773379,0.994990327900475,0.999242764926216,0.999870711362408,"cogn_se_lv"
"15033","EIF4ENIF1","Exc L5/6 IT Car3",-0.00171709528465281,5.29628910500047,0.0279414595362369,0.867336944422807,0.976442681823208,0.986883481884466,"cogn_se_lv"
"15034","SFI1","Exc L5/6 IT Car3",-0.0113942769836143,5.96352371879396,0.67260524622116,0.41266759604062,0.762102250535398,0.814863699168195,"cogn_se_lv"
"15035","PISD","Exc L5/6 IT Car3",0.0132744031014354,6.00805124787685,1.57878221534344,0.209721108983779,0.597972554265113,0.653219668069227,"cogn_se_lv"
"15036","PRR14L","Exc L5/6 IT Car3",0.0119345218831186,6.48272622833585,0.934060534981804,0.334435089588918,0.704257143616854,0.763753837828644,"cogn_se_lv"
"15037","Z82190.2","Exc L5/6 IT Car3",-0.0174821058481302,3.27372936493716,0.395633281684532,0.529737389259421,0.82568662529394,0.872801350708046,"cogn_se_lv"
"15038","YWHAH","Exc L5/6 IT Car3",-0.0759586864515664,7.82455284301786,6.00166873254209,0.0147504632998206,0.235267398504282,0.227180078100764,"cogn_se_lv"
"15039","RFPL2","Exc L5/6 IT Car3",0.0685488508267817,4.69998139895783,5.53289942878811,0.0191802969807391,0.262386462696512,0.25517189232858,"cogn_se_lv"
"15040","SLC5A4-AS1","Exc L5/6 IT Car3",-0.0217178472839545,6.46672220307147,0.523321115765232,0.469880999517891,0.794332243135721,0.844998040495832,"cogn_se_lv"
"15041","SLC5A4","Exc L5/6 IT Car3",0.0484110723008014,2.54637553749388,1.21345374479156,0.271358222038103,0.653655194422664,0.714272238032734,"cogn_se_lv"
"15042","AL008723.1","Exc L5/6 IT Car3",-0.0227109754394231,2.58968041344465,0.319551251929517,0.572216686652468,0.84954802311224,0.892001923940479,"cogn_se_lv"
"15043","RFPL3S","Exc L5/6 IT Car3",0.0295740682637976,1.91943269976075,0.54540312372624,0.460665662247534,0.788877772559202,0.8402870039698,"cogn_se_lv"
"15044","RTCB","Exc L5/6 IT Car3",-0.0054706519684468,5.23568936522415,0.182497517628155,0.669481687277788,0.896717017849796,0.932007314644674,"cogn_se_lv"
"15045","FBXO7","Exc L5/6 IT Car3",-0.0106307942603656,4.98224054726284,0.681973336990597,0.409434965572729,0.760469385291995,0.81289614778332,"cogn_se_lv"
"15046","SYN3","Exc L5/6 IT Car3",-0.0190235445774583,9.125807349067,1.02608938054726,0.311734371277539,0.687065123127142,0.748432493769528,"cogn_se_lv"
"15047","TIMP3","Exc L5/6 IT Car3",-0.0144486042485522,4.99945771383003,0.134391199266192,0.714129331753234,0.917782915714595,0.948057662165898,"cogn_se_lv"
"15048","LARGE1","Exc L5/6 IT Car3",0.00721886060286419,9.48711240300789,0.213521493922045,0.644290098674297,0.885485383965838,0.922721682206924,"cogn_se_lv"
"15049","LINC01643","Exc L5/6 IT Car3",0.0274929760968787,1.72657132059811,0.261581890741102,0.60933753166975,0.869396553735584,0.908758556068265,"cogn_se_lv"
"15050","HMGXB4","Exc L5/6 IT Car3",0.00903331732957053,5.17464049103942,0.423906133731233,0.651147659490517,0.887629788936254,0.924943846730047,"cogn_se_lv"
"15051","TOM1","Exc L5/6 IT Car3",0.00326396956153175,4.53039428261873,0.0570648956324445,0.95961453826962,0.997053628956036,0.998555548513014,"cogn_se_lv"
"15052","RASD2","Exc L5/6 IT Car3",-0.00140593922637082,2.74648157312724,0.00156149133267815,0.968500331798615,0.998200304492267,0.999017285695007,"cogn_se_lv"
"15053","RBFOX2","Exc L5/6 IT Car3",0.00843654869181069,8.58926649539787,1.51125877334209,0.219720625157203,0.608402378763827,0.664438950578064,"cogn_se_lv"
"15054","APOL2","Exc L5/6 IT Car3",-0.0168799625401997,4.435636363326,0.883972427028955,0.347723332354608,0.715700650197033,0.772698684002858,"cogn_se_lv"
"15055","MYH9","Exc L5/6 IT Car3",-0.0302620930090209,5.53502008466534,2.56778326546093,0.109905397780619,0.473131208907334,0.516196720012297,"cogn_se_lv"
"15056","FO393418.1","Exc L5/6 IT Car3",0.0424436718608156,2.34906641606453,1.30137167603196,0.254693413740293,0.638392774831126,0.699100463088812,"cogn_se_lv"
"15057","TXN2","Exc L5/6 IT Car3",-0.015828913686974,4.36113700059685,0.614203000181027,0.433706144289769,0.77361353275609,0.826063580449035,"cogn_se_lv"
"15058","FOXRED2","Exc L5/6 IT Car3",0.0095810253096551,2.91930591930088,0.111846467759794,0.738239299546035,0.930485326142186,0.955852550814643,"cogn_se_lv"
"15059","EIF3D","Exc L5/6 IT Car3",-0.00238326399686551,4.33206354694606,0.0140947704106265,0.905559877997455,0.987810604126722,0.992959582197382,"cogn_se_lv"
"15060","CACNG2","Exc L5/6 IT Car3",0.00843169406647815,7.06780365879379,0.267247203794083,0.605490214040098,0.868070117456863,0.907175131301519,"cogn_se_lv"
"15061","AL049749.1","Exc L5/6 IT Car3",0.000569854719875731,2.67234546013062,0.00028265102377924,0.98659538720936,0.998407505464475,0.999870711362408,"cogn_se_lv"
"15062","IFT27","Exc L5/6 IT Car3",0.0575474613894002,3.81105216601862,7.65973166726953,0.00592766867668577,0.165486109247852,0.151026908233142,"cogn_se_lv"
"15063","MPST","Exc L5/6 IT Car3",-0.0352195144039042,1.98713332991017,0.8171817213885,0.439765162520778,0.776403982764389,0.829620623251907,"cogn_se_lv"
"15064","KCTD17","Exc L5/6 IT Car3",-0.0287031288719024,5.44862513014675,3.75076278715689,0.0535369914872399,0.366667497248942,0.390986175377289,"cogn_se_lv"
"15065","C1QTNF6","Exc L5/6 IT Car3",0.080078233954803,2.54340311799904,4.79796517299063,0.0291106920832247,0.301084375780126,0.303704298153365,"cogn_se_lv"
"15066","SSTR3","Exc L5/6 IT Car3",-0.0280921784270736,2.78041367174053,0.919779939522597,0.338152871093392,0.708532700629994,0.766305779639142,"cogn_se_lv"
"15067","ELFN2","Exc L5/6 IT Car3",0.0360602719423069,4.52563598736208,3.95488632839745,0.0474644453161594,0.352207238869669,0.370817818491456,"cogn_se_lv"
"15068","GGA1","Exc L5/6 IT Car3",0.00686106476037274,5.12441512104345,0.377457758794929,0.965320046875562,0.997621680933237,0.99892010896344,"cogn_se_lv"
"15069","Z83844.2","Exc L5/6 IT Car3",0.0766763965488286,1.94903759563464,2.06043872782872,0.152003140663992,0.531665530640645,0.583820863328243,"cogn_se_lv"
"15070","LGALS1","Exc L5/6 IT Car3",-0.0422878081853066,3.92839989628129,0.756784883519208,0.384895026227339,0.742758391493519,0.798504031014802,"cogn_se_lv"
"15071","Z83844.1","Exc L5/6 IT Car3",0.0401256540237969,2.28604684697459,1.28879094726897,0.256998522825144,0.639693521843368,0.701337146275768,"cogn_se_lv"
"15072","TRIOBP","Exc L5/6 IT Car3",0.0425215815912744,2.60526131227081,1.71085453913754,0.19167859433134,0.579302759545118,0.633100253673667,"cogn_se_lv"
"15073","H1F0","Exc L5/6 IT Car3",-0.066070535769205,3.87317545746432,6.03037905183208,0.0145162663361703,0.23417750410237,0.225555495798437,"cogn_se_lv"
"15074","GCAT","Exc L5/6 IT Car3",0.0050113367587685,3.59527566364736,0.0487477152847095,0.825377433882398,0.964360667131044,0.978279960443135,"cogn_se_lv"
"15075","ANKRD54","Exc L5/6 IT Car3",0.0145491726492056,3.95589103598793,0.579567110456062,0.446962213944085,0.781075074328528,0.833279164179334,"cogn_se_lv"
"15076","EIF3L","Exc L5/6 IT Car3",-0.0420700241023906,5.3746718844105,9.9715384527391,0.00171904723460545,0.0979856923725105,0.0827474948853039,"cogn_se_lv"
"15077","POLR2F","Exc L5/6 IT Car3",0.0219874045692981,5.21528466887946,2.5863991301595,0.108629659746646,0.471062624611416,0.514015272270177,"cogn_se_lv"
"15078","PICK1","Exc L5/6 IT Car3",-0.0221015549582053,5.0884793025332,2.39186788700419,0.12281427706451,0.49197586118719,0.539542177919952,"cogn_se_lv"
"15079","AL031587.2","Exc L5/6 IT Car3",0.0076439509161839,2.30558316598219,0.030394072623952,0.861693496953892,0.974677562701779,0.986025408127254,"cogn_se_lv"
"15080","BAIAP2L2","Exc L5/6 IT Car3",0.0352111863998392,3.98923899924385,1.56367989068807,0.211909689655249,0.599705600717628,0.655532967367318,"cogn_se_lv"
"15081","PLA2G6","Exc L5/6 IT Car3",0.00392272441007057,3.69318252232593,0.045821665924652,0.830617056236801,0.966154976606785,0.979453752209115,"cogn_se_lv"
"15082","TMEM184B","Exc L5/6 IT Car3",0.000583862258906915,6.27441319782381,0.00295270067617137,0.956694309846352,0.996920944446838,0.99851955510395,"cogn_se_lv"
"15083","CSNK1E","Exc L5/6 IT Car3",-0.03346617658068,4.92099620724626,2.01599652730416,0.156482769825745,0.538502829835899,0.589798832932338,"cogn_se_lv"
"15084","TPTEP2-CSNK1E","Exc L5/6 IT Car3",0.0323934106295317,5.5975434903826,5.42062858223739,0.0204331901328802,0.268775039440193,0.263100392691627,"cogn_se_lv"
"15085","KCNJ4","Exc L5/6 IT Car3",-0.0169084315625643,5.25961217287882,0.676456627718819,0.411334063227208,0.761735172199714,0.814149390711407,"cogn_se_lv"
"15086","KDELR3","Exc L5/6 IT Car3",-0.0377364530088122,1.70065431475787,0.679322897162903,0.410345748493461,0.760981036049017,0.813539293592405,"cogn_se_lv"
"15087","DDX17","Exc L5/6 IT Car3",-0.000752735446951621,8.11669514180348,0.00530371371147961,0.941983068276406,0.994656564032514,0.997626386519645,"cogn_se_lv"
"15088","DMC1","Exc L5/6 IT Car3",-0.0310785239297712,1.812200179273,0.484272921771903,0.534633476254034,0.827540824938452,0.875133816972881,"cogn_se_lv"
"15089","FAM227A","Exc L5/6 IT Car3",0.03461946692368,4.99982846047178,5.52203268352159,0.0192979992719966,0.262828503359316,0.256083423850072,"cogn_se_lv"
"15090","CBY1","Exc L5/6 IT Car3",-0.00445984374486715,4.62771442814462,0.0752693149756405,0.783965318576966,0.949524736639513,0.968335382161404,"cogn_se_lv"
"15091","AL021707.2","Exc L5/6 IT Car3",0.00398684243613315,2.13246664424724,0.0147856246706494,0.903284221142598,0.987810604126722,0.992744989013678,"cogn_se_lv"
"15092","TOMM22","Exc L5/6 IT Car3",-0.0811467481247006,3.60359681725507,6.14811031735337,0.0135953894992598,0.228043652341755,0.219203002794852,"cogn_se_lv"
"15093","JOSD1","Exc L5/6 IT Car3",0.000332132841270387,5.20143444561705,0.000693215786502662,0.979008985973223,0.998390354534415,0.999705838266784,"cogn_se_lv"
"15094","GTPBP1","Exc L5/6 IT Car3",0.00626101680179895,3.47224884860491,0.0827356494815028,0.773783266819829,0.945120990187077,0.965711634431717,"cogn_se_lv"
"15095","SUN2","Exc L5/6 IT Car3",-0.0546992606306681,3.86615832356471,5.4415883445592,0.0201929921857332,0.26850417095392,0.261922706700301,"cogn_se_lv"
"15096","NPTXR","Exc L5/6 IT Car3",0.00368697999890453,6.61627461117229,0.0408856530838652,0.839868840378541,0.968498535398303,0.981285104855597,"cogn_se_lv"
"15097","CBX6","Exc L5/6 IT Car3",-0.0250561266914479,6.13590778081085,2.87405622928825,0.0908507540207556,0.441806185372861,0.481699952091341,"cogn_se_lv"
"15098","CBX7","Exc L5/6 IT Car3",0.0271918712637728,5.0682254827589,3.28907245340119,0.070544460322747,0.406165074585513,0.436340807578942,"cogn_se_lv"
"15099","AL031846.2","Exc L5/6 IT Car3",0.103190386776644,1.87954557906117,4.00432809364812,0.0461063819446344,0.348344240612628,0.366123808030907,"cogn_se_lv"
"15100","PDGFB","Exc L5/6 IT Car3",-0.0658895498882685,2.75986379861376,2.3247548553707,0.128176150978657,0.498300568972902,0.547685526931354,"cogn_se_lv"
"15101","AL031590.1","Exc L5/6 IT Car3",0.0210081655640747,3.72280663143568,0.695512612820577,0.404828434553384,0.757934301831652,0.810377745024201,"cogn_se_lv"
"15102","RPL3","Exc L5/6 IT Car3",-0.0626159504686775,5.772390708107,2.87091264831144,0.0910269052588639,0.441871247275088,0.482111900307145,"cogn_se_lv"
"15103","SYNGR1","Exc L5/6 IT Car3",0.00709612628163533,4.91508595641538,0.169449155543492,0.680837832062313,0.900862474773406,0.936313564921151,"cogn_se_lv"
"15104","TAB1","Exc L5/6 IT Car3",0.0251942390205308,4.61112953721484,2.69574961886659,0.101457437762612,0.460055971469238,0.500610872190747,"cogn_se_lv"
"15105","MGAT3","Exc L5/6 IT Car3",-0.0145853930247193,5.55363057134157,0.892558689100377,0.345395329553762,0.714659064510943,0.77121608317035,"cogn_se_lv"
"15106","MIEF1","Exc L5/6 IT Car3",-0.000392716023822322,3.57025026138582,0.00029571097892638,0.986289232429045,0.998390354534415,0.999870711362408,"cogn_se_lv"
"15107","ATF4","Exc L5/6 IT Car3",-0.0274774889936097,4.88136453311309,1.4832044139858,0.224042279555805,0.613088670406087,0.669577091251085,"cogn_se_lv"
"15108","RPS19BP1","Exc L5/6 IT Car3",-0.0307508006316081,3.81186174521786,0.826574971256409,0.363850795633531,0.727161502689981,0.783943176675236,"cogn_se_lv"
"15109","CACNA1I","Exc L5/6 IT Car3",-0.0289287553771901,3.94219105290067,1.15593627796494,0.283003627047506,0.662825417784374,0.723817136516121,"cogn_se_lv"
"15110","GRAP2","Exc L5/6 IT Car3",-0.0926597196711097,1.54203484165065,3.78809354108714,0.0578963295794257,0.377603700739756,0.403860545623074,"cogn_se_lv"
"15111","TNRC6B","Exc L5/6 IT Car3",0.00984547276143469,9.00327361584791,1.31992684280163,0.251340043022317,0.63477305834746,0.696041186686884,"cogn_se_lv"
"15112","SGSM3","Exc L5/6 IT Car3",-0.0535408631298351,3.06534621093694,2.53522382493942,0.11217663485431,0.476642299946946,0.520575401896371,"cogn_se_lv"
"15113","AL022238.2","Exc L5/6 IT Car3",0.0596281723878574,2.69225771572204,1.78971457539478,0.181774537752957,0.568773989646315,0.621913374704081,"cogn_se_lv"
"15114","MKL1","Exc L5/6 IT Car3",0.00844394149926285,7.53114958792037,0.666792270825973,0.414692469923153,0.763502465859232,0.815836046429896,"cogn_se_lv"
"15115","SLC25A17","Exc L5/6 IT Car3",0.0244395308583954,4.35612961134606,1.85089423581286,0.174499491822723,0.5610083933887,0.613342485743269,"cogn_se_lv"
"15116","ST13","Exc L5/6 IT Car3",-0.0158606357582329,5.84700032214519,1.02448175502315,0.312113209686109,0.687327176124416,0.748688903282354,"cogn_se_lv"
"15117","XPNPEP3","Exc L5/6 IT Car3",0.0273614314965111,5.24685747204486,4.2153091827678,0.0407564930321524,0.332931224928251,0.349493236107716,"cogn_se_lv"
"15118","RBX1","Exc L5/6 IT Car3",-0.0465711352439358,5.9280612152144,8.3631924368233,0.00405295019327226,0.141379082140812,0.125212808189927,"cogn_se_lv"
"15119","EP300","Exc L5/6 IT Car3",-3.67177835008918e-05,6.69292264988595,1.26675794693958e-05,0.997162111000038,0.999304869980503,0.999954262357359,"cogn_se_lv"
"15120","L3MBTL2","Exc L5/6 IT Car3",-0.0240389212314368,4.59102292265786,2.83498281871456,0.093066911253558,0.44452000907119,0.48565969415127,"cogn_se_lv"
"15121","AL035681.1","Exc L5/6 IT Car3",0.10015818582355,2.01024496030898,4.43456124852559,0.0358849172709373,0.317634449276949,0.331621166334327,"cogn_se_lv"
"15122","CHADL","Exc L5/6 IT Car3",-0.029732863192417,2.09608248195126,0.616871401091029,0.432709972614142,0.77353077346411,0.825648824656453,"cogn_se_lv"
"15123","RANGAP1","Exc L5/6 IT Car3",-0.0192797289593518,6.00622818166573,1.70499284124954,0.192439609011828,0.580322839237518,0.63409035248504,"cogn_se_lv"
"15124","ZC3H7B","Exc L5/6 IT Car3",-0.0158917156787125,5.67168710111079,2.00338341006227,0.157781399562488,0.540291084826352,0.591547831473502,"cogn_se_lv"
"15125","TEF","Exc L5/6 IT Car3",-0.0105338814593647,5.25936504083598,0.536095135367881,0.464514521085931,0.79119444669795,0.84233879809495,"cogn_se_lv"
"15126","TOB2","Exc L5/6 IT Car3",-0.0106147159392582,4.84007832089373,0.421474242439887,0.516601163906521,0.819995665260249,0.867082535791458,"cogn_se_lv"
"15127","PHF5A","Exc L5/6 IT Car3",-0.0157634760369274,2.9457055732514,0.341583768113046,0.689048624313179,0.903506716211964,0.93908989647927,"cogn_se_lv"
"15128","ACO2","Exc L5/6 IT Car3",-0.00677304171247686,6.0428487633792,0.423511305091144,0.515590101449466,0.819577819947375,0.866660351886169,"cogn_se_lv"
"15129","POLR3H","Exc L5/6 IT Car3",-0.0279751835915583,4.62800160315962,1.79126860283661,0.181585441770976,0.568359420879382,0.621787822277805,"cogn_se_lv"
"15130","CSDC2","Exc L5/6 IT Car3",-0.000174335531884406,3.56092011107181,7.70902093315605e-05,0.992999266864875,0.999242764926216,0.999870711362408,"cogn_se_lv"
"15131","PMM1","Exc L5/6 IT Car3",0.0382058304461326,4.37100666731454,3.11420205298133,0.0784293528226956,0.420387560324412,0.455711492154503,"cogn_se_lv"
"15132","DESI1","Exc L5/6 IT Car3",0.016811930091115,4.6118234507114,1.55836925553433,0.212685740532715,0.600714176699238,0.656639691589715,"cogn_se_lv"
"15133","XRCC6","Exc L5/6 IT Car3",-0.00788343881897892,5.69700569420689,0.314336060672702,0.575367516295737,0.851631632786064,0.893753654806371,"cogn_se_lv"
"15134","SNU13","Exc L5/6 IT Car3",-0.0228659186654157,5.82709343332521,0.766174431440472,0.381965404543116,0.740438695023235,0.796773739038238,"cogn_se_lv"
"15135","C22orf46","Exc L5/6 IT Car3",0.0190943320722454,2.89324156754484,0.436695040393207,0.509129141254251,0.816961913286198,0.863634761253121,"cogn_se_lv"
"15136","MEI1","Exc L5/6 IT Car3",0.0463812352237193,3.68519935355484,3.44174154626339,0.0643560065108181,0.390292164897651,0.420919491327081,"cogn_se_lv"
"15137","CCDC134","Exc L5/6 IT Car3",0.0185961414313216,3.97446281722368,0.632765833060489,0.426847591915205,0.771118730064683,0.822965402966292,"cogn_se_lv"
"15138","SREBF2","Exc L5/6 IT Car3",0.0139718816516176,7.62983236705761,1.83256917769616,0.176642599282104,0.563465498502014,0.616262614463158,"cogn_se_lv"
"15139","SHISA8","Exc L5/6 IT Car3",0.0152672560350397,1.93954338774524,0.0911427109746428,0.762897381335459,0.941167215918009,0.962850724261694,"cogn_se_lv"
"15140","SEPT3","Exc L5/6 IT Car3",-0.0130994056882317,6.67369145562347,0.808141387653247,0.36924922704478,0.731167375225857,0.787691560725524,"cogn_se_lv"
"15141","WBP2NL","Exc L5/6 IT Car3",0.0781890392884875,4.72078583262158,14.7329740695036,0.000145413204284679,0.0340451001343853,0.0226436155873625,"cogn_se_lv"
"15142","SMDT1","Exc L5/6 IT Car3",-0.0193884559179683,4.37985142675288,0.50646197479596,0.477118499865347,0.799031558211194,0.848140044388723,"cogn_se_lv"
"15143","NDUFA6","Exc L5/6 IT Car3",-0.0288760659151106,3.6371142296857,0.716647293390725,0.397787673322137,0.753192949363643,0.806182580005318,"cogn_se_lv"
"15144","TCF20","Exc L5/6 IT Car3",0.0169550390223656,6.14790446540644,1.65446151401204,0.199149164209467,0.586514030126452,0.641395178068241,"cogn_se_lv"
"15145","RRP7A","Exc L5/6 IT Car3",-0.0168449157523335,4.40987856510155,0.824223952009647,0.364533180085072,0.727246849504114,0.78443285021613,"cogn_se_lv"
"15146","SERHL2","Exc L5/6 IT Car3",0.058004532599321,4.00755608424847,5.55914491441336,0.0188990843737052,0.260383160152062,0.253534137927054,"cogn_se_lv"
"15147","POLDIP3","Exc L5/6 IT Car3",-0.00612202941967252,4.14753879930982,0.166377956576973,0.683584703574565,0.901565565859332,0.937468094784006,"cogn_se_lv"
"15148","CYB5R3","Exc L5/6 IT Car3",-0.0177824557385176,4.59500412076554,1.48989767528434,0.223002009943565,0.612201379420526,0.668419931584242,"cogn_se_lv"
"15149","ARFGAP3","Exc L5/6 IT Car3",-0.0185309365823921,5.21675645986261,1.75745985948375,0.185751525582623,0.572962516571504,0.62638632587678,"cogn_se_lv"
"15150","PACSIN2","Exc L5/6 IT Car3",0.0110691760244836,5.03256009414555,0.529189615375565,0.467403288500016,0.792654171902507,0.843743541105945,"cogn_se_lv"
"15151","TTLL1","Exc L5/6 IT Car3",0.00134204143252303,4.45003600511744,0.00666581911445146,0.934973151553959,0.993382101587914,0.996707631484483,"cogn_se_lv"
"15152","MCAT","Exc L5/6 IT Car3",-0.0174668653140404,3.13383610460565,0.423885343391832,0.515404830064512,0.819577819947375,0.866567880578546,"cogn_se_lv"
"15153","TSPO","Exc L5/6 IT Car3",-0.119308665457964,1.39834768168772,4.61296771413807,0.032373609806078,0.309343568274808,0.317940871497666,"cogn_se_lv"
"15154","TTLL12","Exc L5/6 IT Car3",0.00539650690002779,3.5939840375363,0.0785118024310107,0.817014961523733,0.959947755253107,0.976976640942551,"cogn_se_lv"
"15155","MPPED1","Exc L5/6 IT Car3",0.00723841023431641,4.56181100767507,0.133859733006266,0.71467026309115,0.918171412386076,0.948248048937287,"cogn_se_lv"
"15156","EFCAB6","Exc L5/6 IT Car3",0.0406623926092856,5.86779515358522,5.43202233447892,0.0203022521986734,0.26850417095392,0.262543638907856,"cogn_se_lv"
"15157","SULT4A1","Exc L5/6 IT Car3",-0.00986060437169269,6.19072941807134,0.347925883835464,0.555646082303596,0.839929682996154,0.884841077941342,"cogn_se_lv"
"15158","SAMM50","Exc L5/6 IT Car3",-0.00657334308880466,3.82443085625479,0.140181899849978,0.917731599418844,0.990246744377481,0.99454767524781,"cogn_se_lv"
"15159","PARVB","Exc L5/6 IT Car3",0.0547842074824012,3.82713764238912,6.34050567580081,0.0122182654109503,0.219911907765536,0.209273625663847,"cogn_se_lv"
"15160","SHISAL1","Exc L5/6 IT Car3",0.0363241743813952,1.28362274675093,0.330993775135324,0.565420763972631,0.84542695588375,0.888975546172616,"cogn_se_lv"
"15161","RTL6","Exc L5/6 IT Car3",-0.0228867665254634,3.48455514862878,0.821405739751109,0.365353511345533,0.727492630302466,0.785069485296528,"cogn_se_lv"
"15162","PHF21B","Exc L5/6 IT Car3",0.00779813104785405,1.59244772314767,0.0142607399069585,0.905008106723803,0.987810604126722,0.992856323362381,"cogn_se_lv"
"15163","NUP50-DT","Exc L5/6 IT Car3",0.0284021474150253,6.27354653740263,4.35092527524499,0.0376666738234126,0.324958739062189,0.338062203636621,"cogn_se_lv"
"15164","NUP50","Exc L5/6 IT Car3",-0.0131679682197752,4.6068298996603,0.679197068113592,0.410389061916782,0.760981036049017,0.813539293592405,"cogn_se_lv"
"15165","KIAA0930","Exc L5/6 IT Car3",-0.038373299796971,7.45449509315183,6.93228794941766,0.00881663347026321,0.195640906832746,0.180566824832748,"cogn_se_lv"
"15166","FAM118A","Exc L5/6 IT Car3",-0.083361090282447,4.52142549926018,8.45431788866014,0.0038591246083006,0.139057951034185,0.12231933657882,"cogn_se_lv"
"15167","SMC1B","Exc L5/6 IT Car3",0.0186694108825514,1.81976601070314,0.171499044198237,0.679020584050704,0.900306250321158,0.93565769053229,"cogn_se_lv"
"15168","RIBC2","Exc L5/6 IT Car3",-0.093946866513436,2.18593541932892,6.34845948573457,0.0121645351315207,0.219911907765536,0.208812894628633,"cogn_se_lv"
"15169","ATXN10","Exc L5/6 IT Car3",0.00170095401560879,7.41589123325912,0.0416678627365389,0.838365323601876,0.967779952762741,0.981058061463881,"cogn_se_lv"
"15170","PRR34-AS1","Exc L5/6 IT Car3",-0.182192903277509,1.36042175551576,8.71764030784236,0.00335056474355469,0.132218439495658,0.114489416908939,"cogn_se_lv"
"15171","MIRLET7BHG","Exc L5/6 IT Car3",0.0389152063956843,5.14298765847287,4.64818732410705,0.0317241042114601,0.307073851345728,0.314933968576131,"cogn_se_lv"
"15172","PPARA","Exc L5/6 IT Car3",-0.034996601325875,1.96763697874108,0.733975704498571,0.392146609394975,0.748893664048694,0.803043508137176,"cogn_se_lv"
"15173","CDPF1","Exc L5/6 IT Car3",0.0957460662408347,1.72228858464052,4.32462180911651,0.0382460859055341,0.326822466455397,0.340360604564201,"cogn_se_lv"
"15174","TRMU","Exc L5/6 IT Car3",0.0449403366437428,5.00632024404407,7.78512060635128,0.00553787064012971,0.160202686375181,0.146071846064687,"cogn_se_lv"
"15175","CELSR1","Exc L5/6 IT Car3",0.080828063704106,3.25824188768857,4.87494310709578,0.0278561469609906,0.297838283113648,0.298034300580754,"cogn_se_lv"
"15176","GRAMD4","Exc L5/6 IT Car3",0.0140246208256692,4.85417294891917,0.66336802848011,0.415892161170715,0.764339665681551,0.816591042760392,"cogn_se_lv"
"15177","CERK","Exc L5/6 IT Car3",0.00900735522912965,4.18913107407153,0.298420794521283,0.585200145642775,0.855943612830974,0.898307282336341,"cogn_se_lv"
"15178","AL118516.1","Exc L5/6 IT Car3",0.0323894366958207,3.40117371058111,0.957749666996666,0.328387655052587,0.700081176237612,0.759953857590198,"cogn_se_lv"
"15179","TBC1D22A","Exc L5/6 IT Car3",0.0268327822477833,7.29509251853418,3.50672433803485,0.0619008518320849,0.38577882113733,0.414246336721639,"cogn_se_lv"
"15180","AL117329.1","Exc L5/6 IT Car3",-0.00179848613728994,7.38032225762811,0.00475506057149882,0.945060773684687,0.994804925328349,0.997626386519645,"cogn_se_lv"
"15181","FAM19A5","Exc L5/6 IT Car3",-0.0381909647763728,5.62285950520487,4.49488871360236,0.0346548536224114,0.314097878238464,0.326605494378759,"cogn_se_lv"
"15182","LINC01310","Exc L5/6 IT Car3",0.0598529192016253,2.10113933339306,1.73972487485524,0.187981399721397,0.575062928090689,0.629063174989879,"cogn_se_lv"
"15183","BRD1","Exc L5/6 IT Car3",0.0225004905164751,5.47067281990699,1.75902034087551,0.185556802183506,0.572747530205405,0.626313444234656,"cogn_se_lv"
"15184","ZBED4","Exc L5/6 IT Car3",0.00818635139671175,4.49814152203538,0.31767149352861,0.57334843618526,0.849998307763332,0.892647476229062,"cogn_se_lv"
"15185","ALG12","Exc L5/6 IT Car3",0.0130280010383789,3.15957368889896,0.289850236186616,0.59063706090917,0.859216805267642,0.900841391334929,"cogn_se_lv"
"15186","CRELD2","Exc L5/6 IT Car3",0.00165334497534913,3.77005790613962,0.00547094628126683,0.941077140149548,0.994584933353108,0.997543659084972,"cogn_se_lv"
"15187","PIM3","Exc L5/6 IT Car3",-0.0100002831179512,3.67010422214517,0.102108585491604,0.749492344780694,0.934362277179534,0.959105435126138,"cogn_se_lv"
"15188","MOV10L1","Exc L5/6 IT Car3",0.0242717542588502,3.34810302779422,0.601190302198227,0.438614631199369,0.776072565435536,0.828824273935837,"cogn_se_lv"
"15189","PANX2","Exc L5/6 IT Car3",0.0199797597901757,3.68265366881485,0.612703974254107,0.434267297248464,0.773613831177909,0.826378535571671,"cogn_se_lv"
"15190","TRABD","Exc L5/6 IT Car3",-0.0494148345921941,4.13787188721657,7.04973484276282,0.00826684528216018,0.191606549536815,0.175707878744785,"cogn_se_lv"
"15191","AL022328.4","Exc L5/6 IT Car3",0.0140114117332548,2.65724308786481,0.163372019921105,0.68630199959125,0.90236546550272,0.938272540781517,"cogn_se_lv"
"15192","SELENOO","Exc L5/6 IT Car3",0.0326373991307683,6.1793134659028,4.67765169268919,0.0311912281646772,0.305170376004057,0.312268182663211,"cogn_se_lv"
"15193","TUBGCP6","Exc L5/6 IT Car3",-0.0225899134216285,4.66312563532888,1.9996651034733,0.158166575216857,0.540417185023175,0.592101133208334,"cogn_se_lv"
"15194","HDAC10","Exc L5/6 IT Car3",-0.0283150629230339,3.66841817339015,1.35001180266614,0.246017640370915,0.63060160275998,0.690430386489783,"cogn_se_lv"
"15195","MAPK12","Exc L5/6 IT Car3",0.00167793847201624,4.61962428141141,0.00895069789395168,0.92467680365648,0.991196077697388,0.995367297688998,"cogn_se_lv"
"15196","MAPK11","Exc L5/6 IT Car3",-0.0169702702396908,5.15951069773977,0.998941474551661,0.318213543631471,0.692808967221059,0.753228746633531,"cogn_se_lv"
"15197","PLXNB2","Exc L5/6 IT Car3",-0.0263036560183026,4.88446014167918,2.41351007621891,0.121138878849191,0.490612459339224,0.536571986073248,"cogn_se_lv"
"15198","DENND6B","Exc L5/6 IT Car3",0.00314050318294089,5.99418881831273,0.0506033459487892,0.822139676330241,0.963136912439857,0.97769553220176,"cogn_se_lv"
"15199","PPP6R2","Exc L5/6 IT Car3",0.0126331801486104,7.63249477439981,1.13074152390588,0.288303914292357,0.668230247289619,0.728463781160063,"cogn_se_lv"
"15200","SBF1","Exc L5/6 IT Car3",-0.019898273170007,4.54605759522833,1.3960952752466,0.238129854766445,0.624731052263313,0.683003584628677,"cogn_se_lv"
"15201","LMF2","Exc L5/6 IT Car3",-0.00815145417264789,4.56524245304915,0.200834562340998,0.654307773285984,0.888560566491041,0.926125236229049,"cogn_se_lv"
"15202","NCAPH2","Exc L5/6 IT Car3",0.013961808190872,3.52742872812103,0.523351788420686,0.559847678704801,0.842728460022191,0.886749211313904,"cogn_se_lv"
"15203","U62317.3","Exc L5/6 IT Car3",-0.0499749697316128,3.87624863090045,5.21674671154131,0.0229306894672725,0.2800171352036,0.27552937700523,"cogn_se_lv"
"15204","CHKB","Exc L5/6 IT Car3",-0.0324850864818862,2.22180109177257,0.941620494507166,0.332489113408584,0.702306815174046,0.762165655254275,"cogn_se_lv"
"15205","MAPK8IP2","Exc L5/6 IT Car3",-0.0510620572231492,6.0449303892371,9.26570814042074,0.00250015271216092,0.117462809489229,0.0990969139927427,"cogn_se_lv"
"15206","ARSA","Exc L5/6 IT Car3",-0.00986544857189016,3.8129399920581,0.230899490476232,0.635195798329536,0.882059262616085,0.919709562812169,"cogn_se_lv"
"15207","SHANK3","Exc L5/6 IT Car3",-0.00856441558651607,5.43671555842062,0.211408695971378,0.64593291384403,0.886107118392893,0.923362754324331,"cogn_se_lv"
"15208","RABL2B","Exc L5/6 IT Car3",-0.0146383560914312,5.09179312498237,1.42442591720712,0.233433458368669,0.621066116966681,0.678638369683741,"cogn_se_lv"
"15209","FP565260.2","Exc L5/6 IT Car3",-0.0278647090664614,2.24693641040539,0.519989188165739,0.471297198245417,0.794633044963293,0.845597927773998,"cogn_se_lv"
"15210","FP565260.1","Exc L5/6 IT Car3",0.069081404532136,2.02575914328172,2.48524477255947,0.115764651332252,0.483609659067144,0.526919952375212,"cogn_se_lv"
"15211","FP565260.6","Exc L5/6 IT Car3",-0.0206407608610144,2.37638611772185,0.223846733793278,0.636400654531614,0.882798732768843,0.920250634607794,"cogn_se_lv"
"15212","CU633967.1","Exc L5/6 IT Car3",-0.014462894334829,3.05638906330412,0.082449012851379,0.774164772320731,0.945176236681209,0.965769713492365,"cogn_se_lv"
"15213","FP236315.1","Exc L5/6 IT Car3",-0.0572501158682692,1.55403797515365,1.3449358608309,0.246905861095883,0.630841656862832,0.691246254587807,"cogn_se_lv"
"15214","U2AF1L5","Exc L5/6 IT Car3",0.0109872235961015,2.12225614874491,0.0376781534174069,0.8461963162921,0.970988236489561,0.982806673747092,"cogn_se_lv"
"15215","FP475955.1","Exc L5/6 IT Car3",0.0211638810123758,4.43142117694849,0.521001285536347,0.470866289029387,0.794633044963293,0.845471042135165,"cogn_se_lv"
"15216","FP671120.1","Exc L5/6 IT Car3",-0.0205359274785603,5.98452068610762,0.181885795720763,0.670003183122469,0.896717017849796,0.932047039097471,"cogn_se_lv"
"15217","FP236383.1","Exc L5/6 IT Car3",-0.0278883138869113,5.36020600049201,0.406692890490363,0.524043425437058,0.822318919244339,0.870367983119102,"cogn_se_lv"
"15218","CR381653.1","Exc L5/6 IT Car3",0.0542972094637679,3.85251483575318,3.01996895017376,0.0830688730130095,0.42871561223012,0.465895360975001,"cogn_se_lv"
"15219","LINC01667","Exc L5/6 IT Car3",-0.103188509103742,1.55129453397689,2.02367575943694,0.155698096906604,0.537252474348906,0.588717760325375,"cogn_se_lv"
"15220","CR382287.2","Exc L5/6 IT Car3",0.0224250268545303,2.18636844331501,0.268308624348001,0.604775161558928,0.867513662728667,0.906820186422163,"cogn_se_lv"
"15221","AP001464.1","Exc L5/6 IT Car3",-0.0477211441500053,1.73910952144441,0.675394367449162,0.411701232123543,0.761993598012055,0.814442734713885,"cogn_se_lv"
"15222","AP001347.1","Exc L5/6 IT Car3",0.00795225959834498,6.24202503714056,0.122578420606175,0.726451893615699,0.924433160471772,0.952222713794331,"cogn_se_lv"
"15223","LIPI","Exc L5/6 IT Car3",-0.0212971661705464,1.58935359601682,0.15081221118724,0.697981540115973,0.908775025453013,0.942193406626221,"cogn_se_lv"
"15224","RBM11","Exc L5/6 IT Car3",0.0228066940438175,3.93523460453194,1.24208072661951,0.265786715420271,0.648553801378637,0.709578356404036,"cogn_se_lv"
"15225","HSPA13","Exc L5/6 IT Car3",-0.0611480200711952,4.75176509874939,9.74367199360427,0.00193945890833796,0.104364589508116,0.0876735928799071,"cogn_se_lv"
"15226","AF127577.4","Exc L5/6 IT Car3",0.0702656077714018,2.91414787375765,4.49542310170583,0.0346441576309068,0.314097878238464,0.326574624956745,"cogn_se_lv"
"15227","NRIP1","Exc L5/6 IT Car3",0.0309473707040241,4.84083680226268,2.97699058657719,0.0852829199601283,0.433336351817479,0.470612737568988,"cogn_se_lv"
"15228","AJ009632.2","Exc L5/6 IT Car3",0.00446334704263063,2.41023727003298,0.00763593175583095,0.930413238658818,0.991816455834028,0.995925713518617,"cogn_se_lv"
"15229","USP25","Exc L5/6 IT Car3",0.011444797842905,6.5719068855032,0.753754089294379,0.385847488412127,0.743409872857566,0.79884771143564,"cogn_se_lv"
"15230","MIR99AHG","Exc L5/6 IT Car3",-0.00371520685250586,8.14761470870605,0.110991271660444,0.739205242053117,0.930782115216792,0.956216000194337,"cogn_se_lv"
"15231","AF130359.1","Exc L5/6 IT Car3",-0.0554568927982991,4.55904512846144,4.07048237473837,0.0443532417171084,0.342351085321161,0.361235994287651,"cogn_se_lv"
"15232","CXADR","Exc L5/6 IT Car3",-0.00908861239171765,6.51408196125227,0.859259107377687,0.354544419705951,0.720446459622161,0.777370818704078,"cogn_se_lv"
"15233","BTG3","Exc L5/6 IT Car3",-0.0198904936995828,5.20817720495375,1.22929747554355,0.268256783507248,0.651342204714067,0.711745581092016,"cogn_se_lv"
"15234","CHODL","Exc L5/6 IT Car3",-0.000212475576812641,2.30422937281255,1.4509797929756e-05,0.996962759835683,0.999242764926216,0.999954262357359,"cogn_se_lv"
"15235","MIR548XHG","Exc L5/6 IT Car3",0.0318031851315916,1.27220210599076,0.260843778489367,0.609842647786748,0.869669774284467,0.909070325488815,"cogn_se_lv"
"15236","LINC00320","Exc L5/6 IT Car3",0.113021966799039,3.40712728523126,9.73637609698358,0.00194697351551803,0.104403910814713,0.0878000035907394,"cogn_se_lv"
"15237","NCAM2","Exc L5/6 IT Car3",-0.0367611313188349,10.0532517995573,4.68576143273631,0.0310462117126419,0.304222598957164,0.311861619173859,"cogn_se_lv"
"15238","LINC01684","Exc L5/6 IT Car3",0.0405319374155723,1.6916861481603,0.441978184533395,0.50657928271621,0.816298421614546,0.862474155410723,"cogn_se_lv"
"15239","LINC01692","Exc L5/6 IT Car3",0.059489140722628,1.52208464535075,1.33247800970095,0.249102553391208,0.633297939815486,0.693677795532542,"cogn_se_lv"
"15240","AP000146.1","Exc L5/6 IT Car3",0.0846189732100682,1.59452656374269,1.72099144831898,0.190370835252141,0.578059906526485,0.631762592868367,"cogn_se_lv"
"15241","AP001341.1","Exc L5/6 IT Car3",0.0115811059268738,3.82520436776514,0.111184036996396,0.738987153808304,0.930782115216792,0.956124962931908,"cogn_se_lv"
"15242","LINC00158","Exc L5/6 IT Car3",0.0260428006170187,4.40838588009794,1.37753855537825,0.241268389636392,0.626366937057414,0.685784050555076,"cogn_se_lv"
"15243","MIR155HG","Exc L5/6 IT Car3",0.0661852591261264,2.03495168755563,1.77810354924959,0.183194648526721,0.570047462080366,0.623877082642984,"cogn_se_lv"
"15244","MRPL39","Exc L5/6 IT Car3",-0.0204454047294722,4.2257764304197,1.4765842362278,0.225076935501789,0.614281616842088,0.670656995624658,"cogn_se_lv"
"15245","JAM2","Exc L5/6 IT Car3",0.0611790462765651,6.12444318269237,6.18993091691374,0.0132829912757327,0.22684257200978,0.217072308323334,"cogn_se_lv"
"15246","ATP5PF","Exc L5/6 IT Car3",-0.0464989351567711,5.62940433281948,2.13123051484731,0.145165033502901,0.521001901915283,0.57385522355425,"cogn_se_lv"
"15247","GABPA","Exc L5/6 IT Car3",0.00418632094462139,4.63914909733601,0.0774341808481372,0.810737039040876,0.958714754943748,0.975747773481882,"cogn_se_lv"
"15248","APP","Exc L5/6 IT Car3",-0.0201086712585012,9.58699179684087,5.19985302922589,0.0231514052323352,0.281215569475642,0.276514509651074,"cogn_se_lv"
"15249","AP001439.1","Exc L5/6 IT Car3",-0.0119850203120527,2.93066481134998,0.068413024237427,0.793805691429528,0.952216125954876,0.971347220028677,"cogn_se_lv"
"15250","AP000229.1","Exc L5/6 IT Car3",-0.0159825624169565,3.26633364865594,0.44048905233056,0.990659249801279,0.999242764926216,0.999870711362408,"cogn_se_lv"
"15251","CYYR1-AS1","Exc L5/6 IT Car3",-0.0530809648366914,2.76251257009514,2.27640204883156,0.132201308349624,0.502861625185545,0.554903511242974,"cogn_se_lv"
"15252","CYYR1","Exc L5/6 IT Car3",-0.0420867644802185,1.67559284312621,0.666954306931184,0.414635827499242,0.763489517254526,0.81580848323155,"cogn_se_lv"
"15253","ADAMTS1","Exc L5/6 IT Car3",-0.00494039261541713,1.71330547625979,0.00544207384289143,0.94123254259388,0.994584933353108,0.997573179120899,"cogn_se_lv"
"15254","AP001599.1","Exc L5/6 IT Car3",-0.0774290191599928,1.7684541248726,2.26922848198492,0.132810446362531,0.503933128579724,0.555739831292589,"cogn_se_lv"
"15255","LINC01695","Exc L5/6 IT Car3",0.00740560687487244,3.26593816900459,0.044115588501167,0.833753180140375,0.966446547282248,0.980097497109394,"cogn_se_lv"
"15256","AF165147.1","Exc L5/6 IT Car3",0.0449359664400444,4.96919188740704,3.65218312528849,0.0567606281212195,0.375096154771443,0.400546934112734,"cogn_se_lv"
"15257","N6AMT1","Exc L5/6 IT Car3",0.00634214053829372,2.99361753344585,0.0653157467938939,0.79842392285612,0.954540194474746,0.972565510192534,"cogn_se_lv"
"15258","LTN1","Exc L5/6 IT Car3",0.0120511638212355,5.49227413943974,0.956326553035394,0.328746813994348,0.700143385021856,0.760253293774926,"cogn_se_lv"
"15259","RWDD2B","Exc L5/6 IT Car3",-0.0325987289647269,3.07977677062411,1.68724565833227,0.194765383859497,0.583090189119214,0.636790145632134,"cogn_se_lv"
"15260","USP16","Exc L5/6 IT Car3",-0.00325370097884504,4.85810784201058,0.0621750037664489,0.928423283761616,0.991644887442834,0.995828426742286,"cogn_se_lv"
"15261","CCT8","Exc L5/6 IT Car3",-0.0302682304323145,5.36226893377785,2.29211016485065,0.130878367019429,0.501548323812005,0.552824238885795,"cogn_se_lv"
"15262","MAP3K7CL","Exc L5/6 IT Car3",0.055703365362914,3.07810908646279,3.22672901593988,0.0732528520020367,0.412732658561907,0.443461521240434,"cogn_se_lv"
"15263","BACH1","Exc L5/6 IT Car3",0.0210888751851447,4.07947065350464,0.959772496550728,0.327878040770772,0.700074877560877,0.759759981030496,"cogn_se_lv"
"15264","GRIK1","Exc L5/6 IT Car3",-0.000768207488297472,2.84126180721537,0.000209836646688741,0.988450187205273,0.998638339521102,0.999870711362408,"cogn_se_lv"
"15265","TIAM1","Exc L5/6 IT Car3",0.0525059017385397,3.59405470303551,2.55590969063859,0.110727721101825,0.474722724099708,0.518047397792588,"cogn_se_lv"
"15266","SOD1","Exc L5/6 IT Car3",-0.0380654896794674,6.44831479675861,1.73591924885867,0.188463955086365,0.575488148567293,0.629672398473191,"cogn_se_lv"
"15267","SCAF4","Exc L5/6 IT Car3",-0.00209435757003492,5.30386081787263,0.034610419711659,0.85251531581215,0.972227544301518,0.984037252360035,"cogn_se_lv"
"15268","HUNK","Exc L5/6 IT Car3",0.0273265607665854,4.64740451176897,0.868883695077603,0.351866397086394,0.719169542251618,0.775486754487089,"cogn_se_lv"
"15269","LINC00159","Exc L5/6 IT Car3",0.0228545125000825,5.60903870564024,1.31126999718154,0.252897725502874,0.636275297611449,0.697482595949197,"cogn_se_lv"
"15270","MIS18A","Exc L5/6 IT Car3",-0.0124273252995291,3.50284897363375,0.337424009522227,0.561670089123203,0.843636345917786,0.887504400960666,"cogn_se_lv"
"15271","URB1","Exc L5/6 IT Car3",0.00296062100164018,5.35395032331473,0.07419078798063,0.785480402318269,0.949909114543309,0.9687968046541,"cogn_se_lv"
"15272","URB1-AS1","Exc L5/6 IT Car3",0.0550118388031551,1.99170377847156,1.47803296112797,0.224850026337756,0.614097942384749,0.670378391233385,"cogn_se_lv"
"15273","EVA1C","Exc L5/6 IT Car3",0.0368768703602904,5.65504742883451,5.00019650582119,0.0259341567650043,0.291972693938124,0.289604956373661,"cogn_se_lv"
"15274","AP000275.2","Exc L5/6 IT Car3",-0.0165149615242175,1.91735859866744,0.144589068191727,0.703976861798925,0.912079690238501,0.944784406215847,"cogn_se_lv"
"15275","SYNJ1","Exc L5/6 IT Car3",-0.0113940518595355,7.45337337701058,1.83016599834228,0.176925902355619,0.563465498502014,0.616711968192369,"cogn_se_lv"
"15276","PAXBP1-AS1","Exc L5/6 IT Car3",0.0214878152927369,3.15416982301786,0.554938904413537,0.456774913668726,0.787825386233519,0.838639818025232,"cogn_se_lv"
"15277","PAXBP1","Exc L5/6 IT Car3",-0.0162107272278424,6.09043208298566,1.877352015573,0.171458036361632,0.558108963537547,0.609607871559703,"cogn_se_lv"
"15278","C21orf62-AS1","Exc L5/6 IT Car3",0.00474568197978752,3.69617123881014,0.041781653863207,0.838147829772298,0.96760146277066,0.980987117330137,"cogn_se_lv"
"15279","C21orf62","Exc L5/6 IT Car3",-0.0550577586419793,2.15216648102862,2.15733417030001,0.142731982670626,0.518927654150625,0.570596514246928,"cogn_se_lv"
"15280","IFNAR1","Exc L5/6 IT Car3",0.000716391639929383,5.23115196826995,0.00423370638882107,0.948155499417309,0.994804925328349,0.997804640603097,"cogn_se_lv"
"15281","IFNGR2","Exc L5/6 IT Car3",0.0020283657790906,5.57435478845907,0.0339598495730569,0.914364491039922,0.989073227776396,0.994126167335106,"cogn_se_lv"
"15282","TMEM50B","Exc L5/6 IT Car3",0.0302396281505137,4.70107854462808,4.70605451098295,0.0306864215685366,0.304222598957164,0.310275059759832,"cogn_se_lv"
"15283","DNAJC28","Exc L5/6 IT Car3",-0.0533912130249991,2.36347920792461,2.6168650213612,0.106576922156795,0.468654730319282,0.510655259673346,"cogn_se_lv"
"15284","GART","Exc L5/6 IT Car3",0.0390463907479993,4.78125032201891,5.73029059722029,0.0171671622973453,0.248260446034307,0.242191977699409,"cogn_se_lv"
"15285","SON","Exc L5/6 IT Car3",-0.0382023647735197,7.22670845159997,8.88478154963659,0.00306379547261477,0.12989479978937,0.109452082414879,"cogn_se_lv"
"15286","DONSON","Exc L5/6 IT Car3",-0.0179098165906623,3.50713468551781,0.820673782560019,0.395229066138984,0.751293188233372,0.804737498486831,"cogn_se_lv"
"15287","AP000311.1","Exc L5/6 IT Car3",0.0575228555491121,4.51867700010819,3.39312195015497,0.0662610748611558,0.395909227712194,0.425636108954316,"cogn_se_lv"
"15288","ITSN1","Exc L5/6 IT Car3",0.00915410971585759,7.36933736680351,0.931838619327725,0.335009922623272,0.704633416587694,0.764289055121865,"cogn_se_lv"
"15289","MRPS6","Exc L5/6 IT Car3",-0.070141092562817,4.24932125339674,6.87116618485537,0.00911749454461131,0.199032966016408,0.183364366937485,"cogn_se_lv"
"15290","LINC00310","Exc L5/6 IT Car3",-0.0511981819887098,2.17756792065394,1.34937574901797,0.246128726153588,0.63060160275998,0.690486651035254,"cogn_se_lv"
"15291","AP000317.1","Exc L5/6 IT Car3",-0.0115440383812749,2.66797111231317,0.110785039244383,0.739438799649002,0.930782115216792,0.956250622930021,"cogn_se_lv"
"15292","RCAN1","Exc L5/6 IT Car3",0.00832847351153755,4.81427898267851,0.253387338366596,0.614996576395201,0.872492377463325,0.911510879894207,"cogn_se_lv"
"15293","CLIC6","Exc L5/6 IT Car3",0.0835779646866633,0.941827352476907,1.16734458186129,0.303053932933014,0.67996293893772,0.741143722268203,"cogn_se_lv"
"15294","RUNX1","Exc L5/6 IT Car3",-0.0203923163202555,4.09729433118245,0.459807792357914,0.498133486150085,0.811304850619374,0.85815118193308,"cogn_se_lv"
"15295","SETD4","Exc L5/6 IT Car3",0.0214562243096149,4.26303825857523,1.67674502965808,0.196157026443873,0.584257138953203,0.638108489380915,"cogn_se_lv"
"15296","CBR1","Exc L5/6 IT Car3",0.00204357607252684,3.40744347688498,0.00625457854798289,0.937006637687208,0.994224741262758,0.997204021871434,"cogn_se_lv"
"15297","CBR3","Exc L5/6 IT Car3",0.0555146229423083,2.65733614408123,2.07573560222241,0.150495142368442,0.529447806785235,0.581737541558139,"cogn_se_lv"
"15298","DOPEY2","Exc L5/6 IT Car3",0.00951800303998275,6.36528919528988,0.446757735680131,0.504291349350746,0.814722219872767,0.861256781648313,"cogn_se_lv"
"15299","MORC3","Exc L5/6 IT Car3",-0.00154396017034915,5.61444635761059,0.0180199870812896,0.908533469144018,0.988416424129917,0.993373985483471,"cogn_se_lv"
"15300","CHAF1B","Exc L5/6 IT Car3",0.0313902541580163,2.56955536018098,1.08269063075245,0.298769185310101,0.676917505521024,0.737088998732589,"cogn_se_lv"
"15301","HLCS","Exc L5/6 IT Car3",0.0114371319771293,6.50625790988235,0.734766548291398,0.391891917019423,0.748687901912935,0.802870116701328,"cogn_se_lv"
"15302","PIGP","Exc L5/6 IT Car3",-0.016383236676448,3.53460689560549,0.38760718129458,0.533939590473474,0.827134422011894,0.874655587201509,"cogn_se_lv"
"15303","TTC3","Exc L5/6 IT Car3",-0.0128680273668076,9.08500984358243,2.84830267758479,0.0923048840070649,0.443820957188104,0.484752444964389,"cogn_se_lv"
"15304","TTC3-AS1","Exc L5/6 IT Car3",-0.00482901752909119,2.40975197652023,0.00962135118142069,0.921914622779453,0.990974669133532,0.995022182665071,"cogn_se_lv"
"15305","VPS26C","Exc L5/6 IT Car3",0.0308229887374311,5.43016477120148,7.4640395421314,0.0065930964774439,0.174078706198328,0.158663608718037,"cogn_se_lv"
"15306","DYRK1A","Exc L5/6 IT Car3",0.00554840656485388,7.50474353702796,0.250412659270342,0.617079246608342,0.873353835323007,0.912002845827071,"cogn_se_lv"
"15307","KCNJ6","Exc L5/6 IT Car3",-0.0235193170731621,5.6920879522215,0.869527751273068,0.351688179304945,0.719038169409392,0.775322289027736,"cogn_se_lv"
"15308","ERG","Exc L5/6 IT Car3",-0.0158026133848004,1.7694884601494,0.07973264952678,0.777816376735704,0.946718698160727,0.966975234174051,"cogn_se_lv"
"15309","ETS2","Exc L5/6 IT Car3",-0.0509195141887648,5.49188779936283,5.26961669274524,0.0222539907040872,0.277094592990212,0.272438203404382,"cogn_se_lv"
"15310","AP001043.1","Exc L5/6 IT Car3",0.0220560833337157,3.16307974274299,0.387442452659221,0.534026467997259,0.827134422011894,0.874704229471931,"cogn_se_lv"
"15311","AF064858.1","Exc L5/6 IT Car3",0.0211124799849259,3.0626462553441,0.50902825821748,0.476005163805638,0.798356524735044,0.847895931461933,"cogn_se_lv"
"15312","PSMG1","Exc L5/6 IT Car3",-0.0236496554648773,3.63312095282734,1.3181727308113,0.251654714553273,0.634912468356537,0.696315651331516,"cogn_se_lv"
"15313","BRWD1","Exc L5/6 IT Car3",-0.00842458468995394,7.94008634171453,1.0813448840734,0.299069253637321,0.676917505521024,0.737301484045909,"cogn_se_lv"
"15314","HMGN1","Exc L5/6 IT Car3",0.0509490478689511,4.94997258334666,8.57081399773811,0.00362505466521449,0.135083756168646,0.118734421786134,"cogn_se_lv"
"15315","WRB","Exc L5/6 IT Car3",-0.00227046798363054,5.53418221058116,0.0232422442059505,0.878911094557743,0.98101923710574,0.988788845178943,"cogn_se_lv"
"15316","LCA5L","Exc L5/6 IT Car3",0.0539031792256941,2.07513220741398,1.43545762137626,0.23163516564473,0.620423337521824,0.677632567697156,"cogn_se_lv"
"15317","SH3BGR","Exc L5/6 IT Car3",0.09470613896926,3.16832799261788,12.9618366328956,0.000360779210617202,0.0520319729558786,0.0368004629998555,"cogn_se_lv"
"15318","B3GALT5","Exc L5/6 IT Car3",0.0252325183822484,2.62499957479464,0.413686126494755,0.520498968004844,0.821092037196555,0.868666837940365,"cogn_se_lv"
"15319","PCP4","Exc L5/6 IT Car3",-0.0519690396996391,2.6157181506749,1.31432126669777,0.252347336449614,0.635466971079056,0.69701858910607,"cogn_se_lv"
"15320","DSCAM","Exc L5/6 IT Car3",0.00274410795347511,10.294789579661,0.0390526048077886,0.843451936445045,0.970572616914356,0.98220668983709,"cogn_se_lv"
"15321","BACE2","Exc L5/6 IT Car3",0.0440768789071389,7.05437774779666,3.12719916597138,0.0778117655115102,0.420387560324412,0.454460483659578,"cogn_se_lv"
"15322","MX2","Exc L5/6 IT Car3",0.0921597045057553,1.5287723436216,2.38229663582244,0.123563434422378,0.492780838497124,0.540561846321215,"cogn_se_lv"
"15323","MX1","Exc L5/6 IT Car3",-0.0650499910669829,3.81885125349245,8.23981743810267,0.00433134807260196,0.144911840950748,0.129175641482827,"cogn_se_lv"
"15324","PRDM15","Exc L5/6 IT Car3",0.0231864191238239,4.08530662495262,1.53939544987461,0.215486216830807,0.603628117405556,0.659629425421292,"cogn_se_lv"
"15325","C2CD2","Exc L5/6 IT Car3",0.0220046822950389,4.45322608448738,1.19737215332548,0.274552376898962,0.657136728214683,0.717355022340707,"cogn_se_lv"
"15326","ZBTB21","Exc L5/6 IT Car3",-0.00998274520951509,4.30419346517264,0.318394576101355,0.572912567151301,0.849925236982699,0.892424508503856,"cogn_se_lv"
"15327","UMODL1","Exc L5/6 IT Car3",0.119691478359124,1.29820536695489,2.99413804980726,0.0843919769787061,0.431635934098467,0.468858237879099,"cogn_se_lv"
"15328","ABCG1","Exc L5/6 IT Car3",0.0439414626855245,3.0791654442916,2.97587947612676,0.0939870085320638,0.446632276036572,0.486951346430768,"cogn_se_lv"
"15329","RSPH1","Exc L5/6 IT Car3",0.0591058905762372,3.40305834135301,5.42622846619382,0.0203687265005174,0.26850417095392,0.262927136946356,"cogn_se_lv"
"15330","SLC37A1","Exc L5/6 IT Car3",0.0409706679538012,4.36326026995175,5.21691753324226,0.0229284689069492,0.2800171352036,0.27552937700523,"cogn_se_lv"
"15331","PDE9A","Exc L5/6 IT Car3",0.0755956440016236,2.30999814360796,2.48565613926674,0.115734605459405,0.483609659067144,0.526919952375212,"cogn_se_lv"
"15332","AP001628.1","Exc L5/6 IT Car3",0.0194929609069826,2.35497325651578,0.273942362021951,0.60100961764103,0.865226418046915,0.905048375531398,"cogn_se_lv"
"15333","WDR4","Exc L5/6 IT Car3",0.00436824647705873,3.3386683206343,0.0435480678500561,0.834810401326882,0.966576292237489,0.980252189101471,"cogn_se_lv"
"15334","NDUFV3","Exc L5/6 IT Car3",0.0127138699476284,5.62911374072362,1.40155085575111,0.23721661500359,0.624275599334004,0.682136618722233,"cogn_se_lv"
"15335","PKNOX1","Exc L5/6 IT Car3",0.0261777040236508,5.89090740030318,2.22986204009648,0.136209783826144,0.508926577587852,0.560876489584717,"cogn_se_lv"
"15336","U2AF1","Exc L5/6 IT Car3",-0.0220067783174778,2.65925883962529,0.211680372313251,0.645721114680121,0.886035214115491,0.923329464290186,"cogn_se_lv"
"15337","HSF2BP","Exc L5/6 IT Car3",0.071734817429933,2.4481085185183,3.63020473725832,0.0575071521917238,0.376670850125698,0.40254670372681,"cogn_se_lv"
"15338","RRP1B","Exc L5/6 IT Car3",-0.00032164276085796,4.89464358881433,0.000588161360429439,0.980664515209329,0.998390354534415,0.999870711362408,"cogn_se_lv"
"15339","PDXK","Exc L5/6 IT Car3",0.00959102756190625,6.67936369947412,0.675270988976237,0.411743909101251,0.761993598012055,0.814447440478742,"cogn_se_lv"
"15340","CSTB","Exc L5/6 IT Car3",-0.0341874072977664,5.08690709493002,1.26936432821509,0.260608960672268,0.644032202087603,0.704485901270372,"cogn_se_lv"
"15341","RRP1","Exc L5/6 IT Car3",-0.0188848318147585,3.77044290393843,0.802823107660215,0.370827478440663,0.732270973258606,0.788647044291159,"cogn_se_lv"
"15342","AGPAT3","Exc L5/6 IT Car3",0.00605428712290094,5.94925321255429,0.210293895742054,0.646803744084535,0.886441433680369,0.923659349432173,"cogn_se_lv"
"15343","TRAPPC10","Exc L5/6 IT Car3",0.00717524474109761,6.19880971604994,0.216062267340883,0.642327525444229,0.884918146682185,0.921838000378806,"cogn_se_lv"
"15344","PWP2","Exc L5/6 IT Car3",-0.175382175743313,1.53553264402645,7.25778424161491,0.00737780757203351,0.182254347565964,0.166765527932726,"cogn_se_lv"
"15345","GATD3A","Exc L5/6 IT Car3",-0.014989848971752,1.93702988860449,0.0701992923127261,0.79119292152721,0.951674127840344,0.970510559242118,"cogn_se_lv"
"15346","PFKL","Exc L5/6 IT Car3",-0.00835016857070467,4.95835615696029,0.262099026424685,0.608984173143229,0.869396553735584,0.908457847165989,"cogn_se_lv"
"15347","C21orf2","Exc L5/6 IT Car3",-0.0261296308066907,4.20160098768064,1.7637097055207,0.184973073494811,0.571567000807441,0.625710610306686,"cogn_se_lv"
"15348","TRPM2","Exc L5/6 IT Car3",0.0211307976140823,6.17407922705153,1.68598601402821,0.194931710397554,0.583090189119214,0.637012401939916,"cogn_se_lv"
"15349","TSPEAR","Exc L5/6 IT Car3",0.0119579332906004,2.16203998937081,0.0449490446325122,0.8322133453062,0.966312347611673,0.9796998472049,"cogn_se_lv"
"15350","UBE2G2","Exc L5/6 IT Car3",0.0106973314864319,6.43804643835548,0.899608298676664,0.34349974710889,0.712793074376899,0.769860151555945,"cogn_se_lv"
"15351","SUMO3","Exc L5/6 IT Car3",-0.0596563963259884,5.13333803639115,6.53439380330023,0.0109755686306375,0.214164403886737,0.199802735235874,"cogn_se_lv"
"15352","PTTG1IP","Exc L5/6 IT Car3",0.0017498048541757,4.05531316874637,0.0066419641057232,0.935089353305836,0.993382101587914,0.996730078864881,"cogn_se_lv"
"15353","FAM207A","Exc L5/6 IT Car3",-0.0114612382061241,2.91724631452917,0.199793208481898,0.853037601117596,0.972390836323221,0.984241910282121,"cogn_se_lv"
"15354","AP001505.1","Exc L5/6 IT Car3",0.060901062049307,2.26247382243844,3.11057899659194,0.0786024534265552,0.420388545867537,0.456028345230162,"cogn_se_lv"
"15355","ADARB1","Exc L5/6 IT Car3",0.0111638205593433,5.89699197325301,0.706084944739725,0.401283911466054,0.754699638270969,0.808057788918411,"cogn_se_lv"
"15356","LINC00334","Exc L5/6 IT Car3",-0.0546706460022957,1.17493513116365,0.701159899389288,0.4029294440946,0.756045372423298,0.808939326550651,"cogn_se_lv"
"15357","POFUT2","Exc L5/6 IT Car3",-0.00263578265469783,3.05385972971136,0.011868090029252,0.913307950026152,0.989073227776396,0.99408097220211,"cogn_se_lv"
"15358","COL18A1","Exc L5/6 IT Car3",-0.10870872610112,3.06727840905241,10.1789107200608,0.00154066034287924,0.0955024320442973,0.0793036349964823,"cogn_se_lv"
"15359","SLC19A1","Exc L5/6 IT Car3",0.0838362066582835,2.84310196567821,9.23731122037237,0.00253825966460312,0.11769020276752,0.0994852025784879,"cogn_se_lv"
"15360","PCBP3","Exc L5/6 IT Car3",-0.00701148314767878,4.11927550700292,0.0874443317310024,0.767615906834178,0.942621888086777,0.96401112743955,"cogn_se_lv"
"15361","COL6A1","Exc L5/6 IT Car3",-0.0500764725734021,4.376898505979,3.94214582288494,0.0478212223791791,0.353049189458432,0.372160273428214,"cogn_se_lv"
"15362","FTCD","Exc L5/6 IT Car3",0.0270384713602185,3.98199154549036,0.75522914371246,0.385383516345864,0.74320955367906,0.79865252921691,"cogn_se_lv"
"15363","SPATC1L","Exc L5/6 IT Car3",0.0189961200797403,2.93544932646972,0.32356572993594,0.569814321882373,0.848436766038092,0.890977629431322,"cogn_se_lv"
"15364","LSS","Exc L5/6 IT Car3",0.00805715254478174,5.02301689050201,0.261067402904067,0.609689518649963,0.869532174221382,0.908966527798406,"cogn_se_lv"
"15365","MCM3AP-AS1","Exc L5/6 IT Car3",0.00415617242032025,3.54385154436148,0.0299031881879723,0.862803705850041,0.974960696887198,0.98632965955581,"cogn_se_lv"
"15366","MCM3AP","Exc L5/6 IT Car3",0.0104303751966237,5.35365769991392,0.83785619741898,0.61428627424945,0.872288776591533,0.911168606468681,"cogn_se_lv"
"15367","YBEY","Exc L5/6 IT Car3",0.0712317854435013,3.26943900059315,8.67201988458328,0.0034334997507478,0.132529156309283,0.115652330367389,"cogn_se_lv"
"15368","C21orf58","Exc L5/6 IT Car3",0.00545574516746081,3.10267421290257,0.0463785214231112,0.845742088640361,0.970988236489561,0.982781820079773,"cogn_se_lv"
"15369","PCNT","Exc L5/6 IT Car3",-0.0390043023053038,6.84741961493917,4.28211796628657,0.0392022777498724,0.328374252780152,0.343988443039117,"cogn_se_lv"
"15370","DIP2A","Exc L5/6 IT Car3",0.00654227019655522,6.73798355462919,0.261337501096441,0.609504676390978,0.869396553735584,0.908828745972196,"cogn_se_lv"
"15371","S100B","Exc L5/6 IT Car3",0.0194471924825538,1.49120725970145,0.118799713147776,0.730533866072329,0.925647636987744,0.953418590954392,"cogn_se_lv"
"15372","PRMT2","Exc L5/6 IT Car3",-0.0135947152243618,6.22244586538311,1.89919848701151,0.928006169707856,0.991633961507555,0.995762674453976,"cogn_se_lv"
"15373","MT-ND1","Exc L5/6 IT Car3",-0.0108554052525678,10.6255529800551,0.187564247612977,0.665201525208258,0.894470085424761,0.930556328087739,"cogn_se_lv"
"15374","MT-ND2","Exc L5/6 IT Car3",-0.0239120764017423,9.86897088305933,0.492797653775106,0.48311899193453,0.802169611459778,0.850725606196788,"cogn_se_lv"
"15375","MT-CO1","Exc L5/6 IT Car3",0.0157797282144866,11.8131932945938,0.373908483639364,0.541253299718988,0.831387076876822,0.878419539610395,"cogn_se_lv"
"15376","MT-CO2","Exc L5/6 IT Car3",-0.0350461796377795,11.8676102924035,1.94966241752245,0.163452116006108,0.547633107566418,0.59915256325033,"cogn_se_lv"
"15377","MT-ATP8","Exc L5/6 IT Car3",-0.0186001690919012,4.01447767019963,0.205919525299742,0.650248042917137,0.88742216518162,0.924672259065696,"cogn_se_lv"
"15378","MT-ATP6","Exc L5/6 IT Car3",-0.0250847215791155,11.6849500641236,1.22306456885441,0.269471559913649,0.652650975814763,0.712962447117536,"cogn_se_lv"
"15379","MT-CO3","Exc L5/6 IT Car3",-0.0158414702816661,12.1381463203814,0.435464004433363,0.50972647359739,0.817087552547132,0.863815053378403,"cogn_se_lv"
"15380","MT-ND3","Exc L5/6 IT Car3",-0.0560761835148709,10.8866826094389,2.90056611850005,0.0893799530631905,0.438777245166407,0.478619178397731,"cogn_se_lv"
"15381","MT-ND4L","Exc L5/6 IT Car3",-0.0725894921745186,6.3010849506371,4.27179195953118,0.0394383581087531,0.328617396477374,0.344644567379915,"cogn_se_lv"
"15382","MT-ND4","Exc L5/6 IT Car3",-0.0321222039402335,10.9670672815649,1.26251968200427,0.261896021069527,0.645316293102761,0.705927266263758,"cogn_se_lv"
"15383","MT-ND5","Exc L5/6 IT Car3",-0.0283528559710161,8.33956270404573,1.34140352342633,0.247526293821568,0.63152960198077,0.692060473662654,"cogn_se_lv"
"15384","MT-ND6","Exc L5/6 IT Car3",-0.049879442921329,2.31311687549589,1.21669602600505,0.270719897069455,0.653645032580496,0.714054350928606,"cogn_se_lv"
"15385","MT-CYB","Exc L5/6 IT Car3",-0.034798600729348,11.3923670058684,1.86043583821299,0.173395511709679,0.559915427027269,0.611724530424849,"cogn_se_lv"
"15386","AC011043.1","Exc L5/6 IT Car3",-0.0248213111247504,1.8144558828306,0.106561043281193,0.744276582922023,0.933022991340091,0.957494832567645,"cogn_se_lv"
"15387","AL592183.1","Exc L5/6 IT Car3",0.0127193943912608,5.75070661382487,0.219850285882269,0.639427443625559,0.883493921788341,0.920978560491622,"cogn_se_lv"
"15388","AC007325.4","Exc L5/6 IT Car3",-0.0569796495479072,2.94159646013371,2.43175138641289,0.119746483509846,0.489738487304808,0.534633380833564,"cogn_se_lv"
"15389","AL354822.1","Exc L5/6 IT Car3",0.0855307995328978,2.38558287520326,2.46455764340618,0.117286830219051,0.485589089361837,0.530054849419592,"cogn_se_lv"
"15390","AC240274.1","Exc L5/6 IT Car3",-0.0226157882030716,2.39276908996542,0.380535538001571,0.537692426801162,0.828690113710241,0.876567876782171,"cogn_se_lv"
