"","gene","cluster_id","logFC","logCPM","F","p_val","p_adj.loc","p_adj.glb","coef"
"1","AL627309.1","Exc L6 CT",-0.0052221767953828,3.75147878751741,0.0179249376416163,0.893571614440201,0.985595335141122,0.985595335141122,"plaq_d"
"2","AL669831.5","Exc L6 CT",-0.00101718024170863,5.6419449265036,0.00254627920508943,0.95978422394454,0.998742420766286,0.998742420766286,"plaq_d"
"3","NOC2L","Exc L6 CT",0.033669530697359,4.68280039570432,1.9902385747979,0.159208711373344,0.482621311629956,0.482621311629956,"plaq_d"
"4","KLHL17","Exc L6 CT",-0.0133932675684579,3.03645590838901,0.080369327835598,0.776966013961335,0.94629464779927,0.94629464779927,"plaq_d"
"5","HES4","Exc L6 CT",-0.143794204130819,2.15120831904887,2.92503150402335,0.0881062942814735,0.363536317705959,0.363536317705959,"plaq_d"
"6","AGRN","Exc L6 CT",-0.070147265378522,3.82251412612693,3.34428921165556,0.0682938403395897,0.320626398453182,0.320626398453182,"plaq_d"
"7","C1orf159","Exc L6 CT",0.0187751264262898,5.64760753632977,1.17141360477202,0.279859929475849,0.626729540384276,0.626729540384276,"plaq_d"
"8","SDF4","Exc L6 CT",-0.00161673025978802,5.26646368388207,0.00505255314755004,0.943373848062036,0.997507548890635,0.997507548890635,"plaq_d"
"9","B3GALT6","Exc L6 CT",-0.0106632773419371,2.66362655382689,0.040625858450577,0.854725395885553,0.974800354737319,0.974800354737319,"plaq_d"
"10","UBE2J2","Exc L6 CT",-0.0446274350776302,4.81057863115394,4.52267556210334,0.0341512788775461,0.2238040587113,0.2238040587113,"plaq_d"
"11","LINC01786","Exc L6 CT",0.00366304643569232,2.53340431493899,0.0044155971998987,0.947057732695612,0.997964805243233,0.997964805243233,"plaq_d"
"12","SCNN1D","Exc L6 CT",-0.106971986675799,3.3308434799337,6.81936017113818,0.00940757928449469,0.111297205363217,0.111297205363217,"plaq_d"
"13","ACAP3","Exc L6 CT",-0.0492000119241293,6.69425054288275,8.54635804188027,0.00368863436922192,0.0653158136531935,0.0653158136531935,"plaq_d"
"14","PUSL1","Exc L6 CT",-0.0879656733532326,2.13535975979571,1.56764959385763,0.211389047876579,0.548793646827223,0.548793646827223,"plaq_d"
"15","INTS11","Exc L6 CT",-0.0260671782646141,5.33388014437099,1.76318379208181,0.185097694800168,0.516909100745533,0.516909100745533,"plaq_d"
"16","CPTP","Exc L6 CT",0.0697518840219514,2.76485945999343,2.13337454173752,0.145024881214687,0.461587010553896,0.461587010553896,"plaq_d"
"17","DVL1","Exc L6 CT",0.0392441365785963,4.2835486307899,2.11938623615294,0.146345841203476,0.464051702635516,0.464051702635516,"plaq_d"
"18","AURKAIP1","Exc L6 CT",0.0435746097922987,3.69573496768086,1.71256081385552,0.191516538553416,0.525229927386989,0.525229927386989,"plaq_d"
"19","CCNL2","Exc L6 CT",0.00846226485272814,5.92012977950379,0.266836647708328,0.605789626190188,0.863702001868354,0.863702001868354,"plaq_d"
"20","MRPL20","Exc L6 CT",-0.0263463101238818,4.45414578592113,1.15053122622043,0.284180803581313,0.630672320397307,0.630672320397307,"plaq_d"
"21","ANKRD65","Exc L6 CT",-0.0995376136375379,2.9189076287689,3.1746173293028,0.0756621678690301,0.338360402270532,0.338360402270532,"plaq_d"
"22","ATAD3C","Exc L6 CT",0.0849295911264211,2.45689626739243,1.80362424395128,0.180149693563116,0.510418222502386,0.510418222502386,"plaq_d"
"23","ATAD3B","Exc L6 CT",-0.0725407090366713,4.43987542715515,6.49288097854454,0.0112596561462855,0.123453168226905,0.123453168226905,"plaq_d"
"24","ATAD3A","Exc L6 CT",-0.0407904230548429,4.10221193964532,1.91113062780292,0.167723769846677,0.494278687965765,0.494278687965765,"plaq_d"
"25","TMEM240","Exc L6 CT",0.00691568115069724,2.43750144414955,0.0151806552617352,0.902012050761654,0.98815656972565,0.98815656972565,"plaq_d"
"26","SSU72","Exc L6 CT",0.0299927970429033,5.33758243030507,2.91804154719311,0.113215020734414,0.412409776946513,0.412409776946513,"plaq_d"
"27","FNDC10","Exc L6 CT",0.0143364636969224,3.22282551940525,0.113358619976022,0.762948047346845,0.939635562460875,0.939635562460875,"plaq_d"
"28","AL691432.2","Exc L6 CT",-0.00925841882686965,3.18763927973546,0.048738141037998,0.825403124510429,0.963985585882276,0.963985585882276,"plaq_d"
"29","MIB2","Exc L6 CT",-0.0107947182181137,5.30883667162137,0.247324573410447,0.619279143605607,0.87102638321245,0.87102638321245,"plaq_d"
"30","MMP23B","Exc L6 CT",-0.0671995996441,2.06252353382907,0.78002226727111,0.377743683463737,0.714168457732791,0.714168457732791,"plaq_d"
"31","CDK11B","Exc L6 CT",0.035688872114137,4.85592448418435,2.44788261169863,0.151459339881078,0.472033482784221,0.472033482784221,"plaq_d"
"32","SLC35E2B","Exc L6 CT",-0.00954686927970533,4.87355576501545,0.142118994269205,0.706413111357875,0.910889142516063,0.910889142516063,"plaq_d"
"33","CDK11A","Exc L6 CT",-0.00436479280776732,4.13275973409097,0.0160493678216071,0.899261971339015,0.986795894458149,0.986795894458149,"plaq_d"
"34","SLC35E2A","Exc L6 CT",0.004252095037184,4.80898575612797,0.0219184813542016,0.882389860104701,0.983480769739443,0.983480769739443,"plaq_d"
"35","NADK","Exc L6 CT",-0.0109658001695222,3.98540827950979,0.132573136363676,0.715999897814013,0.915330301832034,0.915330301832034,"plaq_d"
"36","GNB1","Exc L6 CT",0.0217479699391713,7.54879347897798,4.89191393349143,0.0276316160898763,0.200193631217845,0.200193631217845,"plaq_d"
"37","CFAP74","Exc L6 CT",-0.000941258563638711,3.9932669351768,0.000943363379963297,0.975515046837342,0.999093977007575,0.999093977007575,"plaq_d"
"38","GABRD","Exc L6 CT",-0.0580499213188499,4.60428808902019,3.83507100543079,0.0509889287022462,0.277728572681625,0.277728572681625,"plaq_d"
"39","PRKCZ","Exc L6 CT",0.0127830424315424,6.88987202159537,1.01547694631698,0.314294052936591,0.65850344725297,0.65850344725297,"plaq_d"
"40","FAAP20","Exc L6 CT",-0.0326130185730917,3.52729167646491,0.69326745417792,0.405625930676467,0.737607273765227,0.737607273765227,"plaq_d"
"41","SKI","Exc L6 CT",0.0339920219346841,6.21265765855598,5.04218250364049,0.0253641812559198,0.190438541712549,0.190438541712549,"plaq_d"
"42","MORN1","Exc L6 CT",0.0182129084281866,4.36506281635916,0.50914496340403,0.47598720607428,0.788256277308792,0.788256277308792,"plaq_d"
"43","RER1","Exc L6 CT",-0.013337012162442,4.60820147356678,0.364119240290032,0.567457670196903,0.841704225910783,0.841704225910783,"plaq_d"
"44","PEX10","Exc L6 CT",-0.0014391130280736,3.16688105248353,0.00118195328619744,0.972594192036575,0.999088296211026,0.999088296211026,"plaq_d"
"45","PANK4","Exc L6 CT",0.124026836793259,2.85149321655594,7.22561292824257,0.00753235542250985,0.0973391280632422,0.0973391280632422,"plaq_d"
"46","FAM213B","Exc L6 CT",-0.00605081957821631,3.47017960256864,0.0271506337756944,0.869217095162946,0.978798489635663,0.978798489635663,"plaq_d"
"47","MEGF6","Exc L6 CT",-0.0241935350211885,2.05435258012051,0.105519043242969,0.745499554438989,0.9313232179284,0.9313232179284,"plaq_d"
"48","TPRG1L","Exc L6 CT",0.0295089768029875,5.05211852968153,1.67068427507237,0.197023965782208,0.532049711386357,0.532049711386357,"plaq_d"
"49","WRAP73","Exc L6 CT",0.0217178652182851,3.50035007268643,0.398913433689278,0.528065359977152,0.818456124092144,0.818456124092144,"plaq_d"
"50","LRRC47","Exc L6 CT",0.0163098759676803,4.29585470224691,0.447713587652071,0.503866132424304,0.805655989914788,0.805655989914788,"plaq_d"
"51","CEP104","Exc L6 CT",-0.00980031557024111,5.69257319041591,0.386203902409735,0.69548997344339,0.906498294041742,0.906498294041742,"plaq_d"
"52","DFFB","Exc L6 CT",0.0137686413597089,4.82423758200951,0.329703539426976,0.566204446998717,0.840946216080164,0.840946216080164,"plaq_d"
"53","C1orf174","Exc L6 CT",-0.0173496227205402,2.89747671757613,0.129264742979294,0.719413545182857,0.917664676969392,0.917664676969392,"plaq_d"
"54","AJAP1","Exc L6 CT",0.0295211466938352,6.47530573607229,3.89534690914599,0.0492102760842528,0.27060012777269,0.27060012777269,"plaq_d"
"55","AL365255.1","Exc L6 CT",-0.0027750850435908,2.1984858834488,0.000418775679215579,0.983684943837583,0.999571689696322,0.999571689696322,"plaq_d"
"56","NPHP4","Exc L6 CT",0.00376918954107813,5.61287153044051,0.0440579990115391,0.910849283396924,0.989675151298007,0.989675151298007,"plaq_d"
"57","KCNAB2","Exc L6 CT",0.0456293000759777,7.06828335369277,13.0270268519293,0.000352043038526988,0.0143569733219108,0.0143569733219108,"plaq_d"
"58","CHD5","Exc L6 CT",-0.0169507151860647,7.57181029032379,1.29582737033777,0.25575942810265,0.603097907774898,0.603097907774898,"plaq_d"
"59","RPL22","Exc L6 CT",0.0220102253865572,4.97706256934873,0.952246474295011,0.329825588609871,0.674087531074569,0.674087531074569,"plaq_d"
"60","RNF207","Exc L6 CT",-0.000359438719170234,4.27353750015855,0.000154973227490817,0.9900746613218,0.999571689696322,0.999571689696322,"plaq_d"
"61","ICMT","Exc L6 CT",-0.0243283081944333,3.09376552389904,0.305619418208274,0.580735535902646,0.851041833586362,0.851041833586362,"plaq_d"
"62","ACOT7","Exc L6 CT",-0.016001846284088,5.85280198723324,1.05065503477431,0.306067838008019,0.651662805948094,0.651662805948094,"plaq_d"
"63","TNFRSF25","Exc L6 CT",-0.018878094766445,5.31061233683969,0.533400280050523,0.465671904370271,0.780511437340135,0.780511437340135,"plaq_d"
"64","PLEKHG5","Exc L6 CT",-0.0313995273551052,4.63142666292201,1.44040773996538,0.23088928295001,0.574602097020503,0.574602097020503,"plaq_d"
"65","NOL9","Exc L6 CT",-0.0115603009148756,5.10906931127609,0.364366725808564,0.546484037785878,0.830059735568577,0.830059735568577,"plaq_d"
"66","ZBTB48","Exc L6 CT",-0.0180287657990564,3.69597927171623,0.278948529522053,0.59772765009352,0.859003695660694,0.859003695660694,"plaq_d"
"67","KLHL21","Exc L6 CT",0.0505626785607278,4.37947756059554,4.18345894272063,0.0415714853463068,0.247401034743874,0.247401034743874,"plaq_d"
"68","PHF13","Exc L6 CT",0.0119437841764977,2.83712341338259,0.0597716151632973,0.807001279843319,0.958070437365795,0.958070437365795,"plaq_d"
"69","THAP3","Exc L6 CT",0.00531830235185327,3.16079551682002,0.0173357684474043,0.96972139197055,0.998742420766286,0.998742420766286,"plaq_d"
"70","DNAJC11","Exc L6 CT",0.00480445780445488,5.79913186655425,0.108563392332215,0.760389487538165,0.938454553768357,0.938454553768357,"plaq_d"
"71","CAMTA1","Exc L6 CT",0.0272577384571237,9.05943192803445,10.3292937557526,0.00143172475361966,0.0352326659027498,0.0352326659027498,"plaq_d"
"72","AL512330.1","Exc L6 CT",-0.21328598885139,1.64814517163491,5.11980973167027,0.0242697690169865,0.185646968527385,0.185646968527385,"plaq_d"
"73","VAMP3","Exc L6 CT",0.0194448778109357,3.68445780311215,0.333772559112159,0.563819468464025,0.840074739388216,0.840074739388216,"plaq_d"
"74","PER3","Exc L6 CT",0.0694752434917311,6.23839541763902,10.4316193087291,0.00135673373142928,0.0337838872181961,0.0337838872181961,"plaq_d"
"75","PARK7","Exc L6 CT",-0.0250255157547829,4.77534398108789,1.17280380419802,0.358794630424225,0.700718774124955,0.700718774124955,"plaq_d"
"76","ERRFI1","Exc L6 CT",0.00497213299517618,4.28626396278339,0.0319534912367775,0.858233732886054,0.975511864529127,0.975511864529127,"plaq_d"
"77","AL034417.2","Exc L6 CT",-0.14125037437447,2.23404092564813,4.12028019045115,0.0431320035702974,0.252820978582248,0.252820978582248,"plaq_d"
"78","SLC45A1","Exc L6 CT",-0.0181413375200904,3.95656400378853,0.396018066946408,0.529565548456473,0.819128143932459,0.819128143932459,"plaq_d"
"79","RERE","Exc L6 CT",0.0195496359894728,8.84735991693433,4.51753062877203,0.0342527614761869,0.223934039151311,0.223934039151311,"plaq_d"
"80","AL096855.1","Exc L6 CT",-0.097340326814496,2.06915051967587,1.74596359327266,0.187252555523775,0.520569941229343,0.520569941229343,"plaq_d"
"81","ENO1","Exc L6 CT",0.0394019863016932,5.82764009008304,4.82007739459107,0.0287894643567803,0.203262937165379,0.203262937165379,"plaq_d"
"82","MIR34AHG","Exc L6 CT",0.0301071415797762,3.87150521511008,0.478778144766304,0.489437420187667,0.795676420510466,0.795676420510466,"plaq_d"
"83","H6PD","Exc L6 CT",0.00278817756361728,4.49222358489992,0.0109600333542848,0.916681933768445,0.990955404260008,0.990955404260008,"plaq_d"
"84","SPSB1","Exc L6 CT",-0.0890436820992207,3.13502024539755,3.603121284624,0.0584979102890334,0.298837993781727,0.298837993781727,"plaq_d"
"85","SLC25A33","Exc L6 CT",-0.0484836339601435,3.97095712635339,2.32166005109818,0.128491488277325,0.436986408041665,0.436986408041665,"plaq_d"
"86","TMEM201","Exc L6 CT",-0.0143641334561322,3.40887002863351,0.14255804086878,0.705981138020928,0.910657612339148,0.910657612339148,"plaq_d"
"87","PIK3CD","Exc L6 CT",-0.0121461865499872,2.7801752962249,0.0497214432066568,0.823679443940745,0.963985585882276,0.963985585882276,"plaq_d"
"88","CLSTN1","Exc L6 CT",0.022444906274772,8.38836827410562,5.77651923020953,0.0167639691465446,0.152839835233474,0.152839835233474,"plaq_d"
"89","CTNNBIP1","Exc L6 CT",-0.00434635349958499,5.3581937800909,0.0444065586613068,0.833222292940527,0.96728960782902,0.96728960782902,"plaq_d"
"90","LZIC","Exc L6 CT",-0.0121081781019204,4.15764565682117,0.194460038701198,0.737096084706836,0.927493817386055,0.927493817386055,"plaq_d"
"91","NMNAT1","Exc L6 CT",-0.0605004333784184,4.44091364538534,4.48471766198566,0.0349074861171826,0.225791211977831,0.225791211977831,"plaq_d"
"92","UBE4B","Exc L6 CT",0.0169259112493481,7.65911889431532,2.83535168196083,0.294292370419004,0.642011359986661,0.642011359986661,"plaq_d"
"93","KIF1B","Exc L6 CT",0.0157454864839006,8.75661862305741,3.6599738664263,0.05655443633276,0.292822594218405,0.292822594218405,"plaq_d"
"94","AL139424.2","Exc L6 CT",0.0169781966570414,2.62855976800905,0.109656171461821,0.774459627515426,0.944895663775672,0.944895663775672,"plaq_d"
"95","PGD","Exc L6 CT",0.0820678585726299,3.92696807106985,7.41789339735626,0.00678330624995507,0.0919514847216132,0.0919514847216132,"plaq_d"
"96","DFFA","Exc L6 CT",0.0169231323388929,4.79995667845397,0.592563139036354,0.441951580682832,0.764029675036979,0.764029675036979,"plaq_d"
"97","PEX14","Exc L6 CT",-0.00126109992658114,5.97123976387885,0.00741801383135464,0.931414255148655,0.99444705473932,0.99444705473932,"plaq_d"
"98","AL109811.4","Exc L6 CT",-0.0366940723527627,2.61984218843823,0.467716128887101,0.494494611427023,0.799320056827243,0.799320056827243,"plaq_d"
"99","MASP2","Exc L6 CT",-0.00438915215837515,2.54204865012276,0.00257879108255577,0.988610777256121,0.999571689696322,0.999571689696322,"plaq_d"
"100","SRM","Exc L6 CT",-0.0143955266215672,4.46414247925327,0.335533566443608,0.5627932973276,0.839495628259055,0.839495628259055,"plaq_d"
"101","EXOSC10","Exc L6 CT",-0.0269017587412868,5.00955462445008,1.55832557335721,0.212749281695798,0.549848808593216,0.549848808593216,"plaq_d"
"102","AL109811.1","Exc L6 CT",-0.170057334031012,2.25809126327152,7.65583858194116,0.00596104566819724,0.0865945645200479,0.0865945645200479,"plaq_d"
"103","MTOR","Exc L6 CT",-0.0165276846714778,5.93711794506991,1.25870802179876,0.262668859707057,0.609171698029438,0.609171698029438,"plaq_d"
"104","UBIAD1","Exc L6 CT",-0.0514189763443442,3.25841961575411,1.79624885095803,0.18104051661787,0.511131452683047,0.511131452683047,"plaq_d"
"105","AL031731.1","Exc L6 CT",-0.202824951580156,1.72966884553908,4.83944162892862,0.0284724454242524,0.202701794894094,0.202701794894094,"plaq_d"
"106","FBXO2","Exc L6 CT",0.0028791336796578,4.49953731299385,0.0119322130521103,0.913079286654401,0.989967061646606,0.989967061646606,"plaq_d"
"107","FBXO44","Exc L6 CT",0.0350320007823078,5.55810457874579,4.20121936708859,0.0411436183754524,0.246209643072273,0.246209643072273,"plaq_d"
"108","FBXO6","Exc L6 CT",-0.0543475125864313,2.1958938587082,0.625451397537467,0.429567028597443,0.755236441962743,0.755236441962743,"plaq_d"
"109","MAD2L2","Exc L6 CT",-0.0407180574121609,1.93982107055385,0.282398947616486,0.595471990141542,0.858524486823489,0.858524486823489,"plaq_d"
"110","MTHFR","Exc L6 CT",0.0230322065993186,4.90890301291192,1.00120576246119,0.317713767787667,0.662723119940808,0.662723119940808,"plaq_d"
"111","CLCN6","Exc L6 CT",-0.0228573751947391,4.14097058424079,0.558066029071353,0.455544661043785,0.775175490089533,0.775175490089533,"plaq_d"
"112","KIAA2013","Exc L6 CT",-0.0107106790665459,4.1272729523526,0.157932520179081,0.691310673356216,0.904350324782097,0.904350324782097,"plaq_d"
"113","PLOD1","Exc L6 CT",-0.00378991016019143,3.70696150995409,0.0129633030547099,0.909417167199329,0.989478998057174,0.989478998057174,"plaq_d"
"114","MFN2","Exc L6 CT",-0.01292043436933,5.11720636737436,0.403812128664067,0.525544446235036,0.817299108566445,0.817299108566445,"plaq_d"
"115","MIIP","Exc L6 CT",-0.0451272627875275,2.89587372238222,0.956562363291061,0.338394311896405,0.682357985430575,0.682357985430575,"plaq_d"
"116","VPS13D","Exc L6 CT",0.0068624907550812,7.44692993055295,0.28034386978543,0.59681332640978,0.858855692910863,0.858855692910863,"plaq_d"
"117","DHRS3","Exc L6 CT",0.0886085896066602,3.19412708145804,2.965591518124,0.0859413825128144,0.35955017223321,0.35955017223321,"plaq_d"
"118","PRDM2","Exc L6 CT",0.0143667857769395,7.44885121600478,1.48651239839012,0.223583651607797,0.563401058733739,0.563401058733739,"plaq_d"
"119","KAZN","Exc L6 CT",-0.00547558456786563,9.90770415283214,0.112296691158307,0.737746175808966,0.927815355400658,0.927815355400658,"plaq_d"
"120","KAZN-AS1","Exc L6 CT",-0.12724913870218,1.8558547608195,2.37219005740102,0.137971242710787,0.452503869140601,0.452503869140601,"plaq_d"
"121","FHAD1","Exc L6 CT",0.066919188568127,3.36111072137784,2.07755709369326,0.150377947914585,0.470525917098447,0.470525917098447,"plaq_d"
"122","EFHD2","Exc L6 CT",0.0208680281083275,6.64727556646968,1.51155958457204,0.219731388957335,0.558706652863447,0.558706652863447,"plaq_d"
"123","CASP9","Exc L6 CT",-0.0477707459602274,3.95945825706912,2.43212545758702,0.119780024840756,0.422635597452823,0.422635597452823,"plaq_d"
"124","DNAJC16","Exc L6 CT",-0.0137261150488748,5.55047060769294,0.678399588937802,0.410702147312322,0.742306103290419,0.742306103290419,"plaq_d"
"125","DDI2","Exc L6 CT",-0.00163300387198562,5.66063631684198,0.0108608477431878,0.917058421623062,0.991054023610344,0.991054023610344,"plaq_d"
"126","PLEKHM2","Exc L6 CT",-0.0353073496903622,5.82122637885956,5.21253500155191,0.02302670950064,0.180440217012558,0.180440217012558,"plaq_d"
"127","SLC25A34","Exc L6 CT",0.0947479695687324,3.06672523656814,4.30172177481135,0.0388083363473567,0.238346854834408,0.238346854834408,"plaq_d"
"128","UQCRHL","Exc L6 CT",-0.0680289079571932,2.92845052331785,2.09962541233693,0.156357108173602,0.47840954925976,0.47840954925976,"plaq_d"
"129","AL450998.2","Exc L6 CT",0.046855735506714,3.34948009816421,1.55189860165942,0.213692952110875,0.551023741887982,0.551023741887982,"plaq_d"
"130","SPEN","Exc L6 CT",0.034956120389276,6.33485630640677,6.18098840782016,0.013381287793064,0.135278805525948,0.135278805525948,"plaq_d"
"131","ZBTB17","Exc L6 CT",-0.00448684721703208,3.66488559022694,0.0216180289990891,0.883192876351838,0.983592206016137,0.983592206016137,"plaq_d"
"132","FBXO42","Exc L6 CT",-0.00268159944254512,6.96086558710104,0.042106380572682,0.837537029473013,0.968618325340731,0.968618325340731,"plaq_d"
"133","SZRD1","Exc L6 CT",-0.0502585864761962,3.95223147091676,2.64340044650244,0.104885451187807,0.397664196813186,0.397664196813186,"plaq_d"
"134","SPATA21","Exc L6 CT",-0.189630546571282,1.99513119489382,5.79893158456482,0.0165551369506396,0.151897865864505,0.151897865864505,"plaq_d"
"135","NECAP2","Exc L6 CT",-0.00977433301549162,3.37228076709386,0.0646485732344462,0.799444138569687,0.955086955921096,0.955086955921096,"plaq_d"
"136","NBPF1","Exc L6 CT",0.0120463703480476,5.1268806774019,0.190032140020317,0.66316000276774,0.891895683841965,0.891895683841965,"plaq_d"
"137","CROCC","Exc L6 CT",-0.00794187119236879,6.03702422927224,0.184797109602685,0.667548595656721,0.893866880369817,0.893866880369817,"plaq_d"
"138","BX284668.5","Exc L6 CT",-0.00624751730160724,1.87174829877783,0.00355339497490547,0.952500164293582,0.998071449610185,0.998071449610185,"plaq_d"
"139","AL049569.1","Exc L6 CT",-0.113457703645623,3.31178651403615,6.79430410150313,0.00953790059367784,0.112454248674937,0.112454248674937,"plaq_d"
"140","ATP13A2","Exc L6 CT",-0.0086655095906677,6.42506872749361,0.367780791410515,0.544611593045233,0.828650548249287,0.828650548249287,"plaq_d"
"141","SDHB","Exc L6 CT",-0.0370369688679038,5.20032852977417,3.65530301943705,0.0567114802245025,0.293043240959059,0.293043240959059,"plaq_d"
"142","RCC2","Exc L6 CT",0.0663679655845629,3.9996927280784,5.21074079132944,0.023050122192699,0.180440217012558,0.180440217012558,"plaq_d"
"143","ARHGEF10L","Exc L6 CT",-0.00661259619059566,5.10464544277032,0.115409398676699,0.734272531256669,0.925853200239646,0.925853200239646,"plaq_d"
"144","AL357509.1","Exc L6 CT",-0.00993839085925144,3.47445833535455,0.0354306032989003,0.850805860179127,0.973392765090894,0.973392765090894,"plaq_d"
"145","LINC01654","Exc L6 CT",-0.0793162915852075,3.20221461585355,2.11066012161886,0.147176772793157,0.465505545850699,0.465505545850699,"plaq_d"
"146","IGSF21","Exc L6 CT",0.000254753607548333,7.75982730518016,0.000310526204585009,0.985950695274237,0.999571689696322,0.999571689696322,"plaq_d"
"147","IFFO2","Exc L6 CT",-0.0774514903107123,3.5652194053398,4.49858655574908,0.0346291672872116,0.225066136463521,0.225066136463521,"plaq_d"
"148","UBR4","Exc L6 CT",0.0231584668028786,6.44913811645834,3.3006235622584,0.0701132081105595,0.324236988101386,0.324236988101386,"plaq_d"
"149","AL035413.1","Exc L6 CT",-0.0368553564034066,3.89452555554962,1.31402218358384,0.252454849334153,0.600083178336106,0.600083178336106,"plaq_d"
"150","EMC1","Exc L6 CT",-0.00578734045022139,4.30136781398488,0.0490159648512091,0.824914278119493,0.963985585882276,0.963985585882276,"plaq_d"
"151","MRTO4","Exc L6 CT",-0.0029538366369924,3.85206234830971,0.00772370491880661,0.930018908915285,0.994370823812207,0.994370823812207,"plaq_d"
"152","AKR7A2","Exc L6 CT",-0.0582520319298984,3.43633885300337,2.64491830798724,0.104786130196524,0.397392289333287,0.397392289333287,"plaq_d"
"153","PQLC2","Exc L6 CT",-0.101067355594718,3.08333454320809,5.52264516911991,0.0193295350912842,0.16455824197169,0.16455824197169,"plaq_d"
"154","CAPZB","Exc L6 CT",-0.0115369889797121,6.8059064745692,0.919450901111394,0.338284518467133,0.682351678275584,0.682351678275584,"plaq_d"
"155","NBL1","Exc L6 CT",0.0168563971859525,4.77455005547182,0.454372526093231,0.500713031855607,0.803966339542469,0.803966339542469,"plaq_d"
"156","TMCO4","Exc L6 CT",-0.167442563231345,1.88843393542334,3.95587388966054,0.0474903049768034,0.266119058674188,0.266119058674188,"plaq_d"
"157","OTUD3","Exc L6 CT",-0.0230821576571665,5.22714258158157,1.01769145370515,0.313767740116446,0.657879462090935,0.657879462090935,"plaq_d"
"158","CAMK2N1","Exc L6 CT",0.0161127154740568,6.63162066532483,0.616327858281022,0.432948982226049,0.757683990067688,0.757683990067688,"plaq_d"
"159","MUL1","Exc L6 CT",-0.0110866900978841,3.22685116783437,0.0676482635525115,0.794945922651519,0.953000771778707,0.953000771778707,"plaq_d"
"160","FAM43B","Exc L6 CT",0.0305319273543167,3.20646044730955,0.490998627882777,0.483950145321121,0.792579615066235,0.792579615066235,"plaq_d"
"161","PINK1","Exc L6 CT",0.00460549553564387,5.30966410058418,0.0631241232995758,0.80177278816356,0.955770376566894,0.955770376566894,"plaq_d"
"162","DDOST","Exc L6 CT",-0.00713815948829925,4.00457506169949,0.0649067365394022,0.799052689737292,0.954936287685377,0.954936287685377,"plaq_d"
"163","KIF17","Exc L6 CT",0.000604959863391116,4.70197640194561,0.000598547086245432,0.992439121850559,0.999571689696322,0.999571689696322,"plaq_d"
"164","SH2D5","Exc L6 CT",-0.0503006213906259,3.28861352240194,1.51332325387833,0.219463148831286,0.558706652863447,0.558706652863447,"plaq_d"
"165","HP1BP3","Exc L6 CT",0.0370505704913319,7.15580345245428,10.9188829912779,0.00105082938256651,0.0284356011117059,0.0284356011117059,"plaq_d"
"166","EIF4G3","Exc L6 CT",0.0126040512081923,8.95168555445713,2.76141618043932,0.0974627171976172,0.383847294106609,0.383847294106609,"plaq_d"
"167","ECE1","Exc L6 CT",0.019101659171504,5.52459795257475,0.623040588896032,0.43045676741521,0.75604352231835,0.75604352231835,"plaq_d"
"168","NBPF3","Exc L6 CT",-0.0322175233754435,4.64492357499463,1.66541637642413,0.197729870425511,0.532637024275712,0.532637024275712,"plaq_d"
"169","RAP1GAP","Exc L6 CT",0.00291905210324025,7.36041356029133,0.0336226038168963,0.854618617869134,0.974800354737319,0.974800354737319,"plaq_d"
"170","USP48","Exc L6 CT",0.0198156155846467,6.8303791147844,3.16357944349395,0.155128157500505,0.47679250274466,0.47679250274466,"plaq_d"
"171","CDC42","Exc L6 CT",-0.00493497752185272,5.97741001468395,0.102998151222065,0.873077296508446,0.980233682498334,0.980233682498334,"plaq_d"
"172","ZBTB40","Exc L6 CT",-0.0124139761907471,4.36930040306528,0.187717903877521,0.665091084475614,0.892851292965069,0.892851292965069,"plaq_d"
"173","EPHB2","Exc L6 CT",-0.0294213415830385,6.86125566829807,3.61533577435741,0.0580744347281392,0.297522975923947,0.297522975923947,"plaq_d"
"174","KDM1A","Exc L6 CT",0.0089304564217535,6.15793080712247,0.423709560403754,0.515521142659386,0.811618806837764,0.811618806837764,"plaq_d"
"175","AL031428.1","Exc L6 CT",-0.0779346504601091,3.88889652756885,5.42189209485186,0.0204577861275359,0.17011844646699,0.17011844646699,"plaq_d"
"176","LUZP1","Exc L6 CT",-0.00174765422856922,6.82881635260304,0.0133411058681139,0.908112465141518,0.989420650042586,0.989420650042586,"plaq_d"
"177","LINC01355","Exc L6 CT",-0.0207039831782381,3.73245189025493,0.371001444153788,0.542856095312333,0.828340294560607,0.828340294560607,"plaq_d"
"178","AL109936.6","Exc L6 CT",-0.0454966646526583,1.75158396406296,0.295757262836394,0.642512662192666,0.881203285741464,0.881203285741464,"plaq_d"
"179","HNRNPR","Exc L6 CT",0.0113453804644703,5.71223110834031,0.493987750280575,0.48262346085582,0.791969871216391,0.791969871216391,"plaq_d"
"180","ZNF436","Exc L6 CT",0.091359449220581,2.80945412448113,3.78290987673831,0.0525832593166374,0.282724284416929,0.282724284416929,"plaq_d"
"181","ZNF436-AS1","Exc L6 CT",-0.0245924659183609,3.58717322708934,0.45415498008272,0.50081551074129,0.803966339542469,0.803966339542469,"plaq_d"
"182","TCEA3","Exc L6 CT",-0.0766661442195867,2.2931022378321,1.08404989199245,0.298515716430924,0.645885022720895,0.645885022720895,"plaq_d"
"183","ASAP3","Exc L6 CT",-0.0523389346293811,3.18892203938839,0.98878176596745,0.320730813922754,0.665360749502382,0.665360749502382,"plaq_d"
"184","RPL11","Exc L6 CT",-0.0657773384869025,5.07984626234205,3.71035115389545,0.0548897946293264,0.287761647299265,0.287761647299265,"plaq_d"
"185","ELOA","Exc L6 CT",-0.0226087857424897,4.23198795384077,0.665324239509594,0.415244164639615,0.745148886325961,0.745148886325961,"plaq_d"
"186","ELOA-AS1","Exc L6 CT",0.000198928125281298,4.94595125239565,7.52794075013801e-05,0.993082313490905,0.999571689696322,0.999571689696322,"plaq_d"
"187","PITHD1","Exc L6 CT",0.0101033700819256,5.19387227415314,0.274976297019467,0.600346650112401,0.860360398389652,0.860360398389652,"plaq_d"
"188","LYPLA2","Exc L6 CT",0.00586074863568693,3.2199042463078,0.0194800248638163,0.959267521706113,0.998742420766286,0.998742420766286,"plaq_d"
"189","GALE","Exc L6 CT",-0.0776234281016325,3.4006978645774,4.6917662764142,0.0309856423199684,0.212413955637269,0.212413955637269,"plaq_d"
"190","HMGCL","Exc L6 CT",-0.0277790366647805,3.49264075607686,0.506369823619054,0.47719102547046,0.789344129491849,0.789344129491849,"plaq_d"
"191","FUCA1","Exc L6 CT",-0.0287027590074707,3.30179561985132,0.531755863060955,0.466359807629852,0.780846218962475,0.780846218962475,"plaq_d"
"192","PNRC2","Exc L6 CT",0.096514497669051,3.64857939394172,7.73970035211011,0.00569623732266787,0.0838476814899045,0.0838476814899045,"plaq_d"
"193","SRSF10","Exc L6 CT",0.00641169786383108,6.13259026825696,0.192590663448336,0.981958751333447,0.999571689696322,0.999571689696322,"plaq_d"
"194","IFNLR1","Exc L6 CT",0.0352566760863056,3.27271513817415,0.594195634530507,0.441323994458719,0.763526045454599,0.763526045454599,"plaq_d"
"195","STPG1","Exc L6 CT",0.00549772176772219,4.62362583440756,0.0489517749089057,0.825027094510603,0.963985585882276,0.963985585882276,"plaq_d"
"196","NIPAL3","Exc L6 CT",0.0289421887108136,6.04186827865569,3.4107926056578,0.0656196455158251,0.314255321255061,0.314255321255061,"plaq_d"
"197","RCAN3","Exc L6 CT",-0.0781479786324666,1.82693849226865,0.70212466677008,0.402645494100918,0.735168344402984,0.735168344402984,"plaq_d"
"198","SRRM1","Exc L6 CT",-0.00485418913240645,6.09332760430527,0.0767134557892174,0.781966000760003,0.948132952660743,0.948132952660743,"plaq_d"
"199","SYF2","Exc L6 CT",0.00615393107446577,4.07642539433742,0.0470099464662918,0.828477339544201,0.965182469861481,0.965182469861481,"plaq_d"
"200","RSRP1","Exc L6 CT",-0.00226180670876829,7.27251221958657,0.017356682032896,0.895262271085473,0.986240867351275,0.986240867351275,"plaq_d"
"201","RHD","Exc L6 CT",-0.110948866984646,2.40751338953,1.9362609658769,0.164963417101654,0.490896092071379,0.490896092071379,"plaq_d"
"202","TMEM50A","Exc L6 CT",-0.000871475533531478,5.24839120501042,0.00188545415002797,0.965390176447327,0.998742420766286,0.998742420766286,"plaq_d"
"203","RHCE","Exc L6 CT",-0.0133627106655616,2.58379341166441,0.051120674307686,0.821257226706875,0.963631282552026,0.963631282552026,"plaq_d"
"204","MACO1","Exc L6 CT",0.0146921985220863,6.5889871313106,1.43568135705604,0.231654389743269,0.575975232252867,0.575975232252867,"plaq_d"
"205","MAN1C1","Exc L6 CT",0.0541707834157281,6.17181646942496,6.00158452998681,0.0147848806698392,0.142943681748157,0.142943681748157,"plaq_d"
"206","AL031280.1","Exc L6 CT",-0.0437547376886429,2.27488013786976,0.429693079316225,0.512572444706214,0.809988245224001,0.809988245224001,"plaq_d"
"207","SELENON","Exc L6 CT",-0.0695074828718222,2.76901692291147,1.87407177395213,0.171891900294551,0.499066980448564,0.499066980448564,"plaq_d"
"208","MTFR1L","Exc L6 CT",0.0324845404432733,4.70957559791797,2.15245481309112,0.143244756854272,0.459739639567975,0.459739639567975,"plaq_d"
"209","AUNIP","Exc L6 CT",-0.0436013060586636,2.32800789741365,0.485241345211654,0.486522502572405,0.794288611229015,0.794288611229015,"plaq_d"
"210","AL033528.2","Exc L6 CT",0.0500100947609917,1.86151986776795,0.389462680913807,0.532990618831356,0.821448889269307,0.821448889269307,"plaq_d"
"211","PAQR7","Exc L6 CT",-0.0660021442013578,3.0888667186911,2.0190197795193,0.156234290208287,0.478237049083245,0.478237049083245,"plaq_d"
"212","STMN1","Exc L6 CT",0.00663210516240553,7.01716777954994,0.147044616391365,0.701609800048373,0.909622462442533,0.909622462442533,"plaq_d"
"213","PAFAH2","Exc L6 CT",0.0149453463109068,3.41918009522866,0.1463100102603,0.708154256725025,0.911731600205593,0.911731600205593,"plaq_d"
"214","EXTL1","Exc L6 CT",-0.0163663468496378,5.11265861038097,0.526451128468781,0.468590078918422,0.78210319251016,0.78210319251016,"plaq_d"
"215","PDIK1L","Exc L6 CT",-0.0565057894134096,4.31160356424413,5.07446474800417,0.026323804182545,0.194404003184645,0.194404003184645,"plaq_d"
"216","ZNF593","Exc L6 CT",0.014010454518723,2.03394375138381,0.0464253721069101,0.82953057775,0.965549983610042,0.965549983610042,"plaq_d"
"217","CNKSR1","Exc L6 CT",0.00626325458731209,2.76830303202003,0.0117975114235539,0.913569356219275,0.989967061646606,0.989967061646606,"plaq_d"
"218","CEP85","Exc L6 CT",-0.064453724137393,4.24933208237294,5.2075767709718,0.0230914700090933,0.180469490907116,0.180469490907116,"plaq_d"
"219","SH3BGRL3","Exc L6 CT",0.00352392983025503,3.98593923564258,0.00950946574785615,0.922372347295735,0.992627684679289,0.992627684679289,"plaq_d"
"220","UBXN11","Exc L6 CT",-0.0332858562665927,3.56437268617962,0.992250834436348,0.319884597855609,0.664702464019826,0.664702464019826,"plaq_d"
"221","DHDDS","Exc L6 CT",-0.0368086519172717,5.34446448305715,3.81807337937254,0.0515027516469752,0.279469887941898,0.279469887941898,"plaq_d"
"222","AL513365.2","Exc L6 CT",-0.141160485499185,1.81046890169352,2.5891373432967,0.108505159547707,0.404883431013165,0.404883431013165,"plaq_d"
"223","HMGN2","Exc L6 CT",-0.0363598304988794,4.29966573271729,1.6319964709446,0.202278239219198,0.537940263871511,0.537940263871511,"plaq_d"
"224","RPS6KA1","Exc L6 CT",-0.0322503270201916,2.47721943648122,0.296927256592563,0.586164030616923,0.853922308418304,0.853922308418304,"plaq_d"
"225","ARID1A","Exc L6 CT",-0.0152049352345844,6.17134022012922,1.00691362803351,0.316340191472097,0.660965857819943,0.660965857819943,"plaq_d"
"226","PIGV","Exc L6 CT",-0.0581980118454588,2.61526332169453,1.18731909756352,0.276624522608314,0.624868449312615,0.624868449312615,"plaq_d"
"227","ZDHHC18","Exc L6 CT",-0.00228760734413444,5.05508433360291,0.0142903671772188,0.904914651888306,0.988984878170002,0.988984878170002,"plaq_d"
"228","GPN2","Exc L6 CT",0.0177539709515146,3.95398248038957,0.341464962204594,0.731324690548667,0.924288775313587,0.924288775313587,"plaq_d"
"229","GPATCH3","Exc L6 CT",-0.00542595645297794,2.72572225704751,0.0138626832974557,0.906341640976282,0.989269206538137,0.989269206538137,"plaq_d"
"230","NUDC","Exc L6 CT",0.0030390926699578,5.07767061263798,0.0204141605621364,0.886469072485616,0.984501043664535,0.984501043664535,"plaq_d"
"231","TRNP1","Exc L6 CT",0.0520088300122276,4.10114826312917,3.45830367611671,0.0655275810771046,0.314151205398468,0.314151205398468,"plaq_d"
"232","SLC9A1","Exc L6 CT",-0.0139285352099305,4.53782507293698,0.310038155698323,0.578014471834526,0.849299406489282,0.849299406489282,"plaq_d"
"233","WDTC1","Exc L6 CT",0.00996124157796446,5.43206603594145,0.295398741705344,0.5871292692698,0.854373088083295,0.854373088083295,"plaq_d"
"234","TMEM222","Exc L6 CT",-0.0265809680839942,4.76539392259518,1.24362033304413,0.265543541018113,0.612523248979044,0.612523248979044,"plaq_d"
"235","MAP3K6","Exc L6 CT",0.0382960228830634,1.83171938069282,0.240202323633265,0.6243686874133,0.873594287491677,0.873594287491677,"plaq_d"
"236","GPR3","Exc L6 CT",-0.296849455865666,1.48585608341679,7.95449671274066,0.0050715873865994,0.0781907298243407,0.0781907298243407,"plaq_d"
"237","WASF2","Exc L6 CT",0.00919416840250354,5.53519001554779,0.250055780766682,0.807723794526656,0.958107854321204,0.958107854321204,"plaq_d"
"238","AHDC1","Exc L6 CT",0.0154388820169067,6.04390418662555,1.11497379077706,0.291735382445834,0.639145117286596,0.639145117286596,"plaq_d"
"239","IFI6","Exc L6 CT",0.0550594823434084,4.01789416625434,0.419912332858686,0.517407851483167,0.812590515545539,0.812590515545539,"plaq_d"
"240","FAM76A","Exc L6 CT",-0.0300061657449364,4.76928909980965,1.87149629814303,0.172185981324755,0.499235430133824,0.499235430133824,"plaq_d"
"241","STX12","Exc L6 CT",0.0153091020993888,6.69373419023601,0.989864730306431,0.320466327712324,0.66533505245841,0.66533505245841,"plaq_d"
"242","PPP1R8","Exc L6 CT",-0.0541692105510874,4.31439313641577,4.77922155584041,0.0294705058867207,0.20592250194589,0.20592250194589,"plaq_d"
"243","THEMIS2","Exc L6 CT",-0.0269932860458953,4.34479258582241,0.991143299642294,0.320154440366309,0.665062106651236,0.665062106651236,"plaq_d"
"244","RPA2","Exc L6 CT",-0.0341123793819049,4.34837091630075,1.52279257747666,0.218029627155599,0.557750270396844,0.557750270396844,"plaq_d"
"245","SMPDL3B","Exc L6 CT",-0.0274605900837427,3.84316601021736,0.433084810794491,0.510914001749373,0.80861015492348,0.80861015492348,"plaq_d"
"246","XKR8","Exc L6 CT",-0.0631121212306943,3.53162164003478,1.9774677248459,0.160549208775684,0.484429556236968,0.484429556236968,"plaq_d"
"247","EYA3","Exc L6 CT",-0.0137477545433637,6.70846865060525,1.1781887680926,0.278475948927523,0.626283530549105,0.626283530549105,"plaq_d"
"248","PTAFR","Exc L6 CT",-0.219748493511372,1.57538903162783,4.63705650697564,0.0319747786430676,0.216107471054273,0.216107471054273,"plaq_d"
"249","DNAJC8","Exc L6 CT",0.034382321663087,4.90475240939567,2.57390593836699,0.109545789163799,0.407183367106134,0.407183367106134,"plaq_d"
"250","ATP5IF1","Exc L6 CT",0.00417797625943315,5.51154370636055,0.041566623492348,0.838567204491447,0.968820749155593,0.968820749155593,"plaq_d"
"251","AL353622.1","Exc L6 CT",-0.0121249282636606,1.77706260630178,0.020944435763516,0.885014157878833,0.984464416586969,0.984464416586969,"plaq_d"
"252","SESN2","Exc L6 CT",-0.0298939478809494,3.4746738135574,0.516118735311396,0.472983810054894,0.785190717304406,0.785190717304406,"plaq_d"
"253","PHACTR4","Exc L6 CT",-0.0144325452805849,6.67812519924599,0.939771952404152,0.333009383859631,0.677728206260241,0.677728206260241,"plaq_d"
"254","RCC1","Exc L6 CT",0.0357246491503488,4.50452187913239,1.8929454812029,0.16975438902218,0.497077466612777,0.497077466612777,"plaq_d"
"255","TRNAU1AP","Exc L6 CT",-0.0128878291730952,6.11097411878961,0.69934238005474,0.403578271525369,0.735938160757278,0.735938160757278,"plaq_d"
"256","SNHG12","Exc L6 CT",0.0259288650016487,2.87601109959725,0.33519087961597,0.630493455446503,0.876683500163605,0.876683500163605,"plaq_d"
"257","TAF12","Exc L6 CT",-0.0434953752286262,4.24764767211221,2.30498451111029,0.129866970575641,0.439544194855496,0.439544194855496,"plaq_d"
"258","GMEB1","Exc L6 CT",0.0120221451071334,4.38699879625845,0.246537853657748,0.61983681080953,0.87102638321245,0.87102638321245,"plaq_d"
"259","YTHDF2","Exc L6 CT",-0.0318702178538029,5.22298537951462,2.7497522269364,0.0981700349387436,0.384677721104138,0.384677721104138,"plaq_d"
"260","OPRD1","Exc L6 CT",-0.00950995434640602,2.28952724479688,0.0120976450187252,0.912481228777613,0.989967061646606,0.989967061646606,"plaq_d"
"261","EPB41","Exc L6 CT",0.0099232886640108,5.55112292457187,0.0984342574446552,0.753904609101479,0.935702280595301,0.935702280595301,"plaq_d"
"262","SRSF4","Exc L6 CT",0.0099902445997763,6.49689451575178,0.474392738387746,0.50201194969882,0.804689882146492,0.804689882146492,"plaq_d"
"263","MECR","Exc L6 CT",-0.0495092474377469,5.11361261545582,5.39071407281684,0.0208206252430707,0.171502369387724,0.171502369387724,"plaq_d"
"264","PTPRU","Exc L6 CT",-0.00651287792312709,5.85689366246563,0.105243501356694,0.745820520238065,0.9313232179284,0.9313232179284,"plaq_d"
"265","SDC3","Exc L6 CT",0.0140967140705252,5.19575702133847,0.325497469077868,0.568690423393857,0.842570174776703,0.842570174776703,"plaq_d"
"266","PUM1","Exc L6 CT",0.0409050683813431,7.36093090033973,15.8155347740565,8.49520873418521e-05,0.0057960675325749,0.0057960675325749,"plaq_d"
"267","NKAIN1","Exc L6 CT",0.0632945542544967,2.28685430978653,0.643259762466935,0.423079876193059,0.750264252157266,0.750264252157266,"plaq_d"
"268","SNRNP40","Exc L6 CT",-0.0405584534788381,4.95391102825714,3.49223783374442,0.062496623937681,0.307800683615072,0.307800683615072,"plaq_d"
"269","ZCCHC17","Exc L6 CT",0.000775408195178338,5.76852193739506,0.00238441356584091,0.961082406260545,0.998742420766286,0.998742420766286,"plaq_d"
"270","AL451070.1","Exc L6 CT",0.0748975553130797,4.13155730486775,3.68042780700357,0.0558721702531492,0.29058372939463,0.29058372939463,"plaq_d"
"271","FABP3","Exc L6 CT",0.0358245067042324,3.80135920145537,1.06634947635596,0.302488166836776,0.648589912010478,0.648589912010478,"plaq_d"
"272","SERINC2","Exc L6 CT",-0.0865278452168936,1.71408383867806,0.897493212983018,0.344111758239562,0.687958895922466,0.687958895922466,"plaq_d"
"273","PEF1","Exc L6 CT",0.0352316783948617,4.03026508013566,1.35400341729218,0.245376195518255,0.591039332716547,0.591039332716547,"plaq_d"
"274","COL16A1","Exc L6 CT",-0.0412207409796878,4.68200386032418,1.80470220485815,0.180019920803974,0.510351866855852,0.510351866855852,"plaq_d"
"275","ADGRB2","Exc L6 CT",-0.0296301365435067,6.11553897162412,2.78319040221722,0.0961571812286473,0.381718092810407,0.381718092810407,"plaq_d"
"276","AL136115.2","Exc L6 CT",-0.0721867011737455,2.66353664036951,1.98350682989013,0.159913709959703,0.483739812687516,0.483739812687516,"plaq_d"
"277","PTP4A2","Exc L6 CT",0.0146091504244097,3.8632711221727,0.232183811569124,0.678658538987391,0.896894131992533,0.896894131992533,"plaq_d"
"278","KHDRBS1","Exc L6 CT",-0.00116877243948211,6.29951386431244,0.00741972653124287,0.931406357550405,0.99444705473932,0.99444705473932,"plaq_d"
"279","AL445248.1","Exc L6 CT",-0.0821698588906084,2.6944508195409,2.35722314209229,0.125612121651036,0.432635938481145,0.432635938481145,"plaq_d"
"280","TMEM39B","Exc L6 CT",-0.0368799828775863,4.6425333689342,2.47649343277598,0.116467787190623,0.417108541331427,0.417108541331427,"plaq_d"
"281","KPNA6","Exc L6 CT",0.0170154902378757,6.61983123915807,1.78411243904984,0.182517554725342,0.512787415656914,0.512787415656914,"plaq_d"
"282","TXLNA","Exc L6 CT",-0.0433571898055608,4.07573096720782,2.55457772223666,0.115816675402632,0.416199914901721,0.416199914901721,"plaq_d"
"283","CCDC28B","Exc L6 CT",-0.0668024006926967,2.27211982728733,1.04074188479026,0.308357270304379,0.652689915835421,0.652689915835421,"plaq_d"
"284","DCDC2B","Exc L6 CT",-0.125869135664893,1.87168533522903,2.73854759931547,0.0988547968154605,0.385876804488983,0.385876804488983,"plaq_d"
"285","TMEM234","Exc L6 CT",-0.0114822432679564,3.112511072903,0.0846920460633573,0.771210075018673,0.943332471318999,0.943332471318999,"plaq_d"
"286","EIF3I","Exc L6 CT",0.000827656758112191,3.74044985569926,0.000826668185735826,0.97707898460651,0.999093977007575,0.999093977007575,"plaq_d"
"287","HDAC1","Exc L6 CT",-0.0733911989069657,2.46645919189634,1.42042009699556,0.234145936467553,0.578933347099549,0.578933347099549,"plaq_d"
"288","MARCKSL1","Exc L6 CT",0.0464609770478443,1.49913001707218,0.188002761533002,0.664852627978183,0.892837540333388,0.892837540333388,"plaq_d"
"289","TSSK3","Exc L6 CT",-0.0108374988197971,2.42492162096666,0.0390455498683776,0.86665962299842,0.977776797232387,0.977776797232387,"plaq_d"
"290","FAM229A","Exc L6 CT",-0.0747299353456329,2.764131977175,1.792544971496,0.181489812136085,0.511592188745267,0.511592188745267,"plaq_d"
"291","BSDC1","Exc L6 CT",0.009162378388813,6.20249925754473,0.382516914367822,0.712786252327842,0.913900150384005,0.913900150384005,"plaq_d"
"292","AL033529.1","Exc L6 CT",-0.0694914887376662,2.13199963602548,0.963437377103057,0.327003852726832,0.67203530199856,0.67203530199856,"plaq_d"
"293","ZBTB8A","Exc L6 CT",-0.0758739842202848,2.21724626894634,1.26353281221379,0.261757772922107,0.60848488584973,0.60848488584973,"plaq_d"
"294","ZBTB8OS","Exc L6 CT",-0.0316801739909198,6.79626956006227,5.83687833859759,0.0162076834286028,0.150520078614034,0.150520078614034,"plaq_d"
"295","RBBP4","Exc L6 CT",0.00924046359989987,5.93786573811875,0.414935137491163,0.786598855389894,0.949989691459137,0.949989691459137,"plaq_d"
"296","SYNC","Exc L6 CT",-0.0718004737962788,3.72693658436302,3.81628962524647,0.0515569909831686,0.279553462219847,0.279553462219847,"plaq_d"
"297","KIAA1522","Exc L6 CT",0.0121702475534751,4.02549583227929,0.165274498755282,0.684595876384158,0.900774195488207,0.900774195488207,"plaq_d"
"298","YARS","Exc L6 CT",0.0313548007681986,5.84548244142717,3.49990962038563,0.0823722076033356,0.352378958602787,0.352378958602787,"plaq_d"
"299","S100PBP","Exc L6 CT",0.0176871038622389,5.68763010534719,0.825773275359356,0.364126115814878,0.704785101511474,0.704785101511474,"plaq_d"
"300","HPCA","Exc L6 CT",-0.0496710770473474,3.5474835399881,0.831516042341152,0.362465396824317,0.703241489579901,0.703241489579901,"plaq_d"
"301","RNF19B","Exc L6 CT",-0.0164584963732881,3.62869661314024,0.230304642444713,0.631599346288953,0.876867380229468,0.876867380229468,"plaq_d"
"302","AL020995.1","Exc L6 CT",-0.0855416078138155,2.56860959452692,2.3358775544931,0.139908104110683,0.455167698706757,0.455167698706757,"plaq_d"
"303","AK2","Exc L6 CT",-0.0118166015498847,4.41378079365571,0.230795084176081,0.631236591734921,0.876812232209179,0.876812232209179,"plaq_d"
"304","AZIN2","Exc L6 CT",-0.00496870117713158,5.09683467707054,0.0555044778919739,0.813886324515888,0.960100159227665,0.960100159227665,"plaq_d"
"305","AL662907.3","Exc L6 CT",0.0526977542947044,2.94186843486163,1.37111865471982,0.242420487263213,0.587546245750086,0.587546245750086,"plaq_d"
"306","ZNF362","Exc L6 CT",-0.0377832747668468,5.11914588759648,3.59431433128841,0.0588052912189852,0.299398509813579,0.299398509813579,"plaq_d"
"307","AL513327.1","Exc L6 CT",-0.111313032351192,2.39140169379967,3.01189642757183,0.0835402487815799,0.354553485100125,0.354553485100125,"plaq_d"
"308","PHC2","Exc L6 CT",0.015281897766703,6.28882132193804,1.17765937537645,0.278583777269676,0.626283530549105,0.626283530549105,"plaq_d"
"309","CSMD2","Exc L6 CT",0.0135746411901101,8.18701321664437,0.836362260778149,0.361072097757122,0.702172989048352,0.702172989048352,"plaq_d"
"310","SMIM12","Exc L6 CT",0.00926108415280279,5.35185374042862,0.186481124708105,0.666128901699633,0.893478550445554,0.893478550445554,"plaq_d"
"311","DLGAP3","Exc L6 CT",-0.0285439757229606,6.05941262123187,2.23222112232448,0.136065057577515,0.448749729412577,0.448749729412577,"plaq_d"
"312","AC114490.3","Exc L6 CT",-0.0930703590965339,2.78451021624822,3.37030850114436,0.0977745912514434,0.384260669740308,0.384260669740308,"plaq_d"
"313","ZMYM1","Exc L6 CT",-0.0018215386505627,4.1094574921984,0.00397404568325194,0.949770798571888,0.99802142424354,0.99802142424354,"plaq_d"
"314","AL590434.1","Exc L6 CT",-0.0166724245587088,2.22423710116556,0.0404695924314931,0.840682676674799,0.969513185327633,0.969513185327633,"plaq_d"
"315","SFPQ","Exc L6 CT",-0.0207205586746441,6.89235782465412,2.04306844956135,0.153797492613967,0.475001697369973,0.475001697369973,"plaq_d"
"316","ZMYM4","Exc L6 CT",0.0162531883745929,7.24831121399845,2.29002869907514,0.131114629110611,0.441629901889649,0.441629901889649,"plaq_d"
"317","ZMYM4-AS1","Exc L6 CT",0.0147158890409782,1.9216287080833,0.0614578652256619,0.80435251702777,0.95682191663624,0.95682191663624,"plaq_d"
"318","KIAA0319L","Exc L6 CT",0.00531385125248384,7.00046617861328,0.187302786012354,0.665438967977132,0.893125059015363,0.893125059015363,"plaq_d"
"319","NCDN","Exc L6 CT",0.0762439174196182,6.88275105940301,12.6009614455011,0.000438490018165307,0.0162693358286282,0.0162693358286282,"plaq_d"
"320","AC004865.2","Exc L6 CT",-0.0595290825129133,2.20778334463166,0.756659252619382,0.38497527290432,0.719691434746328,0.719691434746328,"plaq_d"
"321","TFAP2E","Exc L6 CT",-0.0738068029696753,4.4684958085362,6.14286837561849,0.0136675400524011,0.136542613875341,0.136542613875341,"plaq_d"
"322","PSMB2","Exc L6 CT",-0.0275929868316635,5.08642144005815,1.8882465738325,0.190653269272112,0.523887089986891,0.523887089986891,"plaq_d"
"323","C1orf216","Exc L6 CT",0.0534319631691816,4.77448079603303,5.83411619944913,0.0162327176947621,0.150520078614034,0.150520078614034,"plaq_d"
"324","CLSPN","Exc L6 CT",0.0729958479690748,2.41824447752562,1.22405154075828,0.269330781923269,0.61710742265914,0.61710742265914,"plaq_d"
"325","AGO4","Exc L6 CT",-0.0333644738200851,6.2288733868536,5.42037617909693,0.0204752748885953,0.17011844646699,0.17011844646699,"plaq_d"
"326","AGO1","Exc L6 CT",0.0141111585300287,5.67637164381649,0.855257051920512,0.362592998528434,0.703383272404974,0.703383272404974,"plaq_d"
"327","AGO3","Exc L6 CT",0.0201774563256956,7.56366257788965,3.97264214295483,0.0470251638784512,0.265272045138787,0.265272045138787,"plaq_d"
"328","AL138787.2","Exc L6 CT",-0.00193411258393293,2.5241792898752,0.00040452452003566,0.983964913488151,0.999571689696322,0.999571689696322,"plaq_d"
"329","ADPRHL2","Exc L6 CT",-0.00513102315371074,3.33671887975986,0.0203521759756369,0.886640392266432,0.984501043664535,0.984501043664535,"plaq_d"
"330","TRAPPC3","Exc L6 CT",0.0320593249968505,4.42535803171961,1.74201212173984,0.2043909533233,0.540010760935326,0.540010760935326,"plaq_d"
"331","MAP7D1","Exc L6 CT",0.0505714000671541,4.94276850855976,6.99024678772038,0.0132016431291858,0.134121986229893,0.134121986229893,"plaq_d"
"332","THRAP3","Exc L6 CT",-0.00288787455445534,6.22843665870793,0.0458197094719928,0.830629156901683,0.966437997474875,0.966437997474875,"plaq_d"
"333","SH3D21","Exc L6 CT",0.04668123530411,2.81219298574935,0.884691816920234,0.347571895180558,0.691493228720193,0.691493228720193,"plaq_d"
"334","AL591845.1","Exc L6 CT",-0.00446136524053185,4.26168508428532,0.0194972811587998,0.889030960536122,0.984859409526221,0.984859409526221,"plaq_d"
"335","STK40","Exc L6 CT",-0.0484649093977645,5.28843040527176,4.94530412301635,0.0268026760935818,0.196562060643507,0.196562060643507,"plaq_d"
"336","LSM10","Exc L6 CT",-0.00977147940087526,3.49515607724471,0.0809936949312658,0.776124455956691,0.945698791033255,0.945698791033255,"plaq_d"
"337","OSCP1","Exc L6 CT",-0.0119128962282478,4.26585005860523,0.186785944322325,0.759786387527532,0.938390943277827,0.938390943277827,"plaq_d"
"338","MRPS15","Exc L6 CT",-0.0182085417359863,3.56667951620566,0.339509992154268,0.560489332783912,0.838143184248177,0.838143184248177,"plaq_d"
"339","AL596257.1","Exc L6 CT",0.00601184777288978,2.82530677180148,0.0128748173326746,0.909725516726889,0.989478998057174,0.989478998057174,"plaq_d"
"340","GRIK3","Exc L6 CT",0.00407365905751021,7.8307167616077,0.0885282250121197,0.766234054436747,0.94094561525816,0.94094561525816,"plaq_d"
"341","MEAF6","Exc L6 CT",0.0215989302214536,5.32156802518776,1.1983012934185,0.274418098626,0.622129598081873,0.622129598081873,"plaq_d"
"342","SNIP1","Exc L6 CT",-0.0374234097783144,3.45680603104267,1.13727081931965,0.307900876728135,0.652689915835421,0.652689915835421,"plaq_d"
"343","GNL2","Exc L6 CT",-0.0679950525174662,3.38639706138558,3.71301161324074,0.0737684315038975,0.332697474915448,0.332697474915448,"plaq_d"
"344","C1orf109","Exc L6 CT",0.00131397879472762,3.6340970832268,0.00137804008906766,0.9941547622341,0.999633003011692,0.999633003011692,"plaq_d"
"345","EPHA10","Exc L6 CT",-0.092687756272309,4.78618972917811,8.18070720759054,0.00448923639872227,0.0728602561398037,0.0728602561398037,"plaq_d"
"346","MANEAL","Exc L6 CT",-0.00260799528163685,3.68734904319475,0.00617203097557942,0.937425923085897,0.996101534451179,0.996101534451179,"plaq_d"
"347","YRDC","Exc L6 CT",-0.024023139130771,2.50472437916507,0.2009671438099,0.654220145376577,0.887204269979093,0.887204269979093,"plaq_d"
"348","C1orf122","Exc L6 CT",0.0118167095040128,4.06491546258834,0.164476869833389,0.872536781425975,0.980106078761575,0.980106078761575,"plaq_d"
"349","MTF1","Exc L6 CT",-0.0160502569191644,4.72377791601646,0.52957677363644,0.546928969740001,0.8303722261524,0.8303722261524,"plaq_d"
"350","AL929472.2","Exc L6 CT",-0.142079996228548,2.31539102837149,3.92511505355181,0.048356258103675,0.268778645428767,0.268778645428767,"plaq_d"
"351","INPP5B","Exc L6 CT",-0.0242217829666106,6.10764104590095,2.02862420299857,0.155255857579147,0.476898862898203,0.476898862898203,"plaq_d"
"352","SF3A3","Exc L6 CT",-0.0411541101284807,4.70317411916541,3.55367530217297,0.0602461891992658,0.302519984406755,0.302519984406755,"plaq_d"
"353","UTP11","Exc L6 CT",0.0516092788095858,3.04888180565599,1.53987250784586,0.215472184782124,0.5540633538892,0.5540633538892,"plaq_d"
"354","RRAGC","Exc L6 CT",0.0148608005629371,3.85169969690761,0.250800687563295,0.616828264239525,0.86977969625572,0.86977969625572,"plaq_d"
"355","AL139260.1","Exc L6 CT",0.025413410608784,7.06995641550798,3.47321609786127,0.0632114873169954,0.309416039243613,0.309416039243613,"plaq_d"
"356","RHBDL2","Exc L6 CT",-0.0357641950428961,3.68326584563139,0.942421221898779,0.332329803952928,0.676992030875854,0.676992030875854,"plaq_d"
"357","AKIRIN1","Exc L6 CT",0.0228042502778077,5.0744348198698,1.29802665703946,0.25535716131191,0.602716605131049,0.602716605131049,"plaq_d"
"358","NDUFS5","Exc L6 CT",-0.0167977315443951,5.01429038751856,0.404351028493318,0.525268435722219,0.817207495258297,0.817207495258297,"plaq_d"
"359","MACF1","Exc L6 CT",0.0100681193157401,8.77567589028631,1.0747224410854,0.300600589641235,0.647273064068988,0.647273064068988,"plaq_d"
"360","BMP8A","Exc L6 CT",0.0361593493994725,2.47546841340324,0.339538026722968,0.560473153679853,0.838143184248177,0.838143184248177,"plaq_d"
"361","PABPC4","Exc L6 CT",0.0537341485101161,3.90760656658955,3.34197253550551,0.0683890811809144,0.320626398453182,0.320626398453182,"plaq_d"
"362","HPCAL4","Exc L6 CT",0.0426852884933335,6.05308152662434,6.51153942446715,0.0111443076102124,0.122468284241693,0.122468284241693,"plaq_d"
"363","PPIE","Exc L6 CT",-0.00142869476422508,4.60497539609581,0.00320321065574719,0.964977368045602,0.998742420766286,0.998742420766286,"plaq_d"
"364","TRIT1","Exc L6 CT",-0.00689136839160846,5.32124309968176,0.139830048849868,0.862788263387529,0.976925559917429,0.976925559917429,"plaq_d"
"365","MYCL","Exc L6 CT",-0.0175495170371503,1.82746656262338,0.0468493498035071,0.828766003168023,0.965284415987609,0.965284415987609,"plaq_d"
"366","MFSD2A","Exc L6 CT",-0.00778561197182402,2.04949921050707,0.0136831108779394,0.906947439603513,0.989420650042586,0.989420650042586,"plaq_d"
"367","CAP1","Exc L6 CT",0.0329000228089128,5.12065924152082,2.81874928827306,0.0940660814447225,0.377312707851275,0.377312707851275,"plaq_d"
"368","PPT1","Exc L6 CT",-0.0128438069524327,4.88659363263666,0.419815542385607,0.600248803584701,0.860335502504902,0.860335502504902,"plaq_d"
"369","RLF","Exc L6 CT",0.00100551271580214,6.79802802481078,0.00602385457472916,0.951610321796678,0.998060774630991,0.998060774630991,"plaq_d"
"370","AL050341.2","Exc L6 CT",-0.0170257533476535,2.68831308580553,0.0962576613840193,0.756553281344998,0.937371276885589,0.937371276885589,"plaq_d"
"371","ZMPSTE24","Exc L6 CT",-0.00177965680473389,4.39087913092697,0.00509934615991065,0.962114955485387,0.998742420766286,0.998742420766286,"plaq_d"
"372","SMAP2","Exc L6 CT",0.0279717411806551,6.23266488628899,4.50920516307829,0.0344176507550974,0.224502265641315,0.224502265641315,"plaq_d"
"373","ZFP69B","Exc L6 CT",0.0249557408622086,3.15780162688111,0.35270858440668,0.55296948160868,0.833041927295789,0.833041927295789,"plaq_d"
"374","AL603839.3","Exc L6 CT",0.0148173579071598,4.15518656673772,0.232291459894516,0.630132724453976,0.876683500163605,0.876683500163605,"plaq_d"
"375","EXO5","Exc L6 CT",0.0716724365257577,2.08048808904605,1.09552121205255,0.295977133355698,0.64388382606001,0.64388382606001,"plaq_d"
"376","ZNF684","Exc L6 CT",-0.0222985960620436,2.45839831347155,0.143665780336125,0.704894613122637,0.91037135384779,0.91037135384779,"plaq_d"
"377","RIMS3","Exc L6 CT",0.0240714306576843,5.28630621811924,1.39562486688793,0.238263729850338,0.583043456557108,0.583043456557108,"plaq_d"
"378","NFYC","Exc L6 CT",-0.0064693241392199,5.57783051076158,0.141725298744741,0.706801112982564,0.91093185519221,0.91093185519221,"plaq_d"
"379","KCNQ4","Exc L6 CT",-0.0762331053971989,2.27670334891968,1.44341174098254,0.230404584232209,0.574057527623206,0.574057527623206,"plaq_d"
"380","CTPS1","Exc L6 CT",0.00405422639950227,3.75594901937976,0.0132904694308985,0.908286236590823,0.989447950029737,0.989447950029737,"plaq_d"
"381","SLFNL1-AS1","Exc L6 CT",-0.044389054266072,2.42238848414994,0.507872885078974,0.476538401093106,0.788734365362532,0.788734365362532,"plaq_d"
"382","SLFNL1","Exc L6 CT",-0.109461028809848,2.43776137039848,3.00740595448686,0.0837698818368979,0.354797227001267,0.354797227001267,"plaq_d"
"383","SCMH1","Exc L6 CT",-0.0132455582093326,7.90072579564612,1.32734829078837,0.250067903431115,0.597407490506858,0.597407490506858,"plaq_d"
"384","AC093151.3","Exc L6 CT",0.0131816859315867,2.61617352078154,0.0478552015842398,0.826966482295566,0.964445808159345,0.964445808159345,"plaq_d"
"385","FOXO6","Exc L6 CT",-0.0447781403961147,2.61765743759976,0.588643013419463,0.443464250326251,0.76502233046096,0.76502233046096,"plaq_d"
"386","HIVEP3","Exc L6 CT",0.0167936471144705,9.22524040569,2.119625896993,0.146323094920877,0.464051702635516,0.464051702635516,"plaq_d"
"387","FOXJ3","Exc L6 CT",-0.00412604670416681,6.97498097431103,0.151509566087443,0.697334855879704,0.907797747447635,0.907797747447635,"plaq_d"
"388","RIMKLA","Exc L6 CT",-0.0182599964385659,5.5120613940188,0.942398762875889,0.332335557251991,0.676992030875854,0.676992030875854,"plaq_d"
"389","PPCS","Exc L6 CT",-0.0464763909907265,3.15192075929657,1.19043108986138,0.275997031635326,0.624234606036473,0.624234606036473,"plaq_d"
"390","CCDC30","Exc L6 CT",0.0042156537134316,7.24643731426932,0.118125432643524,0.834561717524117,0.967494804757383,0.967494804757383,"plaq_d"
"391","PPIH","Exc L6 CT",-0.0506044921815812,4.12552822301911,3.28655852073916,0.0707102831094752,0.325871527277082,0.325871527277082,"plaq_d"
"392","YBX1","Exc L6 CT",0.0161152375881429,4.24072920299992,0.380475142870517,0.538883169930399,0.825645180323331,0.825645180323331,"plaq_d"
"393","P3H1","Exc L6 CT",0.00756090951382901,4.28209709263823,0.0832738555161111,0.885396236051982,0.984487851564404,0.984487851564404,"plaq_d"
"394","AC098484.3","Exc L6 CT",-0.0348217553501133,2.2837085603749,0.317711499049776,0.573349030712511,0.84621871330814,0.84621871330814,"plaq_d"
"395","SVBP","Exc L6 CT",-0.000836051921994961,3.66390510859136,0.000621732715707744,0.980121437484388,0.999396584092899,0.999396584092899,"plaq_d"
"396","ERMAP","Exc L6 CT",-0.0449013576477922,3.16085710652279,0.948678207745316,0.330732129549454,0.675063056429029,0.675063056429029,"plaq_d"
"397","ZNF691","Exc L6 CT",-0.150290046122081,1.99896235734995,4.11258894771153,0.0433261603524113,0.25344307372341,0.25344307372341,"plaq_d"
"398","SLC2A1","Exc L6 CT",0.0629962210824294,2.54907868040241,1.36520155420252,0.243437386176146,0.588698910027178,0.588698910027178,"plaq_d"
"399","SLC2A1-AS1","Exc L6 CT",-0.0324689722050214,3.87680603035801,0.882133734678001,0.348268992138397,0.692019380376034,0.692019380376034,"plaq_d"
"400","EBNA1BP2","Exc L6 CT",-0.0871338126800048,3.23660237013346,4.6362171929036,0.0319902084494144,0.216110296028986,0.216110296028986,"plaq_d"
"401","CFAP57","Exc L6 CT",-0.0539006886123816,2.137875923029,0.613934040115635,0.433843041921833,0.757698516826922,0.757698516826922,"plaq_d"
"402","ELOVL1","Exc L6 CT",-0.0400525238270099,2.59766691502404,0.541551520122669,0.462285875724196,0.77740819602179,0.77740819602179,"plaq_d"
"403","MED8","Exc L6 CT",-0.0260421033702792,3.33020364747456,0.529319143793236,0.478726309706726,0.789344129491849,0.789344129491849,"plaq_d"
"404","SZT2","Exc L6 CT",0.00613374805724028,5.00245680073054,0.0882909292852729,0.8487267752894,0.972157850924001,0.972157850924001,"plaq_d"
"405","HYI","Exc L6 CT",-0.0323349758071357,2.1566699261234,0.209494823308043,0.647449119499256,0.883726151025722,0.883726151025722,"plaq_d"
"406","PTPRF","Exc L6 CT",0.032547651130192,5.6228390024408,3.0513267913707,0.0815529328987411,0.350343934926463,0.350343934926463,"plaq_d"
"407","KDM4A-AS1","Exc L6 CT",-0.0669686180431607,2.28732117080971,1.08729824467283,0.297794024939357,0.645833501510544,0.645833501510544,"plaq_d"
"408","ST3GAL3","Exc L6 CT",0.0424226369752956,2.7278686321012,0.747416778371947,0.387890515472812,0.722202775575091,0.722202775575091,"plaq_d"
"409","AL451062.1","Exc L6 CT",0.0078569075399638,1.91797595735632,0.0169475283666973,0.930093370125694,0.994370823812207,0.994370823812207,"plaq_d"
"410","AL357079.1","Exc L6 CT",-0.000544022558549509,2.21977348659136,8.18327739400429e-06,0.997719178553694,0.999906738276838,0.999906738276838,"plaq_d"
"411","IPO13","Exc L6 CT",0.00314120336398733,3.68877456760258,0.00897174276457693,0.924592284106267,0.993407704701672,0.993407704701672,"plaq_d"
"412","DPH2","Exc L6 CT",0.00258003537009842,2.66276307230797,0.00311324344106944,0.996413180977995,0.999906738276838,0.999906738276838,"plaq_d"
"413","ATP6V0B","Exc L6 CT",0.0170173315037572,5.35246220755966,0.647015764748752,0.421730489683635,0.749425771654766,0.749425771654766,"plaq_d"
"414","B4GALT2","Exc L6 CT",0.0158071916974658,3.87492740179585,0.260501407234929,0.618162260330796,0.87075539924795,0.87075539924795,"plaq_d"
"415","CCDC24","Exc L6 CT",-0.0463506202397252,4.54395103684557,3.12275261961166,0.078082187567255,0.34360038039851,0.34360038039851,"plaq_d"
"416","DMAP1","Exc L6 CT",-0.0457497811677637,4.12397945516321,2.37888312417295,0.123893745101639,0.429363108927107,0.429363108927107,"plaq_d"
"417","ERI3","Exc L6 CT",0.0126091923897313,6.58535154727661,0.794694972828254,0.373299825977783,0.710955389314004,0.710955389314004,"plaq_d"
"418","RNF220","Exc L6 CT",-0.0687875399140654,3.55084138741757,0.54350297829525,0.461481067716152,0.77665202838926,0.77665202838926,"plaq_d"
"419","TMEM53","Exc L6 CT",-0.0627346778634564,3.1450967935344,2.17030889760127,0.141601359415903,0.457676957824727,0.457676957824727,"plaq_d"
"420","ARMH1","Exc L6 CT",-0.0511441871968943,4.92348720368868,4.24933828750675,0.0400075646371421,0.242837879117393,0.242837879117393,"plaq_d"
"421","RPS8","Exc L6 CT",-0.0525146936468888,5.40040865377477,3.56494719311275,0.0598427913199124,0.301961732857153,0.301961732857153,"plaq_d"
"422","PLK3","Exc L6 CT",-0.0384720972841694,1.93896394108698,0.225077514341001,0.635495431730112,0.878269581788608,0.878269581788608,"plaq_d"
"423","PTCH2","Exc L6 CT",0.0121920765114807,5.51246912685994,0.328668967338843,0.566813962867847,0.841377804875288,0.841377804875288,"plaq_d"
"424","EIF2B3","Exc L6 CT",-0.0224022467611982,5.99059141142564,1.97930032183848,0.160356058698958,0.484332932993363,0.484332932993363,"plaq_d"
"425","HECTD3","Exc L6 CT",-0.049142018830255,3.17756841309337,1.76942827788395,0.196932675860786,0.531902964670147,0.531902964670147,"plaq_d"
"426","UROD","Exc L6 CT",0.0229088016083491,3.51721915181402,0.397695899648059,0.528695275411785,0.818824887836237,0.818824887836237,"plaq_d"
"427","ZSWIM5","Exc L6 CT",0.00697067875287879,6.72691556162094,0.231698049706089,0.630569953889554,0.876683500163605,0.876683500163605,"plaq_d"
"428","MUTYH","Exc L6 CT",-0.0486327365908926,2.91503625176256,1.11352602780014,0.364219174351279,0.704785101511474,0.704785101511474,"plaq_d"
"429","TOE1","Exc L6 CT",-0.0136190217394277,2.35030681406628,0.0507421139955207,0.821909081347352,0.963649904714272,0.963649904714272,"plaq_d"
"430","TESK2","Exc L6 CT",-0.00213086305451207,3.62650588078553,0.00269322372985718,0.95864109848944,0.998742420766286,0.998742420766286,"plaq_d"
"431","MMACHC","Exc L6 CT",0.0527007276144441,2.66875220262851,1.03733087339986,0.309150194035047,0.65352807537864,0.65352807537864,"plaq_d"
"432","PRDX1","Exc L6 CT",0.0410026749995884,4.62206555304682,2.93096435038156,0.0877859554240328,0.362734389863483,0.362734389863483,"plaq_d"
"433","AKR1A1","Exc L6 CT",-0.0897052978720072,3.91819520132497,8.42766353429247,0.00393111191448429,0.0677751941567854,0.0677751941567854,"plaq_d"
"434","NASP","Exc L6 CT",-0.0346921930509009,5.68666860965196,3.39104569217667,0.0664017683173493,0.315797772281652,0.315797772281652,"plaq_d"
"435","GPBP1L1","Exc L6 CT",-0.01663916533636,6.22892336402261,1.3268985606253,0.250148003917801,0.597416342797046,0.597416342797046,"plaq_d"
"436","TMEM69","Exc L6 CT",0.0243205761631187,3.898233495435,0.688928521643647,0.407097769812777,0.739225465971839,0.739225465971839,"plaq_d"
"437","IPP","Exc L6 CT",-0.0472842431909171,3.76216400495244,2.16057579652874,0.142494597628948,0.458812844434429,0.458812844434429,"plaq_d"
"438","MAST2","Exc L6 CT",-0.0422522524613716,5.86929037975758,7.27606830803592,0.00732793672863719,0.0959899701050601,0.0959899701050601,"plaq_d"
"439","PIK3R3","Exc L6 CT",0.087983889896903,2.70923962237449,2.39595445729554,0.122557861876638,0.427679269700377,0.427679269700377,"plaq_d"
"440","AL358075.2","Exc L6 CT",0.321667270780808,1.48802415995968,5.96872707953876,0.0150580197393141,0.144324402241789,0.144324402241789,"plaq_d"
"441","POMGNT1","Exc L6 CT",-0.013336922057908,4.70525965042118,0.35490595972368,0.551736064457486,0.832621312811235,0.832621312811235,"plaq_d"
"442","LURAP1","Exc L6 CT",-0.0716516972411271,4.26722936236102,5.16996113884841,0.0235889981650463,0.182181983682407,0.182181983682407,"plaq_d"
"443","RAD54L","Exc L6 CT",0.0775851560683058,2.33074608265096,1.66303165320951,0.198050404536571,0.533021802899323,0.533021802899323,"plaq_d"
"444","LRRC41","Exc L6 CT",-0.0137777340756457,5.50512463720047,0.66132755699517,0.41664736460602,0.745940342326788,0.745940342326788,"plaq_d"
"445","UQCRH","Exc L6 CT",-0.0104625315583223,6.08625252089907,0.40752823192755,0.938087686231235,0.996248409160424,0.996248409160424,"plaq_d"
"446","NSUN4","Exc L6 CT",-0.0622952612648585,4.54414799451188,6.76976014502737,0.00966736096921319,0.113032231832698,0.113032231832698,"plaq_d"
"447","FAAH","Exc L6 CT",-0.0378657119833719,4.9837542791354,2.36792623765196,0.124759701349648,0.43131411882742,0.43131411882742,"plaq_d"
"448","AL136373.1","Exc L6 CT",-0.0686595228762998,2.98450477679559,1.52361366900261,0.217905854396033,0.557750270396844,0.557750270396844,"plaq_d"
"449","MKNK1-AS1","Exc L6 CT",-0.0560533498941292,2.24546009271271,0.70302546313338,0.40234417108231,0.734857483747899,0.734857483747899,"plaq_d"
"450","MKNK1","Exc L6 CT",-0.0158386457363307,5.98730486878783,0.919918632867302,0.338161842611888,0.682199815896964,0.682199815896964,"plaq_d"
"451","ATPAF1","Exc L6 CT",0.00743647724414627,5.97897500111782,0.252735161531633,0.615473530383492,0.869428223272997,0.869428223272997,"plaq_d"
"452","EFCAB14","Exc L6 CT",-0.0129394032924284,4.7101334406972,0.347862811370783,0.555707962720419,0.835157305702386,0.835157305702386,"plaq_d"
"453","CYP4X1","Exc L6 CT",-0.00795028333409627,5.74887291761578,0.189853179341155,0.6633088332621,0.892003344375128,0.892003344375128,"plaq_d"
"454","CYP4Z1","Exc L6 CT",-0.0300597069942159,4.29203175656269,0.887902464578496,0.346699653014785,0.69083640711136,0.69083640711136,"plaq_d"
"455","CYP4A22-AS1","Exc L6 CT",0.0299357331652843,4.31376192550943,0.75515327489364,0.385448148578658,0.72035720458761,0.72035720458761,"plaq_d"
"456","STIL","Exc L6 CT",-0.00662357216597564,3.10050424270875,0.0202467938719419,0.886932271009695,0.984501043664535,0.984501043664535,"plaq_d"
"457","CMPK1","Exc L6 CT",0.0183040223305872,5.15466208007408,0.791477620086714,0.374267930817675,0.711074192208887,0.711074192208887,"plaq_d"
"458","LINC01389","Exc L6 CT",-0.153443054121963,1.7654605425583,3.12008162348654,0.0782090609951575,0.343700517536901,0.343700517536901,"plaq_d"
"459","SPATA6","Exc L6 CT",0.0207127306376601,5.06401633920831,0.696680484613959,0.404473644316045,0.736511370669148,0.736511370669148,"plaq_d"
"460","AGBL4","Exc L6 CT",0.00112549956095224,10.5950355465756,0.0128666447883555,0.909754049968466,0.989478998057174,0.989478998057174,"plaq_d"
"461","AC099788.1","Exc L6 CT",0.00161214497578304,2.60049151455376,0.00215090652349478,0.963035664647468,0.998742420766286,0.998742420766286,"plaq_d"
"462","ELAVL4","Exc L6 CT",0.0584000835695258,7.69085026753289,27.8814926449604,2.27608642485397e-07,9.10181671449937e-05,9.10181671449937e-05,"plaq_d"
"463","FAF1","Exc L6 CT",0.00889561159082537,8.58319627461813,1.15418204253667,0.283419321455052,0.629742946699633,0.629742946699633,"plaq_d"
"464","LINC01562","Exc L6 CT",-0.0845257190054644,2.73146721734174,2.44789411283248,0.118591003108093,0.420769301348407,0.420769301348407,"plaq_d"
"465","RNF11","Exc L6 CT",0.0655100629502437,6.54456000194472,21.0210608987654,6.34295881161477e-06,0.000998486767768864,0.000998486767768864,"plaq_d"
"466","TTC39A","Exc L6 CT",-0.0341123234120935,4.24877902364614,1.53530619234068,0.257101737312669,0.604459482398674,0.604459482398674,"plaq_d"
"467","EPS15","Exc L6 CT",0.0529519248291403,7.1070532892908,19.5506614432182,1.31106729028505e-05,0.00157284372591197,0.00157284372591197,"plaq_d"
"468","AC104170.1","Exc L6 CT",0.0750679292499277,3.22002153591121,2.27744482637225,0.132174819309309,0.443850874452252,0.443850874452252,"plaq_d"
"469","OSBPL9","Exc L6 CT",0.02156885572909,6.7180713112043,2.98914053805857,0.141469328903093,0.45740472157549,0.45740472157549,"plaq_d"
"470","NRDC","Exc L6 CT",0.0100531955746672,7.2279198682975,0.876576659253324,0.364088159281587,0.704785101511474,0.704785101511474,"plaq_d"
"471","RAB3B","Exc L6 CT",0.147161152318728,5.33401085729038,15.6972576194161,9.01871676110484e-05,0.00598310813331177,0.00598310813331177,"plaq_d"
"472","TXNDC12","Exc L6 CT",-0.0174930819441177,4.76802402290543,0.610904333597304,0.4349786409513,0.75839219974557,0.75839219974557,"plaq_d"
"473","BTF3L4","Exc L6 CT",0.0212328679313983,5.46823202920749,1.52928062984031,0.23913863084441,0.584143268729722,0.584143268729722,"plaq_d"
"474","ZFYVE9","Exc L6 CT",-0.00898997092647468,7.35872251582862,0.727614294627539,0.394243958873273,0.727581158113641,0.727581158113641,"plaq_d"
"475","CC2D1B","Exc L6 CT",-0.0108889250515042,3.32797751475759,0.0768426468493871,0.781787148665839,0.948075797505974,0.948075797505974,"plaq_d"
"476","PRPF38A","Exc L6 CT",-0.00541971415817843,4.07234304965584,0.0364171615702201,0.848767799671678,0.972157850924001,0.972157850924001,"plaq_d"
"477","TUT4","Exc L6 CT",0.0172074387538196,7.32355041160126,2.64905149974984,0.104516199665107,0.396921967454698,0.396921967454698,"plaq_d"
"478","COA7","Exc L6 CT",0.0760853694113889,2.88291463237722,2.93486819736972,0.0875758619604142,0.362452775274165,0.362452775274165,"plaq_d"
"479","ZYG11B","Exc L6 CT",0.00557077295449225,6.79349084301874,0.208270771837879,0.703800892356406,0.910090634312678,0.910090634312678,"plaq_d"
"480","ECHDC2","Exc L6 CT",-0.0733032681570265,5.41015369011293,9.56069654049174,0.00214831767793079,0.0463675881431659,0.0463675881431659,"plaq_d"
"481","SCP2","Exc L6 CT",0.0197143443635362,6.3193373472779,1.88177810022604,0.203020294593089,0.539040973987848,0.539040973987848,"plaq_d"
"482","AL606760.2","Exc L6 CT",0.0332184713404246,2.78057970365059,0.449072590857641,0.50321987535019,0.805127641468458,0.805127641468458,"plaq_d"
"483","C1orf123","Exc L6 CT",0.0115509252428709,4.0021550570984,0.142015675153463,0.706514876725088,0.910889142516063,0.910889142516063,"plaq_d"
"484","MAGOH","Exc L6 CT",0.021161131070257,4.02355390634726,0.51852533616952,0.471954495334603,0.784465640784776,0.784465640784776,"plaq_d"
"485","LRP8","Exc L6 CT",-0.0323388198139553,6.43847348420471,3.83332293762967,0.0510415191222486,0.277909874918264,0.277909874918264,"plaq_d"
"486","LINC01771","Exc L6 CT",-0.0912363921549415,4.25571969196973,9.10619706908049,0.00273505769181832,0.0541295130381982,0.0541295130381982,"plaq_d"
"487","GLIS1","Exc L6 CT",-0.0120267460208192,7.11779882212527,0.705972528271933,0.401360649672405,0.73389913789965,0.73389913789965,"plaq_d"
"488","NDC1","Exc L6 CT",-0.0337158604841889,4.53782859442213,1.50157322793295,0.221257669194479,0.560187373500479,0.560187373500479,"plaq_d"
"489","YIPF1","Exc L6 CT",0.0130540716560001,4.10184203353387,0.18170410544927,0.67017622605598,0.894564240014957,0.894564240014957,"plaq_d"
"490","DIO1","Exc L6 CT",-0.148528251210813,1.71134729481505,2.59510878536759,0.108100162468975,0.403790850779285,0.403790850779285,"plaq_d"
"491","HSPB11","Exc L6 CT",0.0115904385594827,5.77561895017663,0.428453550038192,0.513180870045301,0.810504860688113,0.810504860688113,"plaq_d"
"492","LRRC42","Exc L6 CT",0.0249031527763568,4.08038807201403,0.771847105933993,0.380252082420864,0.716412639514561,0.716412639514561,"plaq_d"
"493","TMEM59","Exc L6 CT",0.00735749040944695,6.25295782999972,0.284669527751182,0.616756973937667,0.86977969625572,0.86977969625572,"plaq_d"
"494","TCEANC2","Exc L6 CT",-0.0157301149969431,3.38892992151931,0.160741762588067,0.73760907181027,0.927815355400658,0.927815355400658,"plaq_d"
"495","MRPL37","Exc L6 CT",0.00372045256207172,3.97022559683871,0.0172808234368546,0.895490081504015,0.986281603373151,0.986281603373151,"plaq_d"
"496","SSBP3","Exc L6 CT",0.0314922000084614,8.14416482073238,5.66499802415828,0.0178444506998389,0.157794049308894,0.157794049308894,"plaq_d"
"497","ACOT11","Exc L6 CT",-0.00040174159458853,6.16312372535238,0.00023533034438739,0.987769333386515,0.999571689696322,0.999571689696322,"plaq_d"
"498","MROH7-TTC4","Exc L6 CT",-0.00386384138212859,3.48852546376364,0.00763956346379461,0.930400159286962,0.994370823812207,0.994370823812207,"plaq_d"
"499","DHCR24","Exc L6 CT",0.0273219636414656,4.5159475002085,0.9034434958051,0.342519329216251,0.686851687337673,0.686851687337673,"plaq_d"
"500","USP24","Exc L6 CT",0.0366635540501677,6.97969206540605,10.1878369076027,0.00154239863744741,0.0370690664185191,0.0370690664185191,"plaq_d"
"501","MIR4422HG","Exc L6 CT",-0.0962668168999118,1.97603336421844,1.61481449855394,0.204664695128226,0.540010760935326,0.540010760935326,"plaq_d"
"502","AL603840.1","Exc L6 CT",-0.115847895535199,1.87017522833255,1.62955576930379,0.202615223287581,0.538440678426179,0.538440678426179,"plaq_d"
"503","PLPP3","Exc L6 CT",0.168444601796905,2.15414219909137,4.72443783804915,0.0304102885869399,0.209969551317787,0.209969551317787,"plaq_d"
"504","PRKAA2","Exc L6 CT",-0.0114169845579496,7.2152372112865,0.723288499671691,0.395651765423055,0.728643061920212,0.728643061920212,"plaq_d"
"505","DAB1","Exc L6 CT",-0.0496779523354032,7.76861316201291,3.50579976355362,0.0619922335042032,0.306683083470051,0.306683083470051,"plaq_d"
"506","MYSM1","Exc L6 CT",-0.00679695129820643,6.27337567727938,0.171031330565153,0.724633549030433,0.920041714894082,0.920041714894082,"plaq_d"
"507","JUN","Exc L6 CT",0.0749633531744846,5.09417213811079,5.65751737911827,0.0179194641601956,0.157943865516165,0.157943865516165,"plaq_d"
"508","LINC01135","Exc L6 CT",0.0789857923591549,4.40386793528063,6.16565493977752,0.0134956781472262,0.135875372868233,0.135875372868233,"plaq_d"
"509","LINC01358","Exc L6 CT",0.0114654536078119,3.79641007856806,0.0570454279208961,0.811368730196082,0.959327443190962,0.959327443190962,"plaq_d"
"510","FGGY","Exc L6 CT",-0.0219368605804072,5.10110216797532,0.736169577039555,0.391480870719479,0.72513620881081,0.72513620881081,"plaq_d"
"511","HOOK1","Exc L6 CT",0.0426085448401635,6.26333414693415,8.34148371933632,0.00411733194889698,0.0694878203239401,0.0694878203239401,"plaq_d"
"512","LINC01748","Exc L6 CT",0.0179186548657935,5.89087152072478,0.568764740345301,0.451259902815272,0.77208670797821,0.77208670797821,"plaq_d"
"513","NFIA","Exc L6 CT",0.0323805379934517,8.3196828810878,3.14059265181754,0.0772404629656663,0.341404269221287,0.341404269221287,"plaq_d"
"514","TM2D1","Exc L6 CT",-0.00836093629514029,5.60061977118207,0.281990666899119,0.595737973045831,0.858654771722846,0.858654771722846,"plaq_d"
"515","AC099791.2","Exc L6 CT",-0.0783164414604255,3.3933987230511,3.05331497837115,0.0814540934416524,0.350343934926463,0.350343934926463,"plaq_d"
"516","PATJ","Exc L6 CT",-0.0140378009999747,7.41495229437177,0.952553931562616,0.329747632279758,0.674087531074569,0.674087531074569,"plaq_d"
"517","KANK4","Exc L6 CT",0.0803393142697432,1.84059076856674,0.687506083560188,0.407581990296228,0.73928584118857,0.73928584118857,"plaq_d"
"518","USP1","Exc L6 CT",-0.0264815273885072,4.04045783223468,0.908969408871581,0.377293180627104,0.713921218231833,0.713921218231833,"plaq_d"
"519","DOCK7","Exc L6 CT",0.0341615595493856,6.69448720906438,6.76735405320514,0.00968014922259195,0.113032231832698,0.113032231832698,"plaq_d"
"520","AC103923.1","Exc L6 CT",-0.00780013591089823,2.55800235377197,0.0160833111678114,0.899156071379315,0.98678615920958,0.98678615920958,"plaq_d"
"521","ATG4C","Exc L6 CT",0.0290983413288292,5.80676631555737,2.86149793217984,0.0916176854498651,0.372578587496118,0.372578587496118,"plaq_d"
"522","ALG6","Exc L6 CT",-0.0136692630346108,4.52318647409303,0.243210571715428,0.622207701678031,0.872427382326934,0.872427382326934,"plaq_d"
"523","ITGB3BP","Exc L6 CT",0.0253269596662322,5.46205687988853,0.730433598024455,0.39333031848263,0.726878467891648,0.726878467891648,"plaq_d"
"524","EFCAB7","Exc L6 CT",0.0150657988823072,5.98919406477002,0.977259464547761,0.336191907598471,0.680705865230321,0.680705865230321,"plaq_d"
"525","PGM1","Exc L6 CT",-0.0423038629586333,4.04191431766825,2.0394083186348,0.154165556999842,0.475001697369973,0.475001697369973,"plaq_d"
"526","ROR1","Exc L6 CT",0.194125004983567,4.3076440891044,12.1554938104525,0.000552064285283253,0.0193862922122358,0.0193862922122358,"plaq_d"
"527","CACHD1","Exc L6 CT",0.0297722492997072,4.77557624080733,0.981157986188585,0.322600909446438,0.667456552513787,0.667456552513787,"plaq_d"
"528","RAVER2","Exc L6 CT",0.0323552566360875,4.2841229136962,1.21121479606241,0.27185191586171,0.618697979779144,0.618697979779144,"plaq_d"
"529","JAK1","Exc L6 CT",0.0388378992334751,5.78865046298258,4.05894204356576,0.0447063754302371,0.257434380798343,0.257434380798343,"plaq_d"
"530","AK4","Exc L6 CT",0.0321304754776572,5.86683916138583,2.84914345356237,0.0923180539557387,0.373624119136575,0.373624119136575,"plaq_d"
"531","DNAJC6","Exc L6 CT",0.0178802712124552,8.01696490959402,3.59366017176868,0.0588281914333712,0.299398509813579,0.299398509813579,"plaq_d"
"532","AL139294.1","Exc L6 CT",-0.144205207848207,3.23597803940476,10.3475840889845,0.00141801720593561,0.0350495080900619,0.0350495080900619,"plaq_d"
"533","LEPR","Exc L6 CT",0.029532707174606,5.3856301637323,1.17479224910879,0.279168680260618,0.626430169869788,0.626430169869788,"plaq_d"
"534","PDE4B","Exc L6 CT",0.0372373975980779,9.05510138552863,6.11887087788647,0.0138509824960091,0.137661331516826,0.137661331516826,"plaq_d"
"535","SGIP1","Exc L6 CT",0.0221831198299185,8.51786797865199,4.76469657103853,0.0297166729235651,0.206967210163349,0.206967210163349,"plaq_d"
"536","AL139147.1","Exc L6 CT",-0.218723961982876,2.26855989453705,7.59101820121198,0.00617435560165354,0.087918915174485,0.087918915174485,"plaq_d"
"537","TCTEX1D1","Exc L6 CT",-0.0324937078850619,2.61689022891763,0.299025619322278,0.584844176780103,0.85277187976566,0.85277187976566,"plaq_d"
"538","WDR78","Exc L6 CT",0.00195512698924064,5.64149431121735,0.00899991541389894,0.924474336217965,0.993407704701672,0.993407704701672,"plaq_d"
"539","MIER1","Exc L6 CT",0.00516375305047203,6.12380450367634,0.136842795319862,0.83893109313463,0.968820749155593,0.968820749155593,"plaq_d"
"540","SLC35D1","Exc L6 CT",-0.0373145850228342,5.24744223762798,2.684718027281,0.102218398816192,0.39240961849544,0.39240961849544,"plaq_d"
"541","IL12RB2","Exc L6 CT",-0.0484174575204608,5.87631118159856,2.85112032286445,0.092205594878946,0.373624119136575,0.373624119136575,"plaq_d"
"542","SERBP1","Exc L6 CT",0.0279626409374937,5.37988998946704,2.19038357117582,0.139778919701036,0.45495304725664,0.45495304725664,"plaq_d"
"543","GADD45A","Exc L6 CT",0.0195207264487373,3.05393446489892,0.174528862538949,0.676375331462971,0.896032875442026,0.896032875442026,"plaq_d"
"544","GNG12","Exc L6 CT",0.0790228994598495,1.63785738704553,0.553155533782127,0.457532770847268,0.775664661561659,0.775664661561659,"plaq_d"
"545","GNG12-AS1","Exc L6 CT",-0.162403919398976,3.89072665251311,15.42823330625,0.000103343555123028,0.00646840791109181,0.00646840791109181,"plaq_d"
"546","DIRAS3","Exc L6 CT",-0.0693261215120258,4.07878110055599,3.52449460720452,0.0613040684090701,0.305532059993314,0.305532059993314,"plaq_d"
"547","WLS","Exc L6 CT",-0.0353175899587184,6.83007401511377,3.68842468550089,0.0556078143880384,0.290281306757218,0.290281306757218,"plaq_d"
"548","DEPDC1-AS1","Exc L6 CT",0.124298349637269,2.09391447914819,2.73303784369605,0.0991934394511837,0.386779185899036,0.386779185899036,"plaq_d"
"549","AL033530.1","Exc L6 CT",0.095663227416541,2.19104718225591,1.64313462357171,0.200748787339787,0.536115214022879,0.536115214022879,"plaq_d"
"550","LRRC7","Exc L6 CT",0.0416807170039837,10.4331126818768,16.1049454971129,7.34010356052765e-05,0.00520532664321951,0.00520532664321951,"plaq_d"
"551","LRRC40","Exc L6 CT",0.0207254685141829,5.41449942581957,1.57701492949716,0.22080020355972,0.559900973373338,0.559900973373338,"plaq_d"
"552","SRSF11","Exc L6 CT",-0.000681075537302878,7.85530789948003,0.00335548767676928,0.95384034554636,0.998216253735524,0.998216253735524,"plaq_d"
"553","ANKRD13C","Exc L6 CT",0.00664006193799506,6.9352578487738,0.329213168800398,0.584134446245311,0.852322430026867,0.852322430026867,"plaq_d"
"554","HHLA3","Exc L6 CT",-0.0200572080895055,3.26143233855391,0.237069398161,0.626637157604101,0.874982397756415,0.874982397756415,"plaq_d"
"555","CTH","Exc L6 CT",-0.0342409985728369,3.09271220383536,0.646896485902952,0.42177324270262,0.749425771654766,0.749425771654766,"plaq_d"
"556","PTGER3","Exc L6 CT",0.0797746575651098,2.95507482467915,1.04072446996487,0.30836131182067,0.652689915835421,0.652689915835421,"plaq_d"
"557","ZRANB2-AS1","Exc L6 CT",0.0292304308826413,2.47737157490326,0.221791390028794,0.637973245606985,0.878624590429365,0.878624590429365,"plaq_d"
"558","ZRANB2","Exc L6 CT",0.0146021952077708,7.73734797980077,1.85290400761788,0.174326259263136,0.502422588258679,0.502422588258679,"plaq_d"
"559","NEGR1","Exc L6 CT",0.0550858151026187,11.4275143399805,28.4711397128709,1.71713824817452e-07,7.97416845829689e-05,7.97416845829689e-05,"plaq_d"
"560","AL354949.1","Exc L6 CT",-0.110642811016697,2.42010500067091,2.49981568369152,0.114767529067165,0.414916937019916,0.414916937019916,"plaq_d"
"561","AL583808.1","Exc L6 CT",0.107006481074292,2.59991135068189,4.05827718650668,0.0447237695454748,0.257434380798343,0.257434380798343,"plaq_d"
"562","AL583808.2","Exc L6 CT",0.0825812583207405,4.27530849811672,5.86135500555164,0.0159875823493649,0.149162174660698,0.149162174660698,"plaq_d"
"563","LRRIQ3","Exc L6 CT",-0.0243810268081237,3.38534153126701,0.206816255381974,0.649557712937443,0.884509348793741,0.884509348793741,"plaq_d"
"564","TNNI3K","Exc L6 CT",0.0363083505327016,2.10661747897841,0.238329310776007,0.625722667971132,0.874553740593438,0.874553740593438,"plaq_d"
"565","ERICH3","Exc L6 CT",0.014632776401604,6.57710828659019,1.01147586588753,0.315247911691292,0.65973381839044,0.65973381839044,"plaq_d"
"566","ERICH3-AS1","Exc L6 CT",-0.135197985967981,2.10408670884075,3.36139991038656,0.0782135937379055,0.343700517536901,0.343700517536901,"plaq_d"
"567","CRYZ","Exc L6 CT",0.00915070391263051,3.16460493021389,0.032488489402788,0.857064587672814,0.975107136969453,0.975107136969453,"plaq_d"
"568","TYW3","Exc L6 CT",0.0032765051568208,5.09333293213335,0.0225904664830008,0.880613972050481,0.98304270639258,0.98304270639258,"plaq_d"
"569","SLC44A5","Exc L6 CT",0.04769649892122,5.31240845181448,0.837475168712044,0.360753180474338,0.701858529619981,0.701858529619981,"plaq_d"
"570","ACADM","Exc L6 CT",0.0193964158700739,5.96471048616143,1.49052969305759,0.222960363134315,0.562703844979824,0.562703844979824,"plaq_d"
"571","RABGGTB","Exc L6 CT",0.0274665640480226,3.49332169315517,0.599483973782551,0.486643721272665,0.794288611229015,0.794288611229015,"plaq_d"
"572","MSH4","Exc L6 CT",0.000110731864440428,5.59065930436668,2.85836354626387e-05,0.995737298686107,0.99980392466627,0.99980392466627,"plaq_d"
"573","ASB17","Exc L6 CT",-0.0521717698201124,1.64984232468477,0.253060650540406,0.615246225806811,0.869428223272997,0.869428223272997,"plaq_d"
"574","AC092813.1","Exc L6 CT",-0.0345223467621814,4.04818408905193,0.429026633118189,0.51289941492673,0.810238118872512,0.810238118872512,"plaq_d"
"575","AC092813.2","Exc L6 CT",-0.172490932521018,2.01641682232782,3.40156110303666,0.0659840437432092,0.315000289870259,0.315000289870259,"plaq_d"
"576","ST6GALNAC3","Exc L6 CT",0.0619570794664979,6.91909314562279,7.67997847050179,0.00588355093515195,0.085728339334461,0.085728339334461,"plaq_d"
"577","ST6GALNAC5","Exc L6 CT",0.0477723014518252,6.27673730444445,0.328537912999861,0.566891264220071,0.841377804875288,0.841377804875288,"plaq_d"
"578","PIGK","Exc L6 CT",0.0547361009748148,5.53709474845012,9.38357825885519,0.00235996380659294,0.0489863436118002,0.0489863436118002,"plaq_d"
"579","AK5","Exc L6 CT",0.0364500644504679,9.3943187853836,4.85987179052739,0.0281419308741245,0.20155782928552,0.20155782928552,"plaq_d"
"580","AC118549.1","Exc L6 CT",0.0055270019506021,6.73384751968323,0.224527132880501,0.635908880916034,0.878269581788608,0.878269581788608,"plaq_d"
"581","USP33","Exc L6 CT",0.0233448545966632,7.51240868254725,5.20228088071758,0.0231608503446058,0.180735888227519,0.180735888227519,"plaq_d"
"582","MIGA1","Exc L6 CT",0.0117734109310261,6.79060881455074,1.0436882846164,0.422042639144475,0.749645259356491,0.749645259356491,"plaq_d"
"583","NEXN","Exc L6 CT",-0.00268937826573091,3.81041818226784,0.00562352608434884,0.940265594681145,0.996911437695519,0.996911437695519,"plaq_d"
"584","FUBP1","Exc L6 CT",0.0222788491352658,5.80446070622716,2.09554703702496,0.167382740017409,0.493981534499921,0.493981534499921,"plaq_d"
"585","GIPC2","Exc L6 CT",0.0453718708587067,5.24227453056909,3.91520003063666,0.0486389508765255,0.26910312714007,0.26910312714007,"plaq_d"
"586","PTGFR","Exc L6 CT",0.266102943055464,1.77679158625848,6.40428152296908,0.0118244339156644,0.126466976708696,0.126466976708696,"plaq_d"
"587","ADGRL2","Exc L6 CT",0.106602844832488,7.76191395047732,9.5458867557812,0.00216524823548226,0.0464719693140782,0.0464719693140782,"plaq_d"
"588","AL138799.4","Exc L6 CT",0.0169189257682487,1.54274689459782,0.037839133136401,0.845879960933321,0.971230492709849,0.971230492709849,"plaq_d"
"589","AC117944.1","Exc L6 CT",0.196051756269959,1.73812062719775,4.57643242609638,0.0331096219678421,0.22085293864106,0.22085293864106,"plaq_d"
"590","LINC01362","Exc L6 CT",-0.0113153118912035,2.08013794112553,0.0239130945815892,0.877195837823139,0.981163755019913,0.981163755019913,"plaq_d"
"591","LINC01725","Exc L6 CT",0.11450315010444,5.06471170300157,5.61275288362964,0.0183752371898118,0.160127066939789,0.160127066939789,"plaq_d"
"592","TTLL7","Exc L6 CT",0.0342305409066569,8.32043491229359,9.53970566592924,0.00217235463934121,0.0464719693140782,0.0464719693140782,"plaq_d"
"593","AL359504.2","Exc L6 CT",-0.0413754089545753,2.49217406868666,0.592199320894427,0.442091632322457,0.764029675036979,0.764029675036979,"plaq_d"
"594","PRKACB","Exc L6 CT",0.0701354677393002,8.48621911571534,69.5187345643417,1.78074471477314e-15,2.56356009138742e-11,2.56356009138742e-11,"plaq_d"
"595","SAMD13","Exc L6 CT",0.0453278989574189,3.09692744716177,0.928471166179456,0.335929209568697,0.680652625045878,0.680652625045878,"plaq_d"
"596","RPF1","Exc L6 CT",0.0284790595243513,3.71127318605674,0.750518909550591,0.507498516654853,0.806848758684147,0.806848758684147,"plaq_d"
"597","SPATA1","Exc L6 CT",0.0227860437842926,2.44510975158094,0.154771747058285,0.694257160432565,0.905875653184737,0.905875653184737,"plaq_d"
"598","CTBS","Exc L6 CT",0.0351204403396281,3.24048628647887,0.853312294825553,0.430463217075374,0.75604352231835,0.75604352231835,"plaq_d"
"599","SSX2IP","Exc L6 CT",0.0112559950077244,7.11709162264577,0.767415033861482,0.381621848051132,0.71778554428652,0.71778554428652,"plaq_d"
"600","WDR63","Exc L6 CT",0.136833094177498,2.66832233082535,4.18825234855847,0.0414555465779351,0.247222058217048,0.247222058217048,"plaq_d"
"601","SYDE2","Exc L6 CT",-0.0446801437976968,3.49784680554468,1.50783510405693,0.220299145051786,0.559235847675103,0.559235847675103,"plaq_d"
"602","C1orf52","Exc L6 CT",0.014027405923479,5.17913015212987,0.501543095269072,0.479296687540668,0.789352262889562,0.789352262889562,"plaq_d"
"603","BCL10","Exc L6 CT",0.0174018569856373,3.36014989748613,0.203045009910439,0.652554598133809,0.885992265843093,0.885992265843093,"plaq_d"
"604","AL078459.1","Exc L6 CT",-0.013480053011708,3.86220674967282,0.1381543205836,0.71034888607052,0.912970499408196,0.912970499408196,"plaq_d"
"605","DDAH1","Exc L6 CT",0.0298760069481838,7.95576433042954,3.39458974008223,0.0662606649833935,0.315583550467567,0.315583550467567,"plaq_d"
"606","CYR61","Exc L6 CT",0.0837218014725842,3.31007957798542,1.68851871618788,0.194656027509852,0.529076414959932,0.529076414959932,"plaq_d"
"607","ZNHIT6","Exc L6 CT",0.0126593500529355,5.84041950762367,0.580273560812291,0.461745454992868,0.777006144953516,0.777006144953516,"plaq_d"
"608","COL24A1","Exc L6 CT",0.0363589032401003,7.33374127317484,1.21790817330552,0.270533662572195,0.618110489548646,0.618110489548646,"plaq_d"
"609","AL136382.1","Exc L6 CT",0.0356420293739473,4.26091090996775,0.88087142566067,0.348613682537823,0.692317829694898,0.692317829694898,"plaq_d"
"610","ODF2L","Exc L6 CT",0.0366647249786386,7.04133802527602,9.79071526719165,0.00190201854851486,0.0426502477015887,0.0426502477015887,"plaq_d"
"611","AL356270.1","Exc L6 CT",0.0410378104257958,3.60975195924749,0.76423611434067,0.382608631550876,0.718098734880621,0.718098734880621,"plaq_d"
"612","SH3GLB1","Exc L6 CT",0.0198172876785793,5.85808333112291,1.7109851545977,0.19172046639132,0.525315537527491,0.525315537527491,"plaq_d"
"613","SELENOF","Exc L6 CT",0.0291374498859378,5.67290366381947,2.95747160071368,0.0863701128372848,0.359906270581881,0.359906270581881,"plaq_d"
"614","HS2ST1","Exc L6 CT",0.0151212344972297,6.07412126143395,0.798930704914511,0.372030641202842,0.710955389314004,0.710955389314004,"plaq_d"
"615","LMO4","Exc L6 CT",0.0372362577040116,7.35188720567553,6.58951953057228,0.0106752581043677,0.119782553133653,0.119782553133653,"plaq_d"
"616","PKN2-AS1","Exc L6 CT",-0.0128706401271961,6.44775105509508,0.255998042852802,0.613203149451717,0.868523469058138,0.868523469058138,"plaq_d"
"617","PKN2","Exc L6 CT",0.0119052654693789,7.2261809612381,1.10689894387108,0.369213715801199,0.708882455678055,0.708882455678055,"plaq_d"
"618","GTF2B","Exc L6 CT",-0.0177865175830368,4.76502375263267,0.61792590050034,0.432353695632247,0.757289670558684,0.757289670558684,"plaq_d"
"619","KYAT3","Exc L6 CT",-0.0128555205396104,4.87826464021666,0.299997519099797,0.584234897727091,0.852322430026867,0.852322430026867,"plaq_d"
"620","GBP2","Exc L6 CT",0.161265835723906,1.64570757132276,2.00644273115927,0.157526204665011,0.480219252034078,0.480219252034078,"plaq_d"
"621","LRRC8B","Exc L6 CT",0.000730206818795146,6.90293119355165,0.00256143222721084,0.959664840624186,0.998742420766286,0.998742420766286,"plaq_d"
"622","LRRC8C-DT","Exc L6 CT",-0.0308538257182596,3.14624373676297,0.504025857620444,0.478211686633576,0.789344129491849,0.789344129491849,"plaq_d"
"623","AC093423.3","Exc L6 CT",-0.023517137545621,2.39283464801005,0.113674447511449,0.736202129266942,0.926997800483416,0.926997800483416,"plaq_d"
"624","LRRC8D","Exc L6 CT",0.0240629336653519,3.140131883607,0.365433255753751,0.545897816550916,0.829944552441333,0.829944552441333,"plaq_d"
"625","ZNF326","Exc L6 CT",-0.0335322444841356,5.4856829973722,3.82672045193654,0.0512406745271987,0.278551264132978,0.278551264132978,"plaq_d"
"626","ZNF644","Exc L6 CT",0.00680566594090451,6.5652517470818,0.32014484421231,0.722358237932307,0.919274678813458,0.919274678813458,"plaq_d"
"627","HFM1","Exc L6 CT",-0.0438342366237641,3.77417313785255,0.956427662697028,0.328767541354848,0.673509183210693,0.673509183210693,"plaq_d"
"628","CDC7","Exc L6 CT",-0.00900659708538181,4.45966500754557,0.109064505106836,0.741410316587377,0.929248033918848,0.929248033918848,"plaq_d"
"629","BRDT","Exc L6 CT",-0.124779515829766,1.81055713857857,2.53175558464544,0.112483454216108,0.411097183776362,0.411097183776362,"plaq_d"
"630","EPHX4","Exc L6 CT",0.0946714749483229,4.79138999582263,11.1632388606202,0.000924838536856468,0.0264614503957922,0.0264614503957922,"plaq_d"
"631","BTBD8","Exc L6 CT",0.0355558292038403,6.46389567696984,6.98564789530774,0.00858786793498354,0.105270802129128,0.105270802129128,"plaq_d"
"632","AC104836.1","Exc L6 CT",0.137562113595846,2.08722453053978,3.49001011179691,0.0625798956607446,0.307906656809986,0.307906656809986,"plaq_d"
"633","GLMN","Exc L6 CT",-0.0194838375083979,5.86872050716478,1.35562132696832,0.245094910356424,0.590859254499192,0.590859254499192,"plaq_d"
"634","RPAP2","Exc L6 CT",0.0151020689897797,7.30233079994416,1.87421910076888,0.171875095292437,0.499066980448564,0.499066980448564,"plaq_d"
"635","EVI5","Exc L6 CT",0.0125236438030023,6.96361052918596,0.937871307173175,0.333498075592683,0.678141088618542,0.678141088618542,"plaq_d"
"636","RPL5","Exc L6 CT",-0.0294850105295201,5.34667696080375,1.80509849940403,0.179972239270996,0.510351866855852,0.510351866855852,"plaq_d"
"637","FAM69A","Exc L6 CT",0.0212507046922411,7.16199516082258,2.85173091154501,0.0921708902601126,0.373624119136575,0.373624119136575,"plaq_d"
"638","MTF2","Exc L6 CT",-0.0228881164819418,6.21160483019289,2.90256150007727,0.0893311267452644,0.366909138267272,0.366909138267272,"plaq_d"
"639","TMED5","Exc L6 CT",0.0390438934133829,4.33705915459165,2.00589865720275,0.157582366394067,0.480219252034078,0.480219252034078,"plaq_d"
"640","CCDC18","Exc L6 CT",0.0304289830940598,4.31043172692376,1.0673242953685,0.302267619185537,0.648589912010478,0.648589912010478,"plaq_d"
"641","DR1","Exc L6 CT",0.0598674826799231,4.07767253455551,4.72775036195555,0.0303525823598447,0.209671677376355,0.209671677376355,"plaq_d"
"642","FNBP1L","Exc L6 CT",0.0573781542833539,6.3127172113026,5.74821560281049,0.0170316021141333,0.153948682735597,0.153948682735597,"plaq_d"
"643","BCAR3","Exc L6 CT",-0.00863799345286072,4.82029751664142,0.0750107899994369,0.784338486439805,0.949258501893048,0.949258501893048,"plaq_d"
"644","DNTTIP2","Exc L6 CT",0.0468297980008482,3.56354024312427,1.75599447731581,0.197703924968647,0.532637024275712,0.532637024275712,"plaq_d"
"645","GCLM","Exc L6 CT",0.0112844398023585,5.37602628561329,0.342343903185498,0.626131679891965,0.874755532645215,0.874755532645215,"plaq_d"
"646","ABCD3","Exc L6 CT",0.00771913608237729,5.16751725657899,0.124480343323049,0.778537320343609,0.947166674864075,0.947166674864075,"plaq_d"
"647","SLC44A3","Exc L6 CT",0.00253508040401963,2.47284823801616,0.000887967906447855,0.976244595697638,0.999093977007575,0.999093977007575,"plaq_d"
"648","CNN3","Exc L6 CT",-0.00288642519753254,5.13607300747706,0.00875848522788634,0.925491238869226,0.993407704701672,0.993407704701672,"plaq_d"
"649","AC105942.1","Exc L6 CT",0.0233428054944447,3.48698863931744,0.378695023485362,0.538704459483891,0.825460212383825,0.825460212383825,"plaq_d"
"650","ALG14","Exc L6 CT",-0.0564375216963501,5.27483304676103,5.71946446327277,0.017308004620462,0.155243635212567,0.155243635212567,"plaq_d"
"651","TMEM56-RWDD3","Exc L6 CT",0.0647611610367799,2.88893765442337,1.64645870009102,0.200294983823493,0.536056253415691,0.536056253415691,"plaq_d"
"652","AC092802.1","Exc L6 CT",0.00847937831792433,2.70013825526206,0.0272378890068844,0.869009015639281,0.978798489635663,0.978798489635663,"plaq_d"
"653","AL356479.1","Exc L6 CT",0.0329513175507108,5.13067863767772,0.842763324265901,0.359243100924606,0.701052417095111,0.701052417095111,"plaq_d"
"654","PTBP2","Exc L6 CT",0.0294473570639513,7.25275877082329,7.94585858769549,0.00509530013405682,0.0782206343098084,0.0782206343098084,"plaq_d"
"655","DPYD","Exc L6 CT",0.0286134158522764,8.83066640625501,4.90671650694277,0.0273991403887669,0.199010103449388,0.199010103449388,"plaq_d"
"656","DPYD-AS1","Exc L6 CT",0.022342877391163,3.13013291917849,0.248555991785192,0.618408469209504,0.870841076273111,0.870841076273111,"plaq_d"
"657","MIR137HG","Exc L6 CT",0.0847976295371274,8.28220092908091,33.3093898286217,1.73937769249677e-08,1.47294595654021e-05,1.47294595654021e-05,"plaq_d"
"658","LINC01776","Exc L6 CT",0.0542698645339262,4.05819054409916,1.83524520745422,0.176387593012837,0.505429098131529,0.505429098131529,"plaq_d"
"659","SNX7","Exc L6 CT",0.0454093565640831,4.61601160992474,2.08448356775768,0.149701652982629,0.469532373349871,0.469532373349871,"plaq_d"
"660","PLPPR5","Exc L6 CT",0.0186688650362132,6.72453020487829,1.50470440467885,0.220777746685516,0.559900973373338,0.559900973373338,"plaq_d"
"661","AL445433.2","Exc L6 CT",-0.0242162563366194,5.83254819606418,1.08650581091551,0.297969873608735,0.645839891055938,0.645839891055938,"plaq_d"
"662","PLPPR4","Exc L6 CT",0.0590026376224613,7.42132192342254,23.499453534336,1.88582260844981e-06,0.000424192222988178,0.000424192222988178,"plaq_d"
"663","PALMD","Exc L6 CT",0.0275639640875783,2.70128057614273,0.131781480269243,0.716812312909118,0.915718347381281,0.915718347381281,"plaq_d"
"664","AGL","Exc L6 CT",0.0446903670719174,5.61636882554623,5.97125626610922,0.0150368106745778,0.144311434647081,0.144311434647081,"plaq_d"
"665","SASS6","Exc L6 CT",-0.0245985779084705,3.29547798214336,0.347281114412096,0.592872038604246,0.856693266666408,0.856693266666408,"plaq_d"
"666","TRMT13","Exc L6 CT",-0.0582033702985174,4.7309599116464,6.10706612477405,0.0139421529264722,0.138058846754104,0.138058846754104,"plaq_d"
"667","LRRC39","Exc L6 CT",-0.0457029697067946,3.39475081197163,1.30264392422575,0.25451516868524,0.602037523561077,0.602037523561077,"plaq_d"
"668","DBT","Exc L6 CT",-0.00154339465045373,5.11951179834644,0.00551158816840694,0.982069870953016,0.999571689696322,0.999571689696322,"plaq_d"
"669","RTCA","Exc L6 CT",0.0213418860147629,4.65557043980804,0.841607565225191,0.359572391811191,0.701124766695639,0.701124766695639,"plaq_d"
"670","EXTL2","Exc L6 CT",0.0620602087302824,4.33944582723236,5.27221443295679,0.0222618972614681,0.17765092737034,0.17765092737034,"plaq_d"
"671","SLC30A7","Exc L6 CT",0.00736894436391133,5.59153765828684,0.190318186400727,0.662922288889918,0.891742596791185,0.891742596791185,"plaq_d"
"672","DPH5","Exc L6 CT",0.00599187016930787,4.20077852028076,0.0484464762927339,0.873813366948094,0.980302874204998,0.980302874204998,"plaq_d"
"673","AC093157.1","Exc L6 CT",-0.0496430110067107,4.10103905382044,2.23493109708462,0.135828351822649,0.448478675343561,0.448478675343561,"plaq_d"
"674","LINC01709","Exc L6 CT",0.00866908330311491,1.75364536365915,0.0107605724821102,0.917440816350183,0.991180337123995,0.991180337123995,"plaq_d"
"675","OLFM3","Exc L6 CT",0.0236056450968111,9.90639445623876,4.40513236345908,0.0365507046756458,0.231923691746733,0.231923691746733,"plaq_d"
"676","COL11A1","Exc L6 CT",0.0745159980228128,6.63624735559212,8.13866499264705,0.00459204181424502,0.0737801718279813,0.0737801718279813,"plaq_d"
"677","RNPC3","Exc L6 CT",-0.00406852734477474,7.20322928053791,0.0710863896889542,0.789919339788582,0.951488801543731,0.951488801543731,"plaq_d"
"678","AMY2B","Exc L6 CT",0.00659974168235865,5.97953415928418,0.138031816558962,0.710471515862579,0.912974690561218,0.912974690561218,"plaq_d"
"679","AMY2A","Exc L6 CT",-0.0750030180591395,1.56307026715649,0.629173506409249,0.428198800076723,0.754255861429697,0.754255861429697,"plaq_d"
"680","NTNG1","Exc L6 CT",-0.687986312562036,1.5997557452352,11.1969950884621,0.00090868374214995,0.0262152528096006,0.0262152528096006,"plaq_d"
"681","SLC25A24","Exc L6 CT",-0.00993785589625506,4.64690557499059,0.146438685760197,0.702195662125152,0.909720010075026,0.909720010075026,"plaq_d"
"682","FAM102B","Exc L6 CT",0.00253607403286232,6.47576760590765,0.0299739506353211,0.862649946294797,0.976925559917429,0.976925559917429,"plaq_d"
"683","HENMT1","Exc L6 CT",0.0590340185330356,3.31836882631139,2.25425687212139,0.134153671026925,0.446432631755856,0.446432631755856,"plaq_d"
"684","PRPF38B","Exc L6 CT",-0.00424718135607397,5.51224425530861,0.0456444162877084,0.929403983496133,0.994167628886557,0.994167628886557,"plaq_d"
"685","STXBP3","Exc L6 CT",0.00573047139098503,5.43963373673115,0.0800235033298514,0.968897416503925,0.998742420766286,0.998742420766286,"plaq_d"
"686","AL449266.1","Exc L6 CT",0.0138828135413512,5.30694131594933,0.468628380371926,0.494074248639379,0.799151308845645,0.799151308845645,"plaq_d"
"687","GPSM2","Exc L6 CT",-0.0116515993558264,3.33856876936602,0.0754786861753687,0.783683660479938,0.949016653454675,0.949016653454675,"plaq_d"
"688","WDR47","Exc L6 CT",0.0582011332707505,6.32590276609589,16.578939624576,5.78063524937009e-05,0.00449331941879067,0.00449331941879067,"plaq_d"
"689","TAF13","Exc L6 CT",0.0543332568913805,3.97885585115466,3.32770938309183,0.0689786063664673,0.32188525680767,0.32188525680767,"plaq_d"
"690","AL356488.3","Exc L6 CT",-0.0173820474450286,1.94277817957165,0.048722732255243,0.825430279841671,0.963985585882276,0.963985585882276,"plaq_d"
"691","TMEM167B","Exc L6 CT",0.0315232020950881,4.52855692017941,1.62073047669708,0.278857523938559,0.626283530549105,0.626283530549105,"plaq_d"
"692","KIAA1324","Exc L6 CT",-0.0144986326924731,6.97201554306941,1.17679438530429,0.278760074698872,0.626283530549105,0.626283530549105,"plaq_d"
"693","SARS","Exc L6 CT",0.0166771672569738,5.43392339913979,0.801959375700105,0.37112684328808,0.710346485926012,0.710346485926012,"plaq_d"
"694","CELSR2","Exc L6 CT",0.0564249918154339,6.17481904749157,11.0162259925634,0.000998670633438971,0.0276212950075343,0.0276212950075343,"plaq_d"
"695","PSRC1","Exc L6 CT",-0.0695270401550724,4.99919751979552,6.55781786635343,0.0108634385480356,0.121138699719226,0.121138699719226,"plaq_d"
"696","MYBPHL","Exc L6 CT",0.018003600915415,3.37262914332062,0.136083901151526,0.712429810542148,0.913771807996358,0.913771807996358,"plaq_d"
"697","SORT1","Exc L6 CT",0.0542312507486917,8.10566787615848,10.4771825860319,0.00132464007554956,0.0332221577136089,0.0332221577136089,"plaq_d"
"698","PSMA5","Exc L6 CT",0.00444261852561924,4.64368631249898,0.0382755053401397,0.845005076398042,0.970960210363396,0.970960210363396,"plaq_d"
"699","ATXN7L2","Exc L6 CT",0.0763694152235623,2.8821492811251,2.74565213941584,0.098420003729706,0.384910180302322,0.384910180302322,"plaq_d"
"700","CYB561D1","Exc L6 CT",-0.0136360484610986,3.88517608158155,0.203638925905723,0.652080420723416,0.885515492569975,0.885515492569975,"plaq_d"
"701","AMIGO1","Exc L6 CT",0.0129820190646661,3.91154573224414,0.19086924864988,0.662464937141151,0.891293947204112,0.891293947204112,"plaq_d"
"702","GPR61","Exc L6 CT",0.0231492448106952,3.35861390804569,0.408539310042834,0.564005391048125,0.840074739388216,0.840074739388216,"plaq_d"
"703","GNAI3","Exc L6 CT",0.0238393672176313,5.73909263978098,1.95121026575167,0.419649937690614,0.747590706966227,0.747590706966227,"plaq_d"
"704","AMPD2","Exc L6 CT",0.0568705215957699,4.8146999711749,5.25392437626967,0.0224934385940581,0.179101516592954,0.179101516592954,"plaq_d"
"705","GSTM4","Exc L6 CT",-0.0767440917866,3.00361487244243,2.94059212843797,0.106601148247765,0.400268682883364,0.400268682883364,"plaq_d"
"706","GSTM2","Exc L6 CT",0.00132955392742971,3.09983972156247,0.000737730066534498,0.978346732657489,0.999286493881974,0.999286493881974,"plaq_d"
"707","GSTM3","Exc L6 CT",0.0678544576712879,4.59283818240387,6.05064125135107,0.0143865829134179,0.140986553860833,0.140986553860833,"plaq_d"
"708","AHCYL1","Exc L6 CT",-0.00021330641790141,5.70883040060241,0.000180740605123584,0.989281278385809,0.999571689696322,0.999571689696322,"plaq_d"
"709","STRIP1","Exc L6 CT",-0.0218510317723946,4.59134640913427,0.815267189394978,0.367191770923825,0.707319404997387,0.707319404997387,"plaq_d"
"710","SLC6A17","Exc L6 CT",-0.0186861582601982,6.23189807456362,1.47757976824385,0.240281717459213,0.585302606719302,0.585302606719302,"plaq_d"
"711","KCNC4","Exc L6 CT",-0.0119961355867457,4.95211544199421,0.230808329627238,0.631226801338921,0.876812232209179,0.876812232209179,"plaq_d"
"712","RBM15-AS1","Exc L6 CT",-0.0257667426057409,2.4647173945744,0.168035790031791,0.682115478624924,0.89891380723951,0.89891380723951,"plaq_d"
"713","RBM15","Exc L6 CT",0.0670254361423769,3.41072315074736,3.97636422453275,0.046922571682861,0.264996315773627,0.264996315773627,"plaq_d"
"714","SLC16A4","Exc L6 CT",-0.0478046295777272,2.99707934741386,1.14143814093319,0.286088765421572,0.632647291399224,0.632647291399224,"plaq_d"
"715","AL355488.1","Exc L6 CT",-0.0233967254127129,2.69204302279856,0.189318278660514,0.663754175295452,0.892003344375128,0.892003344375128,"plaq_d"
"716","LAMTOR5","Exc L6 CT",-0.0186471778347345,4.10574497358978,0.38385860479089,0.803805535820257,0.956709003580136,0.956709003580136,"plaq_d"
"717","KCNA2","Exc L6 CT",0.0482335414450274,4.94962405184381,3.10799658735873,0.078785897744129,0.344850809210765,0.344850809210765,"plaq_d"
"718","LRIF1","Exc L6 CT",0.0336662090662943,3.95828164224487,1.11563860036238,0.317126580032464,0.661852899875134,0.661852899875134,"plaq_d"
"719","DRAM2","Exc L6 CT",0.00328413384343707,4.16523955876417,0.0135328125418126,0.907457585261124,0.989420650042586,0.989420650042586,"plaq_d"
"720","CEPT1","Exc L6 CT",-0.0094426122150846,5.24523834770345,0.227257652680151,0.633863763441404,0.877838984164729,0.877838984164729,"plaq_d"
"721","OVGP1","Exc L6 CT",0.0427926692238379,3.80846072179053,1.60255053780256,0.206388462749416,0.542144545043491,0.542144545043491,"plaq_d"
"722","WDR77","Exc L6 CT",-0.0390548470927586,2.79395346154462,0.702134508485262,0.405643011003008,0.737607273765227,0.737607273765227,"plaq_d"
"723","ATP5PB","Exc L6 CT",0.0406549030399075,4.93661769191067,3.67784720849558,0.0559577636076512,0.290818759890161,0.290818759890161,"plaq_d"
"724","C1orf162","Exc L6 CT",0.040598660180509,2.68724633898153,0.624631222891422,0.429869410987883,0.755419926828805,0.755419926828805,"plaq_d"
"725","RAP1A","Exc L6 CT",0.0056261208646731,6.26942993685547,0.156183898786837,0.724095242387598,0.919835095953581,0.919835095953581,"plaq_d"
"726","INKA2","Exc L6 CT",-0.0117146038733962,3.67959179595352,0.088856917835233,0.76581319909217,0.940830074597276,0.940830074597276,"plaq_d"
"727","DDX20","Exc L6 CT",0.0919380710528525,3.27607358453399,5.1306398550313,0.0241210433696146,0.184968827589973,0.184968827589973,"plaq_d"
"728","KCND3","Exc L6 CT",0.0113659908481214,8.03940361196446,0.800329141509862,0.371612945389986,0.710551196949692,0.710551196949692,"plaq_d"
"729","LINC01750","Exc L6 CT",0.00146062092342582,3.04190230939107,0.00127786175295268,0.971504424728315,0.99890780094579,0.99890780094579,"plaq_d"
"730","AL445426.1","Exc L6 CT",0.0326653986343312,2.51140072260615,0.362502362148209,0.547511609294683,0.830643600738356,0.830643600738356,"plaq_d"
"731","CTTNBP2NL","Exc L6 CT",0.00501222665216806,5.16968881230522,0.0533497661479528,0.819630377089289,0.963296688080427,0.963296688080427,"plaq_d"
"732","WNT2B","Exc L6 CT",-0.0202159887921176,3.70582307705261,0.261077465184622,0.609704698827717,0.865916640864903,0.865916640864903,"plaq_d"
"733","ST7L","Exc L6 CT",0.0146757517183363,5.82912270402651,0.863655343957243,0.381002534335768,0.717075759484601,0.717075759484601,"plaq_d"
"734","CAPZA1","Exc L6 CT",-0.0170698100349207,5.74959815640667,1.04533943201912,0.307292710584169,0.652689915835421,0.652689915835421,"plaq_d"
"735","MOV10","Exc L6 CT",0.0228955410971086,2.68183387323581,0.168279951328674,0.681897303386839,0.89872999026099,0.89872999026099,"plaq_d"
"736","LINC01356","Exc L6 CT",0.0584786533793813,2.39670637052029,0.876320416300294,0.3498602633686,0.692981336193501,0.692981336193501,"plaq_d"
"737","AL390729.1","Exc L6 CT",-0.0452703839396052,4.92857955948253,3.59084907610991,0.058926708106765,0.2996499081261,0.2996499081261,"plaq_d"
"738","SLC16A1","Exc L6 CT",0.0520988507750312,4.19664785549315,3.44354321775466,0.0643441747151093,0.311861883218167,0.311861883218167,"plaq_d"
"739","SLC16A1-AS1","Exc L6 CT",0.0161275100490376,7.8045770820053,1.56375778924222,0.211955540644974,0.549044120108991,0.549044120108991,"plaq_d"
"740","AL357055.3","Exc L6 CT",-0.0159750320047809,4.11586144053719,0.264272312168759,0.69880742447425,0.90858877633365,0.90858877633365,"plaq_d"
"741","LRIG2","Exc L6 CT",0.000553830144016912,5.46000905699654,0.00103136760744472,0.974398811515516,0.999093977007575,0.999093977007575,"plaq_d"
"742","MAGI3","Exc L6 CT",0.0520290770349948,7.59230305243485,15.0554070295705,0.000124852901041837,0.00736632116146839,0.00736632116146839,"plaq_d"
"743","PHTF1","Exc L6 CT",0.000959659736740975,6.61526158656626,0.00448470161018657,0.946645681769254,0.997914939752836,0.997914939752836,"plaq_d"
"744","RSBN1","Exc L6 CT",0.0257400051408482,5.77854403444842,2.67090660803798,0.103101539212962,0.39411836391657,0.39411836391657,"plaq_d"
"745","PTPN22","Exc L6 CT",-0.00508221452989554,2.52740746334759,0.00617278556384172,0.937422105957097,0.996101534451179,0.996101534451179,"plaq_d"
"746","AP4B1-AS1","Exc L6 CT",-0.0716339421767301,2.34858299368706,1.17696948924423,0.278724374613017,0.626283530549105,0.626283530549105,"plaq_d"
"747","AP4B1","Exc L6 CT",-0.0331812619198641,4.24210212648306,1.42269515232507,0.233772458965653,0.578933347099549,0.578933347099549,"plaq_d"
"748","DCLRE1B","Exc L6 CT",0.133998952137856,1.74647389038746,2.49941149640813,0.114796760221612,0.414916937019916,0.414916937019916,"plaq_d"
"749","HIPK1","Exc L6 CT",0.0491688597684675,5.4135334449809,7.89688656780946,0.00523189834116994,0.0797020195973359,0.0797020195973359,"plaq_d"
"750","SYT6","Exc L6 CT",0.0238402147346831,5.78975292451158,0.484278061591249,0.486955112137477,0.794288611229015,0.794288611229015,"plaq_d"
"751","TRIM33","Exc L6 CT",0.00377214454416913,7.09377217990371,0.127221342488913,0.721546669362589,0.918610738297281,0.918610738297281,"plaq_d"
"752","BCAS2","Exc L6 CT",-0.0166755388398576,4.54475306531527,0.480127786238483,0.705086544410271,0.910389359113014,0.910389359113014,"plaq_d"
"753","DENND2C","Exc L6 CT",-0.0186917654156369,2.76385110964592,0.0921439796590333,0.761650318118391,0.939080343809897,0.939080343809897,"plaq_d"
"754","NRAS","Exc L6 CT",0.00299979674715504,3.21939064822255,0.00630570199182547,0.988504495922379,0.999571689696322,0.999571689696322,"plaq_d"
"755","CSDE1","Exc L6 CT",0.0283037378892337,6.55022849405322,6.16045732842596,0.0135346821820677,0.135875372868233,0.135875372868233,"plaq_d"
"756","SIKE1","Exc L6 CT",0.0222075523094233,4.0480635998287,0.579445593256396,0.447044927395566,0.767886740816915,0.767886740816915,"plaq_d"
"757","TSPAN2","Exc L6 CT",-0.0648922229071937,4.0773299811417,2.46334409033918,0.117438710895506,0.418815280677556,0.418815280677556,"plaq_d"
"758","NGF","Exc L6 CT",-0.00287989998156626,2.27754824485967,0.00362846723957188,0.95200162639302,0.998071449610185,0.998071449610185,"plaq_d"
"759","VANGL1","Exc L6 CT",-0.0314138119219248,2.07084220249807,0.179028101018956,0.672471014650141,0.895548968504857,0.895548968504857,"plaq_d"
"760","SLC22A15","Exc L6 CT",-0.00906013132195834,5.89883767175887,0.223316698529162,0.63682035359176,0.87839647739193,0.87839647739193,"plaq_d"
"761","ATP1A1","Exc L6 CT",0.0546006488167873,7.65373834180752,15.7489517298367,8.78601216287182e-05,0.00587588314109695,0.00587588314109695,"plaq_d"
"762","PTGFRN","Exc L6 CT",0.00502300733348609,1.80753002943707,0.00366597574495018,0.951754480086805,0.998071449610185,0.998071449610185,"plaq_d"
"763","TTF2","Exc L6 CT",0.00300381239609979,3.6831048145034,0.00675327979285312,0.934552114680286,0.995676697651708,0.995676697651708,"plaq_d"
"764","MAN1A2","Exc L6 CT",0.0187776461800393,7.05495867566133,2.32218207111678,0.12844869324306,0.436944089774832,0.436944089774832,"plaq_d"
"765","GDAP2","Exc L6 CT",-0.00906801286649781,5.10835000882565,0.181895943800716,0.670012485480113,0.894509852635789,0.894509852635789,"plaq_d"
"766","WDR3","Exc L6 CT",0.0258564477357994,4.04612767779526,0.717114800103757,0.54360622554471,0.828340294560607,0.828340294560607,"plaq_d"
"767","SPAG17","Exc L6 CT",-0.0442107656858696,2.27569998919726,0.308183125238699,0.579153691544848,0.849984355538754,0.849984355538754,"plaq_d"
"768","WARS2","Exc L6 CT",-0.0401739996454836,4.19714058947721,1.64533490088591,0.200448269570108,0.536115214022879,0.536115214022879,"plaq_d"
"769","AL359915.2","Exc L6 CT",0.0631695448336219,5.89879728823587,5.76092749959681,0.0169108574759793,0.153886665122754,0.153886665122754,"plaq_d"
"770","ZNF697","Exc L6 CT",-0.0696945275363177,2.80414943625146,1.76730002349748,0.184586896978196,0.516131101400406,0.516131101400406,"plaq_d"
"771","SEC22B","Exc L6 CT",0.0333542984737661,4.93291216462864,2.60365703918005,0.107523297930949,0.402157806446855,0.402157806446855,"plaq_d"
"772","NBPF26","Exc L6 CT",0.0940344745089619,2.41288562485723,1.81918038883001,0.17828740092643,0.50824265816572,0.50824265816572,"plaq_d"
"773","LINC00623","Exc L6 CT",-0.0152890149944593,6.46963238207475,0.856392084538108,0.355391232614785,0.698206369727963,0.698206369727963,"plaq_d"
"774","AC244453.3","Exc L6 CT",0.0142047876510296,2.20304123273286,0.0411200790453674,0.839424753380902,0.968845628379909,0.968845628379909,"plaq_d"
"775","AC244453.1","Exc L6 CT",0.0650550452707959,1.83606253220559,0.618161981751167,0.43226585864878,0.757289670558684,0.757289670558684,"plaq_d"
"776","SRGAP2C","Exc L6 CT",-0.0208442960686691,5.61843936862156,1.17221451141343,0.279695873416861,0.626673214891366,0.626673214891366,"plaq_d"
"777","AC244021.1","Exc L6 CT",0.026854534087361,5.192725789599,0.956514630805672,0.328745582163716,0.673509183210693,0.673509183210693,"plaq_d"
"778","AC239800.3","Exc L6 CT",-0.0498426664104705,3.36559514784945,1.39778568236507,0.237901394832544,0.582902308434068,0.582902308434068,"plaq_d"
"779","AC246785.3","Exc L6 CT",0.109986716592053,1.56588203492779,1.74520012518988,0.187348768095945,0.520569941229343,0.520569941229343,"plaq_d"
"780","NBPF15","Exc L6 CT",0.0131647200819678,5.13751965370819,0.279999526215895,0.597038692940251,0.858855692910863,0.858855692910863,"plaq_d"
"781","LINC01632","Exc L6 CT",-0.143989014553116,4.49071352510373,15.5211093206264,9.85952744313105e-05,0.00633146245213853,0.00633146245213853,"plaq_d"
"782","FP700111.1","Exc L6 CT",-0.0203011317746992,8.32468901735467,1.19602426682645,0.274873747005516,0.622913947315782,0.622913947315782,"plaq_d"
"783","SRGAP2B","Exc L6 CT",-0.00883459128092665,5.74538255539808,0.177360442530549,0.673911352075725,0.895548968504857,0.895548968504857,"plaq_d"
"784","NBPF20","Exc L6 CT",0.000911334938462128,4.05038048319096,0.000826297122343594,0.977084127997123,0.999093977007575,0.999093977007575,"plaq_d"
"785","GPR89A","Exc L6 CT",0.0138770020777951,4.92783668416409,0.317668237181106,0.573375125260849,0.84621871330814,0.84621871330814,"plaq_d"
"786","PDZK1","Exc L6 CT",-0.119147478040866,2.59835515472877,4.41039655346057,0.0364395410260229,0.23165721898111,0.23165721898111,"plaq_d"
"787","RNF115","Exc L6 CT",0.00707874326900202,7.13111818426641,0.308669265823588,0.578854707488378,0.849805462880144,0.849805462880144,"plaq_d"
"788","POLR3C","Exc L6 CT",0.00012227612037925,4.38585576448702,1.49119257856238e-05,0.996921111015636,0.999906738276838,0.999906738276838,"plaq_d"
"789","PIAS3","Exc L6 CT",-0.0695986385921715,3.08530107582232,2.58330881558038,0.108902078370685,0.405825639350485,0.405825639350485,"plaq_d"
"790","ANKRD35","Exc L6 CT",0.0174539092799539,3.89327024680205,0.302136962302523,0.582898201394568,0.852092049885886,0.852092049885886,"plaq_d"
"791","ITGA10","Exc L6 CT",0.0738345813882315,2.77419498316605,1.61545085539579,0.204575717820483,0.540010760935326,0.540010760935326,"plaq_d"
"792","PEX11B","Exc L6 CT",-0.0465723385977315,4.07671960836343,2.47223553883373,0.116781204136835,0.417347564872973,0.417347564872973,"plaq_d"
"793","RBM8A","Exc L6 CT",0.0693466937629318,3.99144683475902,5.82357391638291,0.0163286350324249,0.150884889311723,0.150884889311723,"plaq_d"
"794","LIX1L","Exc L6 CT",-0.0456171383953698,3.63769494548915,1.61112540235833,0.205181418963359,0.540656266933384,0.540656266933384,"plaq_d"
"795","ANKRD34A","Exc L6 CT",0.0139494493751777,3.16736080351498,0.105172377530899,0.745903444448363,0.9313232179284,0.9313232179284,"plaq_d"
"796","POLR3GL","Exc L6 CT",-0.0286458726790105,2.37938799469487,0.267948063895854,0.605040262171925,0.863161194552277,0.863161194552277,"plaq_d"
"797","NBPF12","Exc L6 CT",0.000271980994505249,5.64976699118958,0.000129634705337703,0.990922223671395,0.999571689696322,0.999571689696322,"plaq_d"
"798","PRKAB2","Exc L6 CT",-0.00118340604106872,4.53730444933756,0.00233045869257448,0.999326700288668,0.999906738276838,0.999906738276838,"plaq_d"
"799","AC242426.2","Exc L6 CT",0.0492361164212804,4.94416684745664,4.18846153579553,0.0414504947152235,0.247222058217048,0.247222058217048,"plaq_d"
"800","FMO5","Exc L6 CT",-0.0254509681193966,2.90556588171126,0.293432940083408,0.588375418317118,0.854987442756975,0.854987442756975,"plaq_d"
"801","CHD1L","Exc L6 CT",-0.0148238905776059,5.45074204043187,0.58230799068156,0.445925762665171,0.767047686879503,0.767047686879503,"plaq_d"
"802","LINC00624","Exc L6 CT",-0.0183916446573857,2.93861766285126,0.115161929593748,0.734546770693857,0.925895587332003,0.925895587332003,"plaq_d"
"803","BCL9","Exc L6 CT",-0.0166798665728809,4.88929856607972,0.454761221081912,0.500530019063137,0.803966339542469,0.803966339542469,"plaq_d"
"804","ACP6","Exc L6 CT",-0.0439711091426006,4.75218601420282,3.22583174805793,0.0733517510411815,0.3319208282482,0.3319208282482,"plaq_d"
"805","GPR89B","Exc L6 CT",0.0241305736028097,5.16715622460062,1.02236925443584,0.312659775661836,0.656834635074983,0.656834635074983,"plaq_d"
"806","AC239803.3","Exc L6 CT",-0.20869755206467,1.87267862152608,6.44212031161228,0.0115797374861095,0.125151577214739,0.125151577214739,"plaq_d"
"807","NBPF11","Exc L6 CT",-0.00757946707644444,4.84065097904223,0.0904025081550789,0.763845518077479,0.939856416943879,0.939856416943879,"plaq_d"
"808","AC239809.3","Exc L6 CT",-0.000605442799559942,6.66805198304298,0.000820870894161106,0.977159474584507,0.999093977007575,0.999093977007575,"plaq_d"
"809","PPIAL4G","Exc L6 CT",0.0741267046486994,2.16001344688515,1.19995754102444,0.274087269524761,0.621575351619164,0.621575351619164,"plaq_d"
"810","PDE4DIP","Exc L6 CT",0.0420455567418086,9.24062295297989,12.9873161431849,0.000359311862559994,0.0145636873698234,0.0145636873698234,"plaq_d"
"811","NBPF9","Exc L6 CT",0.0365958210642339,5.0734585796094,2.34610344367876,0.126504610715185,0.434300668938858,0.434300668938858,"plaq_d"
"812","AC245297.3","Exc L6 CT",-0.0235781262263336,6.29572142868149,1.36167671344523,0.244045636823171,0.589872563416114,0.589872563416114,"plaq_d"
"813","NBPF19","Exc L6 CT",0.0577819242066265,2.69651947576807,0.912241935524717,0.340182878703766,0.6841179889942,0.6841179889942,"plaq_d"
"814","BOLA1","Exc L6 CT",-0.126057509070649,2.25350079866875,3.60247002020916,0.0585205819370176,0.298837993781727,0.298837993781727,"plaq_d"
"815","SV2A","Exc L6 CT",0.0564851844126936,6.8045904145978,17.311873179561,4.00056765437945e-05,0.00340782082558855,0.00340782082558855,"plaq_d"
"816","SF3B4","Exc L6 CT",0.113414737454456,2.98777477452435,7.46152558914461,0.00848510880247974,0.104699189180783,0.104699189180783,"plaq_d"
"817","MTMR11","Exc L6 CT",-0.0764023536318766,2.11163849081332,1.22007548472422,0.270108532384167,0.618004200922198,0.618004200922198,"plaq_d"
"818","OTUD7B","Exc L6 CT",-0.0116599802501234,4.99244977555676,0.304316012492714,0.581543081818357,0.851041833586362,0.851041833586362,"plaq_d"
"819","VPS45","Exc L6 CT",-4.65348346324732e-05,6.7160622667039,1.65024017973119e-05,0.996761076980858,0.999906738276838,0.999906738276838,"plaq_d"
"820","PLEKHO1","Exc L6 CT",0.0164417608601178,4.62705364309171,0.475538370334776,0.490909538234843,0.797246550146394,0.797246550146394,"plaq_d"
"821","ANP32E","Exc L6 CT",0.0309495903695485,3.99757449847542,1.17338839391639,0.279455637562247,0.626673214891366,0.626673214891366,"plaq_d"
"822","APH1A","Exc L6 CT",-0.0085498112556266,3.18775591698175,0.0521896503927814,0.819430106012218,0.963296688080427,0.963296688080427,"plaq_d"
"823","C1orf54","Exc L6 CT",0.0516354558725442,2.6202733785263,0.867855638919113,0.35219510827764,0.695500792697518,0.695500792697518,"plaq_d"
"824","CIART","Exc L6 CT",0.0235162455249595,2.29781279615363,0.12306442448589,0.72594649390666,0.920847277910458,0.920847277910458,"plaq_d"
"825","MRPS21","Exc L6 CT",-0.0504689437266631,5.3357402384074,8.48632408878142,0.00380930317075268,0.0667950407383137,0.0667950407383137,"plaq_d"
"826","PRPF3","Exc L6 CT",-0.00496025546436021,5.17042809452831,0.0611058610882908,0.804902230364471,0.957062182018748,0.957062182018748,"plaq_d"
"827","RPRD2","Exc L6 CT",-0.0124294852949091,7.6687734542068,1.48691907298077,0.223520460325216,0.563401058733739,0.563401058733739,"plaq_d"
"828","TARS2","Exc L6 CT",-0.0111078156211424,4.45463717967964,0.193352772742715,0.660413451693533,0.890240067542601,0.890240067542601,"plaq_d"
"829","ECM1","Exc L6 CT",0.0254464313472777,3.57875271578033,0.469637578971674,0.497851731417851,0.801955189156472,0.801955189156472,"plaq_d"
"830","FALEC","Exc L6 CT",-0.129221586147138,2.98786607164123,6.59977375225325,0.0106151110729128,0.119470108571125,0.119470108571125,"plaq_d"
"831","AL356356.1","Exc L6 CT",0.0402937922423768,2.64174942227901,0.502933800121667,0.478688434501268,0.789344129491849,0.789344129491849,"plaq_d"
"832","MCL1","Exc L6 CT",-0.00360838245318551,3.39205604447509,0.00944883671868386,0.922619423227377,0.992627684679289,0.992627684679289,"plaq_d"
"833","ENSA","Exc L6 CT",-0.00266644190124979,7.32179844486577,0.0356223148224817,0.850407537826656,0.973091718826209,0.973091718826209,"plaq_d"
"834","GOLPH3L","Exc L6 CT",0.00368429573517795,4.60398250663273,0.0203364032677591,0.886684029075842,0.984501043664535,0.984501043664535,"plaq_d"
"835","HORMAD1","Exc L6 CT",-0.126441263402158,1.86466544112308,2.21226776861487,0.137822254274281,0.452162527924466,0.452162527924466,"plaq_d"
"836","CTSS","Exc L6 CT",-0.0207543671110153,3.59806127579389,0.270568078228416,0.603281507784663,0.86227567375576,0.86227567375576,"plaq_d"
"837","CTSK","Exc L6 CT",0.0902123983034441,2.8352068975588,3.57825902042827,0.0593701010956522,0.30086142616656,0.30086142616656,"plaq_d"
"838","ARNT","Exc L6 CT",0.0150386383925206,5.89206853191356,1.23142444749055,0.384105197323232,0.719102865569962,0.719102865569962,"plaq_d"
"839","SETDB1","Exc L6 CT",-0.00420455009517433,5.2349675238873,0.0598074216059367,0.900950644679155,0.987595026330702,0.987595026330702,"plaq_d"
"840","CERS2","Exc L6 CT",0.0152775682449804,3.02191030183833,0.118177746190672,0.764687178039344,0.940249113004305,0.940249113004305,"plaq_d"
"841","PRUNE1","Exc L6 CT",0.0121402523363646,4.06661603794148,0.184338765919742,0.667936324931487,0.893866880369817,0.893866880369817,"plaq_d"
"842","BNIPL","Exc L6 CT",0.032821416873282,2.05157127247019,0.20341359241862,0.652260226913342,0.885676120226794,0.885676120226794,"plaq_d"
"843","C1orf56","Exc L6 CT",-0.0755262484185682,2.77152458080143,1.79980585792452,0.180610253119153,0.51078743850377,0.51078743850377,"plaq_d"
"844","CDC42SE1","Exc L6 CT",-0.00831488149874695,4.67328731500681,0.121913546876135,0.791163971842255,0.951989011922526,0.951989011922526,"plaq_d"
"845","MLLT11","Exc L6 CT",0.0221260092181886,5.67388519088757,1.48194486640692,0.224294856869109,0.564461170193862,0.564461170193862,"plaq_d"
"846","GABPB2","Exc L6 CT",-0.0563452878952966,5.68017772066552,7.16948195529522,0.0077666655271414,0.0989459441847147,0.0989459441847147,"plaq_d"
"847","SEMA6C","Exc L6 CT",-0.0172089408134067,4.11845675745102,0.403051464844415,0.525934479073228,0.817640686904772,0.817640686904772,"plaq_d"
"848","SCNM1","Exc L6 CT",-0.0420631518113652,3.38891194733458,1.2483434841919,0.264639432760596,0.611418596376431,0.611418596376431,"plaq_d"
"849","LYSMD1","Exc L6 CT",0.0107582258929336,2.55026830511329,0.0423367070262238,0.841314419920982,0.969513185327633,0.969513185327633,"plaq_d"
"850","VPS72","Exc L6 CT",0.0499838690023693,3.77877767215494,2.69948398580533,0.101283402527526,0.390445187528975,0.390445187528975,"plaq_d"
"851","PIP5K1A","Exc L6 CT",-0.00889343039378145,6.66658475149979,0.336328560882577,0.562331217915016,0.839067186267058,0.839067186267058,"plaq_d"
"852","PSMD4","Exc L6 CT",-0.0211662776322749,5.5400840099948,1.40348973993227,0.236948130024654,0.581914371734823,0.581914371734823,"plaq_d"
"853","ZNF687","Exc L6 CT",0.0487369708593281,2.4841893427828,0.863591188589282,0.431275001300933,0.756725028855985,0.756725028855985,"plaq_d"
"854","PI4KB","Exc L6 CT",-0.0166189593473073,5.31921645835196,0.707146551562874,0.400969819165004,0.73389913789965,0.73389913789965,"plaq_d"
"855","RFX5","Exc L6 CT",0.0808286857955128,2.01608944487088,1.35511728504,0.245182499264289,0.590859254499192,0.590859254499192,"plaq_d"
"856","PSMB4","Exc L6 CT",0.0224910314720649,3.99401539524666,0.591469598178681,0.442372745448224,0.764121187823569,0.764121187823569,"plaq_d"
"857","POGZ","Exc L6 CT",0.00805403900776716,7.74841836621247,0.562257676434798,0.774335339339264,0.944849257935925,0.944849257935925,"plaq_d"
"858","TUFT1","Exc L6 CT",0.0208372918045944,3.54166568504896,0.33045186397998,0.616022403147424,0.869522356673234,0.869522356673234,"plaq_d"
"859","SNX27","Exc L6 CT",0.0148456029934178,6.28427893575976,1.22555410389911,0.309262279556253,0.653669031932435,0.653669031932435,"plaq_d"
"860","CELF3","Exc L6 CT",0.0301444235655727,4.92160183296586,1.66785835985774,0.197402272404113,0.532472009280422,0.532472009280422,"plaq_d"
"861","MRPL9","Exc L6 CT",-0.0455903092896111,3.25762834000747,1.35791883884716,0.244696149854068,0.590552518574882,0.590552518574882,"plaq_d"
"862","TDRKH","Exc L6 CT",-0.0769544089387,3.13535695982405,2.92831333871463,0.0879289375921199,0.363220942776516,0.363220942776516,"plaq_d"
"863","THEM4","Exc L6 CT",-0.130371816049855,4.30331663174524,15.4892490439039,0.000100198731318628,0.00633146245213853,0.00633146245213853,"plaq_d"
"864","FLG-AS1","Exc L6 CT",-0.0677628325543816,5.283826589991,1.74547092311499,0.187314635423934,0.520569941229343,0.520569941229343,"plaq_d"
"865","S100A6","Exc L6 CT",-0.0442016667960529,3.42558243433588,1.29954190001401,0.255080466598053,0.602384907668236,0.602384907668236,"plaq_d"
"866","CHTOP","Exc L6 CT",-0.00409609998483145,4.51542346429083,0.0288584809368173,0.865204863369666,0.977498132802008,0.977498132802008,"plaq_d"
"867","SNAPIN","Exc L6 CT",-0.0257534134397251,2.64361817554878,0.271967847485767,0.641697801175683,0.880901981702123,0.880901981702123,"plaq_d"
"868","ILF2","Exc L6 CT",0.0214670617324099,3.71670280762654,0.413999391437931,0.529218250377703,0.818867258634742,0.818867258634742,"plaq_d"
"869","INTS3","Exc L6 CT",0.0033754851941966,5.72509411999109,0.0451509392680334,0.831851062938858,0.96704282002414,0.96704282002414,"plaq_d"
"870","SLC27A3","Exc L6 CT",-0.0993348242747157,2.91270307335368,3.71892579500552,0.0546116946471039,0.286967611230717,0.286967611230717,"plaq_d"
"871","GATAD2B","Exc L6 CT",0.00385627270806292,7.12531285627016,0.112513833075413,0.96072624409618,0.998742420766286,0.998742420766286,"plaq_d"
"872","DENND4B","Exc L6 CT",-0.00140881568211381,4.95467195091347,0.00420766244999797,0.977857330927808,0.999093977007575,0.999093977007575,"plaq_d"
"873","CRTC2","Exc L6 CT",-0.0096922606914429,3.32229790287175,0.0505076111859238,0.822314161396131,0.963694415288182,0.963694415288182,"plaq_d"
"874","SLC39A1","Exc L6 CT",-0.00700977736106753,2.01882656109481,0.0103097103458167,0.919182834414157,0.991729246317899,0.991729246317899,"plaq_d"
"875","JTB","Exc L6 CT",-0.0222253976034854,4.38259961445858,0.809261390406494,0.368960413863562,0.708882455678055,0.708882455678055,"plaq_d"
"876","RPS27","Exc L6 CT",-0.056690670940412,4.04714032974231,2.16375058972568,0.142202539503416,0.458512750302193,0.458512750302193,"plaq_d"
"877","NUP210L","Exc L6 CT",0.0399227378660176,3.21225575719222,0.850021351115794,0.357184667528648,0.699691178900859,0.699691178900859,"plaq_d"
"878","TPM3","Exc L6 CT",-0.0506617177720653,5.9090134391178,9.45337391292158,0.00227413310729305,0.0479332653185809,0.0479332653185809,"plaq_d"
"879","C1orf43","Exc L6 CT",-0.0152842792715258,5.13733506255989,0.52902632376534,0.467505252415475,0.781854741376996,0.781854741376996,"plaq_d"
"880","UBAP2L","Exc L6 CT",0.0185042611545285,5.28660742089264,1.14484846584939,0.383115379937985,0.718331081748535,0.718331081748535,"plaq_d"
"881","HAX1","Exc L6 CT",-0.0301396977062519,4.00650555124009,1.08204895043435,0.298961391198781,0.645995581805218,0.645995581805218,"plaq_d"
"882","ATP8B2","Exc L6 CT",-0.041077565462533,5.48462429499804,4.47750908473716,0.035053074006678,0.226491944973131,0.226491944973131,"plaq_d"
"883","IL6R","Exc L6 CT",0.00180245888942922,2.96372081631606,0.000746202055581262,0.9782227868597,0.999254611483165,0.999254611483165,"plaq_d"
"884","UBE2Q1","Exc L6 CT",0.0492314801710997,4.47527144401775,4.30856745950973,0.0386544376094482,0.237967677928953,0.237967677928953,"plaq_d"
"885","CHRNB2","Exc L6 CT",-0.00933257455365899,3.31720190551701,0.0566404275021211,0.812026900820809,0.959327443190962,0.959327443190962,"plaq_d"
"886","ADAR","Exc L6 CT",0.018688217735396,6.32675987698541,1.73583488134974,0.188533689526542,0.521647317782836,0.521647317782836,"plaq_d"
"887","KCNN3","Exc L6 CT",-0.0144692449671713,4.05804716359251,0.156612895443636,0.692536647741972,0.904860916762881,0.904860916762881,"plaq_d"
"888","PMVK","Exc L6 CT",-0.0558160168115105,3.45252497056672,2.30392598294739,0.129954837753441,0.439546329270001,0.439546329270001,"plaq_d"
"889","PBXIP1","Exc L6 CT",0.0262371398336552,2.3383181247722,0.149888302988311,0.698878643873297,0.90858877633365,0.90858877633365,"plaq_d"
"890","PYGO2","Exc L6 CT",-0.019169503024466,3.66131529264763,0.309030952403396,0.642660517155213,0.881203285741464,0.881203285741464,"plaq_d"
"891","CKS1B","Exc L6 CT",-0.0509174317694678,1.58052167287433,0.337747959581355,0.561508024784546,0.838424628348278,0.838424628348278,"plaq_d"
"892","FLAD1","Exc L6 CT",-0.00614923771759675,3.75754393312282,0.0355549441276618,0.850547388294435,0.973174392138507,0.973174392138507,"plaq_d"
"893","ADAM15","Exc L6 CT",-0.0328479744708637,4.01286631965747,1.12435416352698,0.2897177709389,0.636371228324139,0.636371228324139,"plaq_d"
"894","EFNA3","Exc L6 CT",0.0587666639945684,3.0861970373448,1.78815582229925,0.182023912163942,0.512048101222718,0.512048101222718,"plaq_d"
"895","SLC50A1","Exc L6 CT",-0.0800466108919788,2.54943288353011,2.32365934830272,0.158477665886141,0.481329637489731,0.481329637489731,"plaq_d"
"896","DPM3","Exc L6 CT",0.0229501283685895,2.90945700795477,0.250645442696557,0.652708024131212,0.886072438425602,0.886072438425602,"plaq_d"
"897","AL713999.1","Exc L6 CT",-0.12262448469036,1.79543219857687,1.99370344290556,0.158847229565189,0.482134665152954,0.482134665152954,"plaq_d"
"898","TRIM46","Exc L6 CT",-0.033741811014746,4.4561921101521,1.85383604115051,0.174218238041394,0.502338908945496,0.502338908945496,"plaq_d"
"899","THBS3","Exc L6 CT",-0.0683263142529839,3.48579117327992,3.3928316128872,0.0663306231109248,0.315583550467567,0.315583550467567,"plaq_d"
"900","MTX1","Exc L6 CT",-0.00198812489173854,2.38333063475102,0.00089298851594579,0.976177553297126,0.999093977007575,0.999093977007575,"plaq_d"
"901","GBA","Exc L6 CT",-0.0428909073540876,4.1814826628169,2.10899033517337,0.147336384185719,0.465756387074574,0.465756387074574,"plaq_d"
"902","FAM189B","Exc L6 CT",0.0054864488364643,4.55452396797004,0.0494562472688221,0.824142544476869,0.963985585882276,0.963985585882276,"plaq_d"
"903","SCAMP3","Exc L6 CT",-0.0344071061681757,4.09608503039186,1.49775420588803,0.22184471489355,0.560746462538514,0.560746462538514,"plaq_d"
"904","CLK2","Exc L6 CT",0.0377942648476601,3.94367495505203,1.8383987799888,0.176017413218431,0.504870826995923,0.504870826995923,"plaq_d"
"905","HCN3","Exc L6 CT",-0.00804986115882007,3.08471907338593,0.0305702642443439,0.997266925021479,0.999906738276838,0.999906738276838,"plaq_d"
"906","FDPS","Exc L6 CT",-0.0560778995065825,5.30723355310004,8.72266147174591,0.00335635440317601,0.0611621240355973,0.0611621240355973,"plaq_d"
"907","RUSC1","Exc L6 CT",0.0223873225245108,5.15070245734028,1.25706226805859,0.32305805033069,0.667597774185101,0.667597774185101,"plaq_d"
"908","ASH1L","Exc L6 CT",0.0070986598158267,8.41574883390503,0.944618254315781,0.331767635944535,0.676217880087431,0.676217880087431,"plaq_d"
"909","MSTO1","Exc L6 CT",-0.0670748127290695,2.90445532798893,1.96755515127521,0.161598588648508,0.485875789929807,0.485875789929807,"plaq_d"
"910","YY1AP1","Exc L6 CT",-0.0100656040580767,5.78011989743578,0.429092291667597,0.512867185568458,0.810238118872512,0.810238118872512,"plaq_d"
"911","DAP3","Exc L6 CT",-0.0354863304919729,6.17568861667052,5.78494630809447,0.0166851295023539,0.152410611875563,0.152410611875563,"plaq_d"
"912","GON4L","Exc L6 CT",0.00338296320910716,6.27599284865675,0.0503118768775933,0.822653029889273,0.963694415288182,0.963694415288182,"plaq_d"
"913","SYT11","Exc L6 CT",0.0434326560368841,7.35443174871542,12.6281065293623,0.000432389452351266,0.0161679962494775,0.0161679962494775,"plaq_d"
"914","RIT1","Exc L6 CT",0.0159684857551993,2.72562039758558,0.0958094038537034,0.795141198490095,0.953000771778707,0.953000771778707,"plaq_d"
"915","KHDC4","Exc L6 CT",-0.00303076136440624,5.29445418048273,0.0276740172843599,0.917226176704975,0.991097203320935,0.991097203320935,"plaq_d"
"916","ARHGEF2","Exc L6 CT",0.0189570618417301,5.59123082384828,0.771041053833105,0.380500680026468,0.716599658511385,0.716599658511385,"plaq_d"
"917","SSR2","Exc L6 CT",-0.0501406026917074,4.02377434793158,2.72231883289205,0.0998559047910461,0.388187001804358,0.388187001804358,"plaq_d"
"918","UBQLN4","Exc L6 CT",0.0295062224281214,3.87348239417145,0.960461017041766,0.363804611403052,0.704785101511474,0.704785101511474,"plaq_d"
"919","LAMTOR2","Exc L6 CT",-0.0222798746892343,2.7862118718384,0.237406818667549,0.626391951334249,0.874809713951091,0.874809713951091,"plaq_d"
"920","LMNA","Exc L6 CT",-0.00917453854488906,4.95489864736643,0.134986702042024,0.713539875927317,0.914263531146121,0.914263531146121,"plaq_d"
"921","SEMA4A","Exc L6 CT",0.00304341485136274,5.22473346997977,0.0167205430627856,0.897188650605266,0.986400474577166,0.986400474577166,"plaq_d"
"922","SLC25A44","Exc L6 CT",0.00486654205315148,3.98688941036817,0.0253194709171279,0.873665850914304,0.980302874204998,0.980302874204998,"plaq_d"
"923","SMG5","Exc L6 CT",-0.0224542366156079,5.32429321355129,1.27170545620771,0.260223443818656,0.607690621078388,0.607690621078388,"plaq_d"
"924","GLMP","Exc L6 CT",0.00873022660286972,2.5297109268675,0.0267117641837798,0.870268923731066,0.979120432808308,0.979120432808308,"plaq_d"
"925","CCT3","Exc L6 CT",0.0136701219515566,5.51923021001121,0.5867165544978,0.444210555042412,0.765759208524794,0.765759208524794,"plaq_d"
"926","C1orf61","Exc L6 CT",-0.00198415119203117,4.95189382257651,0.00844184783209807,0.926846592698834,0.993883318323457,0.993883318323457,"plaq_d"
"927","MEF2D","Exc L6 CT",0.0243171240837746,5.62231896890174,1.81333823523906,0.17898415959511,0.509189661238892,0.509189661238892,"plaq_d"
"928","IQGAP3","Exc L6 CT",-0.093686173047494,2.84147264348776,1.89884024710994,0.169093074474479,0.495877755171032,0.495877755171032,"plaq_d"
"929","NAXE","Exc L6 CT",-0.043500312805933,2.28193791347015,0.506197754394624,0.477265830475582,0.789344129491849,0.789344129491849,"plaq_d"
"930","GPATCH4","Exc L6 CT",-0.00636011609638351,3.17289572382359,0.0180184068406125,0.893296153965381,0.985595335141122,0.985595335141122,"plaq_d"
"931","HAPLN2","Exc L6 CT",-0.0108768177747312,2.4983889771517,0.0190758969229853,0.890228956743317,0.984904368079323,0.984904368079323,"plaq_d"
"932","BCAN","Exc L6 CT",0.0196984036186277,3.89268079067603,0.457612150112357,0.499191159794988,0.802944797364094,0.802944797364094,"plaq_d"
"933","NES","Exc L6 CT",0.0123319533134865,2.26309828294401,0.0273267723112781,0.868797405345532,0.978798489635663,0.978798489635663,"plaq_d"
"934","CRABP2","Exc L6 CT",0.0766404993361003,2.32118213157238,1.56278732060579,0.212097083880719,0.549044120108991,0.549044120108991,"plaq_d"
"935","ISG20L2","Exc L6 CT",-0.0122590399588456,4.26805147536403,0.19537438364512,0.658755105728815,0.889419100977406,0.889419100977406,"plaq_d"
"936","RRNAD1","Exc L6 CT",-0.0177894856175134,3.28249778887381,0.194196686695481,0.761493488502929,0.939080343809897,0.939080343809897,"plaq_d"
"937","MRPL24","Exc L6 CT",-0.0512962358133444,2.8781934859459,1.31772306619074,0.29477835673226,0.642338629408766,0.642338629408766,"plaq_d"
"938","HDGF","Exc L6 CT",0.00487932060303034,4.55272413609552,0.0439795192014409,0.834014369722453,0.96728960782902,0.96728960782902,"plaq_d"
"939","PRCC","Exc L6 CT",0.0322169107087205,4.79503711034948,2.54712093740734,0.111402603998137,0.409642883054195,0.409642883054195,"plaq_d"
"940","ARHGEF11","Exc L6 CT",-0.00234960106212067,6.99593663198651,0.0343219072385867,0.853131621908207,0.974504707529203,0.974504707529203,"plaq_d"
"941","ETV3","Exc L6 CT",-0.002396534489271,3.43754584654953,0.00454291298146536,0.967451835305932,0.998742420766286,0.998742420766286,"plaq_d"
"942","CADM3","Exc L6 CT",0.00443866232235834,5.84342862599841,0.0706070481219615,0.790612218693893,0.95181256286311,0.95181256286311,"plaq_d"
"943","ACKR1","Exc L6 CT",-0.0736362436195317,2.58001782426412,1.66600486554295,0.1976508647032,0.532637024275712,0.532637024275712,"plaq_d"
"944","DUSP23","Exc L6 CT",-0.015209989323349,1.81420715481035,0.0282742254542543,0.866563360634347,0.977776797232387,0.977776797232387,"plaq_d"
"945","AL590560.2","Exc L6 CT",0.00711009046160673,2.8005112430476,0.0112181342847061,0.915710232984123,0.990723321361749,0.990723321361749,"plaq_d"
"946","KCNJ9","Exc L6 CT",0.0185687085664602,5.30259140607374,0.747496508372181,0.387865232555413,0.722202775575091,0.722202775575091,"plaq_d"
"947","IGSF8","Exc L6 CT",-0.0123979969126565,5.85869752323811,0.400558964346789,0.527216146612021,0.818249913461131,0.818249913461131,"plaq_d"
"948","CASQ1","Exc L6 CT",0.0501940775586935,2.29853784332313,0.626540873715377,0.429165858183507,0.754920783774409,0.754920783774409,"plaq_d"
"949","PEA15","Exc L6 CT",0.0567706387133439,5.90893312419818,8.10345815321716,0.00467998535257043,0.0745180016767713,0.0745180016767713,"plaq_d"
"950","DCAF8","Exc L6 CT",-0.0385267464289639,4.67250139331877,2.87862825094995,0.090656147626893,0.369817484056886,0.369817484056886,"plaq_d"
"951","AL139011.2","Exc L6 CT",0.0151541363092081,4.44117109665389,0.300213948882881,0.584099393764449,0.852322430026867,0.852322430026867,"plaq_d"
"952","COPA","Exc L6 CT",0.0323346203231317,6.56619703173689,6.59885166207275,0.0106205053522399,0.119470108571125,0.119470108571125,"plaq_d"
"953","NCSTN","Exc L6 CT",-0.0127215089179662,3.90079283411657,0.189247668591778,0.663813018998126,0.892003344375128,0.892003344375128,"plaq_d"
"954","VANGL2","Exc L6 CT",0.0414326136148591,3.62923454156582,1.20746131299516,0.272594690097264,0.619867573940516,0.619867573940516,"plaq_d"
"955","AL591806.3","Exc L6 CT",-0.057823568845526,3.0587829356607,1.33190534068743,0.249258034021674,0.596264316679298,0.596264316679298,"plaq_d"
"956","USF1","Exc L6 CT",0.0523745833557551,3.15936512962224,1.38217172337171,0.240534797724548,0.585572472489088,0.585572472489088,"plaq_d"
"957","KLHDC9","Exc L6 CT",-0.0532272526216407,3.31073448577825,1.73440847214593,0.188714930684873,0.522048451602503,0.522048451602503,"plaq_d"
"958","PFDN2","Exc L6 CT",-0.0454101124453218,4.86531225589505,4.05855690682099,0.0447164505779618,0.257434380798343,0.257434380798343,"plaq_d"
"959","NIT1","Exc L6 CT",-0.0925982354885344,3.66443074240388,8.50123917978389,0.00410602112575547,0.0694878203239401,0.0694878203239401,"plaq_d"
"960","DEDD","Exc L6 CT",-0.0521119936634777,3.06149974976927,1.56819676836605,0.21130954548652,0.548793646827223,0.548793646827223,"plaq_d"
"961","UFC1","Exc L6 CT",-0.0810899540142654,3.59891559625048,4.84226462991907,0.0356199016110372,0.229200516311998,0.229200516311998,"plaq_d"
"962","USP21","Exc L6 CT",0.063512763347786,2.40580587388501,1.12628382616163,0.289304937043289,0.635949591338401,0.635949591338401,"plaq_d"
"963","PPOX","Exc L6 CT",-0.0447614768658186,3.58237594591229,1.59479779549546,0.207487030028877,0.543087869871948,0.543087869871948,"plaq_d"
"964","B4GALT3","Exc L6 CT",-0.0260009079514636,3.27695281807576,0.436781783510027,0.509116878777009,0.807429752402237,0.807429752402237,"plaq_d"
"965","NDUFS2","Exc L6 CT",0.00763100114852202,5.28109518522219,0.143679251138205,0.704881429838243,0.91037135384779,0.91037135384779,"plaq_d"
"966","TOMM40L","Exc L6 CT",-0.047129928194296,3.19479376988575,1.34168852200733,0.247530250198048,0.594303782830403,0.594303782830403,"plaq_d"
"967","MPZ","Exc L6 CT",-0.0255106598277349,2.17159158428885,0.166154770091905,0.683802543289303,0.900230581910637,0.900230581910637,"plaq_d"
"968","SDHC","Exc L6 CT",-0.0206759009169649,5.8187834624972,1.91324572740357,0.167489409475521,0.494093757952788,0.494093757952788,"plaq_d"
"969","AL592295.4","Exc L6 CT",-0.0626343312894255,2.75485320741136,1.31344215149729,0.252559379733456,0.600083178336106,0.600083178336106,"plaq_d"
"970","AL592295.3","Exc L6 CT",-0.121994725411946,1.49347446400143,1.62088521098513,0.2038177314844,0.539547106295375,0.539547106295375,"plaq_d"
"971","HSPA6","Exc L6 CT",0.256965833791312,1.21850205530601,2.49449499537488,0.206888650558189,0.542535943748561,0.542535943748561,"plaq_d"
"972","DUSP12","Exc L6 CT",-0.00824763616299672,3.63635993708158,0.0715991595166774,0.78918090582501,0.951347690306994,0.951347690306994,"plaq_d"
"973","ATF6","Exc L6 CT",0.0150818880969385,6.66670368297895,1.56023476166094,0.308010219669049,0.652689915835421,0.652689915835421,"plaq_d"
"974","OLFML2B","Exc L6 CT",-0.0544102141397224,2.24564167729745,0.539332637043981,0.463203694889344,0.778043845961206,0.778043845961206,"plaq_d"
"975","NOS1AP","Exc L6 CT",0.00861159589671652,8.48199623921909,0.504422746539647,0.478038613598393,0.789344129491849,0.789344129491849,"plaq_d"
"976","C1orf226","Exc L6 CT",0.0236811016357585,2.96484128963229,0.223810970103072,0.636447796256873,0.878269581788608,0.878269581788608,"plaq_d"
"977","SH2D1B","Exc L6 CT",0.0831820257754381,5.16002452911638,7.49988101775082,0.00648759118349203,0.090411774131221,0.090411774131221,"plaq_d"
"978","UHMK1","Exc L6 CT",0.0439902610899079,6.23160795052994,8.14363128843699,0.00457977330729593,0.0737312308432286,0.0737312308432286,"plaq_d"
"979","UAP1","Exc L6 CT",0.0383796672564089,4.82323358421738,2.93169763354372,0.0877464505137055,0.362675251678238,0.362675251678238,"plaq_d"
"980","DDR2","Exc L6 CT",-0.0436020099376234,5.37860537360108,1.07866242360942,0.299717638612562,0.646301641154092,0.646301641154092,"plaq_d"
"981","HSD17B7","Exc L6 CT",-0.020564039366211,4.18383610500738,0.427340352069666,0.513728358416579,0.810747531402252,0.810747531402252,"plaq_d"
"982","RGS4","Exc L6 CT",0.0605845875140388,6.70639212633635,11.9480248254465,0.000614743223540648,0.0207144120485467,0.0207144120485467,"plaq_d"
"983","RGS5","Exc L6 CT",0.0969056562239149,3.11284706630852,4.2484266330725,0.0400287779345356,0.242837879117393,0.242837879117393,"plaq_d"
"984","NUF2","Exc L6 CT",-0.149731630180101,2.11602327397157,3.78985278787529,0.0523680230256243,0.282318177368918,0.282318177368918,"plaq_d"
"985","PBX1","Exc L6 CT",0.028050511912428,9.56427403294005,7.92344364516563,0.00515736313637047,0.0787893942490851,0.0787893942490851,"plaq_d"
"986","MGST3","Exc L6 CT",0.000433804061266666,6.6545059254973,0.000841192437107952,0.976878560645764,0.999093977007575,0.999093977007575,"plaq_d"
"987","ALDH9A1","Exc L6 CT",0.141846505582392,3.11919424277825,11.8075790447956,0.00066123115579096,0.0217828002717772,0.0217828002717772,"plaq_d"
"988","TMCO1","Exc L6 CT",0.00443752175557122,5.08849182261227,0.0520698861090722,0.819633824879529,0.963296688080427,0.963296688080427,"plaq_d"
"989","UCK2","Exc L6 CT",-0.0641016710003676,5.2521391417032,9.87293623686062,0.00182113024132794,0.0415483216389176,0.0415483216389176,"plaq_d"
"990","FAM78B","Exc L6 CT",-0.0514832400608592,5.72254774251868,7.79137798186383,0.00553909107632241,0.0823768131557205,0.0823768131557205,"plaq_d"
"991","POGK","Exc L6 CT",0.00525699267330176,4.58954320213137,0.0524492653988451,0.970448305816775,0.998742420766286,0.998742420766286,"plaq_d"
"992","TADA1","Exc L6 CT",0.0803079970827761,3.79708051137241,6.29265591397486,0.0125778672279371,0.13045459410186,0.13045459410186,"plaq_d"
"993","ILDR2","Exc L6 CT",0.0231403705680312,7.21513663881915,2.11707026431706,0.146565857186758,0.464544711594136,0.464544711594136,"plaq_d"
"994","MAEL","Exc L6 CT",-0.00930062695953775,3.48013904882612,0.0316849048608461,0.858824490903179,0.975511864529127,0.975511864529127,"plaq_d"
"995","GPA33","Exc L6 CT",-0.038370006399787,2.00364042956866,0.251416461732217,0.61639632305278,0.86977969625572,0.86977969625572,"plaq_d"
"996","POU2F1","Exc L6 CT",0.00197927892916711,8.04862514854896,0.0413777117462127,0.838929404321082,0.968820749155593,0.968820749155593,"plaq_d"
"997","CD247","Exc L6 CT",-0.0258526421708897,4.41228039250594,0.563193678369761,0.453483131976289,0.773960827927076,0.773960827927076,"plaq_d"
"998","CREG1","Exc L6 CT",-0.0250697608995023,4.97494941914053,1.37370965896643,0.241976838240564,0.587337474845922,0.587337474845922,"plaq_d"
"999","RCSD1","Exc L6 CT",0.0316682638527274,2.98098644119865,0.282683951574192,0.595286464592806,0.858433731771816,0.858433731771816,"plaq_d"
"1000","MPZL1","Exc L6 CT",-0.0448639761690913,5.35259298048001,5.49556956634604,0.0196262295001834,0.165906752721456,0.165906752721456,"plaq_d"
"1001","ADCY10","Exc L6 CT",0.00423455356449825,4.29408657431175,0.0170852743016365,0.896079690280836,0.986281603373151,0.986281603373151,"plaq_d"
"1002","MPC2","Exc L6 CT",0.0317302185507004,4.59069419745894,2.02324758809316,0.155802726697731,0.477722082684125,0.477722082684125,"plaq_d"
"1003","DCAF6","Exc L6 CT",0.0485668681618434,7.55141779873338,15.4970685930928,9.98027639389657e-05,0.00633146245213853,0.00633146245213853,"plaq_d"
"1004","GPR161","Exc L6 CT",0.00825909645684495,4.79498104845378,0.0777699606344683,0.7805081020404,0.947562374512869,0.947562374512869,"plaq_d"
"1005","TIPRL","Exc L6 CT",-0.0113260062373199,6.01291344392339,0.577200941515623,0.647081060060629,0.883726151025722,0.883726151025722,"plaq_d"
"1006","SFT2D2","Exc L6 CT",0.0760874546809284,4.41387316723606,6.29872298703893,0.0125356698549918,0.13045459410186,0.13045459410186,"plaq_d"
"1007","TBX19","Exc L6 CT",-0.0475048807262442,2.26506307227018,0.552330203523867,0.457868267839091,0.775664661561659,0.775664661561659,"plaq_d"
"1008","DPT","Exc L6 CT",-0.0464994179336766,3.69496174883629,1.14440075483763,0.285465348305379,0.632521280637319,0.632521280637319,"plaq_d"
"1009","AL031275.1","Exc L6 CT",-0.0682530017605028,2.96198253555489,1.72697249170305,0.18966305911134,0.523163326109762,0.523163326109762,"plaq_d"
"1010","LINC00626","Exc L6 CT",-0.0966213451520211,2.8625831650565,2.62189157767934,0.106304074287103,0.399987834144574,0.399987834144574,"plaq_d"
"1011","LINC00970","Exc L6 CT",-0.0138279350281352,7.07365071749803,0.39228015034233,0.53151365873282,0.820493389455336,0.820493389455336,"plaq_d"
"1012","ATP1B1","Exc L6 CT",0.0650801650106063,8.39434781228796,24.2652648208465,1.2997226542385e-06,0.000346496432044767,0.000346496432044767,"plaq_d"
"1013","NME7","Exc L6 CT",0.0137284402480121,7.0951771290791,1.24464436275151,0.265347193853705,0.612464037633147,0.612464037633147,"plaq_d"
"1014","Z99758.1","Exc L6 CT",-0.106016485488912,1.47895662596649,1.08568157209421,0.298152922129602,0.645839891055938,0.645839891055938,"plaq_d"
"1015","BLZF1","Exc L6 CT",-0.00141132811035599,5.25168196591923,0.00487423933663509,0.944380386719687,0.997609533382524,0.997609533382524,"plaq_d"
"1016","CCDC181","Exc L6 CT",0.039222714548076,4.46699955202383,2.22179210732583,0.136980327462502,0.450910738276957,0.450910738276957,"plaq_d"
"1017","SLC19A2","Exc L6 CT",-0.0263516281177341,3.71447561855281,0.557317859505705,0.455846690452241,0.775327145055584,0.775327145055584,"plaq_d"
"1018","F5","Exc L6 CT",0.0014415420942966,1.62818014531498,0.00215693713743674,0.962983918758205,0.998742420766286,0.998742420766286,"plaq_d"
"1019","C1orf112","Exc L6 CT",-0.024525024872809,4.32583862563771,0.516378277828483,0.472872627478461,0.785175818359853,0.785175818359853,"plaq_d"
"1020","METTL18","Exc L6 CT",0.0268906070847719,1.68859991941822,0.0961966711471111,0.756627970431642,0.937371276885589,0.937371276885589,"plaq_d"
"1021","SCYL3","Exc L6 CT",-0.0315176499173234,4.38136200812258,1.44007859670408,0.230942465501572,0.574602097020503,0.574602097020503,"plaq_d"
"1022","KIFAP3","Exc L6 CT",0.0277042676395289,7.78341726242021,7.42310904738334,0.00676408863356101,0.091863610063685,0.091863610063685,"plaq_d"
"1023","AL354732.1","Exc L6 CT",-0.0636019420324503,2.09795739404989,0.695331183166864,0.404928613900247,0.737053018802372,0.737053018802372,"plaq_d"
"1024","GORAB","Exc L6 CT",0.04472135909127,3.58043257802975,1.80063733389803,0.208364316829725,0.544196789746139,0.544196789746139,"plaq_d"
"1025","PRRX1","Exc L6 CT",-0.111789553119566,4.81334200209494,2.96859113875058,0.0857835884730885,0.359435742465286,0.359435742465286,"plaq_d"
"1026","PRRC2C","Exc L6 CT",0.0273353135752637,7.16997492797474,4.18433706402725,0.0415502205284663,0.247376747199256,0.247376747199256,"plaq_d"
"1027","MYOCOS","Exc L6 CT",-0.0358696983274004,1.92774732349708,0.136076629380222,0.712437150817627,0.913771807996358,0.913771807996358,"plaq_d"
"1028","VAMP4","Exc L6 CT",0.020215953685621,4.76539608159966,0.779770080581301,0.377820712287645,0.714168457732791,0.714168457732791,"plaq_d"
"1029","METTL13","Exc L6 CT",-0.036714479693343,2.82432324542391,0.597443802456326,0.526759143823371,0.81812759029898,0.81812759029898,"plaq_d"
"1030","DNM3","Exc L6 CT",0.0425130727541724,8.35583744728163,14.5153731524155,0.000164314818451698,0.00876102269048386,0.00876102269048386,"plaq_d"
"1031","PIGC","Exc L6 CT",-0.0792879210687594,4.04734354268439,6.8820480648002,0.00908949619942742,0.10886221904073,0.10886221904073,"plaq_d"
"1032","SUCO","Exc L6 CT",-0.0106933145245539,5.48214576199913,0.359453035421529,0.549200080113747,0.831577064555297,0.831577064555297,"plaq_d"
"1033","AL031599.1","Exc L6 CT",0.024996090316558,2.25529039776999,0.125644020625557,0.723206496430327,0.919401316780921,0.919401316780921,"plaq_d"
"1034","AL645568.1","Exc L6 CT",-0.0216467591622152,6.04084695685793,1.74692756774708,0.187131157419518,0.520367035389488,0.520367035389488,"plaq_d"
"1035","PRDX6","Exc L6 CT",0.0333535686377258,4.54541434361077,1.9077880175355,0.191967053221318,0.525591041874114,0.525591041874114,"plaq_d"
"1036","SLC9C2","Exc L6 CT",0.0218324808821563,3.81547521168339,0.26031992614352,0.610223717087791,0.8665200859337,0.8665200859337,"plaq_d"
"1037","ANKRD45","Exc L6 CT",0.0573044864741403,2.95263626689419,1.22511658975996,0.269122925874441,0.616882935614288,0.616882935614288,"plaq_d"
"1038","KLHL20","Exc L6 CT",-0.00984002374566304,5.49063449679932,0.274474699905941,0.731996891487869,0.924789363440058,0.924789363440058,"plaq_d"
"1039","DARS2","Exc L6 CT",-0.0337498811006462,2.87111255467822,0.43738484145788,0.508824765771131,0.807256042323254,0.807256042323254,"plaq_d"
"1040","ZBTB37","Exc L6 CT",0.00187421368552429,3.66802085392351,0.00322837292825018,0.95472214997755,0.998414940511173,0.998414940511173,"plaq_d"
"1041","RC3H1","Exc L6 CT",0.0188589713271431,6.71540584354056,2.20922533515285,0.138092423368997,0.45263627659838,0.45263627659838,"plaq_d"
"1042","RABGAP1L","Exc L6 CT",0.0195591128616752,9.38973077338377,5.11757340383404,0.0243005985027509,0.185783985909742,0.185783985909742,"plaq_d"
"1043","Z99127.1","Exc L6 CT",-0.0741917058372922,2.50956939775145,1.6829609368751,0.19539034770724,0.530024391481708,0.530024391481708,"plaq_d"
"1044","CACYBP","Exc L6 CT",0.05426934043936,5.07370008013824,5.19619138529095,0.0232408960191065,0.180882348547158,0.180882348547158,"plaq_d"
"1045","MRPS14","Exc L6 CT",0.00560712423076339,3.91651046884845,0.0348862009137238,0.851943097090449,0.973991347268367,0.973991347268367,"plaq_d"
"1046","TNN","Exc L6 CT",-0.039521892466167,1.92429836682852,0.198838805737829,0.655936908776449,0.888155355412506,0.888155355412506,"plaq_d"
"1047","TNR","Exc L6 CT",-0.0152486706584118,8.08967834155412,1.29021912606982,0.256788774040245,0.604139759941717,0.604139759941717,"plaq_d"
"1048","AL513329.1","Exc L6 CT",-0.0220915035344559,4.24553240721786,0.553265776062555,0.457487986772636,0.775664661561659,0.775664661561659,"plaq_d"
"1049","COP1","Exc L6 CT",0.0307075510765496,7.95330609733377,9.60558398341802,0.00209782209827708,0.0455509003420767,0.0455509003420767,"plaq_d"
"1050","AL359265.3","Exc L6 CT",-0.110159028963763,3.24233506043011,5.10679888213869,0.024449706826738,0.18622276420815,0.18622276420815,"plaq_d"
"1051","PAPPA2","Exc L6 CT",-0.0536317971397876,4.56927541864356,2.06381717007337,0.151729795689119,0.472485861721947,0.472485861721947,"plaq_d"
"1052","ASTN1","Exc L6 CT",0.0137197624375437,8.06366141988476,2.03806168224108,0.154301227630756,0.475250422116466,0.475250422116466,"plaq_d"
"1053","BRINP2","Exc L6 CT",0.0529324937269037,7.32456065168869,8.28200820670661,0.00425109002799078,0.0702979324433674,0.0702979324433674,"plaq_d"
"1054","AL122019.1","Exc L6 CT",-0.206436716860132,1.72982462976884,4.68237173353152,0.0311531850344407,0.213257846769286,0.213257846769286,"plaq_d"
"1055","SEC16B","Exc L6 CT",0.0644389425966206,4.95859977646297,5.66828418005163,0.0178116012538602,0.157600375937659,0.157600375937659,"plaq_d"
"1056","RASAL2","Exc L6 CT",0.0352560369476477,9.02130586625256,17.2764298554748,4.0722758580767e-05,0.00342833235396913,0.00342833235396913,"plaq_d"
"1057","CLEC20A","Exc L6 CT",0.0223470060187887,2.6843131847268,0.18765297591563,0.866066026620416,0.977765970425153,0.977765970425153,"plaq_d"
"1058","RALGPS2","Exc L6 CT",0.0254428900098932,6.70363743379663,2.62024239765724,0.106413715250145,0.40016063852872,0.40016063852872,"plaq_d"
"1059","ANGPTL1","Exc L6 CT",-0.0706176821352682,3.25925788572671,1.97334764177939,0.160984425412497,0.484883871304623,0.484883871304623,"plaq_d"
"1060","FAM20B","Exc L6 CT",0.0295050827687103,5.46044399485241,3.24181013782036,0.0726465814768534,0.330432918464702,0.330432918464702,"plaq_d"
"1061","TOR3A","Exc L6 CT",-0.0550673446481082,3.33508316347368,2.08708583366021,0.149448462631901,0.46924727459661,0.46924727459661,"plaq_d"
"1062","ABL2","Exc L6 CT",-0.00813144920372099,6.89854117214245,0.404183124026654,0.525354404309254,0.817207495258297,0.817207495258297,"plaq_d"
"1063","SOAT1","Exc L6 CT",0.0274778528621461,3.94030528477425,0.749090421536687,0.387360286058321,0.721861895182917,0.721861895182917,"plaq_d"
"1064","AXDND1","Exc L6 CT",0.0268998787629744,1.97346332784512,0.134737570827044,0.713792641586191,0.914263531146121,0.914263531146121,"plaq_d"
"1065","TDRD5","Exc L6 CT",-0.0321951442122027,3.06236999404166,0.224054220793025,0.636264630885909,0.878269581788608,0.878269581788608,"plaq_d"
"1066","FAM163A","Exc L6 CT",0.0589359856618817,2.94169035532709,0.400604075178347,0.527192900582695,0.818249913461131,0.818249913461131,"plaq_d"
"1067","TOR1AIP2","Exc L6 CT",0.0319825347633016,5.65415426245625,4.38327663838502,0.0370160601905146,0.233282006533835,0.233282006533835,"plaq_d"
"1068","TOR1AIP1","Exc L6 CT",0.0037931038128967,4.71706279294577,0.0258547845690529,0.888535140293503,0.984859409526221,0.984859409526221,"plaq_d"
"1069","CEP350","Exc L6 CT",0.00301104686471431,6.92393017409063,0.072386109597423,0.801875146441716,0.955770376566894,0.955770376566894,"plaq_d"
"1070","QSOX1","Exc L6 CT",-0.0137173491411643,5.1431155568578,0.508970124612532,0.483257789753371,0.792077685049623,0.792077685049623,"plaq_d"
"1071","ACBD6","Exc L6 CT",0.0137241682631728,7.63023094326652,1.91009879596053,0.16783823723543,0.494413600008439,0.494413600008439,"plaq_d"
"1072","XPR1","Exc L6 CT",0.0194353907632242,6.993473921088,2.51641169320731,0.147418417127526,0.465913399114789,0.465913399114789,"plaq_d"
"1073","KIAA1614","Exc L6 CT",-0.0525016239122106,3.50686393232108,1.35581465688374,0.24506132499642,0.590859254499192,0.590859254499192,"plaq_d"
"1074","AL162431.2","Exc L6 CT",-0.0129258901031173,2.60365362249489,0.0636049851180772,0.80103505642291,0.955506912332949,0.955506912332949,"plaq_d"
"1075","STX6","Exc L6 CT",-0.00522117863869873,5.36728870742879,0.0586751741318431,0.808744875138843,0.958412365196336,0.958412365196336,"plaq_d"
"1076","MR1","Exc L6 CT",-0.0385307531074458,2.74915439951395,0.549468890355617,0.459034413775323,0.775898728996668,0.775898728996668,"plaq_d"
"1077","IER5","Exc L6 CT",-0.0212294290385144,3.67268509573353,0.259295165043196,0.610927336536049,0.867262591142192,0.867262591142192,"plaq_d"
"1078","CACNA1E","Exc L6 CT",0.0396328593914967,8.76917427199602,14.3823479072076,0.000175841229515507,0.0091717765945842,0.0091717765945842,"plaq_d"
"1079","GLUL","Exc L6 CT",0.146661093942081,4.3822479855147,6.84787436637564,0.00926149922341371,0.110199218403543,0.110199218403543,"plaq_d"
"1080","RNASEL","Exc L6 CT",0.10123595435354,2.4222835239345,2.87488465194675,0.090865335325158,0.370565826442203,0.370565826442203,"plaq_d"
"1081","NPL","Exc L6 CT",0.00768041864879944,3.18209173324286,0.0336601195666733,0.854538440950829,0.974800354737319,0.974800354737319,"plaq_d"
"1082","DHX9","Exc L6 CT",-0.0108065692020041,6.02695729355932,0.534219503400483,0.665687045077327,0.893311909557111,0.893311909557111,"plaq_d"
"1083","SHCBP1L","Exc L6 CT",0.0676742248287298,2.42992913515215,0.881505154796477,0.348440576249633,0.692098817627834,0.692098817627834,"plaq_d"
"1084","LAMC1","Exc L6 CT",-0.00207635658950811,6.08329213795305,0.0105147336435784,0.91838600086785,0.991680533190336,0.991680533190336,"plaq_d"
"1085","NMNAT2","Exc L6 CT",0.0142389402729182,8.47237391817312,1.63736380070321,0.201539505596043,0.537388909531513,0.537388909531513,"plaq_d"
"1086","SMG7","Exc L6 CT",-0.0130025566192751,6.03482594166532,0.789966535561902,0.447291032403993,0.76821781227486,0.76821781227486,"plaq_d"
"1087","ARPC5","Exc L6 CT",0.0112005347308915,4.73265728166192,0.224831317575329,0.635680299264334,0.878269581788608,0.878269581788608,"plaq_d"
"1088","RGL1","Exc L6 CT",0.00101839496702524,7.08302262719753,0.0064451918080646,0.936059133920914,0.996094671122864,0.996094671122864,"plaq_d"
"1089","COLGALT2","Exc L6 CT",0.0230947239872395,5.83998659975966,1.26466209127808,0.261545094143594,0.608298877905728,0.608298877905728,"plaq_d"
"1090","TSEN15","Exc L6 CT",-0.0144472903006328,5.27118725664108,0.491133266834691,0.560486950401295,0.838143184248177,0.838143184248177,"plaq_d"
"1091","C1orf21","Exc L6 CT",0.0178956165071815,7.20235120918214,2.13173173884739,0.14517931496347,0.461674711335126,0.461674711335126,"plaq_d"
"1092","EDEM3","Exc L6 CT",0.00995882896217127,5.84741101212473,0.386569143973924,0.534515205025836,0.822542051475354,0.822542051475354,"plaq_d"
"1093","LINC01633","Exc L6 CT",0.172671736624922,2.06625893345332,6.29304526991466,0.0125751548016205,0.13045459410186,0.13045459410186,"plaq_d"
"1094","RNF2","Exc L6 CT",0.0400899835413001,4.59352616210157,2.43346302037732,0.119678654656312,0.422529131617433,0.422529131617433,"plaq_d"
"1095","TRMT1L","Exc L6 CT",0.0300753307746318,5.01725874326041,2.23982243321931,0.13540228306493,0.448309859016269,0.448309859016269,"plaq_d"
"1096","SWT1","Exc L6 CT",0.0403772658931533,5.11789856918863,2.88629944800809,0.0902291285523444,0.368702394163937,0.368702394163937,"plaq_d"
"1097","IVNS1ABP","Exc L6 CT",0.0410605122597148,4.70743246769652,2.51902656856368,0.113387641837624,0.412728513838396,0.412728513838396,"plaq_d"
"1098","TPR","Exc L6 CT",0.00198598137244831,5.76930021485664,0.0134160102337379,0.974981480292344,0.999093977007575,0.999093977007575,"plaq_d"
"1099","ODR4","Exc L6 CT",0.00810285635264635,5.8021685145358,0.262180083685019,0.608950948823347,0.865385098065202,0.865385098065202,"plaq_d"
"1100","AL596220.1","Exc L6 CT",0.0018161141643917,6.11265713498985,0.0152088034104588,0.952016334412189,0.998071449610185,0.998071449610185,"plaq_d"
"1101","PDC","Exc L6 CT",-0.174909287575256,2.06758222958792,5.86578436532867,0.0159480842784876,0.149060281353575,0.149060281353575,"plaq_d"
"1102","ERVMER61-1","Exc L6 CT",-0.110799595395067,2.79297697880002,4.40178745012865,0.0366215243378349,0.232032563333414,0.232032563333414,"plaq_d"
"1103","BRINP3","Exc L6 CT",-0.017796555283982,6.17217663181287,0.288311561419503,0.591647484468738,0.856535257331907,0.856535257331907,"plaq_d"
"1104","AL354771.1","Exc L6 CT",-0.0301420490574445,1.94856994693715,0.137362068568324,0.711143048952183,0.913083741980474,0.913083741980474,"plaq_d"
"1105","AL390957.1","Exc L6 CT",-0.0207393607192562,5.39800598730843,0.22211954112317,0.637724806944384,0.878611156838095,0.878611156838095,"plaq_d"
"1106","AL136454.1","Exc L6 CT",-0.178576339448618,2.88197310758131,6.78281837195943,0.00959825992591398,0.11288933814825,0.11288933814825,"plaq_d"
"1107","RGS2","Exc L6 CT",-0.0101247745520998,3.15112595126122,0.0429219276590618,0.835993453964726,0.968218967278857,0.968218967278857,"plaq_d"
"1108","UCHL5","Exc L6 CT",0.0369039801781698,5.1647399479367,3.60511917856112,0.0584284185983166,0.298655981097902,0.298655981097902,"plaq_d"
"1109","TROVE2","Exc L6 CT",0.000956098752129863,5.58319019161179,0.0030287972836893,0.956142534254044,0.998742420766286,0.998742420766286,"plaq_d"
"1110","GLRX2","Exc L6 CT",0.0447524042827827,4.0397795839796,2.26657961415071,0.133097946622544,0.444978643654933,0.444978643654933,"plaq_d"
"1111","CDC73","Exc L6 CT",0.0260866717476492,6.66890418286775,3.75986561978441,0.0533044200435646,0.284844257961082,0.284844257961082,"plaq_d"
"1112","B3GALT2","Exc L6 CT",0.0731223292861957,6.05910815689482,15.6695849389743,9.14583963461111e-05,0.0059847048809028,0.0059847048809028,"plaq_d"
"1113","LINC01031","Exc L6 CT",0.0603950634603974,2.56803766161621,0.89709610840934,0.344218388950369,0.687958895922466,0.687958895922466,"plaq_d"
"1114","AL357793.1","Exc L6 CT",0.0275400510332061,2.90720259915768,0.253584155427864,0.61488102134351,0.869428223272997,0.869428223272997,"plaq_d"
"1115","AL356272.1","Exc L6 CT",0.0983255997434652,2.89908382522295,3.42729606665903,0.0649735649145027,0.313156414131935,0.313156414131935,"plaq_d"
"1116","KCNT2","Exc L6 CT",0.0461881753915148,5.53470201998255,1.2816573410067,0.258370131005859,0.605514483115005,0.605514483115005,"plaq_d"
"1117","ASPM","Exc L6 CT",0.0779098959783619,1.89097132810842,1.13726591666095,0.286969661542865,0.633609575076657,0.633609575076657,"plaq_d"
"1118","ZBTB41","Exc L6 CT",0.0609154270679372,5.4276126333754,10.1239637428877,0.00159518964604965,0.0379668080103084,0.0379668080103084,"plaq_d"
"1119","CRB1","Exc L6 CT",0.0132348841227394,5.41260673670598,0.280170826713593,0.596926557745069,0.858855692910863,0.858855692910863,"plaq_d"
"1120","DENND1B","Exc L6 CT",0.019912337107332,6.59196741358797,2.11146785818825,0.147099633247543,0.465505545850699,0.465505545850699,"plaq_d"
"1121","C1orf53","Exc L6 CT",0.00255799962036973,1.83304442679613,0.0021399215143561,0.963130109058878,0.998742420766286,0.998742420766286,"plaq_d"
"1122","NEK7","Exc L6 CT",-0.00648000103265001,5.55562322406616,0.0948567436283817,0.758275449553092,0.93768275509137,0.93768275509137,"plaq_d"
"1123","MIR181A1HG","Exc L6 CT",-0.00829900761984631,6.63038645405034,0.111351037357752,0.738812075043245,0.928254375311796,0.928254375311796,"plaq_d"
"1124","LINC00862","Exc L6 CT",0.0936002204678322,4.39867127482277,9.23960039695165,0.00254761097789956,0.0515828518113109,0.0515828518113109,"plaq_d"
"1125","AC104461.1","Exc L6 CT",0.0119034909125632,2.3706372550309,0.0413079238117056,0.988448828980624,0.999571689696322,0.999571689696322,"plaq_d"
"1126","ZNF281","Exc L6 CT",0.0191699136862448,4.31784055871281,0.535320122923412,0.780733406262474,0.947656149937603,0.947656149937603,"plaq_d"
"1127","KIF14","Exc L6 CT",-0.061560046753171,1.93152901080445,0.591853357872934,0.442224874220431,0.764029675036979,0.764029675036979,"plaq_d"
"1128","DDX59","Exc L6 CT",0.0338118446674496,3.35577080234271,0.734517349695001,0.39201231228433,0.725560458684137,0.725560458684137,"plaq_d"
"1129","CAMSAP2","Exc L6 CT",0.0334314019739543,7.92955159097464,13.9307479287249,0.000221446168900658,0.0106264634916462,0.0106264634916462,"plaq_d"
"1130","KIF21B","Exc L6 CT",-0.0291971893054434,5.19179801187421,1.51269037643324,0.2195593593168,0.558706652863447,0.558706652863447,"plaq_d"
"1131","TMEM9","Exc L6 CT",0.00577586364369693,5.08789929992714,0.078461188649892,0.852833550243149,0.97443088068622,0.97443088068622,"plaq_d"
"1132","TNNT2","Exc L6 CT",-0.0264671156195183,1.84852573807859,0.0539089145226693,0.81653233434579,0.961176017055942,0.961176017055942,"plaq_d"
"1133","PHLDA3","Exc L6 CT",0.0582931919283017,3.22530034237026,2.26398231945371,0.135304012647339,0.448211895748617,0.448211895748617,"plaq_d"
"1134","CSRP1","Exc L6 CT",0.18298946031603,2.71800504016309,7.25145667099019,0.00742692848718182,0.0967584276031398,0.0967584276031398,"plaq_d"
"1135","AC096677.1","Exc L6 CT",-0.0200002761505444,3.81875979830245,0.343111374919858,0.558418221740608,0.837242282312585,0.837242282312585,"plaq_d"
"1136","NAV1","Exc L6 CT",-0.0139761103239758,6.97938677530159,0.923983808250405,0.337098152116964,0.681358046736448,0.681358046736448,"plaq_d"
"1137","IPO9-AS1","Exc L6 CT",-0.114529162263335,3.96542426422724,10.9291961843617,0.00104517457993995,0.0283893080241803,0.0283893080241803,"plaq_d"
"1138","IPO9","Exc L6 CT",0.0205979820460002,6.73959777019575,2.94699128452615,0.0869269120333176,0.361258610170797,0.361258610170797,"plaq_d"
"1139","SHISA4","Exc L6 CT",0.0274209157762165,3.41478986376875,0.507057788055648,0.614005508060452,0.869052033813501,0.869052033813501,"plaq_d"
"1140","TIMM17A","Exc L6 CT",0.0184760428635508,4.16776375170453,0.46125632700854,0.497488602438115,0.801652988702635,0.801652988702635,"plaq_d"
"1141","RNPEP","Exc L6 CT",-0.0458590309659248,4.61371033565596,3.91721472715526,0.0485813671884697,0.268975510706883,0.268975510706883,"plaq_d"
"1142","ARL8A","Exc L6 CT",0.046156628066633,5.29335763958487,5.41049031453637,0.0205897076023206,0.170440193517155,0.170440193517155,"plaq_d"
"1143","LGR6","Exc L6 CT",0.0119102069801931,3.03728375837392,0.0223003251994719,0.881377383465642,0.983361141778763,0.983361141778763,"plaq_d"
"1144","UBE2T","Exc L6 CT",0.0459944356997849,3.23326028143105,1.44814687462884,0.3206210871699,0.665360749502382,0.665360749502382,"plaq_d"
"1145","PPP1R12B","Exc L6 CT",0.0213490292016508,8.31549986637835,5.40005840645113,0.0207111822248975,0.171060343837995,0.171060343837995,"plaq_d"
"1146","SYT2","Exc L6 CT",-0.11181405405601,2.80063856235393,3.2232191991721,0.0734677498702847,0.3319208282482,0.3319208282482,"plaq_d"
"1147","AC104463.2","Exc L6 CT",-0.0147450003067832,2.10161958642222,0.0411896793259758,0.839290774356724,0.968842112712646,0.968842112712646,"plaq_d"
"1148","KDM5B","Exc L6 CT",0.00565757439348038,6.4607331504181,0.189473501935828,0.663624864098293,0.892003344375128,0.892003344375128,"plaq_d"
"1149","RABIF","Exc L6 CT",0.00191659224598741,3.48766028084981,0.00273228881889604,0.958342495781023,0.998742420766286,0.998742420766286,"plaq_d"
"1150","KLHL12","Exc L6 CT",0.0344441925918526,4.53723567116405,2.35911661966762,0.153031356688647,0.474411678527541,0.474411678527541,"plaq_d"
"1151","ADIPOR1","Exc L6 CT",0.0762195804248896,4.34983642130664,10.4255463090025,0.00136107076123568,0.0337838872181961,0.0337838872181961,"plaq_d"
"1152","CYB5R1","Exc L6 CT",-0.0156817958327259,3.88634250350249,0.275649254086804,0.646985854318937,0.883682007473949,0.883682007473949,"plaq_d"
"1153","TMEM183A","Exc L6 CT",0.00120039473399787,3.84117789623313,0.0015368945142984,0.975696824899366,0.999093977007575,0.999093977007575,"plaq_d"
"1154","PPFIA4","Exc L6 CT",0.0250991388630938,5.96615310573628,1.66357231181085,0.197977680247019,0.532925707710563,0.532925707710563,"plaq_d"
"1155","ADORA1","Exc L6 CT",-0.00896919064749492,5.19947278549272,0.178458423045282,0.672962146280576,0.895548968504857,0.895548968504857,"plaq_d"
"1156","CHI3L1","Exc L6 CT",0.0992840258330538,2.16672757353248,1.36074101579202,0.244207414164183,0.589986206068053,0.589986206068053,"plaq_d"
"1157","BTG2","Exc L6 CT",0.123818747244887,2.62042548216451,4.34182655859806,0.0379158298047101,0.235884306771222,0.235884306771222,"plaq_d"
"1158","PRELP","Exc L6 CT",0.091439003751869,4.03062628950051,3.99865953195796,0.0463129855190695,0.263405462101121,0.263405462101121,"plaq_d"
"1159","ATP2B4","Exc L6 CT",0.0128049100690206,8.10052579934211,0.798253822122712,0.372233054101056,0.710955389314004,0.710955389314004,"plaq_d"
"1160","SNRPE","Exc L6 CT",-0.0523921073740174,3.42045085498105,2.31389568861269,0.129129894032582,0.438140917566469,0.438140917566469,"plaq_d"
"1161","ETNK2","Exc L6 CT",0.00154158182023555,2.48048901918825,0.000380822653959831,0.984441705431749,0.999571689696322,0.999571689696322,"plaq_d"
"1162","GOLT1A","Exc L6 CT",-0.0166026342963922,2.21118924963754,0.0464388277984816,0.829506256593233,0.965549983610042,0.965549983610042,"plaq_d"
"1163","PLEKHA6","Exc L6 CT",-0.0027047182154943,7.68642774840161,0.0564736378742931,0.813454294718837,0.959862617294411,0.959862617294411,"plaq_d"
"1164","AL606489.1","Exc L6 CT",0.0290399319474374,2.07566833209227,0.198409608980625,0.656284442081847,0.888293188979272,0.888293188979272,"plaq_d"
"1165","PPP1R15B","Exc L6 CT",0.0347231386446059,3.70603970074289,1.07450737356449,0.300648882976475,0.647273064068988,0.647273064068988,"plaq_d"
"1166","PIK3C2B","Exc L6 CT",-0.0115730051398465,5.44570528274874,0.360286572136395,0.580951325372164,0.851041833586362,0.851041833586362,"plaq_d"
"1167","MDM4","Exc L6 CT",-0.0156048208230207,6.16302977770072,1.06570083904659,0.302635033042123,0.648680065748635,0.648680065748635,"plaq_d"
"1168","AL512306.3","Exc L6 CT",0.000644645540915032,2.3703889505214,0.00143719992892577,0.969780830656857,0.998742420766286,0.998742420766286,"plaq_d"
"1169","LRRN2","Exc L6 CT",-0.00591263763278188,7.13044563779712,0.207033979200487,0.718586572983541,0.917415067814034,0.917415067814034,"plaq_d"
"1170","NFASC","Exc L6 CT",0.0052316414548525,8.07944961683705,0.252398742781031,0.615708660588625,0.869439934484504,0.869439934484504,"plaq_d"
"1171","CNTN2","Exc L6 CT",0.000359514868389664,4.68586256206864,0.000202015440992366,0.98866801830654,0.999571689696322,0.999571689696322,"plaq_d"
"1172","TMEM81","Exc L6 CT",-0.0125272452920611,2.22105303917212,0.0348954948027135,0.851923605730565,0.973991347268367,0.973991347268367,"plaq_d"
"1173","RBBP5","Exc L6 CT",-0.00197449115225641,4.96588485234286,0.00793690953136001,0.929062132708957,0.994167628886557,0.994167628886557,"plaq_d"
"1174","DSTYK","Exc L6 CT",0.0198041794681647,6.12950187545085,2.39966473059451,0.160991573088169,0.484883871304623,0.484883871304623,"plaq_d"
"1175","TMCC2","Exc L6 CT",0.0636901809858397,3.97894977160717,4.08523661048626,0.0509711157081076,0.277728572681625,0.277728572681625,"plaq_d"
"1176","LEMD1","Exc L6 CT",-0.0661390677529521,2.54452007086603,1.27929827144488,0.258807969342549,0.606215347649745,0.606215347649745,"plaq_d"
"1177","MFSD4A","Exc L6 CT",0.00445320972459397,5.50616676831066,0.0535616405719274,0.828892308215155,0.965353423595613,0.965353423595613,"plaq_d"
"1178","ELK4","Exc L6 CT",-0.0515102988587797,4.23438767178443,3.71923032516073,0.0546018454968535,0.286967611230717,0.286967611230717,"plaq_d"
"1179","NUCKS1","Exc L6 CT",0.0498735729702695,7.3813553318989,22.4304214771908,3.17709017581953e-06,0.000609831868947973,0.000609831868947973,"plaq_d"
"1180","RAB29","Exc L6 CT",0.000699526565308407,2.84595369211074,0.000271253026409539,0.986869058948042,0.999571689696322,0.999571689696322,"plaq_d"
"1181","SLC41A1","Exc L6 CT",0.0222779920317052,3.45683642562809,0.35070703097409,0.554097514943548,0.833985418972776,0.833985418972776,"plaq_d"
"1182","PM20D1","Exc L6 CT",-0.163734733707843,1.9061149442336,3.63506664000269,0.0573972617954927,0.295272456982534,0.295272456982534,"plaq_d"
"1183","SRGAP2","Exc L6 CT",0.0100414495265638,6.64171218196603,0.545208630008144,0.460779458801216,0.776394701225957,0.776394701225957,"plaq_d"
"1184","IKBKE","Exc L6 CT",0.0186453899299025,2.71046082214819,0.117232239469306,0.732262537011614,0.924949678232797,0.924949678232797,"plaq_d"
"1185","RASSF5","Exc L6 CT",-0.0357866130722774,5.28335869986447,3.02101811342272,0.0830758853344397,0.353560823418939,0.353560823418939,"plaq_d"
"1186","EIF2D","Exc L6 CT",0.0254841637853478,4.23032201475278,0.821129573047436,0.365476733296656,0.7062502308449,0.7062502308449,"plaq_d"
"1187","DYRK3","Exc L6 CT",0.0612552027391528,3.50520685614681,2.44942200467714,0.118476492251338,0.420591064340407,0.420591064340407,"plaq_d"
"1188","MAPKAPK2","Exc L6 CT",-0.0487624021861459,4.2711359627352,2.35935238252812,0.125442027429657,0.432438560075993,0.432438560075993,"plaq_d"
"1189","PFKFB2","Exc L6 CT",-0.0249235867719251,3.54468922556791,0.50948412618084,0.475840421449602,0.788103854945751,0.788103854945751,"plaq_d"
"1190","YOD1","Exc L6 CT",0.0713568234586445,3.40138811862485,3.78727050535655,0.0524479664266376,0.282469481735082,0.282469481735082,"plaq_d"
"1191","AL596218.1","Exc L6 CT",-0.157432686548003,2.0549390205724,4.35562086784463,0.0376138635920772,0.235392810883148,0.235392810883148,"plaq_d"
"1192","CD55","Exc L6 CT",0.0337787176537351,4.1826824444969,1.123421206943,0.289917638535617,0.636681820211455,0.636681820211455,"plaq_d"
"1193","CD46","Exc L6 CT",-0.0154239093234142,5.8595524763616,1.02004280107605,0.31321016828999,0.657572346901371,0.657572346901371,"plaq_d"
"1194","MIR29B2CHG","Exc L6 CT",-0.00319948110405559,7.31910799309448,0.0513536772853379,0.820857272493675,0.963631282552026,0.963631282552026,"plaq_d"
"1195","PLXNA2","Exc L6 CT",0.0244437260711336,7.29307496776271,1.59938902404803,0.206835615997287,0.542535943748561,0.542535943748561,"plaq_d"
"1196","CAMK1G","Exc L6 CT",0.0137351585401465,4.24285670541766,0.14846632611071,0.700240594112031,0.909344574523349,0.909344574523349,"plaq_d"
"1197","AL031316.1","Exc L6 CT",-0.0507753390744794,3.24737462449094,1.14410815865961,0.28552684175353,0.632521280637319,0.632521280637319,"plaq_d"
"1198","HSD11B1","Exc L6 CT",-0.107732846565944,1.72838901681102,1.3817944909725,0.2405988590423,0.585572472489088,0.585572472489088,"plaq_d"
"1199","UTP25","Exc L6 CT",-0.010767465469132,3.94986016267464,0.138903316398555,0.717115485974568,0.916024359901498,0.916024359901498,"plaq_d"
"1200","SYT14","Exc L6 CT",0.0149094868863353,7.751471446538,1.72847909216178,0.189470510232549,0.522841713749616,0.522841713749616,"plaq_d"
"1201","SERTAD4","Exc L6 CT",-0.0541187848483728,3.13534798545498,1.22992230685989,0.268187531288866,0.616144215525233,0.616144215525233,"plaq_d"
"1202","HHAT","Exc L6 CT",0.0705790223032455,3.05217556415597,0.657452893561372,0.418014468541762,0.746439431003449,0.746439431003449,"plaq_d"
"1203","KCNH1","Exc L6 CT",-0.00567225827577237,4.9452934852269,0.0326384092407478,0.85673874991556,0.975107136969453,0.975107136969453,"plaq_d"
"1204","RCOR3","Exc L6 CT",0.0288855815256905,6.50080577551917,4.77777103304963,0.0294949928928994,0.20592250194589,0.20592250194589,"plaq_d"
"1205","SLC30A1","Exc L6 CT",0.075350434669809,2.62957446431309,2.03604505803971,0.154504652368383,0.475723546042968,0.475723546042968,"plaq_d"
"1206","LPGAT1","Exc L6 CT",0.0292221476217996,6.53038044724119,4.80015804635218,0.0291194264560334,0.20449901800793,0.20449901800793,"plaq_d"
"1207","INTS7","Exc L6 CT",0.0313060561546475,5.16944310144676,1.97387485712902,0.240243135689468,0.585302606719302,0.585302606719302,"plaq_d"
"1208","PPP2R5A","Exc L6 CT",0.027751572998133,4.62479144798581,1.29643027819893,0.255649073601283,0.603097907774898,0.603097907774898,"plaq_d"
"1209","AL360091.3","Exc L6 CT",-0.0290357657817713,2.40023387551522,0.201403053864386,0.653869879603481,0.887115990593112,0.887115990593112,"plaq_d"
"1210","TMEM206","Exc L6 CT",-0.00761038917811371,3.58340760351758,0.0328180759968208,0.856349276222687,0.975107136969453,0.975107136969453,"plaq_d"
"1211","NENF","Exc L6 CT",-0.0858168385768244,4.52840880710862,12.4635274596863,0.000470743871665577,0.0169420719412441,0.0169420719412441,"plaq_d"
"1212","ATF3","Exc L6 CT",0.0525142657462502,2.0657832560684,0.40029557274402,0.527351911375245,0.818249913461131,0.818249913461131,"plaq_d"
"1213","BATF3","Exc L6 CT",-0.11095475020117,2.42374185124439,3.53422003258423,0.0609493059048974,0.304979564757352,0.304979564757352,"plaq_d"
"1214","NSL1","Exc L6 CT",0.00876928910621296,6.27119480882601,0.37248465171495,0.791773981869004,0.952057315516695,0.952057315516695,"plaq_d"
"1215","TATDN3","Exc L6 CT",-0.00859981995050043,5.5729402518759,0.191628304652819,0.661836247940588,0.891047652729947,0.891047652729947,"plaq_d"
"1216","FLVCR1-DT","Exc L6 CT",0.00673980920226674,2.0393492908314,0.00814842322192321,0.928125660905427,0.994167628886557,0.994167628886557,"plaq_d"
"1217","FLVCR1","Exc L6 CT",0.0143434825779021,5.32421483843599,0.572332881243298,0.449844932249847,0.770214991040533,0.770214991040533,"plaq_d"
"1218","VASH2","Exc L6 CT",-0.0196265771455137,4.68415215998601,0.363333506715903,0.547053067528211,0.830385487150582,0.830385487150582,"plaq_d"
"1219","ANGEL2","Exc L6 CT",-0.000610711318309768,5.52391861142067,0.00118584781540302,0.972549096045914,0.999088296211026,0.999088296211026,"plaq_d"
"1220","RPS6KC1","Exc L6 CT",0.0466814906518801,8.27437190634501,12.0215614128148,0.000591740097209111,0.020282596284339,0.020282596284339,"plaq_d"
"1221","SMYD2","Exc L6 CT",0.0289662909782333,4.76584272519691,1.28719085939047,0.257346719107765,0.60470031924439,0.60470031924439,"plaq_d"
"1222","PTPN14","Exc L6 CT",0.0601610447772187,5.13216475460257,3.05126786715138,0.0815558642017724,0.350343934926463,0.350343934926463,"plaq_d"
"1223","KCNK2","Exc L6 CT",0.0206407606094744,5.76801289430224,0.492958744303216,0.483079493993857,0.792077685049623,0.792077685049623,"plaq_d"
"1224","KCTD3","Exc L6 CT",0.0416839858672878,6.11062980859946,8.99881115088356,0.00289613827307763,0.0560387185204644,0.0560387185204644,"plaq_d"
"1225","USH2A","Exc L6 CT",0.0366726705562129,3.59214985995839,0.717393274266292,0.397582061426843,0.730350147096831,0.730350147096831,"plaq_d"
"1226","ESRRG","Exc L6 CT",-0.0119573154080464,7.54242976982579,0.289476083093574,0.590900192367368,0.856166609970868,0.856166609970868,"plaq_d"
"1227","GPATCH2","Exc L6 CT",-0.0107996704856146,6.09176782567028,0.330348491466331,0.565825118360664,0.840881429123579,0.840881429123579,"plaq_d"
"1228","SPATA17","Exc L6 CT",-0.0240101509495633,2.84137543966064,0.16774124703665,0.682378920057292,0.899070690422699,0.899070690422699,"plaq_d"
"1229","RRP15","Exc L6 CT",0.017037142154478,4.91409777513544,0.473645659048424,0.491772995328429,0.798050939569672,0.798050939569672,"plaq_d"
"1230","TGFB2","Exc L6 CT",0.0937054307453168,2.26062590114919,1.7431564521009,0.187606596773607,0.521085195283205,0.521085195283205,"plaq_d"
"1231","LYPLAL1-DT","Exc L6 CT",-0.0162230629520482,2.42056310872578,0.0481076577609906,0.826517943710589,0.964304426424964,0.964304426424964,"plaq_d"
"1232","LYPLAL1","Exc L6 CT",-0.0133746266434844,5.53326344702322,0.561850205331948,0.513167031135276,0.810504860688113,0.810504860688113,"plaq_d"
"1233","AC096642.1","Exc L6 CT",0.00279183111858577,2.5654568797709,0.00294156008056095,0.956778123220911,0.998742420766286,0.998742420766286,"plaq_d"
"1234","ZC3H11B","Exc L6 CT",-0.0634989254761005,2.81030299959471,1.46910883523555,0.226308165610324,0.56778186687456,0.56778186687456,"plaq_d"
"1235","SLC30A10","Exc L6 CT",-0.00346719512702538,4.56784591539632,0.0101565103821726,0.919783493022039,0.991792773539161,0.991792773539161,"plaq_d"
"1236","EPRS","Exc L6 CT",0.00213439374116089,5.95376741497493,0.0180356509752663,0.893245413793969,0.985595335141122,0.985595335141122,"plaq_d"
"1237","BPNT1","Exc L6 CT",-0.0168862164739955,3.94712769253305,0.301779178111307,0.657916621833248,0.889246801982108,0.889246801982108,"plaq_d"
"1238","IARS2","Exc L6 CT",0.0250836398082552,4.81024833777406,1.25367635316872,0.486817577184493,0.794288611229015,0.794288611229015,"plaq_d"
"1239","RAB3GAP2","Exc L6 CT",0.0395281903638408,7.04819401859327,11.5380278605633,0.00076070475111048,0.0236795916542671,0.0236795916542671,"plaq_d"
"1240","MARK1","Exc L6 CT",0.022562637060533,7.97008959825945,3.90425601228187,0.0489530179745189,0.269803846386361,0.269803846386361,"plaq_d"
"1241","C1orf115","Exc L6 CT",0.0448401324770671,5.08449038850592,4.56401550813383,0.033347228154476,0.221685374002534,0.221685374002534,"plaq_d"
"1242","MARC2","Exc L6 CT",-0.00865907972838665,5.47919815698361,0.198567659036266,0.656156411899672,0.888285471667075,0.888285471667075,"plaq_d"
"1243","MARC1","Exc L6 CT",-0.00599938087536035,4.23528866049293,0.0400703694789538,0.84145991693512,0.969513185327633,0.969513185327633,"plaq_d"
"1244","AL356108.1","Exc L6 CT",-0.0355022483682418,2.56263281834571,0.223993249271623,0.6363105304022,0.878269581788608,0.878269581788608,"plaq_d"
"1245","AL513314.2","Exc L6 CT",0.0539322233974674,3.11120499828391,1.7512033987481,0.241166536519343,0.586359307504216,0.586359307504216,"plaq_d"
"1246","TAF1A","Exc L6 CT",0.000215283953435647,3.03782316029384,7.56715316979334e-06,0.997806720605274,0.999906738276838,0.999906738276838,"plaq_d"
"1247","MIA3","Exc L6 CT",0.0218801191387553,5.93679418865665,1.89078105650071,0.169997955999938,0.497249976671279,0.497249976671279,"plaq_d"
"1248","AIDA","Exc L6 CT",0.0579926486992754,4.3075443111854,4.5485514736505,0.0336456477080806,0.222184745140151,0.222184745140151,"plaq_d"
"1249","BROX","Exc L6 CT",0.044749058079422,4.34894596802103,2.83063241118424,0.0933783941715999,0.375676946957016,0.375676946957016,"plaq_d"
"1250","FAM177B","Exc L6 CT",0.0622434522106622,1.79188321270707,0.557820428428362,0.455643773036177,0.775175490089533,0.775175490089533,"plaq_d"
"1251","AC093152.1","Exc L6 CT",0.0206482855172867,3.92381166955996,0.320386677067878,0.571739958307421,0.844787892824964,0.844787892824964,"plaq_d"
"1252","SUSD4","Exc L6 CT",-0.0256756737019216,7.1610810462455,2.94523125185406,0.0870208013551965,0.361466911242179,0.361466911242179,"plaq_d"
"1253","CAPN8","Exc L6 CT",0.011744524395315,1.72239895873324,0.0135753363515721,0.907312960054433,0.989420650042586,0.989420650042586,"plaq_d"
"1254","CAPN2","Exc L6 CT",0.00295255658293304,4.37551306381198,0.0129635551071895,0.910730526589449,0.989675151298007,0.989675151298007,"plaq_d"
"1255","TP53BP2","Exc L6 CT",0.0553222500931808,2.77354013909759,1.20651723502508,0.272781914232827,0.619982386690208,0.619982386690208,"plaq_d"
"1256","FBXO28","Exc L6 CT",-0.0135550645963695,6.34134902508313,0.873927028364875,0.350518283886124,0.693521332438791,0.693521332438791,"plaq_d"
"1257","DEGS1","Exc L6 CT",0.0615014326346999,4.30291298235364,5.22230966572757,0.0228995940004489,0.18037845775799,0.18037845775799,"plaq_d"
"1258","NVL","Exc L6 CT",-0.0322572739791385,5.87977976906476,4.59145079134984,0.0328246069419727,0.219777153461822,0.219777153461822,"plaq_d"
"1259","CNIH4","Exc L6 CT",-0.0234367228006857,4.53016316765733,0.975970802737932,0.364065057263329,0.704785101511474,0.704785101511474,"plaq_d"
"1260","WDR26","Exc L6 CT",0.0110792433397542,6.090387648325,0.602834086391595,0.57288596832859,0.846047025036764,0.846047025036764,"plaq_d"
"1261","CNIH3","Exc L6 CT",-0.00967268151861634,6.67030504611471,0.275942117694802,0.599707646922604,0.859923995195579,0.859923995195579,"plaq_d"
"1262","AL391811.1","Exc L6 CT",-0.0873342857315736,2.56062112204303,2.45301108395964,0.118207984285622,0.420282079964388,0.420282079964388,"plaq_d"
"1263","DNAH14","Exc L6 CT",-0.000795703295432226,6.29271743261923,0.000930352963649793,0.975684422543016,0.999093977007575,0.999093977007575,"plaq_d"
"1264","LBR","Exc L6 CT",0.014794270835183,4.19973584152395,0.331496899738125,0.565150900288419,0.840497220640369,0.840497220640369,"plaq_d"
"1265","ENAH","Exc L6 CT",-0.0122796049161984,6.66440160916848,0.75207309289529,0.386417905996573,0.721139768567107,0.721139768567107,"plaq_d"
"1266","AC099066.2","Exc L6 CT",-0.0879576785372328,2.34123286223801,2.1379023189763,0.144600202699721,0.461157403204515,0.461157403204515,"plaq_d"
"1267","SRP9","Exc L6 CT",0.0508203935569936,5.20804550640882,5.82937730003655,0.0162757614149403,0.150582173090925,0.150582173090925,"plaq_d"
"1268","EPHX1","Exc L6 CT",-0.0620136198065631,2.87816309687147,1.52068790053214,0.218347274218421,0.557987306215601,0.557987306215601,"plaq_d"
"1269","AL117348.2","Exc L6 CT",-0.0661503743954736,3.281248975557,2.25421755782761,0.134157054198007,0.446432631755856,0.446432631755856,"plaq_d"
"1270","SDE2","Exc L6 CT",0.0137846696355092,3.06598560213318,0.104800057366927,0.746338044077774,0.93140102871856,0.93140102871856,"plaq_d"
"1271","H3F3A","Exc L6 CT",0.029131909637125,3.19150549896694,0.522521516905481,0.470253299995079,0.783084616163003,0.783084616163003,"plaq_d"
"1272","LINC01703","Exc L6 CT",-0.063687167722446,1.66623269491529,0.490283211873558,0.484268567249417,0.792579615066235,0.792579615066235,"plaq_d"
"1273","ACBD3","Exc L6 CT",-0.0170906430983249,5.41502219102944,0.833621418300886,0.361859183867139,0.702538747262486,0.702538747262486,"plaq_d"
"1274","LIN9","Exc L6 CT",0.0158101875696281,4.15560254357851,0.278209472012299,0.785880061267303,0.949842286091107,0.949842286091107,"plaq_d"
"1275","PARP1","Exc L6 CT",0.0296917072246423,5.16936824363271,2.37724807428519,0.177009568003657,0.506599081414005,0.506599081414005,"plaq_d"
"1276","STUM","Exc L6 CT",0.00235957209455461,5.36070997500348,0.00579063523224752,0.939386247602595,0.99647134457755,0.99647134457755,"plaq_d"
"1277","PSEN2","Exc L6 CT",-0.0605937602545318,3.01032877531042,1.67565992907472,0.196359943008352,0.531352958561698,0.531352958561698,"plaq_d"
"1278","COQ8A","Exc L6 CT",-0.0202900795751923,5.41702460743293,1.08520160822386,0.298259580189022,0.645839891055938,0.645839891055938,"plaq_d"
"1279","CDC42BPA","Exc L6 CT",0.0301860394090624,8.93123855500385,13.9238414181687,0.00022222969023026,0.0106286332908798,0.0106286332908798,"plaq_d"
"1280","ZNF678","Exc L6 CT",-0.0405727835376612,4.16790545493287,2.08173582885767,0.149969525827574,0.470120681049187,0.470120681049187,"plaq_d"
"1281","SNAP47","Exc L6 CT",-0.00839502830725969,4.83253389485725,0.14275581063958,0.822403234642492,0.963694415288182,0.963694415288182,"plaq_d"
"1282","JMJD4","Exc L6 CT",0.0205815018268038,2.62229827043793,0.143863322405066,0.912790759987558,0.989967061646606,0.989967061646606,"plaq_d"
"1283","ARF1","Exc L6 CT",0.0518977467455181,6.36734730760222,11.4741292149063,0.000786436445156504,0.02424312433506,0.02424312433506,"plaq_d"
"1284","C1orf35","Exc L6 CT",-0.0409510038089121,4.39453797031015,2.18845851058425,0.139952531273067,0.455209362902638,0.455209362902638,"plaq_d"
"1285","MRPL55","Exc L6 CT",-0.00710037772644303,3.32665493902145,0.0340077323799483,0.918484914072357,0.99169648040348,0.99169648040348,"plaq_d"
"1286","GUK1","Exc L6 CT",-0.00324294113998772,5.58049611445575,0.0308030160559233,0.860782597646604,0.976495686661412,0.976495686661412,"plaq_d"
"1287","IBA57","Exc L6 CT",0.0781084323963659,2.91910604966286,2.60037483053389,0.13970075838027,0.454904346899428,0.454904346899428,"plaq_d"
"1288","OBSCN","Exc L6 CT",-0.0832551004878928,2.83597295400401,1.99050138900567,0.159181259644293,0.482621311629956,0.482621311629956,"plaq_d"
"1289","TRIM11","Exc L6 CT",0.0208959081771866,4.15706004075625,0.539804419103322,0.509482160262858,0.807429752402237,0.807429752402237,"plaq_d"
"1290","TRIM17","Exc L6 CT",-0.0449282851336347,3.19054275633877,1.06322687071313,0.303196044155108,0.649235497792196,0.649235497792196,"plaq_d"
"1291","HIST3H2A","Exc L6 CT",0.0604264712941243,2.48974133990252,1.14783339029351,0.284745185530237,0.63140844193538,0.63140844193538,"plaq_d"
"1292","RNF187","Exc L6 CT",0.0644800590096416,5.13190918367125,8.7012412566598,0.00339503590053443,0.0617107788183001,0.0617107788183001,"plaq_d"
"1293","RAB4A","Exc L6 CT",0.0351000909915215,4.54448993128301,2.09870969363746,0.14832342167539,0.467235006222957,0.467235006222957,"plaq_d"
"1294","CCSAP","Exc L6 CT",0.0297600612844856,5.90974983595425,3.36966617188507,0.0672598449477396,0.317883364368897,0.317883364368897,"plaq_d"
"1295","NUP133","Exc L6 CT",0.00358831323322068,5.84783174657339,0.0506850518719647,0.822007559731263,0.963649904714272,0.963649904714272,"plaq_d"
"1296","ABCB10","Exc L6 CT",-0.0194917772138863,5.01888287679424,0.871203236565967,0.351269200813572,0.694378854240865,0.694378854240865,"plaq_d"
"1297","TAF5L","Exc L6 CT",0.00510054642890182,3.93603173917445,0.0248984459044464,0.892785621567997,0.985595335141122,0.985595335141122,"plaq_d"
"1298","URB2","Exc L6 CT",0.033192325636343,3.17465700354103,0.630479708146441,0.461935098702779,0.777234092542535,0.777234092542535,"plaq_d"
"1299","GALNT2","Exc L6 CT",0.0129628386754516,5.35349578742921,0.502909839567316,0.478698903428146,0.789344129491849,0.789344129491849,"plaq_d"
"1300","PGBD5","Exc L6 CT",0.00570007238640173,6.96961295623396,0.177084885174411,0.674150114813389,0.895548968504857,0.895548968504857,"plaq_d"
"1301","AL133516.1","Exc L6 CT",-0.0106353387096452,2.88728503314552,0.0458207511956904,0.83062726087474,0.966437997474875,0.966437997474875,"plaq_d"
"1302","COG2","Exc L6 CT",-0.0202140552774929,4.74933593010269,0.72625405709527,0.394685860363604,0.727795266529326,0.727795266529326,"plaq_d"
"1303","C1orf198","Exc L6 CT",0.0734566461634012,2.64974415204109,1.82621152552699,0.177453004294928,0.507169634669402,0.507169634669402,"plaq_d"
"1304","TTC13","Exc L6 CT",-0.00778767081336381,5.99892442146968,0.188688374747465,0.664279574910909,0.892400966817604,0.892400966817604,"plaq_d"
"1305","ARV1","Exc L6 CT",-0.00834645343045593,4.5658225711958,0.111765089588614,0.875138833502375,0.980656857406414,0.980656857406414,"plaq_d"
"1306","C1orf131","Exc L6 CT",-0.0292983226302853,3.88098699568439,0.830923744746142,0.362636193928155,0.703383272404974,0.703383272404974,"plaq_d"
"1307","GNPAT","Exc L6 CT",0.0127549039870949,5.02069276318959,0.412014706701989,0.521371024759714,0.815034995378525,0.815034995378525,"plaq_d"
"1308","EXOC8","Exc L6 CT",0.0784430609515457,3.04882817004971,3.65107151228655,0.0568541539960592,0.293464467883567,0.293464467883567,"plaq_d"
"1309","SPRTN","Exc L6 CT",-0.0363664511656855,3.16735587382266,0.806592995689004,0.369750043181867,0.709061092533124,0.709061092533124,"plaq_d"
"1310","EGLN1","Exc L6 CT",0.0317357897273727,5.89895049508407,4.22500542327262,0.0405778527892581,0.244315670746198,0.244315670746198,"plaq_d"
"1311","TSNAX-DISC1","Exc L6 CT",0.0760668580619332,2.23117956090943,1.49855361095412,0.221721678804046,0.560746462538514,0.560746462538514,"plaq_d"
"1312","DISC1","Exc L6 CT",0.165233462782928,1.85410635060588,1.79694544644689,0.180956161209732,0.511131452683047,0.511131452683047,"plaq_d"
"1313","SIPA1L2","Exc L6 CT",0.080151711617566,5.72114109644058,11.3574091642794,0.000835745038926778,0.0251520976396721,0.0251520976396721,"plaq_d"
"1314","MAP10","Exc L6 CT",0.0766613514959553,2.43905271538693,1.73847618257891,0.188198619485129,0.521434876041272,0.521434876041272,"plaq_d"
"1315","NTPCR","Exc L6 CT",0.00359734579371364,4.93218080614714,0.0260781626264886,0.910019481181944,0.989478998057174,0.989478998057174,"plaq_d"
"1316","PCNX2","Exc L6 CT",0.0168897787969225,8.11911261355807,3.10958032036834,0.0787100425309125,0.344829510734941,0.344829510734941,"plaq_d"
"1317","MAP3K21","Exc L6 CT",0.00461769932427308,5.98440582490307,0.0691991952353266,0.882198806901117,0.983480769739443,0.983480769739443,"plaq_d"
"1318","KCNK1","Exc L6 CT",4.87065154591616e-05,7.52833733860384,1.22002549966482e-05,0.997215085837113,0.999906738276838,0.999906738276838,"plaq_d"
"1319","SLC35F3","Exc L6 CT",0.00423750149473024,9.0386622327524,0.0725702162183385,0.787790224593121,0.950690710400543,0.950690710400543,"plaq_d"
"1320","AL355472.3","Exc L6 CT",-0.00366294867489171,6.0480629086491,0.0334774094262605,0.854929357167488,0.974800354737319,0.974800354737319,"plaq_d"
"1321","AL355472.4","Exc L6 CT",-0.0502723922682694,3.76396056075691,1.87555011242825,0.171723357795809,0.499066980448564,0.499066980448564,"plaq_d"
"1322","AL355472.1","Exc L6 CT",-0.222347971704374,2.35585946554375,12.9828072346624,0.000360146756297382,0.0145636873698234,0.0145636873698234,"plaq_d"
"1323","COA6","Exc L6 CT",0.0165214505671269,4.85638861412838,0.392586620151891,0.531353448390905,0.820493389455336,0.820493389455336,"plaq_d"
"1324","TARBP1","Exc L6 CT",-0.0495184217409981,7.75387612737081,11.8861518604269,0.000634800009888361,0.0211790732957205,0.0211790732957205,"plaq_d"
"1325","IRF2BP2","Exc L6 CT",0.101057024634294,5.00749136143012,19.9659567873553,1.0674358991448e-05,0.001329871243846,0.001329871243846,"plaq_d"
"1326","TOMM20","Exc L6 CT",0.0519167610603243,7.04612180987702,14.948369737051,0.00013182817336642,0.00756094973618719,0.00756094973618719,"plaq_d"
"1327","ARID4B","Exc L6 CT",0.0260788295344691,7.71614763207346,7.27338592046636,0.00898666142446137,0.10817055005564,0.10817055005564,"plaq_d"
"1328","TBCE","Exc L6 CT",-0.0174732575175049,5.01825651018839,0.464100397370223,0.496166671667233,0.800796651649627,0.800796651649627,"plaq_d"
"1329","B3GALNT2","Exc L6 CT",-0.00273848351499713,5.55295484076305,0.0163698672736851,0.898266532410652,0.986539374335313,0.986539374335313,"plaq_d"
"1330","LYST","Exc L6 CT",0.0113764693195179,7.30377569874721,1.23273949491648,0.267641079477707,0.615488974466624,0.615488974466624,"plaq_d"
"1331","GPR137B","Exc L6 CT",-0.00921257946575595,5.1315667219514,0.146827671441552,0.701819400322011,0.909622462442533,0.909622462442533,"plaq_d"
"1332","ERO1B","Exc L6 CT",0.0054191293884426,5.90376128059694,0.0901575180435814,0.764156183769879,0.939997643471861,0.939997643471861,"plaq_d"
"1333","EDARADD","Exc L6 CT",-0.0889588560483591,2.33527542120044,1.69139328816301,0.194277497013284,0.528399555451206,0.528399555451206,"plaq_d"
"1334","LGALS8","Exc L6 CT",0.0403506908867043,5.44997687605639,4.03975798770801,0.0452111604942562,0.258997161351099,0.258997161351099,"plaq_d"
"1335","AL359921.1","Exc L6 CT",-0.00514990961807981,3.1661058911999,0.0152136638018311,0.965559821771395,0.998742420766286,0.998742420766286,"plaq_d"
"1336","HEATR1","Exc L6 CT",-0.0313474477892938,5.18383491812069,2.3621861098182,0.12521605377149,0.432073420444478,0.432073420444478,"plaq_d"
"1337","ACTN2","Exc L6 CT",0.0993254469791998,5.85716396160277,22.1779057714797,3.59492744410904e-06,0.000638920685004861,0.000638920685004861,"plaq_d"
"1338","MTR","Exc L6 CT",-0.0277871325385584,6.7270442436195,3.41632069214562,0.0654024670532484,0.314151205398468,0.314151205398468,"plaq_d"
"1339","RYR2","Exc L6 CT",0.0258594060017863,11.4383453756155,8.95431903167842,0.002965684853743,0.0570775389765831,0.0570775389765831,"plaq_d"
"1340","CHRM3","Exc L6 CT",0.0266835421495563,9.46365150085143,3.466105457278,0.0634809586669925,0.309761335345458,0.309761335345458,"plaq_d"
"1341","CHRM3-AS2","Exc L6 CT",-0.0603673226624651,3.44062709763625,1.71324918500715,0.191427526673425,0.52511255220858,0.52511255220858,"plaq_d"
"1342","FMN2","Exc L6 CT",0.0272087127378352,9.34931290101313,9.19361481312726,0.00261069817194014,0.0524910766525842,0.0524910766525842,"plaq_d"
"1343","GREM2","Exc L6 CT",-0.0332670088675912,6.13918767450803,1.9020614611975,0.168732950409941,0.495427198470633,0.495427198470633,"plaq_d"
"1344","RGS7","Exc L6 CT",0.00052631553563013,10.4700542531774,0.00370426779628114,0.951503476503375,0.99802142424354,0.99802142424354,"plaq_d"
"1345","AL359764.1","Exc L6 CT",0.0404401463482973,2.26077198620497,0.426615368888037,0.51408546444205,0.810768889325771,0.810768889325771,"plaq_d"
"1346","FH","Exc L6 CT",0.00459742851114986,3.58528476914824,0.0202317103705826,0.886974111407254,0.984501043664535,0.984501043664535,"plaq_d"
"1347","OPN3","Exc L6 CT",0.0389239950623456,5.40772432321467,2.35987209035849,0.125400549635055,0.432399116777547,0.432399116777547,"plaq_d"
"1348","PLD5","Exc L6 CT",-0.230012660367758,1.08459049422152,3.1694535758693,0.0870272516230475,0.361466911242179,0.361466911242179,"plaq_d"
"1349","CEP170","Exc L6 CT",0.0350677021662775,7.22410044411753,10.5150537554563,0.00129855300529054,0.0328540756839413,0.0328540756839413,"plaq_d"
"1350","SDCCAG8","Exc L6 CT",0.00354295314288116,7.53134646565623,0.100644603287907,0.991647952805048,0.999571689696322,0.999571689696322,"plaq_d"
"1351","AKT3","Exc L6 CT",0.0285314198799296,9.38784372768089,12.0781471248356,0.000574635709493269,0.0199521950368119,0.0199521950368119,"plaq_d"
"1352","AL591885.1","Exc L6 CT",-0.0901262953561967,3.7248209887205,5.5373682354064,0.0191701588137872,0.163808619409456,0.163808619409456,"plaq_d"
"1353","ZBTB18","Exc L6 CT",0.0574546654943389,5.81950707007028,8.43128843295958,0.00392347061172702,0.0677751941567854,0.0677751941567854,"plaq_d"
"1354","AL590483.1","Exc L6 CT",-0.106520133619396,1.70093420744904,1.32499946261856,0.250486596632604,0.597416342797046,0.597416342797046,"plaq_d"
"1355","AL645465.1","Exc L6 CT",-0.0292207259085309,4.58067078389285,1.01403810493843,0.314636636747266,0.658937735760243,0.658937735760243,"plaq_d"
"1356","ADSS","Exc L6 CT",0.0261438185584701,5.56147156841039,1.97736897889832,0.176622155082032,0.505899829797241,0.505899829797241,"plaq_d"
"1357","CATSPERE","Exc L6 CT",-0.000480263323322373,4.76221970423349,0.000299654785684414,0.986198791946837,0.999571689696322,0.999571689696322,"plaq_d"
"1358","DESI2","Exc L6 CT",0.0156420473645136,5.33601295311747,0.63618090402355,0.425640727499827,0.752120279009146,0.752120279009146,"plaq_d"
"1359","COX20","Exc L6 CT",0.033659911009341,4.08408335631939,1.25505412487515,0.263361469218288,0.609686145209633,0.609686145209633,"plaq_d"
"1360","HNRNPU","Exc L6 CT",0.0341422773017997,7.20447713791585,9.02664531229528,0.00285347892792322,0.0555868506716951,0.0555868506716951,"plaq_d"
"1361","EFCAB2","Exc L6 CT",-0.00173330800570386,6.03695720008739,0.00636658346534189,0.936449421096751,0.996094671122864,0.996094671122864,"plaq_d"
"1362","KIF26B","Exc L6 CT",0.0555471321238528,4.41057147609197,2.53758845587273,0.112071791344571,0.410113245601536,0.410113245601536,"plaq_d"
"1363","SMYD3","Exc L6 CT",0.0127192909751502,9.6953088998778,2.28279627022619,0.131722791136788,0.442746042774972,0.442746042774972,"plaq_d"
"1364","TFB2M","Exc L6 CT",-0.0357270214216603,3.62241819345987,1.13140484306685,0.337380215060673,0.681386865321753,0.681386865321753,"plaq_d"
"1365","CNST","Exc L6 CT",0.046419359266824,6.73903670268216,11.0482584386463,0.000982088677251625,0.0272937231616108,0.0272937231616108,"plaq_d"
"1366","AL591848.2","Exc L6 CT",-0.0935568483202955,2.53953961525707,2.5303019676857,0.112586305323957,0.41115993187308,0.41115993187308,"plaq_d"
"1367","SCCPDH","Exc L6 CT",-0.0373060207225171,5.27651016554598,3.64281976731221,0.0571334802301173,0.294273195489363,0.294273195489363,"plaq_d"
"1368","AHCTF1","Exc L6 CT",0.0222318717443967,6.64357995357546,3.48220905067332,0.0628724348006883,0.308490651462409,0.308490651462409,"plaq_d"
"1369","ZNF670-ZNF695","Exc L6 CT",0.0378715877377121,3.42175930084083,0.811243558189135,0.368375375677563,0.708406613445659,0.708406613445659,"plaq_d"
"1370","ZNF669","Exc L6 CT",-0.138105411006973,2.13267644574227,4.04371310907878,0.0451065991616275,0.258603983086734,0.258603983086734,"plaq_d"
"1371","ZNF124","Exc L6 CT",0.0227651351708451,5.05387796690571,0.753052091343992,0.386109303371963,0.721124744595586,0.721124744595586,"plaq_d"
"1372","AL390728.6","Exc L6 CT",0.0902047021828593,3.52214046485165,5.62875911601611,0.0182109025426617,0.15927348299159,0.15927348299159,"plaq_d"
"1373","ZNF496","Exc L6 CT",-0.0748581864515891,4.58371930195657,7.1132709233941,0.0080088225306849,0.101047334927029,0.101047334927029,"plaq_d"
"1374","NLRP3","Exc L6 CT",-0.000346357138436446,1.84013078592457,0.000133522253564278,0.990787120730397,0.999571689696322,0.999571689696322,"plaq_d"
"1375","AL390860.1","Exc L6 CT",-0.166832876296602,3.35459303857177,5.89004410409537,0.0157335374764419,0.148267969573565,0.148267969573565,"plaq_d"
"1376","TRIM58","Exc L6 CT",-0.10063760683788,2.91238733077006,2.87158495043048,0.0910501549426527,0.370899272935605,0.370899272935605,"plaq_d"
"1377","OR2L5","Exc L6 CT",0.0162466940641745,3.58042172884439,0.0935087472088469,0.759945758447101,0.938399235707555,0.938399235707555,"plaq_d"
"1378","OR2L2","Exc L6 CT",0.0575738350572923,3.49737627345704,1.10553240567474,0.293784321033109,0.641551033112477,0.641551033112477,"plaq_d"
"1379","OR2L3","Exc L6 CT",-0.0273497509280268,4.08812497485939,0.278190915460756,0.598225317643967,0.859003695660694,0.859003695660694,"plaq_d"
"1380","OR2L13","Exc L6 CT",-0.0490514270772468,2.41426941783899,0.484647377175188,0.486789177454296,0.794288611229015,0.794288611229015,"plaq_d"
"1381","OR2M3","Exc L6 CT",0.0847290744750727,2.35958289915211,1.31718770433927,0.251885314477453,0.599263094896283,0.599263094896283,"plaq_d"
"1382","OR2M4","Exc L6 CT",0.0708521210919674,2.97789870154316,1.16742773883656,0.280678199868187,0.627434663899613,0.627434663899613,"plaq_d"
"1383","OR14I1","Exc L6 CT",-0.00283636871976351,2.15774121996331,0.00157183795690289,0.968397747159754,0.998742420766286,0.998742420766286,"plaq_d"
"1384","LYPD8","Exc L6 CT",0.0376702273175616,3.9117724657512,1.20020892566323,0.274037100291444,0.621559492011284,0.621559492011284,"plaq_d"
"1385","SH3BP5L","Exc L6 CT",0.076508818862639,3.76494759938067,5.64074520650127,0.0180888414302077,0.158687971498641,0.158687971498641,"plaq_d"
"1386","ZNF672","Exc L6 CT",0.0861287114300069,2.73128944953902,3.15928522070485,0.0763690210588493,0.340374126056717,0.340374126056717,"plaq_d"
"1387","ZNF692","Exc L6 CT",0.021616468324853,4.88800140655612,0.819441663102119,0.365969385969635,0.706516733326922,0.706516733326922,"plaq_d"
"1388","PGBD2","Exc L6 CT",0.0604340547294645,2.18508338864672,0.836629454992514,0.37291843163125,0.710955389314004,0.710955389314004,"plaq_d"
"1389","FAM110C","Exc L6 CT",0.103058698522607,2.64451459925472,3.48243275347177,0.0628640256094067,0.308490651462409,0.308490651462409,"plaq_d"
"1390","SH3YL1","Exc L6 CT",0.00573972991057974,6.23506646636203,0.154943938642382,0.694095751503374,0.905857924547221,0.905857924547221,"plaq_d"
"1391","ACP1","Exc L6 CT",0.0158601195521881,4.40041193522142,0.422317886820886,0.516211214721599,0.812108917318635,0.812108917318635,"plaq_d"
"1392","LINC01865","Exc L6 CT",0.0988385004198404,1.82368071468965,1.31392032068944,0.252473202678457,0.600083178336106,0.600083178336106,"plaq_d"
"1393","TMEM18","Exc L6 CT",-0.00379945839646575,3.17280615144672,0.00743649433854621,0.931329086323331,0.99444705473932,0.99444705473932,"plaq_d"
"1394","AC092159.1","Exc L6 CT",-0.0785222710461573,1.75066858475904,0.47595321857469,0.490720622917268,0.797246550146394,0.797246550146394,"plaq_d"
"1395","LINC01115","Exc L6 CT",-0.106018241704365,3.72781359045607,1.16853800200252,0.280449966590562,0.627298574864587,0.627298574864587,"plaq_d"
"1396","AC116614.1","Exc L6 CT",-0.145789147481855,2.20176743536942,3.83730722262119,0.0509217362542303,0.277677770877234,0.277677770877234,"plaq_d"
"1397","SNTG2","Exc L6 CT",0.0365930968303204,6.99132897874706,1.25055158477252,0.264218074100901,0.610633834110707,0.610633834110707,"plaq_d"
"1398","TPO","Exc L6 CT",-0.120233089624076,2.27095859065073,3.0178110825374,0.0832388277428807,0.353586947237094,0.353586947237094,"plaq_d"
"1399","AC141930.1","Exc L6 CT",0.0205986669101596,1.92747715425868,0.0611715188949081,0.804799567467548,0.957037384211367,0.957037384211367,"plaq_d"
"1400","PXDN","Exc L6 CT",-0.131567322386233,4.4457843138554,9.22966780662477,0.00256110440919984,0.0517654632509899,0.0517654632509899,"plaq_d"
"1401","MYT1L","Exc L6 CT",0.0378558822711687,10.1900428832147,13.1666983814311,0.000327640479244313,0.0137513479277001,0.0137513479277001,"plaq_d"
"1402","LINC01250","Exc L6 CT",-0.0141879767532277,7.42760341167261,0.765694862081171,0.382155365565589,0.717788377723222,0.717788377723222,"plaq_d"
"1403","AC019118.2","Exc L6 CT",0.0137270313533361,3.87429981583751,0.176046397982835,0.714027116577901,0.91426971184341,0.91426971184341,"plaq_d"
"1404","EIPR1","Exc L6 CT",-0.0223124951514798,6.06386101002376,1.87631550612199,0.171636171644679,0.499066980448564,0.499066980448564,"plaq_d"
"1405","TRAPPC12","Exc L6 CT",-0.0144207557955912,6.5920368837095,1.25039803371462,0.264247348258983,0.610633834110707,0.610633834110707,"plaq_d"
"1406","ADI1","Exc L6 CT",-0.0214838704419091,3.66397908689305,0.417090945090478,0.52400497613421,0.817207495258297,0.817207495258297,"plaq_d"
"1407","AC231981.1","Exc L6 CT",-0.015817713496646,1.82797646208088,0.0363777902936564,0.84884858197518,0.972157850924001,0.972157850924001,"plaq_d"
"1408","AC108488.2","Exc L6 CT",0.0411659199542057,3.4669878294772,1.37863237164951,0.241136667242234,0.586359307504216,0.586359307504216,"plaq_d"
"1409","RNASEH1-AS1","Exc L6 CT",0.00228644397552263,2.62534343948098,0.00161471657470685,0.989315692053643,0.999571689696322,0.999571689696322,"plaq_d"
"1410","RPS7","Exc L6 CT",-0.043841856504767,5.10172360453606,2.04426555636503,0.153677328184802,0.475001697369973,0.475001697369973,"plaq_d"
"1411","COLEC11","Exc L6 CT",-0.0540277478910085,2.62767110763562,0.473146898887374,0.492000953782203,0.798071328633338,0.798071328633338,"plaq_d"
"1412","NRIR","Exc L6 CT",0.122220906459453,2.25973442746853,3.44080449338824,0.0644498092624149,0.311976951628018,0.311976951628018,"plaq_d"
"1413","CMPK2","Exc L6 CT",0.100449746555859,2.27111082813234,2.67981648733296,0.102530861859617,0.393085029915058,0.393085029915058,"plaq_d"
"1414","RSAD2","Exc L6 CT",-0.0640099765496702,3.76859397227117,3.05058585728267,0.0815898004544737,0.350343934926463,0.350343934926463,"plaq_d"
"1415","RNF144A","Exc L6 CT",0.0468240132840416,6.63552050440099,3.51785816649555,0.0615474185216587,0.305688886227715,0.305688886227715,"plaq_d"
"1416","LINC00298","Exc L6 CT",0.0957193984325467,3.02612117179643,2.7071503604179,0.10080166539062,0.389881992198646,0.389881992198646,"plaq_d"
"1417","LINC00299","Exc L6 CT",-0.00797594658800257,4.85896177743046,0.0375470525507864,0.846468483168505,0.971364821464102,0.971364821464102,"plaq_d"
"1418","ID2","Exc L6 CT",0.0337294810037546,5.05086771185388,1.58810690128046,0.208440712782823,0.544297569603034,0.544297569603034,"plaq_d"
"1419","KIDINS220","Exc L6 CT",0.0422989903419434,7.46621080903213,17.7218266513056,3.25826074665585e-05,0.0029316201068036,0.0029316201068036,"plaq_d"
"1420","MBOAT2","Exc L6 CT",0.0403629582333897,7.63295382982382,9.36155608972007,0.00238772553708458,0.0492459839998132,0.0492459839998132,"plaq_d"
"1421","ASAP2","Exc L6 CT",-0.0226746694808089,7.06032437606796,2.00321826799445,0.157859381940274,0.480750299296463,0.480750299296463,"plaq_d"
"1422","ITGB1BP1","Exc L6 CT",-0.0171730907754685,6.14076847380379,1.1733183193221,0.279469971047703,0.626673214891366,0.626673214891366,"plaq_d"
"1423","CPSF3","Exc L6 CT",0.031233806429359,3.87406835516245,0.988996206231295,0.369145271868382,0.708882455678055,0.708882455678055,"plaq_d"
"1424","IAH1","Exc L6 CT",0.000937505602274112,4.79722420778765,0.00195795125373475,0.992714529028299,0.999571689696322,0.999571689696322,"plaq_d"
"1425","ADAM17","Exc L6 CT",-0.0304895278186618,5.81425824546349,2.65134897870477,0.104366486722141,0.396916025113433,0.396916025113433,"plaq_d"
"1426","AC080162.1","Exc L6 CT",0.0581206955868287,2.33844037409127,0.824874377424204,0.364387017959843,0.704785101511474,0.704785101511474,"plaq_d"
"1427","AC073195.1","Exc L6 CT",0.0121587941230127,1.94485088352124,0.0285884133624446,0.865831042753663,0.977608132665234,0.977608132665234,"plaq_d"
"1428","YWHAQ","Exc L6 CT",0.00561947009888105,6.17771844484738,0.145259585768432,0.703339706558703,0.910090634312678,0.910090634312678,"plaq_d"
"1429","TAF1B","Exc L6 CT",-0.02132011498721,5.46905150114025,1.26796317764455,0.260924626536078,0.607981400145611,0.607981400145611,"plaq_d"
"1430","AC010969.2","Exc L6 CT",0.0372032698057579,2.4780992036776,0.504334152396567,0.54857193417494,0.831225357967915,0.831225357967915,"plaq_d"
"1431","GRHL1","Exc L6 CT",-0.0982763900337922,3.67783888899264,6.8196780287756,0.00940593787407013,0.111297205363217,0.111297205363217,"plaq_d"
"1432","KLF11","Exc L6 CT",-0.0989644110220976,2.49376794717964,2.57250308200733,0.109642186663234,0.407331333988109,0.407331333988109,"plaq_d"
"1433","CYS1","Exc L6 CT",-0.0390068197422004,2.75648687633377,0.592322620676634,0.442044160447978,0.764029675036979,0.764029675036979,"plaq_d"
"1434","HPCAL1","Exc L6 CT",0.0240957239313187,2.90156999612483,0.0744352097877169,0.785147036762264,0.949714064393802,0.949714064393802,"plaq_d"
"1435","ODC1","Exc L6 CT",-0.0286323972576726,3.02986311326953,0.404300175048336,0.52529447049255,0.817207495258297,0.817207495258297,"plaq_d"
"1436","NOL10","Exc L6 CT",0.0102821566164295,6.48638477609926,0.67004779258762,0.413594792492787,0.743383456553427,0.743383456553427,"plaq_d"
"1437","ATP6V1C2","Exc L6 CT",-0.102214726898605,2.27349899474313,1.7197862597872,0.190584640410721,0.523798488612588,0.523798488612588,"plaq_d"
"1438","PDIA6","Exc L6 CT",0.0137650413782155,5.8865037992245,0.42742991071964,0.513684274403405,0.810747531402252,0.810747531402252,"plaq_d"
"1439","KCNF1","Exc L6 CT",0.0178329481002206,4.76870191374386,0.433495035769518,0.510714046963338,0.808471455914252,0.808471455914252,"plaq_d"
"1440","AC062028.1","Exc L6 CT",-0.0423977007877369,4.51668218187984,2.34844707873954,0.126315918777072,0.434083785761285,0.434083785761285,"plaq_d"
"1441","C2orf50","Exc L6 CT",-0.035456245347566,2.84645204006221,0.549242588300829,0.459126845384259,0.775898728996668,0.775898728996668,"plaq_d"
"1442","PQLC3","Exc L6 CT",-0.0651788360404268,3.8431374358706,4.36877195787038,0.0373283343436394,0.233983483664088,0.233983483664088,"plaq_d"
"1443","ROCK2","Exc L6 CT",0.0394678051551951,8.11223953535271,13.6723268862584,0.000252761476181124,0.0114787199088437,0.0114787199088437,"plaq_d"
"1444","E2F6","Exc L6 CT",-0.0826956742726203,4.00746355826956,6.64538105878212,0.010351798911735,0.117894833385193,0.117894833385193,"plaq_d"
"1445","GREB1","Exc L6 CT",-0.00468093539153879,5.33366968984827,0.0391814479652439,0.843205136955354,0.970481384042954,0.970481384042954,"plaq_d"
"1446","LPIN1","Exc L6 CT",-0.00624336992234776,6.58115424109404,0.208904277045087,0.647912596340475,0.883726151025722,0.883726151025722,"plaq_d"
"1447","MIR3681HG","Exc L6 CT",0.0155788133820029,3.11037710874898,0.0944496467161049,0.758778508385602,0.937789784230694,0.937789784230694,"plaq_d"
"1448","TRIB2","Exc L6 CT",-0.0991034183592277,2.34302237469285,1.97617468677648,0.160685651135608,0.484582151500438,0.484582151500438,"plaq_d"
"1449","LINC00276","Exc L6 CT",-0.0392420369851235,4.95841471964164,1.18040529659307,0.278025051817662,0.62606736210966,0.62606736210966,"plaq_d"
"1450","FAM84A","Exc L6 CT",0.0175489673266167,4.7709056278624,0.310667603831212,0.577628927200305,0.848952448741632,0.848952448741632,"plaq_d"
"1451","NBAS","Exc L6 CT",0.0218971130394368,7.8595097567151,5.35296001022945,0.0212689702234123,0.173194415381499,0.173194415381499,"plaq_d"
"1452","DDX1","Exc L6 CT",0.0295092090206905,5.7350806257647,3.00542153068403,0.0838715791036021,0.35491336060419,0.35491336060419,"plaq_d"
"1453","FAM49A","Exc L6 CT",0.0156939549422813,7.80484296343416,2.27078640903608,0.13273967505849,0.444504771168353,0.444504771168353,"plaq_d"
"1454","AC008164.1","Exc L6 CT",0.00289171484459617,2.08435224072735,0.00195261080439401,0.964779593212674,0.998742420766286,0.998742420766286,"plaq_d"
"1455","RAD51AP2","Exc L6 CT",0.0349811649287324,2.81581782395957,0.447947025044053,0.503755023178098,0.805655989914788,0.805655989914788,"plaq_d"
"1456","VSNL1","Exc L6 CT",0.0461818592536877,9.07332095045165,14.7239733919918,0.000147759374154621,0.0080879998111404,0.0080879998111404,"plaq_d"
"1457","SMC6","Exc L6 CT",0.0294286907640099,6.12487504722368,3.26074277356651,0.0718204725655409,0.327969234859831,0.327969234859831,"plaq_d"
"1458","GEN1","Exc L6 CT",0.0185128286176692,3.89751107180981,0.251204245949887,0.616545109171396,0.86977969625572,0.86977969625572,"plaq_d"
"1459","RDH14","Exc L6 CT",-0.0292674420626855,3.27253351393749,0.5531786573136,0.457523376726337,0.775664661561659,0.775664661561659,"plaq_d"
"1460","LINC01376","Exc L6 CT",-0.122751956051666,4.13756556938325,11.5358281313857,0.000761576197271859,0.0236795916542671,0.0236795916542671,"plaq_d"
"1461","TTC32","Exc L6 CT",0.00141150562682164,3.64425245392895,0.00168852918334978,0.967246329615828,0.998742420766286,0.998742420766286,"plaq_d"
"1462","WDR35","Exc L6 CT",-0.0128977765291583,5.31132126053,0.422302848695856,0.516218680324699,0.812108917318635,0.812108917318635,"plaq_d"
"1463","LAPTM4A","Exc L6 CT",-0.0158571329146523,4.23721556089061,0.346422355081613,0.556526964416881,0.835777402435367,0.835777402435367,"plaq_d"
"1464","PUM2","Exc L6 CT",0.0175017661173118,7.28195388490048,2.81845910040708,0.105457777534466,0.398260798894589,0.398260798894589,"plaq_d"
"1465","RHOB","Exc L6 CT",0.0766401510905477,4.41139763655488,8.13432847350068,0.00460278206133046,0.0738702904737049,0.0738702904737049,"plaq_d"
"1466","HS1BP3","Exc L6 CT",-0.023331834007015,4.654288743971,0.751197057798531,0.386694350815434,0.721375129498378,0.721375129498378,"plaq_d"
"1467","LDAH","Exc L6 CT",-0.0145864595650883,5.79977248661369,0.616244740467422,0.432979978574123,0.757683990067688,0.757683990067688,"plaq_d"
"1468","LINC01830","Exc L6 CT",-0.143814733950499,2.81463506024861,3.7367874040559,0.0540371971894711,0.285999812771921,0.285999812771921,"plaq_d"
"1469","AC018467.1","Exc L6 CT",-0.00336923933777635,5.2009300415529,0.00803873356569387,0.928609759272383,0.994167628886557,0.994167628886557,"plaq_d"
"1470","KLHL29","Exc L6 CT",-0.0159568829313671,6.89992970744209,1.31844212364533,0.251660059811658,0.599024176760685,0.599024176760685,"plaq_d"
"1471","ATAD2B","Exc L6 CT",-0.045626700861363,5.65363395468876,6.73451473276003,0.00985644032202355,0.1142389556834,0.1142389556834,"plaq_d"
"1472","UBXN2A","Exc L6 CT",-0.00782539985558636,5.53308494798701,0.149428192517341,0.699318515526298,0.908619947528524,0.908619947528524,"plaq_d"
"1473","MFSD2B","Exc L6 CT",0.0142031213799082,2.10934438301608,0.0378656266522317,0.845826695120445,0.971230492709849,0.971230492709849,"plaq_d"
"1474","WDCP","Exc L6 CT",0.0368567848076586,2.44956852423315,0.454232182517289,0.56015799188854,0.838077806833068,0.838077806833068,"plaq_d"
"1475","FKBP1B","Exc L6 CT",0.0573197087143407,3.83758768573017,3.51091483330288,0.0618031283104811,0.306482202947877,0.306482202947877,"plaq_d"
"1476","SF3B6","Exc L6 CT",0.0780790164282476,3.67728645171079,6.44599707658203,0.0115549639845051,0.125071625203711,0.125071625203711,"plaq_d"
"1477","FAM228B","Exc L6 CT",0.000929824831066326,6.23246903683018,0.00264776156510765,0.958991345998333,0.998742420766286,0.998742420766286,"plaq_d"
"1478","AC008073.3","Exc L6 CT",-0.0503316118584457,2.95547579354744,1.2021790277813,0.273644323694557,0.621157944482316,0.621157944482316,"plaq_d"
"1479","FAM228A","Exc L6 CT",-0.0953077479065581,2.27315135832235,1.88879910103915,0.170221342507692,0.497463752890933,0.497463752890933,"plaq_d"
"1480","ITSN2","Exc L6 CT",0.0148836210522871,7.37231372875488,1.9516948744881,0.324070202143178,0.668549858092246,0.668549858092246,"plaq_d"
"1481","AC009228.1","Exc L6 CT",-0.0713618085547823,3.49842150448024,3.59762722985029,0.0586894623665502,0.299289231395273,0.299289231395273,"plaq_d"
"1482","NCOA1","Exc L6 CT",0.0383760142499045,8.82729654294935,17.6548099617352,3.36933323132515e-05,0.00301272802473024,0.00301272802473024,"plaq_d"
"1483","PTRHD1","Exc L6 CT",0.0185318054701672,2.45887948846408,0.105684267769976,0.801056746662014,0.955506912332949,0.955506912332949,"plaq_d"
"1484","CENPO","Exc L6 CT",-0.162110062515728,2.72059686572311,8.08528145339101,0.00472606212850731,0.0749299453766423,0.0749299453766423,"plaq_d"
"1485","ADCY3","Exc L6 CT",-0.00437424533691214,5.94492656195465,0.0750249855391261,0.784318587369276,0.949258501893048,0.949258501893048,"plaq_d"
"1486","DNAJC27","Exc L6 CT",0.0153765107159495,4.29198365603276,0.311261470611725,0.57726564584135,0.848857634068649,0.848857634068649,"plaq_d"
"1487","DNAJC27-AS1","Exc L6 CT",-0.0696308907830711,4.87084841378152,7.09177614779132,0.00810346117900965,0.102062490930029,0.102062490930029,"plaq_d"
"1488","EFR3B","Exc L6 CT",-0.0498203210000845,5.69692412613176,7.59387436903958,0.006164793661558,0.087918915174485,0.087918915174485,"plaq_d"
"1489","DNMT3A","Exc L6 CT",-0.0126884926189904,6.6735071040589,0.718956390802019,0.515153265837463,0.811462970263719,0.811462970263719,"plaq_d"
"1490","AC012074.1","Exc L6 CT",0.0193488042952343,2.64383119045277,0.147023294523457,0.769268251161409,0.9425811340301,0.9425811340301,"plaq_d"
"1491","DTNB","Exc L6 CT",0.00999363810677204,7.46182381023608,0.791054734563069,0.374395439729834,0.711074192208887,0.711074192208887,"plaq_d"
"1492","ASXL2","Exc L6 CT",0.0161665899934993,6.22146622123395,1.27684737411858,0.259263825904981,0.606442445267178,0.606442445267178,"plaq_d"
"1493","KIF3C","Exc L6 CT",0.0429969926099299,6.89805835126473,13.0394676178835,0.00034979663494129,0.0143061403153888,0.0143061403153888,"plaq_d"
"1494","RAB10","Exc L6 CT",-0.00419356140072974,6.85883422525479,0.118715602345483,0.730639725644156,0.924116103529544,0.924116103529544,"plaq_d"
"1495","HADHA","Exc L6 CT",-0.0358417754726222,5.20881272014695,3.2834855639594,0.0708414599093817,0.32617274223268,0.32617274223268,"plaq_d"
"1496","HADHB","Exc L6 CT",-0.0452664020631683,5.70492273775423,7.20098317722909,0.00763426108775788,0.0979411774782823,0.0979411774782823,"plaq_d"
"1497","ADGRF3","Exc L6 CT",0.0249850218382524,2.73576237464838,0.235650531335343,0.653121833647194,0.886511589400811,0.886511589400811,"plaq_d"
"1498","SELENOI","Exc L6 CT",0.0302597459732994,5.76327903315918,3.73840150663376,0.053985599345413,0.285831808818156,0.285831808818156,"plaq_d"
"1499","DRC1","Exc L6 CT",-0.0894299051154827,3.40356289077882,4.79436448218538,0.0292161372789086,0.204868734664963,0.204868734664963,"plaq_d"
"1500","OTOF","Exc L6 CT",0.0623509797277587,2.63841938076747,0.763204637500672,0.382929595799033,0.718261167573014,0.718261167573014,"plaq_d"
"1501","KCNK3","Exc L6 CT",0.0212883913196314,2.08846737209038,0.0838852944883154,0.772272018469217,0.943771475202279,0.943771475202279,"plaq_d"
"1502","CENPA","Exc L6 CT",0.0437384856466797,2.66087541445153,0.677710237827637,0.436055835415252,0.75900798997611,0.75900798997611,"plaq_d"
"1503","DPYSL5","Exc L6 CT",-0.0204128635439204,5.21748019594258,0.912741244900892,0.340050931747803,0.68410911892838,0.68410911892838,"plaq_d"
"1504","AC013472.2","Exc L6 CT",0.0170526923007569,2.39548696611844,0.100384041663494,0.751559128316531,0.934574394372492,0.934574394372492,"plaq_d"
"1505","MAPRE3","Exc L6 CT",0.0269117093293448,6.40275264584581,3.75866052273254,0.0533424213592541,0.284919863615256,0.284919863615256,"plaq_d"
"1506","TMEM214","Exc L6 CT",-0.012923315764799,3.1371053241378,0.0936400566174004,0.965340525246643,0.998742420766286,0.998742420766286,"plaq_d"
"1507","AGBL5","Exc L6 CT",-0.0988182719164643,3.42586872077993,6.65702294419651,0.0102856695286575,0.11742466180377,0.11742466180377,"plaq_d"
"1508","OST4","Exc L6 CT",-0.0532711050889437,3.16530252253622,1.64858340901026,0.200005551982997,0.535879383276983,0.535879383276983,"plaq_d"
"1509","KHK","Exc L6 CT",-0.0821358041028629,2.62356667103173,2.49204509315966,0.115330952042002,0.415907912223613,0.415907912223613,"plaq_d"
"1510","CGREF1","Exc L6 CT",-0.00512118801668005,4.58060235256755,0.0452791002302978,0.8341359376615,0.96731278867206,0.96731278867206,"plaq_d"
"1511","PREB","Exc L6 CT",-0.0323376320240873,2.86321846204505,0.436995526718186,0.509013311344989,0.80737721795091,0.80737721795091,"plaq_d"
"1512","SLC5A6","Exc L6 CT",0.00621419894826072,3.06510436482936,0.0216817906586724,0.895642195920062,0.986281603373151,0.986281603373151,"plaq_d"
"1513","ATRAID","Exc L6 CT",0.0353904205031148,2.76052582990998,0.491843814017163,0.483574410075789,0.792344321357962,0.792344321357962,"plaq_d"
"1514","CAD","Exc L6 CT",-0.0356182318718976,3.62547311722713,1.14492939680428,0.285354289038908,0.632428063556666,0.632428063556666,"plaq_d"
"1515","UCN","Exc L6 CT",-0.0970483269779741,3.4929047278319,6.45269074542388,0.0115123183814862,0.124891364985537,0.124891364985537,"plaq_d"
"1516","MPV17","Exc L6 CT",-0.0246717482093548,5.27197527738862,1.8199489225819,0.1781959767597,0.508185571668404,0.508185571668404,"plaq_d"
"1517","GTF3C2","Exc L6 CT",-0.00317902195733766,5.03557967777448,0.0230386842365415,0.879444423536354,0.982442775318793,0.982442775318793,"plaq_d"
"1518","EIF2B4","Exc L6 CT",-0.0961988090297442,3.44540409833281,5.97018104978087,0.0150458233634724,0.144311434647081,0.144311434647081,"plaq_d"
"1519","SNX17","Exc L6 CT",0.031911085696228,3.51105896372674,0.801090266182769,0.411121856079081,0.742626048729405,0.742626048729405,"plaq_d"
"1520","ZNF513","Exc L6 CT",0.0484076725307324,2.68196904716552,0.938894962893699,0.372306018091619,0.710955389314004,0.710955389314004,"plaq_d"
"1521","PPM1G","Exc L6 CT",-0.0248570929898285,4.94734811266049,1.43601297807661,0.231600606939243,0.575940980738875,0.575940980738875,"plaq_d"
"1522","NRBP1","Exc L6 CT",0.00213150764449804,5.06518157038637,0.0112515859250031,0.942008089036635,0.997488455745993,0.997488455745993,"plaq_d"
"1523","IFT172","Exc L6 CT",-0.014610038456696,6.56013989247809,1.26641661550874,0.261215088117706,0.608240061443012,0.608240061443012,"plaq_d"
"1524","FNDC4","Exc L6 CT",-0.0351665723454939,4.02169167994415,1.59739235575831,0.207118609406294,0.542554144421386,0.542554144421386,"plaq_d"
"1525","C2orf16","Exc L6 CT",-0.123606307735231,2.07892449464771,2.77009823911265,0.0969398483530793,0.383181234731172,0.383181234731172,"plaq_d"
"1526","ZNF512","Exc L6 CT",-0.00254265882719079,4.99402460211248,0.0146501580296103,0.903730881431491,0.988866077753987,0.988866077753987,"plaq_d"
"1527","GPN1","Exc L6 CT",0.00960331124346919,3.25758982323663,0.0510553327662918,0.86402720138345,0.977200838310075,0.977200838310075,"plaq_d"
"1528","SUPT7L","Exc L6 CT",0.0428484328018452,4.85398519526709,4.42349480561391,0.0361644861184579,0.231140950733835,0.231140950733835,"plaq_d"
"1529","SLC4A1AP","Exc L6 CT",0.0234668336633604,5.03993857203612,1.49494153461419,0.248095324538132,0.594936025668909,0.594936025668909,"plaq_d"
"1530","MRPL33","Exc L6 CT",-0.00837013041826126,5.27271840867913,0.138672504363327,0.709830853859274,0.912665890399606,0.912665890399606,"plaq_d"
"1531","RBKS","Exc L6 CT",-0.063200821055949,4.62594033126766,5.25970813350668,0.0224199497906064,0.178714062671966,0.178714062671966,"plaq_d"
"1532","BABAM2","Exc L6 CT",-0.00272823305396751,7.86637521055047,0.0514067772879075,0.820766258849287,0.963631282552026,0.963631282552026,"plaq_d"
"1533","FOSL2","Exc L6 CT",0.130591929142763,3.37145355698091,9.53694330248017,0.00217553821445509,0.0464719693140782,0.0464719693140782,"plaq_d"
"1534","PLB1","Exc L6 CT",0.011818276652679,3.39840831147432,0.0850570780725959,0.770731379087411,0.943332471318999,0.943332471318999,"plaq_d"
"1535","PPP1CB","Exc L6 CT",0.0224154442747714,5.24158392860644,1.25915965875576,0.262583407835204,0.609171698029438,0.609171698029438,"plaq_d"
"1536","SPDYA","Exc L6 CT",0.06711020884554,3.36340382869734,2.98420223836938,0.0849674372302429,0.357449218692746,0.357449218692746,"plaq_d"
"1537","TRMT61B","Exc L6 CT",-0.0135589993499803,5.61336678457776,0.649837709424433,0.420720912436513,0.748387279801809,0.748387279801809,"plaq_d"
"1538","WDR43","Exc L6 CT",0.00123206464587935,5.20676860512691,0.00374520914392394,0.951236543053009,0.99802142424354,0.99802142424354,"plaq_d"
"1539","TOGARAM2","Exc L6 CT",0.203542325839935,4.5226214103255,8.20184394434039,0.00443844380727644,0.0723622163641581,0.0723622163641581,"plaq_d"
"1540","CLIP4","Exc L6 CT",0.00861093826939123,6.37639350616118,0.484473733255425,0.486867184527711,0.794288611229015,0.794288611229015,"plaq_d"
"1541","ALK","Exc L6 CT",0.034139865511731,4.14980228576646,0.550116067076573,0.458770241398528,0.775898728996668,0.775898728996668,"plaq_d"
"1542","AC016907.2","Exc L6 CT",0.00330050758398795,3.00438013339895,0.00384054597232406,0.950620576456131,0.99802142424354,0.99802142424354,"plaq_d"
"1543","YPEL5","Exc L6 CT",0.0556191556619096,5.32056640518803,8.60424596575058,0.00357597845431615,0.0637915561689408,0.0637915561689408,"plaq_d"
"1544","LBH","Exc L6 CT",-0.0991280644332034,2.31021456126922,1.46836117855575,0.226426103603573,0.567978774608301,0.567978774608301,"plaq_d"
"1545","LCLAT1","Exc L6 CT",-0.0115065211070207,6.38683995826036,0.586916376835086,0.50862839317031,0.807181581839691,0.807181581839691,"plaq_d"
"1546","GALNT14","Exc L6 CT",0.00598440690259196,5.41205875047794,0.0559277065527565,0.813191217875519,0.959862617294411,0.959862617294411,"plaq_d"
"1547","CAPN14","Exc L6 CT",0.0553093567259269,3.44553427779565,1.90641068119933,0.168248117448482,0.495114451919123,0.495114451919123,"plaq_d"
"1548","EHD3","Exc L6 CT",0.0812813802307923,5.17669924721092,17.2932490196197,4.03808711316907e-05,0.003419547181246,0.003419547181246,"plaq_d"
"1549","MEMO1","Exc L6 CT",-0.057768581081144,4.87950592289878,5.74754905618766,0.0170379579490671,0.153948682735597,0.153948682735597,"plaq_d"
"1550","DPY30","Exc L6 CT",-0.0450930931799776,5.23673549392518,5.59003121802797,0.0186111661609244,0.161401414489559,0.161401414489559,"plaq_d"
"1551","SPAST","Exc L6 CT",0.00937189510282639,6.08186955394755,0.391996011882324,0.531662273022336,0.820493389455336,0.820493389455336,"plaq_d"
"1552","SLC30A6","Exc L6 CT",-0.00291715859696225,5.58360630667276,0.0277917051646732,0.867696227539167,0.978179709604843,0.978179709604843,"plaq_d"
"1553","NLRC4","Exc L6 CT",-0.00628799894392585,2.23803107592491,0.00628966015420747,0.936833696644704,0.996101534451179,0.996101534451179,"plaq_d"
"1554","YIPF4","Exc L6 CT",0.0135911618400969,6.28711505841413,1.11127445511386,0.292536011124677,0.639775246017279,0.639775246017279,"plaq_d"
"1555","BIRC6","Exc L6 CT",0.0104555496810932,8.33203703673543,1.59622695751823,0.99137466256961,0.999571689696322,0.999571689696322,"plaq_d"
"1556","TTC27","Exc L6 CT",-0.0143488895186129,5.58318830544896,0.584942434724993,0.444899566362596,0.766488051382951,0.766488051382951,"plaq_d"
"1557","LINC00486","Exc L6 CT",-0.0865832838666013,7.72322705490126,7.63406882858884,0.00603182919175025,0.0871829448237315,0.0871829448237315,"plaq_d"
"1558","LTBP1","Exc L6 CT",0.00615589837189214,3.35739288825473,0.0118770586418266,0.913279608490709,0.989967061646606,0.989967061646606,"plaq_d"
"1559","RASGRP3","Exc L6 CT",0.0674059421750936,2.74274923646537,1.17083573537141,0.279978374680704,0.626838053173159,0.626838053173159,"plaq_d"
"1560","AC020594.1","Exc L6 CT",-0.0510047015584229,2.68852955483603,0.952973109588647,0.329641388525535,0.674087531074569,0.674087531074569,"plaq_d"
"1561","FAM98A","Exc L6 CT",-0.0269993151886497,4.57014147135311,1.45021701476439,0.263619907221451,0.609944099061398,0.609944099061398,"plaq_d"
"1562","LINC01317","Exc L6 CT",-0.075857125720169,2.65031058184023,1.70851051639888,0.19204125717997,0.525694226728057,0.525694226728057,"plaq_d"
"1563","AC068599.1","Exc L6 CT",-0.00340631843426859,2.87110554665184,0.00244352433464112,0.960603355560789,0.998742420766286,0.998742420766286,"plaq_d"
"1564","AC009414.2","Exc L6 CT",0.0147675646073282,2.3437801296242,0.0595208053999381,0.80739862087537,0.958070437365795,0.958070437365795,"plaq_d"
"1565","CRIM1","Exc L6 CT",0.0305650665319056,6.1402779595708,1.72291572094001,0.19018266761026,0.523593360665003,0.523593360665003,"plaq_d"
"1566","FEZ2","Exc L6 CT",0.0119699027164596,6.32742772529949,0.516690906136815,0.472738760329502,0.78513465548033,0.78513465548033,"plaq_d"
"1567","STRN","Exc L6 CT",0.00350544113161117,5.67716693631113,0.0448796009728276,0.863058580404829,0.977006473500662,0.977006473500662,"plaq_d"
"1568","HEATR5B","Exc L6 CT",-0.0149976899316759,6.44523927129444,1.36808040057571,0.24294198434914,0.587994755664125,0.587994755664125,"plaq_d"
"1569","GPATCH11","Exc L6 CT",-0.0360888119800119,4.26493215449925,1.81221171051495,0.179552869912102,0.510132842955323,0.510132842955323,"plaq_d"
"1570","EIF2AK2","Exc L6 CT",0.00849455014357769,6.40570186685043,0.288629682040418,0.782983548969883,0.948596127963145,0.948596127963145,"plaq_d"
"1571","CEBPZOS","Exc L6 CT",0.00307511545178503,5.1065702077239,0.020336863984084,0.886682754212242,0.984501043664535,0.984501043664535,"plaq_d"
"1572","CEBPZ","Exc L6 CT",0.0110255728948169,4.597475955499,0.20338219775328,0.858713704085398,0.975511864529127,0.975511864529127,"plaq_d"
"1573","NDUFAF7","Exc L6 CT",-0.0216807765753042,5.60386407378094,1.61519457288194,0.204611546497455,0.540010760935326,0.540010760935326,"plaq_d"
"1574","PRKD3","Exc L6 CT",-0.0150484818294517,3.15288670199003,0.0939898250389196,0.759348149799426,0.938091132284608,0.938091132284608,"plaq_d"
"1575","QPCT","Exc L6 CT",0.00703979908889382,3.69544253583506,0.0292163282306188,0.864379783571519,0.977323350307511,0.977323350307511,"plaq_d"
"1576","CDC42EP3","Exc L6 CT",0.0322050214641394,3.72208071501543,0.873719433901713,0.350575437981239,0.693539096492774,0.693539096492774,"plaq_d"
"1577","RMDN2","Exc L6 CT",-0.0238846225481022,4.9254597084281,0.959931849565444,0.327884287990165,0.672779676440482,0.672779676440482,"plaq_d"
"1578","RMDN2-AS1","Exc L6 CT",0.139016318113857,3.8876947658547,6.63726602945606,0.0103981536912862,0.118053486230092,0.118053486230092,"plaq_d"
"1579","CYP1B1-AS1","Exc L6 CT",0.162936243124759,3.08783316771769,4.67521716101644,0.0312814166343776,0.213766725262122,0.213766725262122,"plaq_d"
"1580","ATL2","Exc L6 CT",0.00935750800003157,5.89763228245046,0.378095699807278,0.539025772324968,0.82577578146113,0.82577578146113,"plaq_d"
"1581","AC011247.1","Exc L6 CT",-0.0152002530693424,4.5956873158477,0.142617893159467,0.705922308888953,0.910657612339148,0.910657612339148,"plaq_d"
"1582","HNRNPLL","Exc L6 CT",0.0671144693538036,5.94705184182205,14.8600061712574,0.000137882985900247,0.00776002226270977,0.00776002226270977,"plaq_d"
"1583","GALM","Exc L6 CT",0.12387937063146,2.7323004041706,3.37984991402991,0.0668496410254182,0.316752905886625,0.316752905886625,"plaq_d"
"1584","SRSF7","Exc L6 CT",-0.0201465483053019,5.76602459190106,1.0119568736013,0.315133038677695,0.659685215181635,0.659685215181635,"plaq_d"
"1585","GEMIN6","Exc L6 CT",0.0563585320723044,2.62253994126722,1.22845946262814,0.268471830798185,0.616414748990538,0.616414748990538,"plaq_d"
"1586","DHX57","Exc L6 CT",-0.0300416735817356,5.97152999017365,4.6594164319255,0.0315665773051034,0.214456086306875,0.214456086306875,"plaq_d"
"1587","MORN2","Exc L6 CT",-0.00771820114459126,2.62515845450914,0.0231510485615564,0.949016140628685,0.99802142424354,0.99802142424354,"plaq_d"
"1588","ARHGEF33","Exc L6 CT",0.0154257429051242,4.14994662107958,0.308931861592082,0.642476982366335,0.881203285741464,0.881203285741464,"plaq_d"
"1589","SOS1","Exc L6 CT",0.0112311893438656,8.06968213446346,1.06655939209126,0.463426980350353,0.778107628775796,0.778107628775796,"plaq_d"
"1590","CDKL4","Exc L6 CT",-0.0206913083237166,2.92445598875089,0.149808094967975,0.698955267858223,0.90858877633365,0.90858877633365,"plaq_d"
"1591","MAP4K3","Exc L6 CT",0.0285726178427241,8.0247956383193,8.74645262000299,0.00331391881936649,0.060773471749809,0.060773471749809,"plaq_d"
"1592","AC007388.1","Exc L6 CT",-0.0366942270702297,7.98835032257146,11.0662592504072,0.000972893463085435,0.0272002271625278,0.0272002271625278,"plaq_d"
"1593","TMEM178A","Exc L6 CT",0.00165825237452915,7.59052889070822,0.0138955216622946,0.906231289853875,0.989267383886756,0.989267383886756,"plaq_d"
"1594","THUMPD2","Exc L6 CT",0.0384321031053219,5.9801366775663,6.30671844184057,0.0124802834534174,0.130287281069904,0.130287281069904,"plaq_d"
"1595","SLC8A1-AS1","Exc L6 CT",-0.0583120854957658,6.04260277758359,6.61757226229489,0.0105115402657521,0.118778754839692,0.118778754839692,"plaq_d"
"1596","SLC8A1","Exc L6 CT",0.0253037324106784,11.1611981284943,8.06877781452428,0.0047683000558996,0.0752696429839278,0.0752696429839278,"plaq_d"
"1597","PKDCC","Exc L6 CT",0.0598575101066467,4.76238881812743,4.04746444305657,0.0450076617362431,0.258311205415885,0.258311205415885,"plaq_d"
"1598","EML4","Exc L6 CT",-0.0261315534989383,5.98435608936665,1.986376721776,0.1596127179832,0.483423149566415,0.483423149566415,"plaq_d"
"1599","COX7A2L","Exc L6 CT",-0.0222849701317982,5.92395608728537,1.41871254604355,0.234426726954864,0.578984429454752,0.578984429454752,"plaq_d"
"1600","KCNG3","Exc L6 CT",-0.0250520133752705,3.16695088291769,0.24763902639972,0.619056552817944,0.87102638321245,0.87102638321245,"plaq_d"
"1601","MTA3","Exc L6 CT",-0.0196692261704314,7.03853588687523,1.97835046609229,0.160456137368931,0.484332932993363,0.484332932993363,"plaq_d"
"1602","HAAO","Exc L6 CT",-0.122149931710459,1.99248644324479,2.56265166296923,0.110321772223871,0.408225519257972,0.408225519257972,"plaq_d"
"1603","THADA","Exc L6 CT",0.000241926622521027,6.83010136896881,0.000326519221354033,0.985593485524046,0.999571689696322,0.999571689696322,"plaq_d"
"1604","PLEKHH2","Exc L6 CT",0.0293917010631574,4.85686556560802,0.176326146453602,0.674808673031526,0.895575586043388,0.895575586043388,"plaq_d"
"1605","DYNC2LI1","Exc L6 CT",-0.0228760830879935,6.6171711073643,2.27440385956393,0.132432459647338,0.44419797042942,0.44419797042942,"plaq_d"
"1606","ABCG5","Exc L6 CT",-0.108304203621938,2.95463003531083,4.28651536648427,0.0391525078262484,0.239732573154024,0.239732573154024,"plaq_d"
"1607","ABCG8","Exc L6 CT",-0.0261083873255739,3.98826210082033,0.602398333129753,0.438191281332001,0.760723021239813,0.760723021239813,"plaq_d"
"1608","LRPPRC","Exc L6 CT",0.00533868746593838,6.48517866229945,0.153845541165037,0.695127151354783,0.906353633810656,0.906353633810656,"plaq_d"
"1609","PPM1B","Exc L6 CT",0.0140656660594416,6.77294840575952,1.29565200607236,0.268074536071791,0.616092117064096,0.616092117064096,"plaq_d"
"1610","SLC3A1","Exc L6 CT",-0.062416488875452,2.93372326597725,1.90051614901742,0.168905602349891,0.495428902084156,0.495428902084156,"plaq_d"
"1611","PREPL","Exc L6 CT",0.0528916163553904,8.19028057284777,26.1749285190252,5.16341303388975e-07,0.000172866265199713,0.000172866265199713,"plaq_d"
"1612","CAMKMT","Exc L6 CT",-0.0144857193090953,6.32394637956856,0.444438139631811,0.505429587614772,0.805890473379344,0.805890473379344,"plaq_d"
"1613","SRBD1","Exc L6 CT",-0.0129330916967799,4.55416255280157,0.189474645588913,0.663623911593988,0.892003344375128,0.892003344375128,"plaq_d"
"1614","PRKCE","Exc L6 CT",0.0185896677907679,9.47455939411456,3.14705923031205,0.0769377838520014,0.341242055572818,0.341242055572818,"plaq_d"
"1615","ATP6V1E2","Exc L6 CT",-0.0592039067946372,3.71727630107019,2.36248002954574,0.125192641348704,0.432073420444478,0.432073420444478,"plaq_d"
"1616","RHOQ","Exc L6 CT",-0.0323632322495313,3.73347713984565,0.760618984509384,0.383735856459272,0.718649849042238,0.718649849042238,"plaq_d"
"1617","PIGF","Exc L6 CT",-0.0125655856681204,4.54754503303125,0.249066660467369,0.67528826458751,0.895575586043388,0.895575586043388,"plaq_d"
"1618","CRIPT","Exc L6 CT",0.00696505102958121,3.58300537049112,0.0415985227165581,0.838506128887993,0.968820749155593,0.968820749155593,"plaq_d"
"1619","SOCS5","Exc L6 CT",0.0389091156030251,5.53084854566633,3.74198201493803,0.0538713286855217,0.285622757041732,0.285622757041732,"plaq_d"
"1620","LINC01119","Exc L6 CT",-0.133115428555064,2.61721444345514,4.66788200927585,0.0314134591563003,0.213907130420563,0.213907130420563,"plaq_d"
"1621","MCFD2","Exc L6 CT",0.00243115209705276,5.00109379431515,0.0137899986737245,0.983126988810378,0.999571689696322,0.999571689696322,"plaq_d"
"1622","TTC7A","Exc L6 CT",-0.046316822514737,5.49709337025656,4.65395248365944,0.0316658197827839,0.214826174171987,0.214826174171987,"plaq_d"
"1623","CALM2","Exc L6 CT",-0.0592345231668024,2.13999734951165,0.592513070539731,0.441970850464214,0.764029675036979,0.764029675036979,"plaq_d"
"1624","AC106869.1","Exc L6 CT",-0.0531784499321946,3.71344173152561,0.736175574645096,0.39147894346696,0.72513620881081,0.72513620881081,"plaq_d"
"1625","EPCAM","Exc L6 CT",-0.0257635965881101,2.55537383243041,0.14942070197489,0.69932568302096,0.908619947528524,0.908619947528524,"plaq_d"
"1626","MSH2","Exc L6 CT",-0.0100792441956993,6.44866646698925,0.561215234276174,0.454276805910751,0.774487079333393,0.774487079333393,"plaq_d"
"1627","KCNK12","Exc L6 CT",0.00850254878323504,4.30700821486282,0.0841931586574729,0.771866119939718,0.943672302638833,0.943672302638833,"plaq_d"
"1628","MSH6","Exc L6 CT",0.0257265283161896,4.33496841390611,0.968374436972865,0.367621943074824,0.707434466633136,0.707434466633136,"plaq_d"
"1629","FBXO11","Exc L6 CT",0.00662801401849752,7.66349868467223,0.459899813856071,0.498121213209092,0.802209753368171,0.802209753368171,"plaq_d"
"1630","AC092650.1","Exc L6 CT",0.0211699202200171,1.73610519642248,0.0848330743744501,0.771025000771628,0.943332471318999,0.943332471318999,"plaq_d"
"1631","FOXN2","Exc L6 CT",-0.0272073884500594,3.60350388197481,0.422285417591735,0.516227334147181,0.812108917318635,0.812108917318635,"plaq_d"
"1632","AC093635.1","Exc L6 CT",-0.094733145921156,1.94656383531702,1.79679624785776,0.211344321444725,0.548793646827223,0.548793646827223,"plaq_d"
"1633","PPP1R21","Exc L6 CT",0.00677687307726242,6.71370529640511,0.222311155145356,0.89269878424883,0.985595335141122,0.985595335141122,"plaq_d"
"1634","AC009975.1","Exc L6 CT",0.0713847883274868,2.50058758743348,1.08895318015981,0.297427209802878,0.6453296326032,0.6453296326032,"plaq_d"
"1635","NRXN1","Exc L6 CT",0.0271703717099701,11.9637578091956,13.957303626661,0.000218459486377729,0.010518203230414,0.010518203230414,"plaq_d"
"1636","AC007402.1","Exc L6 CT",-0.0126896432887882,4.64394024293359,0.0699941092098,0.79150188921747,0.952057315516695,0.952057315516695,"plaq_d"
"1637","AC010967.1","Exc L6 CT",-0.0365991490722701,2.84914813770306,0.241010789311793,0.623786279476736,0.872864237883659,0.872864237883659,"plaq_d"
"1638","ASB3","Exc L6 CT",0.00201938364241868,5.27756287829739,0.00472881883256386,0.945215030146556,0.997609533382524,0.997609533382524,"plaq_d"
"1639","GPR75-ASB3","Exc L6 CT",0.000114406955395596,6.21742464441012,4.59634160863469e-05,0.994594559909084,0.999785330471245,0.999785330471245,"plaq_d"
"1640","CHAC2","Exc L6 CT",-0.100923872463123,2.15298835903833,2.12224174421247,0.319146598376613,0.663856480676132,0.663856480676132,"plaq_d"
"1641","ERLEC1","Exc L6 CT",0.0185275543487066,5.2406007333391,0.936806109806516,0.333772377785694,0.678287288340323,0.678287288340323,"plaq_d"
"1642","PSME4","Exc L6 CT",0.0103155290106987,6.53250739534022,0.306443462860411,0.580226145651413,0.851009313799292,0.851009313799292,"plaq_d"
"1643","ACYP2","Exc L6 CT",-0.0109779018735916,7.81821966617904,0.67149717770302,0.413090641835368,0.743263702019992,0.743263702019992,"plaq_d"
"1644","C2orf73","Exc L6 CT",-0.139452622168012,2.42151074875253,4.77691491121886,0.0295094555094728,0.20592250194589,0.20592250194589,"plaq_d"
"1645","SPTBN1","Exc L6 CT",0.0301980757435255,8.34740925789916,13.1686102241902,0.000327318627732217,0.0137513479277001,0.0137513479277001,"plaq_d"
"1646","AC092839.1","Exc L6 CT",-0.0987066482677009,3.08577579349758,4.17473408567623,0.0417833939495633,0.247944657583641,0.247944657583641,"plaq_d"
"1647","EML6","Exc L6 CT",-0.018773411147506,8.11410790828137,2.4757385609586,0.116523284032887,0.417108541331427,0.417108541331427,"plaq_d"
"1648","RTN4","Exc L6 CT",0.0242326865499442,8.63693520803222,6.43354329768751,0.011634741671185,0.125369566690404,0.125369566690404,"plaq_d"
"1649","CLHC1","Exc L6 CT",0.00463815879429353,4.89034808153673,0.0219850821387645,0.882212619784584,0.983480769739443,0.983480769739443,"plaq_d"
"1650","RPS27A","Exc L6 CT",-0.0599846534305854,5.30911672374101,2.33877127736245,0.127096977520286,0.434922718758314,0.434922718758314,"plaq_d"
"1651","MTIF2","Exc L6 CT",-0.00901207301871198,3.70157702671648,0.0741801866096464,0.785506356307429,0.949842286091107,0.949842286091107,"plaq_d"
"1652","AC012358.3","Exc L6 CT",-0.0486671848324171,3.79648130468853,1.78474913354964,0.18243971974956,0.512693456766215,0.512693456766215,"plaq_d"
"1653","CCDC88A","Exc L6 CT",0.0170634182516252,8.89203564289569,2.55261172960477,0.111019151509761,0.408859479440912,0.408859479440912,"plaq_d"
"1654","CFAP36","Exc L6 CT",0.0168025754771292,6.12329707755977,1.48866287012276,0.232518997721854,0.576730443005481,0.576730443005481,"plaq_d"
"1655","PPP4R3B","Exc L6 CT",0.0406444186364916,6.06750078207603,7.83666911864042,0.00540502093380933,0.0812220055982454,0.0812220055982454,"plaq_d"
"1656","PNPT1","Exc L6 CT",0.00562315324437134,5.56791666350009,0.146951317830423,0.701699918229184,0.909622462442533,0.909622462442533,"plaq_d"
"1657","CCDC85A","Exc L6 CT",0.0668126552703199,5.22374282350506,2.18179486147594,0.140555371930157,0.455934009532795,0.455934009532795,"plaq_d"
"1658","FANCL","Exc L6 CT",0.00314769689650027,6.26142552130365,0.0348241568927413,0.852073286155724,0.973991347268367,0.973991347268367,"plaq_d"
"1659","LINC01122","Exc L6 CT",0.0101894654834749,9.0742082232276,0.660314312226719,0.417004226031243,0.746278057743443,0.746278057743443,"plaq_d"
"1660","LINC01793","Exc L6 CT",0.00170818463427729,5.25752686406357,0.00378037721597858,0.95100841777952,0.99802142424354,0.99802142424354,"plaq_d"
"1661","AC007100.1","Exc L6 CT",-0.0905789661899364,1.81139488826016,0.992025388882221,0.319939501643407,0.664720604078291,0.664720604078291,"plaq_d"
"1662","BCL11A","Exc L6 CT",-0.00642714869777628,7.95396075274823,0.217363171873598,0.641347963781474,0.880660557668647,0.880660557668647,"plaq_d"
"1663","PAPOLG","Exc L6 CT",-0.0192944488029117,5.32955186130838,1.38017185371894,0.278429121861243,0.626283530549105,0.626283530549105,"plaq_d"
"1664","LINC01185","Exc L6 CT",-0.0174249819653777,2.16261422939644,0.0625408147295229,0.802671714112514,0.956257294579134,0.956257294579134,"plaq_d"
"1665","REL","Exc L6 CT",0.00324883244230272,4.93759405255241,0.0258482251896694,0.872364771242611,0.980031678570479,0.980031678570479,"plaq_d"
"1666","PUS10","Exc L6 CT",0.0181189427244896,5.14405807900876,0.714667130574424,0.415484169945713,0.745148886325961,0.745148886325961,"plaq_d"
"1667","PEX13","Exc L6 CT",0.00916795608372428,4.90801229172259,0.160143506430707,0.700960026048481,0.909570559014748,0.909570559014748,"plaq_d"
"1668","KIAA1841","Exc L6 CT",0.0105608705123108,6.64481330228095,0.484417534087452,0.517436597388577,0.812590515545539,0.812590515545539,"plaq_d"
"1669","C2orf74","Exc L6 CT",-0.0757962658019193,4.41797650564767,4.82309014347213,0.0287399000222487,0.203262937165379,0.203262937165379,"plaq_d"
"1670","USP34","Exc L6 CT",0.0205628053498007,8.26613733884262,5.33045358549216,0.0215410100986913,0.174373282664972,0.174373282664972,"plaq_d"
"1671","AC016727.1","Exc L6 CT",0.0173565827341551,3.10431169498463,0.157192915323192,0.691997056793738,0.904650687046592,0.904650687046592,"plaq_d"
"1672","XPO1","Exc L6 CT",-0.0025752466815135,7.0046892374759,0.0383644575658229,0.987446785774592,0.999571689696322,0.999571689696322,"plaq_d"
"1673","FAM161A","Exc L6 CT",0.0122814275689615,5.06228889110042,0.300674684945764,0.583811144180564,0.852322430026867,0.852322430026867,"plaq_d"
"1674","CCT4","Exc L6 CT",0.019313688074967,5.31271200657321,1.03151962377339,0.401839545898484,0.734401688809773,0.734401688809773,"plaq_d"
"1675","COMMD1","Exc L6 CT",-0.0330765097846464,7.29015259062337,8.42114207478503,0.00394489752216991,0.0679220800599616,0.0679220800599616,"plaq_d"
"1676","AC018462.1","Exc L6 CT",-0.000484974010337835,2.83576961801867,5.1162192414406e-07,0.999429700774642,0.999906738276838,0.999906738276838,"plaq_d"
"1677","B3GNT2","Exc L6 CT",0.0788025215411776,3.431578161637,3.22396497353802,0.0734346168640022,0.3319208282482,0.3319208282482,"plaq_d"
"1678","TMEM17","Exc L6 CT",0.00291159468266684,2.59014580171727,0.00351712961087529,0.952742887348107,0.998085184562898,0.998085184562898,"plaq_d"
"1679","EHBP1","Exc L6 CT",0.0129829480716331,8.273546011633,1.99915927953036,0.158279933426424,0.481309665098084,0.481309665098084,"plaq_d"
"1680","AC092567.1","Exc L6 CT",0.080268649407089,2.25701283433382,1.72425515498167,0.190010923272985,0.523592195065877,0.523592195065877,"plaq_d"
"1681","AC009501.1","Exc L6 CT",-0.100088442950862,1.94049768287822,1.52036601970137,0.218395902700187,0.557987306215601,0.557987306215601,"plaq_d"
"1682","WDPCP","Exc L6 CT",0.00787384454801314,8.54349392926274,0.456616620155673,0.499657990392332,0.803120407452746,0.803120407452746,"plaq_d"
"1683","MDH1","Exc L6 CT",0.0228951046182071,6.64579909311572,2.5624376627245,0.110336586234563,0.408225519257972,0.408225519257972,"plaq_d"
"1684","UGP2","Exc L6 CT",-0.013827380309148,6.6122538902568,0.698757258283194,0.403774838420718,0.736143596430704,0.736143596430704,"plaq_d"
"1685","VPS54","Exc L6 CT",0.00208056538728061,6.65773178773937,0.0272686154126677,0.868935823215505,0.978798489635663,0.978798489635663,"plaq_d"
"1686","PELI1","Exc L6 CT",0.0575440270757258,5.31389973567958,6.75079627503659,0.00976862668602715,0.113502138637649,0.113502138637649,"plaq_d"
"1687","AC008074.1","Exc L6 CT",-0.0137000717717271,5.2456336128181,0.285486173574368,0.593468698630536,0.857186253184027,0.857186253184027,"plaq_d"
"1688","LGALSL","Exc L6 CT",-0.0235991128397461,3.41956036687044,0.350904844351618,0.553985837982286,0.833985418972776,0.833985418972776,"plaq_d"
"1689","AFTPH","Exc L6 CT",0.0095465306381415,6.2663934473895,0.503321644653544,0.508765625010905,0.807251177962856,0.807251177962856,"plaq_d"
"1690","SERTAD2","Exc L6 CT",-0.00663069812908738,5.2512593178011,0.0633259494930306,0.801462786476116,0.955620788570984,0.955620788570984,"plaq_d"
"1691","SLC1A4","Exc L6 CT",-0.0219308035269932,5.14619105934355,1.02272310961347,0.312576171499574,0.656834635074983,0.656834635074983,"plaq_d"
"1692","LINC02576","Exc L6 CT",-0.0289274353771691,2.7448108786917,0.27778686677033,0.598491086775096,0.859096388993347,0.859096388993347,"plaq_d"
"1693","CEP68","Exc L6 CT",-0.00218218703065473,5.99332438394885,0.0210533451331986,0.884717679599241,0.984341580918979,0.984341580918979,"plaq_d"
"1694","RAB1A","Exc L6 CT",-0.00500824295800164,6.17925040016103,0.117101019116738,0.952492094879258,0.998071449610185,0.998071449610185,"plaq_d"
"1695","ACTR2","Exc L6 CT",0.013275505269044,6.80680347924415,1.19321091469555,0.275438034469044,0.623384664953381,0.623384664953381,"plaq_d"
"1696","SPRED2","Exc L6 CT",-0.045235545653734,6.40980192374502,2.77789392188428,0.0964729760128619,0.3821956502164,0.3821956502164,"plaq_d"
"1697","AC007389.3","Exc L6 CT",-0.156802111295108,1.69691206690307,2.76707576660725,0.0971215246740846,0.383316633394739,0.383316633394739,"plaq_d"
"1698","MEIS1","Exc L6 CT",0.0115653699843588,3.32305083954662,0.0558631903385655,0.813296998833918,0.959862617294411,0.959862617294411,"plaq_d"
"1699","LINC01829","Exc L6 CT",-0.149483844665582,2.56838579700984,5.10595217163284,0.0244614647900536,0.18622276420815,0.18622276420815,"plaq_d"
"1700","ETAA1","Exc L6 CT",0.010860646319435,3.486131803122,0.0901920893299699,0.786513346439752,0.949978997618234,0.949978997618234,"plaq_d"
"1701","C1D","Exc L6 CT",-0.0154613940964906,5.49986804384347,0.677647710945981,0.410961334182719,0.742588096760942,0.742588096760942,"plaq_d"
"1702","WDR92","Exc L6 CT",-0.0131393714604484,4.25304392609014,0.219489015767158,0.639722688516496,0.879980077173644,0.879980077173644,"plaq_d"
"1703","AC017083.3","Exc L6 CT",0.0395088294496073,2.3556239562138,0.458175954513551,0.49926194455813,0.80296893686279,0.80296893686279,"plaq_d"
"1704","PNO1","Exc L6 CT",-0.0600583042933092,3.38890535559879,2.51531663603918,0.113652682936391,0.412800840196092,0.412800840196092,"plaq_d"
"1705","AC017083.1","Exc L6 CT",0.0319713740873314,2.73494624219784,0.408413289013699,0.523196129599273,0.81638104072308,0.81638104072308,"plaq_d"
"1706","CNRIP1","Exc L6 CT",0.0390388812316919,5.86598392853293,6.76275734067121,0.00970462896257393,0.113032231832698,0.113032231832698,"plaq_d"
"1707","FBXO48","Exc L6 CT",0.00987099267693997,1.92156632947504,0.0169253255156883,0.896564515381031,0.986392263158221,0.986392263158221,"plaq_d"
"1708","APLF","Exc L6 CT",0.00412889540479392,4.08454079794916,0.0134979933000534,0.907576178504735,0.989420650042586,0.989420650042586,"plaq_d"
"1709","ARHGAP25","Exc L6 CT",-0.0118536209954385,4.35263224680949,0.0948060571781444,0.758338019436216,0.93768275509137,0.93768275509137,"plaq_d"
"1710","ANTXR1","Exc L6 CT",-0.0217681964861846,7.48052614679238,1.67380871295522,0.196606688018488,0.531521104359466,0.531521104359466,"plaq_d"
"1711","GFPT1","Exc L6 CT",0.0185613287713195,6.0475287267744,1.41146845395868,0.271335522062137,0.618215408680851,0.618215408680851,"plaq_d"
"1712","NFU1","Exc L6 CT",-0.0401022615051001,4.59504342650754,2.56342125296829,0.110268516067605,0.408225519257972,0.408225519257972,"plaq_d"
"1713","AAK1","Exc L6 CT",0.0130147732954691,8.53807440090823,1.8050749935785,0.179975067045763,0.510351866855852,0.510351866855852,"plaq_d"
"1714","ANXA4","Exc L6 CT",-0.00409686790589939,5.26616890112382,0.0293622464985285,0.864044836819182,0.977200838310075,0.977200838310075,"plaq_d"
"1715","GMCL1","Exc L6 CT",-0.00398070280861491,6.61070375083704,0.0574883339577445,0.81065178015292,0.959172290506699,0.959172290506699,"plaq_d"
"1716","SNRNP27","Exc L6 CT",-0.0157792115634141,2.45901425210679,0.0724411164702577,0.787974534948759,0.950694050043776,0.950694050043776,"plaq_d"
"1717","MXD1","Exc L6 CT",0.0231041936948093,5.74724674453304,1.79107949913014,0.181667937476306,0.511592188745267,0.511592188745267,"plaq_d"
"1718","PCBP1","Exc L6 CT",0.115966638576584,5.25123790732224,29.4284535945026,1.08812571801836e-07,6.02486839868933e-05,6.02486839868933e-05,"plaq_d"
"1719","C2orf42","Exc L6 CT",-0.056172456928959,4.17057982068074,3.69242567152079,0.0554760527044505,0.290095624676088,0.290095624676088,"plaq_d"
"1720","PCYOX1","Exc L6 CT",0.0485547476340518,5.55698747572862,8.42975741199053,0.00392669615627065,0.0677751941567854,0.0677751941567854,"plaq_d"
"1721","SNRPG","Exc L6 CT",-0.0638304782443817,3.22438360070271,2.62393829230559,0.106168177365217,0.399836878488318,0.399836878488318,"plaq_d"
"1722","FAM136A","Exc L6 CT",0.00031134734848277,3.79604926712144,9.19632278052395e-05,0.992354098955895,0.999571689696322,0.999571689696322,"plaq_d"
"1723","ADD2","Exc L6 CT",0.0355597743087714,7.71882545194216,11.1448518534877,0.000933760544669522,0.0264614503957922,0.0264614503957922,"plaq_d"
"1724","AC007040.2","Exc L6 CT",0.01894383925713,4.2830613070713,0.251969646910753,0.61600884988614,0.869522356673234,0.869522356673234,"plaq_d"
"1725","NAGK","Exc L6 CT",0.00162093386802688,4.8120630166577,0.00514589884960132,0.979903107622639,0.999396584092899,0.999396584092899,"plaq_d"
"1726","MCEE","Exc L6 CT",-0.0166987726659253,4.60776511471346,0.483247450840842,0.487418666279991,0.794665043276726,0.794665043276726,"plaq_d"
"1727","MPHOSPH10","Exc L6 CT",-0.048100037861384,4.65805337975904,3.7359391585337,0.0540643339994158,0.286038277197938,0.286038277197938,"plaq_d"
"1728","PAIP2B","Exc L6 CT",0.0827144322156169,3.66028298082876,5.59053691140424,0.0186058812603135,0.161401414489559,0.161401414489559,"plaq_d"
"1729","ZNF638","Exc L6 CT",0.0312665894821846,8.46296204510861,13.3895177388193,0.000292206813212264,0.0128250283018407,0.0128250283018407,"plaq_d"
"1730","DYSF","Exc L6 CT",0.00248707761972904,6.14728794235163,0.0169870148478809,0.896377252307594,0.986392263158221,0.986392263158221,"plaq_d"
"1731","CYP26B1","Exc L6 CT",0.0738082691009965,3.89638549471143,2.94120676474245,0.0872359031250445,0.361963327735328,0.361963327735328,"plaq_d"
"1732","EXOC6B","Exc L6 CT",0.0243109181013214,9.00016280091379,7.60941983832741,0.00611301585979407,0.0873912376540173,0.0873912376540173,"plaq_d"
"1733","SPR","Exc L6 CT",0.0948664676313366,1.87065820275597,1.39933203702373,0.23764250698678,0.582811163642536,0.582811163642536,"plaq_d"
"1734","EMX1","Exc L6 CT",0.0196282276657415,4.03547345094467,0.411647490518276,0.521556603697821,0.815152879182426,0.815152879182426,"plaq_d"
"1735","SFXN5","Exc L6 CT",0.0232633110255752,7.1176123687098,2.95949694410945,0.086262957880906,0.359831388520077,0.359831388520077,"plaq_d"
"1736","RAB11FIP5","Exc L6 CT",-0.0610535850978158,3.73256000051877,3.02745698156689,0.0827497837094547,0.352863117974322,0.352863117974322,"plaq_d"
"1737","SMYD5","Exc L6 CT",-0.0717697170467187,3.74336166822891,4.92827741170476,0.0270641747754183,0.197273853198441,0.197273853198441,"plaq_d"
"1738","PRADC1","Exc L6 CT",-0.0717813075153119,3.12395561791009,3.12334337204862,0.0780541566407632,0.34360038039851,0.34360038039851,"plaq_d"
"1739","CCT7","Exc L6 CT",0.0433356766794046,4.34594449178084,2.94322259649708,0.0871280882694559,0.36178135527173,0.36178135527173,"plaq_d"
"1740","FBXO41","Exc L6 CT",0.00162310902101448,5.68982466027213,0.0120445278866106,0.912672800439943,0.989967061646606,0.989967061646606,"plaq_d"
"1741","EGR4","Exc L6 CT",0.15851188143437,1.96043488611035,2.67234701582295,0.103009045122551,0.393959829851382,0.393959829851382,"plaq_d"
"1742","ALMS1","Exc L6 CT",-0.0161276723452626,6.56477747198425,1.51648752676142,0.218982870605692,0.558370181179789,0.558370181179789,"plaq_d"
"1743","TPRKB","Exc L6 CT",-0.0356619336360198,3.66100662976525,1.20121635984961,0.273836160947931,0.621299507172011,0.621299507172011,"plaq_d"
"1744","DUSP11","Exc L6 CT",-0.0510362849280551,4.14236756465958,3.73597789189757,0.0969920012676166,0.383282143905739,0.383282143905739,"plaq_d"
"1745","STAMBP","Exc L6 CT",-0.0198589183955511,4.78156897261341,0.719826612183345,0.396783656392278,0.729421212798267,0.729421212798267,"plaq_d"
"1746","DGUOK","Exc L6 CT",-0.0100453253888694,4.90402297580259,0.220481584172166,0.638967125097129,0.879320402724239,0.879320402724239,"plaq_d"
"1747","DGUOK-AS1","Exc L6 CT",-0.148072507401064,2.38158675605146,4.44840478244216,0.0356473990012894,0.229200516311998,0.229200516311998,"plaq_d"
"1748","TET3","Exc L6 CT",0.00280831582061296,6.91316839523138,0.0235192795898045,0.878203250344088,0.981950601316776,0.981950601316776,"plaq_d"
"1749","BOLA3","Exc L6 CT",-0.0323867895183888,4.09921392359425,1.11442025286605,0.291855003161215,0.639309894325753,0.639309894325753,"plaq_d"
"1750","BOLA3-AS1","Exc L6 CT",0.0450157735459845,2.80890075457476,0.873786663240964,0.360261456268441,0.701613085016297,0.701613085016297,"plaq_d"
"1751","MOB1A","Exc L6 CT",0.0283316979698009,4.08114305043903,1.08193100609301,0.298987688015131,0.645995581805218,0.645995581805218,"plaq_d"
"1752","AC006030.1","Exc L6 CT",-0.0141772935756928,4.3306818996728,0.182283770051788,0.669681774098249,0.894479014664119,0.894479014664119,"plaq_d"
"1753","DCTN1","Exc L6 CT",-0.0176958246367505,3.35109319408257,0.182155693109142,0.669790943200149,0.894479014664119,0.894479014664119,"plaq_d"
"1754","DCTN1-AS1","Exc L6 CT",0.00108988213708238,3.0921696537792,0.000664504488569434,0.979449188748949,0.999396584092899,0.999396584092899,"plaq_d"
"1755","WDR54","Exc L6 CT",-0.0264260397772912,3.54778054244332,0.572686841850749,0.449704945118111,0.770121690561765,0.770121690561765,"plaq_d"
"1756","MOGS","Exc L6 CT",-0.0231236452622077,3.85285361179232,0.485351745095902,0.58691516410086,0.854287193719603,0.854287193719603,"plaq_d"
"1757","CCDC142","Exc L6 CT",-0.0582476460680171,3.69391452882685,2.73400228178769,0.0991340711125678,0.386757205348652,0.386757205348652,"plaq_d"
"1758","TTC31","Exc L6 CT",-0.0257843811187425,3.0426865054934,0.354200967295731,0.552131221540589,0.832755355637535,0.832755355637535,"plaq_d"
"1759","PCGF1","Exc L6 CT",0.0868717236490645,1.93563613260455,1.39386842136573,0.238558753503379,0.583368747313512,0.583368747313512,"plaq_d"
"1760","AUP1","Exc L6 CT",0.0244112951707188,4.26262646848527,0.730117746877657,0.393432523228195,0.726972978289778,0.726972978289778,"plaq_d"
"1761","HTRA2","Exc L6 CT",0.0647950969027207,3.03939970433129,2.41794503676399,0.120860609795347,0.424869431025819,0.424869431025819,"plaq_d"
"1762","M1AP","Exc L6 CT",0.00999127115749537,2.31153789003074,0.0161785220234509,0.898859627211484,0.986730455493101,0.986730455493101,"plaq_d"
"1763","SEMA4F","Exc L6 CT",0.00877496523911026,4.79529836516727,0.134263618395813,0.714274241534203,0.914504800882817,0.914504800882817,"plaq_d"
"1764","AC104135.1","Exc L6 CT",0.00143519637496149,1.69027251157098,2.52450917499772e-06,0.998733175251992,0.999906738276838,0.999906738276838,"plaq_d"
"1765","POLE4","Exc L6 CT",-0.0498946048022112,3.07919329552922,1.36008265805766,0.414761491207418,0.744502048306982,0.744502048306982,"plaq_d"
"1766","TACR1","Exc L6 CT",0.0251489633222703,2.44386122299141,0.156391167752674,0.692743225850874,0.905048686754622,0.905048686754622,"plaq_d"
"1767","AC007681.1","Exc L6 CT",0.00131904579860959,3.43265419187556,0.000819663372145399,0.977176275658774,0.999093977007575,0.999093977007575,"plaq_d"
"1768","AC007099.1","Exc L6 CT",-0.0064758759270447,2.33140330897046,0.00869824661794363,0.925747160272863,0.993444362227964,0.993444362227964,"plaq_d"
"1769","MRPL19","Exc L6 CT",0.00402012024938815,5.56411947592823,0.0389645234660317,0.843634140126668,0.970611654227969,0.970611654227969,"plaq_d"
"1770","GCFC2","Exc L6 CT",-0.00741607955393733,6.13473525225315,0.214124773309011,0.643842527232457,0.88128400098147,0.88128400098147,"plaq_d"
"1771","LRRTM4","Exc L6 CT",0.0381280553010063,12.2549038767585,8.75693799272668,0.00329539077104434,0.0605880530523043,0.0605880530523043,"plaq_d"
"1772","AC079117.1","Exc L6 CT",-0.0117467967768379,2.78943513496123,0.019164372644769,0.889976310124984,0.984904368079323,0.984904368079323,"plaq_d"
"1773","CTNNA2","Exc L6 CT",0.00579485085014869,8.54881812387894,0.0856497750421814,0.769956496401561,0.942942894274511,0.942942894274511,"plaq_d"
"1774","LRRTM1","Exc L6 CT",-0.219377849028011,1.40405431649797,3.52421224455776,0.0613144013143015,0.305532059993314,0.305532059993314,"plaq_d"
"1775","AC008067.1","Exc L6 CT",0.0113609954555938,1.48441104301689,0.0337482189022825,0.854350340544661,0.974785418557891,0.974785418557891,"plaq_d"
"1776","SUCLG1","Exc L6 CT",0.00367705881402494,5.51203535116926,0.0413691390647495,0.838945861098915,0.968820749155593,0.968820749155593,"plaq_d"
"1777","DNAH6","Exc L6 CT",0.00511846256481141,6.54499406674324,0.0579801031089772,0.809859147205702,0.959171722186203,0.959171722186203,"plaq_d"
"1778","TRABD2A","Exc L6 CT",0.0853927373262912,2.28463960631763,1.13552758601641,0.287337701150708,0.634045607873329,0.634045607873329,"plaq_d"
"1779","TMSB10","Exc L6 CT",0.054026336915547,6.36922566840425,4.87455308930866,0.0279068990345527,0.200436246928321,0.200436246928321,"plaq_d"
"1780","KCMF1","Exc L6 CT",-0.00405841943917977,5.98048127712329,0.0706345283479949,0.790572428625937,0.95181256286311,0.95181256286311,"plaq_d"
"1781","TGOLN2","Exc L6 CT",0.0395243064198841,5.83974667287556,4.80140118525508,0.0290987186677417,0.20449901800793,0.20449901800793,"plaq_d"
"1782","RETSAT","Exc L6 CT",-0.052450714025469,3.26727875107125,1.63151864269905,0.202344160104489,0.537940263871511,0.537940263871511,"plaq_d"
"1783","ELMOD3","Exc L6 CT",-0.0466708833450839,5.32214589545127,5.90728911698695,0.0155828461731542,0.147843187689759,0.147843187689759,"plaq_d"
"1784","MAT2A","Exc L6 CT",0.0157886112479931,5.45094673895113,0.671523796083699,0.413081391470027,0.743263702019992,0.743263702019992,"plaq_d"
"1785","GGCX","Exc L6 CT",-0.0165877764704606,4.01517748836827,0.31695325723719,0.573806724064487,0.846459504444753,0.846459504444753,"plaq_d"
"1786","VAMP8","Exc L6 CT",-0.0527612789731,2.28129927359149,0.626678503699038,0.429115220007629,0.754920783774409,0.754920783774409,"plaq_d"
"1787","RNF181","Exc L6 CT",-0.136763605828613,1.77228818382374,2.73219239547468,0.0992455151358117,0.386877453532398,0.386877453532398,"plaq_d"
"1788","TMEM150A","Exc L6 CT",0.00938528236535276,2.35029530287225,0.0296275631868485,0.863438006070329,0.977089417610673,0.977089417610673,"plaq_d"
"1789","USP39","Exc L6 CT",-0.032255463594962,4.547146996027,1.658858965739,0.198612734397697,0.533852785172102,0.533852785172102,"plaq_d"
"1790","C2orf68","Exc L6 CT",0.0299384467014633,2.56719829436464,0.294332441335121,0.587804543249104,0.854918776521248,0.854918776521248,"plaq_d"
"1791","ST3GAL5","Exc L6 CT",-0.00826915967950665,5.82252146202631,0.220741676827404,0.63876948066539,0.879216506707998,0.879216506707998,"plaq_d"
"1792","POLR1A","Exc L6 CT",-0.0225111583386797,5.29309310902903,1.44589629954938,0.230004627566054,0.573484536799947,0.573484536799947,"plaq_d"
"1793","PTCD3","Exc L6 CT",-0.0284660052319001,6.35504576622659,4.38286609150664,0.0370248610303363,0.233282006533835,0.233282006533835,"plaq_d"
"1794","IMMT","Exc L6 CT",-0.0536700847754997,5.44164152355464,7.8803128514403,0.00527897260796659,0.0800080056467285,0.0800080056467285,"plaq_d"
"1795","MRPL35","Exc L6 CT",0.0565157116134822,3.83407466992157,3.29191614825528,0.0704822040491109,0.325301863874386,0.325301863874386,"plaq_d"
"1796","REEP1","Exc L6 CT",-0.00443593806401442,7.20294391121117,0.11815112558096,0.731255924190344,0.924288775313587,0.924288775313587,"plaq_d"
"1797","KDM3A","Exc L6 CT",0.0518958827923599,4.53743532649618,2.55360998548327,0.110949594551535,0.408859479440912,0.408859479440912,"plaq_d"
"1798","CHMP3","Exc L6 CT",0.0574183503594215,4.17606978397519,4.29244161527618,0.0615913946333973,0.305688886227715,0.305688886227715,"plaq_d"
"1799","RNF103-CHMP3","Exc L6 CT",-0.0345268688733402,4.21282442840167,0.982032597998295,0.322385638583114,0.66720858344579,0.66720858344579,"plaq_d"
"1800","AC015971.1","Exc L6 CT",-0.199259121686998,2.73669106844885,13.5792179436247,0.000265113630998184,0.011852719974689,0.011852719974689,"plaq_d"
"1801","RMND5A","Exc L6 CT",0.0234806017734433,5.642266340956,1.94798160417092,0.163693864281428,0.488908064355899,0.488908064355899,"plaq_d"
"1802","CD8A","Exc L6 CT",0.0410828993366803,2.8356263018705,0.75723763011573,0.384793882590237,0.719601550242798,0.719601550242798,"plaq_d"
"1803","PLGLB1","Exc L6 CT",-0.0302512741678596,5.50937293502249,2.28376130881675,0.131641460337419,0.442576007243691,0.442576007243691,"plaq_d"
"1804","CYTOR","Exc L6 CT",-0.0472579363263256,4.8430525866344,2.98946842016701,0.0846940256670182,0.357029339239354,0.357029339239354,"plaq_d"
"1805","RGPD2","Exc L6 CT",0.0230872353668976,2.16586384496883,0.066950067241719,0.795983255443833,0.953363766986272,0.953363766986272,"plaq_d"
"1806","KRCC1","Exc L6 CT",-0.000655534593707266,4.44253276427225,0.000742147386151075,0.995094868254578,0.999785330471245,0.999785330471245,"plaq_d"
"1807","THNSL2","Exc L6 CT",-0.0202750188798048,2.03621441061787,0.0424845573041277,0.836819339157307,0.96831893509302,0.96831893509302,"plaq_d"
"1808","EIF2AK3","Exc L6 CT",-0.000136403531025821,5.20107650566065,3.37844549412409e-05,0.995365698857154,0.999785330471245,0.999785330471245,"plaq_d"
"1809","RPIA","Exc L6 CT",-0.000520487046771023,4.42172885599857,0.000408891909682317,0.983878597407122,0.999571689696322,0.999571689696322,"plaq_d"
"1810","AL845331.2","Exc L6 CT",-0.0914280159977643,1.99892636824575,1.29037293571267,0.256760475268943,0.604139759941717,0.604139759941717,"plaq_d"
"1811","ANKRD20A8P","Exc L6 CT",-0.00136068169911967,3.5071465039142,0.00090505987439159,0.976017127068817,0.999093977007575,0.999093977007575,"plaq_d"
"1812","MRPS5","Exc L6 CT",-0.0147667537141554,6.39779522802852,0.956806364752982,0.328671934465519,0.673509183210693,0.673509183210693,"plaq_d"
"1813","ZNF514","Exc L6 CT",-0.0484801875797601,3.22343399106895,1.37749792529475,0.2413299696255,0.586657589113256,0.586657589113256,"plaq_d"
"1814","ZNF2","Exc L6 CT",-0.0971793338655477,3.47578390677068,6.23209425349268,0.0130072107558806,0.133180516388092,0.133180516388092,"plaq_d"
"1815","AC092835.1","Exc L6 CT",0.0287162591050868,5.36460655389049,1.92091711210532,0.166642546636929,0.492706120637755,0.492706120637755,"plaq_d"
"1816","KCNIP3","Exc L6 CT",-0.024273609518558,5.84782762458805,1.60302833971146,0.206320983860851,0.542144545043491,0.542144545043491,"plaq_d"
"1817","FAHD2A","Exc L6 CT",-0.0211626905105235,5.29512922491367,1.2377083885651,0.266680649250665,0.613868664312853,0.613868664312853,"plaq_d"
"1818","LINC00342","Exc L6 CT",-0.0267130804928512,4.25131887196502,0.980675939647951,0.322719638303518,0.667510332330094,0.667510332330094,"plaq_d"
"1819","ANKRD36C","Exc L6 CT",0.0261480086406131,7.99635311045116,6.16521096445156,0.013499005294887,0.135875372868233,0.135875372868233,"plaq_d"
"1820","DUSP2","Exc L6 CT",0.0850802321279668,2.19353724764564,1.6148505282869,0.204659656120729,0.540010760935326,0.540010760935326,"plaq_d"
"1821","STARD7","Exc L6 CT",0.0344411517619816,5.01306783453708,2.72255415266914,0.105233388477777,0.39808433319174,0.39808433319174,"plaq_d"
"1822","TMEM127","Exc L6 CT",0.0798306621091281,4.32699577888932,10.2015904225435,0.0018374990599343,0.0415921957025381,0.0415921957025381,"plaq_d"
"1823","CIAO1","Exc L6 CT",-0.0236875546743352,5.18334397856247,1.37426265305382,0.241882279386588,0.587280133412169,0.587280133412169,"plaq_d"
"1824","SNRNP200","Exc L6 CT",0.0221839633373783,5.10219373939278,1.2988307642832,0.255210279126228,0.602493797687961,0.602493797687961,"plaq_d"
"1825","ARID5A","Exc L6 CT",0.0326465156050949,2.49899283697809,0.250764416415899,0.616853727699057,0.86977969625572,0.86977969625572,"plaq_d"
"1826","KANSL3","Exc L6 CT",-0.0308096162772253,5.6732648013309,3.30512598538436,0.0699232233802594,0.324070344360488,0.324070344360488,"plaq_d"
"1827","FER1L5","Exc L6 CT",-0.102599478275088,3.67523407066431,8.13194349013749,0.00460869990052719,0.0738828995189191,0.0738828995189191,"plaq_d"
"1828","LMAN2L","Exc L6 CT",0.0275278006665695,4.81921423362253,1.50923634636975,0.220085334976722,0.558946055281542,0.558946055281542,"plaq_d"
"1829","CNNM4","Exc L6 CT",-0.0262973650874509,4.24884114710844,0.741989569822599,0.389617080293205,0.72368813676258,0.72368813676258,"plaq_d"
"1830","CNNM3","Exc L6 CT",-0.0466987778118438,2.8894012193653,1.0831323820659,0.298719969291716,0.645995581805218,0.645995581805218,"plaq_d"
"1831","ANKRD23","Exc L6 CT",0.0355897230412329,5.0188424192075,2.31642626802614,0.12892143448145,0.437862684594244,0.437862684594244,"plaq_d"
"1832","SEMA4C","Exc L6 CT",-0.0221556413548024,3.52165481940645,0.356401459914952,0.587634570047158,0.854786815218783,0.854786815218783,"plaq_d"
"1833","FAM178B","Exc L6 CT",-0.0193445616792513,3.93113034102656,0.268920415335409,0.604386276651556,0.862668796548841,0.862668796548841,"plaq_d"
"1834","FAHD2B","Exc L6 CT",-0.0576207870864128,4.02494680764881,3.92688184621288,0.0483060672326566,0.268682291008356,0.268682291008356,"plaq_d"
"1835","ANKRD36","Exc L6 CT",0.0171447967472379,8.15336181931066,1.26882704929093,0.260762556558059,0.607981400145611,0.607981400145611,"plaq_d"
"1836","AC092683.1","Exc L6 CT",0.0233406484510553,8.82824080074676,1.80093963527385,0.180473358553393,0.51078743850377,0.51078743850377,"plaq_d"
"1837","AC092683.2","Exc L6 CT",0.0162455382544639,3.83846438802946,0.157981864323608,0.691264946273336,0.904350324782097,0.904350324782097,"plaq_d"
"1838","ANKRD36B","Exc L6 CT",0.0280608651772615,6.60836605067807,0.923069353171175,0.337337034984162,0.681386865321753,0.681386865321753,"plaq_d"
"1839","COX5B","Exc L6 CT",0.00680342829071493,4.57474263716542,0.0613665908826656,0.804494896360829,0.956836843734989,0.956836843734989,"plaq_d"
"1840","ACTR1B","Exc L6 CT",-0.0474901752185332,5.59650188264431,5.31572648610113,0.0217209769521397,0.175081290147258,0.175081290147258,"plaq_d"
"1841","C2orf92","Exc L6 CT",-0.027949266619325,4.19837821767454,0.699276402278798,0.403600429228863,0.735938160757278,0.735938160757278,"plaq_d"
"1842","TMEM131","Exc L6 CT",0.0253433786763003,7.51491205021237,6.10379927084145,0.0139674929286096,0.138196582955508,0.138196582955508,"plaq_d"
"1843","INPP4A","Exc L6 CT",0.0201488412267369,7.87796800205156,4.5225142084618,0.0341544567396983,0.2238040587113,0.2238040587113,"plaq_d"
"1844","COA5","Exc L6 CT",0.0165800254576035,4.01036225369743,0.337743029644955,0.56151087993699,0.838424628348278,0.838424628348278,"plaq_d"
"1845","UNC50","Exc L6 CT",0.00596405654054994,4.31799746436447,0.0547879979573627,0.815069470737628,0.960477783484598,0.960477783484598,"plaq_d"
"1846","MGAT4A","Exc L6 CT",0.0536277866223295,6.71308482563246,12.7111088444705,0.000414264332744268,0.0158610354632619,0.0158610354632619,"plaq_d"
"1847","KIAA1211L","Exc L6 CT",0.0210348643719504,8.46563122730486,2.0664500521112,0.151469685057662,0.472033482784221,0.472033482784221,"plaq_d"
"1848","TSGA10","Exc L6 CT",0.023919976256748,6.47278994856857,1.88390009331648,0.170774963210071,0.498191943976348,0.498191943976348,"plaq_d"
"1849","AC079447.1","Exc L6 CT",0.025432653075626,7.1404059350112,3.9980945331801,0.0463283293998359,0.263405462101121,0.263405462101121,"plaq_d"
"1850","MITD1","Exc L6 CT",0.0138237048155863,4.33992321260028,0.289861723601467,0.590653148110525,0.856067189959118,0.856067189959118,"plaq_d"
"1851","LYG2","Exc L6 CT",-0.0113859518100294,2.64570744272355,0.0376059869367346,0.846349543659929,0.971364821464102,0.971364821464102,"plaq_d"
"1852","LYG1","Exc L6 CT",0.00771245283062592,2.616462231691,0.0205814648621232,0.931805853318029,0.994534183301182,0.994534183301182,"plaq_d"
"1853","TXNDC9","Exc L6 CT",-0.0174233077976543,3.5916722055646,0.256983089865281,0.612521306844189,0.868412126583509,0.868412126583509,"plaq_d"
"1854","EIF5B","Exc L6 CT",-0.0244776630550404,5.76686198563169,2.13290535663739,0.145068968583747,0.461587010553896,0.461587010553896,"plaq_d"
"1855","REV1","Exc L6 CT",0.0102431884599781,6.82433288020683,0.805200194025169,0.370163138160371,0.709664207878106,0.709664207878106,"plaq_d"
"1856","AFF3","Exc L6 CT",0.018753864257404,10.4167388723668,3.74088116521167,0.0539064344875234,0.285622757041732,0.285622757041732,"plaq_d"
"1857","AC092667.1","Exc L6 CT",-0.0561892681506172,1.73356106117695,0.376362788773339,0.539956809747418,0.82632276316826,0.82632276316826,"plaq_d"
"1858","LONRF2","Exc L6 CT",0.0408640171513116,7.75535956075109,11.5529563420327,0.000754817374884796,0.0235966087377658,0.0235966087377658,"plaq_d"
"1859","CHST10","Exc L6 CT",-9.59180732229505e-05,3.90648675723901,6.44536696841798e-06,0.997975808475341,0.999906738276838,0.999906738276838,"plaq_d"
"1860","PDCL3","Exc L6 CT",-0.057020628251641,1.93244466070188,0.537938006109598,0.463782059631804,0.778159269284318,0.778159269284318,"plaq_d"
"1861","NPAS2","Exc L6 CT",-0.0038736084693399,6.84362543328038,0.0350211106726034,0.851660424294782,0.973906066260043,0.973906066260043,"plaq_d"
"1862","RPL31","Exc L6 CT",-0.0392568223165878,5.48389429516275,1.61978066057936,0.203971525288427,0.539547106295375,0.539547106295375,"plaq_d"
"1863","TBC1D8","Exc L6 CT",0.0100354682599414,6.31541188321992,0.430277024774582,0.686909064875331,0.901763897313995,0.901763897313995,"plaq_d"
"1864","CNOT11","Exc L6 CT",-0.0540235761262541,4.16274304853291,3.23893141022712,0.0727730861036337,0.330482796747467,0.330482796747467,"plaq_d"
"1865","RNF149","Exc L6 CT",-0.00558270321436951,6.72528563875942,0.189702620820374,0.663434108126017,0.892003344375128,0.892003344375128,"plaq_d"
"1866","CREG2","Exc L6 CT",0.0207304220734697,6.64374709168934,1.03145119822515,0.310523235957723,0.655179906910066,0.655179906910066,"plaq_d"
"1867","RFX8","Exc L6 CT",-0.0461010057669974,2.93315180466966,0.809578540433899,0.368866719704659,0.708882455678055,0.708882455678055,"plaq_d"
"1868","MAP4K4","Exc L6 CT",0.0176422662401255,7.14362260191854,1.88497766227396,0.170653012904719,0.498174801200742,0.498174801200742,"plaq_d"
"1869","IL1RL2","Exc L6 CT",-0.0327688896950579,3.40511790030633,0.521196994142083,0.470816056390228,0.783477973389634,0.783477973389634,"plaq_d"
"1870","MFSD9","Exc L6 CT",0.00301208139462044,2.95661935258245,0.00370906422668274,0.951472127950889,0.99802142424354,0.99802142424354,"plaq_d"
"1871","TMEM182","Exc L6 CT",0.0314065566651152,3.67052635193512,0.658527853383503,0.417634519940797,0.746439431003449,0.746439431003449,"plaq_d"
"1872","LINC01102","Exc L6 CT",-0.0284246816069755,4.94060633804764,0.968255658267436,0.325798830858339,0.670507500934474,0.670507500934474,"plaq_d"
"1873","LINC01103","Exc L6 CT",0.0516450719220597,2.09073419877341,0.566236441528114,0.452266740343937,0.772852271959037,0.772852271959037,"plaq_d"
"1874","LINC01114","Exc L6 CT",-0.0225827851650136,2.37214614953931,0.128559565800362,0.720147521238207,0.917861329415248,0.917861329415248,"plaq_d"
"1875","POU3F3","Exc L6 CT",-0.0124169618187014,3.85124038296184,0.116805309913108,0.732731726090313,0.925136461041585,0.925136461041585,"plaq_d"
"1876","AC010884.1","Exc L6 CT",0.0821333965984974,3.63631680337748,3.06286990032809,0.0809808932766734,0.349775259409238,0.349775259409238,"plaq_d"
"1877","MRPS9","Exc L6 CT",-0.0306938899559088,5.28336009810516,2.73631179758507,0.0989920614774615,0.386307865825301,0.386307865825301,"plaq_d"
"1878","TGFBRAP1","Exc L6 CT",-0.0165321279039693,5.00306406410723,0.568141355480392,0.451507825148719,0.772143816920998,0.772143816920998,"plaq_d"
"1879","AC012360.3","Exc L6 CT",-0.140606873956736,2.0352318054648,3.49301135985173,0.0624677374564426,0.307763705825786,0.307763705825786,"plaq_d"
"1880","C2orf49","Exc L6 CT",0.029758080888373,3.90720008952507,0.965805157624991,0.326410947251484,0.671321638410685,0.671321638410685,"plaq_d"
"1881","FHL2","Exc L6 CT",-0.0354579045712786,5.43260419013839,2.23987685565625,0.135397550953699,0.448309859016269,0.448309859016269,"plaq_d"
"1882","NCK2","Exc L6 CT",0.0198689692377954,6.7434814296122,1.91653054675266,0.167126186111073,0.493690631227333,0.493690631227333,"plaq_d"
"1883","C2orf40","Exc L6 CT",0.00369985272839442,2.73688385686872,0.00513204869807461,0.942930873881635,0.997507548890635,0.997507548890635,"plaq_d"
"1884","UXS1","Exc L6 CT",-0.00911759506792436,6.42062906126269,0.368131052258002,0.578164481875081,0.849311824599354,0.849311824599354,"plaq_d"
"1885","RGPD3","Exc L6 CT",0.0294320283752026,2.22059957783311,0.204678061226792,0.822300625125142,0.963694415288182,0.963694415288182,"plaq_d"
"1886","ST6GAL2","Exc L6 CT",-0.0110471616501142,7.29513456962256,0.321031895969708,0.571353199123875,0.844476453243049,0.844476453243049,"plaq_d"
"1887","LINC01885","Exc L6 CT",-0.0507156972456645,3.2108688897493,0.511152897387292,0.475119275043142,0.787362390183155,0.787362390183155,"plaq_d"
"1888","GCC2","Exc L6 CT",0.0293765342493187,6.9639371854878,4.82087771640383,0.0287762891215378,0.203262937165379,0.203262937165379,"plaq_d"
"1889","GCC2-AS1","Exc L6 CT",-0.0718602072978063,2.82593680816105,1.27745289215266,0.259151109510874,0.606427076157111,0.606427076157111,"plaq_d"
"1890","LIMS1","Exc L6 CT",0.0295549594851122,5.75652823788113,1.90420839696654,0.168493418309313,0.495174680588044,0.495174680588044,"plaq_d"
"1891","RANBP2","Exc L6 CT",0.020482737683183,6.53236339250694,2.74473452456661,0.0984760431176118,0.384949510593446,0.384949510593446,"plaq_d"
"1892","CCDC138","Exc L6 CT",0.0190306280487382,6.38229030240875,1.39602616211704,0.23819638813365,0.583043456557108,0.583043456557108,"plaq_d"
"1893","SH3RF3","Exc L6 CT",0.00976418881979991,7.91000792610298,0.384012651530882,0.535868805262731,0.823332214029863,0.823332214029863,"plaq_d"
"1894","RGPD5","Exc L6 CT",-0.004404959408856,2.07538883131578,0.00242577417158109,0.960746591804628,0.998742420766286,0.998742420766286,"plaq_d"
"1895","NPHP1","Exc L6 CT",0.00947382588807457,5.39373982200409,0.182560616554062,0.669445953003071,0.894479014664119,0.894479014664119,"plaq_d"
"1896","SMIM37","Exc L6 CT",0.0338677473923009,3.49199570813179,0.735047128674153,0.391841795126234,0.725524692300612,0.725524692300612,"plaq_d"
"1897","LINC01106","Exc L6 CT",-0.023040441513705,3.96561508951606,0.373680036155908,0.541404004415224,0.827569765084047,0.827569765084047,"plaq_d"
"1898","ACOXL","Exc L6 CT",-0.108128639651815,2.20547132936648,2.68537422047897,0.102176647302316,0.392399183124026,0.392399183124026,"plaq_d"
"1899","MIR4435-2HG","Exc L6 CT",-0.0342963425778742,7.6102134987344,3.45045392886938,0.0640784474130146,0.311015957167147,0.311015957167147,"plaq_d"
"1900","AC017002.5","Exc L6 CT",-0.0592796777555801,2.28816898528274,0.790874097055173,0.419305759272603,0.747177396181539,0.747177396181539,"plaq_d"
"1901","ANAPC1","Exc L6 CT",0.00204348158471428,6.16417060669411,0.0237891220348133,0.87751204808828,0.981277572580195,0.981277572580195,"plaq_d"
"1902","MERTK","Exc L6 CT",0.134194681173127,2.86642296477942,2.43851664286214,0.119296514231581,0.421939343547451,0.421939343547451,"plaq_d"
"1903","TMEM87B","Exc L6 CT",-0.0184401266081194,4.45840056580033,0.472488728835146,0.655927328014463,0.888155355412506,0.888155355412506,"plaq_d"
"1904","FBLN7","Exc L6 CT",0.100675559090809,2.12526620054925,0.973663917947644,0.32445326953424,0.668885760878552,0.668885760878552,"plaq_d"
"1905","ZC3H8","Exc L6 CT",-0.00934313421712357,5.49296367029745,0.233910460028666,0.628943323571528,0.876406568011794,0.876406568011794,"plaq_d"
"1906","ZC3H6","Exc L6 CT",0.0449352719127905,6.4100718862635,8.91371017356797,0.00303064953897974,0.0579643875872887,0.0579643875872887,"plaq_d"
"1907","RGPD8","Exc L6 CT",-0.0266050308147022,4.02602442537327,0.742740399689831,0.389377562547815,0.72347436634465,0.72347436634465,"plaq_d"
"1908","TTL","Exc L6 CT",0.007513139848249,6.17551581303375,0.173338312178388,0.677418337441387,0.896347415001378,0.896347415001378,"plaq_d"
"1909","POLR1B","Exc L6 CT",-0.091935082529963,3.68769362076518,6.21748036541658,0.0131130630253416,0.133788557982153,0.133788557982153,"plaq_d"
"1910","AC079922.2","Exc L6 CT",-0.147416101071466,2.07322314511417,4.20838556340119,0.0409722953351456,0.246175777815007,0.246175777815007,"plaq_d"
"1911","SLC20A1","Exc L6 CT",-0.0425377123421977,4.53247733946914,2.69870467758111,0.101332513754971,0.390466506428416,0.390466506428416,"plaq_d"
"1912","PSD4","Exc L6 CT",0.0895437932162698,1.65697398234532,0.988489531210451,0.320802234113367,0.665360749502382,0.665360749502382,"plaq_d"
"1913","PAX8","Exc L6 CT",0.0553064897253163,1.59416925861022,0.278826183304279,0.597807959266595,0.859003695660694,0.859003695660694,"plaq_d"
"1914","CBWD2","Exc L6 CT",0.00279354111589175,5.03130591359232,0.0123920392764071,0.911427103140504,0.989796215200574,0.989796215200574,"plaq_d"
"1915","RABL2A","Exc L6 CT",0.00551741201659193,5.52885314639613,0.0763166389755095,0.782516370256646,0.948441504880048,0.948441504880048,"plaq_d"
"1916","AC017074.1","Exc L6 CT",0.101404121895782,1.99600134959045,1.62149020977285,0.203733551665537,0.539541613277606,0.539541613277606,"plaq_d"
"1917","SLC35F5","Exc L6 CT",0.0188780248150897,6.10507935855633,1.31126357695837,0.252952468332941,0.600459646957798,0.600459646957798,"plaq_d"
"1918","AC104653.1","Exc L6 CT",-0.0425893904771895,2.08655409643807,0.358032387698327,0.549990048811333,0.831593351697929,0.831593351697929,"plaq_d"
"1919","ACTR3","Exc L6 CT",0.0195314751899874,5.65402222568686,1.31393066422353,0.252471338937112,0.600083178336106,0.600083178336106,"plaq_d"
"1920","DPP10","Exc L6 CT",0.0475711320446564,12.5297876398744,16.3890835801303,6.36047186803999e-05,0.00471986355733524,0.00471986355733524,"plaq_d"
"1921","DPP10-AS3","Exc L6 CT",0.0261281588951158,3.64998291740938,0.406233192601441,0.52430646343689,0.817207495258297,0.817207495258297,"plaq_d"
"1922","DPP10-AS1","Exc L6 CT",0.013576809120591,4.38813252379417,0.178314278377844,0.673086562965646,0.895548968504857,0.895548968504857,"plaq_d"
"1923","AC009312.1","Exc L6 CT",0.0691345049410417,1.98356330603056,0.912155753246059,0.340205660128471,0.6841179889942,0.6841179889942,"plaq_d"
"1924","DDX18","Exc L6 CT",0.000882778063395678,5.33720898825676,0.00174956173270641,0.96665997702,0.998742420766286,0.998742420766286,"plaq_d"
"1925","AC009404.1","Exc L6 CT",-0.0236635899687107,3.19509517175016,0.286940587340219,0.592529757526524,0.856624615439576,0.856624615439576,"plaq_d"
"1926","CCDC93","Exc L6 CT",-0.0303330053559569,5.97106203301539,3.37724877818152,0.0669541595141911,0.316917618690353,0.316917618690353,"plaq_d"
"1927","AC009303.2","Exc L6 CT",-0.109347589714791,2.02862951217841,2.45764025246558,0.117862661765377,0.41978002938505,0.41978002938505,"plaq_d"
"1928","INSIG2","Exc L6 CT",0.0280142284872927,5.00319548378479,1.88322705738445,0.170851182787665,0.498191943976348,0.498191943976348,"plaq_d"
"1929","C2orf76","Exc L6 CT",0.00616876225022631,3.88639199881268,0.0321293242378501,0.85784837353904,0.975403616260013,0.975403616260013,"plaq_d"
"1930","DBI","Exc L6 CT",0.122517944079687,3.29121285737852,8.91293299613278,0.00303190691430776,0.0579643875872887,0.0579643875872887,"plaq_d"
"1931","CFAP221","Exc L6 CT",-0.0247527366181774,5.84199647147208,1.58377571877919,0.209060830017972,0.545619961736535,0.545619961736535,"plaq_d"
"1932","TMEM177","Exc L6 CT",-0.0648808432825146,2.76617078653277,1.81577044063858,0.17869370210488,0.508897039664067,0.508897039664067,"plaq_d"
"1933","PTPN4","Exc L6 CT",0.0414892915423828,8.17852035690901,21.5311710855654,4.93623481210031e-06,0.000845976623273762,0.000845976623273762,"plaq_d"
"1934","EPB41L5","Exc L6 CT",0.00393740997668823,6.52725042692795,0.0676536137433999,0.882926673910194,0.983592206016137,0.983592206016137,"plaq_d"
"1935","AC012363.1","Exc L6 CT",0.0443887376036838,3.25266452048805,1.06614645878668,0.302534124697858,0.648589912010478,0.648589912010478,"plaq_d"
"1936","RALB","Exc L6 CT",0.0507616720471803,4.17475824574158,2.94819425979128,0.0868628024335763,0.361200723233323,0.361200723233323,"plaq_d"
"1937","CLASP1","Exc L6 CT",0.032431751036524,8.51893619310043,18.6068216753926,2.09513126493876e-05,0.00219815984535081,0.00219815984535081,"plaq_d"
"1938","NIFK-AS1","Exc L6 CT",-0.0139390947899811,5.49227400343435,0.530020338672695,0.467087593744633,0.781428587977656,0.781428587977656,"plaq_d"
"1939","NIFK","Exc L6 CT",0.0147150010988639,3.41433940623708,0.162035816593356,0.687536075355088,0.90212310849421,0.90212310849421,"plaq_d"
"1940","TSN","Exc L6 CT",-0.03449293688646,5.05061638669215,2.92388689460613,0.0881682427156717,0.363637207825886,0.363637207825886,"plaq_d"
"1941","AC079154.1","Exc L6 CT",-0.0219065159797168,2.99848234088866,0.192323960022746,0.661261372591019,0.890764276892284,0.890764276892284,"plaq_d"
"1942","CNTNAP5","Exc L6 CT",0.0124120208567276,10.2528936253847,0.749367765835064,0.387272520283429,0.721798964526184,0.721798964526184,"plaq_d"
"1943","AC012508.1","Exc L6 CT",-0.0558388558901122,2.44692182174452,0.915423925646929,0.372619267079306,0.710955389314004,0.710955389314004,"plaq_d"
"1944","BIN1","Exc L6 CT",0.00601135150298832,5.91516878968342,0.116387780779582,0.733191511620678,0.925206475571347,0.925206475571347,"plaq_d"
"1945","ERCC3","Exc L6 CT",-0.0150566879303461,5.28456645381977,0.696668874219381,0.404477556023221,0.736511370669148,0.736511370669148,"plaq_d"
"1946","MAP3K2","Exc L6 CT",0.0197399038086892,6.71208351427192,2.38390903227352,0.123498775291807,0.428716751652001,0.428716751652001,"plaq_d"
"1947","AC068282.1","Exc L6 CT",-0.0287059371966723,2.29605417070541,0.217675882758968,0.641108280617892,0.880644525728282,0.880644525728282,"plaq_d"
"1948","IWS1","Exc L6 CT",-0.0186101603397594,5.82984405331385,1.13725389860934,0.328760446045139,0.673509183210693,0.673509183210693,"plaq_d"
"1949","AC010976.1","Exc L6 CT",-0.0936768109660358,2.14406793828603,1.95636316203811,0.166190709533892,0.492178863289428,0.492178863289428,"plaq_d"
"1950","WDR33","Exc L6 CT",0.00175955246574029,6.60653281222123,0.0211204436565025,0.884535410491472,0.984214853102121,0.984214853102121,"plaq_d"
"1951","POLR2D","Exc L6 CT",0.0220849482861499,3.88818683061728,0.480705113164203,0.588625539875498,0.854987442756975,0.854987442756975,"plaq_d"
"1952","AMMECR1L","Exc L6 CT",-0.044120084602511,3.77349857258364,1.73740278275277,0.188334704798178,0.521434876041272,0.521434876041272,"plaq_d"
"1953","AC012306.2","Exc L6 CT",0.00843329728761234,2.16680351200016,0.0167330699702598,0.897150359924585,0.986400474577166,0.986400474577166,"plaq_d"
"1954","SAP130","Exc L6 CT",0.012869667889201,5.41715827728857,0.472811222172096,0.492154474626051,0.798136286664035,0.798136286664035,"plaq_d"
"1955","UGGT1","Exc L6 CT",0.033430780582147,5.70385961639717,4.32034690627803,0.0383911252119259,0.23750693534632,0.23750693534632,"plaq_d"
"1956","HS6ST1","Exc L6 CT",0.0550299320403233,4.87785772150523,6.19964765609486,0.0132434367415029,0.134451703336161,0.134451703336161,"plaq_d"
"1957","CCDC74B","Exc L6 CT",-0.0139160724146179,1.98827990738092,0.0325325495527666,0.85696874635466,0.975107136969453,0.975107136969453,"plaq_d"
"1958","SMPD4","Exc L6 CT",-0.00213162533646693,5.78898905546052,0.0129641100701528,0.909414359876004,0.989478998057174,0.989478998057174,"plaq_d"
"1959","MZT2B","Exc L6 CT",-0.0177480832699299,5.08999027034849,0.599593584595083,0.439258590547176,0.761783721180237,0.761783721180237,"plaq_d"
"1960","CCDC115","Exc L6 CT",0.0710930770333228,3.39026335633337,3.7475922370395,0.0536927977325748,0.285330939888574,0.285330939888574,"plaq_d"
"1961","IMP4","Exc L6 CT",-0.0235936389396848,3.33038803454293,0.408329014194165,0.595828956579931,0.858689494650216,0.858689494650216,"plaq_d"
"1962","PTPN18","Exc L6 CT",-0.0200592365238981,5.1000056911321,1.0191513375128,0.313421406991472,0.657823964870861,0.657823964870861,"plaq_d"
"1963","AMER3","Exc L6 CT",0.0412221107019324,4.01964129054268,2.14171873916535,0.154067733369841,0.475001697369973,0.475001697369973,"plaq_d"
"1964","ARHGEF4","Exc L6 CT",0.0156439153795711,6.76842371562665,1.56851342637468,0.211263552527099,0.548793646827223,0.548793646827223,"plaq_d"
"1965","FAM168B","Exc L6 CT",0.0348227142493736,6.19692193378639,6.42183721457463,0.0117102478386971,0.125825343434121,0.125825343434121,"plaq_d"
"1966","PLEKHB2","Exc L6 CT",0.0302090215717376,5.69743032450254,3.47245774735854,0.0632401680276795,0.309451209696286,0.309451209696286,"plaq_d"
"1967","MZT2A","Exc L6 CT",-0.0508703711359904,5.04129337156754,4.60108634158139,0.0326431021935698,0.218877549687299,0.218877549687299,"plaq_d"
"1968","CCDC74A","Exc L6 CT",-0.0400044033688438,2.58572324020154,0.525541001525073,0.468974448349857,0.782221777134114,0.782221777134114,"plaq_d"
"1969","AJ239322.1","Exc L6 CT",-0.115584459633199,3.15828602849183,1.86052188060701,0.173445622952238,0.501390198397676,0.501390198397676,"plaq_d"
"1970","LINC01945","Exc L6 CT",-0.0545421175604121,3.21045380810725,0.478990647189587,0.489341119060007,0.795676420510466,0.795676420510466,"plaq_d"
"1971","ANKRD30BL","Exc L6 CT",0.0294177223627533,7.73320726313196,1.10116968736648,0.294737339218478,0.642338629408766,0.642338629408766,"plaq_d"
"1972","AC097532.2","Exc L6 CT",0.0015178335693372,1.96404714231695,0.000486163489147123,0.98242140639135,0.999571689696322,0.999571689696322,"plaq_d"
"1973","GPR39","Exc L6 CT",-0.147266348778132,2.79388116905777,4.81465291968814,0.0288789308497345,0.203694800839185,0.203694800839185,"plaq_d"
"1974","AC010890.1","Exc L6 CT",-0.125967844187456,2.26935638350027,2.9964136677914,0.0843348993913573,0.355971264960163,0.355971264960163,"plaq_d"
"1975","MGAT5","Exc L6 CT",0.000853276136377198,6.67273300909117,0.0032909610046603,0.954285836733869,0.998216253735524,0.998216253735524,"plaq_d"
"1976","TMEM163","Exc L6 CT",0.00526567420898002,6.40657332082499,0.0632325254007904,0.801606218929192,0.955687215544898,0.955687215544898,"plaq_d"
"1977","CCNT2-AS1","Exc L6 CT",0.0135692613452834,5.51757148545465,0.243791198318228,0.621792521958069,0.872193817218002,0.872193817218002,"plaq_d"
"1978","ACMSD","Exc L6 CT",0.00773072465473535,2.05349652577114,0.018961233760215,0.890557272868305,0.984904368079323,0.984904368079323,"plaq_d"
"1979","CCNT2","Exc L6 CT",-0.00668492951901266,6.17480903585555,0.204897026168069,0.651078707563154,0.885163226792997,0.885163226792997,"plaq_d"
"1980","MAP3K19","Exc L6 CT",-0.203347932587526,1.89817470441752,6.01254022313348,0.0146949514983284,0.142552912243892,0.142552912243892,"plaq_d"
"1981","RAB3GAP1","Exc L6 CT",0.0100180710849778,7.22138087252545,0.729612622601241,0.393596053496462,0.726996251749432,0.726996251749432,"plaq_d"
"1982","ZRANB3","Exc L6 CT",-0.0209713673039266,6.56072314914872,1.96045712078035,0.162354835723922,0.48708911624913,0.48708911624913,"plaq_d"
"1983","R3HDM1","Exc L6 CT",0.0249267859150149,9.07325971802752,4.76325014986949,0.0297413041926406,0.207038595337164,0.207038595337164,"plaq_d"
"1984","UBXN4","Exc L6 CT",-0.00487597144289138,6.74339754040611,0.174645456982024,0.711261536716382,0.913083741980474,0.913083741980474,"plaq_d"
"1985","MCM6","Exc L6 CT",0.0254044167588326,3.58804733276047,0.515375491451057,0.473302434884219,0.785345994996913,0.785345994996913,"plaq_d"
"1986","DARS","Exc L6 CT",-0.0261349736738478,5.36784793733429,1.69800133991047,0.316786439162849,0.661481262809038,0.661481262809038,"plaq_d"
"1987","THSD7B","Exc L6 CT",-0.031115385159848,2.55719716088726,0.153889024565264,0.695086239591846,0.906353633810656,0.906353633810656,"plaq_d"
"1988","HNMT","Exc L6 CT",-0.0264082381601508,4.3215500657188,0.758554835718737,0.384381235627061,0.719102865569962,0.719102865569962,"plaq_d"
"1989","AC114763.1","Exc L6 CT",-0.0938321785082461,2.35852693277036,1.7387909665538,0.188158733049532,0.521434876041272,0.521434876041272,"plaq_d"
"1990","SPOPL","Exc L6 CT",0.0017872099264423,5.83726760096177,0.0113782201227044,0.915113212346434,0.99070421132938,0.99070421132938,"plaq_d"
"1991","NXPH2","Exc L6 CT",0.0429623457070373,4.38138243138073,0.859680423550523,0.354470365587877,0.697344122584912,0.697344122584912,"plaq_d"
"1992","LRP1B","Exc L6 CT",0.0289897947778932,13.0863719825136,7.80463804580391,0.00549948968225306,0.0820974204211275,0.0820974204211275,"plaq_d"
"1993","ARHGAP15","Exc L6 CT",0.0413147946303906,2.21845745326213,0.229707637414916,0.632041562368718,0.876915028128379,0.876915028128379,"plaq_d"
"1994","AC092652.2","Exc L6 CT",-0.0104555116390057,3.16624063625502,0.0401999405908473,0.841207217457479,0.969513185327633,0.969513185327633,"plaq_d"
"1995","AC016910.1","Exc L6 CT",-0.130263590595114,1.98035499092978,3.31337360838378,0.0839316177853476,0.354914492497033,0.354914492497033,"plaq_d"
"1996","GTDC1","Exc L6 CT",0.0216202205365424,8.39343777921854,3.45494992304143,0.0639062010259352,0.310703704819103,0.310703704819103,"plaq_d"
"1997","ZEB2","Exc L6 CT",0.0482482552502382,7.96769737341055,12.5790268561792,0.000443483315072489,0.0163702200097014,0.0163702200097014,"plaq_d"
"1998","TEX41","Exc L6 CT",-0.0483017696967511,3.39768313761677,0.601620729859343,0.438486788308576,0.76081183614442,0.76081183614442,"plaq_d"
"1999","ACVR2A","Exc L6 CT",0.0157055002200424,6.50735016851578,1.15464856059231,0.283322202618787,0.629742946699633,0.629742946699633,"plaq_d"
"2000","ORC4","Exc L6 CT",-0.000584402148368929,6.44545471714045,0.00191815295206452,0.965091543908938,0.998742420766286,0.998742420766286,"plaq_d"
"2001","MBD5","Exc L6 CT",0.00713129042936228,9.09039188245132,0.846939905835836,0.358056599218302,0.700664120666889,0.700664120666889,"plaq_d"
"2002","EPC2","Exc L6 CT",0.0207050929459808,6.37190438068469,1.87990741747999,0.171227697611089,0.49888563748416,0.49888563748416,"plaq_d"
"2003","AC105402.3","Exc L6 CT",0.0599069367660208,6.87110888367852,1.21874071794553,0.270370255135207,0.618110489548646,0.618110489548646,"plaq_d"
"2004","KIF5C","Exc L6 CT",0.00727322877082976,8.12514073216192,0.500458742200248,0.479771831048921,0.789438253489571,0.789438253489571,"plaq_d"
"2005","MMADHC","Exc L6 CT",-0.00554747019746373,3.75813203774992,0.035245270605552,0.851191991375421,0.973679770189954,0.973679770189954,"plaq_d"
"2006","AC007364.1","Exc L6 CT",0.066775485301969,4.18563340229661,3.21926184884736,0.0736438354893185,0.332343779217627,0.332343779217627,"plaq_d"
"2007","RIF1","Exc L6 CT",0.0129436092389087,6.18964612638229,0.775607537851864,0.478604623266474,0.789344129491849,0.789344129491849,"plaq_d"
"2008","NEB","Exc L6 CT",-0.0178479987759574,2.67513793124843,0.087623655660044,0.767396667089895,0.941249247629388,0.941249247629388,"plaq_d"
"2009","ARL5A","Exc L6 CT",0.0380377688176574,4.45972513696596,2.13729728979729,0.144656869339445,0.461235944852856,0.461235944852856,"plaq_d"
"2010","CACNB4","Exc L6 CT",-0.0083975409795216,7.84820602524283,0.41716381288336,0.518781070404773,0.813391557803297,0.813391557803297,"plaq_d"
"2011","STAM2","Exc L6 CT",0.00559552590865919,5.72792175043052,0.107996442768427,0.742634338867023,0.929891618885767,0.929891618885767,"plaq_d"
"2012","FMNL2","Exc L6 CT",0.00425373143018232,9.27796082256259,0.135475587715273,0.713044626815867,0.914100492018044,0.914100492018044,"plaq_d"
"2013","PRPF40A","Exc L6 CT",-0.0147454644510268,6.16455414179087,1.09049418609832,0.297086170118224,0.644938202016231,0.644938202016231,"plaq_d"
"2014","ARL6IP6","Exc L6 CT",-0.00902796534017697,5.08792928814572,0.186242566193746,0.666329552718943,0.893478550445554,0.893478550445554,"plaq_d"
"2015","RPRM","Exc L6 CT",0.0570201591231322,5.81475709162257,3.41408840168884,0.0654900727269852,0.314151205398468,0.314151205398468,"plaq_d"
"2016","GALNT13","Exc L6 CT",0.0225688429407667,7.65417940920783,1.71144324522451,0.191661152342539,0.525252988601408,0.525252988601408,"plaq_d"
"2017","KCNJ3","Exc L6 CT",0.0437748191366489,8.56790073645167,20.2642901680657,9.2111263530925e-06,0.00120254585066794,0.00120254585066794,"plaq_d"
"2018","LINC01876","Exc L6 CT",-0.0509062007878767,2.88526700850033,0.227978428682081,0.633326431074006,0.877767141786983,0.877767141786983,"plaq_d"
"2019","NR4A2","Exc L6 CT",-0.0573022891616739,2.61570001104362,0.927887248144272,0.336081009915398,0.680678231298298,0.680678231298298,"plaq_d"
"2020","GPD2","Exc L6 CT",0.0305194008539007,5.54798095443066,2.09025505358963,0.14914076582563,0.468681612055395,0.468681612055395,"plaq_d"
"2021","ACVR1","Exc L6 CT",-0.0658217341840203,4.24534847120519,5.232689857382,0.0227654037503177,0.180170836937644,0.180170836937644,"plaq_d"
"2022","UPP2","Exc L6 CT",-0.000399325108909559,7.02687321374363,0.000391734633531711,0.98422040709041,0.999571689696322,0.999571689696322,"plaq_d"
"2023","CCDC148-AS1","Exc L6 CT",-0.0402497710099455,1.99604727100926,0.224676452077953,0.635796650303153,0.878269581788608,0.878269581788608,"plaq_d"
"2024","CCDC148","Exc L6 CT",-0.00581208904301583,6.1308861460279,0.0879504176929218,0.766975940661254,0.941167531982691,0.941167531982691,"plaq_d"
"2025","PKP4","Exc L6 CT",0.0227129568341421,8.79153300150651,5.63625505145042,0.0181344674652815,0.158807606651033,0.158807606651033,"plaq_d"
"2026","WDSUB1","Exc L6 CT",-0.0288245734006779,5.80011191984113,2.44497906414993,0.118809818270383,0.421069951703702,0.421069951703702,"plaq_d"
"2027","BAZ2B","Exc L6 CT",0.0417063989324406,7.32913316625703,12.6787020625551,0.000421247436751983,0.015958626577583,0.015958626577583,"plaq_d"
"2028","AC009961.1","Exc L6 CT",0.0176789467993754,4.57382953248328,0.413276856982143,0.520734065354,0.814468689813588,0.814468689813588,"plaq_d"
"2029","MARCH7","Exc L6 CT",0.0179370627718392,6.40658029939282,1.66902908694531,0.197245443020674,0.532313004787661,0.532313004787661,"plaq_d"
"2030","PLA2R1","Exc L6 CT",0.0385437024977037,5.09648286882753,2.31052623405289,0.129408042417183,0.438652738082827,0.438652738082827,"plaq_d"
"2031","LINC02478","Exc L6 CT",-0.0645127994141809,1.94053309457697,0.663749198437837,0.415796308111689,0.745202733125852,0.745202733125852,"plaq_d"
"2032","RBMS1","Exc L6 CT",0.0223915732853924,6.79253573246298,1.95009856573164,0.163465756430171,0.488718953828574,0.488718953828574,"plaq_d"
"2033","TANK","Exc L6 CT",0.0471178030535827,6.1085092096485,9.34957983715801,0.00240296272121474,0.0494186447637248,0.0494186447637248,"plaq_d"
"2034","PSMD14","Exc L6 CT",0.017915221507068,6.34989609001368,1.60525146575679,0.206007360379599,0.541875015535302,0.541875015535302,"plaq_d"
"2035","TBR1","Exc L6 CT",0.0653138887363029,4.79650176361444,6.00667900811408,0.0147429923262642,0.142634487586626,0.142634487586626,"plaq_d"
"2036","SLC4A10","Exc L6 CT",0.0346282543970458,9.61158408613447,17.7530568622112,3.20777137513401e-05,0.00292272637445754,0.00292272637445754,"plaq_d"
"2037","DPP4","Exc L6 CT",0.0423573239303351,4.96159894318125,1.27854523707671,0.258947924658453,0.606240807222783,0.606240807222783,"plaq_d"
"2038","FAP","Exc L6 CT",0.106187821173282,4.04423295476433,8.36438232992675,0.00406698873835013,0.0689615664043445,0.0689615664043445,"plaq_d"
"2039","IFIH1","Exc L6 CT",0.0182744409586547,2.47779245300822,0.0786710072055489,0.77927313630649,0.947280433890889,0.947280433890889,"plaq_d"
"2040","GCA","Exc L6 CT",0.038351099434905,4.83182421017322,2.61767912022231,0.106584374661506,0.400268682883364,0.400268682883364,"plaq_d"
"2041","KCNH7","Exc L6 CT",0.0461366358988484,9.83384531562115,6.46675993578116,0.0114232115105512,0.124282085428766,0.124282085428766,"plaq_d"
"2042","AC011900.1","Exc L6 CT",-0.031362230589573,3.23784257328623,0.399730547826995,0.52764336375477,0.818249913461131,0.818249913461131,"plaq_d"
"2043","FIGN","Exc L6 CT",0.032480874258942,6.44651402322875,1.86745758317231,0.172648312310623,0.499888395821344,0.499888395821344,"plaq_d"
"2044","AC016766.1","Exc L6 CT",-0.0916076461064387,2.13129150371565,1.73196390645621,0.189026013647806,0.522306812375013,0.522306812375013,"plaq_d"
"2045","GRB14","Exc L6 CT",0.139461929549117,2.66939025131665,5.54846206498265,0.0190509707074922,0.163443250479772,0.163443250479772,"plaq_d"
"2046","AC019197.1","Exc L6 CT",0.00323285968533512,3.10070470301413,0.00854067554461577,0.926420853535508,0.993796915610818,0.993796915610818,"plaq_d"
"2047","SLC38A11","Exc L6 CT",0.0225618880144597,1.49050922685065,0.0356947613044741,0.85025730361314,0.973061012674499,0.973061012674499,"plaq_d"
"2048","SCN3A","Exc L6 CT",0.0086120316364346,8.05664076714485,0.707981275296005,0.481394660735969,0.791170129448454,0.791170129448454,"plaq_d"
"2049","SCN2A","Exc L6 CT",0.0329455805540022,8.99130123558994,19.7469957943191,1.18957949966996e-05,0.00145696161176745,0.00145696161176745,"plaq_d"
"2050","CSRNP3","Exc L6 CT",0.0353757972236772,8.83247225999897,12.8643663134238,0.000382796823316792,0.015143466518761,0.015143466518761,"plaq_d"
"2051","GALNT3","Exc L6 CT",0.0958913699702405,2.65706658508712,2.07830353485025,0.150304899545827,0.470491266332186,0.470491266332186,"plaq_d"
"2052","AC009495.1","Exc L6 CT",0.0340704722323913,3.07942742344856,0.333335477808912,0.564074723218086,0.840074739388216,0.840074739388216,"plaq_d"
"2053","TTC21B","Exc L6 CT",0.047451856059754,6.82691883800243,14.8584189209149,0.000137994283082363,0.00776002226270977,0.00776002226270977,"plaq_d"
"2054","AC010127.1","Exc L6 CT",0.0947394401235295,3.21919995261931,1.90721649820409,0.168158464418377,0.495114451919123,0.495114451919123,"plaq_d"
"2055","SCN1A","Exc L6 CT",0.0538849382314384,7.72317052106714,11.1454480200667,0.000933469896407625,0.0264614503957922,0.0264614503957922,"plaq_d"
"2056","SCN9A","Exc L6 CT",0.00706127083371142,5.29895587754419,0.0584175143366123,0.809157111857758,0.958718597498748,0.958718597498748,"plaq_d"
"2057","SCN7A","Exc L6 CT",0.168259224024123,3.54587819609038,8.63196889390225,0.00352327824919253,0.0630859622828055,0.0630859622828055,"plaq_d"
"2058","XIRP2","Exc L6 CT",-0.168789841100572,2.27034316143717,5.9189989463902,0.0154813752204596,0.14720599582149,0.14720599582149,"plaq_d"
"2059","AC073050.1","Exc L6 CT",0.0266433222085507,8.69486631975211,4.4594717167538,0.0354201681037012,0.228229731053931,0.228229731053931,"plaq_d"
"2060","AC016723.1","Exc L6 CT",-0.0692304296786615,3.5934248464935,2.98459004932915,0.0849472700615089,0.357449218692746,0.357449218692746,"plaq_d"
"2061","B3GALT1","Exc L6 CT",0.0829500764158305,3.58057452022305,5.85071093688117,0.0160829138855396,0.149857364593028,0.149857364593028,"plaq_d"
"2062","STK39","Exc L6 CT",0.0231938641691397,7.54503424030089,3.64733415353378,0.0569804848625345,0.293695331214123,0.293695331214123,"plaq_d"
"2063","CERS6","Exc L6 CT",0.051723870777509,8.29836526147581,18.5808250597407,2.12242441305753e-05,0.00219815984535081,0.00219815984535081,"plaq_d"
"2064","FASTKD1","Exc L6 CT",0.0130089038144746,6.63796513440816,1.07619789782956,0.300269546447323,0.647107842912524,0.647107842912524,"plaq_d"
"2065","PPIG","Exc L6 CT",0.00442334074872507,6.93594317520298,0.147501247271029,0.701169207415945,0.909622462442533,0.909622462442533,"plaq_d"
"2066","CCDC173","Exc L6 CT",0.0558417326892518,2.54823578448231,0.879749635285034,0.348920392572871,0.692644507925959,0.692644507925959,"plaq_d"
"2067","KLHL23","Exc L6 CT",0.031621989621404,6.20477473668205,3.96963564161539,0.0471082059296224,0.265636401317213,0.265636401317213,"plaq_d"
"2068","SSB","Exc L6 CT",-0.0145581080291928,5.22796769806766,0.633306390556096,0.537481525273068,0.824531839207738,0.824531839207738,"plaq_d"
"2069","METTL5","Exc L6 CT",0.0308510080916653,4.46928272560328,1.32925742566088,0.274193588563484,0.621718522753177,0.621718522753177,"plaq_d"
"2070","UBR3","Exc L6 CT",0.0259044519839851,8.27360493008901,9.56265789424967,0.00214608559969286,0.0463675881431659,0.0463675881431659,"plaq_d"
"2071","MYO3B","Exc L6 CT",-0.0939623135109159,2.06929988357892,1.66921918588357,0.197219991400416,0.532313004787661,0.532313004787661,"plaq_d"
"2072","GORASP2","Exc L6 CT",-0.0447383257139682,4.70119717217927,3.82557156956636,0.0512754133059456,0.278551264132978,0.278551264132978,"plaq_d"
"2073","TLK1","Exc L6 CT",0.00349459061544558,8.12962979276024,0.0954631375878959,0.757528301978809,0.937371276885589,0.937371276885589,"plaq_d"
"2074","METTL8","Exc L6 CT",0.0271620799297895,5.48166937453007,1.57868454998145,0.209792562365628,0.546538857729927,0.546538857729927,"plaq_d"
"2075","DCAF17","Exc L6 CT",-0.0291194241359775,4.54396719864511,1.21687923743191,0.27073578780858,0.618110489548646,0.618110489548646,"plaq_d"
"2076","DYNC1I2","Exc L6 CT",-0.00506175624463625,6.89498948069212,0.133719106591423,0.714828731370122,0.914726614827047,0.914726614827047,"plaq_d"
"2077","SLC25A12","Exc L6 CT",0.0207482276016308,8.11228818451555,5.13000607135675,0.0241297206317011,0.184968827589973,0.184968827589973,"plaq_d"
"2078","HAT1","Exc L6 CT",-0.03241883365357,4.58187559168023,1.41672387476076,0.2347542602514,0.579425102462712,0.579425102462712,"plaq_d"
"2079","METAP1D","Exc L6 CT",0.0301497728616919,4.46610500455696,1.1619930528947,0.281798792210718,0.627848623274301,0.627848623274301,"plaq_d"
"2080","AC104088.1","Exc L6 CT",-0.130779240945479,1.95253072849428,2.75739817703284,0.0977057421591003,0.384229404818627,0.384229404818627,"plaq_d"
"2081","ITGA6","Exc L6 CT",0.156101486371831,3.81000877334343,6.09337022694898,0.0140487070089441,0.138714119410671,0.138714119410671,"plaq_d"
"2082","PDK1","Exc L6 CT",0.0444546445417476,5.03302911573912,2.12010900150088,0.146277255491617,0.464051702635516,0.464051702635516,"plaq_d"
"2083","RAPGEF4-AS1","Exc L6 CT",-0.0257355771079165,4.38825603153516,0.724740882404988,0.395178287087539,0.728423382959311,0.728423382959311,"plaq_d"
"2084","RAPGEF4","Exc L6 CT",0.00598427750952414,9.40767228644198,0.414646907656485,0.520044207509943,0.813844593033279,0.813844593033279,"plaq_d"
"2085","MAP3K20","Exc L6 CT",0.0133878372286674,5.25990156163648,0.223810114559908,0.63644844068746,0.878269581788608,0.878269581788608,"plaq_d"
"2086","SP3","Exc L6 CT",0.0107145237682529,5.90196177131122,0.508519497162691,0.476258092281914,0.788523461356001,0.788523461356001,"plaq_d"
"2087","OLA1","Exc L6 CT",0.0127398427246955,7.17444911649372,1.36775737322442,0.242997510568316,0.588030284441331,0.588030284441331,"plaq_d"
"2088","CIR1","Exc L6 CT",0.032250642872964,5.57244823426936,3.85342999101932,0.0504400637370128,0.275573114822784,0.275573114822784,"plaq_d"
"2089","SCRN3","Exc L6 CT",0.00691316577810407,4.8256757476283,0.0793474249646678,0.989815417421477,0.999571689696322,0.999571689696322,"plaq_d"
"2090","GPR155","Exc L6 CT",0.0539281590307369,8.15264277285985,13.9828713041214,0.000215622481117819,0.0104636077346283,0.0104636077346283,"plaq_d"
"2091","AC010894.3","Exc L6 CT",0.0479685971619609,4.34822278334768,2.685189116327,0.102188423001665,0.392399183124026,0.392399183124026,"plaq_d"
"2092","WIPF1","Exc L6 CT",0.0432590473368935,4.10567324725441,1.49798769310555,0.221808770505331,0.560746462538514,0.560746462538514,"plaq_d"
"2093","CHN1","Exc L6 CT",0.0377299260583844,10.0566344877705,11.6065219422533,0.000734070901839818,0.0231747471554518,0.0231747471554518,"plaq_d"
"2094","ATF2","Exc L6 CT",0.0335818575241736,6.77206058480595,6.79552360287107,0.009531514911571,0.112454248674937,0.112454248674937,"plaq_d"
"2095","ATP5MC3","Exc L6 CT",0.0284727431835732,4.57614796226104,1.30354671805057,0.254350938785502,0.602037523561077,0.602037523561077,"plaq_d"
"2096","LNPK","Exc L6 CT",0.0118356018755511,5.86637883709877,0.517092436311036,0.472566915607624,0.785120982929873,0.785120982929873,"plaq_d"
"2097","MTX2","Exc L6 CT",0.050109580059621,6.71858018628943,17.8431973387235,3.06643213927799e-05,0.00282976647929782,0.00282976647929782,"plaq_d"
"2098","LINC01116","Exc L6 CT",0.256381023421754,1.92483505445255,7.95299395669535,0.00507570450584399,0.0781907298243407,0.0781907298243407,"plaq_d"
"2099","AC074286.1","Exc L6 CT",0.0193641111525825,3.00396309513541,0.121240868340764,0.727902961290178,0.921869537321493,0.921869537321493,"plaq_d"
"2100","AC079305.3","Exc L6 CT",-0.0563372029541974,2.90375779911245,1.4095267026146,0.235944284943879,0.580738821195764,0.580738821195764,"plaq_d"
"2101","HNRNPA3","Exc L6 CT",0.0466763657649392,6.2779941736635,11.7199188856776,0.00069204099131388,0.0222254879181755,0.0222254879181755,"plaq_d"
"2102","NFE2L2","Exc L6 CT",-0.00862479741264867,6.38003689230933,0.31233883557968,0.576607756984799,0.848416159876079,0.848416159876079,"plaq_d"
"2103","AGPS","Exc L6 CT",0.0114546501867024,5.89980759153161,0.553348886622765,0.457454229087219,0.775664661561659,0.775664661561659,"plaq_d"
"2104","RBM45","Exc L6 CT",0.000334824767969876,4.60584979972584,0.000148548018344187,0.990282581794157,0.999571689696322,0.999571689696322,"plaq_d"
"2105","OSBPL6","Exc L6 CT",-0.0225701420973217,8.23673890848219,5.05276233501052,0.025212042771782,0.189729517899934,0.189729517899934,"plaq_d"
"2106","AC009948.1","Exc L6 CT",0.0233306485417225,5.31174592860625,1.38745457050323,0.239639850662547,0.584633857936242,0.584633857936242,"plaq_d"
"2107","PRKRA","Exc L6 CT",-0.0275543429154029,5.47150476046301,2.19563217233582,0.139306806181612,0.454340911144197,0.454340911144197,"plaq_d"
"2108","PJVK","Exc L6 CT",-0.031769944613245,3.85066696498283,0.947201476753309,0.331108275263297,0.675447744181724,0.675447744181724,"plaq_d"
"2109","PLEKHA3","Exc L6 CT",0.0440492756607654,4.99117055271227,4.45229050678037,0.0359523706381848,0.230136822609668,0.230136822609668,"plaq_d"
"2110","TTN-AS1","Exc L6 CT",0.0245992029185907,7.45495306239272,1.1957077942589,0.274937150683834,0.622913947315782,0.622913947315782,"plaq_d"
"2111","TTN","Exc L6 CT",-0.0457389047422652,2.7914376084808,0.566240768776965,0.452265014107566,0.772852271959037,0.772852271959037,"plaq_d"
"2112","SESTD1","Exc L6 CT",0.0243560427197715,7.03985141668047,3.40614012349448,0.0658030240011352,0.31450874286864,0.31450874286864,"plaq_d"
"2113","ZNF385B","Exc L6 CT",0.0412729897874692,10.2325302899937,14.6475109091612,0.000153622171221882,0.00828293923936412,0.00828293923936412,"plaq_d"
"2114","CWC22","Exc L6 CT",-0.00640503348301661,5.54771791944502,0.145165610491794,0.703431116459756,0.910090634312678,0.910090634312678,"plaq_d"
"2115","UBE2E3","Exc L6 CT",-0.00126660072557123,6.13620064316902,0.00572005557297128,0.985405571361177,0.999571689696322,0.999571689696322,"plaq_d"
"2116","LINC01934","Exc L6 CT",0.0147071716463086,2.8446575465034,0.0556930645037135,0.813576247306641,0.959862617294411,0.959862617294411,"plaq_d"
"2117","SSFA2","Exc L6 CT",0.0331504917295976,5.38257755633285,2.69514284375882,0.101557309998434,0.390924923895006,0.390924923895006,"plaq_d"
"2118","PDE1A","Exc L6 CT",0.035294341590536,9.98042091246675,6.50500917986915,0.0111845390353393,0.122816646798432,0.122816646798432,"plaq_d"
"2119","DNAJC10","Exc L6 CT",-0.0135203516778805,5.39999759554129,0.441904581695837,0.506644641114736,0.806312025096312,0.806312025096312,"plaq_d"
"2120","NCKAP1","Exc L6 CT",0.0392675953827126,7.8342483164869,18.090292758364,2.71040735236985e-05,0.00258404134070969,0.00258404134070969,"plaq_d"
"2121","DUSP19","Exc L6 CT",-0.0185212040386399,4.06775779487539,0.348920949048651,0.590672089320917,0.856067189959118,0.856067189959118,"plaq_d"
"2122","NUP35","Exc L6 CT",-0.0138715742804741,4.21005366584483,0.237229020161321,0.626521132075966,0.874905249526201,0.874905249526201,"plaq_d"
"2123","ZNF804A","Exc L6 CT",0.064337895143091,7.10504550755348,6.048952737143,0.0144001060492986,0.141023079378029,0.141023079378029,"plaq_d"
"2124","AC007966.1","Exc L6 CT",-0.0977721730303074,2.84396635502421,3.95943505048347,0.0473911144174626,0.265877818844034,0.265877818844034,"plaq_d"
"2125","FSIP2","Exc L6 CT",0.0736393817769969,2.34534226568259,0.95867871900445,0.32819978460151,0.673331067282789,0.673331067282789,"plaq_d"
"2126","FSIP2-AS1","Exc L6 CT",0.00186500469474072,2.97100378769612,0.00173883980802485,0.966762234113214,0.998742420766286,0.998742420766286,"plaq_d"
"2127","LINC01473","Exc L6 CT",-0.026235025133648,4.27911290845519,0.794692537435022,0.373300557459508,0.710955389314004,0.710955389314004,"plaq_d"
"2128","ZC3H15","Exc L6 CT",0.00274685807238678,5.67240698683929,0.0313247200440583,0.859620790496369,0.97580041791403,0.97580041791403,"plaq_d"
"2129","ITGAV","Exc L6 CT",0.0299404735016666,5.62629348202378,1.99289060964635,0.15893194634414,0.482290113737402,0.482290113737402,"plaq_d"
"2130","AC017101.1","Exc L6 CT",0.045657739284852,2.40403649601505,0.514745419199692,0.473572816550458,0.785523017290055,0.785523017290055,"plaq_d"
"2131","FAM171B","Exc L6 CT",0.0475343340019064,7.65164665770213,18.9890303294852,1.73242506583133e-05,0.00191846086520829,0.00191846086520829,"plaq_d"
"2132","AC007319.1","Exc L6 CT",-0.0798407699307165,4.46962286955781,1.2716178266765,0.260239835992516,0.607690621078388,0.607690621078388,"plaq_d"
"2133","CALCRL","Exc L6 CT",-0.0255291718655365,5.76597419692481,0.59891942391541,0.439515728908924,0.761862544656577,0.761862544656577,"plaq_d"
"2134","TFPI","Exc L6 CT",0.134565812745953,1.97761124906742,1.90661521144845,0.168225356757696,0.495114451919123,0.495114451919123,"plaq_d"
"2135","LINC01090","Exc L6 CT",0.416512926455608,1.43638638985281,10.4392728511547,0.00135128798083589,0.0337728155765858,0.0337728155765858,"plaq_d"
"2136","GULP1","Exc L6 CT",-0.59620056726067,1.77987717603569,10.3247966497701,0.00143511568313088,0.0352558453487237,0.0352558453487237,"plaq_d"
"2137","COL5A2","Exc L6 CT",-0.0441018826961987,7.83549339981299,1.05246944458504,0.305651197303615,0.651026566439946,0.651026566439946,"plaq_d"
"2138","WDR75","Exc L6 CT",-0.0335987725487924,5.23658608207462,3.26455163068112,0.0716555019508081,0.327791236403362,0.327791236403362,"plaq_d"
"2139","ASNSD1","Exc L6 CT",0.0119135682245849,4.28432146573055,0.219297649236772,0.639868600210665,0.879980077173644,0.879980077173644,"plaq_d"
"2140","ANKAR","Exc L6 CT",-0.00295748883607612,6.18831580307043,0.0261757510487226,0.871565682856803,0.97977590636688,0.97977590636688,"plaq_d"
"2141","OSGEPL1","Exc L6 CT",-0.0039944286490062,3.21477641406966,0.0106453428089935,0.917882469674889,0.991455556067342,0.991455556067342,"plaq_d"
"2142","OSGEPL1-AS1","Exc L6 CT",-0.0494811870979446,2.30089662088805,0.621419778579656,0.483133624581022,0.792077685049623,0.792077685049623,"plaq_d"
"2143","ORMDL1","Exc L6 CT",0.0134429075920951,5.17911408904076,0.427726276428953,0.513538439473566,0.810747531402252,0.810747531402252,"plaq_d"
"2144","PMS1","Exc L6 CT",-0.032387084508876,6.17124686587878,6.20671066438777,0.0131916401340538,0.134115008029547,0.134115008029547,"plaq_d"
"2145","C2orf88","Exc L6 CT",0.0663513946717723,4.93659345320296,6.54567527434973,0.0109364195240559,0.121456209933614,0.121456209933614,"plaq_d"
"2146","HIBCH","Exc L6 CT",0.0223174173786193,7.27321179038678,1.98578516844088,0.159674706598243,0.483423149566415,0.483423149566415,"plaq_d"
"2147","INPP1","Exc L6 CT",-0.0743714259666364,4.98339119291741,8.80689194862555,0.00320856252294204,0.0594471892925013,0.0594471892925013,"plaq_d"
"2148","MFSD6","Exc L6 CT",0.0292609729583937,6.73308927006364,4.87228745855662,0.0279430350190156,0.200436246928321,0.200436246928321,"plaq_d"
"2149","AC108047.1","Exc L6 CT",0.0246429753375773,4.51250987540084,0.803042853649623,0.370804264906052,0.710346485926012,0.710346485926012,"plaq_d"
"2150","NAB1","Exc L6 CT",-0.0177801750744533,6.19357234424066,1.16065164166473,0.282076253540672,0.628018828637723,0.628018828637723,"plaq_d"
"2151","AC006460.1","Exc L6 CT",-0.10775744637921,1.88139795911416,1.7911868556216,0.181654881607254,0.511592188745267,0.511592188745267,"plaq_d"
"2152","GLS","Exc L6 CT",0.0206846160519954,7.98324522130327,4.20951246827272,0.0409454228576875,0.246117038605123,0.246117038605123,"plaq_d"
"2153","STAT1","Exc L6 CT",0.0432930751100867,3.99296111783808,0.915372567332603,0.339356720323167,0.683713764157167,0.683713764157167,"plaq_d"
"2154","STAT4","Exc L6 CT",-0.00997293898174402,7.19944559194612,0.207342944637304,0.64914180074688,0.88448566348415,0.88448566348415,"plaq_d"
"2155","MYO1B","Exc L6 CT",-0.0821220072223256,4.24174495807961,3.09930264118649,0.0792037180009973,0.346149582374729,0.346149582374729,"plaq_d"
"2156","NABP1","Exc L6 CT",0.0996960087351121,3.07450502664134,4.4336429150194,0.0359528837211131,0.230136822609668,0.230136822609668,"plaq_d"
"2157","AC098617.1","Exc L6 CT",-0.0483947111183286,4.05950347795574,1.69546454090401,0.19374286194337,0.527630613169724,0.527630613169724,"plaq_d"
"2158","TMEFF2","Exc L6 CT",0.0211976564958153,10.2150611249623,2.78446845963905,0.0960811484365249,0.381673347928315,0.381673347928315,"plaq_d"
"2159","LINC01821","Exc L6 CT",0.0247848330205279,5.50429013934783,0.791875472839262,0.374148025529778,0.711074192208887,0.711074192208887,"plaq_d"
"2160","SLC39A10","Exc L6 CT",0.0214273182968095,7.13237250293364,2.18699822680766,0.140084389054758,0.45532961499939,0.45532961499939,"plaq_d"
"2161","DNAH7","Exc L6 CT",-0.0211797890839237,5.82881637539546,0.91525677293473,0.339387229693465,0.683713764157167,0.683713764157167,"plaq_d"
"2162","STK17B","Exc L6 CT",0.096855498088578,3.01689164764002,3.23246610453638,0.0730580675308339,0.331153633556009,0.331153633556009,"plaq_d"
"2163","HECW2","Exc L6 CT",0.0166024442027169,9.09770730263882,3.1460048906295,0.0769870464401124,0.341242055572818,0.341242055572818,"plaq_d"
"2164","GTF3C3","Exc L6 CT",-0.0169278458777027,4.82287297087693,0.625198923785517,0.429660076387529,0.755236441962743,0.755236441962743,"plaq_d"
"2165","PGAP1","Exc L6 CT",-0.00722854778918581,6.74157610137739,0.140473652846813,0.708038760781538,0.911731600205593,0.911731600205593,"plaq_d"
"2166","ANKRD44","Exc L6 CT",0.0318944221569772,3.90784167301729,0.676938485332663,0.411206039222426,0.742626048729405,0.742626048729405,"plaq_d"
"2167","SF3B1","Exc L6 CT",0.00963178468403268,6.23094326300815,0.425773561203565,0.51450065868069,0.811165423542571,0.811165423542571,"plaq_d"
"2168","COQ10B","Exc L6 CT",0.019424328124102,4.01090174580025,0.479313294223183,0.489194963385699,0.795577348949449,0.795577348949449,"plaq_d"
"2169","HSPD1","Exc L6 CT",0.00333171986519207,5.19220152135477,0.0190570776639395,0.890282772992731,0.984904368079323,0.984904368079323,"plaq_d"
"2170","HSPE1-MOB4","Exc L6 CT",-0.115805450837713,2.02153241890498,2.3261153710465,0.128126754447939,0.436566261469828,0.436566261469828,"plaq_d"
"2171","MOB4","Exc L6 CT",0.0572842149044425,4.14416791376159,4.74336511725287,0.0300821038316458,0.208503594973699,0.208503594973699,"plaq_d"
"2172","AC011997.1","Exc L6 CT",0.0241486576460127,4.8667299857873,0.791313236255539,0.374317488759749,0.711074192208887,0.711074192208887,"plaq_d"
"2173","PLCL1","Exc L6 CT",0.0346741532334381,7.93076898582587,3.84394939412361,0.0507227103763605,0.277012192176815,0.277012192176815,"plaq_d"
"2174","LINC01923","Exc L6 CT",-0.00236560171037274,2.45949186068353,0.000976672830370536,0.97508666278757,0.999093977007575,0.999093977007575,"plaq_d"
"2175","AC019330.1","Exc L6 CT",-0.0911321033512016,2.8018038194562,2.21569705873235,0.137518445017572,0.451680477862871,0.451680477862871,"plaq_d"
"2176","AC020718.1","Exc L6 CT",-0.134687976285281,2.22540048406409,2.65928666411573,0.103851047680612,0.395408538061383,0.395408538061383,"plaq_d"
"2177","SATB2","Exc L6 CT",0.0179974439413222,7.99730102378622,1.4166125065322,0.234772618968116,0.579425102462712,0.579425102462712,"plaq_d"
"2178","SATB2-AS1","Exc L6 CT",0.0123664659138875,3.18472172139029,0.0739503069938095,0.785830818481941,0.949842286091107,0.949842286091107,"plaq_d"
"2179","FTCDNL1","Exc L6 CT",-0.0574605038588104,5.92069206332294,8.18615414592635,0.00447609051636438,0.072728892859573,0.072728892859573,"plaq_d"
"2180","C2orf69","Exc L6 CT",0.00978680859225067,4.75872559584756,0.227837300509688,0.63343155870027,0.877828332600027,0.877828332600027,"plaq_d"
"2181","TYW5","Exc L6 CT",0.0390109394894034,4.56600723075012,2.48361680468389,0.115945530199804,0.41629531712076,0.41629531712076,"plaq_d"
"2182","MAIP1","Exc L6 CT",0.0352904705030982,5.02917789069792,2.48041106769902,0.163642576312556,0.488856303921055,0.488856303921055,"plaq_d"
"2183","SPATS2L","Exc L6 CT",-0.0170813323631877,5.214709159467,0.344955002149561,0.557363620524017,0.836425457488402,0.836425457488402,"plaq_d"
"2184","KCTD18","Exc L6 CT",-0.0218381460285731,3.76243219670225,0.44731139979367,0.504057660314088,0.805655989914788,0.805655989914788,"plaq_d"
"2185","SGO2","Exc L6 CT",0.000646625810076019,2.70134233707341,0.000207670727288373,0.988510508379559,0.999571689696322,0.999571689696322,"plaq_d"
"2186","BZW1","Exc L6 CT",-0.00520171422066887,3.50556871295937,0.0205799454908266,0.886012157970635,0.984501043664535,0.984501043664535,"plaq_d"
"2187","CLK1","Exc L6 CT",-0.00841406681634753,5.70176645693895,0.149753240479947,0.699007684800534,0.90858877633365,0.90858877633365,"plaq_d"
"2188","PPIL3","Exc L6 CT",-0.0202714213872758,4.32439471337537,0.554119545883523,0.457141391729913,0.775664661561659,0.775664661561659,"plaq_d"
"2189","NIF3L1","Exc L6 CT",0.0143711639144845,3.31138588452259,0.142002808478761,0.740296861918122,0.928661774628954,0.928661774628954,"plaq_d"
"2190","ORC2","Exc L6 CT",-0.00773788010221049,6.42940442828146,0.312226188480614,0.576676474725763,0.848416159876079,0.848416159876079,"plaq_d"
"2191","AC005037.1","Exc L6 CT",-0.0512284614167574,3.70268046637564,2.11581139605633,0.146685606051558,0.464821920475067,0.464821920475067,"plaq_d"
"2192","FAM126B","Exc L6 CT",0.045692130026821,7.020458787228,17.8710565769004,3.02403500412698e-05,0.00280864567222013,0.00280864567222013,"plaq_d"
"2193","NDUFB3","Exc L6 CT",0.0267787436554977,3.54553582161838,0.548323755254659,0.459502440215303,0.77594025958767,0.77594025958767,"plaq_d"
"2194","CFLAR","Exc L6 CT",0.0414786623805977,3.95271030099064,0.986153245039377,0.321373962272175,0.665970859489022,0.665970859489022,"plaq_d"
"2195","CASP8","Exc L6 CT",-0.0476446845622269,2.09168988864863,0.343419341358817,0.558241792610702,0.837130088169132,0.837130088169132,"plaq_d"
"2196","ALS2CR12","Exc L6 CT",-0.0346053740962097,4.80726287701228,1.3696659217368,0.242669668785854,0.587730485726971,0.587730485726971,"plaq_d"
"2197","TRAK2","Exc L6 CT",0.00189760684014936,6.88489394853727,0.0229020462194863,0.904966504593876,0.988984878170002,0.988984878170002,"plaq_d"
"2198","STRADB","Exc L6 CT",-0.0480002118069066,4.87894843268439,3.99827473928411,0.0463234348914864,0.263405462101121,0.263405462101121,"plaq_d"
"2199","C2CD6","Exc L6 CT",-0.0536011267256058,3.19454459931028,1.47205977464315,0.225843396051037,0.566728860360801,0.566728860360801,"plaq_d"
"2200","TMEM237","Exc L6 CT",0.0486079872927201,3.95126470886413,2.86052381434576,0.0916726966212597,0.372680374295734,0.372680374295734,"plaq_d"
"2201","MPP4","Exc L6 CT",-0.0702236525194931,2.71807702041734,1.73974710862869,0.188037640337887,0.521276693684617,0.521276693684617,"plaq_d"
"2202","ALS2","Exc L6 CT",0.0282769823646521,6.26574813310096,4.52089770955525,0.0341863108516652,0.2238040587113,0.2238040587113,"plaq_d"
"2203","KIAA2012","Exc L6 CT",-0.00245807592150644,4.57521579074137,0.00258369069730924,0.959490117063578,0.998742420766286,0.998742420766286,"plaq_d"
"2204","SUMO1","Exc L6 CT",0.000827306562190279,5.39255876087635,0.0021495593190923,0.963047234311251,0.998742420766286,0.998742420766286,"plaq_d"
"2205","NOP58","Exc L6 CT",-0.0105306163077259,5.92283784438562,0.418202065503893,0.518261584984901,0.813237397530551,0.813237397530551,"plaq_d"
"2206","BMPR2","Exc L6 CT",0.0208350537019617,8.27406754138076,6.0251641104804,0.0145920303949189,0.1421610177928,0.1421610177928,"plaq_d"
"2207","FAM117B","Exc L6 CT",0.0341763439350088,6.38886184945383,5.24853081967733,0.0225621954903826,0.179252409646549,0.179252409646549,"plaq_d"
"2208","ICA1L","Exc L6 CT",-0.0154567037852166,7.84326182077609,1.82724912544118,0.177330254102991,0.506919447590679,0.506919447590679,"plaq_d"
"2209","WDR12","Exc L6 CT",-0.0311605234557378,5.17942264546697,2.32704533886201,0.128050768915253,0.436566261469828,0.436566261469828,"plaq_d"
"2210","CARF","Exc L6 CT",-0.0209167399641872,4.69229751482888,0.774822986095612,0.379336268842501,0.7155299955787,0.7155299955787,"plaq_d"
"2211","NBEAL1","Exc L6 CT",-0.00364882453746858,7.03449846604611,0.0713414628363919,0.789551656429143,0.951349834582003,0.951349834582003,"plaq_d"
"2212","CYP20A1","Exc L6 CT",-0.132126337435746,4.05143284007376,18.1761050863478,2.59678857120252e-05,0.00251445959531466,0.00251445959531466,"plaq_d"
"2213","ABI2","Exc L6 CT",0.0159956525205682,7.9624748906091,2.86244455785527,0.0915642613316774,0.372466545953893,0.372466545953893,"plaq_d"
"2214","RAPH1","Exc L6 CT",-0.0339132073112421,6.33741515408081,4.18662475517067,0.0414948750915882,0.247251747441434,0.247251747441434,"plaq_d"
"2215","NRP2","Exc L6 CT",0.0238241510987527,3.559230943862,0.2013364914138,0.653923334884687,0.887115990593112,0.887115990593112,"plaq_d"
"2216","INO80D","Exc L6 CT",0.0478340884989474,7.19334988792186,1.56574384504284,0.211666224023908,0.549044120108991,0.549044120108991,"plaq_d"
"2217","NDUFS1","Exc L6 CT",0.0327060444650489,7.03290326777927,8.41260061672843,0.00396302798616033,0.0680808483159476,0.0680808483159476,"plaq_d"
"2218","AC007383.3","Exc L6 CT",-0.242408290842803,1.84661662600268,7.62577864270502,0.00605901052574552,0.0872255155286325,0.0872255155286325,"plaq_d"
"2219","EEF1B2","Exc L6 CT",-0.0883062745015811,3.63897630201245,5.79475632582761,0.0165938355431696,0.152155959541064,0.152155959541064,"plaq_d"
"2220","ZDBF2","Exc L6 CT",0.0172055811710032,6.54439092557283,1.40637622761654,0.236467509396726,0.58157965994509,0.58157965994509,"plaq_d"
"2221","ADAM23","Exc L6 CT",0.00972690201337931,9.26205079109212,0.961510013878275,0.327487532472791,0.672253105710165,0.672253105710165,"plaq_d"
"2222","DYTN","Exc L6 CT",-0.0504675950931937,1.98504407035186,0.34733723829321,0.556006523047408,0.835257216507408,0.835257216507408,"plaq_d"
"2223","MDH1B","Exc L6 CT",-0.0919837322176046,3.44124760613228,4.67054744065051,0.0313654103967829,0.213804846119944,0.213804846119944,"plaq_d"
"2224","FASTKD2","Exc L6 CT",-0.0343803698973723,4.94087349433462,2.60667638185432,0.10732035432601,0.40171186190256,0.40171186190256,"plaq_d"
"2225","AC008269.1","Exc L6 CT",-0.0570155854047779,2.80580489901449,1.17921616405519,0.278266836207702,0.626283530549105,0.626283530549105,"plaq_d"
"2226","CPO","Exc L6 CT",0.0479415544774496,4.03228869830968,1.89425090053499,0.169607681929329,0.496981923275925,0.496981923275925,"plaq_d"
"2227","KLF7","Exc L6 CT",-0.016673510149689,6.1792939446318,0.995252894420384,0.319154675101383,0.663856480676132,0.663856480676132,"plaq_d"
"2228","AC009226.1","Exc L6 CT",-0.00788294457297752,1.93036462371237,0.00827771140724625,0.927559266135548,0.993953237598858,0.993953237598858,"plaq_d"
"2229","CREB1","Exc L6 CT",0.0103198478150907,6.18412287952791,0.493229842056986,0.737882606556136,0.927815355400658,0.927815355400658,"plaq_d"
"2230","METTL21A","Exc L6 CT",-0.0213181460457119,4.27506618762174,0.496133738016307,0.481674685581324,0.791247238533222,0.791247238533222,"plaq_d"
"2231","CCNYL1","Exc L6 CT",-0.0142302961830012,5.14869322722244,0.368843282461981,0.544031295842595,0.828575249340506,0.828575249340506,"plaq_d"
"2232","PLEKHM3","Exc L6 CT",0.0150221323422,7.15707720897322,1.92898195987969,0.165757548972823,0.491577558284606,0.491577558284606,"plaq_d"
"2233","C2orf80","Exc L6 CT",0.0648589370475039,4.60790083520127,6.07641435761553,0.0141817912544498,0.13974063442783,0.13974063442783,"plaq_d"
"2234","IDH1","Exc L6 CT",-0.0385317168347202,4.25472742175695,2.11983121420053,0.146303611386135,0.464051702635516,0.464051702635516,"plaq_d"
"2235","PIKFYVE","Exc L6 CT",0.00888707260686773,6.12727193718557,0.419941211337049,0.517393457100205,0.812590515545539,0.812590515545539,"plaq_d"
"2236","PTH2R","Exc L6 CT",0.0730735627533107,1.76727975853314,0.412324540846878,0.521214535660836,0.815031820444665,0.815031820444665,"plaq_d"
"2237","MAP2","Exc L6 CT",0.0407602119240532,9.92493660805929,27.665791115026,2.52363186471205e-07,9.56058008536702e-05,9.56058008536702e-05,"plaq_d"
"2238","UNC80","Exc L6 CT",0.0198580028184064,8.97490264535182,4.6794678073918,0.0312051656391051,0.213512150447033,0.213512150447033,"plaq_d"
"2239","RPE","Exc L6 CT",0.0383629551207042,6.31096405910248,4.80241237659496,0.0290818859479443,0.20449901800793,0.20449901800793,"plaq_d"
"2240","KANSL1L","Exc L6 CT",0.0222463374954971,6.88996159723336,2.97087808469395,0.0856634959411905,0.359327414792943,0.359327414792943,"plaq_d"
"2241","AC007038.2","Exc L6 CT",0.0712690303023538,3.683140189543,3.81202536061326,0.0516869023455573,0.279941552357653,0.279941552357653,"plaq_d"
"2242","AC007038.1","Exc L6 CT",0.0377333484366041,5.72808376088187,2.0404321153988,0.154062502624316,0.475001697369973,0.475001697369973,"plaq_d"
"2243","LANCL1-AS1","Exc L6 CT",-0.025103574572886,2.7070983589819,0.175380817792955,0.675631521626372,0.895863625802086,0.895863625802086,"plaq_d"
"2244","LANCL1","Exc L6 CT",0.00348493782685848,6.36910760617727,0.0662179247725483,0.797077241960135,0.953693327389852,0.953693327389852,"plaq_d"
"2245","CPS1","Exc L6 CT",0.00834858596551621,4.31250151037074,0.0673995682811662,0.795314759110127,0.953000771778707,0.953000771778707,"plaq_d"
"2246","ERBB4","Exc L6 CT",0.184663876960796,6.43453450228713,3.55185000766314,0.0603117856501509,0.302736564232766,0.302736564232766,"plaq_d"
"2247","IKZF2","Exc L6 CT",0.0111656012697883,5.91375042040772,0.202817142594892,0.652736746978571,0.886072438425602,0.886072438425602,"plaq_d"
"2248","SPAG16","Exc L6 CT",0.0197286301248335,7.83555847206686,1.63960789132906,0.201231584269333,0.53676670134173,0.53676670134173,"plaq_d"
"2249","AC068051.1","Exc L6 CT",-0.0677029353908496,3.10060213456959,2.14133930848678,0.144278772377266,0.460742996973083,0.460742996973083,"plaq_d"
"2250","VWC2L","Exc L6 CT",0.033606980568528,5.72746132091081,0.809097622447898,0.369008808079577,0.708882455678055,0.708882455678055,"plaq_d"
"2251","AC016708.1","Exc L6 CT",-0.0650438593856817,2.16182252769645,0.530824987431589,0.466749940529167,0.781136031604032,0.781136031604032,"plaq_d"
"2252","ATIC","Exc L6 CT",-0.012027881788786,4.23006904657053,0.196758921128978,0.657625267447014,0.889019940855217,0.889019940855217,"plaq_d"
"2253","FN1","Exc L6 CT",-0.0458323401019424,2.81953183304901,0.708633357021081,0.400475658358998,0.733398750507077,0.733398750507077,"plaq_d"
"2254","LINC00607","Exc L6 CT",0.00155057980966472,2.29903781658923,8.0975402880501e-06,0.997731158191668,0.999906738276838,0.999906738276838,"plaq_d"
"2255","MREG","Exc L6 CT",0.039756478092396,4.44189401400962,1.62354851755364,0.203447465462577,0.539180727687638,0.539180727687638,"plaq_d"
"2256","PECR","Exc L6 CT",-0.071132918877525,4.48878957364931,7.20518114430229,0.00761679236204867,0.0979411774782823,0.0979411774782823,"plaq_d"
"2257","TMEM169","Exc L6 CT",-0.0658172047690834,3.80655548725581,4.07018138602858,0.0444134099591983,0.256674207054444,0.256674207054444,"plaq_d"
"2258","XRCC5","Exc L6 CT",0.0104236168447537,6.6832846977544,0.686713745240774,0.407852081691614,0.739397157868192,0.739397157868192,"plaq_d"
"2259","LINC01963","Exc L6 CT",0.00743242538479735,3.69233887933019,0.0441754861835812,0.833650392043127,0.96728960782902,0.96728960782902,"plaq_d"
"2260","MARCH4","Exc L6 CT",-0.0767330874372692,5.50271245826978,12.4764477503922,0.000467611779754893,0.016913917541084,0.016913917541084,"plaq_d"
"2261","SMARCAL1","Exc L6 CT",-0.0274972624441324,5.17944334057607,1.74828256491155,0.186960671149374,0.520093878621523,0.520093878621523,"plaq_d"
"2262","RPL37A","Exc L6 CT",-0.00194100199640118,6.38799244897185,0.00539694476225939,0.941479152174319,0.997292628450429,0.997292628450429,"plaq_d"
"2263","IGFBP2","Exc L6 CT",0.14635788952717,1.79223623360661,3.02973817410691,0.0826345841261111,0.352863117974322,0.352863117974322,"plaq_d"
"2264","IGFBP5","Exc L6 CT",0.0367869791126887,2.59772046205921,0.163942911766304,0.685800645639624,0.900966060834827,0.900966060834827,"plaq_d"
"2265","AC007563.2","Exc L6 CT",0.0802407703971478,6.72511723414825,4.93702333373361,0.0269295223659889,0.196890504815021,0.196890504815021,"plaq_d"
"2266","DIRC3-AS1","Exc L6 CT",0.0388515307989059,3.08173592676738,0.524233326302871,0.469527602558957,0.782962975378054,0.782962975378054,"plaq_d"
"2267","DIRC3","Exc L6 CT",0.0308960084333276,7.3458950819254,2.58567655393065,0.1087406441345,0.405551894549292,0.405551894549292,"plaq_d"
"2268","TNS1","Exc L6 CT",-0.13673478935274,2.06200870149921,2.28582056839254,0.13146809966917,0.442335486197505,0.442335486197505,"plaq_d"
"2269","ARPC2","Exc L6 CT",0.0121762375809024,5.99162290357863,0.527815755667504,0.468014712361601,0.781991643371989,0.781991643371989,"plaq_d"
"2270","AAMP","Exc L6 CT",0.0503055424066578,3.9720150437437,2.94215576888876,0.0871851284719617,0.361913814729631,0.361913814729631,"plaq_d"
"2271","PNKD","Exc L6 CT",-0.000383605119926399,5.77727221175993,0.000459282994314891,0.982914208997827,0.999571689696322,0.999571689696322,"plaq_d"
"2272","CATIP-AS2","Exc L6 CT",-0.0240988587734971,1.77638821515344,0.0691945460097751,0.966918637869582,0.998742420766286,0.998742420766286,"plaq_d"
"2273","USP37","Exc L6 CT",-0.0149214546564697,6.00816321886147,1.02383381674186,0.312313938417268,0.656703583551609,0.656703583551609,"plaq_d"
"2274","CNOT9","Exc L6 CT",0.00838612023541835,5.15001742186895,0.200456473802167,0.664401659159027,0.89248169126186,0.89248169126186,"plaq_d"
"2275","PLCD4","Exc L6 CT",-0.0151081875560484,3.09035166613539,0.0867530644395673,0.768521790096875,0.942093648468994,0.942093648468994,"plaq_d"
"2276","ZNF142","Exc L6 CT",0.0310694027132621,4.01398074311387,1.09949675235844,0.312326505294336,0.656703583551609,0.656703583551609,"plaq_d"
"2277","BCS1L","Exc L6 CT",-0.0394730753902885,2.63594480457686,0.607874041632732,0.492878313987059,0.798860190065041,0.798860190065041,"plaq_d"
"2278","RNF25","Exc L6 CT",-0.0102974618188436,3.12717516798213,0.0564069978734791,0.812407380012216,0.95934842446525,0.95934842446525,"plaq_d"
"2279","STK36","Exc L6 CT",-0.00631663301776061,4.67920521930342,0.0665586362233153,0.796567343632584,0.953693327389852,0.953693327389852,"plaq_d"
"2280","TTLL4","Exc L6 CT",0.00323438848567052,2.87340219293687,0.00438067205564234,0.947267214003939,0.997964805243233,0.997964805243233,"plaq_d"
"2281","CYP27A1","Exc L6 CT",0.262663828955636,1.74884624625402,7.11777256911334,0.00798914669068384,0.100887505051829,0.100887505051829,"plaq_d"
"2282","LINC01494","Exc L6 CT",0.0185890699928456,2.80044395197424,0.105301320411509,0.74575313106029,0.9313232179284,0.9313232179284,"plaq_d"
"2283","CDK5R2","Exc L6 CT",0.0161488679028512,4.64560076554114,0.383920828171431,0.535917539471838,0.823332214029863,0.823332214029863,"plaq_d"
"2284","CNPPD1","Exc L6 CT",0.0322852004578429,2.63411061270966,0.394277879333916,0.579442215448074,0.850234444357402,0.850234444357402,"plaq_d"
"2285","RETREG2","Exc L6 CT",0.0437052628239653,5.36582553968117,5.48625949858841,0.0197293389348809,0.166387559054801,0.166387559054801,"plaq_d"
"2286","ZFAND2B","Exc L6 CT",-0.0164866556751741,3.79857654094119,0.252488257394519,0.615646077762193,0.869439934484504,0.869439934484504,"plaq_d"
"2287","ATG9A","Exc L6 CT",0.0135781196317208,2.36515731658543,0.0477861687661087,0.938463786928627,0.996248409160424,0.996248409160424,"plaq_d"
"2288","ANKZF1","Exc L6 CT",-0.0189051824766637,4.79090358709099,0.660590695209524,0.41690683977502,0.746212963496356,0.746212963496356,"plaq_d"
"2289","STK16","Exc L6 CT",-0.0489648665961981,1.94770286367728,0.37468036944421,0.540863547726912,0.827007077331559,0.827007077331559,"plaq_d"
"2290","TUBA4A","Exc L6 CT",-0.0143880830841253,6.08390836502139,0.358132487519339,0.54993431738148,0.831593351697929,0.831593351697929,"plaq_d"
"2291","DNAJB2","Exc L6 CT",0.0585888107121185,5.95005087411562,11.327506100115,0.000848875682656933,0.0252487899329116,0.0252487899329116,"plaq_d"
"2292","PTPRN","Exc L6 CT",0.0208162850769134,6.14348387236013,1.63401408889497,0.202000169450198,0.537940263871511,0.537940263871511,"plaq_d"
"2293","DNPEP","Exc L6 CT",-0.0434413493228056,3.09428108578729,0.826710615161431,0.36385433209803,0.704785101511474,0.704785101511474,"plaq_d"
"2294","SPEG","Exc L6 CT",-0.031140971524986,5.1983429344834,2.15816377228147,0.142716939250556,0.459081577060387,0.459081577060387,"plaq_d"
"2295","GMPPA","Exc L6 CT",-0.028895687656756,2.66295701580402,0.322300895737259,0.570594027487582,0.844134376704474,0.844134376704474,"plaq_d"
"2296","CHPF","Exc L6 CT",-0.0740695340124489,2.91982795702174,2.79215168305868,0.095625450199525,0.380766773134039,0.380766773134039,"plaq_d"
"2297","TMEM198","Exc L6 CT",-0.0191553583264692,2.83126692268802,0.18176225231989,0.719419529332909,0.917664676969392,0.917664676969392,"plaq_d"
"2298","OBSL1","Exc L6 CT",-0.00875046724658445,4.38127608483882,0.121999946142575,0.727086564796584,0.921240819117375,0.921240819117375,"plaq_d"
"2299","INHA","Exc L6 CT",-0.0602883826768324,3.37234244133914,1.79493710759167,0.181199488430925,0.511179274044993,0.511179274044993,"plaq_d"
"2300","STK11IP","Exc L6 CT",-0.0456290965436545,3.93386259000472,2.6779163517953,0.102652273669713,0.393236330960402,0.393236330960402,"plaq_d"
"2301","SLC4A3","Exc L6 CT",0.0454322529696441,3.66647299905921,1.74209212512111,0.187741035722962,0.521234536784251,0.521234536784251,"plaq_d"
"2302","AC019211.1","Exc L6 CT",0.0482607465468818,8.37637816589979,4.97591894590976,0.0263391065900659,0.194404003184645,0.194404003184645,"plaq_d"
"2303","AC067956.1","Exc L6 CT",0.05283218655062,7.85589227233959,5.08191358896822,0.0247977518732675,0.187987591346793,0.187987591346793,"plaq_d"
"2304","EPHA4","Exc L6 CT",0.0199279311416762,7.62708548146442,1.5173315268644,0.218854979694914,0.558370181179789,0.558370181179789,"plaq_d"
"2305","AC010980.2","Exc L6 CT",0.130633609851024,2.44219885285397,5.57042708343468,0.018817250855679,0.162484794038483,0.162484794038483,"plaq_d"
"2306","SGPP2","Exc L6 CT",-0.00807802237695813,6.62076301519197,0.28738102255026,0.592246025570805,0.856624615439576,0.856624615439576,"plaq_d"
"2307","FARSB","Exc L6 CT",-0.00976948119328163,5.73240709369203,0.316612038423533,0.574012927489136,0.846669068046476,0.846669068046476,"plaq_d"
"2308","ACSL3","Exc L6 CT",0.0158478453158839,6.52496324283821,1.26099599708179,0.262236319986074,0.609121026983965,0.609121026983965,"plaq_d"
"2309","SCG2","Exc L6 CT",0.12700744244878,3.83336301568961,8.41917383035421,0.0039490678667816,0.0679220800599616,0.0679220800599616,"plaq_d"
"2310","AP1S3","Exc L6 CT",-0.00214000741216915,4.30684586131268,0.00517505222228433,0.94269268159425,0.997507548890635,0.997507548890635,"plaq_d"
"2311","WDFY1","Exc L6 CT",-0.0219117382207154,5.39152488959486,1.45987510551681,0.227769933700107,0.569892535183185,0.569892535183185,"plaq_d"
"2312","MRPL44","Exc L6 CT",0.0555444857540807,3.7158573515217,2.9236463936349,0.0881812651097643,0.363637207825886,0.363637207825886,"plaq_d"
"2313","SERPINE2","Exc L6 CT",0.0746279992498801,3.74084180713643,1.14397523228843,0.285554783780392,0.632521280637319,0.632521280637319,"plaq_d"
"2314","CUL3","Exc L6 CT",-0.00121737773196863,6.42716610773805,0.00828351501847491,0.927533946230993,0.993953237598858,0.993953237598858,"plaq_d"
"2315","NYAP2","Exc L6 CT",0.0304232236761623,5.7112205534455,1.79661458811587,0.180996221364463,0.511131452683047,0.511131452683047,"plaq_d"
"2316","AC016717.2","Exc L6 CT",0.128651686704737,2.68579350677263,6.00880754326595,0.0147255272512067,0.142634487586626,0.142634487586626,"plaq_d"
"2317","IRS1","Exc L6 CT",0.067542419527552,4.59881050653187,7.57693611071395,0.00622172281954565,0.0881574032580504,0.0881574032580504,"plaq_d"
"2318","AC010735.2","Exc L6 CT",0.0206643813522356,2.77612195260008,0.159046182125986,0.690280652967805,0.903598115578823,0.903598115578823,"plaq_d"
"2319","RHBDD1","Exc L6 CT",-0.038505979413748,5.08166157202647,2.50817234120014,0.114165012055622,0.413880512100914,0.413880512100914,"plaq_d"
"2320","COL4A3","Exc L6 CT",-0.0544878169580264,2.6724715807412,0.907267667058352,0.341501154645359,0.685478335509564,0.685478335509564,"plaq_d"
"2321","AC097662.1","Exc L6 CT",0.00899988143569809,4.37524836314337,0.0890544127254167,0.765560735998619,0.940760764441837,0.940760764441837,"plaq_d"
"2322","MFF","Exc L6 CT",0.0122650721787371,6.27116077240923,0.86914580623006,0.35183786787482,0.69508137037545,0.69508137037545,"plaq_d"
"2323","AGFG1","Exc L6 CT",0.0226933125043249,6.75119062793541,3.91765767893076,0.0485687165190549,0.268975510706883,0.268975510706883,"plaq_d"
"2324","DAW1","Exc L6 CT",0.140285929538334,2.70590994804493,4.94283560719201,0.026840423730945,0.196565342763601,0.196565342763601,"plaq_d"
"2325","SPHKAP","Exc L6 CT",0.120500728086257,5.45845028686051,7.56258896574148,0.00627036502548407,0.0885850587898614,0.0885850587898614,"plaq_d"
"2326","PID1","Exc L6 CT",-0.0154382489563492,7.29184380665687,0.645231666605044,0.42237064119482,0.749839406910918,0.749839406910918,"plaq_d"
"2327","DNER","Exc L6 CT",0.110248554379334,4.52632988991332,7.72339752873449,0.00574675506470474,0.0843326054143623,0.0843326054143623,"plaq_d"
"2328","TRIP12","Exc L6 CT",0.00584476684311202,7.33033310117057,0.357406445795768,0.550338787547992,0.831593351697929,0.831593351697929,"plaq_d"
"2329","FBXO36","Exc L6 CT",-0.043011453544781,4.82776763013585,2.67197849284515,0.103032700707867,0.393959829851382,0.393959829851382,"plaq_d"
"2330","SLC16A14","Exc L6 CT",-0.0115567928292534,4.72570707458311,0.255597939348059,0.61348056907639,0.868574574392576,0.868574574392576,"plaq_d"
"2331","AC009950.1","Exc L6 CT",-0.0780829204290893,2.6134561570377,1.74141710584291,0.187826358120038,0.521234536784251,0.521234536784251,"plaq_d"
"2332","SP140","Exc L6 CT",-0.089257908780026,3.52523100430078,3.59549831099756,0.0587638677443255,0.299398509813579,0.299398509813579,"plaq_d"
"2333","SP140L","Exc L6 CT",-0.0393304108385052,2.43471895552297,0.36571301938902,0.545744237151216,0.829798694341879,0.829798694341879,"plaq_d"
"2334","CAB39","Exc L6 CT",0.0331806941848767,6.86075629773339,6.69724685940796,0.0100605163572105,0.11614369966191,0.11614369966191,"plaq_d"
"2335","ITM2C","Exc L6 CT",-0.00658143781177607,5.91023016508509,0.0857080427207925,0.769880475514426,0.942930008976151,0.942930008976151,"plaq_d"
"2336","GPR55","Exc L6 CT",-0.0276118941391423,3.67659536087058,0.186109211283333,0.666441783684955,0.893478550445554,0.893478550445554,"plaq_d"
"2337","C2orf72","Exc L6 CT",-0.102750414243658,5.7851176037196,16.2158101872759,6.94090418681546e-05,0.00497120679967141,0.00497120679967141,"plaq_d"
"2338","PSMD1","Exc L6 CT",0.0203576329444395,6.93294027415372,3.13465408640308,0.0775195610745165,0.342233735457858,0.342233735457858,"plaq_d"
"2339","ARMC9","Exc L6 CT",0.00502253135283535,7.46634343360214,0.142185926780913,0.706347207955419,0.910889142516063,0.910889142516063,"plaq_d"
"2340","NCL","Exc L6 CT",0.0707401944738084,5.03191033506458,7.94537865511578,0.00509662093516256,0.0782206343098084,0.0782206343098084,"plaq_d"
"2341","LINC00471","Exc L6 CT",0.0414764957904133,2.05569515324685,0.328064137880083,0.567170887739759,0.841563153378275,0.841563153378275,"plaq_d"
"2342","PTMA","Exc L6 CT",0.043826697987024,6.11193265095683,6.2196364154952,0.0130973903906581,0.133782586837024,0.133782586837024,"plaq_d"
"2343","PDE6D","Exc L6 CT",-0.0610757670249913,4.62919381625788,4.65555274988749,0.0316367200956842,0.214729949315167,0.214729949315167,"plaq_d"
"2344","COPS7B","Exc L6 CT",0.0222864226501855,4.49829638958906,0.830040709738262,0.36289103623186,0.703611070665188,0.703611070665188,"plaq_d"
"2345","DIS3L2","Exc L6 CT",-0.0102999694377074,6.97924387451674,0.887902736575711,0.346699579246985,0.69083640711136,0.69083640711136,"plaq_d"
"2346","AC019130.1","Exc L6 CT",-0.08104936040072,2.38163773606881,1.64454705504615,0.200555813920684,0.536115214022879,0.536115214022879,"plaq_d"
"2347","TIGD1","Exc L6 CT",0.0344174280762055,2.48737550782355,0.372655730271812,0.541958444140572,0.828153461612108,0.828153461612108,"plaq_d"
"2348","EIF4E2","Exc L6 CT",-1.75342104526621e-06,4.89616610414043,1.73483372855455e-08,0.999894983588799,0.999984830792669,0.999984830792669,"plaq_d"
"2349","GIGYF2","Exc L6 CT",0.01260771642441,6.99988761811627,1.17241562281017,0.789441477383116,0.951347690306994,0.951347690306994,"plaq_d"
"2350","SNORC","Exc L6 CT",-0.0181047938001453,4.23052209266106,0.431392874091507,0.564089887457489,0.840074739388216,0.840074739388216,"plaq_d"
"2351","NGEF","Exc L6 CT",0.00179059451663514,8.09004301062606,0.0195003690585244,0.889022230600127,0.984859409526221,0.984859409526221,"plaq_d"
"2352","INPP5D","Exc L6 CT",0.000983355247829945,3.30765597740201,0.000438829182465978,0.983298935931637,0.999571689696322,0.999571689696322,"plaq_d"
"2353","ATG16L1","Exc L6 CT",0.0377678361997269,5.45562984824721,3.68272812438712,0.0557959908680493,0.290540884959222,0.290540884959222,"plaq_d"
"2354","DGKD","Exc L6 CT",0.0455746244012125,4.9316523306777,2.22777897734601,0.136454065264001,0.449723608869175,0.449723608869175,"plaq_d"
"2355","USP40","Exc L6 CT",-0.0116215911933464,5.27651311179212,0.31966348628783,0.577508082871482,0.848952448741632,0.848952448741632,"plaq_d"
"2356","ARL4C","Exc L6 CT",0.0342582780166121,3.49024976580992,0.645521000895875,0.422266726357284,0.749839406910918,0.749839406910918,"plaq_d"
"2357","AGAP1","Exc L6 CT",0.006413181082842,9.60377840327897,0.4307431097506,0.512058016502694,0.809761461322141,0.809761461322141,"plaq_d"
"2358","IQCA1","Exc L6 CT",0.00330281482788878,5.11139300479247,0.0181052894840963,0.893040756103028,0.985595335141122,0.985595335141122,"plaq_d"
"2359","AC105760.2","Exc L6 CT",-0.0290996309866888,3.11804458206038,0.41708616616006,0.518819957452411,0.813391557803297,0.813391557803297,"plaq_d"
"2360","COPS8","Exc L6 CT",0.0106870906453636,4.65629053169695,0.233221231158041,0.629449043881012,0.876612985944766,0.876612985944766,"plaq_d"
"2361","LRRFIP1","Exc L6 CT",0.00242637298265333,7.70539903141306,0.0422225540037759,0.837316203462716,0.968606616054857,0.968606616054857,"plaq_d"
"2362","UBE2F-SCLY","Exc L6 CT",-0.0383853543235096,2.91650287953638,0.609685447246664,0.43543678659847,0.758584282833159,0.758584282833159,"plaq_d"
"2363","ILKAP","Exc L6 CT",-0.0305153925963041,5.84531055710982,4.00785732543343,0.0460639529746051,0.262798308087132,0.262798308087132,"plaq_d"
"2364","PER2","Exc L6 CT",0.0193315018712476,4.43042109235287,0.2334936711737,0.62924903149206,0.876588838529098,0.876588838529098,"plaq_d"
"2365","TRAF3IP1","Exc L6 CT",-0.0135951927813715,5.84274472193999,0.723413057847694,0.395611127202921,0.728643061920212,0.728643061920212,"plaq_d"
"2366","ASB1","Exc L6 CT",0.0330427962178267,3.75936401766736,1.0955216486442,0.295977037268594,0.64388382606001,0.64388382606001,"plaq_d"
"2367","HDAC4","Exc L6 CT",-0.000917963729315515,8.26466812536257,0.00716813533528432,0.932576505309371,0.994883250619973,0.994883250619973,"plaq_d"
"2368","NDUFA10","Exc L6 CT",-0.00772993560280012,6.91434448337837,0.401779270306743,0.526587957014134,0.818102821477707,0.818102821477707,"plaq_d"
"2369","COPS9","Exc L6 CT",-0.0110176873126505,3.84234141676033,0.0885858921192658,0.76616015653043,0.94094561525816,0.94094561525816,"plaq_d"
"2370","GPC1","Exc L6 CT",-0.0623866507568218,5.91763353369536,10.1243351923508,0.00159487738468806,0.0379668080103084,0.0379668080103084,"plaq_d"
"2371","ANKMY1","Exc L6 CT",-0.0421812117710669,4.6591916287757,2.53288058834116,0.133288640252493,0.445110628883099,0.445110628883099,"plaq_d"
"2372","DUSP28","Exc L6 CT",0.0024563957698717,2.4665073920622,0.00239423910676132,0.96100236813863,0.998742420766286,0.998742420766286,"plaq_d"
"2373","RNPEPL1","Exc L6 CT",-0.0773333585412623,3.84074467813065,6.02307743743088,0.0146089912176527,0.1421610177928,0.1421610177928,"plaq_d"
"2374","CAPN10-DT","Exc L6 CT",-0.0793813388625062,2.80042990092523,2.63680056941379,0.105318519083851,0.39808433319174,0.39808433319174,"plaq_d"
"2375","CAPN10","Exc L6 CT",0.0140912389163899,4.03722491379753,0.204427522554708,0.651452096962476,0.885163226792997,0.885163226792997,"plaq_d"
"2376","KIF1A","Exc L6 CT",0.0328636336282078,7.19585702289961,8.0234358253926,0.00488634523138407,0.0765438802513657,0.0765438802513657,"plaq_d"
"2377","SNED1","Exc L6 CT",0.0324252885466551,4.37377694739424,0.550670219740065,0.458544232144081,0.775898728996668,0.775898728996668,"plaq_d"
"2378","AC005237.1","Exc L6 CT",-0.0307311716079573,3.43809269372749,0.426882134395332,0.513954013029796,0.810747531402252,0.810747531402252,"plaq_d"
"2379","MTERF4","Exc L6 CT",-0.00780386960027233,5.88087025274209,0.243187636150795,0.883163453623388,0.983592206016137,0.983592206016137,"plaq_d"
"2380","PASK","Exc L6 CT",0.0107037778716856,3.65016441678026,0.0866967071742868,0.768594835433679,0.942093648468994,0.942093648468994,"plaq_d"
"2381","PPP1R7","Exc L6 CT",-0.0199204319896968,5.57061497817735,1.29101518039176,0.256642353156556,0.604139759941717,0.604139759941717,"plaq_d"
"2382","ANO7","Exc L6 CT",0.00421133232036746,2.21568116839178,0.00388932377529733,0.950308392991181,0.99802142424354,0.99802142424354,"plaq_d"
"2383","HDLBP","Exc L6 CT",0.010058480830273,6.13719279972125,0.472563766008896,0.492267699465166,0.79815081904474,0.79815081904474,"plaq_d"
"2384","SEPT2","Exc L6 CT",-0.0281226698580239,6.77619535126298,4.67256479747519,0.0313290954531605,0.213804846119944,0.213804846119944,"plaq_d"
"2385","FARP2","Exc L6 CT",0.00601530917053957,6.40180653651375,0.11656291285327,0.732998543187602,0.925206475571347,0.925206475571347,"plaq_d"
"2386","STK25","Exc L6 CT",-0.0217055718554564,5.57019872389151,1.6521076395901,0.210313731494682,0.547261570411096,0.547261570411096,"plaq_d"
"2387","THAP4","Exc L6 CT",-0.000275507651339014,4.56295406507954,0.00016034327484081,0.989904171118747,0.999571689696322,0.999571689696322,"plaq_d"
"2388","ATG4B","Exc L6 CT",-0.0324208618768445,6.05315158682321,4.32045104648674,0.0383888057518532,0.23750693534632,0.23750693534632,"plaq_d"
"2389","DTYMK","Exc L6 CT",-0.0643236248895285,2.70428450999541,1.51648344474265,0.218983489369382,0.558370181179789,0.558370181179789,"plaq_d"
"2390","ING5","Exc L6 CT",-0.0303816806000547,5.58217638632885,3.19934940221081,0.0745367885430207,0.334799253624127,0.334799253624127,"plaq_d"
"2391","D2HGDH","Exc L6 CT",-0.0959842294204958,3.96132139992351,7.39611802887105,0.00686414733564435,0.092351649573772,0.092351649573772,"plaq_d"
"2392","RTP5","Exc L6 CT",0.0751682653768897,1.913288822368,0.849804711030327,0.357245872830416,0.699715861941043,0.699715861941043,"plaq_d"
"2393","LINC01880","Exc L6 CT",-0.18814106751385,3.2832282792071,5.82233739319215,0.0163399237591676,0.150884889311723,0.150884889311723,"plaq_d"
"2394","CHL1","Exc L6 CT",0.0388229237201942,8.61305156226185,9.53222475219289,0.00218098726665509,0.0464719693140782,0.0464719693140782,"plaq_d"
"2395","LINC01266","Exc L6 CT",-0.0757096785624815,1.45487854167754,0.250742210913929,0.616869317780696,0.86977969625572,0.86977969625572,"plaq_d"
"2396","CNTN6","Exc L6 CT",-0.0595311602179172,2.49865928703318,0.427071506016409,0.513860733821916,0.810747531402252,0.810747531402252,"plaq_d"
"2397","CNTN4","Exc L6 CT",0.0101749592119367,6.29354535052619,0.0240324408130795,0.876892219608308,0.981163755019913,0.981163755019913,"plaq_d"
"2398","TRNT1","Exc L6 CT",-0.0445998976540713,4.19127961274569,2.71048301603243,0.100593033660026,0.389598416080101,0.389598416080101,"plaq_d"
"2399","CRBN","Exc L6 CT",-0.00600073802339198,6.32227296769665,0.217425454050107,0.641300209692316,0.880660557668647,0.880660557668647,"plaq_d"
"2400","AC024060.1","Exc L6 CT",0.109807777065614,2.30900666204135,3.1493747124077,0.0768297155689777,0.341242055572818,0.341242055572818,"plaq_d"
"2401","AC034195.1","Exc L6 CT",0.00649735109375719,5.49918438178889,0.0430089639469186,0.835829627914631,0.968148824708539,0.968148824708539,"plaq_d"
"2402","SUMF1","Exc L6 CT",0.00659197857060899,6.93642158110212,0.108359292448392,0.742217755793088,0.929756136694974,0.929756136694974,"plaq_d"
"2403","LRRN1","Exc L6 CT",-0.0642822962631493,3.02710067026347,1.31393071278737,0.252471330186716,0.600083178336106,0.600083178336106,"plaq_d"
"2404","SETMAR","Exc L6 CT",-0.04748235143295,3.03963027092919,1.10100071707805,0.294774329886744,0.642338629408766,0.642338629408766,"plaq_d"
"2405","ITPR1-DT","Exc L6 CT",0.044257899623494,2.33797613554048,0.501453878029112,0.479335751749135,0.789352262889562,0.789352262889562,"plaq_d"
"2406","ITPR1","Exc L6 CT",0.0392391057761365,8.66447346239582,11.0552581750842,0.000978502604786466,0.0272466605386963,0.0272466605386963,"plaq_d"
"2407","AC018816.1","Exc L6 CT",-0.0494984956862856,4.98912847539928,3.30849161283347,0.0697815686093623,0.323820216517906,0.323820216517906,"plaq_d"
"2408","BHLHE40-AS1","Exc L6 CT",-0.00435820663437364,4.19114552156654,0.0131010381901612,0.908939309963253,0.989478998057174,0.989478998057174,"plaq_d"
"2409","BHLHE40","Exc L6 CT",0.0224240315438386,4.08496650562536,0.427133932648388,0.513829990665729,0.810747531402252,0.810747531402252,"plaq_d"
"2410","ARL8B","Exc L6 CT",0.0313469572658631,6.11467012913241,5.2814408422491,0.0221460392255929,0.177020755520064,0.177020755520064,"plaq_d"
"2411","AC026202.2","Exc L6 CT",-0.115686960751509,2.71285390263203,4.11351315913162,0.043302780932705,0.253409282238708,0.253409282238708,"plaq_d"
"2412","EDEM1","Exc L6 CT",-0.00116587148024206,4.22727424028253,0.00180582534824656,0.9661284517425,0.998742420766286,0.998742420766286,"plaq_d"
"2413","AC087857.1","Exc L6 CT",0.207166271861405,1.6532851733618,5.09124838894078,0.0246665939193652,0.187190451272104,0.187190451272104,"plaq_d"
"2414","AC026167.1","Exc L6 CT",0.00873523453805332,1.82818304985509,0.0090164468542977,0.924405212236953,0.993407704701672,0.993407704701672,"plaq_d"
"2415","AC069277.1","Exc L6 CT",-0.0412695206427742,1.82494159941321,0.156139997181897,0.692977439885361,0.905108258445804,0.905108258445804,"plaq_d"
"2416","GRM7","Exc L6 CT",-0.248403982795171,4.56848497844582,4.44031624824914,0.0358144451094887,0.229761475845009,0.229761475845009,"plaq_d"
"2417","LMCD1-AS1","Exc L6 CT",0.00546486870261616,5.94125717449889,0.0254503608051885,0.873342488934495,0.980302874204998,0.980302874204998,"plaq_d"
"2418","LMCD1","Exc L6 CT",0.0525230319764529,2.10896775967436,0.300466147204491,0.583941575701841,0.852322430026867,0.852322430026867,"plaq_d"
"2419","SSUH2","Exc L6 CT",0.00757821274954612,3.33667764677735,0.0361623489560295,0.849291430731428,0.972391253892604,0.972391253892604,"plaq_d"
"2420","CAV3","Exc L6 CT",-0.0736361297630559,2.76935449958002,1.65669428805763,0.198905196617933,0.534223733304433,0.534223733304433,"plaq_d"
"2421","OXTR","Exc L6 CT",-0.0142765275319351,2.87598959314775,0.0930883690468572,0.760469342291194,0.938454553768357,0.938454553768357,"plaq_d"
"2422","RAD18","Exc L6 CT",0.0168814007460501,6.27474003793962,0.940872019843383,0.3327269735385,0.677405955460366,0.677405955460366,"plaq_d"
"2423","SRGAP3","Exc L6 CT",0.0287230698676904,6.18568434785039,1.84242465419643,0.175546144536541,0.504191848587574,0.504191848587574,"plaq_d"
"2424","THUMPD3-AS1","Exc L6 CT",-0.0154109169222249,6.062790724977,0.852876202724463,0.356379458947686,0.698969848911565,0.698969848911565,"plaq_d"
"2425","THUMPD3","Exc L6 CT",-0.0157275853539449,3.81588940657787,0.237836642154443,0.763835477872001,0.939856416943879,0.939856416943879,"plaq_d"
"2426","SETD5","Exc L6 CT",0.00434081218053207,7.64316412756279,0.168399577048637,0.681790476929519,0.89872999026099,0.89872999026099,"plaq_d"
"2427","LHFPL4","Exc L6 CT",-0.0168329781324892,6.84374313596727,1.8899186068688,0.170095121300514,0.497296784370878,0.497296784370878,"plaq_d"
"2428","MTMR14","Exc L6 CT",-0.0363677358357217,4.52809325404434,2.14979639561989,0.143491291080074,0.459964512667277,0.459964512667277,"plaq_d"
"2429","CPNE9","Exc L6 CT",0.0443699496736178,4.47701470681339,1.74565295720387,0.187291695052248,0.520569941229343,0.520569941229343,"plaq_d"
"2430","BRPF1","Exc L6 CT",0.0257994952981054,2.84116075432186,0.274602002864064,0.600594674315254,0.860360398389652,0.860360398389652,"plaq_d"
"2431","OGG1","Exc L6 CT",-0.0438994561147804,4.08413497418884,2.54265154223951,0.111715807326332,0.409731073937559,0.409731073937559,"plaq_d"
"2432","CAMK1","Exc L6 CT",-0.0343154659428352,5.69168964819108,3.09046178474606,0.0796310580818273,0.347068941006959,0.347068941006959,"plaq_d"
"2433","TADA3","Exc L6 CT",0.0598198211471195,4.1621186893311,4.9341921745569,0.0269730341773724,0.196908620698505,0.196908620698505,"plaq_d"
"2434","TTLL3","Exc L6 CT",-0.0618879171890605,2.98971680568739,1.74073421895517,0.187912721062149,0.521234536784251,0.521234536784251,"plaq_d"
"2435","RPUSD3","Exc L6 CT",-0.0484347126336093,4.13571402999601,3.17818355589939,0.0754987693084671,0.337960286991509,0.337960286991509,"plaq_d"
"2436","JAGN1","Exc L6 CT",-0.0173279586431137,2.74606513818037,0.125473819915755,0.723386299752025,0.919537112491643,0.919537112491643,"plaq_d"
"2437","IL17RE","Exc L6 CT",-0.0562568844102828,2.16889631575832,0.659956528194043,0.417130345033674,0.746283771356192,0.746283771356192,"plaq_d"
"2438","IL17RC","Exc L6 CT",-0.00998681175365109,2.7751591552265,0.0278303297728231,0.867605173810209,0.978153659814532,0.978153659814532,"plaq_d"
"2439","CRELD1","Exc L6 CT",-0.000293406028739978,6.01735954263824,0.000257739772479957,0.987200286264526,0.999571689696322,0.999571689696322,"plaq_d"
"2440","PRRT3","Exc L6 CT",0.0325268300990754,4.99299928613095,2.49453983681957,0.115149732137924,0.415563707322269,0.415563707322269,"plaq_d"
"2441","EMC3","Exc L6 CT",-0.0103683747201994,5.26270067094111,0.264586479771516,0.607312861333724,0.864116890789822,0.864116890789822,"plaq_d"
"2442","FANCD2","Exc L6 CT",0.0146910122419203,2.96177277263245,0.102054450571086,0.749569581988249,0.933349594630062,0.933349594630062,"plaq_d"
"2443","BRK1","Exc L6 CT",-0.0199641777393791,5.35687345473085,1.01800021258607,0.313694450428042,0.657879462090935,0.657879462090935,"plaq_d"
"2444","VHL","Exc L6 CT",0.0122945333180637,4.68697560349153,0.297239164021584,0.762592706135863,0.939556000520751,0.939556000520751,"plaq_d"
"2445","IRAK2","Exc L6 CT",-0.00541771697727645,4.57465165694905,0.0332479572369939,0.855421845053942,0.974800354737319,0.974800354737319,"plaq_d"
"2446","GHRL","Exc L6 CT",-0.0982654935886075,2.16201811499666,1.71984755877479,0.190576757142397,0.523798488612588,0.523798488612588,"plaq_d"
"2447","GHRLOS","Exc L6 CT",0.0469237797438598,2.59484035551294,0.614472227866159,0.433641790787026,0.757698516826922,0.757698516826922,"plaq_d"
"2448","SEC13","Exc L6 CT",-0.0543809772372306,4.83273766463672,5.52456429696285,0.0193086828930128,0.16447798753125,0.16447798753125,"plaq_d"
"2449","ATP2B2","Exc L6 CT",-0.0065332704290947,8.89393286464553,0.415080770257174,0.519826082124383,0.813811715900621,0.813811715900621,"plaq_d"
"2450","SLC6A11","Exc L6 CT",0.0182901672402089,3.74175465816255,0.255629593770512,0.613458610928136,0.868574574392576,0.868574574392576,"plaq_d"
"2451","HRH1","Exc L6 CT",-0.0834081556347232,5.02611062953244,6.15239004142472,0.0135954518043378,0.136316305788002,0.136316305788002,"plaq_d"
"2452","ATG7","Exc L6 CT",-0.00948583922782519,7.72815152684351,0.698184628989621,0.403967344027255,0.736220147619231,0.736220147619231,"plaq_d"
"2453","VGLL4","Exc L6 CT",-0.0141211034680343,7.32466839886861,1.49365212396383,0.222477355621897,0.561990526677105,0.561990526677105,"plaq_d"
"2454","TAMM41","Exc L6 CT",-0.0359079001770247,5.80931922156734,3.43764854954345,0.0645717667616697,0.312060743297684,0.312060743297684,"plaq_d"
"2455","SYN2","Exc L6 CT",0.0444686430257935,8.79192849504201,13.4903809935368,0.000277469219191876,0.0123285397515007,0.0123285397515007,"plaq_d"
"2456","PPARG","Exc L6 CT",0.0404613550856376,5.11900014942911,1.8166167580261,0.178592761869874,0.508810884598993,0.508810884598993,"plaq_d"
"2457","TSEN2","Exc L6 CT",-0.036872935820849,6.17965302738722,6.07189598207169,0.0142174748702193,0.139996421499095,0.139996421499095,"plaq_d"
"2458","MKRN2OS","Exc L6 CT",-0.101927042942435,3.46050851966955,6.27639182587267,0.0126917114949202,0.131351458433408,0.131351458433408,"plaq_d"
"2459","MKRN2","Exc L6 CT",0.000787000959717468,4.4561575550158,0.000861704737451582,0.989671794310236,0.999571689696322,0.999571689696322,"plaq_d"
"2460","RAF1","Exc L6 CT",0.00544543686439476,6.49511884744237,0.175844607174484,0.756934203641462,0.937371276885589,0.937371276885589,"plaq_d"
"2461","CAND2","Exc L6 CT",-0.0360019373333482,5.02505027793106,2.56567980485179,0.11011238656676,0.407920205099093,0.407920205099093,"plaq_d"
"2462","RPL32","Exc L6 CT",-0.0643072621137386,5.61393073444502,3.58407409405239,0.0591648663557382,0.300224679611282,0.300224679611282,"plaq_d"
"2463","IQSEC1","Exc L6 CT",-0.00505523133114093,7.82277164861887,0.20100020845806,0.654193561029434,0.887204269979093,0.887204269979093,"plaq_d"
"2464","NUP210","Exc L6 CT",0.000212583755202904,5.29580527907195,9.19025295073923e-05,0.992356622548919,0.999571689696322,0.999571689696322,"plaq_d"
"2465","HDAC11","Exc L6 CT",-0.049907839607229,4.00777191836698,2.81295049259339,0.0944036700204483,0.378140020482575,0.378140020482575,"plaq_d"
"2466","WNT7A","Exc L6 CT",-0.051636379024682,3.31815442526177,1.24753271460111,0.264794357389195,0.611678364726388,0.611678364726388,"plaq_d"
"2467","CHCHD4","Exc L6 CT",0.108385352044264,2.33149967870024,3.29870401982295,0.0701943740588661,0.324508095360127,0.324508095360127,"plaq_d"
"2468","TMEM43","Exc L6 CT",-0.0745835948203856,3.45923839489611,4.20099651910169,0.0411489581294728,0.246209643072273,0.246209643072273,"plaq_d"
"2469","XPC","Exc L6 CT",-0.0237274554204105,4.94016494489535,1.18208790300715,0.336410406442203,0.681052483636895,0.681052483636895,"plaq_d"
"2470","LSM3","Exc L6 CT",-0.0243043658766806,3.91806253023901,0.52203747854065,0.470458829660531,0.783155100808627,0.783155100808627,"plaq_d"
"2471","SLC6A6","Exc L6 CT",-0.0151682125650637,4.86803953530315,0.371937097066864,0.542348053307198,0.828340294560607,0.828340294560607,"plaq_d"
"2472","GRIP2","Exc L6 CT",0.0172998357641389,3.55050186696525,0.0997775230817015,0.752286030545119,0.934880477397969,0.934880477397969,"plaq_d"
"2473","CCDC174","Exc L6 CT",-0.013977468345337,4.4854294737667,0.335597391916035,0.562756172670379,0.839495628259055,0.839495628259055,"plaq_d"
"2474","C3orf20","Exc L6 CT",0.0994622064789826,3.6695675882225,5.36699404197252,0.0211011491393994,0.172529593308306,0.172529593308306,"plaq_d"
"2475","FGD5-AS1","Exc L6 CT",0.0546823225246364,5.17108601366489,8.07618100476923,0.00474930540240838,0.0751329676627154,0.0751329676627154,"plaq_d"
"2476","NR2C2","Exc L6 CT",-0.0204251777750674,6.07165903978913,1.97000315432702,0.161338706425403,0.485428140506725,0.485428140506725,"plaq_d"
"2477","MRPS25","Exc L6 CT",-0.0124176003883475,5.58470047105326,0.523207461017456,0.548445545082946,0.831225357967915,0.831225357967915,"plaq_d"
"2478","RBSN","Exc L6 CT",-0.0133017601866783,5.10347780445598,0.444633137296341,0.505336277397685,0.805890473379344,0.805890473379344,"plaq_d"
"2479","CAPN7","Exc L6 CT",0.0033791838870141,6.35401563501392,0.0630835896817675,0.866436422376658,0.977776797232387,0.977776797232387,"plaq_d"
"2480","SH3BP5-AS1","Exc L6 CT",0.136776666496829,2.57470082925031,6.44393500732752,0.0115681343106056,0.125120106337699,0.125120106337699,"plaq_d"
"2481","SH3BP5","Exc L6 CT",-0.0120434310808158,6.86121327337698,0.357568032816077,0.550248720883025,0.831593351697929,0.831593351697929,"plaq_d"
"2482","METTL6","Exc L6 CT",-0.0163468211377301,6.38558342477596,1.29294059713097,0.256288631976771,0.60396086027263,0.60396086027263,"plaq_d"
"2483","EAF1","Exc L6 CT",0.00403522340647908,4.01441782889151,0.0171251320562654,0.89595923603539,0.986281603373151,0.986281603373151,"plaq_d"
"2484","COLQ","Exc L6 CT",-0.0164427564363366,6.34278814383708,0.971102190646628,0.325089700148143,0.669814129573876,0.669814129573876,"plaq_d"
"2485","HACL1","Exc L6 CT",0.0135454877984528,6.26298078642838,0.926030694295922,0.342779611795722,0.686990017733888,0.686990017733888,"plaq_d"
"2486","BTD","Exc L6 CT",-0.00388537430191482,3.81191985136264,0.0133618450677475,0.908041389933872,0.989420650042586,0.989420650042586,"plaq_d"
"2487","ANKRD28","Exc L6 CT",0.014339377219761,7.01381797086036,1.3322081848011,0.249204327587991,0.596234917725897,0.596234917725897,"plaq_d"
"2488","GALNT15","Exc L6 CT",-0.0748717348896197,3.38543631556301,2.50456200154471,0.114424887575503,0.414280896100208,0.414280896100208,"plaq_d"
"2489","DPH3","Exc L6 CT",0.0456293177041783,2.94980000587065,0.974118907592704,0.476342086643009,0.788571835247557,0.788571835247557,"plaq_d"
"2490","OXNAD1","Exc L6 CT",-0.0213646579984725,5.87473923738252,1.73767599324122,0.188300056350631,0.521434876041272,0.521434876041272,"plaq_d"
"2491","RFTN1","Exc L6 CT",0.0181192530797659,5.38250508491216,0.275318492778738,0.600120084095949,0.860319531034184,0.860319531034184,"plaq_d"
"2492","PLCL2","Exc L6 CT",0.00396415448306358,7.67441093069259,0.116509281579621,0.733057619340677,0.925206475571347,0.925206475571347,"plaq_d"
"2493","TBC1D5","Exc L6 CT",0.0293458395371636,8.54424478886853,8.31596728988337,0.00417418201674534,0.0697927111650011,0.0697927111650011,"plaq_d"
"2494","EFHB","Exc L6 CT",-0.0784390275137177,2.3911504753948,0.779812176352682,0.377807852859674,0.714168457732791,0.714168457732791,"plaq_d"
"2495","RAB5A","Exc L6 CT",-0.00279957720379794,5.35798505849029,0.0263709156825359,0.897038972524253,0.986400474577166,0.986400474577166,"plaq_d"
"2496","KAT2B","Exc L6 CT",0.0122084355472222,5.69847701064483,0.310577716319474,0.577683953033692,0.848952448741632,0.848952448741632,"plaq_d"
"2497","ZNF385D","Exc L6 CT",0.0047468286825215,7.33221974747275,0.025127372542329,0.874141983618335,0.980302874204998,0.980302874204998,"plaq_d"
"2498","UBE2E2","Exc L6 CT",0.031760633835397,8.9902301512826,11.2361598919152,0.000890299493589263,0.0258924272923455,0.0258924272923455,"plaq_d"
"2499","UBE2E1","Exc L6 CT",-0.022346753707374,4.9373450046317,0.944307408425247,0.331847096736638,0.676284088989331,0.676284088989331,"plaq_d"
"2500","NKIRAS1","Exc L6 CT",0.016634739919799,4.31681087664291,0.469748406043201,0.493558965519618,0.799151308845645,0.799151308845645,"plaq_d"
"2501","RPL15","Exc L6 CT",0.0362373496296652,6.48565298589427,4.54564206242995,0.0337021051245047,0.222353577164239,0.222353577164239,"plaq_d"
"2502","NR1D2","Exc L6 CT",0.0231904896684228,6.0789823386248,1.87677384498596,0.171583986612184,0.499066980448564,0.499066980448564,"plaq_d"
"2503","THRB","Exc L6 CT",0.0336908510143476,8.93934537482601,9.39814471154552,0.00234178204826338,0.0488872635199871,0.0488872635199871,"plaq_d"
"2504","AC092422.1","Exc L6 CT",-0.172119062278079,1.54801363345828,1.64609886879654,0.200344049612088,0.536087906731529,0.536087906731529,"plaq_d"
"2505","RARB","Exc L6 CT",-0.0613168402260926,2.76194766919354,0.404434173696065,0.525225873919349,0.817207495258297,0.817207495258297,"plaq_d"
"2506","TOP2B","Exc L6 CT",0.0104887219562874,6.3434146585785,0.638717400193973,0.424720449422282,0.751434144505804,0.751434144505804,"plaq_d"
"2507","NGLY1","Exc L6 CT",0.0172169322751751,5.98787365662723,1.2591856673626,0.262578487936256,0.609171698029438,0.609171698029438,"plaq_d"
"2508","OXSM","Exc L6 CT",-0.0147829216670941,3.05007410101993,0.121483841350157,0.966871696946966,0.998742420766286,0.998742420766286,"plaq_d"
"2509","LRRC3B","Exc L6 CT",-0.0154281728337745,6.24656599190448,0.585575534258334,0.444653500790262,0.766155810577692,0.766155810577692,"plaq_d"
"2510","NEK10","Exc L6 CT",-0.0180454488921172,6.71571809309951,1.18818432930421,0.276449879960686,0.624768048966096,0.624768048966096,"plaq_d"
"2511","SLC4A7","Exc L6 CT",0.0349545803994405,4.83702248734644,2.09048283580425,0.149118678348518,0.468681612055395,0.468681612055395,"plaq_d"
"2512","CMC1","Exc L6 CT",0.00911801287391248,5.75170706894533,0.241734636790811,0.623265857488043,0.872864237883659,0.872864237883659,"plaq_d"
"2513","AZI2","Exc L6 CT",-0.0110602660131874,5.19188596507429,0.248632945516206,0.618354148568866,0.870841076273111,0.870841076273111,"plaq_d"
"2514","AC098650.1","Exc L6 CT",0.0237027559271262,3.80307577475829,0.522103818021523,0.470430652381936,0.783155100808627,0.783155100808627,"plaq_d"
"2515","RBMS3","Exc L6 CT",0.0465721815764643,2.92744917367106,0.795814700299816,0.372963723590072,0.710955389314004,0.710955389314004,"plaq_d"
"2516","GADL1","Exc L6 CT",-0.105137148131665,3.07210329265774,2.48956213742258,0.11551162949581,0.416087162325362,0.416087162325362,"plaq_d"
"2517","STT3B","Exc L6 CT",0.000657742740876965,6.21700931832984,0.00212566383697351,0.963253053489952,0.998742420766286,0.998742420766286,"plaq_d"
"2518","OSBPL10","Exc L6 CT",0.00549984450640164,7.49676864595885,0.140216444455992,0.708293871072717,0.911731600205593,0.911731600205593,"plaq_d"
"2519","OSBPL10-AS1","Exc L6 CT",0.00843971176887561,2.12258969370639,0.0193408921206187,0.889474020244186,0.984904368079323,0.984904368079323,"plaq_d"
"2520","ZNF860","Exc L6 CT",-0.0511115249559823,2.52950551616969,0.806843796655046,0.369675725885094,0.709013022893926,0.709013022893926,"plaq_d"
"2521","GPD1L","Exc L6 CT",0.0384414050465654,5.33586541376865,4.49545497940011,0.0346918068679038,0.22531474711764,0.22531474711764,"plaq_d"
"2522","CMTM8","Exc L6 CT",-0.0531136688335401,2.20600939074591,0.357997929375824,0.550009236225679,0.831593351697929,0.831593351697929,"plaq_d"
"2523","CMTM6","Exc L6 CT",-0.02082337799597,2.97491226822747,0.179344685997256,0.672198478229949,0.895548968504857,0.895548968504857,"plaq_d"
"2524","DYNC1LI1","Exc L6 CT",0.0184285923094018,5.29516464357818,0.895480343967209,0.344652716966353,0.688253643147124,0.688253643147124,"plaq_d"
"2525","CNOT10","Exc L6 CT",-0.0199385627668551,5.96416395121579,1.97351602217286,0.160966612456915,0.484883871304623,0.484883871304623,"plaq_d"
"2526","TRIM71","Exc L6 CT",-0.0876850892102895,2.55554286485863,1.81529586279308,0.178750333930287,0.508899812308987,0.508899812308987,"plaq_d"
"2527","GLB1","Exc L6 CT",-0.021333550022621,5.91618594657928,1.74259222665611,0.18767785210357,0.521182553796873,0.521182553796873,"plaq_d"
"2528","CRTAP","Exc L6 CT",0.0126972373232852,4.1598424036784,0.20909255447593,0.659414771394323,0.889768024087794,0.889768024087794,"plaq_d"
"2529","SUSD5","Exc L6 CT",-0.0643554339085806,3.17739099180974,1.43632779366931,0.23154956365035,0.575913531152461,0.575913531152461,"plaq_d"
"2530","FBXL2","Exc L6 CT",0.0214655330232243,7.18072616677829,2.42907221353958,0.120011779504357,0.422831516824454,0.422831516824454,"plaq_d"
"2531","UBP1","Exc L6 CT",-0.000842973897716605,6.03105734242731,0.00335918502726319,0.953814949837758,0.998216253735524,0.998216253735524,"plaq_d"
"2532","CLASP2","Exc L6 CT",0.0183862284125061,9.30545743511743,5.50726448544699,0.0194975004474893,0.165092310034384,0.165092310034384,"plaq_d"
"2533","PDCD6IP","Exc L6 CT",-0.0217376225243184,6.31681290577983,2.91603633520731,0.08859440958071,0.364714075013984,0.364714075013984,"plaq_d"
"2534","LINC01811","Exc L6 CT",0.0395977309663319,6.39737296753575,1.46289707670064,0.227290283208442,0.569238591540337,0.569238591540337,"plaq_d"
"2535","ARPP21","Exc L6 CT",0.0128641814580614,9.92558503957095,1.30414278529912,0.254242578172195,0.602037523561077,0.602037523561077,"plaq_d"
"2536","TRANK1","Exc L6 CT",-0.0137363743248879,6.32913955096967,0.780080226957228,0.632728834710643,0.877530279816419,0.877530279816419,"plaq_d"
"2537","EPM2AIP1","Exc L6 CT",0.0297346061835401,6.10182192082427,4.1845457358404,0.0415451689651074,0.247376747199256,0.247376747199256,"plaq_d"
"2538","MLH1","Exc L6 CT",-0.0257374011303141,4.77969350011639,1.25912726720939,0.262589535318648,0.609171698029438,0.609171698029438,"plaq_d"
"2539","LRRFIP2","Exc L6 CT",-0.00441989100494814,7.27950454791232,0.150216172776242,0.750488425323964,0.934119952530156,0.934119952530156,"plaq_d"
"2540","GOLGA4","Exc L6 CT",-0.0128498860308448,7.81911008575092,1.58211047562616,0.233479748817412,0.578614987773361,0.578614987773361,"plaq_d"
"2541","ITGA9","Exc L6 CT",-0.0243719573146334,7.81228160675709,1.44214007705012,0.23060961817796,0.574468950214555,0.574468950214555,"plaq_d"
"2542","CTDSPL","Exc L6 CT",0.0160150571528941,7.98203306179025,1.3900592564926,0.239200095107093,0.584143268729722,0.584143268729722,"plaq_d"
"2543","VILL","Exc L6 CT",0.0246011012276491,3.57700558184324,0.492458071881319,0.483301638335363,0.792077685049623,0.792077685049623,"plaq_d"
"2544","PLCD1","Exc L6 CT",0.0401545082716509,1.99359027563558,0.330722972651675,0.565605093297096,0.840815732927328,0.840815732927328,"plaq_d"
"2545","DLEC1","Exc L6 CT",-0.0240072161099182,1.60948835043239,0.0566932769604181,0.811940873802219,0.959327443190962,0.959327443190962,"plaq_d"
"2546","ACAA1","Exc L6 CT",-0.0276574286951246,4.83371898622593,1.30274491339678,0.254496790939637,0.602037523561077,0.602037523561077,"plaq_d"
"2547","OXSR1","Exc L6 CT",0.00727520712772815,6.44595786925481,0.337783302867013,0.746928214845949,0.931783239248031,0.931783239248031,"plaq_d"
"2548","SLC22A13","Exc L6 CT",0.0508480891013297,2.58173262568592,0.790872758401814,0.374450328176357,0.711074192208887,0.711074192208887,"plaq_d"
"2549","SLC22A14","Exc L6 CT",0.019452891648363,4.3531189895922,0.465198203081856,0.495657995293175,0.800314984403269,0.800314984403269,"plaq_d"
"2550","XYLB","Exc L6 CT",-0.0536176592123509,5.89783911031769,9.81126298711309,0.00188146692643073,0.0423212466764013,0.0423212466764013,"plaq_d"
"2551","ACVR2B","Exc L6 CT",0.00982800936168315,4.64995435145396,0.171525735173726,0.679014385862834,0.897086621670459,0.897086621670459,"plaq_d"
"2552","EXOG","Exc L6 CT",0.000849970104713081,5.00542802730771,0.00148770926347554,0.969254660238898,0.998742420766286,0.998742420766286,"plaq_d"
"2553","WDR48","Exc L6 CT",-0.0406365612891374,5.58522521610538,6.02714142677702,0.0145759772385808,0.1421610177928,0.1421610177928,"plaq_d"
"2554","GORASP1","Exc L6 CT",0.0694800852133507,3.50483817300824,4.04952679627452,0.0449533672001234,0.258239694418586,0.258239694418586,"plaq_d"
"2555","TTC21A","Exc L6 CT",-0.003087884522947,5.17630370413814,0.0204430446518935,0.886389330139511,0.984501043664535,0.984501043664535,"plaq_d"
"2556","CSRNP1","Exc L6 CT",0.0882125225415632,2.44129345111073,1.79267947070257,0.181473474187788,0.511592188745267,0.511592188745267,"plaq_d"
"2557","SLC25A38","Exc L6 CT",0.00874175162594752,3.91494996568582,0.0892686783232978,0.765287179092027,0.940705539835033,0.940705539835033,"plaq_d"
"2558","RPSA","Exc L6 CT",3.36966374157174e-05,5.34639898842491,3.93872778329348e-06,0.998417637643287,0.999906738276838,0.999906738276838,"plaq_d"
"2559","MOBP","Exc L6 CT",0.439332336686275,1.45507503752288,12.5707073737945,0.000445392256106461,0.0163986366212497,0.0163986366212497,"plaq_d"
"2560","MYRIP","Exc L6 CT",0.0147468754031028,8.74571435976398,1.38509156167559,0.240039656168014,0.585299947526207,0.585299947526207,"plaq_d"
"2561","EIF1B","Exc L6 CT",0.0210120031260901,5.53509554685481,1.27833354479746,0.258987285664081,0.606240807222783,0.606240807222783,"plaq_d"
"2562","ENTPD3-AS1","Exc L6 CT",0.0285280205825543,3.40417462861699,0.52307263821299,0.470019462416293,0.783067016762799,0.783067016762799,"plaq_d"
"2563","ENTPD3","Exc L6 CT",0.0214536522245667,4.31132929656005,0.540339580266275,0.462786822825132,0.777832878485497,0.777832878485497,"plaq_d"
"2564","RPL14","Exc L6 CT",-0.0377643299916541,6.21591749386686,1.92776324452141,0.165890938051145,0.491684130877771,0.491684130877771,"plaq_d"
"2565","ZNF621","Exc L6 CT",-0.0311206653069699,3.94080801586126,1.02313953301226,0.312477822018764,0.656834635074983,0.656834635074983,"plaq_d"
"2566","CTNNB1","Exc L6 CT",0.00989123435395152,5.79820388186381,0.293625354055187,0.817072088047989,0.961544165743387,0.961544165743387,"plaq_d"
"2567","ULK4","Exc L6 CT",-0.00619317103674157,6.96190456379018,0.17791700477793,0.673429771849281,0.895548968504857,0.895548968504857,"plaq_d"
"2568","TRAK1","Exc L6 CT",-0.00385406082373345,6.2981415832271,0.076319768222687,0.782512024093863,0.948441504880048,0.948441504880048,"plaq_d"
"2569","CCK","Exc L6 CT",-0.178728324155426,2.65960732416453,1.64671481976185,0.200260068552677,0.536056253415691,0.536056253415691,"plaq_d"
"2570","VIPR1","Exc L6 CT",-0.0335029763058764,5.71204580458266,2.64001449913417,0.105107383521977,0.39808433319174,0.39808433319174,"plaq_d"
"2571","VIPR1-AS1","Exc L6 CT",-0.240020613121422,2.10798547175794,10.605068398916,0.00123862500626134,0.031718439862975,0.031718439862975,"plaq_d"
"2572","SEC22C","Exc L6 CT",0.0194456186214177,4.75107527148548,0.822420640240583,0.453174569251878,0.773799205189187,0.773799205189187,"plaq_d"
"2573","SS18L2","Exc L6 CT",0.0408324983635567,4.25268926018917,1.91557576226137,0.167231669269193,0.493738127727503,0.493738127727503,"plaq_d"
"2574","NKTR","Exc L6 CT",-0.0216347548762184,7.40884158488828,3.47972171915948,0.0629660170219005,0.308739366841717,0.308739366841717,"plaq_d"
"2575","AC006059.1","Exc L6 CT",-0.0327251716940899,4.02405011012221,1.0491210630246,0.306420657960804,0.65206678374039,0.65206678374039,"plaq_d"
"2576","ZBTB47","Exc L6 CT",-0.050591013788362,2.13347062010608,0.555824482166144,0.533646802654923,0.821732738369909,0.821732738369909,"plaq_d"
"2577","CCDC13","Exc L6 CT",-0.0338556671337715,2.66447248060032,0.400887761651444,0.527046756334908,0.818249913461131,0.818249913461131,"plaq_d"
"2578","AC099329.3","Exc L6 CT",0.0189527468003311,3.1272760433127,0.208283045722147,0.771227874454419,0.943332471318999,0.943332471318999,"plaq_d"
"2579","AC092042.3","Exc L6 CT",0.0427140153223911,3.57551184066727,1.15049648597905,0.284188062129573,0.630672320397307,0.630672320397307,"plaq_d"
"2580","POMGNT2","Exc L6 CT",0.0171178121456954,3.76102620237204,0.283959075365835,0.594457879584665,0.858178359055309,0.858178359055309,"plaq_d"
"2581","SNRK","Exc L6 CT",-0.0339317102929365,5.09030551027637,2.74775276241167,0.0982918486900741,0.384677721104138,0.384677721104138,"plaq_d"
"2582","ANO10","Exc L6 CT",-0.00446808220086319,6.49801354926604,0.0976604611355189,0.754842514429529,0.936381976538346,0.936381976538346,"plaq_d"
"2583","ABHD5","Exc L6 CT",-0.0635241018728154,4.63251702196953,6.80737883246352,0.00946966620728047,0.111925545747134,0.111925545747134,"plaq_d"
"2584","AC006058.1","Exc L6 CT",0.0160999076438372,4.89842320270252,0.446764274829967,0.504318409695027,0.80570056885691,0.80570056885691,"plaq_d"
"2585","TOPAZ1","Exc L6 CT",-0.00495345694508227,1.6768175059816,0.000787515727974773,0.977628211723,0.999093977007575,0.999093977007575,"plaq_d"
"2586","TCAIM","Exc L6 CT",0.00129172420591709,6.34699286084728,0.00684490291381776,0.93411064616196,0.995676697651708,0.995676697651708,"plaq_d"
"2587","ZNF445","Exc L6 CT",-0.0391818650047852,5.35253817827338,3.95003896366454,0.0476533035477562,0.266725100261858,0.266725100261858,"plaq_d"
"2588","ZNF852","Exc L6 CT",-0.0164883371115745,3.16375312014225,0.167091333179985,0.682961165085699,0.899451919547499,0.899451919547499,"plaq_d"
"2589","ZKSCAN7","Exc L6 CT",-0.0605940144842893,2.72131790857101,1.42640334379702,0.233165262203256,0.578002599737342,0.578002599737342,"plaq_d"
"2590","AC099669.1","Exc L6 CT",-0.0196708798495793,5.34664368886497,0.863983046708086,0.35327039397699,0.696287047055414,0.696287047055414,"plaq_d"
"2591","ZNF197","Exc L6 CT",-0.055622394297287,5.11189169832031,6.33597446151232,0.0122797645090502,0.129454277053199,0.129454277053199,"plaq_d"
"2592","ZNF35","Exc L6 CT",-0.0360799517290084,3.23490168070709,0.904841294178142,0.342146694136237,0.686391277701402,0.686391277701402,"plaq_d"
"2593","ZNF502","Exc L6 CT",0.0159313695043754,2.99025761322703,0.115066794572691,0.81194397929262,0.959327443190962,0.959327443190962,"plaq_d"
"2594","KIAA1143","Exc L6 CT",-0.00185596177695094,3.56455306816882,0.00263233781756345,0.959110856934271,0.998742420766286,0.998742420766286,"plaq_d"
"2595","KIF15","Exc L6 CT",-0.0365941391929333,2.9206017653931,0.585451437848377,0.535242092305777,0.823132695313959,0.823132695313959,"plaq_d"
"2596","ZDHHC3","Exc L6 CT",0.048434016398672,4.73632818086621,5.12464552115971,0.0242032433137011,0.185335048268107,0.185335048268107,"plaq_d"
"2597","EXOSC7","Exc L6 CT",-0.0576843058392639,4.58207873879279,5.28766075255635,0.0220682887736233,0.176497269547267,0.176497269547267,"plaq_d"
"2598","CDCP1","Exc L6 CT",-0.0872921427963677,2.0494338266051,1.13833035254238,0.286744595574544,0.63331930007535,0.63331930007535,"plaq_d"
"2599","TMEM158","Exc L6 CT",0.0254432935301531,2.4530571664458,0.111477159066713,0.738669626118275,0.928254375311796,0.928254375311796,"plaq_d"
"2600","LARS2","Exc L6 CT",-0.026918029898308,5.45144656142335,2.13270702808903,0.14508760924954,0.461587010553896,0.461587010553896,"plaq_d"
"2601","LIMD1","Exc L6 CT",-0.00525074337289161,2.4195716484742,0.00830325252731382,0.960442055492349,0.998742420766286,0.998742420766286,"plaq_d"
"2602","SACM1L","Exc L6 CT",0.00689505955028787,5.37444159598636,0.173325489131935,0.825320199258078,0.963985585882276,0.963985585882276,"plaq_d"
"2603","LZTFL1","Exc L6 CT",0.0717112689900783,4.55038092276492,9.04653663553904,0.00282338643741732,0.0550751641640375,0.0550751641640375,"plaq_d"
"2604","FYCO1","Exc L6 CT",-0.000475986650944016,2.2853836663802,4.97394707835786e-05,0.994376907665195,0.999654327007552,0.999654327007552,"plaq_d"
"2605","LRRC2","Exc L6 CT",0.155492607082057,2.95463505221397,3.87083544383677,0.0499254960335853,0.273696664470485,0.273696664470485,"plaq_d"
"2606","PTH1R","Exc L6 CT",-0.103855647287328,1.51139359486055,0.644969091089523,0.422464978775507,0.749914406220986,0.749914406220986,"plaq_d"
"2607","CCDC12","Exc L6 CT",-0.0405624111015753,4.9581785973938,3.7449528845797,0.0537767098163681,0.285373974489064,0.285373974489064,"plaq_d"
"2608","NBEAL2","Exc L6 CT",-0.0265019535866345,3.41824488744514,0.590117683172929,0.444323839108372,0.76577109874346,0.76577109874346,"plaq_d"
"2609","SETD2","Exc L6 CT",-0.000810142896598051,7.43651559115821,0.00659549454842551,0.93531949928976,0.995807904957585,0.995807904957585,"plaq_d"
"2610","KIF9-AS1","Exc L6 CT",-0.000303971611794965,7.24593345043895,0.000526521448967535,0.981706447108708,0.999571689696322,0.999571689696322,"plaq_d"
"2611","KIF9","Exc L6 CT",-0.0754362793232236,4.41623489588263,6.77366462193017,0.00964664588404485,0.113032231832698,0.113032231832698,"plaq_d"
"2612","KLHL18","Exc L6 CT",-0.0225275699357813,5.25441880212508,1.5135841360201,0.2194235040423,0.558706652863447,0.558706652863447,"plaq_d"
"2613","AC099778.1","Exc L6 CT",-0.0611621548977102,2.96710415059212,1.84598474817113,0.175130615792369,0.50343058006129,0.50343058006129,"plaq_d"
"2614","PTPN23","Exc L6 CT",0.0115274832830912,4.44824851143136,0.207149403873044,0.649294560412649,0.88448566348415,0.88448566348415,"plaq_d"
"2615","SCAP","Exc L6 CT",-0.010830983236503,5.74132357755959,0.441922816212639,0.506635878194435,0.806312025096312,0.806312025096312,"plaq_d"
"2616","ELP6","Exc L6 CT",-0.0453666065653095,4.48601120685434,3.1174684600174,0.0783334030753857,0.343832804644757,0.343832804644757,"plaq_d"
"2617","CSPG5","Exc L6 CT",0.00707753545204554,4.60453256847459,0.0988466386268508,0.816403737936214,0.961176017055942,0.961176017055942,"plaq_d"
"2618","SMARCC1","Exc L6 CT",-0.00974729716978917,6.12576191805241,0.386305453989688,0.534654534901329,0.822580601094318,0.822580601094318,"plaq_d"
"2619","DHX30","Exc L6 CT",-0.0253284427044297,5.93596424020482,3.25146488718852,0.0722240336199997,0.329134912311971,0.329134912311971,"plaq_d"
"2620","MAP4","Exc L6 CT",-0.00238250204438755,6.19147950041848,0.0189483982832283,0.890594087697278,0.984904368079323,0.984904368079323,"plaq_d"
"2621","ZNF589","Exc L6 CT",-0.0239085341369119,5.70385930468732,1.71395710797258,0.191336037114214,0.524961614312222,0.524961614312222,"plaq_d"
"2622","NME6","Exc L6 CT",0.0220378000987056,3.02449293558259,0.245665554664658,0.687414210853195,0.90212310849421,0.90212310849421,"plaq_d"
"2623","SPINK8","Exc L6 CT",-0.113599572565794,1.9319598245233,2.05337035039802,0.152766886042129,0.474411678527541,0.474411678527541,"plaq_d"
"2624","FBXW12","Exc L6 CT",-0.0596652266300711,2.73653952686047,1.17271415064571,0.279593589982917,0.626673214891366,0.626673214891366,"plaq_d"
"2625","CCDC51","Exc L6 CT",-0.0193764105696022,2.20638466679869,0.0889031448549161,0.765754078464425,0.940830074597276,0.940830074597276,"plaq_d"
"2626","TMA7","Exc L6 CT",-0.000516970677819071,5.2798246301716,0.00043807811459231,0.983313232116286,0.999571689696322,0.999571689696322,"plaq_d"
"2627","ATRIP","Exc L6 CT",0.0139917029146078,3.15478756534414,0.106036652190204,0.744897866682035,0.9313232179284,0.9313232179284,"plaq_d"
"2628","SHISA5","Exc L6 CT",-0.0336862540830847,4.7447106654641,2.01867867115375,0.156269169025599,0.47824212527477,0.47824212527477,"plaq_d"
"2629","PFKFB4","Exc L6 CT",-0.00364371241095843,3.92146098385629,0.0117986102890813,0.913565346922056,0.989967061646606,0.989967061646606,"plaq_d"
"2630","COL7A1","Exc L6 CT",-0.0645285858161142,3.56691032243408,2.79678249415886,0.0953519349947712,0.380404272861882,0.380404272861882,"plaq_d"
"2631","UQCRC1","Exc L6 CT",-0.059840051033572,4.55814085326165,5.56401469456277,0.0191585666697898,0.163808619409456,0.163808619409456,"plaq_d"
"2632","SLC26A6","Exc L6 CT",-0.119468440290815,2.23524557389841,3.09093508082774,0.0796081172932927,0.347068941006959,0.347068941006959,"plaq_d"
"2633","CELSR3","Exc L6 CT",0.0308620984384262,4.26092617306679,1.30983173724288,0.253211231778964,0.600531942782533,0.600531942782533,"plaq_d"
"2634","NCKIPSD","Exc L6 CT",0.0470323230467282,4.92424357300968,3.99820348521658,0.0463253701302289,0.263405462101121,0.263405462101121,"plaq_d"
"2635","IP6K2","Exc L6 CT",-0.0142641404810137,5.49716747480007,0.604764870648766,0.482825627427151,0.792077685049623,0.792077685049623,"plaq_d"
"2636","PRKAR2A","Exc L6 CT",0.0135747861776385,6.52109189672964,1.03078200887013,0.310680011406426,0.655258498716168,0.655258498716168,"plaq_d"
"2637","SLC25A20","Exc L6 CT",-0.0796301352671894,2.25751910933347,1.47867760463773,0.224805268412682,0.565193266515714,0.565193266515714,"plaq_d"
"2638","ARIH2","Exc L6 CT",-0.0290989876101411,6.29137160483124,4.95962503869935,0.0265847771610491,0.195761868036042,0.195761868036042,"plaq_d"
"2639","P4HTM","Exc L6 CT",-0.0280776935757585,5.97511387046823,3.14520185835287,0.0770245898918323,0.341242055572818,0.341242055572818,"plaq_d"
"2640","WDR6","Exc L6 CT",0.0115667869908946,4.91653690679187,0.263718012081407,0.607902956532938,0.864503700706133,0.864503700706133,"plaq_d"
"2641","DALRD3","Exc L6 CT",-0.0331350546931444,3.34877927067522,0.811855926742822,0.504299544794244,0.80570056885691,0.80570056885691,"plaq_d"
"2642","NDUFAF3","Exc L6 CT",-0.0409691673370377,3.02142840439648,0.765458383645255,0.382228792972091,0.717788377723222,0.717788377723222,"plaq_d"
"2643","IMPDH2","Exc L6 CT",-0.001793862322584,2.35714237727026,0.000725180171692442,0.978531654921797,0.999286493881974,0.999286493881974,"plaq_d"
"2644","QRICH1","Exc L6 CT",-0.0226540929901607,6.0020575314913,2.14604443653897,0.143840053529026,0.46036492009868,0.46036492009868,"plaq_d"
"2645","QARS","Exc L6 CT",-0.0675996983171257,3.12366139370901,2.40292152532008,0.122017283721376,0.426417382518949,0.426417382518949,"plaq_d"
"2646","USP19","Exc L6 CT",0.0363701199754325,3.36991605764163,1.01728587101521,0.313864046837578,0.657959919408292,0.657959919408292,"plaq_d"
"2647","CCDC71","Exc L6 CT",-0.0269178176500418,2.13410366969346,0.144555055419516,0.704025831359081,0.910090634312678,0.910090634312678,"plaq_d"
"2648","KLHDC8B","Exc L6 CT",-0.0421666556527497,2.20858360019155,0.439922031711678,0.507598949699775,0.806848758684147,0.806848758684147,"plaq_d"
"2649","CCDC36","Exc L6 CT",0.0917376652843086,1.95272807351278,1.6959237710244,0.193682664462836,0.52757911780643,0.52757911780643,"plaq_d"
"2650","C3orf62","Exc L6 CT",0.0181152401206318,4.22178311006988,0.371991455046927,0.542318564908203,0.828340294560607,0.828340294560607,"plaq_d"
"2651","USP4","Exc L6 CT",-0.0289945168975429,5.63292476610089,3.26166350385583,0.0717805561151896,0.327969234859831,0.327969234859831,"plaq_d"
"2652","RHOA","Exc L6 CT",1.34640535853579e-05,5.2661166696841,4.95554111743659e-07,0.999438727516362,0.999906738276838,0.999906738276838,"plaq_d"
"2653","TCTA","Exc L6 CT",-0.0263920491401566,4.04322246416501,0.826262173110111,0.433958053388811,0.757698516826922,0.757698516826922,"plaq_d"
"2654","DAG1","Exc L6 CT",-0.0248436229143144,4.68510400830596,1.18908900958975,0.27626742351928,0.624551794752443,0.624551794752443,"plaq_d"
"2655","BSN","Exc L6 CT",-0.00223261172884633,6.96522446431732,0.0254671306089781,0.888877398137236,0.984859409526221,0.984859409526221,"plaq_d"
"2656","APEH","Exc L6 CT",-0.00546803161569061,2.96731464880732,0.0166781021482024,0.89731848719696,0.986467884054023,0.986467884054023,"plaq_d"
"2657","MST1","Exc L6 CT",0.0236606064136119,2.04298359752649,0.108689794534223,0.741838982976212,0.929542518837631,0.929542518837631,"plaq_d"
"2658","RNF123","Exc L6 CT",-0.0156159504215149,4.68059667852987,0.430183533598206,0.674455470040775,0.895575586043388,0.895575586043388,"plaq_d"
"2659","GMPPB","Exc L6 CT",0.00383716195416133,2.13154580200085,0.004839471894565,0.95670320068127,0.998742420766286,0.998742420766286,"plaq_d"
"2660","IP6K1","Exc L6 CT",-0.0197690964005448,6.28588897464575,2.00636186617057,0.157534550462526,0.480219252034078,0.480219252034078,"plaq_d"
"2661","INKA1","Exc L6 CT",0.0287550480627562,1.73180852971569,0.13412671176868,0.714413536728557,0.914520476146568,0.914520476146568,"plaq_d"
"2662","TRAIP","Exc L6 CT",-0.0424295040478085,2.0255960166436,0.346304443308284,0.556594107156314,0.835791046899165,0.835791046899165,"plaq_d"
"2663","CAMKV","Exc L6 CT",-0.00877002969615174,6.15600239755453,0.241666089983576,0.623315098819904,0.872864237883659,0.872864237883659,"plaq_d"
"2664","MST1R","Exc L6 CT",-0.0758808473161361,1.76383066631943,0.853788628211167,0.356122636514427,0.698656510665261,0.698656510665261,"plaq_d"
"2665","MON1A","Exc L6 CT",-0.0419832264569724,3.83323421709805,1.62921112675613,0.20266286099703,0.538440678426179,0.538440678426179,"plaq_d"
"2666","RBM6","Exc L6 CT",-0.00692004331199615,8.05132995078219,0.468347005226329,0.494203841326353,0.799151308845645,0.799151308845645,"plaq_d"
"2667","RBM5","Exc L6 CT",-0.0144576902437096,6.65634540863862,1.11408429235144,0.30761682676937,0.652689915835421,0.652689915835421,"plaq_d"
"2668","GNAI2","Exc L6 CT",0.0322153613464257,5.0841118312128,2.43876794509002,0.119277546896002,0.421939343547451,0.421939343547451,"plaq_d"
"2669","IFRD2","Exc L6 CT",-0.0328931961011502,3.03445486318522,0.647920341369517,0.421406474228736,0.749193453047877,0.749193453047877,"plaq_d"
"2670","HYAL1","Exc L6 CT",0.0218830004923352,2.35401037349735,0.140201909800097,0.708308295130547,0.911731600205593,0.911731600205593,"plaq_d"
"2671","TUSC2","Exc L6 CT",-0.00903519498073365,3.8473941873317,0.0798083135108701,0.777725199535365,0.946432481294003,0.946432481294003,"plaq_d"
"2672","RASSF1","Exc L6 CT",-0.108590605437747,3.42209869772632,9.70226044639372,0.00199313554705529,0.0437902284074724,0.0437902284074724,"plaq_d"
"2673","NPRL2","Exc L6 CT",-0.00345951170406816,3.62417290151399,0.0102330419325304,0.919482864216703,0.991729246317899,0.991729246317899,"plaq_d"
"2674","TMEM115","Exc L6 CT",0.0164958756279973,2.8983242803742,0.135949611436208,0.799330296060053,0.955030205168938,0.955030205168938,"plaq_d"
"2675","CACNA2D2","Exc L6 CT",0.0621884039849301,4.0418859189044,3.77512491146552,0.0528257191578142,0.283421159711316,0.283421159711316,"plaq_d"
"2676","C3orf18","Exc L6 CT",-0.0552682930942726,3.07023140469919,1.67672618650131,0.196217988861749,0.53116851591834,0.53116851591834,"plaq_d"
"2677","HEMK1","Exc L6 CT",0.00113319339562762,2.97528519962879,0.000756360170036076,0.978075097573419,0.999245554230852,0.999245554230852,"plaq_d"
"2678","DOCK3","Exc L6 CT",0.0186421421895888,10.0083673799729,5.09983930345377,0.0245465271259256,0.186653957871969,0.186653957871969,"plaq_d"
"2679","MANF","Exc L6 CT",-0.0628539575794603,2.8831727069123,1.78192287506527,0.182785520667592,0.512939640454317,0.512939640454317,"plaq_d"
"2680","RBM15B","Exc L6 CT",0.125734052232816,3.0035495088438,8.80302368982773,0.00332225341849876,0.060848804341868,0.060848804341868,"plaq_d"
"2681","DCAF1","Exc L6 CT",0.00325820414955295,4.98359915071412,0.024838644440645,0.874861145076719,0.980574668679886,0.980574668679886,"plaq_d"
"2682","RAD54L2","Exc L6 CT",-0.0430348555564581,5.64807561035447,5.74938960637256,0.0170204134154137,0.153948682735597,0.153948682735597,"plaq_d"
"2683","TEX264","Exc L6 CT",0.0373974597926638,3.40197439668647,0.89698733957351,0.350085334262649,0.693146039915345,0.693146039915345,"plaq_d"
"2684","GRM2","Exc L6 CT",0.0262259107550373,3.62157159652401,0.551911275209505,0.458038711304228,0.775664661561659,0.775664661561659,"plaq_d"
"2685","IQCF3","Exc L6 CT",-0.032893103730734,2.48160944739745,0.271331255591394,0.602771240706969,0.86192317911972,0.86192317911972,"plaq_d"
"2686","PCBP4","Exc L6 CT",-0.0124791618883508,4.66043161005332,0.238778665231779,0.625397234891746,0.874438480332321,0.874438480332321,"plaq_d"
"2687","ABHD14A-ACY1","Exc L6 CT",-0.0126086385179857,2.19266510703042,0.0322392734211684,0.857607959450329,0.975284318212097,0.975284318212097,"plaq_d"
"2688","RPL29","Exc L6 CT",-0.0418314312060383,5.31582581877976,2.73126962072082,0.0993023879843544,0.386889628531195,0.386889628531195,"plaq_d"
"2689","DUSP7","Exc L6 CT",0.0796719225191694,3.07594402856182,3.48791448146827,0.0851980104936443,0.358209859540451,0.358209859540451,"plaq_d"
"2690","POC1A","Exc L6 CT",-0.098648066480198,2.5890033874108,2.9775063906794,0.085316459742316,0.358462292752804,0.358462292752804,"plaq_d"
"2691","ALAS1","Exc L6 CT",0.0516432168817696,3.33222276822613,2.07242596523631,0.150881183860613,0.471168226216353,0.471168226216353,"plaq_d"
"2692","PPM1M","Exc L6 CT",-0.0602296797054435,2.36893177730745,1.05662940127265,0.304698728112006,0.650421543579543,0.650421543579543,"plaq_d"
"2693","WDR82","Exc L6 CT",0.0432769107575253,5.88497790740414,7.10687646553895,0.00803685716020658,0.1013122554101,0.1013122554101,"plaq_d"
"2694","DNAH1","Exc L6 CT",-0.0337783811216143,4.76761388329779,2.24941295604204,0.141801380293658,0.457821758268822,0.457821758268822,"plaq_d"
"2695","BAP1","Exc L6 CT",0.0672897095277146,4.11307506050933,6.22119838562815,0.0130860482967481,0.133782586837024,0.133782586837024,"plaq_d"
"2696","PHF7","Exc L6 CT",-0.0400613528397143,4.07220991747546,1.87444044018051,0.171849851521333,0.499066980448564,0.499066980448564,"plaq_d"
"2697","NISCH","Exc L6 CT",0.0353296975663637,6.75443212794501,6.42156640600439,0.0117120005697223,0.125825343434121,0.125825343434121,"plaq_d"
"2698","NT5DC2","Exc L6 CT",0.176172119840725,1.97600386841158,5.21955804370498,0.0229353036298868,0.18037845775799,0.18037845775799,"plaq_d"
"2699","SMIM4","Exc L6 CT",0.0011566694318482,4.70938078168335,0.00192928739941448,0.964990437777843,0.998742420766286,0.998742420766286,"plaq_d"
"2700","PBRM1","Exc L6 CT",0.00638063644217817,6.89302898640365,0.285706986237188,0.686772125324301,0.901694236880929,0.901694236880929,"plaq_d"
"2701","GNL3","Exc L6 CT",0.0275903421984013,4.07206498602167,0.994823780304411,0.319258875602794,0.663881377029875,0.663881377029875,"plaq_d"
"2702","GLT8D1","Exc L6 CT",-0.029133320654921,4.04643675057228,1.05370356248931,0.305368229224227,0.650733404977457,0.650733404977457,"plaq_d"
"2703","SPCS1","Exc L6 CT",-0.0601492907895343,4.75579975636144,5.65049491130059,0.017990180882045,0.158208090395797,0.158208090395797,"plaq_d"
"2704","NEK4","Exc L6 CT",-0.00998139973659824,5.77594552829069,0.404188617726808,0.525351591088746,0.817207495258297,0.817207495258297,"plaq_d"
"2705","ITIH4","Exc L6 CT",-0.0260438995317101,2.8750886556938,0.217617817712048,0.64115276980815,0.880644525728282,0.880644525728282,"plaq_d"
"2706","SFMBT1","Exc L6 CT",0.00294684609633935,4.51237747732537,0.0112596660130293,0.915554933837599,0.99070421132938,0.99070421132938,"plaq_d"
"2707","AC096887.1","Exc L6 CT",0.010542737610748,4.33295040159643,0.057270153152126,0.811004591940768,0.95922511631921,0.95922511631921,"plaq_d"
"2708","RFT1","Exc L6 CT",-0.095759040209833,3.21677344972974,5.20002736116382,0.0231904390559606,0.180850249539333,0.180850249539333,"plaq_d"
"2709","TKT","Exc L6 CT",-0.0239538512322732,4.3557339607982,0.951568527825182,0.329997569980415,0.674087531074569,0.674087531074569,"plaq_d"
"2710","DCP1A","Exc L6 CT",-0.0242164485561569,6.03177424748009,2.75001507929333,0.0981540334383101,0.384677721104138,0.384677721104138,"plaq_d"
"2711","CACNA1D","Exc L6 CT",-0.000832323593978966,8.51250878343368,0.00605228602999491,0.938034663771317,0.996248409160424,0.996248409160424,"plaq_d"
"2712","CHDH","Exc L6 CT",-0.0774549258153296,2.98594224020774,2.23785465618415,0.135573509067388,0.448361184593182,0.448361184593182,"plaq_d"
"2713","AC012467.2","Exc L6 CT",0.00826439003634757,2.35889240976431,0.0199484645397079,0.973947726446642,0.999093977007575,0.999093977007575,"plaq_d"
"2714","ACTR8","Exc L6 CT",0.0724345523565633,2.75421957313301,2.2423914022471,0.135179109885771,0.448086222867962,0.448086222867962,"plaq_d"
"2715","SELENOK","Exc L6 CT",0.0220088833001111,3.76574416532042,0.395083118395981,0.530051613662633,0.819263799687273,0.819263799687273,"plaq_d"
"2716","CACNA2D3","Exc L6 CT",0.0173087772934007,10.5077240987481,2.51679178781194,0.113547214671072,0.412776274854111,0.412776274854111,"plaq_d"
"2717","CACNA2D3-AS1","Exc L6 CT",-0.122742505026406,3.28424445945004,4.90515390353632,0.0274235844177296,0.199087201854581,0.199087201854581,"plaq_d"
"2718","LRTM1","Exc L6 CT",-0.0761770813976446,4.34623692345537,4.79588948439277,0.0291906481723918,0.204868734664963,0.204868734664963,"plaq_d"
"2719","ERC2","Exc L6 CT",-0.00299013955205729,9.78322716965118,0.0869147813300096,0.76831232993774,0.94197106981636,0.94197106981636,"plaq_d"
"2720","CCDC66","Exc L6 CT",-0.0158442420408355,6.84294445561256,1.43445474466834,0.231853455056859,0.576033904556566,0.576033904556566,"plaq_d"
"2721","FAM208A","Exc L6 CT",0.0267744026920628,6.09857380486209,3.43450082826187,0.0646936528876122,0.312118000639139,0.312118000639139,"plaq_d"
"2722","ARHGEF3","Exc L6 CT",-0.00331270161583551,7.53831557104674,0.0567208673274221,0.811895979732666,0.959327443190962,0.959327443190962,"plaq_d"
"2723","APPL1","Exc L6 CT",0.016769503747744,6.06342355565951,1.25594820510118,0.263191783085888,0.60964706629243,0.60964706629243,"plaq_d"
"2724","ASB14","Exc L6 CT",0.0120024285180656,2.52678604688911,0.0485333919453383,0.825764327959067,0.963985585882276,0.963985585882276,"plaq_d"
"2725","DNAH12","Exc L6 CT",0.01342061513796,2.96978342529232,0.0683538255646499,0.793903437262883,0.953000771778707,0.953000771778707,"plaq_d"
"2726","PDE12","Exc L6 CT",0.0281384243681903,4.08591069897855,0.962267452370714,0.327297336784208,0.67224603514702,0.67224603514702,"plaq_d"
"2727","ARF4","Exc L6 CT",-0.0078824022902632,4.62209315285498,0.110370793249644,0.7399222871746,0.928661774628954,0.928661774628954,"plaq_d"
"2728","DENND6A","Exc L6 CT",-0.00159797300615014,6.32074934688225,0.0147608212436697,0.903369754231065,0.988862052127668,0.988862052127668,"plaq_d"
"2729","DENND6A-AS1","Exc L6 CT",-0.0462044814062054,3.49358472910976,1.17707397851817,0.278703074156083,0.626283530549105,0.626283530549105,"plaq_d"
"2730","SLMAP","Exc L6 CT",0.00957464201908251,6.99450856930116,0.71906658422231,0.821723925021442,0.963631282552026,0.963631282552026,"plaq_d"
"2731","FLNB","Exc L6 CT",0.0270877010586246,6.19192935521325,2.92470453935726,0.116919515347453,0.417660879141918,0.417660879141918,"plaq_d"
"2732","ABHD6","Exc L6 CT",-0.00518544487161892,5.84915210200648,0.0778448592747487,0.780405153682806,0.947562374512869,0.947562374512869,"plaq_d"
"2733","RPP14","Exc L6 CT",0.0598298553032078,4.12615571429277,4.40149070242004,0.0366278141497317,0.232032563333414,0.232032563333414,"plaq_d"
"2734","PXK","Exc L6 CT",0.0180158569819495,5.20532857633588,0.951295387270085,0.330066894036165,0.674087531074569,0.674087531074569,"plaq_d"
"2735","PDHB","Exc L6 CT",0.0356637187693279,3.37776217791607,0.905978103188397,0.53615612975633,0.82345359033174,0.82345359033174,"plaq_d"
"2736","KCTD6","Exc L6 CT",0.0940412557519431,3.59593339561538,7.33061742878977,0.00711333298097823,0.0942907746224422,0.0942907746224422,"plaq_d"
"2737","C3orf67","Exc L6 CT",-0.0153431533305357,3.5582294232921,0.130188594030603,0.71845537887014,0.917328925429227,0.917328925429227,"plaq_d"
"2738","C3orf67-AS1","Exc L6 CT",0.0760483754346148,4.28586308406451,2.33698773392732,0.12724153827978,0.434982189687117,0.434982189687117,"plaq_d"
"2739","FHIT","Exc L6 CT",0.0326928734370936,8.36808461808322,3.9141455252831,0.0486691194093669,0.269166593552534,0.269166593552534,"plaq_d"
"2740","PTPRG","Exc L6 CT",0.00152547038520738,9.88307259215443,0.0200518922259454,0.887474143103048,0.984574312567325,0.984574312567325,"plaq_d"
"2741","C3orf14","Exc L6 CT",-0.0160148350701676,5.49897200276047,0.770636703391914,0.380625474011499,0.716669344545948,0.716669344545948,"plaq_d"
"2742","FEZF2","Exc L6 CT",0.0331996101858349,5.47943775693158,2.15227450355705,0.143261463121835,0.459739639567975,0.459739639567975,"plaq_d"
"2743","CADPS","Exc L6 CT",0.00970294870819744,10.5395923023272,2.14006804803077,0.144397567554414,0.460742996973083,0.460742996973083,"plaq_d"
"2744","LINC00698","Exc L6 CT",-0.286995538334386,1.2353968881139,5.68803034565054,0.0190684986889323,0.163496192451381,0.163496192451381,"plaq_d"
"2745","SYNPR","Exc L6 CT",-0.000504816099085148,7.82587643587512,0.000433080299301567,0.983408676815178,0.999571689696322,0.999571689696322,"plaq_d"
"2746","SYNPR-AS1","Exc L6 CT",0.00789928642611551,2.47511703095272,0.0117789199205841,0.913637217438971,0.989967061646606,0.989967061646606,"plaq_d"
"2747","C3orf49","Exc L6 CT",-0.0812834192146645,1.95130036712153,1.09263724924963,0.296612725711274,0.644339338967782,0.644339338967782,"plaq_d"
"2748","THOC7","Exc L6 CT",0.0201420039773527,5.01756029107137,1.10144039443587,0.294678088945415,0.642338629408766,0.642338629408766,"plaq_d"
"2749","ATXN7","Exc L6 CT",0.0261707659120032,4.24042683048488,0.858687155076744,0.354748175128429,0.69771228542799,0.69771228542799,"plaq_d"
"2750","PSMD6-AS2","Exc L6 CT",-0.0679169460628634,3.33510090011817,2.85987337913677,0.10727544945611,0.40171186190256,0.40171186190256,"plaq_d"
"2751","PSMD6","Exc L6 CT",-0.0276685700287865,3.80263141125129,0.803670182123875,0.370617672930957,0.710346427841041,0.710346427841041,"plaq_d"
"2752","AC092040.1","Exc L6 CT",0.115730529630838,2.08146759436461,3.06100224688774,0.0810731527051541,0.349963750028006,0.349963750028006,"plaq_d"
"2753","PRICKLE2","Exc L6 CT",0.0360533302896417,8.3988005283398,6.16918873390122,0.0134692261212954,0.135875372868233,0.135875372868233,"plaq_d"
"2754","ADAMTS9-AS2","Exc L6 CT",0.656797343728803,1.17604673777431,23.2985175243107,2.07970040193021e-06,0.00043545369154211,0.00043545369154211,"plaq_d"
"2755","MAGI1","Exc L6 CT",0.0240571644067003,9.51851355946456,5.34922386946107,0.0213138811438496,0.173352899969977,0.173352899969977,"plaq_d"
"2756","MAGI1-AS1","Exc L6 CT",-0.0462305668328033,2.13121839882854,0.405484566657196,0.524688709381345,0.817207495258297,0.817207495258297,"plaq_d"
"2757","SLC25A26","Exc L6 CT",0.0224377043280695,6.35855440958744,2.24245973453854,0.135173179321932,0.448086222867962,0.448086222867962,"plaq_d"
"2758","LRIG1","Exc L6 CT",0.0500042759417483,2.81496053146098,0.550477748946278,0.45862271069258,0.775898728996668,0.775898728996668,"plaq_d"
"2759","KBTBD8","Exc L6 CT",-0.0450845369827156,2.48693610650562,0.68269134112448,0.409227300735228,0.740837712789945,0.740837712789945,"plaq_d"
"2760","SUCLG2","Exc L6 CT",-0.0309815931504835,3.00715061804532,0.382501503623149,0.536671858021164,0.823835366610438,0.823835366610438,"plaq_d"
"2761","SUCLG2-AS1","Exc L6 CT",-0.0185098197445744,4.42300729821841,0.194062920064518,0.659829736352125,0.890077669089692,0.890077669089692,"plaq_d"
"2762","FAM19A1","Exc L6 CT",0.138921480872975,5.24669862086254,2.85556046128144,0.0919535511730537,0.373395136528613,0.373395136528613,"plaq_d"
"2763","EOGT","Exc L6 CT",-0.0382362964509613,3.20419678034963,0.746539638304934,0.388168818163028,0.72253404529027,0.72253404529027,"plaq_d"
"2764","AC109587.1","Exc L6 CT",-0.0177614702213947,1.91555904363092,0.0387857410824856,0.843988644770549,0.970793189054499,0.970793189054499,"plaq_d"
"2765","TMF1","Exc L6 CT",0.0490026344701033,5.32828249673433,7.57103943896111,0.00624166772651844,0.0883530467954371,0.0883530467954371,"plaq_d"
"2766","UBA3","Exc L6 CT",-0.0189962032085896,5.67905460716343,1.31981205239384,0.251414346737224,0.598736300352204,0.598736300352204,"plaq_d"
"2767","ARL6IP5","Exc L6 CT",0.0062030353180592,5.91499135257325,0.131732812764749,0.759961256335808,0.938399235707555,0.938399235707555,"plaq_d"
"2768","MITF","Exc L6 CT",0.0267791861349387,3.6009763999454,0.313294122180229,0.576025659737721,0.848207925640431,0.848207925640431,"plaq_d"
"2769","FOXP1","Exc L6 CT",0.0401534577552265,8.22578765302409,10.0195007992211,0.00168552533679766,0.0395192552907802,0.0395192552907802,"plaq_d"
"2770","AC097634.3","Exc L6 CT",0.0600833557828193,3.562668138302,2.05735087249327,0.152370778904815,0.473677881932845,0.473677881932845,"plaq_d"
"2771","EIF4E3","Exc L6 CT",0.00606918118311449,6.08816012383131,0.157102046703976,0.692081515426695,0.904650687046592,0.904650687046592,"plaq_d"
"2772","GPR27","Exc L6 CT",0.0919820078265075,3.69096510014428,7.45250378690099,0.00665682070013971,0.0910701152739702,0.0910701152739702,"plaq_d"
"2773","RYBP","Exc L6 CT",0.0235729687493475,6.05070413030847,2.55367040409843,0.110945386219381,0.408859479440912,0.408859479440912,"plaq_d"
"2774","SHQ1","Exc L6 CT",0.0296479999762443,4.35920104555328,1.11118089425643,0.292556296508179,0.639775246017279,0.639775246017279,"plaq_d"
"2775","GXYLT2","Exc L6 CT",0.0415384736313797,4.19445185970998,1.27843335165329,0.258968727150851,0.606240807222783,0.606240807222783,"plaq_d"
"2776","PPP4R2","Exc L6 CT",0.0334363424712806,5.99881274765483,5.24919906140181,0.0225536649013321,0.179252409646549,0.179252409646549,"plaq_d"
"2777","PDZRN3","Exc L6 CT",-0.480307747154081,2.17397456382388,7.24747779958089,0.00744306063844487,0.0968809231022173,0.0968809231022173,"plaq_d"
"2778","CNTN3","Exc L6 CT",0.0403446752799914,5.26724838255924,0.767133311666739,0.381709152803666,0.71778554428652,0.71778554428652,"plaq_d"
"2779","LINC02018","Exc L6 CT",-0.068553556289167,4.51059450763036,4.11608681771589,0.0432377463078926,0.253234579271123,0.253234579271123,"plaq_d"
"2780","ZNF717","Exc L6 CT",-0.0301594229775025,4.99076242803715,1.97922045127492,0.160364471268863,0.484332932993363,0.484332932993363,"plaq_d"
"2781","ROBO2","Exc L6 CT",0.0602032580428171,12.4380481976857,15.7905793949555,8.6030437015939e-05,0.00581452662573454,0.00581452662573454,"plaq_d"
"2782","ROBO1","Exc L6 CT",0.0905827428046064,8.97278106480585,19.002357010937,1.72099155567585e-05,0.00191846086520829,0.00191846086520829,"plaq_d"
"2783","GBE1","Exc L6 CT",0.0366069661080069,4.41065820784715,1.5258333419248,0.217571677617541,0.557225025970846,0.557225025970846,"plaq_d"
"2784","LINC02008","Exc L6 CT",-0.0133102527197747,2.9818940757217,0.0400508256877952,0.841498069595366,0.969513185327633,0.969513185327633,"plaq_d"
"2785","CADM2","Exc L6 CT",0.0493333560205061,11.8668252792473,33.0348767389895,1.97863156564277e-08,1.58246555661074e-05,1.58246555661074e-05,"plaq_d"
"2786","CADM2-AS2","Exc L6 CT",0.0102313076320495,2.08859801305618,0.0307111420726531,0.860988243839891,0.976495686661412,0.976495686661412,"plaq_d"
"2787","CADM2-AS1","Exc L6 CT",0.0519013929899327,1.94034273147071,0.479552720021594,0.489086553096826,0.795490907059305,0.795490907059305,"plaq_d"
"2788","AC107204.1","Exc L6 CT",0.0136501047698849,4.9992292782996,0.265544887782932,0.606663075080189,0.863990498050211,0.863990498050211,"plaq_d"
"2789","CHMP2B","Exc L6 CT",0.0270801284019335,4.329601813173,1.11376554350958,0.291996568337336,0.639425402766093,0.639425402766093,"plaq_d"
"2790","AC117513.1","Exc L6 CT",-0.0979268723441564,2.68232044864858,2.14013010439071,0.144391766021663,0.460742996973083,0.460742996973083,"plaq_d"
"2791","HTR1F","Exc L6 CT",0.0374441802296817,3.59475917291623,0.932385315835221,0.334914025591032,0.679931035030598,0.679931035030598,"plaq_d"
"2792","CGGBP1","Exc L6 CT",0.0261738253154026,5.34921558070355,2.1060047584083,0.147622258293323,0.465959148815629,0.465959148815629,"plaq_d"
"2793","ZNF654","Exc L6 CT",0.0167557040037427,6.28215869164938,1.45316910279386,0.228838687508493,0.571640073810909,0.571640073810909,"plaq_d"
"2794","C3orf38","Exc L6 CT",-0.00672275708457935,5.12804651952846,0.1110516025788,0.739150633045899,0.928355654626485,0.928355654626485,"plaq_d"
"2795","CSNKA2IP","Exc L6 CT",0.0362651280088717,3.9771606710534,0.728416086411321,0.393983814364824,0.727245927887678,0.727245927887678,"plaq_d"
"2796","EPHA3","Exc L6 CT",0.0609072958566217,3.21845724884944,0.399097845869111,0.527970068013036,0.818456124092144,0.818456124092144,"plaq_d"
"2797","PROS1","Exc L6 CT",-0.0404897604126932,4.07275593541464,1.20490056326991,0.27310289883242,0.620613943424076,0.620613943424076,"plaq_d"
"2798","ARL13B","Exc L6 CT",-0.0246638929732665,5.55991968155116,1.92422621716469,0.166278766316782,0.492237121097347,0.492237121097347,"plaq_d"
"2799","STX19","Exc L6 CT",0.0612523634247339,1.883647339342,0.645971341857146,0.422105061985532,0.749645259356491,0.749645259356491,"plaq_d"
"2800","DHFR2","Exc L6 CT",0.109088606307645,2.99196151408258,5.74579959846109,0.0170546515483507,0.153948682735597,0.153948682735597,"plaq_d"
"2801","NSUN3","Exc L6 CT",-0.0833136124210634,4.46314499315197,10.0558807737304,0.00165348856514263,0.0389584638032625,0.0389584638032625,"plaq_d"
"2802","MTRNR2L12","Exc L6 CT",0.0850076691043803,5.76761404157558,2.92279505514733,0.0882273793139146,0.363723182303297,0.363723182303297,"plaq_d"
"2803","EPHA6","Exc L6 CT",0.194960129685209,6.29620667890305,8.30605073690946,0.00419649199825284,0.0698287835152043,0.0698287835152043,"plaq_d"
"2804","AC110491.1","Exc L6 CT",0.282206483088613,1.68164418462231,10.116041753795,0.00160186415887055,0.0379908343181225,0.0379908343181225,"plaq_d"
"2805","ARL6","Exc L6 CT",0.024200873626423,5.638022308947,1.71672176714027,0.190979232006067,0.52438241921788,0.52438241921788,"plaq_d"
"2806","CRYBG3","Exc L6 CT",0.0632947155109052,5.58443184284493,1.87846378134093,0.171391733784386,0.498959635906982,0.498959635906982,"plaq_d"
"2807","RIOX2","Exc L6 CT",0.0178178448940746,4.52024128357805,0.500649927263895,0.490557288764967,0.797072542783347,0.797072542783347,"plaq_d"
"2808","CLDND1","Exc L6 CT",0.0680951482991402,4.78675061577118,6.97396080536402,0.00864300196666386,0.105534059637059,0.105534059637059,"plaq_d"
"2809","CPOX","Exc L6 CT",0.0332171977973831,5.47492044599954,1.84789757625445,0.174907823234151,0.503208324835022,0.503208324835022,"plaq_d"
"2810","ST3GAL6-AS1","Exc L6 CT",0.0264150837016341,2.39304922207425,0.143311197922672,0.705241881969181,0.910389359113014,0.910389359113014,"plaq_d"
"2811","ST3GAL6","Exc L6 CT",0.0224236654647332,6.55817615383909,1.27494040689493,0.259619203112041,0.606634969647937,0.606634969647937,"plaq_d"
"2812","DCBLD2","Exc L6 CT",-0.0238964279533521,5.36173588599838,1.63199087768836,0.202279010714572,0.537940263871511,0.537940263871511,"plaq_d"
"2813","AC091212.1","Exc L6 CT",0.00422001488263539,2.61260428099831,0.0039919796104065,0.949657740726344,0.99802142424354,0.99802142424354,"plaq_d"
"2814","COL8A1","Exc L6 CT",0.188288319242801,2.715739432468,6.91472425204248,0.00892810410719063,0.107803680859198,0.107803680859198,"plaq_d"
"2815","CMSS1","Exc L6 CT",-0.0345712294600415,7.46634064813437,4.41913758815773,0.0362557417316727,0.231140950733835,0.231140950733835,"plaq_d"
"2816","FILIP1L","Exc L6 CT",0.0598669508334531,6.91672462730474,5.50995439706696,0.0194680161427485,0.16505392249176,0.16505392249176,"plaq_d"
"2817","TBC1D23","Exc L6 CT",-0.00391613080532389,6.03623443199976,0.0673446696910464,0.795396276277678,0.953019125534203,0.953019125534203,"plaq_d"
"2818","NIT2","Exc L6 CT",0.0306214765468164,4.37354924353903,1.38560813678288,0.239952185645882,0.585185780883977,0.585185780883977,"plaq_d"
"2819","TOMM70","Exc L6 CT",0.0262742152800761,5.7439629975911,3.02818503660689,0.0827129982251022,0.352863117974322,0.352863117974322,"plaq_d"
"2820","LNP1","Exc L6 CT",-0.0162275550796286,3.44096002500222,0.178590543385532,0.67284816026324,0.895548968504857,0.895548968504857,"plaq_d"
"2821","ADGRG7","Exc L6 CT",-0.0819883370278346,1.86086295991108,0.197283724887125,0.657199044654976,0.888835999938083,0.888835999938083,"plaq_d"
"2822","TFG","Exc L6 CT",0.0278031857064554,5.65944233876346,2.76725773634217,0.0971105762070213,0.383316633394739,0.383316633394739,"plaq_d"
"2823","IMPG2","Exc L6 CT",0.0255308917219861,3.19173520111248,0.269474492932751,0.604014285404787,0.862656613040247,0.862656613040247,"plaq_d"
"2824","SENP7","Exc L6 CT",0.023878113228528,6.0595692681397,2.20973354923796,0.138047252352024,0.452591265055735,0.452591265055735,"plaq_d"
"2825","TRMT10C","Exc L6 CT",0.000896636827565958,3.94487606445091,0.000836355900711554,0.98635831346528,0.999571689696322,0.999571689696322,"plaq_d"
"2826","PCNP","Exc L6 CT",0.0338520137867291,6.05014440301815,5.28855714411176,0.0297049279676402,0.206967210163349,0.206967210163349,"plaq_d"
"2827","ZBTB11","Exc L6 CT",-0.0119265778430644,5.33893415827279,0.36982756499139,0.543494733984009,0.828340294560607,0.828340294560607,"plaq_d"
"2828","RPL24","Exc L6 CT",-0.0871542783324077,4.59445062090206,5.66094494278352,0.0178850531513158,0.157862185877586,0.157862185877586,"plaq_d"
"2829","CEP97","Exc L6 CT",0.0364160471163977,5.44469285016546,4.51100926264832,0.0343818492034153,0.22437039942537,0.22437039942537,"plaq_d"
"2830","NXPE3","Exc L6 CT",0.0203517212353875,5.28944971713008,1.15439232824509,0.28337553934636,0.629742946699633,0.629742946699633,"plaq_d"
"2831","NFKBIZ","Exc L6 CT",0.0531230781557328,4.17801971392292,3.32215910937177,0.0692094844888911,0.322270419233624,0.322270419233624,"plaq_d"
"2832","ALCAM","Exc L6 CT",0.111941933219192,3.39640314251737,1.28869775769021,0.257068892146407,0.604459482398674,0.604459482398674,"plaq_d"
"2833","CBLB","Exc L6 CT",0.00306998778559346,6.09629008662791,0.0309316564057338,0.860495185963688,0.976484998985752,0.976484998985752,"plaq_d"
"2834","LINC00882","Exc L6 CT",0.00945574820193775,8.2470983214954,0.629824847579725,0.4279600484153,0.754255861429697,0.754255861429697,"plaq_d"
"2835","DUBR","Exc L6 CT",0.0171980539083478,6.78862167676721,1.38195494694264,0.240571607988406,0.585572472489088,0.585572472489088,"plaq_d"
"2836","AC063944.1","Exc L6 CT",-0.0428470693106252,3.52583890714696,1.08672907328473,0.297920316007297,0.645839891055938,0.645839891055938,"plaq_d"
"2837","AC063944.3","Exc L6 CT",0.0702933579345143,2.86742004813232,1.94317557559116,0.164213081952257,0.489747571531943,0.489747571531943,"plaq_d"
"2838","LINC01990","Exc L6 CT",-0.0615545927216433,2.5640288180129,1.05362054999605,0.305387252294228,0.650733404977457,0.650733404977457,"plaq_d"
"2839","BBX","Exc L6 CT",0.0199078878819017,6.75392191007566,1.90314016717857,0.168612551003236,0.495174680588044,0.495174680588044,"plaq_d"
"2840","CD47","Exc L6 CT",0.0224554549457421,7.75958883358537,5.03574615760986,0.0254572045992696,0.190633975576652,0.190633975576652,"plaq_d"
"2841","IFT57","Exc L6 CT",0.0120307157239255,5.60885599525582,0.445596859641058,0.504875551130887,0.805875588575267,0.805875588575267,"plaq_d"
"2842","MYH15","Exc L6 CT",0.022196523283419,2.64203050963462,0.132116702757576,0.716467963721221,0.91548320006345,0.91548320006345,"plaq_d"
"2843","CIP2A","Exc L6 CT",-0.0586750690523064,4.02160863708118,3.23743163838116,0.0728390870408344,0.330482796747467,0.330482796747467,"plaq_d"
"2844","DZIP3","Exc L6 CT",0.0279132478085281,7.17007036570855,5.95584117921763,0.0151665590742034,0.144978608520739,0.144978608520739,"plaq_d"
"2845","AC078980.1","Exc L6 CT",0.0130600847458546,2.81344262234276,0.0286311529360857,0.865731744625558,0.97759976465256,0.97759976465256,"plaq_d"
"2846","NECTIN3-AS1","Exc L6 CT",-0.0355067068525218,3.25893501055781,0.555925448868166,0.456409636090398,0.775664661561659,0.775664661561659,"plaq_d"
"2847","NECTIN3","Exc L6 CT",0.0340137815040889,5.65068112178648,2.3811740374843,0.123713535341295,0.429151820427298,0.429151820427298,"plaq_d"
"2848","CD96","Exc L6 CT",0.172136946660431,2.16742984354235,3.71686074196998,0.0546785327595066,0.286967611230717,0.286967611230717,"plaq_d"
"2849","PLCXD2","Exc L6 CT",0.113033788334551,4.37359528830845,11.3289822084223,0.000848222621411866,0.0252487899329116,0.0252487899329116,"plaq_d"
"2850","PHLDB2","Exc L6 CT",-0.0487058738274896,3.30273373100726,0.642262181235029,0.423439357439327,0.750264252157266,0.750264252157266,"plaq_d"
"2851","ABHD10","Exc L6 CT",0.0425403400612595,4.37898848893034,2.9007013722855,0.0894333494710117,0.367013255126763,0.367013255126763,"plaq_d"
"2852","TAGLN3","Exc L6 CT",0.0527536263189613,6.73318578170895,12.8001589309487,0.00039567402239587,0.0153534318771185,0.0153534318771185,"plaq_d"
"2853","TMPRSS7","Exc L6 CT",-0.181056050065517,2.6240788271682,4.48866572024151,0.0348280186286525,0.225784913699555,0.225784913699555,"plaq_d"
"2854","CD200","Exc L6 CT",0.0262697833754749,6.09504805582587,2.84907837977249,0.0923217583819967,0.373624119136575,0.373624119136575,"plaq_d"
"2855","ATG3","Exc L6 CT",-0.00173451165643438,3.81895897363663,0.0034918057785638,0.952913124439946,0.998118258108081,0.998118258108081,"plaq_d"
"2856","SLC35A5","Exc L6 CT",-0.0336512620826725,4.32722772081834,1.78129413808379,0.207894998354008,0.543838972290824,0.543838972290824,"plaq_d"
"2857","CD200R1","Exc L6 CT",-0.0129910057122153,2.3556158421357,0.0408920247097341,0.839864582155176,0.969075978819123,0.969075978819123,"plaq_d"
"2858","GTPBP8","Exc L6 CT",0.0268634683061079,4.00139670428768,0.7940172992365,0.373503446053196,0.710955389314004,0.710955389314004,"plaq_d"
"2859","NEPRO","Exc L6 CT",-0.042222350324958,4.83026233286357,3.3117261379933,0.0696457225021187,0.323321451512577,0.323321451512577,"plaq_d"
"2860","AC078785.1","Exc L6 CT",-0.00271410102604138,4.73735737959169,0.00867622886842734,0.925840924808454,0.993470926769715,0.993470926769715,"plaq_d"
"2861","BOC","Exc L6 CT",-0.0140930977372115,3.68288373520354,0.0704779642923947,0.790799237012829,0.951892997494449,0.951892997494449,"plaq_d"
"2862","CFAP44","Exc L6 CT",0.0279704611575787,5.95587063613522,2.6959101148335,0.101508839377065,0.390924923895006,0.390924923895006,"plaq_d"
"2863","CFAP44-AS1","Exc L6 CT",-0.108522245317209,1.84342465926304,1.77530311946923,0.251827195723965,0.599223852833421,0.599223852833421,"plaq_d"
"2864","SPICE1","Exc L6 CT",-0.00952730003253073,5.14258419151032,0.216815106619123,0.641768545713522,0.880901981702123,0.880901981702123,"plaq_d"
"2865","SIDT1","Exc L6 CT",0.0241667136107914,7.50794939786336,1.41141639332093,0.235631123924914,0.580250711601619,0.580250711601619,"plaq_d"
"2866","SIDT1-AS1","Exc L6 CT",-0.0935393389360119,2.51254239833209,1.83097656254295,0.176890101184654,0.506566520122196,0.506566520122196,"plaq_d"
"2867","USF3","Exc L6 CT",-0.00969307436985978,5.81963534133364,0.358961208836879,0.549473325781739,0.831593351697929,0.831593351697929,"plaq_d"
"2868","NAA50","Exc L6 CT",0.0158618288390378,5.90709021349552,1.02794827595152,0.396558713116184,0.729269612856923,0.729269612856923,"plaq_d"
"2869","ATP6V1A","Exc L6 CT",0.0295604906501224,7.03353670259613,5.01275706606753,0.0257923791056022,0.191706226660787,0.191706226660787,"plaq_d"
"2870","GRAMD1C","Exc L6 CT",-0.024570548247735,5.24515005215261,1.02586563135102,0.311834980092152,0.656392722742348,0.656392722742348,"plaq_d"
"2871","ZDHHC23","Exc L6 CT",-0.0666216597495553,4.75859636708929,5.64528468596661,0.0180428352553422,0.158380888009699,0.158380888009699,"plaq_d"
"2872","CCDC191","Exc L6 CT",-0.0461321874175221,4.80675000801773,3.49070716357034,0.0625538272719358,0.307906656809986,0.307906656809986,"plaq_d"
"2873","QTRT2","Exc L6 CT",-0.0625314426512756,4.40229874915679,4.94613738515437,0.0267899466771901,0.196562060643507,0.196562060643507,"plaq_d"
"2874","DRD3","Exc L6 CT",-0.0855030025344111,1.77627519075428,0.858612889313484,0.354768958692198,0.69771228542799,0.69771228542799,"plaq_d"
"2875","ZBTB20","Exc L6 CT",0.0345778243346982,6.78331764974534,1.91441389885202,0.167360133444387,0.493981534499921,0.493981534499921,"plaq_d"
"2876","AC046136.1","Exc L6 CT",0.0178549826295899,2.28625101359279,0.062695088943967,0.802433533114751,0.956224580644089,0.956224580644089,"plaq_d"
"2877","GAP43","Exc L6 CT",0.0235115333652819,7.3273298923901,2.74461180408446,0.0984835403942527,0.384949510593446,0.384949510593446,"plaq_d"
"2878","LSAMP","Exc L6 CT",0.0410892981712247,11.6184426112568,7.92500611361098,0.00515301193632648,0.0787893942490851,0.0787893942490851,"plaq_d"
"2879","LSAMP-AS1","Exc L6 CT",-0.165551205810149,3.41928837556374,6.54506517492658,0.0109400997320983,0.121456209933614,0.121456209933614,"plaq_d"
"2880","LINC00903","Exc L6 CT",0.0113798987958022,2.827357690774,0.0497059397559014,0.823706481233133,0.963985585882276,0.963985585882276,"plaq_d"
"2881","AC092691.1","Exc L6 CT",0.0301368352650644,10.0146399309868,3.00855244434701,0.0837111877953416,0.354797227001267,0.354797227001267,"plaq_d"
"2882","AC068633.1","Exc L6 CT",0.0965528196012552,1.90274361245533,1.27188600175341,0.260189674612407,0.607690621078388,0.607690621078388,"plaq_d"
"2883","IGSF11","Exc L6 CT",0.0191296310853929,5.94841405483425,0.445851953497195,0.504753719143947,0.805875588575267,0.805875588575267,"plaq_d"
"2884","B4GALT4","Exc L6 CT",-0.01020718804195,4.0395290651982,0.105646850101007,0.745350835549035,0.9313232179284,0.9313232179284,"plaq_d"
"2885","B4GALT4-AS1","Exc L6 CT",-0.113723908956662,2.11280710665039,2.60622998940834,0.107350331758455,0.40171961944235,0.40171961944235,"plaq_d"
"2886","TMEM39A","Exc L6 CT",-0.0189403678397648,3.83274735785751,0.357628433983624,0.550215061094514,0.831593351697929,0.831593351697929,"plaq_d"
"2887","POGLUT1","Exc L6 CT",-0.0596991453071006,4.69278204751913,5.38775322337635,0.0208554287269528,0.171502369387724,0.171502369387724,"plaq_d"
"2888","TIMMDC1","Exc L6 CT",-0.00634817557163749,4.68193220476341,0.0739449685190475,0.785838359871221,0.949842286091107,0.949842286091107,"plaq_d"
"2889","COX17","Exc L6 CT",-0.0180487264335188,2.95326056128074,0.137075303813165,0.909861686990221,0.989478998057174,0.989478998057174,"plaq_d"
"2890","MAATS1","Exc L6 CT",-0.0304971626113537,5.32015969606372,1.75979747588588,0.185519150015728,0.517347528994381,0.517347528994381,"plaq_d"
"2891","GSK3B","Exc L6 CT",0.0282853796339867,7.67078439246532,9.40348033276101,0.00233515796190409,0.0488872635199871,0.0488872635199871,"plaq_d"
"2892","AC092910.3","Exc L6 CT",0.0527905348973629,4.06788498532012,3.39321218069767,0.0721659232194272,0.329134912311971,0.329134912311971,"plaq_d"
"2893","GPR156","Exc L6 CT",-0.1503432239522,1.87428835654898,2.18469251462509,0.140292870841113,0.45549304660096,0.45549304660096,"plaq_d"
"2894","LRRC58","Exc L6 CT",0.0507000753201331,5.24241163249782,8.00797219322431,0.00492728472869555,0.0768506944250284,0.0768506944250284,"plaq_d"
"2895","NDUFB4","Exc L6 CT",0.00475419861200508,4.29128255215571,0.0339661157987831,0.853886197536159,0.974774991357929,0.974774991357929,"plaq_d"
"2896","RABL3","Exc L6 CT",-0.0169669899222478,3.72089696585061,0.274202374990394,0.673333690574911,0.895548968504857,0.895548968504857,"plaq_d"
"2897","GTF2E1","Exc L6 CT",0.080121660543449,2.52448105643739,2.10628369694796,0.147595522847924,0.465959148815629,0.465959148815629,"plaq_d"
"2898","STXBP5L","Exc L6 CT",0.0364595607431889,11.2146610469728,9.06502382280229,0.00279570865232001,0.0546834534766289,0.0546834534766289,"plaq_d"
"2899","POLQ","Exc L6 CT",0.00484975624056256,3.39949607248295,0.0121184676622684,0.912406246228237,0.989967061646606,0.989967061646606,"plaq_d"
"2900","FBXO40","Exc L6 CT",-0.0552195119363072,3.07907117610239,1.29622675986245,0.255686318419959,0.603097907774898,0.603097907774898,"plaq_d"
"2901","HCLS1","Exc L6 CT",0.013618713588264,1.93293819097125,0.0261614328741766,0.871600508342784,0.97977590636688,0.97977590636688,"plaq_d"
"2902","GOLGB1","Exc L6 CT",0.0335354697299885,7.06815887327077,5.46573934481943,0.0199585928279505,0.167829382214472,0.167829382214472,"plaq_d"
"2903","IQCB1","Exc L6 CT",0.0260521729133306,6.52663326322275,3.22241491151338,0.073503500544942,0.3319208282482,0.3319208282482,"plaq_d"
"2904","EAF2","Exc L6 CT",-0.00678137035142759,4.77191630675147,0.0574816019049789,0.810662655699584,0.959172290506699,0.959172290506699,"plaq_d"
"2905","SLC15A2","Exc L6 CT",0.0363674262257423,4.85150863615011,2.14173943866503,0.144241404370746,0.460742996973083,0.460742996973083,"plaq_d"
"2906","CASR","Exc L6 CT",0.23873392836836,1.26317323885894,2.9765589865018,0.0853659690125387,0.358462292752804,0.358462292752804,"plaq_d"
"2907","CCDC58","Exc L6 CT",-0.00038720244755022,3.43690614523516,9.20522788961208e-05,0.992350398073737,0.999571689696322,0.999571689696322,"plaq_d"
"2908","FAM162A","Exc L6 CT",0.0314007577914375,5.62964541037936,2.66993359623691,0.103164071672482,0.394148082748687,0.394148082748687,"plaq_d"
"2909","AC083798.2","Exc L6 CT",-0.0139781412677168,3.7073528789023,0.146090673623881,0.702532776671808,0.909911097882802,0.909911097882802,"plaq_d"
"2910","KPNA1","Exc L6 CT",0.00232490385705288,6.1955130501333,0.0296500954840907,0.863386599455343,0.977089417610673,0.977089417610673,"plaq_d"
"2911","HSPBAP1","Exc L6 CT",-0.0216497044922498,4.26394435463213,0.650065935177095,0.63741581947941,0.878611156838095,0.878611156838095,"plaq_d"
"2912","DIRC2","Exc L6 CT",0.0312878486680191,5.35648149607205,3.04816425716184,0.127074156183299,0.434922718758314,0.434922718758314,"plaq_d"
"2913","LINC02035","Exc L6 CT",0.0385891192894277,2.79334459644066,0.567057496223394,0.451939388199632,0.772606511402672,0.772606511402672,"plaq_d"
"2914","SEMA5B","Exc L6 CT",-0.0688919382912322,6.93510703259524,15.6782927676217,9.10564330614219e-05,0.0059847048809028,0.0059847048809028,"plaq_d"
"2915","PDIA5","Exc L6 CT",0.0153399101836103,3.89656677344537,0.20857448199878,0.648171773356758,0.883959913721475,0.883959913721475,"plaq_d"
"2916","SEC22A","Exc L6 CT",-0.0066852614916132,6.01769901638063,0.155704334386849,0.693384208284071,0.905310997864818,0.905310997864818,"plaq_d"
"2917","ADCY5","Exc L6 CT",0.0109560784471421,6.21647856501199,0.585748727415223,0.444586222895299,0.766131585444186,0.766131585444186,"plaq_d"
"2918","HACD2","Exc L6 CT",0.0460266026892247,6.04390084174103,9.59885989824445,0.00210530853380083,0.0455759724099199,0.0455759724099199,"plaq_d"
"2919","MYLK-AS1","Exc L6 CT",0.0168736323744843,4.13430274556907,0.33326619286596,0.564115206006244,0.840074739388216,0.840074739388216,"plaq_d"
"2920","MYLK","Exc L6 CT",0.209115353308558,1.60337797710389,3.72026468793723,0.0545684061319141,0.286967611230717,0.286967611230717,"plaq_d"
"2921","CCDC14","Exc L6 CT",0.016937115350677,6.07736095141691,0.993560598388022,0.319565870686765,0.664327837459447,0.664327837459447,"plaq_d"
"2922","KALRN","Exc L6 CT",0.0148488284306071,10.8794867164112,3.46784942999358,0.0634147538245597,0.309646428475413,0.309646428475413,"plaq_d"
"2923","UMPS","Exc L6 CT",-0.0600398320840982,4.14943634241365,4.36851062604623,0.0373339859666859,0.233983483664088,0.233983483664088,"plaq_d"
"2924","SLC12A8","Exc L6 CT",0.0258412991187437,5.5187940145985,1.14871398207752,0.284560810950752,0.631273427168219,0.631273427168219,"plaq_d"
"2925","ZNF148","Exc L6 CT",0.0211534567156901,7.46616516428564,4.25253859028829,0.0399331905433672,0.242837879117393,0.242837879117393,"plaq_d"
"2926","SNX4","Exc L6 CT",0.00381030143129115,5.84866725236289,0.0667529300425532,0.995248292031765,0.999785330471245,0.999785330471245,"plaq_d"
"2927","OSBPL11","Exc L6 CT",0.0104475283835236,4.42051190419073,0.144008419962175,0.704559506199889,0.91037135384779,0.91037135384779,"plaq_d"
"2928","AC092902.3","Exc L6 CT",-0.0112241259133138,6.10223887862342,0.222353695644337,0.637547668926608,0.878611156838095,0.878611156838095,"plaq_d"
"2929","SLC41A3","Exc L6 CT",-0.0236206156842325,4.89593572101929,1.22367594843403,0.425528120954232,0.752070188525622,0.752070188525622,"plaq_d"
"2930","AC079848.1","Exc L6 CT",0.0474777903849076,2.21806182686605,0.468145179402308,0.494296831283618,0.799151308845645,0.799151308845645,"plaq_d"
"2931","CFAP100","Exc L6 CT",-0.0254410638035051,3.30668340288056,0.302634528114013,0.582588212640437,0.851878633692955,0.851878633692955,"plaq_d"
"2932","ZXDC","Exc L6 CT",0.0137992832533921,6.17535014330103,0.861338600336899,0.354007250850274,0.69702457762784,0.69702457762784,"plaq_d"
"2933","TXNRD3NB","Exc L6 CT",-0.00652883918699509,3.95276601641629,0.0337282028446952,0.854393054415356,0.974785418557891,0.974785418557891,"plaq_d"
"2934","TXNRD3","Exc L6 CT",-0.013272704292537,3.37266830087966,0.0974951286146197,0.755043439650514,0.936442664305099,0.936442664305099,"plaq_d"
"2935","CHCHD6","Exc L6 CT",-0.0401109740959043,6.64445394507241,8.37909659714468,0.00403497171971889,0.068580227717914,0.068580227717914,"plaq_d"
"2936","PLXNA1","Exc L6 CT",-0.0131749630156789,5.49761925670437,0.327982365223091,0.567219177356863,0.841563153378275,0.841563153378275,"plaq_d"
"2937","TPRA1","Exc L6 CT",-0.0296400715627831,4.11442790554018,1.1041097902812,0.294094650393494,0.641677263877651,0.641677263877651,"plaq_d"
"2938","PODXL2","Exc L6 CT",-0.00732682361978924,6.34304487389948,0.214612211376461,0.643465590511589,0.88124995591125,0.88124995591125,"plaq_d"
"2939","ABTB1","Exc L6 CT",-0.0123170121619098,5.22376109070454,0.299843859451662,0.584331140693028,0.852322430026867,0.852322430026867,"plaq_d"
"2940","MGLL","Exc L6 CT",-0.00204720863075641,6.90459256928455,0.0179633644093407,0.89345827968853,0.985595335141122,0.985595335141122,"plaq_d"
"2941","KBTBD12","Exc L6 CT",0.00937320821364681,6.09699838173279,0.168533247512356,0.681671160885712,0.898657328947868,0.898657328947868,"plaq_d"
"2942","SEC61A1","Exc L6 CT",0.0660650976872337,4.48564006481477,8.24025316946282,0.00434764470741772,0.0714482799177917,0.0714482799177917,"plaq_d"
"2943","RUVBL1","Exc L6 CT",-0.00727916967319649,4.27579038252947,0.0701859412876744,0.863471212200819,0.977089417610673,0.977089417610673,"plaq_d"
"2944","EEFSEC","Exc L6 CT",-0.0371878573361342,5.83839474238162,4.07541553309597,0.044277669877063,0.256610843619243,0.256610843619243,"plaq_d"
"2945","RPN1","Exc L6 CT",-0.0728128482059328,4.88627231714208,3.56405282904152,0.0598746931289205,0.302016847331443,0.302016847331443,"plaq_d"
"2946","RAB7A","Exc L6 CT",0.00315551844800951,6.57590686169632,0.0683875879054866,0.793853696999387,0.953000771778707,0.953000771778707,"plaq_d"
"2947","ACAD9","Exc L6 CT",-0.0222780579388743,5.05655999330045,1.12840955439895,0.288851026104753,0.635552560587325,0.635552560587325,"plaq_d"
"2948","KIAA1257","Exc L6 CT",0.00274713937820173,4.10509481390002,0.0075842608444081,0.930651892288041,0.994417914154133,0.994417914154133,"plaq_d"
"2949","ISY1-RAB43","Exc L6 CT",-0.0227188625739408,2.32280953615004,0.130531890504596,0.718100310681211,0.917080695278198,0.917080695278198,"plaq_d"
"2950","AC108673.3","Exc L6 CT",0.064857708048228,2.85188790997183,1.73232087757888,0.18898054997535,0.522306812375013,0.522306812375013,"plaq_d"
"2951","CNBP","Exc L6 CT",0.0256539520163318,5.33919494154067,1.81946493408637,0.178253545310804,0.50824265816572,0.50824265816572,"plaq_d"
"2952","COPG1","Exc L6 CT",0.0338515243135365,4.54974850342594,2.15724987348758,0.142801285223424,0.459081577060387,0.459081577060387,"plaq_d"
"2953","HMCES","Exc L6 CT",-0.0174905390149055,4.30044944737992,0.380442843802876,0.56954704639395,0.843105324410006,0.843105324410006,"plaq_d"
"2954","H1FX","Exc L6 CT",0.0913265004762218,5.14220336388821,15.0051305505235,0.000128081486692281,0.00750186369658883,0.00750186369658883,"plaq_d"
"2955","H1FX-AS1","Exc L6 CT",-0.0793498851834549,2.47001374672463,1.93822647841946,0.164749731147931,0.490738077716866,0.490738077716866,"plaq_d"
"2956","EFCAB12","Exc L6 CT",-0.0898878728111515,2.69322118135697,2.64892798220387,0.104524255252901,0.396921967454698,0.396921967454698,"plaq_d"
"2957","MBD4","Exc L6 CT",0.0137527527638247,4.71102096204329,0.367533481383473,0.635822720132622,0.878269581788608,0.878269581788608,"plaq_d"
"2958","IFT122","Exc L6 CT",-0.0449181335599901,5.18813635980133,5.21858488870195,0.0229479467888891,0.18037845775799,0.18037845775799,"plaq_d"
"2959","TMCC1","Exc L6 CT",-0.000737846492029793,7.86880093488077,0.00543511756381656,0.942943945704237,0.997507548890635,0.997507548890635,"plaq_d"
"2960","TMCC1-AS1","Exc L6 CT",0.0351172577018112,3.78806625391074,1.1816689514353,0.277768405704339,0.62606736210966,0.62606736210966,"plaq_d"
"2961","AC083906.3","Exc L6 CT",0.0630893273332569,3.20598723976327,1.51373748364679,0.219400204671407,0.558706652863447,0.558706652863447,"plaq_d"
"2962","TRH","Exc L6 CT",0.089773737235856,1.50093552798806,0.721292622611424,0.396303761990626,0.729097630366397,0.729097630366397,"plaq_d"
"2963","ALG1L2","Exc L6 CT",-0.025731378761502,2.49451118720653,0.198666677567753,0.656076231975899,0.888260456646764,0.888260456646764,"plaq_d"
"2964","LINC02021","Exc L6 CT",-0.0436209165666541,2.98451694041604,0.807159605782296,0.369582175069045,0.708928046941235,0.708928046941235,"plaq_d"
"2965","COL6A6","Exc L6 CT",-0.0180734478148704,3.39648522170921,0.165213222448003,0.684651192465546,0.900774195488207,0.900774195488207,"plaq_d"
"2966","PIK3R4","Exc L6 CT",0.0178239044053092,5.30741707546553,0.732780952557178,0.431653633113705,0.756970577957031,0.756970577957031,"plaq_d"
"2967","ATP2C1","Exc L6 CT",0.025890501664748,7.66812585508431,5.18775552559231,0.0233522608396768,0.181279712927486,0.181279712927486,"plaq_d"
"2968","AC055733.2","Exc L6 CT",-0.153325774888104,2.04752917370606,4.19498972464588,0.0412931653033248,0.246808678287227,0.246808678287227,"plaq_d"
"2969","ASTE1","Exc L6 CT",-0.0461515009595069,3.15522252042278,1.04495200754139,0.307382233762521,0.652689915835421,0.652689915835421,"plaq_d"
"2970","NEK11","Exc L6 CT",0.0160452635833688,6.0873545158836,0.65858751179549,0.417613448521044,0.746439431003449,0.746439431003449,"plaq_d"
"2971","NUDT16","Exc L6 CT",0.0361427520452908,3.04758036902355,0.643155205653201,0.423117532038685,0.750264252157266,0.750264252157266,"plaq_d"
"2972","MRPL3","Exc L6 CT",0.00795120816670813,5.01307447266943,0.151229357939189,0.697600991638011,0.907797747447635,0.907797747447635,"plaq_d"
"2973","CPNE4","Exc L6 CT",-0.0150212578391852,5.84965918601774,0.21884387305125,0.640214902672794,0.880188294566122,0.880188294566122,"plaq_d"
"2974","DNAJC13","Exc L6 CT",0.0226946826928398,5.52920499103372,1.39723386625364,0.237993861964565,0.582902308434068,0.582902308434068,"plaq_d"
"2975","UBA5","Exc L6 CT",0.0470237754593723,5.17320201176232,5.36668801259191,0.021104793957761,0.172529593308306,0.172529593308306,"plaq_d"
"2976","NPHP3-AS1","Exc L6 CT",0.101014262264636,2.55140448495488,2.51738501515239,0.113504831504608,0.412763362519529,0.412763362519529,"plaq_d"
"2977","TMEM108","Exc L6 CT",0.00135961537221389,8.93265164365669,0.00745040773618885,0.931265035697528,0.99444705473932,0.99444705473932,"plaq_d"
"2978","CDV3","Exc L6 CT",0.056271126771891,4.17744430795577,4.28586936279947,0.0391672000596183,0.239732573154024,0.239732573154024,"plaq_d"
"2979","TOPBP1","Exc L6 CT",0.0173236038496583,5.14583694064743,0.893950044988048,0.353083688532495,0.696244510389889,0.696244510389889,"plaq_d"
"2980","TF","Exc L6 CT",0.170898080611715,3.22462915648006,4.24669110304726,0.0400691947880234,0.242878369755109,0.242878369755109,"plaq_d"
"2981","SRPRB","Exc L6 CT",0.037425208786683,3.96763089389392,1.81758945836345,0.280429089018831,0.627298574864587,0.627298574864587,"plaq_d"
"2982","RAB6B","Exc L6 CT",0.0548113665566475,7.49027118002106,24.0442616011962,1.44693218421245e-06,0.000354794168834941,0.000354794168834941,"plaq_d"
"2983","SLCO2A1","Exc L6 CT",0.165535360125458,2.13332552479263,3.31879747289958,0.0693497243186944,0.322571447913384,0.322571447913384,"plaq_d"
"2984","RYK","Exc L6 CT",-0.00270906042796349,6.40213923588224,0.0332995928843454,0.855310863408807,0.974800354737319,0.974800354737319,"plaq_d"
"2985","AMOTL2","Exc L6 CT",0.0355529896167232,3.82662620022957,1.18709607089183,0.276669561972005,0.624872139025569,0.624872139025569,"plaq_d"
"2986","ANAPC13","Exc L6 CT",0.0623649399876655,3.50519262757483,3.35287024671571,0.0768946579158265,0.341242055572818,0.341242055572818,"plaq_d"
"2987","CEP63","Exc L6 CT",0.0109079705579234,6.16209356511817,0.526944059357377,0.468382113607398,0.78210319251016,0.78210319251016,"plaq_d"
"2988","EPHB1","Exc L6 CT",-0.0176545974098822,6.74799018025251,0.709174838389188,0.400295909430158,0.733349441608114,0.733349441608114,"plaq_d"
"2989","KY","Exc L6 CT",0.00546487799171393,3.62773096762304,0.0211012403758469,0.93113492998532,0.99444705473932,0.99444705473932,"plaq_d"
"2990","PPP2R3A","Exc L6 CT",-0.00213575518699057,5.86725722268817,0.0113792592965465,0.915109350798262,0.99070421132938,0.99070421132938,"plaq_d"
"2991","MSL2","Exc L6 CT",-0.0134697752959055,5.30709333731798,0.440556619668606,0.507293151482011,0.806693052991829,0.806693052991829,"plaq_d"
"2992","PCCB","Exc L6 CT",-0.0385220763458676,5.05366042165337,3.26161544848397,0.071782638870388,0.327969234859831,0.327969234859831,"plaq_d"
"2993","STAG1","Exc L6 CT",0.0247427496315935,7.98150551290361,4.23306322842757,0.0403880588780167,0.243886952855674,0.243886952855674,"plaq_d"
"2994","SLC35G2","Exc L6 CT",-0.0461196837537131,5.08633591007771,3.96433697073389,0.0472549380062275,0.265739429758144,0.265739429758144,"plaq_d"
"2995","NCK1","Exc L6 CT",-0.0559764987929006,4.7579504311124,5.01998307890243,0.0256865323485225,0.191481655641625,0.191481655641625,"plaq_d"
"2996","IL20RB","Exc L6 CT",0.0437623590387101,2.39037646407301,0.643499210565815,0.422993658576661,0.750264252157266,0.750264252157266,"plaq_d"
"2997","DZIP1L","Exc L6 CT",-0.0214636415130345,2.97491199954796,0.186407034722976,0.6661912023008,0.893478550445554,0.893478550445554,"plaq_d"
"2998","DBR1","Exc L6 CT",0.0470919991562654,2.99901625363627,1.31880008314809,0.251595826956013,0.598970319970029,0.598970319970029,"plaq_d"
"2999","ARMC8","Exc L6 CT",0.00229283149113334,6.66437136121884,0.0350752117954173,0.851547226007004,0.973853977247922,0.973853977247922,"plaq_d"
"3000","NME9","Exc L6 CT",-0.003462799482778,5.02523587362221,0.0204644166861458,0.886330363854953,0.984501043664535,0.984501043664535,"plaq_d"
"3001","MRAS","Exc L6 CT",0.0248977094251473,5.48857998391126,1.50562396167735,0.22063704137769,0.559797470509909,0.559797470509909,"plaq_d"
"3002","ESYT3","Exc L6 CT",0.0166890721467836,4.32604063506093,0.338388656279605,0.622341610186325,0.872453970225176,0.872453970225176,"plaq_d"
"3003","CEP70","Exc L6 CT",0.0205074634052638,6.52813296247869,1.65031342031134,0.199770250775895,0.535752074158725,0.535752074158725,"plaq_d"
"3004","FAIM","Exc L6 CT",-0.0350054313043592,3.55898139487419,0.817690737619506,0.366481407764182,0.706936399058444,0.706936399058444,"plaq_d"
"3005","PIK3CB","Exc L6 CT",0.0220035224029815,7.0395874450483,3.52672731827268,0.061222429124594,0.305532059993314,0.305532059993314,"plaq_d"
"3006","MRPS22","Exc L6 CT",-0.0428037133878804,3.764260014966,1.4193696339158,0.234318626778951,0.578984429454752,0.578984429454752,"plaq_d"
"3007","COPB2","Exc L6 CT",0.0117720405453186,5.21684478011596,0.36962502942648,0.543605062170083,0.828340294560607,0.828340294560607,"plaq_d"
"3008","AC097103.2","Exc L6 CT",-0.0607752703376279,6.24862856466293,14.9954380755388,0.000128713554671953,0.00750186369658883,0.00750186369658883,"plaq_d"
"3009","NMNAT3","Exc L6 CT",0.0122628890897381,6.98952281566394,0.552398027316523,0.45784068276932,0.775664661561659,0.775664661561659,"plaq_d"
"3010","CLSTN2","Exc L6 CT",0.0167640346335612,10.2990891606778,1.6471986290499,0.200194133294441,0.535985631933564,0.535985631933564,"plaq_d"
"3011","SLC25A36","Exc L6 CT",0.0122532619856543,6.47408111897469,0.778156156696659,0.378314200675741,0.71463209984621,0.71463209984621,"plaq_d"
"3012","SPSB4","Exc L6 CT",-0.0504184436515768,3.12680336333361,0.752304681010759,0.386344872363132,0.721139768567107,0.721139768567107,"plaq_d"
"3013","PXYLP1","Exc L6 CT",0.0158019711418886,6.02935570256429,0.739873556287938,0.390293234795778,0.724427721521406,0.724427721521406,"plaq_d"
"3014","AC117383.1","Exc L6 CT",-0.0195343927254967,3.31057189731542,0.178773430398515,0.672690457612083,0.895548968504857,0.895548968504857,"plaq_d"
"3015","ZBTB38","Exc L6 CT",0.0159944645498067,6.93014329693314,1.78574658231413,0.230852198755669,0.574602097020503,0.574602097020503,"plaq_d"
"3016","RASA2","Exc L6 CT",-0.00474513557994145,7.7440019269951,0.15972757970582,0.689652491997732,0.903470495477236,0.903470495477236,"plaq_d"
"3017","RNF7","Exc L6 CT",0.0363455354177011,4.03718413494584,1.55867883769393,0.212697556130413,0.549828338670034,0.549828338670034,"plaq_d"
"3018","ATP1B3","Exc L6 CT",-0.0189421372652035,6.46179010691494,1.06537665493658,0.302708470286266,0.648680065748635,0.648680065748635,"plaq_d"
"3019","TFDP2","Exc L6 CT",0.0258936383698539,8.09027918993119,4.47655356310228,0.0350724200169966,0.226515279750867,0.226515279750867,"plaq_d"
"3020","GK5","Exc L6 CT",-0.0256138795185216,5.48081714339739,1.78563975939771,0.182330906787571,0.512663229319115,0.512663229319115,"plaq_d"
"3021","XRN1","Exc L6 CT",0.0360548872262776,7.27082723959775,10.9880062274886,0.00101351463584016,0.0278755429721176,0.0278755429721176,"plaq_d"
"3022","ATR","Exc L6 CT",-0.00998314652643996,6.74707605949211,0.528826732829399,0.467589187589863,0.781904279770435,0.781904279770435,"plaq_d"
"3023","PLS1","Exc L6 CT",-0.0738631737244107,3.85718240938098,3.82607880030176,0.0512600730766683,0.278551264132978,0.278551264132978,"plaq_d"
"3024","TRPC1","Exc L6 CT",-0.0022592846107726,7.54455523427155,0.0382259855405036,0.845104097501028,0.970960210363396,0.970960210363396,"plaq_d"
"3025","PCOLCE2","Exc L6 CT",0.120345479504428,2.78431335229743,2.45442831646121,0.118102143714408,0.420282079964388,0.420282079964388,"plaq_d"
"3026","PAQR9","Exc L6 CT",0.108431345038738,2.97260244891204,5.35540383728668,0.0212396470434992,0.173194415381499,0.173194415381499,"plaq_d"
"3027","U2SURP","Exc L6 CT",-0.00725411839668914,6.45991321843928,0.356564067371722,0.685057030321378,0.900774195488207,0.900774195488207,"plaq_d"
"3028","CHST2","Exc L6 CT",0.133384652072139,2.65132499692663,6.26711002945394,0.0127571580035158,0.131744653241473,0.131744653241473,"plaq_d"
"3029","SLC9A9","Exc L6 CT",0.274586169215422,2.49703680754681,4.82174285615909,0.0287620539200729,0.203262937165379,0.203262937165379,"plaq_d"
"3030","C3orf58","Exc L6 CT",0.0327783234135117,4.62283768147787,1.18097920362771,0.277908455183404,0.62606736210966,0.62606736210966,"plaq_d"
"3031","AC107021.1","Exc L6 CT",-0.16356165435003,1.76267655065153,3.29537159692059,0.0718315502579221,0.327969234859831,0.327969234859831,"plaq_d"
"3032","PLOD2","Exc L6 CT",0.0808195414597595,4.91337874808102,4.88774135044941,0.0276975186587265,0.200380659947392,0.200380659947392,"plaq_d"
"3033","PLSCR4","Exc L6 CT",-0.135309772351172,1.70251536929393,1.24475954698615,0.265325119799706,0.612464037633147,0.612464037633147,"plaq_d"
"3034","PLSCR2","Exc L6 CT",0.0469200468502844,2.37859262076973,0.466391097425153,0.495106255404381,0.800145792924474,0.800145792924474,"plaq_d"
"3035","PLSCR1","Exc L6 CT",0.00768138933270367,3.51961912636571,0.0371319064218158,0.847309076262996,0.971364821464102,0.971364821464102,"plaq_d"
"3036","AC092957.1","Exc L6 CT",-0.248764087567186,1.62197245153923,5.24590498810237,0.022595748682297,0.179371325971959,0.179371325971959,"plaq_d"
"3037","GYG1","Exc L6 CT",-0.058928007965237,3.77050173204583,2.96602353714265,0.0859186368687975,0.35955017223321,0.35955017223321,"plaq_d"
"3038","HLTF","Exc L6 CT",-0.00836646808633728,6.12169526559461,0.330668903611783,0.770169550839915,0.943123584032954,0.943123584032954,"plaq_d"
"3039","HPS3","Exc L6 CT",-0.0256567799252128,4.05312428368316,0.787959767745452,0.37533049975203,0.711891683060635,0.711891683060635,"plaq_d"
"3040","CP","Exc L6 CT",-0.201232896548963,1.6888280530731,5.09918388125748,0.0245556658076843,0.186653957871969,0.186653957871969,"plaq_d"
"3041","WWTR1","Exc L6 CT",-0.0164308435775981,4.30727816443664,0.206005454325305,0.650199232015909,0.884797064382364,0.884797064382364,"plaq_d"
"3042","COMMD2","Exc L6 CT",0.00820471605176161,4.78599440495825,0.121079088600376,0.94664842534816,0.997914939752836,0.997914939752836,"plaq_d"
"3043","ANKUB1","Exc L6 CT",-0.0445335264954181,4.38097959560811,2.65060378945734,0.104415020378302,0.396916025113433,0.396916025113433,"plaq_d"
"3044","RNF13","Exc L6 CT",0.0401925595182573,6.92715895954276,11.7540117549522,0.000679888802583018,0.0219947847235621,0.0219947847235621,"plaq_d"
"3045","PFN2","Exc L6 CT",-0.011679047242462,3.1151507889763,0.0648049923317999,0.799206863669523,0.955002960522522,0.955002960522522,"plaq_d"
"3046","AC117386.2","Exc L6 CT",0.000483193255876705,2.23423568579552,0.000286931924599767,0.986494929579857,0.999571689696322,0.999571689696322,"plaq_d"
"3047","TSC22D2","Exc L6 CT",0.032150925669812,6.50391205779856,4.20347925157553,0.0410895096193882,0.246209643072273,0.246209643072273,"plaq_d"
"3048","SERP1","Exc L6 CT",0.00551151165322947,5.87396730155712,0.108726526053281,0.91190469233015,0.989953996741184,0.989953996741184,"plaq_d"
"3049","EIF2A","Exc L6 CT",-0.0189264216978496,4.78500565114243,0.758806013216896,0.463751303269728,0.778159269284318,0.778159269284318,"plaq_d"
"3050","SELENOT","Exc L6 CT",0.0404423360994585,5.40366213015466,5.42005596729356,0.020478971084141,0.17011844646699,0.17011844646699,"plaq_d"
"3051","ERICH6","Exc L6 CT",0.000453783056302707,2.05458251279294,0.000190375356435915,0.988999313430515,0.999571689696322,0.999571689696322,"plaq_d"
"3052","ERICH6-AS1","Exc L6 CT",-0.140764654143422,2.30858092254193,4.62388392742873,0.0322178435635471,0.217138612331846,0.217138612331846,"plaq_d"
"3053","SIAH2","Exc L6 CT",-0.0532758179861451,4.38141868181242,4.11107810427233,0.0433644083062081,0.253480298005201,0.253480298005201,"plaq_d"
"3054","MED12L","Exc L6 CT",0.0329148639944485,7.70005065814233,4.60776428621898,0.0325179277159037,0.21824153258655,0.21824153258655,"plaq_d"
"3055","P2RY14","Exc L6 CT",-0.101369510241774,3.70505972231338,5.01406915059331,0.0257731258961312,0.191706226660787,0.191706226660787,"plaq_d"
"3056","IGSF10","Exc L6 CT",-0.121430769915959,2.64163723660481,3.48468179243421,0.0627795490586841,0.308350183639992,0.308350183639992,"plaq_d"
"3057","MBNL1","Exc L6 CT",0.0485150136235112,7.96297753654246,25.0170032526564,9.02952183054814e-07,0.00027081040890119,0.00027081040890119,"plaq_d"
"3058","RAP2B","Exc L6 CT",0.11022485182853,3.59518342253952,8.6840596208045,0.00342639224015599,0.0621238572912917,0.0621238572912917,"plaq_d"
"3059","DHX36","Exc L6 CT",0.00719750373715962,6.24865413639301,0.308257646920571,0.579107839523508,0.849984355538754,0.849984355538754,"plaq_d"
"3060","MME","Exc L6 CT",0.0592040509529106,4.01049018629714,1.23149640010763,0.267882031517126,0.615789914857593,0.615789914857593,"plaq_d"
"3061","PLCH1","Exc L6 CT",0.0564580995093776,2.61829075780794,0.293197061177148,0.588525307969883,0.854987442756975,0.854987442756975,"plaq_d"
"3062","C3orf33","Exc L6 CT",0.0414008589518996,2.59401695069742,0.636402695238452,0.42556013863085,0.752070188525622,0.752070188525622,"plaq_d"
"3063","GMPS","Exc L6 CT",0.0198246756753413,5.57889671444941,1.25436384270676,0.345341989972988,0.689247648364222,0.689247648364222,"plaq_d"
"3064","KCNAB1","Exc L6 CT",-0.0710714220177128,2.75014070098602,0.486309998677883,0.48604331748704,0.794068255049274,0.794068255049274,"plaq_d"
"3065","AC084036.1","Exc L6 CT",-0.0213070025337132,2.23395827467234,0.108795178084546,0.741718342175597,0.929472254000688,0.929472254000688,"plaq_d"
"3066","SSR3","Exc L6 CT",0.0374926735389087,3.9319141676323,1.68220338127522,0.199771959855796,0.535752074158725,0.535752074158725,"plaq_d"
"3067","TIPARP","Exc L6 CT",0.00585390374572895,2.08330190754073,0.00598414058058019,0.938383798048141,0.996248409160424,0.996248409160424,"plaq_d"
"3068","LINC00886","Exc L6 CT",-0.0349235249225042,1.94474082460235,0.171553861206587,0.678989544403246,0.897086621670459,0.897086621670459,"plaq_d"
"3069","LEKR1","Exc L6 CT",0.138855552131019,2.76430910790942,6.41296135846259,0.0117678354606725,0.126265126926516,0.126265126926516,"plaq_d"
"3070","CCNL1","Exc L6 CT",-0.00794927899064665,5.07939901321675,0.150958488357981,0.834010983342246,0.96728960782902,0.96728960782902,"plaq_d"
"3071","VEPH1","Exc L6 CT",-0.111957802100813,2.18805335045887,2.25999055611941,0.133661285613448,0.445826660725485,0.445826660725485,"plaq_d"
"3072","PQLC2L","Exc L6 CT",0.040483342390352,2.5548448978439,0.355074579246649,0.551641629948833,0.832621312811235,0.832621312811235,"plaq_d"
"3073","AC079943.2","Exc L6 CT",-0.0431988757243928,1.76292305303626,0.253275446510411,0.713920121048769,0.91426971184341,0.91426971184341,"plaq_d"
"3074","RSRC1","Exc L6 CT",0.0129308982848014,6.59391575993672,0.96917351805235,0.325569948783513,0.670228082752389,0.670228082752389,"plaq_d"
"3075","MLF1","Exc L6 CT",-0.0461308215222675,4.69552710267347,3.07605381057801,0.0803328521582601,0.348649906442663,0.348649906442663,"plaq_d"
"3076","GFM1","Exc L6 CT",-0.041133117654793,5.03177009379046,3.57411897292793,0.0595166814666742,0.301160684145603,0.301160684145603,"plaq_d"
"3077","LXN","Exc L6 CT",-0.170783244530245,2.10296539214224,4.88686121502923,0.0277114406548881,0.200380659947392,0.200380659947392,"plaq_d"
"3078","RARRES1","Exc L6 CT",-0.0799188687355791,3.14261131943762,2.89081674446644,0.0899786978840592,0.367887911030649,0.367887911030649,"plaq_d"
"3079","MFSD1","Exc L6 CT",0.0614734115243312,4.98413680208858,8.25589885039034,0.00431120532709064,0.0710115696668157,0.0710115696668157,"plaq_d"
"3080","IQCJ-SCHIP1","Exc L6 CT",0.042190352213021,7.78208777099629,1.87599809569845,0.171672321732828,0.499066980448564,0.499066980448564,"plaq_d"
"3081","IL12A-AS1","Exc L6 CT",-0.0123080439079912,4.97301470120636,0.0948322527757723,0.758305679997182,0.93768275509137,0.93768275509137,"plaq_d"
"3082","C3orf80","Exc L6 CT",0.0865461670547868,3.56771346321557,5.13356083548002,0.0240810936520181,0.184792870050348,0.184792870050348,"plaq_d"
"3083","SMC4","Exc L6 CT",-0.0159311439073826,2.63675025027685,0.0891858493426946,0.765392885954104,0.940715101698564,0.940715101698564,"plaq_d"
"3084","KPNA4","Exc L6 CT",0.0291261340405757,5.74080024249551,3.15318920498494,0.0766520427906778,0.341242055572818,0.341242055572818,"plaq_d"
"3085","PPM1L","Exc L6 CT",0.0203598950517932,8.56677419736039,3.42206012417205,0.0651778008078281,0.313707663132562,0.313707663132562,"plaq_d"
"3086","B3GALNT1","Exc L6 CT",-0.0177748963047448,4.92270699640678,0.845816707811292,0.358375150582607,0.700718774124955,0.700718774124955,"plaq_d"
"3087","NMD3","Exc L6 CT",-0.0127505600480936,6.71614281280909,0.525990432380407,0.468784578977994,0.78210319251016,0.78210319251016,"plaq_d"
"3088","SPTSSB","Exc L6 CT",0.0710796185566289,4.20689734477966,5.70259537505172,0.0174723387198508,0.156005098370756,0.156005098370756,"plaq_d"
"3089","LINC02067","Exc L6 CT",-0.00666384038031157,2.89739210313672,0.0117047842641752,0.913908361838997,0.990036473268044,0.990036473268044,"plaq_d"
"3090","AC128685.1","Exc L6 CT",-0.049066449304678,2.21985050219027,0.527541363406384,0.468130312766033,0.781991643371989,0.781991643371989,"plaq_d"
"3091","SLITRK3","Exc L6 CT",0.0490738314765072,4.4119727579517,3.42709120234878,0.0649815430491996,0.313156414131935,0.313156414131935,"plaq_d"
"3092","LINC01322","Exc L6 CT",-0.00438134722936948,6.74216864104006,0.0216063296684919,0.883224260014629,0.983592206016137,0.983592206016137,"plaq_d"
"3093","ZBBX","Exc L6 CT",0.00114333585886602,2.36980300253954,6.76109583231036e-05,0.993444106597031,0.999633003011692,0.999633003011692,"plaq_d"
"3094","SERPINI2","Exc L6 CT",0.0781877615994966,1.96495030331733,1.04398983139401,0.307604713161019,0.652689915835421,0.652689915835421,"plaq_d"
"3095","WDR49","Exc L6 CT",-0.0130490345643752,2.36940636815533,0.0342553035614657,0.853272568606288,0.974544369379645,0.974544369379645,"plaq_d"
"3096","PDCD10","Exc L6 CT",0.0127837502221088,5.35660266023393,0.524678670924553,0.469339101136197,0.782739307223899,0.782739307223899,"plaq_d"
"3097","SERPINI1","Exc L6 CT",0.0185461237890487,7.31556921785888,2.05257037183494,0.152846634252001,0.474411678527541,0.474411678527541,"plaq_d"
"3098","AC124893.1","Exc L6 CT",-0.120269333917413,2.82302645275761,6.12879211054961,0.0137748356104224,0.137373287595595,0.137373287595595,"plaq_d"
"3099","LINC02082","Exc L6 CT",0.0169260897603191,6.04939277192822,0.658757124114938,0.417553549904568,0.746439431003449,0.746439431003449,"plaq_d"
"3100","AC092954.2","Exc L6 CT",0.0605747758698722,2.63991850765081,1.43225987390298,0.232210174921416,0.57622403421972,0.57622403421972,"plaq_d"
"3101","MECOM","Exc L6 CT",-0.0750253922150994,3.87021531407886,1.96543483139378,0.161824071071228,0.486350590217412,0.486350590217412,"plaq_d"
"3102","MYNN","Exc L6 CT",-0.0425084448022722,3.77631877232693,1.89587238997212,0.259284054641531,0.606442445267178,0.606442445267178,"plaq_d"
"3103","AC078795.1","Exc L6 CT",-0.0318559627887157,2.0177133240401,0.203910689088805,0.658376463397656,0.889419100977406,0.889419100977406,"plaq_d"
"3104","LRRC34","Exc L6 CT",0.00693769091566662,4.50808679307256,0.0676109594454446,0.795001201645054,0.953000771778707,0.953000771778707,"plaq_d"
"3105","SEC62","Exc L6 CT",0.0103702104601517,6.70272192842169,0.619192815723843,0.43188264184861,0.756970577957031,0.756970577957031,"plaq_d"
"3106","GPR160","Exc L6 CT",0.0395096306635801,2.17483655974771,0.273519017077807,0.601313525694477,0.860659128643636,0.860659128643636,"plaq_d"
"3107","PHC3","Exc L6 CT",-0.0112662502613955,7.21125355076711,1.18766903394909,0.276553872964258,0.624868449312615,0.624868449312615,"plaq_d"
"3108","PRKCI","Exc L6 CT",0.00743543848905396,6.36387332893608,0.324976298115031,0.883100145939332,0.983592206016137,0.983592206016137,"plaq_d"
"3109","SKIL","Exc L6 CT",0.000330978456636349,5.47777244271059,0.000284039805507757,0.98656315737545,0.999571689696322,0.999571689696322,"plaq_d"
"3110","AC026316.5","Exc L6 CT",0.0126885099611942,2.65494575649283,0.0175745346873542,0.89461084075094,0.985997098496085,0.985997098496085,"plaq_d"
"3111","SLC7A14","Exc L6 CT",0.0257717892757906,6.92933671774141,3.05853491989066,0.0811952097564404,0.350071109856293,0.350071109856293,"plaq_d"
"3112","RPL22L1","Exc L6 CT",-0.0335166089703543,2.31843651421895,0.273599046768146,0.601260342544249,0.860659128643636,0.860659128643636,"plaq_d"
"3113","EIF5A2","Exc L6 CT",0.101474989996888,3.92548520752859,11.2995136644383,0.000861357295204116,0.0252547853803635,0.0252547853803635,"plaq_d"
"3114","TNIK","Exc L6 CT",0.00792736581145531,8.70971630624874,0.609976843967355,0.435327191580388,0.758584282833159,0.758584282833159,"plaq_d"
"3115","PLD1","Exc L6 CT",0.231096936705,3.10230008786586,7.5039673671486,0.00647320328947014,0.0902986768945854,0.0902986768945854,"plaq_d"
"3116","TMEM212","Exc L6 CT",-0.0415332599065105,2.03474983979246,0.278219273679846,0.598206673867468,0.859003695660694,0.859003695660694,"plaq_d"
"3117","FNDC3B","Exc L6 CT",-0.050078733685189,4.95612345445385,3.03598792702562,0.0823198631995131,0.352378958602787,0.352378958602787,"plaq_d"
"3118","NCEH1","Exc L6 CT",0.0129231754672183,6.88654509567807,1.19447538642013,0.275184232968904,0.623375644031526,0.623375644031526,"plaq_d"
"3119","ECT2","Exc L6 CT",-0.0510955146832149,2.9785128485004,1.21090042356334,0.271914029204927,0.618697979779144,0.618697979779144,"plaq_d"
"3120","NLGN1","Exc L6 CT",0.0371982060797098,10.596379001491,15.7944340350651,8.58629738762939e-05,0.00581452662573454,0.00581452662573454,"plaq_d"
"3121","NAALADL2","Exc L6 CT",-0.0284049283460929,7.02513123482658,2.10595428864465,0.147627096259245,0.465959148815629,0.465959148815629,"plaq_d"
"3122","AC092920.1","Exc L6 CT",-0.0743159332168205,2.39926014119168,0.950887487099814,0.330170456732567,0.674203389379013,0.674203389379013,"plaq_d"
"3123","TBL1XR1","Exc L6 CT",0.0211295803901647,7.68159971297866,3.72465590957865,0.0544266872190709,0.286967611230717,0.286967611230717,"plaq_d"
"3124","LINC00578","Exc L6 CT",0.105308328966795,3.31252951200221,3.68969119016778,0.0555660694453148,0.290281306757218,0.290281306757218,"plaq_d"
"3125","KCNMB2-AS1","Exc L6 CT",0.0521659626540561,3.31925553167653,0.962542743531029,0.327228246517329,0.67224603514702,0.67224603514702,"plaq_d"
"3126","ZMAT3","Exc L6 CT",0.0583500812981761,5.96504797352912,13.284776546537,0.000308351919672239,0.0132905216634777,0.0132905216634777,"plaq_d"
"3127","AC076966.1","Exc L6 CT",-0.056662929658862,1.91504262812696,0.451652155332796,0.501997085680005,0.804689882146492,0.804689882146492,"plaq_d"
"3128","PIK3CA","Exc L6 CT",0.0422641049553152,7.09951485364347,10.959719059119,0.00102861926376415,0.0280454600779331,0.0280454600779331,"plaq_d"
"3129","KCNMB3","Exc L6 CT",-0.0233851344334099,3.4248987254804,0.327798408215347,0.567327839651807,0.841637631865974,0.841637631865974,"plaq_d"
"3130","ZNF639","Exc L6 CT",0.0884063186560111,3.94997530498407,9.52971054900651,0.00218389638640875,0.0464719693140782,0.0464719693140782,"plaq_d"
"3131","MFN1","Exc L6 CT",0.0208886249675358,6.02010033520754,1.43316598775112,0.232062828893558,0.576194633451477,0.576194633451477,"plaq_d"
"3132","GNB4","Exc L6 CT",0.0700099089385157,4.99135779700752,7.05330152439377,0.00827574092775113,0.103303199029783,0.103303199029783,"plaq_d"
"3133","ACTL6A","Exc L6 CT",-0.0835289044832756,2.50370791727342,2.0220771315322,0.155922067607363,0.477789290182119,0.477789290182119,"plaq_d"
"3134","MRPL47","Exc L6 CT",-0.0034658092775274,3.15248288741637,0.00643962621122947,0.967139357053281,0.998742420766286,0.998742420766286,"plaq_d"
"3135","NDUFB5","Exc L6 CT",0.0374446645997833,4.64416025945859,2.93437047568737,0.0876026174155857,0.362452775274165,0.362452775274165,"plaq_d"
"3136","USP13","Exc L6 CT",-0.0244172922221842,5.01600958694222,1.14002766999165,0.286386177148643,0.632818941862144,0.632818941862144,"plaq_d"
"3137","PEX5L","Exc L6 CT",0.0146829745896667,10.7740931420255,1.56949276181666,0.211121384419595,0.548705085702039,0.548705085702039,"plaq_d"
"3138","PEX5L-AS1","Exc L6 CT",-0.239811766444316,1.72184442943593,6.89309531914741,0.00903459907164818,0.108566016891024,0.108566016891024,"plaq_d"
"3139","PEX5L-AS2","Exc L6 CT",-0.0974670452716563,2.1434685564798,1.69904885362363,0.193273599932575,0.527256064457913,0.527256064457913,"plaq_d"
"3140","TTC14","Exc L6 CT",0.0113114786136739,7.37184742320698,0.85089128043148,0.356939039778161,0.699590798726537,0.699590798726537,"plaq_d"
"3141","CCDC39","Exc L6 CT",-0.00195349625900468,2.24467417307613,0.000358162813305175,0.98491162416584,0.999571689696322,0.999571689696322,"plaq_d"
"3142","FXR1","Exc L6 CT",0.0327432827985348,6.55516769579102,6.18754371920554,0.0133326902066746,0.135220317755364,0.135220317755364,"plaq_d"
"3143","DNAJC19","Exc L6 CT",0.0152063177938063,4.17410206151026,0.325744658726316,0.568543735373928,0.842570174776703,0.842570174776703,"plaq_d"
"3144","ATP11B","Exc L6 CT",0.0204124591577123,6.5630146542572,2.48668844886216,0.115721131144782,0.416087162325362,0.416087162325362,"plaq_d"
"3145","DCUN1D1","Exc L6 CT",0.0152988510587454,5.85521234522203,0.864362567943641,0.353164815470019,0.696244510389889,0.696244510389889,"plaq_d"
"3146","MCCC1","Exc L6 CT",-0.0137676253319411,6.56612530912341,1.2165844817501,0.270793724822963,0.618110489548646,0.618110489548646,"plaq_d"
"3147","MCF2L2","Exc L6 CT",-0.0261968968963251,8.16196050662299,8.50412740534446,0.00377310319158117,0.0664029260953575,0.0664029260953575,"plaq_d"
"3148","B3GNT5","Exc L6 CT",0.0502374162424337,2.37209588638646,0.812217211676413,0.543274184151146,0.828340294560607,0.828340294560607,"plaq_d"
"3149","KLHL24","Exc L6 CT",0.0104684960871385,7.0498283860397,0.726693521358846,0.394543013133013,0.727685826575752,0.727685826575752,"plaq_d"
"3150","YEATS2","Exc L6 CT",0.00334902960576708,6.91150480953333,0.0769388794056281,0.781654029530319,0.948066114896942,0.948066114896942,"plaq_d"
"3151","ABCC5","Exc L6 CT",-0.000710098707882615,7.03523392212136,0.00403112543249673,0.993083153195894,0.999571689696322,0.999571689696322,"plaq_d"
"3152","EIF2B5","Exc L6 CT",0.0134287703414921,4.16148671675185,0.250961223700118,0.616715590599538,0.86977969625572,0.86977969625572,"plaq_d"
"3153","DVL3","Exc L6 CT",0.029304056844002,4.34681080303411,1.40866354916242,0.236087495646854,0.580977023475574,0.580977023475574,"plaq_d"
"3154","AP2M1","Exc L6 CT",0.0461592407965343,6.26763664319618,8.21571562816947,0.0044054294809718,0.0719870179433259,0.0719870179433259,"plaq_d"
"3155","ABCF3","Exc L6 CT",0.0147543602604444,3.11837209916742,0.120672878298915,0.821347816468049,0.963631282552026,0.963631282552026,"plaq_d"
"3156","VWA5B2","Exc L6 CT",-0.137137493934614,4.38668090382022,17.9269544739586,2.94074545768088e-05,0.00274902413043987,0.00274902413043987,"plaq_d"
"3157","ALG3","Exc L6 CT",0.0213284028745754,3.10291361053378,0.250872548633108,0.616777822364978,0.86977969625572,0.86977969625572,"plaq_d"
"3158","CAMK2N2","Exc L6 CT",0.0841796814697037,2.0954471828715,0.824654364256489,0.364450915583147,0.704813995262625,0.704813995262625,"plaq_d"
"3159","PSMD2","Exc L6 CT",-0.0153286132562291,4.81060338666116,0.423333722231007,0.515707345677728,0.811823176421714,0.811823176421714,"plaq_d"
"3160","EIF4G1","Exc L6 CT",0.0281852442598513,4.49662068314789,1.41428771686862,0.353092240899488,0.696244510389889,0.696244510389889,"plaq_d"
"3161","FAM131A","Exc L6 CT",0.00199562805710353,5.53935287036457,0.00940642195443712,0.922792748263267,0.992627684679289,0.992627684679289,"plaq_d"
"3162","CLCN2","Exc L6 CT",-0.0253028387063467,2.84804458499877,0.304207580025338,0.581610364525173,0.851041833586362,0.851041833586362,"plaq_d"
"3163","POLR2H","Exc L6 CT",0.0130334127730573,4.17720326614119,0.226410109110067,0.634496939979243,0.878243346955486,0.878243346955486,"plaq_d"
"3164","CHRD","Exc L6 CT",-0.0585596354516965,4.78442574253519,4.16288209061808,0.0420730825707818,0.248608369557857,0.248608369557857,"plaq_d"
"3165","LINC02054","Exc L6 CT",-0.0237786665010759,3.12657206800047,0.228010055307482,0.63330287760348,0.877767141786983,0.877767141786983,"plaq_d"
"3166","EPHB3","Exc L6 CT",-0.0349410537813959,3.11977955477889,0.541335284937448,0.462375191681944,0.777429719627805,0.777429719627805,"plaq_d"
"3167","MAGEF1","Exc L6 CT",0.00944430190235436,3.8821076715841,0.0937519136666978,0.759643480461124,0.938294941631775,0.938294941631775,"plaq_d"
"3168","VPS8","Exc L6 CT",0.00889050484729003,7.31421035154726,0.636420155510496,0.827782474267109,0.964685218129143,0.964685218129143,"plaq_d"
"3169","C3orf70","Exc L6 CT",-0.00139362980532966,5.82870548881773,0.00381388732026582,0.950792036180479,0.99802142424354,0.99802142424354,"plaq_d"
"3170","EHHADH","Exc L6 CT",0.0476218003768441,2.88223446633043,0.913823432601955,0.339765190833408,0.684092263949335,0.684092263949335,"plaq_d"
"3171","MAP3K13","Exc L6 CT",-0.0226080886114167,7.40002349550201,3.72121477519299,0.0545377104758353,0.286967611230717,0.286967611230717,"plaq_d"
"3172","TMEM41A","Exc L6 CT",-0.00711076551848,3.85414301869707,0.0541580923650075,0.947734680054206,0.997964805243233,0.997964805243233,"plaq_d"
"3173","LIPH","Exc L6 CT",0.131304359239235,2.42946713420514,3.89583447791856,0.0491961600798958,0.27060012777269,0.27060012777269,"plaq_d"
"3174","SENP2","Exc L6 CT",0.00635347115541095,6.10017647136032,0.196557844171081,0.657789058419778,0.889157867137195,0.889157867137195,"plaq_d"
"3175","TRA2B","Exc L6 CT",-0.0110471025071373,6.09013129027187,0.518097028093334,0.596256176404469,0.858855692910863,0.858855692910863,"plaq_d"
"3176","ETV5","Exc L6 CT",-0.0988562090122309,6.28567847536426,9.14684257932046,0.00267650086476728,0.0532930932907188,0.0532930932907188,"plaq_d"
"3177","DGKG","Exc L6 CT",0.0249238968335746,9.36432357942309,2.95701312741843,0.086394389386322,0.359906270581881,0.359906270581881,"plaq_d"
"3178","CRYGS","Exc L6 CT",0.0256790773046358,3.2131211694024,0.356059006798889,0.586957325426851,0.854287193719603,0.854287193719603,"plaq_d"
"3179","TBCCD1","Exc L6 CT",0.00858662650091961,3.3854773528351,0.0513254438123313,0.864980491369711,0.977414376276166,0.977414376276166,"plaq_d"
"3180","DNAJB11","Exc L6 CT",-0.041570931129247,2.3096797407394,0.438863056825719,0.50810996170229,0.806906139178239,0.806906139178239,"plaq_d"
"3181","AC068631.1","Exc L6 CT",-0.0999255088892345,2.23272391973486,2.07933521775689,0.150204003107853,0.470491266332186,0.470491266332186,"plaq_d"
"3182","AC068631.2","Exc L6 CT",-0.087279708345869,1.95548954386209,1.32627128790984,0.250259778870078,0.597416342797046,0.597416342797046,"plaq_d"
"3183","EIF4A2","Exc L6 CT",0.065250405572686,7.69601823416917,20.0658524623603,1.01599575115977e-05,0.00129436060475186,0.00129436060475186,"plaq_d"
"3184","RFC4","Exc L6 CT",0.00845004560914134,2.77308179973487,0.0307155980630794,0.860978262460109,0.976495686661412,0.976495686661412,"plaq_d"
"3185","AC112907.1","Exc L6 CT",-0.0868878649076344,1.97340908365249,1.09073349450993,0.297033254002106,0.644938202016231,0.644938202016231,"plaq_d"
"3186","LINC02043","Exc L6 CT",-0.0527785749723964,3.27535234816295,1.32833981345895,0.249891416891565,0.597283220582928,0.597283220582928,"plaq_d"
"3187","ST6GAL1","Exc L6 CT",-0.0638783988664216,5.84674879830265,5.38083856523631,0.0209369433134107,0.171761559980313,0.171761559980313,"plaq_d"
"3188","LPP","Exc L6 CT",0.0300511166001007,4.91932724774792,0.713354201566037,0.398912474144151,0.731746174538633,0.731746174538633,"plaq_d"
"3189","P3H2","Exc L6 CT",-0.0156796309628197,4.89243107322915,0.299736902395442,0.584398150955912,0.852322430026867,0.852322430026867,"plaq_d"
"3190","P3H2-AS1","Exc L6 CT",-0.00264676917390705,3.54634236796222,0.00441105930133828,0.947084903897183,0.997964805243233,0.997964805243233,"plaq_d"
"3191","CLDN16","Exc L6 CT",0.0127156780170565,3.39948732805258,0.0550162264897458,0.814691708305642,0.960234307578846,0.960234307578846,"plaq_d"
"3192","IL1RAP","Exc L6 CT",0.0339622309953469,4.56847784652329,0.993929839193804,0.31947609269658,0.664237121672439,0.664237121672439,"plaq_d"
"3193","CCDC50","Exc L6 CT",0.0154920494376749,4.53485487606178,0.355907648292685,0.551175519488027,0.832168094236983,0.832168094236983,"plaq_d"
"3194","AC073365.1","Exc L6 CT",0.0931277396264367,2.84362494716015,0.920458895145526,0.338020218091374,0.68210527889591,0.68210527889591,"plaq_d"
"3195","FGF12","Exc L6 CT",0.023684208844574,10.2682679868667,7.61810282934457,0.00608428949544176,0.0873274492286935,0.0873274492286935,"plaq_d"
"3196","FGF12-AS1","Exc L6 CT",-0.052179514027937,2.8335141834855,0.985337899167448,0.32157380775722,0.666289081242508,0.666289081242508,"plaq_d"
"3197","MB21D2","Exc L6 CT",-0.0272312326728596,5.23056067735537,1.34533434270296,0.246890134514339,0.593162612895265,0.593162612895265,"plaq_d"
"3198","HRASLS","Exc L6 CT",0.00594265316903217,4.22242562145073,0.0365650065651382,0.848464853517794,0.972105056207096,0.972105056207096,"plaq_d"
"3199","ATP13A4","Exc L6 CT",0.0210840661725298,2.86161213470867,0.184595989538536,0.667718660056472,0.893866880369817,0.893866880369817,"plaq_d"
"3200","OPA1","Exc L6 CT",0.0228908117322766,7.03145528942097,4.30342662205277,0.0387699491917452,0.238314341829361,0.238314341829361,"plaq_d"
"3201","OPA1-AS1","Exc L6 CT",0.0153037649465391,1.86479917787072,0.066445051366198,0.796737176249723,0.953693327389852,0.953693327389852,"plaq_d"
"3202","HES1","Exc L6 CT",0.137722936006044,1.84811255297699,2.50055874514011,0.114713811763972,0.414916937019916,0.414916937019916,"plaq_d"
"3203","ATP13A3","Exc L6 CT",0.0127497968704224,5.91247083911211,0.673503925144047,0.412394119495516,0.743077608813294,0.743077608813294,"plaq_d"
"3204","LINC00884","Exc L6 CT",-0.000626972251498157,4.75301415442791,0.000706034602575957,0.978816876910985,0.999294217432135,0.999294217432135,"plaq_d"
"3205","TMEM44-AS1","Exc L6 CT",-0.080295910717799,2.8327400559062,2.38900465683832,0.123099758457825,0.428146082037851,0.428146082037851,"plaq_d"
"3206","TMEM44","Exc L6 CT",-0.0297532760672213,4.07510492575192,0.632536677476611,0.426968175910938,0.753310453274045,0.753310453274045,"plaq_d"
"3207","AC046143.1","Exc L6 CT",-0.143377742788498,1.64100239563977,2.48733936696909,0.115673640141454,0.416087162325362,0.416087162325362,"plaq_d"
"3208","LSG1","Exc L6 CT",-0.0356012132151761,4.11350029653471,1.33359102237706,0.248959275625784,0.595846671971535,0.595846671971535,"plaq_d"
"3209","FAM43A","Exc L6 CT",0.0152293684918333,3.6339037372771,0.104778668986219,0.746363036072333,0.93140102871856,0.93140102871856,"plaq_d"
"3210","XXYLT1","Exc L6 CT",-0.0244671385428639,5.65213153376142,1.82021558355668,0.178164267680717,0.508185571668404,0.508185571668404,"plaq_d"
"3211","ACAP2","Exc L6 CT",0.0169743926061112,7.41298273183589,2.24635464112608,0.134835622698664,0.447772462369081,0.447772462369081,"plaq_d"
"3212","PPP1R2","Exc L6 CT",-0.00264280780652009,5.47416455806476,0.0241123131115427,0.876689454597726,0.981163755019913,0.981163755019913,"plaq_d"
"3213","APOD","Exc L6 CT",0.0773078118283915,2.41722986807773,0.944651571318773,0.331759120707316,0.676217880087431,0.676217880087431,"plaq_d"
"3214","AC233280.1","Exc L6 CT",0.0177031079540746,2.72065283488639,0.0964886105408015,0.756270694226998,0.937371276885589,0.937371276885589,"plaq_d"
"3215","MUC20-OT1","Exc L6 CT",0.00774881771905124,8.0034360562166,0.0852397485054368,0.770492247076135,0.943278032903141,0.943278032903141,"plaq_d"
"3216","TNK2","Exc L6 CT",-0.00777642014313493,6.17399362757879,0.292910997970844,0.588707192024784,0.854987442756975,0.854987442756975,"plaq_d"
"3217","TFRC","Exc L6 CT",-0.00428200739056272,4.73177680391015,0.032138662781874,0.85782793746132,0.975403616260013,0.975403616260013,"plaq_d"
"3218","ZDHHC19","Exc L6 CT",-0.107180436060072,2.13619865617773,2.17411404097965,0.14125386852402,0.457226892939746,0.457226892939746,"plaq_d"
"3219","SLC51A","Exc L6 CT",0.0147059204127354,2.33678782171609,0.0590736073272359,0.808109293775295,0.958123982308445,0.958123982308445,"plaq_d"
"3220","PCYT1A","Exc L6 CT",0.011579877275104,4.85989655004731,0.278363788533946,0.598111683150979,0.859003695660694,0.859003695660694,"plaq_d"
"3221","AC069257.3","Exc L6 CT",0.0144602636169235,1.7738558200173,0.0315443213657334,0.859134735691811,0.975703731643113,0.975703731643113,"plaq_d"
"3222","UBXN7","Exc L6 CT",-0.00110323708888503,5.67311224648784,0.00412964292271045,0.948798249630197,0.99802142424354,0.99802142424354,"plaq_d"
"3223","RNF168","Exc L6 CT",-0.0177462748916948,5.71810028663783,1.09188758072494,0.296778231582103,0.644601602573318,0.644601602573318,"plaq_d"
"3224","WDR53","Exc L6 CT",-0.0784648085911706,3.32895835906674,4.49510965756034,0.0346987214753964,0.22531474711764,0.22531474711764,"plaq_d"
"3225","FBXO45","Exc L6 CT",-0.0111688637637401,4.03205474956235,0.157515992374165,0.726246148039039,0.920960694309724,0.920960694309724,"plaq_d"
"3226","PIGX","Exc L6 CT",-0.0164776827714645,4.873275818591,0.58450712582272,0.592855894650594,0.856693266666408,0.856693266666408,"plaq_d"
"3227","CEP19","Exc L6 CT",0.0662630226223849,3.468526212171,3.34685608958766,0.0681884798234872,0.320483628971245,0.320483628971245,"plaq_d"
"3228","PAK2","Exc L6 CT",0.0100848285565577,5.89397329692343,0.441869556234895,0.506661473952573,0.806312025096312,0.806312025096312,"plaq_d"
"3229","SENP5","Exc L6 CT",-0.00256251364523897,6.66495858418805,0.0376541444875081,0.846252425401477,0.971348263122283,0.971348263122283,"plaq_d"
"3230","NCBP2","Exc L6 CT",0.0423918790211139,3.97345026028506,1.99703786380578,0.158500242141578,0.481329637489731,0.481329637489731,"plaq_d"
"3231","NCBP2-AS2","Exc L6 CT",-0.0217753285480102,3.18430742901299,0.252820303974167,0.615414053624728,0.869428223272997,0.869428223272997,"plaq_d"
"3232","PIGZ","Exc L6 CT",-0.039828784754594,5.69989281703306,4.5846583077406,0.0329531929291894,0.220292336560756,0.220292336560756,"plaq_d"
"3233","MELTF","Exc L6 CT",-0.0504611907945014,3.85014810296178,2.14993780596392,0.143478165013721,0.459964512667277,0.459964512667277,"plaq_d"
"3234","MELTF-AS1","Exc L6 CT",-0.0776666254965419,3.89802562862506,4.88148614285586,0.0277966225281287,0.200380659947392,0.200380659947392,"plaq_d"
"3235","DLG1","Exc L6 CT",0.0337136605404475,8.83730115376966,8.4032825285789,0.00398290417301287,0.0682593910413015,0.0682593910413015,"plaq_d"
"3236","BDH1","Exc L6 CT",-0.0122093170154879,6.42402256130101,0.68609745223302,0.408062344806549,0.739670802799683,0.739670802799683,"plaq_d"
"3237","RUBCN","Exc L6 CT",-0.00507738294059839,6.10187057918856,0.128832396700644,0.756772543948785,0.937371276885589,0.937371276885589,"plaq_d"
"3238","FYTTD1","Exc L6 CT",0.0612785656587765,4.91367760147297,9.07228721672197,0.00278491030609549,0.0546187421663246,0.0546187421663246,"plaq_d"
"3239","LRCH3","Exc L6 CT",-0.00769614594073475,7.13940994508198,0.475634854188801,0.490865590161899,0.797246550146394,0.797246550146394,"plaq_d"
"3240","IQCG","Exc L6 CT",-0.0142333225353103,4.40870349234059,0.293123344303106,0.588572167481902,0.854987442756975,0.854987442756975,"plaq_d"
"3241","RPL35A","Exc L6 CT",-0.0652673466532762,5.15165899071765,4.22686515353735,0.0405339652743582,0.244255740514718,0.244255740514718,"plaq_d"
"3242","LMLN","Exc L6 CT",-0.0258837528759749,5.21086830223657,1.56373805592713,0.211958417636423,0.549044120108991,0.549044120108991,"plaq_d"
"3243","ZNF595","Exc L6 CT",-0.00764668820017561,4.86364310177013,0.0962827163979669,0.756522606311747,0.937371276885589,0.937371276885589,"plaq_d"
"3244","ZNF718","Exc L6 CT",-0.00998004523588608,5.6745506167646,0.276257123138067,0.599499542746728,0.859858066890694,0.859858066890694,"plaq_d"
"3245","ZNF732","Exc L6 CT",0.084068129231213,2.1113424044729,0.879557355533061,0.348973000918431,0.692653429094407,0.692653429094407,"plaq_d"
"3246","ZNF141","Exc L6 CT",0.0432985228450311,5.0211507108079,4.40496516588337,0.0365542412179312,0.231923691746733,0.231923691746733,"plaq_d"
"3247","AC092574.2","Exc L6 CT",-0.0388040459439796,3.38896165037387,0.852405217789488,0.356512127777432,0.699134803362473,0.699134803362473,"plaq_d"
"3248","ZNF721","Exc L6 CT",-0.000805340175602044,7.56409387710437,0.00578712373726214,0.939404593223473,0.99647134457755,0.99647134457755,"plaq_d"
"3249","PIGG","Exc L6 CT",-0.0213785436888185,5.58026582803778,1.44425422981401,0.230268868790833,0.573918046245296,0.573918046245296,"plaq_d"
"3250","AC116565.1","Exc L6 CT",0.0023429451191714,3.81592059696924,0.00531676421982023,0.955427528610356,0.998742420766286,0.998742420766286,"plaq_d"
"3251","AC116565.2","Exc L6 CT",0.0387087024625375,4.28008325375274,1.96991039706686,0.161348544896129,0.485428140506725,0.485428140506725,"plaq_d"
"3252","PDE6B","Exc L6 CT",-0.0156658676036521,3.59572437866327,0.162028708091249,0.687542566150172,0.90212310849421,0.90212310849421,"plaq_d"
"3253","AC107464.1","Exc L6 CT",0.00678074319902818,2.8474587733491,0.0146408117205149,0.903761444518988,0.988866077753987,0.988866077753987,"plaq_d"
"3254","ATP5ME","Exc L6 CT",-0.0764872370043763,4.03881860143696,6.67147315113725,0.0102041930208,0.116787691196699,0.116787691196699,"plaq_d"
"3255","PCGF3","Exc L6 CT",0.0142692034101023,4.89916259192648,0.421093686923079,0.516819582621298,0.812277003849932,0.812277003849932,"plaq_d"
"3256","AC139887.2","Exc L6 CT",0.0111006039670412,5.96892888076877,0.327524577319468,0.567489664954853,0.841704225910783,0.841704225910783,"plaq_d"
"3257","CPLX1","Exc L6 CT",0.00150564587016801,5.50026073168442,0.00389095045577088,0.950298016013151,0.99802142424354,0.99802142424354,"plaq_d"
"3258","GAK","Exc L6 CT",-0.00972354883741418,5.9136929129405,0.406377838568086,0.524232664807207,0.817207495258297,0.817207495258297,"plaq_d"
"3259","TMEM175","Exc L6 CT",-0.0611871901653845,5.49866999610212,11.8383705850206,0.000650742535568277,0.0216353107206488,0.0216353107206488,"plaq_d"
"3260","DGKQ","Exc L6 CT",-0.0527202837428315,3.83834410052681,2.39748364547834,0.122438983424791,0.427577827016675,0.427577827016675,"plaq_d"
"3261","IDUA","Exc L6 CT",-0.0744594769651171,2.9489709074054,2.66220287303691,0.111207648938336,0.409344237820579,0.409344237820579,"plaq_d"
"3262","FGFRL1","Exc L6 CT",0.0232805867211413,2.19694173575642,0.111151736066395,0.739037360030007,0.928355654626485,0.928355654626485,"plaq_d"
"3263","RNF212","Exc L6 CT",0.0126675852579912,3.81952461794612,0.0710615820320576,0.78995513726387,0.951488801543731,0.951488801543731,"plaq_d"
"3264","AC092535.3","Exc L6 CT",-0.0093558409901537,4.42197935960055,0.0445891300180686,0.832884872081557,0.96728960782902,0.96728960782902,"plaq_d"
"3265","SPON2","Exc L6 CT",-0.0920206502436553,4.85131829533089,6.51894233061857,0.0110988803331043,0.122291481097255,0.122291481097255,"plaq_d"
"3266","CTBP1-AS","Exc L6 CT",0.102432216234542,2.433330770723,2.30115046509192,0.130185546362773,0.439713184314438,0.439713184314438,"plaq_d"
"3267","CTBP1","Exc L6 CT",0.0180744785587453,5.58255038617947,0.984565337223248,0.321763318203503,0.666400534044367,0.666400534044367,"plaq_d"
"3268","CTBP1-DT","Exc L6 CT",-0.0204262208808718,3.94055846575015,0.387233621677433,0.534164397018419,0.822265896009107,0.822265896009107,"plaq_d"
"3269","MAEA","Exc L6 CT",-0.0179586038786771,5.11091949408916,0.794900369720567,0.373238141302276,0.710955389314004,0.710955389314004,"plaq_d"
"3270","UVSSA","Exc L6 CT",-0.019691260129622,4.7554796427846,0.410960136234165,0.521904284287356,0.815425881984022,0.815425881984022,"plaq_d"
"3271","SLBP","Exc L6 CT",-0.002418837711345,4.66768869255692,0.0112237135869306,0.91568935347519,0.990723321361749,0.990723321361749,"plaq_d"
"3272","TMEM129","Exc L6 CT",-0.0961887516865498,3.68914094120338,9.41419400655988,0.00232191475916634,0.0487619559597268,0.0487619559597268,"plaq_d"
"3273","TACC3","Exc L6 CT",-0.0232679193161167,3.04951822705826,0.265998742367621,0.606355886349299,0.863865962549733,0.863865962549733,"plaq_d"
"3274","LETM1","Exc L6 CT",-0.000883166198341819,4.69462874755285,0.00178404528547379,0.966333211257699,0.998742420766286,0.998742420766286,"plaq_d"
"3275","NSD2","Exc L6 CT",-0.00194741081217936,6.92109886795001,0.0252592507696068,0.975274156616896,0.999093977007575,0.999093977007575,"plaq_d"
"3276","NELFA","Exc L6 CT",-0.012595848021191,6.45891695397143,0.797262604960019,0.543120144447298,0.828340294560607,0.828340294560607,"plaq_d"
"3277","C4orf48","Exc L6 CT",-0.0544629189882144,3.13053469515254,1.4921808979827,0.22270478217248,0.56230012760444,0.56230012760444,"plaq_d"
"3278","NAT8L","Exc L6 CT",0.00312421912112068,5.78316803676326,0.0338383154960245,0.899814869715835,0.987033623260444,0.987033623260444,"plaq_d"
"3279","POLN","Exc L6 CT",0.0336412323910897,6.72058515851176,5.98274937519783,0.0149408213289867,0.143775443751399,0.143775443751399,"plaq_d"
"3280","MXD4","Exc L6 CT",-0.00246313662460276,4.91289296831138,0.0122943207110792,0.94668826981137,0.997914939752836,0.997914939752836,"plaq_d"
"3281","ZFYVE28","Exc L6 CT",0.0169241701765387,8.36914074524752,2.11776849261046,0.14649948649202,0.464436601528103,0.464436601528103,"plaq_d"
"3282","AL158068.2","Exc L6 CT",0.0460418720760871,3.09502235995437,1.02795474812919,0.311343514812274,0.655986365603914,0.655986365603914,"plaq_d"
"3283","CFAP99","Exc L6 CT",0.0289843450073361,2.2574719229525,0.177577585195538,0.673723357883913,0.895548968504857,0.895548968504857,"plaq_d"
"3284","RNF4","Exc L6 CT",-0.0119722856622821,5.08898471396912,0.337594973115517,0.561596639267173,0.838424628348278,0.838424628348278,"plaq_d"
"3285","FAM193A","Exc L6 CT",-0.000926590614166413,6.91400734953093,0.00539388618224335,0.941495707232031,0.997292628450429,0.997292628450429,"plaq_d"
"3286","ADD1","Exc L6 CT",0.0151911353123202,7.1315095395018,2.14331999696393,0.14409390355428,0.460742996973083,0.460742996973083,"plaq_d"
"3287","MFSD10","Exc L6 CT",-0.0315945808236043,4.42182938298425,1.3973010194239,0.237982606854536,0.582902308434068,0.582902308434068,"plaq_d"
"3288","NOP14-AS1","Exc L6 CT",0.0173328000676448,2.13145105978951,0.0633120489154511,0.80148412067283,0.955620788570984,0.955620788570984,"plaq_d"
"3289","NOP14","Exc L6 CT",0.0679286555295161,3.67644891440017,3.98316433267129,0.0467357512057961,0.264220602814303,0.264220602814303,"plaq_d"
"3290","GRK4","Exc L6 CT",-0.00614197297577225,6.43483071935473,0.130499725309276,0.718133556395605,0.917080695278198,0.917080695278198,"plaq_d"
"3291","HTT-AS","Exc L6 CT",-0.067131300185687,2.06633613118744,0.870205943660015,0.351544692296373,0.694692846986765,0.694692846986765,"plaq_d"
"3292","HTT","Exc L6 CT",0.00955952555584378,7.2915436941295,0.864050934195786,0.680420136334826,0.898044195304427,0.898044195304427,"plaq_d"
"3293","MSANTD1","Exc L6 CT",0.00838690962565931,3.09837565227402,0.0358394622072629,0.987817043216628,0.999571689696322,0.999571689696322,"plaq_d"
"3294","RGS12","Exc L6 CT",0.003602885098926,4.40499405956557,0.0119894250662457,0.912871986003107,0.989967061646606,0.989967061646606,"plaq_d"
"3295","LRPAP1","Exc L6 CT",-0.00181996027360177,4.79894870898232,0.00549826712135781,0.940933370320709,0.997252212260688,0.997252212260688,"plaq_d"
"3296","ADRA2C","Exc L6 CT",0.0625220967343103,1.92698840747875,0.632761292696641,0.426886176919043,0.753310453274045,0.753310453274045,"plaq_d"
"3297","TMEM128","Exc L6 CT",0.014545952819437,3.79281730421183,0.19115498111638,0.66222810428738,0.891191594430351,0.891191594430351,"plaq_d"
"3298","LYAR","Exc L6 CT",0.0136562473777176,2.97649096331433,0.0810114772958267,0.776100539305736,0.945698791033255,0.945698791033255,"plaq_d"
"3299","ZBTB49","Exc L6 CT",0.0133106823952522,3.55086182884291,0.147935488668522,0.700750943483438,0.909570559014748,0.909570559014748,"plaq_d"
"3300","NSG1","Exc L6 CT",0.0132239249392911,4.71132490271929,0.329695439316043,0.566209214217727,0.840946216080164,0.840946216080164,"plaq_d"
"3301","STX18","Exc L6 CT",-0.0149678733244601,5.76323103755744,0.713633544294874,0.398820254956415,0.73167024217568,0.73167024217568,"plaq_d"
"3302","STX18-AS1","Exc L6 CT",-0.0247642410019777,6.64293056286373,2.40907992546523,0.121541659742375,0.425968729637332,0.425968729637332,"plaq_d"
"3303","LINC01396","Exc L6 CT",-0.0347647581272641,2.24254328363316,0.258450322516355,0.611508739214868,0.867660142887566,0.867660142887566,"plaq_d"
"3304","STK32B","Exc L6 CT",-0.0396091183607424,1.91620045236316,0.191634503647115,0.661831119729578,0.891047652729947,0.891047652729947,"plaq_d"
"3305","CRMP1","Exc L6 CT",-0.000204938697282935,6.47421597462665,0.000251344799708453,0.987360061738925,0.999571689696322,0.999571689696322,"plaq_d"
"3306","C4orf50","Exc L6 CT",-0.0190056014471413,6.09738796026804,1.32518881601145,0.250452811256302,0.597416342797046,0.597416342797046,"plaq_d"
"3307","JAKMIP1","Exc L6 CT",-0.00230157695832989,6.94798154403138,0.0310237210767258,0.978754623786702,0.999294217432135,0.999294217432135,"plaq_d"
"3308","WFS1","Exc L6 CT",0.0929221806989417,3.14572247478599,4.52809925423649,0.0340446396101329,0.223792982569623,0.223792982569623,"plaq_d"
"3309","PPP2R2C","Exc L6 CT",0.0049280220866613,8.32662815930176,0.233360275017902,0.629346946550091,0.876612985944766,0.876612985944766,"plaq_d"
"3310","MAN2B2","Exc L6 CT",-0.0122646128263362,4.02044369266008,0.172337267073818,0.744902357064733,0.9313232179284,0.9313232179284,"plaq_d"
"3311","MRFAP1","Exc L6 CT",0.0498797229738724,5.11548942509557,5.4552539423206,0.0200768040388188,0.168672662531188,0.168672662531188,"plaq_d"
"3312","LINC02482","Exc L6 CT",-0.0167373511856267,3.90118826596117,0.20981126262987,0.64720109444195,0.883726151025722,0.883726151025722,"plaq_d"
"3313","AC093323.1","Exc L6 CT",0.0440410879394574,3.20044482054812,1.26193989352618,0.356690621311707,0.69919909918346,0.69919909918346,"plaq_d"
"3314","MRFAP1L1","Exc L6 CT",0.106123630701596,4.25336448382669,14.7785893455541,0.000143710806382544,0.00792666961181266,0.00792666961181266,"plaq_d"
"3315","BLOC1S4","Exc L6 CT",0.0138311108811136,3.0238091883546,0.110301498464925,0.778075008120712,0.946684230637742,0.946684230637742,"plaq_d"
"3316","KIAA0232","Exc L6 CT",-0.0186671585992521,7.224251912473,2.77755564220307,0.0964931839534716,0.3821956502164,0.3821956502164,"plaq_d"
"3317","TBC1D14","Exc L6 CT",-0.0195107449145501,5.44657638155855,1.25452342720523,0.263462253976709,0.609775338946738,0.609775338946738,"plaq_d"
"3318","TADA2B","Exc L6 CT",0.0478691169190608,3.54202572486782,2.24248994588073,0.135170557370829,0.448086222867962,0.448086222867962,"plaq_d"
"3319","GRPEL1","Exc L6 CT",-0.0313514532100073,3.28492200235872,0.657682190729602,0.417933379392038,0.746439431003449,0.746439431003449,"plaq_d"
"3320","SORCS2","Exc L6 CT",-0.0226896195931189,4.06760617384478,0.338800537622767,0.560899066232195,0.838424628348278,0.838424628348278,"plaq_d"
"3321","AFAP1","Exc L6 CT",0.0473745180456222,2.68620334592204,0.540368300204412,0.462774941621183,0.777832878485497,0.777832878485497,"plaq_d"
"3322","ABLIM2","Exc L6 CT",-0.0209088413331682,7.34308341710942,2.38511305208596,0.123404363737609,0.428542864269551,0.428542864269551,"plaq_d"
"3323","AC104825.1","Exc L6 CT",0.0741996906532101,3.13136457063453,3.35870484868131,0.0677043914655914,0.31893731005846,0.31893731005846,"plaq_d"
"3324","ACOX3","Exc L6 CT",-0.0366386315342184,5.13984316137724,3.22891310857841,0.0732151903243265,0.331743807461969,0.331743807461969,"plaq_d"
"3325","TRMT44","Exc L6 CT",0.0160149162877212,4.79025341172045,0.515065038972688,0.546694447490724,0.830191272792875,0.830191272792875,"plaq_d"
"3326","AC105345.1","Exc L6 CT",0.0153506905375923,3.91110279380182,0.212261433687433,0.645288272741597,0.882196461351106,0.882196461351106,"plaq_d"
"3327","SLC2A9","Exc L6 CT",-0.0901406122078929,1.7361530351536,0.965738648959366,0.326427581889052,0.671321638410685,0.671321638410685,"plaq_d"
"3328","WDR1","Exc L6 CT",0.0425007389556734,3.50366979322662,1.42214231433727,0.233863147423132,0.578933347099549,0.578933347099549,"plaq_d"
"3329","ZNF518B","Exc L6 CT",0.0449123606425239,4.15723585357838,2.39535258130101,0.122604686708337,0.427679269700377,0.427679269700377,"plaq_d"
"3330","CLNK","Exc L6 CT",-0.351462694889956,1.99975103897839,22.190993485835,3.5719673876386e-06,0.000638920685004861,0.000638920685004861,"plaq_d"
"3331","HS3ST1","Exc L6 CT",0.000596650365503714,4.11973151873095,0.000234412005220488,0.987793218953588,0.999571689696322,0.999571689696322,"plaq_d"
"3332","AC005699.1","Exc L6 CT",-0.0499064662831578,3.11312433049042,0.691937200189756,0.406076344926531,0.738040575479251,0.738040575479251,"plaq_d"
"3333","LINC02360","Exc L6 CT",-0.0285039409669384,3.84709330813275,0.309391890865951,0.578410850962611,0.849539774961891,0.849539774961891,"plaq_d"
"3334","LINC02270","Exc L6 CT",-0.060145853153566,1.62376919070936,0.354854504479501,0.551764887761822,0.832621312811235,0.832621312811235,"plaq_d"
"3335","AC007370.2","Exc L6 CT",0.191194362270439,2.52951333042829,12.014066335,0.000594044102112692,0.020313204023787,0.020313204023787,"plaq_d"
"3336","RAB28","Exc L6 CT",0.00597231599481722,6.98784675265824,0.209553377552753,0.647403207614854,0.883726151025722,0.883726151025722,"plaq_d"
"3337","BOD1L1","Exc L6 CT",-0.0185397454566327,6.79179213779285,1.30084875390135,0.254842122899679,0.602230179730386,0.602230179730386,"plaq_d"
"3338","LINC01182","Exc L6 CT",-0.0690797359181038,2.70715072979539,1.21370608160849,0.271360320051007,0.618215408680851,0.618215408680851,"plaq_d"
"3339","AC092546.1","Exc L6 CT",-0.000214254480233049,3.79940664294572,3.66565349139375e-05,0.995172733349037,0.999785330471245,0.999785330471245,"plaq_d"
"3340","LINC00504","Exc L6 CT",-0.0733851414127442,3.58185526574062,2.34078248613519,0.126934183931321,0.434883262181871,0.434883262181871,"plaq_d"
"3341","CPEB2-DT","Exc L6 CT",0.00639200307283827,4.47805676483307,0.0485271184232125,0.825775407854378,0.963985585882276,0.963985585882276,"plaq_d"
"3342","CPEB2","Exc L6 CT",0.0441193305964735,5.93197052422134,5.81360900643531,0.0164198391133962,0.151204430591407,0.151204430591407,"plaq_d"
"3343","AC098829.1","Exc L6 CT",-0.0419375757505181,6.28967886222435,0.599313354649654,0.439365447748146,0.761785497504794,0.761785497504794,"plaq_d"
"3344","C1QTNF7","Exc L6 CT",-0.144732621480364,1.99791951414941,2.85670722558482,0.091888577492215,0.373363805130659,0.373363805130659,"plaq_d"
"3345","CC2D2A","Exc L6 CT",-0.0220185781421755,4.64844992327739,0.724245342514108,0.395339741591472,0.72853442395684,0.72853442395684,"plaq_d"
"3346","FBXL5","Exc L6 CT",-0.00173011685227608,6.16298025506868,0.0167533778223798,0.897088316377193,0.986400474577166,0.986400474577166,"plaq_d"
"3347","FAM200B","Exc L6 CT",0.0127969007056743,4.93214330883904,0.312166205678321,0.576713072478585,0.848416159876079,0.848416159876079,"plaq_d"
"3348","TAPT1","Exc L6 CT",0.0270100349368596,5.46241126261051,2.73602614881846,0.128960465863882,0.437862684594244,0.437862684594244,"plaq_d"
"3349","TAPT1-AS1","Exc L6 CT",-0.0151038008075496,6.73084073138821,0.902673455412957,0.342724846611047,0.686990017733888,0.686990017733888,"plaq_d"
"3350","AC097515.1","Exc L6 CT",0.0603711541986297,3.41655479926064,1.5314287178785,0.216731997313036,0.555964688759527,0.555964688759527,"plaq_d"
"3351","LDB2","Exc L6 CT",0.0022830694207459,10.3157830287083,0.0413335091441042,0.839014278067197,0.968820749155593,0.968820749155593,"plaq_d"
"3352","AC106894.1","Exc L6 CT",-0.0698361291070595,2.79454140522629,1.33831601301392,0.248124194089756,0.594936025668909,0.594936025668909,"plaq_d"
"3353","QDPR","Exc L6 CT",0.0167158701007072,5.88605067738403,1.1283349977343,0.343744991967334,0.687958895922466,0.687958895922466,"plaq_d"
"3354","LAP3","Exc L6 CT",0.00109852183683476,3.08338071903403,0.000651762914897154,0.979647125310293,0.999396584092899,0.999396584092899,"plaq_d"
"3355","MED28","Exc L6 CT",0.004520796419749,5.28426574888383,0.0621057677308266,0.803345061133969,0.956581456216695,0.956581456216695,"plaq_d"
"3356","FAM184B","Exc L6 CT",-0.0930981575790506,3.85490903757793,5.41498776831373,0.0205375656201253,0.170212317022063,0.170212317022063,"plaq_d"
"3357","DCAF16","Exc L6 CT",-0.0124439967021855,4.85001517704505,0.352326209029615,0.686204081714161,0.901190208765755,0.901190208765755,"plaq_d"
"3358","LCORL","Exc L6 CT",0.0145281233210777,5.78807209168697,0.537478978607233,0.463972674422492,0.778297671986272,0.778297671986272,"plaq_d"
"3359","AC024230.1","Exc L6 CT",-0.0446617054588238,3.09028105989482,0.753927747365252,0.385833574513133,0.720703274775018,0.720703274775018,"plaq_d"
"3360","SLIT2","Exc L6 CT",0.0550818208063134,7.52130212882375,2.00380875756232,0.157798307723066,0.480673812522485,0.480673812522485,"plaq_d"
"3361","PACRGL","Exc L6 CT",-0.0462533306643752,5.94017599256962,7.81828367369462,0.00545903966262756,0.0817776638742833,0.0817776638742833,"plaq_d"
"3362","KCNIP4","Exc L6 CT",0.0643366643255065,11.8739505504583,9.54439505706492,0.00216696107004563,0.0464719693140782,0.0464719693140782,"plaq_d"
"3363","AC096576.3","Exc L6 CT",-0.153318879932369,2.12866064673511,4.26641822300178,0.039612314849377,0.241888637529537,0.241888637529537,"plaq_d"
"3364","AC096576.2","Exc L6 CT",-0.0653896151905884,2.23874176283959,0.836093853676222,0.361149071409798,0.702172989048352,0.702172989048352,"plaq_d"
"3365","AC096719.1","Exc L6 CT",0.0126180708203358,2.36680745969567,0.0330629301605274,0.855820260897555,0.975107136969453,0.975107136969453,"plaq_d"
"3366","ADGRA3","Exc L6 CT",-0.083057395434282,3.84470973388474,4.77322476487985,0.0295718787988682,0.206226481046482,0.206226481046482,"plaq_d"
"3367","AC093607.1","Exc L6 CT",0.389522466931976,1.29639691490273,7.24166635236286,0.00746668759323555,0.097013027610306,0.097013027610306,"plaq_d"
"3368","PPARGC1A","Exc L6 CT",0.0631590924744443,5.99699657451253,8.30933681675789,0.00418908558628976,0.0698287835152043,0.0698287835152043,"plaq_d"
"3369","DHX15","Exc L6 CT",0.0292894174430064,5.8988510316391,4.49910925294511,0.0346187235747006,0.225066136463521,0.225066136463521,"plaq_d"
"3370","CCDC149","Exc L6 CT",0.0201372226085031,5.8422534117142,1.32544224187849,0.250407602526567,0.597416342797046,0.597416342797046,"plaq_d"
"3371","LGI2","Exc L6 CT",0.0355954171425876,1.57575636982773,0.132753548531134,0.715815139528279,0.91522991622294,0.91522991622294,"plaq_d"
"3372","SEPSECS","Exc L6 CT",-0.0390269519298488,2.92364052273421,0.739664316646765,0.390360187008875,0.724458586074483,0.724458586074483,"plaq_d"
"3373","AC104662.2","Exc L6 CT",0.0160247618936648,3.32306907564915,0.107420145991115,0.743297575005627,0.930317500415667,0.930317500415667,"plaq_d"
"3374","ZCCHC4","Exc L6 CT",0.101095540210596,3.53551996815654,7.00405496029232,0.00850176476563669,0.104699361286234,0.104699361286234,"plaq_d"
"3375","ANAPC4","Exc L6 CT",0.010100482371556,5.13531280133892,0.225768190705877,0.634977467970156,0.878269581788608,0.878269581788608,"plaq_d"
"3376","SEL1L3","Exc L6 CT",-0.0607834342649781,6.59890579722415,10.7188615402846,0.00116687247711921,0.0305979894000149,0.0305979894000149,"plaq_d"
"3377","SMIM20","Exc L6 CT",-0.00158591909874275,3.34612179933061,0.00191423832942818,0.965127160388905,0.998742420766286,0.998742420766286,"plaq_d"
"3378","RBPJ","Exc L6 CT",-0.0076575759884019,6.61350138839074,0.32231470285344,0.570585778340715,0.844134376704474,0.844134376704474,"plaq_d"
"3379","TBC1D19","Exc L6 CT",0.0290411829677322,6.96729908041157,4.10147941575508,0.0436082401467411,0.254266595849528,0.254266595849528,"plaq_d"
"3380","STIM2","Exc L6 CT",0.00195726499931739,5.90442751363371,0.0146648378979931,0.957140723010261,0.998742420766286,0.998742420766286,"plaq_d"
"3381","AC097480.1","Exc L6 CT",-0.307819149828722,1.92575002588087,8.69462435697143,0.00340707682323133,0.0618515484832764,0.0618515484832764,"plaq_d"
"3382","PCDH7","Exc L6 CT",0.0603484901237657,10.2971819150227,30.4297949662573,6.76360571012893e-08,4.42585762740982e-05,4.42585762740982e-05,"plaq_d"
"3383","AC097716.1","Exc L6 CT",-0.0293732926339036,3.02538406841685,0.322144644198605,0.570687397229204,0.844185755293015,0.844185755293015,"plaq_d"
"3384","LINC02497","Exc L6 CT",0.000214102871459695,2.76790590320038,8.39393665540619e-06,0.997690007978392,0.999906738276838,0.999906738276838,"plaq_d"
"3385","AC016687.3","Exc L6 CT",-0.0193167219896676,1.91274636793267,0.0380293212298408,0.845498011575346,0.971025351639221,0.971025351639221,"plaq_d"
"3386","AC016687.2","Exc L6 CT",0.178305576978846,4.77572158381734,6.47279663361639,0.0113851966385897,0.124167644552376,0.124167644552376,"plaq_d"
"3387","ARAP2","Exc L6 CT",0.0714410305740161,6.28771699149509,11.9873983413069,0.00060231600907649,0.0204986791174117,0.0204986791174117,"plaq_d"
"3388","NWD2","Exc L6 CT",-0.521743854057974,1.5814358542252,9.7375261524481,0.00195628682353285,0.0433272386331984,0.0433272386331984,"plaq_d"
"3389","RELL1","Exc L6 CT",0.0340824370815693,2.04754295364741,0.200919993809022,0.654258059050063,0.887204269979093,0.887204269979093,"plaq_d"
"3390","PGM2","Exc L6 CT",0.00729336549607564,3.03848596574303,0.0281608841679472,0.952162997215249,0.998071449610185,0.998071449610185,"plaq_d"
"3391","TBC1D1","Exc L6 CT",0.0351065549071077,6.90031038874696,3.57625486151212,0.0594410110985929,0.300883542818335,0.300883542818335,"plaq_d"
"3392","LINC01258","Exc L6 CT",0.0559382940432638,1.9500423930027,0.570184641669856,0.450695998228203,0.77148865523106,0.77148865523106,"plaq_d"
"3393","KLF3","Exc L6 CT",-0.0269527103050885,4.34466336582001,0.79065202477947,0.374516922002306,0.711098075592878,0.711098075592878,"plaq_d"
"3394","KLHL5","Exc L6 CT",0.0325745333123642,6.85902589785784,2.78199681830023,0.096228248057969,0.381718092810407,0.381718092810407,"plaq_d"
"3395","WDR19","Exc L6 CT",0.0169633063333384,6.8795484038113,1.80494072568864,0.179991220598395,0.510351866855852,0.510351866855852,"plaq_d"
"3396","RFC1","Exc L6 CT",0.0107446063297309,5.23423747929158,0.287336531877622,0.592274674106208,0.856624615439576,0.856624615439576,"plaq_d"
"3397","RPL9","Exc L6 CT",-0.0157122066854812,2.73136543301784,0.0987669599942036,0.904587144154801,0.988876782180692,0.988876782180692,"plaq_d"
"3398","LIAS","Exc L6 CT",-0.0219591133943558,4.27262637355774,0.627435842252589,0.428836734372086,0.754850864432071,0.754850864432071,"plaq_d"
"3399","UGDH","Exc L6 CT",-0.0142095581667966,4.29502233559581,0.228654249995872,0.632823559111653,0.877577107886654,0.877577107886654,"plaq_d"
"3400","UGDH-AS1","Exc L6 CT",-0.00937453236735163,4.41656145678224,0.141255230060959,0.707265190207027,0.911225827500549,0.911225827500549,"plaq_d"
"3401","SMIM14","Exc L6 CT",0.0195193753389963,5.95947557686862,1.4346691608494,0.231818642803786,0.576033904556566,0.576033904556566,"plaq_d"
"3402","UBE2K","Exc L6 CT",0.0151465147132395,7.37130521181777,2.31441141981092,0.129087379479913,0.438140917566469,0.438140917566469,"plaq_d"
"3403","PDS5A","Exc L6 CT",0.0207940690169746,7.58739325939054,5.20900206717155,0.0230728345044246,0.180469490907116,0.180469490907116,"plaq_d"
"3404","N4BP2","Exc L6 CT",0.00564174603811686,5.17308424591389,0.0553660511257585,0.814114282141089,0.960182631959947,0.960182631959947,"plaq_d"
"3405","RBM47","Exc L6 CT",-0.0577206240817244,2.21467362846356,0.664313754089531,0.415598273232217,0.745202733125852,0.745202733125852,"plaq_d"
"3406","APBB2","Exc L6 CT",-0.00733797129863595,6.58456531922803,0.22470735781709,0.635773426780297,0.878269581788608,0.878269581788608,"plaq_d"
"3407","UCHL1-AS1","Exc L6 CT",0.0475893441170427,2.06678993558907,0.365796905323857,0.545698202663726,0.829798694341879,0.829798694341879,"plaq_d"
"3408","UCHL1","Exc L6 CT",0.0519786541213535,7.99743230069377,12.0669335968795,0.000577984931486732,0.0200016131578918,0.0200016131578918,"plaq_d"
"3409","LIMCH1","Exc L6 CT",0.0131429534318982,8.50155677662728,1.44790430152233,0.263287457227608,0.609664827770412,0.609664827770412,"plaq_d"
"3410","TMEM33","Exc L6 CT",0.00998838340404565,4.98176088371961,0.264540650072584,0.755607860761846,0.93684702123224,0.93684702123224,"plaq_d"
"3411","SLC30A9","Exc L6 CT",-0.00596225277317127,6.59687110049614,0.256426897487739,0.612906096976237,0.868496069595123,0.868496069595123,"plaq_d"
"3412","AC111006.1","Exc L6 CT",-0.0513640332413853,2.40690524671431,0.301348239613731,0.58339026595701,0.852322430026867,0.852322430026867,"plaq_d"
"3413","ATP8A1","Exc L6 CT",0.0273377227783642,8.21534375556453,5.53603003134894,0.0191845882414798,0.163808619409456,0.163808619409456,"plaq_d"
"3414","KCTD8","Exc L6 CT",0.0625875764267368,8.54712108152979,7.44023658338809,0.00670137256839721,0.0914435635020344,0.0914435635020344,"plaq_d"
"3415","YIPF7","Exc L6 CT",0.079273955861506,4.05497857749561,4.97769865510814,0.0263124171009659,0.194404003184645,0.194404003184645,"plaq_d"
"3416","GUF1","Exc L6 CT",0.0506183358768822,4.42501810714464,3.41914384972374,0.0652918528488638,0.314046613301785,0.314046613301785,"plaq_d"
"3417","GNPDA2","Exc L6 CT",0.0530762339102085,5.16970964800554,8.00896376817736,0.00492464905492409,0.0768506944250284,0.0768506944250284,"plaq_d"
"3418","GABRG1","Exc L6 CT",0.0866799078540543,4.14625451159107,5.23063619883688,0.0227918873518448,0.180281324350087,0.180281324350087,"plaq_d"
"3419","GABRA2","Exc L6 CT",0.0344505054545741,5.71946604102801,2.39258253758992,0.12282044794415,0.428013354781889,0.428013354781889,"plaq_d"
"3420","GABRA4","Exc L6 CT",0.0442987337995114,6.23340535650689,8.55594225668681,0.00366973487579416,0.0652216089776948,0.0652216089776948,"plaq_d"
"3421","GABRB1","Exc L6 CT",0.0326962181788592,9.0415370536234,8.85500350006508,0.00312714536411215,0.0586941129879511,0.0586941129879511,"plaq_d"
"3422","COMMD8","Exc L6 CT",-0.0202016169351714,2.63714139886944,0.149037939265638,0.738139217698809,0.927975912845345,0.927975912845345,"plaq_d"
"3423","ATP10D","Exc L6 CT",0.0622870653536208,4.52998635869547,5.57092914684486,0.0188119435598878,0.162484794038483,0.162484794038483,"plaq_d"
"3424","CORIN","Exc L6 CT",0.0758717745535624,2.89051712981397,2.00893979790159,0.157268739193594,0.480076499031167,0.480076499031167,"plaq_d"
"3425","AC107068.2","Exc L6 CT",-0.083799923954809,2.63943802867442,2.19756762616934,0.139133165018868,0.453967758092198,0.453967758092198,"plaq_d"
"3426","AC107068.1","Exc L6 CT",-0.0605100269284891,3.06337892467683,1.65853973378848,0.198655832881839,0.533852785172102,0.533852785172102,"plaq_d"
"3427","NFXL1","Exc L6 CT",-0.0249000147075924,5.4149206249647,2.00031984128146,0.158159557255698,0.481163352969786,0.481163352969786,"plaq_d"
"3428","NIPAL1","Exc L6 CT",0.0160726946036903,3.05351621878489,0.0777073081298961,0.780594259110469,0.947587060810719,0.947587060810719,"plaq_d"
"3429","TXK","Exc L6 CT",0.033811487096325,2.63721738210379,0.199601219215967,0.655320667688409,0.887744682221667,0.887744682221667,"plaq_d"
"3430","TEC","Exc L6 CT",0.0699588321739695,2.05801266343624,0.747062901471495,0.388002760664544,0.722318342496674,0.722318342496674,"plaq_d"
"3431","SLAIN2","Exc L6 CT",0.0076724304101858,5.57570078641029,0.199317185943326,0.686793366726826,0.901694236880929,0.901694236880929,"plaq_d"
"3432","FRYL","Exc L6 CT",0.046446475241687,7.16274876166519,11.5254301475388,0.000765709215614804,0.0237567885086007,0.0237567885086007,"plaq_d"
"3433","OCIAD1","Exc L6 CT",0.0104401928427623,7.17715177317017,1.13196143788277,0.35128933005253,0.694378854240865,0.694378854240865,"plaq_d"
"3434","OCIAD2","Exc L6 CT",-0.00480358167357245,3.47874799504823,0.0143669221712227,0.904661518569027,0.988876782180692,0.988876782180692,"plaq_d"
"3435","DCUN1D4","Exc L6 CT",-0.00399058561478521,7.14917437691895,0.11572575056372,0.733922434801379,0.925584526622922,0.925584526622922,"plaq_d"
"3436","LRRC66","Exc L6 CT",0.0924587566356676,3.46107691992131,5.59361643089296,0.0185737314253925,0.161271072135073,0.161271072135073,"plaq_d"
"3437","SGCB","Exc L6 CT",0.00464971398634927,4.82975165913185,0.0441547213893654,0.920152254197087,0.991792773539161,0.991792773539161,"plaq_d"
"3438","USP46","Exc L6 CT",0.0692475014304607,5.93164249161332,15.5012288227894,9.95927432826032e-05,0.00633146245213853,0.00633146245213853,"plaq_d"
"3439","LINC01618","Exc L6 CT",0.0514215012987692,2.29081549733094,0.601195945290506,0.438648345399956,0.760854512952428,0.760854512952428,"plaq_d"
"3440","RASL11B","Exc L6 CT",0.127959689932638,3.24899055705123,7.03819840900408,0.00834439415331926,0.103915136878187,0.103915136878187,"plaq_d"
"3441","SCFD2","Exc L6 CT",-0.0183063376021714,7.08468995992682,1.92448259781656,0.166250619687384,0.492237121097347,0.492237121097347,"plaq_d"
"3442","AC058822.1","Exc L6 CT",0.0188463874146283,4.51259349976703,0.548815713947584,0.459301279821108,0.775898728996668,0.775898728996668,"plaq_d"
"3443","LNX1","Exc L6 CT",0.0298124113900498,6.80156616313044,3.99591420301101,0.0463875919175637,0.263534243585338,0.263534243585338,"plaq_d"
"3444","CHIC2","Exc L6 CT",0.000101801700573409,5.45622167149675,3.55032193166375e-05,0.995249278891025,0.999785330471245,0.999785330471245,"plaq_d"
"3445","KIT","Exc L6 CT",0.0226992139375561,2.49316300896975,0.0699733091628421,0.791532153139264,0.952057315516695,0.952057315516695,"plaq_d"
"3446","SRD5A3","Exc L6 CT",-0.0474949203331433,4.55823972637322,3.36576864163827,0.0674175527620898,0.318210849037064,0.318210849037064,"plaq_d"
"3447","TMEM165","Exc L6 CT",-0.00104534759436176,5.56188146587027,0.00299011769331792,0.956423195782896,0.998742420766286,0.998742420766286,"plaq_d"
"3448","CLOCK","Exc L6 CT",0.0223674981102467,6.90786533987414,3.38041558637158,0.0668269344453695,0.316752905886625,0.316752905886625,"plaq_d"
"3449","EXOC1","Exc L6 CT",-0.0266290873002515,5.90624079502619,2.95256242947997,0.0866304434902955,0.360755529212119,0.360755529212119,"plaq_d"
"3450","CEP135","Exc L6 CT",-0.00471449255819841,4.07921458538341,0.0250743962524444,0.970944963171291,0.998742420766286,0.998742420766286,"plaq_d"
"3451","KIAA1211","Exc L6 CT",0.00117949702098364,6.02105016208448,0.0023351889475627,0.961485898246665,0.998742420766286,0.998742420766286,"plaq_d"
"3452","AASDH","Exc L6 CT",-0.0287079588825521,5.17135242420733,1.87875868371881,0.171358210163426,0.498959635906982,0.498959635906982,"plaq_d"
"3453","PPAT","Exc L6 CT",0.0122821327470999,4.9838447762856,0.316944437315547,0.573812052228143,0.846459504444753,0.846459504444753,"plaq_d"
"3454","PAICS","Exc L6 CT",0.00746582773795601,4.33254685246644,0.0797152223835708,0.97334990201315,0.999093977007575,0.999093977007575,"plaq_d"
"3455","SRP72","Exc L6 CT",0.0336856145442067,5.35991234019771,4.0635717570998,0.0546255985466468,0.286967611230717,0.286967611230717,"plaq_d"
"3456","ARL9","Exc L6 CT",-0.0697105307501966,1.92833458815957,0.752680890240669,0.38622627300541,0.721139768567107,0.721139768567107,"plaq_d"
"3457","HOPX","Exc L6 CT",0.124601251717006,4.27437180300727,3.00301447758707,0.0839951150276043,0.354914492497033,0.354914492497033,"plaq_d"
"3458","NOA1","Exc L6 CT",0.0255373818096288,3.54867670418007,0.52759727269871,0.468106754669459,0.781991643371989,0.781991643371989,"plaq_d"
"3459","POLR2B","Exc L6 CT",0.0341473554463331,5.31775758709079,3.71736262415826,0.054662280685908,0.286967611230717,0.286967611230717,"plaq_d"
"3460","ADGRL3","Exc L6 CT",0.0549481800934538,10.034600092679,24.1522009955071,1.37304371744456e-06,0.000354794168834941,0.000354794168834941,"plaq_d"
"3461","AC020741.1","Exc L6 CT",-0.0773471801485592,2.18372722337708,1.30013060721075,0.254973064234014,0.602230179730386,0.602230179730386,"plaq_d"
"3462","ADGRL3-AS1","Exc L6 CT",-0.153467925952507,1.66856652886404,2.77736344845384,0.0965046671670334,0.3821956502164,0.3821956502164,"plaq_d"
"3463","LINC02232","Exc L6 CT",0.0380794685457563,5.86020708305223,0.923818692397115,0.337141268460293,0.681358046736448,0.681358046736448,"plaq_d"
"3464","EPHA5","Exc L6 CT",0.0179471790093264,8.73682737477861,1.37131950003257,0.242386061673682,0.587546245750086,0.587546245750086,"plaq_d"
"3465","EPHA5-AS1","Exc L6 CT",0.00483439417208824,4.80336820627412,0.0313990152258341,0.859456153048712,0.975757789619289,0.975757789619289,"plaq_d"
"3466","AC104806.2","Exc L6 CT",0.0459167777726176,6.33240181690773,7.03060768714219,0.00837911965435156,0.104167363164115,0.104167363164115,"plaq_d"
"3467","CENPC","Exc L6 CT",0.0188991557657144,6.64000300625529,1.40621706904861,0.236493979530325,0.58157965994509,0.58157965994509,"plaq_d"
"3468","UBA6","Exc L6 CT",0.0152794796525723,6.16644683065759,0.974121975366707,0.324339644744026,0.668747282402607,0.668747282402607,"plaq_d"
"3469","UBA6-AS1","Exc L6 CT",0.0595330445916942,8.09753654534719,8.85664260055539,0.00312440905205503,0.0586941129879511,0.0586941129879511,"plaq_d"
"3470","YTHDC1","Exc L6 CT",0.0128487334354856,5.95857602426245,0.7852883120119,0.495321139069298,0.800145792924474,0.800145792924474,"plaq_d"
"3471","UTP3","Exc L6 CT",-0.00905049227387414,3.46990461818498,0.0508694933858617,0.821689458446287,0.963631282552026,0.963631282552026,"plaq_d"
"3472","RUFY3","Exc L6 CT",0.026747156531292,8.10367880524012,9.38426258570545,0.00235910641948901,0.0489863436118002,0.0489863436118002,"plaq_d"
"3473","GRSF1","Exc L6 CT",0.022617702691131,5.30455396442122,1.43399844573803,0.231927560059806,0.576047019629122,0.576047019629122,"plaq_d"
"3474","MOB1B","Exc L6 CT",0.0459178420427305,5.33011946107511,5.22780533695453,0.0228284462324233,0.180300023264494,0.180300023264494,"plaq_d"
"3475","DCK","Exc L6 CT",0.100854875226089,3.56881731129664,7.58757928288454,0.00618588867455845,0.0879961001570588,0.0879961001570588,"plaq_d"
"3476","SLC4A4","Exc L6 CT",0.0130403329622073,7.56986638976275,0.558564610757092,0.455343563218918,0.775175490089533,0.775175490089533,"plaq_d"
"3477","NPFFR2","Exc L6 CT",-0.0502731836291958,4.32402654175447,0.640730902892281,0.423992051270772,0.751050765361639,0.751050765361639,"plaq_d"
"3478","ADAMTS3","Exc L6 CT",0.00930756142358088,5.69082284767498,0.0610403683044053,0.805004693561707,0.957062182018748,0.957062182018748,"plaq_d"
"3479","COX18","Exc L6 CT",-0.0412804409759621,3.80539906792967,1.70006903733239,0.195689200277871,0.530335415512092,0.530335415512092,"plaq_d"
"3480","ANKRD17","Exc L6 CT",0.0192385653421113,8.46130401774544,5.21586237080122,0.022983356120256,0.18037845775799,0.18037845775799,"plaq_d"
"3481","AC053527.1","Exc L6 CT",-0.0241491500986098,5.43046282646135,1.00689599830686,0.316344421970295,0.660965857819943,0.660965857819943,"plaq_d"
"3482","MTHFD2L","Exc L6 CT",0.00302098203629309,5.27584646395734,0.0178967689561281,0.893654772886078,0.985601326167776,0.985601326167776,"plaq_d"
"3483","BTC","Exc L6 CT",0.0400779652687157,3.18145067419429,0.503913708132215,0.478260610717871,0.789344129491849,0.789344129491849,"plaq_d"
"3484","PARM1","Exc L6 CT",0.0860599109605024,4.86927108373247,7.40310997920526,0.00683808247114908,0.0922444900449621,0.0922444900449621,"plaq_d"
"3485","AC025244.1","Exc L6 CT",0.0173185031693465,2.1290514092034,0.0590227862126491,0.808190237137281,0.958141040420678,0.958141040420678,"plaq_d"
"3486","RCHY1","Exc L6 CT",-0.00261204467354504,4.82421048967667,0.0140054241770138,0.905862928280921,0.989214483650291,0.989214483650291,"plaq_d"
"3487","THAP6","Exc L6 CT",-0.0649401681447697,4.0834816079541,4.33037956479137,0.0381683493979445,0.236841188764142,0.236841188764142,"plaq_d"
"3488","CDKL2","Exc L6 CT",0.0212689196454345,5.51254376619435,1.3598996000296,0.244353002752594,0.590120085157917,0.590120085157917,"plaq_d"
"3489","G3BP2","Exc L6 CT",0.0173538465510573,6.90608955927885,1.79232814023699,0.181516154759654,0.511592188745267,0.511592188745267,"plaq_d"
"3490","USO1","Exc L6 CT",-0.00505605196940779,6.13005119490208,0.139412320304079,0.745695468146366,0.9313232179284,0.9313232179284,"plaq_d"
"3491","PPEF2","Exc L6 CT",-0.0250928573616813,2.18839431686734,0.124048461975471,0.724897492888407,0.9201434378196,0.9201434378196,"plaq_d"
"3492","NAAA","Exc L6 CT",-0.00780162630331307,5.38797796706242,0.14864948505908,0.725099750734344,0.920262365474004,0.920262365474004,"plaq_d"
"3493","SDAD1","Exc L6 CT",0.0108474994963387,5.40264822351519,0.402579964218795,0.526176502004662,0.817752015854379,0.817752015854379,"plaq_d"
"3494","ART3","Exc L6 CT",0.0828072456610989,5.80150863518826,6.51554171639158,0.0111197241425609,0.122291481097255,0.122291481097255,"plaq_d"
"3495","NUP54","Exc L6 CT",-0.000278799587860674,5.5289542046014,0.000255008512832353,0.987268280146564,0.999571689696322,0.999571689696322,"plaq_d"
"3496","SCARB2","Exc L6 CT",0.035380382136183,6.23115104762936,6.31329591659266,0.0124349091895319,0.13009828981466,0.13009828981466,"plaq_d"
"3497","FAM47E-STBD1","Exc L6 CT",-0.0772668545683217,2.88427337071807,2.47194240053723,0.116802815981746,0.417347564872973,0.417347564872973,"plaq_d"
"3498","SHROOM3","Exc L6 CT",0.000590786415330579,6.07441834469866,0.00068135699188679,0.979190284332507,0.999391941386088,0.999391941386088,"plaq_d"
"3499","AC107072.1","Exc L6 CT",-0.00942996013659853,5.88565989930889,0.222958657269606,0.637090542544824,0.878501479930583,0.878501479930583,"plaq_d"
"3500","SEPT11","Exc L6 CT",0.0275649010685654,8.21801205992995,6.68097618740885,0.0101509734975608,0.116609763689887,0.116609763689887,"plaq_d"
"3501","CCNI","Exc L6 CT",0.0164710636437689,7.15445060405933,1.02271440295748,0.312578228240598,0.656834635074983,0.656834635074983,"plaq_d"
"3502","CCNG2","Exc L6 CT",0.099363424792457,4.24550992860051,10.9921047587426,0.00101134490417784,0.0278755429721176,0.0278755429721176,"plaq_d"
"3503","CXCL13","Exc L6 CT",0.159336957304203,1.74573669740275,3.08261810035554,0.0800122872184822,0.347825554401763,0.347825554401763,"plaq_d"
"3504","CNOT6L","Exc L6 CT",0.0106702638882342,6.43781327348827,0.72602301077504,0.394760991576515,0.7278405782192,0.7278405782192,"plaq_d"
"3505","MRPL1","Exc L6 CT",0.0217704173509641,5.60871236414091,1.74010619003403,0.187992187197319,0.521251064501658,0.521251064501658,"plaq_d"
"3506","FRAS1","Exc L6 CT",0.0501540364315638,8.28669423500636,5.42007145067154,0.0204787923440009,0.17011844646699,0.17011844646699,"plaq_d"
"3507","BMP2K","Exc L6 CT",0.0298511429810727,5.32963787846996,2.04015400220331,0.154090489464036,0.475001697369973,0.475001697369973,"plaq_d"
"3508","PAQR3","Exc L6 CT",0.0427600205001345,6.03348446285497,5.7853477383664,0.0166813835179012,0.152410611875563,0.152410611875563,"plaq_d"
"3509","LINC01088","Exc L6 CT",0.0406070826041533,5.59742885596567,1.0508111406753,0.306031962599324,0.651662805948094,0.651662805948094,"plaq_d"
"3510","PRDM8","Exc L6 CT",0.114827224311495,5.41884019926848,15.4115458508076,0.000104220911304839,0.00647351190450836,0.00647351190450836,"plaq_d"
"3511","FGF5","Exc L6 CT",0.0423657668810692,4.54151440920711,1.06388104352184,0.303047569298373,0.649110669189016,0.649110669189016,"plaq_d"
"3512","CFAP299","Exc L6 CT",0.00503385669384434,6.30316271917774,0.0165778392125098,0.897625883428524,0.986539374335313,0.986539374335313,"plaq_d"
"3513","BMP3","Exc L6 CT",0.0109499244765165,4.74102724658916,0.0726200497022733,0.787719126443726,0.950690710400543,0.950690710400543,"plaq_d"
"3514","PRKG2","Exc L6 CT",-0.0156411541766191,2.44242507949332,0.036506698632388,0.848584255154255,0.972157850924001,0.972157850924001,"plaq_d"
"3515","RASGEF1B","Exc L6 CT",0.0831792638015327,7.08607505057275,2.6348931663777,0.105444044512876,0.398260798894589,0.398260798894589,"plaq_d"
"3516","AC124016.2","Exc L6 CT",0.0308857083797465,3.69662203864148,0.81060123693909,0.368564815355653,0.70867624974756,0.70867624974756,"plaq_d"
"3517","HNRNPD","Exc L6 CT",-0.0185582892769868,6.32471589173985,1.71514103207468,0.191183145174954,0.52464917853495,0.52464917853495,"plaq_d"
"3518","AC124016.1","Exc L6 CT",-0.0757746680352399,3.22100212643383,3.39583270396858,0.0662112536275397,0.315583550467567,0.315583550467567,"plaq_d"
"3519","HNRNPDL","Exc L6 CT",-0.0132416805403108,6.88547477190601,0.596586494043851,0.440407344806238,0.762765175148051,0.762765175148051,"plaq_d"
"3520","ENOPH1","Exc L6 CT",-0.00924371768549781,4.82231910659703,0.188847845925948,0.713069500233581,0.914100492018044,0.914100492018044,"plaq_d"
"3521","TMEM150C","Exc L6 CT",0.023532109653569,5.32160877023949,1.10745108487279,0.293366445452858,0.641060010434023,0.641060010434023,"plaq_d"
"3522","SCD5","Exc L6 CT",0.00929832203811766,7.25214908381736,0.469235639050098,0.493794758789095,0.799151308845645,0.799151308845645,"plaq_d"
"3523","SEC31A","Exc L6 CT",0.0363226864946912,6.45827472536458,7.62019582771002,0.006077385858465,0.0873274492286935,0.0873274492286935,"plaq_d"
"3524","LIN54","Exc L6 CT",-0.00968499091511003,5.09839863839791,0.169632660350421,0.680691902319394,0.898106555383558,0.898106555383558,"plaq_d"
"3525","COPS4","Exc L6 CT",-0.0272898030499873,5.12057153221308,1.82585414286626,0.177495306182486,0.50718984275567,0.50718984275567,"plaq_d"
"3526","HELQ","Exc L6 CT",-0.0331235412157512,4.51669507422114,1.78582068876234,0.182308810813983,0.512663229319115,0.512663229319115,"plaq_d"
"3527","MRPS18C","Exc L6 CT",-0.0340957818714947,4.31690807458196,1.6619447449118,0.198196700361173,0.533315831476533,0.533315831476533,"plaq_d"
"3528","ABRAXAS1","Exc L6 CT",-0.0128819713301649,2.66784064945852,0.0542125570139996,0.816025637356256,0.961097667297951,0.961097667297951,"plaq_d"
"3529","GPAT3","Exc L6 CT",-0.0591493546140447,2.28130554085896,0.722138993957773,0.396027086874951,0.729054468369795,0.729054468369795,"plaq_d"
"3530","CDS1","Exc L6 CT",-0.00322476910607653,4.92936344634881,0.021605027629379,0.92964808737035,0.994167628886557,0.994167628886557,"plaq_d"
"3531","WDFY3","Exc L6 CT",0.0330108000472327,7.78952303034201,14.6647767963235,0.000152278040563717,0.00827243272435949,0.00827243272435949,"plaq_d"
"3532","MAPK10","Exc L6 CT",0.0313642978565735,10.141676681043,16.4364405865019,6.21055109982294e-05,0.00465661946005474,0.00465661946005474,"plaq_d"
"3533","AC104827.1","Exc L6 CT",-0.0760375220827675,4.67942741706034,5.19701933123893,0.0232299958638321,0.180882348547158,0.180882348547158,"plaq_d"
"3534","PTPN13","Exc L6 CT",0.125575046995063,4.99266150429743,6.68395425666926,0.0101343544327869,0.116609763689887,0.116609763689887,"plaq_d"
"3535","AC093827.5","Exc L6 CT",-0.113879344645661,1.73632614608595,1.64296593068692,0.2007718496415,0.536115214022879,0.536115214022879,"plaq_d"
"3536","AFF1","Exc L6 CT",0.0642955633131785,6.68970353978749,13.7298083422251,0.000245428540114057,0.0112521951066304,0.0112521951066304,"plaq_d"
"3537","KLHL8","Exc L6 CT",-0.00598689919701451,5.53210534723004,0.0964753556548511,0.828030288796009,0.964895907196644,0.964895907196644,"plaq_d"
"3538","HSD17B13","Exc L6 CT",-0.00445481768304355,3.0191622110239,0.00621602152886725,0.937203785026183,0.996101534451179,0.996101534451179,"plaq_d"
"3539","HSD17B11","Exc L6 CT",-0.0258224642789369,4.6232647956342,1.06140480854671,0.303610087139537,0.649433610565573,0.649433610565573,"plaq_d"
"3540","NUDT9","Exc L6 CT",0.0032541478077672,4.67435012957691,0.0177298991879321,0.99937601510198,0.999906738276838,0.999906738276838,"plaq_d"
"3541","SPARCL1","Exc L6 CT",0.0553569100622503,9.70457479981197,11.6128765956156,0.000731648421133476,0.0231706678066891,0.0231706678066891,"plaq_d"
"3542","PKD2","Exc L6 CT",-0.0268857368894625,7.32933962989726,3.97575056721355,0.0469394696598187,0.264996315773627,0.264996315773627,"plaq_d"
"3543","PPM1K","Exc L6 CT",0.0352577512887227,6.41070200135173,5.66117525380775,0.0178827434041516,0.157862185877586,0.157862185877586,"plaq_d"
"3544","AC107067.1","Exc L6 CT",0.0709244302105086,2.43701321537604,1.1794103025509,0.27822734420251,0.626283530549105,0.626283530549105,"plaq_d"
"3545","HERC6","Exc L6 CT",0.00136978709661106,4.56050137807207,0.00154484567271111,0.968670124667005,0.998742420766286,0.998742420766286,"plaq_d"
"3546","PYURF","Exc L6 CT",-0.000680357835422018,3.72983360940419,0.000321154488017611,0.985712312886165,0.999571689696322,0.999571689696322,"plaq_d"
"3547","AC098582.1","Exc L6 CT",-0.0195390634076541,3.62520171819144,0.302561227989379,0.582633858526037,0.851878633692955,0.851878633692955,"plaq_d"
"3548","HERC3","Exc L6 CT",0.0363903225764262,5.87957996865462,5.29550305440997,0.0219706627684557,0.176009828166215,0.176009828166215,"plaq_d"
"3549","NAP1L5","Exc L6 CT",0.0491838880532542,4.45529316740557,3.30461643493318,0.0699446966172082,0.324070344360488,0.324070344360488,"plaq_d"
"3550","FAM13A-AS1","Exc L6 CT",0.00883086621627021,4.02290873115891,0.0841334168774681,0.861132051105565,0.976495686661412,0.976495686661412,"plaq_d"
"3551","FAM13A","Exc L6 CT",0.0905105687672345,7.28352883838124,21.2158271022728,5.76347513911006e-06,0.000937004974067359,0.000937004974067359,"plaq_d"
"3552","GPRIN3","Exc L6 CT",0.0519112785208364,5.44041577123394,3.21040935742002,0.0740393839236279,0.333604708973374,0.333604708973374,"plaq_d"
"3553","AC097478.1","Exc L6 CT",-0.0674625743121018,4.4778929932526,2.36621103029743,0.12489586936587,0.431533292549245,0.431533292549245,"plaq_d"
"3554","SNCA","Exc L6 CT",0.0295448863218338,8.43761067972409,6.79553886186692,0.00953143503869065,0.112454248674937,0.112454248674937,"plaq_d"
"3555","CCSER1","Exc L6 CT",0.0369609021943987,10.8285112400179,12.076350652765,0.000575170946115375,0.0199521950368119,0.0199521950368119,"plaq_d"
"3556","AC004054.1","Exc L6 CT",-0.143652262975717,1.97616199803294,3.36169759387474,0.0675827057133514,0.31867426783753,0.31867426783753,"plaq_d"
"3557","GRID2","Exc L6 CT",0.0328100715712062,8.58575860407664,2.26414215042667,0.13330602934765,0.445110628883099,0.445110628883099,"plaq_d"
"3558","SMARCAD1","Exc L6 CT",0.0277367396789001,6.42122091622393,4.72162434731837,0.0304593915851567,0.210107044206955,0.210107044206955,"plaq_d"
"3559","UNC5C","Exc L6 CT",0.0526470812000062,7.66478347676744,4.22549042859688,0.0405664023873916,0.244315670746198,0.244315670746198,"plaq_d"
"3560","LINC02267","Exc L6 CT",0.00674868393928914,2.37221836240831,0.0108620459081796,0.917053863293027,0.991054023610344,0.991054023610344,"plaq_d"
"3561","STPG2","Exc L6 CT",0.0602235246828122,5.47395136709914,4.01373469159481,0.0459055645068143,0.262244645492103,0.262244645492103,"plaq_d"
"3562","AC019077.1","Exc L6 CT",-0.00798552391985516,2.11253494426431,0.0119226008672364,0.91311416452465,0.989967061646606,0.989967061646606,"plaq_d"
"3563","RAP1GDS1","Exc L6 CT",0.0411096149193726,7.4423988057225,13.0882422330422,0.000341128781138751,0.0141117526818203,0.0141117526818203,"plaq_d"
"3564","TSPAN5","Exc L6 CT",0.00664148358154721,8.9315970653639,0.329868797632692,0.566107203352348,0.840946216080164,0.840946216080164,"plaq_d"
"3565","AC114811.2","Exc L6 CT",-0.0599064241205291,2.11969725187129,0.727544839295178,0.394266505587977,0.727581158113641,0.727581158113641,"plaq_d"
"3566","EIF4E","Exc L6 CT",-0.00362094325720219,5.91078148550876,0.06370667055527,0.800879432326564,0.955506912332949,0.955506912332949,"plaq_d"
"3567","AC019131.1","Exc L6 CT",-0.0105828586413362,2.47115697168339,0.0283032503500687,0.866495533739546,0.977776797232387,0.977776797232387,"plaq_d"
"3568","METAP1","Exc L6 CT",0.0332688705541187,4.51188836075147,1.98069051597474,0.160209713788378,0.484332932993363,0.484332932993363,"plaq_d"
"3569","ADH5","Exc L6 CT",0.00720769902432785,4.73033500177269,0.079073107667609,0.778724483610914,0.947239587243604,0.947239587243604,"plaq_d"
"3570","AP002026.1","Exc L6 CT",0.0497183867893333,2.79920567990214,0.618981410559017,0.43196119046381,0.756970577957031,0.756970577957031,"plaq_d"
"3571","TRMT10A","Exc L6 CT",-0.0403210145925608,2.69080435920948,0.642809075560381,0.4232422257357,0.750264252157266,0.750264252157266,"plaq_d"
"3572","MTTP","Exc L6 CT",-0.181553701414505,1.45394095316723,2.13503315302021,0.144869149858234,0.461587010553896,0.461587010553896,"plaq_d"
"3573","LAMTOR3","Exc L6 CT",0.0532507662653081,4.22301731242574,4.16059324811259,0.0421292707572664,0.248648766817809,0.248648766817809,"plaq_d"
"3574","DNAJB14","Exc L6 CT",0.0210448570708351,6.90039818969249,3.34775708049766,0.0681515390049143,0.320414616431987,0.320414616431987,"plaq_d"
"3575","H2AFZ","Exc L6 CT",0.00884993716122041,4.99905676439137,0.159879004294971,0.884013666941974,0.984090685841066,0.984090685841066,"plaq_d"
"3576","AC097460.1","Exc L6 CT",0.0199651655020364,3.7211632701749,0.191172165631277,0.662213867417302,0.891191594430351,0.891191594430351,"plaq_d"
"3577","EMCN","Exc L6 CT",-0.0569954305933331,1.97500827383177,0.589074917469449,0.443297198252092,0.764889287063418,0.764889287063418,"plaq_d"
"3578","PPP3CA","Exc L6 CT",0.0449359240836262,10.1196762260828,21.1339243328265,6.00035084700782e-06,0.000959789453261383,0.000959789453261383,"plaq_d"
"3579","AP001816.1","Exc L6 CT",-0.0280836429951089,2.76060705328334,0.307186174880889,0.58869486224376,0.854987442756975,0.854987442756975,"plaq_d"
"3580","BANK1","Exc L6 CT",-0.0222484398576253,3.3050462505099,0.211937332769285,0.645540524288966,0.882222987537879,0.882222987537879,"plaq_d"
"3581","AP002075.1","Exc L6 CT",0.0485249843793098,2.29887342165113,0.531046901650587,0.466656888039675,0.781071103385555,0.781071103385555,"plaq_d"
"3582","SLC39A8","Exc L6 CT",0.0130155899425936,3.20543025744441,0.0641167640912639,0.800253143476275,0.955339933119202,0.955339933119202,"plaq_d"
"3583","NFKB1","Exc L6 CT",0.0449149967102436,6.22312907966024,8.56376248154981,0.00365438721540578,0.0650291203374309,0.0650291203374309,"plaq_d"
"3584","MANBA","Exc L6 CT",0.0350281244352707,5.88209654911565,3.96254748382965,0.0473046022293288,0.265739429758144,0.265739429758144,"plaq_d"
"3585","UBE2D3","Exc L6 CT",0.00707578654492892,7.48424657248717,0.403562657113223,0.525672306692864,0.817321365930497,0.817321365930497,"plaq_d"
"3586","AC018797.2","Exc L6 CT",-0.0142951439182574,3.5574278938504,0.182808766405951,0.710220170157656,0.912907427063553,0.912907427063553,"plaq_d"
"3587","CISD2","Exc L6 CT",0.0207408555963488,4.42259103554053,0.642249840798399,0.423443807222686,0.750264252157266,0.750264252157266,"plaq_d"
"3588","SLC9B1","Exc L6 CT",-0.0398752583299477,3.49319676743052,0.942146546262045,0.332400176404705,0.67702786354303,0.67702786354303,"plaq_d"
"3589","SLC9B2","Exc L6 CT",0.000281865688241847,6.32126659365545,0.000423962304326409,0.983584236267637,0.999571689696322,0.999571689696322,"plaq_d"
"3590","CENPE","Exc L6 CT",-0.0238682752025003,2.82872754197534,0.214788231326267,0.643329601799353,0.88124995591125,0.88124995591125,"plaq_d"
"3591","CXXC4","Exc L6 CT",0.0879619380653747,4.9552061811487,12.8436253670978,0.000386909404768309,0.0152012562437027,0.0152012562437027,"plaq_d"
"3592","CXXC4-AS1","Exc L6 CT",-0.00913380934945162,6.68620585650806,0.200630260482788,0.654491153216982,0.887282667078978,0.887282667078978,"plaq_d"
"3593","AC004053.1","Exc L6 CT",-0.0718552974921301,2.77444532158213,1.7410108313621,0.187877733018524,0.521234536784251,0.521234536784251,"plaq_d"
"3594","AC096577.1","Exc L6 CT",0.0153981537814653,3.32258485051106,0.0702973335372729,0.79106124527147,0.951964438139026,0.951964438139026,"plaq_d"
"3595","TET2","Exc L6 CT",0.0151538947734236,5.8614584849162,0.745440099784411,0.388518088090589,0.722810338091512,0.722810338091512,"plaq_d"
"3596","PPA2","Exc L6 CT",0.0263302011336826,6.68621936027642,3.58764546606918,0.0590391955058446,0.300030402229722,0.300030402229722,"plaq_d"
"3597","INTS12","Exc L6 CT",-0.0290925559443914,4.10625752580706,1.01854377672785,0.313565479807854,0.657879462090935,0.657879462090935,"plaq_d"
"3598","GSTCD","Exc L6 CT",-0.0587796564097004,5.45021831972707,8.3253069512541,0.00415328086044542,0.0695851666658118,0.0695851666658118,"plaq_d"
"3599","NPNT","Exc L6 CT",-0.0876310935920634,1.70462706215007,0.774569174848286,0.379414256269371,0.715581926062779,0.715581926062779,"plaq_d"
"3600","AC109361.1","Exc L6 CT",-0.0193675400410533,2.96574159010798,0.130400725559218,0.71823591090951,0.917130049091121,0.917130049091121,"plaq_d"
"3601","TBCK","Exc L6 CT",0.0147737495059403,7.92465132498127,2.51105455403132,0.113958016819923,0.413338274159639,0.413338274159639,"plaq_d"
"3602","AIMP1","Exc L6 CT",-0.00863900742189122,4.40871392933086,0.121634547231853,0.869306309431622,0.978798489635663,0.978798489635663,"plaq_d"
"3603","DKK2","Exc L6 CT",0.0251206248784725,4.14203089876898,0.270080660766719,0.603607878251621,0.862498869931516,0.862498869931516,"plaq_d"
"3604","PAPSS1","Exc L6 CT",0.0442273177582647,7.20276398015796,14.1102519461353,0.000202034539884101,0.0100895049178202,0.0100895049178202,"plaq_d"
"3605","SGMS2","Exc L6 CT",0.0315290882358388,2.69224719006552,0.291463044153512,0.589629593028795,0.855331279851123,0.855331279851123,"plaq_d"
"3606","AC096564.1","Exc L6 CT",0.0343724361873616,4.80449760372107,1.52141895015311,0.21823687826911,0.557987306215601,0.557987306215601,"plaq_d"
"3607","CYP2U1","Exc L6 CT",0.0316082453084471,4.89775981503468,1.69922921717202,0.193250021796707,0.527256064457913,0.527256064457913,"plaq_d"
"3608","HADH","Exc L6 CT",-0.0404616742746109,4.43642016539745,2.52337216326346,0.113078057863363,0.412015115414065,0.412015115414065,"plaq_d"
"3609","RPL34-AS1","Exc L6 CT",0.0134219920527919,4.05113935579414,0.120066187754541,0.729172012512398,0.922777769451274,0.922777769451274,"plaq_d"
"3610","RPL34","Exc L6 CT",-0.0862758252051441,5.32876065271304,5.51571647733024,0.0194050133401885,0.164713780687118,0.164713780687118,"plaq_d"
"3611","OSTC","Exc L6 CT",0.0186504798127138,3.49919474535067,0.294565068947079,0.825147587675932,0.963985585882276,0.963985585882276,"plaq_d"
"3612","COL25A1","Exc L6 CT",0.00938002911799633,4.69780693413681,0.0905896789120789,0.76360848086058,0.939725396689085,0.939725396689085,"plaq_d"
"3613","SEC24B-AS1","Exc L6 CT",-0.0190871005874481,4.39118407465618,0.50207243395385,0.479065021289969,0.789344129491849,0.789344129491849,"plaq_d"
"3614","SEC24B","Exc L6 CT",-0.00891007599341256,6.35054298349126,0.405017319034332,0.524927536050516,0.817207495258297,0.817207495258297,"plaq_d"
"3615","MCUB","Exc L6 CT",-0.00180382808596176,3.10471301441578,0.00136251148028504,0.970576154287903,0.998742420766286,0.998742420766286,"plaq_d"
"3616","CASP6","Exc L6 CT",0.0598888778434665,3.52072038550297,2.38892807595062,0.123105744543262,0.428146082037851,0.428146082037851,"plaq_d"
"3617","PLA2G12A","Exc L6 CT",0.0225221541789001,4.4359749563757,0.728673904712673,0.393900216790753,0.727184857773747,0.727184857773747,"plaq_d"
"3618","GAR1","Exc L6 CT",-0.0502583368373497,3.16830491571567,1.70230197688485,0.19485787349952,0.529178258234123,0.529178258234123,"plaq_d"
"3619","RRH","Exc L6 CT",-0.0600802886934731,3.03730298737482,1.77027265016181,0.184219034103562,0.515455241001919,0.515455241001919,"plaq_d"
"3620","LRIT3","Exc L6 CT",0.0905364400898417,1.91060786877754,1.36811408379329,0.242936195324791,0.587994755664125,0.587994755664125,"plaq_d"
"3621","EGF","Exc L6 CT",0.0341100516232407,3.99367635774495,0.675873696800049,0.411573828663841,0.742825388985407,0.742825388985407,"plaq_d"
"3622","ELOVL6","Exc L6 CT",0.00501124535710349,6.91009313546438,0.0934218847743435,0.760053840535572,0.938399235707555,0.938399235707555,"plaq_d"
"3623","FAM241A","Exc L6 CT",0.0563852040198449,4.8347904493465,3.9658704498527,0.0472124228065855,0.265739429758144,0.265739429758144,"plaq_d"
"3624","AP1AR","Exc L6 CT",0.0614601541329869,4.96109412928998,7.54742850125511,0.00632218876127841,0.0891080362383758,0.0891080362383758,"plaq_d"
"3625","TIFA","Exc L6 CT",0.0865407508862704,2.40158323032328,2.17566021775926,0.141112944501644,0.457124651000376,0.457124651000376,"plaq_d"
"3626","ALPK1","Exc L6 CT",-0.039245787658062,4.07628317616486,1.04115825162952,0.308260663213008,0.652689915835421,0.652689915835421,"plaq_d"
"3627","ZGRF1","Exc L6 CT",-0.0222612835887673,4.56506754824693,0.78529650503015,0.383065189776026,0.718331081748535,0.718331081748535,"plaq_d"
"3628","LARP7","Exc L6 CT",-0.0258547548973334,4.56205877977847,1.2459278502525,0.26510135411057,0.612191064128291,0.612191064128291,"plaq_d"
"3629","ANK2","Exc L6 CT",0.0337025638406485,10.5682583678136,25.4154311844582,7.44764835054065e-07,0.000233079012292137,0.000233079012292137,"plaq_d"
"3630","AC093879.1","Exc L6 CT",-0.0603571509109838,4.11682537213381,3.3666512686045,0.0673818038239595,0.318146424352155,0.318146424352155,"plaq_d"
"3631","CAMK2D","Exc L6 CT",0.0366860424515657,8.39185450642534,5.75341861667588,0.0169820733309084,0.153948682735597,0.153948682735597,"plaq_d"
"3632","ARSJ","Exc L6 CT",0.0282926139796496,5.10469486517929,0.763874954432352,0.382720970038655,0.718150558482335,0.718150558482335,"plaq_d"
"3633","TRAM1L1","Exc L6 CT",0.0305751321933256,2.12021088674369,0.204472049252055,0.651416663363819,0.885163226792997,0.885163226792997,"plaq_d"
"3634","LINC02263","Exc L6 CT",0.0455483990228446,2.08454720026872,0.44586234263718,0.504748758393378,0.805875588575267,0.805875588575267,"plaq_d"
"3635","LINC01378","Exc L6 CT",0.0904918534962457,6.60267201398092,5.42762478170868,0.0203917897484752,0.170106226312564,0.170106226312564,"plaq_d"
"3636","NDST3","Exc L6 CT",0.0122107337530667,6.34366761245042,0.273171812393001,0.601544372909325,0.860818369026108,0.860818369026108,"plaq_d"
"3637","SNHG8","Exc L6 CT",-0.0329118617686224,2.72988919823316,0.375558723860795,0.54038981089823,0.826660625024662,0.826660625024662,"plaq_d"
"3638","AC110079.2","Exc L6 CT",0.11124721740872,2.42153803904015,3.75626206862284,0.0534181395698186,0.284958262300921,0.284958262300921,"plaq_d"
"3639","METTL14","Exc L6 CT",0.00323620558171114,4.99348170966786,0.0247277915150913,0.875138394062287,0.980656857406414,0.980656857406414,"plaq_d"
"3640","SEC24D","Exc L6 CT",0.0310506855765436,7.73257398694314,3.91670559799576,0.0485959121954937,0.268975510706883,0.268975510706883,"plaq_d"
"3641","SYNPO2","Exc L6 CT",0.00616479294072167,8.55848379633419,0.212186351910276,0.645346688975305,0.882196461351106,0.882196461351106,"plaq_d"
"3642","MYOZ2","Exc L6 CT",0.0112088508163042,3.12718298048583,0.0474478838151652,0.827692785130731,0.964685218129143,0.964685218129143,"plaq_d"
"3643","USP53","Exc L6 CT",0.0106125674464208,5.49267097218281,0.263396402409709,0.608121791417239,0.864729485306458,0.864729485306458,"plaq_d"
"3644","C4orf3","Exc L6 CT",0.0630783469506272,4.5885770806849,6.63156547043369,0.0104308443614538,0.118238138131881,0.118238138131881,"plaq_d"
"3645","PDE5A","Exc L6 CT",-0.0824001432036026,5.17938210211591,5.79932659247557,0.0165514806458483,0.151897865864505,0.151897865864505,"plaq_d"
"3646","MAD2L1","Exc L6 CT",0.0145101891484755,2.31752796264578,0.0644158799041699,0.799797681459213,0.955118567531531,0.955118567531531,"plaq_d"
"3647","AC108866.1","Exc L6 CT",0.0229799789127505,4.95873619495753,0.544567895509231,0.461042821712466,0.776394701225957,0.776394701225957,"plaq_d"
"3648","PRDM5","Exc L6 CT",0.00294585563363862,4.0658461898605,0.00684250466208128,0.9341221636315,0.995676697651708,0.995676697651708,"plaq_d"
"3649","TNIP3","Exc L6 CT",0.0645383132231854,1.56778068036122,0.391919970127575,0.53170205822651,0.820493389455336,0.820493389455336,"plaq_d"
"3650","EXOSC9","Exc L6 CT",0.0207705439000077,3.34139934289472,0.30637915286726,0.580265867202963,0.851009313799292,0.851009313799292,"plaq_d"
"3651","CCNA2","Exc L6 CT",0.0378205472042307,2.23033688970906,0.380589636749496,0.537691010377317,0.824601128187923,0.824601128187923,"plaq_d"
"3652","BBS7","Exc L6 CT",0.0429385423653786,5.89896383976978,8.00876863151376,0.00492516762733595,0.0768506944250284,0.0768506944250284,"plaq_d"
"3653","TRPC3","Exc L6 CT",0.00673276590624182,4.17926843542624,0.0252518015364131,0.873833363457689,0.980302874204998,0.980302874204998,"plaq_d"
"3654","KIAA1109","Exc L6 CT",0.0337870789448227,7.66438009948576,13.1509098047645,0.000330310721713556,0.0138231196214778,0.0138231196214778,"plaq_d"
"3655","BBS12","Exc L6 CT",0.0215863233237734,2.62229655760047,0.177822776830118,0.673511242610884,0.895548968504857,0.895548968504857,"plaq_d"
"3656","NUDT6","Exc L6 CT",-0.0323040322559797,4.00174625323954,1.04428086662383,0.307537396371861,0.652689915835421,0.652689915835421,"plaq_d"
"3657","SPATA5","Exc L6 CT",0.00421279880969483,6.1965972783559,0.0701520741604121,0.882232527935447,0.983480769739443,0.983480769739443,"plaq_d"
"3658","LINC01091","Exc L6 CT",-0.00297862755445488,1.98744989459644,0.00103240080296718,0.974385995867161,0.999093977007575,0.999093977007575,"plaq_d"
"3659","ANKRD50","Exc L6 CT",0.0178585281040217,4.32127460321725,0.395281083101692,0.586608334883528,0.854287193719603,0.854287193719603,"plaq_d"
"3660","FAT4","Exc L6 CT",0.058996046427756,2.00241298569714,0.340782161685372,0.55975604745591,0.837773240256397,0.837773240256397,"plaq_d"
"3661","INTU","Exc L6 CT",-0.0164676922666895,6.2857113339373,1.17459638792736,0.279208693206193,0.626430169869788,0.626430169869788,"plaq_d"
"3662","SLC25A31","Exc L6 CT",-0.0545542556311845,1.83606896475858,0.385236523889236,0.535220018129338,0.823132695313959,0.823132695313959,"plaq_d"
"3663","HSPA4L","Exc L6 CT",0.0471028380842096,6.44236497560527,6.77060372067517,0.00966288152817715,0.113032231832698,0.113032231832698,"plaq_d"
"3664","PLK4","Exc L6 CT",0.0446900670259408,2.02390781101568,0.333991471036278,0.563691708075981,0.840074739388216,0.840074739388216,"plaq_d"
"3665","MFSD8","Exc L6 CT",0.0031425180237536,5.2568904730142,0.0314817459005335,0.970958949496291,0.998742420766286,0.998742420766286,"plaq_d"
"3666","ABHD18","Exc L6 CT",-0.0156524893070525,6.86811110983437,1.60958742090128,0.205397296824786,0.541061204956928,0.541061204956928,"plaq_d"
"3667","LARP1B","Exc L6 CT",-0.00131953014588235,7.1335898348741,0.011475469705034,0.914752604289801,0.990580599620579,0.990580599620579,"plaq_d"
"3668","PGRMC2","Exc L6 CT",-0.0113439477931106,4.79148842534255,0.265803851019196,0.831065711598012,0.966555338840279,0.966555338840279,"plaq_d"
"3669","AC108062.1","Exc L6 CT",0.0047299907958356,4.55699042489953,0.0240885364983566,0.876749778262503,0.981163755019913,0.981163755019913,"plaq_d"
"3670","JADE1","Exc L6 CT",-0.00224908075816109,5.21350830621664,0.0144068372740196,0.995896134254571,0.999851395879513,0.999851395879513,"plaq_d"
"3671","SCLT1","Exc L6 CT",0.0205702515120077,6.93540213972052,1.62171882757195,0.203701752381079,0.539541613277606,0.539541613277606,"plaq_d"
"3672","C4orf33","Exc L6 CT",0.0613127719803487,3.84469786203193,3.76835639610972,0.0530374882811248,0.283985452257781,0.283985452257781,"plaq_d"
"3673","LINC02465","Exc L6 CT",-0.0990725435867734,2.0146880312248,1.07522697964754,0.300487335019378,0.647273064068988,0.647273064068988,"plaq_d"
"3674","SNHG27","Exc L6 CT",0.0396572110647242,1.6729035752291,0.192610347971948,0.661025067787019,0.890764276892284,0.890764276892284,"plaq_d"
"3675","AC096711.2","Exc L6 CT",0.00105512904750853,6.91672493202104,0.00238404182778099,0.961085437653244,0.998742420766286,0.998742420766286,"plaq_d"
"3676","AC115622.1","Exc L6 CT",-0.0277680828997806,4.12909570776981,0.458362150116755,0.498839953580507,0.802738650988707,0.802738650988707,"plaq_d"
"3677","AC105383.1","Exc L6 CT",0.0270418245496681,5.6255123915392,2.02542319300853,0.155581176395817,0.477323657917399,0.477323657917399,"plaq_d"
"3678","PCDH10","Exc L6 CT",0.0693416560778345,7.13978596277645,18.8409232009528,1.8647765378998e-05,0.00201844534132372,0.00201844534132372,"plaq_d"
"3679","AC079380.1","Exc L6 CT",0.0617085060856457,4.24371954690426,1.07846960678929,0.299760770907604,0.646301641154092,0.646301641154092,"plaq_d"
"3680","AC018680.1","Exc L6 CT",0.00881145392861546,2.39147383315773,0.00755205217592419,0.930798929787923,0.994417914154133,0.994417914154133,"plaq_d"
"3681","SLC7A11","Exc L6 CT",0.610840785698178,1.1678138678422,20.2637124327441,9.21375474384333e-06,0.00120254585066794,0.00120254585066794,"plaq_d"
"3682","AC109927.1","Exc L6 CT",0.0570359604477836,3.1592015398579,1.3031236057922,0.254427892084804,0.602037523561077,0.602037523561077,"plaq_d"
"3683","NOCT","Exc L6 CT",-0.0422388465618072,3.54299107670215,1.26048253400919,0.262333312538246,0.609121026983965,0.609121026983965,"plaq_d"
"3684","ELF2","Exc L6 CT",0.0103779882227611,6.41297171332222,0.543311542319548,0.581594371932332,0.851041833586362,0.851041833586362,"plaq_d"
"3685","MGARP","Exc L6 CT",0.0665857810216909,1.72587217880422,0.69436003933481,0.405256536488998,0.73736426255893,0.73736426255893,"plaq_d"
"3686","NDUFC1","Exc L6 CT",-0.00802545714397118,4.15220118570598,0.0675411979271373,0.795104621285071,0.953000771778707,0.953000771778707,"plaq_d"
"3687","NAA15","Exc L6 CT",-0.0211306036449059,6.20604728630387,2.2534411902871,0.134223883725782,0.446461883113761,0.446461883113761,"plaq_d"
"3688","AC097376.2","Exc L6 CT",-0.00512838416932124,6.13628766848767,0.0656393709340586,0.797946302552548,0.954247796274006,0.954247796274006,"plaq_d"
"3689","RAB33B","Exc L6 CT",0.00278799485015512,3.29450658885819,0.00492921915530166,0.944068094503054,0.997609533382524,0.997609533382524,"plaq_d"
"3690","SETD7","Exc L6 CT",0.0436060577988043,5.08954167281827,3.55670947678675,0.0601373173055298,0.302357774821936,0.302357774821936,"plaq_d"
"3691","MGST2","Exc L6 CT",-0.0675614043766781,4.47029842111779,4.37189088891438,0.0372609530666601,0.233943815983902,0.233943815983902,"plaq_d"
"3692","MAML3","Exc L6 CT",-0.18270942564945,2.76066079534082,2.55709849451116,0.110706898358777,0.408440929977692,0.408440929977692,"plaq_d"
"3693","SCOC","Exc L6 CT",0.0583446527760083,5.30983435347539,8.67553391843343,0.00344206127103244,0.06232945164501,0.06232945164501,"plaq_d"
"3694","SCOC-AS1","Exc L6 CT",-0.0839626071902486,2.80970402533959,2.14088139595999,0.144321550085192,0.460742996973083,0.460742996973083,"plaq_d"
"3695","CLGN","Exc L6 CT",-0.0196776828265755,3.39726016861017,0.205148354940457,0.650879041300943,0.885163226792997,0.885163226792997,"plaq_d"
"3696","ELMOD2","Exc L6 CT",0.0184443334913953,4.4715043161161,0.492886699702585,0.483111449225229,0.792077685049623,0.792077685049623,"plaq_d"
"3697","TBC1D9","Exc L6 CT",0.00831372815115185,5.5590071159998,0.222621832532412,0.637344963259832,0.878611156838095,0.878611156838095,"plaq_d"
"3698","RNF150","Exc L6 CT",-0.00298766844048659,7.20674597594706,0.0322552228540962,0.857573119704031,0.975284318212097,0.975284318212097,"plaq_d"
"3699","ZNF330","Exc L6 CT",0.0588200334298402,3.84913552803226,3.91028715224471,0.0487796735512203,0.269260805384727,0.269260805384727,"plaq_d"
"3700","IL15","Exc L6 CT",-0.0261910992215596,3.87070754623103,0.281082439023288,0.596330543735559,0.858855692910863,0.858855692910863,"plaq_d"
"3701","INPP4B","Exc L6 CT",0.0270222678600975,9.04640215551378,2.96753467001939,0.0858391277157303,0.359435742465286,0.359435742465286,"plaq_d"
"3702","AC139720.1","Exc L6 CT",-0.0475703860155955,3.77734127055414,1.3896952750398,0.239261487841255,0.584194094125289,0.584194094125289,"plaq_d"
"3703","AC104596.1","Exc L6 CT",-0.043752218161281,4.93937980763948,1.63224686982574,0.202243704476742,0.537940263871511,0.537940263871511,"plaq_d"
"3704","USP38","Exc L6 CT",0.0694715769108172,4.43624960977975,8.82070356537171,0.004398576459909,0.0719870179433259,0.0719870179433259,"plaq_d"
"3705","AC097658.2","Exc L6 CT",0.121902562671847,2.06803789044919,1.82743958255461,0.177307733322459,0.506919447590679,0.506919447590679,"plaq_d"
"3706","GAB1","Exc L6 CT",0.130785307068804,6.32535182469443,8.76863022918089,0.00327485490595619,0.060287482386375,0.060287482386375,"plaq_d"
"3707","SMARCA5","Exc L6 CT",0.0428112224368517,5.49738302096279,5.38064274569414,0.0209392565827626,0.171761559980313,0.171761559980313,"plaq_d"
"3708","FREM3","Exc L6 CT",-0.124295240838572,2.17047501716885,3.1440313383614,0.0770793496014548,0.341242055572818,0.341242055572818,"plaq_d"
"3709","GYPE","Exc L6 CT",-0.0471328070666416,2.50610007104472,0.573594164287937,0.449346420730233,0.769998476581033,0.769998476581033,"plaq_d"
"3710","HHIP-AS1","Exc L6 CT",0.0285588382413894,4.11716396922352,0.947841922735035,0.330945073893458,0.675232682809741,0.675232682809741,"plaq_d"
"3711","HHIP","Exc L6 CT",-0.199007717631147,2.39444978487984,3.50298456313674,0.062096576068679,0.30677498595906,0.30677498595906,"plaq_d"
"3712","ANAPC10","Exc L6 CT",0.0138764371363688,7.04874437063266,1.15444508804321,0.341557783637481,0.685496424542753,0.685496424542753,"plaq_d"
"3713","ABCE1","Exc L6 CT",0.00553195486606377,4.84363912379276,0.0723411476177821,0.916004174314564,0.99087914169174,0.99087914169174,"plaq_d"
"3714","OTUD4","Exc L6 CT",0.0140404874695562,5.84385231290028,0.794033622281957,0.373498539647391,0.710955389314004,0.710955389314004,"plaq_d"
"3715","SMAD1","Exc L6 CT",0.0463788295870144,5.84042170755375,6.02233224171119,0.0146150532323801,0.1421610177928,0.1421610177928,"plaq_d"
"3716","MMAA","Exc L6 CT",0.123397756762703,3.14036106485772,9.2819196970332,0.00249092810651935,0.0506488714992267,0.0506488714992267,"plaq_d"
"3717","ZNF827","Exc L6 CT",0.0436036199081642,6.74825367543384,7.95003922455774,0.00508380960791768,0.0781907298243407,0.0781907298243407,"plaq_d"
"3718","LSM6","Exc L6 CT",-0.0277147935468529,4.32484021326764,1.17636444688998,0.278847754807705,0.626283530549105,0.626283530549105,"plaq_d"
"3719","SLC10A7","Exc L6 CT",0.0305633712920208,5.59874417947598,1.97106666581448,0.161225952161383,0.485262138263699,0.485262138263699,"plaq_d"
"3720","TTC29","Exc L6 CT",0.0661957278571162,3.75250989487294,1.51377579506233,0.219394384164505,0.558706652863447,0.558706652863447,"plaq_d"
"3721","TMEM184C","Exc L6 CT",0.0182401498476981,4.43885550970879,0.522695980483919,0.470179255794463,0.783084616163003,0.783084616163003,"plaq_d"
"3722","PRMT9","Exc L6 CT",-0.0460713349650708,5.26485963969444,5.25834476360259,0.0224372503114818,0.178752991413443,0.178752991413443,"plaq_d"
"3723","ARHGAP10","Exc L6 CT",0.0261292465796669,5.08688591291965,0.67589730620083,0.411565668457477,0.742825388985407,0.742825388985407,"plaq_d"
"3724","NR3C2","Exc L6 CT",0.0200557693640134,7.09979069301352,2.05352414134323,0.152751560364917,0.474411678527541,0.474411678527541,"plaq_d"
"3725","LINC02355","Exc L6 CT",-0.169112385228311,1.86008960629229,3.49997657285216,0.0622082718735676,0.307116008879245,0.307116008879245,"plaq_d"
"3726","IQCM","Exc L6 CT",-0.0460026686792025,2.08024258826803,0.368020987974104,0.544480305409976,0.828650548249287,0.828650548249287,"plaq_d"
"3727","DCLK2","Exc L6 CT",-0.00634064508726736,7.75240061041463,0.266224195986741,0.606203412809552,0.863865962549733,0.863865962549733,"plaq_d"
"3728","LRBA","Exc L6 CT",0.024497381710239,8.17567076416211,5.40955409639791,0.0206005790997395,0.170440193517155,0.170440193517155,"plaq_d"
"3729","RPS3A","Exc L6 CT",-0.0679381420300615,3.83377985374382,3.14218883736068,0.0771656314109545,0.341242055572818,0.341242055572818,"plaq_d"
"3730","SH3D19","Exc L6 CT",-0.0131255687387955,7.09700458319023,0.691605102130966,0.406188905218262,0.738040575479251,0.738040575479251,"plaq_d"
"3731","PRSS48","Exc L6 CT",-0.136381651643901,1.77614112909357,2.54018820625911,0.111888847323142,0.409827502505874,0.409827502505874,"plaq_d"
"3732","FAM160A1","Exc L6 CT",0.0445789341539384,5.03048306211221,0.903677139020909,0.342457004745968,0.686851687337673,0.686851687337673,"plaq_d"
"3733","AC092611.2","Exc L6 CT",0.0945817691323391,2.04229914212143,1.8791633571686,0.171312220400889,0.498959635906982,0.498959635906982,"plaq_d"
"3734","GATB","Exc L6 CT",-0.00921309100984559,5.12696982397377,0.186211843018651,0.666355404993772,0.893478550445554,0.893478550445554,"plaq_d"
"3735","AC079340.1","Exc L6 CT",0.0101721674989133,1.85462065256718,0.00917642249564645,0.923739571614654,0.99299244869807,0.99299244869807,"plaq_d"
"3736","FBXW7","Exc L6 CT",0.00955962238887133,8.78781646619991,0.66483502418845,0.415415546424302,0.745148886325961,0.745148886325961,"plaq_d"
"3737","TIGD4","Exc L6 CT",-0.0165921234721151,2.78417219894577,0.107127964244228,0.74363458790462,0.930577497172714,0.930577497172714,"plaq_d"
"3738","ARFIP1","Exc L6 CT",0.0145119978742312,5.61345199754576,0.687326581571332,0.407643155709237,0.73928584118857,0.73928584118857,"plaq_d"
"3739","TRIM2","Exc L6 CT",0.0457132218860146,8.31653174392667,24.5261923207093,1.14522212780335e-06,0.000323267014742295,0.000323267014742295,"plaq_d"
"3740","MND1","Exc L6 CT",-0.0959647108249512,1.84185488285288,1.09156664452404,0.29684912166407,0.644658312788648,0.644658312788648,"plaq_d"
"3741","TMEM131L","Exc L6 CT",0.0597646233980036,4.99737606917358,5.27877332813434,0.0221794711395497,0.177187133488687,0.177187133488687,"plaq_d"
"3742","RNF175","Exc L6 CT",-0.000418932893095481,6.49790183878978,0.00060050999594482,0.980463589301386,0.999396584092899,0.999396584092899,"plaq_d"
"3743","AC079298.3","Exc L6 CT",0.00849622577063587,3.44745424161445,0.0266992501509667,0.870299045444228,0.979120432808308,0.979120432808308,"plaq_d"
"3744","DCHS2","Exc L6 CT",-0.0304231769719079,7.26930561846282,2.01653278608334,0.156488792582975,0.478710722062156,0.478710722062156,"plaq_d"
"3745","PLRG1","Exc L6 CT",0.0509152384404592,4.61381694482904,4.6182681608935,0.0323220559757238,0.21773903501475,0.21773903501475,"plaq_d"
"3746","LRAT","Exc L6 CT",0.0429292655616889,1.90638551666199,0.231357549394129,0.630821148877976,0.876683500163605,0.876683500163605,"plaq_d"
"3747","AC097467.3","Exc L6 CT",-0.0650526954801369,2.29612871505769,0.647070140166244,0.421711002101929,0.749425771654766,0.749425771654766,"plaq_d"
"3748","MAP9","Exc L6 CT",0.0436256446654862,5.83112998690772,7.21465344864467,0.0075775266030321,0.0977473772197582,0.0977473772197582,"plaq_d"
"3749","GUCY1A1","Exc L6 CT",-0.0116327770481346,4.64155568775937,0.164246029467658,0.685525896685176,0.900774195488207,0.900774195488207,"plaq_d"
"3750","GUCY1B1","Exc L6 CT",0.0486593508348133,6.41344007816574,11.333191385671,0.000846363195141729,0.0252487899329116,0.0252487899329116,"plaq_d"
"3751","PDGFC","Exc L6 CT",0.00890209476242436,6.42613497749446,0.152859271944672,0.696056889649562,0.906908768521595,0.906908768521595,"plaq_d"
"3752","GLRB","Exc L6 CT",0.0507977316730091,7.10671679986411,19.5077441649719,1.33925048816448e-05,0.00159337603534015,0.00159337603534015,"plaq_d"
"3753","GRIA2","Exc L6 CT",0.0500348449254181,9.81324634372267,39.9938710603406,7.81734969860952e-10,1.12538566261183e-06,1.12538566261183e-06,"plaq_d"
"3754","FAM198B","Exc L6 CT",0.0149236385505661,4.03507597981282,0.104184372396803,0.747058592867153,0.931784396371126,0.931784396371126,"plaq_d"
"3755","FAM198B-AS1","Exc L6 CT",0.0523686274383564,3.95089611638677,1.2205087495603,0.270023645558907,0.617918211180862,0.617918211180862,"plaq_d"
"3756","TMEM144","Exc L6 CT",0.179437077239109,2.67083490542386,3.50313867493575,0.0620908592114935,0.30677498595906,0.30677498595906,"plaq_d"
"3757","RXFP1","Exc L6 CT",-0.00406370493853797,7.4063589615474,0.03103585957945,0.860262823888068,0.976375245403077,0.976375245403077,"plaq_d"
"3758","C4orf46","Exc L6 CT",0.0534668852788663,2.00855386843486,0.554047286127224,0.457170710101214,0.775664661561659,0.775664661561659,"plaq_d"
"3759","ETFDH","Exc L6 CT",0.0044741708954375,5.96895414013024,0.0634336330563359,0.801297601216585,0.955620788570984,0.955620788570984,"plaq_d"
"3760","PPID","Exc L6 CT",0.00272982503602217,4.75062451482723,0.0145281566027128,0.904130616258252,0.988876782180692,0.988876782180692,"plaq_d"
"3761","FNIP2","Exc L6 CT",0.0184641934583681,6.81523457522906,1.63693770096813,0.20159803538572,0.537412039273845,0.537412039273845,"plaq_d"
"3762","C4orf45","Exc L6 CT",-0.00266591117448092,2.9304313626479,0.00297234659860101,0.95655275424797,0.998742420766286,0.998742420766286,"plaq_d"
"3763","RAPGEF2","Exc L6 CT",0.0446116578683207,8.64282118119749,14.1870860466308,0.000194261160080301,0.00984712556519721,0.00984712556519721,"plaq_d"
"3764","FSTL5","Exc L6 CT",0.0331530120660512,8.495868046411,2.21038738518594,0.137989162651239,0.452503869140601,0.452503869140601,"plaq_d"
"3765","NAF1","Exc L6 CT",0.0128446506425698,5.46645913959699,0.439857590306797,0.507630020795573,0.806848758684147,0.806848758684147,"plaq_d"
"3766","NPY1R","Exc L6 CT",0.034884588823211,6.26492721579555,2.66125143729812,0.103723896417999,0.395258644658616,0.395258644658616,"plaq_d"
"3767","NPY5R","Exc L6 CT",0.0124279941430133,2.55650239870317,0.0488995444702758,0.82511894886701,0.963985585882276,0.963985585882276,"plaq_d"
"3768","TMA16","Exc L6 CT",-0.0178363816924237,3.52603337087495,0.227524036928829,0.633665054511466,0.877838984164729,0.877838984164729,"plaq_d"
"3769","MARCH1","Exc L6 CT",0.0408298407613498,8.88646716471467,3.27053981089382,0.0713969639823867,0.327387462344213,0.327387462344213,"plaq_d"
"3770","FAM218A","Exc L6 CT",-0.0705887238020463,2.4509179740496,1.62507381480872,0.203235769295346,0.539126093228913,0.539126093228913,"plaq_d"
"3771","TMEM192","Exc L6 CT",0.0173101751090133,6.13016336396893,0.730917227788423,0.393173897168566,0.726775991735833,0.726775991735833,"plaq_d"
"3772","KLHL2","Exc L6 CT",0.0505300659344765,7.5529732495646,14.6555954872522,0.000152991306592026,0.0082799355251835,0.0082799355251835,"plaq_d"
"3773","MSMO1","Exc L6 CT",-0.00970690309422455,4.50300349826224,0.111107500854339,0.739087392796932,0.928355654626485,0.928355654626485,"plaq_d"
"3774","CPE","Exc L6 CT",0.0330565291434669,8.85324618835911,9.07870501341431,0.00277540452188402,0.0545370707974203,0.0545370707974203,"plaq_d"
"3775","TLL1","Exc L6 CT",0.16924871174055,2.90539265092012,3.9484983482169,0.0476964394815974,0.266759107528002,0.266759107528002,"plaq_d"
"3776","SPOCK3","Exc L6 CT",-0.25374241455732,3.96904400360533,4.17343160499088,0.0418151261777794,0.248030719594278,0.248030719594278,"plaq_d"
"3777","DDX60","Exc L6 CT",0.0932894425910765,1.30711433809409,0.344395518256126,0.557683258020926,0.836632704615315,0.836632704615315,"plaq_d"
"3778","PALLD","Exc L6 CT",0.0326637886500848,5.02535852293618,0.987013324706633,0.321163330067341,0.665726033066874,0.665726033066874,"plaq_d"
"3779","CBR4","Exc L6 CT",-0.00838163973361891,6.40850777495093,0.296908658818364,0.668391499458326,0.894234638511099,0.894234638511099,"plaq_d"
"3780","SH3RF1","Exc L6 CT",-0.00175816541985322,5.80883676610931,0.00801915797076688,0.928696502502052,0.994167628886557,0.994167628886557,"plaq_d"
"3781","NEK1","Exc L6 CT",0.0243195687748166,7.08378133380813,3.14351718173697,0.0771034163653021,0.341242055572818,0.341242055572818,"plaq_d"
"3782","CLCN3","Exc L6 CT",0.0180944567244093,6.7106332385216,2.39409806585317,0.127508969230035,0.435290282436706,0.435290282436706,"plaq_d"
"3783","HPF1","Exc L6 CT",-0.0494943002001325,4.48050039324224,4.782905669407,0.0294084081070632,0.205715958750866,0.205715958750866,"plaq_d"
"3784","MFAP3L","Exc L6 CT",0.154270424103237,2.89627081561736,5.31627898410358,0.0217141971958856,0.175081290147258,0.175081290147258,"plaq_d"
"3785","AADAT","Exc L6 CT",0.0222721902711319,3.85938593173011,0.481233490234492,0.48832663827309,0.795063366272269,0.795063366272269,"plaq_d"
"3786","GALNTL6","Exc L6 CT",0.0413425779834694,7.62040793594703,1.91647909625312,0.167131868335054,0.493690631227333,0.493690631227333,"plaq_d"
"3787","AC105285.1","Exc L6 CT",0.184378421268376,2.30680569027207,7.32829887287088,0.00712232183888367,0.0942907746224422,0.0942907746224422,"plaq_d"
"3788","GALNT7","Exc L6 CT",0.0259421037690399,5.31409826315575,0.969429530737351,0.325506146251927,0.670228082752389,0.670228082752389,"plaq_d"
"3789","AC097534.1","Exc L6 CT",0.0643181853444507,2.63381295384611,1.62791747458635,0.202841792279537,0.538765764143213,0.538765764143213,"plaq_d"
"3790","HMGB2","Exc L6 CT",0.0518498786929387,2.62873801226283,1.02102723323747,0.312977116542874,0.657327650127289,0.657327650127289,"plaq_d"
"3791","AC097534.2","Exc L6 CT",0.0377313357322326,3.81663434285649,1.22857698993847,0.268448975777792,0.616414748990538,0.616414748990538,"plaq_d"
"3792","SAP30","Exc L6 CT",-0.0366361114781871,3.35963623189453,0.790348103667063,0.374608640175142,0.71112659752071,0.71112659752071,"plaq_d"
"3793","SCRG1","Exc L6 CT",0.0538739711537728,2.96964168677037,1.26985342226544,0.260570162457301,0.607981400145611,0.607981400145611,"plaq_d"
"3794","HAND2-AS1","Exc L6 CT",-0.0543932378927789,2.01444737752018,0.353858488361722,0.552323377593,0.832766997358071,0.832766997358071,"plaq_d"
"3795","LINC02268","Exc L6 CT",0.156785681427321,3.10569614893895,7.56664106770348,0.00625658747876492,0.088477242970825,0.088477242970825,"plaq_d"
"3796","FBXO8","Exc L6 CT",0.0262695767124452,3.89242858178962,0.752670262244734,0.386229622750834,0.721139768567107,0.721139768567107,"plaq_d"
"3797","CEP44","Exc L6 CT",0.0140723743254496,4.69943933419282,0.367721967247089,0.544643754343898,0.828650548249287,0.828650548249287,"plaq_d"
"3798","GLRA3","Exc L6 CT",0.066759124191534,5.03382435409567,5.0580956459359,0.0251357107585552,0.189353057080147,0.189353057080147,"plaq_d"
"3799","GPM6A","Exc L6 CT",0.0234024658626549,10.3494262762232,8.65820505192496,0.00347413532137423,0.0625953092446851,0.0625953092446851,"plaq_d"
"3800","WDR17","Exc L6 CT",0.0318133334903019,7.88666271264688,8.83072920740389,0.00316795657324075,0.0590155384389746,0.0590155384389746,"plaq_d"
"3801","AC019163.1","Exc L6 CT",-0.0577813243351652,2.10017225559987,0.673367564828971,0.412441393795974,0.743077608813294,0.743077608813294,"plaq_d"
"3802","SPCS3","Exc L6 CT",-0.0193912657073666,5.27603084926195,0.946889423670148,0.331187832990286,0.675514316198378,0.675514316198378,"plaq_d"
"3803","VEGFC","Exc L6 CT",0.0548119465352585,1.92668439286363,0.280470484408002,0.59673050404738,0.858855692910863,0.858855692910863,"plaq_d"
"3804","AGA","Exc L6 CT",-0.0309767816828105,2.33930480009183,0.217519249508699,0.641228308899761,0.880660557668647,0.880660557668647,"plaq_d"
"3805","AC078881.1","Exc L6 CT",0.0188549111871368,3.35691777830321,0.139179598745555,0.709324974001522,0.912501817143814,0.912501817143814,"plaq_d"
"3806","LINC01098","Exc L6 CT",-0.121854588269251,1.87455741823528,1.37185061825466,0.242295054934261,0.587546245750086,0.587546245750086,"plaq_d"
"3807","AC098864.1","Exc L6 CT",-0.217556984246192,1.62259752889717,3.9348108708877,0.048081499453802,0.267872007018937,0.267872007018937,"plaq_d"
"3808","TENM3","Exc L6 CT",0.0132319490969061,6.5582000412386,0.192230823028253,0.661338267131,0.890775436288675,0.890775436288675,"plaq_d"
"3809","DCTD","Exc L6 CT",-0.0589398304080737,3.89336645563444,3.91220572387241,0.0495969276888557,0.272310210148271,0.272310210148271,"plaq_d"
"3810","WWC2","Exc L6 CT",0.0201994423824354,6.02106036202195,1.17448961831446,0.279230508478357,0.626430169869788,0.626430169869788,"plaq_d"
"3811","CDKN2AIP","Exc L6 CT",0.044428223980413,2.96580668686118,0.993080092611843,0.319682751688877,0.664474861870209,0.664474861870209,"plaq_d"
"3812","AC107214.1","Exc L6 CT",-0.0327762211777265,4.02382009681426,1.22701239771205,0.268753434886332,0.616766212119183,0.616766212119183,"plaq_d"
"3813","ING2","Exc L6 CT",0.060443969311831,3.07462434713713,1.86535365135646,0.172889726958024,0.500282815858564,0.500282815858564,"plaq_d"
"3814","RWDD4","Exc L6 CT",-0.00991539970430918,3.78035701022618,0.0967262328434771,0.806320316751005,0.957667568428356,0.957667568428356,"plaq_d"
"3815","TRAPPC11","Exc L6 CT",0.00443500025564678,5.88773517096217,0.0807406540110796,0.776465095093301,0.945844602213839,0.945844602213839,"plaq_d"
"3816","STOX2","Exc L6 CT",-0.0012714931974018,8.18285933204934,0.0148777722944603,0.902989597843944,0.988833782863933,0.988833782863933,"plaq_d"
"3817","ENPP6","Exc L6 CT",-0.0329205348869021,2.5252389528418,0.317477303211721,0.573490320159628,0.84621871330814,0.84621871330814,"plaq_d"
"3818","IRF2","Exc L6 CT",-0.0531416767695772,4.69113958315904,4.84216688974597,0.0284281231413468,0.202701794894094,0.202701794894094,"plaq_d"
"3819","LINC02427","Exc L6 CT",-0.0566507739898377,3.06751808540854,1.13608233734456,0.287220183790425,0.633883453295563,0.633883453295563,"plaq_d"
"3820","CASP3","Exc L6 CT",-0.0296411749586108,3.4118886298443,0.638383548984589,0.424841404261965,0.751434144505804,0.751434144505804,"plaq_d"
"3821","PRIMPOL","Exc L6 CT",-0.0283981614231759,5.05200035070023,1.52592689223899,0.254893266701589,0.602230179730386,0.602230179730386,"plaq_d"
"3822","ACSL1","Exc L6 CT",0.00455804583001616,4.42573716929218,0.0309273566681162,0.898433811454455,0.986539374335313,0.986539374335313,"plaq_d"
"3823","SLC25A4","Exc L6 CT",0.0308557008815411,5.28486547255087,2.40521571214511,0.121839857995587,0.426247046343734,0.426247046343734,"plaq_d"
"3824","CFAP97","Exc L6 CT",0.0361453145964908,4.30714787519608,1.66885038633924,0.197269372085452,0.532313004787661,0.532313004787661,"plaq_d"
"3825","SNX25","Exc L6 CT",0.0149402354968645,6.74722136539643,1.22792041166183,0.349680946092711,0.692981336193501,0.692981336193501,"plaq_d"
"3826","LRP2BP","Exc L6 CT",-0.0736682039155209,4.91848916857013,6.03430612790351,0.0145179623417815,0.141849326441007,0.141849326441007,"plaq_d"
"3827","AC112722.1","Exc L6 CT",0.011780357210443,4.5259197780944,0.187153491801321,0.903141482677677,0.988833782863933,0.988833782863933,"plaq_d"
"3828","ANKRD37","Exc L6 CT",0.0554545893945217,3.483988504755,1.98741268431974,0.159504226180015,0.483313584526942,0.483313584526942,"plaq_d"
"3829","UFSP2","Exc L6 CT",0.0489360101510807,3.99663042876513,2.55836898190014,0.110618656053314,0.408440929977692,0.408440929977692,"plaq_d"
"3830","C4orf47","Exc L6 CT",0.021580103039453,5.40439049898677,0.974472181619772,0.324252808863186,0.668664007505289,0.668664007505289,"plaq_d"
"3831","CCDC110","Exc L6 CT",0.035087158808634,2.67195820010274,0.344303670838725,0.557735764531341,0.836632704615315,0.836632704615315,"plaq_d"
"3832","SORBS2","Exc L6 CT",0.00399464737349915,10.1426794399696,0.124828732123826,0.724069032003045,0.919835095953581,0.919835095953581,"plaq_d"
"3833","FAM149A","Exc L6 CT",-0.04320004502318,3.85414058817084,2.00667693167395,0.157502036481991,0.480219252034078,0.480219252034078,"plaq_d"
"3834","CYP4V2","Exc L6 CT",-0.0161393803790852,4.33944698769177,0.318093646857188,0.671322947819095,0.895175682457819,0.895175682457819,"plaq_d"
"3835","KLKB1","Exc L6 CT",0.0576496342589082,3.19932468121902,1.30667441050655,0.253782982276327,0.601491572744485,0.601491572744485,"plaq_d"
"3836","F11-AS1","Exc L6 CT",0.0165028387604109,4.14033940923717,0.0514389303216573,0.820711172429007,0.963631282552026,0.963631282552026,"plaq_d"
"3837","AC018709.1","Exc L6 CT",0.0843751465473515,3.17406906627679,1.18193740273344,0.277713922249493,0.62606736210966,0.62606736210966,"plaq_d"
"3838","LINC01060","Exc L6 CT",0.291630412257543,3.58303044905753,7.20247601164073,0.00762804434204004,0.0979411774782823,0.0979411774782823,"plaq_d"
"3839","FRG1-DT","Exc L6 CT",0.0219131312894908,5.49463427212384,0.449972807106032,0.502792568807058,0.804996250058273,0.804996250058273,"plaq_d"
"3840","FRG1","Exc L6 CT",-0.0370711636268304,3.96838394154806,1.39416989801274,0.238508083975385,0.583368747313512,0.583368747313512,"plaq_d"
"3841","PLEKHG4B","Exc L6 CT",-0.1986927876106,1.58199963697051,2.33782699143255,0.127173491444921,0.434982189687117,0.434982189687117,"plaq_d"
"3842","CCDC127","Exc L6 CT",0.0505532027041803,3.4472471583083,2.16365702246928,0.16239653986341,0.48708911624913,0.48708911624913,"plaq_d"
"3843","SDHA","Exc L6 CT",-0.0065111056474061,5.60073463805354,0.143572354408134,0.771136798713185,0.943332471318999,0.943332471318999,"plaq_d"
"3844","PDCD6","Exc L6 CT",-0.0436670278034699,5.09721996516806,3.90695640372643,0.0488753238481874,0.269685382184172,0.269685382184172,"plaq_d"
"3845","AHRR","Exc L6 CT",-0.00776065419753411,3.7906439286973,0.0339637795328995,0.853891165847766,0.974774991357929,0.974774991357929,"plaq_d"
"3846","EXOC3-AS1","Exc L6 CT",-0.0484722487121458,2.91243462423424,1.05764405643678,0.304466995937247,0.650023264646687,0.650023264646687,"plaq_d"
"3847","EXOC3","Exc L6 CT",0.0138606359849096,4.9978523098391,0.462576601133863,0.496874196357322,0.801456686919888,0.801456686919888,"plaq_d"
"3848","SLC9A3","Exc L6 CT",-0.0764080305586764,2.51101900201829,1.73791087825682,0.188270274277348,0.521434876041272,0.521434876041272,"plaq_d"
"3849","CEP72","Exc L6 CT",-0.0614290870670302,2.7712412089149,1.58927302504482,0.285292003472364,0.632428063556666,0.632428063556666,"plaq_d"
"3850","TPPP","Exc L6 CT",0.0580190924905739,6.87482071486362,15.3842876909538,0.000105670272065403,0.00650097964381853,0.00650097964381853,"plaq_d"
"3851","ZDHHC11B","Exc L6 CT",-0.0160750755427138,6.63417279790426,0.174722475306133,0.67620610847173,0.896032875442026,0.896032875442026,"plaq_d"
"3852","ZDHHC11","Exc L6 CT",-0.0722234421820914,4.89022916461184,1.3374754384976,0.248272502896889,0.595031976106391,0.595031976106391,"plaq_d"
"3853","BRD9","Exc L6 CT",-0.074817580843244,4.87203726663711,10.3512834691185,0.00141526101490903,0.0350495080900619,0.0350495080900619,"plaq_d"
"3854","NKD2","Exc L6 CT",-0.0104955970146352,2.77879993357966,0.0423766004455327,0.908755331165186,0.989478998057174,0.989478998057174,"plaq_d"
"3855","CLPTM1L","Exc L6 CT",0.0315414698298434,4.32416389109181,1.65592885565805,0.199008732964594,0.534302446803114,0.534302446803114,"plaq_d"
"3856","LPCAT1","Exc L6 CT",-0.00102225487570471,4.96853918421333,0.00232201375517586,0.961594616127428,0.998742420766286,0.998742420766286,"plaq_d"
"3857","MRPL36","Exc L6 CT",0.0170006830718033,2.81610383266994,0.122024935957398,0.727059736498145,0.921240819117375,0.921240819117375,"plaq_d"
"3858","NDUFS6","Exc L6 CT",-0.0620476312946705,3.81922596559381,3.87788787098912,0.074875269990549,0.335795759122724,0.335795759122724,"plaq_d"
"3859","AC126768.2","Exc L6 CT",-0.0564646155631783,3.83811052268957,2.47931680160703,0.116260477766971,0.416858241079283,0.416858241079283,"plaq_d"
"3860","AC106799.2","Exc L6 CT",0.0172982966617357,2.06680361192344,0.0589689620914235,0.808276003678138,0.958156274965594,0.958156274965594,"plaq_d"
"3861","ADAMTS16","Exc L6 CT",-0.262002359821491,1.76797150990544,4.42103431575046,0.0362159877907827,0.231140950733835,0.231140950733835,"plaq_d"
"3862","ICE1","Exc L6 CT",-0.000753152824518156,6.19900026595006,0.00225339902149354,0.976517210690577,0.999093977007575,0.999093977007575,"plaq_d"
"3863","LINC02145","Exc L6 CT",-0.0514558461593536,2.95261743203792,1.07237336304746,0.301128618082325,0.647846439885273,0.647846439885273,"plaq_d"
"3864","MED10","Exc L6 CT",-0.023507423872287,5.04122647456268,0.952727077163809,0.329703741720589,0.674087531074569,0.674087531074569,"plaq_d"
"3865","UBE2QL1","Exc L6 CT",0.00607202311218303,6.20873601704169,0.116287018864615,0.733302609132175,0.925208094747309,0.925208094747309,"plaq_d"
"3866","LINC01018","Exc L6 CT",0.0559015901863437,2.08227613054468,0.61097970327386,0.434950335758972,0.75839219974557,0.75839219974557,"plaq_d"
"3867","NSUN2","Exc L6 CT",-0.0328845600749407,4.96680659217084,1.22972629248236,0.268225604244001,0.616144215525233,0.616144215525233,"plaq_d"
"3868","SRD5A1","Exc L6 CT",0.0101964359252362,4.86377146464962,0.222918535191291,0.855219677324566,0.974800354737319,0.974800354737319,"plaq_d"
"3869","LINC02102","Exc L6 CT",0.05634877069886,2.51883344372484,0.902587379690717,0.342747829873075,0.686990017733888,0.686990017733888,"plaq_d"
"3870","TENT4A","Exc L6 CT",-0.020090069918763,5.79983389745088,1.59030295218805,0.226764973314143,0.568485482330756,0.568485482330756,"plaq_d"
"3871","LINC02236","Exc L6 CT",0.041407200569611,3.24411730445188,0.744769722203479,0.388731255228592,0.722919887895681,0.722919887895681,"plaq_d"
"3872","LINC02196","Exc L6 CT",0.0485391906228404,3.17888456115059,0.613892298606011,0.433858656787013,0.757698516826922,0.757698516826922,"plaq_d"
"3873","ADCY2","Exc L6 CT",0.0144264541977181,8.76128464990422,1.30207524506911,0.254618686050863,0.602183440839203,0.602183440839203,"plaq_d"
"3874","C5orf49","Exc L6 CT",-0.0235602077454321,3.47313445777995,0.398265383854469,0.534124719237624,0.822265896009107,0.822265896009107,"plaq_d"
"3875","MTRR","Exc L6 CT",0.0324234932916895,4.88369952966209,2.16773485405369,0.141836971511458,0.457821758268822,0.457821758268822,"plaq_d"
"3876","FASTKD3","Exc L6 CT",0.0267242220239199,2.86722882751987,0.354412486539915,0.552012606438611,0.832733258125352,0.832733258125352,"plaq_d"
"3877","MIR4458HG","Exc L6 CT",-0.0329257050920021,2.58347904345924,0.315457565294558,0.574711679206668,0.847178920116648,0.847178920116648,"plaq_d"
"3878","AC021088.1","Exc L6 CT",0.0268659442535686,2.01442036639615,0.160600146157465,0.688850363514844,0.903034674398867,0.903034674398867,"plaq_d"
"3879","SEMA5A","Exc L6 CT",-0.0130994846939043,8.20535286892744,0.258775628846336,0.611284728823819,0.867513304036642,0.867513304036642,"plaq_d"
"3880","TAS2R1","Exc L6 CT",-0.021512230857935,1.96736320191603,0.0619860065100287,0.803530861871832,0.956581456216695,0.956581456216695,"plaq_d"
"3881","LINC02112","Exc L6 CT",0.002767227862259,4.55542573088529,0.00371295376327533,0.951446721618388,0.99802142424354,0.99802142424354,"plaq_d"
"3882","FAM173B","Exc L6 CT",-0.0175493331723181,5.24568099713009,0.724980094000121,0.401999219796412,0.734489375694833,0.734489375694833,"plaq_d"
"3883","CCT5","Exc L6 CT",0.00370306138593719,4.706208660779,0.0252985803992669,0.916941704249775,0.991054023610344,0.991054023610344,"plaq_d"
"3884","CMBL","Exc L6 CT",0.025221890732362,3.83021572257655,0.548797404152788,0.459308764136538,0.775898728996668,0.775898728996668,"plaq_d"
"3885","MARCH6","Exc L6 CT",0.0434279921394923,7.6384460870251,24.0993386870558,1.40874199959008e-06,0.000354794168834941,0.000354794168834941,"plaq_d"
"3886","ROPN1L","Exc L6 CT",0.0609506268323102,3.43785029229692,2.2590775062788,0.133739558666863,0.445984407358851,0.445984407358851,"plaq_d"
"3887","ANKRD33B","Exc L6 CT",0.00026485257739293,7.22564134538609,0.000262895014603653,0.987072922948496,0.999571689696322,0.999571689696322,"plaq_d"
"3888","DAP","Exc L6 CT",-0.0268571336989144,3.45425203259524,0.399540188000809,0.527741620541289,0.818249913461131,0.818249913461131,"plaq_d"
"3889","CTNND2","Exc L6 CT",0.0213995176109678,10.3152707743131,4.98797159786857,0.0261589094082148,0.193762430445131,0.193762430445131,"plaq_d"
"3890","LINC01194","Exc L6 CT",-0.0448323243804037,4.83377732620391,0.0746346996819225,0.784866422687065,0.949623488583821,0.949623488583821,"plaq_d"
"3891","LINC02220","Exc L6 CT",0.150788922069255,2.435604541208,3.06958012639241,0.080650354680877,0.349080729400452,0.349080729400452,"plaq_d"
"3892","DNAH5","Exc L6 CT",-0.130887143573053,3.38125671930753,7.60151134473551,0.00613930096177587,0.0876799371485371,0.0876799371485371,"plaq_d"
"3893","TRIO","Exc L6 CT",0.0216349268338467,9.18972975304597,6.39208235790694,0.0119044560301063,0.127133938434281,0.127133938434281,"plaq_d"
"3894","OTULINL","Exc L6 CT",0.00491877256778679,3.49551663692965,0.0163858318063498,0.898217208273191,0.986539374335313,0.986539374335313,"plaq_d"
"3895","OTULIN","Exc L6 CT",-0.0259146126946274,4.19346488342038,0.693730651971998,0.405469267074436,0.737477646090155,0.737477646090155,"plaq_d"
"3896","ANKH","Exc L6 CT",0.0274147689093768,7.88012954536156,7.22641813670588,0.00752904756094701,0.0973391280632422,0.0973391280632422,"plaq_d"
"3897","MARCH11","Exc L6 CT",-0.00684000015618067,5.45217628349989,0.103575632065153,0.747773329737752,0.932417297693171,0.932417297693171,"plaq_d"
"3898","LINC02150","Exc L6 CT",-0.0603266128674073,3.57189224241936,1.03790420431182,0.309016731890157,0.653341881669952,0.653341881669952,"plaq_d"
"3899","ZNF622","Exc L6 CT",0.012682185847052,3.06728866199567,0.09175938855638,0.762133150219363,0.939355208095715,0.939355208095715,"plaq_d"
"3900","RETREG1","Exc L6 CT",0.0272747450020921,8.09452654500158,4.67103000868668,0.0313567195567681,0.213804846119944,0.213804846119944,"plaq_d"
"3901","MYO10","Exc L6 CT",0.0518933929923062,2.62624842255379,0.726952452236671,0.394458882944954,0.727685826575752,0.727685826575752,"plaq_d"
"3902","BASP1","Exc L6 CT",0.0190500011913373,8.78713689564827,4.16670448709379,0.0419794239045062,0.248600934757574,0.248600934757574,"plaq_d"
"3903","AC026790.1","Exc L6 CT",0.012938665142239,2.39183867156373,0.0426480986171601,0.83651000797398,0.96822641095276,0.96822641095276,"plaq_d"
"3904","BASP1-AS1","Exc L6 CT",0.0212420947223411,8.22674703240278,2.36242994578222,0.125196630467771,0.432073420444478,0.432073420444478,"plaq_d"
"3905","LINC02217","Exc L6 CT",0.00337421640464871,6.89041973318471,0.0245775835595693,0.875515090153833,0.980871939083411,0.980871939083411,"plaq_d"
"3906","LINC02218","Exc L6 CT",-0.102625363171239,2.3107562390823,1.86262079708961,0.173203889114321,0.500878950074416,0.500878950074416,"plaq_d"
"3907","LINC02223","Exc L6 CT",0.0187722610798066,7.63634801949841,0.507506863169101,0.476697192335741,0.788887548093497,0.788887548093497,"plaq_d"
"3908","CDH18","Exc L6 CT",0.0384465428720998,10.7574529069088,12.4004924683046,0.000486332589573237,0.017333961519136,0.017333961519136,"plaq_d"
"3909","CDH18-AS1","Exc L6 CT",-0.0410323931577149,1.86674287938626,0.268273892840118,0.604820948179116,0.863019364653241,0.863019364653241,"plaq_d"
"3910","LINC02241","Exc L6 CT",-0.00750769698174601,5.28475280192749,0.112653923926562,0.737344818476947,0.927706345638361,0.927706345638361,"plaq_d"
"3911","AC091946.1","Exc L6 CT",5.10906528924779e-06,4.36919059174897,3.61967254463088e-10,0.999984830792669,0.999984830792669,0.999984830792669,"plaq_d"
"3912","CDH12","Exc L6 CT",0.0414036566932484,7.84139115825192,1.06068588568286,0.303773655822331,0.649486120940836,0.649486120940836,"plaq_d"
"3913","C5orf17","Exc L6 CT",0.353237854245973,3.52457687456012,11.0622269331199,0.000974945624886382,0.0272002271625278,0.0272002271625278,"plaq_d"
"3914","CDH10","Exc L6 CT",0.0791286881809124,6.99137879359527,7.54385507042137,0.00633446785402135,0.0891407617072252,0.0891407617072252,"plaq_d"
"3915","AC091885.2","Exc L6 CT",-0.00411805875547306,2.93493011259208,0.00301766109148903,0.956223153967064,0.998742420766286,0.998742420766286,"plaq_d"
"3916","CDH9","Exc L6 CT",0.0466338094909266,6.20275141802723,2.0787011280073,0.150266006653344,0.470491266332186,0.470491266332186,"plaq_d"
"3917","AC113386.1","Exc L6 CT",0.0503859002413062,3.63179015470329,1.42309224800067,0.233707345054471,0.578933347099549,0.578933347099549,"plaq_d"
"3918","CDH6","Exc L6 CT",0.0848364037415184,7.21101020751755,21.0044228936015,6.39510884155221e-06,0.000998486767768864,0.000998486767768864,"plaq_d"
"3919","DROSHA","Exc L6 CT",-0.00547928184065558,6.0094936649386,0.150914922094436,0.939688437836056,0.996593100861048,0.996593100861048,"plaq_d"
"3920","C5orf22","Exc L6 CT",-0.00176929563222472,4.51727557466545,0.00579982316885898,0.962582967875441,0.998742420766286,0.998742420766286,"plaq_d"
"3921","PDZD2","Exc L6 CT",0.0101202031065393,8.11701115949576,0.160599619043226,0.688850847313294,0.903034674398867,0.903034674398867,"plaq_d"
"3922","AC025178.1","Exc L6 CT",0.00431847538020987,3.19403322157662,0.00955984555612684,0.922167643312631,0.992627684679289,0.992627684679289,"plaq_d"
"3923","GOLPH3","Exc L6 CT",0.0278922024649836,6.003724226183,3.36026827876652,0.06764079269328,0.318742013621099,0.318742013621099,"plaq_d"
"3924","MTMR12","Exc L6 CT",-0.019266237110744,6.42889414255504,1.58484155693198,0.257447086457965,0.60470031924439,0.60470031924439,"plaq_d"
"3925","ZFR","Exc L6 CT",0.0321937718389848,7.04739268736656,8.30423407097332,0.00420059228425722,0.0698287835152043,0.0698287835152043,"plaq_d"
"3926","SUB1","Exc L6 CT",0.0117477345154271,6.00113970599373,0.576315734989559,0.448273676380827,0.769196190866025,0.769196190866025,"plaq_d"
"3927","AC010343.3","Exc L6 CT",0.0649156487546296,2.12853849773764,0.458118939366312,0.498953797130464,0.802832107241552,0.802832107241552,"plaq_d"
"3928","TARS","Exc L6 CT",-0.0231969620357883,3.98793085469576,0.546873771328144,0.460096148295778,0.776302767370572,0.776302767370572,"plaq_d"
"3929","ADAMTS12","Exc L6 CT",0.0461941811875077,2.06435413786715,0.264875359685777,0.607116848502233,0.864116890789822,0.864116890789822,"plaq_d"
"3930","SLC45A2","Exc L6 CT",0.0798372449694358,2.62510182536811,1.95354951894841,0.16309468835321,0.488232716475943,0.488232716475943,"plaq_d"
"3931","C1QTNF3-AMACR","Exc L6 CT",0.0396199658090327,5.61342455993507,4.19235588013675,0.0413565650086566,0.246938660250776,0.246938660250776,"plaq_d"
"3932","RAI14","Exc L6 CT",-0.000724934447975598,2.90309516303755,0.000173612545632799,0.989494754752535,0.999571689696322,0.999571689696322,"plaq_d"
"3933","TTC23L","Exc L6 CT",0.00790761576157063,4.1171592675195,0.0562601577091562,0.812647148839968,0.959497404175507,0.959497404175507,"plaq_d"
"3934","RAD1","Exc L6 CT",-0.0168045855320588,3.52208985340801,0.229087792551405,0.632501445136604,0.877299431947833,0.877299431947833,"plaq_d"
"3935","BRIX1","Exc L6 CT",0.0484495453460345,3.68732332512832,2.65022075814904,0.104439976599728,0.396916025113433,0.396916025113433,"plaq_d"
"3936","DNAJC21","Exc L6 CT",0.0376944852416695,5.00285933423497,2.84183301267917,0.0927352284224481,0.374976462343744,0.374976462343744,"plaq_d"
"3937","SPEF2","Exc L6 CT",0.018423311092294,6.1472407096953,0.901601597338414,0.343011194496543,0.687167987193464,0.687167987193464,"plaq_d"
"3938","AC137810.1","Exc L6 CT",0.00156118595087469,1.77596148506831,0.00173659455912901,0.966783687447149,0.998742420766286,0.998742420766286,"plaq_d"
"3939","LMBRD2","Exc L6 CT",0.050626097581066,6.71725140634104,14.007806065926,0.000212891648365722,0.0103891124402472,0.0103891124402472,"plaq_d"
"3940","SKP2","Exc L6 CT",6.36860986292685e-05,4.97581654951275,1.2018346105954e-05,0.997235925614323,0.999906738276838,0.999906738276838,"plaq_d"
"3941","NADK2","Exc L6 CT",0.0143140929716807,4.98581752570977,0.547586490017148,0.527747321928772,0.818249913461131,0.818249913461131,"plaq_d"
"3942","NIPBL","Exc L6 CT",0.0340204200798596,7.5548475805033,11.8838807104983,0.000635548740188334,0.0211790732957205,0.0211790732957205,"plaq_d"
"3943","CPLANE1","Exc L6 CT",-0.000342888657556451,7.56768943804557,0.00125573426046235,0.971752112769953,0.998953400131122,0.998953400131122,"plaq_d"
"3944","NUP155","Exc L6 CT",-0.00674167433884209,4.40226354789298,0.0763899671158643,0.782414551141916,0.948441504880048,0.948441504880048,"plaq_d"
"3945","WDR70","Exc L6 CT",0.00167806000751397,7.78694320498314,0.0374100775899178,0.846745296398345,0.971364821464102,0.971364821464102,"plaq_d"
"3946","LIFR","Exc L6 CT",0.0694886876511439,5.84417265292128,13.0774226372602,0.000343032571137114,0.0141498478340685,0.0141498478340685,"plaq_d"
"3947","LIFR-AS1","Exc L6 CT",-0.0214213348418406,4.05058190981746,0.44308530945913,0.50607775911606,0.806269943083296,0.806269943083296,"plaq_d"
"3948","RICTOR","Exc L6 CT",0.0362955824869103,7.54170163114937,12.1458891284277,0.000554817476482437,0.0193862922122358,0.0193862922122358,"plaq_d"
"3949","TTC33","Exc L6 CT",0.0596529091082247,5.45716907199232,10.9736015845617,0.00102117796090986,0.0279723920918317,0.0279723920918317,"plaq_d"
"3950","PRKAA1","Exc L6 CT",-0.00653611629865616,4.85925726051701,0.0778510108561748,0.903730950156286,0.988866077753987,0.988866077753987,"plaq_d"
"3951","RPL37","Exc L6 CT",-0.0302229706811548,5.7460764984928,2.10989639603558,0.147249751402571,0.465584761957261,0.465584761957261,"plaq_d"
"3952","PLCXD3","Exc L6 CT",0.134029952923685,3.71150573409188,2.63681760344628,0.105317398822234,0.39808433319174,0.39808433319174,"plaq_d"
"3953","OXCT1","Exc L6 CT",0.014732414195765,6.5276974637441,1.2394026639064,0.266354150283966,0.61341134978211,0.61341134978211,"plaq_d"
"3954","C5orf51","Exc L6 CT",0.0375992440286354,4.09065558535728,1.80116132992023,0.180446604778968,0.51078743850377,0.51078743850377,"plaq_d"
"3955","FBXO4","Exc L6 CT",-0.0810169605633371,3.77593389360858,5.9034587653135,0.01561618715879,0.147970318363804,0.147970318363804,"plaq_d"
"3956","GHR","Exc L6 CT",0.0875625630980773,7.92819109919601,14.7875851413759,0.000143054819617251,0.00792083532003826,0.00792083532003826,"plaq_d"
"3957","CCDC152","Exc L6 CT",-0.078284090912461,3.29945156424084,2.27301833239504,0.132550032557398,0.44448876512842,0.44448876512842,"plaq_d"
"3958","ZNF131","Exc L6 CT",0.00607245800868331,6.95955665765442,0.232346392463799,0.630092284519647,0.876683500163605,0.876683500163605,"plaq_d"
"3959","NIM1K","Exc L6 CT",0.0111969872482952,6.23698929769554,0.404618555464838,0.525131511321703,0.817207495258297,0.817207495258297,"plaq_d"
"3960","HMGCS1","Exc L6 CT",0.00868560613012656,4.81066643963522,0.107558047188691,0.743138691167304,0.930317500415667,0.930317500415667,"plaq_d"
"3961","TMEM267","Exc L6 CT",-0.0420032452674751,4.95247811010115,3.46763954635606,0.0634227175301821,0.309646428475413,0.309646428475413,"plaq_d"
"3962","C5orf34","Exc L6 CT",0.0832941075604283,3.480542694432,4.17145629348476,0.0418632990832124,0.248214190116114,0.248214190116114,"plaq_d"
"3963","PAIP1","Exc L6 CT",0.0338438703935773,5.22190236567607,3.07029974546589,0.0806149938522852,0.349080729400452,0.349080729400452,"plaq_d"
"3964","NNT-AS1","Exc L6 CT",0.0423597439412131,5.55427350531268,5.61811569425943,0.0183200069134133,0.159839284560907,0.159839284560907,"plaq_d"
"3965","NNT","Exc L6 CT",0.0231407667199682,6.83004779032737,3.26641772032839,0.0715748261335554,0.327628361532167,0.327628361532167,"plaq_d"
"3966","FGF10","Exc L6 CT",0.108801351792284,1.8594623385764,1.80989958344178,0.179395743250134,0.509988372794022,0.509988372794022,"plaq_d"
"3967","MRPS30-DT","Exc L6 CT",0.0179267413527937,6.52909439062808,1.01828582385491,0.313626675224035,0.657879462090935,0.657879462090935,"plaq_d"
"3968","MRPS30","Exc L6 CT",0.0479581263753066,4.79833890508217,4.08784810294134,0.0439570043985495,0.255782148472724,0.255782148472724,"plaq_d"
"3969","AC093297.2","Exc L6 CT",0.050362537520214,4.37766261664288,3.8065072788663,0.051855527933829,0.280538211249681,0.280538211249681,"plaq_d"
"3970","HCN1","Exc L6 CT",0.0421284334207859,8.95206488366413,11.095462369223,0.000958161613688218,0.0270464599816776,0.0270464599816776,"plaq_d"
"3971","EMB","Exc L6 CT",0.0541567775321014,5.71696885767787,6.65229437033864,0.0103124765878922,0.117544269959854,0.117544269959854,"plaq_d"
"3972","PARP8","Exc L6 CT",0.060363299964983,7.84848470353064,20.8852961644393,6.78136079040256e-06,0.00101236286193717,0.00101236286193717,"plaq_d"
"3973","AC022126.1","Exc L6 CT",0.0356435620497642,3.02831393678678,0.354925882280952,0.551724905346245,0.832621312811235,0.832621312811235,"plaq_d"
"3974","ITGA1","Exc L6 CT",0.157314546690907,2.347216437841,6.52165576553681,0.0110822774396239,0.122291481097255,0.122291481097255,"plaq_d"
"3975","MOCS2","Exc L6 CT",0.0433116524346688,4.39165834712938,2.69318185420959,0.10168130659882,0.3912868457088,0.3912868457088,"plaq_d"
"3976","AC008966.1","Exc L6 CT",0.0349724772502581,2.35531896864938,0.352915284331293,0.649449468682112,0.884509348793741,0.884509348793741,"plaq_d"
"3977","NDUFS4","Exc L6 CT",-0.00364875413339838,5.86208429492866,0.0517648924496359,0.91661703785875,0.990955404260008,0.990955404260008,"plaq_d"
"3978","ARL15","Exc L6 CT",0.0407067880531421,9.1413489096971,3.95706399280411,0.0474571320646586,0.26604083847462,0.26604083847462,"plaq_d"
"3979","LINC01033","Exc L6 CT",-0.0446677750878459,2.1125820610482,0.252650108555332,0.615532957182439,0.869428223272997,0.869428223272997,"plaq_d"
"3980","SNX18","Exc L6 CT",0.0527764661997713,3.29143582607293,1.79901527486388,0.18070578107111,0.51078743850377,0.51078743850377,"plaq_d"
"3981","AC026704.1","Exc L6 CT",-0.133979713175182,2.40989258814723,4.73035491420923,0.0303072899779823,0.20955991667773,0.20955991667773,"plaq_d"
"3982","DHX29","Exc L6 CT",-0.0183285661030705,5.7505447607897,1.56924256028694,0.211157694831154,0.548705085702039,0.548705085702039,"plaq_d"
"3983","MTREX","Exc L6 CT",-0.00174828299732599,6.18983063994443,0.0141596816571891,0.905348365081911,0.989037303307553,0.989037303307553,"plaq_d"
"3984","PLPP1","Exc L6 CT",-0.0241681312592741,6.62235814918162,2.79209809145522,0.0956286205628863,0.380766773134039,0.380766773134039,"plaq_d"
"3985","SLC38A9","Exc L6 CT",-0.0335694730516353,6.04628437592495,4.37179831887772,0.0372629511022351,0.233943815983902,0.233943815983902,"plaq_d"
"3986","DDX4","Exc L6 CT",-0.0235844309683404,2.36954537850099,0.139977314824711,0.708531289581244,0.911897226981382,0.911897226981382,"plaq_d"
"3987","IL6ST","Exc L6 CT",0.0765707219456645,5.27527045233918,13.439186382705,0.000284852891933847,0.0125789639026984,0.0125789639026984,"plaq_d"
"3988","AC008892.1","Exc L6 CT",-0.152970684622517,1.86905087628517,3.74131110856643,0.053892720812979,0.285622757041732,0.285622757041732,"plaq_d"
"3989","MAP3K1","Exc L6 CT",0.0166365744784177,3.68059630869273,0.228090621433576,0.633242886215827,0.877767141786983,0.877767141786983,"plaq_d"
"3990","MIER3","Exc L6 CT",0.0201761616287217,3.71849363572809,0.373818552920839,0.614827355170495,0.869428223272997,0.869428223272997,"plaq_d"
"3991","GPBP1","Exc L6 CT",-0.0106453344426162,6.85238774784459,0.776005170394785,0.594611385552365,0.858178359055309,0.858178359055309,"plaq_d"
"3992","AC008780.2","Exc L6 CT",-4.33621408764425e-05,2.00689730048098,1.23573113108776e-05,0.997197217854024,0.999906738276838,0.999906738276838,"plaq_d"
"3993","PLK2","Exc L6 CT",0.0441388418467872,5.30213315113313,3.60194972095671,0.0585387011992546,0.298837993781727,0.298837993781727,"plaq_d"
"3994","RAB3C","Exc L6 CT",0.0163135117617599,6.10358731175094,0.88897332045947,0.346409393616228,0.690707705055293,0.690707705055293,"plaq_d"
"3995","PDE4D","Exc L6 CT",0.0441003287839516,11.8532726727419,17.7224622288254,3.25722525577799e-05,0.0029316201068036,0.0029316201068036,"plaq_d"
"3996","AC092343.1","Exc L6 CT",0.0182152355779848,2.31212368167111,0.100095168091522,0.75190503613961,0.934665178264498,0.934665178264498,"plaq_d"
"3997","PART1","Exc L6 CT",0.0393984357647126,6.98607040626235,4.37054158037427,0.037290087757897,0.233943815983902,0.233943815983902,"plaq_d"
"3998","DEPDC1B","Exc L6 CT",-0.0264978136922591,2.54825400177767,0.181171890518716,0.670631025256758,0.894840760054418,0.894840760054418,"plaq_d"
"3999","ELOVL7","Exc L6 CT",-0.00318510479333907,4.85397298508326,0.0153353703616249,0.901516531322981,0.987839243790961,0.987839243790961,"plaq_d"
"4000","ERCC8","Exc L6 CT",0.00653703708821668,5.84223964287238,0.148589987166843,0.890307303711636,0.984904368079323,0.984904368079323,"plaq_d"
"4001","NDUFAF2","Exc L6 CT",0.00505824320554372,6.3059483649662,0.110175250679896,0.740144410683449,0.928661774628954,0.928661774628954,"plaq_d"
"4002","SMIM15","Exc L6 CT",0.0173808051218528,2.57751538654704,0.106636784862852,0.744202280647524,0.931045105779244,0.931045105779244,"plaq_d"
"4003","SMIM15-AS1","Exc L6 CT",-0.00114262785729343,3.39964232201814,0.000751084487962078,0.978151676222679,0.999252876163901,0.999252876163901,"plaq_d"
"4004","ZSWIM6","Exc L6 CT",0.0250004212549815,7.1552512478727,2.57543227639724,0.109441012847232,0.406898972352468,0.406898972352468,"plaq_d"
"4005","KIF2A","Exc L6 CT",0.0043997034110233,6.43446581742753,0.12875977215937,0.832930822982967,0.96728960782902,0.96728960782902,"plaq_d"
"4006","DIMT1","Exc L6 CT",0.00527233385223319,4.04543344168967,0.0362990865737609,0.984540816061388,0.999571689696322,0.999571689696322,"plaq_d"
"4007","IPO11","Exc L6 CT",0.0149230311725131,5.82035339626502,0.864234460442082,0.353200448692509,0.696244510389889,0.696244510389889,"plaq_d"
"4008","RNF180","Exc L6 CT",0.00338187195831837,6.8248043295203,0.0760792029680152,0.893243598215679,0.985595335141122,0.985595335141122,"plaq_d"
"4009","RGS7BP","Exc L6 CT",-0.00856072863972987,7.2656287035478,0.394295009682452,0.530461963058673,0.819722028788392,0.819722028788392,"plaq_d"
"4010","SREK1IP1","Exc L6 CT",-0.00873550426128625,5.36288152992363,0.237253252507064,0.721471270525777,0.918610738297281,0.918610738297281,"plaq_d"
"4011","CWC27","Exc L6 CT",0.0069446504486696,6.9566543113148,0.392716461759986,0.825214880577088,0.963985585882276,0.963985585882276,"plaq_d"
"4012","ADAMTS6","Exc L6 CT",0.0915423581690627,1.48156104696716,0.656270790601515,0.418432882327885,0.746439431003449,0.746439431003449,"plaq_d"
"4013","PPWD1","Exc L6 CT",-0.0400789613224965,5.23945791675007,4.37378967407712,0.0372199944720508,0.233943815983902,0.233943815983902,"plaq_d"
"4014","TRIM23","Exc L6 CT",0.0226271687870671,5.87683553487305,2.21241362471304,0.13780931715532,0.452162527924466,0.452162527924466,"plaq_d"
"4015","TRAPPC13","Exc L6 CT",-0.0283737444197001,5.61720795682951,2.44686381438725,0.1186682902322,0.420775543394768,0.420775543394768,"plaq_d"
"4016","SGTB","Exc L6 CT",0.050018156714821,5.7742382249127,8.82282052278285,0.00318137023265495,0.0590642221487932,0.0590642221487932,"plaq_d"
"4017","NLN","Exc L6 CT",-0.0318346283094385,5.9378957464382,3.27817233489289,0.0710688864962521,0.326975931607557,0.326975931607557,"plaq_d"
"4018","ERBIN","Exc L6 CT",0.00795795895875607,5.89656150781633,0.183733195510058,0.668449475251017,0.894234638511099,0.894234638511099,"plaq_d"
"4019","SREK1","Exc L6 CT",0.0297269443677053,6.33644570079154,4.87225431454907,0.0279435640167505,0.200436246928321,0.200436246928321,"plaq_d"
"4020","MAST4","Exc L6 CT",0.0104494737370924,8.62186783756926,0.69979406459498,0.403426627361568,0.735913379054288,0.735913379054288,"plaq_d"
"4021","AC112206.2","Exc L6 CT",0.00330272701432821,2.42603008064975,0.00275766593447957,0.958149665821034,0.998742420766286,0.998742420766286,"plaq_d"
"4022","AC106798.1","Exc L6 CT",0.00914001230033429,1.96873306831051,0.0194215455428385,0.889245297055198,0.984885804024413,0.984885804024413,"plaq_d"
"4023","PIK3R1","Exc L6 CT",0.0141608554128183,7.78135306046908,1.27535949831167,0.259541050570748,0.606634969647937,0.606634969647937,"plaq_d"
"4024","AC010280.2","Exc L6 CT",-0.122813890326133,2.30349625575191,3.33997984489797,0.0684711168118815,0.320764789334151,0.320764789334151,"plaq_d"
"4025","AC093523.1","Exc L6 CT",0.0352783016813272,6.84537040463142,1.91174719870022,0.167655412735254,0.494178403303997,0.494178403303997,"plaq_d"
"4026","LINC02198","Exc L6 CT",0.0115146367890797,4.96583473495274,0.141773964332932,0.70675311791587,0.91093185519221,0.91093185519221,"plaq_d"
"4027","SLC30A5","Exc L6 CT",-0.0154856054329192,5.14937702987131,0.584339263269042,0.445134196336829,0.766617046353032,0.766617046353032,"plaq_d"
"4028","CCNB1","Exc L6 CT",-0.0258172134374974,2.27025150373039,0.159387498732464,0.689965808278566,0.903531715354785,0.903531715354785,"plaq_d"
"4029","CENPH","Exc L6 CT",0.132298933240034,2.19822813949431,4.74566644035116,0.0300424542535099,0.208329080651989,0.208329080651989,"plaq_d"
"4030","MRPS36","Exc L6 CT",0.0127261843443174,4.49124908701843,0.257922071412242,0.611872878572959,0.867920185233651,0.867920185233651,"plaq_d"
"4031","CDK7","Exc L6 CT",-0.0606260588974397,4.38532287739204,5.32952049823178,0.0215523663666913,0.174373282664972,0.174373282664972,"plaq_d"
"4032","CCDC125","Exc L6 CT",-0.0243528823963429,4.90617543093939,0.816583617680079,0.366805676650418,0.70701334305741,0.70701334305741,"plaq_d"
"4033","AK6","Exc L6 CT",-0.0073489586887144,4.0824564020028,0.0613967005147088,0.858708720206168,0.975511864529127,0.975511864529127,"plaq_d"
"4034","RAD17","Exc L6 CT",-0.00333934705672152,4.75782437762534,0.0224761392758429,0.880914184593656,0.983072914838006,0.983072914838006,"plaq_d"
"4035","OCLN","Exc L6 CT",-0.0437165323147607,2.91945210387869,0.583731817753585,0.445370682960081,0.766840850603196,0.766840850603196,"plaq_d"
"4036","GTF2H2C","Exc L6 CT",-0.0566103972429491,5.1461077912057,3.02196848118519,0.0830276656491746,0.353560823418939,0.353560823418939,"plaq_d"
"4037","SMN2","Exc L6 CT",-0.0249627897501919,2.16988673267955,0.102953308714043,0.748506415448911,0.932916801537149,0.932916801537149,"plaq_d"
"4038","NAIP","Exc L6 CT",-0.0605579638199717,5.28732526574379,3.89973969243112,0.049083251876202,0.270314649582939,0.270314649582939,"plaq_d"
"4039","GTF2H2","Exc L6 CT",-0.070245911773464,4.96817785031371,3.11246438731287,0.0785721087311897,0.344434859102986,0.344434859102986,"plaq_d"
"4040","LINC02197","Exc L6 CT",0.192318041488246,1.66527065565282,2.53832663413099,0.112019812261887,0.41002726095147,0.41002726095147,"plaq_d"
"4041","BDP1","Exc L6 CT",-0.0165420900398661,7.48199127407836,1.8729765774428,0.172016884575319,0.499066980448564,0.499066980448564,"plaq_d"
"4042","MCCC2","Exc L6 CT",-0.0401985876316699,5.34935974609584,3.30809732875987,0.0697981475309157,0.323820216517906,0.323820216517906,"plaq_d"
"4043","MAP1B","Exc L6 CT",0.0757019046037287,9.83180511575659,40.3683975916336,6.58295992907184e-10,1.05298101265465e-06,1.05298101265465e-06,"plaq_d"
"4044","MRPS27","Exc L6 CT",0.0470284015605997,5.77814375566458,7.33916110069615,0.00708031027133409,0.0941164789160901,0.0941164789160901,"plaq_d"
"4045","PTCD2","Exc L6 CT",0.0371446275104555,3.97218523352197,1.35909329088748,0.281801156869164,0.627848623274301,0.627848623274301,"plaq_d"
"4046","AC063979.2","Exc L6 CT",-0.0653849104488384,2.24516452814925,0.681518017204826,0.409629733652821,0.741112183695615,0.741112183695615,"plaq_d"
"4047","AC035140.1","Exc L6 CT",-0.0196586981762139,2.26478369039017,0.0830787414799294,0.773339249055595,0.944484530810091,0.944484530810091,"plaq_d"
"4048","TNPO1","Exc L6 CT",0.0369992425870291,7.6586407260243,13.0913977832644,0.000340575558368937,0.0141117526818203,0.0141117526818203,"plaq_d"
"4049","FCHO2","Exc L6 CT",0.0501617306945192,6.83738101731841,12.8686171944145,0.000381959433823565,0.015143466518761,0.015143466518761,"plaq_d"
"4050","BTF3","Exc L6 CT",0.0366046242811329,4.69078228073747,2.31168091035153,0.129312648502817,0.438432616073139,0.438432616073139,"plaq_d"
"4051","ANKRA2","Exc L6 CT",0.0480201733670151,3.98580430544572,2.74889994171789,0.0982219386364792,0.384677721104138,0.384677721104138,"plaq_d"
"4052","UTP15","Exc L6 CT",-0.00434064266936474,2.72802525906756,0.0065749128086787,0.93542027637826,0.995807904957585,0.995807904957585,"plaq_d"
"4053","ARHGEF28","Exc L6 CT",0.043892649318576,6.45466686795735,3.00643763376462,0.0838194893742226,0.354797227001267,0.354797227001267,"plaq_d"
"4054","LINC01331","Exc L6 CT",0.373895521456128,1.31630165214249,10.2996094966759,0.00145425909899681,0.0354839220155221,0.0354839220155221,"plaq_d"
"4055","ENC1","Exc L6 CT",0.0857951874783794,7.89148000089805,21.9017171429243,4.11575274501961e-06,0.000722565567284175,0.000722565567284175,"plaq_d"
"4056","HEXB","Exc L6 CT",-0.0198515673415244,5.58301372563591,1.21509729728444,0.271086282319285,0.618141388372604,0.618141388372604,"plaq_d"
"4057","GFM2","Exc L6 CT",0.00317560452969557,5.22263849394903,0.0220998462122622,0.881907848215094,0.983480769739443,0.983480769739443,"plaq_d"
"4058","NSA2","Exc L6 CT",0.0329757898810585,4.64690478968692,1.95211332200771,0.163248999818086,0.488389983661921,0.488389983661921,"plaq_d"
"4059","FAM169A","Exc L6 CT",0.0407717160824485,6.96507531455046,13.2945977432259,0.000306800381115566,0.0132633582178369,0.0132633582178369,"plaq_d"
"4060","AC116337.3","Exc L6 CT",-0.0619019352511575,2.07613095397212,0.529870326392153,0.467150586499901,0.78144316096358,0.78144316096358,"plaq_d"
"4061","GCNT4","Exc L6 CT",0.00509646885632333,2.98275178929803,0.0105841153024231,0.918118126096107,0.991533338932548,0.991533338932548,"plaq_d"
"4062","LINC01336","Exc L6 CT",0.0857761325730302,2.57030464669648,2.39124310960636,0.122924928859454,0.428066588258514,0.428066588258514,"plaq_d"
"4063","ANKRD31","Exc L6 CT",-0.125078246481349,3.0167882961898,5.70988702666464,0.0174011077784526,0.155884472668702,0.155884472668702,"plaq_d"
"4064","HMGCR","Exc L6 CT",0.0469400020363104,4.95061394916391,3.93718954136136,0.0480143461820484,0.26760144314238,0.26760144314238,"plaq_d"
"4065","COL4A3BP","Exc L6 CT",0.0348230761970253,6.77842178832577,9.40229153514223,0.0060525512032767,0.0872197468692407,0.0872197468692407,"plaq_d"
"4066","POLK","Exc L6 CT",0.0391166991731199,6.48903728652924,8.6633378476966,0.00464955735209407,0.0742730204799801,0.0742730204799801,"plaq_d"
"4067","ANKDD1B","Exc L6 CT",-0.0865637552988521,3.05647848343924,3.04037132100378,0.0820999025515763,0.351968492296752,0.351968492296752,"plaq_d"
"4068","POC5","Exc L6 CT",-0.0342341022651204,4.69370038565953,1.6742318710067,0.196550253975053,0.531521104359466,0.531521104359466,"plaq_d"
"4069","SV2C","Exc L6 CT",-0.127577785345947,3.03066529122646,2.5119483254938,0.113893912218625,0.413314030829171,0.413314030829171,"plaq_d"
"4070","F2R","Exc L6 CT",0.108908859705428,2.35846240318741,2.30341187225806,0.129997537480943,0.439546329270001,0.439546329270001,"plaq_d"
"4071","F2RL1","Exc L6 CT",-0.0265517691050404,2.36837116801526,0.160074931643317,0.689332876178225,0.903380617702478,0.903380617702478,"plaq_d"
"4072","S100Z","Exc L6 CT",0.0475297391885692,6.52990571257781,1.50480802308052,0.220761886216415,0.559900973373338,0.559900973373338,"plaq_d"
"4073","CRHBP","Exc L6 CT",0.0205715322622105,3.90290483684901,0.21407533927358,0.643880783755506,0.88128400098147,0.88128400098147,"plaq_d"
"4074","AC008581.2","Exc L6 CT",-0.00574256458384135,3.34942779005218,0.0230439399074528,0.879430779110976,0.982442775318793,0.982442775318793,"plaq_d"
"4075","ZBED3","Exc L6 CT",0.00181750493248334,3.71189704457799,0.00309635081661607,0.955656638954284,0.998742420766286,0.998742420766286,"plaq_d"
"4076","AC022414.1","Exc L6 CT",0.0296814912030654,4.5987524178153,0.937376773378165,0.333625386931012,0.678180043809495,0.678180043809495,"plaq_d"
"4077","PDE8B","Exc L6 CT",0.0237205062544726,5.40480595234781,1.37409764960301,0.241910489315802,0.587280133412169,0.587280133412169,"plaq_d"
"4078","WDR41","Exc L6 CT",0.0274127383760803,5.96523859810409,2.66074325865407,0.103756767030072,0.395258644658616,0.395258644658616,"plaq_d"
"4079","TBCA","Exc L6 CT",-0.0106905385570886,6.57890227858546,0.719864620023734,0.396771204017877,0.729421212798267,0.729421212798267,"plaq_d"
"4080","AP3B1","Exc L6 CT",0.0233447478342295,6.12544130873471,2.29960372536646,0.130314314497512,0.4397573538458,0.4397573538458,"plaq_d"
"4081","SCAMP1-AS1","Exc L6 CT",-0.00913122024410796,2.37106933883556,0.0243615379544964,0.9587191791265,0.998742420766286,0.998742420766286,"plaq_d"
"4082","SCAMP1","Exc L6 CT",0.026726306238318,6.44757249075024,4.32299836142606,0.0383321166783903,0.237488945324022,0.237488945324022,"plaq_d"
"4083","LHFPL2","Exc L6 CT",0.00689942103120634,4.88380467229431,0.0400234679623788,0.841551492593722,0.969513185327633,0.969513185327633,"plaq_d"
"4084","ARSB","Exc L6 CT",-0.0438263335214382,5.66737367327154,4.51253714373051,0.0343515596735498,0.224301139655595,0.224301139655595,"plaq_d"
"4085","DMGDH","Exc L6 CT",-0.0591474493750312,5.17093523082383,6.02356422350995,0.0146050327170886,0.1421610177928,0.1421610177928,"plaq_d"
"4086","BHMT2","Exc L6 CT",0.0292188943962733,3.03398717529825,0.300160879762112,0.584132613792152,0.852322430026867,0.852322430026867,"plaq_d"
"4087","BHMT","Exc L6 CT",-0.268318946156333,1.80594060474941,6.78397401570366,0.00959216908016482,0.11288933814825,0.11288933814825,"plaq_d"
"4088","JMY","Exc L6 CT",0.0033819648408175,6.29508450690409,0.0592830299025877,0.807776132594492,0.958107854321204,0.958107854321204,"plaq_d"
"4089","HOMER1","Exc L6 CT",0.0192508392895015,7.66999556268096,0.827490939016903,0.363628290135788,0.704643002395317,0.704643002395317,"plaq_d"
"4090","TENT2","Exc L6 CT",-0.00845911173895717,6.97248863143847,0.49377327816611,0.482718451657718,0.792023573064111,0.792023573064111,"plaq_d"
"4091","CMYA5","Exc L6 CT",0.0576088106606685,4.72060339799229,4.20293359649824,0.0411025674418804,0.246209643072273,0.246209643072273,"plaq_d"
"4092","MTX3","Exc L6 CT",0.0217023589838706,4.76614921591694,0.893250981525072,0.345253205120673,0.689165992916973,0.689165992916973,"plaq_d"
"4093","THBS4","Exc L6 CT",0.0188468332224359,4.0983568776125,0.354159963519485,0.552154221062824,0.832755355637535,0.832755355637535,"plaq_d"
"4094","SERINC5","Exc L6 CT",0.0071809140856783,4.20430408688827,0.0432924776835918,0.835297173363439,0.967957667853181,0.967957667853181,"plaq_d"
"4095","ZFYVE16","Exc L6 CT",-0.0147184820011636,6.9871881073138,1.05886933126147,0.304187466016548,0.649701217099014,0.649701217099014,"plaq_d"
"4096","AC008771.1","Exc L6 CT",-0.00030251450549739,3.11796223612765,3.1307263681509e-05,0.995538832513006,0.999785330471245,0.999785330471245,"plaq_d"
"4097","FAM151B","Exc L6 CT",-0.000731718015526677,5.03400527084488,0.000967120804132088,0.975208750888364,0.999093977007575,0.999093977007575,"plaq_d"
"4098","DHFR","Exc L6 CT",0.0470564831221533,6.92088671549383,1.70714428317756,0.192218633308704,0.525779867967337,0.525779867967337,"plaq_d"
"4099","MSH3","Exc L6 CT",0.010179885314554,6.852910592771,0.456995324644498,0.499480318392705,0.80301162990137,0.80301162990137,"plaq_d"
"4100","RASGRF2-AS1","Exc L6 CT",0.0908669169165409,2.62067817932018,2.37664957654303,0.124069724031172,0.429869493899581,0.429869493899581,"plaq_d"
"4101","RASGRF2","Exc L6 CT",0.0395493075236539,8.22832572441081,2.66099000873694,0.10374080501917,0.395258644658616,0.395258644658616,"plaq_d"
"4102","CKMT2-AS1","Exc L6 CT",-0.010835040515704,6.04406933533196,0.268975982834716,0.60434894834342,0.862668796548841,0.862668796548841,"plaq_d"
"4103","CKMT2","Exc L6 CT",0.0726118572048355,3.40879383556628,2.1943768636703,0.139419557957667,0.454402570100673,0.454402570100673,"plaq_d"
"4104","ZCCHC9","Exc L6 CT",-0.0522875765890612,4.23195115060215,3.4167318135501,0.0653863464041082,0.314151205398468,0.314151205398468,"plaq_d"
"4105","SSBP2","Exc L6 CT",0.0281005386125438,8.81671632724721,4.84633396918204,0.0283604913044104,0.202701794894094,0.202701794894094,"plaq_d"
"4106","ATG10","Exc L6 CT",-0.0260662151911071,6.4411696757306,1.52025980089146,0.218411952662192,0.557987306215601,0.557987306215601,"plaq_d"
"4107","RPS23","Exc L6 CT",-0.0400621050859313,5.29725456243545,1.25034558545289,0.264257348326598,0.610633834110707,0.610633834110707,"plaq_d"
"4108","ATP6AP1L","Exc L6 CT",-0.0117914777038479,5.88310893090796,0.209615114719352,0.647354808433738,0.883726151025722,0.883726151025722,"plaq_d"
"4109","TMEM167A","Exc L6 CT",0.015922526294338,4.29415268778631,0.375760790759683,0.540280934827469,0.826643037280927,0.826643037280927,"plaq_d"
"4110","XRCC4","Exc L6 CT",-0.0541682220998706,4.25646941512926,3.11568074290425,0.0784185910939642,0.343971370319534,0.343971370319534,"plaq_d"
"4111","VCAN","Exc L6 CT",0.279574967590589,2.54182800201718,7.0031302350682,0.00850606912015981,0.104699361286234,0.104699361286234,"plaq_d"
"4112","EDIL3","Exc L6 CT",0.132365988099737,5.92704281441047,14.065970524576,0.000206656895135426,0.0101715865333673,0.0101715865333673,"plaq_d"
"4113","AC113383.1","Exc L6 CT",0.0800769015207652,4.52873988756504,4.61319466291883,0.0324165094239008,0.217967337536888,0.217967337536888,"plaq_d"
"4114","COX7C","Exc L6 CT",-0.0213386821053344,5.30224077494899,0.607306111541126,0.43633324160868,0.75927152740222,0.75927152740222,"plaq_d"
"4115","RASA1","Exc L6 CT",0.037222657364116,7.42592765568204,7.92483549765819,0.00515348688881463,0.0787893942490851,0.0787893942490851,"plaq_d"
"4116","CCNH","Exc L6 CT",0.0360196845067415,8.06752789917604,4.35043816668701,0.0377270182336986,0.23565419553544,0.23565419553544,"plaq_d"
"4117","AC018754.1","Exc L6 CT",0.0537189831692027,3.72879503269518,1.7521301362895,0.186477555329946,0.51933394618905,0.51933394618905,"plaq_d"
"4118","TMEM161B","Exc L6 CT",0.0169161536240024,5.39514614492197,0.922250805968604,0.434318707663926,0.75783266337852,0.75783266337852,"plaq_d"
"4119","TMEM161B-AS1","Exc L6 CT",0.033529723229492,8.8938644609821,12.0557892068203,0.000581333136473017,0.0200253245459139,0.0200253245459139,"plaq_d"
"4120","LINC02060","Exc L6 CT",0.0103524940311937,2.38435976668745,0.0334953606367498,0.854890901013232,0.974800354737319,0.974800354737319,"plaq_d"
"4121","AC091826.2","Exc L6 CT",0.00736624021029478,3.1608691087645,0.0209355795859126,0.885038301152919,0.984464416586969,0.984464416586969,"plaq_d"
"4122","LINC00461","Exc L6 CT",0.00200664697862031,7.2659642558231,0.0213912725838827,0.883802708372245,0.983931930224022,0.983931930224022,"plaq_d"
"4123","MEF2C-AS2","Exc L6 CT",0.0150631165366117,2.89873175008109,0.0922289175342145,0.761543831938867,0.939080343809897,0.939080343809897,"plaq_d"
"4124","MEF2C","Exc L6 CT",0.0488318242771671,9.52399697783645,14.1761145221857,0.000195352345355135,0.00986769250432466,0.00986769250432466,"plaq_d"
"4125","MEF2C-AS1","Exc L6 CT",0.015668431298468,8.18834637821651,1.13226315701836,0.288030474280368,0.634875561758676,0.634875561758676,"plaq_d"
"4126","CETN3","Exc L6 CT",-0.0371422764726259,3.55676583807946,1.10475730533315,0.293953349304997,0.641660715177368,0.641660715177368,"plaq_d"
"4127","MBLAC2","Exc L6 CT",0.00956330496570664,4.35947380189425,0.148442433343079,0.70026354217601,0.909344574523349,0.909344574523349,"plaq_d"
"4128","POLR3G","Exc L6 CT",0.00491471339147554,4.28189063271404,0.0242841923604991,0.876254282644525,0.981163755019913,0.981163755019913,"plaq_d"
"4129","LYSMD3","Exc L6 CT",0.101043943642692,3.71214783889014,8.83936302603123,0.00315337897642384,0.0589559009670099,0.0589559009670099,"plaq_d"
"4130","ADGRV1","Exc L6 CT",0.108593949981659,5.35259903513399,10.5078801661023,0.0013034539957923,0.032868836400864,0.032868836400864,"plaq_d"
"4131","ARRDC3","Exc L6 CT",0.0143477707252813,3.87308455960171,0.161736704568215,0.687809338624094,0.90212310849421,0.90212310849421,"plaq_d"
"4132","ARRDC3-AS1","Exc L6 CT",0.0611395543879177,2.26308303965252,0.743507321263485,0.389133129266448,0.72311353155025,0.72311353155025,"plaq_d"
"4133","AC114316.2","Exc L6 CT",-0.0133701623346626,3.07141663023692,0.0697667361590571,0.791832977060014,0.952057315516695,0.952057315516695,"plaq_d"
"4134","AC124854.1","Exc L6 CT",0.0227222775538984,6.30150021212416,1.11856418404143,0.290961012807393,0.638322880276627,0.638322880276627,"plaq_d"
"4135","AC026780.2","Exc L6 CT",0.0295969207913873,2.05394252304306,0.176566153620791,0.674600175318358,0.895575586043388,0.895575586043388,"plaq_d"
"4136","NR2F1-AS1","Exc L6 CT",0.00210441472683602,7.88962277043175,0.0240215272486445,0.876919951726529,0.981163755019913,0.981163755019913,"plaq_d"
"4137","NR2F1","Exc L6 CT",0.0295407429964305,4.59626929408406,1.2589458821921,0.262623851069329,0.609171698029438,0.609171698029438,"plaq_d"
"4138","FAM172A","Exc L6 CT",0.0248713867874386,8.08932949411622,6.59747640845463,0.0106285559129865,0.119470108571125,0.119470108571125,"plaq_d"
"4139","KIAA0825","Exc L6 CT",0.0211252705327009,7.62466551994552,3.13596374201213,0.0774579169170226,0.342155315108149,0.342155315108149,"plaq_d"
"4140","SLF1","Exc L6 CT",-0.0378707560787823,6.65811816998724,8.3863097608978,0.00401937075550853,0.0684767590488767,0.0684767590488767,"plaq_d"
"4141","MCTP1","Exc L6 CT",0.0338817355040715,10.222982050037,11.9207303888768,0.000623510477258445,0.0209232093953673,0.0209232093953673,"plaq_d"
"4142","AC008534.1","Exc L6 CT",-0.0765161605584721,2.83718237254393,1.84723410905214,0.174985062014161,0.503313676874298,0.503313676874298,"plaq_d"
"4143","TTC37","Exc L6 CT",0.0232179031905929,7.42928399032954,4.94885556851783,0.026748465945846,0.196562060643507,0.196562060643507,"plaq_d"
"4144","ARSK","Exc L6 CT",0.00492711444904046,4.3871864857576,0.0272309635858535,0.869025518327082,0.978798489635663,0.978798489635663,"plaq_d"
"4145","RFESD","Exc L6 CT",0.0312934709434122,2.32282714320978,0.212729421685688,0.644924443964836,0.88212183328435,0.88212183328435,"plaq_d"
"4146","SPATA9","Exc L6 CT",-0.00791054351040746,2.05083697631076,0.0100847346203588,0.920066481784535,0.991792773539161,0.991792773539161,"plaq_d"
"4147","RHOBTB3","Exc L6 CT",0.0625212194949028,5.63755863515081,9.13796439066959,0.00268918125271777,0.0534716205996202,0.0534716205996202,"plaq_d"
"4148","GLRX","Exc L6 CT",0.0221109973164837,4.45056712728609,0.502173257294219,0.479020916538572,0.789344129491849,0.789344129491849,"plaq_d"
"4149","ELL2","Exc L6 CT",0.0506160124723983,7.50059335789136,7.68518759397941,0.00586696437053559,0.0855732716091493,0.0855732716091493,"plaq_d"
"4150","AC104123.1","Exc L6 CT",0.00896887457476112,5.26625884430776,0.112228280487819,0.737823117409368,0.927815355400658,0.927815355400658,"plaq_d"
"4151","PCSK1","Exc L6 CT",-0.0233720564914618,4.62483790847583,0.391778206432382,0.531776243639372,0.820519914622979,0.820519914622979,"plaq_d"
"4152","CAST","Exc L6 CT",0.0283215457835244,5.914987172168,2.31346094809533,0.129165744245075,0.438140917566469,0.438140917566469,"plaq_d"
"4153","ERAP1","Exc L6 CT",0.0605196074318796,4.56165675903186,5.06094285581212,0.0250950593543581,0.189313775871697,0.189313775871697,"plaq_d"
"4154","AC009126.1","Exc L6 CT",-0.00175999289356463,6.29662731233102,0.0118003719613815,0.913558919716425,0.989967061646606,0.989967061646606,"plaq_d"
"4155","ERAP2","Exc L6 CT",-0.0732170907246523,2.21303722937109,1.24487762843176,0.288373315544617,0.635162523038603,0.635162523038603,"plaq_d"
"4156","LNPEP","Exc L6 CT",0.0435981336367063,6.45276411140041,9.46300604635512,0.00226254061457309,0.0477588485152408,0.0477588485152408,"plaq_d"
"4157","LIX1-AS1","Exc L6 CT",0.0192987752263247,4.8217539417027,0.331293923044111,0.565269952437175,0.840577030811443,0.840577030811443,"plaq_d"
"4158","RIOK2","Exc L6 CT",0.0343380037231645,3.61126916051077,1.0802799339612,0.343821821760294,0.687958895922466,0.687958895922466,"plaq_d"
"4159","LINC01340","Exc L6 CT",-0.0496127768483494,2.12763002318726,0.310773492106475,0.577564119676591,0.848952448741632,0.848952448741632,"plaq_d"
"4160","RGMB","Exc L6 CT",-0.0141744495644577,4.41018701532542,0.230247345442311,0.631641756944956,0.876867380229468,0.876867380229468,"plaq_d"
"4161","CHD1","Exc L6 CT",-0.013480369033317,5.50914722821092,0.526191070635212,0.468699856064776,0.78210319251016,0.78210319251016,"plaq_d"
"4162","LINC02062","Exc L6 CT",-0.00889923548611442,5.47294636789757,0.143709348301648,0.704851977615999,0.91037135384779,0.91037135384779,"plaq_d"
"4163","AC021086.1","Exc L6 CT",0.0419014912482624,2.52721546597093,0.426511810912788,0.514136509492565,0.810768889325771,0.810768889325771,"plaq_d"
"4164","FAM174A","Exc L6 CT",-0.0216596882963037,4.55628091920541,0.758407640506665,0.384427316853739,0.719102865569962,0.719102865569962,"plaq_d"
"4165","SLCO4C1","Exc L6 CT",0.0115455763645647,4.84222558698149,0.137612994533253,0.710891236400027,0.913083741980474,0.913083741980474,"plaq_d"
"4166","PAM","Exc L6 CT",0.00488177813888963,5.49211739943012,0.0272358730683854,0.86901381922643,0.978798489635663,0.978798489635663,"plaq_d"
"4167","GIN1","Exc L6 CT",-0.0425856670643275,3.63803997666014,1.41052878943409,0.235778155401961,0.580513481300946,0.580513481300946,"plaq_d"
"4168","PPIP5K2","Exc L6 CT",0.0382601517660465,6.49994964551594,9.29415204082493,0.00247478490411285,0.0504631777331566,0.0504631777331566,"plaq_d"
"4169","C5orf30","Exc L6 CT",0.0150325317423354,3.9606110103672,0.228369114617881,0.633035614010252,0.877702080255377,0.877702080255377,"plaq_d"
"4170","NUDT12","Exc L6 CT",0.0210065177290161,2.93275311528287,0.20931381838453,0.647591093027563,0.883726151025722,0.883726151025722,"plaq_d"
"4171","AC099520.1","Exc L6 CT",-0.132807834064872,2.18998228774398,3.83182557410838,0.0510866129458165,0.277945154938766,0.277945154938766,"plaq_d"
"4172","LINC01950","Exc L6 CT",0.0326793266114152,4.89568799195208,0.622920744470376,0.430501070399404,0.75604352231835,0.75604352231835,"plaq_d"
"4173","EFNA5","Exc L6 CT",0.0410964056882524,9.86181585752105,14.240594793084,0.000189027195802537,0.00968347557652406,0.00968347557652406,"plaq_d"
"4174","FBXL17","Exc L6 CT",0.0202278878827186,9.03007471910654,4.94783848717945,0.0267639792154283,0.196562060643507,0.196562060643507,"plaq_d"
"4175","FER","Exc L6 CT",0.0396897743485252,8.69770690557131,16.3565330934592,6.46563614238556e-05,0.00472483745714632,0.00472483745714632,"plaq_d"
"4176","AC008467.1","Exc L6 CT",-0.00665971010612354,2.11383905763826,0.00722518906146169,0.932309358276995,0.994776572913995,0.994776572913995,"plaq_d"
"4177","PJA2","Exc L6 CT",0.0447021633717474,7.59421254367417,18.3565601893921,2.37330500671325e-05,0.00238923768368139,0.00238923768368139,"plaq_d"
"4178","MAN2A1","Exc L6 CT",0.0219421645151586,7.47986812972129,2.18188160597332,0.140547505629487,0.455934009532795,0.455934009532795,"plaq_d"
"4179","TMEM232","Exc L6 CT",0.0372597379390171,8.97194948114191,5.88218109292109,0.0158027465625184,0.148302698509788,0.148302698509788,"plaq_d"
"4180","SLC25A46","Exc L6 CT",0.00914300843806131,6.17108620618165,0.396671640099103,0.529226241618341,0.818867258634742,0.818867258634742,"plaq_d"
"4181","WDR36","Exc L6 CT",0.0331438589202468,5.13422396510548,2.41851532892606,0.120816943434141,0.424849910761325,0.424849910761325,"plaq_d"
"4182","CAMK4","Exc L6 CT",0.0147350845597885,7.6485399633522,0.813935324160572,0.367582969095164,0.707434466633136,0.707434466633136,"plaq_d"
"4183","AC010275.1","Exc L6 CT",-0.153993882097255,1.88486969257586,3.14851107115259,0.0768700042854688,0.341242055572818,0.341242055572818,"plaq_d"
"4184","STARD4","Exc L6 CT",0.0477237085886683,2.9597034427446,0.816776828189495,0.36674905766869,0.70701334305741,0.70701334305741,"plaq_d"
"4185","STARD4-AS1","Exc L6 CT",-0.0430788399532038,3.42283367248477,0.843232130484219,0.359109650507194,0.700982037790042,0.700982037790042,"plaq_d"
"4186","NREP","Exc L6 CT",0.0283056991082712,5.12459006628936,0.957113557486093,0.328594407970644,0.673509183210693,0.673509183210693,"plaq_d"
"4187","EPB41L4A","Exc L6 CT",0.0602741023304515,2.06555406303161,0.275121108405225,0.600250749316424,0.860335502504902,0.860335502504902,"plaq_d"
"4188","EPB41L4A-AS1","Exc L6 CT",0.0205752919251841,3.51480054686591,0.338091198844582,0.670880308306494,0.894921508374749,0.894921508374749,"plaq_d"
"4189","AC104126.1","Exc L6 CT",-0.0944272179672849,1.99336315470228,1.52635176175837,0.217493716673452,0.557183025471739,0.557183025471739,"plaq_d"
"4190","APC","Exc L6 CT",-0.00481466013408356,6.99789587981143,0.184755856669398,0.667583469633444,0.893866880369817,0.893866880369817,"plaq_d"
"4191","AC008575.1","Exc L6 CT",0.0677200532112429,2.86366929296208,2.09694775538653,0.148493335481836,0.467423181438185,0.467423181438185,"plaq_d"
"4192","SRP19","Exc L6 CT",0.00693843364620809,4.71855629056665,0.100126911125514,0.751866999025042,0.934665178264498,0.934665178264498,"plaq_d"
"4193","REEP5","Exc L6 CT",0.0209867072755819,6.05637906143352,1.76017119577143,0.185472582602012,0.517347528994381,0.517347528994381,"plaq_d"
"4194","DCP2","Exc L6 CT",-0.000850789195857789,5.36081814251988,0.00247526095622734,0.974688662634508,0.999093977007575,0.999093977007575,"plaq_d"
"4195","MCC","Exc L6 CT",0.0225760184584473,7.60598331322968,1.64501645561418,0.200491730528739,0.536115214022879,0.536115214022879,"plaq_d"
"4196","AC079465.1","Exc L6 CT",-0.0255167723467439,3.26251630761485,0.203684016291885,0.652044454967207,0.885515492569975,0.885515492569975,"plaq_d"
"4197","YTHDC2","Exc L6 CT",0.0202784675420065,7.12910822214289,2.93958451850542,0.0873227727997217,0.361963327735328,0.361963327735328,"plaq_d"
"4198","KCNN2","Exc L6 CT",0.00861942297126449,6.22075869938711,0.238029590976216,0.625939943466559,0.874602681368979,0.874602681368979,"plaq_d"
"4199","AC010230.1","Exc L6 CT",0.0376973598325413,2.54015025119238,0.304528765225292,0.581411113481514,0.851041833586362,0.851041833586362,"plaq_d"
"4200","TRIM36","Exc L6 CT",-0.0161849991930441,3.56229709495636,0.141173776848234,0.707345694798461,0.911225827500549,0.911225827500549,"plaq_d"
"4201","PGGT1B","Exc L6 CT",0.00378403360199808,4.80374786350833,0.0295285154257049,0.863664218995443,0.977200838310075,0.977200838310075,"plaq_d"
"4202","CCDC112","Exc L6 CT",0.0111550941095145,5.12840468266056,0.237558943760491,0.626281471317328,0.874809713951091,0.874809713951091,"plaq_d"
"4203","FEM1C","Exc L6 CT",0.0430053051276372,3.92271394850729,1.86472810553272,0.172961580054104,0.500292325991336,0.500292325991336,"plaq_d"
"4204","TMED7-TICAM2","Exc L6 CT",0.100078078431351,3.48768173469686,8.53121686655198,0.00371869484800868,0.0657517734508658,0.0657517734508658,"plaq_d"
"4205","AC010226.1","Exc L6 CT",0.0221317718894863,2.54863623300573,0.144125359890759,0.704445241545694,0.910340547333197,0.910340547333197,"plaq_d"
"4206","CDO1","Exc L6 CT",0.0113328453315986,4.32700804620809,0.177068366912525,0.674164434372564,0.895548968504857,0.895548968504857,"plaq_d"
"4207","ATG12","Exc L6 CT",0.0445861857323331,5.58384778403751,6.29448820579513,0.0125651079356047,0.13045459410186,0.13045459410186,"plaq_d"
"4208","AP3S1","Exc L6 CT",-0.0139823842948742,6.28421872921016,0.972357479538155,0.324777631967615,0.6692669324085,0.6692669324085,"plaq_d"
"4209","LVRN","Exc L6 CT",-0.00159604543412359,2.33976986819194,3.78632189832229e-05,0.995093924090259,0.999785330471245,0.999785330471245,"plaq_d"
"4210","COMMD10","Exc L6 CT",0.0357102055587484,6.6896868606132,4.55925988187742,0.0334387036360296,0.2217479917655,0.2217479917655,"plaq_d"
"4211","SEMA6A","Exc L6 CT",0.0325168184750479,4.77438507251313,0.481583068043091,0.488168833170531,0.794896337781129,0.794896337781129,"plaq_d"
"4212","SEMA6A-AS1","Exc L6 CT",-0.0623083823586019,2.85346975687945,1.19287301037967,0.275505907684631,0.623384664953381,0.623384664953381,"plaq_d"
"4213","LINC02147","Exc L6 CT",0.197774987479066,1.70837296911365,3.65959740482558,0.0565670765852588,0.292822594218405,0.292822594218405,"plaq_d"
"4214","DTWD2","Exc L6 CT",-0.00324554551880769,5.25832842384859,0.0227740592254009,0.880133495610633,0.982887425553539,0.982887425553539,"plaq_d"
"4215","AC008629.1","Exc L6 CT",-0.0219685142644713,3.90542573645917,0.262102906607708,0.609003641879589,0.865385098065202,0.865385098065202,"plaq_d"
"4216","DMXL1","Exc L6 CT",0.0140933938451799,7.27887275547093,1.94982926313549,0.163494754212171,0.488718953828574,0.488718953828574,"plaq_d"
"4217","HSD17B4","Exc L6 CT",0.0343363789959792,6.46079039104328,4.77264685446547,0.0295816673632249,0.206226481046482,0.206226481046482,"plaq_d"
"4218","AC008574.1","Exc L6 CT",-0.0378002779038406,1.17611314612736,0.00404163093012376,0.949346055657384,0.99802142424354,0.99802142424354,"plaq_d"
"4219","PRR16","Exc L6 CT",0.0735837005199822,7.04101001642141,6.30789380910265,0.012472162735045,0.130287281069904,0.130287281069904,"plaq_d"
"4220","AC114284.1","Exc L6 CT",0.263610620624102,2.06680680386968,11.3593474007684,0.00083490110139794,0.0251520976396721,0.0251520976396721,"plaq_d"
"4221","SRFBP1","Exc L6 CT",0.0314592036832757,5.20501835758302,2.68811040509193,0.102002754229143,0.39210457940794,0.39210457940794,"plaq_d"
"4222","AC119150.1","Exc L6 CT",0.0605677792664676,1.98333919450998,0.664656729654758,0.415478032632407,0.745148886325961,0.745148886325961,"plaq_d"
"4223","SNX2","Exc L6 CT",0.0123025193819039,5.44171147751052,0.508478983465452,0.699050381124722,0.90858877633365,0.90858877633365,"plaq_d"
"4224","SNX24","Exc L6 CT",0.00771838150022704,6.19970771461244,0.216487612474964,0.642020171665738,0.881079350934219,0.881079350934219,"plaq_d"
"4225","PRDM6","Exc L6 CT",0.0591794031747951,3.41329657834142,1.622526118203,0.203589510326014,0.539457866860538,0.539457866860538,"plaq_d"
"4226","CEP120","Exc L6 CT",0.0311768855105315,5.22850329373929,2.25618315042447,0.1339880233851,0.446432631755856,0.446432631755856,"plaq_d"
"4227","CSNK1G3","Exc L6 CT",-0.00866626788020465,6.20333888744694,0.31349854446833,0.740288043775571,0.928661774628954,0.928661774628954,"plaq_d"
"4228","LINC02240","Exc L6 CT",0.0403138109532562,2.45727429780318,0.495025057274975,0.482164466879596,0.791730180829695,0.791730180829695,"plaq_d"
"4229","GRAMD2B","Exc L6 CT",0.0174516566778527,4.6364448218975,0.192483554831753,0.661129661640184,0.890764276892284,0.890764276892284,"plaq_d"
"4230","AC093535.1","Exc L6 CT",-0.0420695096593499,1.71878102958264,0.187914031148684,0.664926881820211,0.892851292965069,0.892851292965069,"plaq_d"
"4231","ALDH7A1","Exc L6 CT",-0.0276279461602034,5.07481952500771,1.61607326640132,0.204488734741578,0.540010760935326,0.540010760935326,"plaq_d"
"4232","PHAX","Exc L6 CT",-0.00475155374152427,4.90065051440755,0.050718757363813,0.821949383418268,0.963649904714272,0.963649904714272,"plaq_d"
"4233","LMNB1-DT","Exc L6 CT",-0.0692230066662054,2.47864834495221,1.37542013710748,0.24168450223751,0.587023805333423,0.587023805333423,"plaq_d"
"4234","LMNB1","Exc L6 CT",-0.0191365532430078,3.7852468022621,0.357128142302776,0.550493975414894,0.831662427334748,0.831662427334748,"plaq_d"
"4235","MARCH3","Exc L6 CT",0.100149061960603,3.6642811995753,3.39516390772495,0.0662378352693526,0.315583550467567,0.315583550467567,"plaq_d"
"4236","PRRC1","Exc L6 CT",-0.00171460139829767,4.26944629960188,0.00412433065634818,0.948831147126264,0.99802142424354,0.99802142424354,"plaq_d"
"4237","CTXN3","Exc L6 CT",0.0607582740583288,2.86064087542317,1.23677029440763,0.266861641802178,0.61408890591179,0.61408890591179,"plaq_d"
"4238","CCDC192","Exc L6 CT",-0.0905158876641778,3.00357503511747,3.48239859781012,0.0628653094738532,0.308490651462409,0.308490651462409,"plaq_d"
"4239","AC068658.1","Exc L6 CT",-0.03927497039665,2.65701947852995,0.54230588685975,0.466439972976984,0.780889620999728,0.780889620999728,"plaq_d"
"4240","LINC01184","Exc L6 CT",0.000499685814878748,7.18809554307743,0.00134709783153443,0.970742983496429,0.998742420766286,0.998742420766286,"plaq_d"
"4241","SLC12A2","Exc L6 CT",0.019213133164311,6.85846599550719,1.32068111708212,0.251258622831206,0.59856348407712,0.59856348407712,"plaq_d"
"4242","FBN2","Exc L6 CT",-0.0561281281742563,1.80393556048149,0.398501574246934,0.528278292933051,0.818456124092144,0.818456124092144,"plaq_d"
"4243","SLC27A6","Exc L6 CT",0.0230241062704066,5.02145400348909,0.0889681551750649,0.765670963829952,0.940815909465346,0.940815909465346,"plaq_d"
"4244","ISOC1","Exc L6 CT",0.00907790896293436,2.64621605453306,0.0249576355906022,0.874564246662225,0.98054726596179,0.98054726596179,"plaq_d"
"4245","ADAMTS19","Exc L6 CT",0.0368550612106385,7.0941651505127,2.93354415839899,0.0876470564467369,0.362452775274165,0.362452775274165,"plaq_d"
"4246","AC008591.1","Exc L6 CT",-0.10574999147245,5.40411165521697,10.6625946833679,0.00120180741172397,0.0312278227443358,0.0312278227443358,"plaq_d"
"4247","KIAA1024L","Exc L6 CT",-0.0200171909513741,1.77814926905491,0.0604105913068164,0.805992968994362,0.957428400168564,0.957428400168564,"plaq_d"
"4248","CHSY3","Exc L6 CT",0.0256296808288865,9.0018826830629,4.61234008248262,0.032432447636804,0.217972696629053,0.217972696629053,"plaq_d"
"4249","HINT1","Exc L6 CT",-0.0132505145600843,5.76261364693621,0.468207640678435,0.494268049504545,0.799151308845645,0.799151308845645,"plaq_d"
"4250","LYRM7","Exc L6 CT",0.00274653595849155,5.0619620650307,0.0183869632040324,0.952912300416489,0.998118258108081,0.998118258108081,"plaq_d"
"4251","CDC42SE2","Exc L6 CT",0.00855331612138381,6.87705828848843,0.57666143632407,0.578971091150472,0.849889653125542,0.849889653125542,"plaq_d"
"4252","RAPGEF6","Exc L6 CT",0.0569578912386367,4.58282141648046,4.8731671067726,0.0279289991448234,0.200436246928321,0.200436246928321,"plaq_d"
"4253","P4HA2-AS1","Exc L6 CT",-0.151839056717062,1.81739375943645,3.25177832208851,0.0722103603307683,0.329134912311971,0.329134912311971,"plaq_d"
"4254","P4HA2","Exc L6 CT",-0.0495223738886431,4.71827209646921,3.20154751249926,0.0744376456769215,0.334562705952221,0.334562705952221,"plaq_d"
"4255","SLC22A4","Exc L6 CT",-0.0169902825769989,3.16294051993017,0.139321247728948,0.709183851963078,0.912501817143814,0.912501817143814,"plaq_d"
"4256","SLC22A5","Exc L6 CT",-0.00127423605801601,4.25274715410996,0.00201145321646667,0.964253195812428,0.998742420766286,0.998742420766286,"plaq_d"
"4257","AC116366.3","Exc L6 CT",-0.00937266339317134,6.31110210277819,0.244371944888765,0.621377871391339,0.871952026176988,0.871952026176988,"plaq_d"
"4258","TH2LCRR","Exc L6 CT",-0.0171748351327528,3.14941440675064,0.13588512823553,0.712630536286529,0.913863281701485,0.913863281701485,"plaq_d"
"4259","AC004039.1","Exc L6 CT",-0.0556478876043789,3.16612528698546,1.4797949182493,0.226674435360085,0.5684036180881,0.5684036180881,"plaq_d"
"4260","KIF3A","Exc L6 CT",0.0351155209277626,7.26635872973899,12.4244411784537,0.000480349237218192,0.0172341192371873,0.0172341192371873,"plaq_d"
"4261","SEPT8","Exc L6 CT",0.03727124942821,5.68489702855205,4.543222352205,0.0337491355926493,0.222561867151525,0.222561867151525,"plaq_d"
"4262","SOWAHA","Exc L6 CT",0.058700865745385,3.44758080755306,2.20730131704289,0.138263584474766,0.452887954971271,0.452887954971271,"plaq_d"
"4263","UQCRQ","Exc L6 CT",0.00212932299497791,3.35893539991395,0.00407635100026468,0.949129241881831,0.99802142424354,0.99802142424354,"plaq_d"
"4264","AFF4","Exc L6 CT",0.0204191026475628,7.19240195727598,3.75232244544163,0.0535427601210166,0.285076703341666,0.285076703341666,"plaq_d"
"4265","ZCCHC10","Exc L6 CT",-0.0502394074446937,4.57194764546643,4.10027845243445,0.0436388495986412,0.254342056203255,0.254342056203255,"plaq_d"
"4266","HSPA4","Exc L6 CT",0.024222302069876,5.5925098767059,1.74411602527375,0.3607411080197,0.701858529619981,0.701858529619981,"plaq_d"
"4267","FSTL4","Exc L6 CT",0.00266203050942086,7.23837030325413,0.0174425793270155,0.895004924142014,0.986135563733315,0.986135563733315,"plaq_d"
"4268","C5orf15","Exc L6 CT",0.027661923338257,4.1691424483917,1.00075101646373,0.317823537765456,0.662723119940808,0.662723119940808,"plaq_d"
"4269","VDAC1","Exc L6 CT",0.00730418785745828,5.47952410257894,0.153348403811145,0.695595362669683,0.906553579666192,0.906553579666192,"plaq_d"
"4270","TCF7","Exc L6 CT",-0.0837622488111934,2.31885216261137,1.64275170317408,0.200801141567891,0.536115214022879,0.536115214022879,"plaq_d"
"4271","SKP1","Exc L6 CT",0.0358819081019791,6.29051148783525,5.92176850211685,0.015457475957431,0.147075891528867,0.147075891528867,"plaq_d"
"4272","AC104109.3","Exc L6 CT",0.0434004892034497,3.2362146891183,1.29151564500664,0.256550353968493,0.604139759941717,0.604139759941717,"plaq_d"
"4273","CDKL3","Exc L6 CT",-0.0125856127533485,5.43184160527153,0.444620505929607,0.505342320859222,0.805890473379344,0.805890473379344,"plaq_d"
"4274","UBE2B","Exc L6 CT",-0.0100485418322784,7.10658134808743,0.766747379815099,0.381828797784329,0.717788377723222,0.717788377723222,"plaq_d"
"4275","CDKN2AIPNL","Exc L6 CT",-0.0623373288083429,3.33647009240328,2.8940347225933,0.0898007609780711,0.367746359881682,0.367746359881682,"plaq_d"
"4276","AC005355.1","Exc L6 CT",-0.170249647698492,2.2604342124628,5.29081690563276,0.0220289447772713,0.176378581208898,0.176378581208898,"plaq_d"
"4277","JADE2","Exc L6 CT",-0.0243313433951252,5.18591471114248,1.21089066752843,0.27191595707576,0.618697979779144,0.618697979779144,"plaq_d"
"4278","SAR1B","Exc L6 CT",0.0138514481686602,5.15221735520359,0.51071029740813,0.475310367615377,0.787410694727244,0.787410694727244,"plaq_d"
"4279","SEC24A","Exc L6 CT",-0.00157211662244382,5.4159333477131,0.00716579547628294,0.96784758533715,0.998742420766286,0.998742420766286,"plaq_d"
"4280","CAMLG","Exc L6 CT",-0.0048419350259532,5.77385849082774,0.075006180354848,0.784344948598069,0.949258501893048,0.949258501893048,"plaq_d"
"4281","DDX46","Exc L6 CT",-0.0300537801935189,6.31617771740682,4.10927705270725,0.0434100496870555,0.253624624713819,0.253624624713819,"plaq_d"
"4282","C5orf24","Exc L6 CT",0.110110890601494,5.26354288967793,32.8322036656961,2.1763167170865e-08,1.63067594858765e-05,1.63067594858765e-05,"plaq_d"
"4283","TXNDC15","Exc L6 CT",-0.0699077707132686,4.98549710548937,4.61487346240189,0.0323852231634581,0.217960576279169,0.217960576279169,"plaq_d"
"4284","PCBD2","Exc L6 CT",-0.0359407784613732,4.08816057552104,1.26814644987497,0.260890232581836,0.607981400145611,0.607981400145611,"plaq_d"
"4285","C5orf66","Exc L6 CT",-0.019971849400697,2.71692114093983,0.103344196156347,0.748045672476219,0.932530784635231,0.932530784635231,"plaq_d"
"4286","H2AFY","Exc L6 CT",0.0118114589791614,6.37145128153049,0.784090466401949,0.376504133797188,0.713317475472927,0.713317475472927,"plaq_d"
"4287","SMAD5","Exc L6 CT",0.00844340095927553,5.15198282390547,0.179425582623924,0.763112334832291,0.939670734313362,0.939670734313362,"plaq_d"
"4288","SPOCK1","Exc L6 CT",0.0357601476473328,8.10250034966625,1.9067138154901,0.168214385093224,0.495114451919123,0.495114451919123,"plaq_d"
"4289","KLHL3","Exc L6 CT",0.00960424708199226,6.73098842623259,0.479779569211428,0.488983874359228,0.795490907059305,0.795490907059305,"plaq_d"
"4290","HNRNPA0","Exc L6 CT",0.058436112649763,4.67992817732865,6.12820684233754,0.0137793155937787,0.137373287595595,0.137373287595595,"plaq_d"
"4291","AC106791.1","Exc L6 CT",-0.0137420302358547,5.38467893530273,0.443664976796783,0.505799852638595,0.806010037478992,0.806010037478992,"plaq_d"
"4292","MYOT","Exc L6 CT",0.0181540588180653,2.04983416113639,0.0781862789825711,0.981262922771602,0.999571689696322,0.999571689696322,"plaq_d"
"4293","PKD2L2","Exc L6 CT",-0.0835150134252812,2.28825733438518,1.48462043783837,0.223877917158488,0.563846482752553,0.563846482752553,"plaq_d"
"4294","FAM13B","Exc L6 CT",-0.00182371799920616,7.01162556929316,0.0264573835123288,0.870882656974388,0.97931781985653,0.97931781985653,"plaq_d"
"4295","WNT8A","Exc L6 CT",-0.172275766336208,1.93596168734458,4.20359295364832,0.0410867892181089,0.246209643072273,0.246209643072273,"plaq_d"
"4296","NME5","Exc L6 CT",-0.0112844062299886,6.57991575423349,0.322693792230277,0.570359380311913,0.843960698835472,0.843960698835472,"plaq_d"
"4297","BRD8","Exc L6 CT",-0.0302127439526105,5.29394482011986,2.68537935193693,0.102176320877568,0.392399183124026,0.392399183124026,"plaq_d"
"4298","CDC23","Exc L6 CT",-0.0108430470481971,4.34522500345542,0.197462075846849,0.685565991648711,0.900774195488207,0.900774195488207,"plaq_d"
"4299","FAM53C","Exc L6 CT",0.00530602504936603,5.32821582107797,0.0706641143660572,0.970090124212922,0.998742420766286,0.998742420766286,"plaq_d"
"4300","KDM3B","Exc L6 CT",-0.00957492122885851,6.05958320005631,0.399539762677045,0.822331706549113,0.963694415288182,0.963694415288182,"plaq_d"
"4301","REEP2","Exc L6 CT",0.00454779080044376,6.09956829999371,0.0818182110367824,0.961014190023282,0.998742420766286,0.998742420766286,"plaq_d"
"4302","EGR1","Exc L6 CT",0.0593232284289316,3.47664801500954,0.765613599929104,0.382180595497997,0.717788377723222,0.717788377723222,"plaq_d"
"4303","ETF1","Exc L6 CT",-0.00328436694515332,4.43441837647481,0.0155638393215317,0.900789412535736,0.98751099911776,0.98751099911776,"plaq_d"
"4304","HSPA9","Exc L6 CT",-0.0134272936734915,6.08666999387652,0.800443274504073,0.371578884273347,0.710551196949692,0.710551196949692,"plaq_d"
"4305","CTNNA1","Exc L6 CT",-0.00162233594602643,5.18059440071275,0.00489168192980791,0.944281119809425,0.997609533382524,0.997609533382524,"plaq_d"
"4306","LRRTM2","Exc L6 CT",0.0370266961904271,5.22733817938007,2.8041540663235,0.0949183017782121,0.379146468479229,0.379146468479229,"plaq_d"
"4307","SIL1","Exc L6 CT",-0.0227642646374289,6.97714599222149,3.12967702126684,0.0777543105231808,0.342879857231161,0.342879857231161,"plaq_d"
"4308","AC011405.1","Exc L6 CT",-0.180689555539508,2.05350002762543,6.26149595811729,0.0127969122310636,0.131984494881341,0.131984494881341,"plaq_d"
"4309","MATR3","Exc L6 CT",0.00780970266382929,3.39349844071615,0.038262950536919,0.969250875497691,0.998742420766286,0.998742420766286,"plaq_d"
"4310","PAIP2","Exc L6 CT",-0.0017537095804749,5.96852293058992,0.012789526038477,0.910023752033689,0.989478998057174,0.989478998057174,"plaq_d"
"4311","DNAJC18","Exc L6 CT",-0.0444011427823774,5.7291042432174,7.19646963251869,0.00765308893433358,0.0979411774782823,0.0979411774782823,"plaq_d"
"4312","UBE2D2","Exc L6 CT",-0.00877554427235285,6.57471696522073,0.427275697610747,0.513760187784724,0.810747531402252,0.810747531402252,"plaq_d"
"4313","CXXC5","Exc L6 CT",0.0266440111173665,5.7806335553145,2.28570597580872,0.131477740027725,0.442335486197505,0.442335486197505,"plaq_d"
"4314","AC008667.1","Exc L6 CT",-0.000148634374592923,2.60551674292574,7.44378443567672e-06,0.997824672755701,0.999906738276838,0.999906738276838,"plaq_d"
"4315","PSD2","Exc L6 CT",0.0149481689486417,3.57509752832458,0.18016649066923,0.788896513264205,0.951248362924156,0.951248362924156,"plaq_d"
"4316","NRG2","Exc L6 CT",-0.0068953971340743,6.7510543584148,0.253292594788111,0.790620632586626,0.95181256286311,0.95181256286311,"plaq_d"
"4317","MALINC1","Exc L6 CT",0.0582094112981606,2.47585869734529,0.935459966199874,0.334119459675862,0.678896787790221,0.678896787790221,"plaq_d"
"4318","PURA","Exc L6 CT",0.0565565807237182,7.10159384863054,16.5311916784707,5.92122995808992e-05,0.00452326790718522,0.00452326790718522,"plaq_d"
"4319","IGIP","Exc L6 CT",0.0594535648234255,5.00853111640732,8.10164903318683,0.00468455067501237,0.0745180016767713,0.0745180016767713,"plaq_d"
"4320","CYSTM1","Exc L6 CT",-0.0562393641085607,4.34822402688604,4.1265689021784,0.042973935279325,0.252099744205853,0.252099744205853,"plaq_d"
"4321","PFDN1","Exc L6 CT",0.0256365920061949,4.91343353743655,1.40039927908902,0.237464031235884,0.582671244873322,0.582671244873322,"plaq_d"
"4322","AC008438.2","Exc L6 CT",0.0142484923672632,2.44526610358268,0.0552265374873823,0.814344334146833,0.960184261035727,0.960184261035727,"plaq_d"
"4323","SLC4A9","Exc L6 CT",0.0116050775643173,2.20488261000383,0.0290424430747275,0.86478005290949,0.977378297084766,0.977378297084766,"plaq_d"
"4324","AC008438.1","Exc L6 CT",-0.0168949939088448,4.05872670922313,0.296134338906421,0.586664345337662,0.854287193719603,0.854287193719603,"plaq_d"
"4325","ANKHD1-EIF4EBP3","Exc L6 CT",0.0293335575142633,3.44357339306507,0.614775338942512,0.435037703910734,0.75839219974557,0.75839219974557,"plaq_d"
"4326","SRA1","Exc L6 CT",0.0352150755948469,4.2542235729798,1.51533085992015,0.219158285158834,0.558593623077132,0.558593623077132,"plaq_d"
"4327","APBB3","Exc L6 CT",-0.0208808381233348,3.89982759019656,0.430441269679605,0.51220580123652,0.809761461322141,0.809761461322141,"plaq_d"
"4328","SLC35A4","Exc L6 CT",-0.0197644519804052,2.80837822272404,0.173326799702015,0.677428443679841,0.896347415001378,0.896347415001378,"plaq_d"
"4329","NDUFA2","Exc L6 CT",0.0142346128716236,3.54100737427616,0.172286991457041,0.678342869650591,0.896733145224051,0.896733145224051,"plaq_d"
"4330","TMCO6","Exc L6 CT",-0.117284617148567,2.02695874149246,2.64286690717299,0.104920387837718,0.397691917670298,0.397691917670298,"plaq_d"
"4331","IK","Exc L6 CT",0.00676704514948705,3.94398863040911,0.0493632868131948,0.824305185798677,0.963985585882276,0.963985585882276,"plaq_d"
"4332","WDR55","Exc L6 CT",0.00700418320452096,3.04844607465015,0.0259579235478003,0.8720965567483,0.980031678570479,0.980031678570479,"plaq_d"
"4333","HARS","Exc L6 CT",-0.00813805355886203,5.85089171102624,0.296843421037783,0.888895791173129,0.984859409526221,0.984859409526221,"plaq_d"
"4334","HARS2","Exc L6 CT",-0.1126044013937,2.96816318541933,5.83157185850955,0.0162558134219369,0.150582173090925,0.150582173090925,"plaq_d"
"4335","ZMAT2","Exc L6 CT",0.0744342950003188,4.46131498298842,9.44149623293085,0.00228851160410533,0.0481658085565794,0.0481658085565794,"plaq_d"
"4336","PCDHA1","Exc L6 CT",-0.168956492606635,1.89659903425572,3.55962192812836,0.0600330108003381,0.302357774821936,0.302357774821936,"plaq_d"
"4337","AC005609.5","Exc L6 CT",0.0149887551922888,4.154528349748,0.230665444934106,0.631332433050121,0.87686075312972,0.87686075312972,"plaq_d"
"4338","PCDHB4","Exc L6 CT",0.0490340578132312,2.879794920855,0.791356748163735,0.37430437002325,0.711074192208887,0.711074192208887,"plaq_d"
"4339","PCDHB5","Exc L6 CT",-0.0286488516459569,2.01524793812799,0.141250456804602,0.707269907142037,0.911225827500549,0.911225827500549,"plaq_d"
"4340","AC244517.11","Exc L6 CT",-0.0599669278769621,2.38164808061938,0.832254916167974,0.362252488611113,0.703017905910701,0.703017905910701,"plaq_d"
"4341","PCDHB9","Exc L6 CT",-0.0548587150447173,2.36616824329978,0.802378307913391,0.37100207017175,0.710346485926012,0.710346485926012,"plaq_d"
"4342","PCDHB10","Exc L6 CT",0.0636564221875903,2.3711887847026,1.01024618822161,0.315541830030057,0.659965158377554,0.659965158377554,"plaq_d"
"4343","PCDHB12","Exc L6 CT",0.0705074670336729,2.22849802321586,1.18047184987867,0.278011527490248,0.62606736210966,0.62606736210966,"plaq_d"
"4344","PCDHB14","Exc L6 CT",-0.0323169774969047,2.0282896436049,0.219494309105829,0.639718653595041,0.879980077173644,0.879980077173644,"plaq_d"
"4345","AC244517.10","Exc L6 CT",-0.00657019408582098,4.23594455089166,0.0474064653367699,0.827766822541155,0.964685218129143,0.964685218129143,"plaq_d"
"4346","PCDHB15","Exc L6 CT",-0.0388859166106932,2.06374958834427,0.285675861671074,0.59334606546761,0.857095119252631,0.857095119252631,"plaq_d"
"4347","TAF7","Exc L6 CT",0.0172924821852003,4.69453477810275,0.486189023019504,0.680646322359041,0.898106555383558,0.898106555383558,"plaq_d"
"4348","PCDHGA1","Exc L6 CT",0.0455506981076649,3.40177659768339,0.909766686694259,0.340838006397809,0.684720058624456,0.684720058624456,"plaq_d"
"4349","DIAPH1","Exc L6 CT",0.0020954516651536,5.6641597129862,0.0145119760405707,0.944203164838875,0.997609533382524,0.997609533382524,"plaq_d"
"4350","HDAC3","Exc L6 CT",0.00249306971801051,5.76291513079671,0.0184554326029207,0.892017756002984,0.98553812105169,0.98553812105169,"plaq_d"
"4351","RELL2","Exc L6 CT",0.00295488930086618,3.89366910255678,0.0085810085103205,0.948131038271415,0.997964805243233,0.997964805243233,"plaq_d"
"4352","FCHSD1","Exc L6 CT",-0.0524260821137305,1.95328560789409,0.447272328075608,0.50407627349634,0.805655989914788,0.805655989914788,"plaq_d"
"4353","ARAP3","Exc L6 CT",-0.0801718703456489,3.14893878899926,2.5190141259243,0.113388529607589,0.412728513838396,0.412728513838396,"plaq_d"
"4354","PCDH1","Exc L6 CT",-0.0805290507171217,4.73511451250304,8.26130892692442,0.00429867789273768,0.070886330978066,0.070886330978066,"plaq_d"
"4355","DELE1","Exc L6 CT",-0.0356224948520497,5.38073914874176,2.98637048953364,0.0848547492737997,0.357347270232008,0.357347270232008,"plaq_d"
"4356","RNF14","Exc L6 CT",0.00175601690881684,4.8099888836307,0.00682461932556371,0.934208121127089,0.995676697651708,0.995676697651708,"plaq_d"
"4357","AC005740.3","Exc L6 CT",-0.0083326847101266,1.51771595555578,0.000900103536698496,0.976082865559547,0.999093977007575,0.999093977007575,"plaq_d"
"4358","GNPDA1","Exc L6 CT",0.0182275842859366,4.315076991276,0.454389242889908,0.500705158590621,0.803966339542469,0.803966339542469,"plaq_d"
"4359","NDFIP1","Exc L6 CT",0.00951892294330881,7.77691504138051,1.06096858233898,0.487758709564127,0.794767898458989,0.794767898458989,"plaq_d"
"4360","SPRY4","Exc L6 CT",-0.0591766327982783,2.54224932116466,0.849432952501319,0.357350935942374,0.699826428217443,0.699826428217443,"plaq_d"
"4361","SPRY4-AS1","Exc L6 CT",-0.202526211553321,5.7637834871626,21.7579434585431,4.41637032252832e-06,0.000766000809194188,0.000766000809194188,"plaq_d"
"4362","FGF1","Exc L6 CT",-0.108324795391488,2.85170486251748,2.53574487574349,0.112201724195148,0.410484376496405,0.410484376496405,"plaq_d"
"4363","ARHGAP26","Exc L6 CT",0.0376254293033845,9.6076193900535,10.8213365719327,0.00110587812904134,0.0295914898618571,0.0295914898618571,"plaq_d"
"4364","ARHGAP26-AS1","Exc L6 CT",-0.0356943424180478,2.9001964611695,0.347721714479986,0.555788085224432,0.835161780003341,0.835161780003341,"plaq_d"
"4365","NR3C1","Exc L6 CT",0.0245928142059679,8.31012369020515,3.10823582258835,0.0787744341542806,0.344850809210765,0.344850809210765,"plaq_d"
"4366","AC016598.1","Exc L6 CT",0.0284502935732587,5.37607852604403,0.945303825417049,0.331592474888215,0.676052296911308,0.676052296911308,"plaq_d"
"4367","YIPF5","Exc L6 CT",0.0172197716220633,4.43856801703711,0.457845569410647,0.499081810418007,0.802910973380768,0.802910973380768,"plaq_d"
"4368","KCTD16","Exc L6 CT",0.075752107347364,8.44462862351609,16.3695425716746,6.42339572382334e-05,0.00472483745714632,0.00472483745714632,"plaq_d"
"4369","PRELID2","Exc L6 CT",0.151912549529195,3.3579521074073,2.50627801869733,0.114301285518976,0.414081955597893,0.414081955597893,"plaq_d"
"4370","SH3RF2","Exc L6 CT",0.153300996966238,3.31790181748758,7.53119738369672,0.00637815962378805,0.089667955023489,0.089667955023489,"plaq_d"
"4371","PLAC8L1","Exc L6 CT",0.0151101944408379,3.9570158590838,0.215093215389717,0.643094138791809,0.881203285741464,0.881203285741464,"plaq_d"
"4372","AC091887.1","Exc L6 CT",-0.10077910048568,2.92162149796794,3.79204345653422,0.0523003049364727,0.2820963618829,0.2820963618829,"plaq_d"
"4373","LARS","Exc L6 CT",-0.000874192291191963,6.08423033071657,0.00334516446358667,0.953911326223255,0.998216253735524,0.998216253735524,"plaq_d"
"4374","AC091959.3","Exc L6 CT",0.0779151240604246,2.31489573296594,1.64994069594686,0.199820917933267,0.535783560172715,0.535783560172715,"plaq_d"
"4375","TCERG1","Exc L6 CT",-0.00379547402332114,6.79249327451233,0.0987695489261883,0.889478017200573,0.984904368079323,0.984904368079323,"plaq_d"
"4376","PPP2R2B","Exc L6 CT",0.0054814840796166,9.70216659416609,0.257266388289348,0.612325513970256,0.868391104237593,0.868391104237593,"plaq_d"
"4377","STK32A","Exc L6 CT",0.0433703000121218,2.53350492755633,0.549796767646221,0.458900546750759,0.775898728996668,0.775898728996668,"plaq_d"
"4378","DPYSL3","Exc L6 CT",-0.00280572522907227,5.01648607482412,0.0148240868018439,0.951268830648146,0.99802142424354,0.99802142424354,"plaq_d"
"4379","JAKMIP2-AS1","Exc L6 CT",-0.0518738544363938,3.94207358739121,2.31768162086353,0.128818162954415,0.43768380313707,0.43768380313707,"plaq_d"
"4380","JAKMIP2","Exc L6 CT",0.0339342174578575,8.22536288581319,10.6592666293787,0.00120390675348058,0.0312278227443358,0.0312278227443358,"plaq_d"
"4381","AC091948.1","Exc L6 CT",0.0287297376293431,5.06756914440797,1.15267976111609,0.283732350954441,0.630243932161725,0.630243932161725,"plaq_d"
"4382","FBXO38","Exc L6 CT",0.0211879551965269,5.21735241994868,1.19444875625751,0.31145226513634,0.655986365603914,0.655986365603914,"plaq_d"
"4383","HTR4","Exc L6 CT",0.110527773066214,4.27340658990536,4.56364007523806,0.0333544401284725,0.221685374002534,0.221685374002534,"plaq_d"
"4384","ABLIM3","Exc L6 CT",0.00766508876559209,6.26809906434026,0.23574287173357,0.627603253831441,0.875415327592084,0.875415327592084,"plaq_d"
"4385","AFAP1L1","Exc L6 CT",0.080440655434133,2.67847765572918,1.65556432194887,0.199058063998889,0.534335239479398,0.534335239479398,"plaq_d"
"4386","GRPEL2","Exc L6 CT",0.0490450763812459,2.76505793156276,1.093043303062,0.407627316701344,0.73928584118857,0.73928584118857,"plaq_d"
"4387","GRPEL2-AS1","Exc L6 CT",0.040057057679583,3.39113889083152,0.958401009207267,0.328269757375766,0.673378658760549,0.673378658760549,"plaq_d"
"4388","PCYOX1L","Exc L6 CT",-0.0410020070444831,3.80330124451529,1.63384796485301,0.20202304773944,0.537940263871511,0.537940263871511,"plaq_d"
"4389","CSNK1A1","Exc L6 CT",0.0451479407396795,7.37209381019411,20.8969970649718,6.74240166761508e-06,0.00101236286193717,0.00101236286193717,"plaq_d"
"4390","ARHGEF37","Exc L6 CT",-0.00291662755673731,3.57174357681519,0.00657831462934137,0.935403608653517,0.995807904957585,0.995807904957585,"plaq_d"
"4391","PPARGC1B","Exc L6 CT",-0.0309883345112829,5.96998855034182,2.9750646573476,0.0854441228299835,0.358616207656106,0.358616207656106,"plaq_d"
"4392","SLC26A2","Exc L6 CT",-0.0903903526936111,2.86999098129478,3.20938152096851,0.0740854580847371,0.333604708973374,0.333604708973374,"plaq_d"
"4393","HMGXB3","Exc L6 CT",-0.0125636753053143,4.73138421888583,0.29221946203862,0.762829427033997,0.939598302372085,0.939598302372085,"plaq_d"
"4394","PDGFRB","Exc L6 CT",0.0514710058284449,3.26861575287967,1.63170400213103,0.202318585021128,0.537940263871511,0.537940263871511,"plaq_d"
"4395","SLC6A7","Exc L6 CT",0.0457990652193162,4.220605973762,2.49453331304135,0.115150205618059,0.415563707322269,0.415563707322269,"plaq_d"
"4396","CAMK2A","Exc L6 CT",-0.000707412817693371,8.43538159160324,0.00337119932575632,0.953732524816408,0.998216253735524,0.998216253735524,"plaq_d"
"4397","TCOF1","Exc L6 CT",0.0278686327242205,4.65673059177146,1.285866376377,0.25759122132736,0.604892201588283,0.604892201588283,"plaq_d"
"4398","RPS14","Exc L6 CT",-0.109095653006675,5.37806262490153,17.377721159276,3.87071531487101e-05,0.00333669566903491,0.00333669566903491,"plaq_d"
"4399","NDST1","Exc L6 CT",-0.0162960771506377,4.95085399881183,0.619114897493173,0.431911590217715,0.756970577957031,0.756970577957031,"plaq_d"
"4400","SYNPO","Exc L6 CT",0.00837729822333937,5.65756822922736,0.186163356788014,0.666396209290517,0.893478550445554,0.893478550445554,"plaq_d"
"4401","MYOZ3","Exc L6 CT",0.0549099495205044,1.8286701534001,0.445424751151802,0.504957778076973,0.805875588575267,0.805875588575267,"plaq_d"
"4402","RBM22","Exc L6 CT",0.0798204182725667,3.83902449466223,6.85051218075905,0.00924810405433868,0.110199218403543,0.110199218403543,"plaq_d"
"4403","DCTN4","Exc L6 CT",0.00197085804677361,5.59386911688666,0.0147757898684084,0.974526002929032,0.999093977007575,0.999093977007575,"plaq_d"
"4404","TNIP1","Exc L6 CT",-0.0534742048719635,4.23364447540972,3.81304772121585,0.0516557243323519,0.27987798550566,0.27987798550566,"plaq_d"
"4405","ANXA6","Exc L6 CT",0.0144794332122729,6.04908343724161,0.799556659415937,0.371843595005893,0.710754340083492,0.710754340083492,"plaq_d"
"4406","CCDC69","Exc L6 CT",0.141435698832804,2.16200606294369,3.82200588854165,0.0513833882914314,0.279032537851168,0.279032537851168,"plaq_d"
"4407","GM2A","Exc L6 CT",-0.0665143682994538,2.59181531678127,1.41528789173434,0.234991111424897,0.579566907670518,0.579566907670518,"plaq_d"
"4408","SLC36A1","Exc L6 CT",0.0301197090801878,6.33334928704212,2.84942272117461,0.0923021580560102,0.373624119136575,0.373624119136575,"plaq_d"
"4409","FAT2","Exc L6 CT",-0.192541936402671,2.19227126687218,6.16179084310046,0.0135246640930385,0.135875372868233,0.135875372868233,"plaq_d"
"4410","AC011374.1","Exc L6 CT",-0.0400400980250009,2.65502824769408,0.544439070781715,0.461095801812083,0.776394701225957,0.776394701225957,"plaq_d"
"4411","ATOX1","Exc L6 CT",-0.0405114548044312,3.78903249565435,1.84295230328788,0.175484486216145,0.504191848587574,0.504191848587574,"plaq_d"
"4412","G3BP1","Exc L6 CT",0.0423397144339132,5.33166795351903,5.23159166706259,0.0302712508333083,0.209511984132839,0.209511984132839,"plaq_d"
"4413","GLRA1","Exc L6 CT",0.0117787152396891,1.89952386002448,0.0215458899340992,0.883386529115771,0.983659074176269,0.983659074176269,"plaq_d"
"4414","LINC01933","Exc L6 CT",0.0482458052394409,2.87496284760372,0.578229404541873,0.447521766310099,0.768430742819679,0.768430742819679,"plaq_d"
"4415","LINC01470","Exc L6 CT",-0.024253022133798,3.14159474328044,0.279664326121166,0.59725824575343,0.858868215549534,0.858868215549534,"plaq_d"
"4416","GRIA1","Exc L6 CT",0.00366695632720449,8.71510661797399,0.107427715865877,0.743288850391485,0.930317500415667,0.930317500415667,"plaq_d"
"4417","FAM114A2","Exc L6 CT",0.0228869501621027,3.65235664288907,0.425439047532866,0.598247502965693,0.859003695660694,0.859003695660694,"plaq_d"
"4418","MFAP3","Exc L6 CT",-0.00442678869012654,5.70535141501062,0.0456325707651309,0.830970132004706,0.966554216002098,0.966554216002098,"plaq_d"
"4419","GALNT10","Exc L6 CT",-0.0420007836466329,4.44362835684526,1.16741397172104,0.280681031406609,0.627434663899613,0.627434663899613,"plaq_d"
"4420","SAP30L-AS1","Exc L6 CT",0.0255707097689957,2.59429284213545,0.208889095554113,0.647924521629867,0.883726151025722,0.883726151025722,"plaq_d"
"4421","SAP30L","Exc L6 CT",0.0403636525880935,3.40195822368527,1.14288664603809,0.285783743009657,0.632521280637319,0.632521280637319,"plaq_d"
"4422","LARP1","Exc L6 CT",0.0110215837727325,7.3248808215676,1.03851808859524,0.505182506434683,0.805890473379344,0.805890473379344,"plaq_d"
"4423","CNOT8","Exc L6 CT",0.0209887767292231,4.1667684332725,0.626095284038569,0.429329866017823,0.755067761327646,0.755067761327646,"plaq_d"
"4424","GEMIN5","Exc L6 CT",0.00103739177170278,5.14572485940757,0.00283474139576296,0.957569394128931,0.998742420766286,0.998742420766286,"plaq_d"
"4425","MRPL22","Exc L6 CT",0.0190017567635878,4.1266420327522,0.495082049204441,0.482139269589227,0.791730180829695,0.791730180829695,"plaq_d"
"4426","SGCD","Exc L6 CT",-0.0053359120562821,7.76681774720622,0.0400533529631486,0.841493135397661,0.969513185327633,0.969513185327633,"plaq_d"
"4427","HAVCR2","Exc L6 CT",0.0207553008437507,4.49353861397004,0.492059644190957,0.483478538024305,0.792277408468742,0.792277408468742,"plaq_d"
"4428","CYFIP2","Exc L6 CT",0.0561229618405057,7.64510264814791,34.1547873472405,1.17044671247853e-08,1.05310942955256e-05,1.05310942955256e-05,"plaq_d"
"4429","FNDC9","Exc L6 CT",0.0280792351970167,1.90034639549138,0.110040866391521,0.740297189336655,0.928661774628954,0.928661774628954,"plaq_d"
"4430","ADAM19","Exc L6 CT",0.0115750446067778,5.13009832116772,0.208955144518836,0.647872642994316,0.883726151025722,0.883726151025722,"plaq_d"
"4431","THG1L","Exc L6 CT",-0.009378471338553,2.33645632130114,0.0208372273918672,0.885306775294172,0.984464416586969,0.984464416586969,"plaq_d"
"4432","LSM11","Exc L6 CT",0.066182223131463,4.87665859768478,7.95098596891274,0.00508121115871278,0.0781907298243407,0.0781907298243407,"plaq_d"
"4433","CLINT1","Exc L6 CT",0.0256145624429062,5.45054727789534,1.97084569484791,0.164325342596646,0.489965260815527,0.489965260815527,"plaq_d"
"4434","RNF145","Exc L6 CT",0.0102007226555262,6.51711313134461,0.560617827920875,0.454516891443207,0.774640229524443,0.774640229524443,"plaq_d"
"4435","UBLCP1","Exc L6 CT",0.0137185958090078,4.70685768441686,0.369651246493606,0.636761519800969,0.87839647739193,0.87839647739193,"plaq_d"
"4436","AC008691.1","Exc L6 CT",0.1174004506456,5.22532974188253,6.39348860193981,0.0118952031501085,0.127129431736424,0.127129431736424,"plaq_d"
"4437","LINC01847","Exc L6 CT",0.0325716545789814,2.01768522991426,0.142589751742873,0.705949967477951,0.910657612339148,0.910657612339148,"plaq_d"
"4438","ADRA1B","Exc L6 CT",-0.0521631461103449,4.96289796335024,2.43821993766528,0.119318912724484,0.421939343547451,0.421939343547451,"plaq_d"
"4439","TTC1","Exc L6 CT",-0.0208560121167221,6.40310036132867,2.29623908490701,0.148180155028641,0.467088839863889,0.467088839863889,"plaq_d"
"4440","PWWP2A","Exc L6 CT",0.00932364179609838,6.13995433891832,0.362567569213247,0.592485660813577,0.856624615439576,0.856624615439576,"plaq_d"
"4441","FABP6","Exc L6 CT",-0.0588481175858371,2.50350945239769,0.966718253141585,0.326182684592445,0.67110560631597,0.67110560631597,"plaq_d"
"4442","CCNJL","Exc L6 CT",-0.0159968563175475,3.52333507179517,0.128606829201165,0.720098256678846,0.917861329415248,0.917861329415248,"plaq_d"
"4443","ZBED8","Exc L6 CT",0.00534529133720454,3.10288169952798,0.0153503574067224,0.90146866611992,0.987839243790961,0.987839243790961,"plaq_d"
"4444","SLU7","Exc L6 CT",0.0333915791023843,4.86715401830861,2.33093693443039,0.127733341488706,0.435778088233023,0.435778088233023,"plaq_d"
"4445","PTTG1","Exc L6 CT",0.130936845669898,1.95004156082915,3.03843813566693,0.0821968320153093,0.352195805263946,0.352195805263946,"plaq_d"
"4446","ATP10B","Exc L6 CT",0.0965826718806423,4.02094966289499,2.54505876808246,0.111546994587884,0.409731073937559,0.409731073937559,"plaq_d"
"4447","GABRB2","Exc L6 CT",0.0367775983292313,9.57063620817702,16.5642929788425,5.82339991661644e-05,0.00449331941879067,0.00449331941879067,"plaq_d"
"4448","GABRA6","Exc L6 CT",-0.0171913890912131,4.56831347034943,0.265487623323599,0.606701857793108,0.863990498050211,0.863990498050211,"plaq_d"
"4449","GABRA1","Exc L6 CT",0.0526875619207098,7.89739542613764,19.3520659039665,1.44671724494202e-05,0.0016932472730232,0.0016932472730232,"plaq_d"
"4450","LINC01202","Exc L6 CT",0.140727444215657,2.67272437093189,2.52622117305381,0.11287559949971,0.411772573598059,0.411772573598059,"plaq_d"
"4451","GABRG2","Exc L6 CT",0.0686064810324247,7.98700260186816,25.8149093733985,6.14166543228366e-07,0.000200520423277449,0.000200520423277449,"plaq_d"
"4452","AC113414.1","Exc L6 CT",-0.0209006603793465,4.81026618908615,0.36463350700293,0.546337290984009,0.829999117877352,0.829999117877352,"plaq_d"
"4453","CCNG1","Exc L6 CT",0.0028211814895891,3.12274000999799,0.00444120203824154,0.953998533941583,0.998216253735524,0.998216253735524,"plaq_d"
"4454","NUDCD2","Exc L6 CT",-0.0207215439797757,4.12979427769493,0.595481068953836,0.440830796982871,0.763247691056896,0.763247691056896,"plaq_d"
"4455","MAT2B","Exc L6 CT",0.0609198764653856,4.08105089186675,4.50218877890176,0.0345572604649768,0.224903400385988,0.224903400385988,"plaq_d"
"4456","AC109466.1","Exc L6 CT",-0.218741971462306,3.60849967886642,1.89040506385798,0.170040308219561,0.497249976671279,0.497249976671279,"plaq_d"
"4457","AC008415.1","Exc L6 CT",-0.325063016896579,2.83044107823414,4.56799705327309,0.0332708442800243,0.221538887259588,0.221538887259588,"plaq_d"
"4458","TENM2","Exc L6 CT",-0.0184470427756358,6.90695373341185,0.111990985380033,0.738090206009287,0.927975912845345,0.927975912845345,"plaq_d"
"4459","WWC1","Exc L6 CT",-0.0623031305357114,5.40854764800849,6.9884668902986,0.00857462351551055,0.105270802129128,0.105270802129128,"plaq_d"
"4460","RARS","Exc L6 CT",-0.0995898679145095,5.50655849971991,29.7734963485484,9.23503668629263e-08,5.53923740839844e-05,5.53923740839844e-05,"plaq_d"
"4461","FBLL1","Exc L6 CT",0.0599457423207631,3.68823975977321,3.12023738113684,0.0782016563255241,0.343700517536901,0.343700517536901,"plaq_d"
"4462","PANK3","Exc L6 CT",-0.000289035087206146,5.46900349361286,0.000247003664016002,0.98746968428988,0.999571689696322,0.999571689696322,"plaq_d"
"4463","SLIT3","Exc L6 CT",0.0104952605040786,8.23594035947394,0.291642771137417,0.589514939430539,0.855255248659739,0.855255248659739,"plaq_d"
"4464","SPDL1","Exc L6 CT",-0.122744333574714,3.03677301524326,7.15313159038076,0.00783631659349475,0.0993934922290312,0.0993934922290312,"plaq_d"
"4465","KCNIP1","Exc L6 CT",0.254987207161411,1.44558382110415,5.51823145379907,0.0193775809174753,0.164675120949217,0.164675120949217,"plaq_d"
"4466","RANBP17","Exc L6 CT",-0.0223305042818165,6.15511127310549,0.580920445387432,0.446467732426103,0.767394338262028,0.767394338262028,"plaq_d"
"4467","NPM1","Exc L6 CT",-0.0296667628031901,4.38702187427411,1.28600955106187,0.422762590758624,0.75023419676295,0.75023419676295,"plaq_d"
"4468","FBXW11","Exc L6 CT",0.0020960316007201,6.6111923036225,0.0365938441178584,0.848405837118925,0.972105056207096,0.972105056207096,"plaq_d"
"4469","STK10","Exc L6 CT",0.00201776521649168,3.42265630235735,0.00234886583382735,0.961373365235438,0.998742420766286,0.998742420766286,"plaq_d"
"4470","UBTD2","Exc L6 CT",-0.0100836854316561,4.38091521195128,0.132778976119862,0.715789110829947,0.91522991622294,0.91522991622294,"plaq_d"
"4471","SH3PXD2B","Exc L6 CT",0.0226219777840691,3.50200846900519,0.361542623347298,0.595528308239744,0.858524486823489,0.858524486823489,"plaq_d"
"4472","NEURL1B","Exc L6 CT",0.0244351593845014,4.07226124454536,0.439771984740638,0.507671301483815,0.806848758684147,0.806848758684147,"plaq_d"
"4473","DUSP1","Exc L6 CT",0.0800231526572451,2.32751282439107,1.21808287187704,0.270499363399698,0.618110489548646,0.618110489548646,"plaq_d"
"4474","ERGIC1","Exc L6 CT",-0.0130568497300548,6.026429298634,0.634983115447501,0.426076347303604,0.752602883195861,0.752602883195861,"plaq_d"
"4475","RPL26L1","Exc L6 CT",-0.0144975964406292,2.54443186334212,0.0647823739173316,0.79924115506914,0.955002960522522,0.955002960522522,"plaq_d"
"4476","ATP6V0E1","Exc L6 CT",-0.0278666655566731,5.22379820621892,1.86597492161356,0.172818399078783,0.500179668905944,0.500179668905944,"plaq_d"
"4477","CREBRF","Exc L6 CT",0.0326943572498062,6.40255148842561,6.84786256361408,0.0211341858437003,0.172654586505478,0.172654586505478,"plaq_d"
"4478","BNIP1","Exc L6 CT",-0.0632028884391681,2.66219468923498,1.6034810828522,0.206257068089515,0.542135612966343,0.542135612966343,"plaq_d"
"4479","BOD1","Exc L6 CT",-0.0054916958379882,3.57678459840769,0.0274744643386432,0.868446565670507,0.978719019836592,0.978719019836592,"plaq_d"
"4480","CPEB4","Exc L6 CT",0.0294524035409995,7.33953869107817,5.67217169633691,0.0177728214029632,0.157450791948959,0.157450791948959,"plaq_d"
"4481","NSG2","Exc L6 CT",-0.00480368511731439,6.49288901441525,0.0771384647879051,0.781378227309731,0.948059077989961,0.948059077989961,"plaq_d"
"4482","LINC01411","Exc L6 CT",-0.0234560925256423,2.30127394769108,0.076290319620129,0.782552928597195,0.948441504880048,0.948441504880048,"plaq_d"
"4483","AC113346.2","Exc L6 CT",-0.0212898306709092,2.13899389382169,0.0881881845684786,0.766670335329414,0.941079992104557,0.941079992104557,"plaq_d"
"4484","LINC01951","Exc L6 CT",-0.0237907968741195,3.75576128862621,0.232402172382682,0.630051226818808,0.876683500163605,0.876683500163605,"plaq_d"
"4485","DRD1","Exc L6 CT",0.0783822237308581,3.88287161416634,5.45377015787396,0.0200935907241206,0.168672662531188,0.168672662531188,"plaq_d"
"4486","SFXN1","Exc L6 CT",0.000173982619305056,6.4706244608202,0.000207089995156748,0.98852658316695,0.999571689696322,0.999571689696322,"plaq_d"
"4487","HRH2","Exc L6 CT",-0.0130186157217814,6.40486423206492,0.631247573587771,0.427439241949947,0.753725542272347,0.753725542272347,"plaq_d"
"4488","CPLX2","Exc L6 CT",0.0336752974827115,7.64014405510124,4.71296994539719,0.0306109555020247,0.210849433209161,0.210849433209161,"plaq_d"
"4489","THOC3","Exc L6 CT",-0.0326079076333246,5.20067422392598,2.04572276521641,0.153531199142333,0.474969345342743,0.474969345342743,"plaq_d"
"4490","AC139491.1","Exc L6 CT",0.0515190772681643,2.27752593881894,0.608864243153009,0.435745870511733,0.758891549950024,0.758891549950024,"plaq_d"
"4491","FAM153B","Exc L6 CT",-0.0776727362647756,5.9624218102803,4.37339566110531,0.0372284898076098,0.233943815983902,0.233943815983902,"plaq_d"
"4492","AC139491.7","Exc L6 CT",0.00401543193215647,6.10604262767195,0.0396457020995542,0.84229112809527,0.969977312877026,0.969977312877026,"plaq_d"
"4493","SIMC1","Exc L6 CT",-0.000463135971862178,7.26602991170743,0.00170178531585462,0.967118084224651,0.998742420766286,0.998742420766286,"plaq_d"
"4494","KIAA1191","Exc L6 CT",0.0176740424462651,4.9895547070616,0.842400831259064,0.359346335123907,0.701124766695639,0.701124766695639,"plaq_d"
"4495","AC138956.1","Exc L6 CT",-0.294535147869841,1.52276983653025,7.99445064184996,0.00496337043984853,0.07716272230244,0.07716272230244,"plaq_d"
"4496","ARL10","Exc L6 CT",0.0402999942050711,4.9991906896122,4.10370432720559,0.0729628961620639,0.330826410440653,0.330826410440653,"plaq_d"
"4497","NOP16","Exc L6 CT",0.00386567433879577,2.13821927334669,0.0046969095234849,0.94539989208176,0.997609533382524,0.997609533382524,"plaq_d"
"4498","CLTB","Exc L6 CT",-0.00825587661486041,5.29525109580426,0.150565295382288,0.698232839961182,0.908100096131645,0.908100096131645,"plaq_d"
"4499","FAF2","Exc L6 CT",-0.0346179663416708,5.65115513943854,4.34223912961209,0.0379067614353149,0.235884306771222,0.235884306771222,"plaq_d"
"4500","RNF44","Exc L6 CT",0.0434991272986954,4.35474668018976,2.84965122209249,0.106453495726997,0.40016063852872,0.40016063852872,"plaq_d"
"4501","CDHR2","Exc L6 CT",-0.00472704073848186,3.12461141577625,0.0111957955652106,0.933634522176625,0.995452716727499,0.995452716727499,"plaq_d"
"4502","GPRIN1","Exc L6 CT",0.0769881061301053,4.13239409092316,6.84469362393423,0.00927767801508018,0.110199218403543,0.110199218403543,"plaq_d"
"4503","SNCB","Exc L6 CT",0.0615569176321573,6.16462495767805,10.0344710423175,0.00167226645291532,0.0393365161048513,0.0393365161048513,"plaq_d"
"4504","EIF4E1B","Exc L6 CT",0.024063641673255,4.48633861953525,0.654011383929528,0.41923435532941,0.747177396181539,0.747177396181539,"plaq_d"
"4505","TSPAN17","Exc L6 CT",-0.0177845050967196,3.49908982759101,0.228426275218273,0.632993090695172,0.877702080255377,0.877702080255377,"plaq_d"
"4506","UNC5A","Exc L6 CT",0.0110424624050184,6.53175725040425,0.489384365676454,0.484669122803868,0.792964733706613,0.792964733706613,"plaq_d"
"4507","UIMC1","Exc L6 CT",-5.286644131921e-05,6.13513759079272,1.5382305280397e-05,0.996872928280133,0.999906738276838,0.999906738276838,"plaq_d"
"4508","ZNF346","Exc L6 CT",-0.026737264473155,6.19484933097616,2.99623490167951,0.0843441223103027,0.355971264960163,0.355971264960163,"plaq_d"
"4509","NSD1","Exc L6 CT",-0.00904592317395197,7.27908048356152,0.719184046880956,0.396994263435447,0.729715196171693,0.729715196171693,"plaq_d"
"4510","RAB24","Exc L6 CT",0.0637104957409012,2.6255857813409,1.63250813980307,0.202207677828695,0.537940263871511,0.537940263871511,"plaq_d"
"4511","MXD3","Exc L6 CT",-0.140635335194122,2.46994335354154,5.73414028061577,0.0171663405312657,0.154454148930063,0.154454148930063,"plaq_d"
"4512","PRELID1","Exc L6 CT",-0.000569176002696368,3.79829119390756,0.000321389668725756,0.98570708298483,0.999571689696322,0.999571689696322,"plaq_d"
"4513","LMAN2","Exc L6 CT",-0.0464705046725864,3.74756399441803,2.23336282775781,0.135965277579589,0.448606894852309,0.448606894852309,"plaq_d"
"4514","RGS14","Exc L6 CT",0.0869199156803438,3.14075601546424,3.49442309635965,0.0624150545384373,0.307609423189094,0.307609423189094,"plaq_d"
"4515","GRK6","Exc L6 CT",-0.0564304821350705,3.58458999857488,2.37311550566759,0.124348739359327,0.430521203523404,0.430521203523404,"plaq_d"
"4516","PRR7","Exc L6 CT",0.0029690319764853,3.77746534705361,0.00805357499817488,0.928544064964547,0.994167628886557,0.994167628886557,"plaq_d"
"4517","DBN1","Exc L6 CT",0.0475481011433252,4.8602848607453,4.81304246737835,0.0289055481838155,0.203782699145058,0.203782699145058,"plaq_d"
"4518","PDLIM7","Exc L6 CT",-0.0115453661056009,3.72683995994103,0.108562112938759,0.741985237022363,0.929644862678324,0.929644862678324,"plaq_d"
"4519","DOK3","Exc L6 CT",0.047013479773395,2.57655394063602,0.64287602727486,0.423218102012931,0.750264252157266,0.750264252157266,"plaq_d"
"4520","DDX41","Exc L6 CT",-0.0453861836678054,3.60343002235874,1.76180858301422,0.185268716302088,0.517186046128536,0.517186046128536,"plaq_d"
"4521","FAM193B","Exc L6 CT",-0.0196504223192052,5.94164383474394,1.64440691720041,0.200574950469253,0.536115214022879,0.536115214022879,"plaq_d"
"4522","TMED9","Exc L6 CT",-0.00161008189633791,3.81557073404755,0.00270212743006721,0.958572851013597,0.998742420766286,0.998742420766286,"plaq_d"
"4523","B4GALT7","Exc L6 CT",-0.0808446466702033,2.86173081132659,2.79140994597492,0.0956693399771391,0.380766773134039,0.380766773134039,"plaq_d"
"4524","AC138819.1","Exc L6 CT",0.0541683790901651,1.99723750399547,0.511014916201365,0.475178835008327,0.787370454509654,0.787370454509654,"plaq_d"
"4525","FAM153A","Exc L6 CT",-0.0419223562602243,6.46871084546265,2.66700147802843,0.103352762053719,0.394609637415312,0.394609637415312,"plaq_d"
"4526","AC140125.2","Exc L6 CT",-0.0581842671285613,2.37524422422638,0.697447522454805,0.404215340843456,0.736220147619231,0.736220147619231,"plaq_d"
"4527","AC106795.3","Exc L6 CT",0.0115283445759501,3.84490757554124,0.102077489442808,0.749542267363714,0.933349594630062,0.933349594630062,"plaq_d"
"4528","FAM153C","Exc L6 CT",-0.0581533274148057,6.81108623663892,6.52228925218855,0.0110784049671264,0.122291481097255,0.122291481097255,"plaq_d"
"4529","N4BP3","Exc L6 CT",-0.00583508990370438,2.44124244867288,0.00894249705073797,0.928721929290881,0.994167628886557,0.994167628886557,"plaq_d"
"4530","RMND5B","Exc L6 CT",-0.0475232202014159,4.8417948192868,4.62500763206592,0.0321970331907347,0.217099995228954,0.217099995228954,"plaq_d"
"4531","NHP2","Exc L6 CT",-0.0145173743474062,3.66678706353165,0.154859281786199,0.694175094183555,0.905857924547221,0.905857924547221,"plaq_d"
"4532","HNRNPAB","Exc L6 CT",0.0589276218131574,3.16303467321243,2.21713320563465,0.137391437147238,0.451411926931783,0.451411926931783,"plaq_d"
"4533","PHYKPL","Exc L6 CT",-0.035440253661567,5.55363799819164,3.1145943672423,0.078470407829613,0.344093813924797,0.344093813924797,"plaq_d"
"4534","COL23A1","Exc L6 CT",0.00420302144343704,5.13111833251681,0.0170714906981526,0.896121379002557,0.986281603373151,0.986281603373151,"plaq_d"
"4535","CLK4","Exc L6 CT",-0.0426972819564696,5.57523877558879,5.29986786531769,0.0219165216123248,0.176009828166215,0.176009828166215,"plaq_d"
"4536","ZNF354A","Exc L6 CT",-0.0497686995887509,4.52143363147142,3.17434696907177,0.0756745708804466,0.338360402270532,0.338360402270532,"plaq_d"
"4537","ZNF354B","Exc L6 CT",0.0280344115066089,4.05823876317414,0.977446015926407,0.337593361527851,0.681678405882187,0.681678405882187,"plaq_d"
"4538","ZFP2","Exc L6 CT",-0.0653875970214677,4.21241807891679,4.2921385265994,0.0390248638169336,0.239436313707218,0.239436313707218,"plaq_d"
"4539","ZNF454","Exc L6 CT",-0.00160077294188298,3.76471185224962,0.00210265854512945,0.96345230341039,0.998742420766286,0.998742420766286,"plaq_d"
"4540","AC104117.3","Exc L6 CT",0.0238935005216319,3.95311994238863,0.658986257227034,0.452962075288562,0.77361988798839,0.77361988798839,"plaq_d"
"4541","ZNF879","Exc L6 CT",0.0514074248017369,2.13004968574634,0.576235582789677,0.448305212354201,0.769196190866025,0.769196190866025,"plaq_d"
"4542","ZNF354C","Exc L6 CT",-0.0783072157148367,2.4253405715994,1.53571370244218,0.216091581584863,0.554973366008574,0.554973366008574,"plaq_d"
"4543","ADAMTS2","Exc L6 CT",0.141183495151811,5.35052432582944,18.2253326922904,2.53379382155054e-05,0.00251053398621306,0.00251053398621306,"plaq_d"
"4544","RUFY1","Exc L6 CT",-0.0165013988667952,5.9488378514477,1.21215034785768,0.271667176025109,0.618522958414909,0.618522958414909,"plaq_d"
"4545","AC136604.2","Exc L6 CT",-0.0959884849554353,2.56289225953991,2.91812568310838,0.0884807710170777,0.364350451819751,0.364350451819751,"plaq_d"
"4546","HNRNPH1","Exc L6 CT",0.00168823497201513,6.00297957328242,0.00780914491910061,0.929633910195152,0.994167628886557,0.994167628886557,"plaq_d"
"4547","AC136604.3","Exc L6 CT",0.0199500354227588,2.24841769216373,0.0921776875384173,0.761608052308417,0.939080343809897,0.939080343809897,"plaq_d"
"4548","CBY3","Exc L6 CT",-0.100386410604646,1.9451944179905,1.73705370206638,0.188378985912908,0.521434876041272,0.521434876041272,"plaq_d"
"4549","CANX","Exc L6 CT",0.0193058506075379,6.1485450453778,1.76724776406769,0.184593371736972,0.516131101400406,0.516131101400406,"plaq_d"
"4550","MAML1","Exc L6 CT",-0.0296139583866461,5.19421979798486,2.139330681313,0.14446652276086,0.460833162345523,0.460833162345523,"plaq_d"
"4551","MGAT4B","Exc L6 CT",-0.0077645854758871,4.12449388645337,0.0789046990056664,0.778954087989751,0.947280433890889,0.947280433890889,"plaq_d"
"4552","SQSTM1","Exc L6 CT",-0.00699209399516098,6.02223317680363,0.18579317761017,0.666707947015293,0.893533785850682,0.893533785850682,"plaq_d"
"4553","MRNIP","Exc L6 CT",-0.0496867448848799,5.75036356140287,9.2431201391537,0.00254284682980552,0.0515589055801131,0.0515589055801131,"plaq_d"
"4554","TBC1D9B","Exc L6 CT",-0.00417319155988089,6.10991227834355,0.0755217937933138,0.783623440841645,0.949016653454675,0.949016653454675,"plaq_d"
"4555","RNF130","Exc L6 CT",0.00873797879908005,8.16466497701954,0.716283157431221,0.397947076166143,0.73081338289167,0.73081338289167,"plaq_d"
"4556","RASGEF1C","Exc L6 CT",0.0335752039696145,4.9169500278434,1.14275192018583,0.285812095758944,0.632521280637319,0.632521280637319,"plaq_d"
"4557","MAPK9","Exc L6 CT",0.014868618924859,6.38524619266327,1.17003206828851,0.454043909757576,0.774365137409082,0.774365137409082,"plaq_d"
"4558","AC008610.1","Exc L6 CT",-0.0385371093221223,3.30154355633317,0.912251633434301,0.340180315287038,0.6841179889942,0.6841179889942,"plaq_d"
"4559","GFPT2","Exc L6 CT",0.012541658295878,6.25715136382546,0.516102689946651,0.472990684944694,0.785190717304406,0.785190717304406,"plaq_d"
"4560","CNOT6","Exc L6 CT",-0.00911131354404214,5.44381539720752,0.248117820399027,0.618717969037127,0.87102638321245,0.87102638321245,"plaq_d"
"4561","MGAT1","Exc L6 CT",-0.0298136049301376,4.16626528048205,1.25956194482802,0.26250732252296,0.609171698029438,0.609171698029438,"plaq_d"
"4562","ZFP62","Exc L6 CT",-0.0189303560579793,3.65346323883254,0.344027423753392,0.71620617818338,0.915372372702108,0.915372372702108,"plaq_d"
"4563","AC008443.5","Exc L6 CT",-0.0905193622174214,2.01740150928444,1.4800490655444,0.224590848810818,0.564752813883063,0.564752813883063,"plaq_d"
"4564","TRIM41","Exc L6 CT",0.0209528436005851,3.48069371111325,0.359305206747699,0.549282183026974,0.831577064555297,0.831577064555297,"plaq_d"
"4565","RACK1","Exc L6 CT",0.00585659931944831,5.15018372717205,0.0854338287590664,0.770238483119374,0.943127770943821,0.943127770943821,"plaq_d"
"4566","TRIM52","Exc L6 CT",-0.00503250808528218,4.76719378808886,0.048199456548868,0.849764372874291,0.972741879693731,0.972741879693731,"plaq_d"
"4567","AC138035.1","Exc L6 CT",-0.0815844340328493,2.28222229645832,1.50385340912876,0.22090805701003,0.559900973373338,0.559900973373338,"plaq_d"
"4568","DUSP22","Exc L6 CT",0.034626226260294,4.35786078983026,1.80407238753586,0.180095729601135,0.510418222502386,0.510418222502386,"plaq_d"
"4569","EXOC2","Exc L6 CT",0.00134699846556337,6.82458276487079,0.00928207622058116,0.923303164494633,0.992887686963406,0.992887686963406,"plaq_d"
"4570","AL357054.2","Exc L6 CT",0.0575237278353646,3.89633524965134,2.6950986740247,0.101560101095257,0.390924923895006,0.390924923895006,"plaq_d"
"4571","AL357054.3","Exc L6 CT",0.10130396539075,3.18582109622142,6.34729922039543,0.0122030409011121,0.129172777067949,0.129172777067949,"plaq_d"
"4572","GMDS","Exc L6 CT",0.00732873326513991,7.86899305982629,0.312388062613347,0.576577732287044,0.848416159876079,0.848416159876079,"plaq_d"
"4573","GMDS-DT","Exc L6 CT",-0.0238112268519351,7.27544118865928,2.12532038395323,0.145783804957652,0.462779196509449,0.462779196509449,"plaq_d"
"4574","LINC01600","Exc L6 CT",0.000583109786873172,2.57375690170756,6.37154615072034e-05,0.993635767501327,0.999633003011692,0.999633003011692,"plaq_d"
"4575","MYLK4","Exc L6 CT",0.0224219234384736,3.29396093584555,0.231872108044334,0.630441634847764,0.876683500163605,0.876683500163605,"plaq_d"
"4576","WRNIP1","Exc L6 CT",0.0210717767097647,5.05094892353726,1.14372237697512,0.285607945292526,0.632521280637319,0.632521280637319,"plaq_d"
"4577","SERPINB9","Exc L6 CT",-0.0576243966494849,4.24956988866325,2.55884867935937,0.110585358645063,0.408440929977692,0.408440929977692,"plaq_d"
"4578","SERPINB6","Exc L6 CT",0.020548747701748,3.68456792765104,0.276490201408326,0.599345660166309,0.859858066890694,0.859858066890694,"plaq_d"
"4579","LINC01011","Exc L6 CT",-0.000646766252285177,2.56856620544748,8.06509392551577e-05,0.992839767808833,0.999571689696322,0.999571689696322,"plaq_d"
"4580","NQO2","Exc L6 CT",-0.0186651038691082,6.59681293261405,1.1118694540316,0.292407048693499,0.639643196017567,0.639643196017567,"plaq_d"
"4581","RIPK1","Exc L6 CT",-0.0558924631731878,4.98869965905119,6.27830527720695,0.0126782627977884,0.131306669954649,0.131306669954649,"plaq_d"
"4582","BPHL","Exc L6 CT",-0.0374812009376218,4.35265070080215,2.0114400667245,0.207105065941898,0.542554144421386,0.542554144421386,"plaq_d"
"4583","TUBB2A","Exc L6 CT",0.0236831734910978,6.07939017379231,0.865031720892544,0.352978769946662,0.696244510389889,0.696244510389889,"plaq_d"
"4584","PSMG4","Exc L6 CT",-0.0200522061738473,4.90143413265122,0.929217052790629,0.335735436336769,0.680547358702356,0.680547358702356,"plaq_d"
"4585","SLC22A23","Exc L6 CT",0.0353850377250024,6.7579028245013,7.12910220063198,0.0079398466012476,0.100529491355814,0.100529491355814,"plaq_d"
"4586","FAM50B","Exc L6 CT",0.0212524445603274,2.51440857554391,0.150581007333929,0.698217871703367,0.908100096131645,0.908100096131645,"plaq_d"
"4587","AL138831.1","Exc L6 CT",-0.0707461962463825,1.99467035732882,0.637200511150776,0.425270438483019,0.751796102711004,0.751796102711004,"plaq_d"
"4588","PRPF4B","Exc L6 CT",0.00241005027608914,6.06624719207556,0.018732240414474,0.891215992938534,0.985175876091771,0.985175876091771,"plaq_d"
"4589","FAM217A","Exc L6 CT",-0.205499703406949,2.09792023522618,7.0159294010752,0.00844669099037997,0.104645923836067,0.104645923836067,"plaq_d"
"4590","ECI2","Exc L6 CT",-0.00347185256181291,3.99396825879698,0.0103492797692971,0.919028426627674,0.991729246317899,0.991729246317899,"plaq_d"
"4591","AL162718.1","Exc L6 CT",-0.00265979259922025,1.93571654018215,0.000589894309672515,0.980637005147747,0.999396584092899,0.999396584092899,"plaq_d"
"4592","CDYL","Exc L6 CT",-0.0180705867384782,5.81173119213324,1.11312824126376,0.292134454128814,0.639505086759624,0.639505086759624,"plaq_d"
"4593","RPP40","Exc L6 CT",0.0985534580152681,2.02217798469981,1.93831258611393,0.164740376984377,0.490738077716866,0.490738077716866,"plaq_d"
"4594","AL359643.2","Exc L6 CT",0.0236922785758558,2.37317363519077,0.137491430433549,0.711013197366997,0.913083741980474,0.913083741980474,"plaq_d"
"4595","LYRM4","Exc L6 CT",-0.00766424244412222,6.27370778960965,0.209313025594888,0.64759171502559,0.883726151025722,0.883726151025722,"plaq_d"
"4596","FARS2","Exc L6 CT",0.00854741791799734,8.25428659083412,0.580372047064645,0.715574838911094,0.91522991622294,0.91522991622294,"plaq_d"
"4597","AL022097.1","Exc L6 CT",-0.0416796214204392,2.18494028237316,0.377013720000762,0.55992449194176,0.837907794801828,0.837907794801828,"plaq_d"
"4598","AL136307.1","Exc L6 CT",0.00422359847287782,3.00028313564834,0.0087729959093452,0.925429723605504,0.993407704701672,0.993407704701672,"plaq_d"
"4599","NRN1","Exc L6 CT",0.0242796739855784,5.37144627121448,1.41440854483813,0.235136294213664,0.579726338670989,0.579726338670989,"plaq_d"
"4600","F13A1","Exc L6 CT",0.0842703381251626,2.18961845373215,1.57818146429495,0.209865033850987,0.54662873662363,0.54662873662363,"plaq_d"
"4601","LY86-AS1","Exc L6 CT",0.0395204481758054,6.69600836596508,1.67634995054944,0.196268064538607,0.531204184451549,0.531204184451549,"plaq_d"
"4602","LY86","Exc L6 CT",-0.00305155073947405,1.86217268343005,1.04406101054072e-06,0.999185312395493,0.999906738276838,0.999906738276838,"plaq_d"
"4603","SSR1","Exc L6 CT",-0.0145511431917331,5.93721521838815,0.829208095284745,0.516841994669726,0.812277003849932,0.812277003849932,"plaq_d"
"4604","AL139095.4","Exc L6 CT",-0.0643353561041324,2.6864483068033,1.30066967100293,0.438320395929924,0.760723021239813,0.760723021239813,"plaq_d"
"4605","RIOK1","Exc L6 CT",0.00214188384911654,3.61347728571494,0.00370014519109771,0.972736394672406,0.999088296211026,0.999088296211026,"plaq_d"
"4606","SNRNP48","Exc L6 CT",0.0181260608635691,4.63618417437628,0.694398277446193,0.49278247588538,0.798860190065041,0.798860190065041,"plaq_d"
"4607","BLOC1S5-TXNDC5","Exc L6 CT",-0.0363848906694112,3.97444870123338,1.11704012352667,0.291289397713322,0.638741977563024,0.638741977563024,"plaq_d"
"4608","SLC35B3","Exc L6 CT",-0.00223984159565951,4.18361892187738,0.00636599398159364,0.946672745241233,0.997914939752836,0.997914939752836,"plaq_d"
"4609","PAK1IP1","Exc L6 CT",-0.0217998616014569,3.71566782458882,0.496153375145672,0.481666017881532,0.791247238533222,0.791247238533222,"plaq_d"
"4610","TMEM14C","Exc L6 CT",0.0591901943900329,3.21173128606571,2.25390355779501,0.134184078744623,0.446432631755856,0.446432631755856,"plaq_d"
"4611","AL024498.2","Exc L6 CT",0.0314710210047469,5.03209559333312,1.77100301478598,0.184128782098388,0.515302866852332,0.515302866852332,"plaq_d"
"4612","MAK","Exc L6 CT",-0.061785410140596,4.70668573759908,4.16044824394328,0.0421328330937749,0.248648766817809,0.248648766817809,"plaq_d"
"4613","SYCP2L","Exc L6 CT",-0.0131284462953428,5.12034252555773,0.241997973144582,0.623076767623746,0.872864237883659,0.872864237883659,"plaq_d"
"4614","SMIM13","Exc L6 CT",0.0633577845763995,5.15371256395035,9.18397157254147,0.0026241285729479,0.0526473749245597,0.0526473749245597,"plaq_d"
"4615","AL139807.1","Exc L6 CT",-0.0458379141022232,4.26874765995938,1.39474290791707,0.238411813663869,0.583306673947155,0.583306673947155,"plaq_d"
"4616","NEDD9","Exc L6 CT",-0.0227073307108351,3.36133143992116,0.167553717029873,0.682546789082361,0.899070690422699,0.899070690422699,"plaq_d"
"4617","AL445430.1","Exc L6 CT",0.0192621354510989,2.13906326232968,0.0662318443179052,0.797056383021026,0.953693327389852,0.953693327389852,"plaq_d"
"4618","TMEM170B","Exc L6 CT",0.0490348141366197,5.33958121958409,6.2482934755608,0.0128909064018553,0.132366254323187,0.132366254323187,"plaq_d"
"4619","ADTRP","Exc L6 CT",-0.0381634290940489,5.15469538424536,1.46465430393691,0.227011934372685,0.568754578355234,0.568754578355234,"plaq_d"
"4620","HIVEP1","Exc L6 CT",-0.00993846043018362,7.18924582453569,0.46816820502571,0.494286220887125,0.799151308845645,0.799151308845645,"plaq_d"
"4621","PHACTR1","Exc L6 CT",-0.00310340007006083,11.0030825388575,0.0899131330463987,0.764466541016634,0.940058112622829,0.940058112622829,"plaq_d"
"4622","TBC1D7","Exc L6 CT",0.0058893216682583,3.93497978474631,0.0349513910979839,0.851806435345734,0.973991347268367,0.973991347268367,"plaq_d"
"4623","GFOD1","Exc L6 CT",0.0373584968810007,7.12264278743443,4.01797532072401,0.0457916423751726,0.261697691001582,0.261697691001582,"plaq_d"
"4624","SIRT5","Exc L6 CT",-0.0172480569966599,5.56752352196662,1.01895489302361,0.313467981010112,0.657825809711599,0.657825809711599,"plaq_d"
"4625","NOL7","Exc L6 CT",0.0293314037040828,4.54388733404631,1.42771418099202,0.232951077043719,0.577603118346776,0.577603118346776,"plaq_d"
"4626","RANBP9","Exc L6 CT",0.00778811917931367,7.24800888595946,0.465180813143698,0.495666046189187,0.800314984403269,0.800314984403269,"plaq_d"
"4627","MCUR1","Exc L6 CT",-0.0233681816479854,4.51462621040724,0.967752539119461,0.325924381774408,0.67067001143859,0.67067001143859,"plaq_d"
"4628","CD83","Exc L6 CT",-0.00514042483801053,3.342405181621,0.0122650227740386,0.9118803339643,0.989953996741184,0.989953996741184,"plaq_d"
"4629","AL138720.1","Exc L6 CT",-0.00419671757922959,2.22788630124811,0.00398565537018818,0.949697580413156,0.99802142424354,0.99802142424354,"plaq_d"
"4630","JARID2","Exc L6 CT",0.0106223932521155,6.76433475360624,0.65421141752924,0.419163305578173,0.747177396181539,0.747177396181539,"plaq_d"
"4631","DTNBP1","Exc L6 CT",-0.0068455242531217,4.99310597842409,0.0878546887680424,0.767099109402608,0.941167531982691,0.941167531982691,"plaq_d"
"4632","MYLIP","Exc L6 CT",0.0280527282887475,3.55041314628109,0.501564868654752,0.47928715474873,0.789352262889562,0.789352262889562,"plaq_d"
"4633","GMPR","Exc L6 CT",0.0188855075847319,2.61170374869546,0.0931158067985113,0.7604351290004,0.938454553768357,0.938454553768357,"plaq_d"
"4634","ATXN1","Exc L6 CT",0.00286647083342097,9.37662403206452,0.0834749481859845,0.772814290325254,0.944033476752003,0.944033476752003,"plaq_d"
"4635","AL137003.2","Exc L6 CT",0.0453660636449393,2.85301218245789,0.883970541334287,0.347768255892009,0.691597155936091,0.691597155936091,"plaq_d"
"4636","STMND1","Exc L6 CT",-0.0746153092407721,1.73849153555825,0.668998456431547,0.413960359935604,0.743713133861595,0.743713133861595,"plaq_d"
"4637","RBM24","Exc L6 CT",0.010737406677707,3.95150165566063,0.107757589976977,0.742908986174482,0.930154615147664,0.930154615147664,"plaq_d"
"4638","CAP2","Exc L6 CT",0.002360406040128,7.93847525898594,0.0324858794083573,0.857070267136947,0.975107136969453,0.975107136969453,"plaq_d"
"4639","FAM8A1","Exc L6 CT",0.0868759559537445,4.55064858151856,13.9664541426286,0.000217439820411722,0.0105042404518361,0.0105042404518361,"plaq_d"
"4640","NUP153","Exc L6 CT",0.011916767404113,5.98189634686373,0.698374966387255,0.58075868888601,0.851041833586362,0.851041833586362,"plaq_d"
"4641","KIF13A","Exc L6 CT",0.0474823749122028,6.14627218158869,4.76045910223172,0.0297888936854291,0.207069489857768,0.207069489857768,"plaq_d"
"4642","TPMT","Exc L6 CT",0.00141293413350204,3.57697373367861,0.00162446684895286,0.96787332614572,0.998742420766286,0.998742420766286,"plaq_d"
"4643","KDM1B","Exc L6 CT",0.0222981710257693,4.10287141212134,0.523701862702564,0.469752715502453,0.78306624506407,0.78306624506407,"plaq_d"
"4644","DEK","Exc L6 CT",0.0268668533426189,4.12916469072004,0.95210113346304,0.329862448586563,0.674087531074569,0.674087531074569,"plaq_d"
"4645","AL022068.1","Exc L6 CT",0.00645772191402385,3.5621661395799,0.0240107919954742,0.876947237038457,0.981163755019913,0.981163755019913,"plaq_d"
"4646","E2F3","Exc L6 CT",0.0118573500629289,5.58681220512787,0.339143273746103,0.560701053099413,0.838285633027225,0.838285633027225,"plaq_d"
"4647","CDKAL1","Exc L6 CT",0.0124976795660384,7.93776044309881,1.56655048875339,0.218942267290664,0.558370181179789,0.558370181179789,"plaq_d"
"4648","AL513188.1","Exc L6 CT",-0.094305377963034,2.21902448505398,1.93361449302371,0.165251638138073,0.491013948944415,0.491013948944415,"plaq_d"
"4649","AL512380.1","Exc L6 CT",-0.0649885880367739,2.8859128987899,1.48151513084865,0.224361910453022,0.564472922558844,0.564472922558844,"plaq_d"
"4650","AL512380.2","Exc L6 CT",-0.115906282892354,2.8682830135867,3.57838205685754,0.0593657508356249,0.30086142616656,0.30086142616656,"plaq_d"
"4651","SOX4","Exc L6 CT",0.0322417268199239,3.61162257545299,0.504212066240653,0.478130473085271,0.789344129491849,0.789344129491849,"plaq_d"
"4652","CASC15","Exc L6 CT",-0.0286303988865147,6.65116909593772,3.08782337568422,0.0797590736535786,0.347311441112195,0.347311441112195,"plaq_d"
"4653","NBAT1","Exc L6 CT",-0.0451165311305767,2.99684121905447,0.844321543821983,0.358799801977931,0.700718774124955,0.700718774124955,"plaq_d"
"4654","AL035401.1","Exc L6 CT",0.030974866608775,3.32129830363658,0.126816371543743,0.721971711710777,0.91893718943236,0.91893718943236,"plaq_d"
"4655","NRSN1","Exc L6 CT",-0.0117045672907866,7.34634368824849,0.736801276876097,0.391277957072425,0.725110340159595,0.725110340159595,"plaq_d"
"4656","DCDC2","Exc L6 CT",0.0173605444859022,4.14811877852782,0.169727462608827,0.680607635004312,0.898106555383558,0.898106555383558,"plaq_d"
"4657","MRS2","Exc L6 CT",0.0278143932313819,5.33872203026491,2.20789440328426,0.138210797935185,0.452851184529774,0.452851184529774,"plaq_d"
"4658","GPLD1","Exc L6 CT",-0.016706814725613,5.92647154545771,0.905712974470848,0.341914592840379,0.68602125136308,0.68602125136308,"plaq_d"
"4659","ALDH5A1","Exc L6 CT",0.0190203224733652,4.95841727024305,0.792417842060617,0.373984652652205,0.711074192208887,0.711074192208887,"plaq_d"
"4660","KIAA0319","Exc L6 CT",0.000560220578635513,7.45559416357404,0.00157980136237807,0.968317837183403,0.998742420766286,0.998742420766286,"plaq_d"
"4661","TDP2","Exc L6 CT",0.0449863946235492,5.16463809649608,5.57729339308245,0.0187448018639415,0.162169571895013,0.162169571895013,"plaq_d"
"4662","ACOT13","Exc L6 CT",-0.0411316701766485,3.98681157684396,1.65168392534677,0.199584078146708,0.535561584329229,0.535561584329229,"plaq_d"
"4663","C6orf62","Exc L6 CT",0.0148704193341092,5.59957629251054,0.612400484680163,0.434417285098268,0.757861274391016,0.757861274391016,"plaq_d"
"4664","GMNN","Exc L6 CT",0.0617483576861261,2.87583605879227,1.84259243596797,0.175526535716958,0.504191848587574,0.504191848587574,"plaq_d"
"4665","RIPOR2","Exc L6 CT",-0.0457466046304309,5.9545672548031,2.94984680548485,0.086774817890014,0.361057758500713,0.361057758500713,"plaq_d"
"4666","CARMIL1","Exc L6 CT",0.0227890768005595,8.80624430661994,1.85130228789666,0.174512076930465,0.502555683034802,0.502555683034802,"plaq_d"
"4667","SCGN","Exc L6 CT",0.106554822749773,2.81442705466341,1.57659566430028,0.210093669425443,0.546927389701389,0.546927389701389,"plaq_d"
"4668","U91328.1","Exc L6 CT",0.0400676191288364,2.23566590944063,0.433601617431094,0.623016035378237,0.872864237883659,0.872864237883659,"plaq_d"
"4669","HIST1H4C","Exc L6 CT",0.0615721800930516,3.40117301565657,1.6072266715977,0.205729185557814,0.541440101515592,0.541440101515592,"plaq_d"
"4670","HIST1H2AC","Exc L6 CT",0.301609656476276,1.59350571114286,7.84763028629179,0.00537307658753925,0.0808434394966426,0.0808434394966426,"plaq_d"
"4671","HIST1H2BD","Exc L6 CT",-0.0401600841452674,1.86498716716695,0.200941140930483,0.654241053828315,0.887204269979093,0.887204269979093,"plaq_d"
"4672","AL353759.1","Exc L6 CT",0.0798722489120199,2.44139547986695,1.7757159280652,0.183547638218971,0.514076225642083,0.514076225642083,"plaq_d"
"4673","HIST1H2BE","Exc L6 CT",0.0763924032831114,2.27891450524587,1.26326642541743,0.26180797328729,0.60848488584973,0.60848488584973,"plaq_d"
"4674","BTN3A2","Exc L6 CT",0.00799598926819334,1.93584883541451,0.00184742954519579,0.96574073043536,0.998742420766286,0.998742420766286,"plaq_d"
"4675","BTN3A1","Exc L6 CT",0.128309494733965,2.20489164439682,3.32858506523069,0.0689422557472604,0.32188525680767,0.32188525680767,"plaq_d"
"4676","BTN3A3","Exc L6 CT",0.0954937914203792,2.56215692422104,2.7018751201519,0.101132878614041,0.390291333883976,0.390291333883976,"plaq_d"
"4677","BTN2A1","Exc L6 CT",0.0279650323106421,3.82426917722888,0.733548574514983,0.392324402940465,0.725852614379114,0.725852614379114,"plaq_d"
"4678","HCG11","Exc L6 CT",0.166839541056748,3.03079562674305,14.7968271295147,0.000142384036562679,0.00791413355349934,0.00791413355349934,"plaq_d"
"4679","HMGN4","Exc L6 CT",-0.085916490488835,3.43558399419666,5.09908809427744,0.0245570016816831,0.186653957871969,0.186653957871969,"plaq_d"
"4680","ABT1","Exc L6 CT",0.0589112220674722,2.86647165779342,1.52309911426132,0.217983409431472,0.557750270396844,0.557750270396844,"plaq_d"
"4681","ZNF322","Exc L6 CT",-0.0254064647769634,3.85650941742454,0.61566193218753,0.433197414790405,0.757698516826922,0.757698516826922,"plaq_d"
"4682","AL513548.1","Exc L6 CT",0.0562631096549364,2.28259284425269,0.816610260149595,0.366797868538583,0.70701334305741,0.70701334305741,"plaq_d"
"4683","LINC00240","Exc L6 CT",-0.0458589161724667,3.71502370712837,1.2703473563181,0.260477637145736,0.607950075283725,0.607950075283725,"plaq_d"
"4684","ZNF391","Exc L6 CT",-0.00575712559887697,4.36148587853576,0.0443685755132135,0.833292582827147,0.96728960782902,0.96728960782902,"plaq_d"
"4685","ZNF184","Exc L6 CT",0.0564280273880182,3.9165779294328,2.75699399457369,0.0977302254440519,0.384229404818627,0.384229404818627,"plaq_d"
"4686","AL009179.1","Exc L6 CT",-0.226101820921579,2.75588442758142,17.2519801743024,4.1224978568568e-05,0.00345043483414596,0.00345043483414596,"plaq_d"
"4687","HIST1H2BN","Exc L6 CT",-0.0292692189322809,2.20634638293439,0.171058861984468,0.679427086441743,0.897226456866072,0.897226456866072,"plaq_d"
"4688","AL121944.1","Exc L6 CT",-0.203172007785378,2.25363013571341,8.02864708813423,0.00487262718110868,0.0764121360558176,0.0764121360558176,"plaq_d"
"4689","ZSCAN16-AS1","Exc L6 CT",0.00965923520462127,4.24996565828245,0.127979111604605,0.720753387679628,0.918064569902312,0.918064569902312,"plaq_d"
"4690","ZKSCAN8","Exc L6 CT",0.0372345993562095,3.98484132800696,1.43278185137022,0.232125280690348,0.57622403421972,0.57622403421972,"plaq_d"
"4691","ZSCAN9","Exc L6 CT",-0.0781598844730672,2.41510009634717,1.68947655676363,0.235105592048416,0.579726338670989,0.579726338670989,"plaq_d"
"4692","ZKSCAN4","Exc L6 CT",-0.0484292583673324,2.73028317483934,1.04676395555261,0.306963833768847,0.652689915835421,0.652689915835421,"plaq_d"
"4693","NKAPL","Exc L6 CT",0.105974831039661,3.17086882831653,4.70233373591137,0.0307983094185711,0.21143178940856,0.21143178940856,"plaq_d"
"4694","PGBD1","Exc L6 CT",0.0255601176561454,5.20867258699247,1.29588121701797,0.255749569767159,0.603097907774898,0.603097907774898,"plaq_d"
"4695","ZSCAN31","Exc L6 CT",0.00509321594665836,5.13719446583578,0.0257076288042741,0.872709387171403,0.980223479575526,0.980223479575526,"plaq_d"
"4696","ZKSCAN3","Exc L6 CT",-0.0553277477362485,2.87798697231069,1.33876677224273,0.248044708115575,0.594936025668909,0.594936025668909,"plaq_d"
"4697","ZSCAN12","Exc L6 CT",0.0672129098749767,3.33335269414783,3.27327717259477,0.071279113753193,0.327315509279415,0.327315509279415,"plaq_d"
"4698","ZSCAN23","Exc L6 CT",-0.0578938001003275,4.1185041313551,3.44359084091789,0.0643423394976387,0.311861883218167,0.311861883218167,"plaq_d"
"4699","ZBED9","Exc L6 CT",0.0904383097814564,3.40074214055944,5.6949886882601,0.0175469695151296,0.156219031007919,0.156219031007919,"plaq_d"
"4700","TRIM27","Exc L6 CT",0.00751103090886597,4.49459851695086,0.0908338582966557,0.780199617538802,0.947551178021802,0.947551178021802,"plaq_d"
"4701","GABBR1","Exc L6 CT",0.0242415806235732,6.74712055352546,3.20056787141747,0.0744818135157498,0.334656737631939,0.334656737631939,"plaq_d"
"4702","OR2H2","Exc L6 CT",0.212681829386586,1.45740412050649,5.42250192995007,0.0204507549850915,0.17011844646699,0.17011844646699,"plaq_d"
"4703","HLA-F","Exc L6 CT",-0.0313613668825847,1.94094861773023,0.137255402131564,0.711250171529656,0.913083741980474,0.913083741980474,"plaq_d"
"4704","HLA-A","Exc L6 CT",0.0192658227970163,2.64280663666028,0.0675239828238909,0.795130151000446,0.953000771778707,0.953000771778707,"plaq_d"
"4705","ZNRD1","Exc L6 CT",-0.0355546666374432,2.08067945450769,0.233907541475836,0.628945463113824,0.876406568011794,0.876406568011794,"plaq_d"
"4706","PPP1R11","Exc L6 CT",0.0210185813617766,3.88041993841923,0.445127786265527,0.505099710733165,0.805875588575267,0.805875588575267,"plaq_d"
"4707","TRIM26","Exc L6 CT",-0.0383748273750099,4.58996848230861,1.89638619869723,0.169368025090449,0.49656018410113,0.49656018410113,"plaq_d"
"4708","HCG17","Exc L6 CT",0.017068845460734,7.07755134235542,1.24251665439341,0.265755363150904,0.612677808420714,0.612677808420714,"plaq_d"
"4709","GNL1","Exc L6 CT",0.0033535784151895,5.24246999263748,0.0301805295375894,0.862182193691592,0.976702457660219,0.976702457660219,"plaq_d"
"4710","PRR3","Exc L6 CT",-0.0443672898861772,4.5511493126136,3.04416953674077,0.0819098215385497,0.351362869746413,0.351362869746413,"plaq_d"
"4711","ABCF1","Exc L6 CT",-0.0348447958941765,3.91342505259986,1.20140429450879,0.273798696668833,0.621299507172011,0.621299507172011,"plaq_d"
"4712","PPP1R10","Exc L6 CT",0.0350073614222857,5.35015973479309,3.07722330222022,0.0802756387795311,0.348611793625982,0.348611793625982,"plaq_d"
"4713","MRPS18B","Exc L6 CT",0.012962364075901,3.52963711142389,0.139631825179861,0.979565620544974,0.999396584092899,0.999396584092899,"plaq_d"
"4714","ATAT1","Exc L6 CT",-0.0113929451666653,4.2684371542492,0.169065758244167,0.681196383006168,0.898364673052417,0.898364673052417,"plaq_d"
"4715","C6orf136","Exc L6 CT",-0.00470992676560283,4.54231145659504,0.0427465555366426,0.913260950565214,0.989967061646606,0.989967061646606,"plaq_d"
"4716","DHX16","Exc L6 CT",-0.0103779613131935,3.240393943928,0.0789528045395702,0.814515851331502,0.960184261035727,0.960184261035727,"plaq_d"
"4717","MDC1","Exc L6 CT",-0.0257708021244731,3.96830668039157,0.840487251078404,0.359891981743962,0.70136793951348,0.70136793951348,"plaq_d"
"4718","MDC1-AS1","Exc L6 CT",-0.218764771985249,1.69425612233049,5.99086839584199,0.0148733944037446,0.143414190111391,0.143414190111391,"plaq_d"
"4719","TUBB","Exc L6 CT",0.0203676758384168,6.0992633476416,0.853508991528203,0.356201319428155,0.698715655332842,0.698715655332842,"plaq_d"
"4720","FLOT1","Exc L6 CT",0.0204365485028449,6.25306008471451,1.46726426051119,0.226599269398742,0.568314125830016,0.568314125830016,"plaq_d"
"4721","IER3","Exc L6 CT",0.00276874886268191,1.8639107814855,0.00319480023883674,0.954957940673647,0.998443933033468,0.998443933033468,"plaq_d"
"4722","DDR1","Exc L6 CT",0.0576034236038894,2.22504269621816,0.783164285897869,0.37678582912197,0.713336243561267,0.713336243561267,"plaq_d"
"4723","VARS2","Exc L6 CT",-0.0420004729528983,4.17018705161901,1.75244342417821,0.186438281865175,0.51933394618905,0.51933394618905,"plaq_d"
"4724","CCHCR1","Exc L6 CT",-0.0339630313501047,3.40797776623756,0.861287664904735,0.354021464329656,0.69702457762784,0.69702457762784,"plaq_d"
"4725","AL662844.4","Exc L6 CT",-0.00609612619482074,2.47951036729022,0.0104561882803028,0.918612733496758,0.99169648040348,0.99169648040348,"plaq_d"
"4726","HCG27","Exc L6 CT",-0.0100212225365052,2.93979667763658,0.0405280334851563,0.840569234062083,0.969513185327633,0.969513185327633,"plaq_d"
"4727","HLA-C","Exc L6 CT",0.162469465700385,2.96158197866974,3.42666842156664,0.0649980109354142,0.313156414131935,0.313156414131935,"plaq_d"
"4728","HLA-B","Exc L6 CT",0.0147347746982286,2.50266753491346,0.0370278524244005,0.847520529084254,0.971364821464102,0.971364821464102,"plaq_d"
"4729","MICA","Exc L6 CT",0.0309710874015741,3.9885630552326,0.562569574934332,0.453733262135355,0.77421688844275,0.77421688844275,"plaq_d"
"4730","NFKBIL1","Exc L6 CT",-0.021569504986648,3.12541037590792,0.321860177504196,0.627431953545449,0.875328074739829,0.875328074739829,"plaq_d"
"4731","PRRC2A","Exc L6 CT",0.0361307225926619,5.17636517263755,3.44548837397098,0.0642692613333135,0.31173190234312,0.31173190234312,"plaq_d"
"4732","BAG6","Exc L6 CT",0.030669277752033,3.89275676441185,0.972531497601541,0.324734401965949,0.6692669324085,0.6692669324085,"plaq_d"
"4733","C6orf47","Exc L6 CT",0.00279318490355687,2.32520262523887,0.0018181648002812,0.966012994375555,0.998742420766286,0.998742420766286,"plaq_d"
"4734","GPANK1","Exc L6 CT",-0.0351699256942291,2.93503591470602,0.559677102166429,0.454895355258367,0.774899246751799,0.774899246751799,"plaq_d"
"4735","LY6G5C","Exc L6 CT",0.0452286899523825,2.02981945221802,0.413180866651949,0.520782459692559,0.814468689813588,0.814468689813588,"plaq_d"
"4736","SAPCD1-AS1","Exc L6 CT",-0.0662154540920294,2.45336549656989,1.34101424657656,0.247648859362761,0.594489407935018,0.594489407935018,"plaq_d"
"4737","VARS","Exc L6 CT",-0.0138399273452813,3.62605352699076,0.149353553973962,0.699389944329228,0.908619947528524,0.908619947528524,"plaq_d"
"4738","LSM2","Exc L6 CT",-0.0318924467665324,3.15298024244662,0.581705378299555,0.446161015052673,0.767047686879503,0.767047686879503,"plaq_d"
"4739","HSPA1A","Exc L6 CT",0.184053900782295,4.21645639264863,12.4000293196662,0.00048644904513274,0.017333961519136,0.017333961519136,"plaq_d"
"4740","HSPA1B","Exc L6 CT",0.172365069223068,3.18965059829428,6.96615743653279,0.00868001707233201,0.10576327498658,0.10576327498658,"plaq_d"
"4741","C6orf48","Exc L6 CT",0.008621113514519,2.99146745915876,0.0423698251101443,0.909086668460021,0.989478998057174,0.989478998057174,"plaq_d"
"4742","NEU1","Exc L6 CT",0.0305130848189938,3.33550477408821,0.76440673349466,0.382555576896497,0.718098734880621,0.718098734880621,"plaq_d"
"4743","EHMT2","Exc L6 CT",-0.0446393252947262,4.73344989406468,3.39516837484089,0.0662376576836173,0.315583550467567,0.315583550467567,"plaq_d"
"4744","C2","Exc L6 CT",0.02893868366503,4.01385628679913,0.74148211938318,0.389779078645885,0.723846699714417,0.723846699714417,"plaq_d"
"4745","NELFE","Exc L6 CT",-0.0362652603059973,3.28158368531994,0.921822131143285,0.454357233492431,0.774532472866435,0.774532472866435,"plaq_d"
"4746","SKIV2L","Exc L6 CT",-0.0117510370678191,2.96007784707149,0.0675178577025824,0.795139235292824,0.953000771778707,0.953000771778707,"plaq_d"
"4747","DXO","Exc L6 CT",0.0416834997623965,2.51805844664472,0.586148959414084,0.529357796182293,0.818970306850881,0.818970306850881,"plaq_d"
"4748","STK19","Exc L6 CT",-0.0471774276361854,3.68645172381241,1.90069968892276,0.168885085486919,0.495428902084156,0.495428902084156,"plaq_d"
"4749","TNXB","Exc L6 CT",-0.0391278222037462,4.77781551550188,1.96867039384439,0.161480134108607,0.485722526248958,0.485722526248958,"plaq_d"
"4750","ATF6B","Exc L6 CT",-0.0433859856447851,5.66131690868178,4.84021607430582,0.0284598428850781,0.202701794894094,0.202701794894094,"plaq_d"
"4751","PRRT1","Exc L6 CT",0.0424622480206057,5.12493726237923,3.51706877606241,0.0615764331762766,0.305688886227715,0.305688886227715,"plaq_d"
"4752","AGPAT1","Exc L6 CT",0.0510080511835696,4.67786654767019,5.16460241763853,0.0236607797471549,0.182442734461725,0.182442734461725,"plaq_d"
"4753","RNF5","Exc L6 CT",-0.0167029706427602,2.71857894093702,0.0986617712490238,0.753629614422914,0.935522284145233,0.935522284145233,"plaq_d"
"4754","PBX2","Exc L6 CT",0.0184524344413659,3.55661296978046,0.288611358915508,0.591454913918087,0.856511914371269,0.856511914371269,"plaq_d"
"4755","AL662796.1","Exc L6 CT",0.0208157719763692,4.28980319261101,0.134158307719197,0.714381382376993,0.914520476146568,0.914520476146568,"plaq_d"
"4756","C6orf10","Exc L6 CT",-0.0285480678601996,1.8309351167228,0.117464998340691,0.732007140622358,0.924789363440058,0.924789363440058,"plaq_d"
"4757","HLA-DRB1","Exc L6 CT",0.0343796321988892,1.63380200987368,0.0849015086360991,0.770935253283619,0.943332471318999,0.943332471318999,"plaq_d"
"4758","TAP1","Exc L6 CT",-0.0357168383809413,1.94737619590353,0.204501674618705,0.651393090569478,0.885163226792997,0.885163226792997,"plaq_d"
"4759","HLA-DMA","Exc L6 CT",-0.0129592802866416,2.17370318846895,0.0138468515497925,0.906394889847042,0.989269206538137,0.989269206538137,"plaq_d"
"4760","BRD2","Exc L6 CT",0.0596905677530865,5.04785622021223,8.6451692240425,0.00349846454856583,0.0628762742086812,0.0628762742086812,"plaq_d"
"4761","COL11A2","Exc L6 CT",0.0629663528316204,2.53472614789973,1.2297754184215,0.268216061606414,0.616144215525233,0.616144215525233,"plaq_d"
"4762","RXRB","Exc L6 CT",0.0324741231098488,4.22644672818125,1.29066105452977,0.256707475922451,0.604139759941717,0.604139759941717,"plaq_d"
"4763","SLC39A7","Exc L6 CT",0.0371711559795926,2.57785477401885,0.51692454734652,0.572446282302458,0.845571175869709,0.845571175869709,"plaq_d"
"4764","RING1","Exc L6 CT",-0.0519970843368312,5.06113720179249,5.13790125787615,0.0240218578341312,0.184535040224201,0.184535040224201,"plaq_d"
"4765","HCG25","Exc L6 CT",-0.0801054857774001,2.41374431792746,1.93558792105975,0.165036662060179,0.490896092071379,0.490896092071379,"plaq_d"
"4766","VPS52","Exc L6 CT",0.046586014933083,4.12172821601896,2.95779964862856,0.0863527469733837,0.359906270581881,0.359906270581881,"plaq_d"
"4767","RPS18","Exc L6 CT",-0.0858436719026973,4.29725286237775,5.62708124288939,0.0182280573385434,0.159326723403564,0.159326723403564,"plaq_d"
"4768","B3GALT4","Exc L6 CT",0.0517935213385803,2.22850787692102,0.670106192213547,0.413574461296246,0.743383456553427,0.743383456553427,"plaq_d"
"4769","WDR46","Exc L6 CT",-0.0582070455036938,3.70997732010539,2.84006841873692,0.0928362339512734,0.375096947505622,0.375096947505622,"plaq_d"
"4770","PFDN6","Exc L6 CT",-0.0408154074575839,2.9566821353095,0.859466630359317,0.398383363858661,0.73127644520344,0.73127644520344,"plaq_d"
"4771","RGL2","Exc L6 CT",-0.00503101414290282,3.88286190697142,0.0271208180811855,0.869288276039841,0.978798489635663,0.978798489635663,"plaq_d"
"4772","TAPBP","Exc L6 CT",0.00155434931744857,4.97365886689648,0.00473349743081242,0.945187978108878,0.997609533382524,0.997609533382524,"plaq_d"
"4773","ZBTB22","Exc L6 CT",0.0209476558391407,2.24814834977215,0.100645213001309,0.751246863374514,0.934495397184741,0.934495397184741,"plaq_d"
"4774","DAXX","Exc L6 CT",-0.0317804148188521,2.99223338824293,0.538920961740139,0.606411464941689,0.863865962549733,0.863865962549733,"plaq_d"
"4775","PHF1","Exc L6 CT",-0.0087989784831273,4.78606657056884,0.144924977396047,0.703665335266855,0.910090634312678,0.910090634312678,"plaq_d"
"4776","CUTA","Exc L6 CT",0.00956980771297773,3.7764250092075,0.0800737866089327,0.77736559333827,0.946432481294003,0.946432481294003,"plaq_d"
"4777","SYNGAP1","Exc L6 CT",0.0210064553118996,6.20149300573651,1.95551441339879,0.162883841962671,0.48780440792482,0.48780440792482,"plaq_d"
"4778","SYNGAP1-AS1","Exc L6 CT",-0.0988055906907036,3.12802893384243,4.31018914219111,0.0386180746202106,0.237967677928953,0.237967677928953,"plaq_d"
"4779","BAK1","Exc L6 CT",-0.00303413476230993,2.10733936695674,0.00127207603515407,0.971568979497287,0.99890780094579,0.99890780094579,"plaq_d"
"4780","UQCC2","Exc L6 CT",-0.0404602166269537,4.5192200025175,2.64616508879033,0.104704624727184,0.397187820177217,0.397187820177217,"plaq_d"
"4781","LEMD2","Exc L6 CT",-0.0012663928066588,4.83039484858715,0.00275892868326049,0.958140094012599,0.998742420766286,0.998742420766286,"plaq_d"
"4782","GRM4","Exc L6 CT",-0.0343332912871076,6.3982880574148,4.33866946621455,0.0668666352451689,0.316752905886625,0.316752905886625,"plaq_d"
"4783","HMGA1","Exc L6 CT",0.0224140477091117,3.46947355411073,0.354507269996276,0.551959469628892,0.832733258125352,0.832733258125352,"plaq_d"
"4784","SMIM29","Exc L6 CT",-0.0106766866144166,4.23970600920973,0.133835902172049,0.714709687818024,0.914655584125546,0.914655584125546,"plaq_d"
"4785","NUDT3","Exc L6 CT",0.0585443132158892,6.64682014011947,14.8109727181909,0.000141363510942957,0.00788786474238301,0.00788786474238301,"plaq_d"
"4786","RPS10-NUDT3","Exc L6 CT",-0.0617959797278248,4.03543905959799,4.44686215944886,0.0356791942526024,0.22930253591985,0.22930253591985,"plaq_d"
"4787","PACSIN1","Exc L6 CT",0.0201653411006028,6.66327210395919,2.39012872682421,0.123011930764386,0.428146082037851,0.428146082037851,"plaq_d"
"4788","C6orf106","Exc L6 CT",0.00650494773602649,5.96631233987871,0.200060301114988,0.654950283452263,0.887521008085911,0.887521008085911,"plaq_d"
"4789","AL451165.2","Exc L6 CT",0.0434547480866297,1.88928644127674,0.351954420276983,0.614681747660003,0.869420164994439,0.869420164994439,"plaq_d"
"4790","SNRPC","Exc L6 CT",-0.0138886977603757,3.88193611779904,0.20408400087836,0.65172562217742,0.885326817605571,0.885326817605571,"plaq_d"
"4791","UHRF1BP1","Exc L6 CT",-0.0372326834040726,4.84522885196747,2.51748226705629,0.113497885006444,0.412763362519529,0.412763362519529,"plaq_d"
"4792","TAF11","Exc L6 CT",-0.0386936814849167,4.86520244587354,3.05048114301138,0.0815950123057546,0.350343934926463,0.350343934926463,"plaq_d"
"4793","ANKS1A","Exc L6 CT",0.0293847494842822,6.60550107719298,4.43743669292346,0.0358741127532028,0.230041749307398,0.230041749307398,"plaq_d"
"4794","SCUBE3","Exc L6 CT",-0.15057197803396,1.86930921071424,3.05804700397403,0.0812193702035704,0.350071109856293,0.350071109856293,"plaq_d"
"4795","ZNF76","Exc L6 CT",-0.029005471494922,5.01572019989543,1.89196232053628,0.169864976171482,0.497128724733617,0.497128724733617,"plaq_d"
"4796","PPARD","Exc L6 CT",0.00290957078016931,5.25462204842495,0.018854825213121,0.890862859644392,0.984950622042489,0.984950622042489,"plaq_d"
"4797","RPL10A","Exc L6 CT",-0.0885827317199041,4.80633583000992,8.25181216147758,0.00432069312075055,0.0710865121900857,0.0710865121900857,"plaq_d"
"4798","FKBP5","Exc L6 CT",0.0546128023734167,6.18944266901236,3.47754268067368,0.0630481227078902,0.308931509361058,0.308931509361058,"plaq_d"
"4799","CLPSL1","Exc L6 CT",0.0346342008182721,4.26600470042651,0.268720951855187,0.604520309603231,0.86276141340816,0.86276141340816,"plaq_d"
"4800","LHFPL5","Exc L6 CT",-0.0256310374901177,5.48799381680899,0.885228407688162,0.347425911080176,0.691393892163425,0.691393892163425,"plaq_d"
"4801","SRPK1","Exc L6 CT",0.00544226786647922,6.5867581985725,0.117252455944025,0.732240343105061,0.924949678232797,0.924949678232797,"plaq_d"
"4802","SLC26A8","Exc L6 CT",0.0267947466963387,4.45581644272695,0.912954731564259,0.339994537060752,0.68410911892838,0.68410911892838,"plaq_d"
"4803","MAPK14","Exc L6 CT",0.00903635735822083,7.08913466386975,0.552161013601844,0.487419584060398,0.794665043276726,0.794665043276726,"plaq_d"
"4804","MAPK13","Exc L6 CT",0.0285414371567398,4.61108425097457,1.16744803260666,0.280674026032248,0.627434663899613,0.627434663899613,"plaq_d"
"4805","Z84485.1","Exc L6 CT",0.0606563519120068,4.12910764186428,3.43551697064099,0.0646542788738247,0.312118000639139,0.312118000639139,"plaq_d"
"4806","BRPF3","Exc L6 CT",0.0166949874284574,5.00980741373561,0.68109160527763,0.409776131096926,0.741283888322612,0.741283888322612,"plaq_d"
"4807","PNPLA1","Exc L6 CT",0.0670254064326185,2.24660309325426,0.965115188147167,0.326583571897471,0.671450599976578,0.671450599976578,"plaq_d"
"4808","PXT1","Exc L6 CT",-0.00435017792149591,1.68684056811609,0.00173120336145861,0.966835257093365,0.998742420766286,0.998742420766286,"plaq_d"
"4809","KCTD20","Exc L6 CT",0.0162910298591395,5.07289483794112,0.65703243947744,0.418163219770315,0.746439431003449,0.746439431003449,"plaq_d"
"4810","STK38","Exc L6 CT",0.0107355644416326,6.49887428648794,0.551824411765885,0.59569449163854,0.858654771722846,0.858654771722846,"plaq_d"
"4811","SRSF3","Exc L6 CT",0.0352996128823323,5.07552590460256,2.87084223084574,0.0910918119012859,0.370963995510866,0.370963995510866,"plaq_d"
"4812","CDKN1A","Exc L6 CT",0.0304126160234342,1.65029729986234,0.0909643266157868,0.763134819846672,0.939670734313362,0.939670734313362,"plaq_d"
"4813","CPNE5","Exc L6 CT",-0.0203630480940137,6.98078201210918,1.87317153235681,0.171994628571311,0.499066980448564,0.499066980448564,"plaq_d"
"4814","PPIL1","Exc L6 CT",-0.00191965633388029,3.13084954414587,0.00203714812137368,0.964025754625838,0.998742420766286,0.998742420766286,"plaq_d"
"4815","C6orf89","Exc L6 CT",0.00928921747059048,6.19406586570823,0.443710653321978,0.505777965359209,0.806010037478992,0.806010037478992,"plaq_d"
"4816","MTCH1","Exc L6 CT",0.00859329782995442,6.63314661632783,0.341378097348267,0.559413178230296,0.837577962954065,0.837577962954065,"plaq_d"
"4817","PIM1","Exc L6 CT",-0.0288212507012069,2.60859919395988,0.294026991166502,0.587998272655659,0.854946281501956,0.854946281501956,"plaq_d"
"4818","TMEM217","Exc L6 CT",-0.0209966426548035,2.59606762784344,0.143695961191948,0.704865077422469,0.91037135384779,0.91037135384779,"plaq_d"
"4819","TBC1D22B","Exc L6 CT",-0.0216895867886011,4.9603735420134,1.20453812545407,0.31752469862313,0.662476168315736,0.662476168315736,"plaq_d"
"4820","RNF8","Exc L6 CT",-0.0224476998747839,5.26473752134946,1.12455418578282,0.289674943030433,0.636371228324139,0.636371228324139,"plaq_d"
"4821","CMTR1","Exc L6 CT",0.00350421297501285,4.84924131010685,0.0294127110704006,0.8639291978391,0.977200838310075,0.977200838310075,"plaq_d"
"4822","CCDC167","Exc L6 CT",-0.0128406372370957,2.91545309122766,0.0873483948421303,0.969712923152783,0.998742420766286,0.998742420766286,"plaq_d"
"4823","MDGA1","Exc L6 CT",0.00354238077965218,4.66337672845267,0.00882761763221915,0.925198624194718,0.993407704701672,0.993407704701672,"plaq_d"
"4824","ZFAND3","Exc L6 CT",-0.00156278638071102,8.54268504601465,0.0350920137225094,0.851512088949424,0.973853977247922,0.973853977247922,"plaq_d"
"4825","BTBD9","Exc L6 CT",0.0209477983495995,8.76820119495666,3.68751483664817,0.0556378243104239,0.290308850588207,0.290308850588207,"plaq_d"
"4826","GLO1","Exc L6 CT",-0.0160336215764311,5.33204241308109,0.688378549447086,0.407284888874842,0.739271334918098,0.739271334918098,"plaq_d"
"4827","DNAH8","Exc L6 CT",-0.026735769709393,2.51431293122789,0.180303965058326,0.671374398864763,0.895175682457819,0.895175682457819,"plaq_d"
"4828","SAYSD1","Exc L6 CT",0.0145237501494056,3.08493544169289,0.111207531911534,0.981453504598791,0.999571689696322,0.999571689696322,"plaq_d"
"4829","KIF6","Exc L6 CT",-0.0466342658746268,3.13402399306262,0.432162890394376,0.511363866675729,0.808966398314703,0.808966398314703,"plaq_d"
"4830","MOCS1","Exc L6 CT",-0.0474097989985926,3.43653452466045,1.67174250715482,0.196882519270397,0.531902964670147,0.531902964670147,"plaq_d"
"4831","LINC00951","Exc L6 CT",-0.00206724080363124,2.61357963536627,0.000517210719240704,0.981868887156204,0.999571689696322,0.999571689696322,"plaq_d"
"4832","AL139275.1","Exc L6 CT",0.126752799634881,2.47885060720514,5.30295013505582,0.021878372768728,0.176009828166215,0.176009828166215,"plaq_d"
"4833","LRFN2","Exc L6 CT",-0.00980075724851829,7.71370104407285,0.565923651093155,0.452391546828125,0.7729205682575,0.7729205682575,"plaq_d"
"4834","OARD1","Exc L6 CT",-0.0251969726870262,3.55984714532896,0.467000198926996,0.569721064506545,0.843238287710764,0.843238287710764,"plaq_d"
"4835","NFYA","Exc L6 CT",0.0298818778301515,3.02118043562242,0.502643879670324,0.478815132718837,0.789344129491849,0.789344129491849,"plaq_d"
"4836","FOXP4","Exc L6 CT",0.0294004254619547,3.51474229560776,0.610803396148084,0.435016552566074,0.75839219974557,0.75839219974557,"plaq_d"
"4837","TFEB","Exc L6 CT",-0.0400339908047793,3.7973537212674,0.891668783449728,0.345680238385362,0.689444820143484,0.689444820143484,"plaq_d"
"4838","FRS3","Exc L6 CT",0.0710150157050814,3.48777160701431,3.41025378448494,0.0656408551690726,0.314255321255061,0.314255321255061,"plaq_d"
"4839","AL365205.1","Exc L6 CT",-0.0252947655015705,2.01231225321518,0.128237653688556,0.720483335530708,0.918048174914179,0.918048174914179,"plaq_d"
"4840","USP49","Exc L6 CT",-0.0429634997578032,6.0624233238524,7.15434125618645,0.00783114160697024,0.0993934922290312,0.0993934922290312,"plaq_d"
"4841","MED20","Exc L6 CT",-0.0514519465366032,2.46913122199863,0.844567514816956,0.35872989447424,0.700718774124955,0.700718774124955,"plaq_d"
"4842","CCND3","Exc L6 CT",0.0287471621363005,6.27173419939982,1.82938891759862,0.177077422733764,0.506599081414005,0.506599081414005,"plaq_d"
"4843","TAF8","Exc L6 CT",-0.0293264540283262,4.13267396070276,1.11865205684435,0.399006435395871,0.731825282705944,0.731825282705944,"plaq_d"
"4844","GUCA1B","Exc L6 CT",-0.0237879490658848,2.80442128232695,0.198277889828445,0.656391189340261,0.888352689831944,0.888352689831944,"plaq_d"
"4845","MRPS10","Exc L6 CT",0.0154700939766534,3.7857441289927,0.274624427006284,0.600579808997976,0.860360398389652,0.860360398389652,"plaq_d"
"4846","TRERF1","Exc L6 CT",0.0390275447750903,6.76954603184706,6.31042167539204,0.01245471595854,0.130209216368295,0.130209216368295,"plaq_d"
"4847","UBR2","Exc L6 CT",0.00771667690564552,7.51202032952489,0.510690468133508,0.955958197994862,0.998742420766286,0.998742420766286,"plaq_d"
"4848","PRPH2","Exc L6 CT",0.0595445942846024,2.11931526545676,0.679066720312371,0.410472376073863,0.741983968603633,0.741983968603633,"plaq_d"
"4849","TBCC","Exc L6 CT",0.0179569934283333,3.21925462473292,0.204987294803845,0.651006977341548,0.885163226792997,0.885163226792997,"plaq_d"
"4850","BICRAL","Exc L6 CT",-0.0170931858657359,7.45746629385041,2.6754558217614,0.102809727433156,0.393525348611462,0.393525348611462,"plaq_d"
"4851","RPL7L1","Exc L6 CT",0.0255717911633959,5.47914950455469,1.9287512573168,0.165782790043885,0.491577558284606,0.491577558284606,"plaq_d"
"4852","C6orf226","Exc L6 CT",-0.0909515506203362,2.33839254760849,1.97812539478077,0.160479861793439,0.484332932993363,0.484332932993363,"plaq_d"
"4853","CNPY3","Exc L6 CT",-0.0395347478888811,3.72388914413585,1.70737867234944,0.192188189256574,0.525779867967337,0.525779867967337,"plaq_d"
"4854","AL035587.1","Exc L6 CT",-0.0157537819654225,4.93683931622306,0.368444565757003,0.544248927324522,0.828575249340506,0.828575249340506,"plaq_d"
"4855","PEX6","Exc L6 CT",-0.0342992285287593,5.13400947784577,2.4107252070761,0.121414941257547,0.425898999596407,0.425898999596407,"plaq_d"
"4856","PPP2R5D","Exc L6 CT",0.0511727001585781,4.44702619560412,4.65672848491378,0.0316153580663163,0.214686176755985,0.214686176755985,"plaq_d"
"4857","MEA1","Exc L6 CT",0.0172048512447957,2.76839201643131,0.136084713765249,0.712428990286992,0.913771807996358,0.913771807996358,"plaq_d"
"4858","KLHDC3","Exc L6 CT",0.00994905651446926,5.66708395868414,0.323055597152762,0.57014346889213,0.843727937723181,0.843727937723181,"plaq_d"
"4859","RRP36","Exc L6 CT",-0.017754421260917,4.21549828667339,0.420814219397048,0.523356080611628,0.816542119484665,0.816542119484665,"plaq_d"
"4860","CUL7","Exc L6 CT",0.00328154927996053,3.48916153879627,0.0092425007957839,0.953299730574376,0.998216253735524,0.998216253735524,"plaq_d"
"4861","KLC4","Exc L6 CT",-0.0113216292262071,5.18399148462635,0.350310165592718,0.554321696551629,0.834108968827573,0.834108968827573,"plaq_d"
"4862","MRPL2","Exc L6 CT",-0.0482386360305952,3.17676908285525,1.40326675934621,0.273353599013275,0.62067136510387,0.62067136510387,"plaq_d"
"4863","PTK7","Exc L6 CT",-0.0132661695121649,5.80446096416206,0.559382735000163,0.455013884210098,0.774917766129016,0.774917766129016,"plaq_d"
"4864","SRF","Exc L6 CT",-0.019404764702468,3.45066065967198,0.276775974846895,0.651134678054539,0.885163226792997,0.885163226792997,"plaq_d"
"4865","CUL9","Exc L6 CT",-0.0187234540825897,4.91680753306734,0.787948970979625,0.502225434323739,0.804689882146492,0.804689882146492,"plaq_d"
"4866","DNPH1","Exc L6 CT",-0.0760800023471187,2.8050266526245,2.26904279497403,0.132888038495094,0.444586614495788,0.444586614495788,"plaq_d"
"4867","TTBK1","Exc L6 CT",0.00163366572248714,5.14992597631882,0.00783976503781402,0.929496450821201,0.994167628886557,0.994167628886557,"plaq_d"
"4868","CRIP3","Exc L6 CT",0.0348724664314713,2.46584781418196,0.398523247099124,0.528267084145901,0.818456124092144,0.818456124092144,"plaq_d"
"4869","ZNF318","Exc L6 CT",-0.0114812526464949,5.59310648123468,0.466834498971262,0.529170075544005,0.818867258634742,0.818867258634742,"plaq_d"
"4870","ABCC10","Exc L6 CT",0.00367947132845058,4.78651941239486,0.0278993808868396,0.96857477994349,0.998742420766286,0.998742420766286,"plaq_d"
"4871","DLK2","Exc L6 CT",-0.118934688379138,2.46871412344597,4.41951793243624,0.0362477663333626,0.231140950733835,0.231140950733835,"plaq_d"
"4872","TJAP1","Exc L6 CT",-0.0162117656211394,4.02896816424436,0.294898469664571,0.587445888010621,0.854661041313886,0.854661041313886,"plaq_d"
"4873","LRRC73","Exc L6 CT",0.0355451655611016,2.26849014393507,0.337572974183152,0.561609383937374,0.838424628348278,0.838424628348278,"plaq_d"
"4874","POLR1C","Exc L6 CT",0.022146586867469,4.20357010266204,0.557515146570075,0.503320353390807,0.805178331749533,0.805178331749533,"plaq_d"
"4875","YIPF3","Exc L6 CT",0.0286613581671018,4.35027349938681,1.13704776100736,0.28701581650496,0.633609575076657,0.633609575076657,"plaq_d"
"4876","XPO5","Exc L6 CT",-0.0276940680357304,5.57310870289174,2.26082095052749,0.13359014299673,0.445692630030341,0.445692630030341,"plaq_d"
"4877","POLH","Exc L6 CT",-0.0521445281755556,4.38430966069546,3.9827539115499,0.0467470044017803,0.264220602814303,0.264220602814303,"plaq_d"
"4878","GTPBP2","Exc L6 CT",-0.0105374474542271,3.39642096132349,0.0740167094570478,0.795286327484937,0.953000771778707,0.953000771778707,"plaq_d"
"4879","MAD2L1BP","Exc L6 CT",0.0723248063840461,2.38608713961427,1.78334334441813,0.182611626929686,0.512939640454317,0.512939640454317,"plaq_d"
"4880","MRPS18A","Exc L6 CT",0.0417994297463485,3.05152058980348,1.00050478841346,0.317882994953605,0.662723119940808,0.662723119940808,"plaq_d"
"4881","VEGFA","Exc L6 CT",0.135705079390195,2.57207268217072,3.4863259133828,0.0627178708257253,0.308286735845991,0.308286735845991,"plaq_d"
"4882","AL109615.3","Exc L6 CT",0.0865676328172349,2.97980579863626,1.44083768939715,0.230819834580857,0.574602097020503,0.574602097020503,"plaq_d"
"4883","MRPL14","Exc L6 CT",-0.0308186839478992,3.04726136627395,0.518269567799977,0.472063716233857,0.784466034734227,0.784466034734227,"plaq_d"
"4884","TMEM63B","Exc L6 CT",-0.0164445196012013,5.55698444181565,0.889817642888178,0.424117176705375,0.75106419467293,0.75106419467293,"plaq_d"
"4885","SLC29A1","Exc L6 CT",-0.0531333446335751,4.51347387408772,3.74930237877527,0.0536385021350259,0.285253002118889,0.285253002118889,"plaq_d"
"4886","HSP90AB1","Exc L6 CT",0.0615999460215064,8.03766924433823,21.4274654370201,5.19414607778417e-06,0.000879705022773894,0.000879705022773894,"plaq_d"
"4887","SLC35B2","Exc L6 CT",0.0274523647916883,2.37476206144545,0.1820574043194,0.669874752521603,0.894479014664119,0.894479014664119,"plaq_d"
"4888","TMEM151B","Exc L6 CT",-0.121254835942655,2.23125969565594,3.34187736593244,0.0683929967458637,0.320626398453182,0.320626398453182,"plaq_d"
"4889","TCTE1","Exc L6 CT",-0.0526580566470463,2.14753847497242,0.664352995172331,0.467836199357399,0.781991643371989,0.781991643371989,"plaq_d"
"4890","AARS2","Exc L6 CT",-0.0626473996467336,3.24036392470692,2.27138440596218,0.132688834518607,0.444504771168353,0.444504771168353,"plaq_d"
"4891","CDC5L","Exc L6 CT",0.0409728892319095,5.03485218886382,4.02287257762041,0.0456604525369066,0.26115529389007,0.26115529389007,"plaq_d"
"4892","SUPT3H","Exc L6 CT",0.0120787658245665,8.18177628859181,0.877138543654566,0.349635720017374,0.692981336193501,0.692981336193501,"plaq_d"
"4893","RUNX2","Exc L6 CT",0.000859419999230047,5.17193334601265,0.000477050234361191,0.982586916837957,0.999571689696322,0.999571689696322,"plaq_d"
"4894","CLIC5","Exc L6 CT",-0.0145002084429852,4.28518903329285,0.13909053384966,0.709413749477186,0.912501817143814,0.912501817143814,"plaq_d"
"4895","AL035701.1","Exc L6 CT",0.0181681033162542,3.81924539880073,0.224748955720337,0.635742171925551,0.878269581788608,0.878269581788608,"plaq_d"
"4896","ENPP4","Exc L6 CT",0.102223440595275,5.04595220212212,26.2352110121672,5.0156886897996e-07,0.000171918700900845,0.000171918700900845,"plaq_d"
"4897","ENPP5","Exc L6 CT",-0.021676784536204,4.62048334075879,0.665227975314509,0.415277879591125,0.745148886325961,0.745148886325961,"plaq_d"
"4898","RCAN2","Exc L6 CT",0.0213709437151738,8.00113868476768,2.22009923262546,0.137129549444914,0.451020560614345,0.451020560614345,"plaq_d"
"4899","CYP39A1","Exc L6 CT",0.106653418805551,2.75183434203026,2.4857172257097,0.115792031796554,0.416199914901721,0.416199914901721,"plaq_d"
"4900","SLC25A27","Exc L6 CT",0.03691222853537,6.33081896037781,5.56044885554446,0.0189230534536615,0.163025899173495,0.163025899173495,"plaq_d"
"4901","AL591242.1","Exc L6 CT",0.0246788114272704,2.80801869090425,0.198408277603678,0.656285520837979,0.888293188979272,0.888293188979272,"plaq_d"
"4902","TDRD6","Exc L6 CT",-0.00375973773623976,3.93996639378271,0.0102391590688146,0.919458884168676,0.991729246317899,0.991729246317899,"plaq_d"
"4903","PLA2G7","Exc L6 CT",0.0381706681372575,3.05977320147065,0.516736495197043,0.472719244270766,0.78513465548033,0.78513465548033,"plaq_d"
"4904","TNFRSF21","Exc L6 CT",0.0107283792036548,6.67089354807132,0.456546603676463,0.499690850899851,0.803120407452746,0.803120407452746,"plaq_d"
"4905","CD2AP","Exc L6 CT",0.0328425281438595,5.91497798676381,3.60476274263337,0.0584408098605717,0.298655981097902,0.298655981097902,"plaq_d"
"4906","PTCHD4","Exc L6 CT",-0.0655061028852937,3.42382339828125,0.502298132740169,0.478966299517133,0.789344129491849,0.789344129491849,"plaq_d"
"4907","MUT","Exc L6 CT",0.060674193142778,4.61412357098738,6.7331600762346,0.00986378312826241,0.1142389556834,0.1142389556834,"plaq_d"
"4908","CENPQ","Exc L6 CT",0.0655000727941836,2.76475781601571,1.9759171805095,0.160712839228828,0.484582151500438,0.484582151500438,"plaq_d"
"4909","PKHD1","Exc L6 CT",0.0504963953390189,3.45329603267609,0.920049753073892,0.338127463382648,0.682199815896964,0.682199815896964,"plaq_d"
"4910","EFHC1","Exc L6 CT",0.00079555332330814,5.30673471055476,0.00163494961303139,0.967769891795124,0.998742420766286,0.998742420766286,"plaq_d"
"4911","TRAM2","Exc L6 CT",0.0111911772213897,4.06182767231649,0.09803584465783,0.754387010772456,0.936032949878318,0.936032949878318,"plaq_d"
"4912","TMEM14A","Exc L6 CT",0.00502282184539751,5.9040912061597,0.0808414123499068,0.776329386984971,0.945839358076814,0.945839358076814,"plaq_d"
"4913","GSTA4","Exc L6 CT",-0.0182214807569576,6.40689876350916,1.77934107029127,0.183102078461344,0.513327657551999,0.513327657551999,"plaq_d"
"4914","ICK","Exc L6 CT",0.0373413113663936,4.71424052720339,2.43508445110858,0.119555898722476,0.422362384787428,0.422362384787428,"plaq_d"
"4915","FBXO9","Exc L6 CT",-0.000280967503994052,6.04148875975035,0.00039436926790022,0.984167439692357,0.999571689696322,0.999571689696322,"plaq_d"
"4916","ELOVL5","Exc L6 CT",0.0470020472932169,5.12600471577484,3.14531774776891,0.0770191705963004,0.341242055572818,0.341242055572818,"plaq_d"
"4917","GCLC","Exc L6 CT",-0.0393804262955706,4.89845124848042,3.05483986058407,0.0813783743698591,0.350343934926463,0.350343934926463,"plaq_d"
"4918","LRRC1","Exc L6 CT",-2.85479821676506e-05,4.41602766968192,1.08452109091589e-08,0.999916967666019,0.999984830792669,0.999984830792669,"plaq_d"
"4919","MLIP","Exc L6 CT",-0.00327299584800872,8.16993316146096,0.0371118797424026,0.847349749478292,0.971364821464102,0.971364821464102,"plaq_d"
"4920","TINAG","Exc L6 CT",-0.00972285978844063,2.51125222314828,0.0191883561098349,0.889907926656484,0.984904368079323,0.984904368079323,"plaq_d"
"4921","HCRTR2","Exc L6 CT",-0.0598348177712675,4.30935139324378,1.15487389710397,0.283275307630422,0.629742946699633,0.629742946699633,"plaq_d"
"4922","HMGCLL1","Exc L6 CT",0.0220100646146769,7.38606560875696,2.23869950936819,0.135499964433242,0.448361184593182,0.448361184593182,"plaq_d"
"4923","COL21A1","Exc L6 CT",0.131232976807232,4.55607848187216,5.34107570791949,0.0214121700314141,0.173661746350556,0.173661746350556,"plaq_d"
"4924","DST","Exc L6 CT",0.0453612474200045,9.29143253920761,29.1273122412064,1.25582295604623e-07,6.45672402687199e-05,6.45672402687199e-05,"plaq_d"
"4925","AL512422.1","Exc L6 CT",-0.151664422795276,3.31334781480589,11.945088622024,0.000615680323701529,0.0207144120485467,0.0207144120485467,"plaq_d"
"4926","BEND6","Exc L6 CT",-0.0291061585169568,6.53614315724356,2.90255438049781,0.0893315177567926,0.366909138267272,0.366909138267272,"plaq_d"
"4927","KIAA1586","Exc L6 CT",0.0369029805843291,4.54897247069542,2.14417994892616,0.144013722765013,0.460663282412698,0.460663282412698,"plaq_d"
"4928","ZNF451","Exc L6 CT",0.0286045467799328,6.79537781918374,5.04122371644264,0.0253780159195644,0.190438541712549,0.190438541712549,"plaq_d"
"4929","ZNF451-AS1","Exc L6 CT",-0.0797055871754947,2.97289082176542,2.47468542378227,0.116600757818831,0.417108541331427,0.417108541331427,"plaq_d"
"4930","BAG2","Exc L6 CT",-0.0230178580717064,3.95455622937414,0.500495279786328,0.479755808375862,0.789438253489571,0.789438253489571,"plaq_d"
"4931","RAB23","Exc L6 CT",0.0786902223182956,4.12675058935383,6.96384861712777,0.00869100013692382,0.10576327498658,0.10576327498658,"plaq_d"
"4932","PRIM2","Exc L6 CT",-0.00535012212169414,6.02526207831591,0.0843432473122602,0.771668529760923,0.943672302638833,0.943672302638833,"plaq_d"
"4933","AL021368.3","Exc L6 CT",-0.0623136486500664,3.39426707125375,2.78002281790029,0.0963459075697684,0.381882071964313,0.381882071964313,"plaq_d"
"4934","AL021368.1","Exc L6 CT",0.0414284779266297,2.59167734105238,0.683970809526827,0.408789124794259,0.74042881738024,0.74042881738024,"plaq_d"
"4935","AL021368.2","Exc L6 CT",-0.003634210196693,4.33264224446877,0.0159682857827729,0.899515400936178,0.986970102374893,0.986970102374893,"plaq_d"
"4936","AL445250.1","Exc L6 CT",-0.00319000202787984,5.69263415133293,0.00830306344885285,0.927448726374955,0.993953237598858,0.993953237598858,"plaq_d"
"4937","KHDRBS2","Exc L6 CT",0.0351441439935728,10.0066438975051,7.47517484505121,0.00657528254084962,0.0908710080173365,0.0908710080173365,"plaq_d"
"4938","PTP4A1","Exc L6 CT",0.0296770570159411,3.75720995057712,1.04040124471537,0.308436336303721,0.652689915835421,0.652689915835421,"plaq_d"
"4939","PHF3","Exc L6 CT",0.043310079216294,7.19793263587304,12.1409909364344,0.000556226909326339,0.0193884808393753,0.0193884808393753,"plaq_d"
"4940","EYS","Exc L6 CT",-0.0314247931169724,3.50168444034011,0.79718127641272,0.391129428477713,0.72508958923308,0.72508958923308,"plaq_d"
"4941","AL391807.1","Exc L6 CT",-0.0647958014231156,5.7460561175397,10.268178646608,0.00147851308218583,0.0360146773792676,0.0360146773792676,"plaq_d"
"4942","ADGRB3","Exc L6 CT",0.0461963794515912,11.7525750824303,29.9353127236094,8.55183450940987e-08,5.35270476510715e-05,5.35270476510715e-05,"plaq_d"
"4943","LMBRD1","Exc L6 CT",0.00895408700620979,6.95270113841331,0.575651285894919,0.809502654758896,0.958972571499659,0.958972571499659,"plaq_d"
"4944","COL19A1","Exc L6 CT",-0.0285267479832584,6.17693152102217,0.951886588047568,0.329916869618668,0.674087531074569,0.674087531074569,"plaq_d"
"4945","FAM135A","Exc L6 CT",-0.011062984756453,7.45786337413154,1.02974238136743,0.31092377695644,0.655544624057544,0.655544624057544,"plaq_d"
"4946","SDHAF4","Exc L6 CT",-0.0681885227929357,3.72295262482595,3.76964971077751,0.0529969541816983,0.283939022106337,0.283939022106337,"plaq_d"
"4947","SMAP1","Exc L6 CT",0.0181657616305327,7.17693991985464,2.17934546045366,0.14077769741227,0.456264045528859,0.456264045528859,"plaq_d"
"4948","B3GAT2","Exc L6 CT",0.0487404401555332,4.05462824002619,1.55767785941601,0.212844160008103,0.549848808593216,0.549848808593216,"plaq_d"
"4949","OGFRL1","Exc L6 CT",0.0839078198768454,6.49847786616614,20.2509086600433,9.27219987664225e-06,0.00120254585066794,0.00120254585066794,"plaq_d"
"4950","AL136164.2","Exc L6 CT",-0.0131759284577043,1.81234163578124,0.0210237339461727,0.884798210926598,0.984355103902574,0.984355103902574,"plaq_d"
"4951","RIMS1","Exc L6 CT",0.0125187426944183,9.21599908163206,1.75102845994529,0.186615737064254,0.51943545065294,0.51943545065294,"plaq_d"
"4952","KCNQ5","Exc L6 CT",0.0474992647919286,10.9671855308213,15.4010965893868,0.000104774122933485,0.00647351190450836,0.00647351190450836,"plaq_d"
"4953","AL365232.1","Exc L6 CT",-0.038177637173061,2.20667462740533,0.312138981203523,0.576729684672639,0.848416159876079,0.848416159876079,"plaq_d"
"4954","KHDC1","Exc L6 CT",-0.0229806870253566,5.0273200231067,1.06186797255504,0.303504768943845,0.649413593001723,0.649413593001723,"plaq_d"
"4955","AC019205.1","Exc L6 CT",-0.0280996796349192,5.93089813150074,2.80823829618363,0.0946789750810426,0.378922120012272,0.378922120012272,"plaq_d"
"4956","OOEP","Exc L6 CT",-0.0881596625213803,3.83060956631783,3.67806934001073,0.0559503904510026,0.290818759890161,0.290818759890161,"plaq_d"
"4957","MTO1","Exc L6 CT",-0.0345352358981495,4.77622199733487,2.20347332224701,0.138604834546147,0.453283779674315,0.453283779674315,"plaq_d"
"4958","EEF1A1","Exc L6 CT",0.01504912968374,6.16949173742836,0.442974378119855,0.506130972189757,0.806269943083296,0.806269943083296,"plaq_d"
"4959","SLC17A5","Exc L6 CT",-0.00737367744042353,5.88595620716812,0.235911352536218,0.980552322041697,0.999396584092899,0.999396584092899,"plaq_d"
"4960","AL590428.1","Exc L6 CT",-0.113699828169331,2.04103551142387,2.42510072251197,0.120313979342939,0.423481673990452,0.423481673990452,"plaq_d"
"4961","CD109","Exc L6 CT",0.0458733354737952,2.77080543040662,0.620389231815313,0.431438516580657,0.756791627232257,0.756791627232257,"plaq_d"
"4962","AL357507.1","Exc L6 CT",-0.149610662170546,2.35846974625121,5.2215297111371,0.0229097101053996,0.18037845775799,0.18037845775799,"plaq_d"
"4963","COL12A1","Exc L6 CT",-0.00291083258973449,4.74743693527809,0.00331125702361739,0.954145244669274,0.998216253735524,0.998216253735524,"plaq_d"
"4964","COX7A2","Exc L6 CT",-0.0139831860254719,4.27491084329913,0.259910687977151,0.610504497673057,0.866833292090081,0.866833292090081,"plaq_d"
"4965","TMEM30A","Exc L6 CT",0.0388966824352793,6.37753599973995,6.82037071315434,0.00940236188712781,0.111297205363217,0.111297205363217,"plaq_d"
"4966","AL080250.1","Exc L6 CT",-0.0217247036491738,2.74143149090306,0.191110388884451,0.662265051209773,0.891191594430351,0.891191594430351,"plaq_d"
"4967","FILIP1","Exc L6 CT",0.0561885821565221,6.12503233904994,6.32249625933869,0.0123717268104497,0.129907643445101,0.129907643445101,"plaq_d"
"4968","SENP6","Exc L6 CT",0.0174349408986949,7.61641526208399,3.53020015813328,0.0613137366708614,0.305532059993314,0.305532059993314,"plaq_d"
"4969","MYO6","Exc L6 CT",-0.022579959225913,6.68220596332994,2.43113804521816,0.119854919318909,0.422671888977466,0.422671888977466,"plaq_d"
"4970","MEI4","Exc L6 CT",0.025576597851694,2.9283403885958,0.157324949522711,0.691874386797559,0.904650687046592,0.904650687046592,"plaq_d"
"4971","IRAK1BP1","Exc L6 CT",0.016011910220585,7.1132406857395,1.2788577911402,0.258889823482112,0.606240807222783,0.606240807222783,"plaq_d"
"4972","PHIP","Exc L6 CT",-0.006534487104078,7.58474282034832,0.30024993332228,0.584076870520357,0.852322430026867,0.852322430026867,"plaq_d"
"4973","HMGN3","Exc L6 CT",-0.00723197133258822,6.66294079190629,0.238046437117472,0.625927726722001,0.874602681368979,0.874602681368979,"plaq_d"
"4974","LCA5","Exc L6 CT",0.0194848712202721,4.46381329940924,0.507149644855139,0.476852247609471,0.78905344328574,0.78905344328574,"plaq_d"
"4975","SH3BGRL2","Exc L6 CT",0.0364844308228565,6.29205995537905,5.15709469913737,0.023761730842912,0.18292720706661,0.18292720706661,"plaq_d"
"4976","ELOVL4","Exc L6 CT",0.0147998161453762,5.62237751882981,0.696154941093883,0.404650762851506,0.736640412494977,0.736640412494977,"plaq_d"
"4977","BCKDHB","Exc L6 CT",-0.004616993530663,6.48845288166165,0.0812503370168082,0.775779556153166,0.94556959532478,0.94556959532478,"plaq_d"
"4978","AL359715.1","Exc L6 CT",0.0332199136814715,2.41753710725738,0.314645136150013,0.623596881729887,0.872864237883659,0.872864237883659,"plaq_d"
"4979","TENT5A","Exc L6 CT",0.013198102287524,1.81179383977489,0.0222575098163369,0.881490467045534,0.983411094512362,0.983411094512362,"plaq_d"
"4980","IBTK","Exc L6 CT",-0.00233528157188032,6.93910962199419,0.0335297067173641,0.85481735246324,0.974800354737319,0.974800354737319,"plaq_d"
"4981","UBE3D","Exc L6 CT",0.00137888966007722,6.83148159591035,0.00919497713689447,0.92366274806122,0.99299244869807,0.99299244869807,"plaq_d"
"4982","DOPEY1","Exc L6 CT",0.0134402351736952,7.40715101925219,1.60068931892145,0.206651568028881,0.542281438815852,0.542281438815852,"plaq_d"
"4983","PGM3","Exc L6 CT",0.00912400914267654,5.19951873454359,0.206690545642711,0.729759313102952,0.923327040906143,0.923327040906143,"plaq_d"
"4984","RWDD2A","Exc L6 CT",-0.00594209808518916,3.81388673788027,0.0381777854377007,0.987294463383905,0.999571689696322,0.999571689696322,"plaq_d"
"4985","ME1","Exc L6 CT",0.0316547598494119,6.9985816118488,4.47382085985397,0.0351278097624853,0.226771277731273,0.226771277731273,"plaq_d"
"4986","SNAP91","Exc L6 CT",0.0322186527718839,8.64096256232106,10.0894712538764,0.00162445896401464,0.0384001826698764,0.0384001826698764,"plaq_d"
"4987","RIPPLY2","Exc L6 CT",-0.0263097570662685,3.06323946970618,0.383871455654529,0.535943746712548,0.823332214029863,0.823332214029863,"plaq_d"
"4988","CYB5R4","Exc L6 CT",0.00180973864083709,5.86052806752648,0.010191922866164,0.919644245107131,0.991774556338472,0.991774556338472,"plaq_d"
"4989","AL034347.1","Exc L6 CT",0.120255144618712,3.07145313046449,6.26124127314066,0.0127987187311998,0.131984494881341,0.131984494881341,"plaq_d"
"4990","MRAP2","Exc L6 CT",0.0912654011416816,4.58776707309112,6.94104202625269,0.00880026235115727,0.106550527171792,0.106550527171792,"plaq_d"
"4991","CEP162","Exc L6 CT",-0.0358233733994818,5.5774340416837,3.77954398431632,0.0526879432549051,0.282831432765583,0.282831432765583,"plaq_d"
"4992","LINC01611","Exc L6 CT",-0.063923450124863,1.30025109512746,0.213457226024276,0.644359589161532,0.881684311906607,0.881684311906607,"plaq_d"
"4993","NT5E","Exc L6 CT",-0.00719642905559057,2.10006510075891,0.00969484784243521,0.921621769542241,0.992495747220622,0.992495747220622,"plaq_d"
"4994","SNX14","Exc L6 CT",-0.018975961277791,6.39468661678745,2.22089981206208,0.137058957919965,0.450910738276957,0.450910738276957,"plaq_d"
"4995","AL589666.1","Exc L6 CT",-0.0130068516552623,2.66148642451147,0.0599704297051472,0.861959387643429,0.976606905754353,0.976606905754353,"plaq_d"
"4996","SYNCRIP","Exc L6 CT",-0.104404001959712,3.95605709672246,12.5416805585253,0.000452118103730727,0.0165023712473806,0.0165023712473806,"plaq_d"
"4997","HTR1E","Exc L6 CT",0.0154834180420991,8.0653865099937,0.982868801231045,0.322179998937418,0.667065045980595,0.667065045980595,"plaq_d"
"4998","ZNF292","Exc L6 CT",0.0220590650239596,7.91103019248343,4.2907531337305,0.0390562710488608,0.239436313707218,0.239436313707218,"plaq_d"
"4999","SMIM8","Exc L6 CT",-0.00932872589517324,6.00208623562703,0.287693312684422,0.771928663231099,0.943672302638833,0.943672302638833,"plaq_d"
"5000","SLC35A1","Exc L6 CT",-0.0113234803022855,4.14322076698343,0.153980216102442,0.695000462845212,0.906353633810656,0.906353633810656,"plaq_d"
"5001","RARS2","Exc L6 CT",-0.001200100256449,5.67341721055724,0.00509256614916839,0.943150448663351,0.997507548890635,0.997507548890635,"plaq_d"
"5002","ORC3","Exc L6 CT",-0.00831920386361461,6.39935465131045,0.334247224163764,0.721257046139865,0.918543563006856,0.918543563006856,"plaq_d"
"5003","AKIRIN2","Exc L6 CT",-0.00438556600132959,4.12425322758445,0.0258001024106096,0.936757346002549,0.996101534451179,0.996101534451179,"plaq_d"
"5004","CNR1","Exc L6 CT",0.0645709810270813,5.36385704976476,4.32195958003891,0.038355223525865,0.237488945324022,0.237488945324022,"plaq_d"
"5005","RNGTT","Exc L6 CT",0.0125772486788858,6.92028291189424,1.07338819460683,0.300900356123749,0.647550991532443,0.647550991532443,"plaq_d"
"5006","PNRC1","Exc L6 CT",0.0477100819069099,4.35530204690073,3.72739239151077,0.0543385703087841,0.286967611230717,0.286967611230717,"plaq_d"
"5007","SRSF12","Exc L6 CT",-0.0219204714144244,5.05618639868548,1.00054842866085,0.317872455987168,0.662723119940808,0.662723119940808,"plaq_d"
"5008","PM20D2","Exc L6 CT",-0.0195529802729114,4.71030806056226,0.627114616349652,0.428954820903635,0.754850864432071,0.754850864432071,"plaq_d"
"5009","GABRR1","Exc L6 CT",0.0499497579132383,2.32476587052224,0.682560402673265,0.409272181843459,0.740837712789945,0.740837712789945,"plaq_d"
"5010","UBE2J1","Exc L6 CT",0.00543760314453606,5.20810446336394,0.0768960185692535,0.781713308129113,0.948066114896942,0.948066114896942,"plaq_d"
"5011","RRAGD","Exc L6 CT",-0.00253028987179043,5.12381233609498,0.0179332910206175,0.893546966724139,0.985595335141122,0.985595335141122,"plaq_d"
"5012","ANKRD6","Exc L6 CT",0.0128877484152438,6.93085293942592,0.592091187580941,0.442133271406695,0.764029675036979,0.764029675036979,"plaq_d"
"5013","LYRM2","Exc L6 CT",0.0215189268286495,4.92833896288888,0.938775380712547,0.333265501620053,0.677888725588163,0.677888725588163,"plaq_d"
"5014","MDN1","Exc L6 CT",0.0168539131668441,7.43895080714071,2.56654320245795,0.338383277019426,0.682357985430575,0.682357985430575,"plaq_d"
"5015","CASP8AP2","Exc L6 CT",-0.0135788229470995,5.74708510277602,0.654499937400174,0.419060858124616,0.747177396181539,0.747177396181539,"plaq_d"
"5016","BACH2","Exc L6 CT",-0.034808327693218,7.70799641093981,3.85794362408673,0.05030608609272,0.2751544131424,0.2751544131424,"plaq_d"
"5017","MAP3K7","Exc L6 CT",0.015967761390033,6.30463408029876,1.64361811686136,0.200682705433015,0.536115214022879,0.536115214022879,"plaq_d"
"5018","EPHA7","Exc L6 CT",0.0448840897204074,7.35897741075752,8.46098103694774,0.00386144743384447,0.0672766752693761,0.0672766752693761,"plaq_d"
"5019","MANEA-DT","Exc L6 CT",0.0451918461069189,2.02949578565161,0.443350553499218,0.505950562179752,0.806160962162668,0.806160962162668,"plaq_d"
"5020","MANEA","Exc L6 CT",0.0327600301845178,3.17540561711916,0.613712963371977,0.547785611130099,0.830796090709115,0.830796090709115,"plaq_d"
"5021","FUT9","Exc L6 CT",0.0279094056814468,8.83029474640285,6.33742268553064,0.0122699252960043,0.129454277053199,0.129454277053199,"plaq_d"
"5022","UFL1-AS1","Exc L6 CT",-0.0612263504607777,3.66225729062656,2.45207784726462,0.118277736988008,0.420366013785705,0.420366013785705,"plaq_d"
"5023","UFL1","Exc L6 CT",-0.00704580965206789,4.90777624461683,0.118419287636674,0.730962986173761,0.92428134817369,0.92428134817369,"plaq_d"
"5024","GPR63","Exc L6 CT",0.0263861939938802,4.82651199721642,1.05330066405417,0.305460571468052,0.65079330869529,0.65079330869529,"plaq_d"
"5025","NDUFAF4","Exc L6 CT",0.0337556633569369,4.13851972314031,1.40395941302758,0.2368698452714,0.581907558451719,0.581907558451719,"plaq_d"
"5026","KLHL32","Exc L6 CT",0.0176969211440702,7.02701800744254,0.977845679580518,0.323417903607234,0.667836892486128,0.667836892486128,"plaq_d"
"5027","MMS22L","Exc L6 CT",-0.00403832527581663,4.20983219731286,0.0122207459007619,0.91203888438664,0.989967061646606,0.989967061646606,"plaq_d"
"5028","AL589740.1","Exc L6 CT",0.0687261856269783,6.86758573316009,5.02118049221323,0.025669036453273,0.191481655641625,0.191481655641625,"plaq_d"
"5029","POU3F2","Exc L6 CT",0.112722511653169,2.61407688739967,3.38193637974319,0.0667659295059155,0.316752905886625,0.316752905886625,"plaq_d"
"5030","FBXL4","Exc L6 CT",-0.000277764798159486,5.84757052595594,0.000249429820576909,0.987408301195307,0.999571689696322,0.999571689696322,"plaq_d"
"5031","FAXC","Exc L6 CT",-0.0125107294087849,6.37236426904203,0.978288768532727,0.323308455348582,0.667768798163298,0.667768798163298,"plaq_d"
"5032","COQ3","Exc L6 CT",-0.0318637663288106,3.76663372670453,0.963847998084578,0.32690092842776,0.672007106332433,0.672007106332433,"plaq_d"
"5033","PNISR","Exc L6 CT",0.0157271229022227,8.59342837130135,1.67505770763781,0.196440171959974,0.531384310199489,0.531384310199489,"plaq_d"
"5034","AL513550.1","Exc L6 CT",-0.0054254169678599,3.34678084210306,0.0173622840300802,0.895245467868006,0.986240867351275,0.986240867351275,"plaq_d"
"5035","USP45","Exc L6 CT",0.0115931369225468,5.76006454771758,0.503574606606753,0.885970619409234,0.984501043664535,0.984501043664535,"plaq_d"
"5036","TSTD3","Exc L6 CT",-0.0301512982173074,2.74665768364848,0.343902949661695,0.557964955482315,0.836802114712304,0.836802114712304,"plaq_d"
"5037","CCNC","Exc L6 CT",0.0361791471303712,5.71461081035457,4.76065728278437,0.0297855119280005,0.207069489857768,0.207069489857768,"plaq_d"
"5038","MCHR2","Exc L6 CT",-0.169891121932098,2.27909900322981,2.78865826636746,0.0958323538555854,0.381000432506216,0.381000432506216,"plaq_d"
"5039","ASCC3","Exc L6 CT",0.0158153077905607,7.14120762925117,2.08419236223855,0.162560523934985,0.487343045099552,0.487343045099552,"plaq_d"
"5040","AL133338.1","Exc L6 CT",-0.0409266922262106,1.63946993658565,0.194769542800052,0.679215709749854,0.897145550744003,0.897145550744003,"plaq_d"
"5041","GRIK2","Exc L6 CT",0.067698261452932,9.29251087898991,28.8144477865013,1.45771896602032e-07,7.23631801200985e-05,7.23631801200985e-05,"plaq_d"
"5042","HACE1","Exc L6 CT",0.0150250914501088,6.64993731815058,1.21786843431331,0.270541465426913,0.618110489548646,0.618110489548646,"plaq_d"
"5043","LIN28B-AS1","Exc L6 CT",-0.0393729104845816,2.64672298890022,0.341970632863486,0.55907266323082,0.837242282312585,0.837242282312585,"plaq_d"
"5044","LIN28B","Exc L6 CT",0.0266733534476333,3.85939991232683,0.413346322656717,0.520699048601456,0.814468689813588,0.814468689813588,"plaq_d"
"5045","BVES","Exc L6 CT",-0.11842058294278,1.98925883846017,2.06628318619078,0.151486155214164,0.472033482784221,0.472033482784221,"plaq_d"
"5046","BVES-AS1","Exc L6 CT",-0.0213405141344401,2.24464432659184,0.0916699674506736,0.762245571549843,0.93941334201109,0.93941334201109,"plaq_d"
"5047","POPDC3","Exc L6 CT",0.073454864228725,3.82731249706564,4.81157460315694,0.0289298311996699,0.203854062628707,0.203854062628707,"plaq_d"
"5048","PREP","Exc L6 CT",0.00343010238353692,5.90988234986962,0.0389007345273442,0.890325726848637,0.984904368079323,0.984904368079323,"plaq_d"
"5049","AL591518.1","Exc L6 CT",-0.120596870895596,2.38208953276119,2.16272190723696,0.142297096815052,0.45868988037382,0.45868988037382,"plaq_d"
"5050","ATG5","Exc L6 CT",-0.0248968869288145,6.41353677697446,3.19232060215757,0.0748547704000483,0.335795759122724,0.335795759122724,"plaq_d"
"5051","CRYBG1","Exc L6 CT",-0.107339820446217,2.34790115239176,3.09671894419271,0.0793283488432387,0.346375309106611,0.346375309106611,"plaq_d"
"5052","RTN4IP1","Exc L6 CT",-0.0509620733748388,4.50645085582448,4.08458292508873,0.0440409826294028,0.25596043033221,0.25596043033221,"plaq_d"
"5053","QRSL1","Exc L6 CT",-0.0151544195208653,4.53403708694099,0.353323499804617,0.552623798004092,0.832820016805358,0.832820016805358,"plaq_d"
"5054","C6orf203","Exc L6 CT",-0.0212148642666125,4.31382395701793,0.635622098695344,0.42584387400326,0.752294564995819,0.752294564995819,"plaq_d"
"5055","PDSS2","Exc L6 CT",0.0159539032429696,6.64805600306611,1.18742090524702,0.358565611127358,0.700718774124955,0.700718774124955,"plaq_d"
"5056","SOBP","Exc L6 CT",-0.007329794852639,8.31371142917986,0.481817361440211,0.48806311683507,0.794896337781129,0.794896337781129,"plaq_d"
"5057","SEC63","Exc L6 CT",-0.00834168295165997,6.1754750225529,0.388573857809118,0.533458094616853,0.821600803720074,0.821600803720074,"plaq_d"
"5058","OSTM1","Exc L6 CT",0.00117427661520304,5.02915357480308,0.00290519517584285,0.957045857343045,0.998742420766286,0.998742420766286,"plaq_d"
"5059","SNX3","Exc L6 CT",0.00814323776698829,5.77616772540832,0.229701201919543,0.677644390992356,0.896385982975829,0.896385982975829,"plaq_d"
"5060","AFG1L","Exc L6 CT",0.0372430728858632,5.76741034558935,4.55914696964387,0.0334408787248471,0.2217479917655,0.2217479917655,"plaq_d"
"5061","FOXO3","Exc L6 CT",0.00294440886827247,6.8852880292407,0.0503277500336758,0.822625523433887,0.963694415288182,0.963694415288182,"plaq_d"
"5062","ARMC2","Exc L6 CT",-0.0199626369487574,6.51692231316921,2.14053878489853,0.144353565829002,0.460742996973083,0.460742996973083,"plaq_d"
"5063","SESN1","Exc L6 CT",0.0448903621256803,6.85448093011225,11.3675695250152,0.000831330680297045,0.0251425135999081,0.0251425135999081,"plaq_d"
"5064","CEP57L1","Exc L6 CT",0.0286250461533444,4.87438490162132,1.77207850566901,0.212108153631378,0.549044120108991,0.549044120108991,"plaq_d"
"5065","CD164","Exc L6 CT",0.0148345878937012,4.28535385056231,0.356617411249174,0.550778983475508,0.831831121077781,0.831831121077781,"plaq_d"
"5066","PPIL6","Exc L6 CT",0.0302181937209026,4.87930566361351,1.42067421035821,0.234104184835228,0.578933347099549,0.578933347099549,"plaq_d"
"5067","MICAL1","Exc L6 CT",-0.0128120066719286,4.30165030998133,0.18209441281237,0.669843192816126,0.894479014664119,0.894479014664119,"plaq_d"
"5068","ZBTB24","Exc L6 CT",-0.0631324743668742,2.92976582506002,1.59369428292147,0.207643961449351,0.543399830762564,0.543399830762564,"plaq_d"
"5069","AK9","Exc L6 CT",0.00675057789875534,5.41781038901519,0.102227934255664,0.749363985187438,0.933349594630062,0.933349594630062,"plaq_d"
"5070","FIG4","Exc L6 CT",0.00910579542452288,5.65158033985459,0.286821952454874,0.670177502678613,0.894564240014957,0.894564240014957,"plaq_d"
"5071","WASF1","Exc L6 CT",0.0143053500413316,7.73234891147294,1.55548300069024,0.213166041990519,0.550210006516415,0.550210006516415,"plaq_d"
"5072","CDC40","Exc L6 CT",0.0107884967665186,5.71842802922108,0.438707248440508,0.50818522247057,0.806906139178239,0.806906139178239,"plaq_d"
"5073","METTL24","Exc L6 CT",-0.019434447094155,4.96011146651058,0.442316807695174,0.506446602274509,0.806312025096312,0.806312025096312,"plaq_d"
"5074","CDK19","Exc L6 CT",-0.00421761829853657,6.31859116831303,0.0649456013699844,0.798993831475207,0.954936287685377,0.954936287685377,"plaq_d"
"5075","AMD1","Exc L6 CT",0.0255248737616123,5.45577697513901,1.912034008833,0.167623625992186,0.494178403303997,0.494178403303997,"plaq_d"
"5076","GTF3C6","Exc L6 CT",-0.0899245481454906,2.87461833919165,3.33061990956913,0.0688578663858718,0.32188525680767,0.32188525680767,"plaq_d"
"5077","RPF2","Exc L6 CT",-0.0294525053083871,4.37143976587118,1.54939129770513,0.214062451340027,0.551475134125093,0.551475134125093,"plaq_d"
"5078","SLC16A10","Exc L6 CT",-0.0145895739831684,5.00806010550255,0.274185695332456,0.600870791803225,0.860453189973065,0.860453189973065,"plaq_d"
"5079","MFSD4B","Exc L6 CT",-0.0526340044064074,3.64688117361263,2.35649628224005,0.125670245708208,0.432707212919246,0.432707212919246,"plaq_d"
"5080","AL080317.1","Exc L6 CT",-0.0142189977097207,2.25959176399339,0.0509913717549993,0.98923168093909,0.999571689696322,0.999571689696322,"plaq_d"
"5081","REV3L","Exc L6 CT",0.0171581934721268,7.83750168057224,1.68986247776094,0.194478970119101,0.52876120894781,0.52876120894781,"plaq_d"
"5082","TRAF3IP2-AS1","Exc L6 CT",-0.00293462542360541,8.01781648334733,0.0514173069046272,0.820748216912064,0.963631282552026,0.963631282552026,"plaq_d"
"5083","TRAF3IP2","Exc L6 CT",-0.0444047685953169,3.21559412406398,0.984552490795206,0.321766470696193,0.666400534044367,0.666400534044367,"plaq_d"
"5084","Z97989.1","Exc L6 CT",0.0568421347622497,2.21094567993218,0.663742490659558,0.415798661909321,0.745202733125852,0.745202733125852,"plaq_d"
"5085","FYN","Exc L6 CT",-0.0141393479162669,6.8188019174258,1.28675357794783,0.257427410335115,0.60470031924439,0.60470031924439,"plaq_d"
"5086","TUBE1","Exc L6 CT",0.017113127199038,5.56159788675923,0.876936131234904,0.349691255853156,0.692981336193501,0.692981336193501,"plaq_d"
"5087","FAM229B","Exc L6 CT",-0.013590173871911,4.34463033592313,0.256550440430955,0.678713856204963,0.896894131992533,0.896894131992533,"plaq_d"
"5088","LAMA4","Exc L6 CT",-0.0309250956944561,3.85931324704877,0.438536105306661,0.508267912619357,0.806906139178239,0.806906139178239,"plaq_d"
"5089","MARCKS","Exc L6 CT",0.0725277903861094,5.54501246375026,12.6839079628184,0.000420117657206153,0.0159578200346696,0.0159578200346696,"plaq_d"
"5090","HDAC2","Exc L6 CT",0.0151707722656509,5.17901378632219,0.73526775776896,0.44100404933393,0.763247691056896,0.763247691056896,"plaq_d"
"5091","HDAC2-AS2","Exc L6 CT",0.0253487444105872,5.21123606687118,1.08424213224697,0.298472943396364,0.645885022720895,0.645885022720895,"plaq_d"
"5092","HS3ST5","Exc L6 CT",0.0546265705340695,7.0057931313646,3.8149872874258,0.0515966300297905,0.279663059453639,0.279663059453639,"plaq_d"
"5093","FRK","Exc L6 CT",-0.00627499274626341,2.38027415752374,0.00926676861027235,0.923366237362189,0.992887686963406,0.992887686963406,"plaq_d"
"5094","NT5DC1","Exc L6 CT",0.0241602969250652,5.83338471177346,1.53045745223073,0.216877473780399,0.556238751566475,0.556238751566475,"plaq_d"
"5095","COL10A1","Exc L6 CT",0.00442176976021029,2.88746427886482,0.00469333339450308,0.945420649128459,0.997609533382524,0.997609533382524,"plaq_d"
"5096","TSPYL4","Exc L6 CT",0.0849055424453008,5.67564594133801,17.4932665314038,3.65306563031349e-05,0.00322635170637994,0.00322635170637994,"plaq_d"
"5097","DSE","Exc L6 CT",0.0525194392400139,6.15959689237842,6.8757460073569,0.00912096667197675,0.109148326026415,0.109148326026415,"plaq_d"
"5098","TSPYL1","Exc L6 CT",0.0799106631835955,7.09341351210973,20.2520764632504,9.26685375257918e-06,0.00120254585066794,0.00120254585066794,"plaq_d"
"5099","RWDD1","Exc L6 CT",0.0272135623356782,4.55289381283357,1.07990744870277,0.299439324630885,0.645995581805218,0.645995581805218,"plaq_d"
"5100","ZUP1","Exc L6 CT",-0.0124865871244727,4.48359239293159,0.276025227112711,0.599652727065644,0.859923995195579,0.859923995195579,"plaq_d"
"5101","KPNA5","Exc L6 CT",0.00780076972227179,6.16912983932921,0.276273674545842,0.59948861246797,0.859858066890694,0.859858066890694,"plaq_d"
"5102","FAM162B","Exc L6 CT",0.215093577879733,1.4285673113734,3.55781808446458,0.0600975908320228,0.302357774821936,0.302357774821936,"plaq_d"
"5103","AL132671.2","Exc L6 CT",0.144810120731217,1.67647366458935,3.00378491744951,0.0839555526730421,0.354914492497033,0.354914492497033,"plaq_d"
"5104","DCBLD1","Exc L6 CT",0.0328127942301088,3.09938031022739,0.531879791237239,0.466307908415278,0.780846218962475,0.780846218962475,"plaq_d"
"5105","GOPC","Exc L6 CT",-0.0103633376251585,5.24138368251169,0.241895434945132,0.623150380440582,0.872864237883659,0.872864237883659,"plaq_d"
"5106","NUS1","Exc L6 CT",-0.031148773997479,5.57785037328435,2.66671517290735,0.10337120694435,0.394609637415312,0.394609637415312,"plaq_d"
"5107","SLC35F1","Exc L6 CT",0.0132971159223632,10.111959176017,1.46558584191259,0.226864543318761,0.568485482330756,0.568485482330756,"plaq_d"
"5108","CEP85L","Exc L6 CT",0.00257479452391746,7.59557465352616,0.0443367978230422,0.833351413323015,0.96728960782902,0.96728960782902,"plaq_d"
"5109","MCM9","Exc L6 CT",-0.0301021608019948,4.62810659429793,1.28949567289401,0.256921930871753,0.604354267455843,0.604354267455843,"plaq_d"
"5110","ASF1A","Exc L6 CT",0.019410039240243,3.0743098568244,0.199298133882566,0.65556547514573,0.887902961727155,0.887902961727155,"plaq_d"
"5111","AL365275.1","Exc L6 CT",0.0545434339373751,2.50012727597924,0.588979756401442,0.443333996336285,0.764889287063418,0.764889287063418,"plaq_d"
"5112","FAM184A","Exc L6 CT",-0.00917200754461853,5.9157197175204,0.236009783651008,0.627408594847004,0.875328074739829,0.875328074739829,"plaq_d"
"5113","MAN1A1","Exc L6 CT",0.0107330744602922,6.88755564843232,0.256473416679083,0.612873893548284,0.868496069595123,0.868496069595123,"plaq_d"
"5114","TBC1D32","Exc L6 CT",0.0128768645279405,7.43766211266026,0.970844158774659,0.325153896830803,0.669850529303983,0.669850529303983,"plaq_d"
"5115","HSF2","Exc L6 CT",0.0346953435257883,5.28311894960685,3.22352017627999,0.0734543762243409,0.3319208282482,0.3319208282482,"plaq_d"
"5116","SERINC1","Exc L6 CT",0.0806023458329665,7.53148906982325,38.4812082861362,1.56823105330383e-09,2.05238674939654e-06,2.05238674939654e-06,"plaq_d"
"5117","PKIB","Exc L6 CT",-0.0212660260796986,2.89834681188769,0.121097524227922,0.728057450974714,0.921902987442341,0.921902987442341,"plaq_d"
"5118","FABP7","Exc L6 CT",0.143124284620025,3.16270374764973,8.8639575837113,0.00311222720555391,0.0586941129879511,0.0586941129879511,"plaq_d"
"5119","SMPDL3A","Exc L6 CT",0.0498565058223979,3.12267968105526,1.40526123056521,0.236653023665008,0.581734446488155,0.581734446488155,"plaq_d"
"5120","CLVS2","Exc L6 CT",0.082233416083481,7.71118501492445,22.7812978280109,2.67648245129102e-06,0.000520684342821426,0.000520684342821426,"plaq_d"
"5121","NKAIN2","Exc L6 CT",0.0344981178457672,10.9980060945632,11.4613932916867,0.000791669908638785,0.0243523077024871,0.0243523077024871,"plaq_d"
"5122","RNF217-AS1","Exc L6 CT",-0.0793802014300254,3.13575589207337,2.582946509382,0.108926804004604,0.405825639350485,0.405825639350485,"plaq_d"
"5123","RNF217","Exc L6 CT",-0.0130387935939908,5.72836466542367,0.559445162650544,0.454988743225261,0.774917766129016,0.774917766129016,"plaq_d"
"5124","TPD52L1","Exc L6 CT",0.0822022209795889,3.49002728167687,1.66523577687159,0.197754123692978,0.532637024275712,0.532637024275712,"plaq_d"
"5125","HDDC2","Exc L6 CT",-0.0167173719212971,4.07241139141813,0.223867051246879,0.63640555690272,0.878269581788608,0.878269581788608,"plaq_d"
"5126","AL450332.1","Exc L6 CT",-0.326009653177923,1.51756942543286,9.22767414983985,0.00256382156834925,0.0517654632509899,0.0517654632509899,"plaq_d"
"5127","NCOA7","Exc L6 CT",0.0179999221745625,7.55256224418743,2.57294656811356,0.109611702327051,0.407323197392934,0.407323197392934,"plaq_d"
"5128","NCOA7-AS1","Exc L6 CT",-0.0610179523216497,1.85529856353153,0.613338043838886,0.434066076368122,0.757698516826922,0.757698516826922,"plaq_d"
"5129","HINT3","Exc L6 CT",0.0460741361783256,5.19127306726601,6.65443080262182,0.010300355899917,0.117499147016803,0.117499147016803,"plaq_d"
"5130","TRMT11","Exc L6 CT",-0.0163141801466281,5.94111082345934,0.938665641977849,0.333293720457975,0.677888725588163,0.677888725588163,"plaq_d"
"5131","AC020559.1","Exc L6 CT",0.102074753001827,4.48364134619708,13.645996653571,0.000256194193111573,0.0115980239120573,0.0115980239120573,"plaq_d"
"5132","CENPW","Exc L6 CT",0.0113474779461198,2.49980696004813,0.0429898242395384,0.835865639226343,0.968148824708539,0.968148824708539,"plaq_d"
"5133","RSPO3","Exc L6 CT",0.042321129034235,4.52311424226591,1.13434016724876,0.287589447564533,0.634309435749811,0.634309435749811,"plaq_d"
"5134","RNF146","Exc L6 CT",-0.0117112257331517,5.52198257293624,0.349617172314902,0.554713566751748,0.834108968827573,0.834108968827573,"plaq_d"
"5135","ECHDC1","Exc L6 CT",-0.0310742503933037,5.33237720706766,2.4813136535047,0.212657843274425,0.549824409443,0.549824409443,"plaq_d"
"5136","AL096711.2","Exc L6 CT",0.00947688163358644,4.9468899414507,0.195171626952136,0.658920964906291,0.88951858690838,0.88951858690838,"plaq_d"
"5137","THEMIS","Exc L6 CT",0.052177391940555,3.14656173602977,0.551987262438649,0.458007787994576,0.775664661561659,0.775664661561659,"plaq_d"
"5138","PTPRK","Exc L6 CT",-0.721375957034555,3.25866422290975,13.0394332556352,0.000349802819603838,0.0143061403153888,0.0143061403153888,"plaq_d"
"5139","AL590006.1","Exc L6 CT",0.0684523807858084,2.02574470143142,0.761908077701795,0.383333588859791,0.718368873419559,0.718368873419559,"plaq_d"
"5140","LAMA2","Exc L6 CT",-0.593348149808896,1.56521452117702,8.85911210597826,0.00312029107985482,0.0586941129879511,0.0586941129879511,"plaq_d"
"5141","AL356124.1","Exc L6 CT",0.0709274889638576,2.05785425697593,0.766701092136359,0.381843151271079,0.717788377723222,0.717788377723222,"plaq_d"
"5142","ARHGAP18","Exc L6 CT",0.0296790470750281,3.74438166775016,0.341992338727072,0.559060196948359,0.837242282312585,0.837242282312585,"plaq_d"
"5143","TMEM244","Exc L6 CT",0.118020652106859,2.38522612112221,1.80607456282762,0.179854863362584,0.510351866855852,0.510351866855852,"plaq_d"
"5144","L3MBTL3","Exc L6 CT",0.0853599820682352,4.00143946328113,4.93556719778783,0.0269518924124177,0.196908620698505,0.196908620698505,"plaq_d"
"5145","EPB41L2","Exc L6 CT",0.0180141814429905,8.83521264940775,2.33666590855182,0.127267642606428,0.434982189687117,0.434982189687117,"plaq_d"
"5146","AKAP7","Exc L6 CT",-0.0193675394931963,6.40956451764532,1.66037517327186,0.198408186362338,0.533585699770637,0.533585699770637,"plaq_d"
"5147","MED23","Exc L6 CT",0.0306754686486424,6.11823764219632,3.95523740365089,0.0475080564596182,0.266119058674188,0.266119058674188,"plaq_d"
"5148","ENPP3","Exc L6 CT",0.0105622687727433,2.47127490704091,0.0280221160847754,0.867154015319213,0.978043661483368,0.978043661483368,"plaq_d"
"5149","ENPP1","Exc L6 CT",-0.0235108475841809,3.71293665817232,0.383885847271549,0.53593610731129,0.823332214029863,0.823332214029863,"plaq_d"
"5150","CTGF","Exc L6 CT",0.0771325464743102,3.24363151358048,1.28796167629923,0.257204557096346,0.604525192483101,0.604525192483101,"plaq_d"
"5151","AL133346.1","Exc L6 CT",0.0484552377907709,6.46030194881814,2.64827244593156,0.104567019559277,0.396940164332666,0.396940164332666,"plaq_d"
"5152","AL021408.1","Exc L6 CT",0.0776374455824526,2.81527918684623,2.15359034060943,0.143139597076766,0.459655953494784,0.459655953494784,"plaq_d"
"5153","LINC01013","Exc L6 CT",0.075284712537138,3.47500554612853,2.40893047811993,0.121553177365252,0.425968729637332,0.425968729637332,"plaq_d"
"5154","MOXD1","Exc L6 CT",-0.0310362998827334,2.04772879774046,0.0645109234743202,0.799653194896156,0.955098929206427,0.955098929206427,"plaq_d"
"5155","STX7","Exc L6 CT",0.0283196303601356,6.79353018998428,5.61853918171495,0.0183156528652276,0.159839284560907,0.159839284560907,"plaq_d"
"5156","SLC18B1","Exc L6 CT",-0.00924503593532717,6.69548255626325,0.295659170646013,0.586964583079091,0.854287193719603,0.854287193719603,"plaq_d"
"5157","RPS12","Exc L6 CT",-0.0814971190410972,4.88062421372741,3.755427293896,0.0534445198813898,0.284958262300921,0.284958262300921,"plaq_d"
"5158","EYA4","Exc L6 CT",0.126220891203131,1.67506191166938,0.868941686164698,0.351894354612585,0.69509757532969,0.69509757532969,"plaq_d"
"5159","TARID","Exc L6 CT",-0.0241393868189401,2.0630211541956,0.0907015672556936,0.763466910515852,0.939670734313362,0.939670734313362,"plaq_d"
"5160","TBPL1","Exc L6 CT",0.0163604876540901,6.10386414295316,1.25380016463383,0.263599686098404,0.609944099061398,0.609944099061398,"plaq_d"
"5161","SLC2A12","Exc L6 CT",0.0163439409054531,5.31515087108253,0.49440412101956,0.482439136085852,0.791938124752253,0.791938124752253,"plaq_d"
"5162","SGK1","Exc L6 CT",-0.00403977228754394,7.5718707628644,0.0440727741161134,0.833841058096278,0.96728960782902,0.96728960782902,"plaq_d"
"5163","ALDH8A1","Exc L6 CT",-0.00248269653800416,4.21157754603005,0.00532977695729817,0.941843801200349,0.997438011127403,0.997438011127403,"plaq_d"
"5164","HBS1L","Exc L6 CT",0.0116101227866489,5.89685284911709,0.552633367758011,0.457744986271963,0.775664661561659,0.775664661561659,"plaq_d"
"5165","AHI1","Exc L6 CT",-0.0400628841727268,9.08406118144525,7.31548109553541,0.00717222626841715,0.0947334852878451,0.0947334852878451,"plaq_d"
"5166","LINC00271","Exc L6 CT",-0.0198636661610509,4.46570387122121,0.32445429721233,0.569310280303822,0.842928190399446,0.842928190399446,"plaq_d"
"5167","PDE7B","Exc L6 CT",-0.388231024479235,1.23832181197085,5.17008629574994,0.0235873243676102,0.182181983682407,0.182181983682407,"plaq_d"
"5168","BCLAF1","Exc L6 CT",0.0421792830166941,6.5972704846513,11.1499465529101,0.00093127969554256,0.0264614503957922,0.0264614503957922,"plaq_d"
"5169","AL023284.4","Exc L6 CT",0.0826610191706468,3.56074204070446,5.31157192893929,0.0217720285336964,0.175296489245578,0.175296489245578,"plaq_d"
"5170","MAP7","Exc L6 CT",0.0350933276041975,8.40018561434771,9.77313691029261,0.00191978172917494,0.0427158852754288,0.0427158852754288,"plaq_d"
"5171","AL024508.2","Exc L6 CT",0.0610797327435892,1.83319075818979,0.590397403574374,0.442786291234922,0.764388781490904,0.764388781490904,"plaq_d"
"5172","MAP3K5","Exc L6 CT",0.0252284745679484,8.10844898787203,4.2333920626831,0.0403803334123885,0.243886952855674,0.243886952855674,"plaq_d"
"5173","AL024508.1","Exc L6 CT",-0.00109625752291789,1.9674948930449,0.00242875736934388,0.960722482034852,0.998742420766286,0.998742420766286,"plaq_d"
"5174","PEX7","Exc L6 CT",-0.0683092320040122,4.33950697604072,5.90249124465072,0.0156246205429564,0.147970318363804,0.147970318363804,"plaq_d"
"5175","IFNGR1","Exc L6 CT",0.025474527355188,4.7640689475325,1.37177882846908,0.242307353623532,0.587546245750086,0.587546245750086,"plaq_d"
"5176","PERP","Exc L6 CT",0.00476827183684226,2.6854499805863,0.00888498794257172,0.924956671104313,0.993407704701672,0.993407704701672,"plaq_d"
"5177","ARFGEF3","Exc L6 CT",0.0486841276216151,8.22514476200478,16.3628944831546,6.44494639289243e-05,0.00472483745714632,0.00472483745714632,"plaq_d"
"5178","HEBP2","Exc L6 CT",0.0508972012308011,2.88157219655913,1.01151356701308,0.315238906022047,0.65973381839044,0.65973381839044,"plaq_d"
"5179","NHSL1","Exc L6 CT",0.135484559137831,2.06990777189225,1.9573725004306,0.162684744012903,0.487512401084462,0.487512401084462,"plaq_d"
"5180","GVQW2","Exc L6 CT",0.017811162108845,2.78420753616313,0.110215343388949,0.740098850171598,0.928661774628954,0.928661774628954,"plaq_d"
"5181","CCDC28A","Exc L6 CT",-0.0390030171583067,5.07673563784711,3.02169820955897,0.0830413755802068,0.353560823418939,0.353560823418939,"plaq_d"
"5182","ECT2L","Exc L6 CT",-0.0299865589765997,2.97101338012265,0.384021266816151,0.535864233211557,0.823332214029863,0.823332214029863,"plaq_d"
"5183","REPS1","Exc L6 CT",0.00420614246203591,7.09144163397748,0.150915665465721,0.697899267171047,0.907994383207807,0.907994383207807,"plaq_d"
"5184","ABRACL","Exc L6 CT",-0.0393525850122089,3.74394712978236,1.18537778964045,0.277016872566019,0.625283159438925,0.625283159438925,"plaq_d"
"5185","HECA","Exc L6 CT",-0.024654912901718,4.86618783238901,1.0348519769641,0.309728106743306,0.653868903195086,0.653868903195086,"plaq_d"
"5186","AL031772.1","Exc L6 CT",0.00936611917981062,3.79415312936637,0.0866395169277745,0.938399136970933,0.996248409160424,0.996248409160424,"plaq_d"
"5187","TXLNB","Exc L6 CT",-0.0855003572058482,2.14919518279564,1.52141738825261,0.218237114060796,0.557987306215601,0.557987306215601,"plaq_d"
"5188","CITED2","Exc L6 CT",-0.00149008682704046,2.45630357599751,0.000435479517378845,0.983362789891077,0.999571689696322,0.999571689696322,"plaq_d"
"5189","NMBR","Exc L6 CT",0.0287460220246091,1.43053776312111,0.0815507174698308,0.775376624011811,0.945398651585842,0.945398651585842,"plaq_d"
"5190","VTA1","Exc L6 CT",0.0230263949176768,5.56653354283802,1.68176279009558,0.19554907858433,0.5301666303059,0.5301666303059,"plaq_d"
"5191","ADGRG6","Exc L6 CT",0.183688193792819,1.63632282722299,2.71415008331061,0.100364014317192,0.389225919142337,0.389225919142337,"plaq_d"
"5192","HIVEP2","Exc L6 CT",0.0246809942570691,8.6133274511893,3.96231459862905,0.0473110696353239,0.265739429758144,0.265739429758144,"plaq_d"
"5193","LINC01277","Exc L6 CT",0.00205058337662734,4.65019336596924,0.00417490977239315,0.94851878118797,0.99802142424354,0.99802142424354,"plaq_d"
"5194","AIG1","Exc L6 CT",0.0167187536792157,7.9854899831498,2.01418879203382,0.15672909425674,0.479285600943504,0.479285600943504,"plaq_d"
"5195","ADAT2","Exc L6 CT",-0.0157402610952354,3.81996930688395,0.207690757260171,0.64886749223502,0.88448566348415,0.88448566348415,"plaq_d"
"5196","PEX3","Exc L6 CT",0.0077861133980084,6.06276858334442,0.245404712956163,0.659598238067993,0.889848770989301,0.889848770989301,"plaq_d"
"5197","FUCA2","Exc L6 CT",-0.115270979647798,3.36549773895254,7.88588805311884,0.00526308913979788,0.0799234506925425,0.0799234506925425,"plaq_d"
"5198","PHACTR2","Exc L6 CT",0.0241506218236247,5.46324862086119,0.744980868634642,0.388664096676337,0.722895133818159,0.722895133818159,"plaq_d"
"5199","PLAGL1","Exc L6 CT",0.0197716709912116,6.32031023899515,0.711908420384092,0.399390263761992,0.732156148875288,0.732156148875288,"plaq_d"
"5200","SF3B5","Exc L6 CT",-0.0231315771247407,2.99484353016392,0.278106207864732,0.606285162817154,0.863865962549733,0.863865962549733,"plaq_d"
"5201","UTRN","Exc L6 CT",0.0472063994729045,4.99042825037602,0.781094905662701,0.377416300410149,0.714060331279341,0.714060331279341,"plaq_d"
"5202","EPM2A","Exc L6 CT",-0.0205398232246256,4.96960063384683,0.580357842229031,0.446687774787578,0.767519068434482,0.767519068434482,"plaq_d"
"5203","FBXO30","Exc L6 CT",0.0305406434428381,3.47404332006659,0.77558237702173,0.379103069608483,0.715277560954616,0.715277560954616,"plaq_d"
"5204","AL356599.1","Exc L6 CT",-0.0284820453464349,5.12952608864506,1.03033368409085,0.310785101260794,0.65534822290177,0.65534822290177,"plaq_d"
"5205","SHPRH","Exc L6 CT",0.0208078482399711,7.35680178018026,3.78211696108734,0.0526079001681217,0.282724284416929,0.282724284416929,"plaq_d"
"5206","GRM1","Exc L6 CT",0.125172691054597,5.5292838073996,13.1774267179489,0.000325838546233122,0.0137513479277001,0.0137513479277001,"plaq_d"
"5207","STXBP5-AS1","Exc L6 CT",0.0246689398702109,8.28264458764938,1.48232240174009,0.224235968214184,0.564452001820491,0.564452001820491,"plaq_d"
"5208","STXBP5","Exc L6 CT",0.0435746745029975,8.89741442104123,23.6849330741174,1.72306596783488e-06,0.000400084801176628,0.000400084801176628,"plaq_d"
"5209","SAMD5","Exc L6 CT",0.0863455538217366,4.14975257151852,1.70821692968827,0.192079356944422,0.525698559424315,0.525698559424315,"plaq_d"
"5210","AL033504.1","Exc L6 CT",0.12813826326352,3.83617611673889,3.30214376895675,0.0700489993030166,0.324148310500234,0.324148310500234,"plaq_d"
"5211","SASH1","Exc L6 CT",0.00540385689215175,3.16330651810854,0.00613354265014013,0.937620930884408,0.996196178085887,0.996196178085887,"plaq_d"
"5212","UST","Exc L6 CT",-0.0337466720299963,4.19998954499008,0.464056852483204,0.496186866679263,0.800796651649627,0.800796651649627,"plaq_d"
"5213","TAB2","Exc L6 CT",0.0427899484067048,6.64806384657042,11.3891883875721,0.000822016623457554,0.0249131606553578,0.0249131606553578,"plaq_d"
"5214","PPIL4","Exc L6 CT",0.00688198991262579,5.43897211759996,0.169869297946677,0.726638096369776,0.920964934082945,0.920964934082945,"plaq_d"
"5215","GINM1","Exc L6 CT",-0.0120738561363634,4.88111717277172,0.333713264652677,0.563854083250966,0.840074739388216,0.840074739388216,"plaq_d"
"5216","KATNA1","Exc L6 CT",0.0252357116713978,4.0609749942316,0.791792309164089,0.413903789793798,0.743704313264044,0.743704313264044,"plaq_d"
"5217","LATS1","Exc L6 CT",-0.0125393550547394,6.22100801908862,0.712230927047094,0.3992836124976,0.732147100435035,0.732147100435035,"plaq_d"
"5218","NUP43","Exc L6 CT",-0.0144457944247677,3.66988130117287,0.170068775266819,0.680304478714868,0.898006902217058,0.898006902217058,"plaq_d"
"5219","PCMT1","Exc L6 CT",0.0252448527990988,6.52175393837757,3.5857376104268,0.0713124561704362,0.327353306880331,0.327353306880331,"plaq_d"
"5220","AL355312.2","Exc L6 CT",-0.07542134046925,2.22458148584095,1.19288234662313,0.275504032075193,0.623384664953381,0.623384664953381,"plaq_d"
"5221","LRP11","Exc L6 CT",-0.0202888702075252,5.40780178982463,1.23797590092247,0.266629064477752,0.613848074879532,0.613848074879532,"plaq_d"
"5222","AL355312.3","Exc L6 CT",-0.00222037797962638,3.30973528496295,0.00220189407126164,0.962600426962514,0.998742420766286,0.998742420766286,"plaq_d"
"5223","PPP1R14C","Exc L6 CT",-0.0289805402391786,3.7597113029187,0.577825750789315,0.447680204462855,0.768611117882798,0.768611117882798,"plaq_d"
"5224","PLEKHG1","Exc L6 CT",-0.601803625791088,1.17975011145921,15.8936311122894,8.16649901186113e-05,0.00567988738511919,0.00567988738511919,"plaq_d"
"5225","MTHFD1L","Exc L6 CT",-0.045734674879339,5.71199941501872,3.99192463172622,0.0464962384828782,0.26370678803592,0.26370678803592,"plaq_d"
"5226","AL138733.1","Exc L6 CT",-0.0879026838601107,2.0360196163219,1.41854085416293,0.234454982650013,0.578984429454752,0.578984429454752,"plaq_d"
"5227","AKAP12","Exc L6 CT",0.0038118636851682,6.66874383855865,0.0544841821503639,0.815573634967035,0.960788033592559,0.960788033592559,"plaq_d"
"5228","ZBTB2","Exc L6 CT",-0.0910352097327858,2.94672315087416,4.05263733013547,0.0448716087608313,0.25797591043168,0.25797591043168,"plaq_d"
"5229","RMND1","Exc L6 CT",-0.0729117258261821,4.97086673815203,10.8731194763653,0.00107629959429662,0.0290157471151576,0.0290157471151576,"plaq_d"
"5230","ARMT1","Exc L6 CT",0.0353688781073165,3.88314588973434,1.25570757527371,0.263237438460249,0.60964706629243,0.60964706629243,"plaq_d"
"5231","CCDC170","Exc L6 CT",-0.0796603562612309,3.4226698882746,3.20728876168699,0.0741793644410177,0.333923117727608,0.333923117727608,"plaq_d"
"5232","ESR1","Exc L6 CT",0.0169938253333861,3.33655799665861,0.134513160507528,0.714020552881749,0.91426971184341,0.91426971184341,"plaq_d"
"5233","SYNE1","Exc L6 CT",0.0294508330886293,9.29864229983372,5.70065834120427,0.0174913120693604,0.156012966883836,0.156012966883836,"plaq_d"
"5234","AL080276.2","Exc L6 CT",0.00768452704319545,3.07431998423099,0.0323130422589759,0.909116813473564,0.989478998057174,0.989478998057174,"plaq_d"
"5235","MTRF1L","Exc L6 CT",0.0285757963313815,4.05461108218482,0.920625523144138,0.3379765542823,0.68210527889591,0.68210527889591,"plaq_d"
"5236","RGS17","Exc L6 CT",0.0186284544250413,6.46645054408773,1.18740244741252,0.27660769280674,0.624868449312615,0.624868449312615,"plaq_d"
"5237","AL590867.1","Exc L6 CT",-0.0122679090574193,2.05377051955025,0.0172240027151399,0.895661052814451,0.986281603373151,0.986281603373151,"plaq_d"
"5238","OPRM1","Exc L6 CT",0.0818167319873875,7.12180133436895,13.4005350632223,0.00029055915635046,0.0127917113603096,0.0127917113603096,"plaq_d"
"5239","IPCEF1","Exc L6 CT",0.0414832278935056,7.58712396179553,8.87945912119292,0.00308657211882446,0.0584661739771012,0.0584661739771012,"plaq_d"
"5240","CNKSR3","Exc L6 CT",0.0291177411741869,6.64210313204566,1.94509868981711,0.164005092623107,0.489435118194267,0.489435118194267,"plaq_d"
"5241","SCAF8","Exc L6 CT",0.020204098376853,6.84666873267602,2.74579805734693,0.116522770953427,0.417108541331427,0.417108541331427,"plaq_d"
"5242","TIAM2","Exc L6 CT",0.0408348971153912,7.84932387667342,11.3918105232552,0.000820894161288906,0.0249131606553578,0.0249131606553578,"plaq_d"
"5243","AL596202.1","Exc L6 CT",0.0169502039671635,1.91988319868076,0.0484786568376747,0.825861022941826,0.963985585882276,0.963985585882276,"plaq_d"
"5244","TFB1M","Exc L6 CT",-0.0055279472045944,5.0787328079536,0.065308229015867,0.838121742151016,0.968820749155593,0.968820749155593,"plaq_d"
"5245","ARID1B","Exc L6 CT",0.0312299805681025,8.71704958318283,11.4355931888779,0.000802380422038753,0.0245767416078083,0.0245767416078083,"plaq_d"
"5246","TMEM242","Exc L6 CT",0.0229046543018807,4.84228182549605,1.10519200423471,0.293858537951075,0.641551033112477,0.641551033112477,"plaq_d"
"5247","ZDHHC14","Exc L6 CT",-0.00816786081329283,8.0038019442695,0.408900709536559,0.522948455149842,0.816350169718702,0.816350169718702,"plaq_d"
"5248","SNX9","Exc L6 CT",0.0227271772281035,7.12836526714388,3.45254256108029,0.0639983678875233,0.310941783364423,0.310941783364423,"plaq_d"
"5249","SYNJ2","Exc L6 CT",-0.0349068981238746,7.45739485096439,2.7281684640196,0.0994937817567096,0.387516418854614,0.387516418854614,"plaq_d"
"5250","SERAC1","Exc L6 CT",0.0501044868602705,4.77860016971875,3.96231839742914,0.0473109641321286,0.265739429758144,0.265739429758144,"plaq_d"
"5251","GTF2H5","Exc L6 CT",-0.0184894235016822,4.59632399893116,0.441658322675857,0.506763010804926,0.806371142861434,0.806371142861434,"plaq_d"
"5252","TULP4","Exc L6 CT",0.00150879741792568,7.86560244027468,0.0218516130361808,0.882568089468891,0.983546231304703,0.983546231304703,"plaq_d"
"5253","TMEM181","Exc L6 CT",-0.0082378247749389,6.34312800513571,0.310621061895997,0.577657417160394,0.848952448741632,0.848952448741632,"plaq_d"
"5254","DYNLT1","Exc L6 CT",-0.0269487613053888,4.42009632652251,1.03194902331387,0.313002295194676,0.657327650127289,0.657327650127289,"plaq_d"
"5255","SYTL3","Exc L6 CT",-0.12746981264115,2.35569688469041,3.57252550035674,0.0595732021052976,0.301340765111688,0.301340765111688,"plaq_d"
"5256","C6orf99","Exc L6 CT",-0.0833566740666764,2.33241495613893,1.84250209794808,0.175537093294752,0.504191848587574,0.504191848587574,"plaq_d"
"5257","RSPH3","Exc L6 CT",-0.031778243997094,5.64993521268093,3.46743109938573,0.0634306277836894,0.309646428475413,0.309646428475413,"plaq_d"
"5258","AL035530.2","Exc L6 CT",-0.013183247673328,6.19416984324554,0.606793348418732,0.486771205607023,0.794288611229015,0.794288611229015,"plaq_d"
"5259","SOD2-1","Exc L6 CT",0.0280753086726408,2.84179594693229,0.311374159380704,0.57719676297085,0.848843048291792,0.848843048291792,"plaq_d"
"5260","WTAP","Exc L6 CT",-0.00173361398786399,5.61809253798782,0.0110335218324066,0.916404096402386,0.990889533773754,0.990889533773754,"plaq_d"
"5261","ACAT2","Exc L6 CT",0.0144256860352738,3.50792792970012,0.123544178264349,0.725434481562528,0.920443750799767,0.920443750799767,"plaq_d"
"5262","TCP1","Exc L6 CT",0.0319071343114753,4.83859933955542,2.24808857270145,0.171661852296893,0.499066980448564,0.499066980448564,"plaq_d"
"5263","MRPL18","Exc L6 CT",-0.00141048418199263,4.08085971451943,0.00223076679614708,0.962356202915569,0.998742420766286,0.998742420766286,"plaq_d"
"5264","PNLDC1","Exc L6 CT",0.0495790482361703,1.7653816610997,0.296300597618342,0.586559367597374,0.854287193719603,0.854287193719603,"plaq_d"
"5265","MAS1","Exc L6 CT",0.0765190737901702,2.62782722725104,1.74447834029212,0.187439780806009,0.520722324292418,0.520722324292418,"plaq_d"
"5266","IGF2R","Exc L6 CT",-0.00817246707378401,5.77825341925533,0.248547867853379,0.651053240601691,0.885163226792997,0.885163226792997,"plaq_d"
"5267","SLC22A1","Exc L6 CT",0.0100755417488222,3.03763504099854,0.0454110249337906,0.831374744962731,0.966758548342769,0.966758548342769,"plaq_d"
"5268","LPA","Exc L6 CT",0.00663727421378296,2.18485220123606,0.00665785324395056,0.935015126660261,0.995676697651708,0.995676697651708,"plaq_d"
"5269","AL139393.1","Exc L6 CT",0.0320086578671423,4.3956003323178,1.31334700186593,0.252576532206408,0.600083178336106,0.600083178336106,"plaq_d"
"5270","MAP3K4","Exc L6 CT",0.0278105651891295,6.59665833558844,4.7592860565414,0.029808918796043,0.207093778853378,0.207093778853378,"plaq_d"
"5271","AGPAT4","Exc L6 CT",0.0342109470318162,7.35828156810753,6.43934359590809,0.0115975150698417,0.125249682629738,0.125249682629738,"plaq_d"
"5272","PRKN","Exc L6 CT",0.00412088273662791,8.84492163132347,0.113543165089067,0.736348806327795,0.927020324958018,0.927020324958018,"plaq_d"
"5273","PACRG","Exc L6 CT",0.0507560996037213,7.77410458576763,9.70602786770462,0.00198916549497402,0.0437859731890612,0.0437859731890612,"plaq_d"
"5274","PACRG-AS3","Exc L6 CT",-0.113976953608019,2.22721806272745,2.54935273159701,0.111246569175506,0.409382824603933,0.409382824603933,"plaq_d"
"5275","QKI","Exc L6 CT",0.0265267427575679,1.60572913478676,0.182309015404512,0.669660261037714,0.894479014664119,0.894479014664119,"plaq_d"
"5276","PDE10A","Exc L6 CT",-0.140782304295705,6.98164505605246,18.113981145417,2.67855023944938e-05,0.00257069394980755,0.00257069394980755,"plaq_d"
"5277","SFT2D1","Exc L6 CT",0.0296980683623048,4.57764401396537,1.34481557899844,0.246981092484101,0.593220163948564,0.593220163948564,"plaq_d"
"5278","MPC1","Exc L6 CT",-0.0122085264468251,5.35100616499571,0.41424687360162,0.574383284264333,0.846955422850038,0.846955422850038,"plaq_d"
"5279","RPS6KA2","Exc L6 CT",0.017126125176185,9.63571051767638,2.42814835962511,0.120082002273671,0.422871943427537,0.422871943427537,"plaq_d"
"5280","AL159163.1","Exc L6 CT",0.00143197312977414,3.64501494273929,0.00132082143046288,0.971029604203055,0.998742420766286,0.998742420766286,"plaq_d"
"5281","Z94721.1","Exc L6 CT",-0.0296078032101481,5.84862920885431,2.11274048423364,0.146978189258092,0.465505545850699,0.465505545850699,"plaq_d"
"5282","FGFR1OP","Exc L6 CT",-0.021631986869765,6.36626975619074,2.02666042360608,0.250483482725119,0.597416342797046,0.597416342797046,"plaq_d"
"5283","AFDN-DT","Exc L6 CT",-0.0124071134780266,2.78177290214154,0.057141832544151,0.904193435803898,0.988876782180692,0.988876782180692,"plaq_d"
"5284","AFDN","Exc L6 CT",0.0292088152482354,8.32638833406542,6.24008116747677,0.0129497328432415,0.13275272227628,0.13275272227628,"plaq_d"
"5285","KIF25","Exc L6 CT",0.0142314140408691,2.29328393709163,0.0200243703013511,0.887550876579037,0.984574312567325,0.984574312567325,"plaq_d"
"5286","BX322234.1","Exc L6 CT",0.0698429274719851,2.82767990723066,1.85375665068077,0.174227436257631,0.502338908945496,0.502338908945496,"plaq_d"
"5287","LINC02519","Exc L6 CT",-0.00371128477623261,2.39489442878573,0.00353978384805886,0.952591116813278,0.998071449610185,0.998071449610185,"plaq_d"
"5288","WDR27","Exc L6 CT",-0.0213605619684834,5.9112837561115,1.50915755528561,0.220097350797245,0.558946055281542,0.558946055281542,"plaq_d"
"5289","C6orf120","Exc L6 CT",0.119898501338154,2.79641134967737,6.3881386777678,0.0119304445121408,0.127317034245203,0.127317034245203,"plaq_d"
"5290","PHF10","Exc L6 CT",0.0207815070079625,4.69527397180539,0.684244642894888,0.408695435537152,0.740365811697097,0.740365811697097,"plaq_d"
"5291","TCTE3","Exc L6 CT",0.0108538004162072,2.65470563984387,0.0395259173340269,0.900805393193556,0.98751099911776,0.98751099911776,"plaq_d"
"5292","ERMARD","Exc L6 CT",-0.0354529764383047,3.83250873460273,1.13929448491882,0.28654093201143,0.632966588497244,0.632966588497244,"plaq_d"
"5293","LINC00574","Exc L6 CT",0.029616452924783,2.8222947666228,0.378843183953042,0.538625080913693,0.825460212383825,0.825460212383825,"plaq_d"
"5294","DLL1","Exc L6 CT",-0.0489052603444538,3.54296429917714,1.79791365372622,0.180838990328713,0.511063624808039,0.511063624808039,"plaq_d"
"5295","FAM120B","Exc L6 CT",0.00576430004551461,7.05001189133892,0.231957086514599,0.630379008701875,0.876683500163605,0.876683500163605,"plaq_d"
"5296","PSMB1","Exc L6 CT",0.032301541415875,5.01415892587443,2.37589570976591,0.124129183297367,0.429972021835635,0.429972021835635,"plaq_d"
"5297","TBP","Exc L6 CT",0.012318797161404,4.0423376876481,0.185162393844442,0.767199290623567,0.941167531982691,0.941167531982691,"plaq_d"
"5298","PDCD2","Exc L6 CT",-0.0449664978529232,3.42796731284029,1.5907483606664,0.208063593729616,0.543838972290824,0.543838972290824,"plaq_d"
"5299","FAM20C","Exc L6 CT",0.0348113064762708,3.81821622953863,1.1865335467767,0.337828201312042,0.68190897168931,0.68190897168931,"plaq_d"
"5300","PDGFA","Exc L6 CT",0.0161566890006659,4.28938746886371,0.342239269533232,0.558918415083683,0.837242282312585,0.837242282312585,"plaq_d"
"5301","PRKAR1B","Exc L6 CT",0.0399510113197224,7.82702313075812,15.8247398351399,8.45577871747482e-05,0.0057960675325749,0.0057960675325749,"plaq_d"
"5302","DNAAF5","Exc L6 CT",0.00881390078030343,4.81361205116341,0.164758629681933,0.685061941750828,0.900774195488207,0.900774195488207,"plaq_d"
"5303","SUN1","Exc L6 CT",-0.00944357414044842,6.90254794115839,0.632175282752452,0.427100158131136,0.753312163251144,0.753312163251144,"plaq_d"
"5304","ADAP1","Exc L6 CT",0.0708857721335665,4.57765364454625,8.83019126219951,0.00316886713068404,0.0590155384389746,0.0590155384389746,"plaq_d"
"5305","COX19","Exc L6 CT",0.0196784208405451,5.32607329740844,0.920136551682523,0.394491097733526,0.727685826575752,0.727685826575752,"plaq_d"
"5306","C7orf50","Exc L6 CT",-0.0548394950746433,5.91626872805244,13.2144316186612,0.000319699925266745,0.0136569736621367,0.0136569736621367,"plaq_d"
"5307","AC073957.1","Exc L6 CT",-0.040606513605352,1.96367026014916,0.275916301049255,0.599724709069437,0.859923995195579,0.859923995195579,"plaq_d"
"5308","ZFAND2A","Exc L6 CT",-0.069118957564529,3.26137703371395,2.80884415746261,0.0946435291792832,0.378889946069233,0.378889946069233,"plaq_d"
"5309","AC091729.3","Exc L6 CT",-0.027872758888769,1.971098891035,0.126403496772713,0.722405837831109,0.919274678813458,0.919274678813458,"plaq_d"
"5310","MICALL2","Exc L6 CT",0.000131912862635288,3.65793006792533,6.83535190443966e-06,0.997915469814415,0.999906738276838,0.999906738276838,"plaq_d"
"5311","AC102953.2","Exc L6 CT",-0.041873419735302,2.45316999754826,0.519562085722469,0.471512190406502,0.784092583238074,0.784092583238074,"plaq_d"
"5312","INTS1","Exc L6 CT",-0.0503199764868052,5.22739757873077,4.48737346264656,0.0348540085624153,0.225791211977831,0.225791211977831,"plaq_d"
"5313","MAFK","Exc L6 CT",0.0195847334082817,3.01081044695319,0.193998164358532,0.671827975790862,0.895403800905493,0.895403800905493,"plaq_d"
"5314","PSMG3","Exc L6 CT",-0.0129830830530666,3.27267652589335,0.13689683064776,0.786193017666934,0.949898001035097,0.949898001035097,"plaq_d"
"5315","PSMG3-AS1","Exc L6 CT",0.0201216567735856,3.47938374944342,0.278206559252694,0.598215032667295,0.859003695660694,0.859003695660694,"plaq_d"
"5316","MAD1L1","Exc L6 CT",-0.00667650014838077,5.42165785750414,0.118570976838555,0.7501755511313,0.933811261053713,0.933811261053713,"plaq_d"
"5317","MRM2","Exc L6 CT",-0.031928628539046,2.94302868973972,0.495786696780177,0.483041483256253,0.792077685049623,0.792077685049623,"plaq_d"
"5318","SNX8","Exc L6 CT",-0.00693635354374604,4.56851393488159,0.0494963184981387,0.824072486326827,0.963985585882276,0.963985585882276,"plaq_d"
"5319","EIF3B","Exc L6 CT",-0.0266459553011321,5.23678503781453,1.9415602684428,0.164388015022351,0.489965260815527,0.489965260815527,"plaq_d"
"5320","CHST12","Exc L6 CT",-0.0646681584175564,4.93636142060425,8.09179997360918,0.004709484918401,0.0747494430929447,0.0747494430929447,"plaq_d"
"5321","BRAT1","Exc L6 CT",0.0107178539418432,4.75945839426928,0.236070513980339,0.859486251570209,0.975757789619289,0.975757789619289,"plaq_d"
"5322","IQCE","Exc L6 CT",-0.0382238095841826,5.30961572848114,3.61737655507235,0.0580040005350498,0.297360378283443,0.297360378283443,"plaq_d"
"5323","TTYH3","Exc L6 CT",0.0337842130453177,4.9903919046944,2.12136399328993,0.146158251397739,0.4638655615348,0.4638655615348,"plaq_d"
"5324","AMZ1","Exc L6 CT",0.0456089266062956,2.50146296304371,0.489005169388557,0.484838269621184,0.793089331963925,0.793089331963925,"plaq_d"
"5325","GNA12","Exc L6 CT",0.000717248143404103,5.89707124899774,0.00167086722975141,0.967417984859154,0.998742420766286,0.998742420766286,"plaq_d"
"5326","CARD11","Exc L6 CT",0.0565028261785823,1.91709365314536,0.40496186366645,0.524955894091318,0.817207495258297,0.817207495258297,"plaq_d"
"5327","AC073316.3","Exc L6 CT",0.113509571893556,2.09318727038077,2.09986498677903,0.148212129792876,0.467088839863889,0.467088839863889,"plaq_d"
"5328","SDK1","Exc L6 CT",0.0308899184840951,9.614660268293,2.08620534400823,0.149534076416739,0.46930293527259,0.46930293527259,"plaq_d"
"5329","FOXK1","Exc L6 CT",0.00781073419166896,6.7079186540943,0.283274046349616,0.594902718972649,0.858224225105747,0.858224225105747,"plaq_d"
"5330","AP5Z1","Exc L6 CT",-0.0142018640150898,4.23561229326156,0.286764800159399,0.711731564295572,0.913318414427557,0.913318414427557,"plaq_d"
"5331","RADIL","Exc L6 CT",-0.00091345917286673,3.31961659372345,0.000601952441445274,0.980440144527464,0.999396584092899,0.999396584092899,"plaq_d"
"5332","MMD2","Exc L6 CT",-0.0524570668267542,4.85986801808197,2.62644476809131,0.106002013954204,0.399568120596158,0.399568120596158,"plaq_d"
"5333","RBAK-RBAKDN","Exc L6 CT",-0.00131620335996125,5.9457640761752,0.00545922950478905,0.941143046192812,0.997292628450429,0.997292628450429,"plaq_d"
"5334","WIPI2","Exc L6 CT",0.00311650455534416,5.34385333937268,0.0291967818119464,0.864424716550816,0.977323350307511,0.977323350307511,"plaq_d"
"5335","SLC29A4","Exc L6 CT",0.0460073236078894,2.40631201160076,0.573544043616949,0.44936621403767,0.769998476581033,0.769998476581033,"plaq_d"
"5336","TNRC18","Exc L6 CT",0.00309383406127357,6.31131821429783,0.0488363959685069,0.825230072875823,0.963985585882276,0.963985585882276,"plaq_d"
"5337","AC092171.4","Exc L6 CT",0.00245059096676701,2.70374531280059,0.00159938453980456,0.968122180656473,0.998742420766286,0.998742420766286,"plaq_d"
"5338","FBXL18","Exc L6 CT",-0.0380032579680696,4.80028131191632,2.70577263591923,0.100888052716544,0.389919476775242,0.389919476775242,"plaq_d"
"5339","ACTB","Exc L6 CT",0.0987671355721161,7.83351305209019,27.1089677364254,3.29564601470658e-07,0.000121651589814656,0.000121651589814656,"plaq_d"
"5340","FSCN1","Exc L6 CT",-0.0390275455728543,3.95582151458876,1.58247129880858,0.209248019526031,0.545910563446309,0.545910563446309,"plaq_d"
"5341","RNF216","Exc L6 CT",-0.00508114211719343,6.78488924286967,0.182160379614778,0.669786947757663,0.894479014664119,0.894479014664119,"plaq_d"
"5342","OCM","Exc L6 CT",-0.0351839451882518,1.96431891611892,0.206283816937294,0.649978815492243,0.884748017003246,0.884748017003246,"plaq_d"
"5343","CCZ1","Exc L6 CT",-0.0489870950594026,4.56807069416489,3.27679703511078,0.0711278825268033,0.32714281049708,0.32714281049708,"plaq_d"
"5344","PMS2","Exc L6 CT",-0.0455923433908336,4.76105898109842,4.00591931639623,0.0461163069105569,0.262822784752327,0.262822784752327,"plaq_d"
"5345","AIMP2","Exc L6 CT",-0.09408522628068,3.47994182116032,6.55310704189008,0.0108916923593044,0.121265895749843,0.121265895749843,"plaq_d"
"5346","EIF2AK1","Exc L6 CT",0.0282415503378225,5.25441554192601,2.26747773921765,0.133021366868066,0.444825922748589,0.444825922748589,"plaq_d"
"5347","USP42","Exc L6 CT",0.00752020465755586,5.53179700801387,0.188387050633209,0.664531276611746,0.892572518949683,0.892572518949683,"plaq_d"
"5348","CYTH3","Exc L6 CT",-0.000830194531900293,7.28064133922067,0.00450164283459164,0.946545153494317,0.997914939752836,0.997914939752836,"plaq_d"
"5349","FAM220A","Exc L6 CT",-0.00188426511578778,3.9192965694998,0.00329794243781988,0.954237426866887,0.998216253735524,0.998216253735524,"plaq_d"
"5350","RAC1","Exc L6 CT",0.0460458823666456,6.79682665634851,11.6150350148551,0.000730827450831917,0.0231706678066891,0.0231706678066891,"plaq_d"
"5351","DAGLB","Exc L6 CT",0.0149668588907461,5.33620066678947,0.588983416641974,0.597088777610015,0.858855692910863,0.858855692910863,"plaq_d"
"5352","GRID2IP","Exc L6 CT",-0.0251883200283276,2.27095693258608,0.0884102775905978,0.766385280613117,0.940970788887542,0.940970788887542,"plaq_d"
"5353","ZDHHC4","Exc L6 CT",0.0103497143053388,2.95360593833503,0.0619721674743136,0.803552344403201,0.956581456216695,0.956581456216695,"plaq_d"
"5354","C7orf26","Exc L6 CT",-0.0199691442340685,4.01646306294826,0.452559023797127,0.501568407754954,0.804417462251234,0.804417462251234,"plaq_d"
"5355","ZNF853","Exc L6 CT",0.0260153462343223,2.59420220214328,0.206059129539171,0.650156716267887,0.884797064382364,0.884797064382364,"plaq_d"
"5356","ZNF316","Exc L6 CT",-0.0490419825245639,3.70780511945464,2.25464209660905,0.134120525800223,0.446432631755856,0.446432631755856,"plaq_d"
"5357","AC073343.2","Exc L6 CT",-0.0482935518700581,3.90318901014473,2.04612262703847,0.153491128615384,0.474969345342743,0.474969345342743,"plaq_d"
"5358","ZNF12","Exc L6 CT",0.0518247174773274,4.32034952917581,4.16666734601976,0.041980332897726,0.248600934757574,0.248600934757574,"plaq_d"
"5359","CCZ1B","Exc L6 CT",0.000553552361138221,4.7974568086486,0.000451314074865089,0.983063060961678,0.999571689696322,0.999571689696322,"plaq_d"
"5360","C1GALT1","Exc L6 CT",0.0200624572306477,5.0644632994295,0.815298500704409,0.367182581082734,0.707319404997387,0.707319404997387,"plaq_d"
"5361","COL28A1","Exc L6 CT",0.00769601604372125,4.59400692300398,0.0665716562983103,0.796547885832985,0.953693327389852,0.953693327389852,"plaq_d"
"5362","AC004982.2","Exc L6 CT",-0.0288495253887002,2.53562919557864,0.253348974464261,0.615045028400222,0.869428223272997,0.869428223272997,"plaq_d"
"5363","MIOS","Exc L6 CT",0.0459436920128719,4.87099436836932,4.06615206301548,0.0445182044079267,0.256828654246138,0.256828654246138,"plaq_d"
"5364","RPA3","Exc L6 CT",-0.00240093396100441,2.7457302045284,0.00142615841905705,0.969897080638138,0.998742420766286,0.998742420766286,"plaq_d"
"5365","UMAD1","Exc L6 CT",0.0182056472574631,7.41600655604352,1.90329373439995,0.168595418689658,0.495174680588044,0.495174680588044,"plaq_d"
"5366","GLCCI1","Exc L6 CT",0.0115293905189762,7.86755109056805,0.504085824000634,0.478185530264781,0.789344129491849,0.789344129491849,"plaq_d"
"5367","ICA1","Exc L6 CT",-0.0382994941060234,7.27097773163834,9.39703222907285,0.00234316558966318,0.0488872635199871,0.0488872635199871,"plaq_d"
"5368","AC004949.1","Exc L6 CT",0.0236794501758585,2.76821744127556,0.0942888048218663,0.758977591392048,0.937874798770809,0.937874798770809,"plaq_d"
"5369","NDUFA4","Exc L6 CT",0.0272401526370804,5.69904172834448,1.60603999798709,0.205896255354392,0.541765224728874,0.541765224728874,"plaq_d"
"5370","PHF14","Exc L6 CT",0.0174774549658828,7.70492392273767,3.32205363354718,0.0692138800651616,0.322270419233624,0.322270419233624,"plaq_d"
"5371","TMEM106B","Exc L6 CT",0.0465059138503947,6.25047989468734,9.69180191127907,0.00200419897277145,0.0438487057933401,0.0438487057933401,"plaq_d"
"5372","VWDE","Exc L6 CT",0.0955886586837107,3.85419969247866,4.97543554533027,0.0263463608094778,0.194404003184645,0.194404003184645,"plaq_d"
"5373","AC013470.2","Exc L6 CT",-0.0241318398677877,1.87881560578658,0.0882273366498504,0.76662005558509,0.941079992104557,0.941079992104557,"plaq_d"
"5374","ARL4A","Exc L6 CT",0.105960622762028,3.10490116405653,5.23443296226718,0.0227429501365318,0.180092139805012,0.180092139805012,"plaq_d"
"5375","AC011287.1","Exc L6 CT",0.0356132320563061,8.27721851646348,0.997429564278956,0.318626810391657,0.663333559276688,0.663333559276688,"plaq_d"
"5376","ETV1","Exc L6 CT",0.0217213639386382,4.94047664040587,0.221206695551248,0.638416467006367,0.878995152915384,0.878995152915384,"plaq_d"
"5377","DGKB","Exc L6 CT",0.0528625032140247,9.07913959241337,13.7513197546793,0.000242740072271116,0.0111644922696965,0.0111644922696965,"plaq_d"
"5378","AGMO","Exc L6 CT",0.17233622651864,1.46267092285286,2.06744444650771,0.151371577593267,0.472033482784221,0.472033482784221,"plaq_d"
"5379","MEOX2","Exc L6 CT",0.0589524069738783,3.64757550653168,1.8354269988759,0.176366229102047,0.505429098131529,0.505429098131529,"plaq_d"
"5380","ISPD","Exc L6 CT",0.0332081134853489,7.33966064100595,4.29991707734723,0.0388490154091058,0.238494851099995,0.238494851099995,"plaq_d"
"5381","SOSTDC1","Exc L6 CT",0.0680801320255439,3.89211669212956,2.04710916087447,0.153392318030349,0.474969345342743,0.474969345342743,"plaq_d"
"5382","ANKMY2","Exc L6 CT",0.0397078157070116,6.10709004744685,5.37948340774826,0.0209529576024514,0.171776069273856,0.171776069273856,"plaq_d"
"5383","BZW2","Exc L6 CT",0.0330494896911729,5.93688972624503,4.13616673365504,0.0427338701245673,0.250998284093542,0.250998284093542,"plaq_d"
"5384","AC073333.1","Exc L6 CT",-0.179361437535768,1.77184723246903,4.70562529725337,0.030740201455394,0.211335214972231,0.211335214972231,"plaq_d"
"5385","TSPAN13","Exc L6 CT",0.0230068791896556,5.95557090220709,1.66544264470101,0.197726343069726,0.532637024275712,0.532637024275712,"plaq_d"
"5386","AHR","Exc L6 CT",-0.0764479387940849,2.46229314078343,1.4991609165334,0.221628263409366,0.560746462538514,0.560746462538514,"plaq_d"
"5387","AC073332.1","Exc L6 CT",-0.0208132027433928,5.53876070249954,0.350672254140706,0.554117152853196,0.833985418972776,0.833985418972776,"plaq_d"
"5388","AC019117.3","Exc L6 CT",-0.0355900890618896,2.24783197539829,0.226866670048944,0.634155675454761,0.878155550581641,0.878155550581641,"plaq_d"
"5389","SNX13","Exc L6 CT",0.0275585267320126,6.68305885397244,5.70833245440557,0.0257943151599016,0.191706226660787,0.191706226660787,"plaq_d"
"5390","HDAC9","Exc L6 CT",0.0507287996676221,8.41728674689956,8.90796970192076,0.00303994947404855,0.0579643875872887,0.0579643875872887,"plaq_d"
"5391","AC007091.1","Exc L6 CT",-0.0502841896098065,3.15113830495872,0.384497707444056,0.5356115011259,0.823332214029863,0.823332214029863,"plaq_d"
"5392","TWISTNB","Exc L6 CT",-0.00225607602082698,3.58856132016262,0.0042328712580617,0.948163150550686,0.997964805243233,0.997964805243233,"plaq_d"
"5393","TMEM196","Exc L6 CT",-0.0485269098541023,2.08340753172235,0.173153476663162,0.677580643109503,0.896384022992502,0.896384022992502,"plaq_d"
"5394","ITGB8","Exc L6 CT",0.000829953686288335,3.40810231595292,0.000276562824322418,0.986741174010675,0.999571689696322,0.999571689696322,"plaq_d"
"5395","SP4","Exc L6 CT",-0.00784813787733274,5.30149280434149,0.157079192838355,0.692102761601291,0.904650687046592,0.904650687046592,"plaq_d"
"5396","DNAH11","Exc L6 CT",0.0478115803211823,2.55562771714607,0.523430665753601,0.469867653963831,0.783067016762799,0.783067016762799,"plaq_d"
"5397","RAPGEF5","Exc L6 CT",0.0631317330157852,8.52057576908023,17.0331429162037,4.60084513164428e-05,0.00374202070707068,0.00374202070707068,"plaq_d"
"5398","STEAP1B","Exc L6 CT",-0.0274470276655595,3.85618665990972,0.632546644678434,0.426964536737517,0.753310453274045,0.753310453274045,"plaq_d"
"5399","TOMM7","Exc L6 CT",-0.00299353284279935,4.6290418216984,0.00516814930222066,0.942730848979386,0.997507548890635,0.997507548890635,"plaq_d"
"5400","FAM126A","Exc L6 CT",0.16940466736011,2.4196289221464,7.47961102062476,0.00655944778344667,0.0907978945100945,0.0907978945100945,"plaq_d"
"5401","KLHL7","Exc L6 CT",0.0174079893828615,6.41089928509859,1.48584510056862,0.223687386469462,0.563563810923061,0.563563810923061,"plaq_d"
"5402","NUPL2","Exc L6 CT",-0.000184427315924357,5.1613902311377,5.60292952078374e-05,0.994031959549471,0.999633003011692,0.999633003011692,"plaq_d"
"5403","MALSU1","Exc L6 CT",0.00465577741924315,4.75512432381433,0.0435057513402756,0.841216742827443,0.969513185327633,0.969513185327633,"plaq_d"
"5404","IGF2BP3","Exc L6 CT",0.0200423721817241,3.45886948842822,0.128585319107618,0.720120676254319,0.917861329415248,0.917861329415248,"plaq_d"
"5405","TRA2A","Exc L6 CT",0.00527907635269328,7.22511743697121,0.196198603692332,0.853437125921727,0.974544369379645,0.974544369379645,"plaq_d"
"5406","CCDC126","Exc L6 CT",-0.0127274636696863,4.26493106498767,0.209043763534448,0.647803052125478,0.883726151025722,0.883726151025722,"plaq_d"
"5407","FAM221A","Exc L6 CT",0.0157066902890107,3.78192713641754,0.232088335637238,0.630282310487601,0.876683500163605,0.876683500163605,"plaq_d"
"5408","STK31","Exc L6 CT",0.0413589717967538,2.39449412817829,0.35320291185963,0.552691556148565,0.832820016805358,0.832820016805358,"plaq_d"
"5409","AC004485.1","Exc L6 CT",0.0270536082719331,2.4862079893744,0.13826936310645,0.710233781786329,0.912907427063553,0.912907427063553,"plaq_d"
"5410","NPY","Exc L6 CT",-0.222510160458489,2.05015121682441,4.10345303498204,0.0435579869699898,0.254179481321432,0.254179481321432,"plaq_d"
"5411","MPP6","Exc L6 CT",0.0478501530901407,7.55610817382202,8.9248802977152,0.00301263639388016,0.0579037563769008,0.0579037563769008,"plaq_d"
"5412","GSDME","Exc L6 CT",0.00959865827036117,3.31459355846396,0.0696328068490481,0.957204150077477,0.998742420766286,0.998742420766286,"plaq_d"
"5413","OSBPL3","Exc L6 CT",0.0144412857861385,5.69301010921687,0.266348472946677,0.60611939967484,0.863865962549733,0.863865962549733,"plaq_d"
"5414","CYCS","Exc L6 CT",-0.000271545097839264,4.78097584038156,8.94774776557513e-05,0.992458137386711,0.999571689696322,0.999571689696322,"plaq_d"
"5415","AC005165.1","Exc L6 CT",-0.00622855885688572,3.17619357350796,0.01126117110972,0.915549311288814,0.99070421132938,0.99070421132938,"plaq_d"
"5416","NFE2L3","Exc L6 CT",-0.0465989741246202,2.52436882658535,0.445293624133328,0.505020441042251,0.805875588575267,0.805875588575267,"plaq_d"
"5417","HNRNPA2B1","Exc L6 CT",0.0431641855440181,6.8421506310377,10.3457140234949,0.00141941256019075,0.0350495080900619,0.0350495080900619,"plaq_d"
"5418","CBX3","Exc L6 CT",-0.00286097003169586,4.91762480825721,0.0183317008002469,0.892378120301609,0.985595335141122,0.985595335141122,"plaq_d"
"5419","SNX10","Exc L6 CT",0.0668199365282463,6.38642234958446,20.4811910729334,8.27593803774666e-06,0.00115670295137282,0.00115670295137282,"plaq_d"
"5420","AC004540.1","Exc L6 CT",-0.0313562463728219,4.53353360001068,0.469602375399896,0.493626097683767,0.799151308845645,0.799151308845645,"plaq_d"
"5421","SKAP2","Exc L6 CT",0.0419378538805759,6.46809798162397,6.76792604232122,0.00967710755262544,0.113032231832698,0.113032231832698,"plaq_d"
"5422","HIBADH","Exc L6 CT",0.0230744414577284,6.18563566401493,1.89328463181961,0.169716260171421,0.497077466612777,0.497077466612777,"plaq_d"
"5423","TAX1BP1","Exc L6 CT",0.0228628267264202,6.92024272881282,3.44829862939281,0.0641611955559181,0.311312629330299,0.311312629330299,"plaq_d"
"5424","JAZF1","Exc L6 CT",0.0127498801000315,8.42981194555722,1.86981748330308,0.17237798954368,0.499507555851614,0.499507555851614,"plaq_d"
"5425","JAZF1-AS1","Exc L6 CT",0.0674290506574879,5.08596955609174,6.20987530290155,0.0131685001859972,0.134069115047819,0.134069115047819,"plaq_d"
"5426","CREB5","Exc L6 CT",-0.0741820705086915,4.33449138393682,1.37688042322108,0.241435267531089,0.586715413804448,0.586715413804448,"plaq_d"
"5427","AC005162.3","Exc L6 CT",-0.0724012450408103,1.83407681528394,0.202179145935843,0.653247394120374,0.886576661704981,0.886576661704981,"plaq_d"
"5428","CPVL","Exc L6 CT",0.0482425156403256,3.00210900262473,0.821697570133537,0.365311158533462,0.706098205994592,0.706098205994592,"plaq_d"
"5429","AC007255.1","Exc L6 CT",-0.0740911424341598,2.3447795351333,1.04578038163032,0.307190860489726,0.652689915835421,0.652689915835421,"plaq_d"
"5430","WIPF3","Exc L6 CT",0.0511469622381331,7.12405979672576,4.77987469962199,0.0294594867855989,0.20592250194589,0.20592250194589,"plaq_d"
"5431","SCRN1","Exc L6 CT",0.0335201992316837,6.10316741429316,6.18135816892405,0.0133785417159922,0.135278805525948,0.135278805525948,"plaq_d"
"5432","AC007285.1","Exc L6 CT",0.099586810620888,3.46567169123595,6.29434042472391,0.0125661365237489,0.13045459410186,0.13045459410186,"plaq_d"
"5433","FKBP14","Exc L6 CT",0.00349266623045915,4.47646737958622,0.0186903228556225,0.891337015926471,0.985234005012091,0.985234005012091,"plaq_d"
"5434","PLEKHA8","Exc L6 CT",0.00913201965899171,5.01439477191,0.197403086847504,0.681597700804712,0.898642778714592,0.898642778714592,"plaq_d"
"5435","MTURN","Exc L6 CT",0.0506639369926402,7.02968382315798,12.8468057585826,0.000386275889865935,0.0152012562437027,0.0152012562437027,"plaq_d"
"5436","ZNRF2","Exc L6 CT",-0.0164179080916452,5.6891826234053,0.657621974883767,0.417954671985012,0.746439431003449,0.746439431003449,"plaq_d"
"5437","AC006978.2","Exc L6 CT",-0.0138615615003284,5.5513810912207,0.6780025772786,0.410838974841251,0.742460191038746,0.742460191038746,"plaq_d"
"5438","NOD1","Exc L6 CT",-0.0329055846365446,2.93023887231834,0.452478812317879,0.501606298657088,0.804417462251234,0.804417462251234,"plaq_d"
"5439","GGCT","Exc L6 CT",-0.0873412640748149,3.28417366244977,4.5619344530728,0.0333872253301136,0.221698568197562,0.221698568197562,"plaq_d"
"5440","AC005154.6","Exc L6 CT",-0.0296073314688243,5.9743385342423,3.59904497986882,0.0586399680208956,0.299142799301493,0.299142799301493,"plaq_d"
"5441","GARS","Exc L6 CT",0.00433129032983953,5.4928572051798,0.0514963459003486,0.820612849780141,0.963631282552026,0.963631282552026,"plaq_d"
"5442","CRHR2","Exc L6 CT",-0.0536404003119839,2.14364577547782,0.429702352615723,0.512567897621365,0.809988245224001,0.809988245224001,"plaq_d"
"5443","AQP1","Exc L6 CT",0.0289576760492326,2.430169789917,0.223107894095229,0.636977891603352,0.878454716501161,0.878454716501161,"plaq_d"
"5444","ADCYAP1R1","Exc L6 CT",0.0603079068486006,5.49721106124028,7.34705454871073,0.0070499406872883,0.0938861666366349,0.0938861666366349,"plaq_d"
"5445","NEUROD6","Exc L6 CT",-0.0601652316088326,3.40589634359466,1.77955742135901,0.183075526959194,0.513327657551999,0.513327657551999,"plaq_d"
"5446","CCDC129","Exc L6 CT",-0.114566698661967,2.10236282611149,1.93606180770409,0.164985086856163,0.490896092071379,0.490896092071379,"plaq_d"
"5447","PDE1C","Exc L6 CT",0.0320931733799442,6.98076731071679,0.918660590837332,0.338491935811209,0.682357985430575,0.682357985430575,"plaq_d"
"5448","LSM5","Exc L6 CT",-0.0364453918628889,4.31055833025574,1.61710505589271,0.204344636656572,0.540010760935326,0.540010760935326,"plaq_d"
"5449","AVL9","Exc L6 CT",0.0134648447827585,7.02338980090023,1.50346951513685,0.220966871708451,0.559900973373338,0.559900973373338,"plaq_d"
"5450","KBTBD2","Exc L6 CT",0.00864716912842278,4.5959379692283,0.117040173305672,0.732473496473723,0.925053816583535,0.925053816583535,"plaq_d"
"5451","FKBP9","Exc L6 CT",-0.00988817119145309,4.29733077917161,0.127203830076578,0.721565033944544,0.918610738297281,0.918610738297281,"plaq_d"
"5452","NT5C3A","Exc L6 CT",-0.0718547436718049,5.74046896356742,18.3375891123527,2.3958555054176e-05,0.00239518998999943,0.00239518998999943,"plaq_d"
"5453","RP9","Exc L6 CT",0.0164427551113907,3.87183091597912,0.256302358744276,0.61299232838371,0.868496069595123,0.868496069595123,"plaq_d"
"5454","BBS9","Exc L6 CT",0.0300769452370122,7.72679517753106,6.68334678878166,0.0101377421198385,0.116609763689887,0.116609763689887,"plaq_d"
"5455","BMPER","Exc L6 CT",-0.0176668678757545,8.80144765217108,1.6479077014444,0.200097544623372,0.535926372539173,0.535926372539173,"plaq_d"
"5456","NPSR1","Exc L6 CT",-0.116111138664192,1.74036096036615,1.67344624599445,0.196655043206807,0.531552009388882,0.531552009388882,"plaq_d"
"5457","DPY19L1","Exc L6 CT",0.0544912911575726,7.32030810453426,8.21276156288835,0.00441243897344176,0.0720198089134553,0.0720198089134553,"plaq_d"
"5458","HERPUD2","Exc L6 CT",0.0042107252210517,5.1818023433891,0.0552097579905954,0.814372023468422,0.960184261035727,0.960184261035727,"plaq_d"
"5459","AC018647.2","Exc L6 CT",-0.0122067230303003,1.84934867205719,0.0191600268788247,0.889988705767615,0.984904368079323,0.984904368079323,"plaq_d"
"5460","SEPT7-AS1","Exc L6 CT",-0.0319899637380858,2.99855059501307,0.433338355095594,0.510790401355918,0.808503421431533,0.808503421431533,"plaq_d"
"5461","SEPT7","Exc L6 CT",0.0220550296413523,7.76184693953589,5.21192100909996,0.0230347187135781,0.180440217012558,0.180440217012558,"plaq_d"
"5462","EEPD1","Exc L6 CT",-0.0142377916671431,6.66949370086807,0.75755497003723,0.384694410407619,0.719508994702881,0.719508994702881,"plaq_d"
"5463","KIAA0895","Exc L6 CT",0.0331672964696446,5.17257291655287,2.54458606795497,0.111580121608331,0.409731073937559,0.409731073937559,"plaq_d"
"5464","ANLN","Exc L6 CT",0.223391967480595,3.09346250481538,9.48433275809945,0.00223708735798526,0.0473086042008312,0.0473086042008312,"plaq_d"
"5465","AOAH","Exc L6 CT",0.00620775339223721,4.38389452972039,0.0345544699047505,0.852640578972597,0.974330352031236,0.974330352031236,"plaq_d"
"5466","ELMO1","Exc L6 CT",0.00277320560653084,7.4962378138403,0.0376641210336356,0.846232313983615,0.971348263122283,0.971348263122283,"plaq_d"
"5467","EPDR1","Exc L6 CT",0.0619067475929691,5.68873814433428,8.11082192420752,0.00466144979386612,0.074314763269653,0.074314763269653,"plaq_d"
"5468","STARD3NL","Exc L6 CT",0.00234788325315563,4.79494894502708,0.0101082068651384,0.919973826654849,0.991792773539161,0.991792773539161,"plaq_d"
"5469","AMPH","Exc L6 CT",0.0404395021205975,8.10601326613056,11.0748830783599,0.000968519274421632,0.0272002271625278,0.0272002271625278,"plaq_d"
"5470","VPS41","Exc L6 CT",0.0339968361807596,7.6762498298741,9.6971967625902,0.00199848430562027,0.0437902284074724,0.0437902284074724,"plaq_d"
"5471","POU6F2","Exc L6 CT",0.00845396750693058,7.97014765076867,0.0665830089434281,0.79653092157382,0.953693327389852,0.953693327389852,"plaq_d"
"5472","YAE1D1","Exc L6 CT",0.0445112151749876,4.91038553495378,4.35159336908026,0.0377017655405749,0.23565419553544,0.23565419553544,"plaq_d"
"5473","RALA","Exc L6 CT",-0.0248128010362769,5.92347950311657,2.5327967957385,0.112409846882713,0.410932492565652,0.410932492565652,"plaq_d"
"5474","LINC00265","Exc L6 CT",-0.0153553581920842,3.49183428840971,0.154493067841143,0.694518608636405,0.906069671534148,0.906069671534148,"plaq_d"
"5475","CDK13","Exc L6 CT",0.016464781784215,7.63389627567297,2.98984160076794,0.118346768473056,0.420463987891933,0.420463987891933,"plaq_d"
"5476","MPLKIP","Exc L6 CT",0.0134097089328345,4.26078053309272,0.259968337210568,0.690665544373315,0.903892834254386,0.903892834254386,"plaq_d"
"5477","SUGCT","Exc L6 CT",7.64739368716943e-05,4.90985926145614,4.12217649859037e-06,0.998381207298274,0.999906738276838,0.999906738276838,"plaq_d"
"5478","MRPL32","Exc L6 CT",0.0252111706403247,4.10287593037767,0.877745253026335,0.349469329394804,0.692981336193501,0.692981336193501,"plaq_d"
"5479","AC005537.1","Exc L6 CT",0.0180772969320643,6.29447495404895,0.56240653197723,0.453798642744414,0.77421688844275,0.77421688844275,"plaq_d"
"5480","HECW1","Exc L6 CT",0.0138322358557859,9.73502552812799,2.97689173255538,0.0853485768769068,0.358462292752804,0.358462292752804,"plaq_d"
"5481","STK17A","Exc L6 CT",-0.0562941115745945,3.40037835430119,1.84691551303396,0.17502216598356,0.503319836496071,0.503319836496071,"plaq_d"
"5482","COA1","Exc L6 CT",0.00970590804676197,6.70627814712854,0.452984758156143,0.501367377807104,0.804405277495787,0.804405277495787,"plaq_d"
"5483","BLVRA","Exc L6 CT",0.0211033583928281,3.84435347968149,0.364669833210321,0.546317314905128,0.829999117877352,0.829999117877352,"plaq_d"
"5484","URGCP","Exc L6 CT",-0.0254880595853402,5.5470185963686,1.62582108828553,0.203132150176463,0.539126093228913,0.539126093228913,"plaq_d"
"5485","UBE2D4","Exc L6 CT",-0.021427070679055,4.48649536256162,0.777976185274032,0.37836928682497,0.714642384299694,0.714642384299694,"plaq_d"
"5486","SPDYE1","Exc L6 CT",-0.228381855542951,2.73499320083053,14.4847387925889,0.000166899547365618,0.00880104719368291,0.00880104719368291,"plaq_d"
"5487","AC004951.1","Exc L6 CT",-0.0632882850478833,3.50623973536612,3.14008257618141,0.0980406416579727,0.384677721104138,0.384677721104138,"plaq_d"
"5488","LINC00957","Exc L6 CT",-0.00660334475455014,2.43054825335175,0.0121256915162351,0.912380248293025,0.989967061646606,0.989967061646606,"plaq_d"
"5489","DBNL","Exc L6 CT",-0.0310107480046056,4.43929670936693,1.2458431958264,0.265645849836053,0.612564096466414,0.612564096466414,"plaq_d"
"5490","POLM","Exc L6 CT",-0.0387577700315438,2.78968518352931,0.643414714278228,0.49537599525178,0.800145792924474,0.800145792924474,"plaq_d"
"5491","POLD2","Exc L6 CT",-0.0153842150790807,3.753816355896,0.231020635658947,0.821300728827547,0.963631282552026,0.963631282552026,"plaq_d"
"5492","GCK","Exc L6 CT",-0.0230171554544126,1.96195935153531,0.114077793353587,0.735752075046512,0.926838752788872,0.926838752788872,"plaq_d"
"5493","YKT6","Exc L6 CT",0.0293786933070714,3.61061953152715,0.747939009719122,0.435024146805559,0.75839219974557,0.75839219974557,"plaq_d"
"5494","CAMK2B","Exc L6 CT",0.0369045373984197,8.8952452789491,9.79209000803567,0.00190063643384581,0.0426502477015887,0.0426502477015887,"plaq_d"
"5495","NUDCD3","Exc L6 CT",0.00913144606621868,6.97463771847605,0.569873884412098,0.502860877271124,0.804996250058273,0.804996250058273,"plaq_d"
"5496","NPC1L1","Exc L6 CT",0.247823728750892,1.65238308362102,7.3548416431547,0.00702011134372865,0.0936622084377365,0.0936622084377365,"plaq_d"
"5497","DDX56","Exc L6 CT",0.0318299674367362,4.07902154637513,1.32800027524623,0.249951835894622,0.597328457758796,0.597328457758796,"plaq_d"
"5498","TMED4","Exc L6 CT",-0.0174573321414349,5.03078821855937,0.738945311839461,0.449442414326976,0.769998476581033,0.769998476581033,"plaq_d"
"5499","OGDH","Exc L6 CT",-0.000419062229441998,6.31214649895989,0.000832894089203296,0.976992857686659,0.999093977007575,0.999093977007575,"plaq_d"
"5500","ZMIZ2","Exc L6 CT",-0.0596277939866715,5.01973552994873,9.02035293071531,0.00286306633859634,0.0556230809857394,0.0556230809857394,"plaq_d"
"5501","PPIA","Exc L6 CT",0.0770678692334959,6.54524239731682,21.3907870154115,5.28858392905159e-06,0.000883229847676715,0.000883229847676715,"plaq_d"
"5502","H2AFV","Exc L6 CT",0.0445421231378073,5.97960955282838,7.99558215009146,0.00496034037146591,0.07716272230244,0.07716272230244,"plaq_d"
"5503","PURB","Exc L6 CT",0.0124146345286115,5.22389373075047,0.405341751190821,0.524761686843024,0.817207495258297,0.817207495258297,"plaq_d"
"5504","SNHG15","Exc L6 CT",-0.0645284187350659,2.5703811607702,1.27109751174965,0.260337193673646,0.607819370763186,0.607819370763186,"plaq_d"
"5505","CCM2","Exc L6 CT",0.0020702193573254,5.63219461023225,0.0131610407442648,0.908731933618366,0.989478998057174,0.989478998057174,"plaq_d"
"5506","NACAD","Exc L6 CT",0.0202984449058779,3.39509421693014,0.301448804550625,0.583327479373904,0.852322430026867,0.852322430026867,"plaq_d"
"5507","TBRG4","Exc L6 CT",-0.0430905989592391,3.4973638154062,1.53504517832791,0.216191347358716,0.554973366008574,0.554973366008574,"plaq_d"
"5508","RAMP3","Exc L6 CT",-0.0320497500141966,4.66488958145887,1.56820134527265,0.211308880629341,0.548793646827223,0.548793646827223,"plaq_d"
"5509","ADCY1","Exc L6 CT",0.0325175045575159,8.79693375567432,10.7851996135596,0.00112700820255904,0.0299343359484131,0.0299343359484131,"plaq_d"
"5510","IGFBP3","Exc L6 CT",0.142817532119013,2.8109530301536,6.31706312269437,0.0124089981192336,0.130083096562134,0.130083096562134,"plaq_d"
"5511","AC023669.2","Exc L6 CT",0.171883003914234,1.43082329822176,2.03919064532428,0.154187477897325,0.475001697369973,0.475001697369973,"plaq_d"
"5512","HUS1","Exc L6 CT",0.0306635573326777,5.24281022561115,1.74043940715323,0.187950019480901,0.521234536784251,0.521234536784251,"plaq_d"
"5513","SUN3","Exc L6 CT",0.029531350472931,2.30602753321395,0.197050625806401,0.657387832003312,0.888949392214887,0.888949392214887,"plaq_d"
"5514","UPP1","Exc L6 CT",-0.0298260838426555,4.53811958669201,1.19387557068575,0.275304589684296,0.623384664953381,0.623384664953381,"plaq_d"
"5515","VWC2","Exc L6 CT",-0.0702931167909885,2.05462717531423,0.413598345475438,0.520572042062719,0.814405033420441,0.814405033420441,"plaq_d"
"5516","FIGNL1","Exc L6 CT",-0.000283094583113328,3.46123516109317,6.19891652268481e-05,0.993722573453043,0.999633003011692,0.999633003011692,"plaq_d"
"5517","GRB10","Exc L6 CT",0.000456491096985563,6.43516071524696,0.000927001135984646,0.975728249923372,0.999093977007575,0.999093977007575,"plaq_d"
"5518","AC004830.1","Exc L6 CT",-0.025797601554971,2.05828427436027,0.108315665762213,0.742267802100259,0.929756136694974,0.929756136694974,"plaq_d"
"5519","COBL","Exc L6 CT",0.0162784833533416,8.43513092210201,2.03991734717286,0.154114308880893,0.475001697369973,0.475001697369973,"plaq_d"
"5520","LINC01446","Exc L6 CT",-0.0276409443681331,1.33744252516429,0.052465884184718,0.818961168757178,0.963082048664989,0.963082048664989,"plaq_d"
"5521","VSTM2A","Exc L6 CT",0.0224776639419884,2.41210855196802,0.0508574702354427,0.82171017596368,0.963631282552026,0.963631282552026,"plaq_d"
"5522","SEC61G","Exc L6 CT",0.0291050544654086,3.03161064930896,0.52038715423742,0.471160673370195,0.783701558616447,0.783701558616447,"plaq_d"
"5523","ELDR","Exc L6 CT",-0.0680738527067771,1.58321006882027,0.459308759489774,0.498397278143423,0.802294265688739,0.802294265688739,"plaq_d"
"5524","LANCL2","Exc L6 CT",0.0189971668904666,6.35535873275465,1.76110659634843,0.185356086610185,0.517329628313344,0.517329628313344,"plaq_d"
"5525","VOPP1","Exc L6 CT",0.000495352162063965,6.48939345689238,0.00112460836505513,0.973267026319203,0.999093977007575,0.999093977007575,"plaq_d"
"5526","SEPT14","Exc L6 CT",-0.024872581301023,1.71332472317805,0.078611365415036,0.779354644276444,0.947280433890889,0.947280433890889,"plaq_d"
"5527","AC092647.5","Exc L6 CT",0.0414992230340279,2.8560565957344,0.674430659910397,0.412073045042891,0.742825388985407,0.742825388985407,"plaq_d"
"5528","NIPSNAP2","Exc L6 CT",-0.041423071669195,5.75599742171699,5.55773170721697,0.0189519711757598,0.163177378616172,0.163177378616172,"plaq_d"
"5529","PSPH","Exc L6 CT",-0.0279511425357475,4.16766252188285,0.914977740867911,0.339460763920277,0.683748077941785,0.683748077941785,"plaq_d"
"5530","CCT6A","Exc L6 CT",-0.000303571363796576,4.5400299751314,0.000113647484611267,0.991500372172012,0.999571689696322,0.999571689696322,"plaq_d"
"5531","SUMF2","Exc L6 CT",-0.0418358824542907,5.05870133033336,3.87918096806851,0.0496807513830501,0.272666449451159,0.272666449451159,"plaq_d"
"5532","PHKG1","Exc L6 CT",-0.0113007038532422,2.49844464748179,0.0408751061842045,0.839897262276063,0.969075978819123,0.969075978819123,"plaq_d"
"5533","CHCHD2","Exc L6 CT",0.0273958750652195,5.11208879142835,1.45219236571301,0.228994857426021,0.571831737641805,0.571831737641805,"plaq_d"
"5534","AC092634.3","Exc L6 CT",-0.0471648231651337,2.8503775934665,0.814998626181073,0.367270607147717,0.707321426153649,0.707321426153649,"plaq_d"
"5535","ZNF727","Exc L6 CT",0.0429580395214617,3.92061448222845,0.955719298410788,0.328946474027399,0.673614998591528,0.673614998591528,"plaq_d"
"5536","ZNF736","Exc L6 CT",0.0260722194323499,5.68742187526427,2.00292034150178,0.157890206659744,0.480750299296463,0.480750299296463,"plaq_d"
"5537","ZNF680","Exc L6 CT",0.105321975715615,5.28146388041657,23.3551430892132,2.02311361493743e-06,0.00043545369154211,0.00043545369154211,"plaq_d"
"5538","ZNF107","Exc L6 CT",-0.0440474952122038,3.79796589267009,1.59065992964583,0.208076205847309,0.543838972290824,0.543838972290824,"plaq_d"
"5539","ZNF138","Exc L6 CT",-0.00331243325189971,5.78183964531018,0.0399248177459292,0.841744290402093,0.969652781037731,0.969652781037731,"plaq_d"
"5540","ZNF273","Exc L6 CT",0.0114102420573527,6.11320162772056,0.405285951982873,0.524790204664246,0.817207495258297,0.817207495258297,"plaq_d"
"5541","ZNF117","Exc L6 CT",0.0417508876252359,3.82859022031734,1.43244267257944,0.232180440331388,0.57622403421972,0.57622403421972,"plaq_d"
"5542","ZNF92","Exc L6 CT",-0.0252856880453286,3.55028741125858,0.515737935075431,0.473147013668618,0.785253246974545,0.785253246974545,"plaq_d"
"5543","VKORC1L1","Exc L6 CT",-0.014619102031127,5.97937563899446,0.859921972264952,0.354402851392519,0.697344122584912,0.697344122584912,"plaq_d"
"5544","GUSB","Exc L6 CT",-0.0159988603036123,4.3598216937468,0.385716284906302,0.534966081568814,0.82288403785283,0.82288403785283,"plaq_d"
"5545","ASL","Exc L6 CT",-0.122800379015165,3.20469022736891,9.14915531457569,0.00267320769980735,0.0532930932907188,0.0532930932907188,"plaq_d"
"5546","AC068533.4","Exc L6 CT",-0.069738267581645,4.01796983140958,5.05938131708718,0.0251173459235163,0.189313775871697,0.189313775871697,"plaq_d"
"5547","CRCP","Exc L6 CT",-0.0132948374262606,3.52532362391427,0.161240352698481,0.838847668378247,0.968820749155593,0.968820749155593,"plaq_d"
"5548","AC068533.3","Exc L6 CT",0.0349377772498352,2.72529089307968,0.470785414116927,0.661398905146544,0.890775436288675,0.890775436288675,"plaq_d"
"5549","TPST1","Exc L6 CT",-0.00532073511593856,7.28622834586043,0.153872489012349,0.939435196485587,0.99647134457755,0.99647134457755,"plaq_d"
"5550","AC008267.5","Exc L6 CT",0.0317253805164937,2.70597224169837,0.38848655663551,0.53350405065124,0.821600803720074,0.821600803720074,"plaq_d"
"5551","AC027644.4","Exc L6 CT",-0.0204775593224816,5.70760555929038,1.08808763596606,0.297618984339369,0.645648417502947,0.645648417502947,"plaq_d"
"5552","RABGEF1","Exc L6 CT",0.0577191256590542,2.92915575995549,1.76204386930541,0.201024294875313,0.536412557743281,0.536412557743281,"plaq_d"
"5553","AC027644.3","Exc L6 CT",-0.119666340563467,1.99185800251836,2.51642135919617,0.113573688850871,0.412776274854111,0.412776274854111,"plaq_d"
"5554","TMEM248","Exc L6 CT",0.00542511636332478,5.66190226023572,0.112252336417265,0.73779605869024,0.927815355400658,0.927815355400658,"plaq_d"
"5555","SBDS","Exc L6 CT",0.0708983277130753,4.73134447898932,7.45684660169176,0.00664112147781166,0.0910701152739702,0.0910701152739702,"plaq_d"
"5556","TYW1","Exc L6 CT",-0.0202126828443962,6.25997590288975,1.69438220456412,0.193884825206157,0.527630613169724,0.527630613169724,"plaq_d"
"5557","AC006480.2","Exc L6 CT",-0.0225126557440277,3.58856158412378,0.279067172503394,0.597649793277557,0.859003695660694,0.859003695660694,"plaq_d"
"5558","AC092100.1","Exc L6 CT",-0.0131917124812186,1.94818369293201,0.0276011177538913,0.868146473817227,0.97845742089351,0.97845742089351,"plaq_d"
"5559","AUTS2","Exc L6 CT",0.0527669702402119,8.89195605442563,12.0038105077259,0.000597211531797398,0.0203731213548705,0.0203731213548705,"plaq_d"
"5560","GALNT17","Exc L6 CT",-0.0198557938366428,8.66627877207346,1.27572000334584,0.259473846632369,0.606634969647937,0.606634969647937,"plaq_d"
"5561","CALN1","Exc L6 CT",0.059111800376046,8.2120192764958,4.74870630072197,0.0299901642480511,0.208066700971057,0.208066700971057,"plaq_d"
"5562","TYW1B","Exc L6 CT",-0.00630476927193693,5.80286750432085,0.10510912479512,0.745977217694664,0.9313232179284,0.9313232179284,"plaq_d"
"5563","POM121","Exc L6 CT",0.00472787907180303,6.25442615551354,0.119030314046062,0.730296889140543,0.923763642568075,0.923763642568075,"plaq_d"
"5564","NSUN5","Exc L6 CT",-0.0624587398687916,4.31656218853315,5.38428836146043,0.0208962334887896,0.171667446121336,0.171667446121336,"plaq_d"
"5565","BAZ1B","Exc L6 CT",0.0128997063739306,6.26876786955146,0.952523297618674,0.329755398468088,0.674087531074569,0.674087531074569,"plaq_d"
"5566","BCL7B","Exc L6 CT",0.0634955456968207,4.1055034934901,5.64564619865028,0.0180391766626166,0.158380888009699,0.158380888009699,"plaq_d"
"5567","TBL2","Exc L6 CT",-0.136930829188205,2.86390734432988,8.62505907200607,0.00353633883084388,0.0632411600109671,0.0632411600109671,"plaq_d"
"5568","MLXIPL","Exc L6 CT",-0.0336644941554885,6.03069920127571,2.25114023197588,0.134422169264628,0.446824643694063,0.446824643694063,"plaq_d"
"5569","VPS37D","Exc L6 CT",-0.0352374819043136,2.52947439899418,0.461117573967193,0.49755324754019,0.801652988702635,0.801652988702635,"plaq_d"
"5570","DNAJC30","Exc L6 CT",-0.0485009039606267,3.30093663215403,1.5030714910361,0.221027871053118,0.559900973373338,0.559900973373338,"plaq_d"
"5571","BUD23","Exc L6 CT",-0.02320038996126,4.56846839060044,0.996962933540343,0.318739876215495,0.663472998553828,0.663472998553828,"plaq_d"
"5572","STX1A","Exc L6 CT",-0.0109106822233201,6.64765927876039,0.444289151580002,0.505500901265315,0.805890473379344,0.805890473379344,"plaq_d"
"5573","ABHD11","Exc L6 CT",-0.0744169369688004,2.87503193640522,2.16073185368804,0.142480225677499,0.458812844434429,0.458812844434429,"plaq_d"
"5574","METTL27","Exc L6 CT",-0.0369829915566952,2.35275689788784,0.34544698886403,0.723019345061463,0.919401316780921,0.919401316780921,"plaq_d"
"5575","LIMK1","Exc L6 CT",0.0156652549489344,5.21500517464032,0.590562310867102,0.442722647572384,0.764384172997366,0.764384172997366,"plaq_d"
"5576","EIF4H","Exc L6 CT",0.0454446004257281,5.58229399052546,5.54893927061507,0.0190458610769896,0.163443250479772,0.163443250479772,"plaq_d"
"5577","LAT2","Exc L6 CT",-0.059331812468006,2.68606681562338,1.32160980833912,0.251092345999281,0.598351864543938,0.598351864543938,"plaq_d"
"5578","RFC2","Exc L6 CT",0.0323743458442638,3.2549847142348,0.646488511187055,0.45312231099209,0.773799205189187,0.773799205189187,"plaq_d"
"5579","CLIP2","Exc L6 CT",-0.00518265587504213,7.32099635540562,0.0958878714919789,0.757006527770239,0.937371276885589,0.937371276885589,"plaq_d"
"5580","GTF2IRD1","Exc L6 CT",-0.0231162069497741,6.16717455256289,1.805190671751,0.179961151341289,0.510351866855852,0.510351866855852,"plaq_d"
"5581","GTF2I","Exc L6 CT",0.0253668808384787,8.27695281182741,7.43673425860807,0.00671414834045449,0.0915311358988474,0.0915311358988474,"plaq_d"
"5582","GTF2IRD2","Exc L6 CT",0.00539930827881899,3.60566081776148,0.0167505178481748,0.897097051715149,0.986400474577166,0.986400474577166,"plaq_d"
"5583","CASTOR2","Exc L6 CT",0.0103288882606503,6.08712816963255,0.334504286564682,0.563392639633251,0.839867499239958,0.839867499239958,"plaq_d"
"5584","RCC1L","Exc L6 CT",-0.0383647329196066,4.57928169524026,2.4979084610779,0.114905533340136,0.415101645662383,0.415101645662383,"plaq_d"
"5585","GTF2IRD2B","Exc L6 CT",0.00970303500683778,4.00437164180568,0.0913705925233928,0.762622385807515,0.939556000520751,0.939556000520751,"plaq_d"
"5586","AC211486.5","Exc L6 CT",-0.093395780756587,2.8121126237363,3.53288602184866,0.0615603463981474,0.305688886227715,0.305688886227715,"plaq_d"
"5587","TRIM73","Exc L6 CT",-0.0706730926150965,3.49202165411126,2.74077452334423,0.0987182845126219,0.385553017863186,0.385553017863186,"plaq_d"
"5588","POM121C","Exc L6 CT",-0.0107341755505186,6.32587083760741,0.568487315922264,0.525363576746745,0.817207495258297,0.817207495258297,"plaq_d"
"5589","SPDYE5","Exc L6 CT",-0.175129972681801,3.64672382157015,19.0935987561305,1.64473176683072e-05,0.00187917131073771,0.00187917131073771,"plaq_d"
"5590","HIP1","Exc L6 CT",0.158244441605049,2.67695676464923,2.23597762705192,0.135737065392782,0.448478675343561,0.448478675343561,"plaq_d"
"5591","RHBDD2","Exc L6 CT",-0.00450862279022436,5.86058127159876,0.0520568331976585,0.819656042754098,0.963296688080427,0.963296688080427,"plaq_d"
"5592","POR","Exc L6 CT",-0.0153811340984113,4.45547448190031,0.369489948322712,0.543678668585695,0.828340294560607,0.828340294560607,"plaq_d"
"5593","TMEM120A","Exc L6 CT",0.068185705690176,2.81023521504357,1.88462511687087,0.170692900015054,0.498174801200742,0.498174801200742,"plaq_d"
"5594","STYXL1","Exc L6 CT",-0.0362513336087535,5.11773255123163,2.48844327310745,0.115593148490784,0.416087162325362,0.416087162325362,"plaq_d"
"5595","MDH2","Exc L6 CT",0.0314092886397346,4.54031365368754,1.51286682741066,0.219532530032397,0.558706652863447,0.558706652863447,"plaq_d"
"5596","SRRM3","Exc L6 CT",-0.0121688977308711,8.19800253104873,1.28309384949831,0.258103967931781,0.605452944817649,0.605452944817649,"plaq_d"
"5597","HSPB1","Exc L6 CT",0.219090177072997,2.58939083445953,6.72618986697264,0.00990165375617776,0.114585375782906,0.114585375782906,"plaq_d"
"5598","YWHAG","Exc L6 CT",0.0656237844972945,7.52998904845646,22.2598639495269,3.45356166275587e-06,0.000637403508936326,0.000637403508936326,"plaq_d"
"5599","SSC4D","Exc L6 CT",-0.0832148642916207,1.78047035349022,0.978305393709877,0.378557740147207,0.714718390289108,0.714718390289108,"plaq_d"
"5600","ZP3","Exc L6 CT",-0.0142938729928429,3.12831465310976,0.0980166144266827,0.754410322118557,0.936032949878318,0.936032949878318,"plaq_d"
"5601","DTX2","Exc L6 CT",0.00576587930218126,3.66820731858747,0.033276732215812,0.855359987375194,0.974800354737319,0.974800354737319,"plaq_d"
"5602","SPDYE16","Exc L6 CT",-0.0692887415232519,2.71220160212967,1.64883613824974,0.199971157560598,0.535879383276983,0.535879383276983,"plaq_d"
"5603","POMZP3","Exc L6 CT",-0.0732232399624027,3.72144847001214,4.23619371290816,0.0403145760267683,0.243886952855674,0.243886952855674,"plaq_d"
"5604","CCDC146","Exc L6 CT",0.0557196484024413,5.88989334058553,7.81621528193245,0.00546515137897871,0.0817841156463383,0.0817841156463383,"plaq_d"
"5605","GSAP","Exc L6 CT",-0.0291686462042673,4.97596100842385,0.846718433340003,0.358119380374199,0.700664120666889,0.700664120666889,"plaq_d"
"5606","PTPN12","Exc L6 CT",0.0389277842316685,6.50997716683463,6.64257550315424,0.0103678007130907,0.117894833385193,0.117894833385193,"plaq_d"
"5607","APTR","Exc L6 CT",-0.0182362765728084,4.59064123453705,0.482229239677241,0.487877364172375,0.794781321107334,0.794781321107334,"plaq_d"
"5608","RSBN1L","Exc L6 CT",0.00585017121510095,6.35992492392987,0.15635899466793,0.715261406512695,0.915036275496024,0.915036275496024,"plaq_d"
"5609","TMEM60","Exc L6 CT",-0.00915186744993808,2.79365369728878,0.0333590661494379,0.855183146329719,0.974800354737319,0.974800354737319,"plaq_d"
"5610","PHTF2","Exc L6 CT",-0.00860855684971146,6.93875552687699,0.488661187584085,0.484991792964239,0.793132097184277,0.793132097184277,"plaq_d"
"5611","MAGI2","Exc L6 CT",0.0343418921491214,10.59578591094,12.590587030253,0.000440844553196371,0.0163146482977248,0.0163146482977248,"plaq_d"
"5612","GNAI1","Exc L6 CT",0.0511386836858735,6.55605582407435,12.4986737927167,0.000462273200596596,0.0167982343088186,0.0167982343088186,"plaq_d"
"5613","CD36","Exc L6 CT",0.0217431953064168,2.91560394801337,0.136470299320612,0.712040092411896,0.913594400210487,0.913594400210487,"plaq_d"
"5614","SEMA3C","Exc L6 CT",-0.00757928468662963,2.47603980310579,0.00336983124914723,0.953741903168262,0.998216253735524,0.998216253735524,"plaq_d"
"5615","CACNA2D1","Exc L6 CT",0.0308029209041517,9.35495644648133,9.60065618969972,0.00210330592392606,0.0455759724099199,0.0455759724099199,"plaq_d"
"5616","PCLO","Exc L6 CT",0.0684528613110489,10.1479163789511,60.7737516158276,7.48319157582561e-14,5.38640129627927e-10,5.38640129627927e-10,"plaq_d"
"5617","SEMA3E","Exc L6 CT",0.0328622827658173,9.46812113340689,7.07750566725883,0.00816692652704716,0.102503116201718,0.102503116201718,"plaq_d"
"5618","SEMA3A","Exc L6 CT",0.0440930030164434,8.25486970351273,7.36659214690243,0.00697534481035599,0.0931512652039748,0.0931512652039748,"plaq_d"
"5619","SEMA3D","Exc L6 CT",-0.0714875539696648,3.62104430818735,1.01402965826385,0.31463864932036,0.658937735760243,0.658937735760243,"plaq_d"
"5620","GRM3","Exc L6 CT",0.0564307384193551,8.88750746797058,15.4877265954629,0.000100276009939399,0.00633146245213853,0.00633146245213853,"plaq_d"
"5621","AC005009.2","Exc L6 CT",-0.201655177901552,2.81282985680611,9.90998574166141,0.00178583514527461,0.0412001326143802,0.0412001326143802,"plaq_d"
"5622","KIAA1324L","Exc L6 CT",0.0130712778753811,5.89040507308742,0.58214225746857,0.445990443638,0.767047686879503,0.767047686879503,"plaq_d"
"5623","DMTF1","Exc L6 CT",0.0223140911769277,6.55788384959607,2.79968686283242,0.095180827305459,0.380089650454754,0.380089650454754,"plaq_d"
"5624","TMEM243","Exc L6 CT",0.0200699433249244,3.81152685536835,0.393687430599577,0.530778705695184,0.819859468582389,0.819859468582389,"plaq_d"
"5625","CROT","Exc L6 CT",-0.0169781698273966,4.12659216765032,0.334684349864413,0.645549941006114,0.882222987537879,0.882222987537879,"plaq_d"
"5626","ABCB4","Exc L6 CT",-0.124609564264859,1.73362090573791,1.59121239460298,0.207997427629586,0.543838972290824,0.543838972290824,"plaq_d"
"5627","ABCB1","Exc L6 CT",-0.0119552017136988,5.33162692219068,0.0907511877092013,0.763404157123364,0.939670734313362,0.939670734313362,"plaq_d"
"5628","RUNDC3B","Exc L6 CT",0.0335407178376287,7.86005250325492,9.17437333770772,0.00263756630865053,0.0527366730268515,0.0527366730268515,"plaq_d"
"5629","SLC25A40","Exc L6 CT",-0.00181337794626609,5.13412855112593,0.00836254346401989,0.927190048177249,0.993953237598858,0.993953237598858,"plaq_d"
"5630","DBF4","Exc L6 CT",0.0266529321987522,3.83383981403431,0.700776241608973,0.502312076528208,0.804689882146492,0.804689882146492,"plaq_d"
"5631","ADAM22","Exc L6 CT",0.0286201023356921,7.78416555402277,7.79372260478261,0.00553206761131297,0.0823574408815527,0.0823574408815527,"plaq_d"
"5632","SRI","Exc L6 CT",0.0165580370579125,4.91855995226764,0.609076371707316,0.51650803235452,0.812168025449776,0.812168025449776,"plaq_d"
"5633","AC003991.1","Exc L6 CT",0.0635776028002768,3.72728735760617,2.44699225330084,0.118658652424818,0.420775543394768,0.420775543394768,"plaq_d"
"5634","AC002127.2","Exc L6 CT",0.152317893703033,1.83012569836265,2.4660705827694,0.117236656075967,0.418378507900251,0.418378507900251,"plaq_d"
"5635","ZNF804B","Exc L6 CT",0.0340092594733545,8.39332164386583,1.60830884717342,0.205576967841202,0.541336387240159,0.541336387240159,"plaq_d"
"5636","AC002383.1","Exc L6 CT",-0.0670060645431062,2.79382057952699,1.13147088725631,0.288198929987007,0.634875561758676,0.634875561758676,"plaq_d"
"5637","STEAP1","Exc L6 CT",-0.0188495484323354,2.37337687952644,0.087646088729406,0.767367755861167,0.941249247629388,0.941249247629388,"plaq_d"
"5638","STEAP2","Exc L6 CT",0.0462736400493429,5.54776345934612,4.56613154962911,0.0333066101109863,0.22157206985109,0.22157206985109,"plaq_d"
"5639","CFAP69","Exc L6 CT",-0.017859441839959,5.65954881500552,1.17875907770748,0.34451060744547,0.688124241782395,0.688124241782395,"plaq_d"
"5640","AC002064.1","Exc L6 CT",-0.0215214042510969,3.17378552756429,0.221671774781769,0.638063860525694,0.87866532773368,0.87866532773368,"plaq_d"
"5641","GTPBP10","Exc L6 CT",-0.0543176701483278,4.50778338905779,5.06591575834004,0.025024222529909,0.189206253960383,0.189206253960383,"plaq_d"
"5642","CLDN12","Exc L6 CT",0.00353185853675713,6.07301729481182,0.0486670854528415,0.825528385286627,0.963985585882276,0.963985585882276,"plaq_d"
"5643","CDK14","Exc L6 CT",0.0492520584277132,7.95012466158944,11.1392995575134,0.000936471869137924,0.0264861474029657,0.0264861474029657,"plaq_d"
"5644","AC079760.2","Exc L6 CT",-0.110180973759209,2.19776622187172,2.02288389341917,0.155839798212383,0.477722082684125,0.477722082684125,"plaq_d"
"5645","AC079760.1","Exc L6 CT",0.0437696962778165,5.37312170442893,2.13098826278235,0.145249267504896,0.461734223771334,0.461734223771334,"plaq_d"
"5646","MTERF1","Exc L6 CT",0.0221251795438828,6.59499352129848,1.35505896668913,0.245192635897345,0.590859254499192,0.590859254499192,"plaq_d"
"5647","AKAP9","Exc L6 CT",0.0196185071720778,7.9838014037523,3.59255669273818,0.0588668425908228,0.299451260048581,0.299451260048581,"plaq_d"
"5648","LRRD1","Exc L6 CT",-0.00301919103656414,2.75258018034338,0.00288867068935043,0.957168072924758,0.998742420766286,0.998742420766286,"plaq_d"
"5649","KRIT1","Exc L6 CT",0.0115855391621374,6.66000131934045,1.00266029287275,0.317362997130109,0.662234774124518,0.662234774124518,"plaq_d"
"5650","ANKIB1","Exc L6 CT",0.0233115615525804,7.67039160591024,5.983317363035,0.0149360940240003,0.143775443751399,0.143775443751399,"plaq_d"
"5651","GATAD1","Exc L6 CT",-0.0369029657432595,4.83632665636089,2.38761754184922,0.123208235115412,0.428327880396396,0.428327880396396,"plaq_d"
"5652","AC007566.1","Exc L6 CT",-0.0314293115430306,5.39619010188171,2.30292422996993,0.130038053373224,0.439546329270001,0.439546329270001,"plaq_d"
"5653","PEX1","Exc L6 CT",0.014942428299939,5.06806922043826,0.552921948134454,0.457627684009474,0.775664661561659,0.775664661561659,"plaq_d"
"5654","RBM48","Exc L6 CT",0.0771695419092494,4.81826602213235,9.19914595322973,0.00260302647741962,0.0524100268096962,0.0524100268096962,"plaq_d"
"5655","FAM133B","Exc L6 CT",-0.00359280834800537,5.26531950235778,0.0389537725134691,0.843655434103541,0.970611654227969,0.970611654227969,"plaq_d"
"5656","CDK6","Exc L6 CT",-0.00832197395353909,4.10449935469529,0.0143776101225231,0.90462623274192,0.988876782180692,0.988876782180692,"plaq_d"
"5657","VPS50","Exc L6 CT",0.0260384173397131,6.80333071003845,5.14437113351468,0.0285535536729771,0.20270230903961,0.20270230903961,"plaq_d"
"5658","GNGT1","Exc L6 CT",-0.00238754713553991,2.97264687217562,0.00161166916918133,0.968000056189702,0.998742420766286,0.998742420766286,"plaq_d"
"5659","BET1","Exc L6 CT",-0.0535953859167479,4.40595025431761,3.6947477591003,0.0553997335766317,0.289801803985898,0.289801803985898,"plaq_d"
"5660","CASD1","Exc L6 CT",0.0268776894063868,6.92152773709309,5.16789326694565,0.0236166709655058,0.182223030640387,0.182223030640387,"plaq_d"
"5661","SGCE","Exc L6 CT",0.0137372410458471,6.56179153272328,1.15765166442661,0.282698032545415,0.629014045830571,0.629014045830571,"plaq_d"
"5662","PEG10","Exc L6 CT",0.101268006248252,5.86681846014802,16.8239837906714,5.11045357512245e-05,0.00408722720374793,0.00408722720374793,"plaq_d"
"5663","PPP1R9A","Exc L6 CT",0.0631897076018609,8.66789594927944,47.1590459713944,3.01889895045396e-11,1.08650173226838e-07,1.08650173226838e-07,"plaq_d"
"5664","AC002429.2","Exc L6 CT",-0.0516081504226595,3.72389989698394,1.99123034212884,0.159105146615873,0.48261223992459,0.48261223992459,"plaq_d"
"5665","DYNC1I1","Exc L6 CT",0.0213042788013597,9.33057057601317,7.45292298208671,0.00665530365524424,0.0910701152739702,0.0910701152739702,"plaq_d"
"5666","SLC25A13","Exc L6 CT",-0.0535676773559186,4.36841633970494,3.23759758956785,0.0728317808018922,0.330482796747467,0.330482796747467,"plaq_d"
"5667","SEM1","Exc L6 CT",0.0424407662975446,6.55175146181091,5.5813442932096,0.0187021951777065,0.16196426326548,0.16196426326548,"plaq_d"
"5668","SDHAF3","Exc L6 CT",-0.031172991178981,3.84881617324276,0.93685475265216,0.333759845037678,0.678287288340323,0.678287288340323,"plaq_d"
"5669","ASNS","Exc L6 CT",0.0300920008432882,5.36567408403078,2.52682559170715,0.112832699451167,0.411772573598059,0.411772573598059,"plaq_d"
"5670","LMTK2","Exc L6 CT",0.0437495332457341,7.1140356644818,15.4015226433147,0.000104751508508563,0.00647351190450836,0.00647351190450836,"plaq_d"
"5671","TECPR1","Exc L6 CT",-0.024686011259915,5.28765115588315,1.87124486302213,0.172214722564919,0.499235430133824,0.499235430133824,"plaq_d"
"5672","BRI3","Exc L6 CT",-0.0212467658994629,5.39308759104626,1.47813575495487,0.24708446180013,0.593332429036643,0.593332429036643,"plaq_d"
"5673","BAIAP2L1","Exc L6 CT",0.0082061515136859,4.51806103420835,0.05920409007413,0.807901641185743,0.958107854321204,0.958107854321204,"plaq_d"
"5674","NPTX2","Exc L6 CT",-0.166286559489528,4.12922826223575,7.88003252775167,0.00527977253156377,0.0800080056467285,0.0800080056467285,"plaq_d"
"5675","TMEM130","Exc L6 CT",0.0193871865468666,7.01608353091157,2.67335531200261,0.102944352829024,0.393831225970404,0.393831225970404,"plaq_d"
"5676","TRRAP","Exc L6 CT",0.00150445382335887,6.57885431340115,0.0141394021106835,0.905415849581514,0.989037303307553,0.989037303307553,"plaq_d"
"5677","SMURF1","Exc L6 CT",-0.00462675571047123,7.19480241826092,0.116192201100736,0.733407201867139,0.925254450164293,0.925254450164293,"plaq_d"
"5678","AC004834.1","Exc L6 CT",-0.0599454397469991,2.7123951945968,1.21612076590063,0.270884904040178,0.618110489548646,0.618110489548646,"plaq_d"
"5679","PDAP1","Exc L6 CT",-0.0097098125715139,4.36402555367912,0.147771593406099,0.866544407461703,0.977776797232387,0.977776797232387,"plaq_d"
"5680","BUD31","Exc L6 CT",-0.0785537520285469,3.14966431757804,3.71792876597708,0.0546439539139384,0.286967611230717,0.286967611230717,"plaq_d"
"5681","PTCD1","Exc L6 CT",0.00651577274198302,2.50975551420262,0.0154186658838845,0.901250804342923,0.987698430216255,0.987698430216255,"plaq_d"
"5682","CPSF4","Exc L6 CT",-0.0653456704449451,3.99224662979486,4.83621645318839,0.0285249914641266,0.20270230903961,0.20270230903961,"plaq_d"
"5683","ZNF789","Exc L6 CT",-0.0200999929169679,4.98906262734223,0.956109010748597,0.328848016726032,0.673509183210693,0.673509183210693,"plaq_d"
"5684","ZNF394","Exc L6 CT",-0.0338768168944709,3.62661117771083,0.859628513681972,0.354484876985023,0.697344122584912,0.697344122584912,"plaq_d"
"5685","ZKSCAN5","Exc L6 CT",-0.0276005508644677,4.04437654325565,0.783256385856866,0.376757803864009,0.713336243561267,0.713336243561267,"plaq_d"
"5686","FAM200A","Exc L6 CT",-0.0100695100445084,4.10422841061587,0.138712932751945,0.709790483684333,0.912665890399606,0.912665890399606,"plaq_d"
"5687","ZSCAN25","Exc L6 CT",-0.0126871727145152,3.84166574862545,0.186068117932859,0.844848928165862,0.970960210363396,0.970960210363396,"plaq_d"
"5688","CYP3A5","Exc L6 CT",-0.125896774733499,2.52334444278167,4.68244070645214,0.0311519515151023,0.213257846769286,0.213257846769286,"plaq_d"
"5689","CYP3A43","Exc L6 CT",-0.0120606788172405,3.63198828623314,0.0884636404615638,0.766316847863036,0.940967019945092,0.940967019945092,"plaq_d"
"5690","TRIM4","Exc L6 CT",-0.0305182874037517,5.00883651959134,1.97871462431932,0.160417760500008,0.484332932993363,0.484332932993363,"plaq_d"
"5691","AC004522.2","Exc L6 CT",-0.0451441705400231,3.07773910580007,0.958073539839153,0.328352293267541,0.673452003687066,0.673452003687066,"plaq_d"
"5692","ZKSCAN1","Exc L6 CT",-0.0297634344345902,6.65242739121259,4.16349365652815,0.0420580828006963,0.248608369557857,0.248608369557857,"plaq_d"
"5693","ZSCAN21","Exc L6 CT",-0.0444057518691112,3.1449216614264,1.27304329274243,0.261556686179248,0.608298877905728,0.608298877905728,"plaq_d"
"5694","ZNF3","Exc L6 CT",-0.0611023539912954,3.76161352718932,3.52643067128242,0.0612332693487074,0.305532059993314,0.305532059993314,"plaq_d"
"5695","COPS6","Exc L6 CT",-0.0141847043676417,4.96358088443877,0.395327962148228,0.529924245665393,0.819154884634274,0.819154884634274,"plaq_d"
"5696","MCM7","Exc L6 CT",-0.0429933883237941,2.69907014134988,0.770598566781623,0.380637247040728,0.716669344545948,0.716669344545948,"plaq_d"
"5697","AP4M1","Exc L6 CT",-0.00780381375612729,3.84810562759255,0.0653083013832444,0.94276501225242,0.997507548890635,0.997507548890635,"plaq_d"
"5698","TAF6","Exc L6 CT",0.0574767085669152,4.11650692672299,4.69832369439548,0.0411280438656054,0.246209643072273,0.246209643072273,"plaq_d"
"5699","CNPY4","Exc L6 CT",-0.0661015779999846,2.88422139018286,1.99689462594318,0.158515129990193,0.481329637489731,0.481329637489731,"plaq_d"
"5700","MBLAC1","Exc L6 CT",-0.058180417575016,2.25995986194848,0.754744769256964,0.385576561746758,0.720410147035214,0.720410147035214,"plaq_d"
"5701","AC073842.1","Exc L6 CT",0.0610126563028828,2.85747569096212,1.41950483957028,0.234296391055395,0.578984429454752,0.578984429454752,"plaq_d"
"5702","LAMTOR4","Exc L6 CT",-0.0363071547567743,4.33050318357855,1.91246795088826,0.167575546009074,0.494178403303997,0.494178403303997,"plaq_d"
"5703","C7orf43","Exc L6 CT",0.039597010630388,2.69554722616065,0.576202933631837,0.485971065811569,0.794068255049274,0.794068255049274,"plaq_d"
"5704","STAG3","Exc L6 CT",-0.0625035881272927,3.69065771036459,3.38071071407739,0.0668150910483624,0.316752905886625,0.316752905886625,"plaq_d"
"5705","CASTOR3","Exc L6 CT",0.0154127060169728,6.96276307608258,1.36723800147978,0.243086819597307,0.588147538642492,0.588147538642492,"plaq_d"
"5706","SPDYE3","Exc L6 CT",-0.147934152417393,4.26828034705218,15.7421514611185,8.81627367655558e-05,0.00587588314109695,0.00587588314109695,"plaq_d"
"5707","PILRB","Exc L6 CT",-0.0648261240516929,5.82654375593412,5.74339626978913,0.0170776121375432,0.153948682735597,0.153948682735597,"plaq_d"
"5708","PILRA","Exc L6 CT",-0.0292612983492812,5.29225381026635,1.58408058806054,0.20901710873167,0.545604768322958,0.545604768322958,"plaq_d"
"5709","ZCWPW1","Exc L6 CT",0.0157925588765769,3.23242146800626,0.163321060619628,0.773392978752206,0.944484530810091,0.944484530810091,"plaq_d"
"5710","MEPCE","Exc L6 CT",0.0502584020104564,2.98866205328054,1.24071025324542,0.266102509818803,0.612929877016238,0.612929877016238,"plaq_d"
"5711","PPP1R35","Exc L6 CT",-0.042621183359908,3.36001978945887,1.05980668480174,0.303973846135343,0.649548387852813,0.649548387852813,"plaq_d"
"5712","TSC22D4","Exc L6 CT",0.0835105666012347,2.77688475892841,2.60880179526999,0.107177748915949,0.401700305491801,0.401700305491801,"plaq_d"
"5713","NYAP1","Exc L6 CT",-0.0316052092663184,4.28100783581571,1.50754961831534,0.234970203970727,0.579566907670518,0.579566907670518,"plaq_d"
"5714","AGFG2","Exc L6 CT",-0.093340528909769,3.96123213837243,9.38233236269053,0.00236152559506733,0.0489863436118002,0.0489863436118002,"plaq_d"
"5715","LRCH4","Exc L6 CT",-0.0097604310600964,4.10485637847279,0.119085610011139,0.730236703962693,0.923763642568075,0.923763642568075,"plaq_d"
"5716","MOSPD3","Exc L6 CT",0.0400664354296405,2.92401061732335,0.785913947849813,0.37595039355918,0.712602275525987,0.712602275525987,"plaq_d"
"5717","TFR2","Exc L6 CT",-0.0223642084663304,3.00573547085394,0.215296449868531,0.64293734421357,0.881203285741464,0.881203285741464,"plaq_d"
"5718","ACTL6B","Exc L6 CT",-0.00471969346496999,5.83285857892759,0.0621217382634192,0.803320298410666,0.956581456216695,0.956581456216695,"plaq_d"
"5719","GNB2","Exc L6 CT",-0.00168678887506806,4.68575198613921,0.00484264581016068,0.94456064298693,0.997609533382524,0.997609533382524,"plaq_d"
"5720","GIGYF1","Exc L6 CT",-0.0155353725626366,5.49500757430032,0.601894385598804,0.438382758002604,0.760723021239813,0.760723021239813,"plaq_d"
"5721","POP7","Exc L6 CT",-0.000755131919886758,3.22685341179278,0.000335320214613152,0.985400641514283,0.999571689696322,0.999571689696322,"plaq_d"
"5722","SLC12A9","Exc L6 CT",-0.0367150004570414,3.59847147459109,1.32023000518382,0.405792796707956,0.73778644877592,0.73778644877592,"plaq_d"
"5723","SRRT","Exc L6 CT",-0.0498647541468291,3.90649095678559,2.39724069179521,0.122457861960944,0.427577827016675,0.427577827016675,"plaq_d"
"5724","ACHE","Exc L6 CT",0.0500394844252269,2.8372356628151,0.872676459163605,0.350862778372811,0.693916823389886,0.693916823389886,"plaq_d"
"5725","MUC12","Exc L6 CT",0.0029300357393968,2.07503839608831,0.00372280473691294,0.951382435053461,0.99802142424354,0.99802142424354,"plaq_d"
"5726","AP1S1","Exc L6 CT",-0.0231370625193965,4.46421456468142,0.794561723410652,0.37333985101922,0.710955389314004,0.710955389314004,"plaq_d"
"5727","VGF","Exc L6 CT",-0.13002760497214,3.04696458740864,2.23527672171994,0.135798196143797,0.448478675343561,0.448478675343561,"plaq_d"
"5728","PLOD3","Exc L6 CT",-0.0235512930641832,4.68377392641403,0.9624310402988,0.327256278519914,0.67224603514702,0.67224603514702,"plaq_d"
"5729","ZNHIT1","Exc L6 CT",-0.0114070427343999,3.19502421442066,0.0766949205729362,0.876607973395421,0.981163755019913,0.981163755019913,"plaq_d"
"5730","FIS1","Exc L6 CT",-0.0410409877464248,4.20963861077746,2.50580095188674,0.114335633057907,0.414081955597893,0.414081955597893,"plaq_d"
"5731","IFT22","Exc L6 CT",-0.0294667138106628,3.40477425203962,0.580264629308155,0.446724248014207,0.767519068434482,0.767519068434482,"plaq_d"
"5732","COL26A1","Exc L6 CT",-0.0661675355685521,5.71202827119562,5.68666547578966,0.0176290091882455,0.156562132186294,0.156562132186294,"plaq_d"
"5733","CUX1","Exc L6 CT",-0.0179485319388692,6.45631253265838,1.84221580156022,0.175570556888685,0.504191848587574,0.504191848587574,"plaq_d"
"5734","SH2B2","Exc L6 CT",0.0517278386059355,2.22564894791339,0.576459483939178,0.448217126856649,0.769196190866025,0.769196190866025,"plaq_d"
"5735","PRKRIP1","Exc L6 CT",-0.0347154774743032,6.54373362845075,6.88874782907557,0.00905616222697707,0.108624230587321,0.108624230587321,"plaq_d"
"5736","ORAI2","Exc L6 CT",0.0122372672083586,4.69447043679869,0.181995849322568,0.669927253133408,0.894479014664119,0.894479014664119,"plaq_d"
"5737","ALKBH4","Exc L6 CT",-0.0241166735201342,3.70307191598884,0.580722740973067,0.446545038317658,0.767394338262028,0.767394338262028,"plaq_d"
"5738","LRWD1","Exc L6 CT",0.134889480004984,2.68375628509934,6.95990137043851,0.00870981033145686,0.10576327498658,0.10576327498658,"plaq_d"
"5739","POLR2J","Exc L6 CT",0.0453133825758268,3.26851598768819,1.33949801921244,0.318484377899152,0.663315040372571,0.663315040372571,"plaq_d"
"5740","AC093668.2","Exc L6 CT",-0.0345040089527907,3.9496049571889,0.651955750634386,0.419965537086789,0.747780646106698,0.747780646106698,"plaq_d"
"5741","SPDYE2","Exc L6 CT",-0.185221730485737,3.49068384723816,9.11994114160857,0.00271511209371877,0.0539127637257592,0.0539127637257592,"plaq_d"
"5742","AC105052.1","Exc L6 CT",0.031340093457574,4.25437816003743,0.582599987758363,0.445811839930205,0.767047686879503,0.767047686879503,"plaq_d"
"5743","AC105052.3","Exc L6 CT",-0.0389333091404107,5.31949986319412,1.41840517313402,0.234477314886867,0.578984429454752,0.578984429454752,"plaq_d"
"5744","FAM185A","Exc L6 CT",0.0030973245053711,6.62729694758074,0.0480614712089751,0.972121859373742,0.999088296211026,0.999088296211026,"plaq_d"
"5745","FBXL13","Exc L6 CT",-0.0527196704656619,4.61946082323387,3.29554021306963,0.0703283731305989,0.325023197299551,0.325023197299551,"plaq_d"
"5746","LRRC17","Exc L6 CT",-0.0257747175434311,3.91700112599994,0.555890110510219,0.456423937513398,0.775664661561659,0.775664661561659,"plaq_d"
"5747","ARMC10","Exc L6 CT",0.0354480239599118,4.90342782088439,2.76066253553321,0.0975082501857668,0.383847294106609,0.383847294106609,"plaq_d"
"5748","NAPEPLD","Exc L6 CT",0.0098386171232689,6.90629672011218,0.545817288518158,0.460529501651191,0.776394701225957,0.776394701225957,"plaq_d"
"5749","PMPCB","Exc L6 CT",0.00634646510023149,5.55088409993677,0.128473784213138,0.720236960986585,0.917894058991048,0.917894058991048,"plaq_d"
"5750","DNAJC2","Exc L6 CT",-0.01638878477397,5.27711879318652,0.55408487408824,0.457155458948178,0.775664661561659,0.775664661561659,"plaq_d"
"5751","PSMC2","Exc L6 CT",0.00583343757313898,5.22932664154415,0.102761458545058,0.748732904240898,0.932916801537149,0.932916801537149,"plaq_d"
"5752","SLC26A5","Exc L6 CT",-0.0158560507446752,2.33818472913335,0.0591852269601955,0.807931645285623,0.958107854321204,0.958107854321204,"plaq_d"
"5753","ORC5","Exc L6 CT",-0.0114796660652916,5.81512606142761,0.432563665366852,0.511168218078356,0.808834652391297,0.808834652391297,"plaq_d"
"5754","LHFPL3","Exc L6 CT",0.135137100530297,3.11824102763187,1.47741179423543,0.225003388858104,0.565493852304691,0.565493852304691,"plaq_d"
"5755","LINC01004","Exc L6 CT",-0.00966243948885959,6.02559647858364,0.261027931521682,0.609738607144173,0.865916640864903,0.865916640864903,"plaq_d"
"5756","KMT2E-AS1","Exc L6 CT",-0.0517365911390055,2.51980422073089,0.76327012821591,0.382909205706647,0.718261167573014,0.718261167573014,"plaq_d"
"5757","KMT2E","Exc L6 CT",0.00475850373866598,7.79529033938934,0.202122294679711,0.653292944384998,0.886576661704981,0.886576661704981,"plaq_d"
"5758","AC005070.3","Exc L6 CT",0.00550774923055868,2.6354435877583,0.0111768992495385,0.99955945196874,0.999906738276838,0.999906738276838,"plaq_d"
"5759","SRPK2","Exc L6 CT",0.0134712071741348,8.48156843557116,2.75685210580104,0.0977388219259387,0.384229404818627,0.384229404818627,"plaq_d"
"5760","PUS7","Exc L6 CT",-0.00898787598386001,5.73156172831563,0.235106741254492,0.628067733938053,0.875875530153271,0.875875530153271,"plaq_d"
"5761","RINT1","Exc L6 CT",-0.00265018258168992,4.65480838088745,0.0117818071082693,0.913626675304669,0.989967061646606,0.989967061646606,"plaq_d"
"5762","EFCAB10","Exc L6 CT",-0.0257843586085729,3.05671939429271,0.35313029365388,0.552732367739815,0.832820016805358,0.832820016805358,"plaq_d"
"5763","AC073073.2","Exc L6 CT",0.0492648438180084,1.81829628535503,0.378704801127944,0.538699220346239,0.825460212383825,0.825460212383825,"plaq_d"
"5764","ATXN7L1","Exc L6 CT",-0.00421112464810114,7.90599017007083,0.174085665895784,0.676763113350643,0.896053450075137,0.896053450075137,"plaq_d"
"5765","CDHR3","Exc L6 CT",0.0346032021172965,7.67877914532144,2.14810278440418,0.143648601845768,0.460161386776074,0.460161386776074,"plaq_d"
"5766","SYPL1","Exc L6 CT",0.0195873055904593,3.53043493385517,0.289411305559286,0.590941710173315,0.856166609970868,0.856166609970868,"plaq_d"
"5767","NAMPT","Exc L6 CT",0.0169003048277392,4.7585810286314,0.545587906688531,0.460623676330388,0.776394701225957,0.776394701225957,"plaq_d"
"5768","CCDC71L","Exc L6 CT",0.0953058532285594,1.87573965223303,1.59604726328984,0.207309511999811,0.54272190120918,0.54272190120918,"plaq_d"
"5769","PRKAR2B","Exc L6 CT",0.0474976622615364,8.17542130584764,12.5548126108333,0.00044906258583499,0.0164496310068207,0.0164496310068207,"plaq_d"
"5770","HBP1","Exc L6 CT",0.00796091302161865,5.02080900281245,0.126017776195546,0.722812134439354,0.919344513095477,0.919344513095477,"plaq_d"
"5771","COG5","Exc L6 CT",0.0332409918154167,6.92614715818384,7.30816813157296,0.0072008591268288,0.0947564606853998,0.0947564606853998,"plaq_d"
"5772","GPR22","Exc L6 CT",0.101895097916454,3.84026141808662,8.37322182843052,0.00404772369618793,0.0687158376536809,0.0687158376536809,"plaq_d"
"5773","DUS4L","Exc L6 CT",-0.0188983692325145,2.58312374342958,0.112251675907734,0.788156758924728,0.950707140872,0.950707140872,"plaq_d"
"5774","BCAP29","Exc L6 CT",0.0617907563618638,5.83143431917721,14.3447265432901,0.000179247223199342,0.00928216915531555,0.00928216915531555,"plaq_d"
"5775","CBLL1","Exc L6 CT",-0.0140772874911742,3.67296276798149,0.176655496657252,0.674522604323853,0.895575586043388,0.895575586043388,"plaq_d"
"5776","SLC26A3","Exc L6 CT",0.120342660963263,6.7735917396161,3.68189501136757,0.055823568199306,0.290540884959222,0.290540884959222,"plaq_d"
"5777","DLD","Exc L6 CT",0.0128716401568868,4.75638919281227,0.389308771988306,0.53307151399418,0.821448889269307,0.821448889269307,"plaq_d"
"5778","LAMB1","Exc L6 CT",-0.327397733786663,1.36524530584165,4.66409395356481,0.0314818778209689,0.213981639806737,0.213981639806737,"plaq_d"
"5779","LAMB4","Exc L6 CT",-0.0075321225837919,1.86710209844435,0.00557445999295376,0.940526273958195,0.997040960228437,0.997040960228437,"plaq_d"
"5780","NRCAM","Exc L6 CT",0.0138321671773229,9.71504692947923,2.8498381163045,0.0922785193091151,0.373624119136575,0.373624119136575,"plaq_d"
"5781","PNPLA8","Exc L6 CT",0.0393284466610678,5.53756426142154,4.75708365858301,0.029846554097973,0.207170199032989,0.207170199032989,"plaq_d"
"5782","DNAJB9","Exc L6 CT",0.0542070226484308,3.83330081620342,2.82285126082936,0.0938280733574868,0.376497285983202,0.376497285983202,"plaq_d"
"5783","AC092167.1","Exc L6 CT",-0.151415057498747,1.6042809888408,1.86830809049725,0.172550831712389,0.499807197853432,0.499807197853432,"plaq_d"
"5784","IMMP2L","Exc L6 CT",0.00725920145969645,8.48277203869521,0.213155822120023,0.64459336916451,0.881836562053814,0.881836562053814,"plaq_d"
"5785","LRRN3","Exc L6 CT",0.0304246167583201,6.51634108203203,2.66318397111813,0.103598998495894,0.395004980853975,0.395004980853975,"plaq_d"
"5786","DOCK4","Exc L6 CT",0.0230523387702189,9.54536952550969,4.44153386529277,0.0357892461021876,0.229761475845009,0.229761475845009,"plaq_d"
"5787","ZNF277","Exc L6 CT",0.0266379172047881,5.91962453583761,2.66540365903927,0.103455746038297,0.394634054045396,0.394634054045396,"plaq_d"
"5788","IFRD1","Exc L6 CT",0.0195206123715966,4.76643692625969,0.6060960421195,0.436790239697351,0.759515918671707,0.759515918671707,"plaq_d"
"5789","LSMEM1","Exc L6 CT",0.0921914538468927,2.82038564550442,3.26716933039709,0.0715423597409698,0.327583909297392,0.327583909297392,"plaq_d"
"5790","TMEM168","Exc L6 CT",-0.0420140094882171,5.18587785529042,3.87111121692033,0.0499173881750712,0.273696664470485,0.273696664470485,"plaq_d"
"5791","BMT2","Exc L6 CT",0.012373262596667,6.44514561368264,0.602811495791171,0.438034394455171,0.760668654110572,0.760668654110572,"plaq_d"
"5792","GPR85","Exc L6 CT",0.0212243462901323,4.20600593330234,0.563354174982436,0.453418842668096,0.773960827927076,0.773960827927076,"plaq_d"
"5793","SMIM30","Exc L6 CT",0.0868360833902543,2.46512125928777,2.33932464624492,0.127052162853275,0.434922718758314,0.434922718758314,"plaq_d"
"5794","FOXP2","Exc L6 CT",0.0289897188902904,9.42918535057199,3.64145009039262,0.0571799860118885,0.294407395789394,0.294407395789394,"plaq_d"
"5795","MDFIC","Exc L6 CT",-0.0326570608688705,3.37896779280658,0.28167926654867,0.595941007297187,0.858689494650216,0.858689494650216,"plaq_d"
"5796","AC002066.1","Exc L6 CT",-0.00282338232949304,5.88849402818784,0.0081204279956542,0.928248899724268,0.994167628886557,0.994167628886557,"plaq_d"
"5797","CAV2","Exc L6 CT",-0.0118412045009823,4.69932490872901,0.165283379812634,0.684587860161591,0.900774195488207,0.900774195488207,"plaq_d"
"5798","CAV1","Exc L6 CT",0.0118090446233334,4.92426057204812,0.0919124497349222,0.761940858535296,0.939279037461391,0.939279037461391,"plaq_d"
"5799","CAPZA2","Exc L6 CT",0.0289596158048248,6.26530683513197,4.83350450212882,0.0285692543096255,0.20270230903961,0.20270230903961,"plaq_d"
"5800","ST7","Exc L6 CT",0.0182531086608333,7.96074389919795,3.32987929948217,0.0688885682194617,0.32188525680767,0.32188525680767,"plaq_d"
"5801","ST7-AS2","Exc L6 CT",-0.13818868606615,3.2086500697211,7.78651352191289,0.00555369203616189,0.0825087209005022,0.0825087209005022,"plaq_d"
"5802","CFTR","Exc L6 CT",-0.147198048036409,2.43156430320327,4.8399726385071,0.0284638036837377,0.202701794894094,0.202701794894094,"plaq_d"
"5803","CTTNBP2","Exc L6 CT",0.0400324992480856,7.24296631126508,10.7390643138558,0.00115458251346458,0.0303864165700842,0.0303864165700842,"plaq_d"
"5804","LSM8","Exc L6 CT",-0.0259518701420561,3.77028452396689,0.807271620855899,0.371101764412331,0.710346485926012,0.710346485926012,"plaq_d"
"5805","ANKRD7","Exc L6 CT",-0.00306744333201589,5.59456119192911,0.0146027530486707,0.903886001387636,0.988866077753987,0.988866077753987,"plaq_d"
"5806","KCND2","Exc L6 CT",0.044389991385836,7.76631629540071,4.61068941807038,0.0324632563581301,0.218077946118358,0.218077946118358,"plaq_d"
"5807","ING3","Exc L6 CT",-0.0282141646773938,4.00681163760251,0.925784057340337,0.33662853753647,0.681108385910117,0.681108385910117,"plaq_d"
"5808","FAM3C","Exc L6 CT",0.0256261549625483,7.11007666460588,2.04027457068502,0.154078355813153,0.475001697369973,0.475001697369973,"plaq_d"
"5809","PTPRZ1","Exc L6 CT",0.134954069414896,5.17399412408648,3.94704810875808,0.0477370827776792,0.26677913185849,0.26677913185849,"plaq_d"
"5810","AASS","Exc L6 CT",-0.0972655810030565,3.12083017423581,4.09157716255208,0.043861302460297,0.255328471580443,0.255328471580443,"plaq_d"
"5811","CADPS2","Exc L6 CT",0.0357077163930446,10.235594438615,3.16836430903942,0.075949593018999,0.339345233116546,0.339345233116546,"plaq_d"
"5812","AC004594.1","Exc L6 CT",-0.0737511881230303,5.12434002032095,4.54220567567293,0.0337689166806868,0.22259035006189,0.22259035006189,"plaq_d"
"5813","IQUB","Exc L6 CT",-0.0212750881532596,4.48255991480093,0.552229003542333,0.457909432453345,0.775664661561659,0.775664661561659,"plaq_d"
"5814","NDUFA5","Exc L6 CT",-0.0210427865112882,5.71102749202017,1.38367294025196,0.248182701393075,0.594977213864232,0.594977213864232,"plaq_d"
"5815","WASL","Exc L6 CT",0.076947424868912,6.51049683320389,34.816710442321,8.5899142468544e-09,8.24402703318107e-06,8.24402703318107e-06,"plaq_d"
"5816","AC006148.1","Exc L6 CT",0.0683340713233139,8.24041567448748,18.1717092616887,2.6024901340781e-05,0.00251445959531466,0.00251445959531466,"plaq_d"
"5817","POT1","Exc L6 CT",0.0266824462798475,5.22577037206289,1.84941611472773,0.174731188036993,0.50308603659611,0.50308603659611,"plaq_d"
"5818","POT1-AS1","Exc L6 CT",0.0530573944139239,6.0288095994782,4.31269358230114,0.0385619883366792,0.237950443246821,0.237950443246821,"plaq_d"
"5819","AC010099.4","Exc L6 CT",0.0678758208859608,6.10321439008702,6.14876452469784,0.0136228540399366,0.136475022100854,0.136475022100854,"plaq_d"
"5820","GRM8","Exc L6 CT",0.0260321055664586,7.50115730554032,0.769432719897881,0.380997401011403,0.717075759484601,0.717075759484601,"plaq_d"
"5821","ZNF800","Exc L6 CT",0.040630286150706,5.70531979323912,4.88450235665782,0.0277487891988569,0.200380659947392,0.200380659947392,"plaq_d"
"5822","GCC1","Exc L6 CT",0.10318337051531,2.07420965449969,2.38877270081527,0.123117890721833,0.428146082037851,0.428146082037851,"plaq_d"
"5823","ARF5","Exc L6 CT",-0.0636044927759763,3.73670378181123,2.65171112593008,0.104342909285952,0.396916025113433,0.396916025113433,"plaq_d"
"5824","SND1","Exc L6 CT",0.0147538664309348,7.02458007414186,1.40409107089341,0.261500748595842,0.608298877905728,0.608298877905728,"plaq_d"
"5825","LRRC4","Exc L6 CT",0.01301276460345,4.96038196592267,0.292758238331575,0.588804366369384,0.854987442756975,0.854987442756975,"plaq_d"
"5826","RBM28","Exc L6 CT",-0.0259788655562831,5.10805856992795,1.67888817011656,0.195930527396047,0.530800751449274,0.530800751449274,"plaq_d"
"5827","IMPDH1","Exc L6 CT",-0.0219111814130544,3.87117583258787,0.495212786612956,0.554087860470092,0.833985418972776,0.833985418972776,"plaq_d"
"5828","HILPDA","Exc L6 CT",-0.0119057005747113,2.52043661791821,0.042633320805498,0.83653793410881,0.96822641095276,0.96822641095276,"plaq_d"
"5829","METTL2B","Exc L6 CT",-0.0134435311677778,4.94490076339032,0.334380413855463,0.563464852802769,0.839888177774763,0.839888177774763,"plaq_d"
"5830","AC090114.2","Exc L6 CT",-0.0774182217888227,2.62213173917236,2.23729610858008,0.168338358519034,0.495174680588044,0.495174680588044,"plaq_d"
"5831","AC018638.7","Exc L6 CT",0.072392279805507,2.70671065743211,2.00924165679258,0.157237647926945,0.480076499031167,0.480076499031167,"plaq_d"
"5832","FAM71F2","Exc L6 CT",-0.00725387445471672,3.45692012484533,0.0319166947092495,0.858314515294674,0.975511864529127,0.975511864529127,"plaq_d"
"5833","AC018638.6","Exc L6 CT",0.0489436551007002,2.6794594727417,0.794070541635089,0.373487442705949,0.710955389314004,0.710955389314004,"plaq_d"
"5834","CALU","Exc L6 CT",-0.0102509666061725,4.79861010861653,0.21901539518248,0.640083952935192,0.88010015152388,0.88010015152388,"plaq_d"
"5835","CCDC136","Exc L6 CT",-0.0220315203434318,4.65469784549485,0.915184779515254,0.369419699171123,0.708928046941235,0.708928046941235,"plaq_d"
"5836","ATP6V1F","Exc L6 CT",0.0136273719785335,5.15086038851012,0.37698487145546,0.53962224557422,0.826231776982824,0.826231776982824,"plaq_d"
"5837","TNPO3","Exc L6 CT",0.0196836807592408,6.17743661819079,1.88363049313197,0.195971519446575,0.530800751449274,0.530800751449274,"plaq_d"
"5838","TSPAN33","Exc L6 CT",-0.00267480733040288,3.04141461220299,0.00331082087371564,0.954148261360359,0.998216253735524,0.998216253735524,"plaq_d"
"5839","SMO","Exc L6 CT",-0.0430570636789281,2.01681565567152,0.32117704474224,0.57126626436235,0.844476453243049,0.844476453243049,"plaq_d"
"5840","AHCYL2","Exc L6 CT",0.0274606433637723,7.03706895921674,4.53816556968021,0.0338476438541324,0.223007176624298,0.223007176624298,"plaq_d"
"5841","STRIP2","Exc L6 CT",0.0421551128382261,3.54383365175856,1.3013209486557,0.254756071831099,0.602230179730386,0.602230179730386,"plaq_d"
"5842","SMKR1","Exc L6 CT",0.0344526200484494,2.31822961593958,0.351596327945118,0.553595789963014,0.833636505471501,0.833636505471501,"plaq_d"
"5843","NRF1","Exc L6 CT",-0.00355570727682849,6.78891189862618,0.070452294697056,0.790836449307096,0.951892997494449,0.951892997494449,"plaq_d"
"5844","UBE2H","Exc L6 CT",0.0118717929826523,7.05925102154989,0.844959275308901,0.358618590855602,0.700718774124955,0.700718774124955,"plaq_d"
"5845","AC073320.1","Exc L6 CT",-0.0313897288749614,2.59563357167298,0.299705981663052,0.584417526173604,0.852322430026867,0.852322430026867,"plaq_d"
"5846","ZC3HC1","Exc L6 CT",-0.0424082854092405,4.48285306327791,3.37479314711123,0.0670529923110868,0.317046704923413,0.317046704923413,"plaq_d"
"5847","KLHDC10","Exc L6 CT",-0.00379637914738723,6.87108046462418,0.102751941263506,0.748744145940554,0.932916801537149,0.932916801537149,"plaq_d"
"5848","TMEM209","Exc L6 CT",0.0195506639513971,4.08522773769583,0.401698413275935,0.526629539221583,0.818102821477707,0.818102821477707,"plaq_d"
"5849","AC087071.2","Exc L6 CT",-0.146276353633832,2.01020362257309,3.3145685265047,0.0695265803626397,0.323111568725062,0.323111568725062,"plaq_d"
"5850","CEP41","Exc L6 CT",0.0338825694115232,4.61897223833502,2.30594802210087,0.129787048461858,0.439420119862866,0.439420119862866,"plaq_d"
"5851","MEST","Exc L6 CT",-0.00713130832162588,5.58289957836097,0.119941863454138,0.72930673109441,0.922835519103026,0.922835519103026,"plaq_d"
"5852","COPG2","Exc L6 CT",-0.012638575845064,5.43797952919877,0.434292542731737,0.877226916564414,0.981163755019913,0.981163755019913,"plaq_d"
"5853","AC007938.3","Exc L6 CT",0.0367636734691548,3.92153960979799,1.37103921469995,0.242434105209674,0.587546245750086,0.587546245750086,"plaq_d"
"5854","AC016831.7","Exc L6 CT",0.0320038949847102,10.1504209754302,8.14232619472811,0.00458299409672803,0.0737312308432286,0.0737312308432286,"plaq_d"
"5855","LINC00513","Exc L6 CT",-0.0315722800711844,6.17987178159133,1.64003108381734,0.201173578457075,0.53671142243663,0.53671142243663,"plaq_d"
"5856","AC058791.1","Exc L6 CT",0.00273500029182921,4.31754709447722,0.00781253530398073,0.929618676774785,0.994167628886557,0.994167628886557,"plaq_d"
"5857","MKLN1","Exc L6 CT",0.0321715631816841,8.69537073012627,9.69993698414103,0.00199558800164564,0.0437902284074724,0.0437902284074724,"plaq_d"
"5858","PODXL","Exc L6 CT",-0.0903239190449623,3.02865220473487,3.78439507520019,0.0525371379194467,0.282724284416929,0.282724284416929,"plaq_d"
"5859","PLXNA4","Exc L6 CT",0.00189968460194696,6.92742652087506,0.0089389668894013,0.924729739295571,0.993407704701672,0.993407704701672,"plaq_d"
"5860","CHCHD3","Exc L6 CT",0.00946064652486251,7.48677706146464,0.794300713228355,0.407379792991475,0.739271334918098,0.739271334918098,"plaq_d"
"5861","EXOC4","Exc L6 CT",0.0160074467413273,8.52038179428731,2.63767604433161,0.10526095950772,0.39808433319174,0.39808433319174,"plaq_d"
"5862","LRGUK","Exc L6 CT",0.0706678004262736,4.61484806698972,5.67732024778206,0.0177215968749952,0.157190455090839,0.157190455090839,"plaq_d"
"5863","SLC35B4","Exc L6 CT",0.0355708524526463,5.11728809089817,2.66670304687687,0.103371988230312,0.394609637415312,0.394609637415312,"plaq_d"
"5864","AKR1B1","Exc L6 CT",0.0559683221057723,4.0952871091942,3.65718572854828,0.0566481236484379,0.293043240959059,0.293043240959059,"plaq_d"
"5865","BPGM","Exc L6 CT",0.02949727417406,2.88234321344965,0.349484191842335,0.554788823816092,0.8341242723401,0.8341242723401,"plaq_d"
"5866","CALD1","Exc L6 CT",0.0412407941044236,6.79834086955389,4.04700960570138,0.0450196453451275,0.258311205415885,0.258311205415885,"plaq_d"
"5867","AGBL3","Exc L6 CT",0.00436423075991881,5.43845522445747,0.0362580774141171,0.849094488547265,0.972362123707456,0.972362123707456,"plaq_d"
"5868","CYREN","Exc L6 CT",-0.075554042818297,4.48404391654601,5.8357074199388,0.0162182910006534,0.150520078614034,0.150520078614034,"plaq_d"
"5869","WDR91","Exc L6 CT",-0.00817320003010251,3.93274746966166,0.067696558929119,0.794874380443407,0.953000771778707,0.953000771778707,"plaq_d"
"5870","CNOT4","Exc L6 CT",0.0215668265942679,6.93502288160065,3.80822623097589,0.0518029363297082,0.280464487176562,0.280464487176562,"plaq_d"
"5871","NUP205","Exc L6 CT",-0.0059900271680298,5.14162716670117,0.0879107195264144,0.972281769378107,0.999088296211026,0.999088296211026,"plaq_d"
"5872","STMP1","Exc L6 CT",-0.0244115336334334,4.95420806281157,1.29039041575764,0.256757259435363,0.604139759941717,0.604139759941717,"plaq_d"
"5873","SLC13A4","Exc L6 CT",-0.144439786800678,2.06045661119119,3.54737798426072,0.0604728216204696,0.303122123972242,0.303122123972242,"plaq_d"
"5874","MTPN","Exc L6 CT",0.0623331181763919,6.09877387694661,14.6392912208584,0.000154266279178518,0.00828663192184309,0.00828663192184309,"plaq_d"
"5875","AC009264.1","Exc L6 CT",-0.202905030853465,2.44132824853778,10.2412606260218,0.00149961184096637,0.0364669122678241,0.0364669122678241,"plaq_d"
"5876","CHRM2","Exc L6 CT",0.0484534560558007,3.82399772465662,0.497347199677796,0.481139553318281,0.790875200910022,0.790875200910022,"plaq_d"
"5877","PTN","Exc L6 CT",-0.026406547372667,3.13172404853845,0.155128963560794,0.693922428313133,0.905767275183232,0.905767275183232,"plaq_d"
"5878","DGKI","Exc L6 CT",0.00233661511180765,9.87253277123415,0.0565813852429178,0.812123058500156,0.959327443190962,0.959327443190962,"plaq_d"
"5879","CREB3L2","Exc L6 CT",0.0132409152633862,3.28523330354814,0.0992681856998017,0.752898342428152,0.935017644720124,0.935017644720124,"plaq_d"
"5880","TRIM24","Exc L6 CT",0.00212763947073195,5.54079261111517,0.0158089595092645,0.900015301817035,0.987033623260444,0.987033623260444,"plaq_d"
"5881","ATP6V0A4","Exc L6 CT",0.0948193998986637,2.6700644505815,2.52481908210099,0.112975185726566,0.411848765186034,0.411848765186034,"plaq_d"
"5882","KIAA1549","Exc L6 CT",0.0189436244018049,6.47207333130535,1.42191966421765,0.233899683369653,0.578933347099549,0.578933347099549,"plaq_d"
"5883","ZC3HAV1L","Exc L6 CT",-0.139094848449364,2.08517843118103,3.85707379686168,0.0503318756530475,0.275190916027828,0.275190916027828,"plaq_d"
"5884","ZC3HAV1","Exc L6 CT",0.11041073728848,2.3513648070738,2.34584775702645,0.126525215721698,0.434300668938858,0.434300668938858,"plaq_d"
"5885","TTC26","Exc L6 CT",-0.012014411416656,5.61418503754415,0.441555915008889,0.506812249264163,0.806371142861434,0.806371142861434,"plaq_d"
"5886","UBN2","Exc L6 CT",-0.00363740310590089,6.99385374768429,0.0968688879196622,0.755806197604082,0.93701223051226,0.93701223051226,"plaq_d"
"5887","LUC7L2","Exc L6 CT",-0.0225942792353982,4.89374909571227,0.774086501745114,0.379562627633744,0.715581926062779,0.715581926062779,"plaq_d"
"5888","CLEC2L","Exc L6 CT",0.0218382672971053,6.62805756835305,1.11687869981215,0.291324206987728,0.638741977563024,0.638741977563024,"plaq_d"
"5889","HIPK2","Exc L6 CT",0.02241654027118,5.36845339500169,1.04106368748593,0.30828260090149,0.652689915835421,0.652689915835421,"plaq_d"
"5890","KDM7A","Exc L6 CT",-0.00300471738663777,4.55214778225117,0.0137164561164683,0.906834644057138,0.989420650042586,0.989420650042586,"plaq_d"
"5891","SLC37A3","Exc L6 CT",-0.0204785457321595,5.57109939074373,1.30595688652248,0.253913138643082,0.601700994881616,0.601700994881616,"plaq_d"
"5892","MKRN1","Exc L6 CT",0.0160100922586522,5.07129510427365,0.741907025583167,0.389643425121336,0.72368813676258,0.72368813676258,"plaq_d"
"5893","DENND2A","Exc L6 CT",-0.0491812243959725,4.16770112676193,1.43515546061334,0.231739711436446,0.575988412610338,0.575988412610338,"plaq_d"
"5894","ADCK2","Exc L6 CT",0.00302952746778376,2.69414257349394,0.00361176237047336,0.974000903078554,0.999093977007575,0.999093977007575,"plaq_d"
"5895","NDUFB2","Exc L6 CT",-0.0225871674487491,4.34532412841139,0.687120054555574,0.527608709224465,0.818249913461131,0.818249913461131,"plaq_d"
"5896","BRAF","Exc L6 CT",0.0108638785166221,8.14984340708483,1.5211373481487,0.218279395131899,0.557987306215601,0.557987306215601,"plaq_d"
"5897","MRPS33","Exc L6 CT",-0.0333330280341145,3.65615027618552,0.895767202757403,0.483262951812685,0.792077685049623,0.792077685049623,"plaq_d"
"5898","TMEM178B","Exc L6 CT",-0.0375836524610985,6.99869750625971,3.55993976521081,0.0600216394904519,0.302357774821936,0.302357774821936,"plaq_d"
"5899","AGK","Exc L6 CT",-0.0177361644140998,5.41913819705876,1.03564162477777,0.309543860926577,0.653844943435586,0.653844943435586,"plaq_d"
"5900","AC004918.1","Exc L6 CT",0.0594993594009836,4.6310105276588,4.94182472433546,0.0268558978035593,0.196565342763601,0.196565342763601,"plaq_d"
"5901","KIAA1147","Exc L6 CT",0.0146629109796077,6.29349343936639,0.862819959316025,0.353594221138506,0.696639168948944,0.696639168948944,"plaq_d"
"5902","WEE2-AS1","Exc L6 CT",0.0450492911871042,2.0928417632426,0.238564299839955,0.625552435985415,0.87453147225941,0.87453147225941,"plaq_d"
"5903","SSBP1","Exc L6 CT",0.0160297461462116,5.48852257023326,0.718997420899985,0.39705546224433,0.729734512251931,0.729734512251931,"plaq_d"
"5904","MGAM","Exc L6 CT",0.0817239404242417,2.64238805449804,1.31900976609873,0.251558210476928,0.598970319970029,0.598970319970029,"plaq_d"
"5905","EPHB6","Exc L6 CT",0.0151638659442075,6.59900126753818,1.03645801426671,0.309353525829573,0.653765906905832,0.653765906905832,"plaq_d"
"5906","KEL","Exc L6 CT",0.0156334261732423,2.29090853119818,0.0552352885460173,0.814329895017639,0.960184261035727,0.960184261035727,"plaq_d"
"5907","GSTK1","Exc L6 CT",0.0269741540084405,4.66790110968739,1.29502556813039,0.255906278946248,0.603267787920482,0.603267787920482,"plaq_d"
"5908","AC073342.1","Exc L6 CT",-0.156045886444432,2.1011334067538,5.53665470540369,0.019177851177174,0.163808619409456,0.163808619409456,"plaq_d"
"5909","CASP2","Exc L6 CT",0.0440418395051219,4.02188033235311,2.46890390494946,0.117027092895645,0.417759169590136,0.417759169590136,"plaq_d"
"5910","FAM131B","Exc L6 CT",0.074387649267017,5.00026824984011,11.3547849329605,0.0008368890503892,0.0251520976396721,0.0251520976396721,"plaq_d"
"5911","AC093673.2","Exc L6 CT",-0.0649826313397893,2.32872590319431,1.03140023199869,0.374249729354982,0.711074192208887,0.711074192208887,"plaq_d"
"5912","AC093673.1","Exc L6 CT",0.00838214335749813,2.6229024470428,0.0244363685479322,0.875870310630789,0.981094692798073,0.981094692798073,"plaq_d"
"5913","ZYX","Exc L6 CT",-0.0518076014716057,5.69429248091954,6.58229028786702,0.0107178728941339,0.120045932710598,0.120045932710598,"plaq_d"
"5914","EPHA1-AS1","Exc L6 CT",0.0232456774876456,2.29431764670287,0.102012865831284,0.749618892988023,0.933349594630062,0.933349594630062,"plaq_d"
"5915","TCAF2","Exc L6 CT",0.0640168417683546,4.88608951864114,3.71869133138041,0.0546192789861321,0.286967611230717,0.286967611230717,"plaq_d"
"5916","TCAF1","Exc L6 CT",0.0401777335975796,6.89393178752289,10.1948257391319,0.00153673139740371,0.0369946240752907,0.0369946240752907,"plaq_d"
"5917","TPK1","Exc L6 CT",0.0158073537668822,5.88296496520206,0.530498185263254,0.46688702860941,0.781274632553884,0.781274632553884,"plaq_d"
"5918","CNTNAP2","Exc L6 CT",0.0406009968822214,10.7204054891121,9.72734719890401,0.00196685084953278,0.0434275840948987,0.0434275840948987,"plaq_d"
"5919","CUL1","Exc L6 CT",0.00767335196489634,6.82478331017746,0.395406377182883,0.52988346571642,0.819154884634274,0.819154884634274,"plaq_d"
"5920","EZH2","Exc L6 CT",0.00893349017220579,3.35042982379137,0.038065875208854,0.845424714931162,0.971025351639221,0.971025351639221,"plaq_d"
"5921","PDIA4","Exc L6 CT",0.00725209108045636,2.9282992768243,0.0270167889189977,0.869536946648409,0.978798489635663,0.978798489635663,"plaq_d"
"5922","ZNF786","Exc L6 CT",-0.00418710608407884,4.84066634931425,0.024991827449952,0.874479067766437,0.980528129882828,0.980528129882828,"plaq_d"
"5923","ZNF425","Exc L6 CT",-0.0194313444421192,3.8328300602689,0.358038293630892,0.549986760339131,0.831593351697929,0.831593351697929,"plaq_d"
"5924","ZNF398","Exc L6 CT",-0.0510109488991221,5.53615349596222,7.92590485348089,0.00515051080757809,0.0787893942490851,0.0787893942490851,"plaq_d"
"5925","ZNF282","Exc L6 CT",0.0388028329313369,3.88203336812497,1.68240723356743,0.195463683682761,0.530123434494542,0.530123434494542,"plaq_d"
"5926","ZNF212","Exc L6 CT",-0.0671594247756041,3.46587868475761,3.74624910940136,0.060971298745531,0.304983605538799,0.304983605538799,"plaq_d"
"5927","ZNF783","Exc L6 CT",-0.0410312717804956,4.87633622901786,3.44112123190998,0.0644375829350427,0.311976951628018,0.311976951628018,"plaq_d"
"5928","ZNF777","Exc L6 CT",0.00183461657910976,3.85424924549228,0.00363574462570408,0.972593671474135,0.999088296211026,0.999088296211026,"plaq_d"
"5929","ZNF746","Exc L6 CT",0.00152712865929872,4.34623451532562,0.0035718263344839,0.9523772801136,0.998071449610185,0.998071449610185,"plaq_d"
"5930","KRBA1","Exc L6 CT",-0.0747286534287416,3.49239357316569,4.30498915390146,0.0387348016079595,0.238200001686538,0.238200001686538,"plaq_d"
"5931","ZNF862","Exc L6 CT",0.00510273130525287,5.41936521102423,0.0647300344148742,0.82132873204392,0.963631282552026,0.963631282552026,"plaq_d"
"5932","ATP6V0E2-AS1","Exc L6 CT",-0.0703387850721362,3.22475758946555,2.97831940372869,0.0852739983245184,0.358424665658326,0.358424665658326,"plaq_d"
"5933","ATP6V0E2","Exc L6 CT",-0.00368458839767456,5.775630812909,0.0405624023807976,0.840502558764276,0.969513185327633,0.969513185327633,"plaq_d"
"5934","ACTR3C","Exc L6 CT",-0.0264732437343672,4.79222601295892,1.07079611094504,0.301483827582467,0.647846439885273,0.647846439885273,"plaq_d"
"5935","LRRC61","Exc L6 CT",-0.0318730027774059,2.89255165565185,0.501118481775485,0.47948265336598,0.789438253489571,0.789438253489571,"plaq_d"
"5936","AC073111.5","Exc L6 CT",-0.0816913004582946,3.59450483911717,6.0246359821217,0.0145963211830067,0.1421610177928,0.1421610177928,"plaq_d"
"5937","KCNH2","Exc L6 CT",0.0289923753169872,3.70488134543025,0.697645839806607,0.404148595813665,0.736220147619231,0.736220147619231,"plaq_d"
"5938","ATG9B","Exc L6 CT",-0.0162369673316324,2.70803211235143,0.0956798518499844,0.757261915733614,0.937371276885589,0.937371276885589,"plaq_d"
"5939","ABCB8","Exc L6 CT",-0.0501077104440845,4.92209107219371,5.01979174491353,0.0345166604243949,0.224740770452098,0.224740770452098,"plaq_d"
"5940","ASIC3","Exc L6 CT",-0.0373657819753173,3.15314689893016,0.751560450346142,0.38657964308085,0.721254606245712,0.721254606245712,"plaq_d"
"5941","CDK5","Exc L6 CT",0.023860591289955,3.20195501591107,0.349848781879159,0.554582539080722,0.834108968827573,0.834108968827573,"plaq_d"
"5942","FASTK","Exc L6 CT",0.018140583419434,4.76724809780386,0.616507086027926,0.432882155999841,0.757683990067688,0.757683990067688,"plaq_d"
"5943","TMUB1","Exc L6 CT",0.0136642826624478,3.46584180006706,0.134060371612925,0.714481063309882,0.914525596817734,0.914525596817734,"plaq_d"
"5944","AGAP3","Exc L6 CT",0.0169317860500666,6.97395032391712,2.04077759233331,0.154027744955768,0.475001697369973,0.475001697369973,"plaq_d"
"5945","CHPF2","Exc L6 CT",0.0827695846228221,3.45499335917108,5.81848419695223,0.0163751530509488,0.151113271359909,0.151113271359909,"plaq_d"
"5946","SMARCD3","Exc L6 CT",0.0237371546018674,5.88894443206335,1.32506130500612,0.25047556178865,0.597416342797046,0.597416342797046,"plaq_d"
"5947","AC021097.1","Exc L6 CT",-0.0430558931458013,2.9208941982086,0.758480489347889,0.384404509667155,0.719102865569962,0.719102865569962,"plaq_d"
"5948","NUB1","Exc L6 CT",0.0111286528793632,4.91605767867055,0.26676305173473,0.605839317509491,0.863702001868354,0.863702001868354,"plaq_d"
"5949","RHEB","Exc L6 CT",0.0205834966259757,6.17331799290108,1.3367176192178,0.248406303939723,0.595138082244895,0.595138082244895,"plaq_d"
"5950","PRKAG2","Exc L6 CT",0.0186636881921729,9.08284678026564,2.18780356947646,0.140011652525893,0.455251508744656,0.455251508744656,"plaq_d"
"5951","PRKAG2-AS1","Exc L6 CT",0.0349273583854262,4.4379583400824,1.7094961064508,0.191913418482699,0.525544145420761,0.525544145420761,"plaq_d"
"5952","GALNT11","Exc L6 CT",0.00601910658578892,7.00324424822815,0.265165531445397,0.606920095240288,0.864044866601976,0.864044866601976,"plaq_d"
"5953","KMT2C","Exc L6 CT",0.0148455865221843,7.73158678897717,2.63676861923091,0.105320620357643,0.39808433319174,0.39808433319174,"plaq_d"
"5954","LINC01003","Exc L6 CT",-0.168103613140295,2.25202850057885,5.70476292048949,0.0174511327988675,0.156005098370756,0.156005098370756,"plaq_d"
"5955","XRCC2","Exc L6 CT",-0.00463445854051888,2.41906743170996,0.00759060785013697,0.982892408116931,0.999571689696322,0.999571689696322,"plaq_d"
"5956","ACTR3B","Exc L6 CT",0.00139467394608345,6.43687793726024,0.00942374348195239,0.92272191746913,0.992627684679289,0.992627684679289,"plaq_d"
"5957","DPP6","Exc L6 CT",0.025508446072474,8.08198232898597,2.67829704289585,0.102627936233978,0.393236330960402,0.393236330960402,"plaq_d"
"5958","PAXIP1","Exc L6 CT",0.000478233752549184,4.94963820820492,0.000502581647263774,0.992686473239693,0.999571689696322,0.999571689696322,"plaq_d"
"5959","PAXIP1-AS1","Exc L6 CT",-0.0898094410163667,3.7119433855595,6.74179511627449,0.00981707390658993,0.113973061257475,0.113973061257475,"plaq_d"
"5960","HTR5A-AS1","Exc L6 CT",0.0629297752601087,3.18395362677491,2.23307314354322,0.135990586908549,0.448606894852309,0.448606894852309,"plaq_d"
"5961","HTR5A","Exc L6 CT",0.00139799631897747,3.47413021741971,0.00143581721817572,0.969795363904084,0.998742420766286,0.998742420766286,"plaq_d"
"5962","INSIG1","Exc L6 CT",0.0184372024487244,3.21793127717939,0.194728401932585,0.659283891178038,0.889674812279624,0.889674812279624,"plaq_d"
"5963","BLACE","Exc L6 CT",-0.104566655539703,1.64470286300088,1.02372255326906,0.312340194260758,0.656703583551609,0.656703583551609,"plaq_d"
"5964","CNPY1","Exc L6 CT",0.0103734093651905,2.65918102972224,0.0305638594698152,0.861318576634247,0.976495686661412,0.976495686661412,"plaq_d"
"5965","AC009403.1","Exc L6 CT",0.00403710052844703,4.82241159178105,0.0272475030885245,0.904857602875997,0.988984878170002,0.988984878170002,"plaq_d"
"5966","RBM33","Exc L6 CT",-0.00168595261902936,6.82064848120837,0.0183061934599818,0.91626125146212,0.99087914169174,0.99087914169174,"plaq_d"
"5967","LINC01006","Exc L6 CT",-0.00776606591482108,4.20893070342394,0.0554489906052868,0.813977663474136,0.960100159227665,0.960100159227665,"plaq_d"
"5968","RNF32","Exc L6 CT",0.0162412071418946,2.09910553183861,0.0476014370829784,0.827418596673838,0.964685218129143,0.964685218129143,"plaq_d"
"5969","LMBR1","Exc L6 CT",0.0163253267305709,6.81203043708293,1.63865140161229,0.201362760386307,0.537017098651589,0.537017098651589,"plaq_d"
"5970","NOM1","Exc L6 CT",-0.00989470013891787,4.53743362487719,0.148682292029567,0.700033263520316,0.909209568895568,0.909209568895568,"plaq_d"
"5971","UBE3C","Exc L6 CT",-0.00149579603260656,7.11282645369312,0.0212582806454587,0.884161909823897,0.984103514289843,0.984103514289843,"plaq_d"
"5972","DNAJB6","Exc L6 CT",0.045975458808943,6.22037144612151,9.11278702821391,0.00272547565321607,0.054044004826031,0.054044004826031,"plaq_d"
"5973","PTPRN2","Exc L6 CT",0.0196380002658337,10.1067552926085,3.46457352192126,0.0635391751950589,0.309761335345458,0.309761335345458,"plaq_d"
"5974","NCAPG2","Exc L6 CT",0.0312774400914958,5.3153330809579,2.38957058837721,0.12305553143217,0.428146082037851,0.428146082037851,"plaq_d"
"5975","ESYT2","Exc L6 CT",0.0175406613651537,7.59657106607226,1.60084536596321,0.206629493672863,0.542281438815852,0.542281438815852,"plaq_d"
"5976","WDR60","Exc L6 CT",0.0184280087880011,7.49505688862696,1.94404118336563,0.164119427019048,0.489569679106136,0.489569679106136,"plaq_d"
"5977","PLCXD1","Exc L6 CT",-0.0158155984887587,4.10893274855049,0.239698855379955,0.624731993979835,0.873847822127254,0.873847822127254,"plaq_d"
"5978","GTPBP6","Exc L6 CT",-0.0145752865186355,4.49627543032746,0.352288919170332,0.553205636718227,0.833223304686712,0.833223304686712,"plaq_d"
"5979","LINC00685","Exc L6 CT",-0.103290634170056,4.08814137067277,6.77764915275797,0.00962555319243646,0.112948530291664,0.112948530291664,"plaq_d"
"5980","PPP2R3B","Exc L6 CT",0.0363116876368936,2.9894266760664,0.540194354489104,0.462846908995671,0.777832878485497,0.777832878485497,"plaq_d"
"5981","AL732314.6","Exc L6 CT",-0.00707692894977727,2.03480494736409,0.0107831971276612,0.970926419785808,0.998742420766286,0.998742420766286,"plaq_d"
"5982","IL3RA","Exc L6 CT",-0.0551218434035764,3.39879297555287,1.61095005075668,0.205206018513755,0.540656266933384,0.540656266933384,"plaq_d"
"5983","SLC25A6","Exc L6 CT",0.0154129771028443,5.03604404040613,0.411066663085881,0.521850373535203,0.815425881984022,0.815425881984022,"plaq_d"
"5984","LINC00106","Exc L6 CT",0.0170646332143035,3.66581659112951,0.193393755164357,0.660379730861796,0.890240067542601,0.890240067542601,"plaq_d"
"5985","ASMTL-AS1","Exc L6 CT",-0.0460561272668547,2.79876410824966,0.689147029037533,0.40702346126285,0.739183770447835,0.739183770447835,"plaq_d"
"5986","ASMTL","Exc L6 CT",-0.0578920855493119,4.0616344601472,4.02048741467312,0.0457242975512329,0.261416595531195,0.261416595531195,"plaq_d"
"5987","AKAP17A","Exc L6 CT",-0.0643151314202606,3.95169600312224,3.68285080340424,0.0557919312288786,0.290540884959222,0.290540884959222,"plaq_d"
"5988","DHRSX","Exc L6 CT",-0.0169554296660314,6.36509362694921,0.979291951086415,0.323060838380025,0.667597774185101,0.667597774185101,"plaq_d"
"5989","PRKX","Exc L6 CT",0.098704440369274,2.25889954929908,1.82348595537094,0.177775914004705,0.507588666801216,0.507588666801216,"plaq_d"
"5990","BX890604.1","Exc L6 CT",-0.025836996056405,3.11520682702431,0.331953160639002,0.564883466205732,0.840497220640369,0.840497220640369,"plaq_d"
"5991","NLGN4X","Exc L6 CT",0.0400241325857003,7.14340453166882,8.31176669799284,0.00418361753972677,0.0698287835152043,0.0698287835152043,"plaq_d"
"5992","AC097347.1","Exc L6 CT",-0.0495767876843751,2.95520716610028,0.999140281477153,0.318212750693859,0.662854978872637,0.662854978872637,"plaq_d"
"5993","PUDP","Exc L6 CT",-0.0745887600154508,4.09394078787109,4.93311983068826,0.0269895340990798,0.196929210790853,0.196929210790853,"plaq_d"
"5994","STS","Exc L6 CT",-0.00331991483550468,4.18411042548477,0.0130439230652453,0.909137154419989,0.989478998057174,0.989478998057174,"plaq_d"
"5995","PNPLA4","Exc L6 CT",0.01059986230157,2.62800331393921,0.0373939066067976,0.846778011078756,0.971364821464102,0.971364821464102,"plaq_d"
"5996","ANOS1","Exc L6 CT",0.0387922983198503,3.53646290069418,0.673034401641968,0.41255693073684,0.743077608813294,0.743077608813294,"plaq_d"
"5997","TBL1X","Exc L6 CT",0.0740657233579039,3.356314724693,1.92656365841932,0.166022353820359,0.491781441481047,0.491781441481047,"plaq_d"
"5998","SHROOM2","Exc L6 CT",0.0486575196511156,3.86362684629372,2.55122720322344,0.111115702974396,0.409110398981944,0.409110398981944,"plaq_d"
"5999","WWC3","Exc L6 CT",-0.0334785479936863,5.09518498334647,2.39423098731009,0.122691997794038,0.427772826409049,0.427772826409049,"plaq_d"
"6000","CLCN4","Exc L6 CT",0.0253042015090319,6.22975407216691,3.51733271739727,0.0615667301811785,0.305688886227715,0.305688886227715,"plaq_d"
"6001","MID1","Exc L6 CT",0.0819631706361388,3.86252650679811,3.92638207079704,0.0483202591984324,0.268682291008356,0.268682291008356,"plaq_d"
"6002","AC073529.1","Exc L6 CT",0.0973495556138111,3.33637807223609,3.22240365248526,0.073504001143044,0.3319208282482,0.3319208282482,"plaq_d"
"6003","HCCS","Exc L6 CT",-0.0468196112478496,2.55521877550405,0.87907890196639,0.349103954248134,0.692771490312597,0.692771490312597,"plaq_d"
"6004","ARHGAP6","Exc L6 CT",-0.0354945617305527,7.03295471253287,0.897765142790397,0.344038765337968,0.687958895922466,0.687958895922466,"plaq_d"
"6005","MSL3","Exc L6 CT",0.0343662071325052,4.08345414131169,1.38896751846133,0.239384296099143,0.584295748837447,0.584295748837447,"plaq_d"
"6006","FRMPD4","Exc L6 CT",0.0359429538234211,10.8279156078165,16.2817698527095,6.71388895308693e-05,0.00485694197832359,0.00485694197832359,"plaq_d"
"6007","PRPS2","Exc L6 CT",0.0134070494401406,4.65802894623127,0.279768678106909,0.597189878163221,0.858855692910863,0.858855692910863,"plaq_d"
"6008","TMSB4X","Exc L6 CT",0.0560680472641927,7.66230027867219,7.51590976540519,0.00643134189523195,0.0898889300230671,0.0898889300230671,"plaq_d"
"6009","LINC01203","Exc L6 CT",0.111085966449243,2.97044395532745,4.67047267687283,0.0313667570856711,0.213804846119944,0.213804846119944,"plaq_d"
"6010","AC135371.1","Exc L6 CT",0.0258455932168487,2.04640262528507,0.120199593346831,0.729027540272108,0.922725555631903,0.922725555631903,"plaq_d"
"6011","TCEANC","Exc L6 CT",-0.053263758663107,2.64824671345734,1.04735572417034,0.306827347974225,0.652689915835421,0.652689915835421,"plaq_d"
"6012","RAB9A","Exc L6 CT",-0.0371703189383658,3.9672894268407,1.30496661628294,0.254092905646392,0.601928825026405,0.601928825026405,"plaq_d"
"6013","TRAPPC2","Exc L6 CT",0.0365521690367994,4.6637365867463,2.80779556897564,0.101993956520543,0.39210457940794,0.39210457940794,"plaq_d"
"6014","OFD1","Exc L6 CT",-0.0106770969141913,5.55233654730922,0.40465996243042,0.525110324287698,0.817207495258297,0.817207495258297,"plaq_d"
"6015","GPM6B","Exc L6 CT",0.0111505625829644,8.24593528559846,0.659352474871496,0.417343402935598,0.746439431003449,0.746439431003449,"plaq_d"
"6016","GEMIN8","Exc L6 CT",-0.0256646583781288,4.13681306347714,0.679722615945016,0.410246659356929,0.741762234124886,0.741762234124886,"plaq_d"
"6017","GLRA2","Exc L6 CT",-0.00577776704055439,5.00188055967503,0.0325071347105806,0.857024021503094,0.975107136969453,0.975107136969453,"plaq_d"
"6018","FANCB","Exc L6 CT",-0.055576760640946,3.03885419726557,1.74862520616977,0.186917588610706,0.520074527568559,0.520074527568559,"plaq_d"
"6019","MOSPD2","Exc L6 CT",-0.0099221698674459,4.25095011569037,0.151820200945874,0.697040152591892,0.907657268301075,0.907657268301075,"plaq_d"
"6020","PIGA","Exc L6 CT",-0.100609333243178,2.03987140012582,1.81516983990978,0.178765375857637,0.508899812308987,0.508899812308987,"plaq_d"
"6021","VEGFD","Exc L6 CT",0.0140812309098495,4.83211487093851,0.360556498013745,0.548587949850873,0.831225357967915,0.831225357967915,"plaq_d"
"6022","PIR","Exc L6 CT",-0.0338071523135722,6.20692298385631,3.79503777200383,0.0522078950043692,0.281809095044207,0.281809095044207,"plaq_d"
"6023","BMX","Exc L6 CT",-0.00820323336848492,2.49293625043622,0.0208489022362805,0.885274872428916,0.984464416586969,0.984464416586969,"plaq_d"
"6024","CA5B","Exc L6 CT",-0.0181774582883264,5.48667458387745,1.14836276031235,0.284634330074251,0.631273427168219,0.631273427168219,"plaq_d"
"6025","ZRSR2","Exc L6 CT",-0.0183536550688789,4.75461097949127,0.557981207166149,0.455578887029409,0.775175490089533,0.775175490089533,"plaq_d"
"6026","CTPS2","Exc L6 CT",0.04247860569004,4.82294524046177,2.91291905152469,0.0887642524998053,0.364995766634446,0.364995766634446,"plaq_d"
"6027","SYAP1","Exc L6 CT",-0.0119129680587495,4.46886414623207,0.207534933378064,0.648990351131753,0.88448566348415,0.88448566348415,"plaq_d"
"6028","TXLNG","Exc L6 CT",-0.0137272756050367,5.61502014929002,0.604817598061015,0.437273857326174,0.759897929752245,0.759897929752245,"plaq_d"
"6029","RBBP7","Exc L6 CT",0.0285715419986233,4.93176747917781,1.62279276538207,0.213579320541402,0.550945356112037,0.550945356112037,"plaq_d"
"6030","REPS2","Exc L6 CT",0.0523147301730492,7.28213115494287,17.8014945621839,3.13102213261357e-05,0.00287096781026146,0.00287096781026146,"plaq_d"
"6031","NHS","Exc L6 CT",0.0110002973573775,5.76335948676763,0.17701320239498,0.674212261784915,0.895548968504857,0.895548968504857,"plaq_d"
"6032","SCML1","Exc L6 CT",-0.0445905245023698,3.72105862345481,1.54978959584013,0.214003703613101,0.551475134125093,0.551475134125093,"plaq_d"
"6033","RAI2","Exc L6 CT",-0.00712823909752768,4.03457997405448,0.0576200503331201,0.810439129352051,0.959172290506699,0.959172290506699,"plaq_d"
"6034","SCML2","Exc L6 CT",-0.0455391773630374,3.6832063593834,1.57883776956497,0.209770496386857,0.546538857729927,0.546538857729927,"plaq_d"
"6035","CDKL5","Exc L6 CT",0.0229298529836134,7.83607408854298,4.07166116359212,0.0443749894943772,0.256674207054444,0.256674207054444,"plaq_d"
"6036","PPEF1","Exc L6 CT",-0.0374880701416408,2.66238524823889,0.384447056426044,0.535638359094307,0.823332214029863,0.823332214029863,"plaq_d"
"6037","PHKA2","Exc L6 CT",-0.0318238273863314,5.13497992953289,2.31377076993877,0.129140194120432,0.438140917566469,0.438140917566469,"plaq_d"
"6038","ADGRG2","Exc L6 CT",-0.0707947010108795,2.20615960108911,1.06846202474898,0.302010477068967,0.648317321825562,0.648317321825562,"plaq_d"
"6039","PDHA1","Exc L6 CT",0.0663283187715687,4.96050494039411,8.52707116225329,0.0037269690980763,0.0657517734508658,0.0657517734508658,"plaq_d"
"6040","MAP3K15","Exc L6 CT",0.00761709908893868,2.09184754992794,0.0145996598050413,0.903896132062011,0.988866077753987,0.988866077753987,"plaq_d"
"6041","SH3KBP1","Exc L6 CT",0.00235673152238852,5.82571572218233,0.0129763613937235,0.909371752690153,0.989478998057174,0.989478998057174,"plaq_d"
"6042","BCLAF3","Exc L6 CT",-0.0294198782394764,5.6946575319443,3.01029831143029,0.0836218945974403,0.354690864650781,0.354690864650781,"plaq_d"
"6043","MAP7D2","Exc L6 CT",-0.00508815111430267,6.38130972454293,0.153841655938236,0.863245761091788,0.977089417610673,0.977089417610673,"plaq_d"
"6044","EIF1AX","Exc L6 CT",0.0470732315436116,6.14587285244943,8.40802768295549,0.0039727696925797,0.0681668563699373,0.0681668563699373,"plaq_d"
"6045","RPS6KA3","Exc L6 CT",0.00891815920979323,6.67267048941961,0.404441608018354,0.525222068609425,0.817207495258297,0.817207495258297,"plaq_d"
"6046","CNKSR2","Exc L6 CT",0.0539197218329363,9.01013686381567,20.6623671124447,7.56860392451952e-06,0.00108957622097383,0.00108957622097383,"plaq_d"
"6047","KLHL34","Exc L6 CT",-0.144293033468507,1.93498580472193,3.0884653711041,0.0797279035539592,0.347280756297366,0.347280756297366,"plaq_d"
"6048","MBTPS2","Exc L6 CT",-0.0172283859523976,4.66788431833208,0.491424758094927,0.483760644967067,0.792392705956979,0.792392705956979,"plaq_d"
"6049","SMS","Exc L6 CT",0.0123604229347416,6.14271486932997,0.587364732558236,0.443959235762144,0.765601001201704,0.765601001201704,"plaq_d"
"6050","PHEX","Exc L6 CT",-0.0587549199668758,2.28420396954918,0.72042135744313,0.396588866898257,0.729269612856923,0.729269612856923,"plaq_d"
"6051","PHEX-AS1","Exc L6 CT",-0.0638723186041607,2.93709097242597,1.73363560326386,0.18881321731424,0.522219995476619,0.522219995476619,"plaq_d"
"6052","PTCHD1-AS","Exc L6 CT",-0.0306767743155676,8.1783089462752,1.45132852843107,0.22913308313725,0.571978474916569,0.571978474916569,"plaq_d"
"6053","AC092832.2","Exc L6 CT",-0.220380965889481,1.86660380809476,6.3848551927162,0.0119521270358754,0.127453941339601,0.127453941339601,"plaq_d"
"6054","AC004470.1","Exc L6 CT",-0.125532796672081,2.33320239552414,2.96231199385167,0.0861142617965825,0.359646333862374,0.359646333862374,"plaq_d"
"6055","PTCHD1","Exc L6 CT",-0.00880202309058331,6.24323840668005,0.238936792862149,0.625282805405832,0.874363406179928,0.874363406179928,"plaq_d"
"6056","PRDX4","Exc L6 CT",-0.0958363054449849,2.40728457339346,2.19504055151702,0.139359932737177,0.454402570100673,0.454402570100673,"plaq_d"
"6057","ACOT9","Exc L6 CT",-0.0114139740686931,3.95674663971735,0.133369516881542,0.715185402378322,0.915020356615564,0.915020356615564,"plaq_d"
"6058","SAT1","Exc L6 CT",0.0728945789060354,5.95420866409625,6.23917953288475,0.0129562083077364,0.13275272227628,0.13275272227628,"plaq_d"
"6059","APOO","Exc L6 CT",-0.0363276842525595,6.43300051767159,3.29011913574858,0.0705586161627164,0.32546037753235,0.32546037753235,"plaq_d"
"6060","KLHL15","Exc L6 CT",0.128755769795573,3.64206780592549,12.53878361885,0.000452794987685144,0.0165023712473806,0.0165023712473806,"plaq_d"
"6061","EIF2S3","Exc L6 CT",0.0289652461419428,4.65505125255651,2.04582810159385,0.153520642130637,0.474969345342743,0.474969345342743,"plaq_d"
"6062","ZFX","Exc L6 CT",0.00476807269790358,5.41720321015045,0.0538687255451261,0.997702103877164,0.999906738276838,0.999906738276838,"plaq_d"
"6063","PDK3","Exc L6 CT",0.0435584462865622,6.70372662892373,7.73345368177761,0.00571553993290072,0.0840458762758312,0.0840458762758312,"plaq_d"
"6064","PCYT1B","Exc L6 CT",-0.00934074627905324,4.51575634945228,0.105893302803012,0.745064338363786,0.9313232179284,0.9313232179284,"plaq_d"
"6065","POLA1","Exc L6 CT",0.0284419825038716,6.31242510915081,2.46915842491151,0.117008287992364,0.417759169590136,0.417759169590136,"plaq_d"
"6066","AC112493.1","Exc L6 CT",0.201705363982238,1.8357211253639,3.68871593635133,0.0555982115844122,0.290281306757218,0.290281306757218,"plaq_d"
"6067","IL1RAPL1","Exc L6 CT",0.048805555575661,9.67804753417717,16.41552647197,6.27631446359366e-05,0.00468154523408779,0.00468154523408779,"plaq_d"
"6068","GK","Exc L6 CT",0.0290723604130057,5.31748575105611,2.32550757456126,0.128176443335712,0.436566261469828,0.436566261469828,"plaq_d"
"6069","GK-AS1","Exc L6 CT",-0.0634977668438482,2.06477683086586,0.718867615338862,0.476098261375246,0.788349502042563,0.788349502042563,"plaq_d"
"6070","TAB3","Exc L6 CT",0.00210330571458463,4.69140897602242,0.00858171820303358,0.952214702261676,0.998071449610185,0.998071449610185,"plaq_d"
"6071","DMD","Exc L6 CT",0.0412161105135303,10.7585956432303,17.5131956737548,3.61679585407853e-05,0.00321403661205645,0.00321403661205645,"plaq_d"
"6072","AL591501.1","Exc L6 CT",0.0435456774233732,6.35720484665942,3.78829418012194,0.0524162595565027,0.282404368478822,0.282404368478822,"plaq_d"
"6073","AL592043.1","Exc L6 CT",-0.0771024814396245,3.01581164632922,2.5256345939219,0.112917250599045,0.411772573598059,0.411772573598059,"plaq_d"
"6074","TMEM47","Exc L6 CT",0.103848305274096,2.1030355751635,1.46399432951278,0.227116427613055,0.568917364175665,0.568917364175665,"plaq_d"
"6075","CFAP47","Exc L6 CT",0.0383835410998521,2.20758118627626,0.284981411022074,0.593795282519887,0.85753800488288,0.85753800488288,"plaq_d"
"6076","AF241726.2","Exc L6 CT",0.0282997065251846,5.17205385795608,1.38364568209761,0.240284690588433,0.585302606719302,0.585302606719302,"plaq_d"
"6077","DYNLT3","Exc L6 CT",0.0597745797450451,4.54040615914383,6.10875092594819,0.0139291030130712,0.138058846754104,0.138058846754104,"plaq_d"
"6078","RPGR","Exc L6 CT",0.0202447242191743,4.79101344009138,0.700878217811337,0.403062983673891,0.735610384504226,0.735610384504226,"plaq_d"
"6079","TSPAN7","Exc L6 CT",0.0908173928058911,7.78039159153486,32.5629091309553,2.47012244684838e-08,1.69332774975377e-05,1.69332774975377e-05,"plaq_d"
"6080","MID1IP1","Exc L6 CT",0.081669308434555,2.62339684002891,2.48125565487857,0.116118351976576,0.416649690973613,0.416649690973613,"plaq_d"
"6081","BCOR","Exc L6 CT",0.0192403737408745,4.84575890331677,0.270969658094529,0.603012894063407,0.862031791029611,0.862031791029611,"plaq_d"
"6082","ATP6AP2","Exc L6 CT",0.0282992971296015,5.70682465117348,2.62608276480191,0.106025994767805,0.399568120596158,0.399568120596158,"plaq_d"
"6083","CXorf38","Exc L6 CT",-0.0774049470322581,4.20224148380164,5.9726277782393,0.015025322480132,0.144311434647081,0.144311434647081,"plaq_d"
"6084","MED14","Exc L6 CT",0.0432977002758746,5.01121235639111,4.09479242621858,0.0437789633176794,0.255055425302029,0.255055425302029,"plaq_d"
"6085","USP9X","Exc L6 CT",0.0243500680110664,6.60640852797219,3.72514443737953,0.0544109450854652,0.286967611230717,0.286967611230717,"plaq_d"
"6086","DDX3X","Exc L6 CT",0.00340761996710339,5.63500543256141,0.04102352486158,0.839610813729592,0.968978457146962,0.968978457146962,"plaq_d"
"6087","CASK","Exc L6 CT",0.00817291969219974,6.91686053838022,0.450426970891802,0.50257722569703,0.804883940497768,0.804883940497768,"plaq_d"
"6088","Z93403.1","Exc L6 CT",-0.0285951098713991,1.76102153970626,0.102475414635086,0.749071026963703,0.933243314943268,0.933243314943268,"plaq_d"
"6089","MAOA","Exc L6 CT",-0.0720450000938036,2.64745310184188,1.53949076796167,0.215528951221139,0.5540633538892,0.5540633538892,"plaq_d"
"6090","MAOB","Exc L6 CT",0.0350375583537743,6.70082208558578,4.70764029969127,0.0307046860581013,0.211333665451515,0.211333665451515,"plaq_d"
"6091","NDP","Exc L6 CT",0.0818125544298553,2.40333775738717,1.52267096603821,0.218047966226274,0.557750270396844,0.557750270396844,"plaq_d"
"6092","EFHC2","Exc L6 CT",-0.0255342027325166,3.24549237464766,0.257581245701117,0.612108069115834,0.868168252511482,0.868168252511482,"plaq_d"
"6093","FUNDC1","Exc L6 CT",0.0702106061132681,3.24811778352648,3.44310541644128,0.0643610485580144,0.311861883218167,0.311861883218167,"plaq_d"
"6094","KDM6A","Exc L6 CT",0.00341533098496867,6.84492976189637,0.0577355755509728,0.813081464887304,0.959829501313459,0.959829501313459,"plaq_d"
"6095","MIR222HG","Exc L6 CT",0.0397001810922848,5.78623889864905,3.70289194561403,0.0551329445879154,0.288720942265417,0.288720942265417,"plaq_d"
"6096","AC234772.2","Exc L6 CT",0.00766095119187176,2.43317493899232,0.0199534860466379,0.887748755970053,0.984669935352869,0.984669935352869,"plaq_d"
"6097","KRBOX4","Exc L6 CT",-0.0174519644542075,5.0722535638611,0.669143179142683,0.427089482545088,0.753312163251144,0.753312163251144,"plaq_d"
"6098","ZNF674","Exc L6 CT",-0.0570128157491732,3.80282455426225,3.01041506474863,0.0836159268815038,0.354690864650781,0.354690864650781,"plaq_d"
"6099","ZNF674-AS1","Exc L6 CT",-0.0487251440158334,1.87576479827238,0.418036972591566,0.518344127335649,0.813237397530551,0.813237397530551,"plaq_d"
"6100","SLC9A7","Exc L6 CT",0.0325997097957262,5.36364046896988,3.39339905974128,0.0663080350189497,0.315583550467567,0.315583550467567,"plaq_d"
"6101","RP2","Exc L6 CT",0.00389147951916061,2.65425213997564,0.00472161937653093,0.945256684268252,0.997609533382524,0.997609533382524,"plaq_d"
"6102","JADE3","Exc L6 CT",0.026449348490903,3.25650027608758,0.305182180392001,0.581006182559371,0.851041833586362,0.851041833586362,"plaq_d"
"6103","RGN","Exc L6 CT",0.0424172965632493,3.99556660107699,0.745643366435653,0.388453486278906,0.722810338091512,0.722810338091512,"plaq_d"
"6104","NDUFB11","Exc L6 CT",-0.0652945961851305,3.50882402620478,2.8931165832457,0.0898514900352659,0.367746359881682,0.367746359881682,"plaq_d"
"6105","RBM10","Exc L6 CT",0.00121782970583085,5.08326716780003,0.00363061226484326,0.951987458199338,0.998071449610185,0.998071449610185,"plaq_d"
"6106","UBA1","Exc L6 CT",0.00758215400830765,5.17647052545279,0.157788538082415,0.691444148483537,0.904418495508723,0.904418495508723,"plaq_d"
"6107","CDK16","Exc L6 CT",0.0338615429358674,4.2505796823688,1.5796017636064,0.20966051063969,0.546392597966868,0.546392597966868,"plaq_d"
"6108","USP11","Exc L6 CT",0.0268752631504538,6.63525965004631,3.36671637754975,0.0673791675299962,0.318146424352155,0.318146424352155,"plaq_d"
"6109","ZNF157","Exc L6 CT",-0.0147532509161621,2.48230218314819,0.0755357773442348,0.796820417509665,0.953693327389852,0.953693327389852,"plaq_d"
"6110","ZNF41","Exc L6 CT",0.0180527230341624,4.08168023723709,0.399529638951071,0.527747066533727,0.818249913461131,0.818249913461131,"plaq_d"
"6111","LINC01560","Exc L6 CT",-0.13718999547374,1.97182755363659,2.97982656182491,0.0851953443389575,0.358209859540451,0.358209859540451,"plaq_d"
"6112","ARAF","Exc L6 CT",0.0355989165415082,2.86082220839466,0.615021503407159,0.433436540183636,0.757698516826922,0.757698516826922,"plaq_d"
"6113","SYN1","Exc L6 CT",0.0655560182285399,6.77469503666831,18.5108241944649,2.19771567092919e-05,0.00225469368975074,0.00225469368975074,"plaq_d"
"6114","TIMP1","Exc L6 CT",-0.0311735509071685,1.61265740294484,0.0528752092177532,0.997792380112924,0.999906738276838,0.999906738276838,"plaq_d"
"6115","ELK1","Exc L6 CT",0.0697613111484466,5.14755517975531,6.96105905139375,0.00870428918687072,0.10576327498658,0.10576327498658,"plaq_d"
"6116","UXT","Exc L6 CT",-0.118543045194154,2.64914640727259,4.88279293295041,0.0277758879196279,0.200380659947392,0.200380659947392,"plaq_d"
"6117","ZNF81","Exc L6 CT",-0.00350655155984305,4.79985023762957,0.0219266698065682,0.882368053887047,0.983480769739443,0.983480769739443,"plaq_d"
"6118","ZNF182","Exc L6 CT",0.0211395871156674,2.93029129721285,0.229840955275928,0.631942749337211,0.876915028128379,0.876915028128379,"plaq_d"
"6119","ZNF630","Exc L6 CT",-0.0113706427901559,4.24342504990229,0.118513442493809,0.730860220205115,0.924232583456855,0.924232583456855,"plaq_d"
"6120","FTSJ1","Exc L6 CT",0.0322324864439075,2.79077231615338,0.536260508619622,0.464479261573701,0.779056675942561,0.779056675942561,"plaq_d"
"6121","PORCN","Exc L6 CT",-0.0421829480488497,3.64373792488444,1.63269893105501,0.202181374316144,0.537940263871511,0.537940263871511,"plaq_d"
"6122","EBP","Exc L6 CT",0.0328508390920599,3.65218512578694,0.793444864947322,0.373675566478255,0.711074192208887,0.711074192208887,"plaq_d"
"6123","TBC1D25","Exc L6 CT",0.00884025744447282,4.19594196032573,0.111459726571408,0.773959569386508,0.944791143974236,0.944791143974236,"plaq_d"
"6124","RBM3","Exc L6 CT",-0.0942605581350636,3.77111260900071,6.04154598782181,0.014459581451934,0.141413134906278,0.141413134906278,"plaq_d"
"6125","WDR13","Exc L6 CT",-0.00955451744282096,4.61388360233444,0.169647835502482,0.709303613169212,0.912501817143814,0.912501817143814,"plaq_d"
"6126","AC231533.1","Exc L6 CT",0.00794539928646466,4.01125996431228,0.0732194085381678,0.787380907443247,0.950535475350355,0.950535475350355,"plaq_d"
"6127","HDAC6","Exc L6 CT",-0.023946499357618,4.51763903247292,0.956017275919968,0.335166027925719,0.680063444400091,0.680063444400091,"plaq_d"
"6128","PCSK1N","Exc L6 CT",0.0305783381553936,6.56463528598858,1.65817064927414,0.198705675531385,0.533887066993247,0.533887066993247,"plaq_d"
"6129","TIMM17B","Exc L6 CT",0.0020426717984621,2.8571094109511,0.0020121823951895,0.964246721408344,0.998742420766286,0.998742420766286,"plaq_d"
"6130","PQBP1","Exc L6 CT",-0.0132851246105975,2.84437314167083,0.0813296709082159,0.824149301943328,0.963985585882276,0.963985585882276,"plaq_d"
"6131","SLC35A2","Exc L6 CT",0.0224774141756492,2.56063898249947,0.181411124770018,0.675285858552269,0.895575586043388,0.895575586043388,"plaq_d"
"6132","PIM2","Exc L6 CT",-0.0481172636960839,2.28159670476637,0.649880947473135,0.420705471767153,0.748387279801809,0.748387279801809,"plaq_d"
"6133","OTUD5","Exc L6 CT",0.015995280378489,5.09096224219447,0.798153930837098,0.510651125364675,0.80846075010996,0.80846075010996,"plaq_d"
"6134","GRIPAP1","Exc L6 CT",0.00474367115653656,5.95076368656233,0.108017226614083,0.915177125351665,0.99070421132938,0.99070421132938,"plaq_d"
"6135","TFE3","Exc L6 CT",0.0390756971114699,3.75550326362672,1.44573723639967,0.230030207905516,0.573484536799947,0.573484536799947,"plaq_d"
"6136","CCDC120","Exc L6 CT",0.0155367065634026,3.45373642414515,0.186340094730221,0.752763057793362,0.934948988104575,0.934948988104575,"plaq_d"
"6137","PRAF2","Exc L6 CT",-0.0541472713027921,3.2257160665976,1.64120559997927,0.201012694156637,0.536412557743281,0.536412557743281,"plaq_d"
"6138","WDR45","Exc L6 CT",0.00263272851985353,3.83738795183677,0.0065473712684701,0.9580954715687,0.998742420766286,0.998742420766286,"plaq_d"
"6139","GPKOW","Exc L6 CT",0.00145142506706211,2.71479183233459,0.0011941006248326,0.972453778511019,0.999088296211026,0.999088296211026,"plaq_d"
"6140","PLP2","Exc L6 CT",0.021597653838153,1.5675663437782,0.0512032607049051,0.821115356101987,0.963631282552026,0.963631282552026,"plaq_d"
"6141","SYP","Exc L6 CT",-0.00932860354980675,7.59689756668255,0.490879058538411,0.484003339917727,0.792579615066235,0.792579615066235,"plaq_d"
"6142","CCDC22","Exc L6 CT",-0.00382908058612441,2.93614173321172,0.00715957887988666,0.932616662067,0.994883250619973,0.994883250619973,"plaq_d"
"6143","PPP1R3F","Exc L6 CT",-0.0175087911370711,4.20486781473281,0.457118218220838,0.499422685027802,0.80301162990137,0.80301162990137,"plaq_d"
"6144","USP27X","Exc L6 CT",0.0184650535163005,3.25789241055969,0.202878784966118,0.671387335928141,0.895175682457819,0.895175682457819,"plaq_d"
"6145","CLCN5","Exc L6 CT",-0.0184555002790714,3.61634518368766,0.224165047541448,0.636181219808629,0.878269581788608,0.878269581788608,"plaq_d"
"6146","DGKK","Exc L6 CT",-0.0885518690604854,1.76762476140897,1.04205390389509,0.308052983975573,0.652689915835421,0.652689915835421,"plaq_d"
"6147","LINC01284","Exc L6 CT",0.0328643667814403,6.00382684116871,2.03525500920447,0.15458443092215,0.475723546042968,0.475723546042968,"plaq_d"
"6148","NUDT10","Exc L6 CT",0.0613718544264257,3.364462841665,2.10326914266847,0.147884750134649,0.466670070788777,0.466670070788777,"plaq_d"
"6149","AC233976.1","Exc L6 CT",0.0866551054949118,2.72218713918325,3.04954211288975,0.081641765951797,0.350421843363765,0.350421843363765,"plaq_d"
"6150","AL158055.1","Exc L6 CT",0.0179316356648117,4.65480332318635,0.424730925104518,0.515015717422238,0.811462970263719,0.811462970263719,"plaq_d"
"6151","NUDT11","Exc L6 CT",0.118132736308962,3.51117889111963,11.8011340910203,0.000663448156333101,0.0218059352935418,0.0218059352935418,"plaq_d"
"6152","GSPT2","Exc L6 CT",0.0348016920918429,3.18142706152067,0.703092550713658,0.402321742951586,0.734857483747899,0.734857483747899,"plaq_d"
"6153","MAGED1","Exc L6 CT",0.00684877007350726,6.73260497892379,0.292207459224145,0.589155003622478,0.854987442756975,0.854987442756975,"plaq_d"
"6154","FAM156A","Exc L6 CT",0.00168018961597321,5.10841797858908,0.00676041602391712,0.950493337995757,0.99802142424354,0.99802142424354,"plaq_d"
"6155","GPR173","Exc L6 CT",0.00833362299377859,5.2610147391302,0.188641299717342,0.861773399081024,0.976581393772497,0.976581393772497,"plaq_d"
"6156","TSPYL2","Exc L6 CT",-0.0171688123133195,6.45734363322927,1.05441565977517,0.305205108830637,0.650733404977457,0.650733404977457,"plaq_d"
"6157","KANTR","Exc L6 CT",0.0108832928091218,7.3653844079606,0.761739301377115,0.383386222178555,0.718368873419559,0.718368873419559,"plaq_d"
"6158","KDM5C","Exc L6 CT",-0.00369780412919948,5.3662726951726,0.0389210038904526,0.962670321888555,0.998742420766286,0.998742420766286,"plaq_d"
"6159","IQSEC2","Exc L6 CT",-0.0017424580907022,6.76333709814121,0.0182030852682631,0.892754023534666,0.985595335141122,0.985595335141122,"plaq_d"
"6160","SMC1A","Exc L6 CT",0.0193509179491876,4.75090625277426,0.8391024935202,0.438023835493756,0.760668654110572,0.760668654110572,"plaq_d"
"6161","HSD17B10","Exc L6 CT",-0.0790811063251542,2.03795920476052,1.18184025138774,0.277733638014073,0.62606736210966,0.62606736210966,"plaq_d"
"6162","HUWE1","Exc L6 CT",0.0349597867272643,6.9593758049098,9.41281840481784,0.00232361084942849,0.0487619559597268,0.0487619559597268,"plaq_d"
"6163","PHF8","Exc L6 CT",0.00909947894050672,4.80011216520038,0.12881460672101,0.7198818028743,0.917861329415248,0.917861329415248,"plaq_d"
"6164","FAM120C","Exc L6 CT",-0.0441237939848822,4.85692285512678,3.57126568251396,0.0596179285579644,0.301461081672096,0.301461081672096,"plaq_d"
"6165","WNK3","Exc L6 CT",0.0256252247325649,4.54592039433827,0.942253550139939,0.416530998030424,0.745911213788529,0.745911213788529,"plaq_d"
"6166","TSR2","Exc L6 CT",0.0217699618772268,3.79802386146348,0.495515746417442,0.564207874226081,0.840125833404909,0.840125833404909,"plaq_d"
"6167","FGD1","Exc L6 CT",0.00306408625589688,4.95820906829677,0.023587493367156,0.966470566426052,0.998742420766286,0.998742420766286,"plaq_d"
"6168","GNL3L","Exc L6 CT",-0.0746196898697094,3.04821399082169,2.98610120700586,0.0848687355462098,0.357347270232008,0.357347270232008,"plaq_d"
"6169","MAGED2","Exc L6 CT",-0.010124063212969,3.8913016877646,0.0932480229719091,0.760270340290093,0.938454553768357,0.938454553768357,"plaq_d"
"6170","TRO","Exc L6 CT",-0.00929143140581657,4.70380962083569,0.118614249720075,0.730750244076216,0.924174691533094,0.924174691533094,"plaq_d"
"6171","APEX2","Exc L6 CT",0.0677431599749623,2.15371329639687,1.07061419688515,0.301524830894311,0.647846439885273,0.647846439885273,"plaq_d"
"6172","FAM104B","Exc L6 CT",0.00674560857256253,3.25530318577147,0.0305046383728284,0.861451631864341,0.97656962692488,0.97656962692488,"plaq_d"
"6173","MAGEH1","Exc L6 CT",0.0329866268865786,4.23408143776134,1.46321361874279,0.284483523744226,0.631230704041596,0.631230704041596,"plaq_d"
"6174","USP51","Exc L6 CT",0.0265784460156266,3.09285095975688,0.338348376825066,0.561160503959604,0.838424628348278,0.838424628348278,"plaq_d"
"6175","RRAGB","Exc L6 CT",-0.0120045195789645,5.51134590312486,0.455703549134757,0.500086806288595,0.803487685639578,0.803487685639578,"plaq_d"
"6176","AL445472.1","Exc L6 CT",0.0611586526008778,2.69494241799988,1.06123170768103,0.303649460455465,0.649433610565573,0.649433610565573,"plaq_d"
"6177","KLF8","Exc L6 CT",-0.0602943494779499,4.29028781367262,4.40592466408855,0.0365339509242683,0.231923691746733,0.231923691746733,"plaq_d"
"6178","UBQLN2","Exc L6 CT",0.129625652781522,5.36160770097354,45.4628855024325,6.4809655700438e-11,1.86599960692701e-07,1.86599960692701e-07,"plaq_d"
"6179","NBDY","Exc L6 CT",-0.012020853453733,5.81633013257079,0.342156616896301,0.558965864635693,0.837242282312585,0.837242282312585,"plaq_d"
"6180","SPIN3","Exc L6 CT",-0.000994396452191917,5.55811032881326,0.00354757516477924,0.952539032103355,0.998071449610185,0.998071449610185,"plaq_d"
"6181","SPIN2B","Exc L6 CT",-0.0056418087175742,2.78356072000683,0.0123267520458011,0.911659771213045,0.98991205810703,0.98991205810703,"plaq_d"
"6182","FAAH2","Exc L6 CT",0.0532483303575878,5.98675424376336,7.05146738657955,0.00828404716883495,0.103303199029783,0.103303199029783,"plaq_d"
"6183","ZXDB","Exc L6 CT",0.0459160788438167,2.54607737826614,0.700157671718505,0.403304613896276,0.735864793618604,0.735864793618604,"plaq_d"
"6184","SPIN4","Exc L6 CT",0.0698828550486228,2.59261693479937,1.81036254815108,0.179340265557302,0.509988372794022,0.509988372794022,"plaq_d"
"6185","ARHGEF9","Exc L6 CT",0.021618157306387,7.12762396578541,3.71927905324729,0.0546002697028435,0.286967611230717,0.286967611230717,"plaq_d"
"6186","MTMR8","Exc L6 CT",0.0182911569729697,4.04163168016183,0.267039920015129,0.605652423719879,0.863692153726734,0.863692153726734,"plaq_d"
"6187","ZC4H2","Exc L6 CT",0.0153400837433391,5.9947683479446,0.780703632849774,0.377535675500164,0.714072105997815,0.714072105997815,"plaq_d"
"6188","ZC3H12B","Exc L6 CT",0.0214518654267443,5.95553326536961,1.26904440141797,0.260721799070988,0.607981400145611,0.607981400145611,"plaq_d"
"6189","LAS1L","Exc L6 CT",-0.0240206526672324,4.84078174782503,1.27747417607105,0.279768709355357,0.626673214891366,0.626673214891366,"plaq_d"
"6190","MSN","Exc L6 CT",0.114496404957548,2.07618017517321,2.81470276991081,0.0943015183102747,0.377835974838495,0.377835974838495,"plaq_d"
"6191","AR","Exc L6 CT",0.0655795089154434,3.85139526378201,1.48179633840585,0.224318029638725,0.564461170193862,0.564461170193862,"plaq_d"
"6192","OPHN1","Exc L6 CT",-0.0315645434434822,6.31356144856165,4.5757935265058,0.0331218042877221,0.22085293864106,0.22085293864106,"plaq_d"
"6193","YIPF6","Exc L6 CT",0.00666636529628508,4.46878056450444,0.0871739983122394,0.767977026449688,0.941800602501892,0.941800602501892,"plaq_d"
"6194","PJA1","Exc L6 CT",0.0282197905318027,4.35350879171881,1.17009888458507,0.303390819898859,0.649352163579724,0.649352163579724,"plaq_d"
"6195","EDA","Exc L6 CT",-0.0199214193315227,5.27070607348536,0.374180950757391,0.541133247813558,0.827243733197832,0.827243733197832,"plaq_d"
"6196","IGBP1","Exc L6 CT",-0.0389784845664462,4.95490299343518,3.14201236894332,0.0771739006604752,0.341242055572818,0.341242055572818,"plaq_d"
"6197","PDZD11","Exc L6 CT",0.0420746665073662,2.53322437810101,0.704455814350371,0.441981096206546,0.764029675036979,0.764029675036979,"plaq_d"
"6198","KIF4A","Exc L6 CT",-0.0910872089083534,2.05310831233804,1.51290548015077,0.219526653426736,0.558706652863447,0.558706652863447,"plaq_d"
"6199","DLG3","Exc L6 CT",0.0289207467540868,5.48760801281799,2.45340134267484,0.118178828808725,0.420282079964388,0.420282079964388,"plaq_d"
"6200","TEX11","Exc L6 CT",0.00880410768844089,2.50533992330671,0.0251721721539136,0.986346326260348,0.999571689696322,0.999571689696322,"plaq_d"
"6201","SNX12","Exc L6 CT",0.044316936743124,3.85309938691325,2.16683958621526,0.141919022488833,0.457983915657754,0.457983915657754,"plaq_d"
"6202","FOXO4","Exc L6 CT",0.0810340994505975,2.43332218516038,2.02070154990218,0.156062456501766,0.477987934582631,0.477987934582631,"plaq_d"
"6203","MED12","Exc L6 CT",-0.0117323165707673,3.36123089117227,0.0971632001403781,0.953830900209312,0.998216253735524,0.998216253735524,"plaq_d"
"6204","NLGN3","Exc L6 CT",-0.0281010996343318,4.48902921002512,1.27053921028237,0.26044170945165,0.607950075283725,0.607950075283725,"plaq_d"
"6205","AL590764.1","Exc L6 CT",-0.0504012490345052,2.39787009533136,0.664910283628421,0.41538917472237,0.745148886325961,0.745148886325961,"plaq_d"
"6206","ZMYM3","Exc L6 CT",0.00443002110057079,4.87959427277515,0.0335830818071204,0.854703132502675,0.974800354737319,0.974800354737319,"plaq_d"
"6207","NONO","Exc L6 CT",0.0586386513323612,4.8813220552497,6.55940227606999,0.0108539528244065,0.121126747953609,0.121126747953609,"plaq_d"
"6208","TAF1","Exc L6 CT",-0.0157227835876857,6.19653438279333,1.36187629010163,0.244011148012932,0.589872563416114,0.589872563416114,"plaq_d"
"6209","OGT","Exc L6 CT",0.0194935282058225,6.66858708011638,2.16776113027716,0.141834564113822,0.457821758268822,0.457821758268822,"plaq_d"
"6210","GCNA","Exc L6 CT",0.0374106290049711,4.76163603667433,2.06492532300909,0.151620255987601,0.472349103050748,0.472349103050748,"plaq_d"
"6211","NHSL2","Exc L6 CT",-0.0169326878737655,3.51599409556659,0.166903078242601,0.683130065857071,0.899592062575777,0.899592062575777,"plaq_d"
"6212","RTL5","Exc L6 CT",0.0774967899015082,2.82367656844121,2.85449343450821,0.0920140520793907,0.373425809564815,0.373425809564815,"plaq_d"
"6213","PIN4","Exc L6 CT",-0.0236791312214095,5.1272705411982,1.07017607405309,0.301623613106853,0.647846439885273,0.647846439885273,"plaq_d"
"6214","RPS4X","Exc L6 CT",-0.0617649709468712,5.23232058105943,3.54845104330336,0.0604341392885275,0.303033740577374,0.303033740577374,"plaq_d"
"6215","HDAC8","Exc L6 CT",-0.00374965172885825,7.89888167006217,0.126076323775884,0.722750418626679,0.919344513095477,0.919344513095477,"plaq_d"
"6216","PHKA1","Exc L6 CT",0.0910734476564505,3.47337806460884,4.52516947948385,0.0341022006080558,0.2238040587113,0.2238040587113,"plaq_d"
"6217","PABPC1L2B","Exc L6 CT",0.104656638424231,2.47596733321686,3.33278405229896,0.0687682365386075,0.321737904845562,0.321737904845562,"plaq_d"
"6218","PABPC1L2A","Exc L6 CT",-0.0563754645414333,2.41169045696894,0.835975444883968,0.361183035836555,0.702172989048352,0.702172989048352,"plaq_d"
"6219","NAP1L2","Exc L6 CT",0.0979558613406176,5.99243376795158,27.9932877800947,2.15756812493204e-07,8.87438592186331e-05,8.87438592186331e-05,"plaq_d"
"6220","CHIC1","Exc L6 CT",0.0132588159702155,6.19179780465415,0.955339507043805,0.329042462667298,0.673715729278683,0.673715729278683,"plaq_d"
"6221","TSIX","Exc L6 CT",-0.0293973702259694,1.90326079588978,0.0991399066426645,0.753052828263469,0.935048172820502,0.935048172820502,"plaq_d"
"6222","XIST","Exc L6 CT",0.204777420230842,8.91902931429696,7.41202950560426,0.00680497932189625,0.0920718818778369,0.0920718818778369,"plaq_d"
"6223","JPX","Exc L6 CT",0.00240994863594129,7.16659631471632,0.0306205806880877,0.861191262521353,0.976495686661412,0.976495686661412,"plaq_d"
"6224","FTX","Exc L6 CT",0.0183271722581489,10.6509909434283,4.07285796156575,0.0443439419275515,0.256674207054444,0.256674207054444,"plaq_d"
"6225","SLC16A2","Exc L6 CT",0.0295850804982039,4.44994567499986,0.941036001123984,0.332684903556713,0.677405955460366,0.677405955460366,"plaq_d"
"6226","RLIM","Exc L6 CT",0.0157287551983427,4.89681097846608,0.502195730515811,0.479011086628034,0.789344129491849,0.789344129491849,"plaq_d"
"6227","NEXMIF","Exc L6 CT",0.0334497269499588,7.26438358478329,7.41309687783183,0.00680102900569539,0.0920718818778369,0.0920718818778369,"plaq_d"
"6228","ABCB7","Exc L6 CT",-0.0079423997427175,5.36507019927655,0.193911258831482,0.659954289140237,0.890078878252094,0.890078878252094,"plaq_d"
"6229","UPRT","Exc L6 CT",0.0336071729397603,3.77853766314588,1.08509890369828,0.298282409680818,0.645839891055938,0.645839891055938,"plaq_d"
"6230","ZDHHC15","Exc L6 CT",-0.00140955971642866,4.66269848572987,0.00378847126579181,0.950956064951791,0.99802142424354,0.99802142424354,"plaq_d"
"6231","PBDC1","Exc L6 CT",-0.0164292395301268,2.19264235018887,0.0732099809033928,0.786879444219257,0.950248844810035,0.950248844810035,"plaq_d"
"6232","MAGEE1","Exc L6 CT",0.0193654421761786,4.23764226085179,0.509167497112912,0.508461544770656,0.807124533963874,0.807124533963874,"plaq_d"
"6233","AC233296.1","Exc L6 CT",-0.000892791596700736,4.90892202680249,0.000477993189419133,0.98256971841024,0.999571689696322,0.999571689696322,"plaq_d"
"6234","ATRX","Exc L6 CT",0.033717289544144,8.14067531216791,14.7383613989923,0.000146681749171267,0.00805965824835709,0.00805965824835709,"plaq_d"
"6235","MAGT1","Exc L6 CT",-0.0576308498493598,3.3209494374553,2.04042244998978,0.154063475168088,0.475001697369973,0.475001697369973,"plaq_d"
"6236","COX7B","Exc L6 CT",0.0109915249026468,3.99846156462565,0.149633156146543,0.699122471551662,0.908600442399362,0.908600442399362,"plaq_d"
"6237","PGK1","Exc L6 CT",0.0352583331306769,5.47392539756338,3.06704007946696,0.0807753025065795,0.349411434761033,0.349411434761033,"plaq_d"
"6238","TAF9B","Exc L6 CT",0.136058600339147,3.21013602580022,10.8230054753242,0.00110491207451073,0.0295914898618571,0.0295914898618571,"plaq_d"
"6239","ITM2A","Exc L6 CT",-0.0829444861460002,2.3521612670821,1.60445731618204,0.206119328696023,0.541926599712288,0.541926599712288,"plaq_d"
"6240","BRWD3","Exc L6 CT",0.0284779763158673,5.92009361008358,2.3706403613711,0.124544568829269,0.430941482662574,0.430941482662574,"plaq_d"
"6241","HMGN5","Exc L6 CT",0.0644768742133172,3.7676781852801,2.4613348190614,0.117587861222037,0.419102177200443,0.419102177200443,"plaq_d"
"6242","SH3BGRL","Exc L6 CT",0.0430599506723122,6.14686320037889,6.10739348143259,0.0139396163408622,0.138058846754104,0.138058846754104,"plaq_d"
"6243","RPS6KA6","Exc L6 CT",0.00182932371958172,5.76902437010838,0.00998307203944872,0.92046905119042,0.991792773539161,0.991792773539161,"plaq_d"
"6244","HDX","Exc L6 CT",0.0442028875731793,5.76684477436897,4.52044941663077,0.0341951502658295,0.2238040587113,0.2238040587113,"plaq_d"
"6245","APOOL","Exc L6 CT",0.0404623696912361,5.32009317296925,5.35284644766134,0.0212703338701369,0.173194415381499,0.173194415381499,"plaq_d"
"6246","SATL1","Exc L6 CT",0.00191885144015602,4.47430077299068,0.00387891310921878,0.95037485673314,0.99802142424354,0.99802142424354,"plaq_d"
"6247","ZNF711","Exc L6 CT",0.0396570251497079,4.28037550693387,2.03583702903981,0.154525654435911,0.475723546042968,0.475723546042968,"plaq_d"
"6248","CHM","Exc L6 CT",0.0210421104256351,6.62915921575145,2.57199326634551,0.109677241921557,0.40735644342176,0.40735644342176,"plaq_d"
"6249","DACH2","Exc L6 CT",0.00130587870351998,3.26229592502752,0.000651744845860558,0.979647407375489,0.999396584092899,0.999396584092899,"plaq_d"
"6250","KLHL4","Exc L6 CT",0.0435642403120137,5.76344356105545,3.00667172638951,0.0838074937751841,0.354797227001267,0.354797227001267,"plaq_d"
"6251","PCDH11X","Exc L6 CT",0.0221947429667206,8.70494566435829,2.15391552170616,0.143109498528299,0.459655953494784,0.459655953494784,"plaq_d"
"6252","NAP1L3","Exc L6 CT",0.111605222772235,6.15379115051094,36.1955470900216,4.51906019192622e-09,5.00433773253615e-06,5.00433773253615e-06,"plaq_d"
"6253","FAM133A","Exc L6 CT",0.00494385019977442,4.26375422084658,0.0306582860764307,0.861106697796241,0.976495686661412,0.976495686661412,"plaq_d"
"6254","DIAPH2","Exc L6 CT",0.0086559784677719,6.71289537970474,0.133131100457266,0.715428952230645,0.915169290591112,0.915169290591112,"plaq_d"
"6255","DIAPH2-AS1","Exc L6 CT",-0.044994716838118,3.08808206502556,0.843304440818989,0.359089072729147,0.700982037790042,0.700982037790042,"plaq_d"
"6256","PCDH19","Exc L6 CT",0.0274807567481504,4.95749245213368,0.779151437093437,0.378009766970663,0.714260598903136,0.714260598903136,"plaq_d"
"6257","CSTF2","Exc L6 CT",-0.0540542085198213,3.42927962875893,1.91831173498001,0.166929607457031,0.493352212882657,0.493352212882657,"plaq_d"
"6258","XKRX","Exc L6 CT",-0.107468444489109,1.9303380842226,1.66437967181382,0.197869140313941,0.532832799094557,0.532832799094557,"plaq_d"
"6259","TRMT2B","Exc L6 CT",-0.0162778704104276,4.15465499508929,0.327039624430285,0.567776477191797,0.84204287273649,0.84204287273649,"plaq_d"
"6260","TMEM35A","Exc L6 CT",0.0425080281883348,4.86400330128348,3.05940114482838,0.0811523355161386,0.350071109856293,0.350071109856293,"plaq_d"
"6261","CENPI","Exc L6 CT",-0.0184235629902689,2.29473129617932,0.0800964593858925,0.777334910972614,0.946432481294003,0.946432481294003,"plaq_d"
"6262","DRP2","Exc L6 CT",0.0279833363884362,5.65511277544513,2.52381016734793,0.113046905987808,0.412005888253286,0.412005888253286,"plaq_d"
"6263","TAF7L","Exc L6 CT",-0.0365923060149046,2.36696104287275,0.382802561837965,0.568487195506771,0.842570174776703,0.842570174776703,"plaq_d"
"6264","TIMM8A","Exc L6 CT",-0.053700048457432,2.09249483306708,0.601662071084373,0.557949066854458,0.836802114712304,0.836802114712304,"plaq_d"
"6265","GLA","Exc L6 CT",0.0697296337521983,2.19037770240207,1.16496843336861,0.281184589806784,0.627848623274301,0.627848623274301,"plaq_d"
"6266","HNRNPH2","Exc L6 CT",0.0630823272365225,4.48696652081366,5.04020171441658,0.025392771401463,0.190438541712549,0.190438541712549,"plaq_d"
"6267","ARMCX4","Exc L6 CT",-0.00982508478112379,6.14890282358974,0.389107833010338,0.533177161804141,0.821448889269307,0.821448889269307,"plaq_d"
"6268","ARMCX1","Exc L6 CT",0.0421060333966253,3.78974510928978,1.72328323779122,0.190135525950805,0.523592195065877,0.523592195065877,"plaq_d"
"6269","ARMCX6","Exc L6 CT",0.0674566667099011,2.4349896348273,1.34820375051676,0.246387765574861,0.592523042635013,0.592523042635013,"plaq_d"
"6270","ARMCX3","Exc L6 CT",-0.00293396623109069,4.9747884658993,0.0192741790347695,0.957217389994201,0.998742420766286,0.998742420766286,"plaq_d"
"6271","ARMCX2","Exc L6 CT",-0.0197183612881622,4.19138971839574,0.576240193284006,0.448303398256261,0.769196190866025,0.769196190866025,"plaq_d"
"6272","NXF5","Exc L6 CT",0.0689797810505257,2.60742710548646,1.31046178752714,0.253097328267569,0.600459646957798,0.600459646957798,"plaq_d"
"6273","ZMAT1","Exc L6 CT",-0.0396679666290141,5.52420810301615,3.80681979947905,0.0518459620989624,0.280538211249681,0.280538211249681,"plaq_d"
"6274","TCEAL2","Exc L6 CT",-0.0133578603750602,5.53929491560884,0.439276089562921,0.507910545821786,0.806906139178239,0.806906139178239,"plaq_d"
"6275","TCEAL6","Exc L6 CT",0.069864189399068,3.80095444830896,4.11535594235579,0.0432562045379142,0.253239658612368,0.253239658612368,"plaq_d"
"6276","BEX5","Exc L6 CT",-0.0900729219480606,4.05849158982263,8.88094392051544,0.00308412613383815,0.0584661739771012,0.0584661739771012,"plaq_d"
"6277","ARMCX5","Exc L6 CT",-0.033852007954962,3.43934064358411,0.822311182358781,0.391625399167994,0.725289612410098,0.725289612410098,"plaq_d"
"6278","AL035427.1","Exc L6 CT",-0.108752793226781,2.05758044231156,2.16633754982377,0.144986730835163,0.461587010553896,0.461587010553896,"plaq_d"
"6279","GPRASP1","Exc L6 CT",-0.0364067828956585,5.94761080569859,4.4229297296653,0.036176307172639,0.231140950733835,0.231140950733835,"plaq_d"
"6280","GPRASP2","Exc L6 CT",0.0256980619070045,4.75820255248361,1.38791920871896,0.254463492731984,0.602037523561077,0.602037523561077,"plaq_d"
"6281","BHLHB9","Exc L6 CT",0.0681082708115019,5.61578744775271,14.6855696133091,0.000150675133792302,0.0082163607048257,0.0082163607048257,"plaq_d"
"6282","LINC00630","Exc L6 CT",0.0372178811468454,5.53535742184335,3.96690983446499,0.0471836292576232,0.265739429758144,0.265739429758144,"plaq_d"
"6283","Z68871.1","Exc L6 CT",0.0172007926071643,3.70981956949642,0.279577989002419,0.864852575212017,0.977378297084766,0.977378297084766,"plaq_d"
"6284","BEX1","Exc L6 CT",-0.00390658147133249,6.3715155469607,0.0538154817981872,0.816688550721453,0.961176017055942,0.961176017055942,"plaq_d"
"6285","BEX4","Exc L6 CT",0.021550058768748,6.09358325603924,1.54658182772411,0.21447738619649,0.552247621478209,0.552247621478209,"plaq_d"
"6286","TCEAL8","Exc L6 CT",0.0142618688812211,3.76224044618237,0.204610017288003,0.651306900225865,0.885163226792997,0.885163226792997,"plaq_d"
"6287","TCEAL5","Exc L6 CT",0.010742578666063,4.09769509800019,0.110363505382401,0.739930561790586,0.928661774628954,0.928661774628954,"plaq_d"
"6288","BEX2","Exc L6 CT",-0.021387894941411,5.88778799101359,1.79536730525974,0.181147334375123,0.511132306088645,0.511132306088645,"plaq_d"
"6289","TCEAL7","Exc L6 CT",0.0305035300233822,4.3803129406367,1.21266757271659,0.271565109267158,0.618486206772665,0.618486206772665,"plaq_d"
"6290","TCEAL9","Exc L6 CT",0.0257981941356235,3.67603302380059,0.533107404806053,0.465892111193119,0.780698735040873,0.780698735040873,"plaq_d"
"6291","BEX3","Exc L6 CT",-0.00858261036810379,6.7341607550067,0.268906700500953,0.604395490552349,0.862668796548841,0.862668796548841,"plaq_d"
"6292","RAB40A","Exc L6 CT",0.00900005526986157,3.36927690683413,0.0465198794427034,0.82935983372564,0.965507372336594,0.965507372336594,"plaq_d"
"6293","TCEAL4","Exc L6 CT",-0.00802401912369726,4.92665791640403,0.120507452066058,0.881946017490133,0.983480769739443,0.983480769739443,"plaq_d"
"6294","TCEAL3","Exc L6 CT",0.0194612787451731,4.37763399651788,0.481627830715334,0.488148632704717,0.794896337781129,0.794896337781129,"plaq_d"
"6295","TCEAL1","Exc L6 CT",0.051936776115743,4.61263401765905,4.50637490304011,0.0344738949205258,0.224740770452098,0.224740770452098,"plaq_d"
"6296","MORF4L2","Exc L6 CT",0.0358930312772611,6.81176199445084,8.66333622487936,0.00346460631654342,0.062580266666197,0.062580266666197,"plaq_d"
"6297","RAB9B","Exc L6 CT",-0.0152463769601576,5.36162121247732,0.770230317303967,0.392845300646836,0.72626184000409,0.72626184000409,"plaq_d"
"6298","TMSB15B-1","Exc L6 CT",0.00867679901940802,3.499850573731,0.0608975949754562,0.805228264235904,0.957062182018748,0.957062182018748,"plaq_d"
"6299","SLC25A53","Exc L6 CT",-0.00710184725195184,4.88621608742043,0.0962317822619393,0.756584969935935,0.937371276885589,0.937371276885589,"plaq_d"
"6300","FAM199X","Exc L6 CT",0.0621987213331998,4.91001295102933,7.64500184490129,0.00599617380120346,0.0870170544779485,0.0870170544779485,"plaq_d"
"6301","IL1RAPL2","Exc L6 CT",-0.878862871252375,2.02219901200993,15.7639598496693,8.71959664780838e-05,0.0058657623056939,0.0058657623056939,"plaq_d"
"6302","MUM1L1","Exc L6 CT",0.104389266796985,2.00543589801395,1.0942180612916,0.296264115651472,0.644103008471502,0.644103008471502,"plaq_d"
"6303","CXorf57","Exc L6 CT",0.101095256314345,2.76932781238036,3.94878831775573,0.0476883174186264,0.266759107528002,0.266759107528002,"plaq_d"
"6304","RNF128","Exc L6 CT",0.0127542186634495,4.62353663325125,0.234303836045406,0.628655096845395,0.876334527290425,0.876334527290425,"plaq_d"
"6305","TBC1D8B","Exc L6 CT",0.0710254939584502,3.7852805909537,4.73135479068303,0.0302899212326506,0.209540464231253,0.209540464231253,"plaq_d"
"6306","MORC4","Exc L6 CT",0.00268648803860078,3.92157737560919,0.00611352635938207,0.937722590250198,0.996196178085887,0.996196178085887,"plaq_d"
"6307","RBM41","Exc L6 CT",0.0414098618087438,5.74931469463312,6.47465917253664,0.0113734940399533,0.124167644552376,0.124167644552376,"plaq_d"
"6308","FRMPD3","Exc L6 CT",-0.032329930125069,4.46313348595182,1.32995607834804,0.249604057422823,0.596695451786609,0.596695451786609,"plaq_d"
"6309","PRPS1","Exc L6 CT",0.028829636903321,3.87667511485573,0.874092860713084,0.350472636713316,0.693521332438791,0.693521332438791,"plaq_d"
"6310","TSC22D3","Exc L6 CT",0.0935541985980067,4.23941597791821,10.6033181645869,0.00123976299328676,0.031718439862975,0.031718439862975,"plaq_d"
"6311","MID2","Exc L6 CT",0.00797949950147698,4.53646129336601,0.0823906801601016,0.774254136020684,0.944849257935925,0.944849257935925,"plaq_d"
"6312","AL034399.2","Exc L6 CT",0.0520352534799589,3.74708069562394,1.4825901560239,0.224194214681323,0.564445595409641,0.564445595409641,"plaq_d"
"6313","VSIG1","Exc L6 CT",0.0160835609608985,2.35559436466371,0.0506361169716287,0.822092058479633,0.963670488874913,0.963670488874913,"plaq_d"
"6314","PSMD10","Exc L6 CT",0.064315049294322,3.48109204429259,2.8361853231118,0.0930589258838972,0.375522661727656,0.375522661727656,"plaq_d"
"6315","ATG4A","Exc L6 CT",0.00681994410275793,3.45877474244646,0.0326491808343449,0.85671536857783,0.975107136969453,0.975107136969453,"plaq_d"
"6316","ACSL4","Exc L6 CT",0.0215316156909027,6.20364756648437,2.35713093883681,0.125619493112753,0.432635938481145,0.432635938481145,"plaq_d"
"6317","TMEM164","Exc L6 CT",-0.0291273387482092,3.91386099270971,0.794163410466393,0.37345953093798,0.710955389314004,0.710955389314004,"plaq_d"
"6318","AMMECR1","Exc L6 CT",0.0137792034999772,6.65166885318637,0.674654532826072,0.41199553794249,0.742825388985407,0.742825388985407,"plaq_d"
"6319","RTL9","Exc L6 CT",-0.0635205627944199,1.94893349072493,0.53804749734345,0.463736611016752,0.778159269284318,0.778159269284318,"plaq_d"
"6320","PAK3","Exc L6 CT",0.00959856784698863,8.90782138473292,0.95708558720713,0.328601465846402,0.673509183210693,0.673509183210693,"plaq_d"
"6321","DCX","Exc L6 CT",0.0394666119700848,5.07501076882253,2.09824255473602,0.148368449072574,0.467274599179341,0.467274599179341,"plaq_d"
"6322","ALG13","Exc L6 CT",0.0304108466187905,5.90152180392592,3.6567580522865,0.0566625091034884,0.293043240959059,0.293043240959059,"plaq_d"
"6323","TRPC5","Exc L6 CT",-0.460088937725697,1.39758351763477,6.59844795583501,0.0106228679455954,0.119470108571125,0.119470108571125,"plaq_d"
"6324","XACT","Exc L6 CT",0.0194934002794534,1.80959384563085,0.033923127015883,0.853977645943748,0.974774991357929,0.974774991357929,"plaq_d"
"6325","HTR2C","Exc L6 CT",0.110002244612044,2.46284299036961,1.13155563402408,0.288180904772381,0.634875561758676,0.634875561758676,"plaq_d"
"6326","LRCH2","Exc L6 CT",0.03204086595859,5.35440489426979,2.54640872998195,0.111452448532578,0.409721514064093,0.409721514064093,"plaq_d"
"6327","DANT2","Exc L6 CT",-0.0223783277285382,8.97946722904125,4.30928462451993,0.038638352172932,0.237967677928953,0.237967677928953,"plaq_d"
"6328","KLHL13","Exc L6 CT",0.0252218686701709,4.92235572439859,0.632464492503334,0.426994533114491,0.753310453274045,0.753310453274045,"plaq_d"
"6329","WDR44","Exc L6 CT",0.0119498399242837,5.68193374362391,0.416082943443166,0.519322853675316,0.813600152520389,0.813600152520389,"plaq_d"
"6330","DOCK11","Exc L6 CT",-0.00294612141009425,3.24597596361198,0.00485607875743525,0.94448392957364,0.997609533382524,0.997609533382524,"plaq_d"
"6331","LINC01285","Exc L6 CT",-0.191885021395674,2.93477845317481,11.7405910887519,0.000684646440341268,0.0220990362223159,0.0220990362223159,"plaq_d"
"6332","LONRF3","Exc L6 CT",0.0344451679368322,2.82101887985956,0.221194805494552,0.638425487557881,0.878995152915384,0.878995152915384,"plaq_d"
"6333","PGRMC1","Exc L6 CT",0.0227549595233506,5.97641567334073,1.72230942911584,0.190260467002615,0.523607280246539,0.523607280246539,"plaq_d"
"6334","SLC25A43","Exc L6 CT",-0.0543717759633939,4.56279207426684,2.82490179807439,0.0937093420387645,0.376387855373201,0.376387855373201,"plaq_d"
"6335","SLC25A5","Exc L6 CT",-0.00743075835515699,3.26268931823816,0.0322899868073449,0.857497212550612,0.975284318212097,0.975284318212097,"plaq_d"
"6336","CXorf56","Exc L6 CT",-0.0351721794021404,3.6156256358497,1.03624179710892,0.309403920379263,0.653776432963434,0.653776432963434,"plaq_d"
"6337","UBE2A","Exc L6 CT",0.0382330974369013,3.63612588042324,1.1016438990469,0.294633557499734,0.642338629408766,0.642338629408766,"plaq_d"
"6338","NKRF","Exc L6 CT",0.0382103599459552,4.59536801276209,2.74079817340526,0.0987168358531983,0.385553017863186,0.385553017863186,"plaq_d"
"6339","SEPT6","Exc L6 CT",-0.0303603767240756,5.64354546493992,2.50593188197496,0.114326205302739,0.414081955597893,0.414081955597893,"plaq_d"
"6340","RPL39","Exc L6 CT",-0.152103198630252,1.7105325007647,2.68376003914984,0.102279386246363,0.392539068089215,0.392539068089215,"plaq_d"
"6341","UPF3B","Exc L6 CT",-0.0307931529996167,5.5111682173997,2.43658747022681,0.119442232496972,0.422119008037261,0.422119008037261,"plaq_d"
"6342","RNF113A","Exc L6 CT",-0.0946357195923093,2.28221108813576,1.97159108245741,0.161170386326948,0.485196336587777,0.485196336587777,"plaq_d"
"6343","NDUFA1","Exc L6 CT",-0.0458941086551156,3.90249295181761,2.10158304326149,0.148046800730357,0.467079058363845,0.467079058363845,"plaq_d"
"6344","NKAP","Exc L6 CT",0.0261581015677227,4.14814241514863,0.835555423966128,0.463859907345463,0.778199187291141,0.778199187291141,"plaq_d"
"6345","RHOXF1-AS1","Exc L6 CT",-0.0151710212031777,4.5506371867937,0.289866578437639,0.590650039417307,0.856067189959118,0.856067189959118,"plaq_d"
"6346","ZBTB33","Exc L6 CT",0.132458549293019,2.78034890086221,7.45125211245944,0.00666135255511883,0.0910701152739702,0.0910701152739702,"plaq_d"
"6347","LAMP2","Exc L6 CT",0.00875687497295807,4.53633540000454,0.119269494384201,0.814675442962433,0.960234307578846,0.960234307578846,"plaq_d"
"6348","CUL4B","Exc L6 CT",0.0458264774403587,4.65273577524856,4.24904369206033,0.0400144182853677,0.242837879117393,0.242837879117393,"plaq_d"
"6349","MCTS1","Exc L6 CT",0.0179845846568882,4.97167967063151,0.919329213460658,0.421225538164088,0.749075003988185,0.749075003988185,"plaq_d"
"6350","C1GALT1C1","Exc L6 CT",-0.0516852059018441,2.31077538865259,0.761274751412058,0.383531146327145,0.718453400458761,0.718453400458761,"plaq_d"
"6351","AL359851.1","Exc L6 CT",0.0465748100820377,2.91589270232644,0.913314562112948,0.339899512683286,0.68410911892838,0.68410911892838,"plaq_d"
"6352","GRIA3","Exc L6 CT",0.00468967011794762,9.28292895998917,0.223952284689134,0.636341372940341,0.878269581788608,0.878269581788608,"plaq_d"
"6353","THOC2","Exc L6 CT",-0.00305901503043717,6.45112827869698,0.0644592103092227,0.90450110357185,0.988876782180692,0.988876782180692,"plaq_d"
"6354","XIAP","Exc L6 CT",0.0216484485287359,5.95242564295745,2.14505004244732,0.14393264771166,0.460558878963559,0.460558878963559,"plaq_d"
"6355","STAG2","Exc L6 CT",0.0263238753058912,6.23055066881439,3.49776858462997,0.0622903979812023,0.307416033369005,0.307416033369005,"plaq_d"
"6356","TENM1","Exc L6 CT",0.0377186458530201,8.19837894743357,3.71959710313789,0.0545899856306404,0.286967611230717,0.286967611230717,"plaq_d"
"6357","AL442647.1","Exc L6 CT",0.0278965604601148,5.38775707550005,0.860903217739122,0.354128769156017,0.69702457762784,0.69702457762784,"plaq_d"
"6358","SMARCA1","Exc L6 CT",0.0250865603258691,5.81852993977134,2.13641463289407,0.144739583457306,0.461397485263812,0.461397485263812,"plaq_d"
"6359","OCRL","Exc L6 CT",0.0566845149069688,5.22889896584685,7.61056281665847,0.00610922655216845,0.0873912376540173,0.0873912376540173,"plaq_d"
"6360","ZDHHC9","Exc L6 CT",0.0152307522086826,4.13592266830339,0.294876544764735,0.671460167073167,0.895175682457819,0.895175682457819,"plaq_d"
"6361","UTP14A","Exc L6 CT",-0.0120815425301394,3.86056093569286,0.153221426061768,0.777168287998168,0.94638087244304,0.94638087244304,"plaq_d"
"6362","BCORL1","Exc L6 CT",-0.023546343370705,3.58259118015747,0.418215081578415,0.592592751509148,0.856624615439576,0.856624615439576,"plaq_d"
"6363","AIFM1","Exc L6 CT",0.00833320656510381,3.70265953186832,0.0638407472159982,0.800674437040075,0.955506912332949,0.955506912332949,"plaq_d"
"6364","ZNF280C","Exc L6 CT",-0.0233130152547084,3.63828023445524,0.471312603947458,0.531376853904975,0.820493389455336,0.820493389455336,"plaq_d"
"6365","SLC25A14","Exc L6 CT",0.0196674507350451,3.9133717419784,0.44081409060427,0.507169170691261,0.806584995721541,0.806584995721541,"plaq_d"
"6366","RBMX2","Exc L6 CT",-0.0619713877812068,4.01185506200238,4.16398941752256,0.042045927501227,0.248608369557857,0.248608369557857,"plaq_d"
"6367","ENOX2","Exc L6 CT",-0.0250058498236198,4.80872616748709,0.773333172431886,0.379794361513659,0.715831320810505,0.715831320810505,"plaq_d"
"6368","IGSF1","Exc L6 CT",-0.211770779640304,1.67841696132288,4.11922310787399,0.0431586338482963,0.252874111876302,0.252874111876302,"plaq_d"
"6369","RAP2C","Exc L6 CT",0.0518728389870917,2.44411982206216,0.845217305844658,0.358545307445748,0.700718774124955,0.700718774124955,"plaq_d"
"6370","RAP2C-AS1","Exc L6 CT",-0.07193500806511,3.88418778855478,3.32402741679048,0.0691316747647277,0.322270419233624,0.322270419233624,"plaq_d"
"6371","HS6ST2","Exc L6 CT",0.0149238677089698,4.19065898851258,0.145675807707231,0.702935253571742,0.909945396307926,0.909945396307926,"plaq_d"
"6372","GPC4","Exc L6 CT",-0.0528063710301675,1.72657795812824,0.326559989128385,0.568060422324113,0.842290435655365,0.842290435655365,"plaq_d"
"6373","GPC3","Exc L6 CT",-0.109497333963709,1.973291775355,2.02463269809444,0.155661634004668,0.477397716900553,0.477397716900553,"plaq_d"
"6374","PHF6","Exc L6 CT",0.0263554714944848,5.01253042092438,1.57967291361915,0.20965027126402,0.546392597966868,0.546392597966868,"plaq_d"
"6375","HPRT1","Exc L6 CT",0.0092622458697085,6.84994912806255,0.54929725868157,0.459104512917661,0.775898728996668,0.775898728996668,"plaq_d"
"6376","PLAC1","Exc L6 CT",-0.104424445312913,1.79515715139138,1.35344918838925,0.245472643116993,0.591039332716547,0.591039332716547,"plaq_d"
"6377","FAM122B","Exc L6 CT",0.0301066417817161,3.88002563954009,1.07007099661121,0.301647310819046,0.647846439885273,0.647846439885273,"plaq_d"
"6378","FAM122C","Exc L6 CT",0.0333824207915619,3.2622924175463,0.718793575318888,0.39712232335105,0.729764228613954,0.729764228613954,"plaq_d"
"6379","MOSPD1","Exc L6 CT",0.124794265323423,3.22552586387189,9.95089106353014,0.00174767533934362,0.0405145478022396,0.0405145478022396,"plaq_d"
"6380","RTL8C","Exc L6 CT",0.0662937961888635,5.44221922495612,12.6590202724852,0.000425546681657674,0.0160180998397011,0.0160180998397011,"plaq_d"
"6381","RTL8A","Exc L6 CT",0.066802355891332,3.56143811790633,3.29347386321915,0.0704160393120619,0.325219538638576,0.325219538638576,"plaq_d"
"6382","SMIM10L2B","Exc L6 CT",-0.0284772336050729,3.69677472153165,0.776790629493255,0.378732448406028,0.714859358496549,0.714859358496549,"plaq_d"
"6383","ZNF75D","Exc L6 CT",-0.013519192143035,4.54241452141182,0.220622466728924,0.638860050770161,0.879257102379276,0.879257102379276,"plaq_d"
"6384","ZNF449","Exc L6 CT",-0.0785894323624617,3.59865954539873,4.54871356595561,0.0336425052118046,0.222184745140151,0.222184745140151,"plaq_d"
"6385","SMIM10L2A","Exc L6 CT",0.0169727010159896,3.5949904998634,0.243004718081557,0.692889957574478,0.905076111899299,0.905076111899299,"plaq_d"
"6386","INTS6L","Exc L6 CT",0.0333059941262005,4.60493140912651,1.14483271056789,0.285374597170332,0.632428063556666,0.632428063556666,"plaq_d"
"6387","MMGT1","Exc L6 CT",-0.0158607371444212,3.17160800703353,0.147938886757192,0.700747673205165,0.909570559014748,0.909570559014748,"plaq_d"
"6388","SLC9A6","Exc L6 CT",0.0371071199090333,6.22913362451676,6.0075914746314,0.0147355027251539,0.142634487586626,0.142634487586626,"plaq_d"
"6389","FHL1","Exc L6 CT",-0.00566042877309314,5.67613161040144,0.0923278976160612,0.761419808679017,0.939080343809897,0.939080343809897,"plaq_d"
"6390","HTATSF1","Exc L6 CT",0.088069693518684,4.27792455019735,10.9858804288594,0.00101464188089675,0.0278755429721176,0.0278755429721176,"plaq_d"
"6391","ARHGEF6","Exc L6 CT",0.0705188817326277,3.69300048218656,4.27578611382011,0.0393972806951431,0.241038356518181,0.241038356518181,"plaq_d"
"6392","AL683813.1","Exc L6 CT",-0.0500909156869022,5.00409714555117,5.4300855601597,0.0203635284673854,0.170042549777541,0.170042549777541,"plaq_d"
"6393","RBMX","Exc L6 CT",-0.028420169644291,5.83944539102043,2.05062985183964,0.15304027751333,0.474411678527541,0.474411678527541,"plaq_d"
"6394","Z96074.1","Exc L6 CT",-0.186682974841793,2.23773670523,6.6088298976325,0.0105622819328263,0.119258518199975,0.119258518199975,"plaq_d"
"6395","FGF13","Exc L6 CT",0.0327633505017582,5.71078543705342,2.93526761630082,0.0875543972828471,0.362452775274165,0.362452775274165,"plaq_d"
"6396","MCF2","Exc L6 CT",-0.00481207166500834,4.99006015200358,0.054069343836061,0.823548381841607,0.963985585882276,0.963985585882276,"plaq_d"
"6397","LINC00632","Exc L6 CT",-0.00607585746560293,8.81329593944197,0.250333397081823,0.617156493041336,0.87001418662584,0.87001418662584,"plaq_d"
"6398","AL078639.1","Exc L6 CT",0.15232920767439,5.41387193813469,17.9545865556167,2.90043279388842e-05,0.00272906081704691,0.00272906081704691,"plaq_d"
"6399","LDOC1","Exc L6 CT",0.0718889988541469,3.70772996764796,4.70309269283216,0.0307849008843246,0.21143178940856,0.21143178940856,"plaq_d"
"6400","SPANXA2-OT1","Exc L6 CT",0.0561209570621144,3.79841227280111,2.02723166897044,0.155397285529096,0.47709518500253,0.47709518500253,"plaq_d"
"6401","MAGEC3","Exc L6 CT",0.0260297267789304,3.14705532080338,0.147165142331427,0.701493431168141,0.909622462442533,0.909622462442533,"plaq_d"
"6402","AC239727.1","Exc L6 CT",-0.0215028851590469,1.72427056403128,0.0525508741919977,0.818817150379922,0.963082048664989,0.963082048664989,"plaq_d"
"6403","SLITRK4","Exc L6 CT",0.0412593310621552,6.42964459021025,6.1769126609262,0.0134115954606981,0.135490054913832,0.135490054913832,"plaq_d"
"6404","SLITRK2","Exc L6 CT",-3.02369315155434e-05,3.07190616427578,2.29265234704849e-06,0.99879275009149,0.999906738276838,0.999906738276838,"plaq_d"
"6405","FMR1","Exc L6 CT",0.00692910372444624,5.27879814064969,0.124262206921297,0.724670255986663,0.920041714894082,0.920041714894082,"plaq_d"
"6406","AFF2","Exc L6 CT",0.00209681478407878,5.9071273324556,0.00910524795518932,0.924034991841823,0.993227707894465,0.993227707894465,"plaq_d"
"6407","IDS","Exc L6 CT",0.0985658046760174,8.51974983494465,56.0427845415868,5.86621328494788e-13,2.81500021500365e-09,2.81500021500365e-09,"plaq_d"
"6408","LINC00893","Exc L6 CT",-0.173634236206758,2.65911240709454,10.2095007440756,0.0015249003351272,0.0368329953431059,0.0368329953431059,"plaq_d"
"6409","TMEM185A","Exc L6 CT",-0.00419456508701965,4.54046684104811,0.0316441772430337,0.858914296908993,0.975536900852218,0.975536900852218,"plaq_d"
"6410","CXorf40B","Exc L6 CT",-0.0761298108578874,1.7700952921313,0.794495468094662,0.373359754825422,0.710955389314004,0.710955389314004,"plaq_d"
"6411","LINC00894","Exc L6 CT",-0.00199791414570784,6.56078691733552,0.0100552774022353,0.920182916452791,0.991792773539161,0.991792773539161,"plaq_d"
"6412","MAMLD1","Exc L6 CT",0.0202192578459375,3.80145626055262,0.262355316941124,0.608831343745932,0.865385098065202,0.865385098065202,"plaq_d"
"6413","MTM1","Exc L6 CT",0.015504375289727,5.64859862348849,0.747869019685538,0.387747137945917,0.722202775575091,0.722202775575091,"plaq_d"
"6414","MTMR1","Exc L6 CT",-0.00898762063254414,6.58463431851359,0.413233192863538,0.639850848641107,0.879980077173644,0.879980077173644,"plaq_d"
"6415","CD99L2","Exc L6 CT",0.0144272215924695,6.10526177119773,0.876336917696618,0.349855732449357,0.692981336193501,0.692981336193501,"plaq_d"
"6416","VMA21","Exc L6 CT",0.0550263513825118,4.14338767383528,4.18178134699148,0.0416121423891533,0.247438414636204,0.247438414636204,"plaq_d"
"6417","PRRG3","Exc L6 CT",0.000206119762147454,4.75614918879761,8.99029568118209e-05,0.992440227832557,0.999571689696322,0.999571689696322,"plaq_d"
"6418","GABRA3","Exc L6 CT",0.0195105477192007,6.77290144633221,1.58893966031735,0.208321732930004,0.54418429817825,0.54418429817825,"plaq_d"
"6419","CETN2","Exc L6 CT",0.0269195395998503,3.39715035449554,0.49990355227059,0.480015404230348,0.789711731482214,0.789711731482214,"plaq_d"
"6420","NSDHL","Exc L6 CT",0.00782114555851727,2.43283977708055,0.0217851086795421,0.95718973752328,0.998742420766286,0.998742420766286,"plaq_d"
"6421","ZNF185","Exc L6 CT",0.073545939849077,2.25627822173431,1.29291571543455,0.25629319918071,0.60396086027263,0.60396086027263,"plaq_d"
"6422","PNMA5","Exc L6 CT",-0.0335722873494207,1.9097729243386,0.161752386026207,0.687795005040132,0.90212310849421,0.90212310849421,"plaq_d"
"6423","PNMA3","Exc L6 CT",-0.0387181615863373,5.17145134880494,2.90268539153622,0.089324322851242,0.366909138267272,0.366909138267272,"plaq_d"
"6424","PNMA6A","Exc L6 CT",0.00960684130370993,3.89020809231296,0.0848148000490457,0.77104897311323,0.943332471318999,0.943332471318999,"plaq_d"
"6425","PNMA6F","Exc L6 CT",-0.00453425776884275,3.19385138533149,0.0050830851047997,0.943203302971778,0.997507548890635,0.997507548890635,"plaq_d"
"6426","ZNF275","Exc L6 CT",0.00219051762371557,3.20318336607674,0.00276695415130223,0.958079311141525,0.998742420766286,0.998742420766286,"plaq_d"
"6427","ZFP92","Exc L6 CT",-0.0152833069975596,1.86582117384778,0.039468217347857,0.842639894191879,0.970063487947724,0.970063487947724,"plaq_d"
"6428","ATP2B3","Exc L6 CT",0.00356770160772295,5.64013537293571,0.0375237893001821,0.84651545898401,0.971364821464102,0.971364821464102,"plaq_d"
"6429","CCNQ","Exc L6 CT",-0.0357621455809721,2.80384881994785,0.525973517452526,0.468791722721323,0.78210319251016,0.78210319251016,"plaq_d"
"6430","PNCK","Exc L6 CT",-0.0439290079624929,5.09852067727404,3.817045596145,0.0515339964622817,0.279534066718541,0.279534066718541,"plaq_d"
"6431","SLC6A8","Exc L6 CT",0.00520229033675946,4.43084229835311,0.0442080928136134,0.833589912248859,0.96728960782902,0.96728960782902,"plaq_d"
"6432","BCAP31","Exc L6 CT",-0.0211981682037174,4.81890926939332,0.811438468343719,0.36831791773225,0.708390747317765,0.708390747317765,"plaq_d"
"6433","IDH3G","Exc L6 CT",-0.0547328408236095,3.6737122486277,2.41664642143565,0.131540782964216,0.442444184942257,0.442444184942257,"plaq_d"
"6434","SSR4","Exc L6 CT",0.0408036805849647,2.54636265004082,0.561410271060752,0.454198467784699,0.774445237738782,0.774445237738782,"plaq_d"
"6435","PDZD4","Exc L6 CT",0.0192362704980549,5.19634830507351,0.785928077817868,0.3759461071647,0.712602275525987,0.712602275525987,"plaq_d"
"6436","L1CAM","Exc L6 CT",0.0442147447009359,5.54496188768977,5.24540973623666,0.0226020828919932,0.179371325971959,0.179371325971959,"plaq_d"
"6437","ARHGAP4","Exc L6 CT",-0.035057415570921,2.82823585908896,0.533253092182121,0.465733410648342,0.780523653049306,0.780523653049306,"plaq_d"
"6438","HCFC1","Exc L6 CT",0.0857752443892833,3.83092783915052,7.42315433108845,0.00676392202587719,0.091863610063685,0.091863610063685,"plaq_d"
"6439","IRAK1","Exc L6 CT",0.0733198562695561,2.59875622401268,2.09148906086969,0.149021151588588,0.468612603379056,0.468612603379056,"plaq_d"
"6440","MECP2","Exc L6 CT",0.00867393179410053,6.30978725201822,0.384442343736611,0.535640858147252,0.823332214029863,0.823332214029863,"plaq_d"
"6441","FLNA","Exc L6 CT",0.0161317819462646,3.89379220693963,0.231250289954478,0.630900323818765,0.876683500163605,0.876683500163605,"plaq_d"
"6442","EMD","Exc L6 CT",-0.0514655426996808,3.5228696316922,2.16180653796435,0.142381297972892,0.458761143264503,0.458761143264503,"plaq_d"
"6443","RPL10","Exc L6 CT",-0.0405061481227461,5.7067921033559,2.39476509636836,0.122650411155632,0.427731424175503,0.427731424175503,"plaq_d"
"6444","DNASE1L1","Exc L6 CT",-0.0131273799650923,2.85204889751624,0.0606822893480121,0.805565940722015,0.957123434923475,0.957123434923475,"plaq_d"
"6445","TAZ","Exc L6 CT",-0.0695741815204269,5.25465837348775,11.0143864815879,0.000999631473945914,0.0276212950075343,0.0276212950075343,"plaq_d"
"6446","AC244090.1","Exc L6 CT",-0.0257877345992871,2.02241342639544,0.128174685120311,0.720549079084902,0.918048174914179,0.918048174914179,"plaq_d"
"6447","ATP6AP1","Exc L6 CT",0.00142939047514343,5.43876593337652,0.00465626667172072,0.945636266500273,0.997609533382524,0.997609533382524,"plaq_d"
"6448","GDI1","Exc L6 CT",0.0660464300279611,6.78394184884679,18.8516856298978,1.85482390517225e-05,0.00201844534132372,0.00201844534132372,"plaq_d"
"6449","FAM50A","Exc L6 CT",-0.0306988664066381,3.90062097341983,0.932884251435148,0.433359573493996,0.757698516826922,0.757698516826922,"plaq_d"
"6450","PLXNA3","Exc L6 CT",0.0537161086551583,3.83132620779897,1.39837949466702,0.237801939294178,0.582830131160585,0.582830131160585,"plaq_d"
"6451","LAGE3","Exc L6 CT",0.0168552947809807,3.55792780018978,0.212462434106774,0.64513194907086,0.882186642867737,0.882186642867737,"plaq_d"
"6452","UBL4A","Exc L6 CT",0.033976013141147,3.64279396933391,1.05893055377432,0.304173507659672,0.649701217099014,0.649701217099014,"plaq_d"
"6453","FAM3A","Exc L6 CT",-0.0680447510674763,3.55928393065735,3.75992446989694,0.0533025650122802,0.284844257961082,0.284844257961082,"plaq_d"
"6454","G6PD","Exc L6 CT",0.0242287029132065,3.04181254107173,0.357465278338887,0.650558921755319,0.88509053765613,0.88509053765613,"plaq_d"
"6455","IKBKG","Exc L6 CT",-0.0356063193167633,3.07662312026431,0.761403553282193,0.38349095662011,0.718453400458761,0.718453400458761,"plaq_d"
"6456","DKC1","Exc L6 CT",0.0193764839543889,3.57364837439865,0.326869201243835,0.713792532095805,0.914263531146121,0.914263531146121,"plaq_d"
"6457","MPP1","Exc L6 CT",0.0191122282525396,4.6604066190622,0.743535573345135,0.389124128960638,0.72311353155025,0.72311353155025,"plaq_d"
"6458","F8","Exc L6 CT",0.00765273243268198,3.54971497554365,0.0454047916207153,0.883550281678967,0.98372698028232,0.98372698028232,"plaq_d"
"6459","F8A1","Exc L6 CT",0.0259900903925847,2.62728658440247,0.200029379671283,0.654975214636338,0.887521008085911,0.887521008085911,"plaq_d"
"6460","FUNDC2","Exc L6 CT",0.0197544503094827,3.10603885091404,0.196142073829314,0.804564461893029,0.956836843734989,0.956836843734989,"plaq_d"
"6461","MTCP1","Exc L6 CT",-0.0366147037835927,2.60759818320531,0.369800483760692,0.543509483676706,0.828340294560607,0.828340294560607,"plaq_d"
"6462","BRCC3","Exc L6 CT",0.00983464047444688,5.1576989552499,0.217961126423142,0.640889833056061,0.880535411020716,0.880535411020716,"plaq_d"
"6463","VBP1","Exc L6 CT",0.0102576427723578,3.95324531361892,0.140669091083651,0.707845094863006,0.911673605118674,0.911673605118674,"plaq_d"
"6464","RAB39B","Exc L6 CT",0.0678694080497431,3.86057154564554,4.98754964111791,0.0261651962201538,0.193762430445131,0.193762430445131,"plaq_d"
"6465","CLIC2","Exc L6 CT",-0.0581158048602902,3.45167320900755,1.82824301370233,0.177212767307638,0.506885554969355,0.506885554969355,"plaq_d"
"6466","TMLHE-AS1","Exc L6 CT",0.0234058925531302,3.77056447970017,0.306472513776664,0.580208203920503,0.851009313799292,0.851009313799292,"plaq_d"
"6467","TMLHE","Exc L6 CT",0.0134194981196933,4.88658692135625,0.325353591568849,0.568775837627119,0.842570174776703,0.842570174776703,"plaq_d"
"6468","SPRY3","Exc L6 CT",0.111864211870201,2.85685285921349,5.01831714354772,0.0257108947176481,0.191481655641625,0.191481655641625,"plaq_d"
"6469","VAMP7","Exc L6 CT",0.0151713629453877,4.06511328241527,0.330523102735007,0.565722505496951,0.840815732927328,0.840815732927328,"plaq_d"
"6470","ZNF596","Exc L6 CT",-0.0619030412947681,3.93972742868963,3.98793026780665,0.0466052855608955,0.263937722633616,0.263937722633616,"plaq_d"
"6471","AC136777.1","Exc L6 CT",0.0297686001814127,2.61946882977717,0.309948423296714,0.578069475789674,0.849299406489282,0.849299406489282,"plaq_d"
"6472","FBXO25","Exc L6 CT",-0.0163554220604059,5.67383988690725,0.82910012800521,0.363162759469354,0.7039304006087,0.7039304006087,"plaq_d"
"6473","TDRP","Exc L6 CT",-0.0178539577965479,5.20971537987262,0.794739475544903,0.373286459733411,0.710955389314004,0.710955389314004,"plaq_d"
"6474","ERICH1","Exc L6 CT",-0.00878405898616325,5.62906755358924,0.134740858981887,0.713789303735519,0.914263531146121,0.914263531146121,"plaq_d"
"6475","DLGAP2","Exc L6 CT",0.0205452950346907,10.2730616314899,4.86483536975541,0.0280622385867283,0.201087101391011,0.201087101391011,"plaq_d"
"6476","AC100810.1","Exc L6 CT",0.0103719028785692,2.03979946892671,0.0247446741822596,0.99282739777197,0.999571689696322,0.999571689696322,"plaq_d"
"6477","AC019257.8","Exc L6 CT",0.0199561669695445,2.20179763536242,0.0954729754564254,0.757516202047325,0.937371276885589,0.937371276885589,"plaq_d"
"6478","KBTBD11","Exc L6 CT",0.0353382928305786,4.9963768104105,2.66592806722474,0.103421934007222,0.394609637415312,0.394609637415312,"plaq_d"
"6479","MYOM2","Exc L6 CT",-0.00181374372575266,4.57438951448871,0.00172959553337626,0.966850652382787,0.998742420766286,0.998742420766286,"plaq_d"
"6480","CSMD1","Exc L6 CT",0.0206535365875709,12.7973005061373,5.55296639351413,0.0190027977042729,0.163419519564345,0.163419519564345,"plaq_d"
"6481","AC009435.1","Exc L6 CT",-0.00311016077611707,4.46732704340365,0.00743157865162967,0.931351730223244,0.99444705473932,0.99444705473932,"plaq_d"
"6482","AC016065.1","Exc L6 CT",-0.0559768682598873,1.81501235726094,0.459372588036568,0.49836745312931,0.802294265688739,0.802294265688739,"plaq_d"
"6483","MCPH1","Exc L6 CT",0.0120987480094882,7.20331353938299,0.825025056596509,0.364343265729689,0.704785101511474,0.704785101511474,"plaq_d"
"6484","ANGPT2","Exc L6 CT",-0.0691326427324179,3.20344629109642,2.33555533467395,0.127357770903853,0.435104443371348,0.435104443371348,"plaq_d"
"6485","MCPH1-AS1","Exc L6 CT",-0.0864844007658889,5.23903477699461,14.0625248370418,0.000207021037390708,0.0101715865333673,0.0101715865333673,"plaq_d"
"6486","AGPAT5","Exc L6 CT",-0.00644025969093024,6.03405416920571,0.124657081260034,0.724251033866398,0.919835095953581,0.919835095953581,"plaq_d"
"6487","FAM66B","Exc L6 CT",-0.0472319234002344,4.30426984010041,1.71798024962329,0.190817071107827,0.524037114778383,0.524037114778383,"plaq_d"
"6488","FAM85B","Exc L6 CT",-0.0230745719684502,7.33601131994186,1.06052902662574,0.303809359434259,0.649486120940836,0.649486120940836,"plaq_d"
"6489","PRAG1","Exc L6 CT",-0.158252488923876,3.00369109163027,4.70610043763661,0.0307318229997351,0.211335214972231,0.211335214972231,"plaq_d"
"6490","MFHAS1","Exc L6 CT",-0.00105236574090353,6.42173562182618,0.00453714456398568,0.946335102701379,0.997908008972242,0.997908008972242,"plaq_d"
"6491","ERI1","Exc L6 CT",-0.0301609322088326,4.33664430996168,1.09541662481259,0.296000152553463,0.64388382606001,0.64388382606001,"plaq_d"
"6492","TNKS","Exc L6 CT",0.0249778601413919,7.86252166280727,7.17168520092085,0.00775732866178668,0.0989459441847147,0.0989459441847147,"plaq_d"
"6493","LINC00599","Exc L6 CT",-0.0462852885397357,7.01462146715387,7.29355655829423,0.00725842077138151,0.0953396217379637,0.0953396217379637,"plaq_d"
"6494","AC034111.1","Exc L6 CT",-0.0344281588513641,2.42111465896207,0.3612411765735,0.673354099834222,0.895548968504857,0.895548968504857,"plaq_d"
"6495","MSRA","Exc L6 CT",0.00940207934209672,9.04361548407909,0.61661954489591,0.432840233002764,0.757683990067688,0.757683990067688,"plaq_d"
"6496","AC104964.1","Exc L6 CT",0.0352967651520184,5.14797451932286,2.03972074515965,0.154134100134566,0.475001697369973,0.475001697369973,"plaq_d"
"6497","PRSS51","Exc L6 CT",-0.0454219532543299,3.14607678216258,0.65614153252236,0.418478672016912,0.746439431003449,0.746439431003449,"plaq_d"
"6498","AC104964.4","Exc L6 CT",-0.0514075135005712,3.46813514381253,1.83843557327476,0.176013099574758,0.504870826995923,0.504870826995923,"plaq_d"
"6499","PRSS55","Exc L6 CT",-0.0754094026375717,2.8080534130805,1.16720373808284,0.280724275505516,0.627434663899613,0.627434663899613,"plaq_d"
"6500","SOX7","Exc L6 CT",-0.0450631354792825,2.4701909088606,0.552093806673141,0.457964434953381,0.775664661561659,0.775664661561659,"plaq_d"
"6501","PINX1","Exc L6 CT",-0.0791237220556241,4.0489966017448,5.22657544303187,0.0228443485992246,0.180300023264494,0.180300023264494,"plaq_d"
"6502","XKR6","Exc L6 CT",-0.0012653484157905,8.99516443432905,0.0111547656063386,0.915947748044362,0.99087914169174,0.99087914169174,"plaq_d"
"6503","MTMR9","Exc L6 CT",0.0102727134283949,5.76165078102477,0.375419780356067,0.540464698717152,0.826660625024662,0.826660625024662,"plaq_d"
"6504","NEIL2","Exc L6 CT",0.021767374885842,3.48283956150552,0.369746821466597,0.543538712834367,0.828340294560607,0.828340294560607,"plaq_d"
"6505","FDFT1","Exc L6 CT",0.0205899866858398,4.91820992430166,0.581935473181848,0.446071166118888,0.767047686879503,0.767047686879503,"plaq_d"
"6506","CTSB","Exc L6 CT",0.0329446090781879,6.07046181015895,4.60224693318702,0.0326213112942109,0.218833363183346,0.218833363183346,"plaq_d"
"6507","FAM66D","Exc L6 CT",-0.0244740309959932,7.16149987717716,0.670026789426409,0.41360210487754,0.743383456553427,0.743383456553427,"plaq_d"
"6508","AC145124.1","Exc L6 CT",-0.0893300033123254,3.19941537889599,2.49375598486061,0.115206637671796,0.415563707322269,0.415563707322269,"plaq_d"
"6509","FAM66A","Exc L6 CT",-0.071915616298285,4.61170845009088,1.28262908882673,0.258190043770053,0.605514483115005,0.605514483115005,"plaq_d"
"6510","LONRF1","Exc L6 CT",0.0169924378375941,6.29964827748265,0.676728316460114,0.411278595371268,0.742626048729405,0.742626048729405,"plaq_d"
"6511","TRMT9B","Exc L6 CT",-0.0253181231679474,8.13673004376871,4.97580732465353,0.026340781465071,0.194404003184645,0.194404003184645,"plaq_d"
"6512","DLC1","Exc L6 CT",-0.00233265747358647,9.9479997940118,0.060658513304243,0.805603269030824,0.957123434923475,0.957123434923475,"plaq_d"
"6513","SGCZ","Exc L6 CT",0.148097224017172,9.09138208426301,12.7561592513752,0.000404751322796191,0.0155796792592887,0.0155796792592887,"plaq_d"
"6514","TUSC3","Exc L6 CT",0.0238183253053,7.71189596389265,4.91595014841116,0.0272551612461628,0.198264427134795,0.198264427134795,"plaq_d"
"6515","MICU3","Exc L6 CT",0.026690820622456,7.40018117622491,6.73838403439594,0.00983549807349851,0.114094947837296,0.114094947837296,"plaq_d"
"6516","AC079193.2","Exc L6 CT",0.0821106641680168,2.42756274221242,1.69780055329976,0.193436877272232,0.527408576744517,0.527408576744517,"plaq_d"
"6517","ZDHHC2","Exc L6 CT",0.0538270672687286,5.67495389408301,5.71957553933812,0.0173069278747913,0.155243635212567,0.155243635212567,"plaq_d"
"6518","CNOT7","Exc L6 CT",-0.00143876217649975,5.26834833528515,0.00581544905708722,0.939256768218231,0.99647134457755,0.99647134457755,"plaq_d"
"6519","VPS37A","Exc L6 CT",0.0271661038763858,5.30375683745805,1.95693970608021,0.162731093920002,0.487549808131603,0.487549808131603,"plaq_d"
"6520","MTMR7","Exc L6 CT",-0.00591576889374505,6.61820419109507,0.18015107184708,0.671505569844241,0.895175682457819,0.895175682457819,"plaq_d"
"6521","PDGFRL","Exc L6 CT",0.0822042848858173,2.24006183644534,1.21668393948013,0.270774173727958,0.618110489548646,0.618110489548646,"plaq_d"
"6522","MTUS1","Exc L6 CT",0.162800978318058,1.85663749830355,2.83577050364874,0.0930827498500277,0.375522661727656,0.375522661727656,"plaq_d"
"6523","PCM1","Exc L6 CT",-0.0110381020097063,7.86596707039979,1.08396040038483,0.298535630813061,0.645885022720895,0.645885022720895,"plaq_d"
"6524","ASAH1","Exc L6 CT",0.00300779907355233,5.9009151030572,0.0252354678212631,0.873873831310405,0.980302874204998,0.980302874204998,"plaq_d"
"6525","AC124242.1","Exc L6 CT",0.0652603884417477,2.79234467921074,1.77759130722074,0.183316981388433,0.513730049458416,0.513730049458416,"plaq_d"
"6526","PSD3","Exc L6 CT",0.0429685139917081,8.37510653680882,12.8022828815126,0.000395241103956533,0.0153534318771185,0.0153534318771185,"plaq_d"
"6527","CSGALNACT1","Exc L6 CT",0.0214240940446028,4.96539898494761,0.149800827004251,0.698962212224109,0.90858877633365,0.90858877633365,"plaq_d"
"6528","INTS10","Exc L6 CT",-0.000279790106825748,6.37820765173784,0.000372752754953924,0.98460741293064,0.999571689696322,0.999571689696322,"plaq_d"
"6529","LPL","Exc L6 CT",0.149900891385695,1.82626617216562,2.01014506087309,0.157144639801049,0.479952715223437,0.479952715223437,"plaq_d"
"6530","ATP6V1B2","Exc L6 CT",0.0701928078051572,6.45911649039621,24.1271029566405,1.38987741089597e-06,0.000354794168834941,0.000354794168834941,"plaq_d"
"6531","LZTS1","Exc L6 CT",-0.00598404055665613,5.24328990701058,0.048970419895527,0.824994317208437,0.963985585882276,0.963985585882276,"plaq_d"
"6532","AC015468.3","Exc L6 CT",-0.059874335931048,3.73264852709515,1.7413164089964,0.187839090076351,0.521234536784251,0.521234536784251,"plaq_d"
"6533","LINC02153","Exc L6 CT",-0.0860842899620137,3.4506415479013,2.37987076786375,0.123816018387808,0.429300433697226,0.429300433697226,"plaq_d"
"6534","GFRA2","Exc L6 CT",-0.0678922540384547,5.67098686392647,6.58222858765186,0.0107182373569954,0.120045932710598,0.120045932710598,"plaq_d"
"6535","XPO7","Exc L6 CT",0.0234016520976127,6.31440725616153,3.01836371070359,0.0832107251801159,0.353586947237094,0.353586947237094,"plaq_d"
"6536","NPM2","Exc L6 CT",0.00238297079198124,5.33271052640558,0.0116678375697315,0.914043815379659,0.990036473268044,0.990036473268044,"plaq_d"
"6537","FGF17","Exc L6 CT",0.057090564768608,4.72744092447429,4.2511405909556,0.0399656616893448,0.242837879117393,0.242837879117393,"plaq_d"
"6538","DMTN","Exc L6 CT",0.0491818627621345,6.65183685310616,12.8113450031393,0.000393399389477454,0.0153534318771185,0.0153534318771185,"plaq_d"
"6539","FAM160B2","Exc L6 CT",-0.0321204422254366,4.23097753136096,1.27281073698029,0.35289944290097,0.696244510389889,0.696244510389889,"plaq_d"
"6540","HR","Exc L6 CT",-0.0327465490719314,3.42235084866409,0.803307717397609,0.370725468059281,0.710346485926012,0.710346485926012,"plaq_d"
"6541","LGI3","Exc L6 CT",0.0753652355625162,4.96681188192886,9.73139617011442,0.00196264175902788,0.043401214689655,0.043401214689655,"plaq_d"
"6542","SFTPC","Exc L6 CT",0.0754181085857662,2.65296330421759,1.88325321181192,0.170848220134265,0.498191943976348,0.498191943976348,"plaq_d"
"6543","BMP1","Exc L6 CT",0.106063523496881,2.41809732240285,3.32925101084262,0.0689146253249625,0.32188525680767,0.32188525680767,"plaq_d"
"6544","PHYHIP","Exc L6 CT",0.053374162902964,7.12417441325156,10.1356123903439,0.00158542670621741,0.0379132937918702,0.0379132937918702,"plaq_d"
"6545","POLR3D","Exc L6 CT",0.0626577200066501,2.86575247203873,2.04776544947689,0.15332662468593,0.474969345342743,0.474969345342743,"plaq_d"
"6546","PIWIL2","Exc L6 CT",-0.107516558396141,2.51676607781409,2.26955519274661,0.1328444194839,0.444543994163231,0.444543994163231,"plaq_d"
"6547","SLC39A14","Exc L6 CT",0.0221944850984425,5.41836715024035,1.51510531257178,0.219192510194687,0.558593623077132,0.558593623077132,"plaq_d"
"6548","PPP3CC","Exc L6 CT",-0.0124501852274389,6.57504333370814,0.908720327304296,0.341115460007657,0.685086239156004,0.685086239156004,"plaq_d"
"6549","SORBS3","Exc L6 CT",-0.000196485589404034,2.40418360850707,2.02444306839854e-05,0.996412602014514,0.999906738276838,0.999906738276838,"plaq_d"
"6550","CCAR2","Exc L6 CT",0.00610052312329516,4.00904495198397,0.0389202201501103,0.971962409963009,0.999088296211026,0.999088296211026,"plaq_d"
"6551","BIN3","Exc L6 CT",-0.0186711860028651,5.2325280990422,0.959571625389071,0.330470176615734,0.674719708205943,0.674719708205943,"plaq_d"
"6552","EGR3","Exc L6 CT",0.0357532900085767,3.49384586082011,0.412130801428919,0.521312378622845,0.815031820444665,0.815031820444665,"plaq_d"
"6553","PEBP4","Exc L6 CT",-0.0242881480336455,3.6699418979321,0.30880556289123,0.578770937991459,0.849769140573691,0.849769140573691,"plaq_d"
"6554","RHOBTB2","Exc L6 CT",-0.0217905205854573,5.58133653580886,1.30333054071393,0.283397455229335,0.629742946699633,0.629742946699633,"plaq_d"
"6555","TNFRSF10B","Exc L6 CT",-0.0316723475789085,3.04597785936893,0.363719325950075,0.546840454443851,0.830325406831946,0.830325406831946,"plaq_d"
"6556","CHMP7","Exc L6 CT",0.0307707101024712,4.11798547166879,1.2785852301998,0.2940696312655,0.641677263877651,0.641677263877651,"plaq_d"
"6557","R3HCC1","Exc L6 CT",0.0230576164790179,3.31559359674579,0.348077541079479,0.670378968784207,0.894750197906309,0.894750197906309,"plaq_d"
"6558","LOXL2","Exc L6 CT",0.02167764885593,3.64021896418618,0.312658894231801,0.576412601399025,0.848416159876079,0.848416159876079,"plaq_d"
"6559","ENTPD4","Exc L6 CT",-5.93779692839089e-05,4.94207537548609,1.08841807199452e-05,0.997369578609985,0.999906738276838,0.999906738276838,"plaq_d"
"6560","SLC25A37","Exc L6 CT",-0.0296323358012335,5.50837315318426,1.96069951388581,0.162328943634848,0.48708911624913,0.48708911624913,"plaq_d"
"6561","AC023202.1","Exc L6 CT",0.183019371139218,2.49283630725355,10.5459793074503,0.00127763840182247,0.0324546417487918,0.0324546417487918,"plaq_d"
"6562","ADAM28","Exc L6 CT",0.00592655190702235,3.09600191874175,0.0098688791470893,0.920923715613158,0.992039644565027,0.992039644565027,"plaq_d"
"6563","AC120193.1","Exc L6 CT",0.0866330281095103,8.18367163389861,13.8575596809182,0.000229893448315546,0.01092259432987,0.01092259432987,"plaq_d"
"6564","AF106564.1","Exc L6 CT",-0.0150259869328887,3.53012362749987,0.168454683146337,0.692378291042886,0.904768104013992,0.904768104013992,"plaq_d"
"6565","NEFM","Exc L6 CT",0.0890269837490433,6.38325178588623,14.4969789467789,0.000165861899922643,0.00879986601057235,0.00879986601057235,"plaq_d"
"6566","NEFL","Exc L6 CT",0.0605623604464211,6.76664111600443,9.52838212640121,0.00218543506707633,0.0464719693140782,0.0464719693140782,"plaq_d"
"6567","AC107373.2","Exc L6 CT",-0.0405574260120701,1.89033661130732,0.28720946765747,0.592356509320524,0.856624615439576,0.856624615439576,"plaq_d"
"6568","KCTD9","Exc L6 CT",0.00833328838768964,3.91302934087998,0.0711247545669034,0.789863992402438,0.951488801543731,0.951488801543731,"plaq_d"
"6569","PPP2R2A","Exc L6 CT",0.0134729168504285,6.29519172882849,1.09687366275033,0.295679672067593,0.643574925776394,0.643574925776394,"plaq_d"
"6570","BNIP3L","Exc L6 CT",0.0656306212972357,7.37519429904985,14.3060299656796,0.000182820289190194,0.00943326481427251,0.00943326481427251,"plaq_d"
"6571","PNMA2","Exc L6 CT",0.0767001410724062,7.37299226493499,35.1796819877492,7.25163138063787e-09,7.45674895397591e-06,7.45674895397591e-06,"plaq_d"
"6572","DPYSL2","Exc L6 CT",0.0287545574538183,8.13626237549191,7.22963523971004,0.00751584632710916,0.0973391280632422,0.0973391280632422,"plaq_d"
"6573","ADRA1A","Exc L6 CT",0.0137846210408318,3.29781072682166,0.0251423576295381,0.874104774806151,0.980302874204998,0.980302874204998,"plaq_d"
"6574","STMN4","Exc L6 CT",0.00621168424138152,6.23875986280627,0.097999464308765,0.754431114020431,0.936032949878318,0.936032949878318,"plaq_d"
"6575","TRIM35","Exc L6 CT",0.0155245452199737,3.40790835308585,0.136885109856093,0.711622415235775,0.913318414427557,0.913318414427557,"plaq_d"
"6576","PTK2B","Exc L6 CT",0.00661681312885078,7.76714733915799,0.1770132209129,0.674212245728482,0.895548968504857,0.895548968504857,"plaq_d"
"6577","EPHX2","Exc L6 CT",0.00195084576044282,2.92624540971283,0.00145881145309919,0.969554581897821,0.998742420766286,0.998742420766286,"plaq_d"
"6578","CLU","Exc L6 CT",0.0569687340217744,7.99922683650275,9.31762517557167,0.00244410531013856,0.0500502703339327,0.0500502703339327,"plaq_d"
"6579","SCARA3","Exc L6 CT",0.0234580708643487,5.10948632967728,0.855092643566409,0.355756033771682,0.698227395366595,0.698227395366595,"plaq_d"
"6580","CCDC25","Exc L6 CT",0.00470908414994471,4.91889093871865,0.0441150384040464,0.833762574160947,0.96728960782902,0.96728960782902,"plaq_d"
"6581","AC013643.2","Exc L6 CT",-0.0152468897360765,3.77020679082451,0.175290015067695,0.675710696791167,0.895886092374806,0.895886092374806,"plaq_d"
"6582","ELP3","Exc L6 CT",-0.0184336751973057,5.58282307746611,1.14157303863835,0.286060341518918,0.632647291399224,0.632647291399224,"plaq_d"
"6583","ZNF395","Exc L6 CT",-0.0348078257042415,3.02541415894603,0.652107470531066,0.419911505745036,0.747779074307959,0.747779074307959,"plaq_d"
"6584","FBXO16","Exc L6 CT",-0.0427337864230152,6.69066788443274,7.37397965043102,0.00694735039518524,0.092863562014008,0.092863562014008,"plaq_d"
"6585","AC025871.1","Exc L6 CT",-0.0780210909944333,2.14869199891107,1.21425279985623,0.271252587588783,0.618215408680851,0.618215408680851,"plaq_d"
"6586","FZD3","Exc L6 CT",0.0291520487292702,7.53675284059158,6.64271969561829,0.0103669776741942,0.117894833385193,0.117894833385193,"plaq_d"
"6587","EXTL3","Exc L6 CT",0.0222453452355902,5.50805920481918,1.25745469527552,0.262906176479594,0.609377065473558,0.609377065473558,"plaq_d"
"6588","INTS9","Exc L6 CT",0.00158596513161883,5.39832542626163,0.00673150000170064,0.934657499216726,0.995676697651708,0.995676697651708,"plaq_d"
"6589","HMBOX1","Exc L6 CT",0.024377289342532,6.85792873932952,4.51570099565793,0.0342889268510327,0.224068720357452,0.224068720357452,"plaq_d"
"6590","KIF13B","Exc L6 CT",0.0503939651496148,4.84476932595966,4.88222237235007,0.0277849389150717,0.200380659947392,0.200380659947392,"plaq_d"
"6591","DUSP4","Exc L6 CT",-0.179569366151603,2.69284880038683,5.74408417236011,0.0170710368774426,0.153948682735597,0.153948682735597,"plaq_d"
"6592","SARAF","Exc L6 CT",0.0166414627248019,7.18509023781585,2.25730160612104,0.133891948680898,0.446285828481179,0.446285828481179,"plaq_d"
"6593","LEPROTL1","Exc L6 CT",-0.0036764720231629,4.7652173595071,0.0291571977664934,0.864515759135306,0.97734952634772,0.97734952634772,"plaq_d"
"6594","AC026979.2","Exc L6 CT",0.0239560505060714,2.17394990146541,0.140214629331709,0.708295672338642,0.911731600205593,0.911731600205593,"plaq_d"
"6595","DCTN6","Exc L6 CT",0.0731332658027664,4.00792932845199,6.68468340529036,0.0101302897045883,0.116609763689887,0.116609763689887,"plaq_d"
"6596","RBPMS","Exc L6 CT",-0.0442539127887313,2.66013326214921,0.541497009209242,0.462308388867918,0.77740819602179,0.77740819602179,"plaq_d"
"6597","GTF2E2","Exc L6 CT",-0.00283059587387077,5.22894837078771,0.0192729710643642,0.889667013374939,0.984904368079323,0.984904368079323,"plaq_d"
"6598","SMIM18","Exc L6 CT",0.00824261314297002,1.96807498815251,0.0174343068785341,0.895029680170846,0.986135563733315,0.986135563733315,"plaq_d"
"6599","GSR","Exc L6 CT",-0.0120917735050271,5.26052496238715,0.350006168479091,0.554493534729542,0.834108968827573,0.834108968827573,"plaq_d"
"6600","UBXN8","Exc L6 CT",-0.0785575929269727,2.61457156675939,2.17157797130466,0.141485358792418,0.45740472157549,0.45740472157549,"plaq_d"
"6601","PPP2CB","Exc L6 CT",0.029527306908421,6.27409015212817,4.18191693879582,0.041608854722055,0.247438414636204,0.247438414636204,"plaq_d"
"6602","TEX15","Exc L6 CT",0.0465272479209338,4.36866891841874,1.3740863605652,0.241912419500845,0.587280133412169,0.587280133412169,"plaq_d"
"6603","PURG","Exc L6 CT",0.0313825440436854,6.11349674616545,3.7176194979665,0.0546539645244204,0.286967611230717,0.286967611230717,"plaq_d"
"6604","WRN","Exc L6 CT",-0.0362714869811186,6.3705527693521,6.35028080343674,0.012182923514729,0.129116559320027,0.129116559320027,"plaq_d"
"6605","NRG1","Exc L6 CT",0.0441999804881031,10.7361231448696,6.95919074769549,0.00871320117630484,0.10576327498658,0.10576327498658,"plaq_d"
"6606","FUT10","Exc L6 CT",-0.0663259921930998,4.49039370947615,5.02773059286336,0.025573550109289,0.191115105013853,0.191115105013853,"plaq_d"
"6607","TTI2","Exc L6 CT",-0.0647996249798693,3.86496000688293,4.23437681956967,0.0403572073526262,0.243886952855674,0.243886952855674,"plaq_d"
"6608","MAK16","Exc L6 CT",0.00624209416910415,2.66833526925146,0.014561336884253,0.957336017155643,0.998742420766286,0.998742420766286,"plaq_d"
"6609","DUSP26","Exc L6 CT",0.0234787416373223,4.57802534151718,0.923124282043802,0.337322679504697,0.681386865321753,0.681386865321753,"plaq_d"
"6610","AF279873.3","Exc L6 CT",0.0619074148402408,4.23169794253732,2.09355155460334,0.148821473728421,0.468189234220792,0.468189234220792,"plaq_d"
"6611","UNC5D","Exc L6 CT",-0.00795850321288221,4.87100644117982,0.00765335056314975,0.93033754464286,0.994370823812207,0.994370823812207,"plaq_d"
"6612","AC100818.1","Exc L6 CT",-0.586552347693261,1.06166287962675,15.0898994020922,0.000122747444567809,0.00733224984231609,0.00733224984231609,"plaq_d"
"6613","AC137579.1","Exc L6 CT",0.0817014712653805,1.2974292047792,0.313241235136128,0.576057855583947,0.848207925640431,0.848207925640431,"plaq_d"
"6614","ERLIN2","Exc L6 CT",-0.0218388665408774,2.84066955075445,0.219646519699283,0.754907632034347,0.936382067100333,0.936382067100333,"plaq_d"
"6615","PLPBP","Exc L6 CT",-0.00996841996283263,4.18102844525157,0.128385510614196,0.788792085561452,0.951202116245825,0.951202116245825,"plaq_d"
"6616","ADGRA2","Exc L6 CT",-0.0286889368332227,3.93931280824816,0.730549448353471,0.393292840622166,0.726878467891648,0.726878467891648,"plaq_d"
"6617","BRF2","Exc L6 CT",-0.0088520766488618,2.690261803024,0.0338445884744997,0.898229122404252,0.986539374335313,0.986539374335313,"plaq_d"
"6618","RAB11FIP1","Exc L6 CT",0.0207958564311209,3.79538154948148,0.432349106677689,0.511272944251415,0.808911452406129,0.808911452406129,"plaq_d"
"6619","EIF4EBP1","Exc L6 CT",-0.131088079991034,2.25183474178959,4.1525768663876,0.0425011182862695,0.249852971641077,0.249852971641077,"plaq_d"
"6620","ASH2L","Exc L6 CT",0.0146423126622434,5.21299182861635,0.596987512823205,0.525338264673521,0.817207495258297,0.817207495258297,"plaq_d"
"6621","AC084024.3","Exc L6 CT",0.0227997207068074,1.8000969240225,0.0789839136601307,0.938311214081717,0.996248409160424,0.996248409160424,"plaq_d"
"6622","LSM1","Exc L6 CT",0.0138710203943572,3.53341770996402,0.173057609478478,0.779790039204869,0.9474773257548,0.9474773257548,"plaq_d"
"6623","BAG4","Exc L6 CT",0.0317547683782045,5.8542637954543,4.40172256988973,0.036622899430838,0.232032563333414,0.232032563333414,"plaq_d"
"6624","DDHD2","Exc L6 CT",0.021497488119427,5.94262407500686,1.99145229237339,0.159081980126828,0.48261223992459,0.48261223992459,"plaq_d"
"6625","PLPP5","Exc L6 CT",0.00823372971158291,3.33540090217606,0.0450009872772043,0.832126335254272,0.96704282002414,0.96704282002414,"plaq_d"
"6626","NSD3","Exc L6 CT",0.0170621998591394,8.11954838119245,3.32339453906656,0.0691580217975057,0.322270419233624,0.322270419233624,"plaq_d"
"6627","LETM2","Exc L6 CT",-0.0347089790590439,3.06509558662832,0.601139184249278,0.438669940087882,0.760854512952428,0.760854512952428,"plaq_d"
"6628","FGFR1","Exc L6 CT",0.02833096921632,4.69382332056853,0.592970687911009,0.441794776239277,0.764029675036979,0.764029675036979,"plaq_d"
"6629","C8orf86","Exc L6 CT",0.0258517726439467,1.63197289206232,0.0744095493097105,0.785183161601489,0.949714064393802,0.949714064393802,"plaq_d"
"6630","AC069120.1","Exc L6 CT",0.0384793814713866,4.52877635700843,1.08408750210389,0.298507347641886,0.645885022720895,0.645885022720895,"plaq_d"
"6631","TACC1","Exc L6 CT",-0.0110348450759415,7.54103439288218,0.642266154646346,0.423437924699496,0.750264252157266,0.750264252157266,"plaq_d"
"6632","PLEKHA2","Exc L6 CT",0.0179939660063076,4.79580350649466,0.447114289421016,0.504151572760671,0.805655989914788,0.805655989914788,"plaq_d"
"6633","TM2D2","Exc L6 CT",0.00313119558062664,3.16422360609047,0.00601773259833304,0.938211445213254,0.996248409160424,0.996248409160424,"plaq_d"
"6634","ADAM9","Exc L6 CT",0.0340588790616766,5.59456551934918,3.26370394970311,0.0716921816932884,0.327852810564352,0.327852810564352,"plaq_d"
"6635","ADAM32","Exc L6 CT",0.0369647548659249,4.99069124838502,1.87389056513743,0.171912572685082,0.499066980448564,0.499066980448564,"plaq_d"
"6636","AC010857.1","Exc L6 CT",0.0124005125455022,2.25117775444195,0.0398770121796029,0.841837808690712,0.969682916779604,0.969682916779604,"plaq_d"
"6637","ZMAT4","Exc L6 CT",0.00827907811227883,7.9071488521451,0.245498934505543,0.620574952570705,0.871499203499209,0.871499203499209,"plaq_d"
"6638","GOLGA7","Exc L6 CT",-0.0110406984723147,4.17926013389789,0.193325219729582,0.660436125044063,0.890240067542601,0.890240067542601,"plaq_d"
"6639","AC009630.1","Exc L6 CT",-0.042069579754049,3.03385851562521,0.738405417368377,0.390763355998973,0.72473966412796,0.72473966412796,"plaq_d"
"6640","GPAT4","Exc L6 CT",0.0365618754712324,4.51616947422516,2.63103464673606,0.105698475977039,0.398855900436555,0.398855900436555,"plaq_d"
"6641","KAT6A","Exc L6 CT",0.00144393670831213,6.38698421591469,0.0124439911315861,0.911242402150809,0.989757478599898,0.989757478599898,"plaq_d"
"6642","AP3M2","Exc L6 CT",0.0171149698607793,5.19016820699241,0.819462758123071,0.365963223238383,0.706516733326922,0.706516733326922,"plaq_d"
"6643","IKBKB","Exc L6 CT",0.0111277945460581,4.89102044816235,0.256987665552563,0.612518143422481,0.868412126583509,0.868412126583509,"plaq_d"
"6644","POLB","Exc L6 CT",-0.00248822946919409,4.61122112441342,0.0103042468087047,0.919204177732294,0.991729246317899,0.991729246317899,"plaq_d"
"6645","VDAC3","Exc L6 CT",0.00494218494888346,6.13762408667022,0.0907028015854756,0.763465349271564,0.939670734313362,0.939670734313362,"plaq_d"
"6646","SLC20A2","Exc L6 CT",0.00504846443704971,6.80578210778747,0.129590346488267,0.719075407360481,0.917664676969392,0.917664676969392,"plaq_d"
"6647","SMIM19","Exc L6 CT",-0.0193032123785234,4.36288362282623,0.451352653274312,0.502138798015505,0.804689882146492,0.804689882146492,"plaq_d"
"6648","CHRNA6","Exc L6 CT",-0.0369826091015568,2.08294077246172,0.278970757903046,0.597713061600618,0.859003695660694,0.859003695660694,"plaq_d"
"6649","THAP1","Exc L6 CT",0.017483168633412,2.88910370310395,0.142390414936649,0.706145973589021,0.91073978102379,0.91073978102379,"plaq_d"
"6650","RNF170","Exc L6 CT",-0.00474456236814576,5.92993977660609,0.102057779237239,0.749565635349449,0.933349594630062,0.933349594630062,"plaq_d"
"6651","HOOK3","Exc L6 CT",-0.00155309234596596,6.87010764557494,0.017483228976721,0.894883363193543,0.986125298265022,0.986125298265022,"plaq_d"
"6652","FNTA","Exc L6 CT",-0.0185158687100919,3.84033370671941,0.368024870324153,0.544478183860566,0.828650548249287,0.828650548249287,"plaq_d"
"6653","POMK","Exc L6 CT",-0.000549741337268938,3.69962623707975,0.000275153321192714,0.986775000873792,0.999571689696322,0.999571689696322,"plaq_d"
"6654","HGSNAT","Exc L6 CT",-0.0336638127745963,6.33961033588814,4.54754243017921,0.0336652170440227,0.222212042441885,0.222212042441885,"plaq_d"
"6655","AC120036.4","Exc L6 CT",0.0846255096665473,2.85841292286506,3.08597206134678,0.0798490323655706,0.34734250692442,0.34734250692442,"plaq_d"
"6656","SPIDR","Exc L6 CT",0.0161737141418382,8.70750450919604,2.49946069363111,0.114793201797511,0.414916937019916,0.414916937019916,"plaq_d"
"6657","CEBPD","Exc L6 CT",0.0360770718654795,4.42183284839469,0.999521180973314,0.318120654729222,0.662801449481945,0.662801449481945,"plaq_d"
"6658","PRKDC","Exc L6 CT",0.0127478425702719,6.92620546891448,1.16272180779877,0.281648199528044,0.627848623274301,0.627848623274301,"plaq_d"
"6659","MCM4","Exc L6 CT",0.0749074017654191,3.61797089981956,5.14056649456908,0.0239855593640487,0.184354571598956,0.184354571598956,"plaq_d"
"6660","UBE2V2","Exc L6 CT",0.00721263951388973,5.6812728663203,0.185101863846738,0.722492830393094,0.919304117583434,0.919304117583434,"plaq_d"
"6661","SNTG1","Exc L6 CT",0.0645287859337751,10.2814801863368,10.4901770728872,0.00131562942753659,0.0330537543434848,0.0330537543434848,"plaq_d"
"6662","PXDNL","Exc L6 CT",0.0702333616139992,4.511430236077,5.75724099725195,0.0169457822895065,0.153948682735597,0.153948682735597,"plaq_d"
"6663","PCMTD1","Exc L6 CT",-0.00466968863923989,6.94722456702885,0.153617400172001,0.695341909364872,0.906448396927339,0.906448396927339,"plaq_d"
"6664","AC064807.1","Exc L6 CT",-0.0589705787096023,3.19928782651151,1.8907017029145,0.170006893462299,0.497249976671279,0.497249976671279,"plaq_d"
"6665","RB1CC1","Exc L6 CT",0.0069285195411858,7.08748280818265,0.361813840569937,0.547892009082802,0.830796090709115,0.830796090709115,"plaq_d"
"6666","ATP6V1H","Exc L6 CT",0.054852199976742,7.09235256031535,17.438459168005,3.75471861009269e-05,0.00327593509762996,0.00327593509762996,"plaq_d"
"6667","TCEA1","Exc L6 CT",0.00457383008746811,4.77311819114779,0.0415525460471973,0.838594165526956,0.968820749155593,0.968820749155593,"plaq_d"
"6668","LYPLA1","Exc L6 CT",-0.0324069622744159,5.02535038475821,2.07766340407362,0.153465970405141,0.474969345342743,0.474969345342743,"plaq_d"
"6669","MRPL15","Exc L6 CT",0.0723960194989553,3.73123098732026,6.06371094539228,0.0142823523771429,0.140347266089659,0.140347266089659,"plaq_d"
"6670","RP1","Exc L6 CT",-0.186019799465984,2.01020927894784,4.59560911847449,0.0327461470628839,0.219364138258388,0.219364138258388,"plaq_d"
"6671","XKR4","Exc L6 CT",0.00113264759447955,9.01221153126055,0.0068875706361118,0.933906075384027,0.995635974099725,0.995635974099725,"plaq_d"
"6672","TMEM68","Exc L6 CT",0.00683338219475732,4.83101362516377,0.0917782182437668,0.985232575133587,0.999571689696322,0.999571689696322,"plaq_d"
"6673","TGS1","Exc L6 CT",-0.0106845852289259,5.52746353488105,0.34960455764593,0.554720704887134,0.834108968827573,0.834108968827573,"plaq_d"
"6674","RPS20","Exc L6 CT",-0.0329519059963482,5.09815445602121,1.46558271029056,0.226865038621158,0.568485482330756,0.568485482330756,"plaq_d"
"6675","PLAG1","Exc L6 CT",-0.0293769036855394,4.39207584698993,1.22478781685112,0.269187068084842,0.616882935614288,0.616882935614288,"plaq_d"
"6676","CHCHD7","Exc L6 CT",-0.0404574669420859,3.41362525833863,1.12328130361576,0.2899476252644,0.636681820211455,0.636681820211455,"plaq_d"
"6677","AC107952.2","Exc L6 CT",0.122090857568196,2.50941556769718,5.19585776916378,0.0232452896808609,0.180882348547158,0.180882348547158,"plaq_d"
"6678","SDR16C5","Exc L6 CT",-0.0259040045363157,3.09977516733278,0.292216324841002,0.589149356207348,0.854987442756975,0.854987442756975,"plaq_d"
"6679","IMPAD1","Exc L6 CT",0.0376672792077533,5.33989065742886,3.99490621481343,0.0464150166942021,0.263586027743484,0.263586027743484,"plaq_d"
"6680","LINC01606","Exc L6 CT",0.0229140130158432,3.41973090126152,0.159844812141015,0.689544575555864,0.903470495477236,0.903470495477236,"plaq_d"
"6681","FAM110B","Exc L6 CT",0.00314960199589138,5.68198856406781,0.0227760890990348,0.880128194366962,0.982887425553539,0.982887425553539,"plaq_d"
"6682","UBXN2B","Exc L6 CT",-0.00362006967243525,6.02051388446069,0.0641226660164345,0.818932735420227,0.963082048664989,0.963082048664989,"plaq_d"
"6683","SDCBP","Exc L6 CT",0.0824714734904774,5.05580160699175,13.8061791385944,0.000236018091730215,0.0111400539296661,0.0111400539296661,"plaq_d"
"6684","NSMAF","Exc L6 CT",0.0167614524068196,6.79243556368082,1.47631287519876,0.22517555846943,0.565531636379259,0.565531636379259,"plaq_d"
"6685","TOX","Exc L6 CT",0.00701586575644101,9.40030545680341,0.186491388897229,0.66612027193252,0.893478550445554,0.893478550445554,"plaq_d"
"6686","AC090152.1","Exc L6 CT",0.0547420943375882,2.97705262641495,1.66072535886376,0.198360978908402,0.533558417856008,0.533558417856008,"plaq_d"
"6687","CA8","Exc L6 CT",0.0878977827472335,2.60882851961853,1.15951467069872,0.282311699197338,0.628251541450746,0.628251541450746,"plaq_d"
"6688","LINC01301","Exc L6 CT",-0.0992362679620351,4.44097556851063,9.88700132000204,0.00180764825189303,0.0415245421486606,0.0415245421486606,"plaq_d"
"6689","RAB2A","Exc L6 CT",0.00626815492576627,7.12979137011527,0.362264092158253,0.547643194809843,0.830755683085616,0.830755683085616,"plaq_d"
"6690","CLVS1","Exc L6 CT",0.00258083275426635,7.16591783531643,0.0380288568555168,0.845498942956213,0.971025351639221,0.971025351639221,"plaq_d"
"6691","ASPH","Exc L6 CT",0.030506001621679,6.69389234374177,4.87345570127727,0.0279243958688218,0.200436246928321,0.200436246928321,"plaq_d"
"6692","NKAIN3","Exc L6 CT",0.0592749097050651,4.37842621982984,2.55980590697411,0.110518947349436,0.408440929977692,0.408440929977692,"plaq_d"
"6693","GGH","Exc L6 CT",-0.0659235510362115,3.87799118793658,3.49501902773711,0.0623928299565913,0.307605198649003,0.307605198649003,"plaq_d"
"6694","YTHDF3","Exc L6 CT",0.058674009222742,5.55063695270268,11.4992780058202,0.000776205248026372,0.0240306467754573,0.0240306467754573,"plaq_d"
"6695","AC022639.1","Exc L6 CT",0.0554865434523201,6.53867072941832,5.33193901572736,0.0215229443064967,0.174363706379474,0.174363706379474,"plaq_d"
"6696","AC069133.1","Exc L6 CT",0.0331124820694152,3.92880165722159,0.531112140426224,0.466629537951391,0.781071103385555,0.781071103385555,"plaq_d"
"6697","MIR124-2HG","Exc L6 CT",0.0446234377351426,7.19757186479416,8.30581953503402,0.00419701360244637,0.0698287835152043,0.0698287835152043,"plaq_d"
"6698","CYP7B1","Exc L6 CT",0.0432700319999872,5.36264323519562,2.27464802836675,0.132411752118784,0.44419797042942,0.44419797042942,"plaq_d"
"6699","AC100814.1","Exc L6 CT",0.00584644775375413,2.20527631505739,0.00799122055943084,0.969626898250058,0.998742420766286,0.998742420766286,"plaq_d"
"6700","ARMC1","Exc L6 CT",0.0131180792154688,5.18664535835502,0.468585395974721,0.494094042223118,0.799151308845645,0.799151308845645,"plaq_d"
"6701","MTFR1","Exc L6 CT",0.0359430837115714,3.83664156001234,1.12879170638581,0.288769520900473,0.63554900212249,0.63554900212249,"plaq_d"
"6702","PDE7A","Exc L6 CT",-0.00297650603129959,6.16025268152113,0.0353627208795933,0.867347017504498,0.9780924067049,0.9780924067049,"plaq_d"
"6703","ADHFE1","Exc L6 CT",-0.0895396592502731,3.63646332636675,5.51201668386189,0.0194454426432137,0.164959689034593,0.164959689034593,"plaq_d"
"6704","VXN","Exc L6 CT",0.0221021742958757,5.77030919234188,1.71019520291694,0.191822800668804,0.525495915971095,0.525495915971095,"plaq_d"
"6705","MYBL1","Exc L6 CT",-0.0399459944271027,2.06458293448052,0.289836084045083,0.590669566423629,0.856067189959118,0.856067189959118,"plaq_d"
"6706","VCPIP1","Exc L6 CT",0.0367848794104706,4.76254120827732,2.83912007271682,0.0928905669760999,0.375211167841733,0.375211167841733,"plaq_d"
"6707","SGK3","Exc L6 CT",-0.018158680241763,6.22538592430676,1.17014943358227,0.28011912757671,0.626925966209888,0.626925966209888,"plaq_d"
"6708","MCMDC2","Exc L6 CT",-0.0772083622792433,3.06052846283943,2.33669800382062,0.12726503898387,0.434982189687117,0.434982189687117,"plaq_d"
"6709","TCF24","Exc L6 CT",-0.144777215505432,2.96770132595287,6.67123376746525,0.0102055373385278,0.116787691196699,0.116787691196699,"plaq_d"
"6710","PPP1R42","Exc L6 CT",-0.0298607314859343,3.23823875930963,0.420665568867581,0.517032633281912,0.81248791493575,0.81248791493575,"plaq_d"
"6711","COPS5","Exc L6 CT",-0.0372998768385817,2.70009692752769,0.518961729457348,0.471768236530047,0.784337167465823,0.784337167465823,"plaq_d"
"6712","CSPP1","Exc L6 CT",0.0329130171844976,6.95838115693051,8.16198984233649,0.00453471168222973,0.073378077443683,0.073378077443683,"plaq_d"
"6713","ARFGEF1","Exc L6 CT",0.00594574201059328,7.09431310069315,0.32484630980351,0.614105913398637,0.869052033813501,0.869052033813501,"plaq_d"
"6714","CPA6","Exc L6 CT",0.0177274967264311,1.83842365984674,0.0591211983572606,0.808033528437349,0.958113061146864,0.958113061146864,"plaq_d"
"6715","C8orf34-AS1","Exc L6 CT",-0.120953708592198,3.10600332031532,6.26956983968875,0.0127397798607745,0.131744653241473,0.131744653241473,"plaq_d"
"6716","C8orf34","Exc L6 CT",0.0311173428364752,8.09561534435673,2.83564151222754,0.0930901594595109,0.375522661727656,0.375522661727656,"plaq_d"
"6717","SULF1","Exc L6 CT",-0.0332510065932564,8.14383778206325,2.23817570164903,0.135545556715163,0.448361184593182,0.448361184593182,"plaq_d"
"6718","SLCO5A1","Exc L6 CT",-0.00827638887626581,3.93903849314854,0.0442867226588186,0.833444162903084,0.96728960782902,0.96728960782902,"plaq_d"
"6719","NCOA2","Exc L6 CT",0.0262822225694603,7.60250847553118,5.69077258448931,0.0175884769165688,0.156395128901127,0.156395128901127,"plaq_d"
"6720","TRAM1","Exc L6 CT",-0.00466763444173486,4.99363108423654,0.0533817839056758,0.883420962074533,0.983659074176269,0.983659074176269,"plaq_d"
"6721","LACTB2","Exc L6 CT",0.0116676587915249,3.19655873011149,0.083504259706409,0.77277550736341,0.944033476752003,0.944033476752003,"plaq_d"
"6722","XKR9","Exc L6 CT",-0.00661934157870116,4.69947847426455,0.0200088568430307,0.887594153132727,0.984574312567325,0.984574312567325,"plaq_d"
"6723","AC022858.1","Exc L6 CT",0.0608310861639964,2.8053102067659,0.820413733986409,0.365685553569611,0.706362603463731,0.706362603463731,"plaq_d"
"6724","MSC-AS1","Exc L6 CT",0.0734086304330326,7.27260592636001,3.92438989736942,0.0483768742704151,0.268789456579273,0.268789456579273,"plaq_d"
"6725","MSC","Exc L6 CT",0.168885127924159,1.70656056380685,3.51640927565655,0.0616006848393027,0.305688886227715,0.305688886227715,"plaq_d"
"6726","KCNB2","Exc L6 CT",-0.0174940530310363,7.16974692040095,0.450918675006649,0.50234426027025,0.804689882146492,0.804689882146492,"plaq_d"
"6727","TERF1","Exc L6 CT",0.0171550778198809,5.98629555361138,1.29127524381869,0.256594541235938,0.604139759941717,0.604139759941717,"plaq_d"
"6728","AC022893.1","Exc L6 CT",0.057100438231336,4.39700305657812,4.97850137527732,0.0263003883144647,0.194404003184645,0.194404003184645,"plaq_d"
"6729","RPL7","Exc L6 CT",-0.0839144698471994,5.18994471174147,5.38832858246909,0.0208486609011452,0.171502369387724,0.171502369387724,"plaq_d"
"6730","STAU2","Exc L6 CT",0.0354077980388602,7.54128025551051,8.90246032798247,0.00304890242242789,0.0580582000969205,0.0580582000969205,"plaq_d"
"6731","AC027018.1","Exc L6 CT",-0.00607722846484352,3.59605167783403,0.0202292260660665,0.886981004190679,0.984501043664535,0.984501043664535,"plaq_d"
"6732","AC022826.2","Exc L6 CT",-0.105541239821454,2.72774971397384,3.06533018147475,0.0808595324073289,0.349565714275047,0.349565714275047,"plaq_d"
"6733","ELOC","Exc L6 CT",-0.0349206043763012,4.95003585309418,2.54052925257471,0.111864872453818,0.409827502505874,0.409827502505874,"plaq_d"
"6734","TMEM70","Exc L6 CT",0.0662383515607463,3.97707104969453,5.31188022476318,0.0217682358807517,0.175296489245578,0.175296489245578,"plaq_d"
"6735","LY96","Exc L6 CT",-0.0323562364109255,2.86425055279029,0.304993439887667,0.581123089633219,0.851041833586362,0.851041833586362,"plaq_d"
"6736","JPH1","Exc L6 CT",0.0340651703447969,7.2257304034289,4.97265934785176,0.0263880626275063,0.194611961877859,0.194611961877859,"plaq_d"
"6737","GDAP1","Exc L6 CT",0.0579491824338683,8.31222557154708,13.3335537749934,0.000300723704612518,0.0130792098235704,0.0130792098235704,"plaq_d"
"6738","MIR2052HG","Exc L6 CT",0.0773511873824669,6.82619889152523,4.93887853105667,0.0269010497910256,0.196782272759962,0.196782272759962,"plaq_d"
"6739","PI15","Exc L6 CT",0.201269793058378,2.55582227704259,10.802296853713,0.00111696037110485,0.0297222948288825,0.0297222948288825,"plaq_d"
"6740","CRISPLD1","Exc L6 CT",0.0954108834774377,5.098637278064,13.7805755944977,0.0002391315292929,0.0111577069303138,0.0111577069303138,"plaq_d"
"6741","ZFHX4","Exc L6 CT",0.18450878990265,3.49487912954908,4.50505316473881,0.0345001941431079,0.224740770452098,0.224740770452098,"plaq_d"
"6742","PEX2","Exc L6 CT",0.0351416894447274,3.80093087413708,1.25999825731771,0.262424832731125,0.609171698029438,0.609171698029438,"plaq_d"
"6743","PKIA-AS1","Exc L6 CT",-0.0508648770937103,2.36666799202842,0.570038334172632,0.450754052313726,0.771496294983758,0.771496294983758,"plaq_d"
"6744","PKIA","Exc L6 CT",0.0414108787287086,7.24767206311647,7.40193700037585,0.00684244804415021,0.0922444900449621,0.0922444900449621,"plaq_d"
"6745","ZC2HC1A","Exc L6 CT",0.00860942982510988,6.96709250057772,0.415640451523076,0.519544939391294,0.81377096588805,0.81377096588805,"plaq_d"
"6746","IL7","Exc L6 CT",-0.0210941485147564,3.51764868734477,0.252206342964939,0.615843221168275,0.869439934484504,0.869439934484504,"plaq_d"
"6747","STMN2","Exc L6 CT",0.0464377514868355,7.54795560347481,7.32730686105181,0.00712617135240464,0.0942907746224422,0.0942907746224422,"plaq_d"
"6748","HEY1","Exc L6 CT",0.162098682893637,1.91010586977797,4.64771851294461,0.0317794478685406,0.215394035553442,0.215394035553442,"plaq_d"
"6749","TPD52","Exc L6 CT",-0.00330742066443348,5.70045371786203,0.0342278353612802,0.853330738086294,0.974544369379645,0.974544369379645,"plaq_d"
"6750","AC034114.2","Exc L6 CT",-0.112590821118668,2.45311591391063,3.66755975281688,0.0563003695980209,0.292072115579499,0.292072115579499,"plaq_d"
"6751","AC009812.1","Exc L6 CT",-0.0342325956955538,2.31323637369341,0.301302416212761,0.583418879803784,0.852322430026867,0.852322430026867,"plaq_d"
"6752","ZBTB10","Exc L6 CT",-0.0414522210877802,3.45858817951389,1.24154519362077,0.265941984116344,0.612854298597548,0.612854298597548,"plaq_d"
"6753","ZNF704","Exc L6 CT",0.0265314904907627,8.47002635272245,5.74542044512544,0.017058271723862,0.153948682735597,0.153948682735597,"plaq_d"
"6754","PAG1","Exc L6 CT",0.000518533749173669,4.91767103822702,0.000480196148332192,0.982529604967938,0.999571689696322,0.999571689696322,"plaq_d"
"6755","FABP5","Exc L6 CT",0.0396324611487828,3.54538382008954,1.3612022112234,0.244127659433453,0.589971761827093,0.589971761827093,"plaq_d"
"6756","IMPA1","Exc L6 CT",0.0351486982473924,5.46161808913709,3.17418138381352,0.075682168332253,0.338360402270532,0.338360402270532,"plaq_d"
"6757","ZFAND1","Exc L6 CT",0.0152095451517576,5.46928674532003,0.68226419432136,0.424914325415967,0.751434144505804,0.751434144505804,"plaq_d"
"6758","SNX16","Exc L6 CT",0.0351011285745968,4.86564532476793,2.09228866825881,0.148943702509678,0.468471387662077,0.468471387662077,"plaq_d"
"6759","AC060765.1","Exc L6 CT",0.147332272451873,1.39312756079748,1.34472770871227,0.246996503383419,0.593220163948564,0.593220163948564,"plaq_d"
"6760","AC105031.3","Exc L6 CT",0.0286178438786811,1.62597960149132,0.0737733694442091,0.78608092501316,0.949842286091107,0.949842286091107,"plaq_d"
"6761","AC015522.1","Exc L6 CT",-0.224392565846964,2.0538516330129,5.94749034349414,0.0152373312041141,0.145447166443273,0.145447166443273,"plaq_d"
"6762","RALYL","Exc L6 CT",0.0317694028586021,12.0329191805804,11.3938169764413,0.000820036307183998,0.0249131606553578,0.0249131606553578,"plaq_d"
"6763","LRRCC1","Exc L6 CT",-0.057722225428001,3.23051961261682,1.90474022666066,0.168434142930884,0.495174680588044,0.495174680588044,"plaq_d"
"6764","E2F5","Exc L6 CT",-0.0445509676361399,3.1100534565229,0.892736792705014,0.345391905461593,0.689251714863474,0.689251714863474,"plaq_d"
"6765","C8orf59","Exc L6 CT",-0.0268449537007698,4.0510635664161,0.745716943910025,0.391375690474389,0.725127984564905,0.725127984564905,"plaq_d"
"6766","CA13","Exc L6 CT",0.120491738808419,4.0336489278698,13.2551671665289,0.000313077872997172,0.0134138960109146,0.0134138960109146,"plaq_d"
"6767","CA1","Exc L6 CT",0.0394231980431348,2.29283799233018,0.376633768682362,0.539811026442937,0.826231776982824,0.826231776982824,"plaq_d"
"6768","CA3","Exc L6 CT",0.103869672743467,4.63699024460149,9.93320239328172,0.00176407378710689,0.0408289489376059,0.0408289489376059,"plaq_d"
"6769","WWP1","Exc L6 CT",0.0278043201126696,6.10853415288525,3.72510261018076,0.0544122927194188,0.286967611230717,0.286967611230717,"plaq_d"
"6770","RMDN1","Exc L6 CT",0.00773359850572,4.77529193084805,0.0944933128051168,0.819004827664075,0.963082048664989,0.963082048664989,"plaq_d"
"6771","CPNE3","Exc L6 CT",-0.00210962111351883,5.40775609364116,0.0131049945300695,0.908925621559563,0.989478998057174,0.989478998057174,"plaq_d"
"6772","CNGB3","Exc L6 CT",0.0752904389822877,3.41246687649362,3.45687010296244,0.063832788065925,0.31045162736387,0.31045162736387,"plaq_d"
"6773","CNBD1","Exc L6 CT",-0.160999995719522,2.45440490627485,7.08226507149392,0.00814570335126199,0.102334891662289,0.102334891662289,"plaq_d"
"6774","AF121898.1","Exc L6 CT",-0.115042146034342,2.3849986709666,2.17379107964911,0.141283324402009,0.457226892939746,0.457226892939746,"plaq_d"
"6775","MMP16","Exc L6 CT",0.00931830202305626,9.29536218951922,0.662209184466698,0.416337227808572,0.745656970830083,0.745656970830083,"plaq_d"
"6776","AC090568.2","Exc L6 CT",0.0004696195897577,9.04440323721033,0.000566266048141802,0.981028686392924,0.999571689696322,0.999571689696322,"plaq_d"
"6777","AF117829.1","Exc L6 CT",0.0556487311841124,6.61566335909609,10.6223342178612,0.00122745570812061,0.0316278140137013,0.0316278140137013,"plaq_d"
"6778","RIPK2","Exc L6 CT",0.00482683289754858,4.25838817875562,0.023828116280237,0.877412496760483,0.981277572580195,0.981277572580195,"plaq_d"
"6779","OSGIN2","Exc L6 CT",0.057042969252742,3.94377781101927,3.79793198414151,0.0521187393847117,0.281538976428634,0.281538976428634,"plaq_d"
"6780","NBN","Exc L6 CT",0.0247861259061843,5.17008911058661,1.83024833204273,0.176975994452732,0.506599081414005,0.506599081414005,"plaq_d"
"6781","DECR1","Exc L6 CT",-0.0108847995821824,4.44220998972938,0.162482724734175,0.68989280802498,0.903531715354785,0.903531715354785,"plaq_d"
"6782","LINC00534","Exc L6 CT",0.0241855341216032,3.65190570703097,0.242167426217008,0.622955158660786,0.872864237883659,0.872864237883659,"plaq_d"
"6783","AB015752.1","Exc L6 CT",0.00748889442924296,2.86196613132281,0.0211443587028914,0.884470518188101,0.984214853102121,0.984214853102121,"plaq_d"
"6784","TMEM64","Exc L6 CT",0.0242046897665537,5.49541046250775,1.06696656510236,0.30234852958243,0.648589912010478,0.648589912010478,"plaq_d"
"6785","NECAB1","Exc L6 CT",0.0630208656458272,8.61512162682983,11.3102393238751,0.000856552916006777,0.0252500228492314,0.0252500228492314,"plaq_d"
"6786","AC103770.1","Exc L6 CT",-0.114995975578788,2.06309920900037,2.38866641358892,0.12312620030819,0.428146082037851,0.428146082037851,"plaq_d"
"6787","C8orf88","Exc L6 CT",0.00143925537590652,2.19742527643378,0.00103192942465136,0.974391841997447,0.999093977007575,0.999093977007575,"plaq_d"
"6788","PIP4P2","Exc L6 CT",0.025202272726776,5.19727829222045,1.41246661265288,0.235457299049639,0.580147289875523,0.580147289875523,"plaq_d"
"6789","OTUD6B-AS1","Exc L6 CT",0.062466816875706,4.90991243257164,7.77821046469493,0.00557870534147004,0.0827096211079328,0.0827096211079328,"plaq_d"
"6790","OTUD6B","Exc L6 CT",-0.0210929103723678,4.14336439556868,0.573329281382568,0.44945104186652,0.769998476581033,0.769998476581033,"plaq_d"
"6791","LRRC69","Exc L6 CT",-0.0674427450969987,2.93189738651949,1.42082168781335,0.234079957963004,0.578933347099549,0.578933347099549,"plaq_d"
"6792","RUNX1T1","Exc L6 CT",0.0249295095673132,7.83435009796005,2.76403438912329,0.0973047136296315,0.383465277145408,0.383465277145408,"plaq_d"
"6793","AC117834.1","Exc L6 CT",-0.0128400088363007,2.14356031134426,0.0244674879306167,0.87579194097156,0.981083245056927,0.981083245056927,"plaq_d"
"6794","TRIQK","Exc L6 CT",0.0364349041091452,5.36754490222769,3.58409912794985,0.0591639844596013,0.300224679611282,0.300224679611282,"plaq_d"
"6795","LINC00535","Exc L6 CT",0.00935218675838416,5.26959618547795,0.132938008689278,0.715626382751865,0.91522991622294,0.91522991622294,"plaq_d"
"6796","FAM92A","Exc L6 CT",0.0107123204617663,5.4892369931851,0.408537592540526,0.523132947098757,0.81638104072308,0.81638104072308,"plaq_d"
"6797","RBM12B","Exc L6 CT",0.0647451902643484,4.99217377939875,9.81796826973686,0.00187480944941474,0.0422374911326676,0.0422374911326676,"plaq_d"
"6798","TMEM67","Exc L6 CT",0.00179610678732753,5.79494837162967,0.0117633808518779,0.913693978490983,0.989967061646606,0.989967061646606,"plaq_d"
"6799","PDP1","Exc L6 CT",0.081963301666217,6.20218321997852,17.4162165714976,3.7967838850314e-05,0.00329268077162121,0.00329268077162121,"plaq_d"
"6800","RAD54B","Exc L6 CT",0.0115133545156031,2.98800552724143,0.0636622267774408,0.800947434873368,0.955506912332949,0.955506912332949,"plaq_d"
"6801","VIRMA","Exc L6 CT",-0.0274322338989287,5.50705425686128,2.80434375996069,0.127363859708729,0.435104443371348,0.435104443371348,"plaq_d"
"6802","AC023632.2","Exc L6 CT",0.0594113748333173,3.14691606821211,2.06703802127738,0.151411666988732,0.472033482784221,0.472033482784221,"plaq_d"
"6803","DPY19L4","Exc L6 CT",-0.00869732310744671,4.3215681610143,0.120607703601538,0.728586132243982,0.922491289338995,0.922491289338995,"plaq_d"
"6804","INTS8","Exc L6 CT",-0.0249938027553952,5.76298091193811,2.47259983647318,0.129955834449665,0.439546329270001,0.439546329270001,"plaq_d"
"6805","NDUFAF6","Exc L6 CT",0.0213701603703716,6.1436588157121,1.43177239728766,0.232289491906217,0.576260473114233,0.576260473114233,"plaq_d"
"6806","C8orf37-AS1","Exc L6 CT",-0.0146336458018308,3.56891254863073,0.0849087193508659,0.770925799143495,0.943332471318999,0.943332471318999,"plaq_d"
"6807","C8orf37","Exc L6 CT",-0.0334227263197282,2.97254280747566,0.490547868181626,0.484150731976559,0.792579615066235,0.792579615066235,"plaq_d"
"6808","UQCRB","Exc L6 CT",0.0216170944926477,5.50657980122056,0.528210105739775,0.467848654605776,0.781991643371989,0.781991643371989,"plaq_d"
"6809","MTERF3","Exc L6 CT",0.00720814461550495,3.77107122987799,0.0428765021633806,0.925664365337612,0.99342956637843,0.99342956637843,"plaq_d"
"6810","PTDSS1","Exc L6 CT",0.00849310751278467,5.55483593284977,0.245477598670073,0.620590131850846,0.871499203499209,0.871499203499209,"plaq_d"
"6811","SDC2","Exc L6 CT",0.0484519017354982,2.35326572291218,0.576143187413508,0.44834156971081,0.769196190866025,0.769196190866025,"plaq_d"
"6812","CPQ","Exc L6 CT",-0.0918291778370724,3.39162062199929,2.96435872847461,0.0860063244232785,0.359601462170883,0.359601462170883,"plaq_d"
"6813","TSPYL5","Exc L6 CT",0.113089191760273,3.89879985919175,14.9847724523221,0.000129412733095223,0.00751220042596302,0.00751220042596302,"plaq_d"
"6814","MTDH","Exc L6 CT",-0.00847485236944388,7.01237795403592,0.554422873550627,0.457018353248253,0.775664661561659,0.775664661561659,"plaq_d"
"6815","LAPTM4B","Exc L6 CT",-0.0331019156167626,3.91212893712922,0.982155288612096,0.322355455565008,0.66720858344579,0.66720858344579,"plaq_d"
"6816","RPL30","Exc L6 CT",-0.00640658154141423,5.16171255793052,0.0659671923652939,0.797453374558078,0.953976585729267,0.953976585729267,"plaq_d"
"6817","RIDA","Exc L6 CT",-0.0146086836392344,3.93737734131654,0.214532096663563,0.643527507621748,0.88124995591125,0.88124995591125,"plaq_d"
"6818","POP1","Exc L6 CT",-0.028532573734237,4.50797964041662,1.22131198991386,0.269866360227658,0.617842894694237,0.617842894694237,"plaq_d"
"6819","NIPAL2","Exc L6 CT",0.0232347247442222,8.24923720180649,1.51746975923048,0.218834041939043,0.558370181179789,0.558370181179789,"plaq_d"
"6820","AP003438.1","Exc L6 CT",0.107335364157085,2.1444488134674,2.19830908633662,0.139066708783805,0.453967758092198,0.453967758092198,"plaq_d"
"6821","STK3","Exc L6 CT",0.0158537701731054,5.30766725529066,0.383399547212941,0.536194356471918,0.82345359033174,0.82345359033174,"plaq_d"
"6822","KCNS2","Exc L6 CT",0.0164802573844841,3.43171752171506,0.184673933841505,0.667652738386672,0.893866880369817,0.893866880369817,"plaq_d"
"6823","AP003355.2","Exc L6 CT",0.081965821495352,2.789093877964,3.22604007057431,0.0733425098907444,0.3319208282482,0.3319208282482,"plaq_d"
"6824","AC104986.2","Exc L6 CT",0.0436949098703269,4.68947115202008,3.70774157066094,0.0549747298338002,0.288102006074768,0.288102006074768,"plaq_d"
"6825","VPS13B","Exc L6 CT",0.0291344022432431,8.10349266772698,10.6491862824311,0.00121028824144113,0.0313368876327096,0.0313368876327096,"plaq_d"
"6826","COX6C","Exc L6 CT",-0.0135286019060362,5.16699728596305,0.371666756054047,0.54249475325009,0.828340294560607,0.828340294560607,"plaq_d"
"6827","POLR2K","Exc L6 CT",0.00744214597803963,3.74564069911298,0.0507871369813706,0.821831421289483,0.963649904714272,0.963649904714272,"plaq_d"
"6828","SPAG1","Exc L6 CT",-0.0609764179069579,4.74016667270899,5.11663901161188,0.0243134919042758,0.185783985909742,0.185783985909742,"plaq_d"
"6829","RNF19A","Exc L6 CT",-0.0158256922276469,6.00652535242579,0.997543023840599,0.318599326832741,0.663333559276688,0.663333559276688,"plaq_d"
"6830","ANKRD46","Exc L6 CT",0.0217409506268387,5.96544262229798,1.6358083880804,0.20175325683961,0.537660104676605,0.537660104676605,"plaq_d"
"6831","SNX31","Exc L6 CT",0.132820102204534,5.77619006678473,18.2019281672785,2.56354887450208e-05,0.00251053398621306,0.00251053398621306,"plaq_d"
"6832","PABPC1","Exc L6 CT",0.028182412750463,6.84544380156709,2.88280512631043,0.0904233683649441,0.369308756023195,0.369308756023195,"plaq_d"
"6833","YWHAZ","Exc L6 CT",0.0174488745832828,7.40633666772892,1.96276140150024,0.162108886828732,0.486809854761754,0.486809854761754,"plaq_d"
"6834","AP003469.4","Exc L6 CT",0.116651984372752,4.5454567601287,22.8592269140225,2.5765647822283e-06,0.000508112693218611,0.000508112693218611,"plaq_d"
"6835","ZNF706","Exc L6 CT",0.0461139982513218,6.62790890942528,11.6657862764432,0.000711791143838785,0.0226702329794317,0.0226702329794317,"plaq_d"
"6836","NCALD","Exc L6 CT",0.000230915054564543,8.96295378890188,0.000350464123251232,0.98507464777546,0.999571689696322,0.999571689696322,"plaq_d"
"6837","RRM2B","Exc L6 CT",0.0647601689099205,3.98966560886109,5.18630748058021,0.0233714328419987,0.181279712927486,0.181279712927486,"plaq_d"
"6838","UBR5-AS1","Exc L6 CT",-0.0509177265036782,3.29010097652356,1.60238954652602,0.206411205076125,0.542144545043491,0.542144545043491,"plaq_d"
"6839","UBR5","Exc L6 CT",0.0333288371097609,7.93633935475569,10.9238288461865,0.00104811366095474,0.0284155259192174,0.0284155259192174,"plaq_d"
"6840","AP002852.1","Exc L6 CT",-0.0372881819441469,1.87696963826735,0.180282356855386,0.671392933107038,0.895175682457819,0.895175682457819,"plaq_d"
"6841","KLF10","Exc L6 CT",0.0224842645775887,2.60209390056324,0.138645030267133,0.709858292220366,0.912665890399606,0.912665890399606,"plaq_d"
"6842","AZIN1","Exc L6 CT",0.0328350139045899,5.52294506096357,3.38622267143466,0.0665943110343963,0.316504358419006,0.316504358419006,"plaq_d"
"6843","AZIN1-AS1","Exc L6 CT",-0.0724868146212013,5.33144155324862,8.46817286543713,0.00384657624079166,0.0672030480126659,0.0672030480126659,"plaq_d"
"6844","AP003354.2","Exc L6 CT",-0.0870912499180288,3.04202942035563,3.34118744852714,0.0684213892433606,0.320636171727675,0.320636171727675,"plaq_d"
"6845","ATP6V1C1","Exc L6 CT",0.0505737056053867,6.30016746324529,16.9368212404969,4.8288178149729e-05,0.00390537422833426,0.00390537422833426,"plaq_d"
"6846","BAALC","Exc L6 CT",0.0244445842141071,7.61850129472678,2.16450586288245,0.142133159351372,0.458512750302193,0.458512750302193,"plaq_d"
"6847","BAALC-AS1","Exc L6 CT",0.00321719470576427,4.82513469874453,0.0124760420750158,0.911128648205716,0.989708595757149,0.989708595757149,"plaq_d"
"6848","FZD6","Exc L6 CT",0.0761025457429038,4.75170528065941,6.75740604069803,0.00973320757051283,0.113181951684251,0.113181951684251,"plaq_d"
"6849","SLC25A32","Exc L6 CT",0.010724569851337,5.04434964107427,0.305909505061487,0.580556114010085,0.851041833586362,0.851041833586362,"plaq_d"
"6850","DCAF13","Exc L6 CT",-0.0361359787261171,3.37352136032084,0.91432743197632,0.347404239362046,0.691393892163425,0.691393892163425,"plaq_d"
"6851","AC012213.1","Exc L6 CT",0.0200616257093277,3.45713785737141,0.300939792183599,0.614319584031293,0.869167198807565,0.869167198807565,"plaq_d"
"6852","RIMS2","Exc L6 CT",0.0377692898594838,10.7323786323223,13.7922726890897,0.000237704011489837,0.0111465372944876,0.0111465372944876,"plaq_d"
"6853","DPYS","Exc L6 CT",0.0640158358033583,4.35620382890839,2.6891497178154,0.10193678785666,0.392060378836355,0.392060378836355,"plaq_d"
"6854","LRP12","Exc L6 CT",0.0282405143562267,6.58496766635034,3.99143636824332,0.0465095536831899,0.26370678803592,0.26370678803592,"plaq_d"
"6855","ZFPM2","Exc L6 CT",0.00458397902286166,9.82550443563896,0.17901767546162,0.672479994463271,0.895548968504857,0.895548968504857,"plaq_d"
"6856","AC103853.1","Exc L6 CT",-0.0252996458411123,2.56095944750445,0.14364827588182,0.70491174502232,0.91037135384779,0.91037135384779,"plaq_d"
"6857","AC027031.2","Exc L6 CT",-0.0488555155593984,4.02988910353171,2.04550363282002,0.15355316365425,0.474969345342743,0.474969345342743,"plaq_d"
"6858","OXR1","Exc L6 CT",0.0513947707062685,10.0324003599952,25.7726902286474,6.26800433973687e-07,0.000200520423277449,0.000200520423277449,"plaq_d"
"6859","AC090579.1","Exc L6 CT",-0.0804186747904712,5.00740163423163,7.73990669837589,0.00569560084094224,0.0838476814899045,0.0838476814899045,"plaq_d"
"6860","ANGPT1","Exc L6 CT",0.195222134377298,2.26037098981746,3.92272652550792,0.048424199093062,0.268944424793273,0.268944424793273,"plaq_d"
"6861","RSPO2","Exc L6 CT",0.0547485479521049,7.43737014532624,5.1460572996182,0.0239109589352459,0.183977640209407,0.183977640209407,"plaq_d"
"6862","EIF3E","Exc L6 CT",0.0231853864979645,5.88388290201811,1.69497561089382,0.193806976715596,0.527630613169724,0.527630613169724,"plaq_d"
"6863","EMC2","Exc L6 CT",0.0200479765576916,4.77749743231001,0.762131175692543,0.383264030958275,0.718368873419559,0.718368873419559,"plaq_d"
"6864","TMEM74","Exc L6 CT",0.0267266533987496,4.37668708801553,0.882267064816647,0.348232611662952,0.692019380376034,0.692019380376034,"plaq_d"
"6865","AC104248.1","Exc L6 CT",0.056245877065737,2.47672799539594,0.544087139498362,0.461240585477625,0.776428843374169,0.776428843374169,"plaq_d"
"6866","NUDCD1","Exc L6 CT",0.00222070715107804,4.93907818397653,0.0117568356427204,0.913717898159561,0.989967061646606,0.989967061646606,"plaq_d"
"6867","ENY2","Exc L6 CT",-0.0238367461785681,4.96451032004747,1.16834760557434,0.280489089080532,0.627298574864587,0.627298574864587,"plaq_d"
"6868","EBAG9","Exc L6 CT",0.0330522227394511,4.32201426459579,1.70057258786744,0.193074514918643,0.527204568889024,0.527204568889024,"plaq_d"
"6869","SYBU","Exc L6 CT",0.013369187095437,7.13776850377,1.18119085818796,0.277865470412512,0.62606736210966,0.62606736210966,"plaq_d"
"6870","KCNV1","Exc L6 CT",0.0981343982374832,3.6678643170167,7.31153411144767,0.00718766556403373,0.0947334852878451,0.0947334852878451,"plaq_d"
"6871","LINC01609","Exc L6 CT",0.0639869087504957,2.83262391156958,1.07070743327895,0.301503814570308,0.647846439885273,0.647846439885273,"plaq_d"
"6872","LINC02237","Exc L6 CT",-0.0877892664644261,1.77162483205081,1.06629653187709,0.302500151209,0.648589912010478,0.648589912010478,"plaq_d"
"6873","CSMD3","Exc L6 CT",0.0688806187197433,8.83949041719436,18.5011470694322,2.20833433075059e-05,0.00225469368975074,0.00225469368975074,"plaq_d"
"6874","TRPS1","Exc L6 CT",-0.0220419086926991,5.65622336524326,0.743723000653909,0.389064427527415,0.72311353155025,0.72311353155025,"plaq_d"
"6875","EIF3H","Exc L6 CT",0.0104362748830171,5.68215051837632,0.369747371567147,0.543538413186965,0.828340294560607,0.828340294560607,"plaq_d"
"6876","UTP23","Exc L6 CT",0.0245630213586025,6.37095175097841,2.14863788350736,0.143598878215449,0.460104484929802,0.460104484929802,"plaq_d"
"6877","RAD21","Exc L6 CT",0.0469960786123921,5.86565220255381,9.99412378567426,0.00170824639603136,0.03985723681891,0.03985723681891,"plaq_d"
"6878","SLC30A8","Exc L6 CT",-0.0695903008375349,2.12694263086454,0.414913540147364,0.519910138311893,0.813811715900621,0.813811715900621,"plaq_d"
"6879","MED30","Exc L6 CT",0.0148679323201645,4.00302067155079,0.228154424311045,0.633195386363559,0.877767141786983,0.877767141786983,"plaq_d"
"6880","EXT1","Exc L6 CT",-0.000161910292515068,8.39739245261961,9.70484498136368e-05,0.992145555015761,0.999571689696322,0.999571689696322,"plaq_d"
"6881","SAMD12","Exc L6 CT",0.0148433794515806,9.05323582644272,2.65630339715139,0.104044439076689,0.395935433504628,0.395935433504628,"plaq_d"
"6882","AC023590.1","Exc L6 CT",-0.081091020510429,3.91560669862169,4.51932492394211,0.0342173335109454,0.2238040587113,0.2238040587113,"plaq_d"
"6883","SAMD12-AS1","Exc L6 CT",-0.0831869738175436,3.33981525711146,2.78190685269335,0.0962336070020121,0.381718092810407,0.381718092810407,"plaq_d"
"6884","COLEC10","Exc L6 CT",0.0939857818502605,2.11468030086041,1.28159025437764,0.258382569448144,0.605514483115005,0.605514483115005,"plaq_d"
"6885","MAL2","Exc L6 CT",0.0185368402081336,5.42681644565108,0.786834964814384,0.375671142489135,0.712443916120879,0.712443916120879,"plaq_d"
"6886","NOV","Exc L6 CT",0.133446492661476,2.10694134812133,3.36171889500522,0.0675818404463297,0.31867426783753,0.31867426783753,"plaq_d"
"6887","TAF2","Exc L6 CT",-0.00620957040193522,6.03455199248037,0.156063287012702,0.693049014774676,0.905119624121948,0.905119624121948,"plaq_d"
"6888","DSCC1","Exc L6 CT",-0.0803261425747921,3.01906062015258,2.13997516080687,0.144406251899316,0.460742996973083,0.460742996973083,"plaq_d"
"6889","DEPTOR","Exc L6 CT",0.045938457113863,5.59331743312833,3.07317778396188,0.0804737397963709,0.349026939794331,0.349026939794331,"plaq_d"
"6890","AC091563.1","Exc L6 CT",0.0784419611997967,3.24112846813734,2.8917969691583,0.0899244560750238,0.367823180203473,0.367823180203473,"plaq_d"
"6891","COL14A1","Exc L6 CT",0.0260047341042158,2.54217208858668,0.192317303309737,0.661266867681845,0.890764276892284,0.890764276892284,"plaq_d"
"6892","MRPL13","Exc L6 CT",0.00428836228632139,3.99462694318721,0.019919453647087,0.892583128740831,0.985595335141122,0.985595335141122,"plaq_d"
"6893","MTBP","Exc L6 CT",0.00886597895870942,4.73289809324472,0.116468304972958,0.733102766304148,0.925206475571347,0.925206475571347,"plaq_d"
"6894","SNTB1","Exc L6 CT",0.0907493067050545,2.13315486326297,1.56231951115142,0.212165354276627,0.549044120108991,0.549044120108991,"plaq_d"
"6895","ZHX2","Exc L6 CT",-0.0170584107983819,4.10968812087529,0.144677518951065,0.703906429865583,0.910090634312678,0.910090634312678,"plaq_d"
"6896","AC104316.1","Exc L6 CT",-0.0975459762397436,2.14520981832524,1.87481724831042,0.17180688637242,0.499066980448564,0.499066980448564,"plaq_d"
"6897","DERL1","Exc L6 CT",0.0378641517387496,4.30427167066195,1.89273191687538,0.16977840395492,0.497077466612777,0.497077466612777,"plaq_d"
"6898","TBC1D31","Exc L6 CT",0.0125252318356655,4.75656840022235,0.274836673808441,0.600439145564109,0.860360398389652,0.860360398389652,"plaq_d"
"6899","C8orf76","Exc L6 CT",0.0411697106576253,2.76433489714512,0.876045668290444,0.349935714873267,0.693035431464514,0.693035431464514,"plaq_d"
"6900","ZHX1-C8orf76","Exc L6 CT",-0.00453943423594621,2.10296278310822,0.00466952700397015,0.945559032340574,0.997609533382524,0.997609533382524,"plaq_d"
"6901","ATAD2","Exc L6 CT",0.0117569502519099,5.61549189587018,0.397351824942539,0.640310427672777,0.880188294566122,0.880188294566122,"plaq_d"
"6902","WDYHV1","Exc L6 CT",-0.0731888201576675,2.8781887225077,2.24501403664274,0.134951700782537,0.448054585900693,0.448054585900693,"plaq_d"
"6903","FBXO32","Exc L6 CT",0.0298322775017267,4.22336520878074,0.651813303378575,0.420016275661208,0.747780646106698,0.747780646106698,"plaq_d"
"6904","FAM91A1","Exc L6 CT",0.0353821304347647,4.52392906051187,2.04149567806369,0.153955528500276,0.475001697369973,0.475001697369973,"plaq_d"
"6905","FER1L6-AS2","Exc L6 CT",0.0439970014504414,3.20410890447973,0.438869504279939,0.508106847776234,0.806906139178239,0.806906139178239,"plaq_d"
"6906","AC090921.1","Exc L6 CT",0.0914024218876599,3.01091393474401,2.77429440637177,0.0966882393742138,0.382817352593834,0.382817352593834,"plaq_d"
"6907","TMEM65","Exc L6 CT",0.0730888902159599,6.39165583237382,18.7352167556969,1.96544275940149e-05,0.00208047896796646,0.00208047896796646,"plaq_d"
"6908","TRMT12","Exc L6 CT",0.0492933786354161,3.59500145689769,2.10089041700048,0.148113427186467,0.467084534014542,0.467084534014542,"plaq_d"
"6909","RNF139-AS1","Exc L6 CT",-0.0348812594106397,3.53698540986628,0.855985971841781,0.355505188254096,0.698206369727963,0.698206369727963,"plaq_d"
"6910","RNF139","Exc L6 CT",-0.00660717092640741,3.80090938623485,0.0417034382108504,0.838305425119564,0.968820749155593,0.968820749155593,"plaq_d"
"6911","TATDN1","Exc L6 CT",0.0183725508773545,5.8876617870343,1.30617414710604,0.37229077903874,0.710955389314004,0.710955389314004,"plaq_d"
"6912","NDUFB9","Exc L6 CT",0.00417685569810043,3.87789721913676,0.0195489088972356,0.981718644113488,0.999571689696322,0.999571689696322,"plaq_d"
"6913","MTSS1","Exc L6 CT",0.0218967083067028,6.65446825323678,1.75381381369168,0.186266604533057,0.519166319236765,0.519166319236765,"plaq_d"
"6914","LINC00964","Exc L6 CT",0.0242370943700191,2.40911051361747,0.111369195331663,0.738791560885663,0.928254375311796,0.928254375311796,"plaq_d"
"6915","SQLE","Exc L6 CT",-0.0218914125874018,4.08892722339772,0.544522977759712,0.461061293361731,0.776394701225957,0.776394701225957,"plaq_d"
"6916","WASHC5","Exc L6 CT",-0.0405010441058378,5.24099465953257,4.78593717758643,0.0293574130597475,0.205659035721715,0.205659035721715,"plaq_d"
"6917","NSMCE2","Exc L6 CT",-0.00172540063645024,7.43300817497002,0.0239076688544792,0.877209659353647,0.981163755019913,0.981163755019913,"plaq_d"
"6918","TRIB1","Exc L6 CT",0.118860156316387,1.51109174728539,1.42623680557128,0.233192490919316,0.578002599737342,0.578002599737342,"plaq_d"
"6919","PCAT1","Exc L6 CT",0.0718084697495118,3.25571240621283,1.92265167145617,0.16645174717353,0.492344226897501,0.492344226897501,"plaq_d"
"6920","PVT1","Exc L6 CT",0.000423022815930546,5.67402908080238,0.000253842335510055,0.987297422690959,0.999571689696322,0.999571689696322,"plaq_d"
"6921","CCDC26","Exc L6 CT",-0.0675746662621835,3.35297236689624,1.49801213105996,0.221805008787836,0.560746462538514,0.560746462538514,"plaq_d"
"6922","FAM49B","Exc L6 CT",-0.00547756010413547,8.00258703700757,0.302019042683644,0.585914216871911,0.853813246896247,0.853813246896247,"plaq_d"
"6923","ASAP1","Exc L6 CT",-0.00269565108132991,8.46540030167716,0.0769108617313973,0.78169277730805,0.948066114896942,0.948066114896942,"plaq_d"
"6924","ADCY8","Exc L6 CT",0.0744742759868038,5.57715629271674,3.16272930039533,0.0762096206945787,0.340078780538384,0.340078780538384,"plaq_d"
"6925","EFR3A","Exc L6 CT",0.0572251450325081,8.03835480053761,22.3594775243837,3.28926944816682e-06,0.000614965233452072,0.000614965233452072,"plaq_d"
"6926","KCNQ3","Exc L6 CT",0.0112460141069474,9.41821744825957,0.850398739186728,0.357078082059476,0.699691178900859,0.699691178900859,"plaq_d"
"6927","LRRC6","Exc L6 CT",-0.00650434875106038,6.11143274549344,0.172738767663839,0.67794517296651,0.896454368515282,0.896454368515282,"plaq_d"
"6928","PHF20L1","Exc L6 CT",-0.00193908939599451,6.53375565254465,0.0241452314979481,0.876605987590862,0.981163755019913,0.981163755019913,"plaq_d"
"6929","SLA","Exc L6 CT",-0.132001655995838,1.92680071704302,2.03066926843586,0.155048423283231,0.47679250274466,0.47679250274466,"plaq_d"
"6930","NDRG1","Exc L6 CT",0.00108713033769182,4.12872843432027,0.000796554556396831,0.977500224253311,0.999093977007575,0.999093977007575,"plaq_d"
"6931","ST3GAL1","Exc L6 CT",0.00745309324275035,6.74433381785587,0.171017210871506,0.679463936701439,0.897226456866072,0.897226456866072,"plaq_d"
"6932","AC103706.1","Exc L6 CT",0.0124408888117582,3.70061250786009,0.104587533681372,0.746586499994658,0.931518396075845,0.931518396075845,"plaq_d"
"6933","AC105180.1","Exc L6 CT",0.027860387006411,4.1079835260201,0.128174566321183,0.720549203136656,0.918048174914179,0.918048174914179,"plaq_d"
"6934","ZFAT","Exc L6 CT",0.034572262753071,5.32088800204895,2.5681030690922,0.109945142196419,0.407750682702299,0.407750682702299,"plaq_d"
"6935","AC083843.3","Exc L6 CT",0.0143391872626515,2.49092052760785,0.0577799652976206,0.810181298319376,0.959172290506699,0.959172290506699,"plaq_d"
"6936","LINC01591","Exc L6 CT",-0.0941034166769816,2.7759741150476,2.20556122141406,0.138418589479212,0.453100780658291,0.453100780658291,"plaq_d"
"6937","KHDRBS3","Exc L6 CT",0.018919624563365,10.1806248694108,2.42956505947746,0.119974336618946,0.422803072207182,0.422803072207182,"plaq_d"
"6938","AC079098.1","Exc L6 CT",-0.142803992540299,1.62300689905739,1.72176607500829,0.190330221864428,0.523699134931251,0.523699134931251,"plaq_d"
"6939","LINC02055","Exc L6 CT",-0.124110789291713,1.5372821943668,0.555039704127305,0.456768310279028,0.775664661561659,0.775664661561659,"plaq_d"
"6940","AC046195.1","Exc L6 CT",-0.0380439997599416,8.06490201410904,0.340746840136172,0.559776382191323,0.837773240256397,0.837773240256397,"plaq_d"
"6941","AC046195.2","Exc L6 CT",-0.138971697066513,2.5965828966403,2.61174997845094,0.106980285056752,0.401064631165887,0.401064631165887,"plaq_d"
"6942","FAM135B","Exc L6 CT",0.0290380284405288,8.15475508287361,5.94077584167882,0.0152944835176729,0.145814162066502,0.145814162066502,"plaq_d"
"6943","KCNK9","Exc L6 CT",0.0221538525942529,5.46601431817884,1.32419147876474,0.250630824200725,0.59766131277019,0.59766131277019,"plaq_d"
"6944","TRAPPC9","Exc L6 CT",-0.00108818399973132,7.42415893164429,0.00905320806847542,0.924251729019512,0.993320484581179,0.993320484581179,"plaq_d"
"6945","AC107375.1","Exc L6 CT",-0.0546239759042682,2.8403957471004,1.39580429142695,0.238233617590842,0.583043456557108,0.583043456557108,"plaq_d"
"6946","CHRAC1","Exc L6 CT",0.0669334154616104,2.40297652699029,1.48729178599145,0.223462565030196,0.563401054338509,0.563401054338509,"plaq_d"
"6947","AGO2","Exc L6 CT",0.0137351514970624,5.93742138921852,0.642494161440428,0.42335572179248,0.750264252157266,0.750264252157266,"plaq_d"
"6948","PTK2","Exc L6 CT",-0.00978918608584637,9.63286288168574,0.874149310012004,0.350457100276188,0.693521332438791,0.693521332438791,"plaq_d"
"6949","DENND3","Exc L6 CT",0.000801234679815201,6.26076762120034,0.00244398008112956,0.960599684759956,0.998742420766286,0.998742420766286,"plaq_d"
"6950","SLC45A4","Exc L6 CT",-0.0198671526556856,5.80352476656621,1.42499448867609,0.235468228309439,0.580147289875523,0.580147289875523,"plaq_d"
"6951","PTP4A3","Exc L6 CT",-0.0247596638426684,2.81554429227155,0.256199660481258,0.613063457117208,0.868496069595123,0.868496069595123,"plaq_d"
"6952","AC138647.1","Exc L6 CT",-0.115582032821151,1.98766933532284,2.44284772165371,0.118970089115058,0.421534187275503,0.421534187275503,"plaq_d"
"6953","TSNARE1","Exc L6 CT",-0.0244016573612069,5.48152503173269,1.93477941472659,0.165124698144167,0.490940758877204,0.490940758877204,"plaq_d"
"6954","ADGRB1","Exc L6 CT",0.00090526467454568,5.91957330689595,0.00231451713771604,0.961656614074917,0.998742420766286,0.998742420766286,"plaq_d"
"6955","ARC","Exc L6 CT",-0.0603198165700271,3.00579352464166,0.635696064984463,0.425816976118995,0.752294564995819,0.752294564995819,"plaq_d"
"6956","JRK","Exc L6 CT",-0.0489920022836947,4.06806591989942,2.64670861445831,0.104669114801644,0.397157769289528,0.397157769289528,"plaq_d"
"6957","AC108002.1","Exc L6 CT",-0.0299655885865073,2.64182371981555,0.267728668883202,0.60518803127744,0.863286454446098,0.863286454446098,"plaq_d"
"6958","THEM6","Exc L6 CT",-0.00511363920274724,3.82795894865054,0.0221677188067938,0.881727983873884,0.983480769739443,0.983480769739443,"plaq_d"
"6959","LY6E-DT","Exc L6 CT",0.011148495354673,5.3890107895271,0.232398341995977,0.630054046041899,0.876683500163605,0.876683500163605,"plaq_d"
"6960","LY6E","Exc L6 CT",0.0222973367729348,5.50904902802592,1.25064283661257,0.264200679061499,0.610633834110707,0.610633834110707,"plaq_d"
"6961","LY6H","Exc L6 CT",0.0332434679814106,6.56781046711094,2.40985562318465,0.121481897699423,0.425955380323915,0.425955380323915,"plaq_d"
"6962","AC138696.1","Exc L6 CT",0.053736957310976,3.32458449096394,1.79540528387944,0.181142730959585,0.511132306088645,0.511132306088645,"plaq_d"
"6963","GLI4","Exc L6 CT",-0.00744969013321061,4.36849587643949,0.0706270291698585,0.790583286258889,0.95181256286311,0.95181256286311,"plaq_d"
"6964","ZNF696","Exc L6 CT",0.0303640049284556,2.43488314652607,0.242646740587795,0.622611462030647,0.8726623120819,0.8726623120819,"plaq_d"
"6965","TOP1MT","Exc L6 CT",-0.0439265979554011,4.24014107796022,2.33681200298564,0.127255791659553,0.434982189687117,0.434982189687117,"plaq_d"
"6966","RHPN1","Exc L6 CT",-0.0619894879180256,4.80280030991729,6.51781995696603,0.0111057553800399,0.122291481097255,0.122291481097255,"plaq_d"
"6967","ZC3H3","Exc L6 CT",0.0183239354118626,4.69964262617938,0.554193166402564,0.457111524305004,0.775664661561659,0.775664661561659,"plaq_d"
"6968","MROH6","Exc L6 CT",0.00967258362974359,2.66104365341498,0.0304049919412187,0.861675813629022,0.976581393772497,0.976581393772497,"plaq_d"
"6969","NAPRT","Exc L6 CT",0.0203780606696265,3.15728042923283,0.175013140438157,0.675952265735641,0.896032875442026,0.896032875442026,"plaq_d"
"6970","EEF1D","Exc L6 CT",0.0161322253395749,4.90016282054171,0.59510663733972,0.440974371742365,0.763247691056896,0.763247691056896,"plaq_d"
"6971","TIGD5","Exc L6 CT",0.0489875327239417,2.42320427210787,0.7049794039236,0.445746492243584,0.767047686879503,0.767047686879503,"plaq_d"
"6972","PYCR3","Exc L6 CT",-0.0595928626368112,2.70920411976426,1.31189629603686,0.252838226677011,0.600438652464904,0.600438652464904,"plaq_d"
"6973","TSTA3","Exc L6 CT",-0.0350206430646456,2.73029541068463,0.485395773159079,0.513742807051925,0.810747531402252,0.810747531402252,"plaq_d"
"6974","ZNF623","Exc L6 CT",-0.0310797160597228,4.77949619680434,1.64342351414701,0.200709299858454,0.536115214022879,0.536115214022879,"plaq_d"
"6975","ZNF707","Exc L6 CT",-0.0465800419970466,2.58476295040942,0.854844742012193,0.355825687332961,0.698264257748815,0.698264257748815,"plaq_d"
"6976","SCRIB","Exc L6 CT",0.0125857855834278,3.14360033755517,0.105141137537179,0.745939877367855,0.9313232179284,0.9313232179284,"plaq_d"
"6977","PUF60","Exc L6 CT",0.00417304684103599,3.71720595578714,0.0175088544587088,0.894806805227522,0.986116417978673,0.986116417978673,"plaq_d"
"6978","NRBP2","Exc L6 CT",-0.034711683653461,5.24204098634715,2.56809905927109,0.109945418707077,0.407750682702299,0.407750682702299,"plaq_d"
"6979","PLEC","Exc L6 CT",-0.00471042792379712,6.26277497571378,0.0964936354774102,0.756264549888809,0.937371276885589,0.937371276885589,"plaq_d"
"6980","GRINA","Exc L6 CT",-0.00743392984408103,5.38973653970956,0.116868257697527,0.732662487291421,0.925130178672687,0.925130178672687,"plaq_d"
"6981","EXOSC4","Exc L6 CT",0.035163870714203,2.23326533511705,0.303687994510542,0.58193298634639,0.851286177364356,0.851286177364356,"plaq_d"
"6982","GPAA1","Exc L6 CT",0.0120039440721492,3.81801209892833,0.169447473093906,0.680856590066328,0.898241520399089,0.898241520399089,"plaq_d"
"6983","CYC1","Exc L6 CT",0.0507193853427349,3.8357055440136,2.79763296466699,0.100391722887007,0.389225919142337,0.389225919142337,"plaq_d"
"6984","SHARPIN","Exc L6 CT",-0.0573718851876739,3.81820846311174,3.60852304554784,0.0583102265445504,0.298412378718574,0.298412378718574,"plaq_d"
"6985","MAF1","Exc L6 CT",0.0422706766234603,3.95629756995675,1.99089204620031,0.159140464328472,0.482617679476023,0.482617679476023,"plaq_d"
"6986","WDR97","Exc L6 CT",-0.0815402644118898,3.31287874471949,1.44689334598965,0.229844362094416,0.573356339752419,0.573356339752419,"plaq_d"
"6987","MROH1","Exc L6 CT",0.00302469473425497,6.83305038332776,0.0565731170580427,0.995775817717767,0.99980392466627,0.99980392466627,"plaq_d"
"6988","BOP1","Exc L6 CT",-0.0514176143157718,3.22392619100392,1.52619974172609,0.217516574267239,0.557183025471739,0.557183025471739,"plaq_d"
"6989","SCX","Exc L6 CT",0.0083072443557758,3.77297072649447,0.0496433061781724,0.823815756352079,0.963985585882276,0.963985585882276,"plaq_d"
"6990","HSF1","Exc L6 CT",-0.0370222166829034,4.73451259698228,2.95313423686319,0.118485374600723,0.420591064340407,0.420591064340407,"plaq_d"
"6991","DGAT1","Exc L6 CT",-0.0247449832974475,3.98307111056943,0.756223157413895,0.390178906763531,0.724341655463519,0.724341655463519,"plaq_d"
"6992","SCRT1","Exc L6 CT",0.0159837281631361,3.88122117000206,0.249234898153256,0.617929599946465,0.870751043776294,0.870751043776294,"plaq_d"
"6993","SLC52A2","Exc L6 CT",-0.0531833396825847,2.28651189430038,0.839716229052177,0.360112157639677,0.701430793600723,0.701430793600723,"plaq_d"
"6994","FBXL6","Exc L6 CT",-0.0881118686119093,2.93736820522572,3.26860257162168,0.0714804936805899,0.327404768382365,0.327404768382365,"plaq_d"
"6995","ADCK5","Exc L6 CT",-0.0332644381757871,4.07348895235793,1.33516101457379,0.24868141703522,0.595347021524955,0.595347021524955,"plaq_d"
"6996","CPSF1","Exc L6 CT",-0.0514704823470478,4.02692652794015,2.75584010078776,0.0978001593448521,0.384260669740308,0.384260669740308,"plaq_d"
"6997","VPS28","Exc L6 CT",-0.0334093384180125,4.8357952366129,2.35341517841446,0.125916962669636,0.433320312971371,0.433320312971371,"plaq_d"
"6998","CYHR1","Exc L6 CT",-0.0263378508482626,5.50059445558532,2.05169515840843,0.152933936718613,0.474411678527541,0.474411678527541,"plaq_d"
"6999","KIFC2","Exc L6 CT",-0.0128333327539246,6.54315023286971,0.539276736971708,0.463226854941199,0.778043845961206,0.778043845961206,"plaq_d"
"7000","PPP1R16A","Exc L6 CT",-0.0609770970742393,3.86984970259871,4.28367895641219,0.0421438587826794,0.248648766817809,0.248648766817809,"plaq_d"
"7001","MFSD3","Exc L6 CT",-0.0115917422278145,2.61286604170226,0.0449845152042549,0.832156602838223,0.96704282002414,0.96704282002414,"plaq_d"
"7002","RECQL4","Exc L6 CT",-0.0168808705317823,2.24491039296975,0.0573691997776901,0.810844339526122,0.959172290506699,0.959172290506699,"plaq_d"
"7003","AC084125.4","Exc L6 CT",-0.0620744525294817,2.56921352294898,1.38375663643008,0.240265876261002,0.585302606719302,0.585302606719302,"plaq_d"
"7004","LRRC14","Exc L6 CT",0.0316800820806489,2.89660031557385,0.559599188727915,0.532934382078762,0.821448889269307,0.821448889269307,"plaq_d"
"7005","LRRC24","Exc L6 CT",-0.00467838962674265,2.55853775050159,0.00641164837125995,0.936225381046084,0.996094671122864,0.996094671122864,"plaq_d"
"7006","ARHGAP39","Exc L6 CT",-0.0229264713879471,4.7778179884138,1.05910616045767,0.304133475022804,0.649701217099014,0.649701217099014,"plaq_d"
"7007","ZNF251","Exc L6 CT",-0.0161736617557562,6.28812669408951,1.21559757669724,0.270987823592886,0.618141388372604,0.618141388372604,"plaq_d"
"7008","ZNF34","Exc L6 CT",0.00467340644048485,3.16509176731298,0.013463798895778,0.907692794550038,0.989420650042586,0.989420650042586,"plaq_d"
"7009","RPL8","Exc L6 CT",-0.0392954768802929,4.97792352965833,2.32069766793956,0.128570425932879,0.437151594645662,0.437151594645662,"plaq_d"
"7010","ZNF517","Exc L6 CT",-0.0444933582076409,2.45986530024434,0.669911786992629,0.413642147104306,0.743383456553427,0.743383456553427,"plaq_d"
"7011","ZNF7","Exc L6 CT",-0.0620195001166772,4.0377824484113,4.26125227972837,0.03973142477299,0.242361691115239,0.242361691115239,"plaq_d"
"7012","COMMD5","Exc L6 CT",0.0216265308536867,2.90625960110515,0.230978095221994,0.636160561577682,0.878269581788608,0.878269581788608,"plaq_d"
"7013","ZNF250","Exc L6 CT",-0.0227123171019867,4.18547283028123,0.664253664427384,0.415619344825902,0.745202733125852,0.745202733125852,"plaq_d"
"7014","ZNF16","Exc L6 CT",-0.0568940425882786,3.54438223459216,2.19504057301933,0.140724305179391,0.456264045528859,0.456264045528859,"plaq_d"
"7015","C8orf33","Exc L6 CT",-0.0374735441193059,3.21638264732273,0.939997706877152,0.430539371767563,0.75604352231835,0.75604352231835,"plaq_d"
"7016","WASHC1","Exc L6 CT",0.00615759741638234,6.30479045276347,0.116346868576554,0.733236613891894,0.925206475571347,0.925206475571347,"plaq_d"
"7017","CBWD1","Exc L6 CT",-0.0168545110471077,4.46438368127421,0.316263364345362,0.57422378748816,0.846893314689024,0.846893314689024,"plaq_d"
"7018","SMARCA2","Exc L6 CT",0.00921483591714452,8.01790255254152,0.652380432097749,0.419814323291574,0.747698502796672,0.747698502796672,"plaq_d"
"7019","VLDLR-AS1","Exc L6 CT",0.0298145768513804,5.08273647359031,0.887329318454322,0.34685514218765,0.690926612278042,0.690926612278042,"plaq_d"
"7020","VLDLR","Exc L6 CT",0.0257460676892546,2.88916685109198,0.234270662996324,0.628679391209309,0.876334527290425,0.876334527290425,"plaq_d"
"7021","PUM3","Exc L6 CT",-0.0342151447658745,6.65782471745449,6.62250245590327,0.0104830357192782,0.118549711087768,0.118549711087768,"plaq_d"
"7022","RFX3","Exc L6 CT",0.0582412274622005,7.32034535151022,23.0576032696196,2.33885926254214e-06,0.000467641915882732,0.000467641915882732,"plaq_d"
"7023","RFX3-AS1","Exc L6 CT",-0.0579461117192805,4.46371944244927,2.93365114015268,0.0876413016267754,0.362452775274165,0.362452775274165,"plaq_d"
"7024","GLIS3","Exc L6 CT",-0.372442867817423,1.55268051430256,4.06122064150508,0.0446468165860231,0.257300068683902,0.257300068683902,"plaq_d"
"7025","SLC1A1","Exc L6 CT",-0.0262836700934148,5.85833563967485,2.19225937897502,0.139609983421584,0.454744300013706,0.454744300013706,"plaq_d"
"7026","SPATA6L","Exc L6 CT",0.00157109724405825,5.81153118122075,0.00358316957052353,0.952301811462414,0.998071449610185,0.998071449610185,"plaq_d"
"7027","PLPP6","Exc L6 CT",-0.0831109356691996,2.12510195502716,1.39102898236968,0.239036625162229,0.584143268729722,0.584143268729722,"plaq_d"
"7028","CDC37L1","Exc L6 CT",-0.0321775726284679,4.43208935761638,1.77813591419694,0.183250062242501,0.513642503123646,0.513642503123646,"plaq_d"
"7029","AK3","Exc L6 CT",0.054005616145052,5.19316663460735,5.22732709775342,0.0228346284321135,0.180300023264494,0.180300023264494,"plaq_d"
"7030","RCL1","Exc L6 CT",-0.00441281367114681,5.9065557902619,0.0401119576102839,0.841378762332402,0.969513185327633,0.969513185327633,"plaq_d"
"7031","JAK2","Exc L6 CT",0.0358563317104308,7.29574031486423,3.82032588806987,0.0514343453048144,0.279203934769272,0.279203934769272,"plaq_d"
"7032","PLGRKT","Exc L6 CT",-0.0193286243301201,4.43111406704233,0.45919093474062,0.498452341783834,0.802294265688739,0.802294265688739,"plaq_d"
"7033","CD274","Exc L6 CT",0.0148902329974054,1.87859865247182,0.0369964384439345,0.847584427392534,0.971364821464102,0.971364821464102,"plaq_d"
"7034","RIC1","Exc L6 CT",-0.00744082265358845,5.96701664614429,0.236405769601855,0.73575390850731,0.926838752788872,0.926838752788872,"plaq_d"
"7035","ERMP1","Exc L6 CT",0.0127125174531058,5.04565267300761,0.3998754439736,0.667957213805291,0.893866880369817,0.893866880369817,"plaq_d"
"7036","KIAA2026","Exc L6 CT",0.0147960888033577,6.88968667319191,1.40238897267035,0.23713172840296,0.582054281686106,0.582054281686106,"plaq_d"
"7037","RANBP6","Exc L6 CT",0.0791326347676408,4.20533480880322,8.52894579916288,0.0037232252545119,0.0657517734508658,0.0657517734508658,"plaq_d"
"7038","UHRF2","Exc L6 CT",0.00899317666742215,5.9428934578947,0.250114567491919,0.617310332561881,0.870063465958722,0.870063465958722,"plaq_d"
"7039","AL133480.1","Exc L6 CT",-0.132184095015567,2.44847067851662,4.83868895336391,0.0284846992963846,0.202701794894094,0.202701794894094,"plaq_d"
"7040","GLDC","Exc L6 CT",-0.0261637881751804,5.86828299497702,1.26068706197825,0.262294672104113,0.609121026983965,0.609121026983965,"plaq_d"
"7041","AL162411.1","Exc L6 CT",-0.0938266866272743,3.85850076158302,5.96555361925475,0.0150846753077523,0.144466357304423,0.144466357304423,"plaq_d"
"7042","KDM4C","Exc L6 CT",0.0183336887398135,7.6438958302293,3.24991796036998,0.0722915576348362,0.3292341865584,0.3292341865584,"plaq_d"
"7043","DMAC1","Exc L6 CT",-0.0252801360115059,3.78476910840184,0.706605372268686,0.40114990803581,0.73389913789965,0.73389913789965,"plaq_d"
"7044","PTPRD","Exc L6 CT",-0.00194627874006983,12.4796657394198,0.0452449594102413,0.831678710397936,0.967033899918317,0.967033899918317,"plaq_d"
"7045","AL596451.1","Exc L6 CT",-0.137153888885842,4.31805448704894,13.8162310071006,0.000234807021499644,0.0111193482944371,0.0111193482944371,"plaq_d"
"7046","PTPRD-AS2","Exc L6 CT",-0.108821075783995,2.82945898810699,4.84190251797297,0.0284324195898832,0.202701794894094,0.202701794894094,"plaq_d"
"7047","LURAP1L-AS1","Exc L6 CT",-0.211524351058421,1.26020366219577,2.43329807530642,0.119691150231723,0.422529131617433,0.422529131617433,"plaq_d"
"7048","LURAP1L","Exc L6 CT",0.0234559200787749,3.9457553379428,0.520369545652943,0.471168171007596,0.783701558616447,0.783701558616447,"plaq_d"
"7049","MPDZ","Exc L6 CT",0.0388547903406946,7.69431529803618,13.1062166595743,0.000337989692387293,0.0141034771350941,0.0141034771350941,"plaq_d"
"7050","NFIB","Exc L6 CT",0.0190743371275933,9.02804334571626,2.37947398112426,0.123847238631967,0.429305284696798,0.429305284696798,"plaq_d"
"7051","AL136366.1","Exc L6 CT",-0.00762097113154175,2.68022263211652,0.0176745823813034,0.894313051763491,0.985997098496085,0.985997098496085,"plaq_d"
"7052","AL159169.2","Exc L6 CT",-0.0501119174357941,2.6904130007384,0.952369835304886,0.32979430725788,0.674087531074569,0.674087531074569,"plaq_d"
"7053","ZDHHC21","Exc L6 CT",0.0140586556405525,7.50664746653558,1.1866075632382,0.276768246510303,0.624996968903894,0.624996968903894,"plaq_d"
"7054","FREM1","Exc L6 CT",-0.0688373997158694,3.65388896095842,1.39949123817347,0.237615873294431,0.582811163642536,0.582811163642536,"plaq_d"
"7055","TTC39B","Exc L6 CT",0.045993429198434,6.12803678841759,6.65974955273064,0.0102702445858421,0.117341619887129,0.117341619887129,"plaq_d"
"7056","SNAPC3","Exc L6 CT",-0.00354734750871023,5.82698742909238,0.0641823677795404,0.800153152446836,0.955337234617173,0.955337234617173,"plaq_d"
"7057","PSIP1","Exc L6 CT",0.0505962175940049,6.77426256193699,17.9861134102452,2.8551194382975e-05,0.00270409864695598,0.00270409864695598,"plaq_d"
"7058","CCDC171","Exc L6 CT",0.0278459118757626,7.41747784763092,3.09383376992604,0.0794677729895194,0.346567119041842,0.346567119041842,"plaq_d"
"7059","CNTLN","Exc L6 CT",0.0506333258100018,4.93655298760892,3.21818484002321,0.0736918366153341,0.332456182987888,0.332456182987888,"plaq_d"
"7060","SH3GL2","Exc L6 CT",0.0685221940465424,9.43258029574228,28.0579917577872,2.09183493288082e-07,8.87438592186331e-05,8.87438592186331e-05,"plaq_d"
"7061","ADAMTSL1","Exc L6 CT",0.00289761149883246,9.94988505392037,0.017113277049504,0.895995048177507,0.986281603373151,0.986281603373151,"plaq_d"
"7062","RRAGA","Exc L6 CT",0.0173424041311273,4.38678957694959,0.486873670362632,0.536153885982294,0.82345359033174,0.82345359033174,"plaq_d"
"7063","HAUS6","Exc L6 CT",0.031600421438713,4.09574552240097,1.22202398470311,0.269727038003497,0.61772040074743,0.61772040074743,"plaq_d"
"7064","PLIN2","Exc L6 CT",-0.0502865659829106,2.18568530833448,0.502723615900264,0.478780281691056,0.789344129491849,0.789344129491849,"plaq_d"
"7065","DENND4C","Exc L6 CT",-0.0066444462011425,6.7713459934632,0.262759711169068,0.786290419975387,0.949933664406861,0.949933664406861,"plaq_d"
"7066","RPS6","Exc L6 CT",-0.0565826389327039,5.0185908196628,2.70157913022919,0.101151498105107,0.390291333883976,0.390291333883976,"plaq_d"
"7067","ACER2","Exc L6 CT",0.0113710375944428,4.71161919787752,0.146676827868932,0.701965241800633,0.909622462442533,0.909622462442533,"plaq_d"
"7068","SLC24A2","Exc L6 CT",0.0144543966900886,9.83250194930622,1.8489311882811,0.174787571876043,0.503147747396024,0.503147747396024,"plaq_d"
"7069","AL591222.1","Exc L6 CT",-0.0313934191253801,2.32063870038462,0.256113023666008,0.613123475638736,0.868496069595123,0.868496069595123,"plaq_d"
"7070","MLLT3","Exc L6 CT",0.0554243686291995,7.98811818555604,20.3686533209235,8.7485336710169e-06,0.00118814991252792,0.00118814991252792,"plaq_d"
"7071","FOCAD","Exc L6 CT",0.0151068676003663,8.34363401614966,1.21632683123002,0.270844381207192,0.618110489548646,0.618110489548646,"plaq_d"
"7072","HACD4","Exc L6 CT",0.00392760496461673,2.86987233051866,0.00560116288412768,0.940384263894334,0.996963831137995,0.996963831137995,"plaq_d"
"7073","KLHL9","Exc L6 CT",0.0215568112516348,4.5842939545008,0.872218930459711,0.393499885656006,0.726972978289778,0.726972978289778,"plaq_d"
"7074","AL359922.1","Exc L6 CT",-0.009819005665873,2.13192429032576,0.0166175824193996,0.897503921936864,0.986539374335313,0.986539374335313,"plaq_d"
"7075","LINC01239","Exc L6 CT",0.00884001689695037,1.65439179663156,0.0131068947302117,0.908919047866949,0.989478998057174,0.989478998057174,"plaq_d"
"7076","AL391117.1","Exc L6 CT",0.12652221255941,4.55856105059398,3.07076499671632,0.080592141151927,0.349080729400452,0.349080729400452,"plaq_d"
"7077","AL445623.2","Exc L6 CT",0.0540368934414833,5.25674017095147,3.55123245786141,0.0603339960986629,0.302742491403399,0.302742491403399,"plaq_d"
"7078","ELAVL2","Exc L6 CT",0.0450044890430845,6.48495388761405,4.08175951388851,0.0441137356622403,0.256176417343127,0.256176417343127,"plaq_d"
"7079","TUSC1","Exc L6 CT",0.0715256746114323,3.30578693755332,3.42888678971508,0.0649116522962331,0.313054655429337,0.313054655429337,"plaq_d"
"7080","CAAP1","Exc L6 CT",0.0288671386245459,5.04794146611203,1.7991167729481,0.180693513543992,0.51078743850377,0.51078743850377,"plaq_d"
"7081","PLAA","Exc L6 CT",-0.021602332860728,5.31457582709572,1.31678204056658,0.251958212233124,0.599337479066103,0.599337479066103,"plaq_d"
"7082","IFT74","Exc L6 CT",0.0304256054607999,4.92233024730308,1.67501882872609,0.196445352798116,0.531384310199489,0.531384310199489,"plaq_d"
"7083","MOB3B","Exc L6 CT",-0.00976162163223749,6.8478255179791,0.310653416812919,0.577637611278072,0.848952448741632,0.848952448741632,"plaq_d"
"7084","C9orf72","Exc L6 CT",-0.0266671425573772,5.59586037621206,1.69593932467813,0.193680626020041,0.52757911780643,0.52757911780643,"plaq_d"
"7085","LINGO2","Exc L6 CT",0.0474651070144985,9.07964646716707,3.78194930599362,0.0526131118333532,0.282724284416929,0.282724284416929,"plaq_d"
"7086","LINC01242","Exc L6 CT",-0.123908692767726,2.53595282639042,4.14089133089777,0.0426162171243316,0.250409412947705,0.250409412947705,"plaq_d"
"7087","ACO1","Exc L6 CT",0.020796821480749,5.07680517791736,0.799477296680468,0.371867302688862,0.710754340083492,0.710754340083492,"plaq_d"
"7088","DDX58","Exc L6 CT",0.0180272455975414,3.94003431925687,0.269722909901136,0.603847663307901,0.862571041970683,0.862571041970683,"plaq_d"
"7089","TOPORS","Exc L6 CT",0.0136533185951454,4.74411585757428,0.321053449023578,0.571340288591506,0.844476453243049,0.844476453243049,"plaq_d"
"7090","SMIM27","Exc L6 CT",-0.0942367031519988,2.44761726617575,2.61694415549501,0.106633363178643,0.400285240239828,0.400285240239828,"plaq_d"
"7091","NDUFB6","Exc L6 CT",-0.00711085040693448,5.17024265189943,0.128049209091497,0.720680139124208,0.918052498259632,0.918052498259632,"plaq_d"
"7092","APTX","Exc L6 CT",-0.0198371623698546,5.53017904226454,0.862545698466395,0.353670640189887,0.696694380976138,0.696694380976138,"plaq_d"
"7093","DNAJA1","Exc L6 CT",0.0443993043905538,5.45741118359679,3.68828618491468,0.0556123814973886,0.290281306757218,0.290281306757218,"plaq_d"
"7094","SMU1","Exc L6 CT",0.00423862290994857,4.85958717975588,0.0395829145051651,0.8424144157918,0.970036628518538,0.970036628518538,"plaq_d"
"7095","B4GALT1","Exc L6 CT",-0.010521716010434,2.9946605848385,0.0287303316366373,0.865501613128622,0.977537012120007,0.977537012120007,"plaq_d"
"7096","BAG1","Exc L6 CT",0.028712266291903,3.06962333182149,0.423987804112893,0.51538336702239,0.81149064329589,0.81149064329589,"plaq_d"
"7097","CHMP5","Exc L6 CT",0.0444081886740796,4.64183917910358,3.52361210846955,0.0613363691496363,0.305535768262341,0.305535768262341,"plaq_d"
"7098","NFX1","Exc L6 CT",-0.036035958994333,6.59940634477342,7.76764175877616,0.00561071112921414,0.0829279234252225,0.0829279234252225,"plaq_d"
"7099","NOL6","Exc L6 CT",-0.00124521289502687,3.00413010304136,0.000599381901645872,0.980481944411283,0.999396584092899,0.999396584092899,"plaq_d"
"7100","ANKRD18B","Exc L6 CT",0.175816279442311,3.42835196530468,6.52834388673751,0.0110414636077705,0.122177486623723,0.122177486623723,"plaq_d"
"7101","CYP4F26P","Exc L6 CT",0.0318261044556805,2.6581066649263,0.297075300693817,0.586070713880268,0.853922308418304,0.853922308418304,"plaq_d"
"7102","AL356489.3","Exc L6 CT",0.0550128654638698,2.72060508024659,1.04451163191877,0.30748403371736,0.652689915835421,0.652689915835421,"plaq_d"
"7103","PRSS3","Exc L6 CT",0.0524241255474066,3.01500712582468,0.709548033498596,0.400172092710445,0.73321591531877,0.73321591531877,"plaq_d"
"7104","UBE2R2","Exc L6 CT",0.00362310255352731,6.81179250196451,0.0860727907494399,0.769405231141839,0.942614639140128,0.942614639140128,"plaq_d"
"7105","UBAP2","Exc L6 CT",0.00440252502083675,6.21383349105009,0.0896227769016015,0.981966414606077,0.999571689696322,0.999571689696322,"plaq_d"
"7106","DCAF12","Exc L6 CT",-0.0248868468316026,4.02504620324903,0.628450632231848,0.42846400836933,0.754538678231486,0.754538678231486,"plaq_d"
"7107","UBAP1","Exc L6 CT",0.00744096257989211,5.90236416784512,0.247695116204056,0.619016867255551,0.87102638321245,0.87102638321245,"plaq_d"
"7108","NUDT2","Exc L6 CT",-0.0384459898505026,3.47391627631796,1.05242889624583,0.305660500317282,0.651026566439946,0.651026566439946,"plaq_d"
"7109","C9orf24","Exc L6 CT",0.0512892975378035,4.33539632638882,2.92674942425382,0.0880134060512532,0.363387070178953,0.363387070178953,"plaq_d"
"7110","FAM219A","Exc L6 CT",-0.00583368276643657,6.13469373598375,0.150708283639431,0.698096652884066,0.908087052942895,0.908087052942895,"plaq_d"
"7111","DNAI1","Exc L6 CT",0.029580990978808,3.37763735629987,0.449571752495401,0.502982861161028,0.804996250058273,0.804996250058273,"plaq_d"
"7112","ENHO","Exc L6 CT",0.075502524884421,2.82105150455342,2.47609881347018,0.11649679524761,0.417108541331427,0.417108541331427,"plaq_d"
"7113","CNTFR","Exc L6 CT",0.0373333223852564,3.0706337417491,0.597397502681945,0.440097072247911,0.762503003018526,0.762503003018526,"plaq_d"
"7114","RPP25L","Exc L6 CT",-0.0310330648758108,1.87215458734396,0.140763423504158,0.70775167281469,0.911667240680053,0.911667240680053,"plaq_d"
"7115","DCTN3","Exc L6 CT",-0.0069756164621229,4.08423427997327,0.0603666943669914,0.878993162828467,0.98237602453836,0.98237602453836,"plaq_d"
"7116","SIGMAR1","Exc L6 CT",-0.00916178329351989,3.29253788930931,0.0506445628499119,0.824839041972041,0.963985585882276,0.963985585882276,"plaq_d"
"7117","GALT","Exc L6 CT",-0.00399468194675012,2.9105668025067,0.00620488205192555,0.937259960798464,0.996101534451179,0.996101534451179,"plaq_d"
"7118","IL11RA","Exc L6 CT",0.00246438237557892,3.33204635970639,0.0037651242688407,0.951107227936654,0.99802142424354,0.99802142424354,"plaq_d"
"7119","AL162231.1","Exc L6 CT",-0.101610262146594,2.9170570838522,4.31408306412844,0.0385309082651035,0.237917349603505,0.237917349603505,"plaq_d"
"7120","AL162231.2","Exc L6 CT",-0.0411940038095779,2.33714025585947,0.445393886511698,0.504972526467433,0.805875588575267,0.805875588575267,"plaq_d"
"7121","PHF24","Exc L6 CT",0.0312096974884179,5.45214725630882,2.90341670720084,0.0892841718187889,0.366909138267272,0.366909138267272,"plaq_d"
"7122","DNAJB5","Exc L6 CT",-0.0281587420625734,2.27984862201048,0.159104283155163,0.690227030505574,0.903598115578823,0.903598115578823,"plaq_d"
"7123","VCP","Exc L6 CT",0.00320548314950207,5.73588471291951,0.0428634257987121,0.873020248534134,0.980233682498334,0.980233682498334,"plaq_d"
"7124","FANCG","Exc L6 CT",0.0115530725805578,2.3075301137714,0.0322398244551708,0.857606755630036,0.975284318212097,0.975284318212097,"plaq_d"
"7125","STOML2","Exc L6 CT",0.032870397269266,3.40280723889879,1.01112936047334,0.344724734486677,0.68830198025939,0.68830198025939,"plaq_d"
"7126","FAM214B","Exc L6 CT",0.0192634002495425,3.67282257382398,0.325698186544649,0.568571307399166,0.842570174776703,0.842570174776703,"plaq_d"
"7127","UNC13B","Exc L6 CT",-0.00986035560494435,6.710808103,0.439559577130268,0.507773753613642,0.806906139178239,0.806906139178239,"plaq_d"
"7128","RUSC2","Exc L6 CT",0.0102579069500313,6.48602092083635,0.606552781472693,0.436617660200353,0.759454705365313,0.759454705365313,"plaq_d"
"7129","TESK1","Exc L6 CT",-8.12209082162472e-05,3.7197990703988,8.76752342677008e-06,0.99763916260022,0.999906738276838,0.999906738276838,"plaq_d"
"7130","CCDC107","Exc L6 CT",-0.0351273984490049,2.87639466933055,0.54432776869728,0.5178707807599,0.813006298780755,0.813006298780755,"plaq_d"
"7131","TLN1","Exc L6 CT",-0.0429214412335681,3.7960072249907,1.84022833910367,0.221906960064039,0.560746462538514,0.560746462538514,"plaq_d"
"7132","CREB3","Exc L6 CT",0.00136438803056676,3.05463258022959,0.0011364744954256,0.992110873735316,0.999571689696322,0.999571689696322,"plaq_d"
"7133","GBA2","Exc L6 CT",0.00319771419502261,4.68209725289098,0.0184896344642153,0.89191836155332,0.98553812105169,0.98553812105169,"plaq_d"
"7134","RGP1","Exc L6 CT",0.000233089140332247,4.44861599941508,8.3996321983362e-05,0.992692778316033,0.999571689696322,0.999571689696322,"plaq_d"
"7135","AL133410.1","Exc L6 CT",-0.0029147119833394,4.63560976720416,0.0144837472556054,0.962879559398621,0.998742420766286,0.998742420766286,"plaq_d"
"7136","NPR2","Exc L6 CT",0.0513206772414529,3.30545022175469,1.79186209634463,0.181572789028726,0.511592188745267,0.511592188745267,"plaq_d"
"7137","SPAG8","Exc L6 CT",-0.0745006887958853,2.1692272898315,1.26540847602543,0.261404644355926,0.608240061443012,0.608240061443012,"plaq_d"
"7138","TMEM8B","Exc L6 CT",0.00189062700603409,4.64755003025333,0.00627002589462692,0.936932159168382,0.996101534451179,0.996101534451179,"plaq_d"
"7139","SPAAR","Exc L6 CT",-0.0262593821693367,2.64907872450648,0.182061307568187,0.669871423772069,0.894479014664119,0.894479014664119,"plaq_d"
"7140","RECK","Exc L6 CT",-0.00889787848896213,5.65691744942959,0.230878427267057,0.631174994316952,0.876812232209179,0.876812232209179,"plaq_d"
"7141","CLTA","Exc L6 CT",-0.0204079111710158,5.64359644451186,1.30453778971064,0.254170800707641,0.602014288744192,0.602014288744192,"plaq_d"
"7142","GNE","Exc L6 CT",0.0230034582443374,4.48658805546973,0.869712071179819,0.610732298785106,0.867071220247573,0.867071220247573,"plaq_d"
"7143","RNF38","Exc L6 CT",-0.00849793287580497,6.64830950188786,0.382881443508473,0.736149160797766,0.926997800483416,0.926997800483416,"plaq_d"
"7144","EBLN3P","Exc L6 CT",0.00491387429149017,4.79816894305853,0.0456502398072172,0.830937906996555,0.966554216002098,0.966554216002098,"plaq_d"
"7145","ZCCHC7","Exc L6 CT",0.00868173224901023,8.34534689436152,0.90251602163599,0.34276688492037,0.686990017733888,0.686990017733888,"plaq_d"
"7146","GRHPR","Exc L6 CT",0.00989994253574468,3.81117991100203,0.0906781404404619,0.772655341908558,0.943999516431775,0.943999516431775,"plaq_d"
"7147","ZBTB5","Exc L6 CT",0.0436580317098432,3.821417371961,1.77783175122412,0.184626237734132,0.516131101400406,0.516131101400406,"plaq_d"
"7148","POLR1E","Exc L6 CT",-0.0112458445588471,2.53913643839295,0.0439770407741506,0.903411621949368,0.988862052127668,0.988862052127668,"plaq_d"
"7149","FBXO10","Exc L6 CT",0.0807903568048561,3.03225113377174,4.02735976846407,0.0455405969235899,0.260604463862491,0.260604463862491,"plaq_d"
"7150","AL513165.2","Exc L6 CT",-0.03219255538026,2.37107289326151,0.31332697296901,0.685262198811853,0.900774195488207,0.900774195488207,"plaq_d"
"7151","AL138752.2","Exc L6 CT",0.00681106767497831,4.97707899215948,0.0972936775251394,0.968927984065556,0.998742420766286,0.998742420766286,"plaq_d"
"7152","FRMPD1","Exc L6 CT",-0.000740728579091182,3.45818625969831,0.000309625379067419,0.985971086230265,0.999571689696322,0.999571689696322,"plaq_d"
"7153","TRMT10B","Exc L6 CT",-0.0578593381518521,4.78991457268598,6.51646010378507,0.0111140909805131,0.122291481097255,0.122291481097255,"plaq_d"
"7154","DCAF10","Exc L6 CT",0.0325324033426312,6.97045001613311,7.7126074684494,0.00578044272982624,0.0846543779639659,0.0846543779639659,"plaq_d"
"7155","FAM95C","Exc L6 CT",-0.0177321056924782,5.62586264952503,0.657936549226032,0.417843454919825,0.746439431003449,0.746439431003449,"plaq_d"
"7156","ANKRD18A","Exc L6 CT",-0.00106503046891011,6.29664043041684,0.00237373108221824,0.961169612758466,0.998742420766286,0.998742420766286,"plaq_d"
"7157","FAM201A","Exc L6 CT",0.0333256472256358,2.89370379430839,0.556666241928336,0.456110000139008,0.775408545347326,0.775408545347326,"plaq_d"
"7158","CNTNAP3","Exc L6 CT",0.0390779599936266,7.82827999935209,6.11157612277299,0.013907248307783,0.138058846754104,0.138058846754104,"plaq_d"
"7159","GLIDR","Exc L6 CT",-0.0221321677715669,5.7182582373095,0.647842539726412,0.421434327784225,0.749193453047877,0.749193453047877,"plaq_d"
"7160","ANKRD20A2","Exc L6 CT",0.00537925327762667,2.3316030428346,0.00469495832428592,0.945411216508895,0.997609533382524,0.997609533382524,"plaq_d"
"7161","FAM95B1","Exc L6 CT",-0.0394019115266282,5.56007665917586,2.31817526620554,0.12877757859477,0.437649202419809,0.437649202419809,"plaq_d"
"7162","BMS1P14","Exc L6 CT",-0.00469591676119502,4.9548335407706,0.0126550559352535,0.910496002462701,0.989675151298007,0.989675151298007,"plaq_d"
"7163","FP325318.1","Exc L6 CT",-0.09253128815955,2.08159120469336,1.15066059226791,0.284153776201133,0.630672320397307,0.630672320397307,"plaq_d"
"7164","AL353626.1","Exc L6 CT",-0.0790996827397949,3.74613955502162,3.08569060060503,0.0798627186662844,0.34734250692442,0.34734250692442,"plaq_d"
"7165","BX255923.2","Exc L6 CT",-0.172980677845177,3.77359792199982,9.18276320795686,0.00262581645826723,0.0526473749245597,0.0526473749245597,"plaq_d"
"7166","CBWD6","Exc L6 CT",0.0651418120861372,5.36913186808321,5.37568178690038,0.0209979504856168,0.171949087139328,0.171949087139328,"plaq_d"
"7167","AL591926.2","Exc L6 CT",-0.00623248042240587,2.29850843176082,0.0056724593542455,0.940006757603531,0.996781997348216,0.996781997348216,"plaq_d"
"7168","CNTNAP3B","Exc L6 CT",-0.00177531313585677,8.46074410108572,0.00501719132005083,0.943572020364411,0.997551795929064,0.997551795929064,"plaq_d"
"7169","AL445584.2","Exc L6 CT",0.00537520321175347,2.5474672742632,0.00663056739773788,0.935148131461753,0.9957390902754,0.9957390902754,"plaq_d"
"7170","AL591441.1","Exc L6 CT",-0.0223202170307162,4.0568501421508,0.360605502693689,0.548560794777635,0.831225357967915,0.831225357967915,"plaq_d"
"7171","BX088645.1","Exc L6 CT",-0.0237517117251215,4.25439894689638,0.513792620990894,0.473982165684137,0.785839831531595,0.785839831531595,"plaq_d"
"7172","AL391987.2","Exc L6 CT",-0.0157573347197138,4.34324100601657,0.247544618132983,0.619123362745622,0.87102638321245,0.87102638321245,"plaq_d"
"7173","AL391987.3","Exc L6 CT",-0.0945270256306564,1.5383899704867,0.720822244391429,0.396457647451442,0.729269612856923,0.729269612856923,"plaq_d"
"7174","CR769775.2","Exc L6 CT",-0.0491428629379319,2.66747193310688,0.522950771092661,0.470071153761453,0.783067016762799,0.783067016762799,"plaq_d"
"7175","LINC01410","Exc L6 CT",0.0127995195188525,2.93073171970075,0.0708503239611061,0.790260254471743,0.951776677267231,0.951776677267231,"plaq_d"
"7176","AL512625.3","Exc L6 CT",-0.0398926314263568,4.07213375562846,0.361693795553794,0.54795838297326,0.830796090709115,0.830796090709115,"plaq_d"
"7177","AL512625.1","Exc L6 CT",-0.0969213208099582,2.48666873045214,2.86013807194314,0.0916944905359467,0.372680374295734,0.372680374295734,"plaq_d"
"7178","ANKRD20A4","Exc L6 CT",-0.025584195797951,4.18564725086544,0.43035952704188,0.512245836231232,0.809761461322141,0.809761461322141,"plaq_d"
"7179","CBWD5","Exc L6 CT",0.0205853411676369,7.18895973238816,1.00691604393841,0.316339611747893,0.660965857819943,0.660965857819943,"plaq_d"
"7180","AL136317.2","Exc L6 CT",-0.0254425789216917,5.94808411682553,1.04040239132366,0.308436070120067,0.652689915835421,0.652689915835421,"plaq_d"
"7181","ANKRD20A3","Exc L6 CT",-0.0174959915816162,4.07917446951284,0.288683498877461,0.591408595112673,0.856511914371269,0.856511914371269,"plaq_d"
"7182","ZNF658","Exc L6 CT",0.0124326361819444,4.83747357740081,0.299606526423012,0.701567510327347,0.909622462442533,0.909622462442533,"plaq_d"
"7183","ANKRD20A1","Exc L6 CT",0.0100120126693736,3.85755302943257,0.0802310265963667,0.777152901820163,0.94638087244304,0.94638087244304,"plaq_d"
"7184","AL353608.2","Exc L6 CT",0.110468195737326,2.39560810107547,3.64755687576176,0.0569729479850115,0.293695331214123,0.293695331214123,"plaq_d"
"7185","CBWD3","Exc L6 CT",-0.0111087104807207,5.41107610741407,0.223084418681726,0.636995608888276,0.878454716501161,0.878454716501161,"plaq_d"
"7186","PGM5","Exc L6 CT",-0.0929954754832822,3.41661760410492,3.08620083352818,0.0798379099672857,0.34734250692442,0.34734250692442,"plaq_d"
"7187","AL161457.2","Exc L6 CT",-0.0150795829828832,4.35090938267528,0.297970268523435,0.723207871021614,0.919401316780921,0.919401316780921,"plaq_d"
"7188","PIP5K1B","Exc L6 CT",0.0262935220703787,4.52348056439545,0.733812644620133,0.392239297407498,0.725821750595974,0.725821750595974,"plaq_d"
"7189","APBA1","Exc L6 CT",0.0190608670581624,7.29316007976596,2.48036475423953,0.116183634663411,0.416686498409186,0.416686498409186,"plaq_d"
"7190","AL353693.1","Exc L6 CT",-0.0814156322456805,1.85672503305292,0.946194188799834,0.33136517447452,0.675780287821957,0.675780287821957,"plaq_d"
"7191","PTAR1","Exc L6 CT",0.0253397024718958,4.61228303733764,1.01771483305325,0.313762189806468,0.657879462090935,0.657879462090935,"plaq_d"
"7192","MAMDC2-AS1","Exc L6 CT",0.0131933032757314,4.81216777495163,0.17855278349281,0.672880732305626,0.895548968504857,0.895548968504857,"plaq_d"
"7193","MAMDC2","Exc L6 CT",-0.048272921210539,4.8672341386025,1.78036751124228,0.182976149141679,0.513274482276619,0.513274482276619,"plaq_d"
"7194","SMC5-AS1","Exc L6 CT",0.0673459324689686,4.43023513235156,5.14296863058846,0.0239528931082493,0.184201842514079,0.184201842514079,"plaq_d"
"7195","SMC5","Exc L6 CT",-0.00276230756066052,6.57278391952685,0.0482574522324341,0.925547392497078,0.993407704701672,0.993407704701672,"plaq_d"
"7196","KLF9","Exc L6 CT",0.0450773752921013,5.81361740700131,5.44291950927417,0.0202167929587175,0.169111534824926,0.169111534824926,"plaq_d"
"7197","TRPM3","Exc L6 CT",0.0133244453959569,10.9392743062246,1.08001065653822,0.299416268436985,0.645995581805218,0.645995581805218,"plaq_d"
"7198","CEMIP2","Exc L6 CT",0.0251391260996685,7.67134645596342,3.32421508274807,0.0691238642061247,0.322270419233624,0.322270419233624,"plaq_d"
"7199","ABHD17B","Exc L6 CT",0.00540985957043061,5.3025576485743,0.068728971255388,0.793351490353302,0.952948523581655,0.952948523581655,"plaq_d"
"7200","C9orf85","Exc L6 CT",-0.00342758362867717,5.51689264346514,0.0337598384893761,0.97870318147088,0.999294217432135,0.999294217432135,"plaq_d"
"7201","GDA","Exc L6 CT",0.010608276916592,7.65055006192705,0.64027683919636,0.424156147727905,0.75106419467293,0.75106419467293,"plaq_d"
"7202","AL135924.2","Exc L6 CT",-0.0634327698755992,1.74396003798351,0.545560212069075,0.460635048665217,0.776394701225957,0.776394701225957,"plaq_d"
"7203","ZFAND5","Exc L6 CT",0.101560636921817,6.34201428922204,43.39451700415,1.65392294452847e-10,3.96831245157199e-07,3.96831245157199e-07,"plaq_d"
"7204","TMC1","Exc L6 CT",-0.127069108458567,1.7648370381606,2.41164357894401,0.121344272804511,0.425785915583143,0.425785915583143,"plaq_d"
"7205","ANXA1","Exc L6 CT",0.117534608939351,1.37888023847732,0.706995285305527,0.401020144364119,0.73389913789965,0.73389913789965,"plaq_d"
"7206","RORB","Exc L6 CT",-0.558361603120057,2.18805866398289,8.09725964710668,0.00469564627021518,0.0746120570706598,0.0746120570706598,"plaq_d"
"7207","C9orf40","Exc L6 CT",0.00911198129605269,2.96144921053155,0.0447371715485929,0.867586677992876,0.978153659814532,0.978153659814532,"plaq_d"
"7208","C9orf41-AS1","Exc L6 CT",-0.0570486788195946,3.24842305350014,1.74046885661229,0.187946293263586,0.521234536784251,0.521234536784251,"plaq_d"
"7209","CARNMT1","Exc L6 CT",-0.0580676461272218,5.85201609973625,11.9456091387923,0.000615514093160705,0.0207144120485467,0.0207144120485467,"plaq_d"
"7210","NMRK1","Exc L6 CT",-0.0342727421848933,4.87357786367952,1.45902835437244,0.227904549900687,0.569998940300606,0.569998940300606,"plaq_d"
"7211","OSTF1","Exc L6 CT",-0.0201309848029183,4.52976419126311,0.656631884183717,0.418305004466901,0.746439431003449,0.746439431003449,"plaq_d"
"7212","PCSK5","Exc L6 CT",0.0111454007408205,7.91444579590003,0.208948996361128,0.647877471690517,0.883726151025722,0.883726151025722,"plaq_d"
"7213","RFK","Exc L6 CT",0.0603282367072998,4.47448641112935,5.21518969428722,0.0229921137806274,0.18037845775799,0.18037845775799,"plaq_d"
"7214","GCNT1","Exc L6 CT",0.0111993046656758,3.12219413191342,0.0459208246336039,0.830445223580117,0.966380198743785,0.966380198743785,"plaq_d"
"7215","PRUNE2","Exc L6 CT",0.0339101314607562,5.86791935355859,3.13415834391221,0.0775429090001844,0.342233735457858,0.342233735457858,"plaq_d"
"7216","PCA3","Exc L6 CT",-0.0385235163883454,1.81668724147305,0.175679680472761,0.67537109927742,0.895600805563535,0.895600805563535,"plaq_d"
"7217","VPS13A","Exc L6 CT",0.043277065110441,8.22229662616934,20.4143585507035,8.55339688471557e-06,0.00117271144335586,0.00117271144335586,"plaq_d"
"7218","GNA14","Exc L6 CT",-0.039985888734984,4.42384651931859,0.688227458176628,0.407336317320731,0.739271334918098,0.739271334918098,"plaq_d"
"7219","GNA14-AS1","Exc L6 CT",-0.115000290174091,1.7007671593518,1.3905037321438,0.239125151451585,0.584143268729722,0.584143268729722,"plaq_d"
"7220","GNAQ","Exc L6 CT",0.02182826998249,9.1672068438525,8.43726350263014,0.00391090827472947,0.0677751941567854,0.0677751941567854,"plaq_d"
"7221","CEP78","Exc L6 CT",0.0196786626101486,5.8406725333918,1.48114979216214,0.333512010796004,0.678141088618542,0.678141088618542,"plaq_d"
"7222","PSAT1","Exc L6 CT",-0.0581633201623934,3.62935307706767,1.93926594395871,0.164636851283518,0.490604866710315,0.490604866710315,"plaq_d"
"7223","TLE4","Exc L6 CT",0.00391824582348407,9.11233038914155,0.111127861821392,0.739064361906356,0.928355654626485,0.928355654626485,"plaq_d"
"7224","AL161782.1","Exc L6 CT",0.0274228626032773,1.59085895232197,0.0863681514537614,0.769021195126549,0.942438846091922,0.942438846091922,"plaq_d"
"7225","TLE1","Exc L6 CT",-0.124703350384597,1.76404583068967,1.02229940632636,0.312676281895586,0.656834635074983,0.656834635074983,"plaq_d"
"7226","AL591368.1","Exc L6 CT",-0.0399265967982641,3.1469361098001,0.519396051916737,0.471582979710306,0.784119724637279,0.784119724637279,"plaq_d"
"7227","RASEF","Exc L6 CT",0.165218467531948,2.14749411938894,4.17553298802265,0.0417639429370221,0.247944657583641,0.247944657583641,"plaq_d"
"7228","FRMD3","Exc L6 CT",0.0422756336131593,6.65580186043555,5.45294791506243,0.0201028993877505,0.168672662531188,0.168672662531188,"plaq_d"
"7229","IDNK","Exc L6 CT",-0.10125853203301,3.23557613686226,5.93868779664312,0.0153123016777399,0.145887422205654,0.145887422205654,"plaq_d"
"7230","UBQLN1","Exc L6 CT",0.00623861997008768,6.31012943044767,0.25874564002569,0.861061838104852,0.976495686661412,0.976495686661412,"plaq_d"
"7231","GKAP1","Exc L6 CT",0.0236146969090435,5.37266534234575,1.52024864851311,0.359517465568585,0.701124766695639,0.701124766695639,"plaq_d"
"7232","AL354733.2","Exc L6 CT",0.0310145932210721,2.75744439414579,0.333632259468923,0.563901378908703,0.840074739388216,0.840074739388216,"plaq_d"
"7233","KIF27","Exc L6 CT",0.0412741242408819,5.1307670309677,4.16238804816138,0.0420852039880868,0.248608369557857,0.248608369557857,"plaq_d"
"7234","C9orf64","Exc L6 CT",0.0544246410099677,2.70922343963064,1.15444071950204,0.283365465358671,0.629742946699633,0.629742946699633,"plaq_d"
"7235","HNRNPK","Exc L6 CT",0.0423229994216739,6.06043598181583,7.59213548709055,0.00617061331774699,0.087918915174485,0.087918915174485,"plaq_d"
"7236","RMI1","Exc L6 CT",0.0197348527047329,3.82522577477675,0.358807771762991,0.549558623394301,0.831593351697929,0.831593351697929,"plaq_d"
"7237","NTRK2","Exc L6 CT",0.043819857379567,9.24543602183007,10.7435446334018,0.00115187488127265,0.0303706791040313,0.0303706791040313,"plaq_d"
"7238","AGTPBP1","Exc L6 CT",0.00607728763252119,7.63584777009022,0.353749244530128,0.552384697971794,0.832770982511461,0.832770982511461,"plaq_d"
"7239","AL353743.2","Exc L6 CT",0.00145542829251397,2.50992377964092,0.000890904886349827,0.976205353959911,0.999093977007575,0.999093977007575,"plaq_d"
"7240","NAA35","Exc L6 CT",-0.0232304916382005,6.04338381889558,2.391798639978,0.122881583186444,0.428019180148089,0.428019180148089,"plaq_d"
"7241","GOLM1","Exc L6 CT",0.003500228089027,6.23896551911156,0.0573016158769076,0.94793118869007,0.997964805243233,0.997964805243233,"plaq_d"
"7242","C9orf153","Exc L6 CT",0.0690441519967523,3.38131220041888,1.55340167046271,0.213471810741112,0.550840686042131,0.550840686042131,"plaq_d"
"7243","ISCA1","Exc L6 CT",0.0396417536819522,4.92915425793405,3.47063991116072,0.0633089750865745,0.309481393194748,0.309481393194748,"plaq_d"
"7244","TUT7","Exc L6 CT",0.0289244837412173,5.50497794859654,2.51727357662855,0.113512791901557,0.412763362519529,0.412763362519529,"plaq_d"
"7245","AL353613.1","Exc L6 CT",0.0674079196475555,1.66160586436866,0.520181731414052,0.471248153273554,0.783744040495157,0.783744040495157,"plaq_d"
"7246","GAS1RR","Exc L6 CT",0.0375475776330768,3.21447360836777,0.590641242017421,0.442692190202545,0.764384172997366,0.764384172997366,"plaq_d"
"7247","DAPK1","Exc L6 CT",0.0145322039157159,7.75075406763488,1.0446257213203,0.307457655894591,0.652689915835421,0.652689915835421,"plaq_d"
"7248","CTSL","Exc L6 CT",-0.072119300444104,3.81929653909235,5.83017110787256,0.0162685429724461,0.150582173090925,0.150582173090925,"plaq_d"
"7249","CDK20","Exc L6 CT",-0.0217859495197787,3.00147801372684,0.257444344795583,0.847270412310707,0.971364821464102,0.971364821464102,"plaq_d"
"7250","SPIN1","Exc L6 CT",0.0328720361871792,7.37614742488994,8.39438704489844,0.00400197403553322,0.0684658025086079,0.0684658025086079,"plaq_d"
"7251","NXNL2","Exc L6 CT",-0.0186656886490512,2.20408861756246,0.0842652399675533,0.771771201815423,0.943672302638833,0.943672302638833,"plaq_d"
"7252","SHC3","Exc L6 CT",-0.00749069437145598,7.58200067746476,0.174470832195721,0.676426073091286,0.896032875442026,0.896032875442026,"plaq_d"
"7253","CKS2","Exc L6 CT",0.0526626764795254,2.1182583046852,0.481693042310494,0.488119206554097,0.794896337781129,0.794896337781129,"plaq_d"
"7254","SECISBP2","Exc L6 CT",-0.0192247658189543,6.31873374650021,1.63514709619439,0.201844215392522,0.53780294739788,0.53780294739788,"plaq_d"
"7255","SEMA4D","Exc L6 CT",-0.0107242549811947,6.29648605291041,0.544348508186652,0.46113305213115,0.776394701225957,0.776394701225957,"plaq_d"
"7256","GADD45G","Exc L6 CT",0.107349893264074,1.53700751745827,1.13936561658703,0.286525913440613,0.632966588497244,0.632966588497244,"plaq_d"
"7257","LINC01508","Exc L6 CT",0.0511607160806426,1.85308712078076,0.293035306345301,0.588628140448354,0.854987442756975,0.854987442756975,"plaq_d"
"7258","LINC01501","Exc L6 CT",-0.0773817806351723,2.17312614237177,0.852169352191044,0.356578592819627,0.699169902237993,0.699169902237993,"plaq_d"
"7259","DIRAS2","Exc L6 CT",0.0498226582757177,8.26572290093062,15.965375320898,7.87587122373463e-05,0.00555789422239626,0.00555789422239626,"plaq_d"
"7260","AL158071.4","Exc L6 CT",0.0604034912592889,3.83415406267676,2.47539612718967,0.116548468826703,0.417108541331427,0.417108541331427,"plaq_d"
"7261","AUH","Exc L6 CT",-0.000100075717101345,6.87181521554981,6.70062534830873e-05,0.993473489373712,0.999633003011692,0.999633003011692,"plaq_d"
"7262","NFIL3","Exc L6 CT",0.037612356354732,3.55861006364373,0.939091250740361,0.333184294864574,0.677857703345168,0.677857703345168,"plaq_d"
"7263","SPTLC1","Exc L6 CT",-0.00846114951043654,5.46279482082998,0.223882638509795,0.661180917349594,0.890764276892284,0.890764276892284,"plaq_d"
"7264","IARS","Exc L6 CT",0.0147634087430744,6.33887551543561,0.93776442980438,0.401524158298231,0.734011654966518,0.734011654966518,"plaq_d"
"7265","NOL8","Exc L6 CT",0.000355569042124921,4.44823418938634,0.000182435991466829,0.989231126803539,0.999571689696322,0.999571689696322,"plaq_d"
"7266","CENPP","Exc L6 CT",0.0350487417055165,7.00819283448022,1.80576145621317,0.179892506124703,0.510351866855852,0.510351866855852,"plaq_d"
"7267","ECM2","Exc L6 CT",0.0161178803018711,2.03246810992728,0.0626378235269381,0.802521907706438,0.956224580644089,0.956224580644089,"plaq_d"
"7268","IPPK","Exc L6 CT",-0.0271091234979795,5.08544105583774,1.76601044360881,0.184746748684302,0.516263150299816,0.516263150299816,"plaq_d"
"7269","BICD2","Exc L6 CT",0.0555563460307733,5.04011440554536,7.71029344674524,0.00578769366738461,0.0846744288980374,0.0846744288980374,"plaq_d"
"7270","ZNF484","Exc L6 CT",-0.0605848896570822,3.94110411022063,4.56192132035086,0.0467041984006917,0.264186106159669,0.264186106159669,"plaq_d"
"7271","CARD19","Exc L6 CT",-0.00150230345433558,3.70823654303359,0.00173866949438708,0.966763860972062,0.998742420766286,0.998742420766286,"plaq_d"
"7272","NINJ1","Exc L6 CT",0.0256479672898336,2.84555852445089,0.275453897558688,0.796081261665878,0.953363766986272,0.953363766986272,"plaq_d"
"7273","WNK2","Exc L6 CT",0.0163660802621722,7.54106631414291,2.13413192921068,0.144953744643419,0.461587010553896,0.461587010553896,"plaq_d"
"7274","C9orf129","Exc L6 CT",-0.0282212582430275,5.2080122437854,1.3560403062869,0.245022132209994,0.590859254499192,0.590859254499192,"plaq_d"
"7275","FAM120AOS","Exc L6 CT",-0.0309337730657585,4.1715156203921,1.16085926016405,0.282033286484161,0.628018828637723,0.628018828637723,"plaq_d"
"7276","FAM120A","Exc L6 CT",-0.00202578254671919,6.94840712471926,0.0286208288990923,0.865755723781293,0.97759976465256,0.97759976465256,"plaq_d"
"7277","PHF2","Exc L6 CT",-0.0640959093808515,4.77599311671116,7.52507797972911,0.00639939332019952,0.0897303018038715,0.0897303018038715,"plaq_d"
"7278","PTPDC1","Exc L6 CT",-0.0047850717642742,5.78211423924024,0.0723437686922265,0.788113630864071,0.950707140872,0.950707140872,"plaq_d"
"7279","AL158152.2","Exc L6 CT",-0.00566496716906965,4.28122931000486,0.0449479253911945,0.832223857680254,0.967042913484942,0.967042913484942,"plaq_d"
"7280","ZNF169","Exc L6 CT",-0.00573347055074316,4.55472836696634,0.058167666354104,0.809557770313654,0.958972571499659,0.958972571499659,"plaq_d"
"7281","AL691447.2","Exc L6 CT",0.0395385564192643,2.0683713204931,0.200245601743633,0.654800928648261,0.887451908192465,0.887451908192465,"plaq_d"
"7282","MFSD14B","Exc L6 CT",-0.0704557169047884,4.89036484955697,11.0779540451559,0.000966966446253735,0.0272002271625278,0.0272002271625278,"plaq_d"
"7283","C9orf3","Exc L6 CT",0.0127561028035396,8.0959294240954,1.65846587435672,0.277363685340068,0.62574100471013,0.62574100471013,"plaq_d"
"7284","FANCC","Exc L6 CT",0.0507093389605335,5.45838241768964,4.38273816409636,0.0370276038434158,0.233282006533835,0.233282006533835,"plaq_d"
"7285","PTCH1","Exc L6 CT",0.00761748120493124,5.61820193495796,0.0568776479583893,0.811641090658287,0.959327443190962,0.959327443190962,"plaq_d"
"7286","AL354861.2","Exc L6 CT",-0.0748629689647867,2.10258608183287,1.02787408775447,0.311362471390637,0.655986365603914,0.655986365603914,"plaq_d"
"7287","LINC00476","Exc L6 CT",0.0398705659875438,6.60339857564782,3.88351084142327,0.0495542735072376,0.272179825032504,0.272179825032504,"plaq_d"
"7288","ERCC6L2","Exc L6 CT",0.0254120617281302,7.12057271650333,3.7744631703987,0.052846383587492,0.283421159711316,0.283421159711316,"plaq_d"
"7289","ZNF367","Exc L6 CT",-0.0100391109168261,2.76827146193833,0.0337808008467375,0.85428083931853,0.974785418557891,0.974785418557891,"plaq_d"
"7290","HABP4","Exc L6 CT",-0.011270025111036,6.00054586630829,0.503494125264414,0.478443722195944,0.789344129491849,0.789344129491849,"plaq_d"
"7291","CDC14B","Exc L6 CT",0.0111974002036509,6.55239698268191,0.359456865111217,0.549197953438583,0.831577064555297,0.831577064555297,"plaq_d"
"7292","AAED1","Exc L6 CT",0.0244282816798693,2.59025148595711,0.202238816137249,0.765546111072731,0.940760764441837,0.940760764441837,"plaq_d"
"7293","AL589843.1","Exc L6 CT",-0.0173882425432752,5.67649825428613,0.616050292131065,0.433052505576336,0.757683990067688,0.757683990067688,"plaq_d"
"7294","ZNF510","Exc L6 CT",0.0273122945321675,4.52039968240174,1.2149546602112,0.271114362584155,0.618141388372604,0.618141388372604,"plaq_d"
"7295","ZNF782","Exc L6 CT",0.00667803942965538,6.10094471117666,0.165423419356752,0.684461490803931,0.900774195488207,0.900774195488207,"plaq_d"
"7296","MFSD14C","Exc L6 CT",-0.0250438056010619,6.70142013879334,4.18959888898133,0.0414230390522832,0.247222058217048,0.247222058217048,"plaq_d"
"7297","AL590705.1","Exc L6 CT",0.00331515377486138,5.66067518177522,0.00844963137509881,0.926812971164171,0.993883318323457,0.993883318323457,"plaq_d"
"7298","CCDC180","Exc L6 CT",0.0232864495525165,5.54952115180813,1.60919470379591,0.205452463430054,0.541107512539162,0.541107512539162,"plaq_d"
"7299","TDRD7","Exc L6 CT",-0.022762324905018,4.80162072003698,0.93376072953438,0.334558271848697,0.679500688703985,0.679500688703985,"plaq_d"
"7300","TMOD1","Exc L6 CT",-0.00335806298938412,6.20610305545366,0.0294464148582772,0.863852022873683,0.977200838310075,0.977200838310075,"plaq_d"
"7301","TSTD2","Exc L6 CT",-0.0357602649865317,5.11977886214484,3.15213325397272,0.0767011827826639,0.341242055572818,0.341242055572818,"plaq_d"
"7302","NCBP1","Exc L6 CT",-0.00600392377937575,4.68917848782339,0.0820350941899257,0.774728565565334,0.944915374016342,0.944915374016342,"plaq_d"
"7303","XPA","Exc L6 CT",-0.0181310758684509,5.6127464485897,1.13591807579379,0.288621559180902,0.635514831136167,0.635514831136167,"plaq_d"
"7304","TRMO","Exc L6 CT",0.000683445106134644,2.9349167688172,0.000368271554894433,0.98470020538287,0.999571689696322,0.999571689696322,"plaq_d"
"7305","ANP32B","Exc L6 CT",-0.0402867539696203,4.05819217558022,2.00527761570083,0.157646500989457,0.480313021850629,0.480313021850629,"plaq_d"
"7306","NANS","Exc L6 CT",-0.00809803495536339,3.48834437857144,0.0497706248575172,0.823593702718299,0.963985585882276,0.963985585882276,"plaq_d"
"7307","TRIM14","Exc L6 CT",0.00746335932001384,5.56275809591357,0.105990136911645,0.74495187123712,0.9313232179284,0.9313232179284,"plaq_d"
"7308","CORO2A","Exc L6 CT",-0.0495977716749158,4.90906135939932,4.56701411436736,0.0332896843664531,0.221561856745011,0.221561856745011,"plaq_d"
"7309","TBC1D2","Exc L6 CT",-0.00492354626054256,3.77222805263821,0.023020303487623,0.933231070137997,0.995169961904193,0.995169961904193,"plaq_d"
"7310","GABBR2","Exc L6 CT",0.0124404736367749,8.97440307675555,2.22083480795003,0.13706468816781,0.450910738276957,0.450910738276957,"plaq_d"
"7311","ANKS6","Exc L6 CT",0.00343057662570219,6.14745071677946,0.0394948048780307,0.842587596570939,0.970063487947724,0.970063487947724,"plaq_d"
"7312","GALNT12","Exc L6 CT",-0.0495233334283203,3.25854858360007,1.17810193825254,0.27849363108062,0.626283530549105,0.626283530549105,"plaq_d"
"7313","TGFBR1","Exc L6 CT",0.112845619227482,2.94756795083424,2.94846204585231,0.0868485384327947,0.361200723233323,0.361200723233323,"plaq_d"
"7314","ALG2","Exc L6 CT",0.027534698240349,3.48738243734334,0.533489505552828,0.594513484600316,0.858178359055309,0.858178359055309,"plaq_d"
"7315","SEC61B","Exc L6 CT",-0.0676454562807088,3.97901590852649,4.7839032867755,0.0293916162851525,0.20569844824553,0.20569844824553,"plaq_d"
"7316","AL137067.1","Exc L6 CT",0.0440869517150178,2.92553310136043,0.831114409465188,0.504155696968144,0.805655989914788,0.805655989914788,"plaq_d"
"7317","AL359710.1","Exc L6 CT",0.015408218186041,6.04012572366098,0.434251832220472,0.51034551964753,0.808408731072787,0.808408731072787,"plaq_d"
"7318","NR4A3","Exc L6 CT",-0.0484579993523839,2.79088928704805,0.46417911261181,0.496130169060032,0.800796651649627,0.800796651649627,"plaq_d"
"7319","STX17","Exc L6 CT",0.0134332705645283,5.04612810221573,0.405801199292227,0.524526977284891,0.817207495258297,0.817207495258297,"plaq_d"
"7320","AL358937.1","Exc L6 CT",0.15549562469817,2.19598756531124,4.05189116044397,0.0448912070135303,0.257985555356001,0.257985555356001,"plaq_d"
"7321","ERP44","Exc L6 CT",-0.00113753389415521,6.36854499725407,0.00713920758617194,0.932712365047858,0.994911618792899,0.994911618792899,"plaq_d"
"7322","INVS","Exc L6 CT",-0.00703211129087224,7.39146342397164,0.294150425095603,0.587919969961125,0.854918776521248,0.854918776521248,"plaq_d"
"7323","TEX10","Exc L6 CT",-0.0021279295110475,4.69433128279059,0.00889516038734714,0.9818273551049,0.999571689696322,0.999571689696322,"plaq_d"
"7324","MSANTD3","Exc L6 CT",-0.0137320950071189,3.31566832915586,0.127356276318972,0.985173143138938,0.999571689696322,0.999571689696322,"plaq_d"
"7325","MSANTD3-TMEFF1","Exc L6 CT",-0.00164747054197214,3.9838108981638,0.00292782428632267,0.956879055936656,0.998742420766286,0.998742420766286,"plaq_d"
"7326","CAVIN4","Exc L6 CT",-0.0143104811906269,3.81331803097995,0.185556195735229,0.726608028736827,0.920964934082945,0.920964934082945,"plaq_d"
"7327","PLPPR1","Exc L6 CT",0.0431587832714455,5.07959325006032,1.68461268159869,0.195171772109135,0.529730925958353,0.529730925958353,"plaq_d"
"7328","BAAT","Exc L6 CT",0.0707419407080639,3.08034036010445,2.13295176952686,0.145064606682308,0.461587010553896,0.461587010553896,"plaq_d"
"7329","MRPL50","Exc L6 CT",0.0548754877724556,3.64211109663966,3.37381205738308,0.070848997288246,0.32617274223268,0.32617274223268,"plaq_d"
"7330","ZNF189","Exc L6 CT",0.0290022521307758,5.12490734324339,1.34770374609636,0.246475214860534,0.592523042635013,0.592523042635013,"plaq_d"
"7331","TMEM246","Exc L6 CT",0.0318794384770244,5.36950369771632,2.77145980012812,0.148768784704082,0.468125775868844,0.468125775868844,"plaq_d"
"7332","RNF20","Exc L6 CT",0.00663658620202829,4.56662284420438,0.0845503128534149,0.901874418079163,0.988080983460246,0.988080983460246,"plaq_d"
"7333","GRIN3A","Exc L6 CT",0.0242852124902789,2.48613100674074,0.0779683020934784,0.780235597684804,0.947551178021802,0.947551178021802,"plaq_d"
"7334","SMC2","Exc L6 CT",0.0264160786607285,3.5838108143936,0.539314372242404,0.4975958617856,0.801652988702635,0.801652988702635,"plaq_d"
"7335","NIPSNAP3A","Exc L6 CT",0.0522107983134363,3.50327976184142,2.34775543936257,0.1263715716953,0.434083785761285,0.434083785761285,"plaq_d"
"7336","NIPSNAP3B","Exc L6 CT",-0.0127054905709677,4.17413295439793,0.178193252374019,0.67319107084824,0.895548968504857,0.895548968504857,"plaq_d"
"7337","ABCA1","Exc L6 CT",-0.0523279664817388,3.38636532083152,1.02727321693855,0.31150373387008,0.655998793562561,0.655998793562561,"plaq_d"
"7338","SLC44A1","Exc L6 CT",0.0294247603848892,6.70407128120265,3.8032096038477,0.0519565797195334,0.280979309407364,0.280979309407364,"plaq_d"
"7339","FSD1L","Exc L6 CT",0.028453709943897,6.36200457705086,4.32201233934294,0.038354049584504,0.237488945324022,0.237488945324022,"plaq_d"
"7340","FKTN","Exc L6 CT",-0.00736042253717071,6.2113973917251,0.218358477972777,0.640585820252957,0.880223055723513,0.880223055723513,"plaq_d"
"7341","TMEM38B","Exc L6 CT",-0.0487299435368066,4.17302931431822,2.35151289275943,0.12606955657798,0.433563625536693,0.433563625536693,"plaq_d"
"7342","LINC01505","Exc L6 CT",0.0452808488261983,5.42326989231544,2.05190788396754,0.152912712145014,0.474411678527541,0.474411678527541,"plaq_d"
"7343","ZNF462","Exc L6 CT",0.0815714012907359,3.82620452284611,3.02902622709643,0.0826705185718506,0.352863117974322,0.352863117974322,"plaq_d"
"7344","RAD23B","Exc L6 CT",0.0341636519631619,6.1771213683104,6.21883898986206,0.0131031847346626,0.133782586837024,0.133782586837024,"plaq_d"
"7345","ELP1","Exc L6 CT",0.0115998387994114,6.02520173746418,0.606921957064737,0.436478243075084,0.759350961732702,0.759350961732702,"plaq_d"
"7346","FAM206A","Exc L6 CT",-0.0197114256211613,4.40687658888206,0.649847652822209,0.420717361490812,0.748387279801809,0.748387279801809,"plaq_d"
"7347","CTNNAL1","Exc L6 CT",0.0100599759597642,6.28055004608408,0.214533909484714,0.643526106417323,0.88124995591125,0.88124995591125,"plaq_d"
"7348","TMEM245","Exc L6 CT",0.0290096501508938,7.04568802720705,5.87274730394312,0.015886197634899,0.148880557536007,0.148880557536007,"plaq_d"
"7349","FRRS1L","Exc L6 CT",0.00743700872208212,7.80848084898153,0.498402954567947,0.480674764153621,0.790472230381028,0.790472230381028,"plaq_d"
"7350","EPB41L4B","Exc L6 CT",-0.0152696153047776,6.77509554840643,1.04091824106022,0.308316346606965,0.652689915835421,0.652689915835421,"plaq_d"
"7351","PTPN3","Exc L6 CT",-0.0359634459586958,3.24422046348975,0.493256941275519,0.482947266437657,0.792077685049623,0.792077685049623,"plaq_d"
"7352","PALM2","Exc L6 CT",0.148676471558578,3.55634368419066,2.81630073339789,0.0942084678450269,0.377778580249863,0.377778580249863,"plaq_d"
"7353","PALM2-AKAP2","Exc L6 CT",-0.023185626473208,5.50381392087835,1.56043720082759,0.212440316362511,0.549367026310876,0.549367026310876,"plaq_d"
"7354","TXN","Exc L6 CT",0.0075485179205197,4.11673710798007,0.0789302927189423,0.778919177099903,0.947280433890889,0.947280433890889,"plaq_d"
"7355","SVEP1","Exc L6 CT",-0.0602469295159484,1.84576259096807,0.311897588088498,0.576877022766837,0.848459503448242,0.848459503448242,"plaq_d"
"7356","ECPAS","Exc L6 CT",0.00491394652732656,7.31185327299286,0.212604330235347,0.713435652186068,0.914263531146121,0.914263531146121,"plaq_d"
"7357","ZNF483","Exc L6 CT",0.0374806544195673,7.87432592294181,10.3409985957509,0.00142293719682116,0.0350763765161599,0.0350763765161599,"plaq_d"
"7358","PTGR1","Exc L6 CT",-0.0160351053384865,5.72379460726289,0.629675116381638,0.428014915152246,0.754255861429697,0.754255861429697,"plaq_d"
"7359","C9orf84","Exc L6 CT",0.0353822132795856,3.00474132889585,0.558008820826802,0.455567744359274,0.775175490089533,0.775175490089533,"plaq_d"
"7360","UGCG","Exc L6 CT",0.0155992383182762,5.35972179268254,0.728788321185061,0.393863125446693,0.727184857773747,0.727184857773747,"plaq_d"
"7361","SUSD1","Exc L6 CT",-0.0138110769538917,6.19717617038815,0.521811169912418,0.470554973349116,0.783224580452523,0.783224580452523,"plaq_d"
"7362","PTBP3","Exc L6 CT",0.00613843851813535,5.64798795345872,0.0943029657799815,0.758960056124365,0.937874798770809,0.937874798770809,"plaq_d"
"7363","HSDL2","Exc L6 CT",-0.017466287242592,4.25651722938239,0.367136370734575,0.544964113231684,0.828962740287757,0.828962740287757,"plaq_d"
"7364","C9orf147","Exc L6 CT",0.0424455870961675,3.62196554661015,1.08506269790783,0.298290458157192,0.645839891055938,0.645839891055938,"plaq_d"
"7365","KIAA1958","Exc L6 CT",0.0333655185120242,7.15551614573534,3.91050031827262,0.0487735587496164,0.269260805384727,0.269260805384727,"plaq_d"
"7366","INIP","Exc L6 CT",-0.0389871791067918,4.80662304738611,3.19430913767307,0.0747646611787809,0.335508747609018,0.335508747609018,"plaq_d"
"7367","SNX30","Exc L6 CT",0.0147766401208773,5.37878198663232,0.688180436141689,0.496826411447941,0.801456686919888,0.801456686919888,"plaq_d"
"7368","ZNF883","Exc L6 CT",0.00602283992791537,4.46798666880435,0.0328552247316855,0.856268884313551,0.975107136969453,0.975107136969453,"plaq_d"
"7369","ZFP37","Exc L6 CT",0.0574113771899742,2.69650209739244,1.08767900141095,0.29770957891719,0.645747641719431,0.645747641719431,"plaq_d"
"7370","FKBP15","Exc L6 CT",0.0303881759905598,5.26149775951801,2.51150204069106,0.113925916427157,0.413325981069897,0.413325981069897,"plaq_d"
"7371","SLC31A1","Exc L6 CT",-0.0118115423111286,4.06598810060682,0.159032997613626,0.812729476425458,0.959497404175507,0.959497404175507,"plaq_d"
"7372","CDC26","Exc L6 CT",0.0180331755852971,3.4349270715213,0.241027454495033,0.744272404919492,0.931051923985141,0.931051923985141,"plaq_d"
"7373","PRPF4","Exc L6 CT",-0.0115238748712614,3.77532004084406,0.144446130440043,0.710236397826604,0.912907427063553,0.912907427063553,"plaq_d"
"7374","WDR31","Exc L6 CT",-0.0662598978712102,3.92469643091292,3.66498758166195,0.0563863802359757,0.292307644896329,0.292307644896329,"plaq_d"
"7375","BSPRY","Exc L6 CT",0.0830916283458417,2.74258361540476,1.95040905535803,0.16343233105613,0.488718953828574,0.488718953828574,"plaq_d"
"7376","HDHD3","Exc L6 CT",-0.0784243679689731,3.83373248685412,4.52967078135571,0.0340138060164547,0.223792982569623,0.223792982569623,"plaq_d"
"7377","ALAD","Exc L6 CT",0.00263034245511887,4.25791578605384,0.00918745387859018,0.923693887888898,0.99299244869807,0.99299244869807,"plaq_d"
"7378","POLE3","Exc L6 CT",-0.00895517919485805,3.20948729535285,0.0499233235515586,0.823327777293572,0.963863274125256,0.963863274125256,"plaq_d"
"7379","RGS3","Exc L6 CT",-0.000982088074204644,2.23238208928629,0.000329623218821762,0.985525178508278,0.999571689696322,0.999571689696322,"plaq_d"
"7380","ZNF618","Exc L6 CT",-0.0122668609160597,4.58096021973595,0.214420673232423,0.643613645210537,0.88124995591125,0.88124995591125,"plaq_d"
"7381","COL27A1","Exc L6 CT",-0.266771028900469,1.11727891355802,4.56365096506959,0.0368168235368426,0.23268921442469,0.23268921442469,"plaq_d"
"7382","AKNA","Exc L6 CT",0.0457391635917222,2.95416659058381,0.982021515061063,0.322388365271528,0.66720858344579,0.66720858344579,"plaq_d"
"7383","WHRN","Exc L6 CT",-0.167426158216477,1.77518883737494,1.97320772151125,0.16099922928842,0.484883871304623,0.484883871304623,"plaq_d"
"7384","ATP6V1G1","Exc L6 CT",0.0456094206474949,5.26196694158306,5.79285074554418,0.0166115286515153,0.152221238998864,0.152221238998864,"plaq_d"
"7385","TMEM268","Exc L6 CT",0.0107321397898927,6.37469906227582,0.469902648017767,0.493488075161131,0.799151308845645,0.799151308845645,"plaq_d"
"7386","TEX48","Exc L6 CT",0.00765976175343877,2.32379432828865,0.0232400089288977,0.878922890428326,0.982373752376257,0.982373752376257,"plaq_d"
"7387","DEC1","Exc L6 CT",0.0234528369180472,2.29388797375743,0.0956646761654752,0.757280558988754,0.937371276885589,0.937371276885589,"plaq_d"
"7388","PAPPA","Exc L6 CT",-0.0748811639905337,4.54716994676279,2.4973655220091,0.114944853346145,0.415139515497015,0.415139515497015,"plaq_d"
"7389","AL137024.1","Exc L6 CT",-0.014051481543981,1.91778209014046,0.0188990284248515,0.890735809322045,0.984947592825883,0.984947592825883,"plaq_d"
"7390","ASTN2","Exc L6 CT",0.000435766266190332,7.63745267748152,0.000211492516707567,0.988405276511997,0.999571689696322,0.999571689696322,"plaq_d"
"7391","TRIM32","Exc L6 CT",0.0362624635654188,3.59766717497881,1.20698898030824,0.272688340217094,0.619867573940516,0.619867573940516,"plaq_d"
"7392","BRINP1","Exc L6 CT",0.00502170210289254,7.25379495393964,0.102767985115001,0.748725195466084,0.932916801537149,0.932916801537149,"plaq_d"
"7393","CDK5RAP2","Exc L6 CT",-0.0272862237049155,5.70831384134787,2.45191395065645,0.118289991792574,0.420366013785705,0.420366013785705,"plaq_d"
"7394","MEGF9","Exc L6 CT",0.0367388931576531,6.7987774316263,7.31424154698805,0.007177071300315,0.0947334852878451,0.0947334852878451,"plaq_d"
"7395","FBXW2","Exc L6 CT",0.00354178097017998,5.17258453665098,0.0332825706317892,0.933160368867762,0.995168284333677,0.995168284333677,"plaq_d"
"7396","PSMD5","Exc L6 CT",0.000139965977614748,5.36990134109692,5.32749764012212e-05,0.994180495461192,0.999633003011692,0.999633003011692,"plaq_d"
"7397","PHF19","Exc L6 CT",-0.0764252278442673,2.80499159174619,2.55276634729337,0.111008374830857,0.408859479440912,0.408859479440912,"plaq_d"
"7398","TRAF1","Exc L6 CT",-0.125418529111911,2.16172525537681,3.85604569351073,0.0503623760532019,0.2752531380645,0.2752531380645,"plaq_d"
"7399","C5","Exc L6 CT",-0.0838794351920267,2.43080951667666,1.94950093578614,0.163530115599129,0.488723177115438,0.488723177115438,"plaq_d"
"7400","CNTRL","Exc L6 CT",-0.0246551545232797,5.97885842873734,1.69271706896788,0.194103468993084,0.52802599010288,0.52802599010288,"plaq_d"
"7401","RAB14","Exc L6 CT",0.0285842121006237,5.94877005398648,3.40658940601782,0.0657852914927365,0.31450874286864,0.31450874286864,"plaq_d"
"7402","GSN","Exc L6 CT",-0.0106386505417116,5.23115191656669,0.234157735614562,0.6287621097793,0.876334527290425,0.876334527290425,"plaq_d"
"7403","STOM","Exc L6 CT",0.0596340817429565,2.92695943250561,1.57491653145216,0.210336084265393,0.547261570411096,0.547261570411096,"plaq_d"
"7404","AL359644.1","Exc L6 CT",0.0163348377214474,1.9663199232484,0.0436279923305218,0.834669403087178,0.967541728548435,0.967541728548435,"plaq_d"
"7405","DAB2IP","Exc L6 CT",0.00371047683574903,5.92018670557044,0.0504133530297187,0.8224772612283,0.963694415288182,0.963694415288182,"plaq_d"
"7406","TTLL11","Exc L6 CT",-0.00603754594490562,7.12966112934193,0.248895886138652,0.618168621397081,0.87075539924795,0.87075539924795,"plaq_d"
"7407","NDUFA8","Exc L6 CT",-0.0265509138455645,4.51091734144023,1.24550422744582,0.423056283384554,0.750264252157266,0.750264252157266,"plaq_d"
"7408","MORN5","Exc L6 CT",0.0237340423269408,2.67374055991444,0.203802525153577,0.846006866716658,0.971298736203287,0.971298736203287,"plaq_d"
"7409","RBM18","Exc L6 CT",0.0732620080125645,4.09161656134328,6.59452240380246,0.0106458695548513,0.119545973566021,0.119545973566021,"plaq_d"
"7410","MRRF","Exc L6 CT",-0.0417041094589618,4.8797385081597,3.61747646524688,0.0580005546409037,0.297360378283443,0.297360378283443,"plaq_d"
"7411","AL162254.1","Exc L6 CT",0.0247431539246786,2.23670550696071,0.0655764566607342,0.798041053418247,0.954254159647866,0.954254159647866,"plaq_d"
"7412","PDCL","Exc L6 CT",-0.0258847403046373,3.98446502470212,0.848219118783607,0.367220424628402,0.707319404997387,0.707319404997387,"plaq_d"
"7413","RC3H2","Exc L6 CT",0.0162662496071639,6.06683755747618,1.1927300179888,0.275534636225227,0.623384664953381,0.623384664953381,"plaq_d"
"7414","ZBTB6","Exc L6 CT",0.0181358836521934,3.30327081537899,0.221806376743545,0.637961894478121,0.878624590429365,0.878624590429365,"plaq_d"
"7415","ZBTB26","Exc L6 CT",-0.0206749337569119,3.96815361126586,0.48359650346367,0.487261585244282,0.79458742423841,0.79458742423841,"plaq_d"
"7416","RABGAP1","Exc L6 CT",0.0245001052060568,7.82684147965308,5.63614642333123,0.0181355727517573,0.158807606651033,0.158807606651033,"plaq_d"
"7417","STRBP","Exc L6 CT",-0.0121859938583068,8.49740242856217,1.12604602786563,0.289355771222233,0.635964226338209,0.635964226338209,"plaq_d"
"7418","CRB2","Exc L6 CT",-0.00534601698323648,1.7014619271714,0.00243760553676421,0.9606510596022,0.998742420766286,0.998742420766286,"plaq_d"
"7419","DENND1A","Exc L6 CT",0.0117790444151998,7.80375256981519,1.5643440973787,0.561540287823347,0.838424628348278,0.838424628348278,"plaq_d"
"7420","NEK6","Exc L6 CT",-0.0944884361481362,3.5212322390264,6.16113801553519,0.0135295675316217,0.135875372868233,0.135875372868233,"plaq_d"
"7421","PSMB7","Exc L6 CT",-0.0011140631024101,5.58902180393704,0.00420636263871893,0.948325492395788,0.997964805243233,0.997964805243233,"plaq_d"
"7422","NR6A1","Exc L6 CT",0.0183946889188009,6.79694077525389,1.22623692131543,0.268904497600417,0.616817901124219,0.616817901124219,"plaq_d"
"7423","MIR181A2HG","Exc L6 CT",-0.131347543251302,2.98870460277586,6.62301813781502,0.0104800588435525,0.118549711087768,0.118549711087768,"plaq_d"
"7424","RPL35","Exc L6 CT",-0.0137389826594723,4.43190894094055,0.142618965902046,0.705921254613335,0.910657612339148,0.910657612339148,"plaq_d"
"7425","ARPC5L","Exc L6 CT",-0.0289082138346816,4.2343622148584,1.05377434545477,0.305352009877468,0.650733404977457,0.650733404977457,"plaq_d"
"7426","GOLGA1","Exc L6 CT",-0.0531264833662535,4.98054860218878,5.06094980944426,0.0250949601569871,0.189313775871697,0.189313775871697,"plaq_d"
"7427","SCAI","Exc L6 CT",-0.0145183989140192,7.83115259275751,1.28884579673614,0.257041618219097,0.604459482398674,0.604459482398674,"plaq_d"
"7428","PPP6C","Exc L6 CT",0.00310031708907137,5.54937762738312,0.0298943257424913,0.926352281519643,0.993796915610818,0.993796915610818,"plaq_d"
"7429","RABEPK","Exc L6 CT",-0.0872172819423751,5.41311022400099,19.9785754979629,1.06079561211104e-05,0.001329871243846,0.001329871243846,"plaq_d"
"7430","HSPA5","Exc L6 CT",-0.00203509190452233,4.37639256993941,0.00588701630821472,0.938884876315207,0.996366149599237,0.996366149599237,"plaq_d"
"7431","GAPVD1","Exc L6 CT",0.0148590626147945,6.44840859848414,1.62429708559423,0.203343539066367,0.539126093228913,0.539126093228913,"plaq_d"
"7432","MAPKAP1","Exc L6 CT",-0.0107734169693114,6.74010083343243,0.83461740955964,0.361572891343324,0.702443753912724,0.702443753912724,"plaq_d"
"7433","PBX3","Exc L6 CT",0.0873071341702538,3.76014892854696,3.56689058262821,0.0597735335397446,0.301718018526705,0.301718018526705,"plaq_d"
"7434","MVB12B","Exc L6 CT",-0.00859989666589569,6.46620906401092,0.353073432799093,0.552764327630953,0.832820016805358,0.832820016805358,"plaq_d"
"7435","LMX1B","Exc L6 CT",-0.0926663093447789,1.52437643997643,0.879887229485472,0.349795449445318,0.692981336193501,0.692981336193501,"plaq_d"
"7436","ZBTB43","Exc L6 CT",0.0120111489346312,5.82160772431559,0.520540379045738,0.489476964437392,0.795676420510466,0.795676420510466,"plaq_d"
"7437","ZBTB34","Exc L6 CT",0.0677256120391219,3.6893379139699,4.09378584817924,0.0438047230206769,0.255102262380932,0.255102262380932,"plaq_d"
"7438","RALGPS1","Exc L6 CT",0.00592676063316919,7.37341512484839,0.244984070776465,0.912349723216939,0.989967061646606,0.989967061646606,"plaq_d"
"7439","GARNL3","Exc L6 CT",0.00515419377083286,8.49143504505603,0.243694584734393,0.960222971190132,0.998742420766286,0.998742420766286,"plaq_d"
"7440","SLC2A8","Exc L6 CT",-0.0280934724894994,3.46061344393118,0.597573256465966,0.440029877413436,0.762503003018526,0.762503003018526,"plaq_d"
"7441","ZNF79","Exc L6 CT",-0.0672318622728556,2.89269124659976,1.98106117698272,0.16017072031981,0.484332932993363,0.484332932993363,"plaq_d"
"7442","RPL12","Exc L6 CT",-0.0307016025901566,3.35901920233303,0.425876682213868,0.514449766141632,0.811165423542571,0.811165423542571,"plaq_d"
"7443","LRSAM1","Exc L6 CT",-0.036810053891496,6.0840652304954,5.73113592029845,0.0171952431190688,0.15461756398633,0.15461756398633,"plaq_d"
"7444","STXBP1","Exc L6 CT",0.0224121720450407,8.54938261785561,5.8837687711862,0.0157887466904887,0.148267969573565,0.148267969573565,"plaq_d"
"7445","PTRH1","Exc L6 CT",0.00899102183860229,3.4118330105445,0.0580538204413803,0.809740636648328,0.959110268651417,0.959110268651417,"plaq_d"
"7446","TOR2A","Exc L6 CT",-0.0838392800387616,2.84706270857362,3.45766217701236,0.0638025315473268,0.310409342397876,0.310409342397876,"plaq_d"
"7447","SH2D3C","Exc L6 CT",-0.0401192157605427,4.61637265401265,1.91223764352519,0.167601061667082,0.494178403303997,0.494178403303997,"plaq_d"
"7448","CDK9","Exc L6 CT",0.0232846301328928,4.55380444119341,0.656026545133973,0.418519412593111,0.746439431003449,0.746439431003449,"plaq_d"
"7449","FPGS","Exc L6 CT",-0.0156739741454637,4.30795338468062,0.442776953066973,0.506225699557579,0.806312025096312,0.806312025096312,"plaq_d"
"7450","AL162586.1","Exc L6 CT",-0.0104320945573116,2.31225301224584,0.0305738038682264,0.861296247049973,0.976495686661412,0.976495686661412,"plaq_d"
"7451","AK1","Exc L6 CT",0.032742501248886,3.17373455673612,0.691726045922429,0.406147907608523,0.738040575479251,0.738040575479251,"plaq_d"
"7452","ST6GALNAC4","Exc L6 CT",-0.0949578126151365,2.61106434556553,2.96703307066165,0.0858655107954279,0.359441667173882,0.359441667173882,"plaq_d"
"7453","DPM2","Exc L6 CT",-0.0273264509737062,3.75311245079879,0.744623293140658,0.388777839128116,0.722919887895681,0.722919887895681,"plaq_d"
"7454","FAM102A","Exc L6 CT",-0.00503368396832512,4.58339835639607,0.0476345071388099,0.827359606640972,0.964685218129143,0.964685218129143,"plaq_d"
"7455","SLC25A25","Exc L6 CT",0.00720331388406343,4.55424248169014,0.0823592026674744,0.774296089123081,0.944849257935925,0.944849257935925,"plaq_d"
"7456","SLC25A25-AS1","Exc L6 CT",-0.0223324451473966,2.98038266554577,0.240754837947293,0.632321842356125,0.877163115017132,0.877163115017132,"plaq_d"
"7457","PTGES2","Exc L6 CT",-0.0525806746506278,4.22079521167105,3.75593483043923,0.0534284792058735,0.284958262300921,0.284958262300921,"plaq_d"
"7458","C9orf16","Exc L6 CT",-0.0109119106980933,5.11758933915434,0.190481933544503,0.662786305394901,0.891642991539575,0.891642991539575,"plaq_d"
"7459","CIZ1","Exc L6 CT",0.0167006019501557,5.50129622935797,0.824121076449996,0.364605860991632,0.705018935505109,0.705018935505109,"plaq_d"
"7460","DNM1","Exc L6 CT",0.0346220968210163,8.52841730675372,11.5790855940232,0.000744623888457314,0.0233728682395059,0.0233728682395059,"plaq_d"
"7461","GOLGA2","Exc L6 CT",0.00145506490375821,4.88242966732209,0.00455509531511089,0.94622920887607,0.997904202435904,0.997904202435904,"plaq_d"
"7462","SWI5","Exc L6 CT",-0.0271543005600419,2.89905222131171,0.380384115138622,0.537800777476827,0.824601128187923,0.824601128187923,"plaq_d"
"7463","TRUB2","Exc L6 CT",0.0352550727971831,3.75446753316092,1.23140238092663,0.26790026651522,0.615789914857593,0.615789914857593,"plaq_d"
"7464","COQ4","Exc L6 CT",-0.0793210403748549,5.4353362126814,16.8627599910303,5.01184484866343e-05,0.00403075522018764,0.00403075522018764,"plaq_d"
"7465","SLC27A4","Exc L6 CT",0.00349982239448758,5.28315257016061,0.0355700565736111,0.857125385405976,0.975107136969453,0.975107136969453,"plaq_d"
"7466","URM1","Exc L6 CT",-0.0556418617155998,4.06304727499283,3.86336389973344,0.0501456957657336,0.274485717202852,0.274485717202852,"plaq_d"
"7467","ODF2","Exc L6 CT",-0.0474053194082374,4.60433684966249,3.54025243428239,0.0607303603629206,0.304201206605639,0.304201206605639,"plaq_d"
"7468","GLE1","Exc L6 CT",0.0149885997488405,4.73446238653488,0.550498201947457,0.458614370121442,0.775898728996668,0.775898728996668,"plaq_d"
"7469","AL356481.1","Exc L6 CT",0.0125877471781328,2.67488103363873,0.0571951015230669,0.811126119277596,0.95922511631921,0.95922511631921,"plaq_d"
"7470","SPTAN1","Exc L6 CT",0.03343752036142,8.0481576593972,11.1487048408655,0.000931883725545555,0.0264614503957922,0.0264614503957922,"plaq_d"
"7471","WDR34","Exc L6 CT",-0.0330769812535085,2.67200164024656,0.438192599281944,0.585379619819752,0.853146926665597,0.853146926665597,"plaq_d"
"7472","SET","Exc L6 CT",-0.0230581923999339,5.31810352254529,0.792137352718383,0.374069129351644,0.711074192208887,0.711074192208887,"plaq_d"
"7473","ZER1","Exc L6 CT",-0.0017909890714045,7.33759570911692,0.0240248854865328,0.876911417525928,0.981163755019913,0.981163755019913,"plaq_d"
"7474","TBC1D13","Exc L6 CT",-0.0140265002639273,4.51370304654006,0.393645940468295,0.614382148865364,0.869167198807565,0.869167198807565,"plaq_d"
"7475","ENDOG","Exc L6 CT",-0.00365303748609856,2.7757083639611,0.00488770630594001,0.9443037296696,0.997609533382524,0.997609533382524,"plaq_d"
"7476","SPOUT1","Exc L6 CT",0.0365561434901649,3.50854982288632,0.912947505227151,0.339996445765379,0.68410911892838,0.68410911892838,"plaq_d"
"7477","KYAT1","Exc L6 CT",-0.0342130127453691,6.25191387477814,3.98041469138302,0.0468111974940724,0.264479591493197,0.264479591493197,"plaq_d"
"7478","LRRC8A","Exc L6 CT",-0.0129484539765962,4.80475677153146,0.297755611654302,0.591944364770959,0.85660021987669,0.85660021987669,"plaq_d"
"7479","NUP188","Exc L6 CT",-0.0228805148652053,4.38959303499499,0.960991966798831,0.35408419897225,0.69702457762784,0.69702457762784,"plaq_d"
"7480","SH3GLB2","Exc L6 CT",-0.005819391805618,5.23736040463417,0.0957287018796277,0.757201914708296,0.937371276885589,0.937371276885589,"plaq_d"
"7481","MIGA2","Exc L6 CT",0.0272713324018441,4.76042849131178,1.63290384501937,0.267742263605957,0.615623323250497,0.615623323250497,"plaq_d"
"7482","DOLPP1","Exc L6 CT",0.0140397815628898,2.55724902868112,0.0753780239172213,0.895856265898089,0.986281603373151,0.986281603373151,"plaq_d"
"7483","CRAT","Exc L6 CT",0.00955948692142617,3.46215454007541,0.0796332981210016,0.777962626388417,0.94662750143586,0.94662750143586,"plaq_d"
"7484","PTPA","Exc L6 CT",0.029104510615711,5.64472907531552,3.24515722554037,0.0724997927154927,0.330078120155671,0.330078120155671,"plaq_d"
"7485","IER5L","Exc L6 CT",-0.0113663184401648,3.48963491915325,0.078147012549793,0.779990384536753,0.947525204312832,0.947525204312832,"plaq_d"
"7486","AL158151.1","Exc L6 CT",-0.108342193323777,2.55342371934792,3.55027665260455,0.0603683892880493,0.302809523411414,0.302809523411414,"plaq_d"
"7487","LINC01503","Exc L6 CT",-0.0369064220586134,3.57151258378327,0.856467432268044,0.355370095481741,0.698206369727963,0.698206369727963,"plaq_d"
"7488","NTMT1","Exc L6 CT",-0.0660667197865586,3.5082026635316,3.14753224692029,0.076915693860922,0.341242055572818,0.341242055572818,"plaq_d"
"7489","ASB6","Exc L6 CT",0.0233353752536761,3.6732133513381,0.520850944388127,0.566182783784594,0.840946216080164,0.840946216080164,"plaq_d"
"7490","TOR1B","Exc L6 CT",-0.00718683442376417,4.54906458843203,0.0833051287494771,0.781484037147744,0.948066114896942,0.948066114896942,"plaq_d"
"7491","TOR1A","Exc L6 CT",-0.0046058175007139,3.1532762733266,0.0129689997275346,0.909397352367611,0.989478998057174,0.989478998057174,"plaq_d"
"7492","C9orf78","Exc L6 CT",0.0571623599263805,4.57553865718397,5.02047317582302,0.0256793698380087,0.191481655641625,0.191481655641625,"plaq_d"
"7493","USP20","Exc L6 CT",-0.0137126442164884,5.43154230110456,0.732039871835647,0.550311031452745,0.831593351697929,0.831593351697929,"plaq_d"
"7494","FNBP1","Exc L6 CT",-0.00678881109063226,6.45196050071344,0.229716970082062,0.632034643999388,0.876915028128379,0.876915028128379,"plaq_d"
"7495","GPR107","Exc L6 CT",-0.0359699568030901,5.5375943737547,4.83114982218961,0.0286077442546004,0.202704976295721,0.202704976295721,"plaq_d"
"7496","NCS1","Exc L6 CT",0.0273497469655636,6.3811921976885,3.64636631447741,0.0570132487012725,0.293759029457236,0.293759029457236,"plaq_d"
"7497","HMCN2","Exc L6 CT",-0.159377638235036,1.91003492067094,3.75098234154273,0.0535852215733681,0.285076703341666,0.285076703341666,"plaq_d"
"7498","FUBP3","Exc L6 CT",-0.0210558817791096,6.12944435294548,2.23574090665522,0.135757707939682,0.448478675343561,0.448478675343561,"plaq_d"
"7499","EXOSC2","Exc L6 CT",-0.0223184674823018,3.59361468907676,0.462186128368317,0.497055774033635,0.801652988702635,0.801652988702635,"plaq_d"
"7500","ABL1","Exc L6 CT",-0.0370515642648143,6.48072546685807,6.54228588311192,0.0109568809866653,0.121521770943015,0.121521770943015,"plaq_d"
"7501","NUP214","Exc L6 CT",-0.0136725354770383,5.89218990287415,0.903528692489581,0.342496601171615,0.686851687337673,0.686851687337673,"plaq_d"
"7502","AL157938.2","Exc L6 CT",-0.086159383038905,2.77007320710012,2.36126540920059,0.125289424572303,0.432119443254161,0.432119443254161,"plaq_d"
"7503","AL157938.3","Exc L6 CT",-0.212171893541773,2.35493637015088,11.8154189190217,0.000658544454104662,0.0217440503699328,0.0217440503699328,"plaq_d"
"7504","FAM78A","Exc L6 CT",0.00839035942090608,3.23276888800602,0.0394311694665105,0.947926574231276,0.997964805243233,0.997964805243233,"plaq_d"
"7505","PLPP7","Exc L6 CT",-0.0142737138294354,4.95479586511867,0.398941429373578,0.528050891682673,0.818456124092144,0.818456124092144,"plaq_d"
"7506","PRRC2B","Exc L6 CT",0.020594453002607,7.16112736868528,3.27202903333071,0.0713328232622672,0.327353306880331,0.327353306880331,"plaq_d"
"7507","POMT1","Exc L6 CT",-0.0254123629828269,5.0735197676496,1.26757309619805,0.260997850298685,0.607981400145611,0.607981400145611,"plaq_d"
"7508","UCK1","Exc L6 CT",0.0491053703743195,3.50402205328775,1.82177552634978,0.177978903388126,0.508067478321526,0.508067478321526,"plaq_d"
"7509","RAPGEF1","Exc L6 CT",-0.0390116995236167,6.64667138467291,8.52112241042615,0.00373887487326825,0.0658810803862542,0.0658810803862542,"plaq_d"
"7510","MED27","Exc L6 CT",-0.0277356483622303,6.17289846172082,4.06615427413166,0.0445181468296621,0.256828654246138,0.256828654246138,"plaq_d"
"7511","SETX","Exc L6 CT",-0.0170763347494891,6.75507425413322,2.07614555508012,0.150516194396911,0.470538791430605,0.470538791430605,"plaq_d"
"7512","TTF1","Exc L6 CT",-0.0660956005545514,4.99213740995998,9.8585389481218,0.00183503678287517,0.0415921957025381,0.0415921957025381,"plaq_d"
"7513","DDX31","Exc L6 CT",-0.016241841036667,4.02626130178348,0.274745162062188,0.600499785125187,0.860360398389652,0.860360398389652,"plaq_d"
"7514","GTF3C4","Exc L6 CT",0.0567090649135653,4.18117036199397,4.41467006627429,0.0363495589836967,0.231338749394031,0.231338749394031,"plaq_d"
"7515","AK8","Exc L6 CT",-0.136377401374353,3.49906196648534,9.78504357766687,0.00190773149655076,0.0427069845972625,0.0427069845972625,"plaq_d"
"7516","SPACA9","Exc L6 CT",-0.0137473063057386,2.70438468543499,0.0772603923988629,0.880454761295334,0.983017430092107,0.983017430092107,"plaq_d"
"7517","TSC1","Exc L6 CT",0.0146239452226441,6.34856142073886,1.22070755934314,0.269984705215036,0.617918211180862,0.617918211180862,"plaq_d"
"7518","GTF3C5","Exc L6 CT",-0.032243414486871,4.38686234078184,1.90338993335408,0.168584687532808,0.495174680588044,0.495174680588044,"plaq_d"
"7519","CEL","Exc L6 CT",0.0713167943518213,3.20928674660006,2.82452876249556,0.0937309295299336,0.376387855373201,0.376387855373201,"plaq_d"
"7520","RALGDS","Exc L6 CT",0.0237056164808973,5.27239938110072,1.52793970996088,0.217255125873731,0.557008867689801,0.557008867689801,"plaq_d"
"7521","ABO","Exc L6 CT",-0.0513712078775147,5.22871817929326,2.74810847070966,0.0982701657040225,0.384677721104138,0.384677721104138,"plaq_d"
"7522","SURF6","Exc L6 CT",0.00669140625705586,3.58875236816344,0.0391973943427068,0.843173649176006,0.970481384042954,0.970481384042954,"plaq_d"
"7523","MED22","Exc L6 CT",-0.0203559667421113,3.07667745843345,0.230320500333473,0.631587609588919,0.876867380229468,0.876867380229468,"plaq_d"
"7524","RPL7A","Exc L6 CT",-0.0352803249687956,5.00292138277911,1.73298946228633,0.188895433725043,0.522290245528783,0.522290245528783,"plaq_d"
"7525","SURF1","Exc L6 CT",-0.0134833733230459,2.88687661055636,0.0749712190626136,0.873123241189307,0.980233682498334,0.980233682498334,"plaq_d"
"7526","SURF2","Exc L6 CT",-0.0266428074382804,2.56223725287491,0.197961632982519,0.656647662476655,0.888500944435721,0.888500944435721,"plaq_d"
"7527","SURF4","Exc L6 CT",0.00740584696958426,5.44836708603709,0.175772959602599,0.675289871249026,0.895575586043388,0.895575586043388,"plaq_d"
"7528","STKLD1","Exc L6 CT",-0.00461799096581254,3.43172400231582,0.0122610987503749,0.911894373732528,0.989953996741184,0.989953996741184,"plaq_d"
"7529","REXO4","Exc L6 CT",-0.0202800004116762,3.98719033958858,0.425496569581402,0.514637403813607,0.811292166590089,0.811292166590089,"plaq_d"
"7530","ADAMTS13","Exc L6 CT",0.0137547829526638,4.35073549862541,0.313053250661115,0.576172323095434,0.848289707842286,0.848289707842286,"plaq_d"
"7531","CACFD1","Exc L6 CT",0.130642670676405,2.66843355637787,6.32733075149476,0.0123386593795874,0.129907643445101,0.129907643445101,"plaq_d"
"7532","SLC2A6","Exc L6 CT",-0.0109973415714155,4.47283367210518,0.163627067549485,0.686087244838724,0.901178100063711,0.901178100063711,"plaq_d"
"7533","ADAMTSL2","Exc L6 CT",0.0239157921888388,3.01397804558721,0.246517655820502,0.619851142672261,0.87102638321245,0.87102638321245,"plaq_d"
"7534","FAM163B","Exc L6 CT",0.0723284222418366,2.54424572430138,1.57118903464759,0.242793156112559,0.587832202387554,0.587832202387554,"plaq_d"
"7535","VAV2","Exc L6 CT",-0.03278795841295,5.60732268821597,2.45410994115389,0.118125911186859,0.420282079964388,0.420282079964388,"plaq_d"
"7536","BRD3OS","Exc L6 CT",0.022827263987291,4.1076076515183,0.616053515755362,0.433051303050551,0.757683990067688,0.757683990067688,"plaq_d"
"7537","BRD3","Exc L6 CT",-0.0175725265939875,4.66970170705633,0.510705330004899,0.475312513002205,0.787410694727244,0.787410694727244,"plaq_d"
"7538","WDR5","Exc L6 CT",0.00314079136363782,5.2586240716258,0.0265781380783459,0.907656622395981,0.989420650042586,0.989420650042586,"plaq_d"
"7539","RXRA","Exc L6 CT",0.0404751339510333,4.67589348381025,2.63623464295244,0.105355745308456,0.39808433319174,0.39808433319174,"plaq_d"
"7540","OLFM1","Exc L6 CT",0.0156160099343322,6.66704738253086,0.927619779311632,0.336150574167326,0.680705865230321,0.680705865230321,"plaq_d"
"7541","PPP1R26-AS1","Exc L6 CT",-0.00968205413998242,4.52824388491026,0.100973563509224,0.750854909072527,0.934200317837914,0.934200317837914,"plaq_d"
"7542","PPP1R26","Exc L6 CT",0.0387175104984107,2.98811376166337,0.613211485314634,0.4341134597658,0.757698516826922,0.757698516826922,"plaq_d"
"7543","C9orf116","Exc L6 CT",-0.121134767888641,2.16738043641653,3.0274934375329,0.0827479413247091,0.352863117974322,0.352863117974322,"plaq_d"
"7544","MRPS2","Exc L6 CT",0.0397368287170686,3.31925377899349,1.15538306316157,0.283169380903301,0.629742946699633,0.629742946699633,"plaq_d"
"7545","SOHLH1","Exc L6 CT",-0.0542858686109111,4.24880525270242,2.84361530737692,0.0926333314477562,0.374697791380134,0.374697791380134,"plaq_d"
"7546","KCNT1","Exc L6 CT",0.0145475811638644,6.89394900779522,0.898953016983617,0.343720155442985,0.687958895922466,0.687958895922466,"plaq_d"
"7547","CAMSAP1","Exc L6 CT",-0.00594016246457978,5.80046069231189,0.145560075334893,0.703047647009168,0.910004848619312,0.910004848619312,"plaq_d"
"7548","AL355574.1","Exc L6 CT",-0.0617572786831951,2.49860023437826,1.10018752220498,0.29495243646261,0.642477723606557,0.642477723606557,"plaq_d"
"7549","UBAC1","Exc L6 CT",-0.006939017836337,4.56558762878558,0.079566299170465,0.791935709492044,0.952057315516695,0.952057315516695,"plaq_d"
"7550","TMEM250","Exc L6 CT",0.0933227940180147,3.41441871377408,6.34941510312881,0.0121887610527866,0.129116559320027,0.129116559320027,"plaq_d"
"7551","QSOX2","Exc L6 CT",-0.00930723886711155,3.93872881054744,0.100586809718659,0.807962583457865,0.958107854321204,0.958107854321204,"plaq_d"
"7552","GPSM1","Exc L6 CT",0.0120964456891743,4.63574192643531,0.269139621904816,0.604239049749251,0.862668796548841,0.862668796548841,"plaq_d"
"7553","SNAPC4","Exc L6 CT",0.0252663115994791,4.61719986351035,1.080498837413,0.299307241936766,0.645995581805218,0.645995581805218,"plaq_d"
"7554","ENTR1","Exc L6 CT",-0.00564977421642216,4.59197095193223,0.0499645162164556,0.82325611325407,0.963857759141639,0.963857759141639,"plaq_d"
"7555","PMPCA","Exc L6 CT",0.0190464542429828,4.34881143655436,0.534238712534264,0.465321791673118,0.780106266790056,0.780106266790056,"plaq_d"
"7556","INPP5E","Exc L6 CT",0.00866844114731533,4.17548581735629,0.0809759537155344,0.776148320092936,0.945698791033255,0.945698791033255,"plaq_d"
"7557","SEC16A","Exc L6 CT",0.00976321676603681,5.49180988078361,0.303551126365231,0.58201803061987,0.851324077301732,0.851324077301732,"plaq_d"
"7558","EGFL7","Exc L6 CT",0.00120635291261972,4.12973465227335,0.00202652437657743,0.999673940098596,0.999951781660603,0.999951781660603,"plaq_d"
"7559","AGPAT2","Exc L6 CT",-0.102477161082759,1.67413864493139,1.2189682119512,0.270325625353157,0.618110489548646,0.618110489548646,"plaq_d"
"7560","FAM69B","Exc L6 CT",-0.00305860631196454,4.17746854027515,0.0123947229114035,0.945233073036594,0.997609533382524,0.997609533382524,"plaq_d"
"7561","SNHG7","Exc L6 CT",-0.0268204140341526,4.23292293357298,1.0744536593159,0.300660946056496,0.647273064068988,0.647273064068988,"plaq_d"
"7562","LCN15","Exc L6 CT",0.0289105294314107,1.69366777441949,0.0676206867678448,0.794986785668629,0.953000771778707,0.953000771778707,"plaq_d"
"7563","CCDC183","Exc L6 CT",0.00303517577006984,2.1962694799726,0.00257570826836053,0.982472581919865,0.999571689696322,0.999571689696322,"plaq_d"
"7564","RABL6","Exc L6 CT",0.00423543083065222,6.24969759116955,0.0822028213378861,0.774504642439075,0.944895663775672,0.944895663775672,"plaq_d"
"7565","AJM1","Exc L6 CT",0.0425327295235246,3.96851033103121,1.76687274956472,0.184639842470971,0.516131101400406,0.516131101400406,"plaq_d"
"7566","PHPT1","Exc L6 CT",0.00853965793362565,3.7048168478893,0.0674790489789747,0.795196803529937,0.953000771778707,0.953000771778707,"plaq_d"
"7567","EDF1","Exc L6 CT",0.0166500168466965,4.62602080113842,0.51201913901248,0.474745636861567,0.786924374007959,0.786924374007959,"plaq_d"
"7568","TRAF2","Exc L6 CT",-0.0580615595673067,3.88528273715175,2.96371671381127,0.0860401661175577,0.359601462170883,0.359601462170883,"plaq_d"
"7569","FBXW5","Exc L6 CT",-0.0124439774043672,4.46635824910461,0.236567122174942,0.627002566027002,0.875295037384805,0.875295037384805,"plaq_d"
"7570","PAXX","Exc L6 CT",-0.00927631854230778,3.71416667238274,0.0695517186187254,0.792146604977701,0.952057315516695,0.952057315516695,"plaq_d"
"7571","ABCA2","Exc L6 CT",-0.0165371084457025,5.30606191219329,0.639342865294424,0.424493981823152,0.751434144505804,0.751434144505804,"plaq_d"
"7572","AL807752.6","Exc L6 CT",-0.0668496653358816,3.29912261433828,2.63927628924422,0.105155838162752,0.39808433319174,0.39808433319174,"plaq_d"
"7573","NPDC1","Exc L6 CT",-0.112939911118125,3.4353919267357,8.32367041933758,0.00415693549128912,0.0695851666658118,0.0695851666658118,"plaq_d"
"7574","MAN1B1-DT","Exc L6 CT",-0.103421920909833,2.21415013936434,2.43964820548782,0.119211134609467,0.421939343547451,0.421939343547451,"plaq_d"
"7575","MAN1B1","Exc L6 CT",-0.0133789972293888,4.73635328949326,0.331484967224934,0.565157897735397,0.840497220640369,0.840497220640369,"plaq_d"
"7576","DPP7","Exc L6 CT",-0.0148899415929876,5.955826777342,0.516423202133355,0.472853387151148,0.785175818359853,0.785175818359853,"plaq_d"
"7577","GRIN1","Exc L6 CT",0.0341872613543255,8.53154870175285,6.46722460020345,0.0114202807356052,0.124282085428766,0.124282085428766,"plaq_d"
"7578","ANAPC2","Exc L6 CT",-0.0693810702541474,3.18616468692949,2.9639456865739,0.0860280949105862,0.359601462170883,0.359601462170883,"plaq_d"
"7579","SSNA1","Exc L6 CT",-0.0199297313604886,3.90167333139674,0.380534688022626,0.537720353949577,0.824601128187923,0.824601128187923,"plaq_d"
"7580","TPRN","Exc L6 CT",0.00789148822884575,3.87916799721688,0.0647486355070556,0.808336201684992,0.958156274965594,0.958156274965594,"plaq_d"
"7581","TMEM203","Exc L6 CT",0.038340460297132,3.03870983586283,0.76641686921387,0.381931303608193,0.717788377723222,0.717788377723222,"plaq_d"
"7582","NDOR1","Exc L6 CT",-0.0268117863574731,3.54725310535991,0.531807641175423,0.466338122624605,0.780846218962475,0.780846218962475,"plaq_d"
"7583","BX255925.3","Exc L6 CT",-0.0446430088180046,2.74105023670601,0.750666224125671,0.38686200004746,0.721407429104045,0.721407429104045,"plaq_d"
"7584","RNF208","Exc L6 CT",0.0932072654585121,4.9699293087387,19.6835917605508,1.22751643781033e-05,0.001484985431825,0.001484985431825,"plaq_d"
"7585","TUBB4B","Exc L6 CT",0.00878756510666637,5.34596564131853,0.126016612013207,0.72281336178375,0.919344513095477,0.919344513095477,"plaq_d"
"7586","NELFB","Exc L6 CT",0.0432280849358359,4.42340236837657,2.80780714077533,0.0947042086554706,0.378922120012272,0.378922120012272,"plaq_d"
"7587","EXD3","Exc L6 CT",-0.0366716866634359,5.52277442989688,4.35742816764129,0.0375744886206419,0.235285923524472,0.235285923524472,"plaq_d"
"7588","NOXA1","Exc L6 CT",-0.0943487365491749,4.99027059717121,13.9806101032667,0.000215871873936135,0.0104636077346283,0.0104636077346283,"plaq_d"
"7589","NSMF","Exc L6 CT",-0.00245104133878744,5.83530647804296,0.0202858059407594,0.886824128419253,0.984501043664535,0.984501043664535,"plaq_d"
"7590","PNPLA7","Exc L6 CT",-0.0110697435265243,6.49620966246567,0.325036813993203,0.568963983907737,0.842635914026658,0.842635914026658,"plaq_d"
"7591","MRPL41","Exc L6 CT",-0.0489939617226311,5.93688572626872,1.39831831767272,0.237812183275721,0.582830131160585,0.582830131160585,"plaq_d"
"7592","DPH7","Exc L6 CT",-0.026189855525921,4.61581910115194,1.23353241999498,0.267487526501469,0.615234131892498,0.615234131892498,"plaq_d"
"7593","ZMYND19","Exc L6 CT",0.0136999677244322,2.95791201021018,0.0885489878417266,0.766207444749465,0.94094561525816,0.94094561525816,"plaq_d"
"7594","ARRDC1","Exc L6 CT",-0.101659889325556,4.11171918526819,11.5977054018659,0.000737445386195909,0.0232303364981976,0.0232303364981976,"plaq_d"
"7595","ARRDC1-AS1","Exc L6 CT",-0.0490856792842398,2.81594043385833,1.01873857195246,0.349478667779151,0.692981336193501,0.692981336193501,"plaq_d"
"7596","EHMT1","Exc L6 CT",0.0208760194254973,7.17995672287933,3.83845468283363,0.0508872946060122,0.277595109188386,0.277595109188386,"plaq_d"
"7597","CACNA1B","Exc L6 CT",0.0194355589108476,9.64784839228862,4.0304342255956,0.0454586685399458,0.260311452784829,0.260311452784829,"plaq_d"
"7598","LINC01001","Exc L6 CT",-0.0963648382363202,2.90722868013652,3.376918356641,0.0669674490175087,0.316917618690353,0.316917618690353,"plaq_d"
"7599","AC069287.3","Exc L6 CT",-0.0585857406120199,2.51905760683944,0.83982536463319,0.360080981180727,0.701430793600723,0.701430793600723,"plaq_d"
"7600","BET1L","Exc L6 CT",0.035117845303452,3.9251254856749,1.25093479202103,0.264145034148222,0.610633834110707,0.610633834110707,"plaq_d"
"7601","RIC8A","Exc L6 CT",0.0125754229793304,3.93460319931967,0.176350622912168,0.674787402332693,0.895575586043388,0.895575586043388,"plaq_d"
"7602","SIRT3","Exc L6 CT",0.0291967970224016,5.15880965463889,1.56059765273528,0.212416861503151,0.549367026310876,0.549367026310876,"plaq_d"
"7603","PSMD13","Exc L6 CT",-0.0285956909420109,4.77412305279246,1.49762382136186,0.221864790092899,0.560746462538514,0.560746462538514,"plaq_d"
"7604","B4GALNT4","Exc L6 CT",0.00917500174015095,5.53352376495551,0.205242689488754,0.650804135984833,0.885163226792997,0.885163226792997,"plaq_d"
"7605","PTDSS2","Exc L6 CT",-1.50440645828285e-05,5.36145726881387,3.14932749804372e-07,0.999552557600613,0.999906738276838,0.999906738276838,"plaq_d"
"7606","RNH1","Exc L6 CT",-0.0604254426254372,4.48537994612879,5.18724558618034,0.0233590105276336,0.181279712927486,0.181279712927486,"plaq_d"
"7607","HRAS","Exc L6 CT",-0.0870531152207001,3.83637163085844,6.63526044820465,0.0104096429285838,0.118090795586992,0.118090795586992,"plaq_d"
"7608","LRRC56","Exc L6 CT",-0.0570863256453811,2.14623454205038,0.613774399912853,0.433902765528428,0.757698516826922,0.757698516826922,"plaq_d"
"7609","RASSF7","Exc L6 CT",0.0308320492713795,2.52429178329938,0.278819198412988,0.597812544893123,0.859003695660694,0.859003695660694,"plaq_d"
"7610","PHRF1","Exc L6 CT",0.036286292839469,4.12065652082513,1.53478259092112,0.21623054908383,0.554975037370443,0.554975037370443,"plaq_d"
"7611","DEAF1","Exc L6 CT",0.00606307283451476,6.31494063492187,0.156358730148205,0.839826509612768,0.969075978819123,0.969075978819123,"plaq_d"
"7612","AC131934.1","Exc L6 CT",0.000504926956811084,3.03990542661399,0.00069090879025932,0.979044961956876,0.999385327400637,0.999385327400637,"plaq_d"
"7613","EPS8L2","Exc L6 CT",0.0136088782544491,3.01595869296013,0.0509485919362766,0.821553225030194,0.963631282552026,0.963631282552026,"plaq_d"
"7614","TALDO1","Exc L6 CT",-0.0420382204434168,4.53553053879447,3.30414387693059,0.0699646172737147,0.324070344360488,0.324070344360488,"plaq_d"
"7615","GATD1","Exc L6 CT",-0.00961409478626164,4.25521483864556,0.132312890228766,0.716266664333172,0.915372372702108,0.915372372702108,"plaq_d"
"7616","AP006621.3","Exc L6 CT",0.0118400091376599,4.64083358016687,0.16740102868888,0.68268355035815,0.899168562759005,0.899168562759005,"plaq_d"
"7617","CEND1","Exc L6 CT",0.0442570210296549,6.08082881642018,5.18013287393816,0.0234533683929789,0.181621673687641,0.181621673687641,"plaq_d"
"7618","SLC25A22","Exc L6 CT",0.0766634646551059,4.9795524476012,12.1484304856945,0.000554087641030765,0.0193862922122358,0.0193862922122358,"plaq_d"
"7619","PIDD1","Exc L6 CT",-0.0270370009965846,4.17427577029631,0.748891289026239,0.387423319198878,0.721861895182917,0.721861895182917,"plaq_d"
"7620","RPLP2","Exc L6 CT",-0.0182189512013792,4.82309036246919,0.375075884410557,0.540650133917291,0.826856403683557,0.826856403683557,"plaq_d"
"7621","PNPLA2","Exc L6 CT",0.00798876423899339,4.04806553954155,0.0837313223342284,0.814449798602391,0.960184261035727,0.960184261035727,"plaq_d"
"7622","CD151","Exc L6 CT",0.00645584719075872,3.47721113788152,0.0266255331387493,0.870476632152959,0.979229857294372,0.979229857294372,"plaq_d"
"7623","POLR2L","Exc L6 CT",0.0226560650946137,3.07724227384045,0.264560000475246,0.607330835024411,0.864116890789822,0.864116890789822,"plaq_d"
"7624","AP006623.1","Exc L6 CT",-0.0386014969772708,2.80847619547066,0.592008645989717,0.442165059917706,0.764029675036979,0.764029675036979,"plaq_d"
"7625","CHID1","Exc L6 CT",-0.0199886680180915,4.32578261145708,0.557124630517169,0.455924746603646,0.775368299126531,0.775368299126531,"plaq_d"
"7626","AP2A2","Exc L6 CT",0.0034172518444249,6.78701197418073,0.0676249309568749,0.794980496090491,0.953000771778707,0.953000771778707,"plaq_d"
"7627","MUC6","Exc L6 CT",-0.129141726060988,1.88824458101001,2.00220917838542,0.157963814349712,0.480872715453258,0.480872715453258,"plaq_d"
"7628","TOLLIP","Exc L6 CT",0.0401378846840701,6.24175596484769,7.00814133584515,0.00848277055914478,0.104699189180783,0.104699189180783,"plaq_d"
"7629","BRSK2","Exc L6 CT",-0.00593623621798182,6.32490876362922,0.145798796449487,0.907446573135531,0.989420650042586,0.989420650042586,"plaq_d"
"7630","MOB2","Exc L6 CT",0.00291647908000096,5.05882751937906,0.0200045846235985,0.996485955904259,0.999906738276838,0.999906738276838,"plaq_d"
"7631","DUSP8","Exc L6 CT",0.0169999058711402,5.40308331072258,0.658018965820922,0.41781432400433,0.746439431003449,0.746439431003449,"plaq_d"
"7632","KRTAP5-AS1","Exc L6 CT",-0.0397039677905364,5.37607418929303,3.67221753974166,0.056144973894058,0.291476034684046,0.291476034684046,"plaq_d"
"7633","IFITM10","Exc L6 CT",0.102057747603522,1.77620496539159,1.36602769308605,0.243295095050925,0.588453660677607,0.588453660677607,"plaq_d"
"7634","MRPL23","Exc L6 CT",-0.0988270250787125,3.57970726257021,5.66121105534295,0.0178823843848898,0.157862185877586,0.157862185877586,"plaq_d"
"7635","CD81-AS1","Exc L6 CT",-0.021450236000008,4.17198224902771,0.412237327345128,0.521258576509736,0.815031820444665,0.815031820444665,"plaq_d"
"7636","CD81","Exc L6 CT",0.0278608596405477,5.2307799482495,1.56696176169822,0.211489037795713,0.548837303473242,0.548837303473242,"plaq_d"
"7637","TSSC4","Exc L6 CT",-0.106720049103687,2.84174274930932,4.22107965595757,0.0406706610795486,0.244772089005511,0.244772089005511,"plaq_d"
"7638","KCNQ1","Exc L6 CT",-0.126885458272246,2.87535244172288,7.19905217875888,0.00764231024257871,0.0979411774782823,0.0979411774782823,"plaq_d"
"7639","KCNQ1OT1","Exc L6 CT",-0.0579418179664133,6.21356826601432,4.1627080679475,0.0420773518265824,0.248608369557857,0.248608369557857,"plaq_d"
"7640","NAP1L4","Exc L6 CT",-0.00052692998681566,6.27839386182004,0.00134230694826411,0.993459857018092,0.999633003011692,0.999633003011692,"plaq_d"
"7641","CARS","Exc L6 CT",-0.031950390147648,5.38446998963874,2.30298168474146,0.130033278993462,0.439546329270001,0.439546329270001,"plaq_d"
"7642","OSBPL5","Exc L6 CT",-0.0404079475050421,4.86654168775829,3.21046396215798,0.074036937056741,0.333604708973374,0.333604708973374,"plaq_d"
"7643","ZNF195","Exc L6 CT",0.0519750551477411,4.61637250474035,4.43207486913464,0.0359854944668878,0.230243190375696,0.230243190375696,"plaq_d"
"7644","AC127526.1","Exc L6 CT",-0.018703883891914,4.65688294280578,0.461871539518436,0.497202145801191,0.801652988702635,0.801652988702635,"plaq_d"
"7645","NUP98","Exc L6 CT",0.0034824829741954,5.95695550721324,0.0567897536924491,0.811783940625105,0.959327443190962,0.959327443190962,"plaq_d"
"7646","PGAP2","Exc L6 CT",-0.0544270629565441,5.02711410177527,5.44616869564074,0.0201798183758772,0.168919411818972,0.168919411818972,"plaq_d"
"7647","STIM1","Exc L6 CT",-0.00603737498356331,7.13564443730083,0.215215968808206,0.642999424262176,0.881203285741464,0.881203285741464,"plaq_d"
"7648","RRM1","Exc L6 CT",-0.00872973978739266,4.26475232652891,0.0890089320675466,0.820518478459625,0.963631282552026,0.963631282552026,"plaq_d"
"7649","TRIM68","Exc L6 CT",0.034943279513686,2.44751393431578,0.386337083571731,0.534637818818696,0.822580601094318,0.822580601094318,"plaq_d"
"7650","AC104389.4","Exc L6 CT",-0.0222168177044522,4.69243462677939,0.122381848321882,0.726676902351221,0.920964934082945,0.920964934082945,"plaq_d"
"7651","TRIM5","Exc L6 CT",-0.0556045686284498,4.87735204659198,0.672757721485181,0.412652916433311,0.743077608813294,0.743077608813294,"plaq_d"
"7652","TRIM22","Exc L6 CT",0.0715477675107206,6.31769356349873,4.63870670060965,0.0319444645139356,0.216003997718467,0.216003997718467,"plaq_d"
"7653","AC022762.2","Exc L6 CT",0.0162736294397728,2.55019849944556,0.105725150086949,0.745259773090634,0.9313232179284,0.9313232179284,"plaq_d"
"7654","FAM160A2","Exc L6 CT",-0.0865205932649536,4.23164576304065,9.54301462560041,0.00216854737328753,0.0464719693140782,0.0464719693140782,"plaq_d"
"7655","CNGA4","Exc L6 CT",-0.0947752649986771,2.18201744061099,1.69449860359098,0.193869552021005,0.527630613169724,0.527630613169724,"plaq_d"
"7656","CCKBR","Exc L6 CT",0.00843721411244498,3.92638012755437,0.0694401244324813,0.792309582428147,0.952116548299265,0.952116548299265,"plaq_d"
"7657","SMPD1","Exc L6 CT",-0.0369677795904821,3.1380570386297,0.848878147893061,0.357507809038212,0.700038413889295,0.700038413889295,"plaq_d"
"7658","APBB1","Exc L6 CT",0.00599127299566763,6.26692863390329,0.185629724261368,0.66684571267595,0.893533785850682,0.893533785850682,"plaq_d"
"7659","TRIM3","Exc L6 CT",-0.0148242811762479,4.46751793555301,0.378693818302193,0.538705105261603,0.825460212383825,0.825460212383825,"plaq_d"
"7660","ARFIP2","Exc L6 CT",0.0216807272271358,3.65537028045411,0.482357272572579,0.487819646677739,0.794777233315157,0.794777233315157,"plaq_d"
"7661","AC084337.2","Exc L6 CT",-0.0108891383334246,4.92556885393701,0.262687522399351,0.608604736032262,0.865236306936645,0.865236306936645,"plaq_d"
"7662","DNHD1","Exc L6 CT",0.0100054588068405,5.08084375584925,0.1731568175112,0.677577708579907,0.896384022992502,0.896384022992502,"plaq_d"
"7663","RRP8","Exc L6 CT",-0.0949929048324735,3.12797750771611,5.24378779588193,0.0226228402534365,0.179437139552877,0.179437139552877,"plaq_d"
"7664","ILK","Exc L6 CT",-0.0110355308157065,4.61789353238636,0.185733396034923,0.842295525720735,0.969977312877026,0.969977312877026,"plaq_d"
"7665","TAF10","Exc L6 CT",-0.00678023299134536,2.6440620457182,0.0158417163957788,0.899912315812686,0.987033623260444,0.987033623260444,"plaq_d"
"7666","TPP1","Exc L6 CT",0.0211140076071101,4.48731391192311,0.698929437756346,0.492003545541878,0.798071328633338,0.798071328633338,"plaq_d"
"7667","DCHS1","Exc L6 CT",-0.096828821976896,2.28727497873435,1.84807817647071,0.174886805146975,0.503208324835022,0.503208324835022,"plaq_d"
"7668","MRPL17","Exc L6 CT",-0.0511527638931454,2.57534276661902,0.929318224301256,0.364157436001077,0.704785101511474,0.704785101511474,"plaq_d"
"7669","AC087280.2","Exc L6 CT",-0.00223695860270935,5.85069202107691,0.00924776924272071,0.923444594772615,0.992897780741397,0.992897780741397,"plaq_d"
"7670","ZNF215","Exc L6 CT",0.0265560309710712,3.27759348289322,0.335750537274121,0.562667113537513,0.839481372835117,0.839481372835117,"plaq_d"
"7671","ZNF214","Exc L6 CT",-0.00393305617144087,3.29626412254032,0.0115787123772177,0.914371460806352,0.990316848462853,0.990316848462853,"plaq_d"
"7672","PPFIBP2","Exc L6 CT",-0.0124445687299101,2.62227409571643,0.0317781521962993,0.858619100845943,0.975511864529127,0.975511864529127,"plaq_d"
"7673","EIF3F","Exc L6 CT",0.0157551991908174,4.83489013105314,0.572881187528306,0.449628112700178,0.770118537826503,0.770118537826503,"plaq_d"
"7674","TUB","Exc L6 CT",-0.00218056180359862,5.75479294079466,0.0132332159676983,0.908483120553839,0.989447950029737,0.989447950029737,"plaq_d"
"7675","RIC3","Exc L6 CT",-0.0324026131371886,6.65717355567,5.56956336232654,0.0188263848608078,0.162484794038483,0.162484794038483,"plaq_d"
"7676","STK33","Exc L6 CT",0.116180879058433,3.18254803732447,4.29019634306494,0.0390689011460305,0.239436313707218,0.239436313707218,"plaq_d"
"7677","TRIM66","Exc L6 CT",-0.0332901555170414,4.202379607492,1.28493955476661,0.257762485632221,0.605144935283995,0.605144935283995,"plaq_d"
"7678","RPL27A","Exc L6 CT",-0.0291381686180816,4.73875916956906,0.764140227736792,0.382638452431062,0.718098734880621,0.718098734880621,"plaq_d"
"7679","ST5","Exc L6 CT",0.038676087454857,5.93580815403254,1.61968147836154,0.20398534179449,0.539547106295375,0.539547106295375,"plaq_d"
"7680","AKIP1","Exc L6 CT",-0.0272754729948586,4.04127670023795,0.887428345912929,0.346828270192501,0.690926612278042,0.690926612278042,"plaq_d"
"7681","TMEM9B","Exc L6 CT",0.00675204472068405,4.1838697208946,0.0637554019881015,0.899831565557009,0.987033623260444,0.987033623260444,"plaq_d"
"7682","TMEM9B-AS1","Exc L6 CT",-0.179346569904539,2.65914310098874,7.51951881143614,0.00641874592764494,0.0898118026510948,0.0898118026510948,"plaq_d"
"7683","NRIP3","Exc L6 CT",0.0106984725709041,4.86464302802831,0.195756770565771,0.762038017599526,0.939318374977548,0.939318374977548,"plaq_d"
"7684","AC079296.1","Exc L6 CT",-0.0531131873651461,4.10444617872689,2.55956777504319,0.110535464538021,0.408440929977692,0.408440929977692,"plaq_d"
"7685","SCUBE2","Exc L6 CT",-0.05980046265853,3.33234515450005,1.89614776182662,0.169394766888069,0.49656018410113,0.49656018410113,"plaq_d"
"7686","DENND5A","Exc L6 CT",-0.0205836055123495,6.35176577318803,1.9274869668956,0.165921193929162,0.491684130877771,0.491684130877771,"plaq_d"
"7687","TMEM41B","Exc L6 CT",-0.028305127616912,6.07196635631746,3.11734604745858,0.0783392330671577,0.343832804644757,0.343832804644757,"plaq_d"
"7688","IPO7","Exc L6 CT",0.0261467888613217,6.07962444148247,3.84883644703138,0.0728230063455329,0.330482796747467,0.330482796747467,"plaq_d"
"7689","AC132192.2","Exc L6 CT",0.00387712231789798,2.16703376267984,0.00436473031834192,0.947363111427162,0.997964805243233,0.997964805243233,"plaq_d"
"7690","ZNF143","Exc L6 CT",-0.0171516586677128,3.75343885548773,0.24907529046591,0.618042106509181,0.870751043776294,0.870751043776294,"plaq_d"
"7691","SWAP70","Exc L6 CT",0.0459593289795422,3.60683315197732,0.995500872664265,0.319094479715806,0.663856480676132,0.663856480676132,"plaq_d"
"7692","SBF2-AS1","Exc L6 CT",0.0139643489392785,4.68652756765492,0.261649912768381,0.609313123445273,0.865653974648984,0.865653974648984,"plaq_d"
"7693","SBF2","Exc L6 CT",0.0095929603870721,7.97666991528772,0.952566608765226,0.32974441848013,0.674087531074569,0.674087531074569,"plaq_d"
"7694","AC011092.2","Exc L6 CT",-0.120365686115839,3.11913002988371,6.31611061916044,0.0124155442259219,0.130083096562134,0.130083096562134,"plaq_d"
"7695","MTRNR2L8","Exc L6 CT",-0.0971053608077225,4.17509951538167,0.702461582671726,0.402532754733007,0.73510865623955,0.73510865623955,"plaq_d"
"7696","RNF141","Exc L6 CT",0.0654822430826938,3.47743703311365,3.23686235650323,0.0728641564932245,0.330482796747467,0.330482796747467,"plaq_d"
"7697","MRVI1-AS1","Exc L6 CT",0.027396328953622,3.85609595606896,0.38253647581437,0.536653248344719,0.823835366610438,0.823835366610438,"plaq_d"
"7698","CTR9","Exc L6 CT",-0.0076218623131026,4.59498055394072,0.105871202524134,0.948202550027117,0.997964805243233,0.997964805243233,"plaq_d"
"7699","EIF4G2","Exc L6 CT",0.0381678812883328,5.72359603811126,4.95988509801827,0.02658083739404,0.195761868036042,0.195761868036042,"plaq_d"
"7700","AC116535.1","Exc L6 CT",-0.0251846737386215,3.0748562202425,0.28394955412875,0.594464057694347,0.858178359055309,0.858178359055309,"plaq_d"
"7701","ZBED5","Exc L6 CT",0.0364688096078128,5.78943098387589,3.72932180044948,0.0542765330860343,0.286844702755708,0.286844702755708,"plaq_d"
"7702","ZBED5-AS1","Exc L6 CT",0.00205826356875069,3.0015321637785,0.00217207100572586,0.962854380427514,0.998742420766286,0.998742420766286,"plaq_d"
"7703","GALNT18","Exc L6 CT",0.023595771523629,3.73723061051779,0.0650255582538156,0.798872800930984,0.954879844088546,0.954879844088546,"plaq_d"
"7704","USP47","Exc L6 CT",0.0468060917841986,7.48213649643018,15.9085280267645,8.10527382025268e-05,0.00567988738511919,0.00567988738511919,"plaq_d"
"7705","DKK3","Exc L6 CT",0.0309806815018772,8.25489205221705,6.96986776672005,0.00866239691294079,0.105681242337878,0.105681242337878,"plaq_d"
"7706","MICAL2","Exc L6 CT",-0.0313315092987908,8.23282429080195,5.29574683786399,0.0219676352091206,0.176009828166215,0.176009828166215,"plaq_d"
"7707","PARVA","Exc L6 CT",0.0112512625428396,5.96579567356221,0.28638302619387,0.592889345359643,0.856693266666408,0.856693266666408,"plaq_d"
"7708","TEAD1","Exc L6 CT",-0.0100300043773812,7.41739508376538,0.362707359497447,0.547398445891373,0.830559446358791,0.830559446358791,"plaq_d"
"7709","LINC00958","Exc L6 CT",0.0564066249787294,2.14958608936512,0.270976235394943,0.603008496664186,0.862031791029611,0.862031791029611,"plaq_d"
"7710","ARNTL","Exc L6 CT",0.0272491697265982,6.36775391004808,2.12816841899614,0.145514929158522,0.4622314475212,0.4622314475212,"plaq_d"
"7711","BTBD10","Exc L6 CT",0.0261725680574353,6.8293008966879,4.6157693058075,0.0323685411039457,0.217950195384659,0.217950195384659,"plaq_d"
"7712","FAR1","Exc L6 CT",0.0141146052970615,6.89189678202947,1.60205889311801,0.206457923927411,0.542144545043491,0.542144545043491,"plaq_d"
"7713","SPON1","Exc L6 CT",0.0837025621972128,3.13843582300433,1.64375826888416,0.200663554819293,0.536115214022879,0.536115214022879,"plaq_d"
"7714","SPON1-AS1","Exc L6 CT",-0.0807483972000888,2.31128386730862,1.45281853288644,0.22889472512219,0.571680857539737,0.571680857539737,"plaq_d"
"7715","RRAS2","Exc L6 CT",-0.0162388913141715,5.58231432408533,0.553786043399924,0.457276730437477,0.775664661561659,0.775664661561659,"plaq_d"
"7716","COPB1","Exc L6 CT",0.0251430208326239,5.29318749816289,1.90343766859813,0.168579362876973,0.495174680588044,0.495174680588044,"plaq_d"
"7717","AC018523.2","Exc L6 CT",0.0168565168463038,2.67269530431053,0.114630238946943,0.735137091482017,0.926304907568938,0.926304907568938,"plaq_d"
"7718","PSMA1","Exc L6 CT",0.0146058306078808,4.37723367635472,0.171072241251766,0.679415250430948,0.897226456866072,0.897226456866072,"plaq_d"
"7719","PDE3B","Exc L6 CT",-0.030919635898272,6.32376035565753,1.34786095321306,0.246447715701319,0.592523042635013,0.592523042635013,"plaq_d"
"7720","CYP2R1","Exc L6 CT",-0.0353521056465057,4.03822665049744,1.50424572594486,0.220847971287397,0.559900973373338,0.559900973373338,"plaq_d"
"7721","CALCB","Exc L6 CT",-0.0527373978424781,2.7013018224754,0.697524356932765,0.404189479774573,0.736220147619231,0.736220147619231,"plaq_d"
"7722","C11orf58","Exc L6 CT",-0.0115445963089043,6.39929475094241,0.79100766465303,0.374409636077726,0.711074192208887,0.711074192208887,"plaq_d"
"7723","PLEKHA7","Exc L6 CT",-0.0513414867779959,4.81459772925138,1.16283371969518,0.281625082666038,0.627848623274301,0.627848623274301,"plaq_d"
"7724","RPS13","Exc L6 CT",-0.0283739620136873,4.22737133254251,0.714634164351071,0.398490174816877,0.73127644520344,0.73127644520344,"plaq_d"
"7725","PIK3C2A","Exc L6 CT",-0.00438395996201999,6.29383735803203,0.0801386598547041,0.88810733959049,0.984859409526221,0.984859409526221,"plaq_d"
"7726","NUCB2","Exc L6 CT",-0.0191654937785004,5.86293712586867,1.07160318836987,0.301301999790963,0.647846439885273,0.647846439885273,"plaq_d"
"7727","NCR3LG1","Exc L6 CT",-0.0214496784051166,4.50881353658066,0.683373131010006,0.40899372409981,0.740706208597417,0.740706208597417,"plaq_d"
"7728","AC124798.1","Exc L6 CT",-0.0308216800179279,3.44480051744432,0.614162696009082,0.433757520427051,0.757698516826922,0.757698516826922,"plaq_d"
"7729","KCNJ11","Exc L6 CT",0.0616764128585513,2.50473650895748,1.35075664423276,0.273798238549386,0.621299507172011,0.621299507172011,"plaq_d"
"7730","ABCC8","Exc L6 CT",-0.0149822945926759,6.53466948299978,0.816380954750923,0.366865078677331,0.70701334305741,0.70701334305741,"plaq_d"
"7731","KCNC1","Exc L6 CT",0.0377099532759058,5.91961658432,4.89920410784632,0.0275168667191771,0.199563130120541,0.199563130120541,"plaq_d"
"7732","SERGEF","Exc L6 CT",0.0162986785562884,7.06500307068837,1.87296727658039,0.172017946442468,0.499066980448564,0.499066980448564,"plaq_d"
"7733","SAAL1","Exc L6 CT",-0.0550554700635239,3.8090666463827,2.52054564488936,0.113279315018803,0.412539594993851,0.412539594993851,"plaq_d"
"7734","HPS5","Exc L6 CT",-0.0210131868005576,4.81846528777663,0.886059261260714,0.347200034790514,0.691326652952177,0.691326652952177,"plaq_d"
"7735","GTF2H1","Exc L6 CT",-0.00527177978833538,5.43239987618117,0.0878722601671139,0.920609518758008,0.991792773539161,0.991792773539161,"plaq_d"
"7736","LDHA","Exc L6 CT",0.0795541731270492,5.28940936789228,10.8373311811976,0.00109665477451207,0.0294541830855892,0.0294541830855892,"plaq_d"
"7737","LDHAL6A","Exc L6 CT",-0.103269774036096,2.61837921871125,2.0609808454126,0.152010573249651,0.472988227763512,0.472988227763512,"plaq_d"
"7738","TSG101","Exc L6 CT",-0.00712144630951879,5.86281192252588,0.231523118175858,0.679930572109174,0.89776029680672,0.89776029680672,"plaq_d"
"7739","UEVLD","Exc L6 CT",-0.0559643769004677,4.43458611387489,4.26979631521621,0.0395346305620339,0.24167326605989,0.24167326605989,"plaq_d"
"7740","SPTY2D1OS","Exc L6 CT",-0.0292439801255751,3.80899515430482,0.726592132166489,0.394575962923751,0.727685826575752,0.727685826575752,"plaq_d"
"7741","SPTY2D1","Exc L6 CT",0.0289953472409465,3.94956511022361,0.845663251763062,0.358418702733646,0.700718774124955,0.700718774124955,"plaq_d"
"7742","IGSF22","Exc L6 CT",-0.0141682692317316,2.39653051572861,0.0541829400817223,0.904605950184313,0.988876782180692,0.988876782180692,"plaq_d"
"7743","AC103974.1","Exc L6 CT",-0.0137649498042824,3.16460538851405,0.105262486962381,0.825014624788107,0.963985585882276,0.963985585882276,"plaq_d"
"7744","PTPN5","Exc L6 CT",-0.00546343596811941,6.26421489780558,0.142675955158939,0.705865252924616,0.910657612339148,0.910657612339148,"plaq_d"
"7745","ZDHHC13","Exc L6 CT",0.002616600617395,5.24237371423825,0.0180423779057633,0.893225626768218,0.985595335141122,0.985595335141122,"plaq_d"
"7746","AC009652.2","Exc L6 CT",0.0762305910119609,2.50312871844087,1.25672269018695,0.263044904785039,0.609593440000873,0.609593440000873,"plaq_d"
"7747","NAV2","Exc L6 CT",0.0196709799638929,9.16795606908188,3.35464566435492,0.0678698150097731,0.319403026113335,0.319403026113335,"plaq_d"
"7748","HTATIP2","Exc L6 CT",0.0450267913728711,3.82422709266726,2.11089263148139,0.147154563202925,0.465505545850699,0.465505545850699,"plaq_d"
"7749","PRMT3","Exc L6 CT",-0.0139172004097237,5.49834555424274,0.50241595850783,0.478914775182973,0.789344129491849,0.789344129491849,"plaq_d"
"7750","NELL1","Exc L6 CT",-0.0151230513247453,7.25910428665034,0.267485129705801,0.605352152158496,0.863422956283778,0.863422956283778,"plaq_d"
"7751","ANO5","Exc L6 CT",0.0479908677690904,6.79279265044528,8.6350763107826,0.00351742085282333,0.0630595150650618,0.0630595150650618,"plaq_d"
"7752","AC104009.1","Exc L6 CT",-0.0683917372288017,1.66416916840396,0.57556413995816,0.448569528209722,0.769495582472255,0.769495582472255,"plaq_d"
"7753","SLC17A6","Exc L6 CT",0.127141357414432,1.79049335639317,1.79443665421814,0.181260181733048,0.51125030882229,0.51125030882229,"plaq_d"
"7754","FANCF","Exc L6 CT",-0.0267891636528554,2.19534135881764,0.167233794626912,0.688149706908987,0.90247792682674,0.90247792682674,"plaq_d"
"7755","GAS2","Exc L6 CT",0.0195181042372399,5.69303196195379,0.602596322160063,0.438116089817358,0.760718758775864,0.760718758775864,"plaq_d"
"7756","SVIP","Exc L6 CT",0.052151985594758,4.71029142898811,4.82084269195532,0.0287768655767859,0.203262937165379,0.203262937165379,"plaq_d"
"7757","AC006299.1","Exc L6 CT",-0.0268955383560215,5.70203877387304,0.375463888287053,0.540440923343242,0.826660625024662,0.826660625024662,"plaq_d"
"7758","AC090092.1","Exc L6 CT",0.0152181382329394,4.98766423760471,0.0852530764144799,0.770474810536505,0.943278032903141,0.943278032903141,"plaq_d"
"7759","AC100768.2","Exc L6 CT",-0.00968311853395628,5.35701601986079,0.0428496150169322,0.83612969790956,0.968220972579314,0.968220972579314,"plaq_d"
"7760","LUZP2","Exc L6 CT",0.0119951692503228,8.59585474209827,0.329372408597503,0.566399393441714,0.840971661721351,0.840971661721351,"plaq_d"
"7761","AC090592.1","Exc L6 CT",-0.158651879974383,2.45734703546658,2.406337643806,0.121753195631724,0.426112492496519,0.426112492496519,"plaq_d"
"7762","ANO3","Exc L6 CT",0.016802769787699,7.19518809008047,0.816384977264694,0.366863899518028,0.70701334305741,0.70701334305741,"plaq_d"
"7763","BBOX1-AS1","Exc L6 CT",0.0331059746512045,4.84324259565747,0.894717336300428,0.344858076719264,0.68847273227715,0.68847273227715,"plaq_d"
"7764","CCDC34","Exc L6 CT",-0.0329647893917729,4.82437972205441,2.01270123489978,0.156881814012723,0.479489110393893,0.479489110393893,"plaq_d"
"7765","LGR4","Exc L6 CT",-0.00561873752435571,5.39410226603043,0.0605468521918138,0.805778680494436,0.957252837464755,0.957252837464755,"plaq_d"
"7766","LIN7C","Exc L6 CT",0.0817556008867592,5.16230555433868,15.2635750183218,0.000112337979451695,0.00685261674655338,0.00685261674655338,"plaq_d"
"7767","BDNF-AS","Exc L6 CT",-0.0706873532319961,5.23825608041555,7.01675207550285,0.00844288903476871,0.104645923836067,0.104645923836067,"plaq_d"
"7768","BDNF","Exc L6 CT",0.0296669025906302,2.17761069593072,0.100044908655375,0.751965274705433,0.934665178264498,0.934665178264498,"plaq_d"
"7769","METTL15","Exc L6 CT",0.0129491515074858,6.51090108354751,0.672686835783203,0.41267751336915,0.743077608813294,0.743077608813294,"plaq_d"
"7770","AC090124.1","Exc L6 CT",0.013550610310347,2.20433258176032,0.0226645807284398,0.880419769861765,0.983017430092107,0.983017430092107,"plaq_d"
"7771","LINC01616","Exc L6 CT",0.136829034375681,2.41941923773905,6.14604718484189,0.0136434295524752,0.136491182652838,0.136491182652838,"plaq_d"
"7772","KCNA4","Exc L6 CT",0.0621868743617547,3.59023329259796,3.50444212935786,0.0620425294091935,0.306718493603966,0.306718493603966,"plaq_d"
"7773","AC124657.1","Exc L6 CT",0.0697218670311991,2.16487488467342,0.414721666062139,0.520006611040462,0.813844593033279,0.813844593033279,"plaq_d"
"7774","ARL14EP","Exc L6 CT",0.0331743500358645,4.91926261336192,2.20154652589328,0.138776959277188,0.453482785679449,0.453482785679449,"plaq_d"
"7775","MPPED2","Exc L6 CT",-0.0353963991313025,6.48069229024219,2.68212685096618,0.102383450427141,0.392729057380529,0.392729057380529,"plaq_d"
"7776","DCDC1","Exc L6 CT",-0.046233244813249,4.75875910859089,1.61947166525517,0.204014573303383,0.539547106295375,0.539547106295375,"plaq_d"
"7777","DNAJC24","Exc L6 CT",-0.00777797407876994,5.13038293300635,0.12459600502992,0.724315827155446,0.919835095953581,0.919835095953581,"plaq_d"
"7778","IMMP1L","Exc L6 CT",0.0133495095493157,5.70678628203546,0.572605915599121,0.449736944467405,0.770121690561765,0.770121690561765,"plaq_d"
"7779","ELP4","Exc L6 CT",0.00295671195663054,6.82809072156435,0.0412673073033879,0.839141481164398,0.968825147392948,0.968825147392948,"plaq_d"
"7780","AC131571.1","Exc L6 CT",-0.110854954473247,2.56963484371001,3.45767089341563,0.0638021986740003,0.310409342397876,0.310409342397876,"plaq_d"
"7781","AL078612.1","Exc L6 CT",-0.077015888696124,2.91829261348084,2.5425015145067,0.111726337740852,0.409731073937559,0.409731073937559,"plaq_d"
"7782","EIF3M","Exc L6 CT",-0.00950674686702054,5.37912855660923,0.259063199177874,0.611086851564416,0.867323203569735,0.867323203569735,"plaq_d"
"7783","CCDC73","Exc L6 CT",0.00578547759739164,2.78549142444986,0.0146562020693414,0.905068584151687,0.989021355506884,0.989021355506884,"plaq_d"
"7784","QSER1","Exc L6 CT",-0.00812007646543228,6.33431913683811,0.356400315808501,0.550900215194849,0.831926937789264,0.831926937789264,"plaq_d"
"7785","TCP11L1","Exc L6 CT",0.00953355766388047,5.83588055259727,0.357313714607745,0.550390487286598,0.831593351697929,0.831593351697929,"plaq_d"
"7786","CSTF3","Exc L6 CT",0.0189595204233223,6.33125524922992,1.56743316988672,0.211420503285897,0.548793646827223,0.548793646827223,"plaq_d"
"7787","HIPK3","Exc L6 CT",0.0188295616964744,6.1005899298802,1.68342844667284,0.204596877032979,0.540010760935326,0.540010760935326,"plaq_d"
"7788","KIAA1549L","Exc L6 CT",0.0136556081206,8.62751683507364,1.43663520474217,0.2314997340489,0.575889091302568,0.575889091302568,"plaq_d"
"7789","AL049629.1","Exc L6 CT",0.037263991002609,1.77378343401015,0.198895599104088,0.65589095521684,0.888155355412506,0.888155355412506,"plaq_d"
"7790","FBXO3","Exc L6 CT",0.00859046947702382,5.91676539624694,0.371065897228165,0.542821070330457,0.828340294560607,0.828340294560607,"plaq_d"
"7791","CAPRIN1","Exc L6 CT",0.0207322444377468,5.66392004520888,1.53299714583079,0.216497323866094,0.55546167784286,0.55546167784286,"plaq_d"
"7792","NAT10","Exc L6 CT",-0.0166591589797261,5.42366744543645,0.840294350947497,0.359947049577329,0.701380309382137,0.701380309382137,"plaq_d"
"7793","ABTB2","Exc L6 CT",-0.0421656564588161,1.40228393066605,0.100592901850937,0.751309372535162,0.934495397184741,0.934495397184741,"plaq_d"
"7794","APIP","Exc L6 CT",-0.0148367127503936,5.15802938898011,0.345221529160503,0.557211474210198,0.836369135932646,0.836369135932646,"plaq_d"
"7795","PDHX","Exc L6 CT",0.00544920937590828,6.45962793611544,0.178580443745357,0.672856871911112,0.895548968504857,0.895548968504857,"plaq_d"
"7796","SLC1A2","Exc L6 CT",0.00541228831735394,6.89910135936041,0.0767425583439001,0.78192569704099,0.948132952660743,0.948132952660743,"plaq_d"
"7797","FJX1","Exc L6 CT",0.0188700797576562,2.2629515640608,0.0761234901980667,0.782784817504124,0.948566517911564,0.948566517911564,"plaq_d"
"7798","TRIM44","Exc L6 CT",0.00669744545641491,7.45982677273053,0.377397459853437,0.539400559846011,0.826196555805932,0.826196555805932,"plaq_d"
"7799","LDLRAD3","Exc L6 CT",0.056424905223435,4.30847761872123,1.52653965747524,0.217465468814163,0.557183025471739,0.557183025471739,"plaq_d"
"7800","COMMD9","Exc L6 CT",0.0149351643956199,3.88473841733096,0.246938916540555,0.619552378452886,0.87102638321245,0.87102638321245,"plaq_d"
"7801","TRAF6","Exc L6 CT",0.0190685007247953,4.8874904754702,0.737899513050516,0.390925542852562,0.724947071351989,0.724947071351989,"plaq_d"
"7802","C11orf74","Exc L6 CT",0.0236116537923088,4.97723261747949,1.21581715503304,0.270944623104306,0.618141388372604,0.618141388372604,"plaq_d"
"7803","LRRC4C","Exc L6 CT",0.0281383542178091,10.0085822785761,3.78481013283017,0.0525242563985355,0.282724284416929,0.282724284416929,"plaq_d"
"7804","AC079917.1","Exc L6 CT",-0.108385197399631,1.46418729124175,0.888507074612973,0.346535730648355,0.690816234717121,0.690816234717121,"plaq_d"
"7805","API5","Exc L6 CT",0.00290343798154868,5.87065711500326,0.0379553945221226,0.971197398509066,0.998742420766286,0.998742420766286,"plaq_d"
"7806","AC087276.2","Exc L6 CT",-0.116878560879504,1.96099568656974,2.28807605953115,0.131278512508506,0.441975085610958,0.441975085610958,"plaq_d"
"7807","TTC17","Exc L6 CT",0.00910193366286554,7.81745882487668,0.866466594835907,0.352580282105885,0.695975009076692,0.695975009076692,"plaq_d"
"7808","AC068205.1","Exc L6 CT",0.0140831114354877,4.30881588168827,0.114209871803038,0.735604894342092,0.926813238136597,0.926813238136597,"plaq_d"
"7809","HSD17B12","Exc L6 CT",-0.0138231272913602,6.62044767338136,0.33723132140296,0.561807385455794,0.838633256016344,0.838633256016344,"plaq_d"
"7810","ALKBH3","Exc L6 CT",-0.0347300259415934,4.8563704779838,2.31255507336708,0.129240481595508,0.438291159728842,0.438291159728842,"plaq_d"
"7811","ACCS","Exc L6 CT",-0.0527122263781655,3.08895696939194,1.35691272949983,0.244870674227078,0.590859254499192,0.590859254499192,"plaq_d"
"7812","EXT2","Exc L6 CT",0.0152496351497324,6.3221682497144,1.08082457343981,0.29923452309338,0.645995581805218,0.645995581805218,"plaq_d"
"7813","TSPAN18","Exc L6 CT",-0.0266657546579246,5.79667430377623,0.465870645708732,0.495346848379477,0.800145792924474,0.800145792924474,"plaq_d"
"7814","TP53I11","Exc L6 CT",-0.094367763830357,2.7226484496367,2.57810388207914,0.109257885116076,0.406428039827139,0.406428039827139,"plaq_d"
"7815","PRDM11","Exc L6 CT",-0.0586115777754653,4.23021992994854,4.12135189217507,0.0431050227259554,0.252765746298515,0.252765746298515,"plaq_d"
"7816","SYT13","Exc L6 CT",0.0383911828995497,5.25973587136228,3.46512513301268,0.0635182063146322,0.309761335345458,0.309761335345458,"plaq_d"
"7817","AC103736.1","Exc L6 CT",-0.0968240536323986,2.38818951415242,2.21523307129502,0.137559506692248,0.451712285205658,0.451712285205658,"plaq_d"
"7818","AC103855.3","Exc L6 CT",0.0991957725447003,6.46173212347143,11.9445592549419,0.000615849427394971,0.0207144120485467,0.0207144120485467,"plaq_d"
"7819","CHST1","Exc L6 CT",0.0231546658183757,6.06290969624426,1.45695507892547,0.228234564052497,0.570579468488748,0.570579468488748,"plaq_d"
"7820","SLC35C1","Exc L6 CT",-0.074302596874127,2.03279353283298,1.04570136323888,0.30720910884721,0.652689915835421,0.652689915835421,"plaq_d"
"7821","CRY2","Exc L6 CT",-0.023104429451881,5.77120598076572,1.81411856319278,0.178890912090119,0.50905585500086,0.50905585500086,"plaq_d"
"7822","MAPK8IP1","Exc L6 CT",0.000488529507590111,4.86137221266951,0.000492764423754598,0.982302490690366,0.999571689696322,0.999571689696322,"plaq_d"
"7823","PEX16","Exc L6 CT",-0.0120865272105554,3.07224967328731,0.081288271911986,0.849821903410544,0.972741879693731,0.972741879693731,"plaq_d"
"7824","PHF21A","Exc L6 CT",0.0307643292855966,7.41322431518671,5.90144933934529,0.0156337075737251,0.147970318363804,0.147970318363804,"plaq_d"
"7825","CREB3L1","Exc L6 CT",-0.0817597737323431,3.38033315164875,3.09401916327597,0.0794588060111657,0.346567119041842,0.346567119041842,"plaq_d"
"7826","DGKZ","Exc L6 CT",-0.00330836328162866,7.50860020422122,0.0551897378053869,0.814405066345197,0.960184261035727,0.960184261035727,"plaq_d"
"7827","AMBRA1","Exc L6 CT",-0.00840726263306739,7.01766714931044,0.538210935880327,0.463668782702336,0.778159269284318,0.778159269284318,"plaq_d"
"7828","HARBI1","Exc L6 CT",-0.0770405359432896,2.08410239910836,1.1700073084169,0.280148287067811,0.626925966209888,0.626925966209888,"plaq_d"
"7829","ATG13","Exc L6 CT",0.0376225148967429,5.34296723474925,5.10105904903817,0.0460069464010337,0.262719555886268,0.262719555886268,"plaq_d"
"7830","ARHGAP1","Exc L6 CT",0.000292776089415059,5.08340510759605,0.000205703655760059,0.988565048719332,0.999571689696322,0.999571689696322,"plaq_d"
"7831","CKAP5","Exc L6 CT",0.016939268792472,6.41130448531243,1.78086857455711,0.18291471258797,0.513202144302557,0.513202144302557,"plaq_d"
"7832","LRP4","Exc L6 CT",-0.177670354016331,4.87526693246814,11.7765348893314,0.000671979650673262,0.0218899690590237,0.0218899690590237,"plaq_d"
"7833","C11orf49","Exc L6 CT",0.00134764980201496,7.5642451351189,0.0173067048835911,0.895412300046128,0.986281603373151,0.986281603373151,"plaq_d"
"7834","ARFGAP2","Exc L6 CT",0.0531544218048932,5.10250696993464,7.19630405307864,0.00765378054064098,0.0979411774782823,0.0979411774782823,"plaq_d"
"7835","DDB2","Exc L6 CT",-0.0285909737429581,4.74871389295768,1.4343032530416,0.231878054800312,0.576033904556566,0.576033904556566,"plaq_d"
"7836","ACP2","Exc L6 CT",-0.0579245484885741,3.13994657636716,1.92053113599473,0.227877551895805,0.569998940300606,0.569998940300606,"plaq_d"
"7837","NR1H3","Exc L6 CT",-0.054769660085366,4.0759000280532,3.62132054816303,0.0578681382611951,0.296994552017171,0.296994552017171,"plaq_d"
"7838","MADD","Exc L6 CT",0.0137487964770639,5.8137244983681,0.754140668395154,0.385766571838595,0.720671628366003,0.720671628366003,"plaq_d"
"7839","SPI1","Exc L6 CT",0.0371029711760034,2.32759591378836,0.32121931015756,0.571240954983355,0.844476453243049,0.844476453243049,"plaq_d"
"7840","AC090559.1","Exc L6 CT",-0.0929516115334884,1.98331743286133,1.51223479680925,0.219628648142817,0.558706652863447,0.558706652863447,"plaq_d"
"7841","SLC39A13","Exc L6 CT",0.0449252287029491,3.39491010723993,1.73286577057235,0.188911177303999,0.522290245528783,0.522290245528783,"plaq_d"
"7842","PSMC3","Exc L6 CT",-0.0151191066200087,3.35502537967147,0.164357120284069,0.685425276782365,0.900774195488207,0.900774195488207,"plaq_d"
"7843","CELF1","Exc L6 CT",0.00449793036183343,7.73510264433756,0.139129366581885,0.709375038952673,0.912501817143814,0.912501817143814,"plaq_d"
"7844","NDUFS3","Exc L6 CT",-0.000804628518440744,4.0922031558192,0.000781944973601431,0.977707458540047,0.999093977007575,0.999093977007575,"plaq_d"
"7845","KBTBD4","Exc L6 CT",0.0509229933186737,3.17115161871464,1.54052831432993,0.232234776781246,0.57622403421972,0.57622403421972,"plaq_d"
"7846","C1QTNF4","Exc L6 CT",-0.0763121815546522,4.32398004412169,5.3532135997223,0.0212659254771574,0.173194415381499,0.173194415381499,"plaq_d"
"7847","MTCH2","Exc L6 CT",0.00950132099169658,5.45517836716338,0.25466162471269,0.663368859206616,0.892003344375128,0.892003344375128,"plaq_d"
"7848","FNBP4","Exc L6 CT",-0.0218027046568145,6.76782030324032,3.63675394049468,0.0573397450620353,0.295124408263518,0.295124408263518,"plaq_d"
"7849","NUP160","Exc L6 CT",-0.0115612545099531,5.93444645705578,0.555189687415211,0.456707544620746,0.775664661561659,0.775664661561659,"plaq_d"
"7850","PTPRJ","Exc L6 CT",-0.0141586069538464,6.15084129570549,0.80866031104965,0.369138079133532,0.708882455678055,0.708882455678055,"plaq_d"
"7851","LRRC55","Exc L6 CT",-0.0222171855511878,3.60406518221454,0.364313644781041,0.546513244509097,0.830059735568577,0.830059735568577,"plaq_d"
"7852","TNKS1BP1","Exc L6 CT",-0.0806759633651716,3.5553358437864,5.77226949861375,0.0168038739180656,0.153106689192704,0.153106689192704,"plaq_d"
"7853","SSRP1","Exc L6 CT",-0.0117854528892307,4.28842549309154,0.221173411588666,0.665000301097285,0.892851292965069,0.892851292965069,"plaq_d"
"7854","TIMM10","Exc L6 CT",-0.0295913600731989,2.14039877860636,0.186029157135947,0.666509179857933,0.893478550445554,0.893478550445554,"plaq_d"
"7855","SERPING1","Exc L6 CT",-0.0516555710296202,3.62317278975839,1.87320104736349,0.171991259435113,0.499066980448564,0.499066980448564,"plaq_d"
"7856","YPEL4","Exc L6 CT",-0.0399205774219812,4.33806883067843,2.27925191474206,0.132021983226838,0.443441080385803,0.443441080385803,"plaq_d"
"7857","CLP1","Exc L6 CT",0.043130469863061,2.29564377099982,0.465931634031034,0.495318644674054,0.800145792924474,0.800145792924474,"plaq_d"
"7858","ZDHHC5","Exc L6 CT",0.0182665884973285,4.53773367372352,0.504328343823777,0.478079770900694,0.789344129491849,0.789344129491849,"plaq_d"
"7859","MED19","Exc L6 CT",-0.0687333027760313,3.90041241360836,4.88726551633652,0.0277050445022768,0.200380659947392,0.200380659947392,"plaq_d"
"7860","CTNND1","Exc L6 CT",0.0292597958534554,5.03306252490622,1.69603189015767,0.193668495022333,0.52757911780643,0.52757911780643,"plaq_d"
"7861","LPXN","Exc L6 CT",-0.0138840994775475,3.80015586721606,0.168670049408675,0.681549106939004,0.898642778714592,0.898642778714592,"plaq_d"
"7862","GLYAT","Exc L6 CT",0.125388587069159,3.09554615119371,5.04605416576542,0.0253083957383028,0.190355101906274,0.190355101906274,"plaq_d"
"7863","GLYATL2","Exc L6 CT",0.00702010294675891,5.00831947048347,0.068453387439763,0.793756795728195,0.953000771778707,0.953000771778707,"plaq_d"
"7864","GLYATL1","Exc L6 CT",0.115849532531729,2.05871732579496,2.38492740138066,0.123418916036507,0.428542864269551,0.428542864269551,"plaq_d"
"7865","AP001636.3","Exc L6 CT",0.13766971302158,2.2044271562592,2.74775068722159,0.0982919752032519,0.384677721104138,0.384677721104138,"plaq_d"
"7866","DTX4","Exc L6 CT",0.0260506529021041,4.07716338080944,0.785906524944362,0.375952645361203,0.712602275525987,0.712602275525987,"plaq_d"
"7867","OSBP","Exc L6 CT",0.0218163296852166,5.2696188025325,1.67080733212033,0.294870025328607,0.642395412323038,0.642395412323038,"plaq_d"
"7868","PATL1","Exc L6 CT",-0.02526883443748,3.94054572638593,0.784332746822991,0.458554290393382,0.775898728996668,0.775898728996668,"plaq_d"
"7869","STX3","Exc L6 CT",-0.0258198684166318,5.68051087990823,2.38518570403753,0.123398669408095,0.428542864269551,0.428542864269551,"plaq_d"
"7870","MRPL16","Exc L6 CT",-0.0407327671122945,3.49083370229308,1.31080157292848,0.253035926475117,0.600459646957798,0.600459646957798,"plaq_d"
"7871","AP002347.1","Exc L6 CT",-0.0102501450089298,2.14339201658396,0.0189364727696717,0.890628303949474,0.984904368079323,0.984904368079323,"plaq_d"
"7872","AP000790.3","Exc L6 CT",0.0389932282152231,1.92502000533283,0.215394325669502,0.642861865526475,0.881203285741464,0.881203285741464,"plaq_d"
"7873","MS4A5","Exc L6 CT",-0.0948486384990003,1.81905784894434,1.07410257367445,0.300739807845396,0.647346033753338,0.647346033753338,"plaq_d"
"7874","MS4A13","Exc L6 CT",-0.0757787844695081,2.06681462464762,1.08605975798584,0.29806891590228,0.645839891055938,0.645839891055938,"plaq_d"
"7875","CCDC86","Exc L6 CT",0.0208771139578421,1.97065902026146,0.0870189405323634,0.768177532221602,0.941886019407392,0.941886019407392,"plaq_d"
"7876","PRPF19","Exc L6 CT",0.0530122999108568,5.38805964870829,7.91793873399951,0.00517272336002611,0.0788840312403983,0.0788840312403983,"plaq_d"
"7877","TMEM109","Exc L6 CT",0.0113836308108908,3.69515730257363,0.107676317187239,0.807346830095617,0.958070437365795,0.958070437365795,"plaq_d"
"7878","TMEM132A","Exc L6 CT",-0.0125159468900684,4.57650328860839,0.167868974158975,0.682264646819765,0.899028087470695,0.899028087470695,"plaq_d"
"7879","CD5","Exc L6 CT",-0.228626333087131,1.72685910145627,5.60519709065707,0.0184533458604171,0.160613281140607,0.160613281140607,"plaq_d"
"7880","VPS37C","Exc L6 CT",-0.0474522696172161,4.34062616207389,3.05275680845822,0.0814818288328715,0.350343934926463,0.350343934926463,"plaq_d"
"7881","VWCE","Exc L6 CT",-0.0411417705776717,3.32854677237138,1.10448738023283,0.294012241914973,0.641677263877651,0.641677263877651,"plaq_d"
"7882","DDB1","Exc L6 CT",0.00629124265405598,5.41787218700183,0.146927041498686,0.701723372405445,0.909622462442533,0.909622462442533,"plaq_d"
"7883","TKFC","Exc L6 CT",-0.034872789197835,3.18576841298545,0.664210020221662,0.459242193794232,0.775898728996668,0.775898728996668,"plaq_d"
"7884","CYB561A3","Exc L6 CT",0.0316399484518795,2.75970924352806,0.501911136785232,0.47913559390775,0.789344129491849,0.789344129491849,"plaq_d"
"7885","TMEM138","Exc L6 CT",0.0192160387772451,3.30832953001011,0.299847590556241,0.650154143852813,0.884797064382364,0.884797064382364,"plaq_d"
"7886","TMEM216","Exc L6 CT",-0.0315180222606331,2.70439090943433,0.401301779205592,0.526833600593273,0.818139274093055,0.818139274093055,"plaq_d"
"7887","CPSF7","Exc L6 CT",-0.0161363955210051,5.35832872237664,0.90498436138961,0.436062990396718,0.75900798997611,0.75900798997611,"plaq_d"
"7888","AP003108.2","Exc L6 CT",-0.0372725461265819,5.47855343677573,3.3343214212298,0.0687046412378421,0.321544868420018,0.321544868420018,"plaq_d"
"7889","PPP1R32","Exc L6 CT",-0.0185674153496178,2.2017192236454,0.0781277837045241,0.780016754397845,0.947525204312832,0.947525204312832,"plaq_d"
"7890","SYT7","Exc L6 CT",0.042528532514174,7.82420796323258,11.310586639042,0.000856397797953519,0.0252500228492314,0.0252500228492314,"plaq_d"
"7891","DAGLA","Exc L6 CT",-0.00696373202384839,5.04928886383748,0.111887491747573,0.941318936584578,0.997292628450429,0.997292628450429,"plaq_d"
"7892","TMEM258","Exc L6 CT",-0.0121457781757451,3.44138854307619,0.122972844948066,0.809141069961973,0.958718597498748,0.958718597498748,"plaq_d"
"7893","FADS2","Exc L6 CT",-0.0182703826135121,3.19693365517503,0.18840414897753,0.725660988837038,0.920650003992069,0.920650003992069,"plaq_d"
"7894","FADS1","Exc L6 CT",-0.00485768359734774,4.13083661274117,0.030858389315509,0.894036534505177,0.985871309899389,0.985871309899389,"plaq_d"
"7895","FADS3","Exc L6 CT",-0.0163092648619373,5.57103888819109,0.723981638751707,0.395425699169966,0.72856336866305,0.72856336866305,"plaq_d"
"7896","FTH1","Exc L6 CT",-0.00605673996001787,7.08124057832545,0.0960209294780617,0.756843330240629,0.937371276885589,0.937371276885589,"plaq_d"
"7897","INCENP","Exc L6 CT",0.0451314838503379,3.31794860958705,1.39760754489727,0.288112051248599,0.634875561758676,0.634875561758676,"plaq_d"
"7898","ASRGL1","Exc L6 CT",-0.0613368413807,4.91149886432518,6.67463281257303,0.0101864662531624,0.116755070207425,0.116755070207425,"plaq_d"
"7899","MTA2","Exc L6 CT",-0.0358075312929621,2.10724437080291,0.264598107671751,0.607304968874664,0.864116890789822,0.864116890789822,"plaq_d"
"7900","B3GAT3","Exc L6 CT",-0.038180799864726,4.75178024292574,2.48660126660055,0.115727493605915,0.416087162325362,0.416087162325362,"plaq_d"
"7901","GANAB","Exc L6 CT",-0.00975368061932,4.85464267639624,0.207601481939544,0.648937874293145,0.88448566348415,0.88448566348415,"plaq_d"
"7902","INTS5","Exc L6 CT",-0.0220241814880843,2.26294087487804,0.120043129581958,0.729196992586669,0.922777769451274,0.922777769451274,"plaq_d"
"7903","CSKMT","Exc L6 CT",-0.074871128269723,2.27965165371029,1.3583241485841,0.244625885998964,0.590481934077983,0.590481934077983,"plaq_d"
"7904","UQCC3","Exc L6 CT",-0.0155489914143792,2.42323607176444,0.0740589254082359,0.785677442273867,0.949842286091107,0.949842286091107,"plaq_d"
"7905","UBXN1","Exc L6 CT",-0.0227276793289596,3.50412569149577,0.404009588611817,0.575099902311091,0.847577620154635,0.847577620154635,"plaq_d"
"7906","GNG3","Exc L6 CT",0.0337145655984229,4.70893957669185,1.38046638527492,0.240824562661475,0.585923678227917,0.585923678227917,"plaq_d"
"7907","TTC9C","Exc L6 CT",-0.0420679607481813,4.8921927901799,3.48524236830913,0.0627585120923437,0.308350183639992,0.308350183639992,"plaq_d"
"7908","ZBTB3","Exc L6 CT",0.105199442660321,1.98226147708863,2.56760856019336,0.109979248507268,0.407750682702299,0.407750682702299,"plaq_d"
"7909","POLR2G","Exc L6 CT",-0.0214186565012613,2.28053982802314,0.138024357753415,0.710478984326016,0.912974690561218,0.912974690561218,"plaq_d"
"7910","AP001160.2","Exc L6 CT",0.02036435257261,1.88563541096494,0.0900440272750668,0.764300254503006,0.940014221599767,0.940014221599767,"plaq_d"
"7911","TAF6L","Exc L6 CT",-0.0272655493504298,3.26120940059874,0.452236143272838,0.517561505588648,0.812698018592296,0.812698018592296,"plaq_d"
"7912","TMEM223","Exc L6 CT",-0.0519752191097115,3.92176617030954,2.40287665821001,0.122020756478864,0.426417382518949,0.426417382518949,"plaq_d"
"7913","TMEM179B","Exc L6 CT",-0.0308892138090772,3.73565268915292,0.812237592086448,0.368082473141739,0.708032507128338,0.708032507128338,"plaq_d"
"7914","NXF1","Exc L6 CT",-0.0235093778131408,4.12317314493928,0.620696440302986,0.431324588783356,0.756725028855985,0.756725028855985,"plaq_d"
"7915","STX5","Exc L6 CT",-0.0441644021306544,4.84301833014643,4.06598127186384,0.0445226521092337,0.256828654246138,0.256828654246138,"plaq_d"
"7916","WDR74","Exc L6 CT",0.048883246206204,2.89609726019994,0.908257816588798,0.341238196976059,0.68523714376724,0.68523714376724,"plaq_d"
"7917","SLC3A2","Exc L6 CT",-0.0397059824719878,4.78786893448031,2.6762721545733,0.102757459425945,0.393525348611462,0.393525348611462,"plaq_d"
"7918","CHRM1","Exc L6 CT",0.0227562208805857,4.5556038545668,0.732568697949033,0.392640433654812,0.726069580333291,0.726069580333291,"plaq_d"
"7919","SLC22A6","Exc L6 CT",-0.157497980909259,2.57882432460506,7.25187048562545,0.00742525275806948,0.0967584276031398,0.0967584276031398,"plaq_d"
"7920","SLC22A8","Exc L6 CT",-0.143739718473281,2.02081107243123,3.18610092895267,0.0751373681175378,0.33665656751325,0.33665656751325,"plaq_d"
"7921","SLC22A24","Exc L6 CT",-0.0363068384164212,2.50228431988908,0.329351701278271,0.566411588778148,0.840971661721351,0.840971661721351,"plaq_d"
"7922","SLC22A10","Exc L6 CT",0.0386409617316026,6.6572159383584,1.64337866226005,0.200715429911134,0.536115214022879,0.536115214022879,"plaq_d"
"7923","SLC22A9","Exc L6 CT",0.00182276573257744,3.85702409307475,0.00149835617295024,0.969144895537235,0.998742420766286,0.998742420766286,"plaq_d"
"7924","ATL3","Exc L6 CT",-0.0519711827926598,4.40050402664536,4.44067563851399,0.0358070054635435,0.229761475845009,0.229761475845009,"plaq_d"
"7925","RTN3","Exc L6 CT",0.0330496372014318,8.99945592737484,15.2202583897138,0.000114833101784518,0.00694228039860344,0.00694228039860344,"plaq_d"
"7926","C11orf95","Exc L6 CT",-0.0541940071154153,2.63714763562589,0.934594389587841,0.334342890398718,0.679254904061522,0.679254904061522,"plaq_d"
"7927","SPINDOC","Exc L6 CT",-0.0207888215990703,3.44599938166714,0.287991892216691,0.591852961533017,0.85660021987669,0.85660021987669,"plaq_d"
"7928","MARK2","Exc L6 CT",-0.0051026847620038,6.294544130473,0.147789000150538,0.700891963235762,0.909570559014748,0.909570559014748,"plaq_d"
"7929","RCOR2","Exc L6 CT",0.0628574133550071,3.22120070319941,1.85133807863453,0.17450792229886,0.502555683034802,0.502555683034802,"plaq_d"
"7930","NAA40","Exc L6 CT",-0.00523994186976457,4.36413532119956,0.0320669248921182,0.857985004396777,0.975481924126994,0.975481924126994,"plaq_d"
"7931","OTUB1","Exc L6 CT",0.0178544472125674,5.15700495699017,0.891693402441011,0.438273567962302,0.760723021239813,0.760723021239813,"plaq_d"
"7932","MACROD1","Exc L6 CT",0.0131019802969317,4.55571280000252,0.270394712505495,0.66663648212413,0.893533785850682,0.893533785850682,"plaq_d"
"7933","AP000721.2","Exc L6 CT",-0.135649132502873,3.08909853904562,7.00715431918838,0.00848735438830047,0.104699189180783,0.104699189180783,"plaq_d"
"7934","FLRT1","Exc L6 CT",0.0215744652761515,2.28250898715044,0.113270876549835,0.736653325752329,0.927241521162065,0.927241521162065,"plaq_d"
"7935","STIP1","Exc L6 CT",0.0170773135803461,4.66668182415208,0.410531659894329,0.522121225828558,0.81567630678545,0.81567630678545,"plaq_d"
"7936","FERMT3","Exc L6 CT",-0.16901002996454,1.80203998439008,3.78291405463176,0.0525831295158466,0.282724284416929,0.282724284416929,"plaq_d"
"7937","TRPT1","Exc L6 CT",0.133578152452607,1.80464164369393,3.02787427960272,0.0827286972681037,0.352863117974322,0.352863117974322,"plaq_d"
"7938","NUDT22","Exc L6 CT",-0.0212780997992721,2.49114215555539,0.145116441290081,0.703478956926969,0.910090634312678,0.910090634312678,"plaq_d"
"7939","DNAJC4","Exc L6 CT",-0.0340725854182298,2.76567205893329,0.422792814171681,0.515975536640268,0.812067762706166,0.812067762706166,"plaq_d"
"7940","VEGFB","Exc L6 CT",-0.00445424502601499,2.75822323251318,0.00588035307751447,0.938919404769542,0.996366149599237,0.996366149599237,"plaq_d"
"7941","FKBP2","Exc L6 CT",-0.055062943164806,3.7189539732001,2.32310867433693,0.128372769848762,0.436944089774832,0.436944089774832,"plaq_d"
"7942","BAD","Exc L6 CT",0.0422782772789901,4.0729871489598,2.22659493374075,0.159789344254441,0.483616564015494,0.483616564015494,"plaq_d"
"7943","GPR137","Exc L6 CT",-0.00899937617855165,3.76422225586161,0.0947472760086915,0.758410604785909,0.93768275509137,0.93768275509137,"plaq_d"
"7944","KCNK4","Exc L6 CT",-0.102871802123059,3.74309787339677,8.45935860837106,0.00386481039509405,0.0672766752693761,0.0672766752693761,"plaq_d"
"7945","CATSPERZ","Exc L6 CT",-0.0726198543004167,2.08176254712447,1.12800350658855,0.288937659987224,0.635554028394756,0.635554028394756,"plaq_d"
"7946","ESRRA","Exc L6 CT",0.00141432765192132,3.96305363108197,0.00210019782494419,0.963473680353198,0.998742420766286,0.998742420766286,"plaq_d"
"7947","TRMT112","Exc L6 CT",0.0339809936700266,4.06854700212522,1.20396017970412,0.273289827189451,0.62067136510387,0.62067136510387,"plaq_d"
"7948","PRDX5","Exc L6 CT",-0.00706890248930218,3.83767454651199,0.0454322619188961,0.831335914834241,0.966758548342769,0.966758548342769,"plaq_d"
"7949","CCDC88B","Exc L6 CT",0.038571012895912,3.21314048059619,0.480057650882248,0.488858055284226,0.795464351314598,0.795464351314598,"plaq_d"
"7950","RPS6KA4","Exc L6 CT",-0.00903437909603088,3.88871467262621,0.0797255815373644,0.965008047141701,0.998742420766286,0.998742420766286,"plaq_d"
"7951","NRXN2","Exc L6 CT",-0.0114924628012172,6.93613456318687,0.882277870474064,0.9095816313749,0.989478998057174,0.989478998057174,"plaq_d"
"7952","RASGRP2","Exc L6 CT",0.0407790943469673,2.892792429015,0.688752796206331,0.407157543803512,0.739240761835711,0.739240761835711,"plaq_d"
"7953","SF1","Exc L6 CT",-0.0256023552107002,6.13801491956245,2.35888265067341,0.125479529820113,0.432464283287131,0.432464283287131,"plaq_d"
"7954","AP001462.1","Exc L6 CT",-0.123577232654152,2.92243461523992,5.34628151081671,0.021349319701292,0.17354308662891,0.17354308662891,"plaq_d"
"7955","MAP4K2","Exc L6 CT",0.0269250120849832,4.46488045014271,1.127253696678,0.289097725770127,0.635688232806896,0.635688232806896,"plaq_d"
"7956","MEN1","Exc L6 CT",0.0334685593078452,3.56005204783497,1.04254447050612,0.353527070357968,0.696602204335246,0.696602204335246,"plaq_d"
"7957","EHD1","Exc L6 CT",-0.0441910741919101,3.01944919593162,1.02439726446277,0.312181020904814,0.656656630179092,0.656656630179092,"plaq_d"
"7958","ATG2A","Exc L6 CT",-0.00558026867777611,4.00856306963694,0.0349845015877367,0.88077076381739,0.983065274919766,0.983065274919766,"plaq_d"
"7959","PPP2R5B","Exc L6 CT",-0.00368271011170745,5.50602036171722,0.0384060298479746,0.844744394406019,0.970960210363396,0.970960210363396,"plaq_d"
"7960","SAC3D1","Exc L6 CT",0.0050850747894646,2.8210339330539,0.0116581550712257,0.921894270630576,0.992627684679289,0.992627684679289,"plaq_d"
"7961","ZFPL1","Exc L6 CT",0.00816321480619556,3.09751736382429,0.0402678934309875,0.841074859981798,0.969513185327633,0.969513185327633,"plaq_d"
"7962","VPS51","Exc L6 CT",0.0313143544021242,5.50066078730088,3.39326445248539,0.0663133925204132,0.315583550467567,0.315583550467567,"plaq_d"
"7963","TM7SF2","Exc L6 CT",-0.00812524751095621,3.24923594281763,0.0390840379366224,0.843397627928992,0.970584965005207,0.970584965005207,"plaq_d"
"7964","ZNHIT2","Exc L6 CT",-0.0442082076634629,1.82957363186864,0.319214272034571,0.5724440436983,0.845571175869709,0.845571175869709,"plaq_d"
"7965","FAU","Exc L6 CT",-0.0607038771359876,4.52546858269809,3.32790006343344,0.0689706892421361,0.32188525680767,0.32188525680767,"plaq_d"
"7966","SYVN1","Exc L6 CT",-0.0601588558173348,3.59615561997523,3.33481757672978,0.0686841305995952,0.321544868420018,0.321544868420018,"plaq_d"
"7967","MRPL49","Exc L6 CT",0.00834394885942086,3.05652450766685,0.037111926720859,0.962383295099332,0.998742420766286,0.998742420766286,"plaq_d"
"7968","CAPN1","Exc L6 CT",-0.0133606694998412,4.77772093273896,0.35781599270856,0.550110564754029,0.831593351697929,0.831593351697929,"plaq_d"
"7969","POLA2","Exc L6 CT",-0.0229187608095691,3.61682247598768,0.389953056374953,0.532733023579319,0.821448889269307,0.821448889269307,"plaq_d"
"7970","DPF2","Exc L6 CT",-0.0393129736994964,4.93095423487024,3.93906271680505,0.07695485289312,0.341242055572818,0.341242055572818,"plaq_d"
"7971","SLC25A45","Exc L6 CT",-0.187083204938671,3.23571757407971,15.2205607158883,0.000114815494278368,0.00694228039860344,0.00694228039860344,"plaq_d"
"7972","FRMD8","Exc L6 CT",-0.0756723657249219,3.89579206614083,4.64506688953812,0.0318279091452889,0.215457838933129,0.215457838933129,"plaq_d"
"7973","NEAT1","Exc L6 CT",-0.353605552588793,1.29652925978411,0.720899300901643,0.608287604884176,0.86487983801606,0.86487983801606,"plaq_d"
"7974","MALAT1","Exc L6 CT",-0.02000448979189,14.9730378492991,1.12995509812696,0.2885215739073,0.635391858340138,0.635391858340138,"plaq_d"
"7975","SCYL1","Exc L6 CT",0.0279154335732188,4.7025082918996,1.38325744373528,0.240350537618985,0.585363955263561,0.585363955263561,"plaq_d"
"7976","LTBP3","Exc L6 CT",0.00110176090955246,4.85034221633639,0.00264098853727198,0.9590437837193,0.998742420766286,0.998742420766286,"plaq_d"
"7977","FAM89B","Exc L6 CT",0.0731592394328369,4.27807555414679,6.3202600836122,0.0123870529572219,0.129973771408285,0.129973771408285,"plaq_d"
"7978","EHBP1L1","Exc L6 CT",-0.0319485767810169,3.1320678263845,0.558512560497305,0.456455539147939,0.775664661561659,0.775664661561659,"plaq_d"
"7979","MAP3K11","Exc L6 CT",0.0506248980372712,3.77970704091958,2.80544378966198,0.0948426555313636,0.379089613239179,0.379089613239179,"plaq_d"
"7980","PCNX3","Exc L6 CT",0.049284724800428,3.09137832099561,1.22925445909301,0.268317278789366,0.616256468642584,0.616256468642584,"plaq_d"
"7981","RELA","Exc L6 CT",-0.023722870839042,3.29015358085245,0.353316616203675,0.552627665465439,0.832820016805358,0.832820016805358,"plaq_d"
"7982","KAT5","Exc L6 CT",0.0266371057458627,3.73745155342077,0.751793637484086,0.41129046891346,0.742626048729405,0.742626048729405,"plaq_d"
"7983","RNASEH2C","Exc L6 CT",-0.0282969308944991,4.33361506801834,1.0311045300072,0.310604439331975,0.655255203491078,0.655255203491078,"plaq_d"
"7984","AP001266.2","Exc L6 CT",-0.0177509152843603,3.67195741388373,0.208303269769193,0.648385097420823,0.884083336093026,0.884083336093026,"plaq_d"
"7985","AP5B1","Exc L6 CT",-0.0133004032019278,2.84329403006851,0.0786265499986242,0.779333889478511,0.947280433890889,0.947280433890889,"plaq_d"
"7986","CFL1","Exc L6 CT",0.0854359082825323,6.333992058214,28.0195459191513,2.13064494724849e-07,8.87438592186331e-05,8.87438592186331e-05,"plaq_d"
"7987","SNX32","Exc L6 CT",0.0409728248084175,6.83916885063789,8.1543263320124,0.00455346656209059,0.0735709367316006,0.0735709367316006,"plaq_d"
"7988","MUS81","Exc L6 CT",-0.0414631224389957,3.36441537174499,1.14838287531675,0.284630118870395,0.631273427168219,0.631273427168219,"plaq_d"
"7989","FIBP","Exc L6 CT",-0.0285747785157666,3.19873883666785,0.488966642637115,0.484855460587281,0.793089331963925,0.793089331963925,"plaq_d"
"7990","CCDC85B","Exc L6 CT",0.0050964833083211,5.31583917362381,0.0424843861542999,0.836819663204519,0.96831893509302,0.96831893509302,"plaq_d"
"7991","C11orf68","Exc L6 CT",0.0198727068976703,4.22900133407948,0.458629718486521,0.498714759468459,0.802626906350803,0.802626906350803,"plaq_d"
"7992","DRAP1","Exc L6 CT",-0.0011931504363033,3.71008902633222,0.000895994897988903,0.976137498031257,0.999093977007575,0.999093977007575,"plaq_d"
"7993","SART1","Exc L6 CT",-0.0226517257491454,4.01286236787945,0.721464011318987,0.3962477132017,0.729097630366397,0.729097630366397,"plaq_d"
"7994","EIF1AD","Exc L6 CT",0.030981208814934,2.74709490554355,0.341721597632493,0.55921572912629,0.837369423393185,0.837369423393185,"plaq_d"
"7995","BANF1","Exc L6 CT",0.0341838272231929,4.20231478475461,1.54750428081051,0.214341042001823,0.552094049142646,0.552094049142646,"plaq_d"
"7996","GAL3ST3","Exc L6 CT",0.0531822522226402,2.84604359000568,1.26783935244902,0.260947867496923,0.607981400145611,0.607981400145611,"plaq_d"
"7997","SF3B2","Exc L6 CT",0.0343639484768874,5.32299510036899,3.27370410701366,0.071260752046901,0.327315509279415,0.327315509279415,"plaq_d"
"7998","PACS1","Exc L6 CT",0.0231636095632457,7.83468730363441,3.89786794303516,0.0491373338603544,0.270509008892414,0.270509008892414,"plaq_d"
"7999","KLC2","Exc L6 CT",0.0243422905052338,5.42980308194397,1.6190528619178,0.204072936494743,0.539547106295375,0.539547106295375,"plaq_d"
"8000","RAB1B","Exc L6 CT",0.0487924775703947,4.39086343454018,3.11607122538677,0.078399975336203,0.343971370319534,0.343971370319534,"plaq_d"
"8001","CNIH2","Exc L6 CT",0.0321068098577054,4.71264521112376,1.55649048998683,0.213018218986218,0.550064624309525,0.550064624309525,"plaq_d"
"8002","YIF1A","Exc L6 CT",-0.197813224805903,2.02896584447968,7.4016901101839,0.00684336728035701,0.0922444900449621,0.0922444900449621,"plaq_d"
"8003","TMEM151A","Exc L6 CT",0.0127944169726815,4.32867265796794,0.239257313049338,0.625051004008681,0.874124174636582,0.874124174636582,"plaq_d"
"8004","RIN1","Exc L6 CT",-0.0752663167164764,3.32221012705933,3.87148310527264,0.0499064566953722,0.273696664470485,0.273696664470485,"plaq_d"
"8005","BRMS1","Exc L6 CT",-0.0377995238961626,2.37606803368664,0.413972891789894,0.520383391050256,0.814198380345558,0.814198380345558,"plaq_d"
"8006","B4GAT1","Exc L6 CT",0.0117800441236993,5.49426545761469,0.339459751605168,0.611700973551405,0.86776184620083,0.86776184620083,"plaq_d"
"8007","AP001107.9","Exc L6 CT",-0.0327233110722872,2.59696235392031,0.367949702128056,0.544519263003553,0.828650548249287,0.828650548249287,"plaq_d"
"8008","SLC29A2","Exc L6 CT",0.0221187617425455,3.57369958870345,0.342800825077971,0.642625419912033,0.881203285741464,0.881203285741464,"plaq_d"
"8009","NPAS4","Exc L6 CT",0.273930620515631,1.82820313254836,3.09814641505722,0.0792594651422019,0.346183027969399,0.346183027969399,"plaq_d"
"8010","MRPL11","Exc L6 CT",-0.0804154567646308,2.9919989691835,3.20971694376812,0.0740704189060507,0.333604708973374,0.333604708973374,"plaq_d"
"8011","PELI3","Exc L6 CT",0.000840125661471063,3.78338580650671,0.000662489692812142,0.979480360801593,0.999396584092899,0.999396584092899,"plaq_d"
"8012","DPP3","Exc L6 CT",-0.0370679473255147,2.48547703303485,0.382406636242224,0.685589605280675,0.900774195488207,0.900774195488207,"plaq_d"
"8013","ZDHHC24","Exc L6 CT",-0.0653663630424902,3.43150977169709,3.26921736266019,0.0714539737903248,0.327387462344213,0.327387462344213,"plaq_d"
"8014","CTSF","Exc L6 CT",0.0125089513866118,5.08697969497018,0.347402710400507,0.701984127158618,0.909622462442533,0.909622462442533,"plaq_d"
"8015","CCS","Exc L6 CT",-0.050693723723925,4.70968408624922,4.63378223725987,0.0320350164518431,0.216311490075391,0.216311490075391,"plaq_d"
"8016","RBM14-RBM4","Exc L6 CT",-0.0239188616762662,5.33985166592621,1.4027829814324,0.237065991302073,0.582054281686106,0.582054281686106,"plaq_d"
"8017","RBM4","Exc L6 CT",-0.0342089044468262,5.03854878684342,2.02024417990807,0.156109166617082,0.477987934582631,0.477987934582631,"plaq_d"
"8018","RBM4B","Exc L6 CT",-0.0196651752751229,4.4121138670016,0.511634996458144,0.474911271005721,0.787108295809159,0.787108295809159,"plaq_d"
"8019","AP001157.1","Exc L6 CT",0.0519641397497208,3.30905610845176,1.77527113114144,0.18360239427395,0.514129560001515,0.514129560001515,"plaq_d"
"8020","SPTBN2","Exc L6 CT",0.0340673418981411,5.62836605523258,3.65290347457279,0.0567923387836664,0.293250541294714,0.293250541294714,"plaq_d"
"8021","C11orf80","Exc L6 CT",-0.00966700430689666,7.50745235886152,0.704686432892517,0.401789425829226,0.734401688809773,0.734401688809773,"plaq_d"
"8022","RCE1","Exc L6 CT",-0.0259033335694275,3.26362575700709,0.388595489782912,0.533446708481976,0.821600803720074,0.821600803720074,"plaq_d"
"8023","PC","Exc L6 CT",-0.0223208284748413,4.9658420205717,0.97002883963687,0.32535685357575,0.670076861813519,0.670076861813519,"plaq_d"
"8024","LRFN4","Exc L6 CT",-0.034811134016908,4.08472695126,1.48141681565468,0.235600119402258,0.580250711601619,0.580250711601619,"plaq_d"
"8025","SYT12","Exc L6 CT",-0.0341618054354546,5.3355647964665,2.57904476344895,0.109193472054009,0.406293415272554,0.406293415272554,"plaq_d"
"8026","KDM2A","Exc L6 CT",0.00142522071163563,7.24196106098698,0.0150975641945126,0.947273877073897,0.997964805243233,0.997964805243233,"plaq_d"
"8027","GRK2","Exc L6 CT",0.0383751078332302,5.28448213323925,3.80225563185362,0.0947935698946516,0.379068953389835,0.379068953389835,"plaq_d"
"8028","ANKRD13D","Exc L6 CT",0.0131208301327184,5.59693448902604,0.476688036037389,0.496011820581607,0.800783466310733,0.800783466310733,"plaq_d"
"8029","SSH3","Exc L6 CT",-0.132432890526265,2.92996905677853,7.88963366136414,0.00525244559611728,0.0799234506925425,0.0799234506925425,"plaq_d"
"8030","RAD9A","Exc L6 CT",-0.0245454529535023,7.15824088442294,3.94536924321583,0.0477841792192742,0.266938705487261,0.266938705487261,"plaq_d"
"8031","AP003419.1","Exc L6 CT",-0.0826118412200315,1.83519709309104,0.899609860941393,0.34354414930613,0.687852791851327,0.687852791851327,"plaq_d"
"8032","PPP1CA","Exc L6 CT",-0.00492214994774649,3.81054113047058,0.0279872768595908,0.867235852933814,0.978043661483368,0.978043661483368,"plaq_d"
"8033","RPS6KB2","Exc L6 CT",-0.0176198236494343,3.78944298913001,0.340291736992773,0.560038513146709,0.837991314339468,0.837991314339468,"plaq_d"
"8034","TMEM134","Exc L6 CT",-0.0198313696607877,3.67690772980268,0.364916509792919,0.546181701354144,0.829999117877352,0.829999117877352,"plaq_d"
"8035","AIP","Exc L6 CT",0.0452728777820922,3.32036610882884,1.26069468415359,0.262293232221999,0.609121026983965,0.609121026983965,"plaq_d"
"8036","PITPNM1","Exc L6 CT",0.0123023654831606,3.06395968031423,0.0759362497400186,0.872862918830745,0.980233682498334,0.980233682498334,"plaq_d"
"8037","CDK2AP2","Exc L6 CT",0.0182596515224686,2.77068378863686,0.157055933635544,0.692124386435897,0.904650687046592,0.904650687046592,"plaq_d"
"8038","GSTP1","Exc L6 CT",-0.0402165725127752,3.54856735159165,1.07693510900735,0.300104317322908,0.646945455552649,0.646945455552649,"plaq_d"
"8039","NDUFV1","Exc L6 CT",-0.0333163367743806,5.77877985817115,3.29474501036964,0.0703620961965845,0.325074690900523,0.325074690900523,"plaq_d"
"8040","AP003716.1","Exc L6 CT",-0.142951004381462,3.03394865779679,7.38442713757901,0.00690795716483227,0.0926270697662296,0.0926270697662296,"plaq_d"
"8041","NDUFS8","Exc L6 CT",-0.0242757077594785,4.21451189246093,0.830008751615732,0.36290026394061,0.703611070665188,0.703611070665188,"plaq_d"
"8042","CHKA","Exc L6 CT",-0.0585436338289741,5.48001455312847,9.98253352388159,0.00171872715906296,0.0399722070789506,0.0399722070789506,"plaq_d"
"8043","KMT5B","Exc L6 CT",0.023976082309541,6.54206505426121,3.09101129915295,0.0945310527111861,0.37854493319339,0.37854493319339,"plaq_d"
"8044","C11orf24","Exc L6 CT",0.0577934361306789,2.92742866792734,1.51997380551976,0.218455174389223,0.55799870307084,0.55799870307084,"plaq_d"
"8045","PPP6R3","Exc L6 CT",-0.00341784731067962,7.48754745759732,0.110074675859442,0.740258742320459,0.928661774628954,0.928661774628954,"plaq_d"
"8046","CPT1A","Exc L6 CT",-0.0858497508067654,2.2496050984127,1.45682324563953,0.228255568145783,0.570579468488748,0.570579468488748,"plaq_d"
"8047","MRPL21","Exc L6 CT",0.00602018420039965,3.20633251688382,0.0260146226609561,0.904249510447907,0.988876782180692,0.988876782180692,"plaq_d"
"8048","IGHMBP2","Exc L6 CT",-0.0104720800005205,4.12312440547869,0.134976189353554,0.773709527646432,0.94456600746252,0.94456600746252,"plaq_d"
"8049","TPCN2","Exc L6 CT",-0.00566446882460988,5.62528924781339,0.0771500262018657,0.781362262655209,0.948059077989961,0.948059077989961,"plaq_d"
"8050","AP003071.2","Exc L6 CT",-0.0848039353367592,1.92116674144857,1.07133455564677,0.301362504746628,0.647846439885273,0.647846439885273,"plaq_d"
"8051","ORAOV1","Exc L6 CT",-0.0170983862152267,5.27690423960484,0.773630742699384,0.379702801117321,0.71575245841102,0.71575245841102,"plaq_d"
"8052","FADD","Exc L6 CT",0.0194456634361192,2.08059719210806,0.0810483802784687,0.776050915154971,0.945698791033255,0.945698791033255,"plaq_d"
"8053","PPFIA1","Exc L6 CT",0.0173551027175803,6.25300089895567,1.5995575080896,0.206811757262343,0.542535943748561,0.542535943748561,"plaq_d"
"8054","AP002336.2","Exc L6 CT",-0.127992079987956,3.84738812550273,12.6562501771284,0.000426155337496911,0.0160180998397011,0.0160180998397011,"plaq_d"
"8055","AP000487.1","Exc L6 CT",0.00109544458999742,4.58523766597718,0.00209759809950358,0.963496278509825,0.998742420766286,0.998742420766286,"plaq_d"
"8056","CTTN","Exc L6 CT",-0.00767637736878602,6.74947696181654,0.39082760126157,0.793866146211892,0.953000771778707,0.953000771778707,"plaq_d"
"8057","SHANK2","Exc L6 CT",-0.0179809686556159,8.06002068538148,2.83502766610699,0.0931254292341801,0.375522661727656,0.375522661727656,"plaq_d"
"8058","DHCR7","Exc L6 CT",0.0163603910276164,2.27843926698729,0.0691193507303769,0.817242479052863,0.96161072089783,0.96161072089783,"plaq_d"
"8059","AP002387.2","Exc L6 CT",0.020083441494728,2.3735330209153,0.108565019727403,0.779176537971059,0.947280433890889,0.947280433890889,"plaq_d"
"8060","NADSYN1","Exc L6 CT",0.0506929129471177,4.48529819483728,3.9743565229794,0.0469778807235186,0.265109200664749,0.265109200664749,"plaq_d"
"8061","KRTAP5-11","Exc L6 CT",-0.0661191543254701,2.19980215842749,0.736683435823791,0.391315798325916,0.725110340159595,0.725110340159595,"plaq_d"
"8062","AP003498.1","Exc L6 CT",-0.0902898050305413,2.19322988384648,1.79069630720167,0.18171454721929,0.511592188745267,0.511592188745267,"plaq_d"
"8063","AP002495.2","Exc L6 CT",0.0207405111875451,4.69379130617225,0.617003160243758,0.432697273398063,0.757683990067688,0.757683990067688,"plaq_d"
"8064","RNF121","Exc L6 CT",-0.0296419998707761,5.03784500144109,2.194010125176,0.139452517798417,0.454404356320963,0.454404356320963,"plaq_d"
"8065","NUMA1","Exc L6 CT",0.0388761892977671,6.16356419202187,8.3299078528166,0.00414302392933288,0.0695851666658118,0.0695851666658118,"plaq_d"
"8066","LAMTOR1","Exc L6 CT",-0.00644154049614355,4.05896568495037,0.054198454489514,0.988258504145551,0.999571689696322,0.999571689696322,"plaq_d"
"8067","ANAPC15","Exc L6 CT",-0.00741253452098459,3.08462202070445,0.0306989014826031,0.861015666497153,0.976495686661412,0.976495686661412,"plaq_d"
"8068","INPPL1","Exc L6 CT",-0.0309353739532531,2.23128609886467,0.253070597284411,0.615239282404844,0.869428223272997,0.869428223272997,"plaq_d"
"8069","CLPB","Exc L6 CT",0.00335891700820164,4.70622329411114,0.0225539353119493,0.880709814856039,0.983065274919766,0.983065274919766,"plaq_d"
"8070","PDE2A","Exc L6 CT",-0.0150282894821009,6.91822849821026,1.1332435185691,0.287822199557788,0.634628332797353,0.634628332797353,"plaq_d"
"8071","ARAP1","Exc L6 CT",0.0251503775344184,5.20375881788319,1.37093472775572,0.242452018230069,0.587546245750086,0.587546245750086,"plaq_d"
"8072","STARD10","Exc L6 CT",0.03264900064321,2.26916989413302,0.309903473716196,0.578097032799977,0.849299406489282,0.849299406489282,"plaq_d"
"8073","ATG16L2","Exc L6 CT",-0.00729203071494931,4.39691433477902,0.0960825218197831,0.837337408780404,0.968606616054857,0.968606616054857,"plaq_d"
"8074","FCHSD2","Exc L6 CT",0.0250891602002853,7.10715022734818,2.83267209511144,0.0932609088228566,0.375522661727656,0.375522661727656,"plaq_d"
"8075","P2RY6","Exc L6 CT",0.148686039386892,2.44641476893362,3.57815031398356,0.0593739449666015,0.30086142616656,0.30086142616656,"plaq_d"
"8076","ARHGEF17","Exc L6 CT",0.0161963550746328,5.63994007641206,0.948422447266864,0.330797234755317,0.675100225621994,0.675100225621994,"plaq_d"
"8077","RELT","Exc L6 CT",-0.0529724910782485,2.31331875782318,0.718982700217509,0.495439917757132,0.800145792924474,0.800145792924474,"plaq_d"
"8078","FAM168A","Exc L6 CT",0.0148025014237847,7.88817741588555,2.29153944817635,0.184905062921218,0.516474470806022,0.516474470806022,"plaq_d"
"8079","PLEKHB1","Exc L6 CT",0.107721716480645,2.89604958473321,3.12393456946777,0.0780261154907841,0.34360038039851,0.34360038039851,"plaq_d"
"8080","RAB6A","Exc L6 CT",0.00839791766972888,7.56128428468623,0.639714842706998,0.479090807267886,0.789344129491849,0.789344129491849,"plaq_d"
"8081","MRPL48","Exc L6 CT",-0.0140105377022395,4.66585777715095,0.318366886986508,0.572954002256003,0.846060705352079,0.846060705352079,"plaq_d"
"8082","COA4","Exc L6 CT",-0.0648095771586817,2.6510291543318,1.56534368885756,0.211724478525428,0.549044120108991,0.549044120108991,"plaq_d"
"8083","PAAF1","Exc L6 CT",-0.0751823935159267,5.06805875170222,11.6691782978344,0.000710536927805222,0.0226702329794317,0.0226702329794317,"plaq_d"
"8084","UCP3","Exc L6 CT",-0.0284792869915906,2.35005393449188,0.206724537746474,0.649630205210392,0.884521710171276,0.884521710171276,"plaq_d"
"8085","C2CD3","Exc L6 CT",0.0255922047589229,5.94771282611461,2.5793879545598,0.109169987503662,0.406293415272554,0.406293415272554,"plaq_d"
"8086","PPME1","Exc L6 CT",0.0297080942301314,6.4524640305976,5.19494015614563,0.0232573789358703,0.180882348547158,0.180882348547158,"plaq_d"
"8087","P4HA3","Exc L6 CT",-0.000526287359147597,3.77988110326095,0.000114010107442944,0.991486823314586,0.999571689696322,0.999571689696322,"plaq_d"
"8088","PGM2L1","Exc L6 CT",0.0527859068123189,7.56924314160759,10.6755700885809,0.00119365800281691,0.0311848918001469,0.0311848918001469,"plaq_d"
"8089","POLD3","Exc L6 CT",-0.0130376822027231,5.83234015101042,0.531566732303503,0.553482996165551,0.833553845883384,0.833553845883384,"plaq_d"
"8090","RNF169","Exc L6 CT",-0.0269262249503487,6.05232626338651,2.5689790686855,0.185926333299617,0.518318259911171,0.518318259911171,"plaq_d"
"8091","XRRA1","Exc L6 CT",-0.0769116539395244,5.86907311373663,4.93491498313244,0.0269619184249309,0.196908620698505,0.196908620698505,"plaq_d"
"8092","SPCS2","Exc L6 CT",-0.0055028368492797,5.42235304116237,0.105259671567198,0.890082751645263,0.984904368079323,0.984904368079323,"plaq_d"
"8093","NEU3","Exc L6 CT",-0.0644875479582854,4.86546089809112,5.99142030148688,0.0148688223769622,0.143414190111391,0.143414190111391,"plaq_d"
"8094","SLCO2B1","Exc L6 CT",0.0660172358541543,2.28702717909144,0.897605964557562,0.344081490292313,0.687958895922466,0.687958895922466,"plaq_d"
"8095","AP001972.3","Exc L6 CT",-0.0526719865666246,4.00673219457018,2.10106825267009,0.148096317228312,0.467084534014542,0.467084534014542,"plaq_d"
"8096","ARRB1","Exc L6 CT",-0.03769403808163,6.39809717879792,6.34512079601933,0.0122177608791677,0.129233567682952,0.129233567682952,"plaq_d"
"8097","RPS3","Exc L6 CT",-0.0284547159637089,5.76047642639428,1.75961265415653,0.185542184787301,0.517347528994381,0.517347528994381,"plaq_d"
"8098","KLHL35","Exc L6 CT",-0.0375881343023715,3.34392577871421,0.684409889013619,0.408638913565542,0.740365811697097,0.740365811697097,"plaq_d"
"8099","GDPD5","Exc L6 CT",0.0168856390216686,4.3956236790902,0.36293369885955,0.5472735518236,0.830535610993247,0.830535610993247,"plaq_d"
"8100","MAP6","Exc L6 CT",0.00387963665962029,6.80396124707256,0.0993680822996645,0.752778113442632,0.934948988104575,0.934948988104575,"plaq_d"
"8101","DGAT2","Exc L6 CT",0.017946808884041,3.35702794703143,0.22171743257343,0.673065079004051,0.895548968504857,0.895548968504857,"plaq_d"
"8102","UVRAG","Exc L6 CT",0.0296452776750926,7.39722166851895,7.49553642208784,0.00650292434866758,0.0904503371240759,0.0904503371240759,"plaq_d"
"8103","THAP12","Exc L6 CT",-0.0101247007159794,3.95887574174371,0.10987636536089,0.740484348144359,0.928734333149171,0.928734333149171,"plaq_d"
"8104","GVQW3","Exc L6 CT",-0.0200471564931281,5.12609395981587,0.891762576556436,0.345654903759322,0.689444820143484,0.689444820143484,"plaq_d"
"8105","AP002360.1","Exc L6 CT",0.0198396512714743,2.44043537184332,0.113862558043408,0.745004561419249,0.9313232179284,0.9313232179284,"plaq_d"
"8106","EMSY","Exc L6 CT",0.0265020266696425,6.23894708041979,3.2370745105521,0.0728548127839575,0.330482796747467,0.330482796747467,"plaq_d"
"8107","ACER3","Exc L6 CT",-0.0203082960696777,6.3585545075353,1.70336929757705,0.192709733358154,0.526498385865835,0.526498385865835,"plaq_d"
"8108","CAPN5","Exc L6 CT",0.0808209441973377,2.83945123122641,2.79052812312121,0.0957215475215129,0.380766773134039,0.380766773134039,"plaq_d"
"8109","PAK1","Exc L6 CT",-0.00917303259418625,7.75011923040883,0.482886204647757,0.487581323352492,0.794740243710976,0.794740243710976,"plaq_d"
"8110","CLNS1A","Exc L6 CT",0.0126134037434307,6.3114334746388,0.555316728294099,0.456656084057576,0.775664661561659,0.775664661561659,"plaq_d"
"8111","AQP11","Exc L6 CT",0.00579226058283224,3.79712145479949,0.0287434461669968,0.91530955911519,0.99070421132938,0.99070421132938,"plaq_d"
"8112","RSF1","Exc L6 CT",0.0268961911702733,7.40183030620462,7.26233097839995,0.0073830220742396,0.0965358635610838,0.0965358635610838,"plaq_d"
"8113","AAMDC","Exc L6 CT",0.0448558548294733,5.05910765959247,3.93019389798845,0.048212127554374,0.268392029494497,0.268392029494497,"plaq_d"
"8114","AP002812.2","Exc L6 CT",0.0224727046933377,3.67901729215638,0.251300137743018,0.616477868957803,0.86977969625572,0.86977969625572,"plaq_d"
"8115","INTS4","Exc L6 CT",-0.0337904335848738,5.55645403622156,3.11867927478287,0.0782757623580303,0.343832804644757,0.343832804644757,"plaq_d"
"8116","NDUFC2-KCTD14","Exc L6 CT",-0.0302235726145182,3.41733501609476,0.469604126683815,0.493625292505115,0.799151308845645,0.799151308845645,"plaq_d"
"8117","ALG8","Exc L6 CT",-0.0411330399181913,4.77662057011794,3.05694307167323,0.0812740630808835,0.350096173582405,0.350096173582405,"plaq_d"
"8118","KCTD21-AS1","Exc L6 CT",0.0341315393110343,3.02184561587721,0.325179605986894,0.568879159258072,0.842635914026658,0.842635914026658,"plaq_d"
"8119","KCTD21","Exc L6 CT",-0.0300372478090444,3.1628784367478,0.486271260493863,0.486060674040998,0.794068255049274,0.794068255049274,"plaq_d"
"8120","USP35","Exc L6 CT",0.0179514271088701,3.23169900837723,0.177166461121164,0.674079408757218,0.895548968504857,0.895548968504857,"plaq_d"
"8121","GAB2","Exc L6 CT",-0.0168584284195692,7.04354052615974,1.21181101221184,0.271734165114386,0.618577647214849,0.618577647214849,"plaq_d"
"8122","AP003086.2","Exc L6 CT",-0.121867929651353,3.82189008076122,10.951131505148,0.00103324993482492,0.0281184613643471,0.0281184613643471,"plaq_d"
"8123","NARS2","Exc L6 CT",0.000688696005652629,5.80095514793411,0.00118378849796894,0.972572932284191,0.999088296211026,0.999088296211026,"plaq_d"
"8124","AP003110.1","Exc L6 CT",-0.0482387897698237,1.66526632026367,0.235725242938392,0.627616115315219,0.875415327592084,0.875415327592084,"plaq_d"
"8125","TENM4","Exc L6 CT",-0.0142480813745771,8.48952721164446,0.979954273767149,0.322897493873702,0.667597774185101,0.667597774185101,"plaq_d"
"8126","AP001978.1","Exc L6 CT",-0.093987706255504,2.82693608773549,2.61311223459893,0.106889179095005,0.400827460862646,0.400827460862646,"plaq_d"
"8127","AP002759.1","Exc L6 CT",-0.0680763422557778,2.85523462597869,1.29024263590706,0.256784448316928,0.604139759941717,0.604139759941717,"plaq_d"
"8128","MIR4300HG","Exc L6 CT",-0.0130849538235623,2.98346756143444,0.0420645255407704,0.837616666585632,0.968618325340731,0.968618325340731,"plaq_d"
"8129","PRCP","Exc L6 CT",0.0434076932816729,4.99211229904132,3.43444655209726,0.0646957567315359,0.312118000639139,0.312118000639139,"plaq_d"
"8130","RAB30","Exc L6 CT",-0.0101937654345879,6.10317004468359,0.404364053077006,0.525261768067185,0.817207495258297,0.817207495258297,"plaq_d"
"8131","RAB30-AS1","Exc L6 CT",-0.00505881281256986,5.62518806482886,0.0725355562931511,0.787839689849852,0.950690710400543,0.950690710400543,"plaq_d"
"8132","AP001767.3","Exc L6 CT",-0.0830093061193502,1.92982340506729,1.06063920592946,0.303784280306815,0.649486120940836,0.649486120940836,"plaq_d"
"8133","PCF11","Exc L6 CT",0.0438449106588612,5.40840854519741,6.32281912092255,0.0123695156219214,0.129907643445101,0.129907643445101,"plaq_d"
"8134","PCF11-AS1","Exc L6 CT",-0.0193441546759107,2.71214663058738,0.133452654214793,0.812287421478835,0.95934842446525,0.95934842446525,"plaq_d"
"8135","ANKRD42","Exc L6 CT",0.0108648488963103,4.88972935061837,0.266428817143136,0.662200453381779,0.891191594430351,0.891191594430351,"plaq_d"
"8136","CCDC90B","Exc L6 CT",0.00599421525636125,4.37919201734422,0.0441567482767533,0.973952995063554,0.999093977007575,0.999093977007575,"plaq_d"
"8137","AP000446.1","Exc L6 CT",0.025925484328171,4.34468455850238,0.671342014169703,0.413144570052682,0.743265334692131,0.743265334692131,"plaq_d"
"8138","DLG2","Exc L6 CT",0.0313834144466291,12.1248554117585,18.5915725900937,2.11109758738234e-05,0.00219815984535081,0.00219815984535081,"plaq_d"
"8139","AP002370.2","Exc L6 CT",-0.0455956808975659,4.96595498182637,1.83951885163901,0.175886150857026,0.504796058161432,0.504796058161432,"plaq_d"
"8140","AP001825.1","Exc L6 CT",-0.128152276799654,5.07369035374905,20.9869467096844,6.45035213965715e-06,0.000998486767768864,0.000998486767768864,"plaq_d"
"8141","TMEM126B","Exc L6 CT",-0.00418589151568706,4.06869662688406,0.0187141712590614,0.972942890486306,0.999088296211026,0.999088296211026,"plaq_d"
"8142","TMEM126A","Exc L6 CT",0.10673295977821,2.95221643634258,6.44992119487911,0.0115299435608671,0.124894708429076,0.124894708429076,"plaq_d"
"8143","CREBZF","Exc L6 CT",0.00928268829538117,5.77394052796376,0.277013028919715,0.599000780844415,0.859742297211984,0.859742297211984,"plaq_d"
"8144","SYTL2","Exc L6 CT",-0.00669476075991314,6.91537434007242,0.170226452140223,0.680164549245603,0.897986871876349,0.897986871876349,"plaq_d"
"8145","PICALM","Exc L6 CT",0.0285415860015831,7.39130944591657,8.47413624127381,0.00415148351802113,0.0695851666658118,0.0695851666658118,"plaq_d"
"8146","EED","Exc L6 CT",0.0685148023558191,4.80877721231801,8.82139763829996,0.00318378969071017,0.0590642221487932,0.0590642221487932,"plaq_d"
"8147","HIKESHI","Exc L6 CT",-0.0547650882513673,4.5649485318748,5.05466613998684,0.0251847672008073,0.189623383170932,0.189623383170932,"plaq_d"
"8148","CCDC81","Exc L6 CT",-0.0382007942371102,2.09333334757783,0.241300344806535,0.62357798250471,0.872864237883659,0.872864237883659,"plaq_d"
"8149","AP001831.1","Exc L6 CT",-0.0566967616440364,4.20462949676992,2.87292616263174,0.0909749829006201,0.370802903124951,0.370802903124951,"plaq_d"
"8150","ME3","Exc L6 CT",0.0430235447523118,7.20960957270702,8.06873818455628,0.00476840194507795,0.0752696429839278,0.0752696429839278,"plaq_d"
"8151","AP003059.2","Exc L6 CT",0.069487967356899,2.36165055459773,1.17502307252483,0.279121534105501,0.626430169869788,0.626430169869788,"plaq_d"
"8152","PRSS23","Exc L6 CT",-0.035773518978296,3.95032377217761,0.78959072759978,0.374837340738303,0.711274784649037,0.711274784649037,"plaq_d"
"8153","AP001528.2","Exc L6 CT",0.0213652807313622,5.12855563210525,0.721330740994382,0.396291295246745,0.729097630366397,0.729097630366397,"plaq_d"
"8154","FZD4","Exc L6 CT",-0.0032863088026936,3.5040863662207,0.00744395890767296,0.931294715520345,0.99444705473932,0.99444705473932,"plaq_d"
"8155","AP001528.1","Exc L6 CT",0.073176149298315,2.23420509386219,1.08020857227524,0.299372061307383,0.645995581805218,0.645995581805218,"plaq_d"
"8156","TMEM135","Exc L6 CT",-0.00144060098516917,6.72768599121184,0.0115444369615767,0.970280678991464,0.998742420766286,0.998742420766286,"plaq_d"
"8157","GRM5-AS1","Exc L6 CT",0.0337555093936918,2.57131945187188,0.313266692771804,0.576042357389436,0.848207925640431,0.848207925640431,"plaq_d"
"8158","GRM5","Exc L6 CT",0.0500989505074525,10.1083748800824,20.4529842740618,8.39191466997427e-06,0.00116163464989375,0.00116163464989375,"plaq_d"
"8159","NAALAD2","Exc L6 CT",-0.00830135349709195,6.75996359343439,0.264325074712222,0.607490348443898,0.864173029268612,0.864173029268612,"plaq_d"
"8160","CHORDC1","Exc L6 CT",0.0338336470202181,5.3157542002625,2.58440576668016,0.108827254546437,0.405769789290471,0.405769789290471,"plaq_d"
"8161","FAT3","Exc L6 CT",0.0410775799315579,7.98251611271901,5.58267819700271,0.0186881874144234,0.16196426326548,0.16196426326548,"plaq_d"
"8162","SLC36A4","Exc L6 CT",0.0354098443943238,6.24038443719462,4.83369185226261,0.0285661941839137,0.20270230903961,0.20270230903961,"plaq_d"
"8163","DEUP1","Exc L6 CT",0.170924904583616,2.39082983894924,3.91043312229642,0.0487754862207162,0.269260805384727,0.269260805384727,"plaq_d"
"8164","SMCO4","Exc L6 CT",0.032728394282725,2.9142008471947,0.324654099536179,0.569191454805739,0.842838940895229,0.842838940895229,"plaq_d"
"8165","CEP295","Exc L6 CT",0.0152458873013028,6.24886159247187,1.17532154127757,0.358100344149588,0.700664120666889,0.700664120666889,"plaq_d"
"8166","TAF1D","Exc L6 CT",-0.0401150456176524,6.90808119230893,6.23047248713789,0.0130189139683321,0.133205604469161,0.133205604469161,"plaq_d"
"8167","AP001273.2","Exc L6 CT",0.0539409384465121,2.52218416249276,0.912711891288481,0.340058686791573,0.68410911892838,0.68410911892838,"plaq_d"
"8168","MED17","Exc L6 CT",0.132534334954134,2.2300070028669,4.70730368787869,0.0307106160130987,0.211333665451515,0.211333665451515,"plaq_d"
"8169","VSTM5","Exc L6 CT",-0.0124349289215478,4.48954717474207,0.22495500937288,0.63558740441017,0.878269581788608,0.878269581788608,"plaq_d"
"8170","PANX1","Exc L6 CT",-0.051562848431365,2.33174010841933,0.643489094787101,0.422997300412066,0.750264252157266,0.750264252157266,"plaq_d"
"8171","MRE11","Exc L6 CT",0.00624539382754257,5.1556203528672,0.0782525547278547,0.77984570942405,0.9474773257548,0.9474773257548,"plaq_d"
"8172","ANKRD49","Exc L6 CT",0.0272534255350245,4.27391331375833,0.782537651526635,0.376976586854566,0.713574577320914,0.713574577320914,"plaq_d"
"8173","C11orf97","Exc L6 CT",-0.074742204823585,1.8598133710592,0.714730181295435,0.398458522011959,0.73127644520344,0.73127644520344,"plaq_d"
"8174","PIWIL4","Exc L6 CT",0.0433060699798031,4.38615643776236,2.30942481247466,0.129499110050454,0.438858095170984,0.438858095170984,"plaq_d"
"8175","AP000943.3","Exc L6 CT",-0.0643343235300997,6.32747541667169,4.15220610190526,0.0423358426551558,0.249168761595921,0.249168761595921,"plaq_d"
"8176","AMOTL1","Exc L6 CT",-0.0319482155724226,3.80250787548898,0.659087375196038,0.417436958389831,0.746439431003449,0.746439431003449,"plaq_d"
"8177","CWC15","Exc L6 CT",0.0192827265102063,4.20282624790126,0.522561115094031,0.470236492450443,0.783084616163003,0.783084616163003,"plaq_d"
"8178","KDM4D","Exc L6 CT",-0.0113253057719164,2.27043834458643,0.0302375042221365,0.862053477383742,0.976636645975946,0.976636645975946,"plaq_d"
"8179","SRSF8","Exc L6 CT",0.0192689923699832,4.51310811887963,0.606890286063786,0.452871854100294,0.77361988798839,0.77361988798839,"plaq_d"
"8180","ENDOD1","Exc L6 CT",-0.0332163852533999,4.68227445799367,1.99888930208915,0.158307951114159,0.481309665098084,0.481309665098084,"plaq_d"
"8181","AP000787.1","Exc L6 CT",-0.0760720165511886,3.98370408900924,3.91121895309558,0.0487529502470466,0.269260805384727,0.269260805384727,"plaq_d"
"8182","SESN3","Exc L6 CT",0.0407311897261438,7.01815531880837,5.74630309215026,0.0170498453957998,0.153948682735597,0.153948682735597,"plaq_d"
"8183","AP001790.1","Exc L6 CT",0.107359335305384,1.94483805555152,1.41818457560398,0.234513629351949,0.578984429454752,0.578984429454752,"plaq_d"
"8184","FAM76B","Exc L6 CT",0.0050012820082437,4.15457539289305,0.0328281056491323,0.992693973272531,0.999571689696322,0.999571689696322,"plaq_d"
"8185","CEP57","Exc L6 CT",-0.000221422934451534,6.28646293079385,0.000232850190407327,0.992212529365958,0.999571689696322,0.999571689696322,"plaq_d"
"8186","MTMR2","Exc L6 CT",0.0424390476704716,5.8478968305083,6.81912900715836,0.00940877319582069,0.111297205363217,0.111297205363217,"plaq_d"
"8187","MAML2","Exc L6 CT",0.0638365966407731,5.86108426063127,2.92191770659881,0.0882749298580059,0.363815027264773,0.363815027264773,"plaq_d"
"8188","CCDC82","Exc L6 CT",0.0372375488659575,6.25527911430037,5.49116315968171,0.0196749607012219,0.166186558974924,0.166186558974924,"plaq_d"
"8189","JRKL","Exc L6 CT",0.0461610886284163,3.26282019637949,1.42032747659336,0.234161156540061,0.578933347099549,0.578933347099549,"plaq_d"
"8190","AP003066.1","Exc L6 CT",0.139263400088884,3.72376590410946,4.38892492027226,0.0368952019109404,0.232753429758938,0.232753429758938,"plaq_d"
"8191","CNTN5","Exc L6 CT",0.236498320115839,7.47278147320062,6.38170555290978,0.0119729639271935,0.127581634860013,0.127581634860013,"plaq_d"
"8192","TRPC6","Exc L6 CT",0.083952796958353,6.23630081174594,4.56837558336072,0.033263591941305,0.221538887259588,0.221538887259588,"plaq_d"
"8193","CEP126","Exc L6 CT",0.0338597398001977,7.18867992847721,5.05993850008356,0.0251093913363884,0.189313775871697,0.189313775871697,"plaq_d"
"8194","CFAP300","Exc L6 CT",0.00414190911066796,2.59834028484945,0.00508668305603838,0.943183239519194,0.997507548890635,0.997507548890635,"plaq_d"
"8195","YAP1","Exc L6 CT",-0.0674020283257779,1.76499801948162,0.398677656538378,0.528187238859542,0.818456124092144,0.818456124092144,"plaq_d"
"8196","BIRC3","Exc L6 CT",0.0361423280900481,4.13278713225327,1.21934793929299,0.270251151005328,0.618110489548646,0.618110489548646,"plaq_d"
"8197","BIRC2","Exc L6 CT",0.00467965532582049,4.84375651400535,0.0450030691902949,0.832122510132159,0.96704282002414,0.96704282002414,"plaq_d"
"8198","DCUN1D5","Exc L6 CT",0.0401589624233829,4.5984468125186,3.23119660007729,0.0767687044418349,0.341242055572818,0.341242055572818,"plaq_d"
"8199","DYNC2H1","Exc L6 CT",0.0233092327986547,7.53683677563482,3.86648977507238,0.0500534454736723,0.274189269801745,0.274189269801745,"plaq_d"
"8200","AP003181.1","Exc L6 CT",0.130756447049875,1.73129479464577,1.88450154553546,0.170706883462299,0.498174801200742,0.498174801200742,"plaq_d"
"8201","GRIA4","Exc L6 CT",-0.0741500152649251,4.99636202018475,0.857552206118738,0.355065977485118,0.698105683129714,0.698105683129714,"plaq_d"
"8202","MSANTD4","Exc L6 CT",0.0174941776200787,4.07084525055495,0.371255063689323,0.542718297897913,0.828340294560607,0.828340294560607,"plaq_d"
"8203","KBTBD3","Exc L6 CT",-0.0485745723272734,4.34443542221476,3.34196903307877,0.0683892252771073,0.320626398453182,0.320626398453182,"plaq_d"
"8204","AASDHPPT","Exc L6 CT",0.101829362689234,5.79894040210651,40.5964901811039,5.92936279731416e-10,1.05298101265465e-06,1.05298101265465e-06,"plaq_d"
"8205","GUCY1A2","Exc L6 CT",0.0407278517693895,8.63262848044412,17.3586494777812,3.90788027044112e-05,0.00334868121269466,0.00334868121269466,"plaq_d"
"8206","AP000766.1","Exc L6 CT",0.0807215033431377,3.78548493531527,6.94719723833503,0.00877063535729883,0.106281200844843,0.106281200844843,"plaq_d"
"8207","CWF19L2","Exc L6 CT",-0.00598502920381745,6.35819425190154,0.141662311856048,0.928968485411867,0.994167628886557,0.994167628886557,"plaq_d"
"8208","ALKBH8","Exc L6 CT",0.0172958118751313,4.97998024168937,0.638014573366631,0.424975145053586,0.751434144505804,0.751434144505804,"plaq_d"
"8209","ELMOD1","Exc L6 CT",0.0319598629394552,7.10814761635491,7.30569461341946,0.00721057037743648,0.0947975992270097,0.0947975992270097,"plaq_d"
"8210","SLC35F2","Exc L6 CT",-0.129401230637692,3.36569197425161,7.46380973734573,0.00661602908851599,0.0910701152739702,0.0910701152739702,"plaq_d"
"8211","RAB39A","Exc L6 CT",-0.00265407110202396,4.01825662707939,0.00456866919229542,0.946149273906975,0.997904202435904,0.997904202435904,"plaq_d"
"8212","CUL5","Exc L6 CT",0.0133946677853502,6.86797341401314,1.41367000936509,0.235258312773882,0.579927854570685,0.579927854570685,"plaq_d"
"8213","ACAT1","Exc L6 CT",0.00642978002590557,5.71420826491892,0.145820474338912,0.702794832571207,0.909945396307926,0.909945396307926,"plaq_d"
"8214","NPAT","Exc L6 CT",0.0114629643118253,5.30801881513889,0.410744627272626,0.710689146959639,0.913083741980474,0.913083741980474,"plaq_d"
"8215","ATM","Exc L6 CT",0.0169455976484021,6.59565298843845,2.02520941559125,0.155602930264778,0.477323657917399,0.477323657917399,"plaq_d"
"8216","C11orf65","Exc L6 CT",-0.11600417731326,2.7188722693262,4.64455357593029,0.0318372994521518,0.215457838933129,0.215457838933129,"plaq_d"
"8217","DDX10","Exc L6 CT",-0.0139638564044154,6.37001662301998,0.89996989147855,0.343447728278326,0.687790734551433,0.687790734551433,"plaq_d"
"8218","AP003049.2","Exc L6 CT",-0.196936245812059,2.18465772243542,6.88755660891566,0.00906207980934795,0.108624230587321,0.108624230587321,"plaq_d"
"8219","C11orf87","Exc L6 CT",0.00488827675500158,4.26872784471439,0.0253851102200102,0.873503582903993,0.980302874204998,0.980302874204998,"plaq_d"
"8220","RDX","Exc L6 CT",-0.00563858311198732,6.02162383901969,0.132292919481122,0.716287147713896,0.915372372702108,0.915372372702108,"plaq_d"
"8221","ZC3H12C","Exc L6 CT",0.0391401183557504,5.18177925132964,3.01301786668365,0.0834830074586434,0.354415032549287,0.354415032549287,"plaq_d"
"8222","FDX1","Exc L6 CT",0.0188003889096789,4.68306024958038,0.650960128156325,0.804165968270149,0.95682191663624,0.95682191663624,"plaq_d"
"8223","ARHGAP20","Exc L6 CT",0.0128209227473079,5.9794240211444,0.56944791912995,0.450988445011492,0.771713972944899,0.771713972944899,"plaq_d"
"8224","SIK2","Exc L6 CT",0.0381485244914352,7.87596700849496,6.71078558018424,0.00998588065385511,0.115467259351725,0.115467259351725,"plaq_d"
"8225","PPP2R1B","Exc L6 CT",0.0477182235851688,4.86083510614519,3.62605033859698,0.0577056545169875,0.296477731058727,0.296477731058727,"plaq_d"
"8226","ALG9","Exc L6 CT",-0.0602801799351767,2.86223567434723,1.62442883973191,0.203325253661426,0.539126093228913,0.539126093228913,"plaq_d"
"8227","C11orf1","Exc L6 CT",0.0288040893707302,2.77690824371276,0.339821277505187,0.560309736264654,0.838135802500619,0.838135802500619,"plaq_d"
"8228","CRYAB","Exc L6 CT",0.0639042832201214,3.26169529655981,0.818530034933251,0.366235848392398,0.706652094016481,0.706652094016481,"plaq_d"
"8229","DIXDC1","Exc L6 CT",0.0371148841538757,6.99870407408056,7.62917155913951,0.00604787089386351,0.0872197468692407,0.0872197468692407,"plaq_d"
"8230","DLAT","Exc L6 CT",0.0416897717162003,4.47195844538501,2.85166049016101,0.0921748921411751,0.373624119136575,0.373624119136575,"plaq_d"
"8231","NKAPD1","Exc L6 CT",-0.0163717660160896,3.54468665558585,0.207056152212661,0.762738433718544,0.939598302372085,0.939598302372085,"plaq_d"
"8232","TIMM8B","Exc L6 CT",-0.0451733700524873,3.29660515985323,1.35209258008926,0.245708917868072,0.59141039652713,0.59141039652713,"plaq_d"
"8233","AP002884.3","Exc L6 CT",-0.0140232233553689,4.21383426478844,0.204445155247038,0.651438064605759,0.885163226792997,0.885163226792997,"plaq_d"
"8234","BCO2","Exc L6 CT",-0.0371545748529588,5.41886575252038,3.20336712081783,0.074355682242219,0.334298688806679,0.334298688806679,"plaq_d"
"8235","PTS","Exc L6 CT",-0.0111590781703222,4.75602622437252,0.199939014238755,0.65504808727811,0.88753621312524,0.88753621312524,"plaq_d"
"8236","AP002884.1","Exc L6 CT",0.0406938690754137,3.69247614195021,0.994832366467562,0.319256790210864,0.663881377029875,0.663881377029875,"plaq_d"
"8237","AP003063.1","Exc L6 CT",-0.046832950322502,2.96641327681098,0.620790387376204,0.431289757781916,0.756725028855985,0.756725028855985,"plaq_d"
"8238","NCAM1","Exc L6 CT",0.0112478501046298,9.18324911162777,1.83701854574049,0.176179320247432,0.505133936323847,0.505133936323847,"plaq_d"
"8239","TTC12","Exc L6 CT",-0.0374899907688503,3.46584847855006,0.387840005970654,0.533844623530629,0.821949433192185,0.821949433192185,"plaq_d"
"8240","DRD2","Exc L6 CT",-0.000391824766630513,2.43521678572546,7.2993354562473e-06,0.997845882558615,0.999906738276838,0.999906738276838,"plaq_d"
"8241","TMPRSS5","Exc L6 CT",-0.0259704322019859,2.78718127915308,0.229302265259087,0.632342234485121,0.877163115017132,0.877163115017132,"plaq_d"
"8242","ZW10","Exc L6 CT",0.0117188312212103,3.82355194261033,0.146771102236973,0.701874083570946,0.909622462442533,0.909622462442533,"plaq_d"
"8243","USP28","Exc L6 CT",0.0183552362491467,6.1814134358918,1.47535759523665,0.225325352760965,0.565809136289352,0.565809136289352,"plaq_d"
"8244","ZBTB16","Exc L6 CT",0.0258894016264078,8.25728274043286,2.91987213760044,0.0883859039830845,0.364164405575498,0.364164405575498,"plaq_d"
"8245","AP002518.2","Exc L6 CT",-0.0332101318206256,2.55597920587056,0.342034518833147,0.559035973256679,0.837242282312585,0.837242282312585,"plaq_d"
"8246","NNMT","Exc L6 CT",-0.0197392330113357,2.80733268329073,0.104831086894725,0.746301791560412,0.93140102871856,0.93140102871856,"plaq_d"
"8247","C11orf71","Exc L6 CT",0.056166883811216,2.76140505644667,1.44124372699446,0.230754271813897,0.574602097020503,0.574602097020503,"plaq_d"
"8248","REXO2","Exc L6 CT",0.037845094081769,3.6085436265366,1.15320788222487,0.283622256639848,0.630096605954822,0.630096605954822,"plaq_d"
"8249","CADM1","Exc L6 CT",0.042857094702079,7.78507526249702,5.95220295996986,0.0151973505406867,0.145176548363455,0.145176548363455,"plaq_d"
"8250","AP000462.1","Exc L6 CT",-0.0888967168515288,2.7903458605642,2.19436743619635,0.139420405121886,0.454402570100673,0.454402570100673,"plaq_d"
"8251","BUD13","Exc L6 CT",-0.0178482235923952,3.39957452631495,0.239582408544351,0.77640619876665,0.945844602213839,0.945844602213839,"plaq_d"
"8252","ZPR1","Exc L6 CT",0.0104040076944401,3.32641522304514,0.0787757464484224,0.85618618022354,0.975107136969453,0.975107136969453,"plaq_d"
"8253","APOA1","Exc L6 CT",-0.106600854532955,1.69219431901333,1.40432405900284,0.236809088047167,0.581907558451719,0.581907558451719,"plaq_d"
"8254","APOA1-AS","Exc L6 CT",-0.138576439906061,1.79334791086772,2.63704730842034,0.105302293306376,0.39808433319174,0.39808433319174,"plaq_d"
"8255","SIK3","Exc L6 CT",-0.00103353007557535,8.31067482302697,0.00651005636172399,0.935738884350871,0.995999776644372,0.995999776644372,"plaq_d"
"8256","PAFAH1B2","Exc L6 CT",0.0121691520917714,5.81943381868571,0.469005035538623,0.4939008623727,0.799151308845645,0.799151308845645,"plaq_d"
"8257","SIDT2","Exc L6 CT",-0.036166983407408,4.34262296291791,1.94361451507104,0.204053781117057,0.539547106295375,0.539547106295375,"plaq_d"
"8258","TAGLN","Exc L6 CT",-0.0318943695561779,3.49774771563564,0.688420596628484,0.407270578550967,0.739271334918098,0.739271334918098,"plaq_d"
"8259","PCSK7","Exc L6 CT",-0.0253253566339478,6.35334424946572,3.03201084942293,0.0825199875623552,0.352719044224366,0.352719044224366,"plaq_d"
"8260","RNF214","Exc L6 CT",-0.0352856073736616,4.88355853742017,2.6009388053238,0.10770636453265,0.402633296237869,0.402633296237869,"plaq_d"
"8261","BACE1","Exc L6 CT",0.00123129164287713,5.788362986603,0.00598994908569255,0.938353961224269,0.996248409160424,0.996248409160424,"plaq_d"
"8262","BACE1-AS","Exc L6 CT",0.0212916578647211,2.52092256535791,0.147743386889234,0.70093589002762,0.909570559014748,0.909570559014748,"plaq_d"
"8263","CEP164","Exc L6 CT",-0.036241386782995,5.79637993047946,4.2363729638861,0.0403103726820139,0.243886952855674,0.243886952855674,"plaq_d"
"8264","AP000892.1","Exc L6 CT",-0.0588624906680668,2.48978309230652,1.01296574776592,0.45143091585851,0.772143816920998,0.772143816920998,"plaq_d"
"8265","DSCAML1","Exc L6 CT",-0.00679891686171948,9.2017266189248,0.353857009757469,0.552324207472553,0.832766997358071,0.832766997358071,"plaq_d"
"8266","AP000757.1","Exc L6 CT",-0.0697611481008375,1.80165945591164,0.762128176242195,0.383264966013403,0.718368873419559,0.718368873419559,"plaq_d"
"8267","SMIM35","Exc L6 CT",-0.0661922791745174,2.06806459522523,0.66819700383252,0.414239892347921,0.744122471954165,0.744122471954165,"plaq_d"
"8268","SCN4B","Exc L6 CT",0.0255609782820755,4.78147081043447,1.10281379245943,0.294377725733317,0.642100263584368,0.642100263584368,"plaq_d"
"8269","SCN2B","Exc L6 CT",0.0162137195474398,5.71223735932533,0.612584702791192,0.434348242951943,0.75783266337852,0.75783266337852,"plaq_d"
"8270","UBE4A","Exc L6 CT",0.0111917737151816,5.90831849932928,0.554377123820026,0.457036907311025,0.775664661561659,0.775664661561659,"plaq_d"
"8271","ATP5MG","Exc L6 CT",-0.00297177147753606,5.79474591112064,0.0353368528062955,0.891715116905945,0.985424949948414,0.985424949948414,"plaq_d"
"8272","KMT2A","Exc L6 CT",0.00748428534193677,8.08103334349444,0.552742223210022,0.457700733078551,0.775664661561659,0.775664661561659,"plaq_d"
"8273","AP001267.3","Exc L6 CT",-0.051020418919934,2.58643963490082,0.908869254170359,0.341075951814024,0.685086239156004,0.685086239156004,"plaq_d"
"8274","TMEM25","Exc L6 CT",0.00855796748921149,5.08381416777135,0.183675510481961,0.883136151714608,0.983592206016137,0.983592206016137,"plaq_d"
"8275","IFT46","Exc L6 CT",0.0290772027368924,4.23377777393298,1.10532743164232,0.293829008153363,0.641551033112477,0.641551033112477,"plaq_d"
"8276","ARCN1","Exc L6 CT",0.0272881502051139,4.47711185433243,1.22207397444837,0.26971725946143,0.61772040074743,0.61772040074743,"plaq_d"
"8277","AP002954.1","Exc L6 CT",-0.0311287374827496,3.4344607283121,0.563642669620791,0.453303317849867,0.773927249023563,0.773927249023563,"plaq_d"
"8278","DDX6","Exc L6 CT",0.0219603578534734,6.41559909292509,2.56240062017086,0.120906344874791,0.424869431025819,0.424869431025819,"plaq_d"
"8279","BCL9L","Exc L6 CT",0.0771093507521526,3.76745129622398,5.46764805173783,0.0199371522185026,0.167747073838436,0.167747073838436,"plaq_d"
"8280","CCDC84","Exc L6 CT",-0.000285999863549392,6.01877274094121,0.000316184376063251,0.985823288645012,0.999571689696322,0.999571689696322,"plaq_d"
"8281","AP003392.1","Exc L6 CT",0.00586187773878546,1.83880983240258,0.0111235238366007,0.916065097834931,0.99087914169174,0.99087914169174,"plaq_d"
"8282","RPS25","Exc L6 CT",-0.0718216409676009,5.2075215239179,3.6753280500101,0.0560414539083091,0.291091386230775,0.291091386230775,"plaq_d"
"8283","TRAPPC4","Exc L6 CT",-0.00215996482672089,3.65473744388014,0.00390367321270969,0.958115569978463,0.998742420766286,0.998742420766286,"plaq_d"
"8284","SLC37A4","Exc L6 CT",-0.102974705184173,2.72816095588297,4.37732666952531,0.0371438244073412,0.233768105759327,0.233768105759327,"plaq_d"
"8285","HYOU1","Exc L6 CT",0.0257336278292064,4.20114573763588,0.78235578422758,0.377031975728909,0.713574577320914,0.713574577320914,"plaq_d"
"8286","VPS11","Exc L6 CT",0.0390066796609982,3.90144726611972,1.78203543852916,0.182771733633259,0.512939640454317,0.512939640454317,"plaq_d"
"8287","HMBS","Exc L6 CT",-0.0274136916242242,2.39612273386381,0.17886300189999,0.672613255207812,0.895548968504857,0.895548968504857,"plaq_d"
"8288","H2AFX","Exc L6 CT",0.0756442440345789,3.12503914820945,3.4739251590901,0.0761760662416455,0.340040511508443,0.340040511508443,"plaq_d"
"8289","DPAGT1","Exc L6 CT",-0.0682298533590706,3.0278505736555,2.47506685301013,0.116572691472287,0.417108541331427,0.417108541331427,"plaq_d"
"8290","C2CD2L","Exc L6 CT",0.00764088851902511,4.47445693362587,0.108477690381051,0.845104989987035,0.970960210363396,0.970960210363396,"plaq_d"
"8291","HINFP","Exc L6 CT",-0.061330055938759,4.53827487529686,6.67536882513522,0.0101823415320226,0.116755070207425,0.116755070207425,"plaq_d"
"8292","ABCG4","Exc L6 CT",0.0701919609805435,2.97248249470085,2.25109514345556,0.134426058060502,0.446824643694063,0.446824643694063,"plaq_d"
"8293","NLRX1","Exc L6 CT",-0.0868260148548209,3.67800035907115,6.05558774281004,0.0143470425247676,0.140702564834605,0.140702564834605,"plaq_d"
"8294","CBL","Exc L6 CT",0.0360776467199465,5.73219513969119,4.31439956240105,0.0385238324895381,0.237917349603505,0.237917349603505,"plaq_d"
"8295","MCAM","Exc L6 CT",0.0527309083186877,2.27646348483337,0.42162796036077,0.516553920188189,0.812168025449776,0.812168025449776,"plaq_d"
"8296","RNF26","Exc L6 CT",0.0475044758022874,2.84552536938812,1.04521868796051,0.43115225208904,0.756725028855985,0.756725028855985,"plaq_d"
"8297","USP2","Exc L6 CT",0.0334532743611462,5.45809264069422,2.07550959248013,0.150578527905214,0.470631456301228,0.470631456301228,"plaq_d"
"8298","USP2-AS1","Exc L6 CT",-0.000953132296995917,4.86888703050312,0.000866100180064262,0.976538842062282,0.999093977007575,0.999093977007575,"plaq_d"
"8299","THY1","Exc L6 CT",0.0562396874789096,7.87839597876086,13.8983670593397,0.000225144037009013,0.0107323627708005,0.0107323627708005,"plaq_d"
"8300","AP003393.1","Exc L6 CT",-0.0736991616518042,3.12214598834451,1.97718360726933,0.160579177713449,0.484429556236968,0.484429556236968,"plaq_d"
"8301","NECTIN1","Exc L6 CT",0.006985823810248,4.70031131537409,0.0824249563448752,0.774208462696637,0.944849257935925,0.944849257935925,"plaq_d"
"8302","TMEM136","Exc L6 CT",0.0440645203539296,3.67218201577497,1.4455824818634,0.230055098639879,0.573484536799947,0.573484536799947,"plaq_d"
"8303","ARHGEF12","Exc L6 CT",0.0264058561349873,8.05379901191277,8.97914374957865,0.00292667312233147,0.0565535386162199,0.0565535386162199,"plaq_d"
"8304","GRIK4","Exc L6 CT",-0.00204881226471147,8.43261679237906,0.0216354720832373,0.883146101074717,0.983592206016137,0.983592206016137,"plaq_d"
"8305","AP004147.1","Exc L6 CT",-0.129928825244484,3.50893231289478,9.02056916650813,0.00286273632512996,0.0556230809857394,0.0556230809857394,"plaq_d"
"8306","AP000646.1","Exc L6 CT",0.0520439784021384,2.40688067162104,0.89620296442609,0.344458380095586,0.688124241782395,0.688124241782395,"plaq_d"
"8307","TECTA","Exc L6 CT",0.00459667278465949,5.29013570489291,0.031939453019715,0.858264546459117,0.975511864529127,0.975511864529127,"plaq_d"
"8308","SC5D","Exc L6 CT",0.0118389356071611,5.09356774944896,0.222046089619244,0.63778039656558,0.878611156838095,0.878611156838095,"plaq_d"
"8309","SORL1","Exc L6 CT",0.0197193194246969,8.34024996561117,3.16177615904732,0.076253698402706,0.340078780538384,0.340078780538384,"plaq_d"
"8310","UBASH3B","Exc L6 CT",-0.172457903669144,1.98938913948732,1.80645027517905,0.179809705987394,0.510351866855852,0.510351866855852,"plaq_d"
"8311","JHY","Exc L6 CT",-0.021976517378012,4.6594582071117,0.735598467854137,0.391664451714095,0.725289612410098,0.725289612410098,"plaq_d"
"8312","HSPA8","Exc L6 CT",0.0121099253113141,4.85149045722,0.146647098571264,0.701993995397092,0.909622462442533,0.909622462442533,"plaq_d"
"8313","CLMP","Exc L6 CT",0.0265128358322786,3.40791600139015,0.129627532680007,0.719036820212873,0.917664676969392,0.917664676969392,"plaq_d"
"8314","GRAMD1B","Exc L6 CT",-0.0012218040880035,6.87434331841681,0.00956544096540128,0.922144941595968,0.992627684679289,0.992627684679289,"plaq_d"
"8315","SCN3B","Exc L6 CT",0.0351545231587879,7.42505971877697,5.72322460595675,0.0172715932609027,0.155110328499036,0.155110328499036,"plaq_d"
"8316","ZNF202","Exc L6 CT",0.0409570292118444,3.55089756095657,1.21474280702262,0.271156075824742,0.618141388372604,0.618141388372604,"plaq_d"
"8317","VWA5A","Exc L6 CT",-0.0371395811328895,4.51056454602016,0.961749243773999,0.327427445060228,0.672253105710165,0.672253105710165,"plaq_d"
"8318","TBRG1","Exc L6 CT",-0.036807645841416,6.24031319445983,6.40667625486795,0.0118087906272448,0.126407013292001,0.126407013292001,"plaq_d"
"8319","SIAE","Exc L6 CT",-0.0360766676686457,3.75028145492931,1.10614394958168,0.293651047973805,0.641487175513034,0.641487175513034,"plaq_d"
"8320","SPA17","Exc L6 CT",-0.0173565097415663,2.66797391128852,0.100072943831403,0.751931671026264,0.934665178264498,0.934665178264498,"plaq_d"
"8321","NRGN","Exc L6 CT",0.0501965044436519,7.96288189125128,5.52050873240462,0.0193527759626757,0.164638701364179,0.164638701364179,"plaq_d"
"8322","MSANTD2","Exc L6 CT",0.00112972081647128,4.966996668023,0.00325525040469639,0.9545342668351,0.998290977505129,0.998290977505129,"plaq_d"
"8323","AP000866.1","Exc L6 CT",0.0490252020302206,2.4865147777883,0.684631358155776,0.408563178694936,0.740365811697097,0.740365811697097,"plaq_d"
"8324","TMEM218","Exc L6 CT",-0.0416864230667973,2.67832876286791,0.630857795048329,0.427581829910821,0.753868894635823,0.753868894635823,"plaq_d"
"8325","PKNOX2","Exc L6 CT",-0.0372913677376337,6.39430803225641,3.31789415937087,0.0693874605531802,0.322642726784103,0.322642726784103,"plaq_d"
"8326","FEZ1","Exc L6 CT",0.0390911573488717,5.45565606283042,4.91177457019861,0.0273201723977654,0.198536699564983,0.198536699564983,"plaq_d"
"8327","EI24","Exc L6 CT",0.0503596989118524,5.14319748904522,5.99148366261897,0.0148682975817721,0.143414190111391,0.143414190111391,"plaq_d"
"8328","STT3A-AS1","Exc L6 CT",-0.10886008987041,2.12327902741684,2.50256830769752,0.114568676164477,0.414613037220665,0.414613037220665,"plaq_d"
"8329","STT3A","Exc L6 CT",0.0232208357805649,3.69523657703339,0.49886629830056,0.589030564836337,0.854987442756975,0.854987442756975,"plaq_d"
"8330","CHEK1","Exc L6 CT",0.0587885493463568,2.50421194877773,1.01931356957736,0.313382951053805,0.657823964870861,0.657823964870861,"plaq_d"
"8331","HYLS1","Exc L6 CT",0.00848576252342212,3.84800746741935,0.0749221592774085,0.816620826741031,0.961176017055942,0.961176017055942,"plaq_d"
"8332","PUS3","Exc L6 CT",-5.15086611370025e-05,2.48691284351781,0.000107652492947393,0.991727581890102,0.999571689696322,0.999571689696322,"plaq_d"
"8333","AP000842.2","Exc L6 CT",0.00623103919370935,2.23062722130068,0.0104246053627737,0.918735313192205,0.99169648040348,0.99169648040348,"plaq_d"
"8334","DDX25","Exc L6 CT",-0.0653719915228429,5.06724788499457,8.67215115710876,0.0034482985781496,0.0623639526771881,0.0623639526771881,"plaq_d"
"8335","CDON","Exc L6 CT",-0.0026987734128361,6.43669202196714,0.0242565082929538,0.876324267642468,0.981163755019913,0.981163755019913,"plaq_d"
"8336","RPUSD4","Exc L6 CT",0.0121726890450839,3.60711327905735,0.134411041348375,0.828612700164398,0.965183949475417,0.965183949475417,"plaq_d"
"8337","FAM118B","Exc L6 CT",-0.00926509432829855,4.46258524083067,0.124867880361569,0.724027542743005,0.919835095953581,0.919835095953581,"plaq_d"
"8338","SRPRA","Exc L6 CT",0.0674051311565914,4.14834415835236,5.90017178804787,0.0156448572721077,0.147978558008714,0.147978558008714,"plaq_d"
"8339","FOXRED1","Exc L6 CT",-0.0401880258017963,5.4919035690817,5.08763714132025,0.0247172474842373,0.18747602464862,0.18747602464862,"plaq_d"
"8340","TIRAP","Exc L6 CT",-0.0176785871056253,2.90790370778809,0.144697323505966,0.703887125933244,0.910090634312678,0.910090634312678,"plaq_d"
"8341","AP001318.2","Exc L6 CT",0.00527654923737146,3.34827215082126,0.0176433094053135,0.894406042483371,0.985997098496085,0.985997098496085,"plaq_d"
"8342","DCPS","Exc L6 CT",0.000992882177789629,3.7202863413695,0.000889633684296661,0.97622233085612,0.999093977007575,0.999093977007575,"plaq_d"
"8343","GSEC","Exc L6 CT",-0.0482708565945311,2.14866951580804,0.54227099406702,0.461988894824012,0.777234092542535,0.777234092542535,"plaq_d"
"8344","ST3GAL4","Exc L6 CT",-0.128760801189584,3.73051203319481,12.6642215743392,0.00042440621302462,0.0160180998397011,0.0160180998397011,"plaq_d"
"8345","KIRREL3","Exc L6 CT",-0.310376376257479,2.53258776923005,4.43086897421986,0.0360105946921025,0.230301431002891,0.230301431002891,"plaq_d"
"8346","ARHGAP32","Exc L6 CT",0.048835850693361,9.02335218708587,20.8733760309004,6.82128352375003e-06,0.00101236286193717,0.00101236286193717,"plaq_d"
"8347","NFRKB","Exc L6 CT",-0.0133617945814607,4.09741939356859,0.207500957560166,0.649017146667078,0.88448566348415,0.88448566348415,"plaq_d"
"8348","PRDM10","Exc L6 CT",0.009252862843387,4.71093748884289,0.145799967228005,0.813551849068129,0.959862617294411,0.959862617294411,"plaq_d"
"8349","APLP2","Exc L6 CT",0.0469474660079222,6.13954070262015,7.51271357576628,0.00644251812383754,0.0899577991375027,0.0899577991375027,"plaq_d"
"8350","ZBTB44","Exc L6 CT",0.0504187563581795,5.87108472694351,9.906498697083,0.00178912715153259,0.0412100391575411,0.0412100391575411,"plaq_d"
"8351","AP002986.1","Exc L6 CT",-0.00769117602003213,2.53407694994017,0.018650462358056,0.891452228146207,0.985285702602134,0.985285702602134,"plaq_d"
"8352","AP003486.1","Exc L6 CT",0.105560651565927,3.54519202671446,10.545057853104,0.00127825659013371,0.0324546417487918,0.0324546417487918,"plaq_d"
"8353","SNX19","Exc L6 CT",-0.0068397582907072,5.11876426580127,0.118206625470492,0.731195266077526,0.924288775313587,0.924288775313587,"plaq_d"
"8354","NTM","Exc L6 CT",-0.178386745572725,4.43597860553709,3.4705909453772,0.0633108296025655,0.309481393194748,0.309481393194748,"plaq_d"
"8355","OPCML","Exc L6 CT",0.00214459179941339,11.8498437163516,0.0474459789186271,0.827696189476956,0.964685218129143,0.964685218129143,"plaq_d"
"8356","IGSF9B","Exc L6 CT",0.0122754638911652,6.02697944239133,0.430558741898181,0.512148276533389,0.809761461322141,0.809761461322141,"plaq_d"
"8357","AP000911.1","Exc L6 CT",0.0485054419861451,2.85040699507408,0.924783399778783,0.336889461344334,0.681160208639471,0.681160208639471,"plaq_d"
"8358","JAM3","Exc L6 CT",0.0304623940758283,7.60794007673669,4.23584608187027,0.0403227291162385,0.243886952855674,0.243886952855674,"plaq_d"
"8359","NCAPD3","Exc L6 CT",0.00471314645642199,4.64975836029317,0.0384564334218573,0.844643852129932,0.970960210363396,0.970960210363396,"plaq_d"
"8360","VPS26B","Exc L6 CT",-0.00441884920400213,5.30599822837442,0.0624787767875895,0.969326047704779,0.998742420766286,0.998742420766286,"plaq_d"
"8361","THYN1","Exc L6 CT",-0.0327868497795804,3.83486110905704,1.18978095194532,0.276127974670453,0.624432661538774,0.624432661538774,"plaq_d"
"8362","ACAD8","Exc L6 CT",0.0249353268585018,4.01217558407382,0.749990245380908,0.38707563968417,0.721618869320553,0.721618869320553,"plaq_d"
"8363","GLB1L3","Exc L6 CT",0.0535329786851401,5.83793863921621,7.33197842835123,0.00710806192029205,0.0942907746224422,0.0942907746224422,"plaq_d"
"8364","GLB1L2","Exc L6 CT",-0.00553392606604591,2.68805906192245,0.0114912661766636,0.920560425933556,0.991792773539161,0.991792773539161,"plaq_d"
"8365","B3GAT1","Exc L6 CT",-0.0137517406146162,6.73896708699187,0.801602268068871,0.371233249201184,0.710346485926012,0.710346485926012,"plaq_d"
"8366","AP001999.1","Exc L6 CT",0.109385026144385,2.1587265301806,1.3008245256156,0.254846539143819,0.602230179730386,0.602230179730386,"plaq_d"
"8367","TUBB8","Exc L6 CT",-0.0252208697876548,2.53603957608305,0.120253479129807,0.728969209870842,0.922725555631903,0.922725555631903,"plaq_d"
"8368","ZMYND11","Exc L6 CT",0.0206078558701323,7.15607224073213,3.86091372817551,0.0502181309796688,0.274777732262757,0.274777732262757,"plaq_d"
"8369","DIP2C","Exc L6 CT",0.0193548943253463,8.41718169332883,5.02951359713569,0.0255476219927888,0.191056398030227,0.191056398030227,"plaq_d"
"8370","LARP4B","Exc L6 CT",-0.0187383853531051,6.65734651424865,2.27089895815634,0.132730104681893,0.444504771168353,0.444504771168353,"plaq_d"
"8371","GTPBP4","Exc L6 CT",0.0327672489643042,4.2162080758541,1.65866842985197,0.198638456713063,0.533852785172102,0.533852785172102,"plaq_d"
"8372","IDI1","Exc L6 CT",0.00631348710316227,4.44269688691194,0.0575371134743601,0.810572997568661,0.959172290506699,0.959172290506699,"plaq_d"
"8373","WDR37","Exc L6 CT",-0.00538448217435089,6.67712756305404,0.16245980408415,0.687149230026705,0.901996928555161,0.901996928555161,"plaq_d"
"8374","AL713851.1","Exc L6 CT",0.12503423115453,3.06473026387323,1.68776990113729,0.194754775367747,0.529097895111168,0.529097895111168,"plaq_d"
"8375","PFKP","Exc L6 CT",0.0167450257114657,5.61859067084824,0.568215835642203,0.451478192906155,0.772143816920998,0.772143816920998,"plaq_d"
"8376","PITRM1","Exc L6 CT",0.0678092057991478,5.09460489547389,10.6213101507942,0.00122811531214636,0.0316278140137013,0.0316278140137013,"plaq_d"
"8377","KLF6","Exc L6 CT",-0.025725194557285,4.43362062652902,0.838781493245373,0.360379333811711,0.701747719403949,0.701747719403949,"plaq_d"
"8378","AKR1E2","Exc L6 CT",-0.0426733379507287,4.26772493594104,1.61308819674459,0.204906302545265,0.540313269563858,0.540313269563858,"plaq_d"
"8379","AKR1C1","Exc L6 CT",0.0159660900537889,2.44375276121367,0.0724546963531408,0.807384786612679,0.958070437365795,0.958070437365795,"plaq_d"
"8380","AKR1C3","Exc L6 CT",0.0237912679364138,2.76594885520989,0.148863703787492,0.69985923912223,0.90906556044425,0.90906556044425,"plaq_d"
"8381","NET1","Exc L6 CT",0.104843613366279,4.0814396897527,14.0364578985815,0.000209796946529767,0.0102729144293963,0.0102729144293963,"plaq_d"
"8382","ASB13","Exc L6 CT",0.0174404897545501,3.75637516138241,0.276290251867116,0.599477665495391,0.859858066890694,0.859858066890694,"plaq_d"
"8383","FAM208B","Exc L6 CT",-0.0013223716508725,6.69573435326248,0.0105838212286839,0.954328125141922,0.998216253735524,0.998216253735524,"plaq_d"
"8384","AL365356.1","Exc L6 CT",-0.135661242594991,2.53673809489846,5.49048989164798,0.0196824175501699,0.166186558974924,0.166186558974924,"plaq_d"
"8385","GDI2","Exc L6 CT",0.0056069186921051,5.38292340154089,0.112908508186977,0.737059220582876,0.927493817386055,0.927493817386055,"plaq_d"
"8386","ANKRD16","Exc L6 CT",-0.0254885368461482,5.75994328534117,2.53094340101688,0.112540907698353,0.41115993187308,0.41115993187308,"plaq_d"
"8387","FBH1","Exc L6 CT",-0.0206976249457357,5.44064665546795,1.22244763889593,0.371071851684236,0.710346485926012,0.710346485926012,"plaq_d"
"8388","IL15RA","Exc L6 CT",-0.0306357723958709,2.33121794873109,0.174483092519915,0.676415351859774,0.896032875442026,0.896032875442026,"plaq_d"
"8389","RBM17","Exc L6 CT",0.00641015195315347,5.5672757960138,0.151719383795301,0.697135761017295,0.907657268301075,0.907657268301075,"plaq_d"
"8390","PFKFB3","Exc L6 CT",0.00926082764065491,5.71220478405773,0.226546065377012,0.63439527295914,0.878243346955486,0.878243346955486,"plaq_d"
"8391","AL157395.1","Exc L6 CT",0.00466348057187762,1.68707804175129,0.0167449070127037,0.897114191326166,0.986400474577166,0.986400474577166,"plaq_d"
"8392","PRKCQ","Exc L6 CT",0.00430825836687945,4.14134969492082,0.0163001953618574,0.898482077945699,0.986539374335313,0.986539374335313,"plaq_d"
"8393","SFMBT2","Exc L6 CT",-0.00241164270535329,6.84216345315956,0.00849395642120513,0.926621803144582,0.993883318323457,0.993883318323457,"plaq_d"
"8394","ITIH2","Exc L6 CT",-0.0840060468390127,1.93327270706298,1.082670558296,0.298822847079569,0.645995581805218,0.645995581805218,"plaq_d"
"8395","KIN","Exc L6 CT",4.10982042156385e-05,4.95068507264851,6.139142366465e-06,0.998024478992838,0.999906738276838,0.999906738276838,"plaq_d"
"8396","ATP5F1C","Exc L6 CT",-0.0026916918472202,5.06973730316135,0.0183551124979426,0.959948611290341,0.998742420766286,0.998742420766286,"plaq_d"
"8397","TAF3","Exc L6 CT",0.0238772143149969,6.14385714932859,2.25430847609633,0.134149230419079,0.446432631755856,0.446432631755856,"plaq_d"
"8398","AL583859.2","Exc L6 CT",-0.016748135199527,3.73210511825758,0.169246371190142,0.681035550052396,0.898312972196655,0.898312972196655,"plaq_d"
"8399","SFTA1P","Exc L6 CT",-0.17648688249604,2.20126001086831,6.48304874959543,0.0113209347326647,0.123842079340001,0.123842079340001,"plaq_d"
"8400","CELF2","Exc L6 CT",0.00400930926987255,11.3619742485519,0.233649291347787,0.629134847234287,0.87651459022402,0.87651459022402,"plaq_d"
"8401","CELF2-AS2","Exc L6 CT",-0.044239318204007,3.79216324447241,1.11252290486939,0.292265501082942,0.639505086759624,0.639505086759624,"plaq_d"
"8402","USP6NL","Exc L6 CT",-0.0486092500237597,4.33770632140277,2.11131114714827,0.147114595706633,0.465505545850699,0.465505545850699,"plaq_d"
"8403","UPF2","Exc L6 CT",-0.00463489330082415,5.94137249189814,0.100376926855389,0.751567641264958,0.934574394372492,0.934574394372492,"plaq_d"
"8404","DHTKD1","Exc L6 CT",-0.0732643216537659,4.94832432275202,11.3154023049132,0.000854249962427972,0.0252500228492314,0.0252500228492314,"plaq_d"
"8405","SEC61A2","Exc L6 CT",0.0164301815219264,5.33925732386135,0.774167196684372,0.379537816687615,0.715581926062779,0.715581926062779,"plaq_d"
"8406","NUDT5","Exc L6 CT",-0.0248334154625107,5.24677035694957,1.77482034280519,0.183657907292262,0.514184992878141,0.514184992878141,"plaq_d"
"8407","CDC123","Exc L6 CT",-0.0176678428391763,5.53636886484453,1.04055215850211,0.308401304432716,0.652689915835421,0.652689915835421,"plaq_d"
"8408","CAMK1D","Exc L6 CT",0.00535099451352376,9.64718844199815,0.195565354099128,0.658598982029222,0.889419100977406,0.889419100977406,"plaq_d"
"8409","CCDC3","Exc L6 CT",0.00479882750426523,7.85249366617781,0.106349648544665,0.744534816086172,0.931299262522942,0.931299262522942,"plaq_d"
"8410","OPTN","Exc L6 CT",0.0269551670379777,6.24446533249396,2.79748065579984,0.0953107728856432,0.380397528822212,0.380397528822212,"plaq_d"
"8411","PHYH","Exc L6 CT",-0.00129781009991504,3.08956094808508,0.000771938076630667,0.977850524584211,0.999093977007575,0.999093977007575,"plaq_d"
"8412","SEPHS1","Exc L6 CT",-0.0516187834216087,3.77777395103159,2.41846558920758,0.120820751226512,0.424849910761325,0.424849910761325,"plaq_d"
"8413","BEND7","Exc L6 CT",0.0698640081816447,1.4025275458151,0.407102381352287,0.523863279695794,0.817156330534256,0.817156330534256,"plaq_d"
"8414","PRPF18","Exc L6 CT",0.0119130458105345,3.93119813674256,0.12247730984182,0.726574613920643,0.920964934082945,0.920964934082945,"plaq_d"
"8415","AL157392.5","Exc L6 CT",0.000616768051427575,4.52995254077872,0.000627263776860168,0.980033229851828,0.999396584092899,0.999396584092899,"plaq_d"
"8416","FRMD4A","Exc L6 CT",0.00110062789056738,10.7258257833311,0.0131567612339958,0.908746708259578,0.989478998057174,0.989478998057174,"plaq_d"
"8417","AC044781.1","Exc L6 CT",-0.0132384654636853,2.72428489636391,0.046960876990352,0.82856548436568,0.965183949475417,0.965183949475417,"plaq_d"
"8418","HSPA14-1","Exc L6 CT",0.0275411329488404,3.95206296252063,0.94348874557413,0.332056491299047,0.676615038746085,0.676615038746085,"plaq_d"
"8419","AC069544.1","Exc L6 CT",0.0671978054938515,2.75723554961475,2.04822768126764,0.184906183838166,0.516474470806022,0.516474470806022,"plaq_d"
"8420","SUV39H2","Exc L6 CT",-0.0184678098445348,3.31742197547078,0.221918116017385,0.637877276499553,0.878624590429365,0.878624590429365,"plaq_d"
"8421","DCLRE1C","Exc L6 CT",-0.0476078493465845,4.27232803488116,2.89300434108067,0.0898576937833393,0.367746359881682,0.367746359881682,"plaq_d"
"8422","RPP38","Exc L6 CT",-0.0642403729066834,4.08656642612457,4.3074064870958,0.0386804922446339,0.237967677928953,0.237967677928953,"plaq_d"
"8423","NMT2","Exc L6 CT",0.00280566477786748,6.50905004969857,0.0416128486696909,0.84706711229049,0.971364821464102,0.971364821464102,"plaq_d"
"8424","FAM171A1","Exc L6 CT",0.0241070807396007,7.42228700340047,2.96792882506898,0.0858184021627071,0.359435742465286,0.359435742465286,"plaq_d"
"8425","ITGA8","Exc L6 CT",0.153851587349289,7.00795960732718,9.85684561414726,0.00183667949279741,0.0415921957025381,0.0415921957025381,"plaq_d"
"8426","MINDY3","Exc L6 CT",-0.0174806087885626,6.03430400590727,1.22486643847829,0.269171727594583,0.616882935614288,0.616882935614288,"plaq_d"
"8427","RSU1","Exc L6 CT",-0.0639688279000164,5.46810294294959,8.47528927734226,0.00383191863152471,0.0670283118097566,0.0670283118097566,"plaq_d"
"8428","CUBN","Exc L6 CT",0.0444523501179961,3.72021842750196,1.30835861992547,0.253477795952007,0.600867174464859,0.600867174464859,"plaq_d"
"8429","TRDMT1","Exc L6 CT",0.0542973559207533,4.18126711034576,2.82985155389802,0.0934234141501886,0.375676946957016,0.375676946957016,"plaq_d"
"8430","HACD1","Exc L6 CT",-0.0292904937851394,2.93747385735624,0.434858572113642,0.510050396077025,0.8080428636431,0.8080428636431,"plaq_d"
"8431","STAM","Exc L6 CT",0.0554386731035313,5.422846509558,8.87505428087921,0.00309384009778758,0.0585268358051906,0.0585268358051906,"plaq_d"
"8432","CACNB2","Exc L6 CT",-0.00780490816531392,9.07013414546505,0.363361476850521,0.547037648873658,0.830385487150582,0.830385487150582,"plaq_d"
"8433","AL450384.2","Exc L6 CT",-0.0262525131871576,4.99921487517322,1.38301311013948,0.316016463701607,0.660765869491407,0.660765869491407,"plaq_d"
"8434","NSUN6","Exc L6 CT",-0.0190954864778104,6.13088783562295,1.41192430632052,0.235547038301606,0.580242156637563,0.580242156637563,"plaq_d"
"8435","ARL5B","Exc L6 CT",0.0792446703644093,4.18146063661621,8.7880990535754,0.00324095011205072,0.0598930909025446,0.0598930909025446,"plaq_d"
"8436","MALRD1","Exc L6 CT",-0.0281115777414398,3.50751127473946,0.186988935498206,0.665702289922804,0.893311909557111,0.893311909557111,"plaq_d"
"8437","PLXDC2","Exc L6 CT",0.03436766972977,8.65641400307084,3.12063021140364,0.078182984664617,0.343700517536901,0.343700517536901,"plaq_d"
"8438","NEBL","Exc L6 CT",0.0146287186317155,8.13946548466139,1.80926589717555,0.179471711020843,0.510040459848962,0.510040459848962,"plaq_d"
"8439","SKIDA1","Exc L6 CT",0.135543065445852,2.57238097018745,6.84065987322003,0.00929823746655502,0.110352371449733,0.110352371449733,"plaq_d"
"8440","MLLT10","Exc L6 CT",0.0249669328799201,7.99855727404291,7.00884761724099,0.00847949206257875,0.104699189180783,0.104699189180783,"plaq_d"
"8441","DNAJC1","Exc L6 CT",0.032033704020238,7.53292758256576,5.43339770209669,0.0203255538031257,0.169868657651455,0.169868657651455,"plaq_d"
"8442","BMI1","Exc L6 CT",0.0757862379673846,3.98702605683714,6.54466191660595,0.0109425329455333,0.121456209933614,0.121456209933614,"plaq_d"
"8443","SPAG6","Exc L6 CT",0.063767876220242,2.17379087509508,0.774352499755046,0.379480850987262,0.715581926062779,0.715581926062779,"plaq_d"
"8444","PIP4K2A","Exc L6 CT",0.0152494478782977,5.59975892899904,0.132041626213013,0.716545041258981,0.91548320006345,0.91548320006345,"plaq_d"
"8445","ARMC3","Exc L6 CT",-0.0120300024598056,4.27196407627902,0.124601400870594,0.724310102208163,0.919835095953581,0.919835095953581,"plaq_d"
"8446","MSRB2","Exc L6 CT",0.0456667291779198,4.42123523148791,3.4124282786988,0.0655553054140598,0.314151205398468,0.314151205398468,"plaq_d"
"8447","C10orf67","Exc L6 CT",-0.0204576960565707,3.05296402120051,0.176023774973395,0.675071585363089,0.895575586043388,0.895575586043388,"plaq_d"
"8448","OTUD1","Exc L6 CT",0.00224708900437411,2.98618036303534,0.0018501991468062,0.965715075772291,0.998742420766286,0.998742420766286,"plaq_d"
"8449","KIAA1217","Exc L6 CT",0.0156595117464226,11.0355991439511,2.30025251113342,0.13026028486975,0.439756243391187,0.439756243391187,"plaq_d"
"8450","ARHGAP21","Exc L6 CT",0.0139334508764006,7.71808739395925,1.25202185542628,0.263937974937445,0.610483786503769,0.610483786503769,"plaq_d"
"8451","PRTFDC1","Exc L6 CT",-0.0240386491494514,5.10716461317927,1.1852547869369,0.301637913073545,0.647846439885273,0.647846439885273,"plaq_d"
"8452","ENKUR","Exc L6 CT",-0.0421560482927105,3.28356714897043,0.965518271176833,0.326482709138551,0.671339105950376,0.671339105950376,"plaq_d"
"8453","THNSL1","Exc L6 CT",-0.0165470956995165,3.22294521330708,0.165921198276136,0.684012807507224,0.900342724410167,0.900342724410167,"plaq_d"
"8454","GPR158-AS1","Exc L6 CT",-0.0342525880583167,2.65599338840929,0.37082504967689,0.542951972647336,0.828340294560607,0.828340294560607,"plaq_d"
"8455","GPR158","Exc L6 CT",0.00147102999087308,8.67567240295505,0.0241963137854621,0.876476579963595,0.981163755019913,0.981163755019913,"plaq_d"
"8456","MYO3A","Exc L6 CT",-0.0534451609897759,2.02552085652418,0.515751382750809,0.473141248698917,0.785253246974545,0.785253246974545,"plaq_d"
"8457","PDSS1","Exc L6 CT",-0.0175851044301546,4.7076267994697,0.478025897362903,0.489778575367289,0.796076817318221,0.796076817318221,"plaq_d"
"8458","ABI1","Exc L6 CT",0.0433993185184636,6.46786555841437,9.36586997786802,0.00238226122274888,0.049203776990951,0.049203776990951,"plaq_d"
"8459","ANKRD26","Exc L6 CT",-0.0137813028422449,7.46093985026901,1.55260549138996,0.213588915841989,0.550945356112037,0.550945356112037,"plaq_d"
"8460","YME1L1","Exc L6 CT",-0.00240153139787864,6.26135819585745,0.0346908004340469,0.85235351935656,0.97413896580335,0.97413896580335,"plaq_d"
"8461","MASTL","Exc L6 CT",-0.104744940182936,3.11726692682059,6.27082197620585,0.019245548427061,0.164120040156849,0.164120040156849,"plaq_d"
"8462","ACBD5","Exc L6 CT",-0.00523053182542472,5.0618115251298,0.0700137119868462,0.834048756736707,0.96728960782902,0.96728960782902,"plaq_d"
"8463","RAB18","Exc L6 CT",0.000998358769220122,6.1009789620854,0.00565967572406722,0.940074269102302,0.996781997348216,0.996781997348216,"plaq_d"
"8464","MKX","Exc L6 CT",-0.373851995058908,1.18484576652108,5.70737849776854,0.0174255791424989,0.155983119338791,0.155983119338791,"plaq_d"
"8465","MPP7","Exc L6 CT",0.099041777464491,4.76554674610451,11.7956694222465,0.000665333860754151,0.021818100818717,0.021818100818717,"plaq_d"
"8466","AL358234.1","Exc L6 CT",-0.0095516373726357,2.69782983453502,0.0165736266105332,0.8976388195082,0.986539374335313,0.986539374335313,"plaq_d"
"8467","WAC-AS1","Exc L6 CT",-0.0158171257186477,5.41240178682841,0.559870728360372,0.454817416862988,0.774858169604683,0.774858169604683,"plaq_d"
"8468","WAC","Exc L6 CT",0.0386238906073126,7.13454331050267,11.1868101613971,0.000913527524359662,0.0262886007538777,0.0262886007538777,"plaq_d"
"8469","BAMBI","Exc L6 CT",-0.0892255265943419,2.43417836774597,1.87543666711198,0.171736284721122,0.499066980448564,0.499066980448564,"plaq_d"
"8470","SVIL","Exc L6 CT",-0.118745824678863,3.20954550947658,6.86882654098212,0.0091556494675971,0.10938151845272,0.10938151845272,"plaq_d"
"8471","JCAD","Exc L6 CT",-0.0378348175646878,5.25503350140037,2.26429583929692,0.133292898378992,0.445110628883099,0.445110628883099,"plaq_d"
"8472","MTPAP","Exc L6 CT",0.0120043791619763,4.56345754203766,0.258338232429277,0.611585967098738,0.867684200488167,0.867684200488167,"plaq_d"
"8473","MAP3K8","Exc L6 CT",0.0270165693163257,4.78646579959537,1.28381997232287,0.257969557794313,0.605334923228512,0.605334923228512,"plaq_d"
"8474","ZNF438","Exc L6 CT",-0.00447745920865383,6.36645248322019,0.0753335097460106,0.78388660237217,0.949066458089318,0.949066458089318,"plaq_d"
"8475","AL356258.1","Exc L6 CT",-0.048610018057081,2.76692062624812,0.532397132982904,0.466091353687015,0.780787481797009,0.780787481797009,"plaq_d"
"8476","ZEB1-AS1","Exc L6 CT",0.0509245895630053,4.46728040121276,2.36130549010609,0.125286229519288,0.432119443254161,0.432119443254161,"plaq_d"
"8477","ZEB1","Exc L6 CT",0.0503789262639385,7.62531776489628,10.1732985603808,0.00155425604574308,0.0372563901923059,0.0372563901923059,"plaq_d"
"8478","ARHGAP12","Exc L6 CT",0.0580573577561805,5.46828567465335,7.85335056679767,0.00535648274972616,0.0808301107600186,0.0808301107600186,"plaq_d"
"8479","KIF5B","Exc L6 CT",-0.0138052979688331,5.64622496620501,0.615137820837899,0.433393094253524,0.757698516826922,0.757698516826922,"plaq_d"
"8480","EPC1","Exc L6 CT",0.0063641991782838,7.22551916815815,0.394954963602194,0.70377797839783,0.910090634312678,0.910090634312678,"plaq_d"
"8481","AL391839.1","Exc L6 CT",-0.0550256630555186,2.48423849576477,0.867283484232359,0.352353693664672,0.695707092037216,0.695707092037216,"plaq_d"
"8482","CCDC7","Exc L6 CT",0.00334341763001781,6.60109481654449,0.0283251647603921,0.866444346691742,0.977776797232387,0.977776797232387,"plaq_d"
"8483","ITGB1","Exc L6 CT",0.00175973626422087,5.20595341983475,0.00624399483760474,0.93706294005268,0.996101534451179,0.996101534451179,"plaq_d"
"8484","ITGB1-DT","Exc L6 CT",0.0904304471610812,3.07902664402474,3.0221698348965,0.0830174532778413,0.353560823418939,0.353560823418939,"plaq_d"
"8485","NRP1","Exc L6 CT",-0.0435842315316756,7.68795005804784,4.44862397998547,0.0356428835027515,0.229200516311998,0.229200516311998,"plaq_d"
"8486","PARD3","Exc L6 CT",-0.159277784419267,1.82745657816822,1.06002161059826,0.303924892650181,0.649548387852813,0.649548387852813,"plaq_d"
"8487","CUL2","Exc L6 CT",-0.00960545368400516,5.43812312925928,0.25402713169754,0.61457236388151,0.869350864737959,0.869350864737959,"plaq_d"
"8488","AL392046.1","Exc L6 CT",-0.0339987323141759,2.31412589273894,0.292242415944343,0.589132736766488,0.854987442756975,0.854987442756975,"plaq_d"
"8489","CREM","Exc L6 CT",-0.0232241794546982,5.595624113721,1.31817682701082,0.251707678124652,0.599038474835923,0.599038474835923,"plaq_d"
"8490","CCNY","Exc L6 CT",0.00100607975512712,7.67283658526839,0.00802179081972132,0.928684829634391,0.994167628886557,0.994167628886557,"plaq_d"
"8491","AL117336.3","Exc L6 CT",0.015695956802921,5.63088837588381,0.645277603989643,0.422354140154666,0.749839406910918,0.749839406910918,"plaq_d"
"8492","ZNF248","Exc L6 CT",0.00959593131135446,7.40180009372939,0.460999133329108,0.497608440333895,0.801652988702635,0.801652988702635,"plaq_d"
"8493","ZNF25","Exc L6 CT",0.0253229538216221,5.84473257243142,2.4939222268439,0.11519456635029,0.415563707322269,0.415563707322269,"plaq_d"
"8494","ZNF33A","Exc L6 CT",0.00704604165788366,6.37778560618826,0.230263113672189,0.631630084814562,0.876867380229468,0.876867380229468,"plaq_d"
"8495","AL117339.5","Exc L6 CT",-0.00469860879990962,5.02162466919484,0.0282335334440083,0.866658512160271,0.977776797232387,0.977776797232387,"plaq_d"
"8496","LINC00839","Exc L6 CT",0.0113461088089025,3.91817346857523,0.0715473856255435,0.789255335933754,0.951347690306994,0.951347690306994,"plaq_d"
"8497","ZNF33B","Exc L6 CT",-0.0137646813975446,5.58861345245853,0.416912001925717,0.518907201088183,0.813391557803297,0.813391557803297,"plaq_d"
"8498","BMS1","Exc L6 CT",-0.00438536727436491,5.30597413171047,0.0565985293882721,0.812095131662207,0.959327443190962,0.959327443190962,"plaq_d"
"8499","CSGALNACT2","Exc L6 CT",-0.00851069530711396,5.87087122350765,0.263315510204112,0.647938977776917,0.883726151025722,0.883726151025722,"plaq_d"
"8500","RASGEF1A","Exc L6 CT",0.0121569842362332,5.27452035133861,0.392241275835269,0.531533987023421,0.820493389455336,0.820493389455336,"plaq_d"
"8501","HNRNPF","Exc L6 CT",-0.00930865439691257,4.31760525832921,0.117098428099233,0.852999302473447,0.97443088068622,0.97443088068622,"plaq_d"
"8502","ZNF487","Exc L6 CT",-0.00727402284076076,4.64362464132092,0.0970997916373319,0.783922565514037,0.949066458089318,0.949066458089318,"plaq_d"
"8503","ZNF239","Exc L6 CT",-0.105743779368317,2.74455713658017,3.91666049831836,0.0485972008438874,0.268975510706883,0.268975510706883,"plaq_d"
"8504","ZNF485","Exc L6 CT",-0.0193343805761752,2.25960590451606,0.0978394133816614,0.760583814423241,0.938490151061711,0.938490151061711,"plaq_d"
"8505","ZNF32-AS3","Exc L6 CT",-0.0208942307486561,2.26710762829703,0.0994665208758473,0.752659704228321,0.934948988104575,0.934948988104575,"plaq_d"
"8506","ZNF32","Exc L6 CT",0.0361417003448321,3.90219828734362,1.35953292676727,0.244416480776698,0.590174380620824,0.590174380620824,"plaq_d"
"8507","TMEM72-AS1","Exc L6 CT",0.034147240388547,5.81680258621155,2.38592650028239,0.123340623836454,0.428542864269551,0.428542864269551,"plaq_d"
"8508","RASSF4","Exc L6 CT",0.00940347819671646,4.55176230095649,0.117992224837839,0.73142968151806,0.924303168463308,0.924303168463308,"plaq_d"
"8509","DEPP1","Exc L6 CT",0.126128911375671,2.23773104824901,3.74695826659866,0.0537129406294762,0.285332654354959,0.285332654354959,"plaq_d"
"8510","ZNF22","Exc L6 CT",0.0327764053656513,3.80658304710568,1.04265316946484,0.30791413109045,0.652689915835421,0.652689915835421,"plaq_d"
"8511","AL358394.1","Exc L6 CT",0.104216503395336,2.2511536024632,0.93210607243277,0.334986314439874,0.679931035030598,0.679931035030598,"plaq_d"
"8512","MARCH8","Exc L6 CT",0.00981347031360703,4.86019386188376,0.197504403459021,0.657018893899644,0.888784438693787,0.888784438693787,"plaq_d"
"8513","ZFAND4","Exc L6 CT",0.00850611129746857,2.39621904445993,0.016096768727484,0.89911411653138,0.98678615920958,0.98678615920958,"plaq_d"
"8514","WASHC2C","Exc L6 CT",0.0160748762483735,4.86767213946808,0.569296073392684,0.624629834798931,0.873789826233156,0.873789826233156,"plaq_d"
"8515","AGAP4","Exc L6 CT",-0.0248838043110191,5.68507135763303,2.03249044562291,0.154863964098437,0.476473953229557,0.476473953229557,"plaq_d"
"8516","TIMM23","Exc L6 CT",-0.0159285375778306,4.56025308302979,0.474446886646192,0.564724805306149,0.840460901187566,0.840460901187566,"plaq_d"
"8517","NCOA4","Exc L6 CT",0.0567413897921354,4.70536963041002,6.32554253418207,0.0123508799563229,0.129907643445101,0.129907643445101,"plaq_d"
"8518","AL356056.2","Exc L6 CT",-0.00723337342043824,5.53344360910517,0.084440830123208,0.771540165255265,0.94359801367894,0.94359801367894,"plaq_d"
"8519","AL356056.1","Exc L6 CT",0.0741671199370323,2.91235247501441,2.1301697469324,0.145326324528196,0.461734223771334,0.461734223771334,"plaq_d"
"8520","PTPN20","Exc L6 CT",-0.0305082421051507,5.35498730182199,0.461940742422491,0.497169940849031,0.801652988702635,0.801652988702635,"plaq_d"
"8521","AGAP9","Exc L6 CT",-0.0148034052311491,4.97685119843716,0.262608648725349,0.608658521835746,0.865236306936645,0.865236306936645,"plaq_d"
"8522","MAPK8","Exc L6 CT",0.00683753881722705,7.49723483977225,0.360241492048847,0.548762564807472,0.831236477634883,0.831236477634883,"plaq_d"
"8523","ARHGAP22","Exc L6 CT",-0.010267970636583,6.56346372960764,0.247515721342695,0.619143815324496,0.87102638321245,0.87102638321245,"plaq_d"
"8524","VSTM4","Exc L6 CT",0.0387554675884798,4.17844972093157,1.6022054076379,0.206437220976416,0.542144545043491,0.542144545043491,"plaq_d"
"8525","AL138760.1","Exc L6 CT",-0.159558907946061,1.87557898735748,4.33155249940747,0.0381423933331657,0.236841188764142,0.236841188764142,"plaq_d"
"8526","ERCC6","Exc L6 CT",0.0310872536958696,5.37661165412733,2.82274888201464,0.0938340056562515,0.376497285983202,0.376497285983202,"plaq_d"
"8527","OGDHL","Exc L6 CT",0.0769986336887021,4.91670759147755,12.4709078621742,0.000468952142801506,0.0169198873377706,0.0169198873377706,"plaq_d"
"8528","PARG","Exc L6 CT",-0.00680550673874466,6.70361595774524,0.292613732725496,0.588896320295403,0.854987442756975,0.854987442756975,"plaq_d"
"8529","TIMM23B","Exc L6 CT",-0.0389798610496649,6.16092153716226,3.74846619214727,0.0536650430720703,0.285288759256102,0.285288759256102,"plaq_d"
"8530","LINC00843","Exc L6 CT",-0.0260563751645144,4.98476730181007,1.44885346102308,0.229529686064493,0.572670599754669,0.572670599754669,"plaq_d"
"8531","AGAP6","Exc L6 CT",-0.0402984237774004,5.31427947074185,4.24921540281865,0.0400104233510354,0.242837879117393,0.242837879117393,"plaq_d"
"8532","WASHC2A","Exc L6 CT",0.044484410780641,4.88444421732556,3.74484356331252,0.0537801884404577,0.285373974489064,0.285373974489064,"plaq_d"
"8533","SGMS1","Exc L6 CT",0.0182311544054833,7.94599391672183,2.83479730681311,0.106521663632522,0.400268682883364,0.400268682883364,"plaq_d"
"8534","SGMS1-AS1","Exc L6 CT",-0.158789226409908,2.30129496981022,5.12509205065244,0.0241971100263043,0.185335048268107,0.185335048268107,"plaq_d"
"8535","ASAH2B","Exc L6 CT",0.00471267102998254,3.81880300812813,0.0178268394414258,0.893861504374542,0.985753808562579,0.985753808562579,"plaq_d"
"8536","PRKG1","Exc L6 CT",0.0185137196551496,9.50469575845525,0.794183600318895,0.373453463256533,0.710955389314004,0.710955389314004,"plaq_d"
"8537","CSTF2T","Exc L6 CT",0.123720664661025,2.87969238934635,7.48288908693924,0.00654777199864734,0.0907235088474755,0.0907235088474755,"plaq_d"
"8538","PCDH15","Exc L6 CT",0.0245626628009894,8.97057426950945,0.618655463746828,0.432082340164767,0.75709072164216,0.75709072164216,"plaq_d"
"8539","AL353784.1","Exc L6 CT",-0.0801494820518065,2.18924641212743,1.17636137850802,0.278848380687882,0.626283530549105,0.626283530549105,"plaq_d"
"8540","IPMK","Exc L6 CT",0.0240304851443175,4.8629761942067,1.09397546388186,0.296317580419278,0.644103008471502,0.644103008471502,"plaq_d"
"8541","CISD1","Exc L6 CT",-9.97440412121407e-05,5.88303573407611,2.56494993253433e-05,0.995962004509045,0.999851395879513,0.999851395879513,"plaq_d"
"8542","UBE2D1","Exc L6 CT",0.000950803562913689,4.35158577414865,0.00121520388739339,0.97221153127325,0.999088296211026,0.999088296211026,"plaq_d"
"8543","TFAM","Exc L6 CT",0.0547024082180527,4.05878429175618,4.1109465950694,0.0433677392322042,0.253480298005201,0.253480298005201,"plaq_d"
"8544","BICC1","Exc L6 CT",-0.00985984137917552,6.63962856594541,0.227611652140341,0.633599729295088,0.877838984164729,0.877838984164729,"plaq_d"
"8545","PHYHIPL","Exc L6 CT",0.0487524338942633,7.04972205739612,10.6687742134846,0.00119791922516541,0.0311848918001469,0.0311848918001469,"plaq_d"
"8546","FAM13C","Exc L6 CT",0.0468602477420907,5.78660767389266,6.12360306738966,0.0138146081300223,0.137534646362241,0.137534646362241,"plaq_d"
"8547","SLC16A9","Exc L6 CT",0.00193030206227254,2.36803574244944,0.00156203636435679,0.968496381558979,0.998742420766286,0.998742420766286,"plaq_d"
"8548","CCDC6","Exc L6 CT",0.0394437757182909,7.03437586486369,5.86543683479336,0.0159511796666282,0.149060281353575,0.149060281353575,"plaq_d"
"8549","ANK3","Exc L6 CT",0.0191441826275073,10.2706144551004,5.06130640152615,0.0250898737239616,0.189313775871697,0.189313775871697,"plaq_d"
"8550","RHOBTB1","Exc L6 CT",0.0037465597798491,4.73974035686942,0.0205935146440208,0.885974843760006,0.984501043664535,0.984501043664535,"plaq_d"
"8551","CABCOCO1","Exc L6 CT",-0.0524844464181219,3.94285464552265,1.16259698630021,0.281673985874573,0.627848623274301,0.627848623274301,"plaq_d"
"8552","ARID5B","Exc L6 CT",0.0401667607203428,7.43719249480974,7.5785504761457,0.00621627379638913,0.0881574032580504,0.0881574032580504,"plaq_d"
"8553","RTKN2","Exc L6 CT",0.0120622378562563,4.0466131765092,0.115154525541438,0.734554980752904,0.925895587332003,0.925895587332003,"plaq_d"
"8554","ZNF365","Exc L6 CT",0.0542589152897454,8.02101185575111,4.6647748533745,0.031469568119638,0.213981639806737,0.213981639806737,"plaq_d"
"8555","ADO","Exc L6 CT",-0.0165422751741007,3.04206873025155,0.151069336507924,0.890583089138159,0.984904368079323,0.984904368079323,"plaq_d"
"8556","EGR2","Exc L6 CT",0.00437724521751819,1.24903982664509,0.000364987036954156,0.984768577267973,0.999571689696322,0.999571689696322,"plaq_d"
"8557","NRBF2","Exc L6 CT",-0.00463113175969158,3.69096137680842,0.0187371998304047,0.896874254074656,0.986400474577166,0.986400474577166,"plaq_d"
"8558","JMJD1C","Exc L6 CT",0.0174078652762064,9.42444139149113,5.16767239514678,0.0236196287284636,0.182223030640387,0.182223030640387,"plaq_d"
"8559","REEP3","Exc L6 CT",-0.0456031192639183,5.28958389293531,3.25967717681054,0.0718666992548473,0.328025682458079,0.328025682458079,"plaq_d"
"8560","AC022387.1","Exc L6 CT",-0.0567937363285153,3.06639237592738,0.710755542221397,0.399771853056289,0.732669076587949,0.732669076587949,"plaq_d"
"8561","LINC01515","Exc L6 CT",-0.394594493872425,2.66808871270405,3.50935327904682,0.0618607937720976,0.306556966314326,0.306556966314326,"plaq_d"
"8562","CTNNA3","Exc L6 CT",0.0893737344911516,5.25693209886814,1.14068574312208,0.286247366958059,0.632706447831755,0.632706447831755,"plaq_d"
"8563","LRRTM3","Exc L6 CT",0.0368896868405123,9.36840992180445,7.38579002301298,0.00690283521297822,0.0926270697662296,0.0926270697662296,"plaq_d"
"8564","DNAJC12","Exc L6 CT",0.0349850026391749,4.48837838106224,1.95121606076024,0.16334549053415,0.488577120658554,0.488577120658554,"plaq_d"
"8565","SIRT1","Exc L6 CT",0.0775877099284674,4.71373663616885,12.6089982426956,0.000436674791024109,0.0162463420893936,0.0162463420893936,"plaq_d"
"8566","HERC4","Exc L6 CT",-0.00172856161820067,7.58772200555161,0.0253870748954982,0.873498729315,0.980302874204998,0.980302874204998,"plaq_d"
"8567","PBLD","Exc L6 CT",-0.0247470565002525,2.37470881097246,0.159033971960653,0.690291923388216,0.903598115578823,0.903598115578823,"plaq_d"
"8568","HNRNPH3","Exc L6 CT",0.0237770101033402,5.65550161124954,2.07009438310091,0.151110485861147,0.471679651877076,0.471679651877076,"plaq_d"
"8569","RUFY2","Exc L6 CT",-0.0227928619728174,7.16897085894354,4.21211760714134,0.0408833711683802,0.245846704820385,0.245846704820385,"plaq_d"
"8570","DNA2","Exc L6 CT",0.0604324352318206,4.61661059438883,5.60869403059607,0.0184171531917573,0.160395243405045,0.160395243405045,"plaq_d"
"8571","SLC25A16","Exc L6 CT",-0.0248433168607883,5.86158267343369,2.19978456388475,0.138934569736738,0.453640749814036,0.453640749814036,"plaq_d"
"8572","TET1","Exc L6 CT",0.0329855838889596,4.76235745419498,1.47347771439763,0.22562048118746,0.566451420853622,0.566451420853622,"plaq_d"
"8573","CCAR1","Exc L6 CT",-0.00630549183492805,6.39913077917427,0.244802053429518,0.621071170911356,0.871691583936812,0.871691583936812,"plaq_d"
"8574","STOX1","Exc L6 CT",0.00636671710355259,4.67952939471283,0.0480321177194132,0.826652026010583,0.964343523845696,0.964343523845696,"plaq_d"
"8575","DDX50","Exc L6 CT",0.00136185276989742,5.54417189141122,0.00577327088310294,0.962662944702359,0.998742420766286,0.998742420766286,"plaq_d"
"8576","DDX21","Exc L6 CT",-0.0189918998955638,4.63890808270886,0.603579698876638,0.437742920023518,0.760345931064016,0.760345931064016,"plaq_d"
"8577","KIF1BP","Exc L6 CT",-0.00605063953960295,5.13047227531164,0.0997381437007115,0.752333309992739,0.934880477397969,0.934880477397969,"plaq_d"
"8578","VPS26A","Exc L6 CT",-0.00151848627998041,5.35746551080575,0.00808404620191129,0.945244868063894,0.997609533382524,0.997609533382524,"plaq_d"
"8579","SUPV3L1","Exc L6 CT",-0.00297690223256424,5.45867396682104,0.0251919914888623,0.87398161226562,0.980302874204998,0.980302874204998,"plaq_d"
"8580","HK1","Exc L6 CT",0.0185849086575406,6.78730878192724,2.63741428979336,0.105278165372454,0.39808433319174,0.39808433319174,"plaq_d"
"8581","FAM241B","Exc L6 CT",0.0078107190877736,3.45369716491174,0.0468256182498421,0.894426294405183,0.985997098496085,0.985997098496085,"plaq_d"
"8582","AC024601.1","Exc L6 CT",-0.0038956889026469,2.36857521962658,0.00363414998213631,0.951964100252832,0.998071449610185,0.998071449610185,"plaq_d"
"8583","H2AFY2","Exc L6 CT",-0.042418166607705,4.58383144344223,2.7704356419913,0.0969195906599042,0.383181234731172,0.383181234731172,"plaq_d"
"8584","AIFM2","Exc L6 CT",0.0217771041907918,3.60432435080907,0.334991171819602,0.563108976561245,0.839705492705166,0.839705492705166,"plaq_d"
"8585","TYSND1","Exc L6 CT",-0.0708192242778622,3.91869221648018,4.71655757826793,0.0305480299121001,0.210535236651185,0.210535236651185,"plaq_d"
"8586","SAR1A","Exc L6 CT",0.0301788464158849,4.98734913346301,2.24285079982605,0.135139244363091,0.448086222867962,0.448086222867962,"plaq_d"
"8587","PPA1","Exc L6 CT",0.0210905152883031,5.69397529746026,1.42026624156175,0.234171219794434,0.578933347099549,0.578933347099549,"plaq_d"
"8588","LRRC20","Exc L6 CT",-0.0264272428906537,4.54132958065738,1.17853702896987,0.278405042838816,0.626283530549105,0.626283530549105,"plaq_d"
"8589","EIF4EBP2","Exc L6 CT",0.0123436884845343,4.19151213172071,0.219423502325923,0.830026692249783,0.965971241845422,0.965971241845422,"plaq_d"
"8590","PALD1","Exc L6 CT",0.0195827393839281,3.2037311524726,0.161093450358295,0.688398000243638,0.902648475408272,0.902648475408272,"plaq_d"
"8591","SGPL1","Exc L6 CT",-0.00083491407928881,4.84783576102426,0.00135955235708661,0.970608108698624,0.998742420766286,0.998742420766286,"plaq_d"
"8592","PCBD1","Exc L6 CT",0.0608429794555021,3.41098476557927,2.68059237915831,0.102481330538292,0.392999796065331,0.392999796065331,"plaq_d"
"8593","AC073176.3","Exc L6 CT",0.167273827836993,1.68832124380637,2.557249410479,0.110696412350142,0.408440929977692,0.408440929977692,"plaq_d"
"8594","UNC5B","Exc L6 CT",0.117139541225027,2.65276936108714,1.85844556740219,0.1736851370112,0.50155160437241,0.50155160437241,"plaq_d"
"8595","SLC29A3","Exc L6 CT",-0.0402500139358183,3.28523598642909,0.783645382862156,0.376639467697581,0.713336243561267,0.713336243561267,"plaq_d"
"8596","PSAP","Exc L6 CT",0.0195109541090073,7.72312768611613,2.40204062447386,0.122085486423564,0.426484509234076,0.426484509234076,"plaq_d"
"8597","SPOCK2","Exc L6 CT",0.0413724432467009,6.92916276076603,9.05107450118935,0.00281656685058303,0.0550166843704116,0.0550166843704116,"plaq_d"
"8598","ASCC1","Exc L6 CT",-0.00135621200274882,5.84960864764523,0.00612293749889355,0.937674771836557,0.996196178085887,0.996196178085887,"plaq_d"
"8599","ANAPC16","Exc L6 CT",-0.0113945895278592,6.79455592218908,0.601334813794944,0.438595519884348,0.760854512952428,0.760854512952428,"plaq_d"
"8600","DDIT4","Exc L6 CT",0.0403241808532245,3.56594499245932,0.797441295142256,0.372476233567707,0.710955389314004,0.710955389314004,"plaq_d"
"8601","DNAJB12","Exc L6 CT",0.0338350983548721,4.53338020334854,2.23861091725609,0.169858300747026,0.497128724733617,0.497128724733617,"plaq_d"
"8602","MICU1","Exc L6 CT",-0.0122196262724163,7.88783139976115,1.0979933777205,0.295433690012438,0.64323402925273,0.64323402925273,"plaq_d"
"8603","MCU","Exc L6 CT",0.0247118186149538,6.15661773671238,1.42048226301204,0.234135721559052,0.578933347099549,0.578933347099549,"plaq_d"
"8604","P4HA1","Exc L6 CT",0.0270375747398095,5.91495267126997,1.59661825117901,0.207228448918222,0.54265064510395,0.54265064510395,"plaq_d"
"8605","NUDT13","Exc L6 CT",-0.0594015113063562,2.08238012651169,0.64269067121806,0.423284893679071,0.750264252157266,0.750264252157266,"plaq_d"
"8606","ECD","Exc L6 CT",0.0284001188635682,4.90163378479255,1.72244528652951,0.190243030537113,0.523607280246539,0.523607280246539,"plaq_d"
"8607","FAM149B1","Exc L6 CT",0.0102394870775261,4.8657634605154,0.205902075916549,0.650281136137419,0.884824880513637,0.884824880513637,"plaq_d"
"8608","DNAJC9","Exc L6 CT",0.0259610705485372,5.91043030207192,2.40267133393549,0.122036650179082,0.426417382518949,0.426417382518949,"plaq_d"
"8609","DNAJC9-AS1","Exc L6 CT",-0.0303059587672191,1.79921289922153,0.117656654437723,0.835654483522481,0.968148824708539,0.968148824708539,"plaq_d"
"8610","MRPS16","Exc L6 CT",-0.0230489341602577,5.07797152399094,1.18347562400073,0.277401993057797,0.62574100471013,0.62574100471013,"plaq_d"
"8611","CFAP70","Exc L6 CT",0.0173716448450398,5.21766451817457,0.457155633536371,0.499405140620786,0.80301162990137,0.80301162990137,"plaq_d"
"8612","ANXA7","Exc L6 CT",0.0103269246352005,6.29640676192712,0.562542870990737,0.529406618196325,0.818970306850881,0.818970306850881,"plaq_d"
"8613","MSS51","Exc L6 CT",0.0258495883474711,4.258473991466,0.90760416398042,0.392386478779483,0.725852614379114,0.725852614379114,"plaq_d"
"8614","PPP3CB","Exc L6 CT",0.0312448552916463,7.58976139475963,7.87663654254524,0.00528947308833212,0.0800707198523966,0.0800707198523966,"plaq_d"
"8615","USP54","Exc L6 CT",0.0113141538344164,5.85702772531091,0.456656459470373,0.795863733214364,0.953341180175901,0.953341180175901,"plaq_d"
"8616","AC073389.2","Exc L6 CT",-0.0380258034351132,3.10516905052818,0.77210435983619,0.380172790186856,0.7163570009856,0.7163570009856,"plaq_d"
"8617","AGAP5","Exc L6 CT",0.00759718624166823,3.9327059053486,0.0565028985318376,0.812250966011074,0.95934842446525,0.95934842446525,"plaq_d"
"8618","AC022400.6","Exc L6 CT",-0.0865290819177003,2.81575135413767,3.38228348850798,0.0667520140016774,0.316752905886625,0.316752905886625,"plaq_d"
"8619","SEC24C","Exc L6 CT",0.0154484739695711,4.86078002559734,0.486099264827116,0.542536974803257,0.828340294560607,0.828340294560607,"plaq_d"
"8620","FUT11","Exc L6 CT",0.103391520341723,3.82000060817666,9.07865108543435,0.00277548425972555,0.0545370707974203,0.0545370707974203,"plaq_d"
"8621","CHCHD1","Exc L6 CT",-0.012437412465174,3.34042434781504,0.112366889789217,0.84482149592979,0.970960210363396,0.970960210363396,"plaq_d"
"8622","ZSWIM8","Exc L6 CT",0.00791269123353207,5.59355266106894,0.219063063945506,0.657242235297367,0.888835999938083,0.888835999938083,"plaq_d"
"8623","CAMK2G","Exc L6 CT",0.0125844485254077,8.1452158697373,1.09320398341939,0.296487685466316,0.644297267593436,0.644297267593436,"plaq_d"
"8624","VCL","Exc L6 CT",0.00951605733253724,5.8626510922149,0.292603660789653,0.588902730511839,0.854987442756975,0.854987442756975,"plaq_d"
"8625","AP3M1","Exc L6 CT",-0.0356547530439938,4.56045147059493,2.17650772766113,0.141035766742843,0.456977469734407,0.456977469734407,"plaq_d"
"8626","ADK","Exc L6 CT",0.00695702233924068,8.33798555095259,0.419251891914253,0.517737238174133,0.812885296188769,0.812885296188769,"plaq_d"
"8627","KAT6B","Exc L6 CT",0.0148146123903227,7.80633536453942,2.19651073320828,0.141679924231779,0.457758393099465,0.457758393099465,"plaq_d"
"8628","SAMD8","Exc L6 CT",0.0216654524331815,5.8381803989126,1.69961095792441,0.193200129626053,0.527256064457913,0.527256064457913,"plaq_d"
"8629","VDAC2","Exc L6 CT",0.0301510735853078,4.57558821557538,1.68145338988573,0.195590092633692,0.5301666303059,0.5301666303059,"plaq_d"
"8630","COMTD1","Exc L6 CT",0.0018452428628472,2.29954419274748,0.000938130125873136,0.975583034366902,0.999093977007575,0.999093977007575,"plaq_d"
"8631","AC010997.3","Exc L6 CT",-0.0147686353196421,1.75277905236787,0.0110125368291723,0.91648333857999,0.990889533773754,0.990889533773754,"plaq_d"
"8632","LRMDA","Exc L6 CT",-0.283241627046895,2.57116393878889,5.12005057836839,0.0242664511947222,0.185646968527385,0.185646968527385,"plaq_d"
"8633","KCNMA1","Exc L6 CT",0.0144115298371184,10.3289394501231,3.01989903606822,0.0831327039380021,0.353560823418939,0.353560823418939,"plaq_d"
"8634","KCNMA1-AS1","Exc L6 CT",-0.0960067940714852,3.00715579661256,3.74379240978374,0.0538136485737064,0.285446309825747,0.285446309825747,"plaq_d"
"8635","DLG5","Exc L6 CT",-0.0730240866034925,5.04290139024046,8.45989003026535,0.00386370853695317,0.0672766752693761,0.0672766752693761,"plaq_d"
"8636","POLR3A","Exc L6 CT",-0.0238314099858723,5.72597992527005,2.23458840050902,0.135858259459104,0.448478675343561,0.448478675343561,"plaq_d"
"8637","RPS24","Exc L6 CT",-0.00416368655319917,5.56730006303107,0.0136752412741835,0.906974080098048,0.989420650042586,0.989420650042586,"plaq_d"
"8638","AC012560.1","Exc L6 CT",0.0338000572419622,2.25869016699784,0.236033076992035,0.627391613460962,0.875328074739829,0.875328074739829,"plaq_d"
"8639","ZMIZ1-AS1","Exc L6 CT",-0.0745246072631586,4.73501019141383,5.94648363725713,0.0152458859518546,0.145447166443273,0.145447166443273,"plaq_d"
"8640","ZMIZ1","Exc L6 CT",0.0204406293922092,5.6054548791086,1.05053677692982,0.306095019020632,0.651662805948094,0.651662805948094,"plaq_d"
"8641","PPIF","Exc L6 CT",0.149823297115311,2.61281187903548,9.00042413724667,0.00289364848879124,0.0560387185204644,0.0560387185204644,"plaq_d"
"8642","NUTM2B-AS1","Exc L6 CT",-0.00427733499857715,7.20534737437865,0.0339289577309631,0.853965238973919,0.974774991357929,0.974774991357929,"plaq_d"
"8643","AL135925.1","Exc L6 CT",0.00812113039078689,3.15781079833658,0.0350819919262209,0.851533045999126,0.973853977247922,0.973853977247922,"plaq_d"
"8644","SFTPD","Exc L6 CT",0.00510160526355162,3.17293654634652,0.0127255069113785,0.910248267937025,0.989644464285057,0.989644464285057,"plaq_d"
"8645","SFTPD-AS1","Exc L6 CT",-0.0215658187923199,4.04893581735543,0.489933774607468,0.484424222958515,0.79265789110741,0.79265789110741,"plaq_d"
"8646","TMEM254-AS1","Exc L6 CT",0.0118641194949217,3.20887415165538,0.0720417602173215,0.78854579720731,0.950997069064694,0.950997069064694,"plaq_d"
"8647","TMEM254","Exc L6 CT",-0.0276435744137308,4.77597426623673,1.35622705779346,0.244989701361196,0.590859254499192,0.590859254499192,"plaq_d"
"8648","ANXA11","Exc L6 CT",0.00420225010303084,5.97738398049722,0.0524152456270934,0.81904703584643,0.963082048664989,0.963082048664989,"plaq_d"
"8649","FAM213A","Exc L6 CT",0.0494965205167961,5.98356637869528,6.98472856439686,0.00859219175477394,0.105270802129128,0.105270802129128,"plaq_d"
"8650","TSPAN14","Exc L6 CT",0.0527369240710412,4.97682346932633,5.18108512408254,0.0234407127678352,0.181621673687641,0.181621673687641,"plaq_d"
"8651","SH2D4B","Exc L6 CT",-0.0503918908978725,2.17870078048578,0.500891390112856,0.479582160123804,0.789438253489571,0.789438253489571,"plaq_d"
"8652","NRG3","Exc L6 CT",0.0275361159343225,11.878728922842,9.83381450116559,0.00185917141445902,0.0419508333582321,0.0419508333582321,"plaq_d"
"8653","GHITM","Exc L6 CT",0.0488843528372557,5.46927724626012,7.38378941760986,0.0069103551631655,0.0926270697662296,0.0926270697662296,"plaq_d"
"8654","CDHR1","Exc L6 CT",0.0119727341626099,3.15012200501007,0.0442292489663645,0.833550683615586,0.96728960782902,0.96728960782902,"plaq_d"
"8655","CCSER2","Exc L6 CT",0.0154350925289847,7.45311511604322,2.06805083948719,0.151311785990412,0.472033482784221,0.472033482784221,"plaq_d"
"8656","GRID1-AS1","Exc L6 CT",0.0503443069835815,1.83038539919463,0.442411352399423,0.506401200517492,0.806312025096312,0.806312025096312,"plaq_d"
"8657","GRID1","Exc L6 CT",0.0436061054703297,8.34199442474814,12.1532264640813,0.000552712969407097,0.0193862922122358,0.0193862922122358,"plaq_d"
"8658","WAPL","Exc L6 CT",-0.00926923207954157,5.87371420289452,0.338468931948551,0.561090776565621,0.838424628348278,0.838424628348278,"plaq_d"
"8659","AL731569.1","Exc L6 CT",-0.0919667976773686,2.51232797394187,2.76831619288068,0.0970469194469715,0.383316633394739,0.383316633394739,"plaq_d"
"8660","OPN4","Exc L6 CT",-0.00849790723342897,1.88646494885502,0.0042842190996909,0.947850136083449,0.997964805243233,0.997964805243233,"plaq_d"
"8661","BMPR1A","Exc L6 CT",0.00521135025105369,6.85054862356799,0.142819018406288,0.70572472512906,0.910657612339148,0.910657612339148,"plaq_d"
"8662","SNCG","Exc L6 CT",-0.00100507325584645,3.79782394384878,0.000553374634004941,0.981245836356204,0.999571689696322,0.999571689696322,"plaq_d"
"8663","GLUD1","Exc L6 CT",-0.000715950898158715,5.90516800376369,0.00199629965555347,0.96438801194738,0.998742420766286,0.998742420766286,"plaq_d"
"8664","SHLD2","Exc L6 CT",0.0127353510785497,6.21774982558421,0.6093811434077,0.435551281043881,0.758644433382664,0.758644433382664,"plaq_d"
"8665","NUTM2A-AS1","Exc L6 CT",-0.0259283789530646,7.49346608426433,0.808807081988875,0.369094685988887,0.708882455678055,0.708882455678055,"plaq_d"
"8666","MINPP1","Exc L6 CT",0.0429471003241226,4.86002501010513,3.65381141009711,0.0567617292195027,0.293197651181902,0.293197651181902,"plaq_d"
"8667","PAPSS2","Exc L6 CT",-0.0800132494380608,3.23189604683794,1.6043114378027,0.20613990414174,0.541926599712288,0.541926599712288,"plaq_d"
"8668","ATAD1","Exc L6 CT",0.0148304678626726,5.8990162437916,0.846315193351406,0.390196550300055,0.724341655463519,0.724341655463519,"plaq_d"
"8669","PTEN","Exc L6 CT",0.0233393570065089,7.34608287370296,5.40321446544659,0.0354973330624995,0.228541863491835,0.228541863491835,"plaq_d"
"8670","RNLS","Exc L6 CT",0.0319325638532045,6.40774390651758,3.02008189271922,0.0831234169278761,0.353560823418939,0.353560823418939,"plaq_d"
"8671","STAMBPL1","Exc L6 CT",0.044927121923924,7.04011649226091,9.88584619769966,0.00180875164397109,0.0415245421486606,0.0415245421486606,"plaq_d"
"8672","ACTA2","Exc L6 CT",-0.01999576134612,2.31352731170486,0.0829489038072428,0.773511573926853,0.944484530810091,0.944484530810091,"plaq_d"
"8673","FAS","Exc L6 CT",0.0157540141533089,2.33606346291749,0.0539561476332873,0.816453416470862,0.961176017055942,0.961176017055942,"plaq_d"
"8674","LIPA","Exc L6 CT",-0.0278815306171052,5.46641321302229,1.38668963585779,0.239769183624648,0.584838557685605,0.584838557685605,"plaq_d"
"8675","IFIT3","Exc L6 CT",-0.0383449207969312,2.24020091395335,0.183631181856203,0.668536018451318,0.894234638511099,0.894234638511099,"plaq_d"
"8676","IFIT1","Exc L6 CT",0.0344245594221413,4.21379403602797,1.01088094468803,0.315390065248144,0.659892562670654,0.659892562670654,"plaq_d"
"8677","IFIT5","Exc L6 CT",0.0813919545663241,2.72042938949144,2.43147609641309,0.119829272534905,0.422671888977466,0.422671888977466,"plaq_d"
"8678","PANK1","Exc L6 CT",0.0288502548265236,4.52524019176311,1.19313295201043,0.275453692588789,0.623384664953381,0.623384664953381,"plaq_d"
"8679","AL157400.3","Exc L6 CT",0.0752777973645497,3.35222406927256,3.10741705135358,0.0788136752275793,0.344850809210765,0.344850809210765,"plaq_d"
"8680","KIF20B","Exc L6 CT",-0.0308434264941908,3.83028529152826,0.737098729493938,0.391182462127321,0.72508958923308,0.72508958923308,"plaq_d"
"8681","HTR7","Exc L6 CT",0.0345769118172794,2.96518869518782,0.294574532433391,0.587651091290657,0.854786815218783,0.854786815218783,"plaq_d"
"8682","RPP30","Exc L6 CT",-0.0316790656398972,4.66672756193941,2.33993854253796,0.140291217854142,0.45549304660096,0.45549304660096,"plaq_d"
"8683","PCGF5","Exc L6 CT",0.0216568971410692,6.87978312527051,2.34450622658067,0.128443990139965,0.436944089774832,0.436944089774832,"plaq_d"
"8684","HECTD2","Exc L6 CT",0.0263658541854226,7.2445181583045,2.10668869696837,0.147556714543453,0.465959148815629,0.465959148815629,"plaq_d"
"8685","PPP1R3C","Exc L6 CT",0.00611084473849757,1.82821301175205,0.00763751033465346,0.930409488521146,0.994370823812207,0.994370823812207,"plaq_d"
"8686","TNKS2","Exc L6 CT",0.00603566568869302,6.33343776943018,0.225829186743831,0.634931771492206,0.878269581788608,0.878269581788608,"plaq_d"
"8687","BTAF1","Exc L6 CT",0.0171432034520937,6.37804931694031,1.1697433406359,0.280202454922387,0.626949726618384,0.626949726618384,"plaq_d"
"8688","CPEB3","Exc L6 CT",0.0244540961541246,8.37915490897033,6.48389001019017,0.0113156782127691,0.123842079340001,0.123842079340001,"plaq_d"
"8689","MARCH5","Exc L6 CT",0.00902229660661927,4.85870507828521,0.184640803904505,0.667680756133161,0.893866880369817,0.893866880369817,"plaq_d"
"8690","IDE","Exc L6 CT",0.0149385313746861,6.0071377750196,0.9303357802529,0.339828687564902,0.68410911892838,0.68410911892838,"plaq_d"
"8691","EXOC6","Exc L6 CT",-0.0271893098750632,7.56951968208065,6.05548905320572,0.0143478303123924,0.140702564834605,0.140702564834605,"plaq_d"
"8692","CYP26A1","Exc L6 CT",0.0538727065935174,2.51153146056861,0.679802976238565,0.410219017141961,0.741762234124886,0.741762234124886,"plaq_d"
"8693","MYOF","Exc L6 CT",-0.0292143136667992,2.29767145353666,0.144702346379512,0.703882230269139,0.910090634312678,0.910090634312678,"plaq_d"
"8694","RBP4","Exc L6 CT",-0.115690403217431,2.16285502726252,2.33045081862716,0.127772944597915,0.435778088233023,0.435778088233023,"plaq_d"
"8695","PDE6C","Exc L6 CT",-0.0342639288296853,1.97031070363692,0.178233292597738,0.844915411527409,0.970960210363396,0.970960210363396,"plaq_d"
"8696","FRA10AC1","Exc L6 CT",0.00828484400269089,5.88515139390076,0.244149735806642,0.621536455219427,0.872089552567141,0.872089552567141,"plaq_d"
"8697","LGI1","Exc L6 CT",0.0108752338383808,6.66126439920515,0.581875641591356,0.446094526839451,0.767047686879503,0.767047686879503,"plaq_d"
"8698","SLC35G1","Exc L6 CT",-0.105605980841942,2.38129595410393,2.17927729052915,0.140783890680688,0.456264045528859,0.456264045528859,"plaq_d"
"8699","PLCE1","Exc L6 CT",-0.199639331104892,2.01449319502526,4.91876418117299,0.0272114397046955,0.198046453988269,0.198046453988269,"plaq_d"
"8700","NOC3L","Exc L6 CT",-0.0295055919863302,3.35677266486879,0.582041714357113,0.446029689865728,0.767047686879503,0.767047686879503,"plaq_d"
"8701","TBC1D12","Exc L6 CT",-0.0431188862413951,5.06010768020688,3.75475877191205,0.0534656563155854,0.284965415890103,0.284965415890103,"plaq_d"
"8702","HELLS","Exc L6 CT",0.0229577018965908,4.31925006324315,0.633677249426545,0.426552039809442,0.752991191305546,0.752991191305546,"plaq_d"
"8703","CYP2C8","Exc L6 CT",0.00272805203804433,2.61680357883368,0.00181707846659705,0.966023143157819,0.998742420766286,0.998742420766286,"plaq_d"
"8704","AL157834.1","Exc L6 CT",-0.0205314685710011,3.01819329635614,0.143545245040796,0.70501260722206,0.910389359113014,0.910389359113014,"plaq_d"
"8705","ACSM6","Exc L6 CT",-0.0994450562753558,2.16553535251381,1.7312501595061,0.189116954461012,0.522357574140585,0.522357574140585,"plaq_d"
"8706","PDLIM1","Exc L6 CT",0.0508366164168483,1.67683607510773,0.215634355870937,0.642676850141455,0.881203285741464,0.881203285741464,"plaq_d"
"8707","SORBS1","Exc L6 CT",-0.0209704543751543,9.04610324274326,3.33219674455082,0.0687925479965191,0.321747082832323,0.321747082832323,"plaq_d"
"8708","ALDH18A1","Exc L6 CT",-0.0355289246614946,4.4398589202112,1.81771164576412,0.178462272732922,0.508640443132676,0.508640443132676,"plaq_d"
"8709","TCTN3","Exc L6 CT",-0.032332090872193,4.37683167660699,1.50909209331811,0.220107334495072,0.558946055281542,0.558946055281542,"plaq_d"
"8710","ENTPD1","Exc L6 CT",-0.0658350889213775,2.06396279494323,0.738908730647776,0.390602095647745,0.724627289812491,0.724627289812491,"plaq_d"
"8711","ENTPD1-AS1","Exc L6 CT",-0.0336969250491351,6.2543720791523,3.50968716426855,0.0618484591402733,0.306556966314326,0.306556966314326,"plaq_d"
"8712","AL365273.2","Exc L6 CT",-0.118754787076341,2.30015618807093,2.95910756169049,0.0862835477334889,0.359831388520077,0.359831388520077,"plaq_d"
"8713","CC2D2B","Exc L6 CT",-0.0578141246544841,2.66926921219556,0.887850001819767,0.346713881729617,0.69083640711136,0.69083640711136,"plaq_d"
"8714","CCNJ","Exc L6 CT",0.0963231303096656,2.45041880331235,3.04139291899131,0.0820487299084853,0.351853892094892,0.351853892094892,"plaq_d"
"8715","ZNF518A","Exc L6 CT",-0.00829313392020723,6.66832170844447,0.279405217474789,0.597428074866291,0.859003695660694,0.859003695660694,"plaq_d"
"8716","TM9SF3","Exc L6 CT",0.0158351996814872,6.20879767268335,1.58971134077078,0.208211551594776,0.5439951899743,0.5439951899743,"plaq_d"
"8717","LCOR","Exc L6 CT",0.0402125262502658,7.41310109772549,14.0712153295796,0.000206103866008881,0.0101715865333673,0.0101715865333673,"plaq_d"
"8718","SLIT1","Exc L6 CT",-0.0011720322918387,8.32425218713806,0.00667234589114122,0.93494459383786,0.995676697651708,0.995676697651708,"plaq_d"
"8719","RRP12","Exc L6 CT",-0.0297022674230231,5.25831430943848,1.90429871156461,0.168483350553153,0.495174680588044,0.495174680588044,"plaq_d"
"8720","AL355490.2","Exc L6 CT",0.0398580902154416,2.14338071994247,0.286493780274551,0.592817880907542,0.856693266666408,0.856693266666408,"plaq_d"
"8721","PGAM1","Exc L6 CT",0.0437437512654696,5.88692016061733,5.79161878034179,0.0166229777201933,0.152229253982127,0.152229253982127,"plaq_d"
"8722","EXOSC1","Exc L6 CT",-0.0492336135708877,5.03690712199509,5.65919235351668,0.0179026396899939,0.157920588834039,0.157920588834039,"plaq_d"
"8723","ZDHHC16","Exc L6 CT",-0.0121434172189981,3.90120679499959,0.167647592612017,0.692402764790369,0.904768104013992,0.904768104013992,"plaq_d"
"8724","MMS19","Exc L6 CT",-0.00035995319993763,5.62406794616429,0.000498137488061423,0.982206282143554,0.999571689696322,0.999571689696322,"plaq_d"
"8725","UBTD1","Exc L6 CT",-9.09442313219962e-05,2.66626752680673,3.30044344097366e-05,0.995419509391398,0.999785330471245,0.999785330471245,"plaq_d"
"8726","AL355315.1","Exc L6 CT",-0.0537897096189945,2.54052010475961,0.885488045868102,0.347355304241467,0.691393892163425,0.691393892163425,"plaq_d"
"8727","MORN4","Exc L6 CT",0.00237600325390906,5.28043646000437,0.0163060261287754,0.898464021243573,0.986539374335313,0.986539374335313,"plaq_d"
"8728","PI4K2A","Exc L6 CT",0.0597014051141354,3.32997560923354,3.10824459021858,0.0811301336684115,0.350071109856293,0.350071109856293,"plaq_d"
"8729","AVPI1","Exc L6 CT",-0.00831464463319017,3.22747787026455,0.0430235151040683,0.96963273995108,0.998742420766286,0.998742420766286,"plaq_d"
"8730","MARVELD1","Exc L6 CT",0.0293955114954714,2.89316024118122,0.395389769927755,0.529892101892753,0.819154884634274,0.819154884634274,"plaq_d"
"8731","ZFYVE27","Exc L6 CT",0.00196672497748095,5.49665191676328,0.0139135828630613,0.91358256127988,0.989967061646606,0.989967061646606,"plaq_d"
"8732","GOLGA7B","Exc L6 CT",0.00605871150925028,5.60853170482269,0.100400577047185,0.751539344825295,0.934574394372492,0.934574394372492,"plaq_d"
"8733","CRTAC1","Exc L6 CT",0.00786107625114789,5.18338399835432,0.0820637422921418,0.774690301554798,0.944915374016342,0.944915374016342,"plaq_d"
"8734","R3HCC1L","Exc L6 CT",-0.0142718309891775,5.52611494219193,0.604565447736127,0.437369339182861,0.759972119116049,0.759972119116049,"plaq_d"
"8735","PYROXD2","Exc L6 CT",0.0135817666493174,2.70095892793005,0.0769384651619973,0.900685386502736,0.98751099911776,0.98751099911776,"plaq_d"
"8736","HPS1","Exc L6 CT",0.00333583707956718,4.31787268133219,0.0175705977001477,0.894622576693183,0.985997098496085,0.985997098496085,"plaq_d"
"8737","HPSE2","Exc L6 CT",-0.228991214025905,1.28316540643152,3.24049681439806,0.0727042655806603,0.330482796747467,0.330482796747467,"plaq_d"
"8738","CNNM1","Exc L6 CT",0.00763138269744054,7.12649577546031,0.36284036944847,0.547325044560498,0.830535610993247,0.830535610993247,"plaq_d"
"8739","GOT1","Exc L6 CT",0.0397308430405887,5.64353320323671,4.97951806177509,0.026285161477153,0.194404003184645,0.194404003184645,"plaq_d"
"8740","AL391684.1","Exc L6 CT",0.0600204907232388,4.14988281412013,4.59072433422606,0.0328383340578201,0.219777153461822,0.219777153461822,"plaq_d"
"8741","SLC25A28","Exc L6 CT",0.0354748649837514,5.2236214025207,2.79610773942761,0.0953917355537229,0.380404272861882,0.380404272861882,"plaq_d"
"8742","ENTPD7","Exc L6 CT",-0.0351236704427981,2.80785606404987,0.469460434955308,0.498015955398439,0.802129972467658,0.802129972467658,"plaq_d"
"8743","CUTC","Exc L6 CT",-0.00633577359888923,4.01298731234437,0.0443013522068498,0.833417060288541,0.96728960782902,0.96728960782902,"plaq_d"
"8744","COX15","Exc L6 CT",-0.0386369118409223,4.4017240909081,1.9370461743311,0.164878012937031,0.490896092071379,0.490896092071379,"plaq_d"
"8745","ABCC2","Exc L6 CT",-0.0756620117547251,1.84601344928218,0.868733692266545,0.399453099482933,0.732178102897416,0.732178102897416,"plaq_d"
"8746","DNMBP","Exc L6 CT",0.0125203360935963,4.85751987347451,0.282591113644944,0.673491386978582,0.895548968504857,0.895548968504857,"plaq_d"
"8747","ERLIN1","Exc L6 CT",0.0143160762617178,4.45741607714795,0.325562034597857,0.568652101604553,0.842570174776703,0.842570174776703,"plaq_d"
"8748","CHUK","Exc L6 CT",-0.0216094090102994,4.4201980306843,0.761745590853609,0.383384260605264,0.718368873419559,0.718368873419559,"plaq_d"
"8749","CWF19L1","Exc L6 CT",0.0183617445365504,5.16634324288967,0.758694238291561,0.384337601230229,0.719102865569962,0.719102865569962,"plaq_d"
"8750","BLOC1S2","Exc L6 CT",0.0181364127943507,4.45892290860383,0.626846844695559,0.467001588271393,0.781375507293698,0.781375507293698,"plaq_d"
"8751","PKD2L1","Exc L6 CT",0.0582307856371023,2.59384327981215,0.677118574042668,0.41114388261381,0.742626048729405,0.742626048729405,"plaq_d"
"8752","OLMALINC","Exc L6 CT",0.131691534233007,3.06837405384907,4.67491083304371,0.0312869192919763,0.213766725262122,0.213766725262122,"plaq_d"
"8753","SEC31B","Exc L6 CT",0.0192086213094491,4.95184615124588,0.769646692859461,0.491416103682841,0.797716439840097,0.797716439840097,"plaq_d"
"8754","AL133352.1","Exc L6 CT",0.0176200810481337,3.27335479815938,0.197997937294924,0.836431239588573,0.96822641095276,0.96822641095276,"plaq_d"
"8755","HIF1AN","Exc L6 CT",-0.010725097674343,4.50038753825244,0.195337234007581,0.658785487199366,0.889419100977406,0.889419100977406,"plaq_d"
"8756","SLF2","Exc L6 CT",-0.0110592233383976,5.9475141400063,0.409513701317206,0.522637269029948,0.816039709864982,0.816039709864982,"plaq_d"
"8757","MRPL43","Exc L6 CT",-0.0598195284549652,3.47523061020353,2.7163464493103,0.100227118611686,0.389018495425675,0.389018495425675,"plaq_d"
"8758","SEMA4G","Exc L6 CT",-0.0347044835738421,2.31657987074499,0.330848729980453,0.631851402194866,0.876915028128379,0.876915028128379,"plaq_d"
"8759","LZTS2","Exc L6 CT",0.00350310509998545,3.5945641906217,0.0115792120555616,0.976618812444935,0.999093977007575,0.999093977007575,"plaq_d"
"8760","PDZD7","Exc L6 CT",-0.00667203137781164,4.99096432756916,0.0696721486038531,0.791970880144412,0.952057315516695,0.952057315516695,"plaq_d"
"8761","SFXN3","Exc L6 CT",0.029884326729029,4.49095829231377,1.63308344409992,0.202128375549435,0.537940263871511,0.537940263871511,"plaq_d"
"8762","BTRC","Exc L6 CT",0.0170238058430235,7.47181719596912,3.42885155298502,0.080399352092905,0.348833355253002,0.348833355253002,"plaq_d"
"8763","DPCD","Exc L6 CT",-0.0143888443929858,3.90652445386335,0.233040405887116,0.836209690737913,0.96822641095276,0.96822641095276,"plaq_d"
"8764","POLL","Exc L6 CT",-0.093535382273078,4.35062087040689,12.9159502099497,0.000372759755603003,0.0149477700324814,0.0149477700324814,"plaq_d"
"8765","FBXW4","Exc L6 CT",-0.0144071531504786,6.47597206482104,1.08989973631938,0.297217667980655,0.645069432873438,0.645069432873438,"plaq_d"
"8766","NPM3","Exc L6 CT",-0.0506662958330224,2.05711198764337,0.527888947273049,0.467983884779115,0.781991643371989,0.781991643371989,"plaq_d"
"8767","OGA","Exc L6 CT",0.00330062627481829,7.37660856719951,0.0882889922267829,0.76654090109506,0.941079992104557,0.941079992104557,"plaq_d"
"8768","KCNIP2-AS1","Exc L6 CT",0.00697428901862104,2.28751183505685,0.0148676750732979,0.927845376221836,0.994079583109636,0.994079583109636,"plaq_d"
"8769","KCNIP2","Exc L6 CT",0.0830330214892285,3.71148935971113,4.48024291623382,0.0349977852771242,0.226236244656255,0.226236244656255,"plaq_d"
"8770","ARMH3","Exc L6 CT",-0.020350917709414,6.82827207831182,2.99631909217387,0.0843397786095915,0.355971264960163,0.355971264960163,"plaq_d"
"8771","LDB1","Exc L6 CT",-0.00971434199392511,4.22397421992463,0.124184518747132,0.724752822533885,0.920065399752894,0.920065399752894,"plaq_d"
"8772","PPRC1","Exc L6 CT",0.0284194291837473,3.49383295195151,0.587991863339658,0.443716286700256,0.765273710714854,0.765273710714854,"plaq_d"
"8773","NOLC1","Exc L6 CT",0.0592080841842623,3.91722276031103,3.92675931809416,0.0483095462162459,0.268682291008356,0.268682291008356,"plaq_d"
"8774","GBF1","Exc L6 CT",-0.0192207960051803,6.68348475945687,2.70387391003386,0.101007241510091,0.390048349994438,0.390048349994438,"plaq_d"
"8775","PSD","Exc L6 CT",-0.0208518229662666,6.49486674529053,2.16418445473387,0.292227182820779,0.639505086759624,0.639505086759624,"plaq_d"
"8776","FBXL15","Exc L6 CT",0.0121273040544923,4.30792164625001,0.223997485908531,0.636307340803886,0.878269581788608,0.878269581788608,"plaq_d"
"8777","CUEDC2","Exc L6 CT",0.0215862079678792,4.0704366218471,0.66723943073832,0.414574243851667,0.744351560799276,0.744351560799276,"plaq_d"
"8778","MFSD13A","Exc L6 CT",-0.0365623191411658,4.43651303815444,1.7066354582246,0.192284742389212,0.525860781047701,0.525860781047701,"plaq_d"
"8779","ACTR1A","Exc L6 CT",0.0200062637756918,5.11710496834524,0.963023101803261,0.340348860749762,0.684310363038209,0.684310363038209,"plaq_d"
"8780","SUFU","Exc L6 CT",-0.0208455064248037,5.98862921902557,1.62423647891196,0.203351950974784,0.539126093228913,0.539126093228913,"plaq_d"
"8781","TRIM8","Exc L6 CT",0.0235607419447077,4.50429727132367,0.939522118170104,0.333073566219173,0.677728206260241,0.677728206260241,"plaq_d"
"8782","AL391121.1","Exc L6 CT",-0.14341695529727,2.07028961461712,4.04828476390526,0.0449860572572475,0.258311205415885,0.258311205415885,"plaq_d"
"8783","ARL3","Exc L6 CT",-0.0122350185538675,5.88480714320913,0.538402798285328,0.463589178473019,0.778159269284318,0.778159269284318,"plaq_d"
"8784","SFXN2","Exc L6 CT",-0.0428060417854288,4.06444271056468,1.92914986442389,0.165739181381374,0.491577558284606,0.491577558284606,"plaq_d"
"8785","WBP1L","Exc L6 CT",-0.00183275871851509,5.85301308631226,0.0110698128348349,0.916267236329566,0.99087914169174,0.99087914169174,"plaq_d"
"8786","BORCS7-ASMT","Exc L6 CT",0.0144610728174599,3.29360336607424,0.128143463869828,0.758634076473113,0.937691780278779,0.937691780278779,"plaq_d"
"8787","CNNM2","Exc L6 CT",-0.00677782820165666,7.39036335515509,0.340153028360207,0.657619825744776,0.889019940855217,0.889019940855217,"plaq_d"
"8788","NT5C2","Exc L6 CT",-0.0141881187090362,6.77216108626249,1.38280638206041,0.240427067419612,0.585451296104996,0.585451296104996,"plaq_d"
"8789","INA","Exc L6 CT",0.0692894940968371,5.6582051250283,14.1992376203803,0.000193059814299601,0.00982080949348783,0.00982080949348783,"plaq_d"
"8790","PCGF6","Exc L6 CT",-0.0280180823274849,5.14098411605725,1.55732387476194,0.21289603362595,0.549848808593216,0.549848808593216,"plaq_d"
"8791","TAF5","Exc L6 CT",0.00300956246511826,3.16950092121732,0.00524788815809564,0.960013279526946,0.998742420766286,0.998742420766286,"plaq_d"
"8792","ATP5MD","Exc L6 CT",-0.0562008747526288,4.56680034463827,5.53320714270132,0.0192150635532144,0.163971579675207,0.163971579675207,"plaq_d"
"8793","PDCD11","Exc L6 CT",-0.0213785969092673,4.33438287909305,0.706329145447248,0.401241873750398,0.73389913789965,0.73389913789965,"plaq_d"
"8794","CALHM2","Exc L6 CT",-0.00859056837505728,2.20198326881725,0.0149257849494266,0.971701619885658,0.998953400131122,0.998953400131122,"plaq_d"
"8795","NEURL1","Exc L6 CT",-0.04081168389141,6.71572745594334,9.9520246429088,0.00174662975319384,0.0405145478022396,0.0405145478022396,"plaq_d"
"8796","SH3PXD2A","Exc L6 CT",0.00489172844646205,7.08243704572614,0.109665124806718,0.740724912452256,0.928793296721773,0.928793296721773,"plaq_d"
"8797","AL121929.2","Exc L6 CT",-0.0400278763154931,2.76096672813672,0.547696045466896,0.459759311875712,0.776120812321745,0.776120812321745,"plaq_d"
"8798","STN1","Exc L6 CT",-0.065613922153946,2.88068595438735,1.70787722197361,0.192123453044329,0.525719298617404,0.525719298617404,"plaq_d"
"8799","SLK","Exc L6 CT",0.0379471568505122,5.3739314202799,4.51233046984553,0.0343556552473317,0.224301139655595,0.224301139655595,"plaq_d"
"8800","CFAP43","Exc L6 CT",0.00801844773468483,4.05115643210352,0.0538244648147833,0.816673525212337,0.961176017055942,0.961176017055942,"plaq_d"
"8801","GSTO1","Exc L6 CT",-0.0213112488302694,4.1600436062442,0.633483397182695,0.517231127195837,0.812590515545539,0.812590515545539,"plaq_d"
"8802","GSTO2","Exc L6 CT",0.00461352795563242,5.52426609670113,0.0252322493768281,0.873881806801469,0.980302874204998,0.980302874204998,"plaq_d"
"8803","CFAP58","Exc L6 CT",-0.0670325481153628,2.12967037197643,0.694066568776648,0.405355708105819,0.73736426255893,0.73736426255893,"plaq_d"
"8804","SORCS3","Exc L6 CT",0.00280252922476185,8.83238146408529,0.0377151429022323,0.846129503730824,0.971348263122283,0.971348263122283,"plaq_d"
"8805","SORCS1","Exc L6 CT",-0.0120962103907552,9.45836043272125,0.392090526108396,0.531612830473149,0.820493389455336,0.820493389455336,"plaq_d"
"8806","LINC01435","Exc L6 CT",-0.0296013997281252,4.57501776093939,0.461183778788406,0.497522400911967,0.801652988702635,0.801652988702635,"plaq_d"
"8807","XPNPEP1","Exc L6 CT",0.00656790704801317,4.75540749086549,0.0841072411381534,0.833016551831204,0.96728960782902,0.96728960782902,"plaq_d"
"8808","ADD3","Exc L6 CT",0.0447519674853017,6.6469994027801,4.39243198997271,0.0368203688843737,0.23268921442469,0.23268921442469,"plaq_d"
"8809","MXI1","Exc L6 CT",0.00253830819668054,6.41376643009989,0.0275070628616039,0.990542093875638,0.999571689696322,0.999571689696322,"plaq_d"
"8810","SMNDC1","Exc L6 CT",0.000386638005334934,3.72393490037008,0.000131277429185152,0.990864890704921,0.999571689696322,0.999571689696322,"plaq_d"
"8811","AL355512.1","Exc L6 CT",-0.114789574878236,2.11428839904665,2.29997444847384,0.130283438320604,0.439756243391187,0.439756243391187,"plaq_d"
"8812","DUSP5","Exc L6 CT",0.00314749739854101,1.96374406119713,0.000338909925206071,0.98532271294045,0.999571689696322,0.999571689696322,"plaq_d"
"8813","SMC3","Exc L6 CT",0.00838973607513196,5.3392199293136,0.250801174150732,0.616827922655861,0.86977969625572,0.86977969625572,"plaq_d"
"8814","RBM20","Exc L6 CT",0.083850113060051,5.83715905212889,5.74564138394007,0.017056162091876,0.153948682735597,0.153948682735597,"plaq_d"
"8815","PDCD4","Exc L6 CT",0.0604192146965912,5.61262696000416,11.7782537653759,0.000671379906301649,0.0218899690590237,0.0218899690590237,"plaq_d"
"8816","BBIP1","Exc L6 CT",-0.0438108765999061,5.73386588922447,6.01174527517907,0.0157390318068298,0.148267969573565,0.148267969573565,"plaq_d"
"8817","SHOC2","Exc L6 CT",0.0445013328557903,6.17973938985495,8.17779696537463,0.0044962762955011,0.072892335078867,0.072892335078867,"plaq_d"
"8818","GPAM","Exc L6 CT",0.022754185134371,3.6321087819642,0.423052212806459,0.526880328571597,0.818139274093055,0.818139274093055,"plaq_d"
"8819","AL157786.1","Exc L6 CT",0.108980115686466,2.97578037295857,5.11398280347021,0.024350183106199,0.185867039234804,0.185867039234804,"plaq_d"
"8820","ZDHHC6","Exc L6 CT",-0.000397293589385816,4.17881222503464,0.000167478682312296,0.989681992103004,0.999571689696322,0.999571689696322,"plaq_d"
"8821","VTI1A","Exc L6 CT",0.00879103629252586,8.11479872189489,0.684767144075824,0.408516754762997,0.740365811697097,0.740365811697097,"plaq_d"
"8822","TCF7L2","Exc L6 CT",0.0356806465593838,5.4549135197664,2.54206884404049,0.111756712933806,0.409731073937559,0.409731073937559,"plaq_d"
"8823","CASP7","Exc L6 CT",-0.13500728658628,1.92794472351456,2.53306033630942,0.112391224605276,0.410932492565652,0.410932492565652,"plaq_d"
"8824","DCLRE1A","Exc L6 CT",-0.0117431484663081,2.81872261249308,0.0601518076553052,0.806400647722048,0.957675608365501,0.957675608365501,"plaq_d"
"8825","NHLRC2","Exc L6 CT",0.0211264925662327,5.85762185522251,1.7476246228396,0.187043431026965,0.520223576712555,0.520223576712555,"plaq_d"
"8826","ADRB1","Exc L6 CT",0.0115480046633752,3.63266473670202,0.104115775420987,0.747139018775271,0.931803977673812,0.931803977673812,"plaq_d"
"8827","CCDC186","Exc L6 CT",0.0192094613152186,6.19149379334287,1.5828332853997,0.209196053043809,0.54587391328959,0.54587391328959,"plaq_d"
"8828","VWA2","Exc L6 CT",0.0262785674058159,3.66699838057396,0.161755794916381,0.687791889262372,0.90212310849421,0.90212310849421,"plaq_d"
"8829","AFAP1L2","Exc L6 CT",0.0551654797047671,2.87912072475882,1.31151654459433,0.252906785697775,0.600459646957798,0.600459646957798,"plaq_d"
"8830","ABLIM1","Exc L6 CT",0.030881880518008,8.12770502554699,4.33105903821658,0.0381533109520857,0.236841188764142,0.236841188764142,"plaq_d"
"8831","FAM160B1","Exc L6 CT",0.0651507522148123,5.19298569808111,11.2004119709234,0.000907064583402761,0.0262152528096006,0.0262152528096006,"plaq_d"
"8832","TRUB1","Exc L6 CT",0.0351960490383447,4.6685216999473,2.54431058023728,0.111599432916532,0.409731073937559,0.409731073937559,"plaq_d"
"8833","ATRNL1","Exc L6 CT",0.0569892930018284,10.0894655874624,19.958116404021,1.0715828305511e-05,0.001329871243846,0.001329871243846,"plaq_d"
"8834","GFRA1","Exc L6 CT",-0.0248343748361775,3.49532399160752,0.176358306499159,0.674780725447798,0.895575586043388,0.895575586043388,"plaq_d"
"8835","HSPA12A","Exc L6 CT",0.0306146353830464,8.2218913955161,5.88634798595448,0.0157660309950925,0.148267969573565,0.148267969573565,"plaq_d"
"8836","ENO4","Exc L6 CT",-0.00181014478863322,3.32230412060049,0.00149239383840421,0.969206316143548,0.998742420766286,0.998742420766286,"plaq_d"
"8837","SHTN1","Exc L6 CT",0.0446208372981441,6.46779432950831,9.18016957265718,0.00262944307938027,0.0526473749245597,0.0526473749245597,"plaq_d"
"8838","PDZD8","Exc L6 CT",-0.0177974656117141,5.64978910552243,1.01419497968293,0.314599261568129,0.658937735760243,0.658937735760243,"plaq_d"
"8839","RAB11FIP2","Exc L6 CT",0.0197459179943253,6.25248397358785,2.00785815557159,0.157380205263676,0.480111344559415,0.480111344559415,"plaq_d"
"8840","AC022395.1","Exc L6 CT",-0.118421848235408,1.97653044672772,2.50131418766394,0.165565466923548,0.491439270480699,0.491439270480699,"plaq_d"
"8841","CASC2","Exc L6 CT",-0.0456605563728362,5.5974854722599,3.29264355199578,0.0704512988849152,0.325278030387184,0.325278030387184,"plaq_d"
"8842","FAM204A","Exc L6 CT",0.0182820794410803,5.66973331690986,1.22477301840636,0.269189955649413,0.616882935614288,0.616882935614288,"plaq_d"
"8843","CACUL1","Exc L6 CT",0.0178747364381045,6.52659838945475,2.40647218074303,0.121742808082853,0.426112492496519,0.426112492496519,"plaq_d"
"8844","EIF3A","Exc L6 CT",0.025214202232528,5.85989893764632,2.58381267560234,0.10886770267061,0.405815496542234,0.405815496542234,"plaq_d"
"8845","FAM45A","Exc L6 CT",-0.0351432549488226,4.95596529569123,2.95687876570917,0.0864015053578064,0.359906270581881,0.359906270581881,"plaq_d"
"8846","SFXN4","Exc L6 CT",-0.0504932172993044,5.23722985119313,4.99887711170327,0.0259969720450484,0.19281422440006,0.19281422440006,"plaq_d"
"8847","PRDX3","Exc L6 CT",0.0634681371649246,4.75093234432855,7.7693365989073,0.00560556590920272,0.0829279234252225,0.0829279234252225,"plaq_d"
"8848","GRK5","Exc L6 CT",0.0256688167426859,4.01570492364688,0.524045694920142,0.469607058026132,0.783004772682904,0.783004772682904,"plaq_d"
"8849","TIAL1","Exc L6 CT",0.0254652679940125,5.47028266855842,2.16178870538245,0.142382938879258,0.458761143264503,0.458761143264503,"plaq_d"
"8850","BAG3","Exc L6 CT",0.0677845836561304,2.22141223288129,0.947799241484222,0.330955946784213,0.675232682809741,0.675232682809741,"plaq_d"
"8851","INPP5F","Exc L6 CT",0.0326134118368296,6.94516701920071,6.08942386931893,0.0140795656725747,0.138923528048243,0.138923528048243,"plaq_d"
"8852","MCMBP","Exc L6 CT",0.0053302713797264,4.60780788939781,0.0502181912147316,0.881044144222898,0.983136852254767,0.983136852254767,"plaq_d"
"8853","SEC23IP","Exc L6 CT",-0.0169930200266553,5.19030181250628,0.956998571363981,0.328623424265741,0.673509183210693,0.673509183210693,"plaq_d"
"8854","WDR11-AS1","Exc L6 CT",-0.0359186049558414,5.52233213587644,2.17357199909585,0.141303309717208,0.457226892939746,0.457226892939746,"plaq_d"
"8855","WDR11","Exc L6 CT",-0.0234462990722902,5.81066300501088,2.14738506323653,0.143715326028776,0.460272710458344,0.460272710458344,"plaq_d"
"8856","ATE1","Exc L6 CT",0.0131623200059269,7.13895919141172,1.11317225153251,0.292124929450125,0.639505086759624,0.639505086759624,"plaq_d"
"8857","NSMCE4A","Exc L6 CT",0.0101246108956038,3.35028088217987,0.0691528967477239,0.792729708707803,0.952281115366951,0.952281115366951,"plaq_d"
"8858","TACC2","Exc L6 CT",0.00834430515456239,6.05387044782588,0.262523119097658,0.707883270215097,0.911673605118674,0.911673605118674,"plaq_d"
"8859","PLEKHA1","Exc L6 CT",0.0590579857545961,8.13746726232617,26.7598493589922,3.8971095846938e-07,0.00014025697395313,0.00014025697395313,"plaq_d"
"8860","CUZD1","Exc L6 CT",-0.0304169058496191,2.31784898168461,0.234590231185106,0.628445442923354,0.876249480685986,0.876249480685986,"plaq_d"
"8861","FAM24B","Exc L6 CT",-0.0673710657434005,3.02888642525095,2.08444890584497,0.149705028735476,0.469532373349871,0.469532373349871,"plaq_d"
"8862","C10orf88","Exc L6 CT",0.103912246357581,3.69521565030166,10.6130476638544,0.00123345040800232,0.0317084858457168,0.0317084858457168,"plaq_d"
"8863","PSTK","Exc L6 CT",-0.0286190678542365,4.91240635792494,1.80915571055075,0.17948492425638,0.510040459848962,0.510040459848962,"plaq_d"
"8864","IKZF5","Exc L6 CT",0.0203129766363548,4.25405549924592,0.620890965139336,0.657496776925356,0.889013205655811,0.889013205655811,"plaq_d"
"8865","ACADSB","Exc L6 CT",-0.0146884948825736,5.76273074447321,0.69777753424869,0.404104282070082,0.736220147619231,0.736220147619231,"plaq_d"
"8866","BUB3","Exc L6 CT",0.0298570995818346,4.40851638134253,1.34854770715018,0.24632763067377,0.592503353580551,0.592503353580551,"plaq_d"
"8867","AL160290.2","Exc L6 CT",0.0430469386127323,4.48561716528432,1.20712179656713,0.272662002450012,0.619867573940516,0.619867573940516,"plaq_d"
"8868","CHST15","Exc L6 CT",0.00421011332740743,7.12510027805989,0.0758677306863591,0.783140848760695,0.948678530693282,0.948678530693282,"plaq_d"
"8869","OAT","Exc L6 CT",0.045173000635556,5.28833059522317,5.09125471281082,0.024666505311921,0.187190451272104,0.187190451272104,"plaq_d"
"8870","LHPP","Exc L6 CT",-0.0014798126074241,5.47077801229103,0.00756488261237249,0.930740319095678,0.994417914154133,0.994417914154133,"plaq_d"
"8871","AC068896.1","Exc L6 CT",0.066924369446024,2.67819631352317,1.89988221486064,0.175867213829193,0.504796058161432,0.504796058161432,"plaq_d"
"8872","ABRAXAS2","Exc L6 CT",0.0139456058235442,4.91490042663631,0.425094464800383,0.514836027775423,0.811427573445916,0.811427573445916,"plaq_d"
"8873","ZRANB1","Exc L6 CT",0.0404160901026436,5.43488341045173,4.84903402251281,0.0283167592024391,0.202608382444489,0.202608382444489,"plaq_d"
"8874","CTBP2","Exc L6 CT",0.0217508809837428,4.94732473274929,0.401523799088322,0.52671935778846,0.81812759029898,0.81812759029898,"plaq_d"
"8875","EDRF1","Exc L6 CT",0.00031892250597712,5.43135726005298,0.000301340402607965,0.986160033030988,0.999571689696322,0.999571689696322,"plaq_d"
"8876","UROS","Exc L6 CT",-0.0430597416514381,5.18232832754105,4.58423531519283,0.0329612179044087,0.220292336560756,0.220292336560756,"plaq_d"
"8877","BCCIP","Exc L6 CT",-0.0357105346303931,5.01798455968562,2.78124928918406,0.0962727857310396,0.381718092810407,0.381718092810407,"plaq_d"
"8878","DHX32","Exc L6 CT",-0.0380077873929648,5.3592355343979,3.68426287109119,0.0557452263690537,0.290540884959222,0.290540884959222,"plaq_d"
"8879","FANK1","Exc L6 CT",0.0395221809124912,4.51168252833117,1.73754564027525,0.188316586733962,0.521434876041272,0.521434876041272,"plaq_d"
"8880","ADAM12","Exc L6 CT",0.0788673309227158,1.96397559039563,0.721660459506257,0.396183483377917,0.729097630366397,0.729097630366397,"plaq_d"
"8881","FAM196A","Exc L6 CT",-0.0188352781742361,1.54642970675529,0.0146831002115517,0.903623236985218,0.988866077753987,0.988866077753987,"plaq_d"
"8882","PTPRE","Exc L6 CT",-0.0108464303861053,7.24996036847172,0.696781309724071,0.537219491263953,0.82435001879684,0.82435001879684,"plaq_d"
"8883","MGMT","Exc L6 CT",-0.0538183941942304,5.87698741170748,3.9171961431787,0.048581898021814,0.268975510706883,0.268975510706883,"plaq_d"
"8884","AL157832.3","Exc L6 CT",0.0138848940441133,5.19938662123951,0.21963457640841,0.639611754500873,0.879980077173644,0.879980077173644,"plaq_d"
"8885","C10orf143","Exc L6 CT",-0.109934634789776,3.07318547219098,5.41170189736252,0.0205756473846914,0.170429815736488,0.170429815736488,"plaq_d"
"8886","GLRX3","Exc L6 CT",-0.0150643894272473,5.51995468738379,0.970427115019847,0.32525769021199,0.669968480224897,0.669968480224897,"plaq_d"
"8887","AL355500.1","Exc L6 CT",0.132813416053206,2.19724686901571,3.27511680675947,0.0712000305737698,0.327315509279415,0.327315509279415,"plaq_d"
"8888","TCERG1L","Exc L6 CT",-0.0267774565447634,5.85963433746915,0.796623252486322,0.372721288928369,0.710955389314004,0.710955389314004,"plaq_d"
"8889","PPP2R2D","Exc L6 CT",0.00102441284532622,6.2796823906931,0.00646642349889046,0.970683435827994,0.998742420766286,0.998742420766286,"plaq_d"
"8890","BNIP3","Exc L6 CT",0.0470336271064611,5.89822123056733,6.09908522609255,0.0140041423150707,0.138368999840602,0.138368999840602,"plaq_d"
"8891","JAKMIP3","Exc L6 CT",0.0198982307325119,6.16086199989211,1.3726646934761,0.24215564473741,0.587546245750086,0.587546245750086,"plaq_d"
"8892","DPYSL4","Exc L6 CT",0.021833174260611,4.35205762904692,0.684222790592804,0.408702910916701,0.740365811697097,0.740365811697097,"plaq_d"
"8893","STK32C","Exc L6 CT",0.0450197033157804,4.54427672727463,2.69922279872964,0.101299859365152,0.390445187528975,0.390445187528975,"plaq_d"
"8894","LRRC27","Exc L6 CT",-0.0169744516300972,4.45555460064655,0.414267758573038,0.5202349578405,0.81405461446433,0.81405461446433,"plaq_d"
"8895","PWWP2B","Exc L6 CT",0.00167193904682379,2.91246049588231,0.00131022182712545,0.971146031085017,0.998742420766286,0.998742420766286,"plaq_d"
"8896","INPP5A","Exc L6 CT",0.0342136207238109,5.95107418491335,3.38636681232432,0.0665885480228453,0.316504358419006,0.316504358419006,"plaq_d"
"8897","CFAP46","Exc L6 CT",-0.0215564310247442,5.69871781137621,0.791875834235739,0.374147916636265,0.711074192208887,0.711074192208887,"plaq_d"
"8898","LINC01166","Exc L6 CT",0.170232981556554,2.71636369650946,4.55302583314735,0.0335590159763913,0.222122112182129,0.222122112182129,"plaq_d"
"8899","ADGRA1","Exc L6 CT",-0.0281186718428614,5.65283614355957,2.52567942295088,0.112914066833781,0.411772573598059,0.411772573598059,"plaq_d"
"8900","ADGRA1-AS1","Exc L6 CT",-0.0494592281596533,3.26188974594561,1.5942089836701,0.216932328066494,0.556280333958896,0.556280333958896,"plaq_d"
"8901","KNDC1","Exc L6 CT",-0.0038247158418956,6.54806139772946,0.0637206736950036,0.800858011627392,0.955506912332949,0.955506912332949,"plaq_d"
"8902","ADAM8","Exc L6 CT",0.0185534428057438,2.17910684719307,0.0737806873419126,0.786070574563469,0.949842286091107,0.949842286091107,"plaq_d"
"8903","TUBGCP2","Exc L6 CT",-0.00184603880848368,5.24774492089229,0.0102725434945582,0.919328139781226,0.991729246317899,0.991729246317899,"plaq_d"
"8904","ZNF511-PRAP1","Exc L6 CT",-0.0134339584241316,3.49859521828781,0.118061340984563,0.731354087218468,0.924288775313587,0.924288775313587,"plaq_d"
"8905","CALY","Exc L6 CT",0.0020066954170607,6.8901808524973,0.0125358575174483,0.910916748594873,0.989675151298007,0.989675151298007,"plaq_d"
"8906","ECHS1","Exc L6 CT",-0.0184144629215323,4.39168367742847,0.564931078655479,0.649361616406918,0.884493313444412,0.884493313444412,"plaq_d"
"8907","PAOX","Exc L6 CT",-0.00251243707224672,2.79520939440996,0.00218629070651271,0.962733078392069,0.998742420766286,0.998742420766286,"plaq_d"
"8908","SPRN","Exc L6 CT",-0.02880943262482,3.74979964485693,0.672241825735679,0.412831978883039,0.743262777388723,0.743262777388723,"plaq_d"
"8909","SCART1","Exc L6 CT",-0.104780880526363,2.77705415338918,2.62816021954568,0.105888455498485,0.399363428178202,0.399363428178202,"plaq_d"
"8910","CYP2E1","Exc L6 CT",-0.0260644547624229,4.3106937199572,0.66366805951603,0.415824781550429,0.745202733125852,0.745202733125852,"plaq_d"
"8911","SYCE1","Exc L6 CT",-0.0541161971452406,4.87535126274767,2.76047199792628,0.097519765590749,0.383847294106609,0.383847294106609,"plaq_d"
"8912","IQSEC3","Exc L6 CT",-0.00287139745117643,7.29198720075176,0.038034276149168,0.845488074018192,0.971025351639221,0.971025351639221,"plaq_d"
"8913","AC026369.3","Exc L6 CT",-0.208474154352229,1.96325368748376,7.22372676920817,0.00797753490619678,0.100829317392106,0.100829317392106,"plaq_d"
"8914","SLC6A13","Exc L6 CT",0.0664804970665927,2.38003942303934,1.16186456261913,0.281825354515041,0.627848623274301,0.627848623274301,"plaq_d"
"8915","KDM5A","Exc L6 CT",0.0247041264348056,6.87650126964687,4.2500246583779,0.0399916012870481,0.242837879117393,0.242837879117393,"plaq_d"
"8916","CCDC77","Exc L6 CT",-0.00807332393612588,4.07742160841686,0.0600075727253339,0.806628274032483,0.957781839780811,0.957781839780811,"plaq_d"
"8917","B4GALNT3","Exc L6 CT",-0.0527121659368071,7.25075368741723,9.53451061735729,0.00217834577997177,0.0464719693140782,0.0464719693140782,"plaq_d"
"8918","NINJ2","Exc L6 CT",0.108336780583051,2.36484754340208,2.1921478663992,0.139620019870838,0.454744300013706,0.454744300013706,"plaq_d"
"8919","AC021054.1","Exc L6 CT",-0.0564452093707662,2.36481012405372,0.838519522792125,0.360454262131011,0.701798695920751,0.701798695920751,"plaq_d"
"8920","WNK1","Exc L6 CT",0.0425602752194252,8.0076710873363,24.8456211001936,9.81037770912396e-07,0.000288224892858262,0.000288224892858262,"plaq_d"
"8921","RAD52","Exc L6 CT",0.0194531786917516,5.19425721470329,1.17497681559098,0.279130981372149,0.626430169869788,0.626430169869788,"plaq_d"
"8922","ERC1","Exc L6 CT",0.0139634276231278,9.13283893160786,2.14688561247794,0.143761778994215,0.460319077046423,0.460319077046423,"plaq_d"
"8923","WNT5B","Exc L6 CT",-0.0095968565745123,3.25369435149126,0.0557377804387322,0.813502805959319,0.959862617294411,0.959862617294411,"plaq_d"
"8924","FBXL14","Exc L6 CT",0.015590882502085,4.45768415886942,0.290240744458756,0.590410551006606,0.856067189959118,0.856067189959118,"plaq_d"
"8925","ADIPOR2","Exc L6 CT",-0.00487933674499982,5.11974981450089,0.0491444711512194,0.855914871239865,0.975107136969453,0.975107136969453,"plaq_d"
"8926","LRTM2","Exc L6 CT",-0.0197624735370591,4.23198973501388,0.499031617665571,0.480398349767944,0.79010792222773,0.79010792222773,"plaq_d"
"8927","DCP1B","Exc L6 CT",-0.031202745656378,4.95475324774773,1.77662012663192,0.183436386794327,0.513964621310068,0.513964621310068,"plaq_d"
"8928","CACNA1C","Exc L6 CT",0.0293134109176878,9.68112147179428,6.47402204647188,0.0113774957974049,0.124167644552376,0.124167644552376,"plaq_d"
"8929","CACNA1C-AS1","Exc L6 CT",-0.115863492306692,1.79945106933538,1.9156630737479,0.167222020048534,0.493738127727503,0.493738127727503,"plaq_d"
"8930","FKBP4","Exc L6 CT",0.0404386128426661,4.59033997041918,2.2815966569154,0.131823969759424,0.442982695764863,0.442982695764863,"plaq_d"
"8931","ITFG2-AS1","Exc L6 CT",-0.0650182182451397,3.094270005992,2.46728776442313,0.159652611552514,0.483423149566415,0.483423149566415,"plaq_d"
"8932","ITFG2","Exc L6 CT",-0.0576436499352844,5.3667379291485,9.1046528797037,0.00273730796692194,0.0541295130381982,0.0541295130381982,"plaq_d"
"8933","NRIP2","Exc L6 CT",0.137489450505921,2.72174891648119,5.67297844932496,0.0177647846320265,0.157450791948959,0.157450791948959,"plaq_d"
"8934","TULP3","Exc L6 CT",-0.0331029048675594,4.03109909740824,1.09803604199543,0.295424322610759,0.64323402925273,0.64323402925273,"plaq_d"
"8935","TSPAN9","Exc L6 CT",-0.178428286030156,2.66179725304389,6.57744259194857,0.0107465471748171,0.120207686968661,0.120207686968661,"plaq_d"
"8936","PRMT8","Exc L6 CT",-0.00587870373642914,4.90227748769389,0.0325263894120801,0.856982142095926,0.975107136969453,0.975107136969453,"plaq_d"
"8937","CRACR2A","Exc L6 CT",0.0354100255818921,3.60998674098186,0.634569330698189,0.426226991530184,0.752694279939711,0.752694279939711,"plaq_d"
"8938","PARP11","Exc L6 CT",-0.0143337978383651,5.95721850348616,0.766219820790023,0.381992435545507,0.717788377723222,0.717788377723222,"plaq_d"
"8939","AC005842.1","Exc L6 CT",-0.0777421599664109,2.37161301944006,1.49749783222278,0.221884190609919,0.560746462538514,0.560746462538514,"plaq_d"
"8940","CCND2","Exc L6 CT",-0.00857048466736219,6.97399602111417,0.390444757644266,0.532474957928485,0.821173953738783,0.821173953738783,"plaq_d"
"8941","TIGAR","Exc L6 CT",0.0296623222493937,5.24718061687248,1.28167674424727,0.258366533615359,0.605514483115005,0.605514483115005,"plaq_d"
"8942","C12orf4","Exc L6 CT",0.00951397347937787,5.61478905859814,0.313370984646501,0.57597887482903,0.848207925640431,0.848207925640431,"plaq_d"
"8943","RAD51AP1","Exc L6 CT",0.126151707902696,2.4811712546047,5.81184587234521,0.0236796877934328,0.182490784515128,0.182490784515128,"plaq_d"
"8944","AC005832.4","Exc L6 CT",0.15319421027828,1.89172687149169,3.83864509800701,0.0508815815839442,0.277595109188386,0.277595109188386,"plaq_d"
"8945","AC005833.2","Exc L6 CT",0.019414075985856,4.3746495298435,0.520921251099107,0.470933349536068,0.783524894610556,0.783524894610556,"plaq_d"
"8946","GALNT8","Exc L6 CT",0.001815256721777,5.92631095906363,0.0108873194218873,0.916957771233852,0.991054023610344,0.991054023610344,"plaq_d"
"8947","KCNA1","Exc L6 CT",0.0544774656297131,5.65084659640636,8.28546033184769,0.00424320615324239,0.07029366603231,0.07029366603231,"plaq_d"
"8948","AC006063.2","Exc L6 CT",0.0304029811446924,3.74847872634964,0.763277524853293,0.382906902910464,0.718261167573014,0.718261167573014,"plaq_d"
"8949","KCNA5","Exc L6 CT",-0.0587686073930503,1.72447573506881,0.430477276212233,0.512188168085712,0.809761461322141,0.809761461322141,"plaq_d"
"8950","AC007848.1","Exc L6 CT",0.0176956171837092,1.65839508277569,0.0663185801139364,0.796926458943566,0.953693327389852,0.953693327389852,"plaq_d"
"8951","VWF","Exc L6 CT",-0.0906314055933003,2.3124601014822,2.14129317625481,0.144283081352604,0.460742996973083,0.460742996973083,"plaq_d"
"8952","VAMP1","Exc L6 CT",0.0414945239668104,4.10163293950651,1.65163975624419,0.199590074991397,0.535561584329229,0.535561584329229,"plaq_d"
"8953","MRPL51","Exc L6 CT",-0.061156720699194,3.60772977665112,2.32539076566887,0.128185995223184,0.436566261469828,0.436566261469828,"plaq_d"
"8954","NCAPD2","Exc L6 CT",0.00579201107546695,3.36756181123096,0.0208578940367272,0.885250307508116,0.984464416586969,0.984464416586969,"plaq_d"
"8955","GAPDH","Exc L6 CT",0.035472901135067,6.79894690365947,2.50036381939956,0.114727900615693,0.414916937019916,0.414916937019916,"plaq_d"
"8956","IFFO1","Exc L6 CT",0.0201795689198065,4.6113922151801,0.72143326535543,0.397185914901067,0.729787929919051,0.729787929919051,"plaq_d"
"8957","CHD4","Exc L6 CT",-0.0318649738889027,2.92183947682669,0.445193137005762,0.505068470849829,0.805875588575267,0.805875588575267,"plaq_d"
"8958","ING4","Exc L6 CT",-0.0218820886734574,5.17594981289474,1.1204906522024,0.290546599742924,0.637705267555898,0.637705267555898,"plaq_d"
"8959","ZNF384","Exc L6 CT",0.0592689860895371,3.67509996632964,3.10380564596811,0.0789870107575906,0.345307320639622,0.345307320639622,"plaq_d"
"8960","PIANP","Exc L6 CT",0.0503312365048622,5.76724863725967,10.0674298677076,0.0016434484722896,0.0387853839460345,0.0387853839460345,"plaq_d"
"8961","COPS7A","Exc L6 CT",-0.00688053700969062,4.26506269771177,0.0682044133569034,0.794123716061491,0.953000771778707,0.953000771778707,"plaq_d"
"8962","MLF2","Exc L6 CT",0.0431961882113669,5.94505288538129,6.61963368078424,0.013804497210606,0.13752909470165,0.13752909470165,"plaq_d"
"8963","PTMS","Exc L6 CT",0.0186693232847369,5.72950267887547,0.68717180098911,0.407695908113091,0.73928584118857,0.73928584118857,"plaq_d"
"8964","GPR162","Exc L6 CT",0.013062701874636,5.85542520883346,0.486851390844249,0.485800855494562,0.794004213862365,0.794004213862365,"plaq_d"
"8965","P3H3","Exc L6 CT",-0.0114937366028588,4.42962268692619,0.178842448230222,0.74460184520782,0.931302186239077,0.931302186239077,"plaq_d"
"8966","GNB3","Exc L6 CT",0.00160962928944805,3.91061936235434,0.00173434550582984,0.966805191064682,0.998742420766286,0.998742420766286,"plaq_d"
"8967","USP5","Exc L6 CT",0.0306257313143298,4.64297385450952,1.71235405056928,0.191543284160996,0.525229927386989,0.525229927386989,"plaq_d"
"8968","TPI1","Exc L6 CT",0.0151055732767009,5.42475994579799,0.452141394887538,0.501765743906226,0.804568907248165,0.804568907248165,"plaq_d"
"8969","LRRC23","Exc L6 CT",0.00995992668238809,4.56742189628827,0.159009173404734,0.690314814888572,0.903598115578823,0.903598115578823,"plaq_d"
"8970","ENO2","Exc L6 CT",0.0321741714598996,7.06952364264838,5.88932018417806,0.0157398961758607,0.148267969573565,0.148267969573565,"plaq_d"
"8971","ATN1","Exc L6 CT",0.06721644142255,5.61477725350156,11.3302381386191,0.000847667373545563,0.0252487899329116,0.0252487899329116,"plaq_d"
"8972","C12orf57","Exc L6 CT",0.0300335526932101,3.4472438936955,0.700468005452865,0.403200519675325,0.735768117790085,0.735768117790085,"plaq_d"
"8973","PHB2","Exc L6 CT",-0.013238719913439,3.89035319278807,0.21259930727088,0.645025550293264,0.882176308381326,0.882176308381326,"plaq_d"
"8974","EMG1-1","Exc L6 CT",-0.0258340186739799,2.74418467455572,0.272411880861336,0.602050284103089,0.861371088247671,0.861371088247671,"plaq_d"
"8975","LPCAT3","Exc L6 CT",-0.0409940629473762,4.86144239879812,3.4958165350437,0.0623631010788931,0.307605198649003,0.307605198649003,"plaq_d"
"8976","C1S","Exc L6 CT",0.0199371240766997,4.20274753688812,0.415820412083031,0.519454597390415,0.813717996086225,0.813717996086225,"plaq_d"
"8977","C1RL","Exc L6 CT",0.031426052239194,3.43521698135811,0.520874816939565,0.470953105936728,0.783524894610556,0.783524894610556,"plaq_d"
"8978","C1RL-AS1","Exc L6 CT",-0.0792759295869559,2.01490693560097,1.16439029662936,0.281303800615919,0.627848623274301,0.627848623274301,"plaq_d"
"8979","CLSTN3","Exc L6 CT",-0.0160149904935891,6.64684510271909,1.35314548976706,0.245525512828484,0.59106777302322,0.59106777302322,"plaq_d"
"8980","PEX5","Exc L6 CT",0.054644597973889,4.72829540291701,6.49316141955161,0.0112579133463109,0.123453168226905,0.123453168226905,"plaq_d"
"8981","CD163L1","Exc L6 CT",0.0344551149438329,4.8327480741157,1.58972497976493,0.208209604827211,0.5439951899743,0.5439951899743,"plaq_d"
"8982","NANOG","Exc L6 CT",-0.136234655451411,1.89990210487543,2.98860729595281,0.0847386684185533,0.357112959763903,0.357112959763903,"plaq_d"
"8983","SLC2A14","Exc L6 CT",-0.0988632992264072,1.90599139344813,1.62221397051105,0.203632901261583,0.539473545557921,0.539473545557921,"plaq_d"
"8984","SLC2A3","Exc L6 CT",0.0486727536165212,5.21983029166962,4.21478718557331,0.0408198875050582,0.245567530515177,0.245567530515177,"plaq_d"
"8985","AC006511.4","Exc L6 CT",-0.0488467261411546,2.37092494050507,0.561439180405469,0.454186857917903,0.774445237738782,0.774445237738782,"plaq_d"
"8986","FOXJ2","Exc L6 CT",0.032004325010976,3.6796661481111,0.884258932765526,0.347689725842327,0.691536514676173,0.691536514676173,"plaq_d"
"8987","NECAP1","Exc L6 CT",0.0362400583635318,5.29602954474355,3.96055650624713,0.0473599234926634,0.265877818844034,0.265877818844034,"plaq_d"
"8988","FAM66C","Exc L6 CT",-0.0169286308148912,6.31026942918496,0.902291248874867,0.342826916323996,0.686990017733888,0.686990017733888,"plaq_d"
"8989","AC092111.1","Exc L6 CT",-0.0786792363862619,3.19976073352597,2.7315536649086,0.0992848778462462,0.386889628531195,0.386889628531195,"plaq_d"
"8990","FAM90A1","Exc L6 CT",-0.136606926735151,2.27563042603204,3.63470694862964,0.0574095309179017,0.295272456982534,0.295272456982534,"plaq_d"
"8991","LINC02449","Exc L6 CT",-0.0550015375332687,3.19135025500956,1.45592668976998,0.228398472149559,0.570837570323794,0.570837570323794,"plaq_d"
"8992","LINC00937","Exc L6 CT",0.0121207826304176,6.5291962549984,0.197914522578655,0.656685888357604,0.888500944435721,0.888500944435721,"plaq_d"
"8993","AC092745.1","Exc L6 CT",-0.0507760786543539,3.53144801221537,1.61939701946995,0.204024974272592,0.539547106295375,0.539547106295375,"plaq_d"
"8994","RIMKLB","Exc L6 CT",0.00107637278344841,5.70840032494469,0.00372411692562212,0.95137387827484,0.99802142424354,0.99802142424354,"plaq_d"
"8995","A2ML1-AS1","Exc L6 CT",-0.0624765487048961,3.80786355421422,2.78552165260625,0.0960185424607,0.381635267052523,0.381635267052523,"plaq_d"
"8996","A2ML1","Exc L6 CT",-0.14273477455148,2.27794880089008,4.53723111392613,0.0338658804684948,0.223025258565623,0.223025258565623,"plaq_d"
"8997","AC006581.2","Exc L6 CT",-0.00331437474261643,4.84765598219263,0.013415787555037,0.907856785252445,0.989420650042586,0.989420650042586,"plaq_d"
"8998","PHC1","Exc L6 CT",-0.00182680342754224,5.17033890196196,0.00780180629218653,0.929666894975745,0.994167628886557,0.994167628886557,"plaq_d"
"8999","M6PR","Exc L6 CT",0.016509418105922,4.98678465738153,0.613748687227428,0.433912386171963,0.757698516826922,0.757698516826922,"plaq_d"
"9000","KLRG1","Exc L6 CT",-0.0394209438254592,4.52800645426619,2.28073795856895,0.131896448178449,0.443122816330676,0.443122816330676,"plaq_d"
"9001","A2M-AS1","Exc L6 CT",-0.00418558136747424,2.69208519608835,0.00767250083139868,0.930250667176716,0.994370823812207,0.994370823812207,"plaq_d"
"9002","A2M","Exc L6 CT",0.0542494883518683,2.92467395009617,1.10628001909922,0.293621405050952,0.641487175513034,0.641487175513034,"plaq_d"
"9003","PZP","Exc L6 CT",-0.0582719009635524,2.46296321241255,0.762604349519868,0.383116563327678,0.718331081748535,0.718331081748535,"plaq_d"
"9004","LINC00987","Exc L6 CT",-0.0387340651642571,2.35516488560198,0.431423154363065,0.511725329450628,0.809449274010685,0.809449274010685,"plaq_d"
"9005","AC010175.1","Exc L6 CT",0.0532760424884194,3.17509541190542,1.54615469459955,0.21454055412594,0.552311483761986,0.552311483761986,"plaq_d"
"9006","CLEC2D","Exc L6 CT",0.0861504576097556,3.38847601265665,4.29075520912577,0.0390562239791736,0.239436313707218,0.239436313707218,"plaq_d"
"9007","CLEC2A","Exc L6 CT",0.00225017419158933,1.52690399053857,0.00546624824830576,0.941105292207027,0.997292628450429,0.997292628450429,"plaq_d"
"9008","LINC02470","Exc L6 CT",-0.0936207368920418,1.90259704277897,0.418449787091342,0.518137773709578,0.813224662431945,0.813224662431945,"plaq_d"
"9009","GABARAPL1","Exc L6 CT",0.0321748977708839,5.7703987505911,3.41713374923859,0.0653705900584147,0.314151205398468,0.314151205398468,"plaq_d"
"9010","KLRD1","Exc L6 CT",0.0259396491986505,4.81581154880965,0.494922856774282,0.482209657232201,0.791730180829695,0.791730180829695,"plaq_d"
"9011","AC022075.1","Exc L6 CT",0.0560673660070968,1.71925620351591,0.349137451724245,0.55498514390745,0.834245184472346,0.834245184472346,"plaq_d"
"9012","EIF2S3B","Exc L6 CT",-0.00513938639700527,1.92929087579753,0.00468801092843781,0.945451557216693,0.997609533382524,0.997609533382524,"plaq_d"
"9013","MAGOHB","Exc L6 CT",0.0113398294837229,3.15449967231145,0.0760023462249676,0.782953376186614,0.948596127963145,0.948596127963145,"plaq_d"
"9014","STYK1","Exc L6 CT",-0.0689274148521947,3.79276888007239,2.79506882764877,0.0954530515176656,0.380543375698785,0.380543375698785,"plaq_d"
"9015","YBX3","Exc L6 CT",0.0309650056719865,2.1544900354061,0.154099847075966,0.694887979795689,0.906353633810656,0.906353633810656,"plaq_d"
"9016","PRH1","Exc L6 CT",0.0378110896837743,5.22744805993557,3.1450249255554,0.0770328645319037,0.341242055572818,0.341242055572818,"plaq_d"
"9017","SMIM10L1","Exc L6 CT",0.00168902722304343,3.94443143421304,0.00305092949824247,0.955982749691517,0.998742420766286,0.998742420766286,"plaq_d"
"9018","AC244131.2","Exc L6 CT",-0.0880384582445783,4.40888113401999,2.34323618187146,0.126735889340159,0.434609305131237,0.434609305131237,"plaq_d"
"9019","PRB1","Exc L6 CT",0.183921556600593,3.33191550616258,13.5562395163758,0.000268255032859385,0.0119560354583396,0.0119560354583396,"plaq_d"
"9020","PRB2","Exc L6 CT",0.0497072292737845,6.84823042699814,8.21787807824339,0.00440030558078461,0.0719870179433259,0.0719870179433259,"plaq_d"
"9021","AC007450.1","Exc L6 CT",-0.16786261626918,2.34158579941478,6.15211322282845,0.0135975420333128,0.136316305788002,0.136316305788002,"plaq_d"
"9022","LINC01252","Exc L6 CT",-0.0400495444607533,6.03002843524925,2.93316516527524,0.0876674467563657,0.362452775274165,0.362452775274165,"plaq_d"
"9023","ETV6","Exc L6 CT",-0.00508745015176358,6.75634603393662,0.0657011300228902,0.797853338491644,0.954247796274006,0.954247796274006,"plaq_d"
"9024","BCL2L14","Exc L6 CT",-0.0323504795420105,3.72909239598918,0.86174168352435,0.353894798494006,0.69702457762784,0.69702457762784,"plaq_d"
"9025","LRP6","Exc L6 CT",0.0196831253502464,6.5164524446903,2.18603932202526,0.140171050482451,0.455413674102627,0.455413674102627,"plaq_d"
"9026","MANSC1","Exc L6 CT",0.00580178318173817,4.56794408519753,0.0603956090031065,0.82295363880997,0.963738760620543,0.963738760620543,"plaq_d"
"9027","BORCS5","Exc L6 CT",-0.0134512729864316,5.87620067388883,0.523033962658018,0.470035866105191,0.783067016762799,0.783067016762799,"plaq_d"
"9028","DUSP16","Exc L6 CT",-0.0522517262728907,5.12540933155057,3.00301930726389,0.0839948669590129,0.354914492497033,0.354914492497033,"plaq_d"
"9029","AC007619.1","Exc L6 CT",0.0100723935541036,3.11366756433081,0.0395222631889633,0.842533605331486,0.970063487947724,0.970063487947724,"plaq_d"
"9030","CREBL2","Exc L6 CT",0.0146479710857233,4.70159253188632,0.437492269800154,0.635250475339255,0.878269581788608,0.878269581788608,"plaq_d"
"9031","GPR19","Exc L6 CT",0.0363189043933533,4.13470089676652,1.53652997123527,0.215969842015359,0.554973366008574,0.554973366008574,"plaq_d"
"9032","AC008115.2","Exc L6 CT",-0.136884258952142,2.68159622465027,6.37564109778617,0.0120131898478871,0.12772664774755,0.12772664774755,"plaq_d"
"9033","CDKN1B","Exc L6 CT",0.0573621670722366,4.10613582056447,4.1537788179107,0.0422970259961624,0.249144020556773,0.249144020556773,"plaq_d"
"9034","APOLD1","Exc L6 CT",0.0856275057133125,3.67831704628317,2.93979125081056,0.0873116972611099,0.361963327735328,0.361963327735328,"plaq_d"
"9035","GPRC5D-AS1","Exc L6 CT",0.0122565352072461,2.14319986224434,0.0219552108911456,0.882292080204095,0.983480769739443,0.983480769739443,"plaq_d"
"9036","HEBP1","Exc L6 CT",0.00723621183896519,3.53134999402807,0.0413128286244473,0.903707394462196,0.988866077753987,0.988866077753987,"plaq_d"
"9037","AC023790.2","Exc L6 CT",-0.0248313455360328,2.65456734286487,0.195448765105184,0.658694285955575,0.889419100977406,0.889419100977406,"plaq_d"
"9038","FAM234B","Exc L6 CT",0.000527123092574258,5.51207004625429,0.000850401521610465,0.976752378164515,0.999093977007575,0.999093977007575,"plaq_d"
"9039","GRIN2B","Exc L6 CT",0.0266798592530295,8.96967922570496,9.8814482357579,0.00181295893357546,0.0415245421486606,0.0415245421486606,"plaq_d"
"9040","ATF7IP","Exc L6 CT",0.0414828075083191,5.79039765390985,4.88155367897378,0.0277955505480376,0.200380659947392,0.200380659947392,"plaq_d"
"9041","AC010168.1","Exc L6 CT",-0.148817788383268,2.26755574773232,5.35551667616655,0.0212382941197597,0.173194415381499,0.173194415381499,"plaq_d"
"9042","WBP11","Exc L6 CT",0.0545984066978954,4.65504109661794,5.54094232325189,0.0191316757849027,0.163808619409456,0.163808619409456,"plaq_d"
"9043","C12orf60","Exc L6 CT",-0.00908294167025731,2.46688513014789,0.0179217987603458,0.893580877623084,0.985595335141122,0.985595335141122,"plaq_d"
"9044","RERG","Exc L6 CT",0.0344787323249004,1.71113692065183,0.0933548137640429,0.760137333949752,0.93842183856793,0.93842183856793,"plaq_d"
"9045","PTPRO","Exc L6 CT",-0.090528654627138,4.02156297717137,0.949502792200644,0.330522343548652,0.674730524351445,0.674730524351445,"plaq_d"
"9046","STRAP","Exc L6 CT",-0.0096747991898824,5.12327136314945,0.27438774675936,0.600736747104112,0.860360398389652,0.860360398389652,"plaq_d"
"9047","DERA","Exc L6 CT",0.0406574640308584,3.56386154120261,0.930120010899824,0.335501058320266,0.680332306795433,0.680332306795433,"plaq_d"
"9048","SLC15A5","Exc L6 CT",0.142385199756118,2.84140129356759,3.80021189543849,0.0520486211363512,0.281371366833989,0.281371366833989,"plaq_d"
"9049","MGST1","Exc L6 CT",-0.0202519736914915,5.34748056900223,0.436091233539951,0.509451727945698,0.807429752402237,0.807429752402237,"plaq_d"
"9050","LMO3","Exc L6 CT",0.0827226461089484,7.98770950682918,24.7915451048809,1.00706280044679e-06,0.000289953521504639,0.000289953521504639,"plaq_d"
"9051","AC007529.2","Exc L6 CT",-0.0651629747157255,1.78981068344926,0.609879513582532,0.435363793085636,0.758584282833159,0.758584282833159,"plaq_d"
"9052","RERGL","Exc L6 CT",-0.151827191329409,1.79777852536748,2.60837063183695,0.107206661095072,0.401704084623806,0.401704084623806,"plaq_d"
"9053","PIK3C2G","Exc L6 CT",0.0196515326308178,3.40874846087032,0.126777111308498,0.72201295843772,0.91893718943236,0.91893718943236,"plaq_d"
"9054","PLEKHA5","Exc L6 CT",0.0287412614722898,9.82301273503377,13.0167273443487,0.000353913863624384,0.0143924971207249,0.0143924971207249,"plaq_d"
"9055","AEBP2","Exc L6 CT",0.00582360074187086,8.47269552091927,0.174129433828603,0.676724792123583,0.896053450075137,0.896053450075137,"plaq_d"
"9056","AC024901.1","Exc L6 CT",0.00473739216421826,7.07599414259921,0.031394842762179,0.859465393862069,0.975757789619289,0.975757789619289,"plaq_d"
"9057","LINC02398","Exc L6 CT",0.0175879577601801,6.030388467917,0.301241579152677,0.583456873118616,0.852322430026867,0.852322430026867,"plaq_d"
"9058","PDE3A","Exc L6 CT",0.00868112057833284,1.69863267686379,0.00513790566437628,0.942898373871711,0.997507548890635,0.997507548890635,"plaq_d"
"9059","PYROXD1","Exc L6 CT",0.0167083705966309,4.19158673838486,0.426950127505908,0.513920518111221,0.810747531402252,0.810747531402252,"plaq_d"
"9060","RECQL","Exc L6 CT",-0.0329775236302164,3.94071051833924,1.18061337600641,0.277982770655476,0.62606736210966,0.62606736210966,"plaq_d"
"9061","GOLT1B","Exc L6 CT",-0.055857657393398,5.75184341338256,7.4728305102535,0.00658366639080869,0.0908710080173365,0.0908710080173365,"plaq_d"
"9062","GYS2","Exc L6 CT",-0.0170146664651233,2.10863753906291,0.0406272436725192,0.840376847335516,0.969479740666428,0.969479740666428,"plaq_d"
"9063","LDHB","Exc L6 CT",0.00903844465558095,5.36303153566657,0.164173038174034,0.685592029727999,0.900774195488207,0.900774195488207,"plaq_d"
"9064","KCNJ8","Exc L6 CT",-0.00189135604025594,3.15540318278034,0.00179023028218774,0.978419221104684,0.999286493881974,0.999286493881974,"plaq_d"
"9065","ABCC9","Exc L6 CT",0.0587216760539368,5.43107440399139,5.21570455652363,0.0229854104122393,0.18037845775799,0.18037845775799,"plaq_d"
"9066","CMAS","Exc L6 CT",0.010258336181133,5.65902923724454,0.426728283641404,0.514029817392337,0.810768889325771,0.810768889325771,"plaq_d"
"9067","ST8SIA1","Exc L6 CT",0.031479095013157,7.57526916875124,7.31029167916029,0.00719253260764203,0.0947334852878451,0.0947334852878451,"plaq_d"
"9068","C2CD5","Exc L6 CT",0.0167132149242655,7.80598790415943,3.0204349412046,0.0831054893179227,0.353560823418939,0.353560823418939,"plaq_d"
"9069","ETNK1","Exc L6 CT",0.0501165548579334,6.67838253218038,15.8547977893544,8.32830957381603e-05,0.00575254336524949,0.00575254336524949,"plaq_d"
"9070","AC084816.1","Exc L6 CT",0.0523072568277088,4.73482704189495,2.51512388506302,0.113666471973973,0.412800840196092,0.412800840196092,"plaq_d"
"9071","SOX5","Exc L6 CT",0.0633932608540878,9.38379679109146,16.5888090162033,5.75199821373346e-05,0.00449331941879067,0.00449331941879067,"plaq_d"
"9072","BCAT1","Exc L6 CT",-0.00882896998080912,5.85025780500081,0.236924679246861,0.62674239221397,0.875044464970644,0.875044464970644,"plaq_d"
"9073","LRMP","Exc L6 CT",0.0336826535907112,5.86173200572284,2.1975292068252,0.139136609475824,0.453967758092198,0.453967758092198,"plaq_d"
"9074","CASC1","Exc L6 CT",-0.0260588512361082,4.98658342582705,1.00361094080122,0.31713401662536,0.661852899875134,0.661852899875134,"plaq_d"
"9075","ETFRF1","Exc L6 CT",0.00689606734568055,5.32509600807122,0.109290858660798,0.741151765300696,0.929004859666419,0.929004859666419,"plaq_d"
"9076","KRAS","Exc L6 CT",0.00833623281837394,5.62480394115218,0.195483032001298,0.658666271468076,0.889419100977406,0.889419100977406,"plaq_d"
"9077","AC092794.1","Exc L6 CT",0.0705171055681329,2.5176031512092,1.72138920103917,0.190378621868881,0.523732207228054,0.523732207228054,"plaq_d"
"9078","RASSF8-AS1","Exc L6 CT",-0.058587573439034,4.41193001183801,3.05039543313909,0.0815992785362901,0.350343934926463,0.350343934926463,"plaq_d"
"9079","RASSF8","Exc L6 CT",0.0051513269475139,4.13467186940172,0.0189923082134865,0.890468197392809,0.984904368079323,0.984904368079323,"plaq_d"
"9080","BHLHE41","Exc L6 CT",0.0648255253890035,4.98876863231185,6.36252370100238,0.0121006762424327,0.128561870986023,0.128561870986023,"plaq_d"
"9081","SSPN","Exc L6 CT",0.0696209733807313,3.48525860917505,2.75985170429644,0.0975572642137434,0.383847294106609,0.383847294106609,"plaq_d"
"9082","AC022509.2","Exc L6 CT",-0.0548049864061537,3.03876306362714,0.855354898496258,0.355682367693558,0.698227395366595,0.698227395366595,"plaq_d"
"9083","AC024145.1","Exc L6 CT",-0.157529847874561,1.87748638040151,3.22109607908109,0.0735621633816388,0.332079305124513,0.332079305124513,"plaq_d"
"9084","ITPR2","Exc L6 CT",-0.0165460084838723,7.33901223105807,0.207230807881893,0.649230298597703,0.88448566348415,0.88448566348415,"plaq_d"
"9085","INTS13","Exc L6 CT",0.0683883432441054,3.23285612779637,2.75169773305901,0.0980516672240603,0.384677721104138,0.384677721104138,"plaq_d"
"9086","FGFR1OP2","Exc L6 CT",0.0182906516725246,6.05427360735676,0.980908536345963,0.322662342138529,0.667487724878038,0.667487724878038,"plaq_d"
"9087","TM7SF3","Exc L6 CT",-0.0368245453830207,6.21806268497697,6.18683563618065,0.0133379307594205,0.135220317755364,0.135220317755364,"plaq_d"
"9088","MED21","Exc L6 CT",-0.00804688049087612,4.72585048378075,0.105499535229516,0.745522263154958,0.9313232179284,0.9313232179284,"plaq_d"
"9089","AC092747.1","Exc L6 CT",0.0558042157287185,1.55085016979316,0.361726850022081,0.547940105385159,0.830796090709115,0.830796090709115,"plaq_d"
"9090","STK38L","Exc L6 CT",0.00496156844745754,5.88804804582087,0.0726161805636104,0.787724645662338,0.950690710400543,0.950690710400543,"plaq_d"
"9091","ARNTL2","Exc L6 CT",-0.0347438623486493,5.33877685189523,1.97910807522627,0.160376308416256,0.484332932993363,0.484332932993363,"plaq_d"
"9092","ARNTL2-AS1","Exc L6 CT",-0.0361575593701767,1.66823975546186,0.143414833534331,0.705140333157721,0.910389359113014,0.910389359113014,"plaq_d"
"9093","SMCO2","Exc L6 CT",-0.0809334959374351,2.15819752382255,1.20348230221822,0.273384880773567,0.62067136510387,0.62067136510387,"plaq_d"
"9094","PPFIBP1","Exc L6 CT",-0.24974540625087,3.22629678147176,4.48538047191497,0.0348941316208367,0.225791211977831,0.225791211977831,"plaq_d"
"9095","MRPS35","Exc L6 CT",-0.0342810417906384,5.27337688021382,3.27405000757868,0.071245879198866,0.327315509279415,0.327315509279415,"plaq_d"
"9096","KLHL42","Exc L6 CT",-0.0134809828341586,6.09184206295498,0.745021240874301,0.388651257521561,0.722895133818159,0.722895133818159,"plaq_d"
"9097","PTHLH","Exc L6 CT",0.114295729548687,1.75520380904256,1.71154765576994,0.191647636164912,0.525252988601408,0.525252988601408,"plaq_d"
"9098","CCDC91","Exc L6 CT",-0.00134544577883809,7.80967726226344,0.010060539087156,0.92016210612269,0.991792773539161,0.991792773539161,"plaq_d"
"9099","AC022364.1","Exc L6 CT",0.0496757664920765,2.3086026010183,0.626028885785311,0.429354313297312,0.755067761327646,0.755067761327646,"plaq_d"
"9100","FAR2","Exc L6 CT",0.0587702144658981,7.28774544476774,12.7677644475127,0.000402336815332451,0.0155282595000696,0.0155282595000696,"plaq_d"
"9101","AC009318.1","Exc L6 CT",0.0844645153461099,3.10492661490986,3.06958114247438,0.0806503047405379,0.349080729400452,0.349080729400452,"plaq_d"
"9102","ERGIC2","Exc L6 CT",0.016127608990014,5.4013114480785,0.969955120707564,0.508665692584723,0.807181581839691,0.807181581839691,"plaq_d"
"9103","OVCH1-AS1","Exc L6 CT",0.101689827811031,1.62385278391209,1.27264156034541,0.260048414100478,0.607539267995858,0.607539267995858,"plaq_d"
"9104","OVCH1","Exc L6 CT",0.0867028688669897,2.65091602158554,2.17360053873412,0.141300706048205,0.457226892939746,0.457226892939746,"plaq_d"
"9105","TMTC1","Exc L6 CT",0.0605986060860437,5.32514765172841,4.43502066044163,0.0359242563098965,0.230136822609668,0.230136822609668,"plaq_d"
"9106","IPO8","Exc L6 CT",0.0092566742875467,5.41432968282917,0.272844956010765,0.601761861896814,0.861044007938231,0.861044007938231,"plaq_d"
"9107","CAPRIN2","Exc L6 CT",0.00876647240063706,6.18376465563728,0.334923544746738,0.635635857622267,0.878269581788608,0.878269581788608,"plaq_d"
"9108","AC010198.1","Exc L6 CT",-0.0409207235857475,2.80893878577047,0.574026574040862,0.449175712991049,0.769893268748558,0.769893268748558,"plaq_d"
"9109","DDX11-AS1","Exc L6 CT",0.0371643037871656,2.93554549863117,0.559872822246391,0.45481657414716,0.774858169604683,0.774858169604683,"plaq_d"
"9110","DDX11","Exc L6 CT",-0.0557268803333045,3.52513945233901,1.04070926848465,0.308364839735012,0.652689915835421,0.652689915835421,"plaq_d"
"9111","DENND5B","Exc L6 CT",0.0298235796775558,8.3578737318754,10.3195344163809,0.00143909391838934,0.0352604371767429,0.0352604371767429,"plaq_d"
"9112","DENND5B-AS1","Exc L6 CT",0.0642300494374608,2.26029981109321,1.04454284554165,0.431808760268598,0.756970577957031,0.756970577957031,"plaq_d"
"9113","ETFBKMT","Exc L6 CT",-0.0293996111336705,2.42348646166395,0.254233270956159,0.641546806740276,0.880849578429471,0.880849578429471,"plaq_d"
"9114","AMN1","Exc L6 CT",-0.0101405327579378,6.56764878003989,0.494446580262579,0.569522624491104,0.843105324410006,0.843105324410006,"plaq_d"
"9115","AC023157.3","Exc L6 CT",0.0214302851409193,2.34555107235472,0.142935752251954,0.705610119709662,0.910657612339148,0.910657612339148,"plaq_d"
"9116","KIAA1551","Exc L6 CT",0.0291723077312127,5.77435463603384,2.83187519549206,0.0933067908446669,0.375522661727656,0.375522661727656,"plaq_d"
"9117","BICD1","Exc L6 CT",0.0130958961489716,8.5287026325587,1.78760846883133,0.195218109922008,0.529755433804764,0.529755433804764,"plaq_d"
"9118","FGD4","Exc L6 CT",0.0451253633694564,6.53407215310403,5.84230380357322,0.0161586268426295,0.150271054280681,0.150271054280681,"plaq_d"
"9119","DNM1L","Exc L6 CT",0.0134842765272604,7.16350114043407,1.8272796620028,0.177326643055514,0.506919447590679,0.506919447590679,"plaq_d"
"9120","YARS2","Exc L6 CT",-0.00984494098505986,4.7955837745962,0.172572725812379,0.678091267927987,0.896508380358193,0.896508380358193,"plaq_d"
"9121","PKP2","Exc L6 CT",-0.0187072920295688,2.05949907088394,0.0421491506697943,0.837455693879074,0.968618325340731,0.968618325340731,"plaq_d"
"9122","SYT10","Exc L6 CT",0.0611499962405108,2.66590804876684,0.52157430885036,0.4706556340778,0.78330156163977,0.78330156163977,"plaq_d"
"9123","AC140847.2","Exc L6 CT",-0.0331573709787209,2.24264473015831,0.169062199050846,0.681199553420407,0.898364673052417,0.898364673052417,"plaq_d"
"9124","ALG10B","Exc L6 CT",0.04739494810547,3.64612011700336,1.75189434582479,0.186507120158196,0.51933394618905,0.51933394618905,"plaq_d"
"9125","CPNE8","Exc L6 CT",0.0116382169153362,8.2573728248279,0.580815096667905,0.446508923032301,0.767394338262028,0.767394338262028,"plaq_d"
"9126","KIF21A","Exc L6 CT",0.0275531467051211,7.76794782591327,9.15139148804917,0.00267002748508604,0.0532930932907188,0.0532930932907188,"plaq_d"
"9127","ABCD2","Exc L6 CT",0.0650455742035161,4.80041068001513,5.87171611847404,0.0158953471056434,0.148880557536007,0.148880557536007,"plaq_d"
"9128","C12orf40","Exc L6 CT",-0.00253681424501805,3.4062294960267,0.00393166302637917,0.950039006600678,0.99802142424354,0.99802142424354,"plaq_d"
"9129","SLC2A13","Exc L6 CT",0.0468457312379559,7.46147795750483,8.47820863478435,0.00382592218820036,0.0670048367656113,0.0670048367656113,"plaq_d"
"9130","LINC02471","Exc L6 CT",-0.0208529914278934,1.90680911395749,0.0659664775619631,0.797454447948458,0.953976585729267,0.953976585729267,"plaq_d"
"9131","AC079630.1","Exc L6 CT",0.0100378477873861,2.83829093743708,0.0317453616455288,0.858691291046281,0.975511864529127,0.975511864529127,"plaq_d"
"9132","LRRK2","Exc L6 CT",0.00964019046975348,6.33420254769858,0.376603504346285,0.539827304638122,0.826231776982824,0.826231776982824,"plaq_d"
"9133","MUC19","Exc L6 CT",0.0843296538006178,2.30615327063667,1.53530074602753,0.216153201760722,0.554973366008574,0.554973366008574,"plaq_d"
"9134","CNTN1","Exc L6 CT",0.0309800596536348,10.2761007352336,11.4787704509439,0.000784538011309963,0.0242365004523996,0.0242365004523996,"plaq_d"
"9135","PDZRN4","Exc L6 CT",0.0387750102049197,10.3890629676351,3.52466315171054,0.0612979015033849,0.305532059993314,0.305532059993314,"plaq_d"
"9136","AC090531.1","Exc L6 CT",-0.00527224507093951,3.52390460391725,0.0117777335025873,0.913641549845925,0.989967061646606,0.989967061646606,"plaq_d"
"9137","AC090630.1","Exc L6 CT",0.157196514586466,2.22428048463949,5.02981266109077,0.0255432757477441,0.191056398030227,0.191056398030227,"plaq_d"
"9138","GXYLT1","Exc L6 CT",-0.0226071844495143,4.66659520261252,0.794399197320169,0.390522450759351,0.724572909025856,0.724572909025856,"plaq_d"
"9139","YAF2","Exc L6 CT",0.00446042285607871,6.71082752079407,0.124721723583985,0.72418247690129,0.919835095953581,0.919835095953581,"plaq_d"
"9140","PPHLN1","Exc L6 CT",-0.00270262501678628,7.33137260202199,0.0633407191508245,0.801440121169127,0.955620788570984,0.955620788570984,"plaq_d"
"9141","ZCRB1","Exc L6 CT",0.0291808020065165,4.35080323706864,1.28691208449032,0.257398157617001,0.60470031924439,0.60470031924439,"plaq_d"
"9142","PRICKLE1","Exc L6 CT",-0.0119425755152346,8.46106275739012,1.04405885518505,0.307588746142662,0.652689915835421,0.652689915835421,"plaq_d"
"9143","PUS7L","Exc L6 CT",-0.0099817464498943,6.14480950796966,0.375902961409305,0.540204355720616,0.826613722890517,0.826613722890517,"plaq_d"
"9144","IRAK4","Exc L6 CT",-0.0112184399083581,2.49952756868603,0.0386457899779266,0.844266744226587,0.970793189054499,0.970793189054499,"plaq_d"
"9145","TWF1","Exc L6 CT",-0.00648691003097179,3.46997768829937,0.0369466756701529,0.847685706084445,0.971366984382048,0.971366984382048,"plaq_d"
"9146","TMEM117","Exc L6 CT",0.0249369770598011,7.29107741410302,2.29480932318523,0.130714361739288,0.44079736509693,0.44079736509693,"plaq_d"
"9147","AC025253.1","Exc L6 CT",0.0814621847161523,2.23402691250163,1.72320255857634,0.190145873562406,0.523592195065877,0.523592195065877,"plaq_d"
"9148","NELL2","Exc L6 CT",0.0493412850615465,10.0745849761973,19.059914879214,1.67247909940731e-05,0.00189582748937541,0.00189582748937541,"plaq_d"
"9149","AC008127.1","Exc L6 CT",0.039231256610799,4.2809876550134,0.818982814142383,0.366103470527089,0.706586078791792,0.706586078791792,"plaq_d"
"9150","ANO6","Exc L6 CT",0.0612743109479447,6.81381183397754,11.422017775015,0.000808075035450451,0.0246462885812388,0.0246462885812388,"plaq_d"
"9151","AC079950.1","Exc L6 CT",0.10432114435962,2.89895586352838,2.83028859700739,0.0933982137049014,0.375676946957016,0.375676946957016,"plaq_d"
"9152","AC008124.1","Exc L6 CT",-0.00491836909585368,4.09976587082845,0.0309882095775391,0.860369028373235,0.976418804293345,0.976418804293345,"plaq_d"
"9153","ARID2","Exc L6 CT",0.0387881541174528,6.12976412418225,6.18230578870841,0.0133715067574719,0.135278805525948,0.135278805525948,"plaq_d"
"9154","SCAF11","Exc L6 CT",-0.00654411371433472,6.54046045291374,0.238818396908842,0.660306083022691,0.890240067542601,0.890240067542601,"plaq_d"
"9155","SLC38A1","Exc L6 CT",0.0228104981323696,6.82265311338872,2.34885774356814,0.126282887485704,0.434083785761285,0.434083785761285,"plaq_d"
"9156","SLC38A2","Exc L6 CT",0.0717733325255863,5.64089033513884,13.580473392776,0.000264943075327781,0.011852719974689,0.011852719974689,"plaq_d"
"9157","AC008014.1","Exc L6 CT",-0.0777731805454582,5.92844764127994,7.4558512876996,0.00664471616608204,0.0910701152739702,0.0910701152739702,"plaq_d"
"9158","PCED1B","Exc L6 CT",-0.297403636836233,1.1642887447404,3.71356951987197,0.054785237507675,0.287318134484696,0.287318134484696,"plaq_d"
"9159","RPAP3","Exc L6 CT",0.0135062390665078,4.26331863864479,0.252362825724269,0.740483341113434,0.928734333149171,0.928734333149171,"plaq_d"
"9160","RAPGEF3","Exc L6 CT",-0.00574649160878316,2.22129201295299,0.00379482440307393,0.950915011769736,0.99802142424354,0.99802142424354,"plaq_d"
"9161","SLC48A1","Exc L6 CT",-0.0035661904081381,4.10165450837684,0.0179431222294494,0.936911025439489,0.996101534451179,0.996101534451179,"plaq_d"
"9162","HDAC7","Exc L6 CT",-0.0126432090190406,4.72169500175627,0.288067185438118,0.5918045513082,0.85660021987669,0.85660021987669,"plaq_d"
"9163","TMEM106C","Exc L6 CT",0.0486384835964081,4.41670980727991,4.49371793267202,0.0347266035818122,0.225394132174828,0.225394132174828,"plaq_d"
"9164","SENP1","Exc L6 CT",-0.0390317143167883,4.39042851502452,2.20057900472532,0.138863480728344,0.453511494683585,0.453511494683585,"plaq_d"
"9165","PFKM","Exc L6 CT",0.023490957169609,4.81250349719377,1.2437203338748,0.265524358899471,0.612523248979044,0.612523248979044,"plaq_d"
"9166","ASB8","Exc L6 CT",0.00618559812052016,4.66938344353408,0.0693360542888977,0.79246169768376,0.952123711391512,0.952123711391512,"plaq_d"
"9167","CCDC184","Exc L6 CT",0.0294253942443718,2.56076153555901,0.244439308893824,0.621329813490768,0.871952026176988,0.871952026176988,"plaq_d"
"9168","ZNF641","Exc L6 CT",-0.0527512990504013,3.59067096239215,2.10735966617911,0.147492445725083,0.465959148815629,0.465959148815629,"plaq_d"
"9169","AC090115.1","Exc L6 CT",0.0041088346298523,4.81695365057942,0.0211848720951651,0.884360672548448,0.98417256045203,0.98417256045203,"plaq_d"
"9170","KANSL2","Exc L6 CT",-0.0178954444135482,3.83302747356079,0.364872081878679,0.546206121536121,0.829999117877352,0.829999117877352,"plaq_d"
"9171","CCNT1","Exc L6 CT",-0.0400950462319689,4.60369114856212,2.98955950479374,0.0846893051143797,0.357029339239354,0.357029339239354,"plaq_d"
"9172","ADCY6","Exc L6 CT",0.0207629720043504,5.04108371401093,1.064849944198,0.302827834986365,0.648736534592815,0.648736534592815,"plaq_d"
"9173","CACNB3","Exc L6 CT",-0.03780504486778,4.51304574628682,2.28579064361271,0.131470617082097,0.442335486197505,0.442335486197505,"plaq_d"
"9174","DDX23","Exc L6 CT",0.0373406847371178,3.82679471537766,1.61294966806745,0.204925705183292,0.540313269563858,0.540313269563858,"plaq_d"
"9175","RND1","Exc L6 CT",-0.00203387854593597,4.00707344250691,0.00358193505516981,0.952310019102524,0.998071449610185,0.998071449610185,"plaq_d"
"9176","AC073610.3","Exc L6 CT",-0.0474693183034237,4.66979227573318,2.86875434124459,0.0912090268511878,0.371231312001612,0.371231312001612,"plaq_d"
"9177","CCDC65","Exc L6 CT",-0.0507542387788121,4.33055896755335,2.30668368807113,0.129726062883471,0.439316961013986,0.439316961013986,"plaq_d"
"9178","WNT10B","Exc L6 CT",0.0195264283059328,3.31235404827117,0.22221427967175,0.637653123438432,0.878611156838095,0.878611156838095,"plaq_d"
"9179","DDN","Exc L6 CT",0.0290353717724906,3.83382635553888,0.745565292137396,0.388478297881674,0.722810338091512,0.722810338091512,"plaq_d"
"9180","DDN-AS1","Exc L6 CT",-0.0422105436648917,3.35509574807637,1.05791688710557,0.304404724473352,0.64998671218012,0.64998671218012,"plaq_d"
"9181","PRKAG1","Exc L6 CT",-0.0946495809663271,4.67319359704184,14.8406242603406,0.000139248277778643,0.0078000708439741,0.0078000708439741,"plaq_d"
"9182","KMT2D","Exc L6 CT",-0.00282764580784791,4.79684676391106,0.0180642895540355,0.893161200463193,0.985595335141122,0.985595335141122,"plaq_d"
"9183","RHEBL1","Exc L6 CT",-0.0432071293146637,2.20627238178928,0.368470515488488,0.544234758282207,0.828575249340506,0.828575249340506,"plaq_d"
"9184","LMBR1L","Exc L6 CT",-0.0174971471384839,4.91125089703071,0.615889177476615,0.433112613517145,0.757697069412178,0.757697069412178,"plaq_d"
"9185","AC011603.2","Exc L6 CT",-0.0201915846113244,4.66727790525177,0.550598421996366,0.458573504656877,0.775898728996668,0.775898728996668,"plaq_d"
"9186","TUBA1B","Exc L6 CT",0.0102951325070128,8.2940812309526,0.290589460802891,0.590187531224558,0.855881907878385,0.855881907878385,"plaq_d"
"9187","TUBA1A","Exc L6 CT",-0.0064423325376822,6.20812615760706,0.098514084819634,0.753808082466568,0.935663144955054,0.935663144955054,"plaq_d"
"9188","TUBA1C","Exc L6 CT",-0.039301875490885,4.04677282785751,1.05484909853736,0.305105876235367,0.650733404977457,0.650733404977457,"plaq_d"
"9189","SPATS2","Exc L6 CT",0.00216794254871654,7.21623713409099,0.036946479100044,0.987581688699771,0.999571689696322,0.999571689696322,"plaq_d"
"9190","KCNH3","Exc L6 CT",-0.000583310622392142,6.33528846339842,0.00115797147126058,0.972873539847514,0.999088296211026,0.999088296211026,"plaq_d"
"9191","MCRS1","Exc L6 CT",0.010809707252841,4.27637182025845,0.161303919798963,0.688205243171989,0.90247792682674,0.90247792682674,"plaq_d"
"9192","PRPF40B","Exc L6 CT",-0.0139113530257331,6.49021648485256,0.992383545130542,0.319852284022774,0.664702464019826,0.664702464019826,"plaq_d"
"9193","FMNL3","Exc L6 CT",-0.0102681972066592,3.00827273305116,0.0413382280692233,0.839005214971036,0.968820749155593,0.968820749155593,"plaq_d"
"9194","TMBIM6","Exc L6 CT",0.0241462235508573,6.5754412426619,4.34973738620564,0.0377423459525654,0.23565419553544,0.23565419553544,"plaq_d"
"9195","NCKAP5L","Exc L6 CT",0.00521326798509413,4.19344032656808,0.0408917176941452,0.841940193153669,0.969723259511979,0.969723259511979,"plaq_d"
"9196","BCDIN3D","Exc L6 CT",-0.0377645623807342,2.57176174433493,0.447239633689943,0.508260006592075,0.806906139178239,0.806906139178239,"plaq_d"
"9197","FAIM2","Exc L6 CT",0.0655860487713094,7.85510725152714,24.3531862228037,1.2454452541103e-06,0.000338291129776829,0.000338291129776829,"plaq_d"
"9198","RACGAP1","Exc L6 CT",0.000445156114499332,3.60486759844219,0.00010381315352764,0.991876430477061,0.999571689696322,0.999571689696322,"plaq_d"
"9199","ASIC1","Exc L6 CT",-0.00669687360829964,4.22356800842448,0.0697130305167708,0.791911264442029,0.952057315516695,0.952057315516695,"plaq_d"
"9200","SMARCD1","Exc L6 CT",0.0194324427340713,4.14993822457228,0.559046723719049,0.46879469631635,0.78210319251016,0.78210319251016,"plaq_d"
"9201","AC074032.1","Exc L6 CT",-0.0582660966642833,5.6219316630965,8.28870603549882,0.0042358073423668,0.070251938364876,0.070251938364876,"plaq_d"
"9202","CERS5","Exc L6 CT",0.011225092781004,5.93467449594285,0.38184303281292,0.537022468503453,0.824197809869479,0.824197809869479,"plaq_d"
"9203","LIMA1","Exc L6 CT",0.0390121148235587,5.12649339029353,2.76350373031979,0.0973367151349595,0.383486412447421,0.383486412447421,"plaq_d"
"9204","FAM186A","Exc L6 CT",-0.0512161092543874,1.90009609904446,0.475468693239788,0.490941280011655,0.797246550146394,0.797246550146394,"plaq_d"
"9205","LARP4","Exc L6 CT",0.00106872156467093,5.81603424234566,0.00402638983790271,0.956744802837565,0.998742420766286,0.998742420766286,"plaq_d"
"9206","DIP2B","Exc L6 CT",0.0063676327892772,7.4404188469314,0.30118466712767,0.678562508445844,0.896894131992533,0.896894131992533,"plaq_d"
"9207","ATF1","Exc L6 CT",0.00682934627091993,5.62210241052911,0.140365910956644,0.95766621713906,0.998742420766286,0.998742420766286,"plaq_d"
"9208","METTL7A","Exc L6 CT",0.033545287029377,4.19703785826818,1.02658797702009,0.311664933459519,0.656241268443824,0.656241268443824,"plaq_d"
"9209","SLC11A2","Exc L6 CT",0.0115592046916144,5.74999410990102,0.560152743006736,0.516659820579956,0.812168025449776,0.812168025449776,"plaq_d"
"9210","LETMD1","Exc L6 CT",-0.00715677337862686,5.27708453614543,0.151309168941258,0.697525159939196,0.907797747447635,0.907797747447635,"plaq_d"
"9211","CSRNP2","Exc L6 CT",0.0014160010312456,5.42326852043252,0.00568179657531741,0.939957495235626,0.996781997348216,0.996781997348216,"plaq_d"
"9212","TFCP2","Exc L6 CT",-0.0295689672763317,6.74342739174226,5.02249167596821,0.0256498924773255,0.191481655641625,0.191481655641625,"plaq_d"
"9213","POU6F1","Exc L6 CT",-0.0190563293311464,4.99357685936885,0.780825479405944,0.588803070215244,0.854987442756975,0.854987442756975,"plaq_d"
"9214","DAZAP2","Exc L6 CT",0.0374922957483002,4.73767375154274,2.49513678638598,0.115106416101229,0.415563707322269,0.415563707322269,"plaq_d"
"9215","GALNT6","Exc L6 CT",-0.0817443947282629,2.6173370458896,1.81467454527093,0.178824507803785,0.508967499870165,0.508967499870165,"plaq_d"
"9216","SLC4A8","Exc L6 CT",0.00013695331547962,7.29660859262438,7.45842103072757e-05,0.993114328822346,0.999571689696322,0.999571689696322,"plaq_d"
"9217","SCN8A","Exc L6 CT",0.0114583504123206,8.64789114682494,2.07869588627585,0.150266519329531,0.470491266332186,0.470491266332186,"plaq_d"
"9218","ACVR1B","Exc L6 CT",0.012834655156539,5.9306266782632,0.627771088302357,0.63496870329599,0.878269581788608,0.878269581788608,"plaq_d"
"9219","GRASP","Exc L6 CT",-0.0565084493013476,3.75188926351111,1.92271304811799,0.166445000413051,0.492344226897501,0.492344226897501,"plaq_d"
"9220","NR4A1","Exc L6 CT",-0.0190347168828037,3.80774025836827,0.170093029814385,0.68028294921068,0.898006902217058,0.898006902217058,"plaq_d"
"9221","ATG101","Exc L6 CT",0.0455830099254701,2.63167383084761,0.808483029272545,0.369190502373579,0.708882455678055,0.708882455678055,"plaq_d"
"9222","EIF4B","Exc L6 CT",0.00853509467918019,5.60441946713803,0.245103017440717,0.620856759893877,0.871613817400055,0.871613817400055,"plaq_d"
"9223","AC068888.1","Exc L6 CT",-0.0850413121748658,3.40865115781654,4.14540392872964,0.042504162791678,0.249852971641077,0.249852971641077,"plaq_d"
"9224","TNS2","Exc L6 CT",0.0122402693508165,2.71670490722393,0.0521980461138596,0.819415834133554,0.963296688080427,0.963296688080427,"plaq_d"
"9225","SPRYD3","Exc L6 CT",0.0660950343258149,5.41142655730913,12.7281429544658,0.000410640968914408,0.0157642330359782,0.0157642330359782,"plaq_d"
"9226","CSAD","Exc L6 CT",-0.0095897732593502,6.47743303681446,0.369943054894249,0.562052697446246,0.838825485427759,0.838825485427759,"plaq_d"
"9227","ZNF740","Exc L6 CT",0.0108502960564497,3.34642865486219,0.0820764088960426,0.792080890588525,0.952057315516695,0.952057315516695,"plaq_d"
"9228","RARG","Exc L6 CT",-0.00759700335743193,3.19855806662755,0.0284699498633924,0.866106672329921,0.977765970425153,0.977765970425153,"plaq_d"
"9229","MFSD5","Exc L6 CT",-0.0296293399496591,2.30041148943755,0.236196539386394,0.627272474722062,0.875328074739829,0.875328074739829,"plaq_d"
"9230","PFDN5","Exc L6 CT",-0.0241882903510746,4.84897538110925,0.662914149754274,0.416089483706722,0.74537951105694,0.74537951105694,"plaq_d"
"9231","C12orf10","Exc L6 CT",-0.0332167598311514,3.22746857934702,0.620633342883818,0.43134798463408,0.756725028855985,0.756725028855985,"plaq_d"
"9232","AAAS","Exc L6 CT",-0.0594615827387596,3.40132903092906,2.54811438444588,0.111333117776765,0.409596617304959,0.409596617304959,"plaq_d"
"9233","SP1","Exc L6 CT",-0.0369780562798163,4.08676959364224,1.51093620091924,0.219826294629858,0.558706652863447,0.558706652863447,"plaq_d"
"9234","PRR13","Exc L6 CT",0.0421972742562704,3.30279217106542,1.32748938989523,0.250042779072702,0.597407490506858,0.597407490506858,"plaq_d"
"9235","PCBP2","Exc L6 CT",0.0210058080299704,6.04179680081273,2.07708403006791,0.150424263827076,0.470538791430605,0.470538791430605,"plaq_d"
"9236","MAP3K12","Exc L6 CT",0.0157515494353335,4.48593541552854,0.369698826000129,0.5435648578069,0.828340294560607,0.828340294560607,"plaq_d"
"9237","TARBP2","Exc L6 CT",-0.0500304319225868,2.12641219623292,0.5498039004984,0.458897635209813,0.775898728996668,0.775898728996668,"plaq_d"
"9238","ATP5MC2","Exc L6 CT",-0.0216973211145264,5.29414390234101,0.914679588085898,0.3395393608269,0.683748077941785,0.683748077941785,"plaq_d"
"9239","CALCOCO1","Exc L6 CT",0.0410541983105354,5.72406745881375,6.10027197915105,0.0139949065373681,0.138368999840602,0.138368999840602,"plaq_d"
"9240","AC023794.1","Exc L6 CT",-0.0781152531103185,2.91961950189412,2.34962505483079,0.126221195639486,0.433981450304762,0.433981450304762,"plaq_d"
"9241","SMUG1","Exc L6 CT",-0.000410834809911555,3.4722709599638,8.32036322697473e-05,0.992727338926708,0.999571689696322,0.999571689696322,"plaq_d"
"9242","CBX5","Exc L6 CT",0.0240886560009779,5.97343474863829,2.50423969690883,0.114448119185227,0.414280896100208,0.414280896100208,"plaq_d"
"9243","AC078778.1","Exc L6 CT",-0.206131461319019,1.86843062952201,6.69026337641704,0.0100992390254056,0.116497311706522,0.116497311706522,"plaq_d"
"9244","HNRNPA1","Exc L6 CT",-0.0226538429129389,4.81540023412634,0.857019120279234,0.355215384237226,0.698120348121766,0.698120348121766,"plaq_d"
"9245","COPZ1","Exc L6 CT",0.0424505149643408,4.64603896184893,3.35214134379385,0.105742732554359,0.398918338011676,0.398918338011676,"plaq_d"
"9246","ZNF385A","Exc L6 CT",-0.0194208430636289,3.13859353016776,0.207756730106503,0.702154854398176,0.909720010075026,0.909720010075026,"plaq_d"
"9247","ITGA5","Exc L6 CT",0.00474682819207846,1.72419486709162,0.00956899559878558,0.92213052320516,0.992627684679289,0.992627684679289,"plaq_d"
"9248","PDE1B","Exc L6 CT",0.025326771884795,5.13782491662327,1.32143032663455,0.251124470598773,0.598351864543938,0.598351864543938,"plaq_d"
"9249","PPP1R1A","Exc L6 CT",-0.0372390009085837,2.63508101943162,0.453106386322824,0.501309970726054,0.804405277495787,0.804405277495787,"plaq_d"
"9250","TESPA1","Exc L6 CT",0.0613376166872635,6.54895476182633,6.0082682808928,0.0147299499859023,0.142634487586626,0.142634487586626,"plaq_d"
"9251","ITGA7","Exc L6 CT",-0.0168339323785714,3.63528348789047,0.191613365123543,0.661848607296563,0.891047652729947,0.891047652729947,"plaq_d"
"9252","CD63","Exc L6 CT",-0.0180844453429969,2.31754044080252,0.0655478209347163,0.798084195759954,0.954254159647866,0.954254159647866,"plaq_d"
"9253","GDF11","Exc L6 CT",-0.0752296984525151,2.43747389433237,1.51218888518216,0.21963563226718,0.558706652863447,0.558706652863447,"plaq_d"
"9254","PYM1","Exc L6 CT",-0.024004281257728,2.73081857687485,0.28518157250068,0.601122799101106,0.860659128643636,0.860659128643636,"plaq_d"
"9255","DGKA","Exc L6 CT",0.0332367286657307,3.03704765579572,0.569456015665638,0.450985229425136,0.771713972944899,0.771713972944899,"plaq_d"
"9256","RAB5B","Exc L6 CT",0.0290143567625555,5.45465558334688,2.60685170179282,0.107308583259449,0.40171186190256,0.40171186190256,"plaq_d"
"9257","SUOX","Exc L6 CT",-0.0828124419033963,2.8708102773689,3.0824166188685,0.0800221058751485,0.347825554401763,0.347825554401763,"plaq_d"
"9258","IKZF4","Exc L6 CT",0.0170023841852456,4.54043532879224,0.512165368081842,0.49986606590853,0.803222668246366,0.803222668246366,"plaq_d"
"9259","RPS26","Exc L6 CT",-0.10854075575864,2.76180970284388,3.57632207108491,0.0594386316627005,0.300883542818335,0.300883542818335,"plaq_d"
"9260","PA2G4","Exc L6 CT",0.0304913603934393,3.9198701088022,1.06717346055996,0.328822636142264,0.673509183210693,0.673509183210693,"plaq_d"
"9261","RPL41","Exc L6 CT",-0.0599560899124763,5.0965605678187,3.51501420500272,0.0616520191329516,0.305838203803574,0.305838203803574,"plaq_d"
"9262","ESYT1","Exc L6 CT",0.0217744931124965,3.50223714992334,0.381442074702488,0.537236168126699,0.82435001879684,0.82435001879684,"plaq_d"
"9263","AC034102.5","Exc L6 CT",0.011558088336743,2.00259734559119,0.0308205755387424,0.860743329368828,0.976495686661412,0.976495686661412,"plaq_d"
"9264","MYL6B","Exc L6 CT",-0.0298618434659769,4.88813356887257,1.90336283288338,0.168587710556855,0.495174680588044,0.495174680588044,"plaq_d"
"9265","MYL6","Exc L6 CT",0.0514634669259905,4.35799144450664,3.32382216547621,0.0691402183027234,0.322270419233624,0.322270419233624,"plaq_d"
"9266","SMARCC2","Exc L6 CT",0.0185182228662716,6.0191935353028,1.40542415669651,0.23662590482464,0.581734446488155,0.581734446488155,"plaq_d"
"9267","RNF41","Exc L6 CT",0.0285809016658919,4.92450116612904,1.9885322641629,0.159387072262746,0.483060272061998,0.483060272061998,"plaq_d"
"9268","NABP2","Exc L6 CT",-0.0339874281112362,3.5410423838671,1.1148617855021,0.298712351717323,0.645995581805218,0.645995581805218,"plaq_d"
"9269","ANKRD52","Exc L6 CT",0.0313963590068597,4.61490126241334,1.55532538765556,0.213189178684952,0.550210006516415,0.550210006516415,"plaq_d"
"9270","CS","Exc L6 CT",0.0434833475432921,4.49602559788469,3.22848023132663,0.0732343581629716,0.331743807461969,0.331743807461969,"plaq_d"
"9271","AC073896.1","Exc L6 CT",0.0388027456208535,4.06944431085116,1.61569848742929,0.204541105546194,0.540010760935326,0.540010760935326,"plaq_d"
"9272","AC073896.2","Exc L6 CT",-0.0938447092377585,2.74244097752223,3.42376010963845,0.0651114149451428,0.313597835245994,0.313597835245994,"plaq_d"
"9273","PAN2","Exc L6 CT",0.0125581042048364,4.50666868077229,0.241105785925837,0.623717924831467,0.872864237883659,0.872864237883659,"plaq_d"
"9274","STAT2","Exc L6 CT",-0.0415822011142172,5.34794202766871,5.11163780986089,0.024382623367324,0.18601602861473,0.18601602861473,"plaq_d"
"9275","SPRYD4","Exc L6 CT",0.00456577740570331,2.57978593733298,0.0076145642952452,0.930513839357644,0.994408524340632,0.994408524340632,"plaq_d"
"9276","GLS2","Exc L6 CT",-0.00874627112028443,5.92423312568141,0.300178014655012,0.584121887332629,0.852322430026867,0.852322430026867,"plaq_d"
"9277","RBMS2","Exc L6 CT",-0.0537100191193244,3.92157702593484,2.07089769552762,0.151031438550302,0.471535152758652,0.471535152758652,"plaq_d"
"9278","BAZ2A","Exc L6 CT",-0.018835106802696,5.41676332319521,1.1420533483958,0.285959166036401,0.632580611269615,0.632580611269615,"plaq_d"
"9279","ATP5F1B","Exc L6 CT",0.0321058454445639,5.65768660929901,2.61597916439836,0.106697721596246,0.400318061011092,0.400318061011092,"plaq_d"
"9280","PTGES3","Exc L6 CT",-0.00588817603960096,6.05305113419416,0.127795438147954,0.72094542516154,0.91822793423211,0.91822793423211,"plaq_d"
"9281","NACA","Exc L6 CT",-0.0469311336043004,5.64321547604393,2.75239383974956,0.0980093529575306,0.384677721104138,0.384677721104138,"plaq_d"
"9282","PRIM1","Exc L6 CT",-0.0511074031939583,3.48799145053903,1.80122760752207,0.180438607392444,0.51078743850377,0.51078743850377,"plaq_d"
"9283","HSD17B6","Exc L6 CT",-0.0688923567166894,2.54687753512916,1.54942648966619,0.214057259861461,0.551475134125093,0.551475134125093,"plaq_d"
"9284","ZBTB39","Exc L6 CT",-0.0625155972947958,2.46484872454291,1.15223258497676,0.283825613592359,0.630353831113176,0.630353831113176,"plaq_d"
"9285","NEMP1","Exc L6 CT",-0.0207992629539624,3.69792975530336,0.380897823934666,0.537526487285678,0.824531839207738,0.824531839207738,"plaq_d"
"9286","NAB2","Exc L6 CT",-0.0147761597562945,3.81580073518837,0.224608240620782,0.635847913416573,0.878269581788608,0.878269581788608,"plaq_d"
"9287","STAT6","Exc L6 CT",-0.0587938940248667,4.28982261409751,4.0783736415379,0.0442011496663548,0.256373791537809,0.256373791537809,"plaq_d"
"9288","LRP1","Exc L6 CT",0.0204357298606995,6.06150867099647,1.95989534704485,0.16241486178884,0.48708911624913,0.48708911624913,"plaq_d"
"9289","NXPH4","Exc L6 CT",0.162020000161458,1.91873383306648,3.05804216020846,0.081219610094472,0.350071109856293,0.350071109856293,"plaq_d"
"9290","SHMT2","Exc L6 CT",0.0373565215135581,2.29405241148932,0.415755309338923,0.749164912219491,0.933279515084094,0.933279515084094,"plaq_d"
"9291","NDUFA4L2","Exc L6 CT",-0.0689724228632242,2.64503292480416,1.62431431949584,0.20334114716099,0.539126093228913,0.539126093228913,"plaq_d"
"9292","STAC3","Exc L6 CT",-0.181433100144563,2.46462663039024,9.85722691787716,0.001836309457906,0.0415921957025381,0.0415921957025381,"plaq_d"
"9293","R3HDM2","Exc L6 CT",-0.0100475052000601,7.92465630720562,0.656340967778842,0.418408025184264,0.746439431003449,0.746439431003449,"plaq_d"
"9294","MARS","Exc L6 CT",0.0277711539930999,5.39251625659187,1.85587996706211,0.173981620928159,0.502032354155497,0.502032354155497,"plaq_d"
"9295","DDIT3","Exc L6 CT",-0.0477367006291075,2.7398982171052,0.897575947702718,0.344089547907903,0.687958895922466,0.687958895922466,"plaq_d"
"9296","MBD6","Exc L6 CT",0.0495979053810482,3.38257468884745,1.58591366415112,0.208754456212589,0.54501798179841,0.54501798179841,"plaq_d"
"9297","DCTN2","Exc L6 CT",-0.0115801455334447,5.12880777847108,0.406195172899646,0.524325864224348,0.817207495258297,0.817207495258297,"plaq_d"
"9298","KIF5A","Exc L6 CT",0.0145093379211591,6.6544102935365,1.1883244471612,0.276421610966402,0.624768048966096,0.624768048966096,"plaq_d"
"9299","PIP4K2C","Exc L6 CT",-0.000691882262233765,5.1583918103798,0.00103950379823724,0.974298064275543,0.999093977007575,0.999093977007575,"plaq_d"
"9300","DTX3","Exc L6 CT",0.0544890415072834,5.42188029815264,7.84723917123321,0.00537421308684961,0.0808434394966426,0.0808434394966426,"plaq_d"
"9301","ARHGEF25","Exc L6 CT",0.0428584199014928,4.71899243173689,3.79630871389868,0.052168723948538,0.281703282056696,0.281703282056696,"plaq_d"
"9302","SLC26A10","Exc L6 CT",-0.0434432036905776,2.22657177287994,0.457776083191083,0.499114358209537,0.802910973380768,0.802910973380768,"plaq_d"
"9303","B4GALNT1","Exc L6 CT",0.0186589507144841,5.44061785797642,1.08584829122214,0.298115885139611,0.645839891055938,0.645839891055938,"plaq_d"
"9304","OS9","Exc L6 CT",-0.0131378582275311,5.12012066969391,0.429427285290545,0.512702804426918,0.810105320220603,0.810105320220603,"plaq_d"
"9305","AC025165.2","Exc L6 CT",-0.0797675186669865,2.21014301355468,1.28834112100686,0.257134611712245,0.604459482398674,0.604459482398674,"plaq_d"
"9306","AGAP2","Exc L6 CT",-0.0281355579616391,5.28984517072697,2.15952936682058,0.142591009980819,0.458815417899836,0.458815417899836,"plaq_d"
"9307","TSPAN31","Exc L6 CT",0.0339453556193957,3.8196644160287,1.11236595481828,0.292299490891798,0.639505086759624,0.639505086759624,"plaq_d"
"9308","CDK4","Exc L6 CT",-0.0118516262762377,3.05750358971181,0.0756103854850217,0.833290387036142,0.96728960782902,0.96728960782902,"plaq_d"
"9309","MARCH9","Exc L6 CT",-0.00202789995792782,3.62056212261036,0.00334679961538396,0.953900075877429,0.998216253735524,0.998216253735524,"plaq_d"
"9310","TSFM","Exc L6 CT",-0.0157705941471873,3.71031442714646,0.210923949888436,0.646330763814692,0.882935961356025,0.882935961356025,"plaq_d"
"9311","AVIL","Exc L6 CT",0.00353169449311999,4.52480356572152,0.0102201716557818,0.919533341195563,0.991729246317899,0.991729246317899,"plaq_d"
"9312","CTDSP2","Exc L6 CT",-0.00686594819954987,5.0875999355241,0.115358947461772,0.734328413471539,0.925853200239646,0.925853200239646,"plaq_d"
"9313","AC084033.3","Exc L6 CT",0.00937832750146757,3.70769445811821,0.069713342949442,0.791910808911759,0.952057315516695,0.952057315516695,"plaq_d"
"9314","ATP23","Exc L6 CT",0.0871003196803924,3.21356586721676,5.22809900559125,0.0228246508408831,0.180300023264494,0.180300023264494,"plaq_d"
"9315","AC020637.1","Exc L6 CT",0.244953019384708,1.88005765503521,7.32870339033546,0.00712075271708309,0.0942907746224422,0.0942907746224422,"plaq_d"
"9316","SLC16A7","Exc L6 CT",0.0241842069190479,7.2284086240994,2.84149932700156,0.0927543194224834,0.374976462343744,0.374976462343744,"plaq_d"
"9317","FAM19A2","Exc L6 CT",0.0757334990015306,8.19309137661429,4.31367207387716,0.0385400985881755,0.237917349603505,0.237917349603505,"plaq_d"
"9318","USP15","Exc L6 CT",0.0133825850992594,6.81957146455236,1.37158762134258,0.263766562134862,0.610185349267793,0.610185349267793,"plaq_d"
"9319","MON2","Exc L6 CT",0.011167192587009,7.86678782496852,1.44130359427503,0.230744606968049,0.574602097020503,0.574602097020503,"plaq_d"
"9320","AC048341.1","Exc L6 CT",0.102103432114308,2.78205290980806,3.8640305703929,0.0501260059662591,0.274482305777963,0.274482305777963,"plaq_d"
"9321","PPM1H","Exc L6 CT",-0.00978018690119247,6.04285988662636,0.357629239274099,0.550214612355974,0.831593351697929,0.831593351697929,"plaq_d"
"9322","DPY19L2","Exc L6 CT",0.0100740352279697,7.50083811636169,0.4974986497866,0.481072833013964,0.790855830086677,0.790855830086677,"plaq_d"
"9323","AC084357.2","Exc L6 CT",-0.10714014615202,3.02139147426926,3.61685359287711,0.0580220410251592,0.297360378283443,0.297360378283443,"plaq_d"
"9324","RXYLT1","Exc L6 CT",-0.0348240960054967,3.72783076659898,0.996244290641288,0.318914108621793,0.663739700407595,0.663739700407595,"plaq_d"
"9325","SRGAP1","Exc L6 CT",-0.0155950578307095,7.887267325964,0.682194608609894,0.409397601623038,0.740913325299283,0.740913325299283,"plaq_d"
"9326","AC020611.2","Exc L6 CT",-0.107528489245128,3.12894511069869,4.9296661853003,0.0270427462951905,0.197217515534733,0.197217515534733,"plaq_d"
"9327","C12orf66","Exc L6 CT",0.0182607769481726,3.02254014057426,0.17386397570126,0.676957302237927,0.896053450075137,0.896053450075137,"plaq_d"
"9328","XPOT","Exc L6 CT",0.0411048097906275,5.11626852616252,3.90136383801852,0.0490363752769933,0.270159838686412,0.270159838686412,"plaq_d"
"9329","TBK1","Exc L6 CT",-0.0048258876922754,5.88907212862769,0.0895146502820475,0.845198086177156,0.970989677488336,0.970989677488336,"plaq_d"
"9330","RASSF3","Exc L6 CT",-0.0436496108524282,2.40986048573572,0.407301617030846,0.523761786835305,0.81708654998711,0.81708654998711,"plaq_d"
"9331","GNS","Exc L6 CT",-0.0308377103920553,5.11236074765027,2.75407381446795,0.0979073146220311,0.384576726138816,0.384576726138816,"plaq_d"
"9332","AC025262.1","Exc L6 CT",0.0221597633762297,2.87432274136133,0.218360513535261,0.640584263716803,0.880223055723513,0.880223055723513,"plaq_d"
"9333","TBC1D30","Exc L6 CT",0.0158394227935241,5.15838210492455,0.591147853135089,0.456073611564246,0.775408545347326,0.775408545347326,"plaq_d"
"9334","LINC02389","Exc L6 CT",0.0367740711703011,6.51257248009007,2.41604078824166,0.121006542279742,0.42498418703566,0.42498418703566,"plaq_d"
"9335","LINC02231","Exc L6 CT",0.00674318186587998,2.52584624265002,0.0175680932202957,0.894630043106131,0.985997098496085,0.985997098496085,"plaq_d"
"9336","LEMD3","Exc L6 CT",0.0366749990635281,5.91525762429341,5.16058045158443,0.0237148046338506,0.182663631625957,0.182663631625957,"plaq_d"
"9337","MSRB3","Exc L6 CT",0.0205117210826071,5.93493806482534,1.05870082172575,0.304225889445989,0.649701217099014,0.649701217099014,"plaq_d"
"9338","LINC02454","Exc L6 CT",-0.0831743914608997,1.78016709654889,0.861214471335311,0.354041890289124,0.69702457762784,0.69702457762784,"plaq_d"
"9339","HMGA2","Exc L6 CT",-0.243703459727042,1.85772717233419,6.60449652554517,0.010587526821433,0.119449871568456,0.119449871568456,"plaq_d"
"9340","AC090673.1","Exc L6 CT",-0.0684794748656498,2.03608778967086,0.586494204894157,0.444296817834467,0.76577109874346,0.76577109874346,"plaq_d"
"9341","LLPH","Exc L6 CT",0.0053331026234768,3.04339808204583,0.0154280128959249,0.901221031303698,0.987698430216255,0.987698430216255,"plaq_d"
"9342","HELB","Exc L6 CT",-0.0287586860179781,4.00654459575045,0.661293833144357,0.416659234723415,0.745940342326788,0.745940342326788,"plaq_d"
"9343","GRIP1","Exc L6 CT",0.0567656010899247,9.99832477333288,27.7412137482535,2.43413116153897e-07,9.4707438382473e-05,9.4707438382473e-05,"plaq_d"
"9344","CAND1","Exc L6 CT",0.0209206364531979,6.22350947109281,2.30086148793144,0.130209593271218,0.439713184314438,0.439713184314438,"plaq_d"
"9345","DYRK2","Exc L6 CT",0.0553207409467896,4.23331864517276,2.96797018791263,0.085816227527242,0.359435742465286,0.359435742465286,"plaq_d"
"9346","IFNG-AS1","Exc L6 CT",0.0344968150389014,2.09748307675748,0.173906769909463,0.676919805455476,0.896053450075137,0.896053450075137,"plaq_d"
"9347","MDM1","Exc L6 CT",-0.059003182280096,3.75617196618612,2.88103743499848,0.0905218030397532,0.369478842234275,0.369478842234275,"plaq_d"
"9348","RAP1B","Exc L6 CT",-0.00432490978027441,5.55150289436501,0.0617321623589322,0.803925313719707,0.956709003580136,0.956709003580136,"plaq_d"
"9349","NUP107","Exc L6 CT",-0.0123353255712911,5.46519143135341,0.448286929477849,0.503593313762725,0.805525482769799,0.805525482769799,"plaq_d"
"9350","SLC35E3","Exc L6 CT",-0.0127834864127298,6.35221646616567,0.679463727139415,0.410335730219928,0.741830110793178,0.741830110793178,"plaq_d"
"9351","MDM2","Exc L6 CT",0.0309446424510084,5.56791958440158,3.53649604177165,0.0679880834981906,0.319803671660267,0.319803671660267,"plaq_d"
"9352","CPSF6","Exc L6 CT",0.0182245505220172,6.90456202469695,2.18994195863668,0.14906025464281,0.468633200663442,0.468633200663442,"plaq_d"
"9353","YEATS4","Exc L6 CT",-0.0626627655019221,3.46793583474033,3.2802273339059,0.08804488057684,0.363387070178953,0.363387070178953,"plaq_d"
"9354","FRS2","Exc L6 CT",0.00745559089682894,6.4112077553442,0.329474722347781,0.566339144422706,0.840971661721351,0.840971661721351,"plaq_d"
"9355","CCT2","Exc L6 CT",0.0236636840383665,4.93600163908326,1.16356246483604,0.28147460966013,0.627848623274301,0.627848623274301,"plaq_d"
"9356","RAB3IP","Exc L6 CT",0.0101170683044715,3.9423334195507,0.0894780506941149,0.765020214768184,0.940497951477607,0.940497951477607,"plaq_d"
"9357","MYRFL","Exc L6 CT",-0.0880363548128441,2.97198937992296,1.61995635167993,0.203947053485609,0.539547106295375,0.539547106295375,"plaq_d"
"9358","AC025159.1","Exc L6 CT",-0.0391434529038841,7.84408798042161,1.28395996922618,0.257943653418148,0.605334923228512,0.605334923228512,"plaq_d"
"9359","CNOT2","Exc L6 CT",0.0261021388938272,6.66355259239326,4.43501816847693,0.0359243080674142,0.230136822609668,0.230136822609668,"plaq_d"
"9360","KCNMB4","Exc L6 CT",-0.00951780421190547,7.59563007854314,0.386625392419019,0.534485492713008,0.822542051475354,0.822542051475354,"plaq_d"
"9361","AC025569.1","Exc L6 CT",0.068384472577817,3.24699969081892,2.10612242026883,0.147610980078033,0.465959148815629,0.465959148815629,"plaq_d"
"9362","PTPRB","Exc L6 CT",0.0064579197343576,6.55018126313013,0.128074613779734,0.720653598012921,0.918052498259632,0.918052498259632,"plaq_d"
"9363","PTPRR","Exc L6 CT",0.00431551126656707,8.33754903188528,0.103413532813548,0.747964045123261,0.932509776876632,0.932509776876632,"plaq_d"
"9364","ZFC3H1","Exc L6 CT",0.0371089468191441,6.20873551231731,7.28004837265226,0.0073120560628008,0.0958691794900549,0.0958691794900549,"plaq_d"
"9365","THAP2","Exc L6 CT",0.000984797514436073,3.71198466365946,0.000858103301366286,0.976647372842529,0.999093977007575,0.999093977007575,"plaq_d"
"9366","TMEM19","Exc L6 CT",-0.0199922199428143,3.46286553973137,0.279836491449876,0.59714545810132,0.858855692910863,0.858855692910863,"plaq_d"
"9367","RAB21","Exc L6 CT",0.0268727932736743,5.68756874012928,2.7412009337369,0.0986921687720309,0.385553017863186,0.385553017863186,"plaq_d"
"9368","TBC1D15","Exc L6 CT",0.0351415919949851,6.18231740278241,7.21244221234852,0.0136371200268406,0.136491182652838,0.136491182652838,"plaq_d"
"9369","TRHDE","Exc L6 CT",-0.442824600578279,1.9158023672,5.91098696473328,0.0155507284757803,0.147700396051799,0.147700396051799,"plaq_d"
"9370","ATXN7L3B","Exc L6 CT",0.0849281710036035,5.37776829502158,19.4811421528269,1.35702600362099e-05,0.00160129068427277,0.00160129068427277,"plaq_d"
"9371","KCNC2","Exc L6 CT",-0.028678073948984,4.67308054284704,0.133897121553927,0.714647313674569,0.914655584125546,0.914655584125546,"plaq_d"
"9372","CAPS2","Exc L6 CT",0.0316905607458736,5.95218367093686,2.14631167766814,0.143815180533736,0.46036492009868,0.46036492009868,"plaq_d"
"9373","GLIPR1L2","Exc L6 CT",-0.0348861932118862,3.7236850434725,0.410071342275047,0.52235446699492,0.815775103803305,0.815775103803305,"plaq_d"
"9374","KRR1","Exc L6 CT",-0.00710766378962391,5.36539530053867,0.169682455625643,0.689499855153358,0.903470495477236,0.903470495477236,"plaq_d"
"9375","AC078923.1","Exc L6 CT",-0.0965066393008381,3.3404264766955,2.83521502516695,0.0931146625924838,0.375522661727656,0.375522661727656,"plaq_d"
"9376","PHLDA1","Exc L6 CT",0.0706166470406132,3.81256742335099,4.06140716085245,0.0446419449910141,0.257300068683902,0.257300068683902,"plaq_d"
"9377","NAP1L1","Exc L6 CT",0.00612536345059417,7.46160742715943,0.280936484331964,0.596425885864649,0.858855692910863,0.858855692910863,"plaq_d"
"9378","BBS10","Exc L6 CT",0.0113646747365019,2.9311919950131,0.0675572309748344,0.969908881337046,0.998742420766286,0.998742420766286,"plaq_d"
"9379","OSBPL8","Exc L6 CT",0.0285484868104294,8.23116599290449,4.87792911045267,0.0278531433376993,0.200436246928321,0.200436246928321,"plaq_d"
"9380","AC107032.2","Exc L6 CT",-0.10024324115547,2.43183077390482,1.79051369768329,0.181736763909648,0.511592188745267,0.511592188745267,"plaq_d"
"9381","ZDHHC17","Exc L6 CT",0.0212699071152747,6.90497919078427,4.10473767594,0.0435253097545079,0.254091792062407,0.254091792062407,"plaq_d"
"9382","CSRP2","Exc L6 CT",-0.0497814269355626,4.67954190385677,2.59904883567005,0.107833851999115,0.402900631554441,0.402900631554441,"plaq_d"
"9383","NAV3","Exc L6 CT",0.0363414939074044,11.2072807755474,15.6865491748639,9.06769586191928e-05,0.0059847048809028,0.0059847048809028,"plaq_d"
"9384","AC073571.1","Exc L6 CT",-0.125977060553888,2.34749783685046,3.46764903254796,0.0634223575683936,0.309646428475413,0.309646428475413,"plaq_d"
"9385","AC128707.1","Exc L6 CT",0.0451330399797134,2.49729590847427,0.411308789013282,0.521727875929025,0.815327236417092,0.815327236417092,"plaq_d"
"9386","SYT1","Exc L6 CT",0.0291249486266752,12.1287788200922,12.8045897914171,0.000394771437662172,0.0153534318771185,0.0153534318771185,"plaq_d"
"9387","AC090709.1","Exc L6 CT",-0.00622518609085092,5.23708311834797,0.0541328002989762,0.816158584517745,0.961097667297951,0.961097667297951,"plaq_d"
"9388","AC027288.3","Exc L6 CT",-0.00206407324419475,5.20247486108668,0.0042056294238638,0.948329989978288,0.997964805243233,0.997964805243233,"plaq_d"
"9389","PPP1R12A","Exc L6 CT",0.0325117578840896,7.96156556836092,11.207563950745,0.000903684958476279,0.0262152528096006,0.0262152528096006,"plaq_d"
"9390","OTOGL","Exc L6 CT",0.00622111857325964,3.18446952190056,0.0110936295295487,0.916177542419756,0.99087914169174,0.99087914169174,"plaq_d"
"9391","PTPRQ","Exc L6 CT",-0.0603962521371449,2.27609448317663,0.734594192188832,0.39198757278222,0.725560458684137,0.725560458684137,"plaq_d"
"9392","LIN7A","Exc L6 CT",0.0349514586911302,6.22597296079117,3.46454564728698,0.0635402350149442,0.309761335345458,0.309761335345458,"plaq_d"
"9393","ACSS3","Exc L6 CT",0.129495781991813,2.37044662143129,4.50492799139183,0.0345026858657127,0.224740770452098,0.224740770452098,"plaq_d"
"9394","PPFIA2","Exc L6 CT",0.0399587775933709,9.00471325345707,15.0673557386624,0.000124097786056856,0.00736632116146839,0.00736632116146839,"plaq_d"
"9395","PPFIA2-AS1","Exc L6 CT",-0.0745613891659561,2.24040468020476,1.32591794539435,0.250322768728091,0.597416342797046,0.597416342797046,"plaq_d"
"9396","AC069228.1","Exc L6 CT",-0.0660025862196824,3.62704311020454,2.73881886455495,0.0988381569700072,0.385876804488983,0.385876804488983,"plaq_d"
"9397","CCDC59","Exc L6 CT",-0.0104607755556097,5.73777300141666,0.184434732571454,0.667855096081052,0.893866880369817,0.893866880369817,"plaq_d"
"9398","METTL25","Exc L6 CT",0.00425768419352492,5.9136827587044,0.0600334630590153,0.806587393510095,0.957781839780811,0.957781839780811,"plaq_d"
"9399","TMTC2","Exc L6 CT",-0.0261950710170154,1.61839491958918,0.00819358493469207,0.927927301877417,0.994079583109636,0.994079583109636,"plaq_d"
"9400","SLC6A15","Exc L6 CT",0.0313130202282596,6.98900875108065,3.04524952563923,0.0818558608237808,0.35123605735295,0.35123605735295,"plaq_d"
"9401","TSPAN19","Exc L6 CT",-0.0209252436772473,2.22600713038632,0.11025616913701,0.740052466104919,0.928661774628954,0.928661774628954,"plaq_d"
"9402","LRRIQ1","Exc L6 CT",-0.0783217171361874,4.79598004550155,4.41823695685172,0.0362746343322507,0.231140950733835,0.231140950733835,"plaq_d"
"9403","MGAT4C","Exc L6 CT",0.0607420315788842,7.39948671008965,1.77977279715261,0.183049099595955,0.513327657551999,0.513327657551999,"plaq_d"
"9404","C12orf29","Exc L6 CT",0.0964817607863026,3.97965972507745,10.8169372644247,0.00110842881249153,0.0296047146282525,0.0296047146282525,"plaq_d"
"9405","CEP290","Exc L6 CT",0.0172563258110856,7.1301443824803,1.86857648828667,0.172520082581671,0.499807197853432,0.499807197853432,"plaq_d"
"9406","TMTC3","Exc L6 CT",0.0251268595013057,5.86041423580186,2.53036491026703,0.113466554831841,0.412763362519529,0.412763362519529,"plaq_d"
"9407","KITLG","Exc L6 CT",0.0336917494005973,4.50259032436986,0.988538045688673,0.32079037605101,0.665360749502382,0.665360749502382,"plaq_d"
"9408","AC024909.1","Exc L6 CT",0.056533283987345,3.19806088065056,0.835988574134264,0.361179269619257,0.702172989048352,0.702172989048352,"plaq_d"
"9409","DUSP6","Exc L6 CT",0.0191111568687486,3.74149658550573,0.147960609473948,0.70072676855175,0.909570559014748,0.909570559014748,"plaq_d"
"9410","POC1B","Exc L6 CT",0.00370009087732636,5.32738915854245,0.0301357281416687,0.86228349623574,0.976702457660219,0.976702457660219,"plaq_d"
"9411","POC1B-AS1","Exc L6 CT",-0.0157408755301456,4.8268635874804,0.399884341493905,0.527564005008699,0.818249913461131,0.818249913461131,"plaq_d"
"9412","AC025034.1","Exc L6 CT",0.0810442697064813,4.01406256734293,5.77952946619052,0.0167357626112626,0.152679365368654,0.152679365368654,"plaq_d"
"9413","ATP2B1","Exc L6 CT",0.020863023032914,9.91665039720889,6.28728394271633,0.0126153524958626,0.130749182527314,0.130749182527314,"plaq_d"
"9414","ATP2B1-AS1","Exc L6 CT",-0.042758522384783,4.88485067562669,2.60294579447727,0.107571165420173,0.402232336984106,0.402232336984106,"plaq_d"
"9415","AC084200.1","Exc L6 CT",-0.035683234587826,2.77739758559785,0.336975708678372,0.561955611075566,0.838767545572197,0.838767545572197,"plaq_d"
"9416","AC126178.1","Exc L6 CT",0.100601885082611,1.96527937883464,1.7286907264126,0.189443480938376,0.522841713749616,0.522841713749616,"plaq_d"
"9417","BTG1","Exc L6 CT",0.0367911688654454,3.62394117953454,0.879911471766025,0.3488761219785,0.692644507925959,0.692644507925959,"plaq_d"
"9418","EEA1","Exc L6 CT",0.00276404460029655,6.11630633560134,0.0327925626636796,0.856404515707151,0.975107136969453,0.975107136969453,"plaq_d"
"9419","AC138123.1","Exc L6 CT",-0.0202233057682633,4.14731489763509,0.151207239162427,0.697622011670824,0.907797747447635,0.907797747447635,"plaq_d"
"9420","AC124947.1","Exc L6 CT",-0.0153593839768119,3.03654748407499,0.068179546564674,0.794160402250065,0.953000771778707,0.953000771778707,"plaq_d"
"9421","NUDT4","Exc L6 CT",0.0414878466100252,5.9806980680859,5.38363528061075,0.0209039339435052,0.171667446121336,0.171667446121336,"plaq_d"
"9422","UBE2N","Exc L6 CT",0.0233458763901534,5.61009202190184,1.99773794338209,0.158427500285375,0.481329637489731,0.481329637489731,"plaq_d"
"9423","MRPL42","Exc L6 CT",0.0149545013751827,5.07847859463705,0.522930985257807,0.470079547017513,0.783067016762799,0.783067016762799,"plaq_d"
"9424","SOCS2","Exc L6 CT",0.0682603406408013,4.13624129830959,5.03720421241113,0.0254361004540242,0.190618481070345,0.190618481070345,"plaq_d"
"9425","CRADD","Exc L6 CT",0.0283466507332174,6.65565965704875,2.48793179707976,0.115630435200118,0.416087162325362,0.416087162325362,"plaq_d"
"9426","AC012085.2","Exc L6 CT",-0.140551017738713,1.94259055518772,3.00862153263391,0.0837076522768559,0.354797227001267,0.354797227001267,"plaq_d"
"9427","PLXNC1","Exc L6 CT",-0.0189761411988004,5.50062708175176,0.874380903423324,0.350393369087151,0.693521332438791,0.693521332438791,"plaq_d"
"9428","CEP83","Exc L6 CT",0.0036426192246742,5.76731958576496,0.0369871943534902,0.847603235898357,0.971364821464102,0.971364821464102,"plaq_d"
"9429","NDUFA12","Exc L6 CT",-0.0585536025799835,4.55493140471971,4.99534121867479,0.0260493620030138,0.193103303499169,0.193103303499169,"plaq_d"
"9430","NR2C1","Exc L6 CT",-0.0119052129163891,5.80133999161254,0.503168221010042,0.539415214505415,0.826196555805932,0.826196555805932,"plaq_d"
"9431","FGD6","Exc L6 CT",-0.0163431604821482,2.73978936467095,0.090231724341678,0.764062036118879,0.939962149373387,0.939962149373387,"plaq_d"
"9432","VEZT","Exc L6 CT",-0.00309660738197527,7.08206416200011,0.0791064641766049,0.833259892327454,0.96728960782902,0.96728960782902,"plaq_d"
"9433","METAP2","Exc L6 CT",-0.0205600931850407,5.65857220809415,1.69043946380752,0.291409001197999,0.638818940345118,0.638818940345118,"plaq_d"
"9434","NTN4","Exc L6 CT",0.0796357158684041,2.23412086549651,0.656738784024515,0.418267158082652,0.746439431003449,0.746439431003449,"plaq_d"
"9435","SNRPF","Exc L6 CT",0.0504898317992237,4.66815882183762,3.38350480624503,0.0667030764133221,0.316752905886625,0.316752905886625,"plaq_d"
"9436","CCDC38","Exc L6 CT",0.106440507036765,1.92223367910865,2.14211822530556,0.14420603971011,0.460742996973083,0.460742996973083,"plaq_d"
"9437","LTA4H","Exc L6 CT",-0.0276363218871554,4.80659061614585,1.55082943723499,0.213850420867189,0.551323542049437,0.551323542049437,"plaq_d"
"9438","ELK3","Exc L6 CT",-0.111143821831938,2.31594569451646,2.80724728543199,0.0947369854236619,0.378947941694648,0.378947941694648,"plaq_d"
"9439","CDK17","Exc L6 CT",0.00412129330012893,7.08526359827836,0.100715486970668,0.983439158542222,0.999571689696322,0.999571689696322,"plaq_d"
"9440","CFAP54","Exc L6 CT",-0.0178275710485885,5.28448327832417,0.393946457699335,0.530643628241903,0.81973877799876,0.81973877799876,"plaq_d"
"9441","NEDD1","Exc L6 CT",-0.0523559736981447,2.96356004444988,1.11910478062119,0.290844645849921,0.638164840977817,0.638164840977817,"plaq_d"
"9442","AC007656.1","Exc L6 CT",-0.0201997766256168,5.17591259620612,0.280465217956628,0.596733948511309,0.858855692910863,0.858855692910863,"plaq_d"
"9443","AC016152.1","Exc L6 CT",-0.0438956080296727,2.65223628846531,0.35686603951527,0.550640204518881,0.831796052912257,0.831796052912257,"plaq_d"
"9444","TMPO","Exc L6 CT",-0.000617830048351936,4.85914534533424,0.000797586060016811,0.977485664730716,0.999093977007575,0.999093977007575,"plaq_d"
"9445","SLC25A3","Exc L6 CT",0.00998522963037636,5.53015265430754,0.269749042990687,0.603830140581893,0.862571041970683,0.862571041970683,"plaq_d"
"9446","IKBIP","Exc L6 CT",0.00101840073891022,3.40720085491825,0.000410983523607497,0.983837422567483,0.999571689696322,0.999571689696322,"plaq_d"
"9447","APAF1","Exc L6 CT",0.0127301233040462,4.52761160550798,0.271325297077548,0.602775221084706,0.86192317911972,0.86192317911972,"plaq_d"
"9448","ANKS1B","Exc L6 CT",0.032407053304369,11.8700715144842,15.2130353526466,0.000115254585667284,0.00694228039860344,0.00694228039860344,"plaq_d"
"9449","AC069437.1","Exc L6 CT",-0.0355537380000555,5.41160748949861,1.68982484458749,0.194483926186347,0.52876120894781,0.52876120894781,"plaq_d"
"9450","UHRF1BP1L","Exc L6 CT",0.0133285823897047,6.67512145447106,1.17128456909568,0.279886372265248,0.626729540384276,0.626729540384276,"plaq_d"
"9451","ACTR6","Exc L6 CT",0.0186523150347646,4.7993046476848,0.802134287902138,0.422606660164723,0.750073416315048,0.750073416315048,"plaq_d"
"9452","DEPDC4","Exc L6 CT",-0.052678041514818,2.67767716314488,0.951833922788478,0.32993023038142,0.674087531074569,0.674087531074569,"plaq_d"
"9453","SCYL2","Exc L6 CT",0.0125118726404575,5.62034266654028,0.603474746684045,0.522498221441721,0.815911096200782,0.815911096200782,"plaq_d"
"9454","GAS2L3","Exc L6 CT",0.0340480258166629,1.91990334911826,0.164419040388479,0.68536921017441,0.900774195488207,0.900774195488207,"plaq_d"
"9455","ANO4","Exc L6 CT",0.028980237347685,7.39690027308049,2.79036826465764,0.095731015136595,0.380766773134039,0.380766773134039,"plaq_d"
"9456","SLC5A8","Exc L6 CT",0.108781154081455,4.06440245678367,4.8305632980922,0.0286173400989599,0.202704976295721,0.202704976295721,"plaq_d"
"9457","UTP20","Exc L6 CT",-0.0353100364434275,4.70701966181361,1.73672503983824,0.188420688049923,0.521434876041272,0.521434876041272,"plaq_d"
"9458","ARL1","Exc L6 CT",0.0258794251172852,4.60133156964082,1.09541505799612,0.296000497420474,0.64388382606001,0.64388382606001,"plaq_d"
"9459","MYBPC1","Exc L6 CT",0.134975350616376,5.33732364269485,8.48879704365931,0.00380425368217531,0.0667878487909704,0.0667878487909704,"plaq_d"
"9460","CHPT1","Exc L6 CT",0.0220130319117964,7.97133973539558,3.03022155125427,0.0826101960509544,0.352863117974322,0.352863117974322,"plaq_d"
"9461","SYCP3","Exc L6 CT",-0.00278127047207916,2.91226968415688,0.00208925322474772,0.963568911451072,0.998742420766286,0.998742420766286,"plaq_d"
"9462","GNPTAB","Exc L6 CT",-0.00397624232254413,7.39386526101549,0.116932921145149,0.732591383053072,0.925121539511581,0.925121539511581,"plaq_d"
"9463","WASHC3","Exc L6 CT",-0.00674599724248852,4.56149051319442,0.0624910323036423,0.80274863885724,0.956257294579134,0.956257294579134,"plaq_d"
"9464","NUP37","Exc L6 CT",-0.0924203571879883,3.219514325507,4.3517416771066,0.037698524820192,0.23565419553544,0.23565419553544,"plaq_d"
"9465","PARPBP","Exc L6 CT",0.0121467747714763,3.07340990088179,0.0619078814924013,0.803652169864739,0.956621187148403,0.956621187148403,"plaq_d"
"9466","LINC02456","Exc L6 CT",-0.135279600940187,1.27102055022934,1.16439556004801,0.281302715019117,0.627848623274301,0.627848623274301,"plaq_d"
"9467","C12orf42","Exc L6 CT",-0.0584254548383582,2.17550300336272,0.547086721583579,0.460008877749949,0.776302767370572,0.776302767370572,"plaq_d"
"9468","STAB2","Exc L6 CT",-0.061971746536936,2.34324268726453,0.987894750843662,0.363995137273961,0.704785101511474,0.704785101511474,"plaq_d"
"9469","AC025265.2","Exc L6 CT",0.000587286765580468,1.30199483804048,0.0120723504055955,0.971199996409228,0.998742420766286,0.998742420766286,"plaq_d"
"9470","AC025265.1","Exc L6 CT",-0.0126633187944831,2.88831361574578,0.0487243578049009,0.825427414877306,0.963985585882276,0.963985585882276,"plaq_d"
"9471","NT5DC3","Exc L6 CT",0.0332053556784595,6.04526347713286,1.94452525699715,0.164067079102368,0.489514957669989,0.489514957669989,"plaq_d"
"9472","HSP90B1","Exc L6 CT",0.00547824877541481,5.54898934316476,0.0790699037188264,0.778728849335097,0.947239587243604,0.947239587243604,"plaq_d"
"9473","C12orf73","Exc L6 CT",0.0269844123534696,3.89202109249634,0.81474522740821,0.36734501350312,0.70737009288268,0.70737009288268,"plaq_d"
"9474","TDG","Exc L6 CT",-0.0240043694047147,4.82886789287048,0.873426856221822,0.35065601093061,0.693603178532159,0.693603178532159,"plaq_d"
"9475","GLT8D2","Exc L6 CT",-0.0175183682197023,3.81443307781846,0.236427446407304,0.627104266156355,0.875295037384805,0.875295037384805,"plaq_d"
"9476","HCFC2","Exc L6 CT",0.0142966286772774,5.19028393521633,0.505130377824469,0.477730287923401,0.789344129491849,0.789344129491849,"plaq_d"
"9477","NFYB","Exc L6 CT",0.0439435342119238,4.27463476579995,2.70499297268535,0.100936975859874,0.389919476775242,0.389919476775242,"plaq_d"
"9478","TXNRD1","Exc L6 CT",-0.0281019289674329,6.33212372898604,2.72735553086815,0.0995440203476217,0.387516418854614,0.387516418854614,"plaq_d"
"9479","CHST11","Exc L6 CT",0.0834436924940562,4.07560854070519,5.03986393433603,0.025397650177793,0.190438541712549,0.190438541712549,"plaq_d"
"9480","SLC41A2","Exc L6 CT",0.0204868683627137,6.8460513096207,2.60512943796755,0.107424278593368,0.401891869706373,0.401891869706373,"plaq_d"
"9481","C12orf45","Exc L6 CT",0.0221753570844189,4.86190838196771,0.989233483578626,0.320620458494483,0.665360749502382,0.665360749502382,"plaq_d"
"9482","ALDH1L2","Exc L6 CT",0.00621285715283716,4.92816433785935,0.0547534010899245,0.815126807658155,0.960477783484598,0.960477783484598,"plaq_d"
"9483","WASHC4","Exc L6 CT",0.00601431597056587,5.417816461064,0.109054600903728,0.94968988431991,0.99802142424354,0.99802142424354,"plaq_d"
"9484","APPL2","Exc L6 CT",0.0305777857264813,6.45985862810372,3.60766388023767,0.0583400351403061,0.298458829381608,0.298458829381608,"plaq_d"
"9485","C12orf75","Exc L6 CT",-0.0229678218124501,3.39433282174007,0.183053117686465,0.669026957099141,0.894479014664119,0.894479014664119,"plaq_d"
"9486","CASC18","Exc L6 CT",-0.0134563865494502,1.78396104173893,0.0248438170762151,0.874848223542733,0.980574668679886,0.980574668679886,"plaq_d"
"9487","NUAK1","Exc L6 CT",0.0019267667202524,7.25267245965533,0.0181921801001423,0.892785958052398,0.985595335141122,0.985595335141122,"plaq_d"
"9488","CKAP4","Exc L6 CT",-0.0263065564499608,3.92044584494007,0.789036301651828,0.466006136466883,0.780787481797009,0.780787481797009,"plaq_d"
"9489","TCP11L2","Exc L6 CT",-0.0474217717117369,3.15373078084709,1.26330650096845,0.261800420318588,0.60848488584973,0.60848488584973,"plaq_d"
"9490","POLR3B","Exc L6 CT",-0.00636258574793904,4.74479899558545,0.067231381385895,0.79556460666426,0.953141484482248,0.953141484482248,"plaq_d"
"9491","AC079385.1","Exc L6 CT",-0.00637983115691249,6.04512420821463,0.0713249588020462,0.789575425367169,0.951349834582003,0.951349834582003,"plaq_d"
"9492","RFX4","Exc L6 CT",0.045740962232146,2.69675877056899,0.640554648147617,0.424055737560998,0.75106419467293,0.75106419467293,"plaq_d"
"9493","RIC8B","Exc L6 CT",-0.0205409976985463,6.38930750115767,2.42317587126344,0.120460749987248,0.423894636229877,0.423894636229877,"plaq_d"
"9494","AC007541.1","Exc L6 CT",-0.0378866452246266,2.43763108682657,0.404115573222253,0.588561022530021,0.854987442756975,0.854987442756975,"plaq_d"
"9495","TMEM263","Exc L6 CT",0.00757645484882474,4.31108323930782,0.0783582687864197,0.779700904138998,0.947461316450157,0.947461316450157,"plaq_d"
"9496","MTERF2","Exc L6 CT",-0.0395945539012549,4.36037253232566,2.16933830018471,0.14169015001745,0.457758393099465,0.457758393099465,"plaq_d"
"9497","CRY1","Exc L6 CT",-0.00786724374588236,4.53523596214289,0.0466540175875756,0.829117801091488,0.965507372336594,0.965507372336594,"plaq_d"
"9498","PWP1","Exc L6 CT",-0.00666090852848642,4.85667665522421,0.0875225166235991,0.825087461206365,0.963985585882276,0.963985585882276,"plaq_d"
"9499","PRDM4","Exc L6 CT",-0.031519224763013,4.40039709697422,1.47690465564183,0.225082823470885,0.565496043051809,0.565496043051809,"plaq_d"
"9500","AC126177.4","Exc L6 CT",-0.0296221411384595,2.04001141598439,0.121245322419745,0.727898162530105,0.921869537321493,0.921869537321493,"plaq_d"
"9501","WSCD2","Exc L6 CT",-0.0147141435351298,6.62188223434132,0.764985240852538,0.38237576566094,0.717970721593178,0.717970721593178,"plaq_d"
"9502","FICD","Exc L6 CT",0.0274170245839369,2.22312815435408,0.198339509073512,0.739686820752573,0.928661774628954,0.928661774628954,"plaq_d"
"9503","SART3","Exc L6 CT",-0.0305568429502386,5.14650952178575,2.58964534929606,0.123246458479133,0.428357319233607,0.428357319233607,"plaq_d"
"9504","ISCU","Exc L6 CT",0.0348125729589197,5.28091159876708,2.71638351085628,0.100224810387419,0.389018495425675,0.389018495425675,"plaq_d"
"9505","CORO1C","Exc L6 CT",0.0105392418352133,5.74106833495604,0.342657817180104,0.55867825167,0.837242282312585,0.837242282312585,"plaq_d"
"9506","SSH1","Exc L6 CT",-0.0169546722023163,6.1200300494443,1.53620611399585,0.216018132769423,0.554973366008574,0.554973366008574,"plaq_d"
"9507","DAO","Exc L6 CT",-0.0330196033193728,1.95997326176149,0.180150423351603,0.671506126344956,0.895175682457819,0.895175682457819,"plaq_d"
"9508","SVOP","Exc L6 CT",-0.00137419310399471,7.59766381750996,0.00788665685072058,0.929286468159584,0.994167628886557,0.994167628886557,"plaq_d"
"9509","USP30","Exc L6 CT",-0.024908164492459,4.91547521354064,1.51549184838689,0.219133860340151,0.558593623077132,0.558593623077132,"plaq_d"
"9510","ALKBH2","Exc L6 CT",-0.0226070020551544,2.58273457338851,0.182989533475234,0.669081013913527,0.894479014664119,0.894479014664119,"plaq_d"
"9511","UNG","Exc L6 CT",0.0540299649229749,3.90063050228729,3.55731135689069,0.0601157457135573,0.302357774821936,0.302357774821936,"plaq_d"
"9512","ACACB","Exc L6 CT",0.0461480161945863,3.78470864545969,1.61224502411152,0.205024432874519,0.540375638165796,0.540375638165796,"plaq_d"
"9513","KCTD10","Exc L6 CT",0.0089612785825426,3.92617893200513,0.0782085449881286,0.934995150538832,0.995676697651708,0.995676697651708,"plaq_d"
"9514","UBE3B","Exc L6 CT",-0.0260225615787527,5.33063762139718,2.06685657326433,0.157356706149386,0.480111344559415,0.480111344559415,"plaq_d"
"9515","MMAB","Exc L6 CT",-0.00241627182404731,4.04345934596545,0.00679761930554671,0.934338099189064,0.995676697651708,0.995676697651708,"plaq_d"
"9516","MVK","Exc L6 CT",-0.0724785343613011,3.36426843355959,4.07950864186159,0.0441718266598267,0.256373791537809,0.256373791537809,"plaq_d"
"9517","GLTP","Exc L6 CT",-0.04069113839556,4.07065515837826,2.15177121181854,0.14330810639389,0.459786828537206,0.459786828537206,"plaq_d"
"9518","TCHP","Exc L6 CT",-0.0505866726625566,4.89258296221638,4.72794494227648,0.0303491962176921,0.209671677376355,0.209671677376355,"plaq_d"
"9519","GIT2","Exc L6 CT",-0.00531685033849053,6.54306197023224,0.215455074856745,0.642815028182931,0.881203285741464,0.881203285741464,"plaq_d"
"9520","ANKRD13A","Exc L6 CT",0.015541730008027,5.04118672298643,0.404148756402473,0.525372003932727,0.817207495258297,0.817207495258297,"plaq_d"
"9521","C12orf76","Exc L6 CT",0.00195584045754366,5.56200833279254,0.0129810132581881,0.980632045351603,0.999396584092899,0.999396584092899,"plaq_d"
"9522","IFT81","Exc L6 CT",-0.010976039273332,5.52441874034489,0.371837142542127,0.617051570072317,0.869951464377737,0.869951464377737,"plaq_d"
"9523","ATP2A2","Exc L6 CT",0.05144692774423,7.40784195037752,23.6291810779296,1.77044010852889e-06,0.000404559615910823,0.000404559615910823,"plaq_d"
"9524","ANAPC7","Exc L6 CT",-0.0186494585184242,5.10703598021294,0.756673112244581,0.384970924834591,0.719691434746328,0.719691434746328,"plaq_d"
"9525","ARPC3","Exc L6 CT",0.0110356548775122,5.21702064839247,0.278824998345223,0.597808737194741,0.859003695660694,0.859003695660694,"plaq_d"
"9526","GPN3","Exc L6 CT",-0.0229763189239005,3.20793954217051,0.315150661102331,0.574897717902464,0.847366391617065,0.847366391617065,"plaq_d"
"9527","FAM216A","Exc L6 CT",-0.0087874336465977,4.99322118636358,0.175839980897349,0.675231524351048,0.895575586043388,0.895575586043388,"plaq_d"
"9528","VPS29","Exc L6 CT",-0.0244281334215167,5.47451384696371,1.89500021227326,0.169523537902495,0.496836492598599,0.496836492598599,"plaq_d"
"9529","RAD9B","Exc L6 CT",0.0035685445386068,1.51708537574028,0.00279430719265644,0.957872807366534,0.998742420766286,0.998742420766286,"plaq_d"
"9530","PPTC7","Exc L6 CT",0.0622527835114037,4.20260620499121,5.24993461915829,0.0225442788571804,0.179252409646549,0.179252409646549,"plaq_d"
"9531","TCTN1","Exc L6 CT",-0.00843324805878803,4.55386274847026,0.116346466218704,0.733237057501632,0.925206475571347,0.925206475571347,"plaq_d"
"9532","HVCN1","Exc L6 CT",-0.120042522852271,1.97248805423685,2.55336802548729,0.110966449535921,0.408859479440912,0.408859479440912,"plaq_d"
"9533","PPP1CC","Exc L6 CT",0.0586155467789543,4.6690417209186,6.14344951533562,0.0136631289605803,0.136542613875341,0.136542613875341,"plaq_d"
"9534","CUX2","Exc L6 CT",-0.760382016407513,1.73169483172605,13.7533963565635,0.000242482125707335,0.0111644922696965,0.0111644922696965,"plaq_d"
"9535","SH2B3","Exc L6 CT",-0.0246718926946028,4.19293552212774,0.778961233720375,0.378067919119331,0.714260598903136,0.714260598903136,"plaq_d"
"9536","ATXN2","Exc L6 CT",0.018538201423579,7.44254269987361,3.19425694250635,0.152002517481866,0.472988227763512,0.472988227763512,"plaq_d"
"9537","BRAP","Exc L6 CT",-0.0419716602750197,5.18483384104234,4.80251897044387,0.0333762070731652,0.221698568197562,0.221698568197562,"plaq_d"
"9538","ACAD10","Exc L6 CT",-0.0391981505346611,4.61235664373302,2.71288781714435,0.100442781995956,0.389225919142337,0.389225919142337,"plaq_d"
"9539","AC002996.1","Exc L6 CT",0.0295744159736529,2.03403680789567,0.19343999679028,0.660341687814538,0.890240067542601,0.890240067542601,"plaq_d"
"9540","ALDH2","Exc L6 CT",0.0153366419201559,4.45977393758866,0.356631744350411,0.55077098126299,0.831831121077781,0.831831121077781,"plaq_d"
"9541","MAPKAPK5-AS1","Exc L6 CT",-0.0874153865959437,3.74437345828532,5.81168084639889,0.0164375475045534,0.151204430591407,0.151204430591407,"plaq_d"
"9542","MAPKAPK5","Exc L6 CT",-0.00189113473617453,5.2968499901876,0.0104356836439123,0.91869229480373,0.99169648040348,0.99169648040348,"plaq_d"
"9543","TMEM116","Exc L6 CT",0.0448228096472414,4.61145299667805,3.17268108518181,0.0757510431966172,0.338563184681311,0.338563184681311,"plaq_d"
"9544","ERP29","Exc L6 CT",-0.0563644769268471,4.01453558349159,3.27005035309889,0.0714180584524686,0.327387462344213,0.327387462344213,"plaq_d"
"9545","NAA25","Exc L6 CT",-0.0192078079351027,6.34002819182273,2.18957694883599,0.139851635369334,0.455086831549939,0.455086831549939,"plaq_d"
"9546","TRAFD1","Exc L6 CT",-0.00253529129699677,3.86450574686545,0.0066932251338047,0.934843114164332,0.995676697651708,0.995676697651708,"plaq_d"
"9547","HECTD4","Exc L6 CT",0.01035402789066,8.33726747739771,1.3707916828405,0.242476544170427,0.587546245750086,0.587546245750086,"plaq_d"
"9548","RPL6","Exc L6 CT",-0.0642505293572315,5.72625221521167,5.68013179438705,0.0176936885998731,0.157039667745853,0.157039667745853,"plaq_d"
"9549","PTPN11","Exc L6 CT",0.010469590008501,6.65706167209464,0.665815575903699,0.415072145422693,0.744966787869977,0.744966787869977,"plaq_d"
"9550","RPH3A","Exc L6 CT",-0.0177842612349371,7.725068334575,1.39872771796284,0.237743640135064,0.582830131160585,0.582830131160585,"plaq_d"
"9551","OAS1","Exc L6 CT",0.223877367360411,1.62314070768059,4.28784798138358,0.0391222181549801,0.239661043642167,0.239661043642167,"plaq_d"
"9552","AC004551.1","Exc L6 CT",0.00255460522623773,1.80668229157843,0.000999348975362369,0.974799202006743,0.999093977007575,0.999093977007575,"plaq_d"
"9553","OAS3","Exc L6 CT",0.0393891215998358,2.3357485187515,0.294946415164416,0.58741552856366,0.854661041313886,0.854661041313886,"plaq_d"
"9554","DTX1","Exc L6 CT",-0.0463769329972879,4.49861803875379,3.26102388404472,0.0718082830398928,0.327969234859831,0.327969234859831,"plaq_d"
"9555","RASAL1","Exc L6 CT",-0.043050789453451,4.84280638081178,1.92232315391849,0.166487864436184,0.492349896553678,0.492349896553678,"plaq_d"
"9556","DDX54","Exc L6 CT",-0.00327509872403579,3.68686625319167,0.0108146910616921,0.922006877922356,0.992627684679289,0.992627684679289,"plaq_d"
"9557","RITA1","Exc L6 CT",-0.0170882835479205,3.40406561941316,0.244036705063068,0.621617156273721,0.872117784009013,0.872117784009013,"plaq_d"
"9558","TPCN1","Exc L6 CT",-0.0201476583991666,5.60978841589611,1.38631029295921,0.25036314502813,0.597416342797046,0.597416342797046,"plaq_d"
"9559","SLC8B1","Exc L6 CT",-0.0715638777956142,4.53343093413568,5.19204696088171,0.0232955387511231,0.181046054348947,0.181046054348947,"plaq_d"
"9560","PLBD2","Exc L6 CT",-0.0045618847222106,5.28887732923576,0.051957688172697,0.81982489716765,0.963296688080427,0.963296688080427,"plaq_d"
"9561","LINC01234","Exc L6 CT",0.0179772751547356,3.05906932007905,0.122653466704095,0.726385976674165,0.9209646217048,0.9209646217048,"plaq_d"
"9562","RBM19","Exc L6 CT",-0.0257379988563759,4.68695524141118,1.18196988123824,0.337125005508371,0.681358046736448,0.681358046736448,"plaq_d"
"9563","MED13L","Exc L6 CT",0.0171362776501807,8.70119139725086,3.63160365676691,0.0575155008884171,0.29560626590134,0.29560626590134,"plaq_d"
"9564","MAP1LC3B2","Exc L6 CT",0.021440124842057,3.26661933137907,0.246683400971509,0.619733555842285,0.87102638321245,0.87102638321245,"plaq_d"
"9565","C12orf49","Exc L6 CT",-0.00991613022708399,3.82971732852472,0.0973344867562549,0.755238843618831,0.936550813397941,0.936550813397941,"plaq_d"
"9566","RNFT2","Exc L6 CT",-0.0206849873158292,5.58763027861847,1.15657514917261,0.282921576367342,0.629316905652697,0.629316905652697,"plaq_d"
"9567","HRK","Exc L6 CT",-0.0871543827679003,4.98045453718091,6.2536635046144,0.0128525891063256,0.132255806129137,0.132255806129137,"plaq_d"
"9568","FBXW8","Exc L6 CT",-0.0259553021944602,5.61157706209772,2.37046151426826,0.124558732242218,0.430941482662574,0.430941482662574,"plaq_d"
"9569","AC127164.1","Exc L6 CT",-0.0392619360373179,2.2384254946889,0.252724320686521,0.615481104221299,0.869428223272997,0.869428223272997,"plaq_d"
"9570","TESC","Exc L6 CT",-0.00362611915428001,5.47313240044354,0.0116818871657159,0.913992281383802,0.990036473268044,0.990036473268044,"plaq_d"
"9571","FBXO21","Exc L6 CT",0.0329478564910703,6.69833076890676,6.35208821727678,0.0121707451712041,0.12911573138147,0.12911573138147,"plaq_d"
"9572","NOS1","Exc L6 CT",0.0318569420008156,3.38056319438808,0.680054579391815,0.410132488813001,0.741742124240195,0.741742124240195,"plaq_d"
"9573","KSR2","Exc L6 CT",0.0223528192537327,9.3829452203922,3.96813796483584,0.0471496309569758,0.265661873681653,0.265661873681653,"plaq_d"
"9574","RFC5","Exc L6 CT",0.00230949893681681,4.01134941981648,0.00535834194868794,0.941688443306723,0.997391614909033,0.997391614909033,"plaq_d"
"9575","WSB2","Exc L6 CT",0.0545605673605822,5.65063643303093,9.98322012471333,0.00171810446321078,0.0399722070789506,0.0399722070789506,"plaq_d"
"9576","VSIG10","Exc L6 CT",-0.0615759361516036,4.85315824094532,5.38929314834896,0.0208373200423835,0.171502369387724,0.171502369387724,"plaq_d"
"9577","PEBP1","Exc L6 CT",0.0457818871983432,7.6304292182077,8.77350700363999,0.00326632817726527,0.0602846928716805,0.0602846928716805,"plaq_d"
"9578","TAOK3","Exc L6 CT",0.0139605391352196,7.52131769690686,1.33137291327881,0.24935248931046,0.596391167322376,0.596391167322376,"plaq_d"
"9579","SUDS3","Exc L6 CT",0.0155949810752321,5.5407515015943,0.807703502684934,0.369421136290085,0.708928046941235,0.708928046941235,"plaq_d"
"9580","AC026367.2","Exc L6 CT",0.181154269269721,2.16254987051926,7.97236926468216,0.00502288318057539,0.0777639318833704,0.0777639318833704,"plaq_d"
"9581","SRRM4","Exc L6 CT",-0.00129930068960779,8.86182940645986,0.0108453582747011,0.917117373057585,0.991054023610344,0.991054023610344,"plaq_d"
"9582","AC084361.1","Exc L6 CT",-0.131074157438369,2.86711665130497,5.36339374209617,0.021144070297941,0.172654586505478,0.172654586505478,"plaq_d"
"9583","HSPB8","Exc L6 CT",0.0446573934064964,4.23482605103433,1.93389384200791,0.165221187638202,0.491013948944415,0.491013948944415,"plaq_d"
"9584","CCDC60","Exc L6 CT",-0.0888767557150457,2.09029858754509,1.51147525277686,0.219744224993598,0.558706652863447,0.558706652863447,"plaq_d"
"9585","AC002070.1","Exc L6 CT",-0.0324457339190352,4.54636484496522,0.647608429074188,0.421518157737831,0.749249956635859,0.749249956635859,"plaq_d"
"9586","TMEM233","Exc L6 CT",-0.0709932775940106,3.64732676087223,0.780586801877932,0.377571330290037,0.714072105997815,0.714072105997815,"plaq_d"
"9587","PRKAB1","Exc L6 CT",-0.0256900609083159,3.18357654523065,0.437891768363501,0.50857944127249,0.807181581839691,0.807181581839691,"plaq_d"
"9588","CIT","Exc L6 CT",0.0283148608278002,7.36522243790337,2.67552611107316,0.102805225812856,0.393525348611462,0.393525348611462,"plaq_d"
"9589","BICDL1","Exc L6 CT",0.000622311127193352,6.77942640473501,0.0020046901686264,0.964313301276991,0.998742420766286,0.998742420766286,"plaq_d"
"9590","RAB35","Exc L6 CT",-0.0315495374498361,4.2623171501555,1.49672900517634,0.222002623071905,0.560889744075666,0.560889744075666,"plaq_d"
"9591","AC004812.2","Exc L6 CT",-0.0195189429006237,2.46467422371033,0.115249421070239,0.7756295647448,0.945546889157943,0.945546889157943,"plaq_d"
"9592","GCN1","Exc L6 CT",-0.00923417340836765,4.71529311604296,0.202648863131881,0.758431369844673,0.93768275509137,0.93768275509137,"plaq_d"
"9593","RPLP0","Exc L6 CT",-0.00860097872883401,4.54085643737751,0.127414198049966,0.721344523478165,0.918573707208462,0.918573707208462,"plaq_d"
"9594","PXN-AS1","Exc L6 CT",-0.0288870734936859,2.86311199003615,0.38044486075461,0.537768329569562,0.824601128187923,0.824601128187923,"plaq_d"
"9595","PXN","Exc L6 CT",0.0289936795538717,3.1122262017974,0.400090965962439,0.527457418793104,0.818249913461131,0.818249913461131,"plaq_d"
"9596","SIRT4","Exc L6 CT",-0.0266522947479488,3.31453294618811,0.444579339854121,0.505362017577431,0.805890473379344,0.805890473379344,"plaq_d"
"9597","TRIAP1","Exc L6 CT",-0.0394864326210468,2.29319598159756,0.412550169434214,0.528891462039266,0.818824887836237,0.818824887836237,"plaq_d"
"9598","GATC","Exc L6 CT",0.0473742434804557,4.11222734956571,2.39888318203489,0.123655158923693,0.429117277866123,0.429117277866123,"plaq_d"
"9599","SRSF9","Exc L6 CT",0.0565147278852696,4.41608399126088,4.34948414441643,0.0377478865590944,0.23565419553544,0.23565419553544,"plaq_d"
"9600","DYNLL1","Exc L6 CT",0.00697733646644703,7.32503963362681,0.20681716826851,0.649556991502869,0.884509348793741,0.884509348793741,"plaq_d"
"9601","NRAV","Exc L6 CT",0.0165402750219291,2.35697467500098,0.0704182516122297,0.790885811547034,0.951892997494449,0.951892997494449,"plaq_d"
"9602","COQ5","Exc L6 CT",-0.0832263180177189,3.37057210647282,5.18089727960726,0.0234432087009563,0.181621673687641,0.181621673687641,"plaq_d"
"9603","RNF10","Exc L6 CT",0.010315314408389,5.86901563280036,0.480832747259204,0.488507644694504,0.795268127674101,0.795268127674101,"plaq_d"
"9604","POP5","Exc L6 CT",-0.0122075326618144,3.10317520399415,0.082201177714193,0.876421662102928,0.981163755019913,0.981163755019913,"plaq_d"
"9605","AC125616.1","Exc L6 CT",-0.00680724793161961,3.87352385681841,0.0430741397394866,0.83570706247559,0.968148824708539,0.968148824708539,"plaq_d"
"9606","CABP1","Exc L6 CT",-0.0240663580013979,9.06544757025575,2.30184753605051,0.130127560844779,0.439713184314438,0.439713184314438,"plaq_d"
"9607","MLEC","Exc L6 CT",-0.021189330925757,5.02057402967143,1.04620947044926,0.30709179214865,0.652689915835421,0.652689915835421,"plaq_d"
"9608","UNC119B","Exc L6 CT",0.0516999184185704,3.30935215995056,1.84026616467586,0.176597252425294,0.505899829797241,0.505899829797241,"plaq_d"
"9609","ACADS","Exc L6 CT",-0.133998011339204,2.37731724068572,3.90507438337655,0.0489294584418229,0.269777282163341,0.269777282163341,"plaq_d"
"9610","AC069234.1","Exc L6 CT",-0.032255601644303,2.2776340420185,0.215965288559184,0.642421972315682,0.881203285741464,0.881203285741464,"plaq_d"
"9611","SPPL3","Exc L6 CT",0.0269386607639706,7.33660411076907,5.57195711429229,0.0188010817975629,0.162484794038483,0.162484794038483,"plaq_d"
"9612","C12orf43","Exc L6 CT",0.0151820372601843,4.07335771411062,0.290770064732768,0.590072094797625,0.855800712946464,0.855800712946464,"plaq_d"
"9613","P2RX7","Exc L6 CT",0.0200694097075534,6.6051025659472,0.92522071301429,0.336775397471165,0.681160208639471,0.681160208639471,"plaq_d"
"9614","P2RX4","Exc L6 CT",-0.0257473740296379,4.12632673144998,0.671513162157994,0.413085086913417,0.743263702019992,0.743263702019992,"plaq_d"
"9615","CAMKK2","Exc L6 CT",0.000971310269398567,6.5992567923944,0.00333329328419465,0.95399308643599,0.998216253735524,0.998216253735524,"plaq_d"
"9616","ANAPC5","Exc L6 CT",-0.0319777347224866,6.50696690944462,5.35000836379685,0.0213044428200175,0.173352899969977,0.173352899969977,"plaq_d"
"9617","RNF34","Exc L6 CT",-0.0347042943034301,5.76703403847763,4.51967199607452,0.0342104850904475,0.2238040587113,0.2238040587113,"plaq_d"
"9618","KDM2B","Exc L6 CT",-0.0189749169486882,6.23148560936261,1.30172262116329,0.254682900743879,0.602230179730386,0.602230179730386,"plaq_d"
"9619","AC145422.1","Exc L6 CT",-0.00588304619059573,4.86885115348494,0.0577066785992911,0.810299411611731,0.959172290506699,0.959172290506699,"plaq_d"
"9620","MORN3","Exc L6 CT",-0.0970601528344849,3.42362930694288,5.6930184337282,0.0175663539464824,0.156294951429889,0.156294951429889,"plaq_d"
"9621","TMEM120B","Exc L6 CT",-0.0675890472964524,5.6782008074102,12.8776546886312,0.00038018528735682,0.015143466518761,0.015143466518761,"plaq_d"
"9622","RHOF","Exc L6 CT",-0.0492440590981255,2.87856253306268,1.1435065717015,0.285653327189691,0.632521280637319,0.632521280637319,"plaq_d"
"9623","SETD1B","Exc L6 CT",-0.017532536301597,4.27510470199578,0.445782534233369,0.504786868562208,0.805875588575267,0.805875588575267,"plaq_d"
"9624","HPD","Exc L6 CT",-0.0837661862573787,1.67298429862381,0.834649966009943,0.361563538451183,0.702443753912724,0.702443753912724,"plaq_d"
"9625","WDR66","Exc L6 CT",-0.0497637461748245,3.85751137122621,1.93523048857202,0.165075575279074,0.490896092071379,0.490896092071379,"plaq_d"
"9626","BCL7A","Exc L6 CT",0.0175826111606555,5.5412101511832,1.02494545793283,0.312051772875924,0.656480684249861,0.656480684249861,"plaq_d"
"9627","MLXIP","Exc L6 CT",-0.0146670772497178,6.0362836922116,0.910734608732454,0.340581622510261,0.684396013073382,0.684396013073382,"plaq_d"
"9628","LRRC43","Exc L6 CT",-0.041906175867578,2.66035336214608,0.63817042504514,0.424918646526851,0.751434144505804,0.751434144505804,"plaq_d"
"9629","B3GNT4","Exc L6 CT",0.0389898283290699,3.10249032844637,0.752115572808433,0.386404508054315,0.721139768567107,0.721139768567107,"plaq_d"
"9630","CLIP1","Exc L6 CT",0.0338433097213245,8.08127021532732,8.3878579933276,0.00401603021666732,0.0684767590488767,0.0684767590488767,"plaq_d"
"9631","ZCCHC8","Exc L6 CT",-0.0123999234416984,5.44723782883302,0.450601440495186,0.502494542297655,0.804841058179466,0.804841058179466,"plaq_d"
"9632","RSRC2","Exc L6 CT",-0.00571828763198531,5.59192897677556,0.125662417433603,0.734106103924554,0.925735062377179,0.925735062377179,"plaq_d"
"9633","KNTC1","Exc L6 CT",0.0199621154717174,3.55867150595374,0.300027768825623,0.590978577610483,0.856166609970868,0.856166609970868,"plaq_d"
"9634","DENR","Exc L6 CT",0.00471000027560456,5.56458196222066,0.0755349652099893,0.819047896763369,0.963082048664989,0.963082048664989,"plaq_d"
"9635","CCDC62","Exc L6 CT",-0.0204559069588571,4.38654456534231,0.504553641541859,0.477981556131315,0.789344129491849,0.789344129491849,"plaq_d"
"9636","HIP1R","Exc L6 CT",0.00139524661063905,5.26587534545872,0.00435436786934935,0.947425541029603,0.997964805243233,0.997964805243233,"plaq_d"
"9637","VPS37B","Exc L6 CT",0.0120275802282544,5.61873383277833,0.33823204921259,0.561227801990644,0.838424628348278,0.838424628348278,"plaq_d"
"9638","ABCB9","Exc L6 CT",-0.00897622363725923,6.40880827811679,0.350176060447004,0.554397488745543,0.834108968827573,0.834108968827573,"plaq_d"
"9639","OGFOD2","Exc L6 CT",0.0518237383557465,2.51772327033035,0.895898964629346,0.344540117724889,0.688124241782395,0.688124241782395,"plaq_d"
"9640","ARL6IP4","Exc L6 CT",-0.0079160256979599,5.05812352947546,0.151409095727581,0.697430247876098,0.907797747447635,0.907797747447635,"plaq_d"
"9641","PITPNM2","Exc L6 CT",-0.0227732974378731,6.59320054698848,2.42993928525917,0.119945914312039,0.422803072207182,0.422803072207182,"plaq_d"
"9642","MPHOSPH9","Exc L6 CT",0.00287877767533227,6.87938150384818,0.0512296203930288,0.821070099577797,0.963631282552026,0.963631282552026,"plaq_d"
"9643","C12orf65","Exc L6 CT",-0.031553513204403,4.83481759246024,1.57579846819283,0.2102087184454,0.547127953487612,0.547127953487612,"plaq_d"
"9644","SBNO1","Exc L6 CT",0.024610284780935,6.25435485184792,3.22687053155035,0.0733056832560893,0.3319208282482,0.3319208282482,"plaq_d"
"9645","AC137767.1","Exc L6 CT",-0.0624643021321653,1.9104607058966,0.662797303794195,0.416130531422939,0.74537951105694,0.74537951105694,"plaq_d"
"9646","KMT5A","Exc L6 CT",0.0358515744322957,4.05632351098893,1.68398802463267,0.195254399261467,0.529755433804764,0.529755433804764,"plaq_d"
"9647","RILPL2","Exc L6 CT",-0.0703076224178746,3.82100586577839,4.37087757668586,0.0372828305797214,0.233943815983902,0.233943815983902,"plaq_d"
"9648","SNRNP35","Exc L6 CT",0.0188032769252104,4.11462250952417,0.467097267806149,0.535878160798938,0.823332214029863,0.823332214029863,"plaq_d"
"9649","RILPL1","Exc L6 CT",0.00746443692312482,5.30867652905915,0.139972401793713,0.74221115641576,0.929756136694974,0.929756136694974,"plaq_d"
"9650","TMED2","Exc L6 CT",0.0360249416926052,4.38258835838011,2.34684086565774,0.126445205111487,0.434233104194886,0.434233104194886,"plaq_d"
"9651","DDX55","Exc L6 CT",-0.0400367846360537,4.49961320555906,2.33268937612549,0.127590686563552,0.435465984772141,0.435465984772141,"plaq_d"
"9652","EIF2B1","Exc L6 CT",-0.0558239453204693,4.63287889473385,6.4125551558802,0.0117704779338278,0.126265126926516,0.126265126926516,"plaq_d"
"9653","GTF2H3","Exc L6 CT",-0.0144434384491645,5.03219299749817,0.559090168204207,0.455131736449428,0.775026789440024,0.775026789440024,"plaq_d"
"9654","TCTN2","Exc L6 CT",0.0226706898133328,4.00943589670052,0.592798036765155,0.441861193287511,0.764029675036979,0.764029675036979,"plaq_d"
"9655","ATP6V0A2","Exc L6 CT",-0.0101202668537838,4.86978196864244,0.215096597338396,0.665172972843176,0.892851292965069,0.892851292965069,"plaq_d"
"9656","DNAH10","Exc L6 CT",0.059600255920524,3.08567145939905,1.62550293760751,0.203176258241186,0.539126093228913,0.539126093228913,"plaq_d"
"9657","CCDC92","Exc L6 CT",0.0415998502704913,7.97046750127691,12.4946016225226,0.000463246667171504,0.0167982343088186,0.0167982343088186,"plaq_d"
"9658","RFLNA","Exc L6 CT",-0.0404710300035138,5.93043761011194,3.67505113815366,0.0560506614776123,0.291091386230775,0.291091386230775,"plaq_d"
"9659","NCOR2","Exc L6 CT",-0.00707803735396035,7.03105891415243,0.275989049920349,0.942632782468734,0.997507548890635,0.997507548890635,"plaq_d"
"9660","SCARB1","Exc L6 CT",-0.0220453820454297,5.69130157717878,1.4181890592559,0.234512891191325,0.578984429454752,0.578984429454752,"plaq_d"
"9661","UBC","Exc L6 CT",0.0260839388805543,6.13932375905205,1.42038243064883,0.234152125936645,0.578933347099549,0.578933347099549,"plaq_d"
"9662","DHX37","Exc L6 CT",-0.0302674243371535,3.0955174123207,0.519961100336519,0.630736366486385,0.876683500163605,0.876683500163605,"plaq_d"
"9663","BRI3BP","Exc L6 CT",0.0270883824392776,5.76096567500205,2.48453035939537,0.128124055392717,0.436566261469828,0.436566261469828,"plaq_d"
"9664","AACS","Exc L6 CT",0.00456128448413163,6.8048747149353,0.0921426596646185,0.980652691504327,0.999396584092899,0.999396584092899,"plaq_d"
"9665","TMEM132B","Exc L6 CT",-0.00948579749593379,8.66065842063059,0.728989642914507,0.393797873521948,0.727182425246533,0.727182425246533,"plaq_d"
"9666","LINC02347","Exc L6 CT",0.0872534031094161,2.21095734634684,1.11938747114157,0.290783818570748,0.638128635997635,0.638128635997635,"plaq_d"
"9667","LINC00507","Exc L6 CT",-0.175156745398264,1.06954413262442,0.603354925726114,0.687791205813773,0.90212310849421,0.90212310849421,"plaq_d"
"9668","SLC15A4","Exc L6 CT",-0.0479920734845688,5.03124145333756,5.75693220428245,0.0169487110926796,0.153948682735597,0.153948682735597,"plaq_d"
"9669","GLT1D1","Exc L6 CT",-0.0236314586876283,6.23274373099272,2.55865873092893,0.11059854227809,0.408440929977692,0.408440929977692,"plaq_d"
"9670","TMEM132D","Exc L6 CT",0.0317126052442914,7.79830294477908,2.59332834773508,0.108220741188603,0.403926831773693,0.403926831773693,"plaq_d"
"9671","RIMBP2","Exc L6 CT",0.0255203361391759,6.84938117125321,3.31441097332096,0.0695331786545042,0.323111568725062,0.323111568725062,"plaq_d"
"9672","STX2","Exc L6 CT",-0.0373438061186305,5.5897700585635,4.07897149705032,0.0441857013607966,0.256373791537809,0.256373791537809,"plaq_d"
"9673","RAN","Exc L6 CT",0.00362090965163947,5.08067628627044,0.0287032793964579,0.865564343810345,0.977537012120007,0.977537012120007,"plaq_d"
"9674","ADGRD1","Exc L6 CT",0.105015482141987,1.85866738603585,1.57122369548261,0.210870386619116,0.548296147432869,0.548296147432869,"plaq_d"
"9675","LINC01257","Exc L6 CT",0.0478104864430888,3.001004377906,0.579827400447689,0.446895392861189,0.767721488738625,0.767721488738625,"plaq_d"
"9676","SFSWAP","Exc L6 CT",0.00855702406997874,6.39306145259352,0.421422616187268,0.516655997308629,0.812168025449776,0.812168025449776,"plaq_d"
"9677","MMP17","Exc L6 CT",-0.0356404871673712,6.65019644435058,3.0899166266767,0.079657490906645,0.34707906752181,0.34707906752181,"plaq_d"
"9678","AC131009.2","Exc L6 CT",0.143000205715916,3.79952250076045,10.5705053682381,0.0012612955921392,0.0321943463553827,0.0321943463553827,"plaq_d"
"9679","ULK1","Exc L6 CT",0.0124346824508832,6.0789047929579,0.752799638424205,0.402811385104606,0.735263941965025,0.735263941965025,"plaq_d"
"9680","PUS1","Exc L6 CT",0.00487743016054351,4.48982047551077,0.0370622229331696,0.84745064918003,0.971364821464102,0.971364821464102,"plaq_d"
"9681","EP400","Exc L6 CT",0.0104530130007612,6.46436000046765,0.707091557544688,0.417703717399105,0.746439431003449,0.746439431003449,"plaq_d"
"9682","DDX51","Exc L6 CT",-0.00688382573624051,4.9019132262382,0.0834084641551185,0.772902284721771,0.944060859566827,0.944060859566827,"plaq_d"
"9683","NOC4L","Exc L6 CT",0.0866161894140923,2.1623623701736,2.01032267171742,0.157126361623586,0.479952715223437,0.479952715223437,"plaq_d"
"9684","GALNT9","Exc L6 CT",-0.0568584206962545,6.49037240910243,13.6978698432333,0.000249475930633157,0.011401446023476,0.011401446023476,"plaq_d"
"9685","FBRSL1","Exc L6 CT",-0.00239003846633827,5.13909259234477,0.0137407999929674,0.906752384792442,0.989420650042586,0.989420650042586,"plaq_d"
"9686","POLE","Exc L6 CT",0.0449272209506248,4.93016802373811,2.26167038046517,0.133517413499942,0.445553241711905,0.445553241711905,"plaq_d"
"9687","PGAM5","Exc L6 CT",0.0442169688073841,3.01834042027268,0.837421012817946,0.360768690488316,0.701858529619981,0.701858529619981,"plaq_d"
"9688","ANKLE2","Exc L6 CT",0.0308425017652989,4.98720298701959,2.48283017312325,0.116003075141924,0.416350104648002,0.416350104648002,"plaq_d"
"9689","GOLGA3","Exc L6 CT",0.0271859035243804,5.84337321238732,2.79823407756071,0.0952663745528277,0.38032577040003,0.38032577040003,"plaq_d"
"9690","CHFR","Exc L6 CT",-0.0249782421333914,6.11152222365281,2.47972267658625,0.119457685380925,0.422119008037261,0.422119008037261,"plaq_d"
"9691","ZNF26","Exc L6 CT",-0.00777142659421096,4.97419084088615,0.108224397740892,0.773452778111338,0.944484530810091,0.944484530810091,"plaq_d"
"9692","ZNF84","Exc L6 CT",0.0121898657031294,5.74742179520309,0.64813074570291,0.433469064282414,0.757698516826922,0.757698516826922,"plaq_d"
"9693","ZNF140","Exc L6 CT",-0.0603841495500517,4.0619615489908,4.06934853474517,0.0444350493093519,0.25669621583364,0.25669621583364,"plaq_d"
"9694","ZNF891","Exc L6 CT",-0.0383807314230072,4.68889785498534,2.61601159896891,0.106695557733652,0.400318061011092,0.400318061011092,"plaq_d"
"9695","AC026786.1","Exc L6 CT",0.0341305820154462,2.1619095513077,0.216819073817148,0.641765498985969,0.880901981702123,0.880901981702123,"plaq_d"
"9696","ZNF268","Exc L6 CT",0.0125848845365812,4.01319733061613,0.212243567570276,0.645302172065943,0.882196461351106,0.882196461351106,"plaq_d"
"9697","TPTE2","Exc L6 CT",-0.0857692641250794,3.27043281024524,2.95986351405295,0.0862435791916338,0.359831388520077,0.359831388520077,"plaq_d"
"9698","MPHOSPH8","Exc L6 CT",0.0238305267610628,8.15431145122692,2.8536928390339,0.0920594747253077,0.373425809564815,0.373425809564815,"plaq_d"
"9699","PSPC1","Exc L6 CT",0.0111935890858591,7.45649922569546,0.963420801035595,0.327008008509302,0.67203530199856,0.67203530199856,"plaq_d"
"9700","ZMYM5","Exc L6 CT",-0.0330339712058698,5.57531730679455,2.9575589186292,0.115723567326551,0.416087162325362,0.416087162325362,"plaq_d"
"9701","AL355001.1","Exc L6 CT",-0.144863715689769,1.82772310391917,3.12959057800634,0.0777583945087701,0.342879857231161,0.342879857231161,"plaq_d"
"9702","ZMYM2","Exc L6 CT",0.0377686736319438,7.85420625149765,15.3220085854428,0.000109058766061216,0.00668089360092456,0.00668089360092456,"plaq_d"
"9703","CRYL1","Exc L6 CT",-0.00772254291413122,6.17482362197739,0.215657533117708,0.698996095050156,0.90858877633365,0.90858877633365,"plaq_d"
"9704","IFT88","Exc L6 CT",0.0372865010991074,6.08588561771623,3.95383117174321,0.0475473009537168,0.266235295421901,0.266235295421901,"plaq_d"
"9705","AL161772.1","Exc L6 CT",0.0166349187586612,3.49136421345598,0.232269513392164,0.874313114402295,0.980418413688693,0.980418413688693,"plaq_d"
"9706","IL17D","Exc L6 CT",-0.0299635256608861,5.13465597258027,1.81600320347966,0.178665933898342,0.508897039664067,0.508897039664067,"plaq_d"
"9707","EEF1AKMT1","Exc L6 CT",-0.0478158925882983,4.239034426754,2.62389620638477,0.106170969841621,0.399836878488318,0.399836878488318,"plaq_d"
"9708","XPO4","Exc L6 CT",-0.0164932089981215,6.39471313739933,1.78198146546522,0.182778344228455,0.512939640454317,0.512939640454317,"plaq_d"
"9709","LATS2","Exc L6 CT",-0.105295120137618,2.23244620822049,1.41557660005604,0.234943468556227,0.579566907670518,0.579566907670518,"plaq_d"
"9710","SAP18","Exc L6 CT",0.0190169845765199,5.07439211969699,0.793431090643796,0.373679709529376,0.711074192208887,0.711074192208887,"plaq_d"
"9711","MRPL57","Exc L6 CT",-0.0126829288604089,4.42591989832339,0.216006989460556,0.690936702625588,0.904165509589853,0.904165509589853,"plaq_d"
"9712","ZDHHC20","Exc L6 CT",-0.000992621009164692,6.78130234624031,0.00654156878618541,0.961818899089137,0.998742420766286,0.998742420766286,"plaq_d"
"9713","MICU2","Exc L6 CT",0.00307537428267062,7.23651719913023,0.0740933335577771,0.785628880949639,0.949842286091107,0.949842286091107,"plaq_d"
"9714","FGF9","Exc L6 CT",-0.0150360073765984,5.01740178681038,0.410150353938947,0.522314418962318,0.815775103803305,0.815775103803305,"plaq_d"
"9715","LINC00621","Exc L6 CT",-0.0626728060438185,2.94514073412219,1.71981925638934,0.190580396882637,0.523798488612588,0.523798488612588,"plaq_d"
"9716","SGCG","Exc L6 CT",0.0109559194423576,6.13326964344438,0.0934485341847625,0.760020675089965,0.938399235707555,0.938399235707555,"plaq_d"
"9717","SACS","Exc L6 CT",0.0300954101530615,6.86967426143723,4.75856945271337,0.0298211589026849,0.207093778853378,0.207093778853378,"plaq_d"
"9718","LINC00327","Exc L6 CT",-0.050950291476914,1.99633629903005,0.445910222941517,0.50472589692247,0.805875588575267,0.805875588575267,"plaq_d"
"9719","TNFRSF19","Exc L6 CT",0.0355812698063091,4.44261736281667,0.975070291734973,0.324104574855917,0.668549858092246,0.668549858092246,"plaq_d"
"9720","MIPEP","Exc L6 CT",-0.0032151558590971,6.09699892391189,0.0324685662461847,0.85710794731488,0.975107136969453,0.975107136969453,"plaq_d"
"9721","PARP4","Exc L6 CT",-0.0447680633168497,2.955880494009,0.667316172226844,0.414547433622842,0.744351560799276,0.744351560799276,"plaq_d"
"9722","ATP12A","Exc L6 CT",-0.0291786996570947,1.544120979157,0.0707987954276157,0.790334750332133,0.951786771438965,0.951786771438965,"plaq_d"
"9723","RNF17","Exc L6 CT",-0.335834183652631,1.70399114115106,7.77589998709142,0.00558568626654202,0.0827279212892376,0.0827279212892376,"plaq_d"
"9724","CENPJ","Exc L6 CT",0.0536867774059643,4.75020666856644,4.15548767520326,0.0422548917947318,0.24899771685508,0.24899771685508,"plaq_d"
"9725","PABPC3","Exc L6 CT",0.0674939725320861,2.84716976250481,1.72392753315889,0.190052914690528,0.523592195065877,0.523592195065877,"plaq_d"
"9726","AMER2","Exc L6 CT",0.025621791809319,4.46062174068982,1.22714791866261,0.268727046328303,0.616766212119183,0.616766212119183,"plaq_d"
"9727","MTMR6","Exc L6 CT",0.0444645772102799,5.3043201358364,5.71030325575297,0.0173970508017583,0.155884472668702,0.155884472668702,"plaq_d"
"9728","NUP58","Exc L6 CT",0.018715262563234,6.00732910450973,1.81994221455991,0.178196774505564,0.508185571668404,0.508185571668404,"plaq_d"
"9729","ATP8A2","Exc L6 CT",0.0265218620304595,9.47712411807377,9.6728825947696,0.00202437180801875,0.044155843254906,0.044155843254906,"plaq_d"
"9730","RNF6","Exc L6 CT",0.0593034367985923,4.10279241473121,4.48837503580405,0.0348338631096632,0.225784913699555,0.225784913699555,"plaq_d"
"9731","CDK8","Exc L6 CT",0.0487923096308631,7.04100822703452,12.0553941570142,0.000581452185342596,0.0200253245459139,0.0200253245459139,"plaq_d"
"9732","WASF3","Exc L6 CT",0.0399560965705625,5.79946892845901,5.54936614156404,0.0190412916057551,0.163443250479772,0.163443250479772,"plaq_d"
"9733","GPR12","Exc L6 CT",0.137496554912335,4.34266861223274,20.169989078929,9.65032941464199e-06,0.00124041198440345,0.00124041198440345,"plaq_d"
"9734","USP12","Exc L6 CT",0.00365981242851874,5.01761924688177,0.0265918364454607,0.870557892650543,0.979229857294372,0.979229857294372,"plaq_d"
"9735","LINC02340","Exc L6 CT",-0.0835957369879732,3.98242809022634,4.55104105255392,0.0335974160044469,0.222171980156186,0.222171980156186,"plaq_d"
"9736","RPL21","Exc L6 CT",-0.125669892475821,4.09687316227761,8.29770326677384,0.00421536644657077,0.0699935586676272,0.0699935586676272,"plaq_d"
"9737","GTF3A","Exc L6 CT",-0.0115590245912883,4.8531295226381,0.319281862582618,0.756605485874558,0.937371276885589,0.937371276885589,"plaq_d"
"9738","MTIF3","Exc L6 CT",-0.025954448057983,4.99014185643159,1.388631533802,0.245139297518543,0.590859254499192,0.590859254499192,"plaq_d"
"9739","LNX2","Exc L6 CT",0.0105622576188766,3.57315607969129,0.0819940883872802,0.774783347797229,0.944915374016342,0.944915374016342,"plaq_d"
"9740","POLR1D","Exc L6 CT",0.0441812145521956,5.07171925542014,4.83364841547805,0.0285669036379123,0.20270230903961,0.20270230903961,"plaq_d"
"9741","FLT3","Exc L6 CT",-0.00638940371503141,3.51615114945643,0.019723826425316,0.88839234473329,0.984859409526221,0.984859409526221,"plaq_d"
"9742","PAN3","Exc L6 CT",-0.00850064834577432,7.13023659908747,0.610090284618427,0.435284537676071,0.758584282833159,0.758584282833159,"plaq_d"
"9743","POMP","Exc L6 CT",0.0266989944667573,4.57851288898529,1.22482492150455,0.269179828164701,0.616882935614288,0.616882935614288,"plaq_d"
"9744","SLC46A3","Exc L6 CT",0.00302090467632131,3.66850896794969,0.00640622788103003,0.936252286982958,0.996094671122864,0.996094671122864,"plaq_d"
"9745","MTUS2","Exc L6 CT",0.0349242121692029,9.22820650344512,11.454354794423,0.000794577343232012,0.0243896277892709,0.0243896277892709,"plaq_d"
"9746","SLC7A1","Exc L6 CT",0.0106831051140523,5.81486469130171,0.276633727851212,0.599250942559833,0.859858066890694,0.859858066890694,"plaq_d"
"9747","UBL3","Exc L6 CT",0.0757422218594827,6.64270835414405,32.7468109291004,2.26545699998284e-08,1.63067594858765e-05,1.63067594858765e-05,"plaq_d"
"9748","KATNAL1","Exc L6 CT",0.0259258428945802,6.32314534282087,3.20467564961744,0.0742968003204729,0.334138312219159,0.334138312219159,"plaq_d"
"9749","HMGB1","Exc L6 CT",-0.0105315719950682,7.76158352382352,0.60191601314716,0.438374537900068,0.760723021239813,0.760723021239813,"plaq_d"
"9750","USPL1","Exc L6 CT",0.0195768801592262,4.65520639477273,0.648532926424829,0.543270564016144,0.828340294560607,0.828340294560607,"plaq_d"
"9751","TEX26","Exc L6 CT",-0.0418096322018343,3.54115992357243,0.918536035632658,0.338524641007583,0.682357985430575,0.682357985430575,"plaq_d"
"9752","HSPH1","Exc L6 CT",0.0620890205272706,6.97343252961961,7.16085219433718,0.00780334788225754,0.0991500406998937,0.0991500406998937,"plaq_d"
"9753","B3GLCT","Exc L6 CT",0.0133543448953412,7.73383257407276,0.819963590481686,0.365816951703381,0.706411916394618,0.706411916394618,"plaq_d"
"9754","FRY","Exc L6 CT",0.0260233330430472,8.00832442884976,5.32872958252738,0.0215619971936695,0.174373282664972,0.174373282664972,"plaq_d"
"9755","FRY-AS1","Exc L6 CT",0.00374260014203001,3.08981224726659,0.00942271632252506,0.922726115872247,0.992627684679289,0.992627684679289,"plaq_d"
"9756","N4BP2L1","Exc L6 CT",-0.0216613982517518,6.77438658532362,2.44954608357629,0.118467198306226,0.420591064340407,0.420591064340407,"plaq_d"
"9757","N4BP2L2","Exc L6 CT",0.00747914339779757,8.65975999350228,0.718354100807046,0.465294425521744,0.780106266790056,0.780106266790056,"plaq_d"
"9758","PDS5B","Exc L6 CT",0.0531657271266982,8.66198739970977,29.6876825135363,9.6194036683774e-08,5.53923740839844e-05,5.53923740839844e-05,"plaq_d"
"9759","KL","Exc L6 CT",0.0458834272531419,3.75617543679218,1.30311130977637,0.254430128845661,0.602037523561077,0.602037523561077,"plaq_d"
"9760","STARD13","Exc L6 CT",0.0387687983880093,8.32397116676686,8.50138801582598,0.00377865028992847,0.0664193523489746,0.0664193523489746,"plaq_d"
"9761","AL139383.1","Exc L6 CT",-0.0456536992492259,3.62277532209049,0.876350308113008,0.349852055795383,0.692981336193501,0.692981336193501,"plaq_d"
"9762","RFC3","Exc L6 CT",0.0290063999218278,5.16986441664009,0.897944425904185,0.343990652649673,0.687958895922466,0.687958895922466,"plaq_d"
"9763","LINC02343","Exc L6 CT",-0.112044571319338,2.43448511207878,2.15746180649175,0.142781720391512,0.459081577060387,0.459081577060387,"plaq_d"
"9764","LINC00457","Exc L6 CT",-0.0265169498397091,2.48066486972311,0.141743158235358,0.706783498469608,0.91093185519221,0.91093185519221,"plaq_d"
"9765","NBEA","Exc L6 CT",0.0343790168523031,9.76225284880318,20.7773831179982,7.15155222206521e-06,0.00103993682615001,0.00103993682615001,"plaq_d"
"9766","DCLK1","Exc L6 CT",0.0190333780804379,10.0030720707959,4.16669646404679,0.041979620259355,0.248600934757574,0.248600934757574,"plaq_d"
"9767","SPART","Exc L6 CT",-0.00423020542591551,6.58148416430207,0.0787606105127168,0.779150744807654,0.947280433890889,0.947280433890889,"plaq_d"
"9768","SPART-AS1","Exc L6 CT",-0.0648728827000547,2.30399913146702,1.00671612778682,0.316387588652211,0.660965857819943,0.660965857819943,"plaq_d"
"9769","CCNA1","Exc L6 CT",0.0283596771537947,2.89964345537097,0.384848075425503,0.535425783735785,0.823327235917578,0.823327235917578,"plaq_d"
"9770","SERTM1","Exc L6 CT",0.0598079594475629,5.07906221742644,4.33223906785086,0.0381272087707454,0.236841188764142,0.236841188764142,"plaq_d"
"9771","RFXAP","Exc L6 CT",-0.0136293038104779,5.14201981038013,0.420243490040114,0.517242829455053,0.812590515545539,0.812590515545539,"plaq_d"
"9772","SMAD9","Exc L6 CT",0.0528384089004889,3.52770714437491,1.53593198619212,0.216059018386091,0.554973366008574,0.554973366008574,"plaq_d"
"9773","ALG5","Exc L6 CT",-0.0177540280682229,4.69722279294903,0.591370108833206,0.442411093394654,0.764121187823569,0.764121187823569,"plaq_d"
"9774","EXOSC8","Exc L6 CT",-0.0204486931202173,3.50952756293504,0.386592871782192,0.573531257692937,0.84621871330814,0.84621871330814,"plaq_d"
"9775","SUPT20H","Exc L6 CT",0.0186206858362194,5.58527926827008,1.21224551393504,0.271648392777249,0.618522958414909,0.618522958414909,"plaq_d"
"9776","TRPC4","Exc L6 CT",0.133674494689045,4.10016773516217,7.92212270818459,0.00516104464968653,0.0787893942490851,0.0787893942490851,"plaq_d"
"9777","LINC00571","Exc L6 CT",-0.0632845399813135,2.70583849368137,1.11258635352107,0.292251761794965,0.639505086759624,0.639505086759624,"plaq_d"
"9778","UFM1","Exc L6 CT",0.0513105828297077,5.14506118458444,6.46564888798409,0.0114302223609118,0.124282085428766,0.124282085428766,"plaq_d"
"9779","PROSER1","Exc L6 CT",-0.047846190034401,3.89931001854087,2.2711972495764,0.132704743843967,0.444504771168353,0.444504771168353,"plaq_d"
"9780","NHLRC3","Exc L6 CT",-0.0319857944371652,5.61592303954197,2.89714223660062,0.0896292959136539,0.367451729163384,0.367451729163384,"plaq_d"
"9781","AL354809.1","Exc L6 CT",0.0538903401492669,2.74856600324962,1.06516505744653,0.302756415793629,0.648680065748635,0.648680065748635,"plaq_d"
"9782","LHFPL6","Exc L6 CT",0.0637147369759751,7.67024515770036,5.56562916899493,0.0188680479294668,0.162746805268187,0.162746805268187,"plaq_d"
"9783","COG6","Exc L6 CT",0.0296265319386198,6.89477315249614,5.88462271222246,0.0157812220987179,0.148267969573565,0.148267969573565,"plaq_d"
"9784","MRPS31","Exc L6 CT",0.035908680741806,5.52855932214716,4.33366051154038,0.0380957914913112,0.236799228976216,0.236799228976216,"plaq_d"
"9785","ELF1","Exc L6 CT",-0.0590117864200469,3.81135541601251,2.61791810260794,0.106568450813318,0.400268682883364,0.400268682883364,"plaq_d"
"9786","WBP4","Exc L6 CT",0.00511672415286609,5.00764929748018,0.0645482395898557,0.799596497397703,0.955098929206427,0.955098929206427,"plaq_d"
"9787","KBTBD6","Exc L6 CT",0.0686728658868393,4.99587299879264,9.76401255971182,0.00192906856849773,0.0428562825803909,0.0428562825803909,"plaq_d"
"9788","AL354696.2","Exc L6 CT",-0.116173333744983,2.63085565399289,4.31077472384571,0.0386049529795665,0.237967677928953,0.237967677928953,"plaq_d"
"9789","KBTBD7","Exc L6 CT",0.0504279407558243,3.76860496585261,2.48363808135527,0.115943974173971,0.41629531712076,0.41629531712076,"plaq_d"
"9790","MTRF1","Exc L6 CT",0.00591604643640474,4.01668032842455,0.0401744633546126,0.841256871611563,0.969513185327633,0.969513185327633,"plaq_d"
"9791","NAA16","Exc L6 CT",-0.00749838135695162,6.39284004349227,0.234573591826674,0.628457619344457,0.876249480685986,0.876249480685986,"plaq_d"
"9792","RGCC","Exc L6 CT",0.084168362865918,2.22974477904969,0.939634273698635,0.333044751441334,0.677728206260241,0.677728206260241,"plaq_d"
"9793","VWA8","Exc L6 CT",0.0230211559169953,7.75549058136974,5.10646121934598,0.024454395121474,0.18622276420815,0.18622276420815,"plaq_d"
"9794","DGKH","Exc L6 CT",0.0101441099505954,6.18251181372585,0.20550074228459,0.650599337974241,0.88509053765613,0.88509053765613,"plaq_d"
"9795","AKAP11","Exc L6 CT",0.0479197215202657,6.95213272905606,14.1058050752638,0.000202493961416874,0.0100895049178202,0.0100895049178202,"plaq_d"
"9796","LINC02341","Exc L6 CT",-0.110666394289312,2.282075228229,1.93415869718205,0.165192322987278,0.491013948944415,0.491013948944415,"plaq_d"
"9797","DNAJC15","Exc L6 CT",-0.00627896683044885,5.02228280262502,0.0839957778716523,0.772126260681013,0.943673456894802,0.943673456894802,"plaq_d"
"9798","ENOX1","Exc L6 CT",-0.00863493961986654,8.18790571248249,0.256857110463305,0.612608417176681,0.868450100805071,0.868450100805071,"plaq_d"
"9799","CCDC122","Exc L6 CT",-0.0638187858593603,3.01769374817267,1.38755393918446,0.23962305593245,0.584633857936242,0.584633857936242,"plaq_d"
"9800","SMIM2-AS1","Exc L6 CT",0.0245235636054592,2.08819705515403,0.0954993247002372,0.757483797574265,0.937371276885589,0.937371276885589,"plaq_d"
"9801","SERP2","Exc L6 CT",-0.0197242598045283,5.56818182510124,1.16274055330802,0.281644327230876,0.627848623274301,0.627848623274301,"plaq_d"
"9802","TSC22D1","Exc L6 CT",0.0497080122508272,8.07160085540716,20.9179754468777,6.67311707793932e-06,0.00101236286193717,0.00101236286193717,"plaq_d"
"9803","TSC22D1-AS1","Exc L6 CT",-0.000385005686038551,3.51399518440594,0.000174057042618867,0.989481315938348,0.999571689696322,0.999571689696322,"plaq_d"
"9804","LINC00407","Exc L6 CT",-0.0136125459887862,4.82279705626956,0.247803101223133,0.618940479744956,0.87102638321245,0.87102638321245,"plaq_d"
"9805","NUFIP1","Exc L6 CT",0.00737289451782451,4.39673503020798,0.0769533852375528,0.854176286340936,0.974785418557891,0.974785418557891,"plaq_d"
"9806","AL359706.1","Exc L6 CT",-0.0810431543127535,3.46318869768738,3.99700963437495,0.0474390473256038,0.26604083847462,0.26604083847462,"plaq_d"
"9807","GPALPP1","Exc L6 CT",0.026142998807396,6.59077143208896,4.76153852244686,0.0297704793005889,0.207069489857768,0.207069489857768,"plaq_d"
"9808","GTF2F2","Exc L6 CT",-0.0314027199233446,5.11854329748393,2.54481499493972,0.111564076952922,0.409731073937559,0.409731073937559,"plaq_d"
"9809","KCTD4","Exc L6 CT",-0.0449783696574924,2.08936368091027,0.309100388083555,0.578589818355583,0.84958986383588,0.84958986383588,"plaq_d"
"9810","TPT1","Exc L6 CT",0.0257482054403011,5.67664602058859,1.05477937786561,0.305121835439699,0.650733404977457,0.650733404977457,"plaq_d"
"9811","AL138963.1","Exc L6 CT",0.0421683505377826,2.5096949423221,0.605852444852861,0.436882325936639,0.759584295191286,0.759584295191286,"plaq_d"
"9812","SLC25A30","Exc L6 CT",0.0159814971235824,2.83155973065436,0.110435308958998,0.739849049518693,0.928661774628954,0.928661774628954,"plaq_d"
"9813","COG3","Exc L6 CT",0.00982994962492415,5.17422484192429,0.268911945745055,0.691514430210714,0.904428249051826,0.904428249051826,"plaq_d"
"9814","SIAH3","Exc L6 CT",0.0222419110284667,3.6261037648979,0.286825697355305,0.592603816696495,0.856624615439576,0.856624615439576,"plaq_d"
"9815","ZC3H13","Exc L6 CT",0.00748724638028314,6.81191321299319,0.312525615039801,0.576493852367667,0.848416159876079,0.848416159876079,"plaq_d"
"9816","CPB2-AS1","Exc L6 CT",0.0104883300401771,4.99679658774707,0.183267738060333,0.668844577240827,0.894360629199233,0.894360629199233,"plaq_d"
"9817","CPB2","Exc L6 CT",-0.136790106801353,2.11268054673847,3.76199089764293,0.0532374720708858,0.284844257961082,0.284844257961082,"plaq_d"
"9818","RUBCNL","Exc L6 CT",0.00177476229698076,2.559976143879,0.00116206704514346,0.97282562964944,0.999088296211026,0.999088296211026,"plaq_d"
"9819","AL138686.1","Exc L6 CT",-0.00296214050105396,2.39255351145212,0.00103630082366555,0.974337678176001,0.999093977007575,0.999093977007575,"plaq_d"
"9820","LRCH1","Exc L6 CT",0.00608296122910162,7.01900213992513,0.188581505431886,0.958685260202447,0.998742420766286,0.998742420766286,"plaq_d"
"9821","ESD","Exc L6 CT",-0.0163563402831979,4.72972348846154,0.469888021669909,0.493494796767083,0.799151308845645,0.799151308845645,"plaq_d"
"9822","HTR2A","Exc L6 CT",0.191695671178849,3.31289245737179,7.473272840018,0.00658208368433932,0.0908710080173365,0.0908710080173365,"plaq_d"
"9823","SUCLA2","Exc L6 CT",0.0072758299101975,5.69962257647025,0.175332056123096,0.826103659483224,0.963985585882276,0.963985585882276,"plaq_d"
"9824","SUCLA2-AS1","Exc L6 CT",-0.040229706503379,2.00182798636001,0.273326794820772,0.601441306112305,0.860756441275747,0.860756441275747,"plaq_d"
"9825","NUDT15","Exc L6 CT",0.154889893087791,1.94535350135295,4.66716822815376,0.0314263393192199,0.213907130420563,0.213907130420563,"plaq_d"
"9826","MED4","Exc L6 CT",0.0193655295866378,5.75549215260798,1.28574947582619,0.257612815222129,0.604892201588283,0.604892201588283,"plaq_d"
"9827","ITM2B","Exc L6 CT",0.0381577015937739,7.33114089588034,9.87702183354495,0.00181720349775328,0.0415245421486606,0.0415245421486606,"plaq_d"
"9828","RB1","Exc L6 CT",-0.0249524602476672,6.57153392641678,3.12423765895195,0.0780117438429674,0.34360038039851,0.34360038039851,"plaq_d"
"9829","RCBTB2","Exc L6 CT",0.0320765171090839,3.68177171361073,0.723886658095149,0.395456665930333,0.72856336866305,0.72856336866305,"plaq_d"
"9830","FNDC3A","Exc L6 CT",0.00580609250674104,7.14029066367267,0.211241733750575,0.64608270772651,0.882856909906737,0.882856909906737,"plaq_d"
"9831","CDADC1","Exc L6 CT",-0.00760312246853798,4.48283798095304,0.102337672771474,0.749234032551689,0.933284860484045,0.933284860484045,"plaq_d"
"9832","CAB39L","Exc L6 CT",0.0511793486679167,5.6800759908722,6.43796712508078,0.0116063381926669,0.125251007962243,0.125251007962243,"plaq_d"
"9833","SETDB2","Exc L6 CT",0.0157502973118464,5.73310564391895,0.869469916239891,0.351748201443821,0.694999603072365,0.694999603072365,"plaq_d"
"9834","PHF11","Exc L6 CT",-0.121725135000893,3.73436566182762,9.87886062899726,0.00181543901270001,0.0415245421486606,0.0415245421486606,"plaq_d"
"9835","RCBTB1","Exc L6 CT",0.00539254061325017,3.61989850915855,0.0237726786370558,0.941255323322511,0.997292628450429,0.997292628450429,"plaq_d"
"9836","EBPL","Exc L6 CT",-0.0668330126996985,3.99475646345857,3.46036973369051,0.0636992212540954,0.310326223070713,0.310326223070713,"plaq_d"
"9837","KPNA3","Exc L6 CT",-0.0111309221903853,6.42515746577409,0.749670469323832,0.387176762008723,0.721713927991399,0.721713927991399,"plaq_d"
"9838","SPRYD7","Exc L6 CT",0.00689412088049737,4.42016461773275,0.0728009477902061,0.787461256231991,0.950552762427951,0.950552762427951,"plaq_d"
"9839","DLEU2","Exc L6 CT",-0.0316816577553379,6.72433308747665,1.80041205566309,0.180537044586821,0.51078743850377,0.51078743850377,"plaq_d"
"9840","TRIM13","Exc L6 CT",-0.0193326493114052,5.24437806130191,1.07199584126886,0.301213589654565,0.647846439885273,0.647846439885273,"plaq_d"
"9841","DLEU7","Exc L6 CT",0.0104410894199128,5.12375452760135,0.153177750783896,0.695756288072022,0.90668122776182,0.90668122776182,"plaq_d"
"9842","RNASEH2B-AS1","Exc L6 CT",0.0794730724769483,2.45508582561983,1.66839017286743,0.197331013108163,0.532379547358528,0.532379547358528,"plaq_d"
"9843","RNASEH2B","Exc L6 CT",0.0205266075661361,5.65457632277515,0.835075422913958,0.361441342972611,0.702443753912724,0.702443753912724,"plaq_d"
"9844","FAM124A","Exc L6 CT",-0.0258641620670153,4.55786484543741,0.899927022721464,0.343459207186817,0.687790734551433,0.687790734551433,"plaq_d"
"9845","INTS6","Exc L6 CT",0.00625124483082198,5.97876099918316,0.134900802351513,0.713626998830347,0.914263531146121,0.914263531146121,"plaq_d"
"9846","INTS6-AS1","Exc L6 CT",-0.00899951086435296,4.42097936818927,0.0995609493521723,0.75254617919593,0.934948988104575,0.934948988104575,"plaq_d"
"9847","WDFY2","Exc L6 CT",0.0102117164152447,4.99516112284365,0.203160530490434,0.70412541573872,0.910090634312678,0.910090634312678,"plaq_d"
"9848","ATP7B","Exc L6 CT",0.0753351879258745,4.04171455185854,6.30399819562514,0.0124990988254659,0.130294733302974,0.130294733302974,"plaq_d"
"9849","ALG11","Exc L6 CT",-0.0859715755427238,3.49176454438989,4.7399371481861,0.030141266058892,0.208813121358907,0.208813121358907,"plaq_d"
"9850","UTP14C","Exc L6 CT",0.0103657527615168,3.99846067508068,0.149032201709656,0.699697711812651,0.908937760264838,0.908937760264838,"plaq_d"
"9851","NEK5","Exc L6 CT",-0.0741318330589155,2.42866926762396,1.51802205370033,0.218750411028735,0.558370181179789,0.558370181179789,"plaq_d"
"9852","THSD1","Exc L6 CT",-0.0136307746016116,2.90308822266321,0.0880899627397142,0.766796526900835,0.941154642447303,0.941154642447303,"plaq_d"
"9853","VPS36","Exc L6 CT",0.0213779359059741,5.9370375865201,2.0012449602936,0.158063676630454,0.480992829458933,0.480992829458933,"plaq_d"
"9854","CKAP2","Exc L6 CT",-0.00190923243447864,4.01485034955583,0.00429662383260156,0.947774800270364,0.997964805243233,0.997964805243233,"plaq_d"
"9855","HNRNPA1L2","Exc L6 CT",0.0489040809359145,1.9336232947769,0.436343406259764,0.509329404717495,0.807429752402237,0.807429752402237,"plaq_d"
"9856","AL139089.1","Exc L6 CT",-0.0308485857647557,2.03153766192839,0.207351804471755,0.662180629382208,0.891191594430351,0.891191594430351,"plaq_d"
"9857","SUGT1","Exc L6 CT",0.00278316783602875,5.70858033896048,0.027849297229654,0.867560483667492,0.978153659814532,0.978153659814532,"plaq_d"
"9858","LINC02335","Exc L6 CT",-0.0463919887691171,1.74393809727588,0.159336272159744,0.69001303685819,0.903531715354785,0.903531715354785,"plaq_d"
"9859","PCDH17","Exc L6 CT",0.0141242870285595,7.1144553687957,0.692142166544659,0.406006897075911,0.738040575479251,0.738040575479251,"plaq_d"
"9860","DIAPH3","Exc L6 CT",-0.00174556908062431,3.18822930832803,0.00146294941325531,0.969511453910542,0.998742420766286,0.998742420766286,"plaq_d"
"9861","TDRD3","Exc L6 CT",0.00818104189474685,6.60711967912478,0.376267238254162,0.702938507386805,0.909945396307926,0.909945396307926,"plaq_d"
"9862","PCDH9","Exc L6 CT",0.0408060027845328,12.1182889620639,18.7550917015755,1.94610514351941e-05,0.00208047896796646,0.00208047896796646,"plaq_d"
"9863","PCDH9-AS1","Exc L6 CT",0.0476621539410097,4.07295531448146,1.62391095491561,0.203397139138814,0.539146605605296,0.539146605605296,"plaq_d"
"9864","PCDH9-AS2","Exc L6 CT",-0.05447198667954,5.36650316334292,3.11134172757786,0.0786257701178431,0.344565170963918,0.344565170963918,"plaq_d"
"9865","PCDH9-AS3","Exc L6 CT",0.130280674141307,2.27854576600948,4.17852532608094,0.0416911728744808,0.247703724598029,0.247703724598029,"plaq_d"
"9866","PCDH9-AS4","Exc L6 CT",-0.129811328888021,2.25609670811627,3.37628742273336,0.066992832946873,0.316933560007619,0.316933560007619,"plaq_d"
"9867","KLHL1","Exc L6 CT",0.0319427421740748,5.96973022481383,0.687352895332589,0.407634188435652,0.73928584118857,0.73928584118857,"plaq_d"
"9868","DACH1","Exc L6 CT",0.0130985805633047,7.46307259334468,0.284018271470928,0.594419471591263,0.858178359055309,0.858178359055309,"plaq_d"
"9869","MZT1","Exc L6 CT",0.021401501149166,4.62761025414502,0.708398395569036,0.498310422783417,0.802294265688739,0.802294265688739,"plaq_d"
"9870","BORA","Exc L6 CT",0.0932175380440682,2.63834559301528,2.88270708073209,0.0904288250195723,0.369308756023195,0.369308756023195,"plaq_d"
"9871","DIS3","Exc L6 CT",-0.0046213081460197,5.07597566618655,0.0607824861470153,0.864742238492923,0.977378297084766,0.977378297084766,"plaq_d"
"9872","PIBF1","Exc L6 CT",-0.027716872226436,7.29585335836895,6.42746736295503,0.0116738695497831,0.125603158474348,0.125603158474348,"plaq_d"
"9873","KLF5","Exc L6 CT",0.0422294534933972,3.06322238156784,0.48541783192727,0.486443311754331,0.794288611229015,0.794288611229015,"plaq_d"
"9874","LINC00393","Exc L6 CT",-0.0276147051456154,1.85668554850003,0.104296931970161,0.746926686741473,0.931783239248031,0.931783239248031,"plaq_d"
"9875","KLF12","Exc L6 CT",0.0277106339739482,6.9021884279168,1.80584031237423,0.179883024902411,0.510351866855852,0.510351866855852,"plaq_d"
"9876","TBC1D4","Exc L6 CT",0.0368443874771621,6.87800697735476,6.84651051129235,0.00926843288956315,0.110199218403543,0.110199218403543,"plaq_d"
"9877","COMMD6","Exc L6 CT",-0.0270652554375385,4.30225227003319,0.472549297834131,0.492274320804268,0.79815081904474,0.79815081904474,"plaq_d"
"9878","UCHL3","Exc L6 CT",0.000280101622937331,5.0462303031144,0.000165509954988215,0.989742812569899,0.999571689696322,0.999571689696322,"plaq_d"
"9879","LMO7-AS1","Exc L6 CT",-0.144680480390624,3.0653938989865,7.22827940239387,0.00752140704151535,0.0973391280632422,0.0973391280632422,"plaq_d"
"9880","LMO7","Exc L6 CT",0.0117954228853169,8.24167489928152,0.916460027156109,0.339070377965287,0.683266679897575,0.683266679897575,"plaq_d"
"9881","LMO7DN","Exc L6 CT",0.106249810281162,1.96470551681361,1.59814161990034,0.207012360309172,0.542535943748561,0.542535943748561,"plaq_d"
"9882","KCTD12","Exc L6 CT",0.115847597738318,5.09883541448772,24.3975297581402,1.21894323767776e-06,0.000337459747107865,0.000337459747107865,"plaq_d"
"9883","AC001226.2","Exc L6 CT",-0.0284477775454814,3.48282059190953,0.583454649431856,0.445478653058962,0.76687739021193,0.76687739021193,"plaq_d"
"9884","FBXL3","Exc L6 CT",0.0272707542727475,5.55179726877107,2.36924000409748,0.124655515158946,0.431172704523832,0.431172704523832,"plaq_d"
"9885","MYCBP2","Exc L6 CT",0.0285287721757557,8.58615440249475,13.6732216424413,0.000252645647576103,0.0114787199088437,0.0114787199088437,"plaq_d"
"9886","SLAIN1","Exc L6 CT",0.0275695616504812,6.33397311958483,3.72618399927637,0.0543774627681112,0.286967611230717,0.286967611230717,"plaq_d"
"9887","RNF219","Exc L6 CT",0.0656692168248803,4.64770492493763,7.84763873426387,0.00537305204220037,0.0808434394966426,0.0808434394966426,"plaq_d"
"9888","RBM26","Exc L6 CT",0.0103947732600917,7.87932766788017,1.18132674781535,0.27783787711316,0.62606736210966,0.62606736210966,"plaq_d"
"9889","RBM26-AS1","Exc L6 CT",-0.0869562305437274,2.74532062568535,2.26394425815801,0.133322939131976,0.445110628883099,0.445110628883099,"plaq_d"
"9890","NDFIP2","Exc L6 CT",0.0566268727378222,7.4595746397369,23.4415137643163,1.93977778168187e-06,0.000429616014539881,0.000429616014539881,"plaq_d"
"9891","LINC01068","Exc L6 CT",0.110328502576515,1.81797808290196,1.72928219179557,0.189367964650313,0.522841713749616,0.522841713749616,"plaq_d"
"9892","LINC00382","Exc L6 CT",0.0370929220714702,1.48710619556666,0.192077272824014,0.661465087752274,0.890781235105869,0.890781235105869,"plaq_d"
"9893","SPRY2","Exc L6 CT",0.0850288085084264,4.78028595534857,8.90941209059716,0.00303760997338699,0.0579643875872887,0.0579643875872887,"plaq_d"
"9894","SLITRK1","Exc L6 CT",0.0865559832812849,4.74010861245122,16.3246070958688,6.57049100404854e-05,0.00477721154011529,0.00477721154011529,"plaq_d"
"9895","MIR4500HG","Exc L6 CT",-0.00733514612490334,6.17354404861883,0.0948982703873517,0.758224200491894,0.93768275509137,0.93768275509137,"plaq_d"
"9896","SLITRK5","Exc L6 CT",0.0256500193633726,7.15498478327028,2.90107102208763,0.0894130253462876,0.367013255126763,0.367013255126763,"plaq_d"
"9897","GPC5","Exc L6 CT",0.00343665984709611,6.46429457453472,0.00998782280664302,0.920450192838816,0.991792773539161,0.991792773539161,"plaq_d"
"9898","GPC6","Exc L6 CT",-0.500186882747009,1.70091197312774,7.64304546734824,0.00600253813912222,0.0870216908870125,0.0870216908870125,"plaq_d"
"9899","DCT","Exc L6 CT",-0.0342172660081199,3.04758498378175,0.417841477295818,0.51844190003085,0.813237397530551,0.813237397530551,"plaq_d"
"9900","TGDS","Exc L6 CT",-0.0428344502736044,3.18958843709498,1.04654774680579,0.311973200767239,0.656411312225251,0.656411312225251,"plaq_d"
"9901","GPR180","Exc L6 CT",-0.0218863746525727,5.28612156208252,1.2164486583212,0.270820427435908,0.618110489548646,0.618110489548646,"plaq_d"
"9902","ABCC4","Exc L6 CT",-0.0361871006707731,3.9149600127942,0.85508421630931,0.355758401292996,0.698227395366595,0.698227395366595,"plaq_d"
"9903","DZIP1","Exc L6 CT",0.0156433841418252,6.83199592815354,1.70943207434282,0.207132368556539,0.542554144421386,0.542554144421386,"plaq_d"
"9904","DNAJC3-DT","Exc L6 CT",-0.0227769113471899,3.95292956688709,0.470101378253275,0.49339676300269,0.799151308845645,0.799151308845645,"plaq_d"
"9905","DNAJC3","Exc L6 CT",-0.00501664501553013,5.0556850788354,0.0613282425174611,0.804554749711306,0.956836843734989,0.956836843734989,"plaq_d"
"9906","UGGT2","Exc L6 CT",-0.0137542086440441,7.49178121601333,1.13495609473701,0.28745882877633,0.634195929746923,0.634195929746923,"plaq_d"
"9907","HS6ST3","Exc L6 CT",0.0413357328939249,8.11789725644351,2.62765224677314,0.105922068018042,0.399385566052315,0.399385566052315,"plaq_d"
"9908","MBNL2","Exc L6 CT",0.035778683761583,8.83791002066433,9.7536567832317,0.0019396642436201,0.0430252795857549,0.0430252795857549,"plaq_d"
"9909","RAP2A","Exc L6 CT",0.0445545436323047,6.773741175737,10.6693213663418,0.00119757557149794,0.0311848918001469,0.0311848918001469,"plaq_d"
"9910","IPO5","Exc L6 CT",0.0225565921897012,5.90920972765072,1.79715583840032,0.180930692418263,0.511131452683047,0.511131452683047,"plaq_d"
"9911","FARP1","Exc L6 CT",0.0232662865024684,8.35895943964053,4.23212464864021,0.040410117971908,0.243917844160834,0.243917844160834,"plaq_d"
"9912","STK24","Exc L6 CT",-0.000575896199574171,5.71910106726206,0.00114477107471507,0.973028538735877,0.999088296211026,0.999088296211026,"plaq_d"
"9913","DOCK9","Exc L6 CT",0.0377563378369221,6.53600019209594,5.29588085772255,0.021965970994529,0.176009828166215,0.176009828166215,"plaq_d"
"9914","UBAC2","Exc L6 CT",-0.000559163473454182,7.08825160713804,0.00196840931276942,0.96463749005162,0.998742420766286,0.998742420766286,"plaq_d"
"9915","TM9SF2","Exc L6 CT",0.00155196404006825,5.4654508279258,0.00782751143641143,0.929551426975581,0.994167628886557,0.994167628886557,"plaq_d"
"9916","CLYBL","Exc L6 CT",-0.0205406991728777,5.17437843817251,0.65884208745818,0.417523549897048,0.746439431003449,0.746439431003449,"plaq_d"
"9917","AL355338.1","Exc L6 CT",0.00849670092398692,2.07844856382315,0.0164013916504596,0.898169157960945,0.986539374335313,0.986539374335313,"plaq_d"
"9918","PCCA","Exc L6 CT",0.0114196714955789,7.43529296862275,1.01325142980142,0.348326890126076,0.692038905638282,0.692038905638282,"plaq_d"
"9919","GGACT","Exc L6 CT",-0.147643358595696,2.71620252028247,5.30067313796099,0.0219065481839153,0.176009828166215,0.176009828166215,"plaq_d"
"9920","TMTC4","Exc L6 CT",-0.0290185323003952,2.60948879677556,0.246376261588375,0.619951492869786,0.87105423495544,0.87105423495544,"plaq_d"
"9921","NALCN-AS1","Exc L6 CT",0.0451657785955501,1.79235560722385,0.318799537383568,0.572693520375125,0.845849586469714,0.845849586469714,"plaq_d"
"9922","NALCN","Exc L6 CT",0.0162447677805647,8.53159945454184,3.40355534142204,0.065905141114481,0.314892270655184,0.314892270655184,"plaq_d"
"9923","ITGBL1","Exc L6 CT",-0.0125312762796461,2.2051421887711,0.0230836899962821,0.879327634068036,0.982442775318793,0.982442775318793,"plaq_d"
"9924","FGF14","Exc L6 CT",0.048748567135931,11.5935618424902,37.4666105438045,2.50624581841037e-09,3.00665956681964e-06,3.00665956681964e-06,"plaq_d"
"9925","FGF14-AS1","Exc L6 CT",0.100285207960619,1.88942880180035,1.54478436284389,0.214743359860588,0.552577397987932,0.552577397987932,"plaq_d"
"9926","TPP2","Exc L6 CT",0.0366314569963435,6.156149200455,5.80526337044665,0.0164966288345738,0.15165100172575,0.15165100172575,"plaq_d"
"9927","TEX30","Exc L6 CT",0.0572533976883345,2.69747649299615,1.33885627840056,0.24802892850194,0.594936025668909,0.594936025668909,"plaq_d"
"9928","KDELC1","Exc L6 CT",0.021086912689415,3.16618470900651,0.273739926983266,0.601166745693494,0.860659128643636,0.860659128643636,"plaq_d"
"9929","EFNB2","Exc L6 CT",0.0542651299776727,5.77492579189484,6.86295505218546,0.00918518587229698,0.109552556601149,0.109552556601149,"plaq_d"
"9930","ARGLU1","Exc L6 CT",0.0233473205674666,8.0454899646528,1.62615339402742,0.203086091753706,0.539116241358354,0.539116241358354,"plaq_d"
"9931","LINC00551","Exc L6 CT",-0.0535694838611757,2.12078668393161,0.383175228524015,0.536313557095282,0.823548796580659,0.823548796580659,"plaq_d"
"9932","LINC00443","Exc L6 CT",0.0046237577975955,3.02374185558014,0.00297910607330398,0.956503429287148,0.998742420766286,0.998742420766286,"plaq_d"
"9933","FAM155A","Exc L6 CT",0.0326073730364492,11.9462288058229,16.6796965089324,5.49492882831706e-05,0.00437044173549461,0.00437044173549461,"plaq_d"
"9934","AL136964.1","Exc L6 CT",-0.0223824047227836,2.03474260091667,0.0992135265235681,0.752964154777838,0.93501871579244,0.93501871579244,"plaq_d"
"9935","LIG4","Exc L6 CT",-0.000116046053782105,3.72561874504737,7.5176148827472e-06,0.997813911515345,0.999906738276838,0.999906738276838,"plaq_d"
"9936","ABHD13","Exc L6 CT",0.0469673492110366,4.64456333121834,3.61030369150205,0.0582484990755122,0.298308570861285,0.298308570861285,"plaq_d"
"9937","TNFSF13B","Exc L6 CT",0.0605340941663992,5.11489677095593,5.26204632391723,0.0223903115840212,0.178576690062919,0.178576690062919,"plaq_d"
"9938","MYO16","Exc L6 CT",0.0452311539815223,5.43664656298676,0.47956722129144,0.489079988312262,0.795490907059305,0.795490907059305,"plaq_d"
"9939","IRS2","Exc L6 CT",0.10084364833313,6.02716438773576,23.9995248230216,1.47871979231012e-06,0.000354794168834941,0.000354794168834941,"plaq_d"
"9940","AL162497.1","Exc L6 CT",0.103124419972504,2.94107543082576,4.884161638497,0.0277541882436809,0.200380659947392,0.200380659947392,"plaq_d"
"9941","NAXD","Exc L6 CT",0.0283236196198232,4.58796256588965,1.71151828248448,0.191651438489265,0.525252988601408,0.525252988601408,"plaq_d"
"9942","CARS2","Exc L6 CT",-0.0098085278500945,5.7451585975319,0.405082085016929,0.586292274805537,0.854018373783316,0.854018373783316,"plaq_d"
"9943","ING1","Exc L6 CT",0.0877495089183471,2.86077779797801,4.19669756767466,0.0412521103528291,0.246724296069517,0.246724296069517,"plaq_d"
"9944","ANKRD10","Exc L6 CT",-0.0100469306380293,6.37970639759654,0.508540311245859,0.492869068064554,0.798860190065041,0.798860190065041,"plaq_d"
"9945","ARHGEF7","Exc L6 CT",0.0190861355031521,8.22226090110381,3.86687902527331,0.050041970608296,0.274189269801745,0.274189269801745,"plaq_d"
"9946","TEX29","Exc L6 CT",-0.0258217072231376,3.21790729380952,0.280627663779417,0.596627721692109,0.858855692910863,0.858855692910863,"plaq_d"
"9947","TUBGCP3","Exc L6 CT",0.0356161088838839,6.01087344319783,5.72543106997196,0.017250263941884,0.155015480466518,0.155015480466518,"plaq_d"
"9948","ATP11A","Exc L6 CT",0.0255201042380974,5.88882963460387,2.31593276656162,0.128962057702111,0.437862684594244,0.437862684594244,"plaq_d"
"9949","MCF2L","Exc L6 CT",0.0153592505916874,7.17140412052748,1.38124878721888,0.240691566878448,0.585699086677169,0.585699086677169,"plaq_d"
"9950","PCID2","Exc L6 CT",0.036012708521697,6.02154082026965,6.84548007474491,0.0149101943722995,0.143672796642318,0.143672796642318,"plaq_d"
"9951","CUL4A","Exc L6 CT",-0.000105651589657699,6.14758321544355,5.02260749326505e-05,0.994349469549293,0.999654327007552,0.999654327007552,"plaq_d"
"9952","LAMP1","Exc L6 CT",-0.0265087727673989,5.06892897790209,1.79127286729684,0.181644422317035,0.511592188745267,0.511592188745267,"plaq_d"
"9953","ADPRHL1","Exc L6 CT",0.02969708551649,4.30579855256488,1.03916110008579,0.308724409607006,0.653011548736769,0.653011548736769,"plaq_d"
"9954","DCUN1D2","Exc L6 CT",-0.00515862199209804,5.85866542589255,0.0892431434000305,0.765319761221722,0.940705539835033,0.940705539835033,"plaq_d"
"9955","TMCO3","Exc L6 CT",-0.0199826222149735,6.03389172693325,1.50650819672604,0.220501842242464,0.559553062034639,0.559553062034639,"plaq_d"
"9956","TFDP1","Exc L6 CT",-0.0204323576744577,5.474472364545,1.24175124154919,0.265902387929661,0.612854298597548,0.612854298597548,"plaq_d"
"9957","TMEM255B","Exc L6 CT",-0.0391443311412833,3.18819476527515,0.729807490103239,0.393532954974454,0.726972978289778,0.726972978289778,"plaq_d"
"9958","GAS6-AS1","Exc L6 CT",-0.161747932191287,2.29794431321014,6.20720236739753,0.013188042029548,0.134115008029547,0.134115008029547,"plaq_d"
"9959","GAS6","Exc L6 CT",0.0251941652476523,5.7104075260988,1.91634214167904,0.167146994762574,0.493690631227333,0.493690631227333,"plaq_d"
"9960","RASA3","Exc L6 CT",-0.0230095407293639,5.51279192978382,1.65640496601266,0.198944324353104,0.534229153774908,0.534229153774908,"plaq_d"
"9961","CDC16","Exc L6 CT",-0.0324051080503941,5.82390423286322,3.36750904562921,0.0673470808794785,0.318146424352155,0.318146424352155,"plaq_d"
"9962","UPF3A","Exc L6 CT",-0.000232549112507643,6.68026717130454,0.000183604151810905,0.989196706710109,0.999571689696322,0.999571689696322,"plaq_d"
"9963","CHAMP1","Exc L6 CT",0.0323601211776856,3.68703401157579,0.967362653283206,0.403815364060383,0.736143596430704,0.736143596430704,"plaq_d"
"9964","TTC5","Exc L6 CT",0.00364269059175711,5.44128511033834,0.0361997500596423,0.849214453314734,0.972391253892604,0.972391253892604,"plaq_d"
"9965","CCNB1IP1","Exc L6 CT",0.00586314815160702,4.20017905428389,0.0450558400942794,0.832025584422465,0.96704282002414,0.96704282002414,"plaq_d"
"9966","PARP2","Exc L6 CT",-0.0191034690655922,4.44915979723922,0.555572628454094,0.456552454150573,0.775664661561659,0.775664661561659,"plaq_d"
"9967","OSGEP","Exc L6 CT",-0.0550542095175764,5.20363040437196,6.76292442487921,0.009703738042042,0.113032231832698,0.113032231832698,"plaq_d"
"9968","APEX1","Exc L6 CT",-0.0409373137601616,4.0310226979461,2.00710649691109,0.164970425140341,0.490896092071379,0.490896092071379,"plaq_d"
"9969","PIP4P1","Exc L6 CT",0.0285972146853755,3.66283116949792,0.80270974075378,0.370903399122129,0.710346485926012,0.710346485926012,"plaq_d"
"9970","RNASE10","Exc L6 CT",-0.370919157510204,1.72386597129704,14.4922044238949,0.000166265876276443,0.00879986601057235,0.00879986601057235,"plaq_d"
"9971","METTL17","Exc L6 CT",0.0234343256326121,3.74636921120621,0.505118147156136,0.477735614248663,0.789344129491849,0.789344129491849,"plaq_d"
"9972","ZNF219","Exc L6 CT",0.0206691154077723,2.51753599518563,0.12511904231861,0.723761535495344,0.919835095953581,0.919835095953581,"plaq_d"
"9973","HNRNPC","Exc L6 CT",0.0225517200285732,6.62152450352137,2.56154301207744,0.110398541565891,0.408349795576198,0.408349795576198,"plaq_d"
"9974","SUPT16H","Exc L6 CT",0.0239806953911238,5.52262300835048,1.93267369504499,0.165354237428286,0.491217416842263,0.491217416842263,"plaq_d"
"9975","CHD8","Exc L6 CT",0.0202120137312287,6.12248431638028,2.04487600781357,0.153616092797709,0.474969345342743,0.474969345342743,"plaq_d"
"9976","RAB2B","Exc L6 CT",0.0140774186213001,4.19040868410587,0.24136683398212,0.623530174227849,0.872864237883659,0.872864237883659,"plaq_d"
"9977","TOX4","Exc L6 CT",-0.00742637397168936,4.93951169090838,0.104185390476297,0.747057399449246,0.931784396371126,0.931784396371126,"plaq_d"
"9978","METTL3","Exc L6 CT",-0.0479615462388959,4.35551896165877,3.70583655419502,0.0550368215810507,0.288322446681516,0.288322446681516,"plaq_d"
"9979","SALL2","Exc L6 CT",0.0635177496563241,2.62822223910675,1.26593213191438,0.261306162198676,0.608240061443012,0.608240061443012,"plaq_d"
"9980","DAD1","Exc L6 CT",0.032511263048165,3.58143426739179,0.978391639292219,0.323283052056747,0.667768798163298,0.667768798163298,"plaq_d"
"9981","ABHD4","Exc L6 CT",0.0202945303146823,2.41338222011778,0.112368799948992,0.737665103148276,0.927815355400658,0.927815355400658,"plaq_d"
"9982","OXA1L","Exc L6 CT",-0.0318669025771074,3.9454280631422,1.26104580234765,0.279439078921504,0.626673214891366,0.626673214891366,"plaq_d"
"9983","MRPL52","Exc L6 CT",0.0564960763767297,3.13461897402264,1.98595736399846,0.159656659462099,0.483423149566415,0.483423149566415,"plaq_d"
"9984","RBM23","Exc L6 CT",-0.0125176311943874,4.71195184103405,0.298144429293868,0.585397703640092,0.853146926665597,0.853146926665597,"plaq_d"
"9985","PRMT5","Exc L6 CT",-0.120651899836312,3.16039569749455,8.04755989634362,0.00482317178471477,0.0759035904567742,0.0759035904567742,"plaq_d"
"9986","AL132780.1","Exc L6 CT",0.0429207767062879,2.4278533231618,0.39706219393798,0.52902366939728,0.818867258634742,0.818867258634742,"plaq_d"
"9987","PSMB5","Exc L6 CT",-0.00472485762085755,4.8247168291705,0.0329196052534397,0.856129672419344,0.975107136969453,0.975107136969453,"plaq_d"
"9988","CDH24","Exc L6 CT",0.0115615221650699,2.00385007660788,0.0162729686768628,0.898566436944982,0.986539374335313,0.986539374335313,"plaq_d"
"9989","ACIN1","Exc L6 CT",0.0253454897565941,6.17514163589184,3.09835963755311,0.0792491814836095,0.346183027969399,0.346183027969399,"plaq_d"
"9990","C14orf119","Exc L6 CT",0.106336696999118,2.3717704188318,3.39272663099303,0.0663348029810264,0.315583550467567,0.315583550467567,"plaq_d"
"9991","SLC7A8","Exc L6 CT",-0.00603194849321574,5.4423371475353,0.0677688683983593,0.794767315960416,0.953000771778707,0.953000771778707,"plaq_d"
"9992","RNF212B","Exc L6 CT",-0.0945830256068987,2.2656110328896,2.05366833038453,0.15273719313135,0.474411678527541,0.474411678527541,"plaq_d"
"9993","HOMEZ","Exc L6 CT",0.0345800341296194,3.03865723569433,0.680040148257352,0.439312063429915,0.761784686236697,0.761784686236697,"plaq_d"
"9994","PPP1R3E","Exc L6 CT",-0.0404654018520901,4.57061093921338,2.45623357403903,0.117967477301719,0.420049419548736,0.420049419548736,"plaq_d"
"9995","BCL2L2-PABPN1","Exc L6 CT",0.0624743862861532,3.7839233311221,3.34558275875465,0.0682407233402335,0.320624495171671,0.320624495171671,"plaq_d"
"9996","PABPN1","Exc L6 CT",-0.0107008773676292,5.55172297856889,0.241436349737882,0.623480198467057,0.872864237883659,0.872864237883659,"plaq_d"
"9997","SLC22A17","Exc L6 CT",0.0151641605823504,6.75478651636581,1.17961692815215,0.278185319826621,0.626283530549105,0.626283530549105,"plaq_d"
"9998","MYH7","Exc L6 CT",0.00140516427006345,1.43359766386705,0.00010711616813764,0.991748213477007,0.999571689696322,0.999571689696322,"plaq_d"
"9999","NGDN","Exc L6 CT",-0.0179538129463291,3.68828831360294,0.270274337785547,0.603478149037921,0.862471104293647,0.862471104293647,"plaq_d"
"10000","ZFHX2","Exc L6 CT",-0.0110054315010203,6.25580981811747,0.450919577522249,0.64303684800616,0.881203285741464,0.881203285741464,"plaq_d"
"10001","THTPA","Exc L6 CT",0.0260431560978163,2.8177462425352,0.336253470305651,0.613353927689473,0.868574574392576,0.868574574392576,"plaq_d"
"10002","AP1G2","Exc L6 CT",0.0283722990889209,5.46437255090576,1.27504511936363,0.259599673500284,0.606634969647937,0.606634969647937,"plaq_d"
"10003","JPH4","Exc L6 CT",0.0339107383653349,7.44531537540696,5.59471878430773,0.0185622370000498,0.161268535819382,0.161268535819382,"plaq_d"
"10004","DHRS4-AS1","Exc L6 CT",-0.0262912426456308,3.55146157398938,0.452459508906284,0.501615418076502,0.804417462251234,0.804417462251234,"plaq_d"
"10005","DHRS4","Exc L6 CT",0.0320222630327073,2.46374666392,0.313933417783351,0.575636760341456,0.848108361669798,0.848108361669798,"plaq_d"
"10006","DHRS4L2","Exc L6 CT",0.00975975864319325,4.0026156013283,0.0729329383146384,0.787273320595906,0.950485300511462,0.950485300511462,"plaq_d"
"10007","CARMIL3","Exc L6 CT",0.0485817070106323,3.19034366522073,1.14277782408764,0.285806644063678,0.632521280637319,0.632521280637319,"plaq_d"
"10008","CPNE6","Exc L6 CT",0.0679514218858459,3.39736934896407,2.27530564121651,0.13235599917614,0.44419797042942,0.44419797042942,"plaq_d"
"10009","NRL","Exc L6 CT",-0.107491429327554,2.08946249688421,2.30871215276256,0.129558072318061,0.438954579687174,0.438954579687174,"plaq_d"
"10010","PSME1","Exc L6 CT",-0.00156865525496603,1.72071070029644,1.05062604378582e-05,0.997415648608206,0.999906738276838,0.999906738276838,"plaq_d"
"10011","EMC9","Exc L6 CT",-0.0214469825959882,2.7315369250557,0.174853172823064,0.676091937457178,0.896032875442026,0.896032875442026,"plaq_d"
"10012","PSME2","Exc L6 CT",-0.186534850569944,1.92334067752567,5.39754657549599,0.0207405424612598,0.171204615408427,0.171204615408427,"plaq_d"
"10013","REC8","Exc L6 CT",-0.0119990172195091,2.4651591492052,0.0434248152283774,0.835049258861172,0.967748279710629,0.967748279710629,"plaq_d"
"10014","AL136295.1","Exc L6 CT",-0.0577470379627695,3.89795291642173,3.01807823044738,0.0832252412997029,0.353586947237094,0.353586947237094,"plaq_d"
"10015","GMPR2","Exc L6 CT",0.0598789400284884,3.29518333842935,2.64909472826476,0.104513380541989,0.396921967454698,0.396921967454698,"plaq_d"
"10016","TINF2","Exc L6 CT",-0.0431102773867801,2.50839997504066,0.546926829382031,0.460074401766018,0.776302767370572,0.776302767370572,"plaq_d"
"10017","RABGGTA","Exc L6 CT",-0.0026968799537572,2.66839225799138,0.00185862417696121,0.973770165172553,0.999093977007575,0.999093977007575,"plaq_d"
"10018","DHRS1","Exc L6 CT",-0.0111439908942317,3.50987051677778,0.0915416169871432,0.762407040046725,0.939531907936368,0.939531907936368,"plaq_d"
"10019","NYNRIN","Exc L6 CT",-0.0155266436187085,2.62615213704572,0.0883540878546604,0.800457512246253,0.955504672163935,0.955504672163935,"plaq_d"
"10020","KHNYN","Exc L6 CT",-0.0184328875143394,2.44913061114038,0.0930719836023529,0.760489776622787,0.938454553768357,0.938454553768357,"plaq_d"
"10021","SDR39U1","Exc L6 CT",0.0496169078512569,3.79515750104698,2.5385760334666,0.112002256743845,0.41002726095147,0.41002726095147,"plaq_d"
"10022","AL136018.1","Exc L6 CT",-0.13843087840141,1.55458936675304,1.82940006213865,0.177076107021948,0.506599081414005,0.506599081414005,"plaq_d"
"10023","STXBP6","Exc L6 CT",0.129020368950396,3.55018646050244,2.34037904917628,0.126966820710642,0.434883262181871,0.434883262181871,"plaq_d"
"10024","LINC02306","Exc L6 CT",-0.406300960302311,1.3114840090632,4.55967019199934,0.033430800862539,0.2217479917655,0.2217479917655,"plaq_d"
"10025","NOVA1","Exc L6 CT",0.0352728679885922,8.09297632991225,8.34255747504066,0.00411495708369771,0.0694878203239401,0.0694878203239401,"plaq_d"
"10026","LINC02588","Exc L6 CT",-0.00164461077962707,3.2319963936241,0.0010094203221125,0.974672577313711,0.999093977007575,0.999093977007575,"plaq_d"
"10027","AL110292.1","Exc L6 CT",0.0772790477261033,2.33003305352466,0.80135433559242,0.371307149760246,0.710346485926012,0.710346485926012,"plaq_d"
"10028","FOXG1-AS1","Exc L6 CT",0.0291852510207166,3.61454829428574,0.56849936569126,0.451365417166001,0.772143816920998,0.772143816920998,"plaq_d"
"10029","FOXG1","Exc L6 CT",0.072022250736431,5.37534656986397,15.8934838066691,8.16710675687463e-05,0.00567988738511919,0.00567988738511919,"plaq_d"
"10030","LINC01551","Exc L6 CT",0.0274540813409794,5.26541740953688,1.10915002446726,0.292997063901396,0.640544530284661,0.640544530284661,"plaq_d"
"10031","LINC02281","Exc L6 CT",0.0347814125962991,1.6247507635613,0.206265530883206,0.79453002798659,0.953000771778707,0.953000771778707,"plaq_d"
"10032","LINC02327","Exc L6 CT",0.0102532180383543,2.12917623862136,0.0144462699177353,0.904399871845177,0.988876782180692,0.988876782180692,"plaq_d"
"10033","PRKD1","Exc L6 CT",0.0417060816607979,7.92158849776505,4.18733968519272,0.0414775949619758,0.247251120941037,0.247251120941037,"plaq_d"
"10034","G2E3","Exc L6 CT",0.0486633286929779,5.82964617935581,11.1481403294464,0.00093215846339978,0.0264614503957922,0.0264614503957922,"plaq_d"
"10035","SCFD1","Exc L6 CT",-0.00667626200196778,7.09690694837057,0.270912669304002,0.60305099801745,0.862031791029611,0.862031791029611,"plaq_d"
"10036","AL121852.1","Exc L6 CT",-0.000452439570939334,2.02057149938987,4.61152687819472e-06,0.99828781659726,0.999906738276838,0.999906738276838,"plaq_d"
"10037","COCH","Exc L6 CT",0.0247539995552084,3.8303005260696,0.388702787093846,0.533390238328073,0.821600803720074,0.821600803720074,"plaq_d"
"10038","STRN3","Exc L6 CT",0.00657209593895391,7.01560221838896,0.315940915730948,0.574418923961871,0.846955422850038,0.846955422850038,"plaq_d"
"10039","AP4S1","Exc L6 CT",-0.0390311463780139,5.72813912089324,5.41566256372276,0.0205297541183945,0.170212317022063,0.170212317022063,"plaq_d"
"10040","HECTD1","Exc L6 CT",0.0158628599153896,6.87706424033033,2.26554323287248,0.133186376425885,0.445067566162264,0.445067566162264,"plaq_d"
"10041","HEATR5A","Exc L6 CT",-0.0172847567283704,4.19049138049701,0.370786082913335,0.542973156833194,0.828340294560607,0.828340294560607,"plaq_d"
"10042","AL139353.1","Exc L6 CT",0.0278965265111917,4.45939765187829,1.19571780793214,0.274935144212881,0.622913947315782,0.622913947315782,"plaq_d"
"10043","NUBPL","Exc L6 CT",-0.0165198403934458,6.12160461028664,0.883644954791543,0.347856943320641,0.691677977354137,0.691677977354137,"plaq_d"
"10044","AL352984.1","Exc L6 CT",0.0565744025781706,2.41188252403458,0.892470519017126,0.345463761425926,0.689299557794543,0.689299557794543,"plaq_d"
"10045","ARHGAP5","Exc L6 CT",0.0396241864737139,6.99071881652446,9.48362750488677,0.00223792438599375,0.0473086042008312,0.0473086042008312,"plaq_d"
"10046","AKAP6","Exc L6 CT",0.0129370383594664,9.13183888724577,2.55720663122903,0.110699384645091,0.408440929977692,0.408440929977692,"plaq_d"
"10047","AL136298.1","Exc L6 CT",-0.138331914278313,2.21749498278459,3.8093612895503,0.137793624707051,0.452162527924466,0.452162527924466,"plaq_d"
"10048","NPAS3","Exc L6 CT",0.0168098313386857,7.56949198922309,0.424360423314693,0.515198961099579,0.811462970263719,0.811462970263719,"plaq_d"
"10049","EGLN3","Exc L6 CT",-0.00832822874002973,3.68251145165548,0.0428682295571139,0.836094614879835,0.968220972579314,0.968220972579314,"plaq_d"
"10050","EAPP","Exc L6 CT",-0.0577142191119988,5.32735972639037,9.09854303742051,0.00274623010029152,0.0541590313595596,0.0541590313595596,"plaq_d"
"10051","SNX6","Exc L6 CT",-0.00866323140532115,5.8533986907281,0.269499149914563,0.67167830859202,0.895322308378771,0.895322308378771,"plaq_d"
"10052","CFL2","Exc L6 CT",0.0612853314549784,3.66601608884568,3.77941397985607,0.0526919910167611,0.282831432765583,0.282831432765583,"plaq_d"
"10053","BAZ1A","Exc L6 CT",0.0268847048147168,3.72592758409133,0.526018317797097,0.468772802410863,0.78210319251016,0.78210319251016,"plaq_d"
"10054","SRP54","Exc L6 CT",-0.0414133611232979,5.15178881228539,4.58006315312582,0.0330404817201189,0.220617242505952,0.220617242505952,"plaq_d"
"10055","FAM177A1","Exc L6 CT",0.0201076497231438,5.27778133289545,0.986258125069658,0.321348267545599,0.665970859489022,0.665970859489022,"plaq_d"
"10056","PPP2R3C","Exc L6 CT",-0.0004501319940409,5.4593149054685,0.000594131634552727,0.980567599282316,0.999396584092899,0.999396584092899,"plaq_d"
"10057","NFKBIA","Exc L6 CT",0.0608629041032736,4.28841138477709,4.80872374583569,0.0590821796012219,0.300122462081578,0.300122462081578,"plaq_d"
"10058","RALGAPA1","Exc L6 CT",0.0410099290445467,7.81972801441599,15.4611952568849,0.00010163245018663,0.00638908625714728,0.00638908625714728,"plaq_d"
"10059","AL162311.3","Exc L6 CT",-0.0926859003279118,2.32849837278686,1.82468662705893,0.177633581579924,0.507484231082475,0.507484231082475,"plaq_d"
"10060","BRMS1L","Exc L6 CT",0.0606770857308654,5.38328549388771,9.33557935860897,0.00242090109796487,0.049716536670902,0.049716536670902,"plaq_d"
"10061","LINC00609","Exc L6 CT",0.369208233190913,1.87980454055077,10.1719399078031,0.00155536888757821,0.0372563901923059,0.0372563901923059,"plaq_d"
"10062","MBIP","Exc L6 CT",0.0456847981678982,4.79102263599916,4.32419752368058,0.0383054605179649,0.237487256510174,0.237487256510174,"plaq_d"
"10063","SLC25A21","Exc L6 CT",0.0143507479973376,4.93050720970689,0.171333241706049,0.679184463940346,0.897145550744003,0.897145550744003,"plaq_d"
"10064","MIPOL1","Exc L6 CT",0.0090015380582515,7.75598603129079,0.574080534973253,0.449154417273254,0.769893268748558,0.769893268748558,"plaq_d"
"10065","AL121790.1","Exc L6 CT",0.0212930681980263,2.58978435422335,0.137667682327476,0.710836390059076,0.913083741980474,0.913083741980474,"plaq_d"
"10066","SEC23A","Exc L6 CT",0.0205835181501573,6.05504645974406,2.23726491845049,0.135624872432296,0.448428034803704,0.448428034803704,"plaq_d"
"10067","GEMIN2","Exc L6 CT",-0.00625168596700375,3.62920150854693,0.0317116905862283,0.864244380698953,0.977323350307511,0.977323350307511,"plaq_d"
"10068","TRAPPC6B","Exc L6 CT",0.0331526689716583,6.05403210565538,3.56003769396039,0.0600181363411695,0.302357774821936,0.302357774821936,"plaq_d"
"10069","PNN","Exc L6 CT",-0.0142131221949026,5.89437474154005,0.549118558190145,0.459177517201584,0.775898728996668,0.775898728996668,"plaq_d"
"10070","MIA2","Exc L6 CT",0.0276896902380534,6.25503186870353,1.97574763779641,0.16073074280457,0.484582151500438,0.484582151500438,"plaq_d"
"10071","FBXO33","Exc L6 CT",0.0261083633390611,6.32692547802404,2.71297897124961,0.100437091544566,0.389225919142337,0.389225919142337,"plaq_d"
"10072","AL049875.1","Exc L6 CT",0.0715238399058847,4.11156710798092,5.88707984416634,0.0157595915294712,0.148267969573565,0.148267969573565,"plaq_d"
"10073","LRFN5","Exc L6 CT",0.0582343440525992,9.08026201232767,26.3717997188022,4.69654033413473e-07,0.000164905840610253,0.000164905840610253,"plaq_d"
"10074","AL450442.1","Exc L6 CT",0.119738624971247,3.90530699908877,6.90364622758861,0.00898248694638169,0.10817055005564,0.10817055005564,"plaq_d"
"10075","LINC02307","Exc L6 CT",0.0372540944185781,2.11806528169372,0.300674021083028,0.58381155930518,0.852322430026867,0.852322430026867,"plaq_d"
"10076","C14orf28","Exc L6 CT",-0.0170758569900724,2.57741026593407,0.0920928486163535,0.761714446698261,0.939080343809897,0.939080343809897,"plaq_d"
"10077","KLHL28","Exc L6 CT",0.0328023192168957,5.48231826447276,3.40132499307167,0.0659933922095514,0.315000289870259,0.315000289870259,"plaq_d"
"10078","TOGARAM1","Exc L6 CT",0.00591380989584554,6.975544971555,0.220068823200121,0.639281074577951,0.879668356874802,0.879668356874802,"plaq_d"
"10079","PRPF39","Exc L6 CT",0.00551191877591607,5.45955844412289,0.0959161642707756,0.756971815885756,0.937371276885589,0.937371276885589,"plaq_d"
"10080","FKBP3","Exc L6 CT",0.0215824348339855,6.16048132649622,1.88629756772244,0.170503773703315,0.497985864522808,0.497985864522808,"plaq_d"
"10081","FANCM","Exc L6 CT",-0.0281006186497746,4.70143481778378,0.923502113088684,0.337223956862823,0.681358046736448,0.681358046736448,"plaq_d"
"10082","MIS18BP1","Exc L6 CT",-0.0121161129462164,5.00619931493124,0.20924434058155,0.647645608555559,0.883726151025722,0.883726151025722,"plaq_d"
"10083","LINC00871","Exc L6 CT",0.0502033714382206,3.76563421717818,0.907551652777567,0.341425707519864,0.685478335509564,0.685478335509564,"plaq_d"
"10084","MDGA2","Exc L6 CT",0.0356561734926908,11.6648904792745,17.1220003160532,4.40019370318434e-05,0.00364052807764608,0.00364052807764608,"plaq_d"
"10085","LINC00648","Exc L6 CT",-0.124949896474555,2.29220835480456,1.54467875905614,0.21475899845391,0.552577397987932,0.552577397987932,"plaq_d"
"10086","AL358335.2","Exc L6 CT",0.0241888324443629,2.77668992081717,0.119327418794539,0.72997369828528,0.923517124572888,0.923517124572888,"plaq_d"
"10087","RPS29","Exc L6 CT",-0.0247976473677272,5.31980672866166,1.37690863447498,0.241430455659038,0.586715413804448,0.586715413804448,"plaq_d"
"10088","RPL36AL","Exc L6 CT",-0.0691286167112258,4.46059637402671,2.67043672331457,0.103131732048427,0.394129125184273,0.394129125184273,"plaq_d"
"10089","MGAT2","Exc L6 CT",0.0951080667955754,2.46519550342653,3.05695887810766,0.0812732796903355,0.350096173582405,0.350096173582405,"plaq_d"
"10090","DNAAF2","Exc L6 CT",0.0374005366258487,3.29566178415408,0.939577747301059,0.333059273675277,0.677728206260241,0.677728206260241,"plaq_d"
"10091","POLE2","Exc L6 CT",-0.0399727128653697,3.32574191095439,0.783175489568061,0.376782419780503,0.713336243561267,0.713336243561267,"plaq_d"
"10092","KLHDC1","Exc L6 CT",-0.00406249048484445,6.02065497247794,0.0639296372411683,0.927602233060618,0.993953237598858,0.993953237598858,"plaq_d"
"10093","AL591767.1","Exc L6 CT",-0.0435742254571221,1.83626452223356,0.268548124100958,0.675187228225312,0.895575586043388,0.895575586043388,"plaq_d"
"10094","KLHDC2","Exc L6 CT",-0.01803995725346,5.41300928940034,0.884389775636335,0.347654104804279,0.691536514676173,0.691536514676173,"plaq_d"
"10095","NEMF","Exc L6 CT",-0.017404564715163,6.87352831012181,2.05466139937171,0.174274326195117,0.502373488166782,0.502373488166782,"plaq_d"
"10096","AL627171.2","Exc L6 CT",0.0406052624516868,3.13810911499725,0.269454924904637,0.604027414521096,0.862656613040247,0.862656613040247,"plaq_d"
"10097","AL627171.1","Exc L6 CT",0.00789804638825119,1.82926025664857,0.0112687011472024,0.915521187236843,0.99070421132938,0.99070421132938,"plaq_d"
"10098","ARF6","Exc L6 CT",0.11605200351877,2.70962092953134,5.42289699397377,0.0204462014037423,0.17011844646699,0.17011844646699,"plaq_d"
"10099","LINC01588","Exc L6 CT",-0.0272694129679359,3.42166587873533,0.31792890328778,0.573217933004418,0.84621871330814,0.84621871330814,"plaq_d"
"10100","VCPKMT","Exc L6 CT",0.0109887397767397,3.83488280065462,0.143004491993606,0.719125028298864,0.917664676969392,0.917664676969392,"plaq_d"
"10101","SOS2","Exc L6 CT",-0.00249921466273932,6.44421330440647,0.0340163787618527,0.853779350894897,0.974774991357929,0.974774991357929,"plaq_d"
"10102","L2HGDH","Exc L6 CT",-0.0194750875463757,6.29252394190996,1.50375587740873,0.220922997633383,0.559900973373338,0.559900973373338,"plaq_d"
"10103","ATP5S","Exc L6 CT",-0.0272322777111204,4.12297161252232,0.991626366733623,0.346559797660951,0.690816234717121,0.690816234717121,"plaq_d"
"10104","AL359397.2","Exc L6 CT",-0.0410633014416381,2.58411208798049,0.656032609068131,0.418517263964783,0.746439431003449,0.746439431003449,"plaq_d"
"10105","CDKL1","Exc L6 CT",0.00143125465371851,7.03264744852144,0.00668797028446807,0.934868639359117,0.995676697651708,0.995676697651708,"plaq_d"
"10106","MAP4K5","Exc L6 CT",0.0140364679838449,7.16525722172103,1.44937196670563,0.26953202746948,0.617470252617859,0.617470252617859,"plaq_d"
"10107","ATL1","Exc L6 CT",0.0238913321144319,7.58675949165005,5.0105467637046,0.0258248464988918,0.191834102269373,0.191834102269373,"plaq_d"
"10108","SAV1","Exc L6 CT",0.0375003347729033,4.38625330467854,1.97845989720201,0.160444603851592,0.484332932993363,0.484332932993363,"plaq_d"
"10109","NIN","Exc L6 CT",0.0205766290135016,8.48408679237041,3.3514738552122,0.0679993775320977,0.319803671660267,0.319803671660267,"plaq_d"
"10110","PYGL","Exc L6 CT",-0.0682464375991132,3.49885790508646,1.73677729025897,0.188414057561317,0.521434876041272,0.521434876041272,"plaq_d"
"10111","ABHD12B","Exc L6 CT",-0.0187755942175772,4.69514649407602,0.506070588848432,0.477321126464796,0.789344129491849,0.789344129491849,"plaq_d"
"10112","TRIM9","Exc L6 CT",-0.00201913926446467,9.09496907549892,0.0507898589195533,0.926132015877233,0.993709212235869,0.993709212235869,"plaq_d"
"10113","TMX1","Exc L6 CT",-0.0202946637631232,3.24469895564636,0.246489439703865,0.619871165324503,0.87102638321245,0.87102638321245,"plaq_d"
"10114","FRMD6-AS2","Exc L6 CT",-0.147039766194558,1.60904330511022,2.02900897711654,0.155216805179768,0.476898862898203,0.476898862898203,"plaq_d"
"10115","FRMD6","Exc L6 CT",0.00390024002339957,3.18657456112427,0.00665677609426531,0.935020372016771,0.995676697651708,0.995676697651708,"plaq_d"
"10116","FRMD6-AS1","Exc L6 CT",-0.1515368945498,2.22520815863665,5.31644114343049,0.0217122077411694,0.175081290147258,0.175081290147258,"plaq_d"
"10117","GNG2","Exc L6 CT",0.0379772636054992,6.34426949460794,4.2401061709011,0.0402229358297526,0.243707653284983,0.243707653284983,"plaq_d"
"10118","RTRAF","Exc L6 CT",0.0429071328618132,4.07410401894749,2.37275242640727,0.124377444113214,0.430521203523404,0.430521203523404,"plaq_d"
"10119","TXNDC16","Exc L6 CT",0.0194148271446332,6.68838983012687,1.84630563842458,0.175093217889666,0.503423599908054,0.503423599908054,"plaq_d"
"10120","GPR137C","Exc L6 CT",0.0171259911595743,7.64452271210625,1.0257034541016,0.311873174740043,0.656392722742348,0.656392722742348,"plaq_d"
"10121","ERO1A","Exc L6 CT",0.0575956043191995,5.85092030466534,13.3086294234038,0.000304597394538884,0.0132077834089812,0.0132077834089812,"plaq_d"
"10122","AL133453.1","Exc L6 CT",0.0965580458511413,2.38258490897303,2.76615270217379,0.0971770829697347,0.383382100968019,0.383382100968019,"plaq_d"
"10123","PSMC6","Exc L6 CT",-0.000986277904515355,5.6207485130534,0.00330456753389636,0.954191535389784,0.998216253735524,0.998216253735524,"plaq_d"
"10124","STYX","Exc L6 CT",0.00924961116555261,3.65432562240672,0.0690539177034164,0.926647465453608,0.993883318323457,0.993883318323457,"plaq_d"
"10125","GNPNAT1","Exc L6 CT",0.0227520444936245,4.35940838415518,0.777471701350426,0.37852376107569,0.714718390289108,0.714718390289108,"plaq_d"
"10126","FERMT2","Exc L6 CT",-0.0510101592366436,4.6012585428518,3.8960358755448,0.0491903305053856,0.27060012777269,0.27060012777269,"plaq_d"
"10127","DDHD1","Exc L6 CT",0.0107121234607946,6.79443592347854,0.80888977969978,0.369070239369768,0.708882455678055,0.708882455678055,"plaq_d"
"10128","CNIH1","Exc L6 CT",0.00310778507407232,5.23167128217336,0.0265444651771202,0.896560240866289,0.986392263158221,0.986392263158221,"plaq_d"
"10129","GMFB","Exc L6 CT",0.0560553863269923,5.16533244925152,6.68151610839387,0.0101479583953434,0.116609763689887,0.116609763689887,"plaq_d"
"10130","CGRRF1","Exc L6 CT",0.0473609324401712,4.06867440736816,2.7597794762527,0.09756163164324,0.383847294106609,0.383847294106609,"plaq_d"
"10131","SAMD4A","Exc L6 CT",-0.0118926213051113,6.23566611683904,0.304443875469437,0.581463762510508,0.851041833586362,0.851041833586362,"plaq_d"
"10132","GCH1","Exc L6 CT",-0.100093697623598,2.66044558626751,2.82667290316821,0.093606922623375,0.376099709206282,0.376099709206282,"plaq_d"
"10133","WDHD1","Exc L6 CT",-0.0249053083431153,4.23756273211024,0.638424633503273,0.424826516476599,0.751434144505804,0.751434144505804,"plaq_d"
"10134","SOCS4","Exc L6 CT",0.106812245356047,4.0386886745761,15.5109181787226,9.91053278856657e-05,0.00633146245213853,0.00633146245213853,"plaq_d"
"10135","MAPK1IP1L","Exc L6 CT",0.0396747461159534,5.37342968102682,4.58552551273074,0.0329367468057896,0.220292336560756,0.220292336560756,"plaq_d"
"10136","FBXO34","Exc L6 CT",0.0382315968108375,7.24267643250715,6.70106581179405,0.0100394053938338,0.11599300164497,0.11599300164497,"plaq_d"
"10137","AL158801.3","Exc L6 CT",-0.0257802636280814,2.95199813703229,0.22382472010816,0.636437439389748,0.878269581788608,0.878269581788608,"plaq_d"
"10138","ATG14","Exc L6 CT",-0.0483725148717831,4.9864592998806,5.09806728118078,0.0245712429562443,0.186663648336724,0.186663648336724,"plaq_d"
"10139","TBPL2","Exc L6 CT",-0.231630694142007,1.5819016812887,5.52949074090071,0.0192552617272102,0.164120040156849,0.164120040156849,"plaq_d"
"10140","KTN1-AS1","Exc L6 CT",0.0103034946435013,4.94704477960679,0.145758621630694,0.702854860271452,0.909945396307926,0.909945396307926,"plaq_d"
"10141","KTN1","Exc L6 CT",-0.00330949822449135,6.88678345002457,0.0560764091249471,0.900485339298476,0.987385706797232,0.987385706797232,"plaq_d"
"10142","AL355773.1","Exc L6 CT",-0.0682262371903743,2.97663936054448,1.69654259454699,0.19360158162602,0.52757911780643,0.52757911780643,"plaq_d"
"10143","PELI2","Exc L6 CT",0.0949643192933524,5.02621708960014,4.67599627643689,0.0312674257294061,0.213766725262122,0.213766725262122,"plaq_d"
"10144","TMEM260","Exc L6 CT",-0.00674185440879934,6.21030488435425,0.21486625082703,0.643269347498262,0.88124995591125,0.88124995591125,"plaq_d"
"10145","OTX2-AS1","Exc L6 CT",-0.0210847607591703,1.89994355997541,0.0677871699370059,0.794740227596465,0.953000771778707,0.953000771778707,"plaq_d"
"10146","EXOC5","Exc L6 CT",0.022344183603094,6.2421962486143,3.07159199001569,0.123673769510041,0.429117277866123,0.429117277866123,"plaq_d"
"10147","AP5M1","Exc L6 CT",0.0363489316893927,5.63009077404595,4.45884483804123,0.0354329986736272,0.228229731053931,0.228229731053931,"plaq_d"
"10148","NAA30","Exc L6 CT",-0.0118930626963631,4.7209994158499,0.266160086440696,0.606246761560613,0.863865962549733,0.863865962549733,"plaq_d"
"10149","SLC35F4","Exc L6 CT",-0.0171350571216364,2.84813795628313,0.0419200030055412,0.837891965944123,0.968820749155593,0.968820749155593,"plaq_d"
"10150","ARMH4","Exc L6 CT",0.0304672856339084,6.28751866735312,4.10255003984652,0.0435809718367604,0.254210563436792,0.254210563436792,"plaq_d"
"10151","ACTR10","Exc L6 CT",0.00499908116222597,6.05242768407525,0.104091116270409,0.826974093909347,0.964445808159345,0.964445808159345,"plaq_d"
"10152","PSMA3","Exc L6 CT",-0.0356551149235257,4.72031119003064,2.7064574553592,0.100845102398892,0.389919476775242,0.389919476775242,"plaq_d"
"10153","ARID4A","Exc L6 CT",-0.00134042739682311,6.81732727405875,0.0101345561720405,0.937328272993744,0.996101534451179,0.996101534451179,"plaq_d"
"10154","AL139021.2","Exc L6 CT",-0.200210432559161,2.04124240719192,6.56865704419817,0.0107987156752513,0.120603809822279,0.120603809822279,"plaq_d"
"10155","AL139021.1","Exc L6 CT",-0.0502417866644348,2.86140859707752,1.00777408093932,0.31613380412704,0.660912599973771,0.660912599973771,"plaq_d"
"10156","TIMM9","Exc L6 CT",-0.00536916251736731,4.46410196889533,0.0457380186444474,0.86626170426969,0.977776797232387,0.977776797232387,"plaq_d"
"10157","KIAA0586","Exc L6 CT",0.00561823862249761,6.441879142053,0.15347048375508,0.890875385497031,0.984950622042489,0.984950622042489,"plaq_d"
"10158","DACT1","Exc L6 CT",0.0438651695017531,2.98302612875292,0.897971342817619,0.436154201413495,0.759051726734608,0.759051726734608,"plaq_d"
"10159","LINC01500","Exc L6 CT",-0.121385344390699,2.2122418698211,2.46324145491675,0.117446324541212,0.418815280677556,0.418815280677556,"plaq_d"
"10160","DAAM1","Exc L6 CT",0.000736946611301296,7.43406280143327,0.00442981020680242,0.948848489041578,0.99802142424354,0.99802142424354,"plaq_d"
"10161","GPR135","Exc L6 CT",0.0145642789076714,5.92137214806842,0.674980742760666,0.411882639274649,0.742825388985407,0.742825388985407,"plaq_d"
"10162","L3HYPDH","Exc L6 CT",-0.0166085595733371,4.56739110716763,0.454355767722651,0.500720924912574,0.803966339542469,0.803966339542469,"plaq_d"
"10163","JKAMP","Exc L6 CT",0.0639161789669522,4.88922254417242,8.42882584830258,0.00392866009514418,0.0677751941567854,0.0677751941567854,"plaq_d"
"10164","CCDC175","Exc L6 CT",0.0767870330286286,4.44682447904775,5.29801712498929,0.0219394612373964,0.176009828166215,0.176009828166215,"plaq_d"
"10165","RTN1","Exc L6 CT",0.0283934967776038,9.25244284928468,13.7991351483305,0.000236870535915,0.0111437524020665,0.0111437524020665,"plaq_d"
"10166","LRRC9","Exc L6 CT",-0.00511609748716161,4.44737306091104,0.0288279875956375,0.865275413909853,0.977498132802008,0.977498132802008,"plaq_d"
"10167","AL157911.1","Exc L6 CT",0.00662932321566365,3.52146417050331,0.0171301325790132,0.89594413401039,0.986281603373151,0.986281603373151,"plaq_d"
"10168","PCNX4","Exc L6 CT",0.0105939539133128,6.50891933578058,0.411641402884832,0.521559681171806,0.815152879182426,0.815152879182426,"plaq_d"
"10169","DHRS7","Exc L6 CT",0.0220878355862118,3.76204598879085,0.503852312248245,0.478287397523489,0.789344129491849,0.789344129491849,"plaq_d"
"10170","PPM1A","Exc L6 CT",0.0201687429403687,6.28364620225279,1.9598318411157,0.162421649057699,0.48708911624913,0.48708911624913,"plaq_d"
"10171","C14orf39","Exc L6 CT",0.00441106493543886,2.50988106417831,0.0026570289383029,0.958919705543411,0.998742420766286,0.998742420766286,"plaq_d"
"10172","SIX4","Exc L6 CT",-0.0240220465988846,1.57676583804705,0.0554543021635388,0.813968917902849,0.960100159227665,0.960100159227665,"plaq_d"
"10173","MNAT1","Exc L6 CT",-0.000989316974776199,8.23247774886368,0.0120519366437099,0.91264605447709,0.989967061646606,0.989967061646606,"plaq_d"
"10174","TRMT5","Exc L6 CT",0.00117406799654525,2.82929839909132,0.000651347399475602,0.979653612669108,0.999396584092899,0.999396584092899,"plaq_d"
"10175","SLC38A6","Exc L6 CT",0.0188145214998873,6.79451442444678,1.92898324914566,0.165757407927172,0.491577558284606,0.491577558284606,"plaq_d"
"10176","PRKCH","Exc L6 CT",-0.0273940982372643,3.90513735084854,0.218643349758362,0.640368072905112,0.880188294566122,0.880188294566122,"plaq_d"
"10177","HIF1A","Exc L6 CT",0.0258637237258996,5.85197575580306,2.27488197458202,0.132391914955169,0.44419797042942,0.44419797042942,"plaq_d"
"10178","HIF1A-AS2","Exc L6 CT",0.0797874523113816,2.76358398297159,1.56436783341986,0.211866623026169,0.549044120108991,0.549044120108991,"plaq_d"
"10179","SNAPC1","Exc L6 CT",0.0123465146800599,4.10951097601981,0.194794245069082,0.659229945591745,0.889674812279624,0.889674812279624,"plaq_d"
"10180","SYT16","Exc L6 CT",0.0166863234312236,8.11082797512152,3.12810329751829,0.0778286969479326,0.343056313919913,0.343056313919913,"plaq_d"
"10181","KCNH5","Exc L6 CT",0.0285418967459667,7.90363761550137,2.65039300121809,0.104428753373324,0.396916025113433,0.396916025113433,"plaq_d"
"10182","RHOJ","Exc L6 CT",-0.0629856647453916,4.3723501351596,1.99697007420656,0.158507287853918,0.481329637489731,0.481329637489731,"plaq_d"
"10183","PPP2R5E","Exc L6 CT",0.0183214784830257,6.97623503662328,3.03456371768254,0.082391468092316,0.352378958602787,0.352378958602787,"plaq_d"
"10184","WDR89","Exc L6 CT",-0.00381272222120904,4.23070809909352,0.0195879144662652,0.888775019727256,0.984859409526221,0.984859409526221,"plaq_d"
"10185","SGPP1","Exc L6 CT",0.0313637626383698,5.14973581549719,2.41723707727079,0.120914841547151,0.424869431025819,0.424869431025819,"plaq_d"
"10186","SYNE2","Exc L6 CT",0.0712529019847484,4.887740796157,8.04709519878482,0.00482438074937124,0.0759035904567742,0.0759035904567742,"plaq_d"
"10187","ESR2","Exc L6 CT",-0.0240794649657761,4.19112938037312,0.496227105642721,0.481633476016548,0.791247238533222,0.791247238533222,"plaq_d"
"10188","MTHFD1","Exc L6 CT",-0.0179010427765716,4.79504503563459,0.674824862598696,0.411936582457142,0.742825388985407,0.742825388985407,"plaq_d"
"10189","AL122035.1","Exc L6 CT",-0.0232142796508429,3.26907309984594,0.343247346319396,0.750171819964717,0.933811261053713,0.933811261053713,"plaq_d"
"10190","ZBTB25","Exc L6 CT",0.0325404560924808,4.84935955975789,2.3531451938637,0.125938607215352,0.433320312971371,0.433320312971371,"plaq_d"
"10191","AKAP5","Exc L6 CT",0.0333884946546192,3.62023180164345,1.00642627599445,0.31645716575291,0.661015287025377,0.661015287025377,"plaq_d"
"10192","ZBTB1","Exc L6 CT",0.0443888919062087,5.64216155274789,4.94170439979072,0.0268577402900808,0.196565342763601,0.196565342763601,"plaq_d"
"10193","AL049869.3","Exc L6 CT",0.0262694347160793,2.18508443030706,0.183598199750215,0.66856400488295,0.894234638511099,0.894234638511099,"plaq_d"
"10194","SPTB","Exc L6 CT",-0.00893231059708291,4.92764486465249,0.157274096426468,0.705218360596577,0.910389359113014,0.910389359113014,"plaq_d"
"10195","CHURC1-FNTB","Exc L6 CT",-0.0786028862974119,4.02583208401437,5.81408884235299,0.0164154353305404,0.151204430591407,0.151204430591407,"plaq_d"
"10196","RAB15","Exc L6 CT",-0.00953696102242796,5.78176706697277,0.270039350129126,0.603635556691292,0.862498869931516,0.862498869931516,"plaq_d"
"10197","FNTB","Exc L6 CT",-0.0108865803910379,2.65483530804192,0.0445794804959442,0.832902687848109,0.96728960782902,0.96728960782902,"plaq_d"
"10198","MAX","Exc L6 CT",-0.00887659856663808,6.08277544963186,0.34075308176452,0.924924793062986,0.993407704701672,0.993407704701672,"plaq_d"
"10199","AL139022.1","Exc L6 CT",0.070140173186292,1.93143223392785,1.1607526003845,0.28205535889834,0.628018828637723,0.628018828637723,"plaq_d"
"10200","FUT8","Exc L6 CT",0.0188361816080023,7.27174960632145,2.40649466606079,0.121741072095692,0.426112492496519,0.426112492496519,"plaq_d"
"10201","AL391261.2","Exc L6 CT",-0.0787141642577317,1.82808043169417,0.834285064452953,0.361668387365748,0.702443753912724,0.702443753912724,"plaq_d"
"10202","AL359232.1","Exc L6 CT",0.00469246890312251,5.05318082820596,0.0196299186197984,0.888656608298755,0.984859409526221,0.984859409526221,"plaq_d"
"10203","GPHN","Exc L6 CT",0.00982320225691573,9.4442377650602,1.22179974106691,0.269770907983272,0.617722600815522,0.617722600815522,"plaq_d"
"10204","FAM71D","Exc L6 CT",-0.082214364570535,2.39222594976629,1.46058984515414,0.227656379303703,0.569774206616152,0.569774206616152,"plaq_d"
"10205","MPP5","Exc L6 CT",0.00949427524538783,5.2092614866229,0.223302127134419,0.636831344438703,0.87839647739193,0.87839647739193,"plaq_d"
"10206","ATP6V1D","Exc L6 CT",0.0375066937547647,5.468930301167,4.15240982204061,0.0423308124594297,0.249168761595921,0.249168761595921,"plaq_d"
"10207","EIF2S1","Exc L6 CT",-0.0129997144635193,4.76029960119816,0.343593400786818,0.644044913760959,0.881413853809902,0.881413853809902,"plaq_d"
"10208","TMEM229B","Exc L6 CT",-0.00699781668224175,4.05960010434623,0.0541527023526473,0.816125399948352,0.961097667297951,0.961097667297951,"plaq_d"
"10209","PLEKHH1","Exc L6 CT",0.053882378941056,3.82377205551264,0.784011409087813,0.376528167276936,0.713317475472927,0.713317475472927,"plaq_d"
"10210","PIGH","Exc L6 CT",-0.0191363824334083,3.4587180023447,0.287595945130994,0.592107672344006,0.856624615439576,0.856624615439576,"plaq_d"
"10211","ARG2","Exc L6 CT",-0.00317021079098965,3.76462218260687,0.00763887182063212,0.930403301910184,0.994370823812207,0.994370823812207,"plaq_d"
"10212","VTI1B","Exc L6 CT",0.0125020643098626,3.74658238611186,0.145440966947349,0.703163372537856,0.910072814083878,0.910072814083878,"plaq_d"
"10213","RDH11","Exc L6 CT",-0.077982111337617,3.10810081114291,3.28572371591165,0.0707458929535992,0.325906519987205,0.325906519987205,"plaq_d"
"10214","ZFYVE26","Exc L6 CT",-0.0331374693905458,4.85443195591437,2.30336447209855,0.165074434181603,0.490896092071379,0.490896092071379,"plaq_d"
"10215","RAD51B","Exc L6 CT",-0.0282659377555264,5.52353951862382,1.07901662626195,0.299638425874527,0.646231427549018,0.646231427549018,"plaq_d"
"10216","ACTN1","Exc L6 CT",0.00535742130769126,7.366197263594,0.16500122723804,0.684842659610528,0.900774195488207,0.900774195488207,"plaq_d"
"10217","DCAF5","Exc L6 CT",0.00979161952359844,6.87667386874127,0.729304897610057,0.393695725214266,0.727087063525923,0.727087063525923,"plaq_d"
"10218","AL359317.2","Exc L6 CT",-0.0850166496292438,3.18296543507265,4.07731807287503,0.0442284390090556,0.256428758749241,0.256428758749241,"plaq_d"
"10219","EXD2","Exc L6 CT",0.0157637564308448,5.32832703845842,0.670011129916495,0.45951567573614,0.77594025958767,0.77594025958767,"plaq_d"
"10220","AL359317.1","Exc L6 CT",-0.0519764292957464,3.82032766983258,2.30126495895784,0.130176020259867,0.439713184314438,0.439713184314438,"plaq_d"
"10221","GALNT16","Exc L6 CT",0.00228852356983025,7.06352503283939,0.0200864571516803,0.887377849196414,0.984561966630565,0.984561966630565,"plaq_d"
"10222","ERH","Exc L6 CT",0.0051689257231171,4.80880668991401,0.0562073287871988,0.812733491700204,0.959497404175507,0.959497404175507,"plaq_d"
"10223","SLC39A9","Exc L6 CT",0.00613541738392941,5.50557745492432,0.133861893581625,0.745641258880204,0.9313232179284,0.9313232179284,"plaq_d"
"10224","PLEKHD1","Exc L6 CT",-0.122214019026507,2.42814171220126,3.52221141888199,0.0613876738042454,0.305685559351752,0.305685559351752,"plaq_d"
"10225","CCDC177","Exc L6 CT",-0.0273123568141607,2.27922886929508,0.190240421159648,0.662986893279289,0.891746175431995,0.891746175431995,"plaq_d"
"10226","SUSD6","Exc L6 CT",-0.0131468299342767,5.66580401421039,0.578372322298099,0.447465690584644,0.768426110182099,0.768426110182099,"plaq_d"
"10227","SRSF5","Exc L6 CT",0.00123677594534047,6.879274291474,0.00532481697940816,0.941870819898994,0.997438011127403,0.997438011127403,"plaq_d"
"10228","SLC10A1","Exc L6 CT",-0.118363477020447,2.06228240963283,2.2973110360658,0.130505446322132,0.440299134111415,0.440299134111415,"plaq_d"
"10229","SMOC1","Exc L6 CT",0.0438260313178428,4.08757300398164,1.00092882593497,0.317780610849764,0.662723119940808,0.662723119940808,"plaq_d"
"10230","SLC8A3","Exc L6 CT",-0.0443053298027375,6.46302549058208,6.07788718225052,0.0141701797304456,0.139721854383215,0.139721854383215,"plaq_d"
"10231","AL160191.1","Exc L6 CT",0.0200140519614754,2.07641986223588,0.0693328377781081,0.792466401076209,0.952123711391512,0.952123711391512,"plaq_d"
"10232","SYNJ2BP-COX16","Exc L6 CT",-0.0451634879610095,2.67234541434841,0.760591872786365,0.415901479103485,0.745247410153569,0.745247410153569,"plaq_d"
"10233","AL357153.2","Exc L6 CT",-0.00190275820721218,6.79546987882615,0.0125098995837457,0.911008643043006,0.989675151298007,0.989675151298007,"plaq_d"
"10234","MED6","Exc L6 CT",-0.0238316206022444,4.99611388080636,1.33981397838838,0.247860166584133,0.594699159690863,0.594699159690863,"plaq_d"
"10235","TTC9","Exc L6 CT",-0.00279881150318424,4.75976028395062,0.0140517811217189,0.905707992745438,0.989194466547556,0.989194466547556,"plaq_d"
"10236","MAP3K9","Exc L6 CT",0.00168249739906399,6.43305807581421,0.0119970977457402,0.912844223096982,0.989967061646606,0.989967061646606,"plaq_d"
"10237","AC004816.1","Exc L6 CT",0.00235612724324865,3.32467066548316,0.00381034621660348,0.963694324688938,0.998742420766286,0.998742420766286,"plaq_d"
"10238","PCNX1","Exc L6 CT",0.0305992478143624,8.05339254031119,10.5075167155149,0.00130370280528573,0.032868836400864,0.032868836400864,"plaq_d"
"10239","AC005476.2","Exc L6 CT",-0.0035800682906346,2.60286524701656,0.0039078450439814,0.970338097047135,0.998742420766286,0.998742420766286,"plaq_d"
"10240","SIPA1L1","Exc L6 CT",0.0352484723836463,9.16017697676882,11.1509902062495,0.000930772318858121,0.0264614503957922,0.0264614503957922,"plaq_d"
"10241","RGS6","Exc L6 CT",0.0395511162187229,5.88013795186851,0.288394199967913,0.591594389922695,0.856535257331907,0.856535257331907,"plaq_d"
"10242","DCAF4","Exc L6 CT",0.0327696823519356,3.07130421406326,0.574147319278634,0.449128062985143,0.769893268748558,0.769893268748558,"plaq_d"
"10243","ZFYVE1","Exc L6 CT",0.000358583708696901,4.75274988904562,0.000230725381874623,0.987889580587737,0.999571689696322,0.999571689696322,"plaq_d"
"10244","RBM25","Exc L6 CT",-0.0225282961800083,7.30485125190635,3.40671511607294,0.0657803308227507,0.31450874286864,0.31450874286864,"plaq_d"
"10245","PSEN1","Exc L6 CT",-0.0197948678113448,5.77361664996321,1.47635838626435,0.225168425022098,0.565531636379259,0.565531636379259,"plaq_d"
"10246","NUMB","Exc L6 CT",-0.00492478453039144,7.29841266342517,0.178225663253736,0.673163079437083,0.895548968504857,0.895548968504857,"plaq_d"
"10247","HEATR4","Exc L6 CT",0.0138954763987352,5.0848695821795,0.337936115964216,0.561399075626116,0.838424628348278,0.838424628348278,"plaq_d"
"10248","RIOX1","Exc L6 CT",-0.0370263260964393,1.98676406644336,0.24499546319562,0.620933364222579,0.871613817400055,0.871613817400055,"plaq_d"
"10249","AC005225.3","Exc L6 CT",0.0166166657758523,3.50395248262058,0.175983294459808,0.675106803372865,0.895575586043388,0.895575586043388,"plaq_d"
"10250","ACOT2","Exc L6 CT",0.0226159058141359,2.27628047941784,0.129275117456291,0.719402763918291,0.917664676969392,0.917664676969392,"plaq_d"
"10251","ACOT6","Exc L6 CT",0.125582971886063,2.12250822841868,3.92144086638712,0.0484608111915637,0.268944424793273,0.268944424793273,"plaq_d"
"10252","AC005225.2","Exc L6 CT",0.0358316218086404,4.35746906598315,1.59847420413711,0.206965219048579,0.542535943748561,0.542535943748561,"plaq_d"
"10253","DNAL1","Exc L6 CT",0.022165545185992,5.09661827968482,1.47586690470664,0.318141012497933,0.662801449481945,0.662801449481945,"plaq_d"
"10254","PNMA1","Exc L6 CT",0.0884062977635927,5.1989147313034,13.6191212864146,0.000259746708884379,0.0117219862730392,0.0117219862730392,"plaq_d"
"10255","ELMSAN1","Exc L6 CT",0.0102899437677804,4.47943072734916,0.174450534157516,0.676443823999996,0.896032875442026,0.896032875442026,"plaq_d"
"10256","AC005480.1","Exc L6 CT",-0.0709725189952697,4.04006047840424,4.12926244577932,0.0429064197194304,0.25180628547938,0.25180628547938,"plaq_d"
"10257","FAM161B","Exc L6 CT",-0.0201398308156855,2.74984389018901,0.155430784109455,0.693639952264,0.905480663111402,0.905480663111402,"plaq_d"
"10258","COQ6","Exc L6 CT",-0.0121153819468902,3.83751083597014,0.153392633071793,0.784766629142047,0.949609178207019,0.949609178207019,"plaq_d"
"10259","ENTPD5","Exc L6 CT",-0.0975634085122097,3.38412560607767,5.83356889846513,0.0162376828346482,0.150520078614034,0.150520078614034,"plaq_d"
"10260","BBOF1","Exc L6 CT",-0.0629869752979423,4.88767588011182,7.67310692198842,0.00590550446432302,0.0859612156404391,0.0859612156404391,"plaq_d"
"10261","ALDH6A1","Exc L6 CT",0.0433157313650651,3.91333577322237,2.18528322039141,0.140239426102627,0.45549304660096,0.45549304660096,"plaq_d"
"10262","LIN52","Exc L6 CT",-0.0340925871345008,6.0186650823214,4.34606718862332,0.0378227289608057,0.235884306771222,0.235884306771222,"plaq_d"
"10263","ABCD4","Exc L6 CT",0.0231746679550793,6.26743306323981,1.94867535439332,0.163619070800425,0.488856303921055,0.488856303921055,"plaq_d"
"10264","NPC2","Exc L6 CT",0.0400374804155108,2.60709246702931,0.59448040128048,0.441214661373349,0.763428637635906,0.763428637635906,"plaq_d"
"10265","ISCA2","Exc L6 CT",0.0287661705429637,2.64872597677293,0.313157451830906,0.604897531871236,0.863043098990913,0.863043098990913,"plaq_d"
"10266","AREL1","Exc L6 CT",-0.0187756592150755,4.86968164757211,0.750338585088593,0.386965527653152,0.721507024490969,0.721507024490969,"plaq_d"
"10267","FCF1","Exc L6 CT",-0.0511375679364067,4.13916441088343,3.57012903459401,0.0596583129739567,0.301559365720885,0.301559365720885,"plaq_d"
"10268","YLPM1","Exc L6 CT",0.0121361690347239,7.37327855926067,1.25494933814765,0.263381365452814,0.609686145209633,0.609686145209633,"plaq_d"
"10269","DLST","Exc L6 CT",0.0483252617215302,5.02922053242544,4.99265224152018,0.0278367120522205,0.200436246928321,0.200436246928321,"plaq_d"
"10270","RPS6KL1","Exc L6 CT",-0.100551937075106,4.95471485708529,20.5739905584516,7.90567242553102e-06,0.00111578490429357,0.00111578490429357,"plaq_d"
"10271","EIF2B2","Exc L6 CT",-0.056375982737442,2.98886281231098,1.50277789758067,0.221072878783149,0.559916460760417,0.559916460760417,"plaq_d"
"10272","AL049780.1","Exc L6 CT",0.0494813566842167,2.69361166430243,0.989438087980512,0.320570489760592,0.665360749502382,0.665360749502382,"plaq_d"
"10273","MLH3","Exc L6 CT",-0.0235568321484518,5.81414189271291,2.08152017156866,0.149990572941019,0.470120681049187,0.470120681049187,"plaq_d"
"10274","ACYP1","Exc L6 CT",0.00669653993711295,4.29687616099906,0.0656531342808811,0.797925580973826,0.954247796274006,0.954247796274006,"plaq_d"
"10275","ZC2HC1C","Exc L6 CT",0.00154973526961228,2.60832662626962,0.00101653810641559,0.97458346804505,0.999093977007575,0.999093977007575,"plaq_d"
"10276","NEK9","Exc L6 CT",-0.0405808510552106,5.45374906784635,5.74111166768195,0.0170994681643665,0.153948682735597,0.153948682735597,"plaq_d"
"10277","TMED10","Exc L6 CT",0.0021889942703763,5.30024628934671,0.0146779409253371,0.973735335717432,0.999093977007575,0.999093977007575,"plaq_d"
"10278","FOS","Exc L6 CT",0.323565241928017,1.7176541640719,4.34460739926618,0.0378547506882322,0.235884306771222,0.235884306771222,"plaq_d"
"10279","JDP2","Exc L6 CT",0.0165537836393818,5.43256133814354,0.699721419328923,0.403451010958781,0.735913379054288,0.735913379054288,"plaq_d"
"10280","TTLL5","Exc L6 CT",0.0119795210065094,6.69577411719142,0.826783426832057,0.363833231978794,0.704785101511474,0.704785101511474,"plaq_d"
"10281","ERG28","Exc L6 CT",-0.0452917644240608,3.70371786611677,1.95544640486089,0.199626525528664,0.535561584329229,0.535561584329229,"plaq_d"
"10282","AF107885.2","Exc L6 CT",-0.14779647107533,1.99854773459971,3.59344644394569,0.0588356754836492,0.299398509813579,0.299398509813579,"plaq_d"
"10283","IFT43","Exc L6 CT",-0.0145643917238228,6.24184385016065,1.21740233514762,0.270633006286872,0.618110489548646,0.618110489548646,"plaq_d"
"10284","GPATCH2L","Exc L6 CT",0.00869735520619712,6.69928554566194,0.487060467966289,0.485707274166901,0.79394140103403,0.79394140103403,"plaq_d"
"10285","ESRRB","Exc L6 CT",-0.0447016040772424,2.59700758609072,0.434152943525636,0.510393648007819,0.808408731072787,0.808408731072787,"plaq_d"
"10286","AC008050.1","Exc L6 CT",0.0377173682235512,4.37981719135383,1.04344581584637,0.307730596034916,0.652689915835421,0.652689915835421,"plaq_d"
"10287","AC007376.2","Exc L6 CT",0.0910433364966748,3.98328657207105,7.49185587849572,0.00651594300112665,0.0904566204862288,0.0904566204862288,"plaq_d"
"10288","VASH1","Exc L6 CT",-0.0908587099986206,4.44598402674638,13.1872892958793,0.000324190889802732,0.0137513479277001,0.0137513479277001,"plaq_d"
"10289","VASH1-AS1","Exc L6 CT",0.0241515237968489,3.40170097915489,0.422162654637875,0.518137057249699,0.813224662431945,0.813224662431945,"plaq_d"
"10290","ANGEL1","Exc L6 CT",0.0033938097486359,4.67999596842173,0.0230026875893383,0.879537918482591,0.982442775318793,0.982442775318793,"plaq_d"
"10291","IRF2BPL","Exc L6 CT",0.108543336365712,3.98717248729931,11.3122803695094,0.000855641752213187,0.0252500228492314,0.0252500228492314,"plaq_d"
"10292","AC007686.3","Exc L6 CT",0.0582644911931789,2.83974715123897,1.56980164697419,0.211076567812718,0.548692356488242,0.548692356488242,"plaq_d"
"10293","AC007686.2","Exc L6 CT",-0.0461054479992636,1.83512410372562,0.264404251677031,0.60743657766606,0.864173029268612,0.864173029268612,"plaq_d"
"10294","TMEM63C","Exc L6 CT",0.0443343140035391,5.30886531419618,4.20623534063535,0.041023621764756,0.246209643072273,0.246209643072273,"plaq_d"
"10295","ZDHHC22","Exc L6 CT",0.025983723019604,5.5054069432721,1.21334845840399,0.271430819825273,0.618278177564024,0.618278177564024,"plaq_d"
"10296","NGB","Exc L6 CT",0.0916099626249437,2.69520912345153,2.76489974970399,0.0972525525583105,0.383465277145408,0.383465277145408,"plaq_d"
"10297","POMT2","Exc L6 CT",0.0242533938308361,4.43947609258408,0.958332926972598,0.365611389908696,0.706362603463731,0.706362603463731,"plaq_d"
"10298","GSTZ1","Exc L6 CT",-0.0731407282261967,2.71797323936912,1.90083190821672,0.168870307235328,0.495428902084156,0.495428902084156,"plaq_d"
"10299","TMED8","Exc L6 CT",0.000255915503887554,6.23660372064298,0.000317673964487364,0.98578993719552,0.999571689696322,0.999571689696322,"plaq_d"
"10300","SAMD15","Exc L6 CT",-0.0137590053433286,2.32630614812166,0.0491173675556121,0.824736216616899,0.963985585882276,0.963985585882276,"plaq_d"
"10301","NOXRED1","Exc L6 CT",0.0191419520051466,3.01678866237979,0.12262097278028,0.726420761284941,0.9209646217048,0.9209646217048,"plaq_d"
"10302","VIPAS39","Exc L6 CT",-0.0160559871205283,4.65197537997844,0.513873974891208,0.473947191301005,0.785839831531595,0.785839831531595,"plaq_d"
"10303","AHSA1","Exc L6 CT",0.0283825876484601,4.73437855482733,1.52938898519667,0.277927021144541,0.62606736210966,0.62606736210966,"plaq_d"
"10304","SPTLC2","Exc L6 CT",0.034026727921595,5.89413088402198,2.97624181187368,0.085382550836994,0.358462292752804,0.358462292752804,"plaq_d"
"10305","ALKBH1","Exc L6 CT",-0.0307163848820425,4.71906415718327,1.73219034093413,0.1889971735779,0.522306812375013,0.522306812375013,"plaq_d"
"10306","SLIRP","Exc L6 CT",-0.0589552734903861,4.46809381897276,4.84190814154679,0.0284323281910778,0.202701794894094,0.202701794894094,"plaq_d"
"10307","SNW1","Exc L6 CT",-0.0296217151735999,4.86951795038725,2.15097808399103,0.143381645459993,0.459920269171583,0.459920269171583,"plaq_d"
"10308","ADCK1","Exc L6 CT",-0.014879026005988,4.01463461749055,0.233838018959714,0.628996433780068,0.876406568011794,0.876406568011794,"plaq_d"
"10309","NRXN3","Exc L6 CT",0.000957681836037697,11.7187885612185,0.00769670548665331,0.930141016049709,0.994370823812207,0.994370823812207,"plaq_d"
"10310","AC008056.2","Exc L6 CT",-0.00556104345819031,2.35026760400309,0.00104344307066926,0.974249427636023,0.999093977007575,0.999093977007575,"plaq_d"
"10311","AC008056.1","Exc L6 CT",-0.123186338727447,3.69775788523762,8.58481469023482,0.00361339621381347,0.0643792721461123,0.0643792721461123,"plaq_d"
"10312","AF123462.1","Exc L6 CT",-0.0210140655134623,1.82704860839728,0.0571678757247412,0.811170225484166,0.95922511631921,0.95922511631921,"plaq_d"
"10313","DIO2","Exc L6 CT",0.0226656417683432,4.45839604853256,0.381061322260518,0.537439242431966,0.824531839207738,0.824531839207738,"plaq_d"
"10314","DIO2-AS1","Exc L6 CT",-0.095579074870546,2.24574360896499,2.0251956669323,0.155604329439174,0.477323657917399,0.477323657917399,"plaq_d"
"10315","CEP128","Exc L6 CT",0.00421519313554954,6.16124317447658,0.0542130364600907,0.816024838475284,0.961097667297951,0.961097667297951,"plaq_d"
"10316","TSHR","Exc L6 CT",-0.0369249484012198,2.81640173843579,0.397272849369741,0.52891446457274,0.818824887836237,0.818824887836237,"plaq_d"
"10317","AC007262.2","Exc L6 CT",0.0189598797499861,5.8159897947021,0.444372434008056,0.505461035711275,0.805890473379344,0.805890473379344,"plaq_d"
"10318","GTF2A1","Exc L6 CT",0.055682802979741,5.62492394248937,12.6087011368435,0.000436741760808234,0.0162463420893936,0.0162463420893936,"plaq_d"
"10319","SEL1L","Exc L6 CT",0.00499933038098842,5.58217287732554,0.084211916235582,0.771841415342296,0.943672302638833,0.943672302638833,"plaq_d"
"10320","AL049775.2","Exc L6 CT",0.0518166831746193,2.13177440221717,0.393392980707017,0.530932330698705,0.820008779394761,0.820008779394761,"plaq_d"
"10321","AL049775.1","Exc L6 CT",-0.017004125650531,3.27963654686752,0.154853355878384,0.694180649041744,0.905857924547221,0.905857924547221,"plaq_d"
"10322","FLRT2","Exc L6 CT",0.0114298672658947,8.62472599238586,0.590280255813206,0.442831511366639,0.764388781490904,0.764388781490904,"plaq_d"
"10323","LINC02328","Exc L6 CT",0.0744866261356055,3.3766972149231,2.25475767620779,0.134110582970734,0.446432631755856,0.446432631755856,"plaq_d"
"10324","LINC02296","Exc L6 CT",0.068535964164399,1.5259666234329,0.218338176803414,0.640601344457853,0.880223055723513,0.880223055723513,"plaq_d"
"10325","AL359237.1","Exc L6 CT",-0.107350862945271,1.77007823144494,1.47782886340741,0.2249380873695,0.565428445219369,0.565428445219369,"plaq_d"
"10326","GALC","Exc L6 CT",0.0237623052289355,4.70143787805282,0.973068878821598,0.324600952526222,0.669094403288587,0.669094403288587,"plaq_d"
"10327","KCNK10","Exc L6 CT",0.0025139301110076,6.46664122862327,0.023379295972343,0.878563418013219,0.982200742853017,0.982200742853017,"plaq_d"
"10328","SPATA7","Exc L6 CT",-0.00322945050138022,6.74647566854097,0.0268748483014934,0.869877035068938,0.979028207087205,0.979028207087205,"plaq_d"
"10329","PTPN21","Exc L6 CT",-0.0380223322108604,4.54268919834587,2.41623164686527,0.120991906955231,0.42498418703566,0.42498418703566,"plaq_d"
"10330","ZC3H14","Exc L6 CT",-0.00722351714642313,6.76398651020705,0.334606627372014,0.563332992225329,0.839865550546379,0.839865550546379,"plaq_d"
"10331","EML5","Exc L6 CT",0.00757907138884027,6.96423418901409,0.363805009983448,0.780368724862239,0.947562374512869,0.947562374512869,"plaq_d"
"10332","TTC8","Exc L6 CT",-0.0359839030831061,5.86440109068587,3.55772514504664,0.060100920198485,0.302357774821936,0.302357774821936,"plaq_d"
"10333","FOXN3","Exc L6 CT",0.0178907229625083,8.09283226969955,2.20256243210158,0.138686176281577,0.453446784862497,0.453446784862497,"plaq_d"
"10334","AL356805.1","Exc L6 CT",-0.0245526314565379,1.80178566319612,0.0591761298341703,0.807946117192482,0.958107854321204,0.958107854321204,"plaq_d"
"10335","EFCAB11","Exc L6 CT",-0.0267165541255129,5.06231170670817,0.897124630896296,0.344210728585889,0.687958895922466,0.687958895922466,"plaq_d"
"10336","TDP1","Exc L6 CT",-0.00432493107052784,4.72715857802388,0.0281859092042071,0.866769963152888,0.97782465242136,0.97782465242136,"plaq_d"
"10337","KCNK13","Exc L6 CT",-0.208424638227459,1.58063342574642,2.63941608280503,0.10514666050274,0.39808433319174,0.39808433319174,"plaq_d"
"10338","PSMC1","Exc L6 CT",-0.0434302900981566,4.99861657030109,4.64499917542608,0.0318291477077037,0.215457838933129,0.215457838933129,"plaq_d"
"10339","NRDE2","Exc L6 CT",-0.00454101938178734,4.89976476326271,0.0423740191563185,0.837028768897696,0.968413070783597,0.968413070783597,"plaq_d"
"10340","CALM1","Exc L6 CT",0.0650314532851166,9.29213399378289,23.7388924493396,1.67843268027391e-06,0.000396110112544642,0.000396110112544642,"plaq_d"
"10341","TTC7B","Exc L6 CT",-0.0209299465680278,7.64743634662723,4.07019791864205,0.0444129805175251,0.256674207054444,0.256674207054444,"plaq_d"
"10342","RPS6KA5","Exc L6 CT",0.0504209082423958,6.91304733238332,8.34400921137189,0.00411174845245356,0.0694878203239401,0.0694878203239401,"plaq_d"
"10343","DGLUCY","Exc L6 CT",0.00370947899949465,5.72652087085293,0.0447311389266916,0.89861703359676,0.986539374335313,0.986539374335313,"plaq_d"
"10344","GPR68","Exc L6 CT",-0.0634056716893227,2.67200381406211,1.1052754443823,0.293840343468063,0.641551033112477,0.641551033112477,"plaq_d"
"10345","CCDC88C","Exc L6 CT",-0.0479446997110804,2.41784243133171,0.651648504903804,0.420074986993141,0.747792693551781,0.747792693551781,"plaq_d"
"10346","PPP4R3A","Exc L6 CT",0.00847589236283186,5.809676680008,0.298584070294661,0.696166061462562,0.906968924960638,0.906968924960638,"plaq_d"
"10347","CATSPERB","Exc L6 CT",0.0575118573303685,4.42286972576517,2.67368450215769,0.102923241653822,0.393831225970404,0.393831225970404,"plaq_d"
"10348","TC2N","Exc L6 CT",0.0441617652399561,4.41770897964057,1.8059045932685,0.17987529655748,0.510351866855852,0.510351866855852,"plaq_d"
"10349","FBLN5","Exc L6 CT",-0.00499171536581653,4.64131792890977,0.0299381661454794,0.862731140958815,0.976925559917429,0.976925559917429,"plaq_d"
"10350","TRIP11","Exc L6 CT",0.028270435332546,6.38205463057939,3.98500521009936,0.0466853121027027,0.264183079021426,0.264183079021426,"plaq_d"
"10351","ATXN3","Exc L6 CT",-0.0109846654858571,6.2525120181118,0.526678552524731,0.468494111268796,0.78210319251016,0.78210319251016,"plaq_d"
"10352","NDUFB1","Exc L6 CT",-0.0699286035267331,4.62272384077726,7.79445114959296,0.00552988706886316,0.0823574408815527,0.0823574408815527,"plaq_d"
"10353","CPSF2","Exc L6 CT",0.0237355276995568,4.53541019005123,1.0355184179101,0.309572598948107,0.653844943435586,0.653844943435586,"plaq_d"
"10354","RIN3","Exc L6 CT",0.143509220563825,1.95316695222672,3.300661086696,0.0701116224331893,0.324236988101386,0.324236988101386,"plaq_d"
"10355","LGMN","Exc L6 CT",0.0107416440406062,5.15487090879948,0.207519568777954,0.649002468324501,0.88448566348415,0.88448566348415,"plaq_d"
"10356","GOLGA5","Exc L6 CT",0.000846721389773679,4.56528866802782,0.00130922257059898,0.971157031281388,0.998742420766286,0.998742420766286,"plaq_d"
"10357","CHGA","Exc L6 CT",0.0775327342689556,6.11479132894051,6.42947317946101,0.0116609374789509,0.125557857851142,0.125557857851142,"plaq_d"
"10358","ITPK1","Exc L6 CT",0.00854805521301758,6.50066384664201,0.232776268675557,0.629776024140859,0.876683500163605,0.876683500163605,"plaq_d"
"10359","MOAP1","Exc L6 CT",0.0456850200042567,5.31559694254189,4.41000133488212,0.0364478744784811,0.23165721898111,0.23165721898111,"plaq_d"
"10360","AL110118.2","Exc L6 CT",0.0280494709158416,2.55976104772379,0.258701920474725,0.695388725733921,0.906448396927339,0.906448396927339,"plaq_d"
"10361","GON7","Exc L6 CT",0.0952181407584654,3.16805189259226,5.91062261443299,0.0155538899982306,0.147700396051799,0.147700396051799,"plaq_d"
"10362","UBR7","Exc L6 CT",0.0904387129951883,4.03015888481949,9.09847824525087,0.0027463248744428,0.0541590313595596,0.0541590313595596,"plaq_d"
"10363","BTBD7","Exc L6 CT",-0.00370732307117097,6.78517813845653,0.100128947960194,0.751864558548708,0.934665178264498,0.934665178264498,"plaq_d"
"10364","UNC79","Exc L6 CT",0.0151726848656812,9.32129724751801,3.0508970620253,0.0815743132636121,0.350343934926463,0.350343934926463,"plaq_d"
"10365","DDX24","Exc L6 CT",0.00993710164995952,6.96356391406686,0.373118795596358,0.541707665104628,0.827858125992169,0.827858125992169,"plaq_d"
"10366","IFI27L1","Exc L6 CT",-0.0870464872301307,2.77462248507313,2.89676905908107,0.0896498680863519,0.367451729163384,0.367451729163384,"plaq_d"
"10367","PPP4R4","Exc L6 CT",-0.318795085471223,1.68857612107133,5.86216510596862,0.0159803508517245,0.149162174660698,0.149162174660698,"plaq_d"
"10368","DICER1","Exc L6 CT",0.0107425993217516,6.46492339948604,0.893795834944582,0.545733919977819,0.829798694341879,0.829798694341879,"plaq_d"
"10369","DICER1-AS1","Exc L6 CT",-0.0121622694308891,4.05652481311357,0.166376045988062,0.683603506978868,0.900050858466049,0.900050858466049,"plaq_d"
"10370","SNHG10","Exc L6 CT",-0.0161057042399477,2.51651866302864,0.0853552015237635,0.791406168847289,0.952057315516695,0.952057315516695,"plaq_d"
"10371","GLRX5","Exc L6 CT",0.0187944241485249,3.79433063968037,0.31871216123261,0.822760445044491,0.963694415288182,0.963694415288182,"plaq_d"
"10372","C14orf132","Exc L6 CT",0.0286346344152693,3.11800526269591,0.116378489427103,0.733201753780244,0.925206475571347,0.925206475571347,"plaq_d"
"10373","ATG2B","Exc L6 CT",0.0269043271228307,6.27170199942377,3.68058038383028,0.0558671139512404,0.29058372939463,0.29058372939463,"plaq_d"
"10374","GSKIP","Exc L6 CT",0.0482285975526826,4.2633109252055,3.52861582959754,0.0611534662865389,0.305364308241767,0.305364308241767,"plaq_d"
"10375","AK7","Exc L6 CT",-0.0793179665855949,2.63082526154967,1.92341400581841,0.166367970705414,0.492344226897501,0.492344226897501,"plaq_d"
"10376","PAPOLA","Exc L6 CT",0.0461500775704914,6.57553825467839,11.8171664775875,0.000657947083282754,0.0217440503699328,0.0217440503699328,"plaq_d"
"10377","AL137786.1","Exc L6 CT",-0.0549628647831352,3.09944531649434,1.26305404828569,0.261848004156646,0.60848488584973,0.60848488584973,"plaq_d"
"10378","VRK1","Exc L6 CT",0.015754308600285,5.41321695912848,0.566158367252141,0.452297887694838,0.772852271959037,0.772852271959037,"plaq_d"
"10379","BCL11B","Exc L6 CT",0.0030697022179886,7.41916662614613,0.0412184372464255,0.839235450400972,0.968842112712646,0.968842112712646,"plaq_d"
"10380","SETD3","Exc L6 CT",0.00926782893302021,5.69578021432691,0.380239432900967,0.620116447962628,0.871101870642994,0.871101870642994,"plaq_d"
"10381","CCNK","Exc L6 CT",-0.00876212079372585,4.44491823086938,0.125420706491342,0.723442437904998,0.919537112491643,0.919537112491643,"plaq_d"
"10382","CYP46A1","Exc L6 CT",-0.00302804366287385,6.52875988421119,0.0411518324370681,0.939409978629491,0.99647134457755,0.99647134457755,"plaq_d"
"10383","EML1","Exc L6 CT",0.0126453488980568,6.9921578635013,0.611302562251465,0.434829117431846,0.75839219974557,0.75839219974557,"plaq_d"
"10384","EVL","Exc L6 CT",0.000848186212721068,8.41174859831837,0.0079392241065914,0.92905181736967,0.994167628886557,0.994167628886557,"plaq_d"
"10385","AL157912.1","Exc L6 CT",-0.105954128373667,2.19441973861137,2.25214117792199,0.165399645113535,0.491250936879401,0.491250936879401,"plaq_d"
"10386","AL133523.1","Exc L6 CT",-0.0714391014854726,3.07319016280802,2.41267626776195,0.121264862351787,0.42568372553434,0.42568372553434,"plaq_d"
"10387","YY1","Exc L6 CT",0.0542991547269636,6.10386909701648,15.5378647511437,9.77624529094371e-05,0.00633146245213853,0.00633146245213853,"plaq_d"
"10388","SLC25A29","Exc L6 CT",-0.0885954294200593,5.3043847864504,13.7579566933651,0.000241916634435179,0.0111644922696965,0.0111644922696965,"plaq_d"
"10389","WARS","Exc L6 CT",-0.0103201750838279,4.76062843368806,0.184816260707173,0.667532407462725,0.893866880369817,0.893866880369817,"plaq_d"
"10390","WDR25","Exc L6 CT",-0.00383563218654964,4.89707234727867,0.0312528328277474,0.901815763332443,0.988080983460246,0.988080983460246,"plaq_d"
"10391","BEGAIN","Exc L6 CT",-0.0481110159325732,4.91037694284926,3.66343276057515,0.0564384396930054,0.292441658885074,0.292441658885074,"plaq_d"
"10392","MEG3","Exc L6 CT",-0.00709938334388169,6.30924380981091,0.109480319565758,0.740935582772474,0.928924445055632,0.928924445055632,"plaq_d"
"10393","AL117190.2","Exc L6 CT",-0.011105347388548,5.660068069903,0.161891822929366,0.687667588704071,0.90212310849421,0.90212310849421,"plaq_d"
"10394","AL117190.1","Exc L6 CT",-0.0271884984299431,4.47748036793765,0.81324278574612,0.367786612457001,0.707652509079254,0.707652509079254,"plaq_d"
"10395","MEG8","Exc L6 CT",0.0100562332576257,7.71304775791543,0.376753254884033,0.539746767525725,0.826231776982824,0.826231776982824,"plaq_d"
"10396","MEG9","Exc L6 CT",-0.083744475958744,3.38749200962973,3.94216698698637,0.0478741472432716,0.267178789547858,0.267178789547858,"plaq_d"
"10397","LINC02320","Exc L6 CT",-0.0456179559434184,2.67538463032411,0.545651087766297,0.460597733742169,0.776394701225957,0.776394701225957,"plaq_d"
"10398","PPP2R5C","Exc L6 CT",0.00412329060601113,7.39651312026189,0.168925848958075,0.681321039068651,0.898442582983631,0.898442582983631,"plaq_d"
"10399","AL137779.2","Exc L6 CT",0.0366026339179991,1.82886004548344,0.260917824978415,0.64382316915237,0.88128400098147,0.88128400098147,"plaq_d"
"10400","DYNC1H1","Exc L6 CT",0.0233182653008899,7.80358661865178,4.79472636720411,0.0292100865737214,0.204868734664963,0.204868734664963,"plaq_d"
"10401","HSP90AA1","Exc L6 CT",0.050298356942122,7.93401070736698,9.2774649351632,0.00249683377071753,0.0506973469157258,0.0506973469157258,"plaq_d"
"10402","WDR20","Exc L6 CT",-0.00945262160027934,5.87534004848377,0.389816903387198,0.532804522433653,0.821448889269307,0.821448889269307,"plaq_d"
"10403","MOK","Exc L6 CT",-0.0296113925239577,6.15772682006902,3.24303644731145,0.0725927637299051,0.330396910102976,0.330396910102976,"plaq_d"
"10404","ZNF839","Exc L6 CT",-0.067274229664037,3.90417364194628,4.1752943452939,0.0417697522111299,0.247944657583641,0.247944657583641,"plaq_d"
"10405","CINP","Exc L6 CT",-0.00845232175373539,4.54329836252898,0.117292496361929,0.863352324015114,0.977089417610673,0.977089417610673,"plaq_d"
"10406","TECPR2","Exc L6 CT",-0.00571067051023356,6.82990093376903,0.247640367764728,0.619055603688283,0.87102638321245,0.87102638321245,"plaq_d"
"10407","ANKRD9","Exc L6 CT",-0.0429228203558639,2.84027056989782,0.813570876258158,0.412255301411689,0.743060888834691,0.743060888834691,"plaq_d"
"10408","RCOR1","Exc L6 CT",0.00479567152757868,5.81606548671857,0.0586707322902027,0.808751973631918,0.958412365196336,0.958412365196336,"plaq_d"
"10409","TRAF3","Exc L6 CT",0.00725294348826581,7.23766434274351,0.264698653846925,0.607236732119345,0.864116890789822,0.864116890789822,"plaq_d"
"10410","CDC42BPB","Exc L6 CT",0.0123659783292822,6.38029350719168,0.882758223868273,0.348098638586595,0.691945641435926,0.691945641435926,"plaq_d"
"10411","AL117209.1","Exc L6 CT",-0.146973903707814,2.02448546644191,3.6833514671874,0.11860807341427,0.420769301348407,0.420769301348407,"plaq_d"
"10412","TNFAIP2","Exc L6 CT",-0.0112959127941748,2.68557939670064,0.0431076264742436,0.835644127074482,0.968148824708539,0.968148824708539,"plaq_d"
"10413","EIF5","Exc L6 CT",0.0209045551487116,5.85045894095192,1.46243662091682,0.227363288507706,0.569238591540337,0.569238591540337,"plaq_d"
"10414","MARK3","Exc L6 CT",0.00798685176338805,7.85794587230469,0.587437955540309,0.781103507125308,0.947885533893275,0.947885533893275,"plaq_d"
"10415","CKB","Exc L6 CT",0.00541787733653466,7.28000624502975,0.104876486979401,0.746248760270378,0.93140102871856,0.93140102871856,"plaq_d"
"10416","TRMT61A","Exc L6 CT",-0.0276161664496819,2.65603923294613,0.278787022398098,0.614020455820116,0.869052033813501,0.869052033813501,"plaq_d"
"10417","BAG5","Exc L6 CT",-0.014834586238347,4.86187156458936,0.452948884364167,0.501384311959551,0.804405277495787,0.804405277495787,"plaq_d"
"10418","KLC1","Exc L6 CT",0.0384781888394562,7.10300604859351,8.60786089193242,0.0035690611956209,0.0637471525709162,0.0637471525709162,"plaq_d"
"10419","AL049840.1","Exc L6 CT",-0.162378995826625,2.07803283594095,4.25909309466888,0.0397813204109323,0.242501673359327,0.242501673359327,"plaq_d"
"10420","ZFYVE21","Exc L6 CT",-0.00517813111746815,4.8391053945194,0.054295036731444,0.826110737220731,0.963985585882276,0.963985585882276,"plaq_d"
"10421","PPP1R13B","Exc L6 CT",0.0176269750235288,6.74352659548137,1.9525565532718,0.163201359210667,0.488348943503795,0.488348943503795,"plaq_d"
"10422","ATP5MPL","Exc L6 CT",-0.0198201690796578,5.57433986190837,1.11173653648435,0.611449425217996,0.867660142887566,0.867660142887566,"plaq_d"
"10423","TDRD9","Exc L6 CT",0.011922977458651,3.95539647468696,0.0742422521915612,0.785418846850763,0.949842286091107,0.949842286091107,"plaq_d"
"10424","KIF26A","Exc L6 CT",-0.00944651648143233,2.14144672350649,0.0172527823551336,0.895574420217093,0.986281603373151,0.986281603373151,"plaq_d"
"10425","AL590079.1","Exc L6 CT",0.0415258466785837,2.80408119287044,0.305443409679883,0.580844453327233,0.851041833586362,0.851041833586362,"plaq_d"
"10426","TMEM179","Exc L6 CT",-0.0256730790030073,5.22435545114909,0.955057310976982,0.329113809191431,0.673765983663231,0.673765983663231,"plaq_d"
"10427","INF2","Exc L6 CT",-0.0106815478659298,5.05127531320621,0.178087163076723,0.673282715056234,0.895548968504857,0.895548968504857,"plaq_d"
"10428","SIVA1","Exc L6 CT",-0.0255968435451738,4.03750975408201,0.676689925715761,0.411291850966904,0.742626048729405,0.742626048729405,"plaq_d"
"10429","AKT1","Exc L6 CT",0.0875857978679686,3.99510100700284,10.8122833865563,0.00111113360633258,0.029621998882896,0.029621998882896,"plaq_d"
"10430","CEP170B","Exc L6 CT",0.0136697486453805,4.81139242908017,0.379666136968531,0.538184564354907,0.825013841811654,0.825013841811654,"plaq_d"
"10431","AHNAK2","Exc L6 CT",0.0279503215434512,3.37172859938021,0.488160060608004,0.485215596229385,0.793407964938463,0.793407964938463,"plaq_d"
"10432","CLBA1","Exc L6 CT",0.0181683904882411,2.98616864146839,0.139944733912962,0.708563655252413,0.911897226981382,0.911897226981382,"plaq_d"
"10433","JAG2","Exc L6 CT",-0.0216803884312232,4.30297780858677,0.644059127883286,0.473191992046692,0.785253246974545,0.785253246974545,"plaq_d"
"10434","NUDT14","Exc L6 CT",-0.0324829497484049,3.39027619462687,0.655976825798573,0.418537030220884,0.746439431003449,0.746439431003449,"plaq_d"
"10435","BRF1","Exc L6 CT",-0.00254773687449735,5.59153230780338,0.0288060402299359,0.865326215923089,0.977498132802008,0.977498132802008,"plaq_d"
"10436","BTBD6","Exc L6 CT",0.0226901502688776,3.89650182632994,0.453111762403062,0.501307433537174,0.804405277495787,0.804405277495787,"plaq_d"
"10437","PACS2","Exc L6 CT",-0.00476089653404648,6.12849864772886,0.121251043826445,0.727891998514583,0.921869537321493,0.921869537321493,"plaq_d"
"10438","TEX22","Exc L6 CT",-0.0616598384191873,3.11114594629516,2.08792382174399,0.149367033110557,0.469187826458561,0.469187826458561,"plaq_d"
"10439","AL928654.1","Exc L6 CT",-0.0206970711369424,2.22879949557039,0.0955199014299132,0.757458495583088,0.937371276885589,0.937371276885589,"plaq_d"
"10440","MTA1","Exc L6 CT",0.0384907622982985,4.82282140265389,2.8487238513669,0.0923419433098037,0.373624119136575,0.373624119136575,"plaq_d"
"10441","CRIP2","Exc L6 CT",-0.0216587284717049,4.82264077297616,0.614064747374062,0.433794151863768,0.757698516826922,0.757698516826922,"plaq_d"
"10442","TEDC1","Exc L6 CT",0.0294909389590058,2.54252861308216,0.300697373706631,0.583796956872473,0.852322430026867,0.852322430026867,"plaq_d"
"10443","TMEM121","Exc L6 CT",-0.00696302399533567,3.32470751979919,0.0281057696123734,0.866957725838769,0.977959835541053,0.977959835541053,"plaq_d"
"10444","AC087386.1","Exc L6 CT",0.0184755168912668,4.53767947070179,0.266875261683384,0.605763557865848,0.863702001868354,0.863702001868354,"plaq_d"
"10445","AC012414.5","Exc L6 CT",0.0444328551422192,3.52760681423113,0.724545708906064,0.395241866240316,0.728447305901368,0.728447305901368,"plaq_d"
"10446","LINC01193","Exc L6 CT",0.190839922533296,2.13200213375256,3.65608453771898,0.0566851715508562,0.293043240959059,0.293043240959059,"plaq_d"
"10447","AC068446.2","Exc L6 CT",-0.026987379990478,2.88936555569463,0.158816927886364,0.690492346614227,0.903748324562089,0.903748324562089,"plaq_d"
"10448","NIPA1","Exc L6 CT",0.00175456605565668,6.14041098103144,0.0125041211441664,0.911029112600805,0.989675151298007,0.989675151298007,"plaq_d"
"10449","NIPA2","Exc L6 CT",0.0281019922388522,4.28537348463433,1.09394195150231,0.29632496701214,0.644103008471502,0.644103008471502,"plaq_d"
"10450","CYFIP1","Exc L6 CT",0.0517989813318323,5.62493647713235,7.37501301248201,0.00694344374989415,0.092863562014008,0.092863562014008,"plaq_d"
"10451","TUBGCP5","Exc L6 CT",-0.0515325273454016,5.23922204988645,6.24504534204728,0.0129141403792355,0.132510309978242,0.132510309978242,"plaq_d"
"10452","MAGEL2","Exc L6 CT",0.105078018717526,2.26552734888588,2.34208168567993,0.126829146433181,0.434721998107636,0.434721998107636,"plaq_d"
"10453","NDN","Exc L6 CT",0.0186841055014344,4.56904967840424,0.527689293739776,0.468067984578466,0.781991643371989,0.781991643371989,"plaq_d"
"10454","AC021439.1","Exc L6 CT",0.145577069167385,3.29001970753696,5.29640356237125,0.0219594814736434,0.176009828166215,0.176009828166215,"plaq_d"
"10455","PWRN4","Exc L6 CT",0.0572523090182255,2.43505832638216,0.554250465652404,0.457088280460582,0.775664661561659,0.775664661561659,"plaq_d"
"10456","AC087463.1","Exc L6 CT",0.0513107080042426,2.50932276742128,0.526587663328169,0.468532460593812,0.78210319251016,0.78210319251016,"plaq_d"
"10457","AC087463.4","Exc L6 CT",0.081508915264932,3.48928584792838,3.01435866457285,0.0834146253073073,0.354229187588199,0.354229187588199,"plaq_d"
"10458","PWRN3","Exc L6 CT",-0.00456052980793399,3.36950099446584,0.00404070589437559,0.949351844919969,0.99802142424354,0.99802142424354,"plaq_d"
"10459","PWRN1","Exc L6 CT",0.0499964903563928,6.89953351561406,3.76053928502676,0.0532831893538894,0.284844257961082,0.284844257961082,"plaq_d"
"10460","NPAP1","Exc L6 CT",0.101342716292523,2.37395197433167,2.98481057551254,0.0849358044503967,0.357449218692746,0.357449218692746,"plaq_d"
"10461","SNRPN","Exc L6 CT",-0.00946446125651306,7.76949192805747,0.160152724324478,0.689261350421856,0.90336911877941,0.90336911877941,"plaq_d"
"10462","AC124312.1","Exc L6 CT",0.0418697403422601,8.98970080313235,14.9993214445003,0.000128459933309929,0.00750186369658883,0.00750186369658883,"plaq_d"
"10463","PWAR6","Exc L6 CT",0.0196512897831571,8.38748134769212,2.77119801484788,0.0968738347988731,0.383181234731172,0.383181234731172,"plaq_d"
"10464","UBE3A","Exc L6 CT",0.00333964757678311,7.03880939588691,0.0762450892059769,0.782615770802313,0.948441504880048,0.948441504880048,"plaq_d"
"10465","LINC02250","Exc L6 CT",0.0615629800810285,1.87668520720438,0.860125295614245,0.385505520917724,0.720370908506172,0.720370908506172,"plaq_d"
"10466","ATP10A","Exc L6 CT",0.0773746893986909,2.43152238530035,1.64868443102668,0.199991802860108,0.535879383276983,0.535879383276983,"plaq_d"
"10467","LINC02346","Exc L6 CT",-0.114951108722604,2.1855828580496,1.91044054845358,0.167800314602994,0.494403055469648,0.494403055469648,"plaq_d"
"10468","GABRB3","Exc L6 CT",0.0142091227416953,8.75954015406265,2.48464413844916,0.115870424664696,0.416289152351626,0.416289152351626,"plaq_d"
"10469","GABRA5","Exc L6 CT",0.0325855915863627,4.05570322739679,0.479955078590527,0.488904458212806,0.795464351314598,0.795464351314598,"plaq_d"
"10470","GABRG3","Exc L6 CT",0.00640191019047537,9.26735322963264,0.2313321319929,0.630839909016732,0.876683500163605,0.876683500163605,"plaq_d"
"10471","AC104002.3","Exc L6 CT",0.0288980692991478,1.89939893254579,0.190433558448073,0.852405428745818,0.97413896580335,0.97413896580335,"plaq_d"
"10472","OCA2","Exc L6 CT",0.076254846002187,5.70174048113714,7.2432920402434,0.00746007046336393,0.097013027610306,0.097013027610306,"plaq_d"
"10473","HERC2","Exc L6 CT",0.0274674575859858,7.6337595374546,6.92566077998934,0.00887474814611523,0.10736207925334,0.10736207925334,"plaq_d"
"10474","GOLGA6L7","Exc L6 CT",-0.0855339255252014,2.30905379032438,1.49021741950883,0.223008737864377,0.562703844979824,0.562703844979824,"plaq_d"
"10475","APBA2","Exc L6 CT",0.000380911080365576,7.26326060757451,0.0011902479679695,0.972498234392352,0.999088296211026,0.999088296211026,"plaq_d"
"10476","FAM189A1","Exc L6 CT",0.0482564419117246,6.50614942847608,3.26454132988286,0.0716559475521936,0.327791236403362,0.327791236403362,"plaq_d"
"10477","TJP1","Exc L6 CT",0.0386280885196009,8.70297281529024,13.269043814191,0.000310853947553288,0.0133583684447079,0.0133583684447079,"plaq_d"
"10478","FAN1","Exc L6 CT",-0.0166618933023596,5.16184729439901,0.6632967750682,0.477175712639055,0.789344129491849,0.789344129491849,"plaq_d"
"10479","MTMR10","Exc L6 CT",0.0165595550376753,4.65884534745315,0.509225467454368,0.515877387291883,0.812002062918648,0.812002062918648,"plaq_d"
"10480","LINC02352","Exc L6 CT",-0.0145712721563548,3.16380536593212,0.132539328493764,0.724942127795909,0.9201434378196,0.9201434378196,"plaq_d"
"10481","KLF13","Exc L6 CT",0.0286558781148394,6.07556394714517,2.93366208738723,0.0876407127704374,0.362452775274165,0.362452775274165,"plaq_d"
"10482","OTUD7A","Exc L6 CT",-0.000215708099705217,8.72023474570006,0.000519074450225069,0.994019647947334,0.999633003011692,0.999633003011692,"plaq_d"
"10483","CHRNA7","Exc L6 CT",0.0101342641322405,4.15710802530445,0.0622475092748985,0.803125405265162,0.956547806254429,0.956547806254429,"plaq_d"
"10484","LINC02256","Exc L6 CT",-0.0247878961078625,5.91842996099182,0.911423939337077,0.340399190799264,0.684315982508897,0.684315982508897,"plaq_d"
"10485","AC123768.3","Exc L6 CT",-0.0215829247174691,3.15331598786572,0.246730590496407,0.619700086548481,0.87102638321245,0.87102638321245,"plaq_d"
"10486","GOLGA8N","Exc L6 CT",0.0564745088138664,2.54995125255142,1.03827484980124,0.308930491597047,0.653341881669952,0.653341881669952,"plaq_d"
"10487","SCG5","Exc L6 CT",0.00781585239058409,6.68718181789711,0.332672378469975,0.56446239869776,0.840244100057177,0.840244100057177,"plaq_d"
"10488","FMN1","Exc L6 CT",0.0478971681696009,7.86090858879304,9.86433632949909,0.00182942404660622,0.0415921957025381,0.0415921957025381,"plaq_d"
"10489","AC055874.1","Exc L6 CT",-0.153387526829672,1.40014895265024,1.88175000372283,0.171018592792693,0.498579113374566,0.498579113374566,"plaq_d"
"10490","RYR3","Exc L6 CT",-0.00436407812642304,9.71302010361623,0.104826007360675,0.746307725692018,0.93140102871856,0.93140102871856,"plaq_d"
"10491","AC010809.1","Exc L6 CT",0.0105539177005723,3.1506254815855,0.0677627817411391,0.794776325772688,0.953000771778707,0.953000771778707,"plaq_d"
"10492","AVEN","Exc L6 CT",0.0339864162503432,4.79731614087217,1.57273910825981,0.210650932267025,0.547981716826182,0.547981716826182,"plaq_d"
"10493","CHRM5","Exc L6 CT",-0.125545264661321,2.41943758099741,2.79009616736818,0.0957471324496542,0.380766773134039,0.380766773134039,"plaq_d"
"10494","EMC7","Exc L6 CT",0.0088479574466177,4.08797877982015,0.0875210957919268,0.842736733075316,0.970097393999061,0.970097393999061,"plaq_d"
"10495","PGBD4","Exc L6 CT",-0.00447958175747463,3.05887927234249,0.0105995314035789,0.918058726853139,0.991533338932548,0.991533338932548,"plaq_d"
"10496","KATNBL1","Exc L6 CT",-0.00536853599227559,6.81467570500696,0.211094277316232,0.646197781306424,0.882856909906737,0.882856909906737,"plaq_d"
"10497","EMC4","Exc L6 CT",-0.00290740088509811,3.89053887145022,0.00827927434215654,0.92755244650717,0.993953237598858,0.993953237598858,"plaq_d"
"10498","SLC12A6","Exc L6 CT",0.0184677959203789,6.12625287612518,1.09292783954017,0.296548603436657,0.644297267593436,0.644297267593436,"plaq_d"
"10499","NOP10","Exc L6 CT",0.0744146906861017,3.12135943838559,3.00355028274309,0.0839675991047216,0.354914492497033,0.354914492497033,"plaq_d"
"10500","LPCAT4","Exc L6 CT",0.0362844372331994,5.71302540410171,2.62333210585054,0.106208406733768,0.399836878488318,0.399836878488318,"plaq_d"
"10501","GOLGA8A","Exc L6 CT",-0.042156663180166,6.88671956002359,3.53853141863534,0.0607927386408276,0.304407744512471,0.304407744512471,"plaq_d"
"10502","GOLGA8B","Exc L6 CT",-0.0394543207412228,6.88569426382345,1.98438130988395,0.159821926509099,0.483616564015494,0.483616564015494,"plaq_d"
"10503","GJD2","Exc L6 CT",0.00964772949506995,1.9183959167944,0.0144718794413782,0.904315580915714,0.988876782180692,0.988876782180692,"plaq_d"
"10504","AC087457.1","Exc L6 CT",0.0306223725137413,4.22701706179097,0.621961487195204,0.430855929322297,0.756507129957774,0.756507129957774,"plaq_d"
"10505","AQR","Exc L6 CT",0.0214221025348598,6.19435916737617,2.28431925476851,0.131594463857978,0.442521350548808,0.442521350548808,"plaq_d"
"10506","ZNF770","Exc L6 CT",0.0906857679269336,5.30426010476205,22.3877987095229,3.24401541923317e-06,0.00061448481546422,0.00061448481546422,"plaq_d"
"10507","AC021231.1","Exc L6 CT",-0.0239224338472028,5.348258263285,0.673526800988864,0.412386189530346,0.743077608813294,0.743077608813294,"plaq_d"
"10508","DPH6","Exc L6 CT",-0.0187562913440337,6.65613894097846,0.795663891444676,0.37300896629452,0.710955389314004,0.710955389314004,"plaq_d"
"10509","DPH6-DT","Exc L6 CT",0.0397304431134018,6.59565692775443,2.54361822404309,0.111647982438973,0.409731073937559,0.409731073937559,"plaq_d"
"10510","AC021351.1","Exc L6 CT",0.0600507561841768,2.30886143187529,0.837473987276146,0.360753518822638,0.701858529619981,0.701858529619981,"plaq_d"
"10511","C15orf41","Exc L6 CT",-0.0131270317047377,6.40564713271533,0.825598992739861,0.37302175496905,0.710955389314004,0.710955389314004,"plaq_d"
"10512","AC013640.1","Exc L6 CT",-0.117070193597157,1.82256240908188,2.02851359217973,0.155267086024165,0.476898862898203,0.476898862898203,"plaq_d"
"10513","MEIS2","Exc L6 CT",0.0326780248915824,9.07624987659562,5.0762385406772,0.0248778440822126,0.18849549653028,0.18849549653028,"plaq_d"
"10514","AC078909.1","Exc L6 CT",-0.0842750578714591,4.68055700256767,7.80339285912038,0.00550319607574243,0.0820974204211275,0.0820974204211275,"plaq_d"
"10515","AC078909.2","Exc L6 CT",0.03688611232832,2.67957925293431,0.498066829120209,0.480822661059528,0.790560552399767,0.790560552399767,"plaq_d"
"10516","AC068875.1","Exc L6 CT",-0.0332821893943826,2.31870336702118,0.210863076522242,0.646378306246954,0.882935961356025,0.882935961356025,"plaq_d"
"10517","SPRED1","Exc L6 CT",0.0159578909099507,6.24908935441977,0.618025820604898,0.432316515792521,0.757289670558684,0.757289670558684,"plaq_d"
"10518","FAM98B","Exc L6 CT",0.0122731156526462,5.06203240392205,0.414962189767226,0.519885682697177,0.813811715900621,0.813811715900621,"plaq_d"
"10519","RASGRP1","Exc L6 CT",0.0335944649020315,7.16757166688273,3.07054285916284,0.0806030514627348,0.349080729400452,0.349080729400452,"plaq_d"
"10520","C15orf53","Exc L6 CT",-0.0849395822394998,3.64994928150661,1.55187887287681,0.21369585655464,0.551023741887982,0.551023741887982,"plaq_d"
"10521","AC013652.1","Exc L6 CT",-0.0372028896220734,5.83372815915558,1.62718208289184,0.20294359108389,0.538936715964523,0.538936715964523,"plaq_d"
"10522","FSIP1","Exc L6 CT",-0.0787623497307596,4.81100786828837,8.2684897520119,0.00428210766246121,0.0706940618220087,0.0706940618220087,"plaq_d"
"10523","GPR176","Exc L6 CT",-0.0162955083541069,5.8424915254163,0.607987187298476,0.436076346561017,0.75900798997611,0.75900798997611,"plaq_d"
"10524","EIF2AK4","Exc L6 CT",0.0255171963927389,6.15167792653361,3.18637061155786,0.0751250909458131,0.33665656751325,0.33665656751325,"plaq_d"
"10525","SRP14","Exc L6 CT",0.00820759089708859,5.65408669565577,0.14672860727558,0.701915169748484,0.909622462442533,0.909622462442533,"plaq_d"
"10526","SRP14-AS1","Exc L6 CT",-0.0656613111958403,2.89338975439439,1.9681817714794,0.16153202047867,0.485777097725284,0.485777097725284,"plaq_d"
"10527","PAK6","Exc L6 CT",0.0416121304357923,3.51754099414554,1.40962140534581,0.255627877438879,0.603097907774898,0.603097907774898,"plaq_d"
"10528","PLCB2","Exc L6 CT",0.0443898525510836,2.90840748211705,0.825061047815941,0.364332816153297,0.704785101511474,0.704785101511474,"plaq_d"
"10529","INAFM2","Exc L6 CT",0.0668206357148272,2.75952082136047,1.80272782623982,0.180257693542851,0.510623722204425,0.510623722204425,"plaq_d"
"10530","DISP2","Exc L6 CT",0.0488763523987952,4.86782844987523,4.46565478301796,0.035293878173226,0.227741223747988,0.227741223747988,"plaq_d"
"10531","KNSTRN","Exc L6 CT",-0.114312368158185,3.07970989889375,5.89237542567838,0.0157130779049291,0.148267969573565,0.148267969573565,"plaq_d"
"10532","IVD","Exc L6 CT",0.00955366114561032,5.09571913278533,0.181127208508828,0.670669243743247,0.894840760054418,0.894840760054418,"plaq_d"
"10533","BAHD1","Exc L6 CT",-0.0716012794709399,3.60823847828786,3.75751726143957,0.0533784993974666,0.284922831785662,0.284922831785662,"plaq_d"
"10534","AC091045.1","Exc L6 CT",-0.225710300411264,2.23451631397955,11.5775548630209,0.000745217179906447,0.0233728682395059,0.0233728682395059,"plaq_d"
"10535","CCDC32","Exc L6 CT",-0.0318837894485474,5.0050627756719,1.66655911770435,0.197576489323245,0.532637024275712,0.532637024275712,"plaq_d"
"10536","RPUSD2","Exc L6 CT",-0.0486048638211773,2.52245284996791,0.7591228587325,0.388428697426792,0.722810338091512,0.722810338091512,"plaq_d"
"10537","RMDN3","Exc L6 CT",-0.00560858086008726,5.08235535979374,0.0823302163491713,0.774334729672984,0.944849257935925,0.944849257935925,"plaq_d"
"10538","GCHFR","Exc L6 CT",-0.00290174567601332,1.84354642502349,0.000947686653308872,0.975459023521521,0.999093977007575,0.999093977007575,"plaq_d"
"10539","DNAJC17","Exc L6 CT",-0.0390552811431514,5.03878485305559,3.83955464401861,0.0508543018924188,0.277595109188386,0.277595109188386,"plaq_d"
"10540","ZFYVE19","Exc L6 CT",-0.00778057641901851,3.74720731804882,0.0572274194282055,0.923089346094204,0.992812418854849,0.992812418854849,"plaq_d"
"10541","VPS18","Exc L6 CT",-0.016092162150393,3.23933669985335,0.168261745563147,0.681913565130647,0.89872999026099,0.89872999026099,"plaq_d"
"10542","CHAC1","Exc L6 CT",0.0484841421010756,2.26088907984825,0.526181511532357,0.468703891998868,0.78210319251016,0.78210319251016,"plaq_d"
"10543","INO80","Exc L6 CT",-0.0152184569017596,6.38482071787972,1.22638216638275,0.26887619578766,0.616817901124219,0.616817901124219,"plaq_d"
"10544","AC020661.3","Exc L6 CT",-0.147560838327208,2.47613837227196,4.94807889267431,0.0267603115267664,0.196562060643507,0.196562060643507,"plaq_d"
"10545","AC020661.2","Exc L6 CT",-0.0676127829395431,1.5600119238034,0.42000161849682,0.588067497837715,0.854960583606518,0.854960583606518,"plaq_d"
"10546","INO80-AS1","Exc L6 CT",-0.133641064858817,2.05840522770666,3.41950967530297,0.0809402863927815,0.349775259409238,0.349775259409238,"plaq_d"
"10547","CHP1","Exc L6 CT",-0.0142157807526258,4.85118122366426,0.313427234024358,0.575944641542693,0.848207925640431,0.848207925640431,"plaq_d"
"10548","OIP5","Exc L6 CT",-0.0365976736057129,2.18511306977617,0.312006575945812,0.588255651422816,0.854987442756975,0.854987442756975,"plaq_d"
"10549","NUSAP1","Exc L6 CT",-0.185111786883033,1.67742745696894,4.46337349646257,0.0353404185665462,0.227939366345878,0.227939366345878,"plaq_d"
"10550","NDUFAF1","Exc L6 CT",-0.0264063636042263,4.15006958344525,0.934117365013892,0.334466110019768,0.679409357957469,0.679409357957469,"plaq_d"
"10551","RTF1","Exc L6 CT",-0.0351624959620738,6.72422340697067,4.40698906603208,0.0365114561140847,0.231923691746733,0.231923691746733,"plaq_d"
"10552","ITPKA","Exc L6 CT",-0.0716656727687847,4.683022072266,5.06878737870926,0.0249834125856294,0.189096323650221,0.189096323650221,"plaq_d"
"10553","RPAP1","Exc L6 CT",-0.0256288614716369,3.96339319114289,0.792429413080479,0.373981168312737,0.711074192208887,0.711074192208887,"plaq_d"
"10554","TYRO3","Exc L6 CT",-0.0291816953042566,6.10694041685702,2.67879422027362,0.102596161420531,0.393230654901482,0.393230654901482,"plaq_d"
"10555","MGA","Exc L6 CT",0.00497624462167603,6.6047211477458,0.146187310436067,0.780782828175181,0.947656149937603,0.947656149937603,"plaq_d"
"10556","MAPKBP1","Exc L6 CT",-0.010083594325694,6.58182439082149,0.646106770120422,0.422056463801928,0.749645259356491,0.749645259356491,"plaq_d"
"10557","VPS39","Exc L6 CT",-0.0242205606921046,5.39804691320314,1.67882511085989,0.195938904864234,0.530800751449274,0.530800751449274,"plaq_d"
"10558","TMEM87A","Exc L6 CT",-0.0242974811674542,5.9861279105674,2.5419063219716,0.111768124989775,0.409731073937559,0.409731073937559,"plaq_d"
"10559","GANC","Exc L6 CT",-0.0339800756257885,4.803264830982,2.03038815956624,0.155076917882579,0.47679250274466,0.47679250274466,"plaq_d"
"10560","ZNF106","Exc L6 CT",0.0301315796436309,6.91286497528168,7.48886444330909,0.00652654387109076,0.0905164986206383,0.0905164986206383,"plaq_d"
"10561","SNAP23","Exc L6 CT",-0.020140745609856,5.08811675627631,0.8164595734931,0.366842033343186,0.70701334305741,0.70701334305741,"plaq_d"
"10562","LRRC57","Exc L6 CT",0.00558569194934607,4.18497346759932,0.0393764698734645,0.889752414175615,0.984904368079323,0.984904368079323,"plaq_d"
"10563","HAUS2","Exc L6 CT",-0.0335807412281476,4.41228773438391,1.69728014109427,0.193504994824896,0.527494396042265,0.527494396042265,"plaq_d"
"10564","STARD9","Exc L6 CT",0.0322102881753084,6.08374654290186,3.57989372996415,0.0593123296376199,0.30086142616656,0.30086142616656,"plaq_d"
"10565","CDAN1","Exc L6 CT",0.0539069955544514,3.76030179944958,3.21258393097615,0.0739420075153009,0.333375866016371,0.333375866016371,"plaq_d"
"10566","TTBK2","Exc L6 CT",0.0326756714593323,7.60602154978204,10.7324902367687,0.0011585672077939,0.0304356451156953,0.0304356451156953,"plaq_d"
"10567","UBR1","Exc L6 CT",-0.0076109221865497,7.26530035785962,0.552665425560459,0.45773195305533,0.775664661561659,0.775664661561659,"plaq_d"
"10568","AC068724.3","Exc L6 CT",-0.0380248319287195,4.48781869256501,1.78510200383342,0.182396598495969,0.512693456766215,0.512693456766215,"plaq_d"
"10569","TMEM62","Exc L6 CT",-0.0102395789143199,5.6267869340905,0.346612825880138,0.556418536753215,0.835701748054177,0.835701748054177,"plaq_d"
"10570","CCNDBP1","Exc L6 CT",0.0223900286667897,4.77568222195391,0.798267711604873,0.372228899082867,0.710955389314004,0.710955389314004,"plaq_d"
"10571","LCMT2","Exc L6 CT",-0.0128564675576432,2.04670804184991,0.03590049643923,0.849831524097531,0.972741879693731,0.972741879693731,"plaq_d"
"10572","ADAL","Exc L6 CT",-0.0252060482552685,4.67719626036225,0.927921632348842,0.336072068550594,0.680678231298298,0.680678231298298,"plaq_d"
"10573","ZSCAN29","Exc L6 CT",0.0151779002186125,2.85968149445139,0.111369621259765,0.738791079711331,0.928254375311796,0.928254375311796,"plaq_d"
"10574","TUBGCP4","Exc L6 CT",0.0824591672247656,4.74036201994559,12.1742197295395,0.000546736286464417,0.0193318500336365,0.0193318500336365,"plaq_d"
"10575","TP53BP1","Exc L6 CT",0.0183138753059106,6.4196613855771,1.65754378668314,0.288859433448379,0.635552560587325,0.635552560587325,"plaq_d"
"10576","MAP1A","Exc L6 CT",0.0723417715475449,6.7905702876901,14.0949312651636,0.000203621834548425,0.0101080687246867,0.0101080687246867,"plaq_d"
"10577","PPIP5K1","Exc L6 CT",-0.0262584589105877,6.65019980461947,4.02353880325227,0.0489230117123047,0.269777282163341,0.269777282163341,"plaq_d"
"10578","CKMT1B","Exc L6 CT",0.00427018779705036,5.15272692983988,0.0317242410725186,0.858737809520315,0.975511864529127,0.975511864529127,"plaq_d"
"10579","STRC","Exc L6 CT",-0.0164298756177409,3.44020152230641,0.15228621355688,0.696598691191897,0.907286235266312,0.907286235266312,"plaq_d"
"10580","AC011330.3","Exc L6 CT",-0.0141425986873404,5.96722587185823,0.541499622984431,0.462307309332332,0.77740819602179,0.77740819602179,"plaq_d"
"10581","CATSPER2","Exc L6 CT",-0.0210386188599704,7.50610487087923,1.70500255769444,0.192497077015359,0.526141621551759,0.526141621551759,"plaq_d"
"10582","CKMT1A","Exc L6 CT",0.0152443974806778,3.94901477134247,0.222845949122183,0.637175650506333,0.878534686781838,0.878534686781838,"plaq_d"
"10583","PDIA3","Exc L6 CT",-0.0368702730401428,5.460692274584,3.79278659229615,0.0522773542271736,0.282078257666563,0.282078257666563,"plaq_d"
"10584","SERF2","Exc L6 CT",0.0212208062955254,5.12959072023377,0.875491889012678,0.350087861643823,0.693146039915345,0.693146039915345,"plaq_d"
"10585","MFAP1","Exc L6 CT",-0.00481823378112631,4.26971841215278,0.034401798405619,0.852962742708602,0.97443088068622,0.97443088068622,"plaq_d"
"10586","WDR76","Exc L6 CT",-0.00592434646020899,2.90171782528415,0.0162809177061455,0.898541800311377,0.986539374335313,0.986539374335313,"plaq_d"
"10587","FRMD5","Exc L6 CT",-0.557427885669967,2.60492567832464,10.4298079494056,0.00135802583902342,0.0337838872181961,0.0337838872181961,"plaq_d"
"10588","CASC4","Exc L6 CT",0.0169089621858436,7.48947606687748,2.2700557797653,0.132801821394491,0.444504771168353,0.444504771168353,"plaq_d"
"10589","AC025043.1","Exc L6 CT",-0.0698634647041671,3.67273477311614,3.03225660298187,0.0825076061006343,0.352719044224366,0.352719044224366,"plaq_d"
"10590","CTDSPL2","Exc L6 CT",0.0112312578536334,6.22500602688666,0.709828188466796,0.400079180947036,0.733138987896325,0.733138987896325,"plaq_d"
"10591","EIF3J-DT","Exc L6 CT",-0.0153208696791391,4.20253027700443,0.310227874808609,0.669498782128568,0.894479014664119,0.894479014664119,"plaq_d"
"10592","EIF3J","Exc L6 CT",-0.0243833816078285,5.07878434728716,1.30977508264157,0.329689138961733,0.674087531074569,0.674087531074569,"plaq_d"
"10593","SPG11","Exc L6 CT",-0.0227854539873786,6.56772156187407,2.96793504156556,0.085818075328987,0.359435742465286,0.359435742465286,"plaq_d"
"10594","B2M","Exc L6 CT",0.0779560391398095,3.91848849761498,1.89036723143853,0.170044570377376,0.497249976671279,0.497249976671279,"plaq_d"
"10595","TRIM69","Exc L6 CT",0.059116089687074,5.23019124565596,5.96457549849215,0.0150929009020459,0.144466357304423,0.144466357304423,"plaq_d"
"10596","SORD","Exc L6 CT",-0.0343288076596221,3.86193332039816,1.06864542814838,0.301969051937125,0.648317321825562,0.648317321825562,"plaq_d"
"10597","DUOX1","Exc L6 CT",-0.0140636829610455,3.29302815208762,0.090896756159589,0.763220169307539,0.939670734313362,0.939670734313362,"plaq_d"
"10598","SHF","Exc L6 CT",0.00309130507207944,4.50507805285393,0.0134590170174546,0.907709114547382,0.989420650042586,0.989420650042586,"plaq_d"
"10599","AC051619.4","Exc L6 CT",-0.00677177627620418,2.19614128060843,0.00736586992644781,0.931655142210975,0.99444705473932,0.99444705473932,"plaq_d"
"10600","AC051619.5","Exc L6 CT",-0.0334225967277413,3.4042085756684,0.290845495951788,0.590023895208842,0.855800712946464,0.855800712946464,"plaq_d"
"10601","GATM","Exc L6 CT",0.165947657267863,1.78218521498502,2.23153054400747,0.13612545100895,0.448846081705187,0.448846081705187,"plaq_d"
"10602","SPATA5L1","Exc L6 CT",0.0059114457884596,4.05585444903913,0.0471005057994761,0.91555359733331,0.99070421132938,0.99070421132938,"plaq_d"
"10603","AC025580.2","Exc L6 CT",-0.0378985917613355,2.41438314992859,0.33280514176525,0.564384738522155,0.840215377018091,0.840215377018091,"plaq_d"
"10604","SLC30A4","Exc L6 CT",0.0141540634273563,4.41945981172471,0.279992706182578,0.597043158318436,0.858855692910863,0.858855692910863,"plaq_d"
"10605","AC068722.1","Exc L6 CT",-0.0158341181218511,2.15671016220031,0.0456774686879006,0.830888259408403,0.966554216002098,0.966554216002098,"plaq_d"
"10606","SEMA6D","Exc L6 CT",0.204948720237322,4.65523126788696,7.12179000958644,0.00797162917877109,0.100829317392106,0.100829317392106,"plaq_d"
"10607","SLC24A5","Exc L6 CT",-0.0152751271786257,2.25805525545388,0.051180794917247,0.821153936919191,0.963631282552026,0.963631282552026,"plaq_d"
"10608","MYEF2","Exc L6 CT",0.0160498006904593,6.74797280803311,1.51072919393883,0.219857820816298,0.558706652863447,0.558706652863447,"plaq_d"
"10609","SLC12A1","Exc L6 CT",-0.00740502933866324,3.33194899498815,0.0252380392308953,0.873867459583661,0.980302874204998,0.980302874204998,"plaq_d"
"10610","DUT","Exc L6 CT",0.0187172916053975,5.37316346811233,0.921990059372299,0.337619271599055,0.681678405882187,0.681678405882187,"plaq_d"
"10611","FBN1","Exc L6 CT",0.0504534320711671,6.45713629392488,9.61731967939953,0.00208482080450591,0.0453369793076541,0.0453369793076541,"plaq_d"
"10612","CEP152","Exc L6 CT",0.0579589068067118,4.19489383837128,3.14188095598186,0.0771800592487563,0.341242055572818,0.341242055572818,"plaq_d"
"10613","SHC4","Exc L6 CT",-0.167770122133834,2.7784276571088,6.99193713935269,0.0085583481687314,0.105214329835232,0.105214329835232,"plaq_d"
"10614","EID1","Exc L6 CT",0.065642931087198,6.39703982805209,16.5779556150953,5.78349834352445e-05,0.00449331941879067,0.00449331941879067,"plaq_d"
"10615","SECISBP2L","Exc L6 CT",0.0285756850821601,7.16956166590084,5.41552895929609,0.0205313004918401,0.170212317022063,0.170212317022063,"plaq_d"
"10616","COPS2","Exc L6 CT",0.0506400146184021,5.61415753453469,10.0106502273674,0.00169341444546152,0.0395753155143898,0.0395753155143898,"plaq_d"
"10617","GALK2","Exc L6 CT",0.0225382019835026,6.60958614878537,3.66975649302032,0.0562270236788992,0.291796767441035,0.291796767441035,"plaq_d"
"10618","FAM227B","Exc L6 CT",-0.0646138147743505,3.91925912672592,3.41323964504313,0.0655234149751504,0.314151205398468,0.314151205398468,"plaq_d"
"10619","FGF7","Exc L6 CT",0.0267871033698418,2.46333549449944,0.185687197499415,0.666797263508986,0.893533785850682,0.893533785850682,"plaq_d"
"10620","DTWD1","Exc L6 CT",0.0477835726109121,6.05472323356563,8.14196977082821,0.00458387410424351,0.0737312308432286,0.0737312308432286,"plaq_d"
"10621","ATP8B4","Exc L6 CT",0.0104602627512243,6.20802112908369,0.0784026367175499,0.779640161103675,0.947461316450157,0.947461316450157,"plaq_d"
"10622","SLC27A2","Exc L6 CT",-0.0521720553076892,3.75087230202119,1.56531688898042,0.211728380717571,0.549044120108991,0.549044120108991,"plaq_d"
"10623","GABPB1","Exc L6 CT",-0.0283980631022826,5.01081827144854,1.75138375860349,0.186571159400915,0.519411798633838,0.519411798633838,"plaq_d"
"10624","GABPB1-AS1","Exc L6 CT",-0.0385246050685485,6.3724647393273,1.33520143774536,0.248674267941387,0.595347021524955,0.595347021524955,"plaq_d"
"10625","USP8","Exc L6 CT",0.0286403170147824,6.06746610281455,3.68267984318705,0.0557975886542391,0.290540884959222,0.290540884959222,"plaq_d"
"10626","TRPM7","Exc L6 CT",0.0313763307801069,7.02800978079789,7.75754819337008,0.00564145374266857,0.0832967877738017,0.0832967877738017,"plaq_d"
"10627","SPPL2A","Exc L6 CT",-0.017679950590148,5.35928713529073,0.743872718259489,0.389016747235132,0.72311353155025,0.72311353155025,"plaq_d"
"10628","AC021752.1","Exc L6 CT",0.00256251809426579,5.26937964702802,0.00833601330202649,0.927305312687874,0.993953237598858,0.993953237598858,"plaq_d"
"10629","AP4E1","Exc L6 CT",0.007464230438465,5.21651713737959,0.160478170488598,0.701939423186551,0.909622462442533,0.909622462442533,"plaq_d"
"10630","MIR4713HG","Exc L6 CT",0.019240119734002,3.03015575363734,0.114635922474728,0.735130773162017,0.926304907568938,0.926304907568938,"plaq_d"
"10631","TNFAIP8L3","Exc L6 CT",0.0188330854923097,4.41839113483437,0.392357018411466,0.53147346694588,0.820493389455336,0.820493389455336,"plaq_d"
"10632","GLDN","Exc L6 CT",0.0272250681121554,3.09631012181279,0.227560695605217,0.633637720210048,0.877838984164729,0.877838984164729,"plaq_d"
"10633","DMXL2","Exc L6 CT",0.0366335494694592,7.33048115801687,10.4254802843234,0.00136111799017461,0.0337838872181961,0.0337838872181961,"plaq_d"
"10634","SCG3","Exc L6 CT",0.0137530684875077,6.32510502368701,0.563190831984351,0.453484272267636,0.773960827927076,0.773960827927076,"plaq_d"
"10635","AC020892.2","Exc L6 CT",-0.0509892309126529,2.17730395529468,0.518549898320607,0.471944008700295,0.784465640784776,0.784465640784776,"plaq_d"
"10636","LYSMD2","Exc L6 CT",0.0736197557599373,4.90306819876736,10.3180723336332,0.00144020124061717,0.0352604371767429,0.0352604371767429,"plaq_d"
"10637","TMOD2","Exc L6 CT",0.037164401132615,7.64968668174813,13.0996935399026,0.000339125502985152,0.01410997323981,0.01410997323981,"plaq_d"
"10638","TMOD3","Exc L6 CT",0.00588686384935102,5.55762434860609,0.104606493434264,0.746564323315255,0.931518396075845,0.931518396075845,"plaq_d"
"10639","AC090971.2","Exc L6 CT",0.0661087581460965,1.82512533036196,0.64958997205787,0.420809397873513,0.74845219814518,0.74845219814518,"plaq_d"
"10640","LEO1","Exc L6 CT",-0.0626046320272002,4.37271821691087,5.46930193308071,0.0199185934327272,0.167688930443006,0.167688930443006,"plaq_d"
"10641","MAPK6","Exc L6 CT",0.0348591016941991,4.70748722675958,2.7254345548746,0.0996628456141796,0.387771975711596,0.387771975711596,"plaq_d"
"10642","GNB5","Exc L6 CT",-0.0289763877032527,6.55589956849333,3.99610834212675,0.0463823118604788,0.263534243585338,0.263534243585338,"plaq_d"
"10643","AC023906.3","Exc L6 CT",0.0645215348335317,2.02331486765883,0.905878073729553,0.347098418771147,0.691219924834615,0.691219924834615,"plaq_d"
"10644","AC023906.4","Exc L6 CT",-0.156386370520247,2.14147739157235,4.55216124033567,0.0335757377954533,0.22213066236367,0.22213066236367,"plaq_d"
"10645","CERNA1","Exc L6 CT",-0.0306904645494017,2.49889762881375,0.289028420843473,0.591187234614882,0.856382715789479,0.856382715789479,"plaq_d"
"10646","MYO5C","Exc L6 CT",-0.0307318671414272,5.30940965620528,1.66983589439929,0.197137449248202,0.532256323964201,0.532256323964201,"plaq_d"
"10647","MYO5A","Exc L6 CT",0.0219445895819658,8.75386216657069,6.06721039757476,0.0142545770900929,0.14017000805258,0.14017000805258,"plaq_d"
"10648","ARPP19","Exc L6 CT",0.0249141250078228,7.18914086614632,1.16550304731957,0.281074410283909,0.627848623274301,0.627848623274301,"plaq_d"
"10649","FAM214A","Exc L6 CT",0.0213049699694748,6.29100604891066,1.73143225419081,0.189093748328349,0.522357574140585,0.522357574140585,"plaq_d"
"10650","UNC13C","Exc L6 CT",-0.0351932461684355,4.93163160568946,0.394049404920515,0.530589960522325,0.81973877799876,0.81973877799876,"plaq_d"
"10651","RSL24D1","Exc L6 CT",0.0108033656401794,3.97872115779322,0.15632023543578,0.692809347467326,0.905052937036264,0.905052937036264,"plaq_d"
"10652","RAB27A","Exc L6 CT",-0.0325731603871531,4.52300821728014,0.867130081789211,0.352396229170282,0.695707092037216,0.695707092037216,"plaq_d"
"10653","PIGB","Exc L6 CT",-0.00761148698334523,4.6629489331597,0.0870284626263101,0.768165213572737,0.941886019407392,0.941886019407392,"plaq_d"
"10654","CCPG1","Exc L6 CT",-0.055420467787496,7.78665174205225,21.2054980882606,5.7928204148371e-06,0.000937004974067359,0.000937004974067359,"plaq_d"
"10655","C15orf65","Exc L6 CT",-0.115443225476519,2.63601257638669,4.41935992897491,0.0362510792669193,0.231140950733835,0.231140950733835,"plaq_d"
"10656","DNAAF4","Exc L6 CT",-0.0499234013997068,5.13559689725382,5.21156454305281,0.0230393699595101,0.180440217012558,0.180440217012558,"plaq_d"
"10657","NEDD4","Exc L6 CT",0.0907141217725423,3.43114832147137,3.48616774227478,0.062723801701369,0.308286735845991,0.308286735845991,"plaq_d"
"10658","RFX7","Exc L6 CT",0.0158823419213291,7.33409752233452,2.11161210404808,0.147085862462721,0.465505545850699,0.465505545850699,"plaq_d"
"10659","TEX9","Exc L6 CT",-0.0321843355929598,4.3193259319499,1.04336017911751,0.30775041811676,0.652689915835421,0.652689915835421,"plaq_d"
"10660","AC084782.1","Exc L6 CT",0.057958820121796,2.32929259643584,0.968922161420368,0.325632607097687,0.670261225590263,0.670261225590263,"plaq_d"
"10661","MNS1","Exc L6 CT",0.0225805876803605,5.63071187070188,1.06671774053801,0.302404824535415,0.648589912010478,0.648589912010478,"plaq_d"
"10662","AC090518.1","Exc L6 CT",0.0553854079361465,3.83063956097074,1.54295859237351,0.215013924996746,0.553081195947512,0.553081195947512,"plaq_d"
"10663","ZNF280D","Exc L6 CT",0.0351412834043886,6.17293017019252,5.70185449091689,0.0174795931975569,0.156005098370756,0.156005098370756,"plaq_d"
"10664","AC090517.4","Exc L6 CT",-0.0323888941189172,5.58452361245206,2.18601200976985,0.140173519724142,0.455413674102627,0.455413674102627,"plaq_d"
"10665","TCF12","Exc L6 CT",0.0329962539462095,6.88987094623774,4.23369888347043,0.0403731265254832,0.243886952855674,0.243886952855674,"plaq_d"
"10666","CGNL1","Exc L6 CT",0.125266072644555,1.20520409399319,1.38449040802334,0.24014149714931,0.585302606719302,0.585302606719302,"plaq_d"
"10667","POLR2M","Exc L6 CT",-0.0372866673889591,3.78928136832671,1.16681397258554,0.280804470814952,0.627516479641733,0.627516479641733,"plaq_d"
"10668","ALDH1A2","Exc L6 CT",0.0342242603880045,5.50800589324985,0.834131005282012,0.361712666557031,0.702443753912724,0.702443753912724,"plaq_d"
"10669","AQP9","Exc L6 CT",0.001060938226362,2.73175142269796,0.000537596819118644,0.981515080322221,0.999571689696322,0.999571689696322,"plaq_d"
"10670","ADAM10","Exc L6 CT",0.0406664259490549,7.16248365770076,10.5495807110996,0.001275225196502,0.0324546417487918,0.0324546417487918,"plaq_d"
"10671","MINDY2","Exc L6 CT",0.0394805637985505,6.91228772377878,8.33253584317606,0.0041371769006466,0.0695851666658118,0.0695851666658118,"plaq_d"
"10672","RNF111","Exc L6 CT",-0.017077359602595,6.70548278878688,2.04520450585521,0.153583152112877,0.474969345342743,0.474969345342743,"plaq_d"
"10673","SLTM","Exc L6 CT",-0.0192442291309494,6.5809945642078,2.15995317875135,0.142551953378658,0.458815417899836,0.458815417899836,"plaq_d"
"10674","FAM81A","Exc L6 CT",0.00639544652023714,6.2958819589502,0.137397463749658,0.711107512865988,0.913083741980474,0.913083741980474,"plaq_d"
"10675","GTF2A2","Exc L6 CT",0.0103093877140155,4.48733037501507,0.159554954465142,0.689811483067106,0.903531715354785,0.903531715354785,"plaq_d"
"10676","BNIP2","Exc L6 CT",0.027243096397039,4.30285254913138,1.12643602431206,0.325534827751227,0.670228082752389,0.670228082752389,"plaq_d"
"10677","ICE2","Exc L6 CT",-0.00307845199474462,5.72107740972476,0.0383776366901705,0.844801061685856,0.970960210363396,0.970960210363396,"plaq_d"
"10678","RORA-AS1","Exc L6 CT",-0.00224283783532301,3.81464508468537,0.00344144814795322,0.953253499653048,0.998216253735524,0.998216253735524,"plaq_d"
"10679","RORA","Exc L6 CT",0.0530128490523726,9.57332865205458,14.6176536219774,0.000155974939392776,0.00834726850371151,0.00834726850371151,"plaq_d"
"10680","AC012404.1","Exc L6 CT",-0.00898606179694114,3.4725675241994,0.042740734587283,0.836335065446237,0.96822641095276,0.96822641095276,"plaq_d"
"10681","AC104574.2","Exc L6 CT",-0.0916557434387864,1.85781458040212,1.00447984101633,0.316924916495843,0.66160833785878,0.66160833785878,"plaq_d"
"10682","AC009554.1","Exc L6 CT",-0.0849223738328893,3.49896401845135,4.31481509539863,0.0385145447277348,0.237917349603505,0.237917349603505,"plaq_d"
"10683","VPS13C","Exc L6 CT",0.0416418572748169,7.76345745863158,15.0623169479603,0.000124415654090466,0.00736632116146839,0.00736632116146839,"plaq_d"
"10684","TLN2","Exc L6 CT",0.00626295375886471,8.10036211091663,0.300285629674472,0.584054529329367,0.852322430026867,0.852322430026867,"plaq_d"
"10685","TPM1","Exc L6 CT",-0.0173649934910717,5.56795634928209,0.925607400723024,0.336674581420978,0.681108385910117,0.681108385910117,"plaq_d"
"10686","LACTB","Exc L6 CT",-0.0233435678553612,3.93844088080418,0.588320842187504,0.443588923323002,0.765145715331649,0.765145715331649,"plaq_d"
"10687","RPS27L","Exc L6 CT",-0.00947744596309909,4.49658299710369,0.114799804581459,0.734948662154141,0.926229619221835,0.926229619221835,"plaq_d"
"10688","RAB8B","Exc L6 CT",0.0569782462863129,5.06520580035472,5.84446594174286,0.0161391198613541,0.150239604364872,0.150239604364872,"plaq_d"
"10689","APH1B","Exc L6 CT",0.0151018893462869,5.0919549376284,0.51443931388794,0.473704265448497,0.785561736495452,0.785561736495452,"plaq_d"
"10690","USP3","Exc L6 CT",-0.0580806258279124,3.62609195560682,1.07631335447845,0.300243661705932,0.647107842912524,0.647107842912524,"plaq_d"
"10691","USP3-AS1","Exc L6 CT",0.0434659899424108,4.5920214740026,2.0085397848557,0.157309951082286,0.480100499423488,0.480100499423488,"plaq_d"
"10692","FBXL22","Exc L6 CT",-0.0492851842665739,2.39559722326923,0.645362068267069,0.597930932912087,0.859003695660694,0.859003695660694,"plaq_d"
"10693","HERC1","Exc L6 CT",0.0160234202346518,9.06415168704963,4.25480004828181,0.0398807228320936,0.242767788889731,0.242767788889731,"plaq_d"
"10694","AC073167.1","Exc L6 CT",-0.122358120881315,3.94071080783964,10.1957540670086,0.00153598021345443,0.0369946240752907,0.0369946240752907,"plaq_d"
"10695","DAPK2","Exc L6 CT",-0.00052608898857344,3.19525244913438,0.000123366656942669,0.991144395987121,0.999571689696322,0.999571689696322,"plaq_d"
"10696","FAM96A","Exc L6 CT",-0.0233607035544726,3.82730506458646,0.728097836797617,0.48540902035198,0.793543976491836,0.793543976491836,"plaq_d"
"10697","SNX1","Exc L6 CT",-0.0216213244696818,5.78832459151695,1.8202569784889,0.178159345930193,0.508185571668404,0.508185571668404,"plaq_d"
"10698","PPIB","Exc L6 CT",-0.0154585571723757,3.77876024400786,0.252299446245378,0.615778098571232,0.869439934484504,0.869439934484504,"plaq_d"
"10699","CSNK1G1","Exc L6 CT",0.0431476633037954,4.83877071179242,3.96276306743551,0.0472986161372164,0.265739429758144,0.265739429758144,"plaq_d"
"10700","TRIP4","Exc L6 CT",0.010138737181384,5.76243811586921,0.411408306464445,0.611090528883566,0.867323203569735,0.867323203569735,"plaq_d"
"10701","ZNF609","Exc L6 CT",-0.0225693113594548,7.88807501983445,4.65120231078691,0.0317158952556691,0.215064544559874,0.215064544559874,"plaq_d"
"10702","OAZ2","Exc L6 CT",0.00834373762058685,4.87165819441332,0.176496107056292,0.674661008543862,0.895575586043388,0.895575586043388,"plaq_d"
"10703","AC100830.1","Exc L6 CT",-0.0164364199695198,1.93233734077872,0.0447920298077919,0.832510726640418,0.96728960782902,0.96728960782902,"plaq_d"
"10704","AC069368.1","Exc L6 CT",0.0673866000642044,2.03345411519445,0.977640332499408,0.353143739015726,0.696244510389889,0.696244510389889,"plaq_d"
"10705","ANKDD1A","Exc L6 CT",0.00361406732158709,5.97849505779635,0.0484430391637178,0.825923975832933,0.963985585882276,0.963985585882276,"plaq_d"
"10706","SPG21","Exc L6 CT",0.01512935927469,4.46279358425096,0.365943848105406,0.656980108426259,0.888784438693787,0.888784438693787,"plaq_d"
"10707","MTFMT","Exc L6 CT",-0.0255610153042974,5.77923493003671,2.31834588539195,0.128763554702852,0.437649202419809,0.437649202419809,"plaq_d"
"10708","UBAP1L","Exc L6 CT",-0.0332861795689143,6.16200696944662,4.22692339980274,0.0405325915377119,0.244255740514718,0.244255740514718,"plaq_d"
"10709","PDCD7","Exc L6 CT",-0.0390374134331093,6.12722960037284,3.01938142147734,0.0831589988952852,0.353560823418939,0.353560823418939,"plaq_d"
"10710","CLPX","Exc L6 CT",0.0514854234995689,4.87682068600568,6.4523185267492,0.0115146855312429,0.124891364985537,0.124891364985537,"plaq_d"
"10711","PARP16","Exc L6 CT",-0.056849428949456,4.96883780121126,6.34058920531344,0.0122484403472557,0.129398273313761,0.129398273313761,"plaq_d"
"10712","IGDCC3","Exc L6 CT",0.0983900828412423,3.16477251622212,2.89710933875082,0.0896311092680996,0.367451729163384,0.367451729163384,"plaq_d"
"10713","DPP8","Exc L6 CT",-0.0043749873093807,5.94995164881105,0.0975810673801047,0.995316182521151,0.999785330471245,0.999785330471245,"plaq_d"
"10714","HACD3","Exc L6 CT",-0.0145660783828506,6.26308817715516,1.14976770742027,0.30796509494243,0.652689915835421,0.652689915835421,"plaq_d"
"10715","INTS14","Exc L6 CT",-0.0487725255426679,4.05757907802561,2.49885410400321,0.114837084824335,0.414958502291948,0.414958502291948,"plaq_d"
"10716","SLC24A1","Exc L6 CT",-0.00990527353260373,2.06384363435238,0.0181868928571728,0.892801444637218,0.985595335141122,0.985595335141122,"plaq_d"
"10717","DENND4A","Exc L6 CT",-0.00205288118800777,8.16172483285109,0.035357352561384,0.850958349081156,0.973489859613186,0.973489859613186,"plaq_d"
"10718","RAB11A","Exc L6 CT",-0.0287102541589526,6.28646512757672,2.79050934525007,0.0957226595875659,0.380766773134039,0.380766773134039,"plaq_d"
"10719","MEGF11","Exc L6 CT",-0.0071044965889201,7.47878599138221,0.0519283192612644,0.819874948050702,0.963296688080427,0.963296688080427,"plaq_d"
"10720","AC055855.2","Exc L6 CT",0.0521334477560779,2.45615684070475,0.694080808928857,0.405350895154132,0.73736426255893,0.73736426255893,"plaq_d"
"10721","DIS3L","Exc L6 CT",0.000522965665864193,4.96863352656373,0.000459921596674556,0.982902336622643,0.999571689696322,0.999571689696322,"plaq_d"
"10722","TIPIN","Exc L6 CT",0.0208741104533019,4.37986802795654,0.495888612723997,0.481782903885446,0.791300249211052,0.791300249211052,"plaq_d"
"10723","MAP2K1","Exc L6 CT",0.0327096985589027,7.1346297055743,3.82961291768023,0.0511533256452864,0.278202975439948,0.278202975439948,"plaq_d"
"10724","SNAPC5","Exc L6 CT",-0.0107498037599927,3.50596378225955,0.0843428515429817,0.982529734118448,0.999571689696322,0.999571689696322,"plaq_d"
"10725","RPL4","Exc L6 CT",0.0463638319683586,5.99687885430739,4.48443135830072,0.0349132563116597,0.225791211977831,0.225791211977831,"plaq_d"
"10726","ZWILCH","Exc L6 CT",0.038157485476843,3.13920888335067,0.67474389245557,0.411964606737466,0.742825388985407,0.742825388985407,"plaq_d"
"10727","SMAD3","Exc L6 CT",-0.0272800702372284,6.5538234086908,2.05822345215389,0.152284103477724,0.473677881932845,0.473677881932845,"plaq_d"
"10728","AAGAB","Exc L6 CT",-0.0275867756834067,5.74275392168385,2.5346411867886,0.112279590291227,0.410664883595655,0.410664883595655,"plaq_d"
"10729","IQCH","Exc L6 CT",-0.0975855362552014,4.83729845349823,11.4297053661417,0.0008048452217903,0.0245998976919176,0.0245998976919176,"plaq_d"
"10730","IQCH-AS1","Exc L6 CT",-0.0551569617132153,4.05026274975012,3.11177116039562,0.0933065902758742,0.375522661727656,0.375522661727656,"plaq_d"
"10731","C15orf61","Exc L6 CT",0.0192191791191968,4.19819937342795,0.421994537791395,0.516371781460865,0.812168025449776,0.812168025449776,"plaq_d"
"10732","MAP2K5","Exc L6 CT",-0.0041022929558494,7.71153073733646,0.164484580435115,0.685309879223512,0.900774195488207,0.900774195488207,"plaq_d"
"10733","PIAS1","Exc L6 CT",0.00957691407092351,7.34876985692355,0.814091624264313,0.367537030238659,0.707434466633136,0.707434466633136,"plaq_d"
"10734","FEM1B","Exc L6 CT",0.0815875389682283,5.74393949269542,20.3041093124185,9.03178221475697e-06,0.00120254585066794,0.00120254585066794,"plaq_d"
"10735","ITGA11","Exc L6 CT",-0.125066720144417,1.56633591320778,0.620702618462404,0.431322298091308,0.756725028855985,0.756725028855985,"plaq_d"
"10736","CORO2B","Exc L6 CT",0.00581674216389051,6.94703229016898,0.243349583982892,0.622108244234141,0.872381675822589,0.872381675822589,"plaq_d"
"10737","ANP32A","Exc L6 CT",-0.0177169323096503,5.5886035266594,1.0120207074576,0.315117798170051,0.659685215181635,0.659685215181635,"plaq_d"
"10738","SPESP1","Exc L6 CT",-0.0280024668961662,4.56674974511012,1.10676430734649,0.381203302194887,0.717268762886334,0.717268762886334,"plaq_d"
"10739","NOX5","Exc L6 CT",0.00809279338473054,3.00828600639805,0.0135216535218028,0.907495575677155,0.989420650042586,0.989420650042586,"plaq_d"
"10740","GLCE","Exc L6 CT",0.0143784984920691,6.64428383701948,0.659890124655868,0.417153758551214,0.746283771356192,0.746283771356192,"plaq_d"
"10741","RPLP1","Exc L6 CT",-0.0192436053984539,5.20971161763785,0.490470440008547,0.484185201102009,0.792579615066235,0.792579615066235,"plaq_d"
"10742","DRAIC","Exc L6 CT",-5.83961422039018e-05,4.56349343266759,2.02901931739711e-06,0.998864280221479,0.999906738276838,0.999906738276838,"plaq_d"
"10743","LARP6","Exc L6 CT",0.0167566471028531,3.86803601704119,0.31590214268644,0.574442397103902,0.846955422850038,0.846955422850038,"plaq_d"
"10744","LRRC49","Exc L6 CT",0.0412206953574409,6.47200076518798,8.83506431762071,0.003160628460076,0.0590147954750376,0.0590147954750376,"plaq_d"
"10745","THAP10","Exc L6 CT",0.0591388901895058,2.52087550491433,1.07042163586732,0.301568241882213,0.647846439885273,0.647846439885273,"plaq_d"
"10746","THSD4","Exc L6 CT",-0.0399525962071057,3.42407744437907,0.65668320750923,0.418286833528612,0.746439431003449,0.746439431003449,"plaq_d"
"10747","THSD4-AS1","Exc L6 CT",0.0201578775127882,4.46052054285344,0.449792940434395,0.502877896709722,0.804996250058273,0.804996250058273,"plaq_d"
"10748","MYO9A","Exc L6 CT",0.0280605042732767,8.3043443458618,13.7776304696399,0.000239492320190815,0.0111577069303138,0.0111577069303138,"plaq_d"
"10749","AC022872.1","Exc L6 CT",-0.0583653810887663,2.60271496134828,1.18533620787175,0.277025284169315,0.625283159438925,0.625283159438925,"plaq_d"
"10750","SENP8","Exc L6 CT",-0.0566713971597549,3.24950819429018,1.77579315063894,0.183538133786845,0.514076225642083,0.514076225642083,"plaq_d"
"10751","GRAMD2A","Exc L6 CT",-0.00232928612865473,2.65125902682969,0.00140099688562919,0.970163687908363,0.998742420766286,0.998742420766286,"plaq_d"
"10752","PKM","Exc L6 CT",0.0266746476527949,7.14530426097643,3.55670278970328,0.0601375570193766,0.302357774821936,0.302357774821936,"plaq_d"
"10753","PARP6","Exc L6 CT",0.0432031350071456,4.97436170246853,5.21711763611029,0.0229670229529513,0.18037845775799,0.18037845775799,"plaq_d"
"10754","AC009690.3","Exc L6 CT",0.0215248319757346,3.74037870412908,0.430486495969199,0.571729016768073,0.844787892824964,0.844787892824964,"plaq_d"
"10755","AC009690.2","Exc L6 CT",-0.0674368077639334,3.65652214204501,3.37459942438427,0.0670607958107664,0.317046704923413,0.317046704923413,"plaq_d"
"10756","AC009690.1","Exc L6 CT",-0.0271801876281261,6.22984095688946,2.48988279904852,0.115488278255311,0.416087162325362,0.416087162325362,"plaq_d"
"10757","TMEM202-AS1","Exc L6 CT",0.0182317743971059,3.5506681322031,0.227254534073487,0.633866090607972,0.877838984164729,0.877838984164729,"plaq_d"
"10758","ARIH1","Exc L6 CT",0.0188657373812208,7.6099016515171,3.69053526427521,0.0555382666708709,0.290281306757218,0.290281306757218,"plaq_d"
"10759","BBS4","Exc L6 CT",-0.025704335747909,4.45820002439775,0.984713622771934,0.321726932123935,0.666400534044367,0.666400534044367,"plaq_d"
"10760","ADPGK","Exc L6 CT",0.0173226512164334,4.04477174864235,0.376621425357671,0.539817665404255,0.826231776982824,0.826231776982824,"plaq_d"
"10761","NEO1","Exc L6 CT",-0.00494966232192152,5.99189957396002,0.0789245560157762,0.907211507159037,0.989420650042586,0.989420650042586,"plaq_d"
"10762","NPTN","Exc L6 CT",0.0567866695855923,7.72224451658282,28.3353466606339,1.83217005677146e-07,8.24247504290061e-05,8.24247504290061e-05,"plaq_d"
"10763","CD276","Exc L6 CT",-0.0605878549170357,5.17396956255352,9.29603171674671,0.00247231374540463,0.0504631777331566,0.0504631777331566,"plaq_d"
"10764","C15orf59","Exc L6 CT",0.0728758817606424,3.61341136911618,3.46268624558636,0.0636109739899891,0.310001212444104,0.310001212444104,"plaq_d"
"10765","LOXL1-AS1","Exc L6 CT",-0.0739699558751134,2.43277529390512,1.17615423047473,0.278890638285851,0.626283530549105,0.626283530549105,"plaq_d"
"10766","LOXL1","Exc L6 CT",-0.0285583504671068,3.08398882446732,0.271916091571635,0.602380831604477,0.861758367462789,0.861758367462789,"plaq_d"
"10767","STOML1","Exc L6 CT",-0.0238872615270689,4.12563491557325,0.750930224912897,0.386778609679002,0.721407429104045,0.721407429104045,"plaq_d"
"10768","PML","Exc L6 CT",-0.00321978797949808,3.63362707081363,0.00941257556968951,0.922767577507086,0.992627684679289,0.992627684679289,"plaq_d"
"10769","ISLR2","Exc L6 CT",0.000178007127333636,4.49488705496094,3.1165392328921e-05,0.995548951952299,0.999785330471245,0.999785330471245,"plaq_d"
"10770","AC010931.2","Exc L6 CT",-0.141967590788868,2.06728241171603,3.53055898812139,0.0610825945881136,0.305222156088332,0.305222156088332,"plaq_d"
"10771","AC010931.3","Exc L6 CT",0.166296922729869,2.12832697110332,3.59516621758124,0.0587754834335481,0.299398509813579,0.299398509813579,"plaq_d"
"10772","ISLR","Exc L6 CT",0.12282763501524,3.34291583154133,6.77986545923524,0.00961384141174833,0.112948530291664,0.112948530291664,"plaq_d"
"10773","SEMA7A","Exc L6 CT",-0.0021951822957602,4.50329428759341,0.00574212778426495,0.939640169535212,0.996593100861048,0.996593100861048,"plaq_d"
"10774","UBL7","Exc L6 CT",-0.0450896171320205,3.32817476029825,1.32174821985404,0.251067575819471,0.598351864543938,0.598351864543938,"plaq_d"
"10775","AC012435.2","Exc L6 CT",-0.159240302691077,2.17499815395134,4.72174660123937,0.0304572561998263,0.210107044206955,0.210107044206955,"plaq_d"
"10776","ARID3B","Exc L6 CT",-0.0855389402890633,3.68014421204113,4.04602174770868,0.0450456840880825,0.25835763670599,0.25835763670599,"plaq_d"
"10777","CLK3","Exc L6 CT",-0.0188264278852286,3.69930930980744,0.404897797759301,0.52498865867517,0.817207495258297,0.817207495258297,"plaq_d"
"10778","EDC3","Exc L6 CT",-0.0149776287506658,4.93736524528393,0.531479644567455,0.557035922409268,0.836280022839069,0.836280022839069,"plaq_d"
"10779","CSK","Exc L6 CT",0.0254020903364191,3.89723627778592,0.843993106733624,0.35889317649127,0.700749514277542,0.700749514277542,"plaq_d"
"10780","CPLX3","Exc L6 CT",0.0475021799112586,1.6074953427434,0.225870029945476,0.634901177170059,0.878269581788608,0.878269581788608,"plaq_d"
"10781","ULK3","Exc L6 CT",0.026266485884458,5.9318685389967,1.51741243134858,0.218842724977529,0.558370181179789,0.558370181179789,"plaq_d"
"10782","SCAMP2","Exc L6 CT",0.0420100694581406,4.37006146004679,2.69552104803297,0.101533414620735,0.390924923895006,0.390924923895006,"plaq_d"
"10783","MPI","Exc L6 CT",-0.0299569077037118,3.22138823783105,0.502642864833549,0.478815576309413,0.789344129491849,0.789344129491849,"plaq_d"
"10784","FAM219B","Exc L6 CT",0.0144591342537322,4.904234982112,0.494203580351591,0.482527899718301,0.791969871216391,0.791969871216391,"plaq_d"
"10785","COX5A","Exc L6 CT",-0.0447052986308257,4.30227935088085,2.90728257651,0.102097739567643,0.392364938285049,0.392364938285049,"plaq_d"
"10786","SCAMP5","Exc L6 CT",-0.0110895605901881,7.43895300404309,0.868688380660897,0.35196446982612,0.695140692497849,0.695140692497849,"plaq_d"
"10787","PPCDC","Exc L6 CT",-0.00967730993931323,5.28188321053609,0.165962196137323,0.683975888243831,0.900342724410167,0.900342724410167,"plaq_d"
"10788","C15orf39","Exc L6 CT",0.14970663681121,2.18794328008957,4.86484523324713,0.0280620804594674,0.201087101391011,0.201087101391011,"plaq_d"
"10789","COMMD4","Exc L6 CT",-0.0161746038864275,3.78180428791248,0.238219734948797,0.871894183549559,0.979995992065854,0.979995992065854,"plaq_d"
"10790","AC068338.3","Exc L6 CT",-0.0130138461599954,2.14331211130956,0.0316471871213991,0.989654841410474,0.999571689696322,0.999571689696322,"plaq_d"
"10791","NEIL1","Exc L6 CT",0.000673414350958146,5.65148333731033,0.0011170423898872,0.973357069477524,0.999093977007575,0.999093977007575,"plaq_d"
"10792","MAN2C1","Exc L6 CT",0.0094315972865394,5.64906035032483,0.271783518544207,0.602469284294086,0.86179926636503,0.86179926636503,"plaq_d"
"10793","SIN3A","Exc L6 CT",0.00179430131388314,5.05663866571294,0.007078027942472,0.933000612573479,0.995071626804549,0.995071626804549,"plaq_d"
"10794","PTPN9","Exc L6 CT",-0.0123233724712249,6.95122195130212,0.546764068594222,0.460141116558286,0.776302767370572,0.776302767370572,"plaq_d"
"10795","SNUPN","Exc L6 CT",0.0771393870663514,4.25844445019897,9.39042239435529,0.0023514031347387,0.0489863436118002,0.0489863436118002,"plaq_d"
"10796","IMP3","Exc L6 CT",-0.0184312971531212,3.40464121922159,0.263740671621645,0.72899616641875,0.922725555631903,0.922725555631903,"plaq_d"
"10797","SNX33","Exc L6 CT",-0.0284709727395725,1.90014640148855,0.135752494547001,0.712764565828837,0.913900150384005,0.913900150384005,"plaq_d"
"10798","DNM1P35","Exc L6 CT",-0.0782352817432917,2.69424468242738,2.19075384560059,0.139745554343846,0.454947308985529,0.454947308985529,"plaq_d"
"10799","UBE2Q2","Exc L6 CT",0.0232216804426165,3.98568559355924,0.43889997859906,0.508092130044243,0.806906139178239,0.806906139178239,"plaq_d"
"10800","FBXO22","Exc L6 CT",0.0115838012148387,6.02979829255423,0.490439747498018,0.501526312358103,0.804417462251234,0.804417462251234,"plaq_d"
"10801","NRG4","Exc L6 CT",0.0707589838703638,5.01027656833407,4.05382801365438,0.0448403540316516,0.257899215597146,0.257899215597146,"plaq_d"
"10802","TMEM266","Exc L6 CT",-0.0295831878312675,5.44580473151193,1.88535862827119,0.170609922353955,0.498174801200742,0.498174801200742,"plaq_d"
"10803","ETFA","Exc L6 CT",0.00671968293520447,5.05539155938075,0.0840031926652694,0.772116482263654,0.943673456894802,0.943673456894802,"plaq_d"
"10804","SCAPER","Exc L6 CT",0.0358591303960217,8.22439278660995,10.6022662346307,0.00124044746060398,0.031718439862975,0.031718439862975,"plaq_d"
"10805","RCN2","Exc L6 CT",0.00834153061332535,5.80526553230463,0.243569357167278,0.621951077810036,0.872274798857461,0.872274798857461,"plaq_d"
"10806","TSPAN3","Exc L6 CT",0.0044519490787253,6.06789977606148,0.0679618472502272,0.794481881533589,0.953000771778707,0.953000771778707,"plaq_d"
"10807","PEAK1","Exc L6 CT",0.0240626913205416,7.58861651068274,3.60966462493369,0.0582706447854321,0.298315861426416,0.298315861426416,"plaq_d"
"10808","HMG20A","Exc L6 CT",-0.0158662607264202,6.27186003396536,1.42391942136749,0.273927095415616,0.62140788931661,0.62140788931661,"plaq_d"
"10809","LINGO1","Exc L6 CT",0.082592105730322,8.07762981681223,3.75244005660657,0.0535390352975273,0.285076703341666,0.285076703341666,"plaq_d"
"10810","TBC1D2B","Exc L6 CT",-0.0187729465677828,5.80216003935355,1.26631390981409,0.261234391618933,0.608240061443012,0.608240061443012,"plaq_d"
"10811","IDH3A","Exc L6 CT",0.029936166389222,5.31495885695741,2.54746086434541,0.111378822563794,0.409642883054195,0.409642883054195,"plaq_d"
"10812","DNAJA4","Exc L6 CT",0.0444050023305414,4.95366973849842,1.88915718610631,0.170180957665881,0.497446714021934,0.497446714021934,"plaq_d"
"10813","WDR61","Exc L6 CT",-0.0487395436245793,5.36255305573879,5.03523190534523,0.0254646523363366,0.190633975576652,0.190633975576652,"plaq_d"
"10814","IREB2","Exc L6 CT",-0.00376012215456453,6.13290868007246,0.0642543465795348,0.810516320447098,0.959172290506699,0.959172290506699,"plaq_d"
"10815","HYKK","Exc L6 CT",-0.0963305191800815,2.60221365423929,3.45119564422201,0.0640499972767327,0.311015957167147,0.311015957167147,"plaq_d"
"10816","PSMA4","Exc L6 CT",0.00684718437002812,4.56420891423128,0.081027113580818,0.789910969036026,0.951488801543731,0.951488801543731,"plaq_d"
"10817","MORF4L1","Exc L6 CT",0.0480261691821551,6.77827379796011,13.4786201819702,0.00027914810678717,0.0123649727547942,0.0123649727547942,"plaq_d"
"10818","CTSH","Exc L6 CT",-0.0362301846447306,2.65082313195554,0.364709566911822,0.546295466572827,0.829999117877352,0.829999117877352,"plaq_d"
"10819","RASGRF1","Exc L6 CT",0.0144458160555943,6.72665512606021,0.784309871471828,0.376437445825467,0.713317475472927,0.713317475472927,"plaq_d"
"10820","AC011944.1","Exc L6 CT",-0.0868848772937842,1.80231210421711,0.961940915697565,0.331466657183009,0.675891500964108,0.675891500964108,"plaq_d"
"10821","ANKRD34C-AS1","Exc L6 CT",-0.0504604798515684,7.12842437082627,9.36872878215411,0.00237864706200887,0.0491997171044248,0.0491997171044248,"plaq_d"
"10822","TMED3","Exc L6 CT",-0.0618298125907293,3.97893378158314,3.10649147540351,0.0788580605691415,0.344850809210765,0.344850809210765,"plaq_d"
"10823","ZFAND6","Exc L6 CT",0.0554433984028603,4.75803508486341,5.2156693564368,0.0229858686431042,0.18037845775799,0.18037845775799,"plaq_d"
"10824","AC016705.2","Exc L6 CT",-0.0205558207064332,4.35288003105659,0.433835157258974,0.510548365381177,0.80846075010996,0.80846075010996,"plaq_d"
"10825","ARNT2","Exc L6 CT",0.00118763549802801,7.49887966669995,0.00641189099614952,0.936224176985444,0.996094671122864,0.996094671122864,"plaq_d"
"10826","ABHD17C","Exc L6 CT",-0.00979338381074545,4.41793869915667,0.129125924500478,0.719557853835379,0.917759800107568,0.917759800107568,"plaq_d"
"10827","CEMIP","Exc L6 CT",0.031065717984416,4.56826977901426,0.606468422718037,0.436649527390156,0.759454705365313,0.759454705365313,"plaq_d"
"10828","AC027808.1","Exc L6 CT",-0.063745497238675,3.3866233872251,2.10047729827422,0.148153182891326,0.467088839863889,0.467088839863889,"plaq_d"
"10829","MESD","Exc L6 CT",-0.0161076720008805,4.54204176327034,0.41649962329316,0.51911387588092,0.813520059270345,0.813520059270345,"plaq_d"
"10830","TLNRD1","Exc L6 CT",-0.00898523921595005,3.55074713920311,0.0608846512636735,0.844182964841963,0.970793189054499,0.970793189054499,"plaq_d"
"10831","CFAP161","Exc L6 CT",0.0763796017370533,4.81580280143106,4.16507223984577,0.0420193912540732,0.248608369557857,0.248608369557857,"plaq_d"
"10832","IL16","Exc L6 CT",-0.0524981210930671,2.59846313514902,0.639168239454296,0.424557191838832,0.751434144505804,0.751434144505804,"plaq_d"
"10833","STARD5","Exc L6 CT",0.0860922636879523,2.85096786614432,3.30425517235637,0.0699599250719851,0.324070344360488,0.324070344360488,"plaq_d"
"10834","TMC3-AS1","Exc L6 CT",0.0391849059672162,4.78071924351923,1.78220078220974,0.182751484148779,0.512939640454317,0.512939640454317,"plaq_d"
"10835","TMC3","Exc L6 CT",-0.0315924856652524,3.52506547177081,0.305614390569974,0.580738646532387,0.851041833586362,0.851041833586362,"plaq_d"
"10836","AC060809.1","Exc L6 CT",0.0186010102461933,3.9379876408318,0.241620653303069,0.623347743526185,0.872864237883659,0.872864237883659,"plaq_d"
"10837","AC104041.1","Exc L6 CT",-0.148050958833673,2.81933674022293,2.39345563083691,0.122752396312298,0.427879781431438,0.427879781431438,"plaq_d"
"10838","EFL1","Exc L6 CT",0.0207611390043272,5.08155975231414,0.734641357079569,0.391972389119994,0.725560458684137,0.725560458684137,"plaq_d"
"10839","SAXO2","Exc L6 CT",-0.0198503030126688,4.81214331138856,0.557757414827491,0.455669207618757,0.775175490089533,0.775175490089533,"plaq_d"
"10840","GOLGA6L10","Exc L6 CT",0.075687243213826,3.38993619425704,1.69483677532988,0.193825187152606,0.527630613169724,0.527630613169724,"plaq_d"
"10841","GOLGA6L9","Exc L6 CT",0.0163564092339939,3.22293122044038,0.113896959900871,0.735953739620607,0.926928262080338,0.926928262080338,"plaq_d"
"10842","RPS17","Exc L6 CT",-0.0481143139901477,1.85486136151035,0.274373449916108,0.600746229828618,0.860360398389652,0.860360398389652,"plaq_d"
"10843","AC245033.2","Exc L6 CT",-0.0615533304548057,2.16877957627281,0.721892423199309,0.396107660945106,0.729097630366397,0.729097630366397,"plaq_d"
"10844","CPEB1","Exc L6 CT",-0.0316967839606637,5.60079517404003,2.19725876637258,0.139160858325984,0.453967758092198,0.453967758092198,"plaq_d"
"10845","CPEB1-AS1","Exc L6 CT",-0.0563124100506918,3.96782938471476,3.06287318035774,0.0809807313479346,0.349775259409238,0.349775259409238,"plaq_d"
"10846","AP3B2","Exc L6 CT",-0.0353406206754158,6.7318641538374,6.889070053941,0.00905456220528374,0.108624230587321,0.108624230587321,"plaq_d"
"10847","SNHG21","Exc L6 CT",-0.0473232590909816,3.4175929793804,1.68778364478794,0.194752962433088,0.529097895111168,0.529097895111168,"plaq_d"
"10848","FSD2","Exc L6 CT",-0.213051441280248,2.30733576831208,10.8771676112882,0.00107402146757124,0.0290086548727121,0.0290086548727121,"plaq_d"
"10849","WHAMM","Exc L6 CT",0.00472915861152166,4.26288906489128,0.0313089079080385,0.877533166810047,0.981277572580195,0.981277572580195,"plaq_d"
"10850","HOMER2","Exc L6 CT",-0.015561835991452,6.10301663766284,1.02250143750359,0.312628541793628,0.656834635074983,0.656834635074983,"plaq_d"
"10851","AC022558.2","Exc L6 CT",-0.0662289761591683,3.10024403898286,2.3640993180623,0.125063743088751,0.431962007079092,0.431962007079092,"plaq_d"
"10852","C15orf40","Exc L6 CT",-0.0321840701428654,4.5482222300216,1.48252551401353,0.233608679484107,0.578834862281102,0.578834862281102,"plaq_d"
"10853","BTBD1","Exc L6 CT",0.00733716542162782,5.51480943727383,0.175381794323397,0.676861681161475,0.896053450075137,0.896053450075137,"plaq_d"
"10854","TM6SF1","Exc L6 CT",-0.00135664795432464,4.18123745516133,0.00178981986159972,0.96627880168953,0.998742420766286,0.998742420766286,"plaq_d"
"10855","HDGFL3","Exc L6 CT",0.0288422668856954,6.79646057155777,6.11821647846692,0.0138560203784302,0.137661331516826,0.137661331516826,"plaq_d"
"10856","AC103876.1","Exc L6 CT",-0.0791419275571252,4.08760841768554,6.06141841708559,0.014300578602067,0.140430511292876,0.140430511292876,"plaq_d"
"10857","SH3GL3","Exc L6 CT",0.0279683408557519,8.86494692884756,5.01403117044332,0.0257736829967398,0.191706226660787,0.191706226660787,"plaq_d"
"10858","ADAMTSL3","Exc L6 CT",0.0358682121875847,5.57775494072115,2.05284429803488,0.152819321785228,0.474411678527541,0.474411678527541,"plaq_d"
"10859","UBE2Q2L","Exc L6 CT",0.069143243667139,4.91413486757109,7.34936830566045,0.00704106401532617,0.0938547755228107,0.0938547755228107,"plaq_d"
"10860","GOLGA6L4","Exc L6 CT",0.0616704160536517,3.1731507681137,2.04768384923734,0.153334790984539,0.474969345342743,0.474969345342743,"plaq_d"
"10861","AC048382.5","Exc L6 CT",-0.0672084204223596,2.79576105539263,1.46558315344466,0.22686496853111,0.568485482330756,0.568485482330756,"plaq_d"
"10862","WDR73","Exc L6 CT",0.0187233304798577,4.58284363380049,0.5462732148764,0.463371414234182,0.778107628775796,0.778107628775796,"plaq_d"
"10863","SEC11A","Exc L6 CT",-0.0296853095957794,4.81298131776607,1.87713142511813,0.171543286361348,0.499066980448564,0.499066980448564,"plaq_d"
"10864","ZNF592","Exc L6 CT",-0.00382682365012938,5.15119515624142,0.0418586510703205,0.838008984067111,0.968820749155593,0.968820749155593,"plaq_d"
"10865","ALPK3","Exc L6 CT",0.0567289565466589,2.45587701878937,0.808198396432238,0.369274691690211,0.708904982207265,0.708904982207265,"plaq_d"
"10866","PDE8A","Exc L6 CT",-0.00982696709100048,5.75374264783398,0.212020683115084,0.645475629410601,0.882222987537879,0.882222987537879,"plaq_d"
"10867","AKAP13","Exc L6 CT",0.0405347808504702,7.10807682456975,5.78143093927061,0.0167179707661041,0.152613764837562,0.152613764837562,"plaq_d"
"10868","AC087286.2","Exc L6 CT",-0.070306244478241,2.3492449078197,1.2583359201331,0.262739289132207,0.609179385786319,0.609179385786319,"plaq_d"
"10869","KLHL25","Exc L6 CT",-0.0821681049552272,3.56741182603715,4.13119951435284,0.0428579350125836,0.251624319918905,0.251624319918905,"plaq_d"
"10870","AGBL1","Exc L6 CT",0.09192256189443,3.25519200839357,3.34303341249497,0.0683454497842258,0.320626398453182,0.320626398453182,"plaq_d"
"10871","AC020687.1","Exc L6 CT",-0.0692368582706125,2.3876318251137,1.01067415723117,0.31543949581724,0.659892562670654,0.659892562670654,"plaq_d"
"10872","NTRK3","Exc L6 CT",-0.0178678426717765,8.68071395673003,2.35161511337034,0.126061351595137,0.433563625536693,0.433563625536693,"plaq_d"
"10873","MRPL46","Exc L6 CT",0.0655384484695476,2.80722514323971,1.85756812870159,0.173786469178509,0.501670344955646,0.501670344955646,"plaq_d"
"10874","MRPS11","Exc L6 CT",-0.0121522753138866,4.68207803798307,0.232223986963777,0.630182404345303,0.876683500163605,0.876683500163605,"plaq_d"
"10875","DET1","Exc L6 CT",-0.0342148996352741,3.81268793692919,1.20466663597125,0.273149383605383,0.620621610855917,0.620621610855917,"plaq_d"
"10876","LINC01586","Exc L6 CT",-0.0989310622645281,2.08987904543548,1.80372302533427,0.180137797024542,0.510418222502386,0.510418222502386,"plaq_d"
"10877","AEN","Exc L6 CT",-0.0498767543364495,1.92250631359006,0.429702983189015,0.512567588427574,0.809988245224001,0.809988245224001,"plaq_d"
"10878","ABHD2","Exc L6 CT",0.0271327707375149,6.73677916651707,3.47074464109374,0.0633050087704822,0.309481393194748,0.309481393194748,"plaq_d"
"10879","FANCI","Exc L6 CT",0.0710438756500162,3.5974381758708,3.37798519392692,0.0669245511697685,0.316917618690353,0.316917618690353,"plaq_d"
"10880","POLG","Exc L6 CT",0.0126927175628671,4.60575011395994,0.36251452923832,0.629431220888141,0.876612985944766,0.876612985944766,"plaq_d"
"10881","MIR9-3HG","Exc L6 CT",-0.073799735786341,5.59350572642679,13.3694898201704,0.000295226311917635,0.0129181701713261,0.0129181701713261,"plaq_d"
"10882","RHCG","Exc L6 CT",-0.0178867016100444,3.72376637932517,0.275016405990659,0.647341140282453,0.883726151025722,0.883726151025722,"plaq_d"
"10883","KIF7","Exc L6 CT",-0.0730968094481949,2.01178689753203,0.923507212083653,0.337222624823337,0.681358046736448,0.681358046736448,"plaq_d"
"10884","PEX11A","Exc L6 CT",0.072103347032897,2.98390251006583,2.81525700297575,0.0942692335849085,0.377811772463347,0.377811772463347,"plaq_d"
"10885","WDR93","Exc L6 CT",-0.0106581575724143,2.40209101800432,0.0251280975877041,0.874140183028174,0.980302874204998,0.980302874204998,"plaq_d"
"10886","MESP1","Exc L6 CT",0.0823665571601567,2.54965716923717,2.45338516340871,0.118180037371892,0.420282079964388,0.420282079964388,"plaq_d"
"10887","AP3S2","Exc L6 CT",0.101092742149877,3.03067037898647,5.62984157259822,0.020105743880489,0.168672662531188,0.168672662531188,"plaq_d"
"10888","ZNF710","Exc L6 CT",-0.0339103522942254,4.47891161509481,1.56042036067303,0.21244277823511,0.549367026310876,0.549367026310876,"plaq_d"
"10889","ZNF710-AS1","Exc L6 CT",-0.10116001932191,3.05291284861644,5.37643940927347,0.0209889758753648,0.171949087139328,0.171949087139328,"plaq_d"
"10890","IDH2","Exc L6 CT",-0.032110152047898,4.94708154399917,1.88795217707003,0.170316902560145,0.497641999037112,0.497641999037112,"plaq_d"
"10891","SEMA4B","Exc L6 CT",-0.035566930638518,5.3748905307022,4.25048595183214,0.0399808764745578,0.242837879117393,0.242837879117393,"plaq_d"
"10892","CIB1","Exc L6 CT",-0.0303327476436916,2.34134153669305,0.252837600760633,0.61540197238592,0.869428223272997,0.869428223272997,"plaq_d"
"10893","AC091167.7","Exc L6 CT",0.019522550795069,2.06787294334614,0.0810482561164365,0.925380716458987,0.993407704701672,0.993407704701672,"plaq_d"
"10894","AC091167.6","Exc L6 CT",0.0226398559725059,5.03807572713259,1.04225563590461,0.308006232539425,0.652689915835421,0.652689915835421,"plaq_d"
"10895","ZNF774","Exc L6 CT",-0.0186222348411898,3.94753208378759,0.342274684710725,0.558898086153533,0.837242282312585,0.837242282312585,"plaq_d"
"10896","IQGAP1","Exc L6 CT",0.0123832769792413,5.83059485631861,0.449805451326159,0.502871960800801,0.804996250058273,0.804996250058273,"plaq_d"
"10897","CRTC3","Exc L6 CT",0.0188188396319576,7.19393002258665,2.74820249082964,0.0982644353752514,0.384677721104138,0.384677721104138,"plaq_d"
"10898","CRTC3-AS1","Exc L6 CT",-0.0520895744946912,2.97913120168212,1.14765322377494,0.284782926749543,0.63140844193538,0.63140844193538,"plaq_d"
"10899","FURIN","Exc L6 CT",0.0481460011161258,4.10166162023373,2.96171492464063,0.161750677809133,0.486231521766605,0.486231521766605,"plaq_d"
"10900","FES","Exc L6 CT",-0.0556766142089623,2.16677336945858,0.597237397425558,0.440158298030064,0.762517311485054,0.762517311485054,"plaq_d"
"10901","MAN2A2","Exc L6 CT",-0.00770669124722003,5.10072055664656,0.147833597666645,0.859515457777314,0.975757789619289,0.975757789619289,"plaq_d"
"10902","HDDC3","Exc L6 CT",-0.0536609491021721,2.86895327434428,1.56407501475976,0.211909297568792,0.549044120108991,0.549044120108991,"plaq_d"
"10903","UNC45A","Exc L6 CT",-0.0285974052844074,5.22582883838155,1.64182150559064,0.200928388576063,0.536355475976451,0.536355475976451,"plaq_d"
"10904","RCCD1","Exc L6 CT",-0.0178524230648439,3.51445511719506,0.252271876930409,0.615797380805978,0.869439934484504,0.869439934484504,"plaq_d"
"10905","AC068831.7","Exc L6 CT",0.0160204404325749,2.18854398768998,0.0614615611604264,0.80434675408472,0.95682191663624,0.95682191663624,"plaq_d"
"10906","PRC1-AS1","Exc L6 CT",0.0678737313026503,4.13395646373758,5.1363251368318,0.0240433503275953,0.184601638035233,0.184601638035233,"plaq_d"
"10907","SV2B","Exc L6 CT",0.0137950731580648,9.24876208004699,1.3108244239065,0.253031797790137,0.600459646957798,0.600459646957798,"plaq_d"
"10908","AC104035.1","Exc L6 CT",0.0107976599442332,3.3885292537181,0.037505181384453,0.846553045092692,0.971364821464102,0.971364821464102,"plaq_d"
"10909","SLCO3A1","Exc L6 CT",0.0187457510580215,7.20124457754395,1.4494848364422,0.229428436197379,0.572584742500897,0.572584742500897,"plaq_d"
"10910","FAM174B","Exc L6 CT",-0.0043329732605788,5.54344359359439,0.0482946042803151,0.826186590522162,0.963995960216976,0.963995960216976,"plaq_d"
"10911","AC013394.1","Exc L6 CT",-0.0161654358870826,5.44712151932047,0.774877506008874,0.379319519715513,0.7155299955787,0.7155299955787,"plaq_d"
"10912","CHD2","Exc L6 CT",0.0244237856296016,6.69571585820444,2.77011769318139,0.0969386802034952,0.383181234731172,0.383181234731172,"plaq_d"
"10913","RGMA","Exc L6 CT",-0.0254928130990673,5.73524668720928,1.16095609404627,0.282013249360316,0.628018828637723,0.628018828637723,"plaq_d"
"10914","AC091078.1","Exc L6 CT",0.00333801313495365,6.38065397829093,0.0102653041778447,0.919356473079116,0.991729246317899,0.991729246317899,"plaq_d"
"10915","AC110023.1","Exc L6 CT",-0.0151741407556742,6.7805662845271,0.21618119345178,0.64225581464642,0.881203285741464,0.881203285741464,"plaq_d"
"10916","LINC01579","Exc L6 CT",-0.0609528409235728,2.89302867191155,1.08651154971885,0.297968599632173,0.645839891055938,0.645839891055938,"plaq_d"
"10917","LINC02207","Exc L6 CT",-0.106012859884141,2.44987372847242,2.46564452693264,0.117268204765545,0.418387379381608,0.418387379381608,"plaq_d"
"10918","LINC01580","Exc L6 CT",0.0310457589696241,3.6312915432563,0.369630482366158,0.543602091221129,0.828340294560607,0.828340294560607,"plaq_d"
"10919","MCTP2","Exc L6 CT",0.0818740917510217,5.09392210455419,3.57674079676808,0.0594238097125189,0.300883542818335,0.300883542818335,"plaq_d"
"10920","LINC01197","Exc L6 CT",-0.0379239954208247,5.17809638049772,0.67326153332115,0.412478159042021,0.743077608813294,0.743077608813294,"plaq_d"
"10921","AC020704.1","Exc L6 CT",0.0791312662085619,3.51670015905006,1.87588178475033,0.171685570664021,0.499066980448564,0.499066980448564,"plaq_d"
"10922","LINC02253","Exc L6 CT",-0.00671616888992273,2.13894146862659,0.00409626974699768,0.949005275183802,0.99802142424354,0.99802142424354,"plaq_d"
"10923","LINC02254","Exc L6 CT",0.0179979136507381,4.28990362422064,0.171489417997279,0.679046465430883,0.897086621670459,0.897086621670459,"plaq_d"
"10924","LINC00923","Exc L6 CT",-0.0463576307386565,4.64516017598597,0.821091181031987,0.365487928577001,0.7062502308449,0.7062502308449,"plaq_d"
"10925","ARRDC4","Exc L6 CT",0.0126712811311679,3.25827095472639,0.0928315747257244,0.760789817553077,0.938583444467743,0.938583444467743,"plaq_d"
"10926","AC022523.1","Exc L6 CT",-0.0256889397404436,3.3145208050327,0.147670387347981,0.70100620674275,0.909570559014748,0.909570559014748,"plaq_d"
"10927","FAM169B","Exc L6 CT",0.0901520168615679,3.19577045916152,2.83443440217022,0.0931595302819199,0.375522661727656,0.375522661727656,"plaq_d"
"10928","IGF1R","Exc L6 CT",0.0407940384560001,8.45468164218337,15.6428967200158,9.27015725050545e-05,0.00603860560082699,0.00603860560082699,"plaq_d"
"10929","AC036108.1","Exc L6 CT",-0.0286033294944021,5.55825988637941,1.19374755596525,0.275330285212005,0.623384664953381,0.623384664953381,"plaq_d"
"10930","SYNM","Exc L6 CT",0.0864287191096698,4.58817634839214,11.7167112798245,0.000693195615119534,0.0222254879181755,0.0222254879181755,"plaq_d"
"10931","TTC23","Exc L6 CT",0.0320070147796544,2.72056944622431,0.35407694335559,0.552200793617387,0.832755355637535,0.832755355637535,"plaq_d"
"10932","AC036108.3","Exc L6 CT",-0.0262129728173185,2.66525491745207,0.236334396328082,0.627172038011562,0.875304765798783,0.875304765798783,"plaq_d"
"10933","LRRC28","Exc L6 CT",0.0215387801833747,6.60306206679449,2.36759126641419,0.124786281252862,0.43131411882742,0.43131411882742,"plaq_d"
"10934","MEF2A","Exc L6 CT",-0.00228504424539862,6.80145914454259,0.0195840530091374,0.888785911827662,0.984859409526221,0.984859409526221,"plaq_d"
"10935","LYSMD4","Exc L6 CT",-0.0603885000113538,3.82300062414409,2.66605910540275,0.103413487014507,0.394609637415312,0.394609637415312,"plaq_d"
"10936","AC090825.1","Exc L6 CT",-0.0406158483412854,2.1851488313151,0.0974596479957784,0.755086582887857,0.936442664305099,0.936442664305099,"plaq_d"
"10937","ADAMTS17","Exc L6 CT",0.14190038537839,2.16906253276347,1.09294787069597,0.296544183976209,0.644297267593436,0.644297267593436,"plaq_d"
"10938","CERS3","Exc L6 CT",-0.0751853933528229,2.11781387355301,0.810107384203866,0.368710559701165,0.708861807887015,0.708861807887015,"plaq_d"
"10939","AC027020.2","Exc L6 CT",0.146257866382963,2.45387506178842,5.65565477498852,0.0179381925617484,0.157943865516165,0.157943865516165,"plaq_d"
"10940","LINS1","Exc L6 CT",0.0242741976751735,4.84492141060332,0.805249745570891,0.370148430461122,0.709664207878106,0.709664207878106,"plaq_d"
"10941","ASB7","Exc L6 CT",-0.00345490572719984,4.87232327025992,0.02180160631665,0.903273641616329,0.98886139503488,0.98886139503488,"plaq_d"
"10942","AC015712.2","Exc L6 CT",0.21704694984633,2.02421736869884,6.51718538069386,0.0111096443902716,0.122291481097255,0.122291481097255,"plaq_d"
"10943","LRRK1","Exc L6 CT",0.1943999810642,3.67245030313138,5.69677486966317,0.0175294152669532,0.156159320657833,0.156159320657833,"plaq_d"
"10944","AC090907.2","Exc L6 CT",-0.0115677389265875,3.79660445685451,0.0798322878862972,0.77769269766688,0.946432481294003,0.946432481294003,"plaq_d"
"10945","CHSY1","Exc L6 CT",0.0160287249169704,5.03491656935566,0.484761846224414,0.486737765205123,0.794288611229015,0.794288611229015,"plaq_d"
"10946","SELENOS","Exc L6 CT",-0.0219866137271745,3.12581245790941,0.283690078741353,0.594632476491852,0.858178359055309,0.858178359055309,"plaq_d"
"10947","SNRPA1","Exc L6 CT",-0.0827403947302317,4.98964340737359,18.3934243752918,2.33009660920841e-05,0.00236225850606791,0.00236225850606791,"plaq_d"
"10948","TM2D3","Exc L6 CT",-0.0107321491704181,5.5285105163168,0.368599400531868,0.544164394740517,0.828575249340506,0.828575249340506,"plaq_d"
"10949","TARSL2","Exc L6 CT",0.0144631181256499,6.14920373425556,0.841639968855516,0.359563153918202,0.701124766695639,0.701124766695639,"plaq_d"
"10950","WASIR2","Exc L6 CT",-0.0625018116083132,1.88145411212968,0.463687355800257,0.496358285724942,0.800983508720577,0.800983508720577,"plaq_d"
"10951","POLR3K","Exc L6 CT",-0.0262033922672703,3.10096496756753,0.416333524269802,0.519197161900953,0.813520059270345,0.813520059270345,"plaq_d"
"10952","SNRNP25","Exc L6 CT",-0.015750242584828,3.47891069472376,0.214458900201423,0.643584090203601,0.88124995591125,0.88124995591125,"plaq_d"
"10953","MPG","Exc L6 CT",-0.00690130842786432,4.22807511261747,0.0611120215643974,0.905399721964734,0.989037303307553,0.989037303307553,"plaq_d"
"10954","NPRL3","Exc L6 CT",-0.0103230045796637,6.02423534389599,0.422252650996037,0.640038573989042,0.88010015152388,0.88010015152388,"plaq_d"
"10955","HBQ1","Exc L6 CT",-0.0835877370802351,1.33152974711869,0.533839333780243,0.465488511661384,0.780294901476163,0.780294901476163,"plaq_d"
"10956","LUC7L","Exc L6 CT",-0.0307440174149319,6.62976181069058,4.66761149017187,0.0314183400157176,0.213907130420563,0.213907130420563,"plaq_d"
"10957","FAM234A","Exc L6 CT",-0.100352845117781,3.99850610699471,9.50880586402926,0.00220823838355727,0.0468185563618417,0.0468185563618417,"plaq_d"
"10958","RGS11","Exc L6 CT",-0.0220975362131661,5.69819276553189,1.28041769621888,0.258600091841157,0.605827001162783,0.605827001162783,"plaq_d"
"10959","ARHGDIG","Exc L6 CT",0.0338760269393555,5.48056202961387,1.95807059466345,0.162610013809743,0.487389914387896,0.487389914387896,"plaq_d"
"10960","PDIA2","Exc L6 CT",-0.0337791290852002,5.00021903023153,1.37085284529197,0.242466057116697,0.587546245750086,0.587546245750086,"plaq_d"
"10961","AXIN1","Exc L6 CT",0.0219088920121309,5.27265593941973,1.36614860025354,0.243274278978691,0.588453660677607,0.588453660677607,"plaq_d"
"10962","MRPL28","Exc L6 CT",-0.00643707331072229,3.48303459144872,0.0268188994006644,0.87001134148672,0.979066487094798,0.979066487094798,"plaq_d"
"10963","TMEM8A","Exc L6 CT",-0.0149319327063097,3.18192310086592,0.117127604126767,0.732377441231603,0.925013655375518,0.925013655375518,"plaq_d"
"10964","NME4","Exc L6 CT",-0.0113681629399748,4.01127143947598,0.128996197623013,0.719692790534261,0.917850585801845,0.917850585801845,"plaq_d"
"10965","RAB11FIP3","Exc L6 CT",-0.0105481064706483,7.19629545407726,0.581799252033909,0.446124355235898,0.767047686879503,0.767047686879503,"plaq_d"
"10966","CAPN15","Exc L6 CT",0.0470775626924556,3.86393193928828,2.44133641324062,0.119083880691806,0.421833549812805,0.421833549812805,"plaq_d"
"10967","PIGQ","Exc L6 CT",-0.0274310992085034,5.01656345850713,1.50308406406324,0.221025943859803,0.559900973373338,0.559900973373338,"plaq_d"
"10968","RAB40C","Exc L6 CT",-0.0285628571639907,6.48982217160075,3.94298112036634,0.0478512569968933,0.267178789547858,0.267178789547858,"plaq_d"
"10969","WFIKKN1","Exc L6 CT",-0.00927326944007959,2.22958998086469,0.0196278629123409,0.888662400414102,0.984859409526221,0.984859409526221,"plaq_d"
"10970","METTL26","Exc L6 CT",0.0402653250228882,4.41815127740524,2.4393831027305,0.119231131276303,0.421939343547451,0.421939343547451,"plaq_d"
"10971","MCRIP2","Exc L6 CT",0.0226446725420433,3.65546310081364,0.482652653033713,0.487686531879881,0.794740243710976,0.794740243710976,"plaq_d"
"10972","WDR90","Exc L6 CT",-0.0210905720212035,3.58402989863197,0.29163833148216,0.589517771078813,0.855255248659739,0.855255248659739,"plaq_d"
"10973","RHOT2","Exc L6 CT",-0.0437074024890365,5.37375529113197,5.28840498574,0.0220590047210736,0.176497269547267,0.176497269547267,"plaq_d"
"10974","RHBDL1","Exc L6 CT",-0.0117550918962646,4.8561721010968,0.246506529815348,0.619859037710401,0.87102638321245,0.87102638321245,"plaq_d"
"10975","STUB1","Exc L6 CT",-0.00026857074013775,4.76022488216717,0.000100216206190985,0.992018400173367,0.999571689696322,0.999571689696322,"plaq_d"
"10976","JMJD8","Exc L6 CT",0.0467306880060439,2.8908142373175,1.16363088387908,0.28146048756922,0.627848623274301,0.627848623274301,"plaq_d"
"10977","WDR24","Exc L6 CT",0.0710902437892654,2.59263933389122,1.76591323739582,0.184758804552977,0.516263150299816,0.516263150299816,"plaq_d"
"10978","FBXL16","Exc L6 CT",0.054405626461214,5.65279183003832,8.18997809639794,0.0044668851683655,0.07266573030483,0.07266573030483,"plaq_d"
"10979","METRN","Exc L6 CT",-0.0796005161122176,3.52427000375953,3.99868574315793,0.0463122738224363,0.263405462101121,0.263405462101121,"plaq_d"
"10980","FAM173A","Exc L6 CT",-0.0173914852270637,4.25820174091992,0.307186434427854,0.57976763825574,0.850625246670366,0.850625246670366,"plaq_d"
"10981","HAGHL","Exc L6 CT",0.0146776275171862,3.76546473407959,0.173613006033566,0.677177313923368,0.896262260847734,0.896262260847734,"plaq_d"
"10982","NARFL","Exc L6 CT",0.00809622806795432,4.40120897841278,0.0896450163640227,0.764807565771433,0.940316826103471,0.940316826103471,"plaq_d"
"10983","RPUSD1","Exc L6 CT",-0.00561590372437724,2.90997612291397,0.0154635051594276,0.931494021666439,0.99444705473932,0.99444705473932,"plaq_d"
"10984","CHTF18","Exc L6 CT",-0.0226841293613447,2.75279398192957,0.185447413625459,0.666999456979738,0.893636499086115,0.893636499086115,"plaq_d"
"10985","PRR25","Exc L6 CT",-0.120435591142854,2.70997839059233,4.9997232774811,0.025984451053294,0.19281422440006,0.19281422440006,"plaq_d"
"10986","LMF1","Exc L6 CT",0.0111138195433767,6.4474940197173,0.0747930036909556,0.784644029791726,0.949540639953067,0.949540639953067,"plaq_d"
"10987","CACNA1H","Exc L6 CT",-0.0541042610214006,3.3396068125606,1.11380141638271,0.291988809412906,0.639425402766093,0.639425402766093,"plaq_d"
"10988","UBE2I","Exc L6 CT",-0.00104996009377127,5.45845091867012,0.0038732129831892,0.950411285396137,0.99802142424354,0.99802142424354,"plaq_d"
"10989","BAIAP3","Exc L6 CT",0.0308871267080153,4.87919091423044,0.80876411295919,0.369107389137683,0.708882455678055,0.708882455678055,"plaq_d"
"10990","TSR3","Exc L6 CT",-0.0086636038032408,2.74457913952296,0.0309399762629649,0.869707524942595,0.978913958488945,0.978913958488945,"plaq_d"
"10991","GNPTG","Exc L6 CT",-0.00549212935599856,5.14192857905912,0.0714234738113194,0.789433588748103,0.951347690306994,0.951347690306994,"plaq_d"
"10992","UNKL","Exc L6 CT",-0.025481686882552,5.21400995993941,1.54009408027137,0.255915280691191,0.603267787920482,0.603267787920482,"plaq_d"
"10993","C16orf91","Exc L6 CT",-0.0275254596570014,2.74002614316416,0.288730604270623,0.591378354244761,0.856511914371269,0.856511914371269,"plaq_d"
"10994","CCDC154","Exc L6 CT",-0.132906824809216,2.61667275248624,5.64894090163935,0.0180058689502595,0.158249383032927,0.158249383032927,"plaq_d"
"10995","CLCN7","Exc L6 CT",0.00141813001511429,5.22227944426722,0.00502225082558388,0.943543623302727,0.997551795929064,0.997551795929064,"plaq_d"
"10996","TELO2","Exc L6 CT",-0.101409933037034,3.59165435057256,9.34859404278102,0.00303324777655019,0.0579643875872887,0.0579643875872887,"plaq_d"
"10997","IFT140","Exc L6 CT",0.00465061678881576,5.35265585113201,0.0599686867468503,0.806689692091021,0.957781839780811,0.957781839780811,"plaq_d"
"10998","CRAMP1","Exc L6 CT",0.0420629448122086,2.62277272642084,0.608640582314699,0.435830109871619,0.758921125966326,0.758921125966326,"plaq_d"
"10999","JPT2","Exc L6 CT",-0.0469805848016869,3.70135769733007,1.88110783432722,0.17109143556911,0.498687701632263,0.498687701632263,"plaq_d"
"11000","MAPK8IP3","Exc L6 CT",0.00932665525828659,7.42645627735673,0.69618629085656,0.40464019418157,0.736640412494977,0.736640412494977,"plaq_d"
"11001","NME3","Exc L6 CT",-0.0501296323581034,5.3869801049638,5.54987305288721,0.0190358668149985,0.163443250479772,0.163443250479772,"plaq_d"
"11002","MRPS34","Exc L6 CT",-0.0236737101624649,3.73245885110498,0.451034614098805,0.502289356130991,0.804689882146492,0.804689882146492,"plaq_d"
"11003","EME2","Exc L6 CT",-0.00705584266092313,4.01450729614877,0.0437829181268545,0.834380376922041,0.967440391927328,0.967440391927328,"plaq_d"
"11004","SPSB3","Exc L6 CT",-0.0731752892203776,4.65014431415914,8.03388134106479,0.00485888830717951,0.0762797776119478,0.0762797776119478,"plaq_d"
"11005","NUBP2","Exc L6 CT",-0.00878515494948563,3.3917354659161,0.056416186581248,0.812392387144669,0.95934842446525,0.95934842446525,"plaq_d"
"11006","HAGH","Exc L6 CT",-0.0336647600726123,6.47735002342402,4.6439290843235,0.0318487275110932,0.215457838933129,0.215457838933129,"plaq_d"
"11007","FAHD1","Exc L6 CT",0.0239240354908627,3.84276006175661,0.533273337949606,0.630066864243119,0.876683500163605,0.876683500163605,"plaq_d"
"11008","MEIOB","Exc L6 CT",0.000726610151918918,2.17635921636461,0.000478783438560125,0.98255531823228,0.999571689696322,0.999571689696322,"plaq_d"
"11009","NDUFB10","Exc L6 CT",0.00747789816928304,3.83084836104398,0.0579070636051104,0.809976646710713,0.959172290506699,0.959172290506699,"plaq_d"
"11010","RPS2","Exc L6 CT",0.0183155090500918,4.95374631208175,0.546176348676928,0.460382147850315,0.776394701225957,0.776394701225957,"plaq_d"
"11011","SNHG9","Exc L6 CT",-0.0987187188757601,3.3364192593093,5.50640348583374,0.0195069477194003,0.165092310034384,0.165092310034384,"plaq_d"
"11012","TBL3","Exc L6 CT",-0.0182673982455531,2.57037596102813,0.114775367592049,0.959119628455335,0.998742420766286,0.998742420766286,"plaq_d"
"11013","GFER","Exc L6 CT",0.0388004117095956,2.69743579102258,0.570729135786717,0.582888198584437,0.852092049885886,0.852092049885886,"plaq_d"
"11014","SYNGR3","Exc L6 CT",0.0296763726371093,5.54349165783779,2.40729251065752,0.121679492039956,0.426112492496519,0.426112492496519,"plaq_d"
"11015","ZNF598","Exc L6 CT",0.0319440604818322,3.10159075322387,0.663202601422518,0.415988177061758,0.745309993401501,0.745309993401501,"plaq_d"
"11016","SLC9A3R2","Exc L6 CT",0.0852335241513736,3.37481560884851,4.40003817823122,0.0366586179938578,0.232074522708697,0.232074522708697,"plaq_d"
"11017","NTHL1","Exc L6 CT",-0.0048945691069733,3.06795730610312,0.012241388663992,0.942284797025123,0.997507548890635,0.997507548890635,"plaq_d"
"11018","TSC2","Exc L6 CT",0.0184421449626205,5.75458367699405,1.23910994995007,0.36519778291048,0.705973852931285,0.705973852931285,"plaq_d"
"11019","PKD1","Exc L6 CT",-0.018490095258127,7.77862641118623,2.41485071427078,0.121097843363169,0.425201110501506,0.425201110501506,"plaq_d"
"11020","RAB26","Exc L6 CT",-0.0418883502619461,6.42665442831921,5.32086290264596,0.0216580323402116,0.174965787637309,0.174965787637309,"plaq_d"
"11021","SNHG19","Exc L6 CT",-0.10854597139475,3.02689191730019,5.06601991075157,0.0250227411564127,0.189206253960383,0.189206253960383,"plaq_d"
"11022","TRAF7","Exc L6 CT",0.0277746897600616,3.60345865170658,0.677980764010565,0.418484328991517,0.746439431003449,0.746439431003449,"plaq_d"
"11023","CASKIN1","Exc L6 CT",0.0149177825841572,5.55817866069412,0.669864710701245,0.413658540061808,0.743383456553427,0.743383456553427,"plaq_d"
"11024","MLST8","Exc L6 CT",-0.018935923685142,4.05065627149444,0.374193763082731,0.541126325706707,0.827243733197832,0.827243733197832,"plaq_d"
"11025","BRICD5","Exc L6 CT",-0.0159106840127547,3.35656352134204,0.152594174887547,0.696307381467429,0.907070949561589,0.907070949561589,"plaq_d"
"11026","PGP","Exc L6 CT",-0.0124097338105865,6.01653813541313,0.30014297362763,0.584143823475198,0.852322430026867,0.852322430026867,"plaq_d"
"11027","E4F1","Exc L6 CT",0.0147342178402144,3.85445764362529,0.226512720911609,0.634420204221242,0.878243346955486,0.878243346955486,"plaq_d"
"11028","DNASE1L2","Exc L6 CT",-0.0154845715263056,2.41080153573581,0.0637024070351281,0.800885954760017,0.955506912332949,0.955506912332949,"plaq_d"
"11029","ECI1","Exc L6 CT",0.0462196515023381,3.21472048703639,1.26789758786932,0.26093693687172,0.607981400145611,0.607981400145611,"plaq_d"
"11030","RNPS1","Exc L6 CT",-0.0229919830232109,6.45749654321411,2.56473208636211,0.110177870843492,0.408057789725474,0.408057789725474,"plaq_d"
"11031","ABCA3","Exc L6 CT",-0.00757429922648893,6.94920386735513,0.331603087029805,0.565088637480092,0.840497220640369,0.840497220640369,"plaq_d"
"11032","CCNF","Exc L6 CT",-0.0223807709603626,4.66542017386918,0.743681615387914,0.389077608894281,0.72311353155025,0.72311353155025,"plaq_d"
"11033","TEDC2","Exc L6 CT",-0.0413274264683294,2.38259857276123,0.456698940508707,0.53222851697314,0.821129753546814,0.821129753546814,"plaq_d"
"11034","TBC1D24","Exc L6 CT",-0.0129207728451061,2.7644842395021,0.0735800850380714,0.786354506719684,0.949933664406861,0.949933664406861,"plaq_d"
"11035","AMDHD2","Exc L6 CT",-0.142216804140416,3.73806979017179,18.2075893025644,2.55631944858047e-05,0.00251053398621306,0.00251053398621306,"plaq_d"
"11036","PDPK1","Exc L6 CT",0.0103158179245907,6.72522999627136,0.560590037639773,0.454528064656361,0.774640229524443,0.774640229524443,"plaq_d"
"11037","AC093525.6","Exc L6 CT",0.0290058515809865,2.18650488866173,0.164385961225807,0.685399160732655,0.900774195488207,0.900774195488207,"plaq_d"
"11038","AC093525.4","Exc L6 CT",-0.0149136714490641,3.69010155861687,0.103703845087209,0.747622599322239,0.932326311490207,0.932326311490207,"plaq_d"
"11039","KCTD5","Exc L6 CT",0.0634386169106849,3.53321505563837,3.31229575916807,0.0844631215390438,0.35636902042089,0.35636902042089,"plaq_d"
"11040","SRRM2","Exc L6 CT",0.0261365207758801,7.2004772952862,4.23123632061156,0.0404310077217798,0.243941654301233,0.243941654301233,"plaq_d"
"11041","ELOB","Exc L6 CT",-0.0145972494942928,4.13188102532583,0.255757271686175,0.613370060206704,0.868574574392576,0.868574574392576,"plaq_d"
"11042","FLYWCH2","Exc L6 CT",-0.059366980163642,4.05728190909732,3.80492353221651,0.0569617902143585,0.293695331214123,0.293695331214123,"plaq_d"
"11043","FLYWCH1","Exc L6 CT",0.00964797250502139,5.79330499531218,0.286983666466466,0.592501993235454,0.856624615439576,0.856624615439576,"plaq_d"
"11044","PAQR4","Exc L6 CT",0.0588039802591539,2.99791501244912,1.72805139743133,0.197625194799091,0.532637024275712,0.532637024275712,"plaq_d"
"11045","CLDN9","Exc L6 CT",0.0668778472387216,2.10842469915208,0.932018361277541,0.335009024893423,0.679931035030598,0.679931035030598,"plaq_d"
"11046","HCFC1R1","Exc L6 CT",-0.000502152634163207,4.78678220432604,0.000448265428560117,0.983120354175737,0.999571689696322,0.999571689696322,"plaq_d"
"11047","THOC6","Exc L6 CT",0.0274293913104958,2.14384817055727,0.181575528684717,0.702923836040804,0.909945396307926,0.909945396307926,"plaq_d"
"11048","BICDL2","Exc L6 CT",-0.102748027507778,2.19823276795824,1.96273084691643,0.162112145299239,0.486809854761754,0.486809854761754,"plaq_d"
"11049","MMP25-AS1","Exc L6 CT",-0.0280258318407738,3.61048469456498,0.661059070750654,0.528609598346647,0.818793176005846,0.818793176005846,"plaq_d"
"11050","ZNF213-AS1","Exc L6 CT",-0.0501031082844735,3.86811348316399,2.43737382980013,0.11938281169272,0.422061629943124,0.422061629943124,"plaq_d"
"11051","ZNF205","Exc L6 CT",0.0342427556129808,2.82073010680078,0.539593641284901,0.463095582246652,0.778004901624788,0.778004901624788,"plaq_d"
"11052","ZNF213","Exc L6 CT",-0.0656062519164985,3.77570121285218,3.93284221793028,0.0481371526445361,0.268078317009958,0.268078317009958,"plaq_d"
"11053","ZNF200","Exc L6 CT",-0.0102071794450537,3.17254882344775,0.0754304851268437,0.948161907660597,0.997964805243233,0.997964805243233,"plaq_d"
"11054","ZNF263","Exc L6 CT",-0.0166298764167617,4.49225064146037,0.41493846757466,0.519897607322052,0.813811715900621,0.813811715900621,"plaq_d"
"11055","TIGD7","Exc L6 CT",-0.0207255312750561,3.93585565728194,0.4534114880484,0.603677314075435,0.862498869931516,0.862498869931516,"plaq_d"
"11056","ZNF75A","Exc L6 CT",-0.0529233716611404,5.24140596981546,6.79282642551703,0.00954564405951464,0.112454248674937,0.112454248674937,"plaq_d"
"11057","AC025283.3","Exc L6 CT",-0.107618994863696,3.43254083822034,8.12241844880062,0.00463241207860218,0.0740980047595077,0.0740980047595077,"plaq_d"
"11058","ZSCAN32","Exc L6 CT",0.0611591202563711,2.93048231896309,1.76072881783863,0.185403125362416,0.517347528994381,0.517347528994381,"plaq_d"
"11059","ZNF597","Exc L6 CT",-0.0531793549833333,2.39556699814611,0.811407149714969,0.428528176612252,0.754538678231486,0.754538678231486,"plaq_d"
"11060","NAA60","Exc L6 CT",0.0309503430028088,3.52608131032013,0.772885517161306,0.379932160947079,0.715997301871207,0.715997301871207,"plaq_d"
"11061","CLUAP1","Exc L6 CT",-0.0171175477096685,5.77844936451788,1.08229908693018,0.298905630752652,0.645995581805218,0.645995581805218,"plaq_d"
"11062","NLRC3","Exc L6 CT",-0.0656953689927071,2.48609863568988,1.3008342018729,0.263230599720059,0.60964706629243,0.60964706629243,"plaq_d"
"11063","AC004494.1","Exc L6 CT",-0.0314221066676314,2.94748112142337,0.439888631008958,0.507615053787844,0.806848758684147,0.806848758684147,"plaq_d"
"11064","SLX4","Exc L6 CT",-0.0769783294433889,3.82181465324448,5.86490109748544,0.0159559525955723,0.149060281353575,0.149060281353575,"plaq_d"
"11065","DNASE1","Exc L6 CT",-0.0370940977776884,5.46127564839032,3.77952182732496,0.0526886331018958,0.282831432765583,0.282831432765583,"plaq_d"
"11066","TRAP1","Exc L6 CT",-0.0138512654881928,6.33251687864265,0.857996616350361,0.354941489571507,0.697956246943233,0.697956246943233,"plaq_d"
"11067","CREBBP","Exc L6 CT",0.0023390329716751,7.24577513610987,0.0427384562121924,0.84398252063315,0.970793189054499,0.970793189054499,"plaq_d"
"11068","ADCY9","Exc L6 CT",0.0158363239419793,7.38625753896206,1.45144619293852,0.229114249288437,0.571978474916569,0.571978474916569,"plaq_d"
"11069","TFAP4","Exc L6 CT",-0.0164804328844268,3.38805174522436,0.183421637532957,0.668713874527942,0.89428867758506,0.89428867758506,"plaq_d"
"11070","DNAJA3","Exc L6 CT",-0.0437335403649917,4.78960674276919,4.08370477105375,0.044063597106092,0.255988516521106,0.255988516521106,"plaq_d"
"11071","NMRAL1","Exc L6 CT",-0.0732545434923021,4.43633155141071,7.03237797739859,0.00837100779026018,0.104156463395493,0.104156463395493,"plaq_d"
"11072","HMOX2","Exc L6 CT",-0.0138752607857707,4.98201220220646,0.368345172970743,0.686221663551695,0.901190208765755,0.901190208765755,"plaq_d"
"11073","CDIP1","Exc L6 CT",0.0384651979676511,6.08963578150718,5.4261646244659,0.0204085784744644,0.17011844646699,0.17011844646699,"plaq_d"
"11074","C16orf96","Exc L6 CT",-0.141991432668127,1.81570546679007,2.47264581590745,0.116750963593538,0.417347564872973,0.417347564872973,"plaq_d"
"11075","UBALD1","Exc L6 CT",0.0222439242456317,4.12297965118746,0.567802004070556,0.451642876101925,0.772191311682104,0.772191311682104,"plaq_d"
"11076","MGRN1","Exc L6 CT",-0.00769315540484375,5.99753044630429,0.223622849621145,0.636589532708189,0.878315402804972,0.878315402804972,"plaq_d"
"11077","NUDT16L1","Exc L6 CT",0.0168254187420348,3.65762059181408,0.264153666784018,0.607606790156328,0.864253270535569,0.864253270535569,"plaq_d"
"11078","ANKS3","Exc L6 CT",-0.038040876302934,5.68960379262704,5.23813940601049,0.0226952826119176,0.179841891741064,0.179841891741064,"plaq_d"
"11079","ZNF500","Exc L6 CT",-0.0539762207685665,4.3384764889978,3.94748117773864,0.0477249420768705,0.26677913185849,0.26677913185849,"plaq_d"
"11080","ROGDI","Exc L6 CT",-0.00113341262598392,5.02690089899774,0.00266895350301161,0.958827707991658,0.998742420766286,0.998742420766286,"plaq_d"
"11081","GLYR1","Exc L6 CT",0.0133958785899255,6.22665930711264,0.841683600027046,0.559523106358882,0.837655432523135,0.837655432523135,"plaq_d"
"11082","UBN1","Exc L6 CT",0.00527703298290554,5.08712915579486,0.069279824447865,0.79254393745108,0.952137404952495,0.952137404952495,"plaq_d"
"11083","PPL","Exc L6 CT",0.0340033445763292,3.55386209224097,0.717358870347843,0.397593366407187,0.730350147096831,0.730350147096831,"plaq_d"
"11084","SEC14L5","Exc L6 CT",-0.0172817665017521,6.20928011883383,1.1008864801922,0.294799341796591,0.642338629408766,0.642338629408766,"plaq_d"
"11085","NAGPA-AS1","Exc L6 CT",-0.055405419705002,2.51436907363487,0.791199821247978,0.374351686151712,0.711074192208887,0.711074192208887,"plaq_d"
"11086","NAGPA","Exc L6 CT",-0.0428823634309868,5.95819640098792,5.50870517905197,0.0194817031425422,0.165072747757526,0.165072747757526,"plaq_d"
"11087","ALG1","Exc L6 CT",-0.0234206989609531,4.23126558018856,0.556767440811697,0.456069091324437,0.775408545347326,0.775408545347326,"plaq_d"
"11088","AC026458.2","Exc L6 CT",-0.0192310452673256,3.70406301695572,0.286283746878987,0.592953420797232,0.85669986409042,0.85669986409042,"plaq_d"
"11089","RBFOX1","Exc L6 CT",0.0347284020609201,12.346394964834,12.7829852023564,0.000399192203743909,0.0154483090459605,0.0154483090459605,"plaq_d"
"11090","METTL22","Exc L6 CT",-0.0373723293851459,4.34495517661777,2.20778085903214,0.138220901974425,0.452851184529774,0.452851184529774,"plaq_d"
"11091","ABAT","Exc L6 CT",0.00188001651571524,6.5865199019935,0.0182020624219477,0.917902170829781,0.991455556067342,0.991455556067342,"plaq_d"
"11092","TMEM186","Exc L6 CT",0.00982429422467779,2.35060263085486,0.0311874283482949,0.898164033693908,0.986539374335313,0.986539374335313,"plaq_d"
"11093","PMM2","Exc L6 CT",0.00024050320490609,5.14884570646033,0.000130969633542597,0.990875605698583,0.999571689696322,0.999571689696322,"plaq_d"
"11094","AC022167.2","Exc L6 CT",-0.112414091376849,2.21104389902858,2.78276475336143,0.0961825180730292,0.381718092810407,0.381718092810407,"plaq_d"
"11095","CARHSP1","Exc L6 CT",0.0372115276107007,4.41064851674437,1.59819988801326,0.207004100331954,0.542535943748561,0.542535943748561,"plaq_d"
"11096","USP7","Exc L6 CT",0.0192100842507222,5.73403252619294,1.54505400419758,0.214703435530375,0.552577397987932,0.552577397987932,"plaq_d"
"11097","C16orf72","Exc L6 CT",0.0475386546421744,5.35947063987492,7.02149517821514,0.00842100327971336,0.104554926213127,0.104554926213127,"plaq_d"
"11098","LINC02177","Exc L6 CT",-0.124209130000244,1.90442618631455,2.58336347417555,0.142182578031493,0.458512750302193,0.458512750302193,"plaq_d"
"11099","AC007221.2","Exc L6 CT",-0.1415038987049,2.41506884168249,4.04113515585124,0.0451747233020815,0.258891447713681,0.258891447713681,"plaq_d"
"11100","GRIN2A","Exc L6 CT",-0.00614860924828281,9.47408189372911,0.33157238534224,0.565106638017775,0.840497220640369,0.840497220640369,"plaq_d"
"11101","AC133565.1","Exc L6 CT",-0.0975885965236713,2.49132077622743,2.74810464610322,0.0982703988134978,0.384677721104138,0.384677721104138,"plaq_d"
"11102","ATF7IP2","Exc L6 CT",-0.0381589238516161,6.37090371407665,4.68820047569397,0.0310491235340893,0.212747825986078,0.212747825986078,"plaq_d"
"11103","TEKT5","Exc L6 CT",0.11278640556527,2.24582400996674,2.24450743723287,0.134995594604386,0.448086222867962,0.448086222867962,"plaq_d"
"11104","NUBP1","Exc L6 CT",-0.0842698711716534,3.72526656780857,5.62045933898004,0.0182959244099773,0.159822893086185,0.159822893086185,"plaq_d"
"11105","TVP23A","Exc L6 CT",-0.0227700886963921,5.9232053370913,2.06315007171133,0.151795780999585,0.472589114028985,0.472589114028985,"plaq_d"
"11106","DEXI","Exc L6 CT",0.0230847198595181,3.83190146590776,0.613353048386188,0.434060459202293,0.757698516826922,0.757698516826922,"plaq_d"
"11107","CLEC16A","Exc L6 CT",-0.0121526700782215,7.05462700237482,0.987873113797503,0.320952951208649,0.665577453990163,0.665577453990163,"plaq_d"
"11108","AC007014.1","Exc L6 CT",-0.0487999224501291,2.07602026135987,0.453574980800081,0.50108890424241,0.804289872390873,0.804289872390873,"plaq_d"
"11109","AC007220.1","Exc L6 CT",0.0738624078131702,3.01350655550804,2.433393028118,0.119683956811397,0.422529131617433,0.422529131617433,"plaq_d"
"11110","RMI2","Exc L6 CT",-0.105866247060408,2.15787630144427,2.24088055415889,0.13531031118915,0.448211895748617,0.448211895748617,"plaq_d"
"11111","SNN","Exc L6 CT",0.042016542511168,5.49153320931271,4.34411565144873,0.0378655440226401,0.235884306771222,0.235884306771222,"plaq_d"
"11112","TXNDC11","Exc L6 CT",0.00527204486044232,5.45086171663858,0.0806182231532403,0.838393645760658,0.968820749155593,0.968820749155593,"plaq_d"
"11113","ZC3H7A","Exc L6 CT",-0.0173020163623472,5.36266946542786,0.965915924746802,0.344143891528018,0.687958895922466,0.687958895922466,"plaq_d"
"11114","RSL1D1","Exc L6 CT",0.0534360784994137,4.6408580003725,4.58158211164365,0.0330116010256637,0.220526686016452,0.220526686016452,"plaq_d"
"11115","AC007216.4","Exc L6 CT",-0.0670475977853951,4.62537644243094,6.84492120984587,0.00927651943758821,0.110199218403543,0.110199218403543,"plaq_d"
"11116","GSPT1","Exc L6 CT",0.0220833682235806,6.05138300705697,2.18298276121622,0.207244598970653,0.54265064510395,0.54265064510395,"plaq_d"
"11117","NPIPB2","Exc L6 CT",0.00661203124568942,2.65437370619951,0.00855963965088869,0.926339442798759,0.993796915610818,0.993796915610818,"plaq_d"
"11118","SNX29","Exc L6 CT",-0.00905780082902604,6.82671816664903,0.416297517175934,0.519215219823279,0.813520059270345,0.813520059270345,"plaq_d"
"11119","AC010333.2","Exc L6 CT",-0.129391177380445,1.99905024322494,2.94923265329275,0.110009978578475,0.407750682702299,0.407750682702299,"plaq_d"
"11120","CPPED1","Exc L6 CT",-0.0427080751750203,4.75287531761571,2.91942292837879,0.0884102943516509,0.364164405575498,0.364164405575498,"plaq_d"
"11121","AC109597.1","Exc L6 CT",-0.196854828412518,1.48182399687987,3.55570563469745,0.060173313758325,0.302357774821936,0.302357774821936,"plaq_d"
"11122","SHISA9","Exc L6 CT",0.00640126587920528,9.18777858862659,0.215067648585443,0.643113869853437,0.881203285741464,0.881203285741464,"plaq_d"
"11123","U91319.1","Exc L6 CT",-0.00194005528107233,7.31589687338694,0.0103764872956812,0.918922430403792,0.991729246317899,0.991729246317899,"plaq_d"
"11124","U95743.1","Exc L6 CT",-0.157362235109745,2.47426520845465,5.4732271036242,0.0198746195310165,0.167416631227919,0.167416631227919,"plaq_d"
"11125","ERCC4","Exc L6 CT",-0.0402370452118531,4.57387704084327,2.61358967554511,0.10685726868406,0.400812204266734,0.400812204266734,"plaq_d"
"11126","MKL2","Exc L6 CT",0.0354963076922575,8.81511949747796,11.3304491467397,0.000847574122909009,0.0252487899329116,0.0252487899329116,"plaq_d"
"11127","AC130650.1","Exc L6 CT",-0.0173925531322908,3.82528670664785,0.16677375056501,0.683246162019715,0.899662649632837,0.899662649632837,"plaq_d"
"11128","MIR193BHG","Exc L6 CT",-0.0359202856535601,4.25417155161979,1.24357712010284,0.265551830642148,0.612523248979044,0.612523248979044,"plaq_d"
"11129","AC040173.1","Exc L6 CT",0.00948773352309536,2.34507349188208,0.0264945355635687,0.870792833521427,0.979293307661469,0.979293307661469,"plaq_d"
"11130","PARN","Exc L6 CT",-0.0516754323960109,6.151488394876,10.7666946732812,0.00113798694994192,0.0300595598740622,0.0300595598740622,"plaq_d"
"11131","BFAR","Exc L6 CT",-0.0172925435333271,4.44366428218204,0.532228276857663,0.466162017646936,0.780787481797009,0.780787481797009,"plaq_d"
"11132","NPIPA2","Exc L6 CT",-0.0531033759325142,2.00112482677878,0.345338420903607,0.557144771769502,0.836356218393509,0.836356218393509,"plaq_d"
"11133","NOMO1","Exc L6 CT",0.0286975251998431,4.03971805401373,0.78508275614502,0.376202660784737,0.712982293925364,0.712982293925364,"plaq_d"
"11134","NPIPA1","Exc L6 CT",0.0557861479555669,5.24997334405451,2.4037640358425,0.121952093020796,0.426417382518949,0.426417382518949,"plaq_d"
"11135","PDXDC1","Exc L6 CT",-0.0317698095639896,7.00332524156419,2.94978210319701,0.0867782609344586,0.361057758500713,0.361057758500713,"plaq_d"
"11136","NTAN1","Exc L6 CT",-0.00053594802888284,4.27797389696547,0.000413890349974808,0.98378037338543,0.999571689696322,0.999571689696322,"plaq_d"
"11137","RRN3","Exc L6 CT",-0.00475469598645968,4.81985401259162,0.0541258427098927,0.835738829729403,0.968148824708539,0.968148824708539,"plaq_d"
"11138","NPIPA5","Exc L6 CT",-0.00860776000016903,3.48973502109302,0.0196329602949128,0.888648038710278,0.984859409526221,0.984859409526221,"plaq_d"
"11139","C16orf45","Exc L6 CT",0.0140440087688008,7.05741949266269,1.34577427422803,0.246813030870958,0.593076346589603,0.593076346589603,"plaq_d"
"11140","MARF1","Exc L6 CT",0.0362590082954396,5.61817782721389,5.03978012783417,0.0253988608007846,0.190438541712549,0.190438541712549,"plaq_d"
"11141","FOPNL","Exc L6 CT",-0.016895989691515,4.64908460434484,0.60972369501018,0.435422399116761,0.758584282833159,0.758584282833159,"plaq_d"
"11142","ABCC1","Exc L6 CT",-0.0339086191500219,5.86195967551714,3.62226636446061,0.0578356073802686,0.296933453582862,0.296933453582862,"plaq_d"
"11143","NOMO3","Exc L6 CT",-0.039861227821036,2.44338566582058,0.406164032904341,0.524341755369771,0.817207495258297,0.817207495258297,"plaq_d"
"11144","AC138969.1","Exc L6 CT",-0.0428980882100739,2.16051284531886,0.334779158065799,0.563232463535699,0.839802645785595,0.839802645785595,"plaq_d"
"11145","XYLT1","Exc L6 CT",-0.03669013282369,7.27440261202374,4.48898439777054,0.0348216125042792,0.225784913699555,0.225784913699555,"plaq_d"
"11146","NPIPA8","Exc L6 CT",0.103071525213309,4.00201065266224,1.70315756072796,0.192737322416849,0.526498385865835,0.526498385865835,"plaq_d"
"11147","NOMO2","Exc L6 CT",-0.0421102749809418,3.48268067316678,1.26558834790417,0.261370811269527,0.608240061443012,0.608240061443012,"plaq_d"
"11148","RPS15A","Exc L6 CT",-0.00923044887207171,3.72621707424882,0.0513564344474471,0.820852545487849,0.963631282552026,0.963631282552026,"plaq_d"
"11149","SMG1","Exc L6 CT",0.0132267276988632,7.065841859172,1.33490612121312,0.304791073534816,0.650425777439552,0.650425777439552,"plaq_d"
"11150","TMC7","Exc L6 CT",-0.09001394478224,3.12979136336622,4.10484112125741,0.0435226795591819,0.254091792062407,0.254091792062407,"plaq_d"
"11151","COQ7","Exc L6 CT",-0.0893475869891593,3.63149327962508,7.05661675644533,0.00826074899157039,0.103238749413927,0.103238749413927,"plaq_d"
"11152","SYT17","Exc L6 CT",0.0088170959095071,2.34723784777384,0.010293204362533,0.919247332529882,0.991729246317899,0.991729246317899,"plaq_d"
"11153","TMC5","Exc L6 CT",-0.0690904577137521,2.31948432817812,0.9294629783261,0.335671580445265,0.680513740612595,0.680513740612595,"plaq_d"
"11154","GDE1","Exc L6 CT",0.056898237791495,4.19971190299677,5.07317580896131,0.0305507161270023,0.210535236651185,0.210535236651185,"plaq_d"
"11155","CCP110","Exc L6 CT",0.0274977784037394,5.62948543270042,2.7644603153638,0.0972790363792157,0.383465277145408,0.383465277145408,"plaq_d"
"11156","VPS35L","Exc L6 CT",0.00570062798114019,6.63834006810727,0.231004745584337,0.874671553296268,0.980574668679886,0.980574668679886,"plaq_d"
"11157","KNOP1","Exc L6 CT",-0.0138077434157639,4.3443633293723,0.123006510678743,0.726008377624597,0.920847277910458,0.920847277910458,"plaq_d"
"11158","IQCK","Exc L6 CT",-0.079640293595235,5.30579591291013,13.7576722428692,0.00024195186778594,0.0111644922696965,0.0111644922696965,"plaq_d"
"11159","ACSM3","Exc L6 CT",-0.0273131900422746,2.40477227366296,0.181369426474847,0.691790639161049,0.904627965276892,0.904627965276892,"plaq_d"
"11160","THUMPD1","Exc L6 CT",0.0113034464260767,5.19997848048811,0.354486538315553,0.551971091249911,0.832733258125352,0.832733258125352,"plaq_d"
"11161","ERI2","Exc L6 CT",-0.105407163572993,3.71393618640957,8.18986566287366,0.00446715555152644,0.07266573030483,0.07266573030483,"plaq_d"
"11162","REXO5","Exc L6 CT",-0.0054889029279121,2.58662353688721,0.00810315489225188,0.928325045147522,0.994167628886557,0.994167628886557,"plaq_d"
"11163","LYRM1","Exc L6 CT",-0.0192981668182829,3.95626280684462,0.424692291873942,0.515034819418393,0.811462970263719,0.811462970263719,"plaq_d"
"11164","DNAH3","Exc L6 CT",-0.0492179695799223,2.29983175233974,0.675960861998656,0.411543702614339,0.742825388985407,0.742825388985407,"plaq_d"
"11165","TMEM159","Exc L6 CT",-0.00718741839144866,2.80588182547525,0.0205812255671896,0.88600863731502,0.984501043664535,0.984501043664535,"plaq_d"
"11166","CRYM","Exc L6 CT",0.0101277921427188,6.51507159094415,0.26217205652138,0.608956428955273,0.865385098065202,0.865385098065202,"plaq_d"
"11167","NPIPB3","Exc L6 CT",-0.0332964552530163,2.58959197448074,0.249796639868392,0.617533989089961,0.870290681051305,0.870290681051305,"plaq_d"
"11168","METTL9","Exc L6 CT",0.0379819579379814,5.98813247291203,5.70236224153071,0.01747462114483,0.156005098370756,0.156005098370756,"plaq_d"
"11169","OTOA","Exc L6 CT",0.00859475880671014,3.64221120020028,0.0477337942041712,0.827182628164969,0.96461086391761,0.96461086391761,"plaq_d"
"11170","NPIPB4","Exc L6 CT",0.0469231136794509,4.45782731887657,2.42561637412248,0.120274694484428,0.423446931229596,0.423446931229596,"plaq_d"
"11171","AC092119.2","Exc L6 CT",-0.043616840935082,2.08190638392936,0.37129524438954,0.542696472711195,0.828340294560607,0.828340294560607,"plaq_d"
"11172","UQCRC2","Exc L6 CT",0.0279805443741869,6.33627528685536,3.74596475128972,0.0537445233815841,0.285373974489064,0.285373974489064,"plaq_d"
"11173","PDZD9","Exc L6 CT",0.0929657990991593,2.09103467748591,1.97973381689744,0.160310408534133,0.484332932993363,0.484332932993363,"plaq_d"
"11174","MOSMO","Exc L6 CT",0.0285559173680292,7.78461122673501,5.47447155343036,0.0198606989611433,0.16739731981535,0.16739731981535,"plaq_d"
"11175","VWA3A","Exc L6 CT",-0.0167234056664229,7.17568391419057,0.480098844838481,0.488839421516164,0.795464351314598,0.795464351314598,"plaq_d"
"11176","SDR42E2","Exc L6 CT",-0.0174893825435029,2.74494959237739,0.103038340122135,0.748406106045494,0.932899324844656,0.932899324844656,"plaq_d"
"11177","EEF2K","Exc L6 CT",-0.00136642154137536,5.84890271652426,0.00518412640707246,0.942642547832565,0.997507548890635,0.997507548890635,"plaq_d"
"11178","POLR3E","Exc L6 CT",0.0152089714762523,4.16554822932396,0.268577227219905,0.604616927013784,0.862813766979622,0.862813766979622,"plaq_d"
"11179","CDR2","Exc L6 CT",0.013747612569367,7.59504219094999,0.694599296503164,0.405175711320186,0.73736426255893,0.73736426255893,"plaq_d"
"11180","AC092338.2","Exc L6 CT",-0.0662428226801677,2.80014287796844,1.62926533199661,0.202655367680398,0.538440678426179,0.538440678426179,"plaq_d"
"11181","NPIPB5","Exc L6 CT",0.0520590188448569,6.01948832412047,6.18494825400173,0.0133519097562915,0.1352667789244,0.1352667789244,"plaq_d"
"11182","AC130466.1","Exc L6 CT",0.0223652199595968,2.35706099745502,0.13533941067092,0.713182474264642,0.914163912342069,0.914163912342069,"plaq_d"
"11183","HS3ST2","Exc L6 CT",0.0248927555469257,7.85174742097783,0.979187816145866,0.323086530477049,0.667597774185101,0.667597774185101,"plaq_d"
"11184","USP31","Exc L6 CT",0.0320221993485466,6.70354426698907,4.61327808007159,0.0324149541060426,0.217967337536888,0.217967337536888,"plaq_d"
"11185","COG7","Exc L6 CT",-0.00565032642283891,5.90151984460967,0.122209377409127,0.726861821103926,0.92111820216656,0.92111820216656,"plaq_d"
"11186","GGA2","Exc L6 CT",-0.0206376941946219,6.63509304265009,2.81542041490898,0.0942597169537438,0.377811772463347,0.377811772463347,"plaq_d"
"11187","EARS2","Exc L6 CT",-0.0506196908241053,4.17288830529252,3.00826619992079,0.0837258377712486,0.354797227001267,0.354797227001267,"plaq_d"
"11188","UBFD1","Exc L6 CT",0.0316146337491997,4.49836050840194,1.79653769626308,0.181005532865215,0.511131452683047,0.511131452683047,"plaq_d"
"11189","NDUFAB1","Exc L6 CT",-0.06093464955879,4.12002909347649,4.39158172517471,0.0368384969579932,0.232701624487613,0.232701624487613,"plaq_d"
"11190","PALB2","Exc L6 CT",-0.0309533963507684,3.88747404300276,1.04402280310225,0.335792051776307,0.68056629274556,0.68056629274556,"plaq_d"
"11191","DCTN5","Exc L6 CT",0.0277784026657233,6.22687469228449,3.34177929848616,0.0683970317900612,0.320626398453182,0.320626398453182,"plaq_d"
"11192","PLK1","Exc L6 CT",0.0534737327817703,2.80449865722752,1.39046016875735,0.239132495469715,0.584143268729722,0.584143268729722,"plaq_d"
"11193","PRKCB","Exc L6 CT",0.0205129540964407,10.1369543932004,4.54948634513744,0.0336275275163283,0.222184745140151,0.222184745140151,"plaq_d"
"11194","CACNG3","Exc L6 CT",-0.0360820238036409,7.61380303822061,4.94555838273399,0.0267987911986867,0.196562060643507,0.196562060643507,"plaq_d"
"11195","RBBP6","Exc L6 CT",-0.019645757595188,6.44561763347098,1.83757015489836,0.176114593607403,0.505048942145852,0.505048942145852,"plaq_d"
"11196","TNRC6A","Exc L6 CT",-0.0037956238502273,9.75708837385037,0.217649552533582,0.641128453828011,0.880644525728282,0.880644525728282,"plaq_d"
"11197","LINC01567","Exc L6 CT",-0.0314127449604906,2.91366723248771,0.390675734178739,0.532353809686089,0.821173953738783,0.821173953738783,"plaq_d"
"11198","AC008731.1","Exc L6 CT",-0.0251807386668346,3.55314962258725,0.385982634002523,0.534825198019033,0.822755241577473,0.822755241577473,"plaq_d"
"11199","ARHGAP17","Exc L6 CT",0.00979918530264015,5.67308602210515,0.336822389160452,0.943391586423033,0.997507548890635,0.997507548890635,"plaq_d"
"11200","LCMT1","Exc L6 CT",-0.015090664567772,6.15890093298741,1.12254749205741,0.290104974595104,0.636930183661905,0.636930183661905,"plaq_d"
"11201","ZKSCAN2","Exc L6 CT",-0.00178434042405792,3.47385619870429,0.00251455600972475,0.960035314375802,0.998742420766286,0.998742420766286,"plaq_d"
"11202","AC008741.2","Exc L6 CT",-0.055505061353775,3.41225370387667,2.36798504479724,0.124755035665549,0.43131411882742,0.43131411882742,"plaq_d"
"11203","HS3ST4","Exc L6 CT",-0.00562520991664195,11.5176083330322,0.373165502953328,0.541682381999776,0.827858125992169,0.827858125992169,"plaq_d"
"11204","AC009158.1","Exc L6 CT",0.114802952797679,2.70322911100263,3.63227353628865,0.057492608464515,0.295594139805414,0.295594139805414,"plaq_d"
"11205","KDM8","Exc L6 CT",-0.0985262854663474,3.22176637431097,5.89032287164074,0.0157310895738437,0.148267969573565,0.148267969573565,"plaq_d"
"11206","NSMCE1","Exc L6 CT",-0.036325839241598,3.57729039952335,1.10164163109962,0.294634053730651,0.642338629408766,0.642338629408766,"plaq_d"
"11207","AC106739.1","Exc L6 CT",-0.120016999265627,2.77377767228772,5.00916572433865,0.0258451544021902,0.191885942637406,0.191885942637406,"plaq_d"
"11208","IL4R","Exc L6 CT",-0.11597449410875,4.40621514181947,9.35192574175551,0.00239997027515157,0.0494186447637248,0.0494186447637248,"plaq_d"
"11209","GTF3C1","Exc L6 CT",0.0500388272367979,5.96424930789908,11.7617437266972,0.00067716306832808,0.0219947847235621,0.0219947847235621,"plaq_d"
"11210","KIAA0556","Exc L6 CT",-0.0178714513179643,5.8918944928678,1.23837198969027,0.266552709034118,0.613770441339598,0.613770441339598,"plaq_d"
"11211","GSG1L","Exc L6 CT",-0.0180741635135251,5.22712484602411,0.304507550250655,0.581424270211624,0.851041833586362,0.851041833586362,"plaq_d"
"11212","XPO6","Exc L6 CT",0.025376364228539,6.30143191186944,2.8336854822375,0.0932025979683683,0.375522661727656,0.375522661727656,"plaq_d"
"11213","AC138904.3","Exc L6 CT",-0.0374722760531735,3.54130951452277,0.550336041780216,0.458680504349576,0.775898728996668,0.775898728996668,"plaq_d"
"11214","SBK1","Exc L6 CT",0.0111972778745805,4.11762066741387,0.122905923064649,0.726115899285465,0.92090251837843,0.92090251837843,"plaq_d"
"11215","NPIPB6","Exc L6 CT",0.00764567887661077,2.14179429775382,0.0115562408903761,0.914454272521023,0.990332032439077,0.990332032439077,"plaq_d"
"11216","AC138894.1","Exc L6 CT",0.00885527882122212,2.40286962763801,0.0220881249488954,0.88193893847631,0.983480769739443,0.983480769739443,"plaq_d"
"11217","SGF29","Exc L6 CT",-0.0874626692443442,3.82023226994711,6.25465980516781,0.0128454930526644,0.132255806129137,0.132255806129137,"plaq_d"
"11218","SULT1A2","Exc L6 CT",-0.00118618225640569,3.22610399310589,0.000640711007637138,0.979820387111395,0.999396584092899,0.999396584092899,"plaq_d"
"11219","SULT1A1","Exc L6 CT",-0.013468194733802,6.114725396122,0.68954095204911,0.406889548807941,0.739127059260457,0.739127059260457,"plaq_d"
"11220","ATXN2L","Exc L6 CT",0.0547846446183439,5.44120817752312,7.49220440715798,0.00651470905574811,0.0904566204862288,0.0904566204862288,"plaq_d"
"11221","TUFM","Exc L6 CT",-0.00557224807166055,4.39264201634578,0.0503130506558295,0.822650995703032,0.963694415288182,0.963694415288182,"plaq_d"
"11222","SH2B1","Exc L6 CT",-0.0103549548120598,5.68181813322834,0.424290127818426,0.515233740883001,0.811462970263719,0.811462970263719,"plaq_d"
"11223","AC133550.2","Exc L6 CT",-0.111355895036593,3.13938717570607,6.9602977619109,0.00870791947887184,0.10576327498658,0.10576327498658,"plaq_d"
"11224","ATP2A1","Exc L6 CT",-0.020702523554116,1.85277897966471,0.0682651522101715,0.79403413754822,0.953000771778707,0.953000771778707,"plaq_d"
"11225","RABEP2","Exc L6 CT",-0.0192706348220325,3.54137438466021,0.290142104660291,0.607836874654684,0.86449512423719,0.86449512423719,"plaq_d"
"11226","NFATC2IP","Exc L6 CT",-0.0144092751455467,5.64693116741523,0.766014553074419,0.382056132191048,0.717788377723222,0.717788377723222,"plaq_d"
"11227","AC109460.2","Exc L6 CT",0.00277630595365758,2.06453310833686,0.00220165751969844,0.962602434474027,0.998742420766286,0.998742420766286,"plaq_d"
"11228","SPNS1","Exc L6 CT",-0.0668123955314316,4.16882017588278,5.63947740590246,0.0181017119151106,0.158704168532237,0.158704168532237,"plaq_d"
"11229","LAT","Exc L6 CT",-0.0854078605801007,2.99143087864787,3.43522905730844,0.0646654324813329,0.312118000639139,0.312118000639139,"plaq_d"
"11230","AC009093.2","Exc L6 CT",-0.0423591105381339,4.06121694296843,0.768601247624321,0.381254554987929,0.717268762886334,0.717268762886334,"plaq_d"
"11231","NPIPB11","Exc L6 CT",0.0856034065178072,2.84489927769986,3.18861341824155,0.075023072056854,0.336353829128144,0.336353829128144,"plaq_d"
"11232","NPIPB12","Exc L6 CT",-0.0397245010098357,2.10520535866735,0.283084520031109,0.595025914206931,0.858305951323258,0.858305951323258,"plaq_d"
"11233","KIF22","Exc L6 CT",-0.0797558678728158,3.48723310376374,4.80007582981328,0.0291207965348887,0.20449901800793,0.20449901800793,"plaq_d"
"11234","MAZ","Exc L6 CT",0.0178528156072086,4.56773811372046,0.53500832339361,0.524355001389188,0.817207495258297,0.817207495258297,"plaq_d"
"11235","MVP","Exc L6 CT",-0.0186235942672546,3.22971836565868,0.181096565657919,0.670695457139981,0.894840760054418,0.894840760054418,"plaq_d"
"11236","CDIPT","Exc L6 CT",0.0332277430168116,4.79652172777,2.33055070892972,0.127764805568143,0.435778088233023,0.435778088233023,"plaq_d"
"11237","SEZ6L2","Exc L6 CT",0.00347372631460819,6.72050100093336,0.0424873829204302,0.836813989363725,0.96831893509302,0.96831893509302,"plaq_d"
"11238","ASPHD1","Exc L6 CT",-0.0158968941298768,5.16532544383818,0.732766023680731,0.392576762523186,0.726045101912099,0.726045101912099,"plaq_d"
"11239","KCTD13","Exc L6 CT",0.0364990585983298,4.67448423487277,2.47616736512214,0.116491755511631,0.417108541331427,0.417108541331427,"plaq_d"
"11240","TMEM219","Exc L6 CT",0.00975229116820428,3.87675691914907,0.101438352192102,0.920256352722641,0.991792773539161,0.991792773539161,"plaq_d"
"11241","TAOK2","Exc L6 CT",0.0519516554480625,4.11076972352184,3.38324425125361,0.066713513489296,0.316752905886625,0.316752905886625,"plaq_d"
"11242","HIRIP3","Exc L6 CT",-0.0373644250319588,2.87353274407683,0.702058698156539,0.402667574021779,0.735168344402984,0.735168344402984,"plaq_d"
"11243","INO80E","Exc L6 CT",-0.0129696122952976,3.78493182732749,0.136746849294486,0.711761551226921,0.913318414427557,0.913318414427557,"plaq_d"
"11244","DOC2A","Exc L6 CT",0.0184045180774802,5.50708688080667,0.881458935118305,0.348453197427517,0.692098817627834,0.692098817627834,"plaq_d"
"11245","FAM57B","Exc L6 CT",0.0229069978035735,4.13177605972983,0.706221321650241,0.401277780449811,0.73389913789965,0.73389913789965,"plaq_d"
"11246","PPP4C","Exc L6 CT",0.0129165825493424,3.69193164323436,0.149826290155152,0.724411625008494,0.919875606740962,0.919875606740962,"plaq_d"
"11247","YPEL3","Exc L6 CT",0.0672741477293292,6.35656288309936,15.8492954941999,8.35149738355893e-05,0.00575254336524949,0.00575254336524949,"plaq_d"
"11248","AC012645.1","Exc L6 CT",-0.0530574711896133,2.20366628437942,0.65947267722642,0.424872871707616,0.751434144505804,0.751434144505804,"plaq_d"
"11249","MAPK3","Exc L6 CT",0.0675486866561754,4.21414147180231,4.22984550822382,0.0404637366741162,0.244036846736731,0.244036846736731,"plaq_d"
"11250","CORO1A","Exc L6 CT",-0.0399250049736948,3.14446885019752,0.993448150250675,0.359234636562174,0.701052417095111,0.701052417095111,"plaq_d"
"11251","NPIPB13","Exc L6 CT",0.0104126865833951,4.22781676620118,0.105240981416403,0.745823457740422,0.9313232179284,0.9313232179284,"plaq_d"
"11252","CD2BP2","Exc L6 CT",0.0628285859032819,3.9896442265796,4.52844818127425,0.0340377910764154,0.223792982569623,0.223792982569623,"plaq_d"
"11253","TBC1D10B","Exc L6 CT",-0.0185469348808397,4.37558267191899,0.544298952136349,0.461153437614025,0.776394701225957,0.776394701225957,"plaq_d"
"11254","MYLPF","Exc L6 CT",0.152861699152093,1.99689866670794,3.99414111534103,0.0464358445524416,0.26360032262498,0.26360032262498,"plaq_d"
"11255","ZNF48","Exc L6 CT",-0.0584896153185253,3.50388903830775,2.70747121490451,0.100781558537989,0.389881992198646,0.389881992198646,"plaq_d"
"11256","SEPT1","Exc L6 CT",-0.0908468957225212,3.70092859767597,6.59709073158045,0.0106308147457357,0.119470108571125,0.119470108571125,"plaq_d"
"11257","ZNF771","Exc L6 CT",-0.0100149473663274,4.34713868697796,0.134949442386471,0.793699736711854,0.953000771778707,0.953000771778707,"plaq_d"
"11258","DCTPP1","Exc L6 CT",0.00363480940636033,2.44973573444895,0.00386121223612569,0.999354998588819,0.999906738276838,0.999906738276838,"plaq_d"
"11259","SEPHS2","Exc L6 CT",0.0254945780420081,3.23466639448112,0.359366013136651,0.549248408843747,0.831577064555297,0.831577064555297,"plaq_d"
"11260","ITGAL","Exc L6 CT",-0.248453468460968,2.18682726538087,12.8638455248226,0.000382899542430467,0.015143466518761,0.015143466518761,"plaq_d"
"11261","ZNF768","Exc L6 CT",-0.0817908107782994,2.83354935224154,2.72152703731848,0.0999050320703769,0.388187001804358,0.388187001804358,"plaq_d"
"11262","AC002310.4","Exc L6 CT",0.0268452351742617,2.91135923696846,0.368483770078185,0.548768510936505,0.831236477634883,0.831236477634883,"plaq_d"
"11263","ZNF688","Exc L6 CT",0.022770764364111,3.31459616913652,0.425368600465571,0.51470060100419,0.811302951062775,0.811302951062775,"plaq_d"
"11264","ZNF785","Exc L6 CT",0.021623288226526,4.90416349960985,0.84546388604869,0.358475295340086,0.700718774124955,0.700718774124955,"plaq_d"
"11265","AC093249.2","Exc L6 CT",-0.0159176230949107,3.3556147084822,0.179119468481572,0.846875664573029,0.971364821464102,0.971364821464102,"plaq_d"
"11266","ZNF689","Exc L6 CT",0.00467171322159072,2.64414110701769,0.00730398378439944,0.931942152469731,0.994600054743553,0.994600054743553,"plaq_d"
"11267","PRR14","Exc L6 CT",-0.0241654564906204,3.67254086853892,0.518074741419723,0.506866662389074,0.806371142861434,0.806371142861434,"plaq_d"
"11268","FBRS","Exc L6 CT",0.0308417550449628,3.86661569401728,1.04670511743919,0.306977408534977,0.652689915835421,0.652689915835421,"plaq_d"
"11269","PHKG2","Exc L6 CT",0.00192291353000228,3.98645120900299,0.00492249552235052,0.984879434732569,0.999571689696322,0.999571689696322,"plaq_d"
"11270","CCDC189","Exc L6 CT",-0.0692108328905334,2.6311816732665,1.43534563884303,0.231708852437901,0.575988412610338,0.575988412610338,"plaq_d"
"11271","RNF40","Exc L6 CT",0.0268327994670491,4.36977973262367,1.2660237895413,0.261288929208854,0.608240061443012,0.608240061443012,"plaq_d"
"11272","ZNF629","Exc L6 CT",0.0216606360844969,2.77114999984695,0.204147327592624,0.651675178165925,0.885326817605571,0.885326817605571,"plaq_d"
"11273","BCL7C","Exc L6 CT",-0.00557128664881029,5.28566017857286,0.0406246418223765,0.840381889676046,0.969479740666428,0.969479740666428,"plaq_d"
"11274","MIR762HG","Exc L6 CT",-0.0273523364986865,3.26404602469069,0.502095361235773,0.479054991261155,0.789344129491849,0.789344129491849,"plaq_d"
"11275","FBXL19","Exc L6 CT",0.0134840256853317,4.44586695829513,0.302010890972543,0.733753352034855,0.925533449215261,0.925533449215261,"plaq_d"
"11276","SETD1A","Exc L6 CT",-0.0288674329789197,3.77065862071869,0.780397328614863,0.377629164353923,0.714087672407602,0.714087672407602,"plaq_d"
"11277","STX1B","Exc L6 CT",0.0146451083071039,6.33602058825517,0.983533146921159,0.322016746217962,0.666822939953076,0.666822939953076,"plaq_d"
"11278","STX4","Exc L6 CT",-0.00396719886485395,3.2853965647369,0.00964254484838072,0.928238023494003,0.994167628886557,0.994167628886557,"plaq_d"
"11279","AC135050.3","Exc L6 CT",-0.0799700788219411,3.14864217318712,3.43956431284007,0.0644977050214825,0.312060743297684,0.312060743297684,"plaq_d"
"11280","ZNF668","Exc L6 CT",0.0547538617257546,3.11903671243204,1.72013075755987,0.190540341722647,0.523798488612588,0.523798488612588,"plaq_d"
"11281","ZNF646","Exc L6 CT",-0.0286481740754324,2.60470141719645,0.328734655625223,0.639874371204064,0.879980077173644,0.879980077173644,"plaq_d"
"11282","AC135050.2","Exc L6 CT",-0.0704303736882356,2.74139554175111,1.85141883511176,0.174498548410512,0.502555683034802,0.502555683034802,"plaq_d"
"11283","BCKDK","Exc L6 CT",-0.0694749429757249,2.85134092462853,2.06433727381157,0.15167837280887,0.472427921885872,0.472427921885872,"plaq_d"
"11284","KAT8","Exc L6 CT",-0.00765531249412079,5.18213891259908,0.142693488383308,0.705848026105552,0.910657612339148,0.910657612339148,"plaq_d"
"11285","FUS","Exc L6 CT",-0.0410888400598039,6.53273730168132,9.51698493075357,0.00219868167606331,0.0466846923430788,0.0466846923430788,"plaq_d"
"11286","AC026471.4","Exc L6 CT",-0.041214536905709,3.69288082252648,1.47230796293681,0.225804359126656,0.566728860360801,0.566728860360801,"plaq_d"
"11287","ARMC5","Exc L6 CT",0.0184379118869405,3.06335948056273,0.186068295042045,0.666476228196722,0.893478550445554,0.893478550445554,"plaq_d"
"11288","C16orf58","Exc L6 CT",0.0107144573735861,4.66011807265926,0.223892860726794,0.636386119822359,0.878269581788608,0.878269581788608,"plaq_d"
"11289","ZNF720","Exc L6 CT",0.0346716200249587,4.97164921074776,2.27557079471368,0.132333526696226,0.44419797042942,0.44419797042942,"plaq_d"
"11290","ZNF267","Exc L6 CT",0.0744455606802002,2.53732663870182,1.8550943880631,0.174072520300734,0.502193988426728,0.502193988426728,"plaq_d"
"11291","AC145350.2","Exc L6 CT",0.0127862256908801,2.0608724792272,0.0194418472682445,0.88918780017022,0.984885804024413,0.984885804024413,"plaq_d"
"11292","AC136944.1","Exc L6 CT",0.0138181269205663,2.5198402783063,0.0642792383896256,0.800005604784638,0.955282074193733,0.955282074193733,"plaq_d"
"11293","SHCBP1","Exc L6 CT",-0.0858286325931358,1.72598751487856,0.712833591402456,0.399084425364205,0.731875081215681,0.731875081215681,"plaq_d"
"11294","VPS35","Exc L6 CT",0.0166598608167583,5.88816772040345,1.18328374750043,0.278904120196604,0.626283530549105,0.626283530549105,"plaq_d"
"11295","ORC6","Exc L6 CT",-0.0186130833357129,2.8530643320286,0.132022530594264,0.716564649785701,0.91548320006345,0.91548320006345,"plaq_d"
"11296","C16orf87","Exc L6 CT",0.0265638968446855,4.96090031374151,1.48968756236164,0.223090847631172,0.562703844979824,0.562703844979824,"plaq_d"
"11297","GPT2","Exc L6 CT",-0.0127501016835757,4.43602776048566,0.252892436155022,0.61536367508257,0.869428223272997,0.869428223272997,"plaq_d"
"11298","DNAJA2","Exc L6 CT",0.0623896056958838,4.37945194119754,6.46957147979755,0.011405490123789,0.124282085428766,0.124282085428766,"plaq_d"
"11299","AC018845.1","Exc L6 CT",-0.094730733231327,1.41560384868186,0.73719019993232,0.391153102955902,0.72508958923308,0.72508958923308,"plaq_d"
"11300","NETO2","Exc L6 CT",0.024961748270797,7.25101073403068,2.16366617154919,0.142210296617067,0.458512750302193,0.458512750302193,"plaq_d"
"11301","ITFG1-AS1","Exc L6 CT",-0.0668651227541783,2.01571620486264,0.826125541101167,0.364023942564562,0.704785101511474,0.704785101511474,"plaq_d"
"11302","ITFG1","Exc L6 CT",0.0155643719353731,8.51513358371526,2.5675179422949,0.10998549969592,0.407750682702299,0.407750682702299,"plaq_d"
"11303","AC007533.1","Exc L6 CT",-0.0113013743159322,1.81091548576959,0.00479846405035302,0.944813714998223,0.997609533382524,0.997609533382524,"plaq_d"
"11304","PHKB","Exc L6 CT",0.0483626004428865,7.6092837312334,14.9330798521157,0.000132856269141099,0.00758967797839388,0.00758967797839388,"plaq_d"
"11305","LINC02133","Exc L6 CT",-0.0788483262703323,2.50792562566092,1.26758161156509,0.260996251572116,0.607981400145611,0.607981400145611,"plaq_d"
"11306","LINC02192","Exc L6 CT",0.0882733659414544,2.24068241444782,1.21809445592523,0.270497089256404,0.618110489548646,0.618110489548646,"plaq_d"
"11307","ABCC12","Exc L6 CT",-0.0758882720945952,2.94591492455907,2.35604166969144,0.125706614499683,0.432728938865958,0.432728938865958,"plaq_d"
"11308","LONP2","Exc L6 CT",0.0278008904407832,7.65832768017852,8.64060542677689,0.00350702321485497,0.0629515039913368,0.0629515039913368,"plaq_d"
"11309","SIAH1","Exc L6 CT",0.0231558065119674,4.4429807650501,0.910173441113562,0.598029383893855,0.859003695660694,0.859003695660694,"plaq_d"
"11310","N4BP1","Exc L6 CT",-0.0217050821048244,6.20338788249522,2.39533894458346,0.122605747850337,0.427679269700377,0.427679269700377,"plaq_d"
"11311","AC007611.1","Exc L6 CT",-0.0732404876181565,3.26522821871965,1.86762943551969,0.172628610391143,0.499888395821344,0.499888395821344,"plaq_d"
"11312","CBLN1","Exc L6 CT",0.0383520439678242,1.80184656872007,0.164232559421905,0.685538099799598,0.900774195488207,0.900774195488207,"plaq_d"
"11313","AC007614.1","Exc L6 CT",0.0316610243756786,3.99672313950277,0.360447122324058,0.548648567508348,0.831229717727866,0.831229717727866,"plaq_d"
"11314","ZNF423","Exc L6 CT",-0.0427624494306833,2.00349093063255,0.215019440229336,0.643151078305471,0.881203285741464,0.881203285741464,"plaq_d"
"11315","CNEP1R1","Exc L6 CT",0.00913712686975162,4.00734252679978,0.0940987030069666,0.856257943667712,0.975107136969453,0.975107136969453,"plaq_d"
"11316","HEATR3","Exc L6 CT",0.0236912718726654,4.91400931790839,0.995611612532046,0.319067603040337,0.663856480676132,0.663856480676132,"plaq_d"
"11317","TENT4B","Exc L6 CT",0.018204524783858,6.22665608236645,1.22107844506049,0.396599874899753,0.729269612856923,0.729269612856923,"plaq_d"
"11318","ADCY7","Exc L6 CT",-0.0103057333684569,3.43657461840882,0.0483376202939585,0.826110442028078,0.963985585882276,0.963985585882276,"plaq_d"
"11319","BRD7","Exc L6 CT",0.0327510675472503,4.77838093553748,2.21697609141148,0.137405325355312,0.451411926931783,0.451411926931783,"plaq_d"
"11320","AC007493.1","Exc L6 CT",-0.0612072786993402,1.59817493012636,0.369207785827342,0.543832479929309,0.828466918630934,0.828466918630934,"plaq_d"
"11321","CYLD","Exc L6 CT",0.0516533299117614,5.94283670411471,10.7703538655355,0.00113580740305462,0.0300571385558351,0.0300571385558351,"plaq_d"
"11322","HNRNPA1P48","Exc L6 CT",-0.0273370774643164,2.00592042745342,0.141634122508119,0.706891058318629,0.91096622285874,0.91096622285874,"plaq_d"
"11323","CHD9","Exc L6 CT",0.00548024533755613,8.41058209928997,0.37142438671674,0.542626336685949,0.828340294560607,0.828340294560607,"plaq_d"
"11324","RBL2","Exc L6 CT",0.00490179207626205,6.27433180462414,0.117870663396256,0.853386648616532,0.974544369379645,0.974544369379645,"plaq_d"
"11325","AKTIP","Exc L6 CT",0.0141286273337636,4.62105336109243,0.376563147452949,0.581909467885111,0.851286177364356,0.851286177364356,"plaq_d"
"11326","RPGRIP1L","Exc L6 CT",-0.00211094436846849,5.74776580353662,0.0160741783220943,0.899184553800449,0.98678615920958,0.98678615920958,"plaq_d"
"11327","FTO","Exc L6 CT",0.00301839030994294,8.22498816077619,0.125268463578274,0.886185412796805,0.984501043664535,0.984501043664535,"plaq_d"
"11328","CRNDE","Exc L6 CT",-0.0733794334322124,1.99152911106283,0.820029698083334,0.365797650598781,0.706411916394618,0.706411916394618,"plaq_d"
"11329","AC007495.1","Exc L6 CT",0.0269714999952428,5.1893931144652,1.23717502079511,0.266783536510594,0.614007320800403,0.614007320800403,"plaq_d"
"11330","AC007495.2","Exc L6 CT",0.0187644165867069,1.63676218977409,0.0662126342949027,0.797085170544227,0.953693327389852,0.953693327389852,"plaq_d"
"11331","GNAO1","Exc L6 CT",0.0236641312747659,8.16884547702349,7.02066701714305,0.00842482039505608,0.104554926213127,0.104554926213127,"plaq_d"
"11332","AMFR","Exc L6 CT",0.0476758482373925,5.00124415162355,5.38736418741405,0.0208600061682346,0.171502369387724,0.171502369387724,"plaq_d"
"11333","AC092140.1","Exc L6 CT",-0.105413488781824,1.5856534354238,1.07916626715434,0.318525762301722,0.663315040372571,0.663315040372571,"plaq_d"
"11334","NUDT21","Exc L6 CT",0.0549021914954469,5.30179411262981,8.7044589219628,0.00338919636324726,0.0616825168714381,0.0616825168714381,"plaq_d"
"11335","OGFOD1","Exc L6 CT",0.00880091688741409,4.47516167651861,0.132342839203142,0.716235949874027,0.915372372702108,0.915372372702108,"plaq_d"
"11336","BBS2","Exc L6 CT",0.016646427704247,5.69579156517066,0.914651563472691,0.339546749736442,0.683748077941785,0.683748077941785,"plaq_d"
"11337","MT3","Exc L6 CT",0.0312236173673673,4.42529076256343,1.34064305967337,0.247714183185159,0.594540529090374,0.594540529090374,"plaq_d"
"11338","MT2A","Exc L6 CT",0.12553569865105,1.43038389574069,1.68161483428092,0.19556869032602,0.5301666303059,0.5301666303059,"plaq_d"
"11339","MT1X","Exc L6 CT",0.0146601453275692,2.97979867192268,0.0577969788020356,0.810153889658247,0.959172290506699,0.959172290506699,"plaq_d"
"11340","AC106779.1","Exc L6 CT",0.00923992440580682,3.75772654030543,0.0623333416392839,0.802992520596792,0.95646866841895,0.95646866841895,"plaq_d"
"11341","NUP93","Exc L6 CT",-0.0183632284248357,5.82388820102865,1.12488901711722,0.28960326848416,0.636313896992975,0.636313896992975,"plaq_d"
"11342","SLC12A3","Exc L6 CT",0.0823793510190458,2.02428438461346,1.28081036449432,0.258527222290979,0.605754865250803,0.605754865250803,"plaq_d"
"11343","HERPUD1","Exc L6 CT",-0.00653059185671546,4.80395238912409,0.0846559167692167,0.771257515103127,0.943332471318999,0.943332471318999,"plaq_d"
"11344","NLRC5","Exc L6 CT",0.177530815049332,1.95408379013099,4.0574366584272,0.0447457698447306,0.257458074614206,0.257458074614206,"plaq_d"
"11345","CPNE2","Exc L6 CT",0.148018516979676,1.87471164607884,2.65746126285991,0.103969333015979,0.395754235351144,0.395754235351144,"plaq_d"
"11346","FAM192A","Exc L6 CT",0.0432066917957951,4.99969060134355,4.81263018006341,0.0388083514678975,0.238346854834408,0.238346854834408,"plaq_d"
"11347","RSPRY1","Exc L6 CT",-0.0114184579936865,5.07357823516694,0.273526459314595,0.601308579591964,0.860659128643636,0.860659128643636,"plaq_d"
"11348","ARL2BP","Exc L6 CT",0.0244966580631927,5.14293400270396,1.63288635581891,0.202155538860748,0.537940263871511,0.537940263871511,"plaq_d"
"11349","CX3CL1","Exc L6 CT",-0.013020220355121,5.78130172400866,0.478850799609734,0.489404491155305,0.795676420510466,0.795676420510466,"plaq_d"
"11350","CIAPIN1","Exc L6 CT",-0.0450719460090805,4.35185411489943,3.16173702519372,0.0762555087231108,0.340078780538384,0.340078780538384,"plaq_d"
"11351","COQ9","Exc L6 CT",-0.00207848196471316,4.95536827854961,0.00969456933780739,0.921622891695281,0.992495747220622,0.992495747220622,"plaq_d"
"11352","POLR2C","Exc L6 CT",0.0161537126491511,4.10071408328067,0.327197493995862,0.56814401217819,0.842327620938952,0.842327620938952,"plaq_d"
"11353","DOK4","Exc L6 CT",0.0671293194815396,3.56968572099672,3.45092083538221,0.0640605366005209,0.311015957167147,0.311015957167147,"plaq_d"
"11354","KATNB1","Exc L6 CT",-0.0193746747246449,4.66150781770049,0.753743403755516,0.409542588096298,0.741047649350717,0.741047649350717,"plaq_d"
"11355","KIFC3","Exc L6 CT",-0.0648921705324134,3.7678530072139,3.56787446212204,0.0597385030682035,0.301718018526705,0.301718018526705,"plaq_d"
"11356","AC092118.2","Exc L6 CT",0.0714334806604606,1.91546821243957,0.81363239608129,0.395931029860403,0.728970853801045,0.728970853801045,"plaq_d"
"11357","ZNF319","Exc L6 CT",0.117683375622602,2.12396729145842,3.06609098728547,0.0808220432276961,0.34950860147369,0.34950860147369,"plaq_d"
"11358","USB1","Exc L6 CT",0.00179371215713192,3.87679278814824,0.00349412039029052,0.967551348387927,0.998742420766286,0.998742420766286,"plaq_d"
"11359","MMP15","Exc L6 CT",0.135663860413816,2.54226874365317,5.22213159733562,0.0229019031590273,0.18037845775799,0.18037845775799,"plaq_d"
"11360","CFAP20","Exc L6 CT",-0.0129859892917875,3.61840877172011,0.144258224193212,0.704315481188617,0.910254571073825,0.910254571073825,"plaq_d"
"11361","CSNK2A2","Exc L6 CT",0.00283174931163023,5.13601895347643,0.0220806218640143,0.88195884458584,0.983480769739443,0.983480769739443,"plaq_d"
"11362","CCDC113","Exc L6 CT",-0.0181264809382567,3.65150084863192,0.295585911240266,0.587010900269124,0.854287193719603,0.854287193719603,"plaq_d"
"11363","GINS3","Exc L6 CT",-0.144890860615853,2.80141804364466,5.61354029094345,0.018367117063402,0.160127066939789,0.160127066939789,"plaq_d"
"11364","NDRG4","Exc L6 CT",0.012994995511418,6.80155865397268,0.592419199057236,0.442006982125977,0.764029675036979,0.764029675036979,"plaq_d"
"11365","SETD6","Exc L6 CT",-0.0274064520294284,3.52400886558914,0.548479254245725,0.459438842050933,0.77594025958767,0.77594025958767,"plaq_d"
"11366","CNOT1","Exc L6 CT",0.0161951419940307,5.58077230097586,1.01058303040469,0.315461282043584,0.659892562670654,0.659892562670654,"plaq_d"
"11367","AC009118.3","Exc L6 CT",0.00596422616555568,2.7983475859689,0.0166654482128991,0.94980641310467,0.99802142424354,0.99802142424354,"plaq_d"
"11368","SLC38A7","Exc L6 CT",-0.0760212214930564,4.54440935238802,9.398986142075,0.0023407361546526,0.0488872635199871,0.0488872635199871,"plaq_d"
"11369","GOT2","Exc L6 CT",0.00731641280661525,5.03346294096665,0.135512626012575,0.781007379938105,0.947848781115239,0.947848781115239,"plaq_d"
"11370","AC092378.1","Exc L6 CT",0.00148343924490519,6.61681700624463,0.00405762866294228,0.949246040147462,0.99802142424354,0.99802142424354,"plaq_d"
"11371","LINC02141","Exc L6 CT",-0.0256325376838921,2.99016780355272,0.160205966141051,0.689212409349135,0.90336911877941,0.90336911877941,"plaq_d"
"11372","CDH8","Exc L6 CT",0.0411001862099791,8.20291067427592,5.53682734730999,0.0191759896801255,0.163808619409456,0.163808619409456,"plaq_d"
"11373","AC138305.1","Exc L6 CT",0.0291246810528543,5.80669802208203,0.303080302328086,0.582310772519252,0.851579224013324,0.851579224013324,"plaq_d"
"11374","AC092131.1","Exc L6 CT",-0.0675452032205534,3.37597184185671,0.674510926077681,0.412045253594535,0.742825388985407,0.742825388985407,"plaq_d"
"11375","CDH11","Exc L6 CT",-0.00886160349281384,8.04621307807977,0.424137187946812,0.515309424433935,0.811462970263719,0.811462970263719,"plaq_d"
"11376","LINC00922","Exc L6 CT",-0.179037430331107,2.09781186149873,2.58193302208614,0.108996002479784,0.405978383363253,0.405978383363253,"plaq_d"
"11377","BEAN1","Exc L6 CT",-0.0231871147031513,3.2702468889357,0.314123106993603,0.575521467822913,0.848046222659056,0.848046222659056,"plaq_d"
"11378","AC010542.3","Exc L6 CT",-0.0537409667218019,4.02484681370233,2.93733415496028,0.0874434333521207,0.362254868068239,0.362254868068239,"plaq_d"
"11379","TK2","Exc L6 CT",-0.00584840856414043,3.9827169868887,0.03712294377152,0.847327277564593,0.971364821464102,0.971364821464102,"plaq_d"
"11380","CMTM4","Exc L6 CT",0.0233908178951673,6.45595647926582,2.95082005949073,0.0867230454146015,0.361036715381319,0.361036715381319,"plaq_d"
"11381","DYNC1LI2","Exc L6 CT",0.00705468354275796,6.30455502646397,0.245821771844551,0.654476854947654,0.887282667078978,0.887282667078978,"plaq_d"
"11382","TERB1","Exc L6 CT",-0.0576666159205511,1.95085268655998,0.482897914153966,0.487576049538287,0.794740243710976,0.794740243710976,"plaq_d"
"11383","NAE1","Exc L6 CT",-0.00210659505297375,5.9070525498686,0.0217181461059847,0.882924664470416,0.983592206016137,0.983592206016137,"plaq_d"
"11384","CA7","Exc L6 CT",-0.00485415995883171,4.21192381075802,0.0265742303813779,0.870600371180235,0.979229857294372,0.979229857294372,"plaq_d"
"11385","PDP2","Exc L6 CT",-0.0327272269709907,4.07460572821773,0.859768409027174,0.354445771120199,0.697344122584912,0.697344122584912,"plaq_d"
"11386","RRAD","Exc L6 CT",-0.0656996275842959,1.76631067943542,0.575090326873658,0.448756192707916,0.769632374341572,0.769632374341572,"plaq_d"
"11387","FAM96B","Exc L6 CT",0.00891697716324273,4.15047497007566,0.109092693122471,0.990872357135155,0.999571689696322,0.999571689696322,"plaq_d"
"11388","CES2","Exc L6 CT",-0.0179178272566232,4.0368678779814,0.357672017428343,0.550190775724675,0.831593351697929,0.831593351697929,"plaq_d"
"11389","CES3","Exc L6 CT",-0.0351663035712569,3.00530320096644,0.62934878377176,0.428134531667719,0.754255861429697,0.754255861429697,"plaq_d"
"11390","CES4A","Exc L6 CT",-0.0475937470520246,6.3096847989918,6.30056298212282,0.0125229013322037,0.130448399116067,0.130448399116067,"plaq_d"
"11391","CBFB","Exc L6 CT",-0.030456625936685,4.89413525153137,1.3034071017044,0.254376328249533,0.602037523561077,0.602037523561077,"plaq_d"
"11392","C16orf70","Exc L6 CT",0.00416271085838467,5.38346817737448,0.056310483475454,0.877142134352146,0.981163755019913,0.981163755019913,"plaq_d"
"11393","TRADD","Exc L6 CT",-0.0378120291362379,2.24534624565643,0.32194760670654,0.570805181754066,0.844273235028412,0.844273235028412,"plaq_d"
"11394","HSF4","Exc L6 CT",-0.0395220114302772,5.03632151576673,2.91493024922058,0.0886546333382135,0.364753387121155,0.364753387121155,"plaq_d"
"11395","NOL3","Exc L6 CT",0.00120791316477575,3.51596312103522,0.000800641428343824,0.977442593855493,0.999093977007575,0.999093977007575,"plaq_d"
"11396","KIAA0895L","Exc L6 CT",-0.0229376894593595,4.82595722313935,0.963763152604738,0.371712698777311,0.710647544700953,0.710647544700953,"plaq_d"
"11397","E2F4","Exc L6 CT",0.0135384576340247,4.11211766711436,0.271360040949507,0.602752012433509,0.86192317911972,0.86192317911972,"plaq_d"
"11398","LRRC29","Exc L6 CT",-0.0423634283999943,4.15927021407056,1.98421504315358,0.159839372852579,0.483616564015494,0.483616564015494,"plaq_d"
"11399","TMEM208","Exc L6 CT",-0.036912423931864,3.08226324524642,0.762522190710144,0.411980763203285,0.742825388985407,0.742825388985407,"plaq_d"
"11400","SLC9A5","Exc L6 CT",-0.0098254722723067,4.43330881818834,0.144541105133321,0.704039436510309,0.910090634312678,0.910090634312678,"plaq_d"
"11401","KCTD19","Exc L6 CT",0.000120807635175597,1.9965828363777,9.2530421165852e-07,0.999233044002778,0.999906738276838,0.999906738276838,"plaq_d"
"11402","LRRC36","Exc L6 CT",-0.0934186812312717,3.32116399625382,3.30333696727391,0.0699986466109954,0.324105153739585,0.324105153739585,"plaq_d"
"11403","TPPP3","Exc L6 CT",-0.0128460618954335,1.8152690665408,0.0364030028073595,0.848796845521622,0.972157850924001,0.972157850924001,"plaq_d"
"11404","ZDHHC1","Exc L6 CT",-0.0144786795390141,4.30199469684718,0.289638289989656,0.590796255534838,0.8561609517495,0.8561609517495,"plaq_d"
"11405","HSD11B2","Exc L6 CT",0.0418780250860619,3.69951284000784,0.76720883754807,0.381685744809321,0.71778554428652,0.71778554428652,"plaq_d"
"11406","ATP6V0D1","Exc L6 CT",-0.0116142523179426,5.40249876417858,0.365107203615196,0.546076907919162,0.829999117877352,0.829999117877352,"plaq_d"
"11407","AC009061.2","Exc L6 CT",-0.0425016518982999,4.98436777680971,3.14435952645025,0.0770639919401073,0.341242055572818,0.341242055572818,"plaq_d"
"11408","AC027682.6","Exc L6 CT",0.00345288454488256,3.01350393238312,0.00633061609052552,0.93662880601445,0.996101534451179,0.996101534451179,"plaq_d"
"11409","RIPOR1","Exc L6 CT",-0.0568099615894778,6.00677886249395,11.0656818774481,0.000973187035166529,0.0272002271625278,0.0272002271625278,"plaq_d"
"11410","AC027682.4","Exc L6 CT",0.0548772559781398,5.09223049004089,4.08579223717303,0.0440098601567955,0.255882854126506,0.255882854126506,"plaq_d"
"11411","CTCF","Exc L6 CT",-0.0351137094209419,5.47663637010642,3.13900317745113,0.0773150578124682,0.341629089094012,0.341629089094012,"plaq_d"
"11412","CARMIL2","Exc L6 CT",0.0150992463128285,4.96846281875017,0.330659942032302,0.565642115098353,0.840815732927328,0.840815732927328,"plaq_d"
"11413","ACD","Exc L6 CT",-0.0484426758051192,2.96168617733572,1.08547260103787,0.298199353846633,0.645839891055938,0.645839891055938,"plaq_d"
"11414","PARD6A","Exc L6 CT",0.00148479720306602,3.03255768098957,0.00143685787887318,0.969784425187729,0.998742420766286,0.998742420766286,"plaq_d"
"11415","ENKD1","Exc L6 CT",-0.0163391322165246,2.56582405427461,0.0949566469798147,0.758152177451512,0.93768275509137,0.93768275509137,"plaq_d"
"11416","GFOD2","Exc L6 CT",-0.0393625515052103,4.98645876705281,3.16550290536695,0.0760815126777303,0.339723776832694,0.339723776832694,"plaq_d"
"11417","RANBP10","Exc L6 CT",-0.0439501568851398,6.03704131514335,7.70032450261106,0.00581903791991248,0.0850465684213808,0.0850465684213808,"plaq_d"
"11418","TSNAXIP1","Exc L6 CT",-0.0208362811204582,3.71471835142537,0.376907972068281,0.566219204811408,0.840946216080164,0.840946216080164,"plaq_d"
"11419","CENPT","Exc L6 CT",0.00796529348921456,4.72609344190641,0.117128954933797,0.942992191433054,0.997507548890635,0.997507548890635,"plaq_d"
"11420","THAP11","Exc L6 CT",-0.00877463890622878,2.96459065819835,0.0413162337282473,0.839047461566965,0.968820749155593,0.968820749155593,"plaq_d"
"11421","NUTF2","Exc L6 CT",-0.0229471988585943,3.78953720920863,0.586113696163798,0.536484680592366,0.823723705397579,0.823723705397579,"plaq_d"
"11422","PSKH1","Exc L6 CT",-0.0149078244871269,3.59708757904277,0.19216537013009,0.68591125053001,0.901029141585001,0.901029141585001,"plaq_d"
"11423","DUS2","Exc L6 CT",-0.049862552459825,4.20589357250057,2.96231325729241,0.0861141951219018,0.359646333862374,0.359646333862374,"plaq_d"
"11424","NFATC3","Exc L6 CT",-0.0146829929531725,6.3420130912598,0.931846460256541,0.335053540046337,0.679931035030598,0.679931035030598,"plaq_d"
"11425","PLA2G15","Exc L6 CT",0.00563034866992709,3.77478514224407,0.032483988150913,0.857074382744589,0.975107136969453,0.975107136969453,"plaq_d"
"11426","SLC7A6","Exc L6 CT",0.00783855784669078,5.87014962425544,0.226373787263115,0.634524107507919,0.878243346955486,0.878243346955486,"plaq_d"
"11427","SLC7A6OS","Exc L6 CT",-0.0644141697401134,4.07232863097216,4.83003704026212,0.0286259528208669,0.202704976295721,0.202704976295721,"plaq_d"
"11428","PRMT7","Exc L6 CT",-0.00826541295451843,6.01239328068962,0.243540880686512,0.621971437223662,0.872274798857461,0.872274798857461,"plaq_d"
"11429","SMPD3","Exc L6 CT",-0.0389928732747899,6.03423760024876,4.4138564586702,0.0363666720791683,0.231345387208002,0.231345387208002,"plaq_d"
"11430","ZFP90","Exc L6 CT",-0.0142776522220162,6.42739112441777,1.0751200537905,0.300511332242334,0.647273064068988,0.647273064068988,"plaq_d"
"11431","AC126773.1","Exc L6 CT",-0.0608451337354306,2.23344196428812,0.79304552373446,0.373795706978599,0.711074192208887,0.711074192208887,"plaq_d"
"11432","AC126773.4","Exc L6 CT",-0.0388091022661658,3.12124671731692,0.933555030580355,0.334611444102432,0.679512815530909,0.679512815530909,"plaq_d"
"11433","CDH3","Exc L6 CT",-0.0479932351429383,5.0342784212951,3.99041814218517,0.0465373342325031,0.263760418744533,0.263760418744533,"plaq_d"
"11434","TANGO6","Exc L6 CT",-0.0471862411457649,6.41587455216679,12.4208051040234,0.000481252843383529,0.0172341192371873,0.0172341192371873,"plaq_d"
"11435","CHTF8","Exc L6 CT",0.0228732364309688,4.10290273822992,0.640866745162204,0.462746854030889,0.777832878485497,0.777832878485497,"plaq_d"
"11436","UTP4","Exc L6 CT",-0.0381460715446432,4.73916664429167,2.47593007383583,0.116509201568913,0.417108541331427,0.417108541331427,"plaq_d"
"11437","SNTB2","Exc L6 CT",-0.032577322635676,6.60414344089159,2.01405030988584,0.156743304337456,0.479285600943504,0.479285600943504,"plaq_d"
"11438","VPS4A","Exc L6 CT",0.0623635984433411,4.70183801799033,8.00004166904989,0.00494841665060649,0.0770967598507911,0.0770967598507911,"plaq_d"
"11439","COG8","Exc L6 CT",0.011165207341542,3.4145386339606,0.0984329211367753,0.828260560072762,0.965019803172326,0.965019803172326,"plaq_d"
"11440","AC026464.3","Exc L6 CT",-0.0887765538306772,2.66894576061716,2.7025523739274,0.101090289554003,0.390264362676168,0.390264362676168,"plaq_d"
"11441","NIP7","Exc L6 CT",-0.0179655129185251,2.6644534376493,0.118074815347347,0.731339352806487,0.924288775313587,0.924288775313587,"plaq_d"
"11442","TERF2","Exc L6 CT",0.0189875447230674,4.3372255560867,0.4729564216159,0.492088058197522,0.798118486459162,0.798118486459162,"plaq_d"
"11443","CYB5B","Exc L6 CT",0.0278092520578401,5.72474107753014,2.9153254723439,0.0886331092616124,0.364753387121155,0.364753387121155,"plaq_d"
"11444","NFAT5","Exc L6 CT",-7.36948206902519e-06,7.99709041147136,4.68788018318421e-07,0.999454095765618,0.999906738276838,0.999906738276838,"plaq_d"
"11445","NQO1","Exc L6 CT",-0.0969921317196026,2.12325010484594,2.12703325219001,0.145622030075102,0.462469610624568,0.462469610624568,"plaq_d"
"11446","AC092115.3","Exc L6 CT",-0.0803663569187461,2.55619191770435,1.92982122494082,0.165665762552738,0.491577558284606,0.491577558284606,"plaq_d"
"11447","NOB1","Exc L6 CT",-0.0603178871950846,3.17042426684658,2.20455135130568,0.138508636843776,0.453223100080557,0.453223100080557,"plaq_d"
"11448","WWP2","Exc L6 CT",-0.0370573806780402,4.97820796602842,2.5664856102846,0.1100567418255,0.407819010378351,0.407819010378351,"plaq_d"
"11449","PDPR","Exc L6 CT",-0.0345389326049305,5.70636380849865,1.79921194006399,0.180682012085481,0.51078743850377,0.51078743850377,"plaq_d"
"11450","AC009060.1","Exc L6 CT",-0.0180728123512702,2.73572115444262,0.0847947314132791,0.77107530246778,0.943332471318999,0.943332471318999,"plaq_d"
"11451","EXOSC6","Exc L6 CT",0.0361611305966163,5.13365914982016,3.03292314238401,0.106341259715237,0.400023196984727,0.400023196984727,"plaq_d"
"11452","AARS","Exc L6 CT",0.00820638103480765,5.68244718964921,0.215809579034676,0.886510055672128,0.984501043664535,0.984501043664535,"plaq_d"
"11453","AC012184.2","Exc L6 CT",0.0301446256722715,3.59797133826379,0.81738352407817,0.381962001310041,0.717788377723222,0.717788377723222,"plaq_d"
"11454","DDX19A","Exc L6 CT",-0.0162154539064747,3.36577436889685,0.180446091056697,0.797755900261691,0.954247796274006,0.954247796274006,"plaq_d"
"11455","ST3GAL2","Exc L6 CT",-0.06945745998237,5.4719298333843,14.8785989892264,0.000136586013105196,0.00774130804985196,0.00774130804985196,"plaq_d"
"11456","FUK","Exc L6 CT",-0.039174058273598,4.10882371882855,2.08672289910471,0.149483745575163,0.46924727459661,0.46924727459661,"plaq_d"
"11457","COG4","Exc L6 CT",-0.0202223400828478,4.37866092448079,0.641899498540625,0.42357016489312,0.750395778218232,0.750395778218232,"plaq_d"
"11458","SF3B3","Exc L6 CT",0.0288946207444828,5.4494335387719,2.80522711857544,0.0948553593514006,0.379089613239179,0.379089613239179,"plaq_d"
"11459","IL34","Exc L6 CT",-0.00667375311211726,4.25964713041831,0.0465560444975698,0.829294543259246,0.965507372336594,0.965507372336594,"plaq_d"
"11460","MTSS1L","Exc L6 CT",-0.00385963106607795,3.80207248175223,0.0148686231604977,0.903019282852999,0.988833782863933,0.988833782863933,"plaq_d"
"11461","VAC14","Exc L6 CT",-0.064285816535995,4.86130575434461,9.00094261074813,0.00289284864417103,0.0560387185204644,0.0560387185204644,"plaq_d"
"11462","HYDIN","Exc L6 CT",0.0093884633713384,7.83275973627297,0.395488769422313,0.52984062349304,0.819154884634274,0.819154884634274,"plaq_d"
"11463","CMTR2","Exc L6 CT",-0.0987027714141541,3.48295366057939,7.69087868804837,0.00584889794019251,0.0853962827048796,0.0853962827048796,"plaq_d"
"11464","ZNF19","Exc L6 CT",-0.0324402718627478,3.14244897716838,0.468325693059872,0.494213659380632,0.799151308845645,0.799151308845645,"plaq_d"
"11465","PHLPP2","Exc L6 CT",-0.00772805664322558,6.29029772981148,0.265339936547468,0.606801904030145,0.864044866601976,0.864044866601976,"plaq_d"
"11466","AC009097.1","Exc L6 CT",-0.0761725359729818,1.89880427047999,0.834132249214304,0.361712308999974,0.702443753912724,0.702443753912724,"plaq_d"
"11467","AP1G1","Exc L6 CT",0.0214298012630462,5.98159230669072,2.15975192635711,0.142570498388212,0.458815417899836,0.458815417899836,"plaq_d"
"11468","IST1","Exc L6 CT",-0.0176798868634629,5.67508158183471,1.22583889964066,0.348135751661601,0.691945641435926,0.691945641435926,"plaq_d"
"11469","ZNF821","Exc L6 CT",-0.0298106557777126,5.85125881175323,3.0962372198637,0.0793516094355102,0.346375309106611,0.346375309106611,"plaq_d"
"11470","PKD1L3","Exc L6 CT",-0.0492325968042638,2.74368001984166,0.77109221745969,0.380484893615424,0.716599658511385,0.716599658511385,"plaq_d"
"11471","DHODH","Exc L6 CT",-0.0422847757636221,2.53590737547582,0.572815041960991,0.511111081273023,0.80883314565312,0.80883314565312,"plaq_d"
"11472","TXNL4B","Exc L6 CT",-0.0301761696168458,3.86318297109563,0.842021637113641,0.35945436944384,0.701124766695639,0.701124766695639,"plaq_d"
"11473","DHX38","Exc L6 CT",0.0328097586564773,3.8702949957929,1.08104590031677,0.299185126046807,0.645995581805218,0.645995581805218,"plaq_d"
"11474","PMFBP1","Exc L6 CT",0.105210027953576,2.2889561601823,2.34358923273224,0.126707386133613,0.434609305131237,0.434609305131237,"plaq_d"
"11475","LINC01572","Exc L6 CT",0.0138352416373336,4.67598523763404,0.182561236523564,0.669445425143226,0.894479014664119,0.894479014664119,"plaq_d"
"11476","AC004158.1","Exc L6 CT",0.0866920850795201,5.72807210843269,11.6665132564123,0.000711522150372047,0.0226702329794317,0.0226702329794317,"plaq_d"
"11477","AC004943.2","Exc L6 CT",-0.0680322503623476,3.52126748288331,2.74934817607628,0.0981946376658003,0.384677721104138,0.384677721104138,"plaq_d"
"11478","ZFHX3","Exc L6 CT",0.0236317501995512,7.22587456108029,1.48726811108398,0.223466242030626,0.563401054338509,0.563401054338509,"plaq_d"
"11479","AC140912.1","Exc L6 CT",-0.0789890071156707,3.56898714200107,3.60621247106473,0.0583904284876071,0.298610518119926,0.298610518119926,"plaq_d"
"11480","AC092114.1","Exc L6 CT",0.45434683554727,1.57860579981502,14.2337629305386,0.000189687420990538,0.00968347557652406,0.00968347557652406,"plaq_d"
"11481","AC138627.1","Exc L6 CT",-0.0099025338880935,5.09957764620287,0.0964378235732418,0.756332804822839,0.937371276885589,0.937371276885589,"plaq_d"
"11482","PSMD7","Exc L6 CT",-0.0526884891864582,5.04082581890186,6.01655733201195,0.014662119253788,0.142522531247489,0.142522531247489,"plaq_d"
"11483","NPIPB15","Exc L6 CT",0.0472325245091304,2.822332553645,0.364706901824952,0.546296931970743,0.829999117877352,0.829999117877352,"plaq_d"
"11484","GLG1","Exc L6 CT",0.0164127187609973,7.79923592137307,2.20551195478373,0.138422980920753,0.453100780658291,0.453100780658291,"plaq_d"
"11485","RFWD3","Exc L6 CT",-0.0200662153244857,3.93887315940505,0.361915700995516,0.547835701368554,0.830796090709115,0.830796090709115,"plaq_d"
"11486","WDR59","Exc L6 CT",0.0391791539780147,6.53808282428485,10.6834815496034,0.0011887166912633,0.0311141190680481,0.0311141190680481,"plaq_d"
"11487","ZNRF1","Exc L6 CT",-0.000978106654140936,6.08230580629397,0.00415259593908793,0.948656351149104,0.99802142424354,0.99802142424354,"plaq_d"
"11488","ZFP1","Exc L6 CT",0.0844790456750769,3.91569336643919,8.161285152059,0.00453643296227271,0.073378077443683,0.073378077443683,"plaq_d"
"11489","BCAR1","Exc L6 CT",-0.0121020228895635,5.10340908048774,0.334827745664736,0.565681037705419,0.840815732927328,0.840815732927328,"plaq_d"
"11490","CFDP1","Exc L6 CT",0.0242687314994991,6.3296949462846,3.01941423187612,0.0831573318506335,0.353560823418939,0.353560823418939,"plaq_d"
"11491","AC009163.4","Exc L6 CT",0.128342775060573,1.99549561702505,3.32892680871272,0.0689280751494664,0.32188525680767,0.32188525680767,"plaq_d"
"11492","TMEM231","Exc L6 CT",-0.0602938348552365,3.08306637519068,1.95307419487648,0.163145740795697,0.48828400925049,0.48828400925049,"plaq_d"
"11493","GABARAPL2","Exc L6 CT",0.00998109860007906,5.11859403612346,0.220844804335476,0.638691153431207,0.879192756243609,0.879192756243609,"plaq_d"
"11494","ADAT1","Exc L6 CT",-0.00352645577832552,3.89836760522275,0.0137508218830189,0.944265525965844,0.997609533382524,0.997609533382524,"plaq_d"
"11495","KARS","Exc L6 CT",0.0031299204465081,3.84419466643168,0.010422059037649,0.918745204163741,0.99169648040348,0.99169648040348,"plaq_d"
"11496","TERF2IP","Exc L6 CT",0.0179615396567733,7.17715039743063,1.70366078817444,0.192671760054245,0.526498385865835,0.526498385865835,"plaq_d"
"11497","CPHXL","Exc L6 CT",-0.0676389148030165,1.57854441552402,0.408426808977663,0.523189256851779,0.81638104072308,0.81638104072308,"plaq_d"
"11498","AC010528.1","Exc L6 CT",0.0799247846802411,2.53505964829281,2.20411200402745,0.138547832829869,0.453223100080557,0.453223100080557,"plaq_d"
"11499","CNTNAP4","Exc L6 CT",0.0156724962281909,7.83964726776825,0.930818939193286,0.335319790410601,0.680279552247888,0.680279552247888,"plaq_d"
"11500","AC104151.1","Exc L6 CT",-0.0146255816400171,6.32533504164187,0.282911796807928,0.595138233266793,0.858305951323258,0.858305951323258,"plaq_d"
"11501","AC106729.1","Exc L6 CT",-0.0058874711600048,4.17020589351387,0.0141893873636482,0.905249601449494,0.989037303307553,0.989037303307553,"plaq_d"
"11502","ADAMTS18","Exc L6 CT",-0.162696483901618,1.53903300975774,2.08816302847144,0.149343797996424,0.469187826458561,0.469187826458561,"plaq_d"
"11503","NUDT7","Exc L6 CT",-0.0534035802341006,3.18455243846816,1.37931714577345,0.241020077596808,0.58620122268688,0.58620122268688,"plaq_d"
"11504","VAT1L","Exc L6 CT",-0.00389535956443429,6.35664517290628,0.0434522809684388,0.834997855342309,0.967748279710629,0.967748279710629,"plaq_d"
"11505","WWOX","Exc L6 CT",-0.0053176002512606,8.64564202298657,0.0724412956245179,0.787974279055639,0.950694050043776,0.950694050043776,"plaq_d"
"11506","LINC01229","Exc L6 CT",-0.0814759575323166,1.87062562407404,0.880703228517542,0.348659646102251,0.692317829694898,0.692317829694898,"plaq_d"
"11507","AC105411.1","Exc L6 CT",0.0188027447966536,3.04933362440492,0.095294852760507,0.757735387131352,0.937500574066496,0.937500574066496,"plaq_d"
"11508","DYNLRB2","Exc L6 CT",-0.0144954135994023,2.33416609139488,0.0479756005369661,0.826752415344789,0.964343523845696,0.964343523845696,"plaq_d"
"11509","CDYL2","Exc L6 CT",0.0500303660440948,5.81012996321792,5.17308770267184,0.0235472218230798,0.182054675276614,0.182054675276614,"plaq_d"
"11510","LINC02170","Exc L6 CT",-0.0924100387283838,2.64263424167486,2.57101405079034,0.1097446081316,0.407449960630556,0.407449960630556,"plaq_d"
"11511","CMC2","Exc L6 CT",0.00271966217153077,5.90081563646752,0.0245695868246929,0.875535177634192,0.980871939083411,0.980871939083411,"plaq_d"
"11512","CENPN","Exc L6 CT",-0.0386735737094905,1.80220343076457,0.2153427628324,0.642901626537809,0.881203285741464,0.881203285741464,"plaq_d"
"11513","ATMIN","Exc L6 CT",0.0683990907844333,4.8476609497443,8.84674293635734,0.00314097283323538,0.0588438188436185,0.0588438188436185,"plaq_d"
"11514","BCO1","Exc L6 CT",-0.090006523893391,3.45009523712702,4.94617078113143,0.0267894366316859,0.196562060643507,0.196562060643507,"plaq_d"
"11515","AC009148.1","Exc L6 CT",-0.0520336801483736,3.04697311103288,1.5610039514124,0.212357482555727,0.549367026310876,0.549367026310876,"plaq_d"
"11516","GAN","Exc L6 CT",-0.0249176048822112,6.01641182165276,2.29110933573488,0.131024030695704,0.441428023846328,0.441428023846328,"plaq_d"
"11517","CMIP","Exc L6 CT",0.0215060531117547,8.02244088365703,4.87304349874675,0.0279309710184334,0.200436246928321,0.200436246928321,"plaq_d"
"11518","PLCG2","Exc L6 CT",0.140704413490803,5.43045361661735,5.78843910399403,0.016652565331592,0.152403261610679,0.152403261610679,"plaq_d"
"11519","AC092142.1","Exc L6 CT",0.0728077459003215,4.6190138041436,7.52699383806634,0.00639273770307165,0.0897303018038715,0.0897303018038715,"plaq_d"
"11520","MPHOSPH6","Exc L6 CT",0.00336876585323974,5.85564232813309,0.0338335777987157,0.854168333187018,0.974785418557891,0.974785418557891,"plaq_d"
"11521","CDH13","Exc L6 CT",-0.00295244433074186,6.82506046491183,0.00636631270526459,0.936450769587166,0.996094671122864,0.996094671122864,"plaq_d"
"11522","HSBP1","Exc L6 CT",0.0319464997591075,4.52781401034217,1.95334716649867,0.167420452485021,0.493991562610034,0.493991562610034,"plaq_d"
"11523","AC009119.2","Exc L6 CT",-0.0175772625176265,2.68743235660079,0.109776305722104,0.74059826572164,0.928793296721773,0.928793296721773,"plaq_d"
"11524","MBTPS1","Exc L6 CT",0.0179675768133665,6.45477430816394,1.70609041052464,0.192355587268615,0.525898741405342,0.525898741405342,"plaq_d"
"11525","AC040169.1","Exc L6 CT",-0.0365386929157817,1.70748924310662,0.173468635644043,0.677303960321672,0.896347415001378,0.896347415001378,"plaq_d"
"11526","HSDL1","Exc L6 CT",0.00984185553204007,4.44286344145291,0.178504928250138,0.750788252323123,0.934200317837914,0.934200317837914,"plaq_d"
"11527","DNAAF1","Exc L6 CT",0.0196245419285778,3.85701147822306,0.287827038971134,0.59195898338749,0.85660021987669,0.85660021987669,"plaq_d"
"11528","TAF1C","Exc L6 CT",-0.0347405468113006,4.48682765090783,1.31318814479591,0.252605172319867,0.600083178336106,0.600083178336106,"plaq_d"
"11529","ADAD2","Exc L6 CT",-0.055063641973638,1.85659293753837,0.247859180921015,0.618900817730245,0.87102638321245,0.87102638321245,"plaq_d"
"11530","WFDC1","Exc L6 CT",-0.0608007117644532,4.31878544492473,3.36116657461224,0.067604279937192,0.31867426783753,0.31867426783753,"plaq_d"
"11531","ATP2C2","Exc L6 CT",-0.0126499857553291,5.86020327561933,0.151746296895547,0.697110234804242,0.907657268301075,0.907657268301075,"plaq_d"
"11532","ATP2C2-AS1","Exc L6 CT",0.0088361843013383,2.23082483192896,0.0194868823467994,0.940878039170578,0.997252212260688,0.997252212260688,"plaq_d"
"11533","TLDC1","Exc L6 CT",-0.0721699801318498,4.41418463947702,8.6603330439644,0.0034701802211752,0.0625953092446851,0.0625953092446851,"plaq_d"
"11534","COTL1","Exc L6 CT",-0.0274460651626759,3.91947803781535,0.654265928569781,0.419143946968174,0.747177396181539,0.747177396181539,"plaq_d"
"11535","KLHL36","Exc L6 CT",0.0167118622882755,4.858186890913,0.596835481466003,0.440312052334955,0.76269189091734,0.76269189091734,"plaq_d"
"11536","USP10","Exc L6 CT",0.00271511155013109,5.98240076006064,0.0297699763494908,0.884283261393475,0.984162491768107,0.984162491768107,"plaq_d"
"11537","CRISPLD2","Exc L6 CT",0.0307791665599471,2.35340769658521,0.21110999091537,0.646185516247422,0.882856909906737,0.882856909906737,"plaq_d"
"11538","ZDHHC7","Exc L6 CT",0.00191439639882402,4.6680456276814,0.0074554613800297,0.931241786058262,0.99444705473932,0.99444705473932,"plaq_d"
"11539","KIAA0513","Exc L6 CT",0.036166270711887,6.55170725608525,6.58129602910675,0.0107237475316636,0.120045932710598,0.120045932710598,"plaq_d"
"11540","GSE1","Exc L6 CT",-0.0597279328478574,4.75757673497135,1.81313316564841,0.179008674321342,0.509189661238892,0.509189661238892,"plaq_d"
"11541","EMC8","Exc L6 CT",-0.0657209390540124,3.52327430960425,3.41379956348068,0.0655014172997704,0.314151205398468,0.314151205398468,"plaq_d"
"11542","COX4I1","Exc L6 CT",0.00125232317530014,5.58966353178706,0.00393970787572813,0.949987985601561,0.99802142424354,0.99802142424354,"plaq_d"
"11543","MTHFSD","Exc L6 CT",-0.00445694335572094,3.31570630553309,0.0134439637775219,0.907760508706128,0.989420650042586,0.989420650042586,"plaq_d"
"11544","C16orf95","Exc L6 CT",-0.0162746441054735,4.72340704760691,0.285881159080159,0.593213399896228,0.856989473648379,0.856989473648379,"plaq_d"
"11545","AC010531.1","Exc L6 CT",0.0650126239620154,2.98815005731882,2.06745744164938,0.15137029596394,0.472033482784221,0.472033482784221,"plaq_d"
"11546","FBXO31","Exc L6 CT",-0.0252991046349652,4.83274688034126,1.28195707873884,0.258314566101009,0.605514483115005,0.605514483115005,"plaq_d"
"11547","MAP1LC3B","Exc L6 CT",0.0369994945510372,5.20313204742462,3.71724720873588,0.0546660176413256,0.286967611230717,0.286967611230717,"plaq_d"
"11548","ZCCHC14","Exc L6 CT",0.0112392624012093,6.58985709046702,0.686690472654448,0.407860018799063,0.739397157868192,0.739397157868192,"plaq_d"
"11549","AC092720.1","Exc L6 CT",-0.0826216632916344,2.8832376811865,2.78491394821461,0.0960546613775084,0.381673347928315,0.381673347928315,"plaq_d"
"11550","AC092720.2","Exc L6 CT",-0.0919657930136187,1.68344118282695,1.17028477217059,0.280091364042858,0.626925966209888,0.626925966209888,"plaq_d"
"11551","JPH3","Exc L6 CT",-0.00346132939929811,6.82138137804595,0.078050983990249,0.780122110133305,0.947551178021802,0.947551178021802,"plaq_d"
"11552","KLHDC4","Exc L6 CT",-0.0216025529034144,4.92226962358986,0.500547005184457,0.479733126957046,0.789438253489571,0.789438253489571,"plaq_d"
"11553","AC126696.1","Exc L6 CT",-0.125906908611399,2.42426183829681,4.34379996852932,0.0378724746299023,0.235884306771222,0.235884306771222,"plaq_d"
"11554","SLC7A5","Exc L6 CT",0.00687459426321179,5.06397962606905,0.0799697701168199,0.777506415811548,0.946432481294003,0.946432481294003,"plaq_d"
"11555","BANP","Exc L6 CT",-0.0269603796866357,5.97741044275297,1.82434428091736,0.177674151200137,0.507499420769279,0.507499420769279,"plaq_d"
"11556","AC134312.4","Exc L6 CT",0.0394652362025335,3.00717927541958,0.490655526539105,0.484102811854808,0.792579615066235,0.792579615066235,"plaq_d"
"11557","AC134312.1","Exc L6 CT",-0.00878523579738637,2.67516252745202,0.021899271775963,0.882441032420421,0.983480769739443,0.983480769739443,"plaq_d"
"11558","AC138512.1","Exc L6 CT",0.0381484957259208,2.19332179139708,0.256481601322941,0.612868228017262,0.868496069595123,0.868496069595123,"plaq_d"
"11559","ZFPM1","Exc L6 CT",-0.00767393903154996,3.4182507599016,0.0373564384449767,0.846853839193888,0.971364821464102,0.971364821464102,"plaq_d"
"11560","AC116552.1","Exc L6 CT",0.0214265060181067,3.50731291404295,0.281723991978812,0.595911837293164,0.858689494650216,0.858689494650216,"plaq_d"
"11561","ZC3H18","Exc L6 CT",0.0300247279790096,4.96122282904326,2.25004338783105,0.134516805753104,0.44691990205901,0.44691990205901,"plaq_d"
"11562","MVD","Exc L6 CT",-0.0288540606407638,5.02654057235157,1.52469905356505,0.2177423706357,0.557463839173314,0.557463839173314,"plaq_d"
"11563","SNAI3-AS1","Exc L6 CT",-0.0872101561570865,4.6047185404731,11.2487706946751,0.000884460695432579,0.0257982567549285,0.0257982567549285,"plaq_d"
"11564","SNAI3","Exc L6 CT",-0.0418280434638748,3.17523973022995,0.755248230486065,0.385418308157117,0.72035720458761,0.72035720458761,"plaq_d"
"11565","RNF166","Exc L6 CT",0.0100543723673714,3.42580337281432,0.0714302960347444,0.813525210097328,0.959862617294411,0.959862617294411,"plaq_d"
"11566","CTU2","Exc L6 CT",-0.0365437958599111,2.44997165959083,0.421455729479006,0.51663953421401,0.812168025449776,0.812168025449776,"plaq_d"
"11567","APRT","Exc L6 CT",-0.0563850181584627,2.41413038944276,0.956164419276565,0.328834021449147,0.673509183210693,0.673509183210693,"plaq_d"
"11568","GALNS","Exc L6 CT",-0.00198139697460809,3.95418580218624,0.00409596868839977,0.973705950130442,0.999093977007575,0.999093977007575,"plaq_d"
"11569","TRAPPC2L","Exc L6 CT",0.0267751467908326,2.92845857653405,0.342183542522033,0.558950406221115,0.837242282312585,0.837242282312585,"plaq_d"
"11570","CBFA2T3","Exc L6 CT",-0.0068540212300585,4.30051229395681,0.0633157077263851,0.878307636355459,0.981991047916526,0.981991047916526,"plaq_d"
"11571","AC092384.1","Exc L6 CT",0.00392751182255142,2.72192381765083,0.00515610303662637,0.942797516192119,0.997507548890635,0.997507548890635,"plaq_d"
"11572","AC135782.1","Exc L6 CT",-0.162027134342998,3.24237347966899,11.1839795559821,0.00091487836744184,0.0262886007538777,0.0262886007538777,"plaq_d"
"11573","ACSF3","Exc L6 CT",-0.0102388947321065,4.66839336069118,0.197130427124783,0.819899577594434,0.963296688080427,0.963296688080427,"plaq_d"
"11574","ZNF778","Exc L6 CT",-0.028252064434603,3.7809296845235,0.856155671414107,0.355457564277228,0.698206369727963,0.698206369727963,"plaq_d"
"11575","ANKRD11","Exc L6 CT",0.0168807324976342,8.08041419903763,2.49104346593188,0.115403799825455,0.416066391757387,0.416066391757387,"plaq_d"
"11576","SPG7","Exc L6 CT",-0.017705705704218,6.7180650523377,1.83912595279307,0.175932182179794,0.504827525345887,0.504827525345887,"plaq_d"
"11577","RPL13","Exc L6 CT",-0.0186448523220045,6.35852255572791,0.834300754747631,0.361663878132588,0.702443753912724,0.702443753912724,"plaq_d"
"11578","CPNE7","Exc L6 CT",-0.00592026514463994,2.87099130891154,0.0121174730023577,0.912409826525007,0.989967061646606,0.989967061646606,"plaq_d"
"11579","CHMP1A","Exc L6 CT",0.0314577346403253,4.41064411380422,1.57683269528571,0.210059476242256,0.546927389701389,0.546927389701389,"plaq_d"
"11580","SPATA33","Exc L6 CT",-0.00454360364611529,4.4522893451496,0.0290500947661295,0.864762413446779,0.977378297084766,0.977378297084766,"plaq_d"
"11581","CDK10","Exc L6 CT",-0.00385986498854451,5.65857689983616,0.0435086777626702,0.834892359015443,0.967722254459446,0.967722254459446,"plaq_d"
"11582","SPATA2L","Exc L6 CT",-0.169000881592459,3.84009146391145,23.1249356114057,2.2633102579074e-06,0.000458910062997676,0.000458910062997676,"plaq_d"
"11583","VPS9D1","Exc L6 CT",-0.00931641374779898,6.03962079527976,0.276262711284193,0.769492028283883,0.942614639140128,0.942614639140128,"plaq_d"
"11584","ZNF276","Exc L6 CT",-0.025984258713698,4.64243297130537,1.23614827968434,0.266981735757268,0.614267071753498,0.614267071753498,"plaq_d"
"11585","FANCA","Exc L6 CT",-0.0574399516348646,4.76388901362165,6.16488597607001,0.013501441292674,0.135875372868233,0.135875372868233,"plaq_d"
"11586","SPIRE2","Exc L6 CT",-0.00546808662009828,5.53325413508412,0.110364746412889,0.739929152707984,0.928661774628954,0.928661774628954,"plaq_d"
"11587","TCF25","Exc L6 CT",-0.0121547675819812,7.61052362865383,0.751887711052261,0.386476382222159,0.72115541133768,0.72115541133768,"plaq_d"
"11588","MC1R","Exc L6 CT",0.035716297974825,2.36870910149152,0.321345072294839,0.57116565910728,0.844476453243049,0.844476453243049,"plaq_d"
"11589","DEF8","Exc L6 CT",-0.0169123940569985,5.19409989535948,0.68824904832961,0.589466592733578,0.855255248659739,0.855255248659739,"plaq_d"
"11590","CENPBD1","Exc L6 CT",0.141011910453307,2.5184094428857,7.0669647794543,0.00821413316327229,0.10291615406307,0.10291615406307,"plaq_d"
"11591","DBNDD1","Exc L6 CT",0.027571000452602,3.67032401356349,0.63285110671967,0.500704138866865,0.803966339542469,0.803966339542469,"plaq_d"
"11592","GAS8","Exc L6 CT",-0.0421915216387638,5.4175389331083,1.86712551333605,0.172686389630804,0.499898102780024,0.499898102780024,"plaq_d"
"11593","FAM157C","Exc L6 CT",-0.0389711564639161,5.39571115420711,1.00988416961549,0.315628428474683,0.660050385868904,0.660050385868904,"plaq_d"
"11594","AC133919.1","Exc L6 CT",-0.10755227406132,1.80645222609377,1.60473599545168,0.206080029085951,0.541926599712288,0.541926599712288,"plaq_d"
"11595","AC133919.2","Exc L6 CT",-0.122296883845195,2.09791783109732,1.96416350725147,0.161959440978618,0.486554280535933,0.486554280535933,"plaq_d"
"11596","LINC02193","Exc L6 CT",-0.00053151896335991,4.46101883726983,0.000278528308122478,0.986694147710583,0.999571689696322,0.999571689696322,"plaq_d"
"11597","AC240565.1","Exc L6 CT",-0.00817516934172042,2.56017873263369,0.0216828065966873,0.883019266092511,0.983592206016137,0.983592206016137,"plaq_d"
"11598","DOC2B","Exc L6 CT",-0.0303647125623799,3.01730511629294,0.276907471555755,0.599070377467198,0.859756470343713,0.859756470343713,"plaq_d"
"11599","C17orf97","Exc L6 CT",-0.0221569077045147,3.51795152095543,0.321502846731439,0.571071224478062,0.844476453243049,0.844476453243049,"plaq_d"
"11600","VPS53","Exc L6 CT",0.0017044823291552,7.56670735269417,0.0265218494352757,0.870726837313934,0.979293307661469,0.979293307661469,"plaq_d"
"11601","AC015853.3","Exc L6 CT",-0.0510801657098862,2.64079335643241,0.917890796358833,0.411633748773233,0.742825388985407,0.742825388985407,"plaq_d"
"11602","FAM57A","Exc L6 CT",-0.016145195843072,2.85696778990475,0.127532697623596,0.728998372134297,0.922725555631903,0.922725555631903,"plaq_d"
"11603","GLOD4","Exc L6 CT",0.0192938898051273,4.38020578425201,0.643772896118886,0.439431706072308,0.761808627241925,0.761808627241925,"plaq_d"
"11604","MRM3","Exc L6 CT",0.0397723972607413,2.56876221525771,0.594673456924507,0.441140563521886,0.763392180846384,0.763392180846384,"plaq_d"
"11605","NXN","Exc L6 CT",-0.0212015262201593,3.61554182045425,0.268987612930703,0.60434113627002,0.862668796548841,0.862668796548841,"plaq_d"
"11606","TIMM22","Exc L6 CT",0.00182892453473305,3.51554004441831,0.00274107159890055,0.980190582559883,0.999396584092899,0.999396584092899,"plaq_d"
"11607","ABR","Exc L6 CT",0.00969505420026112,8.01711231618263,0.929989860108253,0.335534827608195,0.680332306795433,0.680332306795433,"plaq_d"
"11608","YWHAE","Exc L6 CT",0.0204360422641044,6.88316256798302,2.76565607102086,0.0972069890805137,0.383395017754267,0.383395017754267,"plaq_d"
"11609","CRK","Exc L6 CT",0.0144287618341547,5.93682248901108,0.703934016303459,0.40204058630698,0.734489375694833,0.734489375694833,"plaq_d"
"11610","MYO1C","Exc L6 CT",0.00263981717919232,2.44923823656917,0.00194303794341173,0.964865978792757,0.998742420766286,0.998742420766286,"plaq_d"
"11611","INPP5K","Exc L6 CT",-0.0276684684805103,4.02724106329576,0.9543148833076,0.433704953161165,0.757698516826922,0.757698516826922,"plaq_d"
"11612","PITPNA","Exc L6 CT",0.00603240625443697,6.08614863106366,0.164419854073564,0.836447273370698,0.96822641095276,0.96822641095276,"plaq_d"
"11613","SLC43A2","Exc L6 CT",-0.00258678464564558,5.5636084504898,0.0201217249791251,0.887279684162968,0.984561966630565,0.984561966630565,"plaq_d"
"11614","SCARF1","Exc L6 CT",0.013190100805973,2.15547152225338,0.036980752665932,0.847616343931096,0.971364821464102,0.971364821464102,"plaq_d"
"11615","RILP","Exc L6 CT",0.00636793067784214,2.03642531345693,0.0103387429609356,0.919069514179029,0.991729246317899,0.991729246317899,"plaq_d"
"11616","PRPF8","Exc L6 CT",0.0269563745583218,5.7696927996464,2.87999593310209,0.0905798542073267,0.369610992394749,0.369610992394749,"plaq_d"
"11617","MIR22HG","Exc L6 CT",0.00608500035465963,2.56529436860338,0.0123759648912372,0.911484330710892,0.989796215200574,0.989796215200574,"plaq_d"
"11618","WDR81","Exc L6 CT",-0.00189255719029737,3.72749360945528,0.00305805781878725,0.955931410295647,0.998742420766286,0.998742420766286,"plaq_d"
"11619","SERPINF2","Exc L6 CT",-0.0679773065343341,2.78573945585614,1.52624966117205,0.217509068107919,0.557183025471739,0.557183025471739,"plaq_d"
"11620","SERPINF1","Exc L6 CT",0.0171600990147295,1.85778820246232,0.0440603681185285,0.833864103244476,0.96728960782902,0.96728960782902,"plaq_d"
"11621","SMYD4","Exc L6 CT",-0.0191858563176188,4.87188724204337,0.738551978530804,0.39071638829706,0.72473966412796,0.72473966412796,"plaq_d"
"11622","RPA1","Exc L6 CT",0.0202028862872747,5.06454074610601,0.910913775181875,0.340534193326155,0.684396013073382,0.684396013073382,"plaq_d"
"11623","RTN4RL1","Exc L6 CT",-0.0304093464734291,4.03644940990988,0.541654604587272,0.462243306358761,0.77740819602179,0.77740819602179,"plaq_d"
"11624","DPH1","Exc L6 CT",-0.124152601642763,3.91118396201522,7.96220714081768,0.00505051676841082,0.0780120594399594,0.0780120594399594,"plaq_d"
"11625","SMG6","Exc L6 CT",-0.015238100278698,6.87714379582973,1.51645057453905,0.218988472002021,0.558370181179789,0.558370181179789,"plaq_d"
"11626","SRR","Exc L6 CT",0.024194021386424,3.11156255004143,0.349813248109448,0.554602637671935,0.834108968827573,0.834108968827573,"plaq_d"
"11627","TSR1","Exc L6 CT",-0.0577179066672656,3.95247600695858,3.05290850210337,0.0814742901827346,0.350343934926463,0.350343934926463,"plaq_d"
"11628","SGSM2","Exc L6 CT",-0.000156140064513667,6.36603932820603,0.000110600781762537,0.991615072432417,0.999571689696322,0.999571689696322,"plaq_d"
"11629","MNT","Exc L6 CT",0.00693021554448466,4.43058059703822,0.0717325947817152,0.788989212241306,0.951280460588429,0.951280460588429,"plaq_d"
"11630","METTL16","Exc L6 CT",-0.0166327344952323,5.83503906134996,1.03462127385545,0.309781962910233,0.653868903195086,0.653868903195086,"plaq_d"
"11631","PAFAH1B1","Exc L6 CT",0.0119926987138023,7.87159151824894,1.87410088700117,0.218348004204206,0.557987306215601,0.557987306215601,"plaq_d"
"11632","CLUH","Exc L6 CT",0.0352568831743176,4.51282981190316,2.51904637203287,0.158363541975605,0.481329637489731,0.481329637489731,"plaq_d"
"11633","AC005696.4","Exc L6 CT",-0.0337518270468125,3.32950455313094,0.886507033452967,0.411751348302701,0.742825388985407,0.742825388985407,"plaq_d"
"11634","RAP1GAP2","Exc L6 CT",-0.0149485248342264,8.35802030532265,1.79963897628275,0.180630412924056,0.51078743850377,0.51078743850377,"plaq_d"
"11635","AC090282.1","Exc L6 CT",-0.0729539832417128,2.03378344770972,0.801455150463685,0.37127709766088,0.710346485926012,0.710346485926012,"plaq_d"
"11636","OR3A2","Exc L6 CT",0.00881488897065719,4.56607060712049,0.0150372333410498,0.902473695343404,0.988511855600977,0.988511855600977,"plaq_d"
"11637","SPATA22","Exc L6 CT",-0.101893803465402,4.20651445592424,1.36966328477335,0.242670121378294,0.587730485726971,0.587730485726971,"plaq_d"
"11638","TRPV1","Exc L6 CT",-0.0630278704791965,3.30680362517626,3.07666222527423,0.080303082042768,0.348625804911848,0.348625804911848,"plaq_d"
"11639","CTNS","Exc L6 CT",-0.0958669567786554,2.82520907745299,3.83560402138098,0.0509729044307588,0.277728572681625,0.277728572681625,"plaq_d"
"11640","EMC6","Exc L6 CT",0.0477837140059575,2.83301045675075,1.16385196138754,0.409192068238516,0.740837712789945,0.740837712789945,"plaq_d"
"11641","ITGAE","Exc L6 CT",-0.0113535136317009,3.88104732790805,0.142519521816671,0.706019006065382,0.910657612339148,0.910657612339148,"plaq_d"
"11642","NCBP3","Exc L6 CT",-0.00523369683088409,5.16369541584482,0.0619381975070634,0.829173979183242,0.965507372336594,0.965507372336594,"plaq_d"
"11643","CAMKK1","Exc L6 CT",0.00747916603756832,6.8720635957765,0.226459652208614,0.634459887706134,0.878243346955486,0.878243346955486,"plaq_d"
"11644","ZZEF1","Exc L6 CT",-0.00682146971148598,6.24862070042939,0.298073955417065,0.653936849970416,0.887115990593112,0.887115990593112,"plaq_d"
"11645","CYB5D2","Exc L6 CT",-0.00993445438581133,5.31756423312668,0.272447575336726,0.6671914374733,0.893727359622744,0.893727359622744,"plaq_d"
"11646","ANKFY1","Exc L6 CT",-0.00619871430485657,6.19374992835575,0.210681638085419,0.964310206114491,0.998742420766286,0.998742420766286,"plaq_d"
"11647","UBE2G1","Exc L6 CT",-0.0306837963319008,5.93652577851153,3.10647956632488,0.078858631836749,0.344850809210765,0.344850809210765,"plaq_d"
"11648","SPNS2","Exc L6 CT",-0.0164916231175203,5.14900437172782,0.415075494134323,0.519828733737318,0.813811715900621,0.813811715900621,"plaq_d"
"11649","MYBBP1A","Exc L6 CT",0.0145763562669357,4.14743041484834,0.271295092233617,0.602795399234325,0.86192317911972,0.86192317911972,"plaq_d"
"11650","PELP1","Exc L6 CT",-0.0594322435362149,4.64600929599671,6.29574540881943,0.0125563610462815,0.13045459410186,0.13045459410186,"plaq_d"
"11651","AC091153.2","Exc L6 CT",-0.0994380365119542,1.93928179637459,1.79946272091081,0.180651707941293,0.51078743850377,0.51078743850377,"plaq_d"
"11652","ARRB2","Exc L6 CT",0.0142809517396332,4.6535835973449,0.398799271477998,0.528124366874657,0.818456124092144,0.818456124092144,"plaq_d"
"11653","MED11","Exc L6 CT",-0.0618065878842132,2.58616108458607,1.35109637163997,0.245882600809527,0.591729508735196,0.591729508735196,"plaq_d"
"11654","PSMB6","Exc L6 CT",0.0241646591120216,3.01534560917839,0.299531770027018,0.584526713095199,0.852395316219457,0.852395316219457,"plaq_d"
"11655","MINK1","Exc L6 CT",-0.0473423013473766,5.20798448840823,5.44596876919288,0.0201820914371097,0.168919411818972,0.168919411818972,"plaq_d"
"11656","SLC25A11","Exc L6 CT",0.0073407484507518,3.58519649485572,0.04090003024681,0.995772445519971,0.99980392466627,0.99980392466627,"plaq_d"
"11657","RNF167","Exc L6 CT",-0.015713430694605,3.9615763313977,0.326828506044523,0.588920584838914,0.854987442756975,0.854987442756975,"plaq_d"
"11658","PFN1","Exc L6 CT",0.0588469131710612,3.33785921509735,2.11075879517647,0.219808623669207,0.558706652863447,0.558706652863447,"plaq_d"
"11659","SPAG7","Exc L6 CT",-0.0431414226069232,3.83809772323759,1.95426268809982,0.182448498125404,0.512693456766215,0.512693456766215,"plaq_d"
"11660","CAMTA2","Exc L6 CT",-0.0139013866153973,5.4924549570328,0.620644934236049,0.431343686539607,0.756725028855985,0.756725028855985,"plaq_d"
"11661","KIF1C","Exc L6 CT",-0.0483575576474341,3.81563122503871,2.4791414494819,0.16400632190672,0.489435118194267,0.489435118194267,"plaq_d"
"11662","SLC52A1","Exc L6 CT",-0.0758282295571236,1.7871715808682,0.796304594992393,0.372816808146549,0.710955389314004,0.710955389314004,"plaq_d"
"11663","ZFP3","Exc L6 CT",-0.0349138009525262,2.82911772290234,0.574582462327215,0.477345061192295,0.789344129491849,0.789344129491849,"plaq_d"
"11664","ZNF232","Exc L6 CT",-0.0427185917892173,2.48380953789209,0.553271986204206,0.457485464213195,0.775664661561659,0.775664661561659,"plaq_d"
"11665","USP6","Exc L6 CT",-0.0517148683907956,2.74726617327717,1.15101242514246,0.306282337943925,0.651965183652336,0.651965183652336,"plaq_d"
"11666","ZNF594","Exc L6 CT",-0.033898838233665,4.65570013684832,2.08465330605835,0.196815037025172,0.53188460165466,0.53188460165466,"plaq_d"
"11667","AC087500.1","Exc L6 CT",-0.0126260397077817,6.45756422084454,0.706103696631279,0.401316956417243,0.73389913789965,0.73389913789965,"plaq_d"
"11668","SCIMP","Exc L6 CT",-0.0715695283757282,3.27039006053249,2.85532930119122,0.0919666543724823,0.373395136528613,0.373395136528613,"plaq_d"
"11669","RABEP1","Exc L6 CT",-0.00536058470950136,7.38339949257041,0.300632797768857,0.583837338110253,0.852322430026867,0.852322430026867,"plaq_d"
"11670","NUP88","Exc L6 CT",-0.0333693703592116,5.55768749529241,4.27199037855951,0.0394842608206217,0.241467892427217,0.241467892427217,"plaq_d"
"11671","RPAIN","Exc L6 CT",-0.0336584794659798,5.22424709127488,3.41983065242702,0.0652649735601827,0.314022245779542,0.314022245779542,"plaq_d"
"11672","AC004148.2","Exc L6 CT",-0.0734614464643117,1.93480337564313,0.844219680159276,0.358828758186244,0.700718774124955,0.700718774124955,"plaq_d"
"11673","C1QBP","Exc L6 CT",0.0232672953750587,3.91329927716488,0.517058151825436,0.473545464761616,0.785523017290055,0.785523017290055,"plaq_d"
"11674","DHX33","Exc L6 CT",-0.0378241014657806,3.52074587345604,1.05362239727298,0.305386828957128,0.650733404977457,0.650733404977457,"plaq_d"
"11675","DERL2","Exc L6 CT",-0.00144687362684211,3.48480221411035,0.00156925260963498,0.968423733787388,0.998742420766286,0.998742420766286,"plaq_d"
"11676","MIS12","Exc L6 CT",0.0222273054121141,3.03789330841797,0.243134640292194,0.622262042354332,0.872427382326934,0.872427382326934,"plaq_d"
"11677","NLRP1","Exc L6 CT",0.0262521650891497,5.70609899571692,2.07368984841179,0.150757051091407,0.470882731072227,0.470882731072227,"plaq_d"
"11678","AC007846.2","Exc L6 CT",0.227000161460925,1.84751692523296,5.74575457780525,0.0170550813662092,0.153948682735597,0.153948682735597,"plaq_d"
"11679","PITPNM3","Exc L6 CT",-0.0143768062376443,5.30324272009531,0.501840922186532,0.479166320341016,0.789344129491849,0.789344129491849,"plaq_d"
"11680","KIAA0753","Exc L6 CT",0.00409228919347631,5.73015261752929,0.0595995453511498,0.807273783085967,0.958070437365795,0.958070437365795,"plaq_d"
"11681","TXNDC17","Exc L6 CT",-0.00757533920183462,2.11414753929953,0.0105678590070054,0.918180810038191,0.991533338932548,0.991533338932548,"plaq_d"
"11682","MED31","Exc L6 CT",0.0177842918208438,4.77816057252454,0.630530003876641,0.427701797427863,0.753911482278868,0.753911482278868,"plaq_d"
"11683","C17orf100","Exc L6 CT",-0.0309471718479065,4.09421957737462,0.961509872056825,0.327487568098457,0.672253105710165,0.672253105710165,"plaq_d"
"11684","TEKT1","Exc L6 CT",0.00056081570675416,2.42554375030161,0.00011031604544749,0.991625872282945,0.999571689696322,0.999571689696322,"plaq_d"
"11685","ALOX12-AS1","Exc L6 CT",-0.0088169265584554,5.89364472483607,0.208393626162333,0.648314008266181,0.884070139528269,0.884070139528269,"plaq_d"
"11686","ASGR1","Exc L6 CT",0.0565935361734537,2.59638207908632,1.14319153433595,0.285719593177719,0.632521280637319,0.632521280637319,"plaq_d"
"11687","DLG4","Exc L6 CT",0.0294932546177329,5.76858637577749,2.51576597912906,0.113620544976112,0.412800840196092,0.412800840196092,"plaq_d"
"11688","ACADVL","Exc L6 CT",0.00334519056007966,5.80845119874895,0.0241323223117537,0.876638712838966,0.981163755019913,0.981163755019913,"plaq_d"
"11689","DVL2","Exc L6 CT",0.033273637076662,4.10453770416345,1.45541519884741,0.228480048192222,0.570942331847809,0.570942331847809,"plaq_d"
"11690","PHF23","Exc L6 CT",0.0990589776771899,2.52489959062252,3.14918697079104,0.0768384717425076,0.341242055572818,0.341242055572818,"plaq_d"
"11691","GABARAP","Exc L6 CT",-0.0660580463058987,1.63859915313693,0.500958885227592,0.479552581656607,0.789438253489571,0.789438253489571,"plaq_d"
"11692","ELP5","Exc L6 CT",0.0203498084170813,3.52027369945157,0.319714613761897,0.685161977867227,0.900774195488207,0.900774195488207,"plaq_d"
"11693","EIF5A","Exc L6 CT",0.101706507296517,4.28780772905351,8.11392073802691,0.00465367216399987,0.0742730204799801,0.0742730204799801,"plaq_d"
"11694","GPS2","Exc L6 CT",-0.0485357629208844,2.9282721979146,0.81692260789896,0.366706346003691,0.70701334305741,0.70701334305741,"plaq_d"
"11695","TMEM256-PLSCR3","Exc L6 CT",-0.0786103608182989,2.28992925006829,1.51830915179802,0.218706952461803,0.558370181179789,0.558370181179789,"plaq_d"
"11696","NLGN2","Exc L6 CT",0.0341255725148765,4.89775763514104,2.53047600946171,0.112573985466116,0.41115993187308,0.41115993187308,"plaq_d"
"11697","ZBTB4","Exc L6 CT",0.00476749452637662,6.185875633254,0.107861676442663,0.802506904567139,0.956224580644089,0.956224580644089,"plaq_d"
"11698","POLR2A","Exc L6 CT",0.0375092149414582,5.44826059047155,3.73103456553597,0.0542215248851243,0.286659225944271,0.286659225944271,"plaq_d"
"11699","EIF4A1","Exc L6 CT",-0.0593570629191447,3.90778597105661,3.77240978092273,0.0529105602716688,0.283581692357015,0.283581692357015,"plaq_d"
"11700","MPDU1","Exc L6 CT",0.00247716544912113,3.31935723886425,0.00415213377457279,0.948970296393258,0.99802142424354,0.99802142424354,"plaq_d"
"11701","SOX15","Exc L6 CT",-0.104181237523999,3.19412745576831,6.24518154134405,0.0144582730607004,0.141413134906278,0.141413134906278,"plaq_d"
"11702","FXR2","Exc L6 CT",0.0524477856835354,4.4710976651646,4.80034296756376,0.0291163451249155,0.20449901800793,0.20449901800793,"plaq_d"
"11703","SAT2","Exc L6 CT",-0.0651424637036871,5.68431891625162,9.37907863886112,0.0023656092615268,0.0490004473797694,0.0490004473797694,"plaq_d"
"11704","TP53","Exc L6 CT",-0.0874083514084965,2.30088171658064,2.04550720351281,0.153552805720845,0.474969345342743,0.474969345342743,"plaq_d"
"11705","WRAP53","Exc L6 CT",-0.0959200522278388,2.51317043627143,2.82770153840041,0.0935474948588424,0.37602059901165,0.37602059901165,"plaq_d"
"11706","EFNB3","Exc L6 CT",0.0018806799694661,4.40513450714973,0.00443619740432124,0.946934562513616,0.997964805243233,0.997964805243233,"plaq_d"
"11707","DNAH2","Exc L6 CT",-0.114220365579248,3.61664825554113,7.16719486054261,0.00777636994322522,0.098981982053643,0.098981982053643,"plaq_d"
"11708","KDM6B","Exc L6 CT",0.0469073914421885,4.51388116663386,2.75346362718837,0.0979443627264879,0.384617306549515,0.384617306549515,"plaq_d"
"11709","NAA38","Exc L6 CT",-0.0033272576947484,4.65734741265285,0.0165334691594257,0.897762219215683,0.986539374335313,0.986539374335313,"plaq_d"
"11710","CYB5D1","Exc L6 CT",-0.0205510393519527,3.22244790535541,0.304789442924232,0.740181545326492,0.928661774628954,0.928661774628954,"plaq_d"
"11711","CHD3","Exc L6 CT",0.0237530555872006,6.2589290824617,1.87140888279236,0.172195973038576,0.499235430133824,0.499235430133824,"plaq_d"
"11712","RNF227","Exc L6 CT",0.112056754401676,2.39083364802737,3.47493464160952,0.0631465437580657,0.309288702988805,0.309288702988805,"plaq_d"
"11713","KCNAB3","Exc L6 CT",0.086983063879649,2.94697369252122,2.88973573578013,0.0900385580229025,0.368028132111784,0.368028132111784,"plaq_d"
"11714","TRAPPC1","Exc L6 CT",0.00775830072251032,2.5328344385229,0.0184536622509401,0.892022903397021,0.98553812105169,0.98553812105169,"plaq_d"
"11715","CNTROB","Exc L6 CT",-0.0664519103647464,3.53087076548132,3.13407174318814,0.0775469884039687,0.342233735457858,0.342233735457858,"plaq_d"
"11716","ALOX15B","Exc L6 CT",0.157602060012986,1.5152969999452,2.58060248927975,0.109086921706521,0.406211930907158,0.406211930907158,"plaq_d"
"11717","PER1","Exc L6 CT",0.0395493223119001,4.95178046655492,2.09931305273768,0.148265286975576,0.467154097461237,0.467154097461237,"plaq_d"
"11718","TMEM107","Exc L6 CT",-0.0466452210684648,3.00721976734077,1.22166744759904,0.387831151838872,0.722202775575091,0.722202775575091,"plaq_d"
"11719","CTC1","Exc L6 CT",-0.0410844428453572,4.29796470860868,2.56248673992494,0.11033318870708,0.408225519257972,0.408225519257972,"plaq_d"
"11720","PFAS","Exc L6 CT",-0.0416617926104267,3.25546784117214,1.19285403336685,0.27550972013099,0.623384664953381,0.623384664953381,"plaq_d"
"11721","RANGRF","Exc L6 CT",-0.0656578419785096,3.03338219838426,2.07844030716481,0.150291519075092,0.470491266332186,0.470491266332186,"plaq_d"
"11722","NDEL1","Exc L6 CT",-0.0107568145619962,5.04410298942629,0.324983244740409,0.568995812743341,0.842635914026658,0.842635914026658,"plaq_d"
"11723","MYH10","Exc L6 CT",0.0283662365983629,7.89007259853232,8.08163260689049,0.00473536755594317,0.0749948859574894,0.0749948859574894,"plaq_d"
"11724","NTN1","Exc L6 CT",-0.133448026517128,3.49047880339982,5.42736405420209,0.0203947865112174,0.170106226312564,0.170106226312564,"plaq_d"
"11725","STX8","Exc L6 CT",0.00591603260540252,7.21519412173545,0.226209401282032,0.945224979788281,0.997609533382524,0.997609533382524,"plaq_d"
"11726","AC005695.2","Exc L6 CT",-0.0217944810066281,2.75352282541202,0.182891529788665,0.702400842615903,0.909831806960781,0.909831806960781,"plaq_d"
"11727","CFAP52","Exc L6 CT",0.0134106695945961,3.72656370712334,0.137282608428495,0.71122284439226,0.913083741980474,0.913083741980474,"plaq_d"
"11728","USP43","Exc L6 CT",0.00811105704011405,5.30328477505491,0.0745879596500227,0.784932133741492,0.949623488583821,0.949623488583821,"plaq_d"
"11729","AC027045.2","Exc L6 CT",-0.0396273356644836,1.68553063753205,0.174134592674418,0.676720275643644,0.896053450075137,0.896053450075137,"plaq_d"
"11730","GLP2R","Exc L6 CT",0.122022736770783,1.82557923482213,1.56290501470604,0.212079912153973,0.549044120108991,0.549044120108991,"plaq_d"
"11731","RCVRN","Exc L6 CT",0.110218701005393,2.38620456445398,2.0352293714636,0.154587020588289,0.475723546042968,0.475723546042968,"plaq_d"
"11732","GAS7","Exc L6 CT",0.00936330599653011,8.88383411575932,0.864806659547841,0.353041329081644,0.696244510389889,0.696244510389889,"plaq_d"
"11733","MYH13","Exc L6 CT",0.0217302333031467,2.09579456875829,0.100834506932938,0.75102081609382,0.93429793194665,0.93429793194665,"plaq_d"
"11734","MYHAS","Exc L6 CT",0.0858050705198354,2.32282939517218,1.21697190065428,0.270717577189192,0.618110489548646,0.618110489548646,"plaq_d"
"11735","SCO1","Exc L6 CT",-0.062650369309346,3.66664916639831,3.52955738087249,0.0611191146573024,0.305298672660141,0.305298672660141,"plaq_d"
"11736","ADPRM","Exc L6 CT",-0.0252661069593539,2.96647236444254,0.30924716488199,0.578499691302894,0.84954417586417,0.84954417586417,"plaq_d"
"11737","SHISA6","Exc L6 CT",-0.0635762969933052,2.9768161677731,0.748160012127806,0.387654922452302,0.722137715272171,0.722137715272171,"plaq_d"
"11738","DNAH9","Exc L6 CT",-0.0626363333464906,4.61752063180668,4.85839181293893,0.0281657382866649,0.201628030022291,0.201628030022291,"plaq_d"
"11739","AC005410.2","Exc L6 CT",0.0094245177306928,2.79329914337963,0.0327407877848805,0.85651668291141,0.975107136969453,0.975107136969453,"plaq_d"
"11740","ZNF18","Exc L6 CT",-0.0590314260476725,3.31699543519977,2.25006583491189,0.134514868253486,0.44691990205901,0.44691990205901,"plaq_d"
"11741","MAP2K4","Exc L6 CT",0.0484414793959415,7.99814842490273,24.0185767512607,1.46509727758436e-06,0.000354794168834941,0.000354794168834941,"plaq_d"
"11742","MYOCD","Exc L6 CT",-0.000371187760649349,2.24526614255379,3.38770007224827e-05,0.995359355897641,0.999785330471245,0.999785330471245,"plaq_d"
"11743","ARHGAP44","Exc L6 CT",0.00935655345528715,8.46927539610719,0.953754109740864,0.940627696827924,0.997075055116324,0.997075055116324,"plaq_d"
"11744","ELAC2","Exc L6 CT",-0.0411441072609691,3.81484760459193,1.78285213595846,0.270301461956419,0.618110489548646,0.618110489548646,"plaq_d"
"11745","HS3ST3A1","Exc L6 CT",0.0103549129434247,2.60929681881355,0.0252191515216941,0.873914269423503,0.980302874204998,0.980302874204998,"plaq_d"
"11746","AC005304.3","Exc L6 CT",-0.000515364665702026,2.61687500945512,0.000121589213522243,0.991208419764431,0.999571689696322,0.999571689696322,"plaq_d"
"11747","COX10","Exc L6 CT",0.00689020589448334,4.69092977135911,0.083743910464585,0.772458694518208,0.943919477657594,0.943919477657594,"plaq_d"
"11748","AC005224.1","Exc L6 CT",0.0563270166923928,2.35175907986451,0.883248423364524,0.347964997206423,0.691797279351424,0.691797279351424,"plaq_d"
"11749","PMP22","Exc L6 CT",0.0520252319056599,3.01004809965594,0.917997363286207,0.3386661323936,0.682547618918979,0.682547618918979,"plaq_d"
"11750","AC005703.4","Exc L6 CT",-0.0441033444425047,3.05657377656945,0.927876924211432,0.336083694642144,0.680678231298298,0.680678231298298,"plaq_d"
"11751","TRIM16","Exc L6 CT",0.00160483942587759,4.36591794649678,0.0031984119087941,0.954932515399807,0.998443933033468,0.998443933033468,"plaq_d"
"11752","ZSWIM7","Exc L6 CT",-0.0244283917699908,5.01399127651093,1.11063988989968,0.29267362964557,0.639934625209239,0.639934625209239,"plaq_d"
"11753","TTC19","Exc L6 CT",-0.0209351134112283,6.96200796884174,2.4628411722578,0.117476023328153,0.418817442256587,0.418817442256587,"plaq_d"
"11754","AC002553.2","Exc L6 CT",0.00336897655020754,2.01894235906,0.00166785176171072,0.967447382640216,0.998742420766286,0.998742420766286,"plaq_d"
"11755","NCOR1","Exc L6 CT",0.0141065191647625,7.71474721648591,2.14401311291466,0.144029274391467,0.460663282412698,0.460663282412698,"plaq_d"
"11756","PIGL","Exc L6 CT",-0.0406301539212126,6.05090795224334,5.33788153382398,0.0214508289649735,0.173877327578693,0.173877327578693,"plaq_d"
"11757","CENPV","Exc L6 CT",-0.0196828800775749,5.06374093333362,0.789525556984268,0.374857029114493,0.711274784649037,0.711274784649037,"plaq_d"
"11758","UBB","Exc L6 CT",0.0263482844849947,5.79291572337792,1.18909660062637,0.276265893197237,0.624551794752443,0.624551794752443,"plaq_d"
"11759","TRPV2","Exc L6 CT",-0.0115632069901221,2.78603733450243,0.040237246778515,0.841134538655551,0.969513185327633,0.969513185327633,"plaq_d"
"11760","LRRC75A","Exc L6 CT",-0.024340207465939,3.99220265417451,0.61927016117619,0.431853909197331,0.756970577957031,0.756970577957031,"plaq_d"
"11761","ZNF287","Exc L6 CT",0.000408773221864481,3.27967816002753,0.000111287784397736,0.991589072001326,0.999571689696322,0.999571689696322,"plaq_d"
"11762","ZNF624","Exc L6 CT",-0.0198605073739177,2.80970402661592,0.146737103423148,0.896070342733042,0.986281603373151,0.986281603373151,"plaq_d"
"11763","AC098850.3","Exc L6 CT",-0.010153168193893,6.61137277954142,0.0865217552496268,0.768821757285302,0.942274648210388,0.942274648210388,"plaq_d"
"11764","AC104024.2","Exc L6 CT",0.00461719192886642,2.25978756971159,0.00426806052348903,0.947948434013741,0.997964805243233,0.997964805243233,"plaq_d"
"11765","MPRIP","Exc L6 CT",-0.00700038245553524,7.23676042631705,0.397010972395101,0.810613148225859,0.959172290506699,0.959172290506699,"plaq_d"
"11766","MPRIP-AS1","Exc L6 CT",0.0524600876891127,1.92317452845778,0.547685316604543,0.459763704326191,0.776120812321745,0.776120812321745,"plaq_d"
"11767","PLD6","Exc L6 CT",0.10198730314613,3.05255241538263,5.6701811363996,0.0177926672454502,0.157529666460948,0.157529666460948,"plaq_d"
"11768","AC055811.2","Exc L6 CT",0.0922035039423741,2.48407056060784,2.48732836794308,0.115674442451256,0.416087162325362,0.416087162325362,"plaq_d"
"11769","COPS3","Exc L6 CT",-0.0272544990679221,4.09290637178124,1.05367511498742,0.305374748055449,0.650733404977457,0.650733404977457,"plaq_d"
"11770","NT5M","Exc L6 CT",0.00334466978873469,3.93836123488548,0.0119841486707507,0.994216819750028,0.999633003011692,0.999633003011692,"plaq_d"
"11771","MED9","Exc L6 CT",-0.0163818802580674,4.89066663702779,0.51830882761789,0.472046948434083,0.784466034734227,0.784466034734227,"plaq_d"
"11772","RASD1","Exc L6 CT",0.109542977987667,5.21406114210416,14.16755968842,0.00019620748170391,0.00987623393919402,0.00987623393919402,"plaq_d"
"11773","PEMT","Exc L6 CT",-0.0686372656296354,3.65761115063136,3.39629110412668,0.0661930408935955,0.315583550467567,0.315583550467567,"plaq_d"
"11774","AC020558.1","Exc L6 CT",0.00222796904444371,3.04389592886836,0.00270764406537234,0.958530622181062,0.998742420766286,0.998742420766286,"plaq_d"
"11775","RAI1","Exc L6 CT",-0.0249934096448555,6.19731029668882,2.63635031886563,0.105348135054917,0.39808433319174,0.39808433319174,"plaq_d"
"11776","SMCR5","Exc L6 CT",-0.147793706970505,2.80972626354289,7.46428351781216,0.00661432531037048,0.0910701152739702,0.0910701152739702,"plaq_d"
"11777","SREBF1","Exc L6 CT",-0.079034432974749,3.81583602994433,5.74220437548811,0.0170890109773819,0.153948682735597,0.153948682735597,"plaq_d"
"11778","TOM1L2","Exc L6 CT",-0.00275683315429995,6.97847225868777,0.0573601086093084,0.810859042474752,0.959172290506699,0.959172290506699,"plaq_d"
"11779","DRC3","Exc L6 CT",-0.0634077084858944,3.63413099397873,3.19836449958978,0.0745812574738153,0.334894504863707,0.334894504863707,"plaq_d"
"11780","ATPAF2","Exc L6 CT",-0.00333600241184171,4.92178670269728,0.027086892895629,0.869369316661922,0.978798489635663,0.978798489635663,"plaq_d"
"11781","GID4","Exc L6 CT",0.0520900371031869,3.94851644478987,3.50601187486671,0.0619843794148261,0.306683083470051,0.306683083470051,"plaq_d"
"11782","DRG2","Exc L6 CT",-0.0341172102253286,4.25921154494395,1.66519619480471,0.197759439757827,0.532637024275712,0.532637024275712,"plaq_d"
"11783","MYO15A","Exc L6 CT",0.00701222765709847,4.11112029418426,0.0634428171639284,0.897921041721302,0.986539374335313,0.986539374335313,"plaq_d"
"11784","AC087164.1","Exc L6 CT",0.0090985772571468,2.59214028379547,0.0232472632241468,0.878904141354164,0.982373752376257,0.982373752376257,"plaq_d"
"11785","ALKBH5","Exc L6 CT",0.0303305565394678,5.43338180291445,3.33910267062051,0.0685072620683712,0.320829715268794,0.320829715268794,"plaq_d"
"11786","LLGL1","Exc L6 CT",-0.0295430007642349,2.03349264886904,0.15112984947099,0.697695570988361,0.907811409973648,0.907811409973648,"plaq_d"
"11787","FLII","Exc L6 CT",0.0462784392789355,3.73500786972692,1.92827090408183,0.16583535945448,0.491632173539268,0.491632173539268,"plaq_d"
"11788","MIEF2","Exc L6 CT",0.00622164249791066,2.89999834781771,0.0170199740780966,0.896277343564879,0.986377848632367,0.986377848632367,"plaq_d"
"11789","TOP3A","Exc L6 CT",-0.0477118870940203,5.21704443354449,6.55487703321032,0.0108810677211369,0.121241370676073,0.121241370676073,"plaq_d"
"11790","SMCR8","Exc L6 CT",0.00857864040551547,3.6944296290568,0.0797998968969665,0.777736611121705,0.946432481294003,0.946432481294003,"plaq_d"
"11791","SHMT1","Exc L6 CT",-0.0601325316422722,3.47538430957335,2.89642092238429,0.0896690644699582,0.367451729163384,0.367451729163384,"plaq_d"
"11792","ZNF286B","Exc L6 CT",-0.0239161703896679,3.56163675186563,0.499104490637185,0.480366325429239,0.79010792222773,0.79010792222773,"plaq_d"
"11793","TRIM16L","Exc L6 CT",0.0034138907548982,3.26962213279691,0.0069942481867135,0.933397383504208,0.995273589580518,0.995273589580518,"plaq_d"
"11794","TVP23B","Exc L6 CT",-0.0510815433415193,3.31766304681471,1.61457325406042,0.204698438623512,0.540010760935326,0.540010760935326,"plaq_d"
"11795","PRPSAP2","Exc L6 CT",-0.00294647596835114,5.4213921514672,0.0202753007050082,0.886853238792328,0.984501043664535,0.984501043664535,"plaq_d"
"11796","EPN2","Exc L6 CT",0.00889654974694657,7.04796611522577,0.598681375757092,0.503113261046862,0.80511544086601,0.80511544086601,"plaq_d"
"11797","EPN2-AS1","Exc L6 CT",-0.111014636810968,1.89735563429049,1.79592035955292,0.181080311688609,0.511132306088645,0.511132306088645,"plaq_d"
"11798","B9D1","Exc L6 CT",-0.0677815621306658,4.44608767426526,6.45356227232956,0.0115067778109265,0.124891364985537,0.124891364985537,"plaq_d"
"11799","MAPK7","Exc L6 CT",0.014286280633982,2.11169991478812,0.0450835770473048,0.884093378777151,0.984103323349251,0.984103323349251,"plaq_d"
"11800","RNF112","Exc L6 CT",0.000157049689447011,4.96510635345275,6.87257995113681e-05,0.993390278558176,0.999633003011692,0.999633003011692,"plaq_d"
"11801","AC004448.2","Exc L6 CT",0.00387629744094453,2.53908399259621,0.00525545672195472,0.942249982771864,0.997507548890635,0.997507548890635,"plaq_d"
"11802","LINC02094","Exc L6 CT",-0.115445986440476,2.32036440229092,3.25718491226197,0.0719749414047459,0.328415612191037,0.328415612191037,"plaq_d"
"11803","SLC47A1","Exc L6 CT",-0.0229504083735605,5.50880882591221,0.627203812187165,0.428922026497164,0.754850864432071,0.754850864432071,"plaq_d"
"11804","AC025627.1","Exc L6 CT",-0.107236472633144,2.4946192179483,3.50578554589987,0.0619927599956828,0.306683083470051,0.306683083470051,"plaq_d"
"11805","ALDH3A2","Exc L6 CT",0.0146064200130967,6.47304202029387,0.646505744121208,0.4219133414524,0.749582187282334,0.749582187282334,"plaq_d"
"11806","SLC47A2","Exc L6 CT",-0.0639577011934766,2.19317888440514,0.878282458601728,0.447785214980646,0.768699732275385,0.768699732275385,"plaq_d"
"11807","ULK2","Exc L6 CT",0.00852003288786576,6.48670528375414,0.419518506363645,0.618019146273963,0.870751043776294,0.870751043776294,"plaq_d"
"11808","AC015726.1","Exc L6 CT",0.0362784462969764,1.99737049025971,0.229885410550274,0.631909807649449,0.876915028128379,0.876915028128379,"plaq_d"
"11809","AKAP10","Exc L6 CT",-0.0060917509065711,6.26995934576574,0.227269088458806,0.63385523000276,0.877838984164729,0.877838984164729,"plaq_d"
"11810","SPECC1","Exc L6 CT",0.0387745836217093,6.73756344915653,7.20969161657401,0.00759806899254389,0.097924620605785,0.097924620605785,"plaq_d"
"11811","CCDC144NL","Exc L6 CT",-0.0330136859823199,4.1952754122508,0.265882717078245,0.606434385768797,0.863865962549733,0.863865962549733,"plaq_d"
"11812","CCDC144NL-AS1","Exc L6 CT",-0.00623052028987723,5.07568592203506,0.0292013041263643,0.864414319354103,0.977323350307511,0.977323350307511,"plaq_d"
"11813","USP22","Exc L6 CT",-0.00228215073363109,6.97443535112895,0.037581270623767,0.896764333629377,0.986400474577166,0.986400474577166,"plaq_d"
"11814","DHRS7B","Exc L6 CT",-0.0676256268173789,5.38613420272103,9.77808188142787,0.00191476774486908,0.0427069845972625,0.0427069845972625,"plaq_d"
"11815","TMEM11","Exc L6 CT",-0.0158318031478665,3.12598098949339,0.155504022443384,0.693571455773462,0.905473354250001,0.905473354250001,"plaq_d"
"11816","AC087294.1","Exc L6 CT",0.0151288600484832,3.07351460705015,0.110040610592914,0.740297480247421,0.928661774628954,0.928661774628954,"plaq_d"
"11817","MAP2K3","Exc L6 CT",0.0128637718585373,3.94783746834972,0.153763048498366,0.69520478369269,0.906372764539029,0.906372764539029,"plaq_d"
"11818","KCNJ12","Exc L6 CT",-0.0508029089042707,3.79035887801959,2.29211950547436,0.130939403489547,0.441246173369736,0.441246173369736,"plaq_d"
"11819","C17orf51","Exc L6 CT",0.0152300029209649,5.4990328176717,0.463294652517705,0.496540580582465,0.801187872457427,0.801187872457427,"plaq_d"
"11820","MTRNR2L1","Exc L6 CT",0.229378366337697,2.59959283917375,2.16885445940151,0.141734435410901,0.457798728331911,0.457798728331911,"plaq_d"
"11821","WSB1","Exc L6 CT",-0.06998863889126,7.48039516578027,17.4625632770263,3.70966439865669e-05,0.00325636150506474,0.00325636150506474,"plaq_d"
"11822","KSR1","Exc L6 CT",0.00915013690567539,5.30100418406515,0.182322237665818,0.796676103371667,0.953693327389852,0.953693327389852,"plaq_d"
"11823","AC005697.1","Exc L6 CT",-0.0905155873666396,4.73487742619216,6.07059887211948,0.0142277358668856,0.140001698933483,0.140001698933483,"plaq_d"
"11824","AC005697.2","Exc L6 CT",-0.138022765158237,1.76489203994619,2.76810834052363,0.097059416315226,0.383316633394739,0.383316633394739,"plaq_d"
"11825","NLK","Exc L6 CT",-0.00378862134183017,7.91838259774353,0.0662634815902601,0.797008982123392,0.953693327389852,0.953693327389852,"plaq_d"
"11826","TMEM97","Exc L6 CT",-0.035322282008991,2.77533041560061,0.4842493932312,0.486967996853799,0.794288611229015,0.794288611229015,"plaq_d"
"11827","IFT20","Exc L6 CT",0.00757231783597665,5.26767086034719,0.137610358615509,0.71089388027288,0.913083741980474,0.913083741980474,"plaq_d"
"11828","TNFAIP1","Exc L6 CT",0.0157805538554717,4.03938368783744,0.309348176435729,0.578437682285111,0.849539774961891,0.849539774961891,"plaq_d"
"11829","POLDIP2","Exc L6 CT",-0.0250962742602424,4.22440349742173,0.921649966303038,0.337708272146602,0.681762485741477,0.681762485741477,"plaq_d"
"11830","TMEM199","Exc L6 CT",-0.0795286790298421,3.24295765473623,4.35514397338095,0.037624260755913,0.235392810883148,0.235392810883148,"plaq_d"
"11831","SARM1","Exc L6 CT",-0.0694494810924333,6.11157933531056,17.0439104191781,4.57604638118804e-05,0.00374202070707068,0.00374202070707068,"plaq_d"
"11832","SLC46A1","Exc L6 CT",-0.0436786969344306,2.83468357280864,0.874057601435241,0.350482341536885,0.693521332438791,0.693521332438791,"plaq_d"
"11833","AC005726.1","Exc L6 CT",0.0640039782912602,6.27394637578228,14.2430920609257,0.000188786443269431,0.00968347557652406,0.00968347557652406,"plaq_d"
"11834","AC005726.5","Exc L6 CT",-0.172582853760109,3.27722987132435,13.5895950432295,0.00026370721207153,0.011852719974689,0.011852719974689,"plaq_d"
"11835","KIAA0100","Exc L6 CT",-0.0142768734290553,4.8512018288364,0.471853221680759,0.496657695256846,0.801287031370341,0.801287031370341,"plaq_d"
"11836","SDF2","Exc L6 CT",-0.0662967257961076,3.78850467092709,4.26603809165759,0.0443406522473885,0.256674207054444,0.256674207054444,"plaq_d"
"11837","SUPT6H","Exc L6 CT",0.0366979128491493,5.67499699244809,5.44794034410036,0.0201596872629606,0.168919411818972,0.168919411818972,"plaq_d"
"11838","RPL23A","Exc L6 CT",-0.0347415242042579,4.56881956221611,1.04922795874539,0.306396054364774,0.65206678374039,0.65206678374039,"plaq_d"
"11839","NEK8","Exc L6 CT",-0.0519303321112983,1.89388129499013,0.398170460213956,0.528449591866507,0.818633414883271,0.818633414883271,"plaq_d"
"11840","FAM222B","Exc L6 CT",-0.0231252455280451,6.66239357500231,2.45830431582168,0.117813216472656,0.419707761529412,0.419707761529412,"plaq_d"
"11841","ERAL1","Exc L6 CT",0.0229068357529198,3.81522172034515,0.581655246605022,0.5197150329882,0.813811715900621,0.813811715900621,"plaq_d"
"11842","FLOT2","Exc L6 CT",0.0193708634233283,5.58534372023578,1.12557230238284,0.289457073604806,0.636089762114913,0.636089762114913,"plaq_d"
"11843","DHRS13","Exc L6 CT",-0.04237103031944,2.13406338342181,0.357314420956118,0.550390093446943,0.831593351697929,0.831593351697929,"plaq_d"
"11844","PHF12","Exc L6 CT",0.0145488300692424,5.03923273849037,0.4564070865191,0.499756340786085,0.803135999325349,0.803135999325349,"plaq_d"
"11845","PIPOX","Exc L6 CT",-0.0294768219144033,2.95991380218303,0.339356349640018,0.560578017721685,0.838188735263956,0.838188735263956,"plaq_d"
"11846","SEZ6","Exc L6 CT",-0.0479447319882911,5.04676412635015,3.48628353761784,0.0627194597131297,0.308286735845991,0.308286735845991,"plaq_d"
"11847","MYO18A","Exc L6 CT",-0.0418838444082319,5.08004797831643,4.87701590681937,0.0278676734043276,0.200436246928321,0.200436246928321,"plaq_d"
"11848","AC024619.3","Exc L6 CT",-0.0756544013780011,1.95824527349039,0.855538899362711,0.355630695293092,0.698227395366595,0.698227395366595,"plaq_d"
"11849","NUFIP2","Exc L6 CT",0.0311641053997102,6.31276329151076,5.31664371216465,0.0217097227893386,0.175081290147258,0.175081290147258,"plaq_d"
"11850","AC068025.2","Exc L6 CT",-0.211219157316123,2.39740044567043,9.0697979519803,0.00278860624425178,0.0546187421663246,0.0546187421663246,"plaq_d"
"11851","AC068025.1","Exc L6 CT",-0.174214634063669,2.47414555294099,4.0709336748297,0.0443938733827073,0.256674207054444,0.256674207054444,"plaq_d"
"11852","TAOK1","Exc L6 CT",0.0334379003432006,7.9198807666224,11.6110808352181,0.000732332165326726,0.0231706678066891,0.0231706678066891,"plaq_d"
"11853","ABHD15-AS1","Exc L6 CT",-0.0429722366459417,3.8471380980171,1.67156787439698,0.196905852984144,0.531902964670147,0.531902964670147,"plaq_d"
"11854","GIT1","Exc L6 CT",0.0290152899685428,5.75429190638888,2.83500447110114,0.0931267622363373,0.375522661727656,0.375522661727656,"plaq_d"
"11855","CORO6","Exc L6 CT",-0.0216326537521509,6.12224797541842,1.38919788897103,0.239345412977722,0.584295748837447,0.584295748837447,"plaq_d"
"11856","SSH2","Exc L6 CT",0.00234062352076352,8.62560649574587,0.0612906030064377,0.938920754755713,0.996366149599237,0.996366149599237,"plaq_d"
"11857","AC023389.1","Exc L6 CT",-0.128534139156091,3.2302708218784,9.30881054724333,0.0024555803565571,0.0502138278593693,0.0502138278593693,"plaq_d"
"11858","EFCAB5","Exc L6 CT",0.0848031433547076,5.36435262361865,9.68560573180947,0.00201078302502313,0.0439259976149212,0.0439259976149212,"plaq_d"
"11859","AC104984.2","Exc L6 CT",0.0165108732775987,2.10064743858815,0.0574378945769254,0.810733280726938,0.959172290506699,0.959172290506699,"plaq_d"
"11860","NSRP1","Exc L6 CT",-0.0018987391689625,5.47648122589386,0.00949780040273663,0.962587549129903,0.998742420766286,0.998742420766286,"plaq_d"
"11861","BLMH","Exc L6 CT",-0.0057486267869995,4.83516068552531,0.0645120847238303,0.833932126758192,0.96728960782902,0.96728960782902,"plaq_d"
"11862","CPD","Exc L6 CT",0.0535588090376788,5.9827184084441,10.0197007095397,0.0016853475762428,0.0395192552907802,0.0395192552907802,"plaq_d"
"11863","GOSR1","Exc L6 CT",0.01534747439124,6.03301273805469,1.10828036407752,0.528847671379859,0.818824887836237,0.818824887836237,"plaq_d"
"11864","AC127024.2","Exc L6 CT",-0.0755512305815792,4.59273260938846,5.88566156375715,0.0157720731550775,0.148267969573565,0.148267969573565,"plaq_d"
"11865","CRLF3","Exc L6 CT",-0.0501279890561649,6.25714808714775,7.82664103443711,0.00543441644051184,0.0814936032058421,0.0814936032058421,"plaq_d"
"11866","AC127024.5","Exc L6 CT",0.036833399570799,2.76171368101217,0.43908037204805,0.508005023145205,0.806906139178239,0.806906139178239,"plaq_d"
"11867","AC127024.6","Exc L6 CT",0.0697410528794887,2.55275009322839,1.50789159497375,0.220290520508359,0.559235847675103,0.559235847675103,"plaq_d"
"11868","ATAD5","Exc L6 CT",0.000114146495754287,4.62518914813915,3.76630054273734e-05,0.995106912321047,0.999785330471245,0.999785330471245,"plaq_d"
"11869","AC130324.2","Exc L6 CT",0.0273341210626933,4.669699103959,0.815591242758312,0.367096677052969,0.707319404997387,0.707319404997387,"plaq_d"
"11870","TEFM","Exc L6 CT",-0.0268929424146289,5.25385408279832,1.83026552497862,0.176973966025222,0.506599081414005,0.506599081414005,"plaq_d"
"11871","ADAP2","Exc L6 CT",0.0542396629868132,2.8539858759046,1.27755293339867,0.259132492816357,0.606427076157111,0.606427076157111,"plaq_d"
"11872","NF1","Exc L6 CT",-0.00477681896256341,8.23208647405986,0.229830575388846,0.631950441474898,0.876915028128379,0.876915028128379,"plaq_d"
"11873","OMG","Exc L6 CT",0.06289876265378,5.89896027234078,7.49610088560514,0.00650093011569563,0.0904503371240759,0.0904503371240759,"plaq_d"
"11874","RAB11FIP4","Exc L6 CT",0.0154986723444054,7.48159731527232,1.16321385978105,0.281546577731166,0.627848623274301,0.627848623274301,"plaq_d"
"11875","COPRS","Exc L6 CT",-0.00128526252320432,4.51255466763571,0.00246079618865228,0.960464478840897,0.998742420766286,0.998742420766286,"plaq_d"
"11876","UTP6","Exc L6 CT",-0.0028914166607763,4.97451062355852,0.0219383217880939,0.882337031307609,0.983480769739443,0.983480769739443,"plaq_d"
"11877","AC004253.1","Exc L6 CT",-0.105177867672809,2.28248808305852,2.48089971054562,0.116144429694159,0.416649690973613,0.416649690973613,"plaq_d"
"11878","SUZ12","Exc L6 CT",0.00143927773122758,6.9173418969928,0.0132433558676062,0.908448219930052,0.989447950029737,0.989447950029737,"plaq_d"
"11879","LRRC37B","Exc L6 CT",0.0193379052161244,6.81941450939052,2.20138176452717,0.138791688920787,0.453482785679449,0.453482785679449,"plaq_d"
"11880","AC116407.2","Exc L6 CT",-0.0136271358636481,2.4707082650238,0.0583843919962,0.809210174924096,0.958718597498748,0.958718597498748,"plaq_d"
"11881","RHOT1","Exc L6 CT",0.00294312389625732,7.05713957754253,0.075764774354818,0.785710059132242,0.949842286091107,0.949842286091107,"plaq_d"
"11882","RHBDL3","Exc L6 CT",0.0284159392138877,6.79792016374374,1.79063782761244,0.18172166163586,0.511592188745267,0.511592188745267,"plaq_d"
"11883","C17orf75","Exc L6 CT",-0.0126754181132865,3.97667185318015,0.179299465517386,0.672237389505338,0.895548968504857,0.895548968504857,"plaq_d"
"11884","ZNF207","Exc L6 CT",0.0210357076605384,6.79298150894686,2.83232054452143,0.0932811465427998,0.375522661727656,0.375522661727656,"plaq_d"
"11885","AC005899.6","Exc L6 CT",0.0337248946302681,1.80469714612051,0.188251484272244,0.710930615638637,0.913083741980474,0.913083741980474,"plaq_d"
"11886","AC005899.7","Exc L6 CT",-0.103777799710133,2.55499102268143,3.94003008359354,0.0479342838384168,0.267322351931726,0.267322351931726,"plaq_d"
"11887","AC005899.5","Exc L6 CT",-0.0462544599756766,2.77764180408794,0.899240394405114,0.343643135539182,0.687955302353229,0.687955302353229,"plaq_d"
"11888","AC005899.8","Exc L6 CT",-0.0924187611884127,2.85584477868388,2.94038970447337,0.0872796441370023,0.361963327735328,0.361963327735328,"plaq_d"
"11889","AC005899.1","Exc L6 CT",-0.0854107704268881,2.23471829153439,1.78938110483931,0.181874628272377,0.511780130689824,0.511780130689824,"plaq_d"
"11890","PSMD11","Exc L6 CT",-0.00619784842046747,5.89095042991733,0.161631528642891,0.78855598870695,0.950997069064694,0.950997069064694,"plaq_d"
"11891","CDK5R1","Exc L6 CT",0.0812362289325643,6.60312368128164,23.3103072112428,2.06778865078407e-06,0.00043545369154211,0.00043545369154211,"plaq_d"
"11892","MYO1D","Exc L6 CT",0.00330253104911191,7.38985173559813,0.0566979766601468,0.811933225801338,0.959327443190962,0.959327443190962,"plaq_d"
"11893","AC079336.4","Exc L6 CT",-0.139359034102111,2.00606121391074,3.16784028414838,0.0759737337215866,0.339347772465393,0.339347772465393,"plaq_d"
"11894","ASIC2","Exc L6 CT",-0.0116665867407506,11.8253556057638,0.634160665670425,0.426375850700758,0.752850101200747,0.752850101200747,"plaq_d"
"11895","AC011824.2","Exc L6 CT",-0.0599332709708836,4.0557401668334,2.26177879837073,0.133508133789696,0.445553241711905,0.445553241711905,"plaq_d"
"11896","AC011824.1","Exc L6 CT",0.0342607850298083,1.9574302314005,0.250111733078704,0.617312325736482,0.870063465958722,0.870063465958722,"plaq_d"
"11897","AC004147.2","Exc L6 CT",-0.0489194549145837,2.99909763483241,1.12757356272653,0.307480829681715,0.652689915835421,0.652689915835421,"plaq_d"
"11898","CCT6B","Exc L6 CT",-0.0358852089121895,2.57696689930495,0.367521426005609,0.544753423959316,0.828729820492266,0.828729820492266,"plaq_d"
"11899","ZNF830","Exc L6 CT",0.0497516656001505,3.21967641722251,1.49838358838207,0.221747840045568,0.560746462538514,0.560746462538514,"plaq_d"
"11900","LIG3","Exc L6 CT",-0.0329460875495166,3.77085243749845,1.0289056104588,0.311120159407281,0.655862617488245,0.655862617488245,"plaq_d"
"11901","RFFL","Exc L6 CT",0.0222142860940241,2.75748666782401,0.268976786502466,0.604348408503366,0.862668796548841,0.862668796548841,"plaq_d"
"11902","NLE1","Exc L6 CT",0.0127818269787932,2.38903734845121,0.0523245689388744,0.834462981654509,0.967458249488469,0.967458249488469,"plaq_d"
"11903","SLFN5","Exc L6 CT",0.0315086977580507,2.80533450153337,0.342469501585559,0.558786283114051,0.837242282312585,0.837242282312585,"plaq_d"
"11904","LINC02001","Exc L6 CT",-0.0969592093933293,3.87292054067724,9.20122579718676,0.00260014768720911,0.0524100268096962,0.0524100268096962,"plaq_d"
"11905","AP2B1","Exc L6 CT",-0.0128675594137863,6.67315015440851,1.06673391961773,0.302401163710539,0.648589912010478,0.648589912010478,"plaq_d"
"11906","TAF15","Exc L6 CT",-0.00616275254221934,7.35127815951781,0.325391198614215,0.568753509434684,0.842570174776703,0.842570174776703,"plaq_d"
"11907","MMP28","Exc L6 CT",-0.0141590544629222,2.95470714317386,0.105567578591039,0.745605667150005,0.9313232179284,0.9313232179284,"plaq_d"
"11908","AC015849.3","Exc L6 CT",-0.0519646572656257,2.96553902492569,1.02530127389812,0.311967919300546,0.656411312225251,0.656411312225251,"plaq_d"
"11909","AC015849.1","Exc L6 CT",0.0489376923211433,2.73570696082266,0.748785805835236,0.387456714648402,0.721861895182917,0.721861895182917,"plaq_d"
"11910","AC243829.2","Exc L6 CT",-0.366644321437945,1.90368545292994,4.84429662810969,0.0283935363693877,0.202701794894094,0.202701794894094,"plaq_d"
"11911","AC243829.1","Exc L6 CT",0.0184572094867185,3.68609162717153,0.087803804053394,0.767164609474994,0.941167531982691,0.941167531982691,"plaq_d"
"11912","ZNHIT3","Exc L6 CT",-0.0421359302704071,4.07393195831417,2.33436178278109,0.12745471276394,0.435208264931137,0.435208264931137,"plaq_d"
"11913","MYO19","Exc L6 CT",0.0222590606704054,5.18314030165913,1.33500419223702,0.248709154449228,0.595347021524955,0.595347021524955,"plaq_d"
"11914","GGNBP2","Exc L6 CT",-0.0119169685601309,5.84422582658325,0.723802123153296,0.398504657538958,0.73127644520344,0.73127644520344,"plaq_d"
"11915","DHRS11","Exc L6 CT",-0.0717200381325414,3.56533715263715,3.9931724937858,0.046462226971081,0.263646125138227,0.263646125138227,"plaq_d"
"11916","MRM1","Exc L6 CT",-0.0128183468493657,2.46989789357167,0.0608889842915897,0.8052417567087,0.957062182018748,0.957062182018748,"plaq_d"
"11917","AATF","Exc L6 CT",0.0082754090800599,5.31314076498233,0.175892081575443,0.825853469405944,0.963985585882276,0.963985585882276,"plaq_d"
"11918","ACACA","Exc L6 CT",0.0168749445886708,7.98579344791947,2.78277732863055,0.096181769422601,0.381718092810407,0.381718092810407,"plaq_d"
"11919","TADA2A","Exc L6 CT",0.0305284696272488,5.19506434871241,2.3766768406918,0.145686149532133,0.462571197323463,0.462571197323463,"plaq_d"
"11920","DUSP14","Exc L6 CT",0.0325223386923095,3.67930190350881,0.877385485496825,0.349567982946331,0.692981336193501,0.692981336193501,"plaq_d"
"11921","SYNRG","Exc L6 CT",0.0142316121549622,5.94783344126012,0.976250062739435,0.323812446665964,0.668426151735477,0.668426151735477,"plaq_d"
"11922","DDX52","Exc L6 CT",-0.0227982815310521,4.77029316539836,1.09765399021127,0.295508219799712,0.643299006840566,0.643299006840566,"plaq_d"
"11923","AC243571.2","Exc L6 CT",-0.0750119490360639,1.86021364983423,0.802063502973938,0.371095824946797,0.710346485926012,0.710346485926012,"plaq_d"
"11924","TBC1D3D","Exc L6 CT",-0.472789012256292,1.81791331981612,5.79958883078565,0.0165490537561493,0.151897865864505,0.151897865864505,"plaq_d"
"11925","MRPL45","Exc L6 CT",0.00489085819347776,4.70403032041351,0.0479650605702437,0.862919242838985,0.976925559917429,0.976925559917429,"plaq_d"
"11926","GPR179","Exc L6 CT",0.0513479480970729,1.975546764373,0.461490474826834,0.497379545095318,0.801652988702635,0.801652988702635,"plaq_d"
"11927","SOCS7","Exc L6 CT",0.0274497574897862,6.03353635195918,3.47447281573411,0.063163989079403,0.309288702988805,0.309288702988805,"plaq_d"
"11928","ARHGAP23","Exc L6 CT",0.0460059826953068,4.82678414921921,4.15693944706007,0.0422191312052714,0.248888866843197,0.248888866843197,"plaq_d"
"11929","SRCIN1","Exc L6 CT",0.000626128068914178,6.96574048093734,0.00249640108404191,0.960179726107745,0.998742420766286,0.998742420766286,"plaq_d"
"11930","MLLT6","Exc L6 CT",0.00724641024237428,5.19902700850696,0.143489914950779,0.872402470191768,0.980031678570479,0.980031678570479,"plaq_d"
"11931","CISD3","Exc L6 CT",-0.00811138776449629,2.72737477047062,0.0244776011819198,0.887947296566467,0.984814274373718,0.984814274373718,"plaq_d"
"11932","PCGF2","Exc L6 CT",0.0782691175559838,3.75682273820238,5.86658346472624,0.0159409692122841,0.149060281353575,0.149060281353575,"plaq_d"
"11933","PSMB3","Exc L6 CT",-0.00498081025254433,3.70319066230721,0.02423339179426,0.95439347849512,0.998216253735524,0.998216253735524,"plaq_d"
"11934","PIP4K2B","Exc L6 CT",0.0483050429499954,6.3228471996397,11.8193631413856,0.000657196974485245,0.0217440503699328,0.0217440503699328,"plaq_d"
"11935","CWC25","Exc L6 CT",-0.00712730744417859,4.2164289539667,0.068198225834697,0.805418750705552,0.957062182018748,0.957062182018748,"plaq_d"
"11936","RPL23","Exc L6 CT",-0.0671022732648814,4.69849138357223,3.76036699172503,0.0532886183542057,0.284844257961082,0.284844257961082,"plaq_d"
"11937","LASP1","Exc L6 CT",0.0134094916783841,5.36133019690525,0.604114263576766,0.437540269046822,0.760177373062762,0.760177373062762,"plaq_d"
"11938","LINC00672","Exc L6 CT",0.0301877435040195,4.25768925412228,1.16211052030517,0.28177451139859,0.627848623274301,0.627848623274301,"plaq_d"
"11939","PLXDC1","Exc L6 CT",-0.00409707059837108,4.83643983505246,0.0258886417675949,0.872265884157484,0.980031678570479,0.980031678570479,"plaq_d"
"11940","ARL5C","Exc L6 CT",0.120782813708331,1.65869925442488,1.61328030429605,0.20487939912835,0.540313269563858,0.540313269563858,"plaq_d"
"11941","CACNB1","Exc L6 CT",0.0307371323749944,4.96411867399251,2.00593446136662,0.157578669826915,0.480219252034078,0.480219252034078,"plaq_d"
"11942","RPL19","Exc L6 CT",-0.0218563062491869,5.29571053219177,0.553997125486528,0.457191063817729,0.775664661561659,0.775664661561659,"plaq_d"
"11943","STAC2","Exc L6 CT",0.0322845654110065,5.42691621219838,2.23373555565571,0.135932720620702,0.448606894852309,0.448606894852309,"plaq_d"
"11944","FBXL20","Exc L6 CT",-0.0068089678428767,7.74951730881382,0.401852973555602,0.526550058881961,0.818102821477707,0.818102821477707,"plaq_d"
"11945","MED1","Exc L6 CT",-0.0140487641094187,4.55973273290231,0.346136738914084,0.556689629935191,0.835847300015332,0.835847300015332,"plaq_d"
"11946","CDK12","Exc L6 CT",-0.00671146686992851,6.61250878071125,0.290805240704396,0.834257730912385,0.96737610102414,0.96737610102414,"plaq_d"
"11947","AC009283.1","Exc L6 CT",-0.00442269619436315,2.16314492905657,0.00470564239736665,0.945349236906927,0.997609533382524,0.997609533382524,"plaq_d"
"11948","NEUROD2","Exc L6 CT",0.0726996768622841,5.74271490236008,11.3049109316903,0.000858936266849068,0.0252500228492314,0.0252500228492314,"plaq_d"
"11949","PPP1R1B","Exc L6 CT",0.0247414799745659,4.42092690763277,0.786557825877287,0.375755139900433,0.712509351159989,0.712509351159989,"plaq_d"
"11950","STARD3","Exc L6 CT",-0.0513845539665544,5.05902328074522,7.16110863761954,0.00780225526110206,0.0991500406998937,0.0991500406998937,"plaq_d"
"11951","TCAP","Exc L6 CT",-0.0277162068184158,2.54758789175482,0.241888736726982,0.658503395121383,0.889419100977406,0.889419100977406,"plaq_d"
"11952","PGAP3","Exc L6 CT",-0.0262964302102615,4.29423102254915,0.800965852577542,0.371422985269366,0.710376683398139,0.710376683398139,"plaq_d"
"11953","MIEN1","Exc L6 CT",0.048517529391542,3.42187576676454,1.55779115240271,0.212827561008944,0.549848808593216,0.549848808593216,"plaq_d"
"11954","GSDMB","Exc L6 CT",-0.0433606036772247,4.87408243167414,3.53618174545201,0.0608780132485987,0.304728747818786,0.304728747818786,"plaq_d"
"11955","ORMDL3","Exc L6 CT",0.0174161621080468,3.10467124463487,0.196218080477077,0.658066047285671,0.8892526082481,0.8892526082481,"plaq_d"
"11956","PSMD3","Exc L6 CT",-0.02172666919801,4.98948768068714,1.16155741265652,0.299135264448256,0.645995581805218,0.645995581805218,"plaq_d"
"11957","MED24","Exc L6 CT",0.0164136708473464,5.40551388562258,0.93708716871051,0.395513659254863,0.72857512970352,0.72857512970352,"plaq_d"
"11958","THRA","Exc L6 CT",0.0346477025751591,6.16512059427312,5.23786134608235,0.0226988550495633,0.179841891741064,0.179841891741064,"plaq_d"
"11959","NR1D1","Exc L6 CT",0.15424393054922,3.85526657509382,16.2405825761651,6.85474791382535e-05,0.00493404754837149,0.00493404754837149,"plaq_d"
"11960","MSL1","Exc L6 CT",0.0220808384600802,5.67329598003847,1.64400257720689,0.200630177263584,0.536115214022879,0.536115214022879,"plaq_d"
"11961","CASC3","Exc L6 CT",-0.0374206831955449,5.64240835139586,4.52021541053423,0.0341997653380063,0.2238040587113,0.2238040587113,"plaq_d"
"11962","RAPGEFL1","Exc L6 CT",-0.0471429689933046,6.13282957568847,9.84946861596668,0.00184385344664324,0.0416705089762575,0.0416705089762575,"plaq_d"
"11963","WIPF2","Exc L6 CT",0.0108868266045068,6.8117248592486,0.794597392758952,0.373329136181973,0.710955389314004,0.710955389314004,"plaq_d"
"11964","RARA","Exc L6 CT",0.0148975294865547,3.32536893459201,0.151425089975505,0.725762742325385,0.920697958980988,0.920697958980988,"plaq_d"
"11965","RARA-AS1","Exc L6 CT",0.0360121502103861,1.81242483152894,0.234221157125882,0.628715650905227,0.876334527290425,0.876334527290425,"plaq_d"
"11966","AC073508.2","Exc L6 CT",0.0628562431590372,2.82075399991582,1.72493435643749,0.189923904321977,0.523481624855291,0.523481624855291,"plaq_d"
"11967","KRT10","Exc L6 CT",0.0183093099445815,3.97899484418216,0.344850493096135,0.557423300857441,0.836425457488402,0.836425457488402,"plaq_d"
"11968","TMEM99","Exc L6 CT",0.00117846072625657,2.42723953772503,0.00050474925029712,0.982088603489727,0.999571689696322,0.999571689696322,"plaq_d"
"11969","AC004231.1","Exc L6 CT",-0.16854689323391,1.87564690977981,3.11778744901183,0.078318213184382,0.343832804644757,0.343832804644757,"plaq_d"
"11970","KRT31","Exc L6 CT",-0.0705902689963176,1.78009021081094,0.544520770786226,0.46106220097183,0.776394701225957,0.776394701225957,"plaq_d"
"11971","KRT17","Exc L6 CT",0.0825006253206856,3.54711839042253,2.96116951009232,0.0861745762683905,0.359786468073337,0.359786468073337,"plaq_d"
"11972","EIF1","Exc L6 CT",0.0157796040222934,6.62812017751046,0.952208290154507,0.329835271981038,0.674087531074569,0.674087531074569,"plaq_d"
"11973","JUP","Exc L6 CT",0.0244072271714836,2.45085783746325,0.146219060370087,0.702408356665888,0.909831806960781,0.909831806960781,"plaq_d"
"11974","P3H4","Exc L6 CT",0.0277897361082444,3.97591340387987,0.795881525008618,0.372943678618114,0.710955389314004,0.710955389314004,"plaq_d"
"11975","NT5C3B","Exc L6 CT",-0.0115211204088431,4.32071459353469,0.180489539265661,0.930786234513222,0.994417914154133,0.994417914154133,"plaq_d"
"11976","KLHL11","Exc L6 CT",0.0117433477766321,2.71307252035943,0.0493643338236366,0.824303353080501,0.963985585882276,0.963985585882276,"plaq_d"
"11977","ACLY","Exc L6 CT",0.00900296075324461,4.26959298876753,0.107279404493741,0.743459847839651,0.930439708728124,0.930439708728124,"plaq_d"
"11978","TTC25","Exc L6 CT",-0.0282540291312207,3.58657937735597,0.657060052392371,0.41815344825692,0.746439431003449,0.746439431003449,"plaq_d"
"11979","CNP","Exc L6 CT",0.202921423161225,2.50269907936719,4.88164741873673,0.0277940627171423,0.200380659947392,0.200380659947392,"plaq_d"
"11980","DNAJC7","Exc L6 CT",-0.0605168400870675,5.8046162121485,14.4572116766136,0.00016925721164528,0.00889279860892498,0.00889279860892498,"plaq_d"
"11981","NKIRAS2","Exc L6 CT",-0.0386859135521392,3.19960446460513,0.845654352678358,0.358421228594477,0.700718774124955,0.700718774124955,"plaq_d"
"11982","DHX58","Exc L6 CT",0.00679425818987195,2.63265976230255,0.0140026085781475,0.905872347027707,0.989214483650291,0.989214483650291,"plaq_d"
"11983","KAT2A","Exc L6 CT",-0.0111743051549106,5.5442035736613,0.3303736269748,0.81726223743991,0.96161072089783,0.96161072089783,"plaq_d"
"11984","KCNH4","Exc L6 CT",-0.116293703107237,3.07568733593891,3.53298794027973,0.0609941282894093,0.30499182732002,0.30499182732002,"plaq_d"
"11985","GHDC","Exc L6 CT",-0.0305194001711196,2.85270577194234,0.456928609362537,0.499511610570073,0.80301162990137,0.80301162990137,"plaq_d"
"11986","STAT5B","Exc L6 CT",0.016797654765873,5.42610172466732,0.779556191819755,0.377886060633828,0.714198205183745,0.714198205183745,"plaq_d"
"11987","STAT3","Exc L6 CT",0.0165405129935767,5.44077451015357,0.762043287897703,0.428529329898626,0.754538678231486,0.754538678231486,"plaq_d"
"11988","ATP6V0A1","Exc L6 CT",0.0106984067526868,7.83527324996378,1.14921532408994,0.821525566692382,0.963631282552026,0.963631282552026,"plaq_d"
"11989","NAGLU","Exc L6 CT",0.0359231712089012,2.48693281095507,0.393967844309758,0.530632478320187,0.81973877799876,0.81973877799876,"plaq_d"
"11990","COASY","Exc L6 CT",0.038196047846788,3.33768278135902,1.12799623551126,0.309655784836769,0.653856722600542,0.653856722600542,"plaq_d"
"11991","MLX","Exc L6 CT",0.00451544687101473,3.44175732181982,0.013888229436391,0.906255783460582,0.989267383886756,0.989267383886756,"plaq_d"
"11992","RETREG3","Exc L6 CT",-0.0117401488437698,5.46265447401601,0.436032413311271,0.509480267604304,0.807429752402237,0.807429752402237,"plaq_d"
"11993","TUBG1","Exc L6 CT",0.00820979826400441,3.04384445433026,0.0330369583561609,0.959489776159835,0.998742420766286,0.998742420766286,"plaq_d"
"11994","TUBG2","Exc L6 CT",-0.030814682214133,5.38146061796098,2.69929738636622,0.101295159458698,0.390445187528975,0.390445187528975,"plaq_d"
"11995","PLEKHH3","Exc L6 CT",0.00901930656198054,2.95177933410954,0.0361472280545687,0.849322563659739,0.972391253892604,0.972391253892604,"plaq_d"
"11996","CCR10","Exc L6 CT",-0.00179277827645084,3.00521432970822,0.00212123797700671,0.963291301816712,0.998742420766286,0.998742420766286,"plaq_d"
"11997","CNTNAP1","Exc L6 CT",0.0481074390814607,5.45687634216529,6.01371226265412,0.0146853644475824,0.142552912243892,0.142552912243892,"plaq_d"
"11998","AC100793.3","Exc L6 CT",-0.0447349328170256,2.34272646615195,0.536044229741958,0.464569273421135,0.77911687560236,0.77911687560236,"plaq_d"
"11999","EZH1","Exc L6 CT",0.0139707260545124,6.10088892449709,1.02803330273866,0.311325054574632,0.655986365603914,0.655986365603914,"plaq_d"
"12000","VPS25","Exc L6 CT",0.0217582894150335,2.57449492206822,0.187954786671969,0.674678135710458,0.895575586043388,0.895575586043388,"plaq_d"
"12001","COA3","Exc L6 CT",-0.00941217232324623,3.63231088496573,0.0793136678667516,0.794838099241558,0.953000771778707,0.953000771778707,"plaq_d"
"12002","BECN1","Exc L6 CT",-0.0360034400211925,4.30651910180178,2.07514774380849,0.150614007379242,0.47064016718723,0.47064016718723,"plaq_d"
"12003","PSME3","Exc L6 CT",-0.0151057323825337,3.85129638976788,0.2428253846365,0.622483471679075,0.872567873251408,0.872567873251408,"plaq_d"
"12004","AOC2","Exc L6 CT",0.0253091631334304,2.08924153898376,0.12488595771678,0.724008386851271,0.919835095953581,0.919835095953581,"plaq_d"
"12005","RUNDC1","Exc L6 CT",0.0300270933513936,4.45491560432529,1.32597247084906,0.250313047281223,0.597416342797046,0.597416342797046,"plaq_d"
"12006","RPL27","Exc L6 CT",-0.0508516867526033,4.42091892243101,2.06828195405981,0.151289004678401,0.472033482784221,0.472033482784221,"plaq_d"
"12007","VAT1","Exc L6 CT",0.118048035423479,3.0528189279116,7.40503223424681,0.00683093443565182,0.0922444900449621,0.0922444900449621,"plaq_d"
"12008","BRCA1","Exc L6 CT",-0.040855512094061,3.32715619202037,1.07953714625315,0.299522067493647,0.646077267551475,0.646077267551475,"plaq_d"
"12009","NBR1","Exc L6 CT",-0.000158743574643422,5.3629054635009,6.46085526947547e-05,0.993591320369582,0.999633003011692,0.999633003011692,"plaq_d"
"12010","TMEM106A","Exc L6 CT",-0.0771865192249465,2.09540179460782,1.01562854620266,0.314257985941418,0.65850344725297,0.65850344725297,"plaq_d"
"12011","LINC00854","Exc L6 CT",0.0241299062296723,2.79772525526821,0.093882576067805,0.759481232344716,0.938175031820364,0.938175031820364,"plaq_d"
"12012","ARL4D","Exc L6 CT",-0.0506104244963185,3.71101160445916,1.67387443643589,0.196597921623615,0.531521104359466,0.531521104359466,"plaq_d"
"12013","DHX8","Exc L6 CT",0.0350347510899385,4.73274458256698,2.88179119886358,0.0904798150897387,0.369412200235927,0.369412200235927,"plaq_d"
"12014","ETV4","Exc L6 CT",-0.0613661046096923,2.62998723013094,1.24689054264241,0.264917146097406,0.611863827245028,0.611863827245028,"plaq_d"
"12015","AC068675.1","Exc L6 CT",-0.0413469779897387,4.7638288224457,1.95587655446926,0.162845015888015,0.487789606476044,0.487789606476044,"plaq_d"
"12016","DUSP3","Exc L6 CT",0.0330231391104568,4.98925751538138,2.86633466815135,0.0913450740436632,0.371679956453526,0.371679956453526,"plaq_d"
"12017","MPP3","Exc L6 CT",-0.00559239327726002,3.03517339513698,0.0159418663704547,0.899598118460783,0.986970102374893,0.986970102374893,"plaq_d"
"12018","MPP2","Exc L6 CT",0.00654369382831613,5.2598952598292,0.101020207200797,0.75079928712556,0.934200317837914,0.934200317837914,"plaq_d"
"12019","PYY","Exc L6 CT",0.0299878193940202,2.70070555932489,0.361694549191861,0.633801496305359,0.877838984164729,0.877838984164729,"plaq_d"
"12020","TMEM101","Exc L6 CT",0.00266331417699916,2.87340589652651,0.00326057154778765,0.998414081876735,0.999906738276838,0.999906738276838,"plaq_d"
"12021","LSM12","Exc L6 CT",-0.00409692570966032,4.40978343098846,0.0315642953466122,0.950548270504192,0.99802142424354,0.99802142424354,"plaq_d"
"12022","G6PC3","Exc L6 CT",-0.0386216490960802,2.6494991388376,0.562285250845397,0.453847286372135,0.77421688844275,0.77421688844275,"plaq_d"
"12023","HDAC5","Exc L6 CT",-0.0108732074374714,5.51113524680559,0.342738780057998,0.558631817765133,0.837242282312585,0.837242282312585,"plaq_d"
"12024","ASB16-AS1","Exc L6 CT",-0.063537458109429,2.84981210153916,1.85221470450053,0.17440619820431,0.50255236776406,0.50255236776406,"plaq_d"
"12025","TMUB2","Exc L6 CT",-0.0344212036235578,4.35652775710739,1.65733715911403,0.198818287578155,0.534089954837679,0.534089954837679,"plaq_d"
"12026","ATXN7L3","Exc L6 CT",0.038845980905391,4.6791464787263,2.4323402964269,0.119763736368572,0.422635597452823,0.422635597452823,"plaq_d"
"12027","UBTF","Exc L6 CT",0.0287819885783928,4.54832446045863,1.27683199710083,0.259266689108787,0.606442445267178,0.606442445267178,"plaq_d"
"12028","AC003102.1","Exc L6 CT",-0.0526273164329766,2.16812125626942,0.63403999801846,0.426419819754855,0.752850101200747,0.752850101200747,"plaq_d"
"12029","RUNDC3A-AS1","Exc L6 CT",-0.0354485959876819,3.52838843484727,0.871153587989257,0.351282908720731,0.694378854240865,0.694378854240865,"plaq_d"
"12030","RUNDC3A","Exc L6 CT",0.00828988424628263,5.93679108074505,0.3341320900022,0.663859671550092,0.892003344375128,0.892003344375128,"plaq_d"
"12031","SLC25A39","Exc L6 CT",-0.0171161632724552,4.45021598476477,0.365714389071494,0.545743485446053,0.829798694341879,0.829798694341879,"plaq_d"
"12032","GRN","Exc L6 CT",-0.0105703271725126,3.44727944243295,0.0946233390389855,0.758563727970147,0.937687365274961,0.937687365274961,"plaq_d"
"12033","FAM171A2","Exc L6 CT",-0.00411968806578653,4.80935526759686,0.0259703899409125,0.872066113013278,0.980031678570479,0.980031678570479,"plaq_d"
"12034","ITGA2B","Exc L6 CT",0.0380499300036784,3.54282749292506,0.92587641736517,0.336604468133305,0.681108385910117,0.681108385910117,"plaq_d"
"12035","GPATCH8","Exc L6 CT",0.00334461249700716,8.75806218497521,0.0947995500345101,0.75834605350551,0.93768275509137,0.93768275509137,"plaq_d"
"12036","CCDC43","Exc L6 CT",0.0421827293950588,3.66837488676209,1.61516905403594,0.204615114476628,0.540010760935326,0.540010760935326,"plaq_d"
"12037","DBF4B","Exc L6 CT",-0.0733041931161962,4.74392869657279,7.23338807798981,0.00750047677293294,0.0973391280632422,0.0973391280632422,"plaq_d"
"12038","ADAM11","Exc L6 CT",-0.0425575595408901,6.59072477382124,8.55096161939672,0.00367954400549757,0.065315308881804,0.065315308881804,"plaq_d"
"12039","GJC1","Exc L6 CT",0.00343823287991205,4.43111099509979,0.0107921539860214,0.917320188296113,0.991124394379378,0.991124394379378,"plaq_d"
"12040","HIGD1B","Exc L6 CT",-0.133487696460472,1.54155899427352,1.57774561140463,0.209927844242621,0.546693423610126,0.546693423610126,"plaq_d"
"12041","EFTUD2","Exc L6 CT",-0.0126499992110289,5.10443896540514,0.433666606707369,0.510630458871639,0.80846075010996,0.80846075010996,"plaq_d"
"12042","DCAKD","Exc L6 CT",-0.0807683257524379,5.1977754354104,14.9641876905115,0.000130773043229458,0.00754278648446998,0.00754278648446998,"plaq_d"
"12043","NMT1","Exc L6 CT",-0.017536239913719,6.4015961216732,1.39458196952093,0.258307732960189,0.605514483115005,0.605514483115005,"plaq_d"
"12044","PLCD3","Exc L6 CT",0.0103682020334622,2.20789927291861,0.0245990221079197,0.87546125388768,0.980871939083411,0.980871939083411,"plaq_d"
"12045","ACBD4","Exc L6 CT",-0.0392890148636126,4.08726823284025,1.62005239679061,0.203933676945425,0.539547106295375,0.539547106295375,"plaq_d"
"12046","HEXIM1","Exc L6 CT",0.101951214663117,4.10463460121757,11.7762270165097,0.000672087130042266,0.0218899690590237,0.0218899690590237,"plaq_d"
"12047","AC138150.1","Exc L6 CT",-0.074000523396596,3.63936117023998,4.24701745214866,0.040061591518561,0.242878369755109,0.242878369755109,"plaq_d"
"12048","HEXIM2","Exc L6 CT",-0.0740850374346903,2.48444748479112,1.70042379022463,0.193093945624254,0.527204568889024,0.527204568889024,"plaq_d"
"12049","AC008105.3","Exc L6 CT",-0.0805291461997987,4.84872092902945,10.1040172105195,0.00161204958109129,0.0381695160680761,0.0381695160680761,"plaq_d"
"12050","FMNL1","Exc L6 CT",-0.000776611120890019,4.01770215831818,0.000712100239679317,0.97872609956378,0.999294217432135,0.999294217432135,"plaq_d"
"12051","AC008105.1","Exc L6 CT",0.0229493164410647,3.34572398121269,0.396027550742523,0.598376651239306,0.859096388993347,0.859096388993347,"plaq_d"
"12052","MAP3K14","Exc L6 CT",0.00557075062092616,4.68076826090033,0.0386470206939217,0.844264296370124,0.970793189054499,0.970793189054499,"plaq_d"
"12053","ARHGAP27","Exc L6 CT",-0.090028753622155,2.72404268026678,1.76195457095189,0.185250552454783,0.517186046128536,0.517186046128536,"plaq_d"
"12054","PLEKHM1","Exc L6 CT",-0.00203344936587486,5.13791680284416,0.0094908519079496,0.922448117771439,0.992627684679289,0.992627684679289,"plaq_d"
"12055","AC091132.5","Exc L6 CT",-0.185201541937138,1.78251327029966,4.36521471021592,0.0374053415626891,0.234328675864435,0.234328675864435,"plaq_d"
"12056","LINC02210-CRHR1","Exc L6 CT",0.00380657441840829,6.82650528795552,0.0769817914907028,0.781594697866428,0.948066114896942,0.948066114896942,"plaq_d"
"12057","MAPT-AS1","Exc L6 CT",-0.00123505434865977,4.11698821505225,0.000993835398643342,0.974868793526361,0.999093977007575,0.999093977007575,"plaq_d"
"12058","MAPT","Exc L6 CT",-0.00312637936571894,8.6110955825232,0.0630638049315206,0.801865538427784,0.955770376566894,0.955770376566894,"plaq_d"
"12059","KANSL1","Exc L6 CT",0.0291896962768182,8.25462325508412,1.9732353662305,0.160996304292093,0.484883871304623,0.484883871304623,"plaq_d"
"12060","ARL17B","Exc L6 CT",-0.0172722286613546,5.91898259218429,0.0544510618587212,0.815628685644253,0.960788033592559,0.960788033592559,"plaq_d"
"12061","LRRC37A","Exc L6 CT",-0.0723919966057593,3.34960887093712,2.01309084864719,0.156841797992849,0.479484927565312,0.479484927565312,"plaq_d"
"12062","LRRC37A2","Exc L6 CT",0.000566835244674851,5.16516155674828,0.000154213389152036,0.990099022078196,0.999571689696322,0.999571689696322,"plaq_d"
"12063","ARL17A","Exc L6 CT",0.000435171709962414,4.90059053243401,7.4719840469904e-05,0.993108071082236,0.999571689696322,0.999571689696322,"plaq_d"
"12064","NSF","Exc L6 CT",0.00603768998496469,7.92438715769918,0.0906763652205914,0.763498789890483,0.939670734313362,0.939670734313362,"plaq_d"
"12065","WNT3","Exc L6 CT",0.0269625524873795,2.9158524205248,0.257093561719093,0.612444941530108,0.868412126583509,0.868412126583509,"plaq_d"
"12066","AC005670.2","Exc L6 CT",-0.0405640800233306,6.22562037783822,3.98615262727727,0.0466539026265732,0.264109155411777,0.264109155411777,"plaq_d"
"12067","RPRML","Exc L6 CT",-0.05080487695395,5.04407293608197,3.35721555434843,0.0677650341902688,0.319118558129902,0.319118558129902,"plaq_d"
"12068","CDC27","Exc L6 CT",0.0225330280546275,7.37954556864118,4.2347336723119,0.0403488304605331,0.243886952855674,0.243886952855674,"plaq_d"
"12069","AC068234.2","Exc L6 CT",0.01674569183043,2.11243683202937,0.0597320365603045,0.821619780593561,0.963631282552026,0.963631282552026,"plaq_d"
"12070","EFCAB13","Exc L6 CT",-0.0321983553969581,2.90212161682799,0.307976868726037,0.579280635781978,0.85008399925763,0.85008399925763,"plaq_d"
"12071","AC040934.1","Exc L6 CT",0.0738444880208719,3.74599455086008,3.61865533351575,0.0579599120563997,0.297359548811094,0.297359548811094,"plaq_d"
"12072","NPEPPS","Exc L6 CT",0.0222547901467006,7.42677055131819,5.19143791511457,0.0233035800714503,0.181046054348947,0.181046054348947,"plaq_d"
"12073","AC025682.1","Exc L6 CT",-0.0640752974773826,4.72620810756157,6.43377570622257,0.0116332476934111,0.125369566690404,0.125369566690404,"plaq_d"
"12074","KPNB1","Exc L6 CT",0.0111335675672414,6.50326037383655,0.694361437856784,0.405256063975748,0.73736426255893,0.73736426255893,"plaq_d"
"12075","TBKBP1","Exc L6 CT",0.0432668496268501,4.11896478295976,2.13422280827152,0.14494521160552,0.461587010553896,0.461587010553896,"plaq_d"
"12076","OSBPL7","Exc L6 CT",0.00341933845932937,3.8674306442584,0.0121323286792904,0.963206765786916,0.998742420766286,0.998742420766286,"plaq_d"
"12077","MRPL10","Exc L6 CT",0.0230185038049504,3.39312553773122,0.346982876300521,0.556207996041861,0.835472695223146,0.835472695223146,"plaq_d"
"12078","SCRN2","Exc L6 CT",-0.101245585072749,3.72497489493562,8.21599629839277,0.0044047640914961,0.0719870179433259,0.0719870179433259,"plaq_d"
"12079","SP2","Exc L6 CT",0.0394874752407156,3.24190310185908,0.987236595119013,0.321108681292421,0.665726033066874,0.665726033066874,"plaq_d"
"12080","SP2-AS1","Exc L6 CT",-0.0361172273544727,3.07800383834706,0.624111657817981,0.430061131484963,0.755661753932054,0.755661753932054,"plaq_d"
"12081","PNPO","Exc L6 CT",-0.000565808909528226,3.66204167785154,0.000140653359945586,0.990544312930418,0.999571689696322,0.999571689696322,"plaq_d"
"12082","CDK5RAP3","Exc L6 CT",-0.0562269155233053,5.39283937685837,6.40648384359571,0.0118100467406045,0.126407013292001,0.126407013292001,"plaq_d"
"12083","NFE2L1","Exc L6 CT",0.0480223803185758,5.66386798810714,7.73003839548191,0.0057261217252545,0.0841155595477182,0.0841155595477182,"plaq_d"
"12084","CBX1","Exc L6 CT",0.0020224751187553,5.00715627870686,0.00882330297639242,0.92521685281611,0.993407704701672,0.993407704701672,"plaq_d"
"12085","SNX11","Exc L6 CT",0.00404056387781488,3.03045567792792,0.00878167475103964,0.925392955838007,0.993407704701672,0.993407704701672,"plaq_d"
"12086","SKAP1","Exc L6 CT",-0.0753209849967041,1.94079588302903,0.896760915099718,0.344308430075653,0.688043331394934,0.688043331394934,"plaq_d"
"12087","TTLL6","Exc L6 CT",-0.0157157036590068,3.37593250806677,0.14776203651424,0.700917928998732,0.909570559014748,0.909570559014748,"plaq_d"
"12088","CALCOCO2","Exc L6 CT",-0.0177364054941792,6.23331555746677,1.32140933752693,0.251128227672581,0.598351864543938,0.598351864543938,"plaq_d"
"12089","ATP5MC1","Exc L6 CT",-0.0124416020361202,4.17021370091175,0.183400480884902,0.811056313035597,0.95922511631921,0.95922511631921,"plaq_d"
"12090","UBE2Z","Exc L6 CT",-0.00704654021541326,5.53410734360314,0.157412790860443,0.69179280840048,0.904627965276892,0.904627965276892,"plaq_d"
"12091","SNF8","Exc L6 CT",-0.0112605460476862,4.73613105249189,0.283369204980295,0.594840884243438,0.858224225105747,0.858224225105747,"plaq_d"
"12092","AC091133.1","Exc L6 CT",0.0092773221105128,2.93189403516745,0.0437571257419567,0.942718739365941,0.997507548890635,0.997507548890635,"plaq_d"
"12093","ZNF652","Exc L6 CT",0.0130599004583553,5.85692021619454,0.548990639743734,0.459229786868421,0.775898728996668,0.775898728996668,"plaq_d"
"12094","AC091180.5","Exc L6 CT",-0.0498453103591545,1.95286093875717,0.445846732061431,0.504756212379041,0.805875588575267,0.805875588575267,"plaq_d"
"12095","PHB","Exc L6 CT",0.0432087438688437,3.73130864740432,1.68525311229511,0.195087101103716,0.529700850148829,0.529700850148829,"plaq_d"
"12096","NXPH3","Exc L6 CT",-0.076205522522858,3.17872135239233,2.14111071522133,0.14430012552826,0.460742996973083,0.460742996973083,"plaq_d"
"12097","SPOP","Exc L6 CT",0.0122286724789051,6.61443386421574,0.844778270769213,0.358670010389122,0.700718774124955,0.700718774124955,"plaq_d"
"12098","SLC35B1","Exc L6 CT",-0.0209947516996444,3.74597840962353,0.445987380742106,0.567087019612529,0.841540535443971,0.841540535443971,"plaq_d"
"12099","FAM117A","Exc L6 CT",-0.0675014826587166,4.51406757665541,6.5718920760766,0.0107794757869319,0.120482401730335,0.120482401730335,"plaq_d"
"12100","KAT7","Exc L6 CT",0.0502368790046425,5.00359281827483,6.12156319494722,0.0138302756538397,0.137595472227144,0.137595472227144,"plaq_d"
"12101","TAC4","Exc L6 CT",-0.132107785572267,2.38732437443515,4.0657246454112,0.0445293359959962,0.256828654246138,0.256828654246138,"plaq_d"
"12102","AC027801.1","Exc L6 CT",-0.0642994335404792,3.29383303601708,1.7276515747548,0.189576241579832,0.523024065500818,0.523024065500818,"plaq_d"
"12103","AC027801.3","Exc L6 CT",-0.0840264387148467,2.2978249492082,1.53792181734499,0.215762448859863,0.554564580215423,0.554564580215423,"plaq_d"
"12104","AC009720.1","Exc L6 CT",-0.12220261762808,1.95954928486382,2.59407078917437,0.108170441914892,0.403859727143245,0.403859727143245,"plaq_d"
"12105","ITGA3","Exc L6 CT",-0.01371995494244,5.57429019473064,0.528175806785852,0.467863093865726,0.781991643371989,0.781991643371989,"plaq_d"
"12106","PDK2","Exc L6 CT",0.00945110392080022,4.78733629245363,0.164722053840983,0.685095018698438,0.900774195488207,0.900774195488207,"plaq_d"
"12107","SAMD14","Exc L6 CT",0.0115538812168063,4.71290846802053,0.141174644916866,0.707344836699793,0.911225827500549,0.911225827500549,"plaq_d"
"12108","PPP1R9B","Exc L6 CT",0.0705874835919242,4.45882801333748,7.86955355806621,0.00530976428288431,0.0802934523281539,0.0802934523281539,"plaq_d"
"12109","XYLT2","Exc L6 CT",0.0732850005656659,3.2698418874313,3.08681049875159,0.07980827757818,0.34734250692442,0.34734250692442,"plaq_d"
"12110","MRPL27","Exc L6 CT",-0.02650728740906,3.63773456047286,0.601445128991256,0.522949518279096,0.816350169718702,0.816350169718702,"plaq_d"
"12111","LRRC59","Exc L6 CT",-0.0310313367160995,3.23636105900256,0.605010417676813,0.437200863809465,0.759862807606067,0.759862807606067,"plaq_d"
"12112","RSAD1","Exc L6 CT",0.0418621270015365,4.61553134471251,3.26952012949079,0.1011920355451,0.390343125323489,0.390343125323489,"plaq_d"
"12113","MYCBPAP","Exc L6 CT",-0.019580836088393,2.63214724642147,0.157912518530643,0.691329211185536,0.904350324782097,0.904350324782097,"plaq_d"
"12114","SPATA20","Exc L6 CT",-0.00807983634536165,3.90174140832303,0.0615646264800908,0.804186121931205,0.95682191663624,0.95682191663624,"plaq_d"
"12115","CACNA1G","Exc L6 CT",0.0136570566837069,3.25153613037842,0.0871894981239394,0.767956994251114,0.941800602501892,0.941800602501892,"plaq_d"
"12116","ANKRD40","Exc L6 CT",0.0559345556940338,4.29131237280816,4.20328236896391,0.0410942206224584,0.246209643072273,0.246209643072273,"plaq_d"
"12117","AC005921.2","Exc L6 CT",-0.114967991187547,1.89742195065944,2.02600843984087,0.155521639741092,0.477323657917399,0.477323657917399,"plaq_d"
"12118","LUC7L3","Exc L6 CT",-0.0287550341070451,7.91749656707304,4.5285393069712,0.0340360027533177,0.223792982569623,0.223792982569623,"plaq_d"
"12119","TOB1","Exc L6 CT",0.141659345061892,4.30085370049396,22.1954361309549,3.56420724215865e-06,0.000638920685004861,0.000638920685004861,"plaq_d"
"12120","SPAG9","Exc L6 CT",0.0336893325274218,6.97300958343336,8.54635185410566,0.00368864660322634,0.0653158136531935,0.0653158136531935,"plaq_d"
"12121","AC005920.2","Exc L6 CT",-0.062769966054314,2.68162501014546,1.3844910087593,0.24014139535279,0.585302606719302,0.585302606719302,"plaq_d"
"12122","NME1-NME2","Exc L6 CT",-0.0947418528359716,1.94138902596029,1.66080726673926,0.198349939065616,0.533558417856008,0.533558417856008,"plaq_d"
"12123","MBTD1","Exc L6 CT",0.00327697524703283,6.53950835798065,0.0715658729462887,0.984473753695812,0.999571689696322,0.999571689696322,"plaq_d"
"12124","UTP18","Exc L6 CT",-0.0133601044032999,4.56847775620733,0.328784131311409,0.566746051230457,0.841377804875288,0.841377804875288,"plaq_d"
"12125","CA10","Exc L6 CT",0.0801447192254808,5.3660792322348,1.05635347040983,0.304761786202237,0.650425777439552,0.650425777439552,"plaq_d"
"12126","TOM1L1","Exc L6 CT",-0.0805875171260207,5.64359961214535,15.1563491487973,0.000118617207041415,0.00711505546903422,0.00711505546903422,"plaq_d"
"12127","COX11","Exc L6 CT",-0.00532763013750294,5.32745201072721,0.0885818768378429,0.766165301091685,0.94094561525816,0.94094561525816,"plaq_d"
"12128","STXBP4","Exc L6 CT",0.0129252082016872,5.49662070621478,0.355924966152131,0.551165837826445,0.832168094236983,0.832168094236983,"plaq_d"
"12129","HLF","Exc L6 CT",0.0422278118028863,7.70504462229726,7.98019725506904,0.00500170235924086,0.0776747650093111,0.0776747650093111,"plaq_d"
"12130","MMD","Exc L6 CT",0.0265108517917983,6.24116515835858,2.35802417243199,0.125548101221096,0.432597047673265,0.432597047673265,"plaq_d"
"12131","SMIM36","Exc L6 CT",-0.0361915116937109,4.21989386385955,0.850206121781872,0.357132477399091,0.699691178900859,0.699691178900859,"plaq_d"
"12132","PCTP","Exc L6 CT",0.00287070856730424,5.40793509679465,0.0125746381280806,0.910779639500975,0.989675151298007,0.989675151298007,"plaq_d"
"12133","AC090618.1","Exc L6 CT",-0.124418530607389,1.42801594160124,1.30932992058062,0.25330199785843,0.600648255834288,0.600648255834288,"plaq_d"
"12134","ANKFN1","Exc L6 CT",-0.0643978092318601,5.64282172395168,3.50784280011503,0.0619166278786117,0.306646694538796,0.306646694538796,"plaq_d"
"12135","C17orf67","Exc L6 CT",0.0208848064468137,3.99035475213839,0.351395577355437,0.553708974721742,0.833719736439096,0.833719736439096,"plaq_d"
"12136","DGKE","Exc L6 CT",0.00539433730213915,6.19971926464835,0.1158152175186,0.733823521490128,0.925540863445933,0.925540863445933,"plaq_d"
"12137","TRIM25","Exc L6 CT",0.00892024803131849,3.67050069462222,0.0607914271099634,0.805394694258182,0.957062182018748,0.957062182018748,"plaq_d"
"12138","COIL","Exc L6 CT",0.0491269112830917,4.15707049380623,3.03833802183353,0.0822018550768866,0.352195805263946,0.352195805263946,"plaq_d"
"12139","SCPEP1","Exc L6 CT",-0.0262776582975392,5.87250892876489,1.90602914944663,0.168290584824215,0.49513820950938,0.49513820950938,"plaq_d"
"12140","AC007114.1","Exc L6 CT",0.0207562402351832,1.74182188178602,0.0654004765738737,0.798306342471262,0.954361244495623,0.954361244495623,"plaq_d"
"12141","AKAP1","Exc L6 CT",-0.00218826807020667,5.05272950073141,0.0094606090909815,0.922571385890677,0.992627684679289,0.992627684679289,"plaq_d"
"12142","AC007114.2","Exc L6 CT",-0.122034175720143,1.7967354818416,2.05657237036354,0.209635026670064,0.546392597966868,0.546392597966868,"plaq_d"
"12143","MSI2","Exc L6 CT",0.0177748562763314,6.70055319660088,1.51478488114369,0.21924114415205,0.558618674550957,0.558618674550957,"plaq_d"
"12144","AC015845.2","Exc L6 CT",-0.026990000064991,3.21132439698665,0.295951775150117,0.586779662305573,0.854287193719603,0.854287193719603,"plaq_d"
"12145","MRPS23","Exc L6 CT",0.0080374911830817,4.1177153842684,0.0850429744344683,0.998595316881628,0.999906738276838,0.999906738276838,"plaq_d"
"12146","CUEDC1","Exc L6 CT",-0.071204231514952,3.11219595473121,2.74750224743416,0.0983071225300169,0.384677721104138,0.384677721104138,"plaq_d"
"12147","VEZF1","Exc L6 CT",0.0184134802671393,3.51633127245604,0.253246425342574,0.615116572490671,0.869428223272997,0.869428223272997,"plaq_d"
"12148","AC015813.2","Exc L6 CT",0.0136992653112483,4.82892964757626,0.350464921205494,0.554234257689334,0.834074469338873,0.834074469338873,"plaq_d"
"12149","SRSF1","Exc L6 CT",-0.0815203997205914,2.28158259036608,1.46525416323785,0.227354996632995,0.569238591540337,0.569238591540337,"plaq_d"
"12150","DYNLL2","Exc L6 CT",0.0375150591401873,5.32886481892982,3.15181254450938,0.0767161141316331,0.341242055572818,0.341242055572818,"plaq_d"
"12151","MKS1","Exc L6 CT",-0.0355474496512127,3.30680403828922,0.833643189652752,0.361852922451779,0.702538747262486,0.702538747262486,"plaq_d"
"12152","TSPOAP1","Exc L6 CT",-0.0106772138920236,6.45135281742683,0.51241699182819,0.474574190196757,0.7867307740756,0.7867307740756,"plaq_d"
"12153","TSPOAP1-AS1","Exc L6 CT",-0.0686892466942742,3.80839709905894,3.73940078282391,0.0539536818714923,0.28576791913981,0.28576791913981,"plaq_d"
"12154","SUPT4H1","Exc L6 CT",0.0635272436333849,3.11092012543883,2.52551587983812,0.112925682173183,0.411772573598059,0.411772573598059,"plaq_d"
"12155","RNF43","Exc L6 CT",-0.0112307274544323,1.97052795069611,0.0191512108675652,0.890013856513773,0.984904368079323,0.984904368079323,"plaq_d"
"12156","HSF5","Exc L6 CT",-0.0605502224359802,2.29635746206941,0.820387252682861,0.365693281718199,0.706362603463731,0.706362603463731,"plaq_d"
"12157","MTMR4","Exc L6 CT",-0.0320733353634565,5.39887136485388,3.37806622018321,0.0873621945391401,0.362022496426443,0.362022496426443,"plaq_d"
"12158","SEPT4-AS1","Exc L6 CT",-0.104046896183222,1.94005329814831,1.63675715637431,0.201622841353017,0.537412039273845,0.537412039273845,"plaq_d"
"12159","SEPT4","Exc L6 CT",-0.0348561670899157,4.15423924649458,1.48505635588933,0.223810075500601,0.563774251427236,0.563774251427236,"plaq_d"
"12160","TEX14","Exc L6 CT",-0.158555004355137,2.49565571807718,7.00246075634279,0.00850918676749751,0.104699361286234,0.104699361286234,"plaq_d"
"12161","RAD51C","Exc L6 CT",0.00432730012823127,4.98772049125538,0.0358203352546781,0.849997271157179,0.972854246746601,0.972854246746601,"plaq_d"
"12162","PPM1E","Exc L6 CT",0.0199546407159311,8.83197742367187,2.20651395707373,0.138333697054093,0.453014536576596,0.453014536576596,"plaq_d"
"12163","TRIM37","Exc L6 CT",0.0187437695575699,7.05713170776382,2.23823856618028,0.135540084069345,0.448361184593182,0.448361184593182,"plaq_d"
"12164","AC099850.1","Exc L6 CT",0.0108385348838555,3.69291363996159,0.098089515560597,0.754321962901537,0.936032949878318,0.936032949878318,"plaq_d"
"12165","SKA2","Exc L6 CT",0.0254994193738169,4.3791118139417,0.87881267436166,0.34917685007698,0.692771490312597,0.692771490312597,"plaq_d"
"12166","PRR11","Exc L6 CT",-0.0418475304721631,2.1325480677162,0.402614574387701,0.526158729720693,0.817752015854379,0.817752015854379,"plaq_d"
"12167","GDPD1","Exc L6 CT",-0.0103541569283952,6.37843592592416,0.468117369677535,0.50977417552965,0.807694148241783,0.807694148241783,"plaq_d"
"12168","YPEL2","Exc L6 CT",0.0253746732925004,6.12533693742205,2.55818383842352,0.110631510444225,0.408440929977692,0.408440929977692,"plaq_d"
"12169","LINC01476","Exc L6 CT",-0.0150462730104378,3.74693086684377,0.132796529267277,0.71577114437274,0.91522991622294,0.91522991622294,"plaq_d"
"12170","DHX40","Exc L6 CT",0.0423307373395139,4.84361671221735,3.48003168373908,0.0629543469278218,0.308739366841717,0.308739366841717,"plaq_d"
"12171","AC091271.1","Exc L6 CT",0.0504754091979308,2.28563779847698,0.634855063575479,0.42612295783061,0.752602883195861,0.752602883195861,"plaq_d"
"12172","CLTC","Exc L6 CT",0.0403556495780548,7.00585533288764,12.925706636823,0.000370891594972378,0.0149144005620736,0.0149144005620736,"plaq_d"
"12173","PTRH2","Exc L6 CT",-0.0801257709472614,4.31713090468913,8.74761731048233,0.00331185552402082,0.060773471749809,0.060773471749809,"plaq_d"
"12174","VMP1","Exc L6 CT",0.00665436701937113,6.49926443048234,0.236155067169211,0.810693295922683,0.959172290506699,0.959172290506699,"plaq_d"
"12175","TUBD1","Exc L6 CT",-0.0709096089800921,4.30920948067418,6.21578584387074,0.0131253943407606,0.133819530403392,0.133819530403392,"plaq_d"
"12176","RPS6KB1","Exc L6 CT",-0.0057896632544079,5.63394848591278,0.125927104700654,0.722907744390164,0.919344513095477,0.919344513095477,"plaq_d"
"12177","AC005702.1","Exc L6 CT",0.00296743315819096,2.45353762709144,0.00239679412751437,0.960981582114293,0.998742420766286,0.998742420766286,"plaq_d"
"12178","RNFT1","Exc L6 CT",-0.0574522644016145,4.13854627914993,4.00742960235203,0.0460755021958823,0.262798308087132,0.262798308087132,"plaq_d"
"12179","HEATR6","Exc L6 CT",0.00886084238337211,4.42250992914246,0.116137201950246,0.733467892836546,0.925254450164293,0.925254450164293,"plaq_d"
"12180","USP32","Exc L6 CT",0.00419646519874673,6.81674205582768,0.095659546873546,0.757286860665554,0.937371276885589,0.937371276885589,"plaq_d"
"12181","APPBP2","Exc L6 CT",0.00316653414504772,6.38238575824766,0.0629754043351841,0.852288563757071,0.97413896580335,0.97413896580335,"plaq_d"
"12182","PPM1D","Exc L6 CT",-0.0408714224095055,4.85036896701117,3.58449525359076,0.0591500315821954,0.300224679611282,0.300224679611282,"plaq_d"
"12183","BCAS3","Exc L6 CT",0.0112854063070878,8.63254064716586,1.00016400373335,0.317965309074129,0.662723119940808,0.662723119940808,"plaq_d"
"12184","AC005884.1","Exc L6 CT",0.0817502745784292,2.07624425900779,1.49210128504592,0.222717096943631,0.56230012760444,0.56230012760444,"plaq_d"
"12185","AC005746.2","Exc L6 CT",-0.0674790783106465,1.77333574215276,0.552370334435772,0.457851945608935,0.775664661561659,0.775664661561659,"plaq_d"
"12186","NACA2","Exc L6 CT",-0.0916219536784971,2.83522614623083,2.11098011002734,0.147146208141818,0.465505545850699,0.465505545850699,"plaq_d"
"12187","BRIP1","Exc L6 CT",0.027457038233166,4.51164449936125,0.698242918199691,0.403947742322899,0.736220147619231,0.736220147619231,"plaq_d"
"12188","INTS2","Exc L6 CT",0.024465933579006,4.89718626144859,1.48080391731347,0.357792838553463,0.700346432196558,0.700346432196558,"plaq_d"
"12189","MED13","Exc L6 CT",0.0232516603332618,7.0903266540982,4.71237972214882,0.0348714114341996,0.225791211977831,0.225791211977831,"plaq_d"
"12190","EFCAB3","Exc L6 CT",0.0204181580698167,2.65819310202928,0.122743412768484,0.726289716761482,0.920960694309724,0.920960694309724,"plaq_d"
"12191","METTL2A","Exc L6 CT",0.00340695821905507,3.69010252426764,0.00981734838132878,0.921129757469957,0.992187354174149,0.992187354174149,"plaq_d"
"12192","TLK2","Exc L6 CT",0.0221810032172379,6.31288539335171,2.57759585332977,0.254973113743866,0.602230179730386,0.602230179730386,"plaq_d"
"12193","MRC2","Exc L6 CT",-0.0582966147326262,2.92275662682183,1.10821525708003,0.293200226133518,0.640794057297422,0.640794057297422,"plaq_d"
"12194","MARCH10","Exc L6 CT",-0.0248879479778957,2.61301876836215,0.214071986178546,0.643883378877682,0.88128400098147,0.88128400098147,"plaq_d"
"12195","AC005972.4","Exc L6 CT",-0.0393056771069797,3.6089049162997,0.760723443083958,0.383703237319905,0.718649849042238,0.718649849042238,"plaq_d"
"12196","TANC2","Exc L6 CT",0.0200474041053969,9.48438819195885,6.3132727728997,0.0124350685457747,0.13009828981466,0.13009828981466,"plaq_d"
"12197","AC006270.1","Exc L6 CT",-0.119676763454012,1.74891119422928,1.82373028404436,0.177746939600352,0.507588666801216,0.507588666801216,"plaq_d"
"12198","AC015923.1","Exc L6 CT",-0.0923000574916032,4.30482739302779,7.52453140243864,0.00640129341154321,0.0897303018038715,0.0897303018038715,"plaq_d"
"12199","AC005828.3","Exc L6 CT",-0.205020188520055,1.99325441302013,6.45133237116,0.0115209594818556,0.124891364985537,0.124891364985537,"plaq_d"
"12200","CYB561","Exc L6 CT",0.0329304929165928,5.2186086395169,0.597497523662686,0.440058829921314,0.762503003018526,0.762503003018526,"plaq_d"
"12201","KCNH6","Exc L6 CT",-0.00253186530834045,2.09412281719137,0.00114183439810781,0.9730631426212,0.999088296211026,0.999088296211026,"plaq_d"
"12202","DCAF7","Exc L6 CT",-0.0146829092268037,6.17937211857091,1.08094738165733,0.299207112726753,0.645995581805218,0.645995581805218,"plaq_d"
"12203","TACO1","Exc L6 CT",-0.0784244654199822,2.86991874078313,2.70753654817686,0.100777464864733,0.389881992198646,0.389881992198646,"plaq_d"
"12204","MAP3K3","Exc L6 CT",3.33693204142929e-05,6.52040919622205,7.54737640875585e-06,0.997809588541855,0.999906738276838,0.999906738276838,"plaq_d"
"12205","CCDC47","Exc L6 CT",-0.015826381597825,4.30073127893698,0.364246544777003,0.546550169036853,0.830059735568577,0.830059735568577,"plaq_d"
"12206","DDX42","Exc L6 CT",0.0398725654153896,5.49865933064068,6.5719766630154,0.0113513281059251,0.124080272902732,0.124080272902732,"plaq_d"
"12207","FTSJ3","Exc L6 CT",-0.0376930587415559,2.37433071496425,0.376579972827971,0.539839962093668,0.826231776982824,0.826231776982824,"plaq_d"
"12208","PSMC5","Exc L6 CT",-0.0392164770038857,3.64773004925157,1.55614233599882,0.213069287764543,0.550097824006163,0.550097824006163,"plaq_d"
"12209","SMARCD2","Exc L6 CT",-0.027693059640622,4.06102491823046,0.796234249260143,0.372837899267841,0.710955389314004,0.710955389314004,"plaq_d"
"12210","ERN1","Exc L6 CT",-0.0425993640128556,4.37309600120891,2.71572579635736,0.100265782065992,0.389063665396771,0.389063665396771,"plaq_d"
"12211","SNHG25","Exc L6 CT",-0.0775183800907524,3.51668008138968,4.00664986059005,0.0460965643849905,0.262814313222306,0.262814313222306,"plaq_d"
"12212","TEX2","Exc L6 CT",0.00586187715539859,6.81900818680951,0.187057753479658,0.693220008952585,0.905260817206223,0.905260817206223,"plaq_d"
"12213","PECAM1","Exc L6 CT",-0.0760603599722542,3.70291018598994,2.40690222048401,0.121709611482214,0.426112492496519,0.426112492496519,"plaq_d"
"12214","POLG2","Exc L6 CT",-0.0586463414103768,3.84018915110541,3.35483627462703,0.0678620373831566,0.319403026113335,0.319403026113335,"plaq_d"
"12215","DDX5","Exc L6 CT",0.0204937532870618,7.21943191897796,2.43082872922453,0.119878391406988,0.422671888977466,0.422671888977466,"plaq_d"
"12216","CEP95","Exc L6 CT",0.0417542525543701,6.01291112073616,6.33541191069076,0.0122835886673152,0.129454277053199,0.129454277053199,"plaq_d"
"12217","SMURF2","Exc L6 CT",-0.0088543500753551,6.25093179324566,0.339989459957652,0.560212749038248,0.838077806833068,0.838077806833068,"plaq_d"
"12218","LRRC37A3","Exc L6 CT",-0.0192290423813732,7.01288613084076,0.471103797302493,0.492936605881769,0.798864727938079,0.798864727938079,"plaq_d"
"12219","AC103810.2","Exc L6 CT",-0.0717821948248272,2.63612850204475,0.484277801759716,0.486955228913695,0.794288611229015,0.794288611229015,"plaq_d"
"12220","GNA13","Exc L6 CT",0.0264810013902942,4.81886138117313,1.27510887351873,0.259587783795173,0.606634969647937,0.606634969647937,"plaq_d"
"12221","RGS9","Exc L6 CT",-0.0310886170768678,4.85514746322829,1.17183226809876,0.279774156161907,0.626673214891366,0.626673214891366,"plaq_d"
"12222","AXIN2","Exc L6 CT",0.0138887780865837,3.17739635305514,0.129857004876239,0.811584530421877,0.959327443190962,0.959327443190962,"plaq_d"
"12223","AC004805.1","Exc L6 CT",-0.0128569327640309,5.5378651298583,0.33634787138106,0.562320003043265,0.839067186267058,0.839067186267058,"plaq_d"
"12224","CEP112","Exc L6 CT",0.00502243559201891,7.7654988794106,0.150709969400225,0.698095047749435,0.908087052942895,0.908087052942895,"plaq_d"
"12225","PRKCA","Exc L6 CT",-0.0162541655953574,7.46993316538058,0.653602614969604,0.419379601526284,0.747201577174799,0.747201577174799,"plaq_d"
"12226","PRKCA-AS1","Exc L6 CT",-0.210079742802393,2.46615107044419,9.64675887274577,0.00205256705968905,0.044703109517827,0.044703109517827,"plaq_d"
"12227","CACNG4","Exc L6 CT",-0.15320073031912,1.75013417604493,1.59095041698911,0.208034779665999,0.543838972290824,0.543838972290824,"plaq_d"
"12228","HELZ","Exc L6 CT",0.0248661760247385,7.0586793230781,5.77316489301825,0.0225438179059251,0.179252409646549,0.179252409646549,"plaq_d"
"12229","PSMD12","Exc L6 CT",0.0399789676454936,5.57249466958334,6.35516230605014,0.0121500608332402,0.128991353801863,0.128991353801863,"plaq_d"
"12230","PITPNC1","Exc L6 CT",-0.0424028808659558,8.32267656357013,7.83330883687943,0.00541485279390735,0.0812849017946718,0.0812849017946718,"plaq_d"
"12231","NOL11","Exc L6 CT",0.019183720384164,4.10925675343756,0.518789773198542,0.491008287632649,0.797265430719559,0.797265430719559,"plaq_d"
"12232","BPTF","Exc L6 CT",-0.00670618782140481,8.0629958952436,0.446118958784795,0.504626252287934,0.805875588575267,0.805875588575267,"plaq_d"
"12233","C17orf58","Exc L6 CT",-0.00213637829016564,2.82068703767734,0.0015167407408394,0.968956274661352,0.998742420766286,0.998742420766286,"plaq_d"
"12234","KPNA2","Exc L6 CT",0.0258324031591849,3.61698154080752,0.53979952190325,0.46301033120834,0.777952465928485,0.777952465928485,"plaq_d"
"12235","AC005332.7","Exc L6 CT",-0.0336416143735106,3.18084210274429,0.637117405687368,0.425300601589221,0.751796102711004,0.751796102711004,"plaq_d"
"12236","AC005332.6","Exc L6 CT",0.0846839808439512,2.40834573935574,1.95964156334869,0.162441987156993,0.48708911624913,0.48708911624913,"plaq_d"
"12237","AC005332.8","Exc L6 CT",-0.0599641171750794,2.07910666939729,0.704325264141697,0.401909957247228,0.73443713436546,0.73443713436546,"plaq_d"
"12238","AC005332.5","Exc L6 CT",0.0841426704149119,2.72034243776373,3.07279606710912,0.0804924590245331,0.349026939794331,0.349026939794331,"plaq_d"
"12239","AMZ2","Exc L6 CT",0.0652746320261377,4.09616913014241,5.53492453054551,0.0197168416420727,0.16637963205116,0.16637963205116,"plaq_d"
"12240","ARSG","Exc L6 CT",-0.0638503934029575,5.13244269074781,7.05647382187979,0.0082613947849989,0.103238749413927,0.103238749413927,"plaq_d"
"12241","SLC16A6","Exc L6 CT",-0.0969929422216312,2.66883859812871,2.48343410031554,0.115958892862896,0.41629531712076,0.41629531712076,"plaq_d"
"12242","WIPI1","Exc L6 CT",-0.0238583310571207,3.85925449159859,0.483964729680632,0.487095966865884,0.794407334202023,0.794407334202023,"plaq_d"
"12243","PRKAR1A","Exc L6 CT",0.0468993602516693,6.09983678077673,9.77645572826288,0.00191641511877129,0.0427069845972625,0.0427069845972625,"plaq_d"
"12244","FAM20A","Exc L6 CT",-0.040740014831402,1.74034439542263,0.183404238469263,0.668728647832951,0.89428867758506,0.89428867758506,"plaq_d"
"12245","LINC01482","Exc L6 CT",-0.0935405321378494,2.08511580827169,1.16018657974934,0.282172529147948,0.628136033649894,0.628136033649894,"plaq_d"
"12246","ABCA9-AS1","Exc L6 CT",-0.0140528099113581,2.20752254693859,0.036989110803583,0.94626217473274,0.997904202435904,0.997904202435904,"plaq_d"
"12247","ABCA9","Exc L6 CT",0.0141586810378109,5.17530040116813,0.31564762895308,0.574596526429778,0.847095913413526,0.847095913413526,"plaq_d"
"12248","ABCA6","Exc L6 CT",0.0174195215195991,5.21371455525505,0.50569569070554,0.477484206119991,0.789344129491849,0.789344129491849,"plaq_d"
"12249","ABCA10","Exc L6 CT",0.0588011289619965,6.25820603571128,8.73620134826331,0.0033321360989385,0.0609522633803287,0.0609522633803287,"plaq_d"
"12250","ABCA5","Exc L6 CT",-0.00653441786777637,7.05298452479385,0.338901514827228,0.674729233513077,0.895575586043388,0.895575586043388,"plaq_d"
"12251","MAP2K6","Exc L6 CT",0.0183711150266755,5.55251344358377,0.631663377793728,0.427287212509027,0.753549762499075,0.753549762499075,"plaq_d"
"12252","LINC01483","Exc L6 CT",0.0660167928205787,3.31141059792682,1.42216151315718,0.233859997301865,0.578933347099549,0.578933347099549,"plaq_d"
"12253","LINC00511","Exc L6 CT",0.0518232581771783,5.66866320739804,3.48994567538054,0.0625823060451528,0.307906656809986,0.307906656809986,"plaq_d"
"12254","SLC39A11","Exc L6 CT",-0.0448688220474557,6.55818421339632,4.26607268728843,0.0396202700260245,0.241888637529537,0.241888637529537,"plaq_d"
"12255","SSTR2","Exc L6 CT",0.0449627975602913,6.38208828606328,6.25529676922793,0.0128409584588451,0.132255806129137,0.132255806129137,"plaq_d"
"12256","COG1","Exc L6 CT",-0.0593698525585786,5.30218934252523,7.42716347248758,0.00674918828608548,0.0918348908945998,0.0918348908945998,"plaq_d"
"12257","FAM104A","Exc L6 CT",-0.00318303394476849,4.43965264090483,0.018243289217249,0.892636375009956,0.985595335141122,0.985595335141122,"plaq_d"
"12258","C17orf80","Exc L6 CT",5.07637840837246e-05,4.50817883477667,5.3083036191602e-06,0.998163014459846,0.999906738276838,0.999906738276838,"plaq_d"
"12259","CDC42EP4","Exc L6 CT",-0.0241890966261458,2.99108520613226,0.286243063466834,0.630860262827639,0.876683500163605,0.876683500163605,"plaq_d"
"12260","SDK2","Exc L6 CT",-0.0276645524691255,7.21160951979748,2.57954251606832,0.109159412687795,0.406293415272554,0.406293415272554,"plaq_d"
"12261","LINC02074","Exc L6 CT",0.0248422432821199,2.63576670974761,0.155776400113419,0.693316876783703,0.90530519348555,0.90530519348555,"plaq_d"
"12262","RPL38","Exc L6 CT",-0.047674409176562,4.76010119249295,1.24081669854812,0.266082037907927,0.612929877016238,0.612929877016238,"plaq_d"
"12263","RAB37","Exc L6 CT",-0.0389191208731022,5.61365293154101,2.46880923932476,0.117034088007573,0.417759169590136,0.417759169590136,"plaq_d"
"12264","NAT9","Exc L6 CT",-0.0515125507020867,4.22445301335218,3.83218409933015,0.0510758119343507,0.277945154938766,0.277945154938766,"plaq_d"
"12265","TMEM104","Exc L6 CT",-0.0390855755551392,3.50365500630857,1.01714493316071,0.313897521985006,0.657959919408292,0.657959919408292,"plaq_d"
"12266","FADS6","Exc L6 CT",-0.0338186502102207,3.86373263889013,1.2921874245103,0.256426926546198,0.604078225259215,0.604078225259215,"plaq_d"
"12267","HID1","Exc L6 CT",-0.0100532107816353,4.83654507452696,0.227167633306123,0.682467900616333,0.899070690422699,0.899070690422699,"plaq_d"
"12268","MRPL58","Exc L6 CT",-0.0435375751026541,3.02260880764227,1.05992582258562,0.303946708950149,0.649548387852813,0.649548387852813,"plaq_d"
"12269","KCTD2","Exc L6 CT",0.0340206244397658,4.91877682582004,2.32333655808132,0.147192362094497,0.465505545850699,0.465505545850699,"plaq_d"
"12270","ATP5PD","Exc L6 CT",0.0171385451917728,3.71285759702813,0.237469964651243,0.626346086590769,0.874809713951091,0.874809713951091,"plaq_d"
"12271","ARMC7","Exc L6 CT",0.0200928157404417,2.83862596231877,0.200544416248417,0.801356218473292,0.955620788570984,0.955620788570984,"plaq_d"
"12272","NT5C","Exc L6 CT",-0.0407094034375866,2.42041313782261,0.447285048781732,0.504070213412915,0.805655989914788,0.805655989914788,"plaq_d"
"12273","JPT1","Exc L6 CT",0.0280540658664731,4.75563519671882,1.36942910914122,0.24271031798047,0.587730485726971,0.587730485726971,"plaq_d"
"12274","SUMO2","Exc L6 CT",0.0280583029325722,3.60516168081858,0.682754947880537,0.409205501184828,0.740837712789945,0.740837712789945,"plaq_d"
"12275","NUP85","Exc L6 CT",-0.0315115203882064,4.91624468227953,1.72354039164818,0.190102548763504,0.523592195065877,0.523592195065877,"plaq_d"
"12276","GGA3","Exc L6 CT",0.0110565540511696,5.07378154679879,0.379193036995978,0.609413838738978,0.865711626454147,0.865711626454147,"plaq_d"
"12277","MRPS7","Exc L6 CT",-0.021359046227678,3.80725511930302,0.486698950749923,0.48586910536408,0.79402561480546,0.79402561480546,"plaq_d"
"12278","MIF4GD","Exc L6 CT",-0.110376907311669,2.4718144538871,3.43843256617044,0.0645414463512928,0.312060743297684,0.312060743297684,"plaq_d"
"12279","SLC25A19","Exc L6 CT",0.0423551448577603,2.76877743032101,0.79631834677763,0.375138241500983,0.711620783324305,0.711620783324305,"plaq_d"
"12280","GRB2","Exc L6 CT",0.0112206661472819,6.40267934467658,0.526274437617935,0.468664660192071,0.78210319251016,0.78210319251016,"plaq_d"
"12281","AC011933.4","Exc L6 CT",-0.122001366060782,2.71232400794998,4.87672941674923,0.0278722334067722,0.200436246928321,0.200436246928321,"plaq_d"
"12282","TMEM94","Exc L6 CT",0.00320569622041327,4.57217109787649,0.017929288987729,0.981020755987173,0.999571689696322,0.999571689696322,"plaq_d"
"12283","CASKIN2","Exc L6 CT",-0.0723129050361759,1.77854536463944,0.660193272415011,0.417046886256321,0.746278057743443,0.746278057743443,"plaq_d"
"12284","TSEN54","Exc L6 CT",0.0191545270545235,3.96286734321257,0.42802455100602,0.513391738082449,0.810701187223076,0.810701187223076,"plaq_d"
"12285","LLGL2","Exc L6 CT",0.0196769482585233,2.56614668065105,0.108818088021752,0.741692123952821,0.929472254000688,0.929472254000688,"plaq_d"
"12286","RECQL5","Exc L6 CT",-0.104184135636948,3.77488838494773,10.9719633588036,0.00102205322591716,0.0279723920918317,0.0279723920918317,"plaq_d"
"12287","SAP30BP","Exc L6 CT",-0.0146547161026327,4.77791549323638,0.529602849404962,0.467262938590391,0.781540288596175,0.781540288596175,"plaq_d"
"12288","GALK1","Exc L6 CT",-0.0279434512972064,1.7993707119322,0.12937186038449,0.719302251176537,0.917664676969392,0.917664676969392,"plaq_d"
"12289","H3F3B","Exc L6 CT",-0.00592846489842476,5.38126036319712,0.0694274073295623,0.792328163977855,0.952116548299265,0.952116548299265,"plaq_d"
"12290","UNK","Exc L6 CT",-0.0142712253437618,5.01104685988706,0.462919314577045,0.659186547459224,0.889674812279624,0.889674812279624,"plaq_d"
"12291","UNC13D","Exc L6 CT",0.0486847203348881,2.16178043958001,0.487813740938131,0.485370362529124,0.793543976491836,0.793543976491836,"plaq_d"
"12292","WBP2","Exc L6 CT",0.0691890694041095,6.06865328618838,16.5597613637533,5.83669582740938e-05,0.00449331941879067,0.00449331941879067,"plaq_d"
"12293","TRIM65","Exc L6 CT",-0.0219885601725086,2.78531006554904,0.224474138739981,0.635948723121469,0.878269581788608,0.878269581788608,"plaq_d"
"12294","AC087289.3","Exc L6 CT",-0.0852916048151871,2.68062061210206,2.40430384327299,0.121910344869622,0.426390020588696,0.426390020588696,"plaq_d"
"12295","FBF1","Exc L6 CT",-0.043889876940418,4.02072452950916,1.85884413418438,0.173639130543933,0.50155160437241,0.50155160437241,"plaq_d"
"12296","ACOX1","Exc L6 CT",-0.0360305132255433,4.75219534238174,2.56965162470002,0.109838413731439,0.407639547326061,0.407639547326061,"plaq_d"
"12297","TEN1","Exc L6 CT",-0.0172531657752558,2.21041659699705,0.0625313076331773,0.802686402143276,0.956257294579134,0.956257294579134,"plaq_d"
"12298","CDK3","Exc L6 CT",0.0370219824183914,2.39964614925694,0.382125195653271,0.536872176453711,0.824055000770618,0.824055000770618,"plaq_d"
"12299","SRP68","Exc L6 CT",-0.0034229031772546,4.5286382101085,0.0198226711518093,0.978972909979331,0.999382641615547,0.999382641615547,"plaq_d"
"12300","EXOC7","Exc L6 CT",-0.00129938124167831,5.92984900797765,0.00727546300161927,0.932074835964523,0.994600054743553,0.994600054743553,"plaq_d"
"12301","RNF157","Exc L6 CT",0.027982554428893,6.60680831130524,3.45798406587594,0.0637902400713898,0.310409342397876,0.310409342397876,"plaq_d"
"12302","UBALD2","Exc L6 CT",0.00673650508292534,3.29676910009902,0.0263773269680811,0.871076432014503,0.979459213878058,0.979459213878058,"plaq_d"
"12303","QRICH2","Exc L6 CT",0.016154900064223,4.47980017724381,0.383006782324452,0.667146500892458,0.893727359622744,0.893727359622744,"plaq_d"
"12304","PRPSAP1","Exc L6 CT",0.0161453247628236,5.35012442612875,0.70684670398011,0.401069585256271,0.73389913789965,0.73389913789965,"plaq_d"
"12305","UBE2O","Exc L6 CT",0.00537017012697149,6.5356348801321,0.165197734376781,0.684665175935554,0.900774195488207,0.900774195488207,"plaq_d"
"12306","CYGB","Exc L6 CT",0.0774711890821222,2.09869621025555,1.08137142977333,0.2991124915654,0.645995581805218,0.645995581805218,"plaq_d"
"12307","MXRA7","Exc L6 CT",-0.0241307198676566,4.60517296427956,0.750710553292022,0.386847995925993,0.721407429104045,0.721407429104045,"plaq_d"
"12308","JMJD6","Exc L6 CT",0.0324914628781752,3.61933227149298,1.08093943590927,0.299208886092031,0.645995581805218,0.645995581805218,"plaq_d"
"12309","SRSF2","Exc L6 CT",-0.0322460553879676,5.1302773642939,2.18273262227936,0.140470358749954,0.455863680019012,0.455863680019012,"plaq_d"
"12310","MFSD11","Exc L6 CT",-0.010833181958565,6.03995600654768,0.433927363214325,0.510503465634056,0.80846075010996,0.80846075010996,"plaq_d"
"12311","LINC02080","Exc L6 CT",0.0261467817081014,2.02409975103428,0.106007787222568,0.744931377562797,0.9313232179284,0.9313232179284,"plaq_d"
"12312","MGAT5B","Exc L6 CT",-0.250162128336754,1.97107155712367,3.96439237690532,0.0472534011824006,0.265739429758144,0.265739429758144,"plaq_d"
"12313","SEC14L1","Exc L6 CT",-0.0155039329854694,5.8535098718066,0.653786852685273,0.419314127795961,0.747177396181539,0.747177396181539,"plaq_d"
"12314","SEPT9","Exc L6 CT",-0.0161985248821715,5.61688750803333,0.667488527483249,0.41448722936075,0.744351560799276,0.744351560799276,"plaq_d"
"12315","AC021683.3","Exc L6 CT",0.0273187181401382,2.89675637912947,0.30537367701547,0.580887616562054,0.851041833586362,0.851041833586362,"plaq_d"
"12316","AC021683.2","Exc L6 CT",-0.0642175829084888,3.69735707951412,2.22319411776126,0.136856882568596,0.450638536472441,0.450638536472441,"plaq_d"
"12317","TNRC6C","Exc L6 CT",0.0102171811991543,8.24175273640066,1.09408060171753,0.296294408120543,0.644103008471502,0.644103008471502,"plaq_d"
"12318","SYNGR2","Exc L6 CT",0.0528247800963467,2.61626144333447,1.08005024619254,0.341489801990241,0.685478335509564,0.685478335509564,"plaq_d"
"12319","AFMID","Exc L6 CT",0.0129721614989694,4.0888699591996,0.152526039632016,0.696371803404221,0.907072790608684,0.907072790608684,"plaq_d"
"12320","PGS1","Exc L6 CT",-0.0350190989169856,4.48239573468951,2.02983409326832,0.155133098281188,0.47679250274466,0.47679250274466,"plaq_d"
"12321","DNAH17","Exc L6 CT",-0.0621725826214682,2.63007000471189,1.0752464764535,0.300482959644928,0.647273064068988,0.647273064068988,"plaq_d"
"12322","CYTH1","Exc L6 CT",0.00589936683619074,5.34865948562146,0.102774103335811,0.748717969252826,0.932916801537149,0.932916801537149,"plaq_d"
"12323","USP36","Exc L6 CT",-0.0409234643727879,5.53283582468754,5.10860031294386,0.0244247106100966,0.18622276420815,0.18622276420815,"plaq_d"
"12324","TIMP2","Exc L6 CT",0.100194408104648,2.3445502129509,0.831988342811729,0.362329282368618,0.703072159182993,0.703072159182993,"plaq_d"
"12325","CANT1","Exc L6 CT",-0.0175108233793273,3.56042574329011,0.246072884849577,0.620166926383721,0.871101870642994,0.871101870642994,"plaq_d"
"12326","ENGASE","Exc L6 CT",0.0103418795071017,3.06403363365163,0.0543321001600917,0.961143561797981,0.998742420766286,0.998742420766286,"plaq_d"
"12327","RBFOX3","Exc L6 CT",0.010031341587679,9.23268845164377,0.62913879894166,0.428211527887255,0.754255861429697,0.754255861429697,"plaq_d"
"12328","CBX4","Exc L6 CT",0.0278000664122359,3.58093275566336,0.64272575492944,0.558532509938552,0.837242282312585,0.837242282312585,"plaq_d"
"12329","TBC1D16","Exc L6 CT",-0.0253711662326032,4.16683519079367,0.671048995618664,0.413246439210601,0.743265334692131,0.743265334692131,"plaq_d"
"12330","CCDC40","Exc L6 CT",0.0206107037247324,4.4553522179969,0.468175724826641,0.494282755784079,0.799151308845645,0.799151308845645,"plaq_d"
"12331","GAA","Exc L6 CT",-0.0701563292519519,4.66405591881077,6.91129745270343,0.00894489023306108,0.107848107031112,0.107848107031112,"plaq_d"
"12332","EIF4A3","Exc L6 CT",0.0794508920994178,2.99772662387863,3.34207504061315,0.0683848640792024,0.320626398453182,0.320626398453182,"plaq_d"
"12333","AC087741.1","Exc L6 CT",-0.0380067178352685,3.53217116661933,0.689703706691678,0.40683423993038,0.739119853361654,0.739119853361654,"plaq_d"
"12334","SGSH","Exc L6 CT",0.0471766330361724,2.98043435298335,1.29345516109224,0.377060420233412,0.713574577320914,0.713574577320914,"plaq_d"
"12335","SLC26A11","Exc L6 CT",0.00737409756659604,5.4227278784712,0.150051105113092,0.943281080673255,0.997507548890635,0.997507548890635,"plaq_d"
"12336","RNF213","Exc L6 CT",0.00396712219439017,5.17958834930859,0.0169647601407036,0.896444768376819,0.986392263158221,0.986392263158221,"plaq_d"
"12337","AC124319.2","Exc L6 CT",-0.0306257547542012,6.41326895620198,4.15852777748635,0.0421800434586942,0.248760305461434,0.248760305461434,"plaq_d"
"12338","ENDOV","Exc L6 CT",-0.0850958645370686,4.7074264815959,13.1788669952579,0.000325597403126624,0.0137513479277001,0.0137513479277001,"plaq_d"
"12339","NPTX1","Exc L6 CT",0.00381185987620731,7.78270674588088,0.0528947083172836,0.818235759775166,0.9626775088038,0.9626775088038,"plaq_d"
"12340","RPTOR","Exc L6 CT",-0.00835829175864925,7.57493003944122,0.41749695764006,0.518614282997401,0.813286625057798,0.813286625057798,"plaq_d"
"12341","CHMP6","Exc L6 CT",-0.00142669881795463,3.51260834930816,0.00138624438511796,0.970321118684625,0.998742420766286,0.998742420766286,"plaq_d"
"12342","BAIAP2-DT","Exc L6 CT",0.00611231070910499,3.75704031016468,0.0298567182755319,0.862916131938938,0.976925559917429,0.976925559917429,"plaq_d"
"12343","BAIAP2","Exc L6 CT",0.0354986638619229,7.93533320512659,6.76027494181743,0.00971787544893352,0.113095016138114,0.113095016138114,"plaq_d"
"12344","AATK","Exc L6 CT",-0.0040878889962269,6.25638689235443,0.086210278275524,0.769226377212954,0.9425811340301,0.9425811340301,"plaq_d"
"12345","PVALEF","Exc L6 CT",-0.0444064838717174,3.23391839540891,0.96228590030076,0.327292706271163,0.67224603514702,0.67224603514702,"plaq_d"
"12346","CEP131","Exc L6 CT",-0.0448598490678418,2.99186478435577,0.990066328314288,0.320417124361443,0.665328850758305,0.665328850758305,"plaq_d"
"12347","TEPSIN","Exc L6 CT",-0.00127984705369616,2.97460372566851,0.00112443568483574,0.973269078010287,0.999093977007575,0.999093977007575,"plaq_d"
"12348","NDUFAF8","Exc L6 CT",-0.00293555661897969,4.23027756782459,0.00939276661826566,0.92284863376963,0.992627684679289,0.992627684679289,"plaq_d"
"12349","SLC38A10","Exc L6 CT",-0.0227213536434162,4.23487384900409,0.625745703237626,0.429458602416993,0.755158915401861,0.755158915401861,"plaq_d"
"12350","AC027601.4","Exc L6 CT",-0.190161731747671,2.18801157624367,7.44371899210891,0.00668869418364407,0.0913571550927325,0.0913571550927325,"plaq_d"
"12351","AC110285.2","Exc L6 CT",-0.0258377377089953,2.21576387038587,0.128707553107703,0.719993302152401,0.917861329415248,0.917861329415248,"plaq_d"
"12352","BAHCC1","Exc L6 CT",-0.0386735028872475,4.64131459083084,2.70483672911074,0.100946783130128,0.389919476775242,0.389919476775242,"plaq_d"
"12353","ACTG1","Exc L6 CT",0.0515243747104806,6.39689937433328,7.45846375428003,0.00663528520476313,0.0910701152739702,0.0910701152739702,"plaq_d"
"12354","FAAP100","Exc L6 CT",-0.104560315157641,3.25908582459897,5.43293065090897,0.0203309042187731,0.169868657651455,0.169868657651455,"plaq_d"
"12355","NPLOC4","Exc L6 CT",-0.0311128590322623,6.32336470023622,4.20203048640695,0.0411241889783881,0.246209643072273,0.246209643072273,"plaq_d"
"12356","OXLD1","Exc L6 CT",-0.0837942213056857,3.15569583294184,4.07179601511316,0.0443714900010219,0.256674207054444,0.256674207054444,"plaq_d"
"12357","CCDC137","Exc L6 CT",-0.0692425450738109,3.34172508012229,3.27971692954874,0.0710026910255041,0.32677581202147,0.32677581202147,"plaq_d"
"12358","ARL16","Exc L6 CT",-0.0509396850877742,3.80981258212911,2.40974795087965,0.121490191137121,0.425955380323915,0.425955380323915,"plaq_d"
"12359","HGS","Exc L6 CT",0.0214829868318787,4.90378446599478,1.06830168480115,0.302046698908311,0.648317321825562,0.648317321825562,"plaq_d"
"12360","AC139530.1","Exc L6 CT",-0.0911346699202397,2.41188016504919,2.33442518647703,0.127449560959177,0.435208264931137,0.435208264931137,"plaq_d"
"12361","MCRIP1","Exc L6 CT",0.0438949182295702,4.54341093007493,3.05142607299994,0.0815479941939255,0.350343934926463,0.350343934926463,"plaq_d"
"12362","P4HB","Exc L6 CT",-0.00173968329673922,4.90121549231806,0.006749882384564,0.934568542236722,0.995676697651708,0.995676697651708,"plaq_d"
"12363","ARHGDIA","Exc L6 CT",0.0462260598278571,5.07321138226159,4.77376862674786,0.0335313889566887,0.222122112182129,0.222122112182129,"plaq_d"
"12364","ANAPC11","Exc L6 CT",0.0336632539125665,3.8061184412755,1.1757237237649,0.278978486307249,0.62635282109781,0.62635282109781,"plaq_d"
"12365","PCYT2","Exc L6 CT",-0.0394078569403371,3.44163443309367,1.22710536961052,0.409416886826605,0.740913325299283,0.740913325299283,"plaq_d"
"12366","SIRT7","Exc L6 CT",0.00129910754059446,4.39207509520143,0.00224457055563165,0.962240001622213,0.998742420766286,0.998742420766286,"plaq_d"
"12367","MAFG","Exc L6 CT",0.00288850027112311,4.49322401617613,0.011770865749665,0.913666632952246,0.989967061646606,0.989967061646606,"plaq_d"
"12368","AC145207.1","Exc L6 CT",-0.0737258532306308,3.35682077533667,3.40038906725531,0.0660304629519285,0.315072769193226,0.315072769193226,"plaq_d"
"12369","ASPSCR1","Exc L6 CT",-0.057357263857656,4.79196473193022,6.76662124769713,0.00968404750545928,0.113032231832698,0.113032231832698,"plaq_d"
"12370","CENPX","Exc L6 CT",-0.0167222118468002,3.31639819399717,0.182912763433031,0.68249881564217,0.899070690422699,0.899070690422699,"plaq_d"
"12371","LRRC45","Exc L6 CT",-0.0750103542802505,3.10250238513712,2.82746575546324,0.0935611132022598,0.37602059901165,0.37602059901165,"plaq_d"
"12372","RAC3","Exc L6 CT",0.0655751561331186,3.19857231185905,2.59940455112237,0.107809844592115,0.402900631554441,0.402900631554441,"plaq_d"
"12373","DCXR","Exc L6 CT",-0.0330179187239462,2.84262311734838,0.442111893170544,0.636495314448496,0.878269581788608,0.878269581788608,"plaq_d"
"12374","RFNG","Exc L6 CT",-0.0250763668854287,4.73180535783447,0.870275806341843,0.351525383861263,0.694692846986765,0.694692846986765,"plaq_d"
"12375","GPS1","Exc L6 CT",-0.00762637508616862,4.51194090044575,0.111363433744251,0.738798069896868,0.928254375311796,0.928254375311796,"plaq_d"
"12376","DUS1L","Exc L6 CT",-0.0413089041558495,4.53064616412511,2.50730958932372,0.114227054238822,0.414001176440605,0.414001176440605,"plaq_d"
"12377","FASN","Exc L6 CT",0.0255041672826848,4.44794173801462,1.19772219422522,0.274533890052,0.622294108201636,0.622294108201636,"plaq_d"
"12378","CCDC57","Exc L6 CT",-0.0057191634595222,7.35901869197642,0.198095513425462,0.656539060214573,0.888469290359935,0.888469290359935,"plaq_d"
"12379","CSNK1D","Exc L6 CT",0.0228174214487864,5.54937828456116,1.88362181848118,0.170806472361672,0.498191943976348,0.498191943976348,"plaq_d"
"12380","AC132872.1","Exc L6 CT",0.0803786074283559,3.19303637341384,3.4063997734196,0.0657927753822798,0.31450874286864,0.31450874286864,"plaq_d"
"12381","AC132938.1","Exc L6 CT",0.0707906758611061,2.51783476660042,1.56269396465524,0.212110705816268,0.549044120108991,0.549044120108991,"plaq_d"
"12382","OGFOD3","Exc L6 CT",-0.0287706303451498,4.29563363215211,1.13177454018181,0.288134351181106,0.634875561758676,0.634875561758676,"plaq_d"
"12383","HEXDC","Exc L6 CT",0.000886554448652995,4.60188952718204,0.00116658533839337,0.97277287242013,0.999088296211026,0.999088296211026,"plaq_d"
"12384","CYBC1","Exc L6 CT",-0.133247416602489,3.39091590434675,12.1701564490434,0.000547887942048048,0.0193318500336365,0.0193318500336365,"plaq_d"
"12385","NARF","Exc L6 CT",-0.0196494582307939,5.8133339471576,1.29253373432446,0.256363327045071,0.604027243230908,0.604027243230908,"plaq_d"
"12386","FOXK2","Exc L6 CT",-0.0331107302260196,6.45270088299586,7.05942676362331,0.00824806361813598,0.103238749413927,0.103238749413927,"plaq_d"
"12387","WDR45B","Exc L6 CT",-0.0010559400918754,5.21988422044831,0.00284358457101951,0.957503325823589,0.998742420766286,0.998742420766286,"plaq_d"
"12388","RAB40B","Exc L6 CT",0.00498763634399317,5.36687287877369,0.0617390125663032,0.80391465779471,0.956709003580136,0.956709003580136,"plaq_d"
"12389","FN3KRP","Exc L6 CT",0.0626771787555673,3.92214780236888,4.94179898220221,0.0268562919724942,0.196565342763601,0.196565342763601,"plaq_d"
"12390","FN3K","Exc L6 CT",-0.0565504516677732,4.15075090192871,3.31994363339988,0.0693018748201065,0.322453067197884,0.322453067197884,"plaq_d"
"12391","TBCD","Exc L6 CT",0.0156448928533371,6.88605144107912,1.30553001442174,0.253990610869765,0.6017855223965,0.6017855223965,"plaq_d"
"12392","B3GNTL1","Exc L6 CT",-0.0585019655669259,4.11997312695013,3.18070405919908,0.0753835137732635,0.337654344828843,0.337654344828843,"plaq_d"
"12393","USP14","Exc L6 CT",0.0123247843979682,6.28787285804584,0.990971737267005,0.320196267101953,0.665062106651236,0.665062106651236,"plaq_d"
"12394","THOC1","Exc L6 CT",-0.00655834363712221,5.96072245823951,0.192566601209118,0.661061150605994,0.890764276892284,0.890764276892284,"plaq_d"
"12395","CLUL1","Exc L6 CT",-0.0502651785546499,2.81141125876786,0.589687278917269,0.443060515571738,0.764692384866411,0.764692384866411,"plaq_d"
"12396","ENOSF1","Exc L6 CT",-0.0390613041541548,3.70818196193213,0.395812349644195,0.529672428878968,0.819154884634274,0.819154884634274,"plaq_d"
"12397","LINC00470","Exc L6 CT",0.100357647877779,1.47369662311039,0.562048345123352,0.453942328548685,0.774283621064795,0.774283621064795,"plaq_d"
"12398","AP005230.1","Exc L6 CT",-0.0354356560865256,4.10013831470364,0.651017179021814,0.420300017579267,0.748100773129468,0.748100773129468,"plaq_d"
"12399","METTL4","Exc L6 CT",-0.0241828607372645,4.19742606238476,0.701126973106665,0.410131777811198,0.741742124240195,0.741742124240195,"plaq_d"
"12400","SMCHD1","Exc L6 CT",0.0102097609857745,6.86376772377765,0.768613767832547,0.381250680969991,0.717268762886334,0.717268762886334,"plaq_d"
"12401","AP001011.1","Exc L6 CT",-0.0293332409053519,2.98732659928908,0.385346310319098,0.642624474725819,0.881203285741464,0.881203285741464,"plaq_d"
"12402","LPIN2","Exc L6 CT",0.00779421028215412,5.16716300097021,0.153872274411494,0.695101998340257,0.906353633810656,0.906353633810656,"plaq_d"
"12403","MYOM1","Exc L6 CT",0.0145307510736961,2.91113493719725,0.080006951081139,0.777456067099018,0.946432481294003,0.946432481294003,"plaq_d"
"12404","MYL12B","Exc L6 CT",-0.00769535625282015,4.52696519628231,0.103531617089335,0.747825098580533,0.932417297693171,0.932417297693171,"plaq_d"
"12405","DLGAP1","Exc L6 CT",-0.00473113903719657,10.8861275658914,0.256432805684769,0.612902006757545,0.868496069595123,0.868496069595123,"plaq_d"
"12406","DLGAP1-AS1","Exc L6 CT",-0.0947893633804506,1.97892837833574,1.51992263788799,0.306862897120574,0.652689915835421,0.652689915835421,"plaq_d"
"12407","DLGAP1-AS3","Exc L6 CT",-0.185551250222833,2.49227784998545,8.72864395848008,0.00334563163941891,0.0611214633008561,0.0611214633008561,"plaq_d"
"12408","DLGAP1-AS4","Exc L6 CT",0.0258751409545452,5.74184894936261,1.12909525464468,0.288704801186978,0.63554900212249,0.63554900212249,"plaq_d"
"12409","DLGAP1-AS5","Exc L6 CT",-0.0499334205451086,1.9449286517064,0.367863358136365,0.544566456765297,0.828650548249287,0.828650548249287,"plaq_d"
"12410","LINC00667","Exc L6 CT",-0.000949068812437019,4.84223782777639,0.00166262722848735,0.967498379670636,0.998742420766286,0.998742420766286,"plaq_d"
"12411","ZBTB14","Exc L6 CT",0.0917068585860009,2.63376344101384,3.41885006907294,0.0767493316071441,0.341242055572818,0.341242055572818,"plaq_d"
"12412","AP005671.1","Exc L6 CT",-0.0381231442475088,3.65202528516131,1.20725594982167,0.272635402798822,0.619867573940516,0.619867573940516,"plaq_d"
"12413","EPB41L3","Exc L6 CT",0.0384757089332412,8.19723019713859,12.840522200789,0.000387528552475611,0.0152012562437027,0.0152012562437027,"plaq_d"
"12414","AP005059.1","Exc L6 CT",-0.175537574468631,1.56238771485701,3.23896602243753,0.0727715636739304,0.330482796747467,0.330482796747467,"plaq_d"
"12415","L3MBTL4","Exc L6 CT",-0.202513868075838,1.52178041711319,1.72587763099922,0.189803129765724,0.523440644902235,0.523440644902235,"plaq_d"
"12416","ARHGAP28","Exc L6 CT",0.119704212383387,3.27141683729197,5.90652787800091,0.0155894664429741,0.147843187689759,0.147843187689759,"plaq_d"
"12417","PTPRM","Exc L6 CT",0.0484793793054901,7.11122632319118,5.95715653592098,0.0151554426691716,0.144968606422189,0.144968606422189,"plaq_d"
"12418","RAB12","Exc L6 CT",0.0152657041695452,5.66979896539917,0.831148939780075,0.374454949370351,0.711074192208887,0.711074192208887,"plaq_d"
"12419","MTCL1","Exc L6 CT",0.0115429582385978,5.75891460435121,0.306898742228252,0.579945094617348,0.850798897596183,0.850798897596183,"plaq_d"
"12420","NDUFV2","Exc L6 CT",0.0142883990387391,5.03734721911276,0.49158454888675,0.59804073885205,0.859003695660694,0.859003695660694,"plaq_d"
"12421","NDUFV2-AS1","Exc L6 CT",-0.0481047738220833,3.41559066796026,1.48658720156492,0.2235720266769,0.563401058733739,0.563401058733739,"plaq_d"
"12422","ANKRD12","Exc L6 CT",0.0580910340581119,7.86148178639887,28.6769352987984,1.5565202118033e-07,7.46922165637343e-05,7.46922165637343e-05,"plaq_d"
"12423","TWSG1","Exc L6 CT",-0.037346910540927,4.9933084770465,2.99121621121572,0.0846034944654478,0.356856696842832,0.356856696842832,"plaq_d"
"12424","RALBP1","Exc L6 CT",0.0434581793832892,5.63832494315151,5.74560774310271,0.0170564832936067,0.153948682735597,0.153948682735597,"plaq_d"
"12425","PPP4R1","Exc L6 CT",-0.027486605833486,5.49565497266187,2.45354326768603,0.118168227844199,0.420282079964388,0.420282079964388,"plaq_d"
"12426","RAB31","Exc L6 CT",0.0102801015103051,3.3770727542337,0.0546231960801462,0.815342766124506,0.960608434497781,0.960608434497781,"plaq_d"
"12427","VAPA","Exc L6 CT",0.0221467604203389,6.74667959329166,3.88685252816452,0.0494568947009642,0.271748647372168,0.271748647372168,"plaq_d"
"12428","NAPG","Exc L6 CT",0.0128769501124946,6.02098693052025,0.436257989656135,0.50937083267183,0.807429752402237,0.807429752402237,"plaq_d"
"12429","PIEZO2","Exc L6 CT",-0.327513217458285,1.94153258569115,6.3401660605007,0.0122513091502262,0.129398273313761,0.129398273313761,"plaq_d"
"12430","GNAL","Exc L6 CT",0.00467702292634751,7.82341472049021,0.0474754669709877,0.827643497764786,0.964685218129143,0.964685218129143,"plaq_d"
"12431","MPPE1","Exc L6 CT",-0.00974472599779205,4.98833241340264,0.172967424037918,0.677744120234814,0.896435534261336,0.896435534261336,"plaq_d"
"12432","IMPA2","Exc L6 CT",0.0707837684025429,2.62146050390981,1.32275942157856,0.250886702030194,0.598172401859336,0.598172401859336,"plaq_d"
"12433","ANKRD62","Exc L6 CT",3.41969245942926e-06,5.18192728172242,7.85560488249368e-07,0.999293327804331,0.999906738276838,0.999906738276838,"plaq_d"
"12434","CIDEA","Exc L6 CT",-0.0104653113907855,3.94541737117498,0.106642636942623,0.800790575948595,0.955506912332949,0.955506912332949,"plaq_d"
"12435","AFG3L2","Exc L6 CT",-0.0126354156338647,5.15986370433721,0.390424980785532,0.532485333297551,0.821173953738783,0.821173953738783,"plaq_d"
"12436","PRELID3A","Exc L6 CT",-0.0192757635455838,4.68919148132344,0.714836731391231,0.398423401132553,0.73127644520344,0.73127644520344,"plaq_d"
"12437","SPIRE1","Exc L6 CT",0.017179065076198,7.74231281916943,3.62404516673185,0.0577744792031895,0.296725437962581,0.296725437962581,"plaq_d"
"12438","PSMG2","Exc L6 CT",0.012212784101791,6.03067833980635,0.614426437378956,0.433658908243524,0.757698516826922,0.757698516826922,"plaq_d"
"12439","CEP76","Exc L6 CT",-0.0239475561372786,4.21656479133619,0.928508991343156,0.335919379389262,0.680652625045878,0.680652625045878,"plaq_d"
"12440","AP005482.1","Exc L6 CT",-0.071341785376688,4.10447204176654,1.34755949126391,0.24650045167693,0.592523042635013,0.592523042635013,"plaq_d"
"12441","PTPN2","Exc L6 CT",0.0181096317943785,7.16415675765626,1.52290277552439,0.218013010824375,0.557750270396844,0.557750270396844,"plaq_d"
"12442","SEH1L","Exc L6 CT",-0.0192315079696789,4.62431803538447,0.582244620028113,0.445950492713345,0.767047686879503,0.767047686879503,"plaq_d"
"12443","CEP192","Exc L6 CT",0.00166443916275518,7.03359358930393,0.0226174077703175,0.880543339929421,0.983040086981306,0.983040086981306,"plaq_d"
"12444","LDLRAD4","Exc L6 CT",-0.0120700517607407,7.6057593362541,0.50539949319745,0.477613115624217,0.789344129491849,0.789344129491849,"plaq_d"
"12445","FAM210A","Exc L6 CT",-0.00339672597901883,4.5937996396182,0.0191809988361742,0.889928899637421,0.984904368079323,0.984904368079323,"plaq_d"
"12446","RNMT","Exc L6 CT",-0.0188111357164536,6.52424646268781,2.11391414776062,0.146866289705814,0.46529205691129,0.46529205691129,"plaq_d"
"12447","ZNF519","Exc L6 CT",0.016294742526069,7.0915651380756,1.40691336757619,0.236378202640723,0.58149360991385,0.58149360991385,"plaq_d"
"12448","ANKRD30B","Exc L6 CT",-0.21256632063258,2.05176153018586,3.0352197207137,0.0823584778804337,0.352378958602787,0.352378958602787,"plaq_d"
"12449","AP006565.1","Exc L6 CT",0.113593119642538,1.96602143056229,2.23610907607151,0.135725604268004,0.448478675343561,0.448478675343561,"plaq_d"
"12450","ROCK1","Exc L6 CT",0.0121156609998237,7.11286006991958,1.03952224692208,0.308640482610102,0.653011548736769,0.653011548736769,"plaq_d"
"12451","GREB1L","Exc L6 CT",-0.0694392203475182,3.71711290628787,2.13035119341243,0.14530923873727,0.461734223771334,0.461734223771334,"plaq_d"
"12452","ESCO1","Exc L6 CT",-0.0454682423603291,5.60836776314723,7.40762294879185,0.014693335429809,0.142552912243892,0.142552912243892,"plaq_d"
"12453","SNRPD1","Exc L6 CT",-0.0662680625320797,4.21712865871206,6.32395044165433,0.0123617707423806,0.129907643445101,0.129907643445101,"plaq_d"
"12454","ABHD3","Exc L6 CT",-0.0110443909688393,5.04755102210862,0.113324004235044,0.736593877344402,0.927241521162065,0.927241521162065,"plaq_d"
"12455","MIB1","Exc L6 CT",0.0408253176125091,6.98243585086821,9.72417538832694,0.00197015451640518,0.0434339118195543,0.0434339118195543,"plaq_d"
"12456","AC090912.1","Exc L6 CT",-0.110168326833644,2.42671737917838,2.89282798840124,0.0898674419327423,0.367746359881682,0.367746359881682,"plaq_d"
"12457","RBBP8","Exc L6 CT",-0.0140085929037632,4.67464917287012,0.311997578132425,0.576815983190221,0.848456410953962,0.848456410953962,"plaq_d"
"12458","CABLES1","Exc L6 CT",0.00836065716920277,5.92583147502412,0.187640834130425,0.665155637089065,0.892851292965069,0.892851292965069,"plaq_d"
"12459","TMEM241","Exc L6 CT",-0.0253075803086585,7.01604157893248,2.72156702346694,0.0999025504780996,0.388187001804358,0.388187001804358,"plaq_d"
"12460","RIOK3","Exc L6 CT",0.0252385359906889,5.6964615170526,2.22083312180224,0.137064836808833,0.450910738276957,0.450910738276957,"plaq_d"
"12461","RMC1","Exc L6 CT",0.00433276614218224,4.3181003125421,0.0258348069136878,0.898276514074246,0.986539374335313,0.986539374335313,"plaq_d"
"12462","NPC1","Exc L6 CT",-0.0191485751504283,4.81984274887385,0.715436468245734,0.398225800519876,0.73123196738318,0.73123196738318,"plaq_d"
"12463","ANKRD29","Exc L6 CT",0.0176453534884094,3.93765301297123,0.232752596208547,0.629793430625921,0.876683500163605,0.876683500163605,"plaq_d"
"12464","LAMA3","Exc L6 CT",0.0279000227102757,1.75977819313026,0.0902344660523013,0.76405855844108,0.939962149373387,0.939962149373387,"plaq_d"
"12465","TTC39C","Exc L6 CT",0.0196214916122663,6.41374903604099,1.14078538779515,0.28622635594933,0.632706447831755,0.632706447831755,"plaq_d"
"12466","CABYR","Exc L6 CT",-0.0104905334955968,3.75593178723411,0.0847046787066657,0.771193490136758,0.943332471318999,0.943332471318999,"plaq_d"
"12467","OSBPL1A","Exc L6 CT",0.0406933835429557,7.18600384729901,5.37026067460561,0.0210622842207294,0.172377853122013,0.172377853122013,"plaq_d"
"12468","IMPACT","Exc L6 CT",-0.0518522477909659,2.98455431689003,1.22669287147936,0.268815665686013,0.616810698631789,0.616810698631789,"plaq_d"
"12469","AC018697.1","Exc L6 CT",-0.0249969693775483,1.73812004703485,0.0645835345646291,0.799542886842787,0.955098929206427,0.955098929206427,"plaq_d"
"12470","ZNF521","Exc L6 CT",-0.0168933035317515,4.2662498732899,0.232538700186648,0.629950758971507,0.876683500163605,0.876683500163605,"plaq_d"
"12471","SS18","Exc L6 CT",0.0314809456021854,5.30069839686697,2.43967861712117,0.119208840902118,0.421939343547451,0.421939343547451,"plaq_d"
"12472","TAF4B","Exc L6 CT",0.0035781100727137,5.73425402889567,0.0369621388827834,0.858516583372982,0.975511864529127,0.975511864529127,"plaq_d"
"12473","KCTD1","Exc L6 CT",0.00750806567992075,8.54233126053202,0.417672570463071,0.518526401217903,0.813237397530551,0.813237397530551,"plaq_d"
"12474","AQP4-AS1","Exc L6 CT",0.0159522148528962,8.58253489112388,0.502687153029217,0.478796218328859,0.789344129491849,0.789344129491849,"plaq_d"
"12475","AQP4","Exc L6 CT",0.0811740011627323,2.11915379621425,0.828198416799326,0.36342351833258,0.704341002950434,0.704341002950434,"plaq_d"
"12476","CHST9","Exc L6 CT",-0.0249925519430604,3.32686516817288,0.317450677341985,0.573506387792647,0.84621871330814,0.84621871330814,"plaq_d"
"12477","LINC01908","Exc L6 CT",-0.0118126968876571,2.19637234089294,0.0271502716360173,0.869217959480781,0.978798489635663,0.978798489635663,"plaq_d"
"12478","AC090403.1","Exc L6 CT",0.0814055055323449,2.49922437412023,1.31001159391722,0.253178709977095,0.600531942782533,0.600531942782533,"plaq_d"
"12479","CDH2","Exc L6 CT",0.0194400089034761,8.70163870318577,4.25880154211247,0.0397880628281974,0.242501673359327,0.242501673359327,"plaq_d"
"12480","DSC2","Exc L6 CT",-0.0234566133238717,2.64178259482253,0.199504680538539,0.673219819788395,0.895548968504857,0.895548968504857,"plaq_d"
"12481","DSCAS","Exc L6 CT",-0.0833628719388254,2.37359611147384,1.69850806270074,0.193344315384365,0.527256064457913,0.527256064457913,"plaq_d"
"12482","DSG1-AS1","Exc L6 CT",0.0794047273122214,1.94086926426435,1.15687254648126,0.282859797894931,0.629276719285338,0.629276719285338,"plaq_d"
"12483","DSG2","Exc L6 CT",0.094258522364861,2.15014838985363,1.55044520588502,0.213907045053146,0.55137078255776,0.55137078255776,"plaq_d"
"12484","B4GALT6","Exc L6 CT",-0.000209377154839159,6.55033485695295,0.000213934559954604,0.988338532931504,0.999571689696322,0.999571689696322,"plaq_d"
"12485","TRAPPC8","Exc L6 CT",0.0427249218841521,6.18023418729871,10.2332900848999,0.0015059179003383,0.0365585060594774,0.0365585060594774,"plaq_d"
"12486","RNF125","Exc L6 CT",-0.0345919879734024,2.99308404560801,0.527819921607203,0.468012957621196,0.781991643371989,0.781991643371989,"plaq_d"
"12487","RNF138","Exc L6 CT",0.00490185234144869,5.35787682559968,0.0736376262565526,0.989052423206801,0.999571689696322,0.999571689696322,"plaq_d"
"12488","GAREM1","Exc L6 CT",0.0292486688619331,7.95449605883017,3.91980257129861,0.0485075079476743,0.268975510706883,0.268975510706883,"plaq_d"
"12489","MEP1B","Exc L6 CT",-0.0758234528690719,2.1186966519509,1.12794646579673,0.288949832800985,0.635554028394756,0.635554028394756,"plaq_d"
"12490","AC025887.2","Exc L6 CT",-0.0924010184738899,5.07839171048558,7.61966479980475,0.00607913666309371,0.0873274492286935,0.0873274492286935,"plaq_d"
"12491","KLHL14","Exc L6 CT",0.0303035940128953,3.65260770457591,0.335137367919278,0.563023855343827,0.839705492705166,0.839705492705166,"plaq_d"
"12492","CCDC178","Exc L6 CT",0.0816793324126739,4.29061135460607,4.37687811772804,0.0371534749914796,0.233768105759327,0.233768105759327,"plaq_d"
"12493","ASXL3","Exc L6 CT",0.0352236539447691,7.55814162295265,8.85772298793385,0.00312260679210879,0.0586941129879511,0.0586941129879511,"plaq_d"
"12494","NOL4","Exc L6 CT",0.0644444983095139,7.05121327699021,17.1664078628581,4.30325415834892e-05,0.00358090444298214,0.00358090444298214,"plaq_d"
"12495","DTNA","Exc L6 CT",0.0243521665904245,9.34436836636882,3.91179554238591,0.0487364219035789,0.269260805384727,0.269260805384727,"plaq_d"
"12496","MAPRE2","Exc L6 CT",0.0321013875444965,7.64041302285926,8.22860534434347,0.00437497746619452,0.071815479593314,0.071815479593314,"plaq_d"
"12497","ZNF397","Exc L6 CT",-0.0090879560338858,4.83914941620637,0.174201547316203,0.676661665144056,0.896053450075137,0.896053450075137,"plaq_d"
"12498","ZSCAN30","Exc L6 CT",0.0288748994961824,4.79982555530728,1.61246001922871,0.204994303932662,0.540375638165796,0.540375638165796,"plaq_d"
"12499","AC011815.2","Exc L6 CT",0.107324938227449,2.07216870165195,2.21875093808292,0.137248528500856,0.451253945889833,0.451253945889833,"plaq_d"
"12500","ZNF24","Exc L6 CT",0.01419226772467,5.10638377897424,0.545044797094245,0.460846776735941,0.776394701225957,0.776394701225957,"plaq_d"
"12501","GALNT1","Exc L6 CT",0.0418571396879879,6.71432486988604,7.80885379060595,0.0054869601770146,0.082025211535101,0.082025211535101,"plaq_d"
"12502","C18orf21","Exc L6 CT",-0.0389564603216601,2.77666960251518,0.623490301856889,0.502258569281409,0.804689882146492,0.804689882146492,"plaq_d"
"12503","RPRD1A","Exc L6 CT",0.00295144088343287,6.8051923190572,0.0601982887541882,0.806327354606842,0.957667568428356,0.957667568428356,"plaq_d"
"12504","SLC39A6","Exc L6 CT",0.0048457651932982,4.0620658941893,0.0296293890706578,0.932011614359721,0.994600054743553,0.994600054743553,"plaq_d"
"12505","ELP2","Exc L6 CT",-0.0124118786701519,6.46704780849388,0.857240536095696,0.355153318053833,0.698120348121766,0.698120348121766,"plaq_d"
"12506","FHOD3","Exc L6 CT",0.0287978721315649,5.7612641428952,0.53447353663007,0.465223809398803,0.780106266790056,0.780106266790056,"plaq_d"
"12507","TPGS2","Exc L6 CT",-0.0245915028244109,5.43282342987522,1.79122600991581,0.235950358792305,0.580738821195764,0.580738821195764,"plaq_d"
"12508","KIAA1328","Exc L6 CT",0.0125841654158693,6.89427025668544,0.814461245336064,0.367428425100479,0.707434466633136,0.707434466633136,"plaq_d"
"12509","CELF4","Exc L6 CT",0.016244132472973,9.14069965851096,3.53143060866801,0.0610508330107084,0.305169372229916,0.305169372229916,"plaq_d"
"12510","AC015961.2","Exc L6 CT",0.0324306614386482,2.24718882447386,0.241118317792536,0.623708908797361,0.872864237883659,0.872864237883659,"plaq_d"
"12511","AC016205.1","Exc L6 CT",-0.141009626172383,3.04486519684722,8.91190652341036,0.00303356843451789,0.0579643875872887,0.0579643875872887,"plaq_d"
"12512","LINC01902","Exc L6 CT",0.0673260592292085,5.24739967542146,5.17603325344079,0.0235079346584651,0.181938430888645,0.181938430888645,"plaq_d"
"12513","AC021504.1","Exc L6 CT",-0.15367653830237,1.45624014900251,1.04479475559269,0.307418580061054,0.652689915835421,0.652689915835421,"plaq_d"
"12514","PIK3C3","Exc L6 CT",0.0260589529346505,6.81909013924368,5.59485366598785,0.0185608310730433,0.161268535819382,0.161268535819382,"plaq_d"
"12515","LINC00907","Exc L6 CT",-0.0696238130828581,4.45606192190714,3.38095267186131,0.066805383026707,0.316752905886625,0.316752905886625,"plaq_d"
"12516","RIT2","Exc L6 CT",-0.0136298275196868,7.43541676951794,0.296922533345789,0.586167008321039,0.853922308418304,0.853922308418304,"plaq_d"
"12517","SYT4","Exc L6 CT",0.0379683186809561,6.17966840039196,4.73748136393909,0.0301837245550913,0.209006685279026,0.209006685279026,"plaq_d"
"12518","SETBP1","Exc L6 CT",0.0189109567680428,8.8727606585878,3.60047557037067,0.0585900705692159,0.298994206279487,0.298994206279487,"plaq_d"
"12519","SLC14A2","Exc L6 CT",0.0484511314108737,3.45084392588477,1.18125197659275,0.277853059482646,0.62606736210966,0.62606736210966,"plaq_d"
"12520","SLC14A2-AS1","Exc L6 CT",0.0267247825445101,3.82915364790286,0.443665890794746,0.505799414653054,0.806010037478992,0.806010037478992,"plaq_d"
"12521","AC023421.2","Exc L6 CT",-0.105600538898116,3.19004089310932,4.95981345451524,0.0265819226959776,0.195761868036042,0.195761868036042,"plaq_d"
"12522","EPG5","Exc L6 CT",0.00883564214872913,6.24227218824461,0.406239641189438,0.524303172962155,0.817207495258297,0.817207495258297,"plaq_d"
"12523","PSTPIP2","Exc L6 CT",-0.0032128650855782,2.0386213867327,0.0018941105245518,0.965310868421031,0.998742420766286,0.998742420766286,"plaq_d"
"12524","ATP5F1A","Exc L6 CT",0.0423240928834834,5.51842636430112,5.59981442057571,0.0185091998064658,0.161002078799929,0.161002078799929,"plaq_d"
"12525","HAUS1","Exc L6 CT",-0.0239946873224033,3.52498943602171,0.474691326464381,0.491295646645652,0.797642058093019,0.797642058093019,"plaq_d"
"12526","C18orf25","Exc L6 CT",0.0194156641505262,5.71082510666621,1.33067576401481,0.24947623363837,0.596588016521258,0.596588016521258,"plaq_d"
"12527","RNF165","Exc L6 CT",-0.0468680984022619,5.88918009043661,6.17406219323449,0.013432833975134,0.135609451547005,0.135609451547005,"plaq_d"
"12528","LOXHD1","Exc L6 CT",-0.0414961762360457,2.30815940288146,0.320550660289577,0.571641614224556,0.844787892824964,0.844787892824964,"plaq_d"
"12529","ST8SIA5","Exc L6 CT",-0.0077342356129246,7.54430145110187,0.298174366941405,0.585378880632355,0.853146926665597,0.853146926665597,"plaq_d"
"12530","AC090241.3","Exc L6 CT",0.0370607024287486,2.29454005453538,0.436024619058001,0.509484049594595,0.807429752402237,0.807429752402237,"plaq_d"
"12531","PIAS2","Exc L6 CT",0.000757162498200717,7.29135337409513,0.00540714247669854,0.94142398945046,0.997292628450429,0.997292628450429,"plaq_d"
"12532","KATNAL2","Exc L6 CT",-0.0023359191405045,5.07292496695095,0.00711264792951868,0.932837347310994,0.994971212261174,0.994971212261174,"plaq_d"
"12533","AC012254.1","Exc L6 CT",0.0311220888460004,1.91924328169496,0.135269105988914,0.713253672161719,0.91417377710471,0.91417377710471,"plaq_d"
"12534","HDHD2","Exc L6 CT",0.035641730260535,3.29909247530931,0.818683588256726,0.366190946949275,0.706652094016481,0.706652094016481,"plaq_d"
"12535","SMAD2","Exc L6 CT",0.0343038892171334,6.56248948421005,7.5817194770194,0.00620559159067506,0.0881022648317141,0.0881022648317141,"plaq_d"
"12536","ZBTB7C","Exc L6 CT",-0.0160161454043501,4.85876599461703,0.115181580707679,0.734524981782882,0.925895587332003,0.925895587332003,"plaq_d"
"12537","CTIF","Exc L6 CT",0.0249212505158011,7.30169763499795,4.92371340578854,0.0271347214487818,0.197587986836956,0.197587986836956,"plaq_d"
"12538","SMAD7","Exc L6 CT",0.0542538930357875,2.917448466934,1.56403190944065,0.211915580477089,0.549044120108991,0.549044120108991,"plaq_d"
"12539","DYM","Exc L6 CT",0.0183454258853643,7.61350000190787,3.03605527592825,0.0823164787735229,0.352378958602787,0.352378958602787,"plaq_d"
"12540","C18orf32","Exc L6 CT",-0.0240551456703741,3.06191899649198,0.336374726690711,0.593831367788096,0.85753800488288,0.85753800488288,"plaq_d"
"12541","SNHG22","Exc L6 CT",-0.0467560854602189,4.7950892208712,3.88935344991046,0.0493841491546074,0.271452543424868,0.271452543424868,"plaq_d"
"12542","CFAP53","Exc L6 CT",0.0425589839636105,3.33929535990922,0.926333793210837,0.336485308171961,0.681108337520185,0.681108337520185,"plaq_d"
"12543","MBD1","Exc L6 CT",-0.00643068533280326,4.52835531194983,0.0690561598131236,0.833733992727835,0.96728960782902,0.96728960782902,"plaq_d"
"12544","CXXC1","Exc L6 CT",0.0376386564948744,4.1532403405484,1.78987836894892,0.181814084054953,0.511709785739023,0.511709785739023,"plaq_d"
"12545","MAPK4","Exc L6 CT",-0.0677169107587017,3.07502764826489,0.525728233812161,0.46889533397191,0.782180443552678,0.782180443552678,"plaq_d"
"12546","ME2","Exc L6 CT",-0.0422756999610768,5.88819648992663,7.17102088492991,0.00776014267008501,0.0989459441847147,0.0989459441847147,"plaq_d"
"12547","AC091551.1","Exc L6 CT",-0.133012038081869,3.35528020537922,10.8458418350796,0.0010917789962228,0.0293780381862121,0.0293780381862121,"plaq_d"
"12548","SMAD4","Exc L6 CT",0.0633638305969462,4.66533970397635,7.05057763466282,0.00828807966653229,0.103303199029783,0.103303199029783,"plaq_d"
"12549","MEX3C","Exc L6 CT",0.0663156549453555,3.59953590057264,4.19444899595756,0.041306172900785,0.246808678287227,0.246808678287227,"plaq_d"
"12550","DCC","Exc L6 CT",-0.0250951876834913,5.81556755639664,0.0755752268577438,0.783548822618042,0.949016653454675,0.949016653454675,"plaq_d"
"12551","MBD2","Exc L6 CT",-0.0183237834091085,5.70493068540613,1.25102567618948,0.264127715164044,0.610633834110707,0.610633834110707,"plaq_d"
"12552","POLI","Exc L6 CT",0.0635184335026542,4.53210669564839,5.97008337638006,0.0150466423593546,0.144311434647081,0.144311434647081,"plaq_d"
"12553","RAB27B","Exc L6 CT",0.0244702141734722,6.95083308936643,1.86996691614218,0.172360888703344,0.499507555851614,0.499507555851614,"plaq_d"
"12554","TCF4","Exc L6 CT",0.0651592613668886,9.06860861718627,23.2911997823856,2.08712869661056e-06,0.00043545369154211,0.00043545369154211,"plaq_d"
"12555","TCF4-AS1","Exc L6 CT",-0.0397919066678402,2.31696101510879,0.348409638371601,0.555397651427713,0.834778094586903,0.834778094586903,"plaq_d"
"12556","TXNL1","Exc L6 CT",0.0167113763117418,5.84155426034641,1.2140638219628,0.271289820175035,0.618215408680851,0.618215408680851,"plaq_d"
"12557","WDR7","Exc L6 CT",0.0220132833581404,8.02962198163942,6.98764359131587,0.00857848942891653,0.105270802129128,0.105270802129128,"plaq_d"
"12558","ST8SIA3","Exc L6 CT",0.0532442054955577,6.6682144999153,12.9259574096592,0.000370843702338831,0.0149144005620736,0.0149144005620736,"plaq_d"
"12559","ONECUT2","Exc L6 CT",-0.0748700965541633,1.05732892755174,0.104393329505511,0.862625460076375,0.976925559917429,0.976925559917429,"plaq_d"
"12560","FECH","Exc L6 CT",-0.0216511584767527,4.76799945937337,0.932091453133477,0.334990099572333,0.679931035030598,0.679931035030598,"plaq_d"
"12561","NARS","Exc L6 CT",0.0386190418635933,5.34573352529721,4.26379980706299,0.0396726399300624,0.24210569073047,0.24210569073047,"plaq_d"
"12562","AC027097.2","Exc L6 CT",-0.0808586597620551,3.57126118728052,3.75098212582397,0.0535852284113422,0.285076703341666,0.285076703341666,"plaq_d"
"12563","ATP8B1","Exc L6 CT",-0.0262384357311697,7.09372265137973,1.90808881103508,0.16806147518048,0.494969925674752,0.494969925674752,"plaq_d"
"12564","NEDD4L","Exc L6 CT",0.0251991787985161,8.6344465827626,5.49848178489837,0.0195940916130387,0.165732398860931,0.165732398860931,"plaq_d"
"12565","MALT1","Exc L6 CT",-0.0253907351498355,6.00813759717818,2.34409746901382,0.126666366757,0.434609305131237,0.434609305131237,"plaq_d"
"12566","AC104365.1","Exc L6 CT",-0.154567797885786,2.24501784144263,5.51578914151682,0.0194042201808017,0.164713780687118,0.164713780687118,"plaq_d"
"12567","ZNF532","Exc L6 CT",-0.0172810469827662,7.10799830547676,2.04091963285198,0.154013457163856,0.475001697369973,0.475001697369973,"plaq_d"
"12568","SEC11C","Exc L6 CT",-0.0265551228658159,3.54896043067964,0.610464072188537,0.44089970697339,0.763247691056896,0.763247691056896,"plaq_d"
"12569","LMAN1","Exc L6 CT",0.0435371209237007,4.50845435718708,3.07948969144186,0.0801648889807998,0.348341002646421,0.348341002646421,"plaq_d"
"12570","CCBE1","Exc L6 CT",0.0663826255128714,5.43785527089877,1.8019535363872,0.180351040122529,0.51078743850377,0.51078743850377,"plaq_d"
"12571","MC4R","Exc L6 CT",0.140010241467634,3.79899408485485,6.97915596715995,0.00861844889752162,0.10541307589526,0.10541307589526,"plaq_d"
"12572","AC113137.1","Exc L6 CT",-0.128303235632169,2.75149162145107,2.94071750750333,0.0872620924614245,0.361963327735328,0.361963327735328,"plaq_d"
"12573","AC105094.2","Exc L6 CT",-0.0916940179649734,2.26357257963815,1.26576402131861,0.261337773150463,0.608240061443012,0.608240061443012,"plaq_d"
"12574","RNF152","Exc L6 CT",-0.059812641734926,4.82174338153775,2.20403395283197,0.138554797405844,0.453223100080557,0.453223100080557,"plaq_d"
"12575","PIGN","Exc L6 CT",0.0180173457228834,6.51493520627721,1.43377805405667,0.231963362933455,0.576047019629122,0.576047019629122,"plaq_d"
"12576","KIAA1468","Exc L6 CT",0.0279760879917958,7.01882432681766,6.86384313978939,0.00918071207865278,0.109552556601149,0.109552556601149,"plaq_d"
"12577","ZCCHC2","Exc L6 CT",-0.025024282650419,6.02337561367032,2.27210253625611,0.132627809325509,0.444504771168353,0.444504771168353,"plaq_d"
"12578","PHLPP1","Exc L6 CT",0.0395631601768161,6.32350534675514,5.41578577139241,0.0205283281871159,0.170212317022063,0.170212317022063,"plaq_d"
"12579","BCL2","Exc L6 CT",-0.0265617400914719,5.70397110092076,0.584191687141853,0.445191631766585,0.766624250109062,0.766624250109062,"plaq_d"
"12580","KDSR","Exc L6 CT",-0.0113505950605034,5.19297740367041,0.306561556956918,0.61918634046099,0.87102638321245,0.87102638321245,"plaq_d"
"12581","AC036176.1","Exc L6 CT",0.0464578121053669,3.40499894544612,1.53970686554615,0.215496814344736,0.5540633538892,0.5540633538892,"plaq_d"
"12582","VPS4B","Exc L6 CT",0.0103123864916013,5.51017826719595,0.391821824867732,0.64908483281869,0.88448566348415,0.88448566348415,"plaq_d"
"12583","SERPINB7","Exc L6 CT",-0.0169200115911886,1.81695370363204,0.0262695699334907,0.871337732645014,0.979676507275666,0.979676507275666,"plaq_d"
"12584","SERPINB2","Exc L6 CT",-0.130951195840977,1.3730472434181,1.42241261293587,0.233818801864103,0.578933347099549,0.578933347099549,"plaq_d"
"12585","SERPINB8","Exc L6 CT",-0.181016830971757,1.83113723381711,4.3962189455977,0.0367397429925379,0.232485863789264,0.232485863789264,"plaq_d"
"12586","LINC01924","Exc L6 CT",-0.123541558806034,1.82757917438362,1.48008150108454,0.224585780690366,0.564752813883063,0.564752813883063,"plaq_d"
"12587","CDH7","Exc L6 CT",0.0599395098416863,5.7269474728654,4.33916535412666,0.0379743783658725,0.236146501492484,0.236146501492484,"plaq_d"
"12588","AC110597.1","Exc L6 CT",-0.0376064765945308,1.81810093957153,0.189269963371448,0.663794437979675,0.892003344375128,0.892003344375128,"plaq_d"
"12589","DSEL","Exc L6 CT",0.0327041232069124,4.63620083297018,1.49213580948734,0.222711756497594,0.56230012760444,0.56230012760444,"plaq_d"
"12590","AC114689.3","Exc L6 CT",0.0254996824407627,4.47330846486872,0.287775848270696,0.59199191355607,0.85660021987669,0.85660021987669,"plaq_d"
"12591","LINC01903","Exc L6 CT",0.1868582761615,1.44656169906498,2.64800927541827,0.104584193061531,0.396940164332666,0.396940164332666,"plaq_d"
"12592","TMX3","Exc L6 CT",-0.00331562704900006,5.92680089976234,0.0440150553471817,0.906186085481589,0.989267383886756,0.989267383886756,"plaq_d"
"12593","CCDC102B","Exc L6 CT",0.00364824080218597,6.48151681011457,0.033731829563435,0.854385314097558,0.974785418557891,0.974785418557891,"plaq_d"
"12594","DOK6","Exc L6 CT",0.00989953210387626,8.53758789606764,0.59529663605364,0.440901508258753,0.763247691056896,0.763247691056896,"plaq_d"
"12595","AC119868.2","Exc L6 CT",-0.0362784252163711,3.1572683429986,0.437119189431942,0.508953408268521,0.807371158725468,0.807371158725468,"plaq_d"
"12596","AC068254.1","Exc L6 CT",-0.212445545121583,1.31029120425304,3.49539831883484,0.0623786891375318,0.307605198649003,0.307605198649003,"plaq_d"
"12597","CD226","Exc L6 CT",0.0481865130417863,3.94596781637815,1.60104512537995,0.206601239859779,0.542281438815852,0.542281438815852,"plaq_d"
"12598","RTTN","Exc L6 CT",0.0142616625309853,6.08956400939847,0.845634435829484,0.358426881757836,0.700718774124955,0.700718774124955,"plaq_d"
"12599","SOCS6","Exc L6 CT",-0.00721434419080078,4.75977110787748,0.108033175518065,0.742592131213646,0.929891618885767,0.929891618885767,"plaq_d"
"12600","CBLN2","Exc L6 CT",0.101901719719399,7.6081936697162,10.4674571171708,0.00133142498529901,0.0333342505884601,0.0333342505884601,"plaq_d"
"12601","NETO1","Exc L6 CT",0.0163401850553448,8.28540753589034,1.46086193334223,0.227613169190652,0.569765116269975,0.569765116269975,"plaq_d"
"12602","AC091138.1","Exc L6 CT",0.0326801723306349,5.69799214615249,2.71205937963574,0.100494514846308,0.389321591961099,0.389321591961099,"plaq_d"
"12603","AC090125.1","Exc L6 CT",-0.138351876699894,3.07316751723223,4.92733276257708,0.027078760646689,0.19728028252517,0.19728028252517,"plaq_d"
"12604","FBXO15","Exc L6 CT",0.0415926485428405,3.73036315657996,1.47202359032334,0.225849088072375,0.566728860360801,0.566728860360801,"plaq_d"
"12605","TIMM21","Exc L6 CT",0.0476696757375274,3.95817681811805,2.43973266250549,0.119204764810107,0.421939343547451,0.421939343547451,"plaq_d"
"12606","CYB5A","Exc L6 CT",0.0173553128600296,4.15570874055684,0.246860225293358,0.619608163272217,0.87102638321245,0.87102638321245,"plaq_d"
"12607","CNDP2","Exc L6 CT",0.0442254332767101,4.42599404692112,3.29596991075554,0.0754444623554785,0.337822233303101,0.337822233303101,"plaq_d"
"12608","LINC00909","Exc L6 CT",0.0209805186103045,3.71763200980495,0.447387798348531,0.504021268585776,0.805655989914788,0.805655989914788,"plaq_d"
"12609","ZNF407","Exc L6 CT",0.0291844348269504,6.75912066208527,3.41471657391599,0.0654654075522534,0.314151205398468,0.314151205398468,"plaq_d"
"12610","ZADH2","Exc L6 CT",0.0315926198553539,5.5517041984095,2.96072983572004,0.0861977999711683,0.359786468073337,0.359786468073337,"plaq_d"
"12611","TSHZ1","Exc L6 CT",-0.00277896872952769,5.98196121601656,0.0154685289376011,0.901092081315728,0.987674859343781,0.987674859343781,"plaq_d"
"12612","ZNF516","Exc L6 CT",0.0238917490521963,4.95473366182833,0.652558516932383,0.419750937896357,0.747678112095514,0.747678112095514,"plaq_d"
"12613","LINC00908","Exc L6 CT",0.0315529196787882,1.99767817536887,0.129401341625573,0.719271629570738,0.917664676969392,0.917664676969392,"plaq_d"
"12614","ZNF236-DT","Exc L6 CT",-0.027386783730419,3.75356062223853,0.722882452658532,0.395784283790863,0.728793879438892,0.728793879438892,"plaq_d"
"12615","ZNF236","Exc L6 CT",-0.00109813452688336,5.88440001568541,0.00425317199535646,0.948039171373723,0.997964805243233,0.997964805243233,"plaq_d"
"12616","MBP","Exc L6 CT",0.0607018135559003,2.43229567167633,0.331488453237992,0.565155853455358,0.840497220640369,0.840497220640369,"plaq_d"
"12617","GALR1","Exc L6 CT",-0.212476231695146,1.70906646654066,3.27452850162322,0.0712253106742751,0.327315509279415,0.327315509279415,"plaq_d"
"12618","AC124254.1","Exc L6 CT",-0.114244821305589,2.20359666528035,1.0634200197783,0.303152196119447,0.649235497792196,0.649235497792196,"plaq_d"
"12619","ATP9B","Exc L6 CT",0.0303907573759671,7.44065630873544,7.25933974313101,0.00739507292058898,0.0966056894417413,0.0966056894417413,"plaq_d"
"12620","CTDP1","Exc L6 CT",0.0433324039799262,4.03759128692303,2.42853214295311,0.120052825095295,0.422871943427537,0.422871943427537,"plaq_d"
"12621","AC021594.2","Exc L6 CT",-0.133695980455694,2.89322112282813,2.79364730255258,0.0955370189321803,0.380699095381625,0.380699095381625,"plaq_d"
"12622","KCNG2","Exc L6 CT",0.0149042093503674,2.35441247494154,0.0386364770772301,0.844285268613665,0.970793189054499,0.970793189054499,"plaq_d"
"12623","PQLC1","Exc L6 CT",0.0015733812264231,5.81735685200192,0.00878532757085526,0.925377486208801,0.993407704701672,0.993407704701672,"plaq_d"
"12624","HSBP1L1","Exc L6 CT",0.00616903999148251,3.39856169151257,0.0240347831494821,0.87688626841092,0.981163755019913,0.981163755019913,"plaq_d"
"12625","TXNL4A","Exc L6 CT",-0.0288981862402069,5.75285579507239,2.96995133808822,0.0857121394046728,0.359426728479368,0.359426728479368,"plaq_d"
"12626","AC090360.1","Exc L6 CT",-0.064724975804177,2.46878122089922,1.4056125717967,0.236840976396817,0.581907558451719,0.581907558451719,"plaq_d"
"12627","ADNP2","Exc L6 CT",0.0106089335434705,5.39599349690553,0.34962295469498,0.554710294792827,0.834108968827573,0.834108968827573,"plaq_d"
"12628","PARD6G-AS1","Exc L6 CT",0.0224791498380088,4.01086465660572,0.403926283194522,0.525485957658714,0.81729643976392,0.81729643976392,"plaq_d"
"12629","PARD6G","Exc L6 CT",-0.0456988244487985,4.0314717711562,1.52694960318193,0.217403853640902,0.557183025471739,0.557183025471739,"plaq_d"
"12630","C20orf96","Exc L6 CT",0.0299888854224225,3.05142866558657,0.435797944819709,0.50959405954172,0.807497642395443,0.807497642395443,"plaq_d"
"12631","ZCCHC3","Exc L6 CT",0.0169936557064949,3.64964442956105,0.238590999851659,0.740709161008554,0.928793296721773,0.928793296721773,"plaq_d"
"12632","NRSN2-AS1","Exc L6 CT",-0.00199081110542041,4.30878850354481,0.00466566855744784,0.945581494296569,0.997609533382524,0.997609533382524,"plaq_d"
"12633","SOX12","Exc L6 CT",-0.0454723869924939,3.05860103893487,1.00770305615888,0.481428892329012,0.791170129448454,0.791170129448454,"plaq_d"
"12634","NRSN2","Exc L6 CT",-0.0177544763975303,5.29380430229672,0.763826301325813,0.493702869259644,0.799151308845645,0.799151308845645,"plaq_d"
"12635","TRIB3","Exc L6 CT",-0.00850696019942732,2.16621027258407,0.013472901890959,0.907661735196804,0.989420650042586,0.989420650042586,"plaq_d"
"12636","RBCK1","Exc L6 CT",0.0158778623318537,4.49918113642949,0.389129089350025,0.533165984052396,0.821448889269307,0.821448889269307,"plaq_d"
"12637","TBC1D20","Exc L6 CT",-0.0229393680366029,4.36679070678893,0.824928286943172,0.364371363586998,0.704785101511474,0.704785101511474,"plaq_d"
"12638","CSNK2A1","Exc L6 CT",-0.0115195736729973,6.51658325826865,0.896094856812886,0.344487444405174,0.688124241782395,0.688124241782395,"plaq_d"
"12639","RSPO4","Exc L6 CT",0.0337795564326232,2.79605021901344,0.352330799717601,0.553182061041813,0.833223304686712,0.833223304686712,"plaq_d"
"12640","PSMF1","Exc L6 CT",-0.0300790945808435,5.46208514465142,2.82088948144203,0.128395177133315,0.436944089774832,0.436944089774832,"plaq_d"
"12641","TMEM74B","Exc L6 CT",0.0272955393894336,3.52008750230669,0.491572639947021,0.483694910474272,0.792392705956979,0.792392705956979,"plaq_d"
"12642","SNPH","Exc L6 CT",0.0587938696366474,5.98101019012221,11.9741244560359,0.000606476806771131,0.0205916040336726,0.0205916040336726,"plaq_d"
"12643","SDCBP2","Exc L6 CT",-0.0381705890569792,3.24079511462479,0.884858799959898,0.347526457075689,0.691493228720193,0.691493228720193,"plaq_d"
"12644","AL136531.2","Exc L6 CT",0.0227365279880002,4.69300251515446,0.499829866938552,0.480047746749156,0.789711731482214,0.789711731482214,"plaq_d"
"12645","SDCBP2-AS1","Exc L6 CT",-0.0286432518545961,4.62429039072755,1.07097120980192,0.301444367223944,0.647846439885273,0.647846439885273,"plaq_d"
"12646","NSFL1C","Exc L6 CT",9.10031603383009e-05,5.63488631929958,3.19784025049162e-05,0.995491269194638,0.999785330471245,0.999785330471245,"plaq_d"
"12647","AL121760.1","Exc L6 CT",-0.0858411833101397,3.30068402225611,4.08612260771491,0.0440013618895426,0.255882854126506,0.255882854126506,"plaq_d"
"12648","AL117335.1","Exc L6 CT",-0.0339153206403194,3.44151924011367,0.687278734621382,0.407659461862595,0.73928584118857,0.73928584118857,"plaq_d"
"12649","SIRPA","Exc L6 CT",0.0127633546619951,7.08747071486286,1.09645611324593,0.413473814364141,0.743383456553427,0.743383456553427,"plaq_d"
"12650","PDYN","Exc L6 CT",0.187837112862804,1.24570710618213,2.17516990677358,0.141157616000486,0.457166488176151,0.457166488176151,"plaq_d"
"12651","STK35","Exc L6 CT",0.00110794025226428,4.54009364955013,0.00197834220232266,0.964548438895185,0.998742420766286,0.998742420766286,"plaq_d"
"12652","SNRPB","Exc L6 CT",-0.0259888610929303,3.19964416263022,0.469633818548613,0.659587634067859,0.889848770989301,0.889848770989301,"plaq_d"
"12653","AL049650.1","Exc L6 CT",-0.0836862211042788,4.35511160589587,8.88116714866801,0.00308375857002923,0.0584661739771012,0.0584661739771012,"plaq_d"
"12654","ZNF343","Exc L6 CT",-0.0375302260852769,2.81513989166487,0.476926365721187,0.490277943796706,0.796798518728537,0.796798518728537,"plaq_d"
"12655","TMC2","Exc L6 CT",-0.00528619372120602,3.44789561416949,0.0161468189768285,0.898958237689743,0.986763460905951,0.986763460905951,"plaq_d"
"12656","NOP56","Exc L6 CT",-0.0106230354607009,5.14086524134526,0.254677745337252,0.614119640176767,0.869052033813501,0.869052033813501,"plaq_d"
"12657","IDH3B","Exc L6 CT",0.0376008864749803,3.44595296789562,1.24126512051864,0.265995817511237,0.612880247902013,0.612880247902013,"plaq_d"
"12658","EBF4","Exc L6 CT",-0.0996958717248645,3.4085201243935,4.00256818461258,0.0462069840537836,0.263235355139798,0.263235355139798,"plaq_d"
"12659","PCED1A","Exc L6 CT",-0.0100397505897954,3.53170314644918,0.0799026630886163,0.77759732100392,0.946432481294003,0.946432481294003,"plaq_d"
"12660","VPS16","Exc L6 CT",-0.0535636627503116,3.11814374602262,1.60581473703569,0.205927987615754,0.541765224728874,0.541765224728874,"plaq_d"
"12661","PTPRA","Exc L6 CT",0.0103282003149612,7.85083538716741,1.05883215853144,0.352739333114895,0.69619350692652,0.69619350692652,"plaq_d"
"12662","MRPS26","Exc L6 CT",-0.0211464353180121,4.28969922630575,0.626933997727746,0.429021240121089,0.754850864432071,0.754850864432071,"plaq_d"
"12663","UBOX5-AS1","Exc L6 CT",-0.00915795257169917,2.74926657115324,0.0273577332734712,0.868723777607749,0.978798489635663,0.978798489635663,"plaq_d"
"12664","UBOX5","Exc L6 CT",0.00136724101557108,4.20835624574537,0.00290193597011878,0.957069934871941,0.998742420766286,0.998742420766286,"plaq_d"
"12665","LZTS3","Exc L6 CT",0.0610164784860036,6.52472737273661,12.3456100202101,0.000500331282510181,0.0177408106970852,0.0177408106970852,"plaq_d"
"12666","DDRGK1","Exc L6 CT",-0.0323935724674642,5.11713735037558,1.64827580543795,0.200047423773557,0.535891833391167,0.535891833391167,"plaq_d"
"12667","ITPA","Exc L6 CT",-0.0326860631864522,4.07084140389121,1.18498802409202,0.277095731146377,0.625344120643242,0.625344120643242,"plaq_d"
"12668","C20orf194","Exc L6 CT",-0.00208328078138333,8.45635699348214,0.0479815252720568,0.826741888554885,0.964343523845696,0.964343523845696,"plaq_d"
"12669","ATRN","Exc L6 CT",-0.00805857745584034,7.05182285829903,0.592919506758008,0.495450097119253,0.800145792924474,0.800145792924474,"plaq_d"
"12670","C20orf27","Exc L6 CT",0.0316033846568305,3.40153250826829,0.655089744581916,0.418851546010725,0.746907823159965,0.746907823159965,"plaq_d"
"12671","SPEF1","Exc L6 CT",-0.0780680146197659,3.22477452058221,2.68988498091452,0.101890148158704,0.391985722312321,0.391985722312321,"plaq_d"
"12672","CENPB","Exc L6 CT",0.065188444741692,3.04875177763955,2.25775240642537,0.133853247055462,0.446260153916266,0.446260153916266,"plaq_d"
"12673","CDC25B","Exc L6 CT",-0.0245892052532999,5.41891813514811,1.44931603797321,0.229455500103339,0.572584742500897,0.572584742500897,"plaq_d"
"12674","AP5S1","Exc L6 CT",0.0695322503660599,2.94382199354618,2.3067316830679,0.143088122496681,0.459655953494784,0.459655953494784,"plaq_d"
"12675","MAVS","Exc L6 CT",-0.0506118646676024,5.07898653894265,5.81728424987345,0.0163861400792547,0.151117791531679,0.151117791531679,"plaq_d"
"12676","AL353194.1","Exc L6 CT",-0.0427847207712111,2.81342493713057,0.714438143368074,0.3985548061313,0.73127644520344,0.73127644520344,"plaq_d"
"12677","PANK2","Exc L6 CT",-0.0359139385521627,5.50219780104641,4.32593271939227,0.0382669234333625,0.237350551377288,0.237350551377288,"plaq_d"
"12678","RNF24","Exc L6 CT",-0.0318587603676912,7.16640341080908,4.77728649890408,0.0295031773019591,0.20592250194589,0.20592250194589,"plaq_d"
"12679","PRNP","Exc L6 CT",0.0442824216446694,8.22984730471704,10.2240086738366,0.00151329511259934,0.0366757515841416,0.0366757515841416,"plaq_d"
"12680","SLC23A2","Exc L6 CT",0.0188636386157024,7.62704369475189,2.82270342992043,0.0938366394906731,0.376497285983202,0.376497285983202,"plaq_d"
"12681","TMEM230","Exc L6 CT",0.00367758520262099,5.3848575618482,0.0423704402927491,0.837035554303994,0.968413070783597,0.968413070783597,"plaq_d"
"12682","PCNA","Exc L6 CT",0.0336561045011173,3.19609635484683,0.708892612418402,0.400389581881308,0.733398750507077,0.733398750507077,"plaq_d"
"12683","CDS2","Exc L6 CT",0.0191340964286695,7.13053964694922,2.85519795226099,0.0919741007314854,0.373395136528613,0.373395136528613,"plaq_d"
"12684","LINC00658","Exc L6 CT",0.0288818440597507,3.39161948553664,0.338553967833943,0.561041603001922,0.838424628348278,0.838424628348278,"plaq_d"
"12685","GPCPD1","Exc L6 CT",-0.00893713379352832,5.55939015680126,0.162241388025853,0.687348439004699,0.90212310849421,0.90212310849421,"plaq_d"
"12686","SHLD1","Exc L6 CT",-0.0187250104505338,4.95428581432692,0.564614708593103,0.452914414658719,0.77361988798839,0.77361988798839,"plaq_d"
"12687","CHGB","Exc L6 CT",-0.0104069286117826,5.41931291062311,0.193954378393974,0.659918870997909,0.890078878252094,0.890078878252094,"plaq_d"
"12688","TRMT6","Exc L6 CT",-0.0143800774658333,3.56865242798224,0.157986853940668,0.691260322869489,0.904350324782097,0.904350324782097,"plaq_d"
"12689","MCM8","Exc L6 CT",-0.0151064785898263,3.47748901841099,0.150786106361696,0.740958558111546,0.928924445055632,0.928924445055632,"plaq_d"
"12690","CRLS1","Exc L6 CT",-0.0252173891209873,5.86676143391106,1.72561836860083,0.189836316131882,0.523440644902235,0.523440644902235,"plaq_d"
"12691","FERMT1","Exc L6 CT",-0.0431050986574865,2.86624681763595,0.598059891041865,0.439843907861933,0.76233962166872,0.76233962166872,"plaq_d"
"12692","AL096799.1","Exc L6 CT",0.252738290795019,1.82556307378584,5.5628906029619,0.0188971058158491,0.162899841511954,0.162899841511954,"plaq_d"
"12693","TMX4","Exc L6 CT",0.0537512301582354,6.38919919254509,13.3490329676033,0.00029834313329573,0.013014993172501,0.013014993172501,"plaq_d"
"12694","AL021396.1","Exc L6 CT",0.0634605279206036,1.64272107945639,0.417674470196605,0.518525450679103,0.813237397530551,0.813237397530551,"plaq_d"
"12695","PLCB1","Exc L6 CT",0.0240865737176498,10.7803225288866,5.11469265695519,0.0243403719839495,0.185867039234804,0.185867039234804,"plaq_d"
"12696","PLCB4","Exc L6 CT",0.0194332134691747,8.29959929184963,2.18428986579617,0.140329314085859,0.455508637109362,0.455508637109362,"plaq_d"
"12697","PAK5","Exc L6 CT",-0.0154848685805721,8.53280329827391,1.60755177755817,0.205683442459534,0.541440101515592,0.541440101515592,"plaq_d"
"12698","ANKEF1","Exc L6 CT",0.00856425803854392,2.38080724106354,0.0195824154205366,0.888790531341893,0.984859409526221,0.984859409526221,"plaq_d"
"12699","SNAP25-AS1","Exc L6 CT",-0.0332629184228938,6.54391331027038,3.09545088519135,0.0793895943314377,0.346436071535428,0.346436071535428,"plaq_d"
"12700","AL354824.1","Exc L6 CT",0.07634580816688,3.04534564869771,2.34073092369449,0.126938354648089,0.434883262181871,0.434883262181871,"plaq_d"
"12701","SNAP25","Exc L6 CT",0.0479192983471282,10.0356958200179,20.5768324189067,7.8946012748544e-06,0.00111578490429357,0.00111578490429357,"plaq_d"
"12702","MKKS","Exc L6 CT",-0.0214060301328659,4.19170916775966,0.649885937953257,0.420703689679474,0.748387279801809,0.748387279801809,"plaq_d"
"12703","SLX4IP","Exc L6 CT",-0.00166197463267101,5.29133875090131,0.00496301004933592,0.943877025882436,0.997609533382524,0.997609533382524,"plaq_d"
"12704","BTBD3","Exc L6 CT",0.0553717500797186,5.45215872596543,6.25094638257749,0.0128719621288537,0.132312229137379,0.132312229137379,"plaq_d"
"12705","TASP1","Exc L6 CT",-0.0275348611766341,6.6223774321655,4.55335058747327,0.0335527372631873,0.222122112182129,0.222122112182129,"plaq_d"
"12706","ESF1","Exc L6 CT",-0.0156803413932272,6.49210909132636,0.965918078094606,0.326382707027931,0.671321638410685,0.671321638410685,"plaq_d"
"12707","NDUFAF5","Exc L6 CT",-0.00661560087825442,5.31650885588986,0.13709580957236,0.711410535018749,0.913193585566644,0.913193585566644,"plaq_d"
"12708","SEL1L2","Exc L6 CT",0.0504001301344055,2.34850930376844,0.53882665765315,0.463413395436658,0.778107628775796,0.778107628775796,"plaq_d"
"12709","MACROD2","Exc L6 CT",0.0471285184082938,10.0079295355944,19.3035250008069,1.48197560504652e-05,0.00172052587179433,0.00172052587179433,"plaq_d"
"12710","FLRT3","Exc L6 CT",0.00621972250542265,4.97654029070105,0.0650805414881526,0.798789618927633,0.954859698919057,0.954859698919057,"plaq_d"
"12711","MACROD2-AS1","Exc L6 CT",-0.0785436048277171,2.04909244475133,1.02797958405569,0.311337678245145,0.655986365603914,0.655986365603914,"plaq_d"
"12712","KIF16B","Exc L6 CT",0.0243870846485611,7.01797673271638,3.51673843846567,0.0615885793311783,0.305688886227715,0.305688886227715,"plaq_d"
"12713","SNRPB2","Exc L6 CT",-0.090241751792924,4.27425169045097,9.92747355704995,0.00176941829141031,0.0408869112731023,0.0408869112731023,"plaq_d"
"12714","PCSK2","Exc L6 CT",-0.00457180408520545,8.69560678028249,0.0956903266856515,0.757249048393748,0.937371276885589,0.937371276885589,"plaq_d"
"12715","DSTN","Exc L6 CT",-0.00131114454619462,5.98519825232074,0.00585669911432105,0.939042137355407,0.996421508761586,0.996421508761586,"plaq_d"
"12716","RRBP1","Exc L6 CT",0.048242084448853,2.72496337784476,0.88525298848181,0.347419225663706,0.691393892163425,0.691393892163425,"plaq_d"
"12717","SNX5","Exc L6 CT",0.0339867584535459,4.11098889759775,1.33575782341495,0.24857589327045,0.595347021524955,0.595347021524955,"plaq_d"
"12718","OVOL2","Exc L6 CT",0.060365767019476,2.12215854481811,0.739487907428163,0.390416646993653,0.724469972946717,0.724469972946717,"plaq_d"
"12719","MGME1","Exc L6 CT",0.178263996473701,2.48439385138444,11.0729322239073,0.000969507036382607,0.0272002271625278,0.0272002271625278,"plaq_d"
"12720","KAT14","Exc L6 CT",0.0423288175675379,4.08274436510218,2.00118301933183,0.158070094204655,0.480992829458933,0.480992829458933,"plaq_d"
"12721","ZNF133","Exc L6 CT",0.0029779115250928,5.85451005031731,0.0270619278477052,0.869428986570602,0.978798489635663,0.978798489635663,"plaq_d"
"12722","DZANK1","Exc L6 CT",-0.0410115957876217,5.23192884624536,4.62677909198787,0.0321642553786946,0.21698060938692,0.21698060938692,"plaq_d"
"12723","POLR3F","Exc L6 CT",-0.0297244090288583,4.37642097844856,1.41265108599519,0.235426782410963,0.580147289875523,0.580147289875523,"plaq_d"
"12724","RBBP9","Exc L6 CT",-0.0572841789552582,2.56948741641611,1.07048818722197,0.301553237619679,0.647846439885273,0.647846439885273,"plaq_d"
"12725","SEC23B","Exc L6 CT",-0.033407555081648,4.56081106914003,1.84729825860921,0.237228251818978,0.582191938831572,0.582191938831572,"plaq_d"
"12726","DTD1","Exc L6 CT",0.0114685604744524,3.89934150552012,0.136845100849728,0.711662669349698,0.913318414427557,0.913318414427557,"plaq_d"
"12727","SLC24A3","Exc L6 CT",-0.0890818675410507,2.40409993361306,0.510362011219096,0.475460828213595,0.787565767226201,0.787565767226201,"plaq_d"
"12728","AL121761.1","Exc L6 CT",-0.0875234504492543,3.29697857877737,2.56106430148731,0.110431708466456,0.408367550753428,0.408367550753428,"plaq_d"
"12729","RIN2","Exc L6 CT",0.0382696204129461,3.65841295775068,0.231459828156462,0.630745671543899,0.876683500163605,0.876683500163605,"plaq_d"
"12730","NAA20","Exc L6 CT",-0.0193847052290574,4.44004205836072,0.587168823207939,0.444035172830763,0.765640238120932,0.765640238120932,"plaq_d"
"12731","CRNKL1","Exc L6 CT",-0.000355785461810979,3.60747662637151,0.000127872526918462,0.990984131121194,0.999571689696322,0.999571689696322,"plaq_d"
"12732","CFAP61","Exc L6 CT",-0.0347754447803744,4.09602174640858,1.03585665259137,0.309493713989626,0.653844943435586,0.653844943435586,"plaq_d"
"12733","RALGAPA2","Exc L6 CT",0.0107421832322239,6.78412380720433,0.572953412273515,0.449599564671154,0.770118537826503,0.770118537826503,"plaq_d"
"12734","KIZ","Exc L6 CT",-0.0152507351606769,6.53404944448744,1.3495834435707,0.246146658642282,0.592166994955598,0.592166994955598,"plaq_d"
"12735","KIZ-AS1","Exc L6 CT",-0.126147124406949,2.84331118418251,6.86888707331682,0.00915534547051979,0.10938151845272,0.10938151845272,"plaq_d"
"12736","XRN2","Exc L6 CT",0.00319371221078466,5.69476171849164,0.0414567314123625,0.838777795635601,0.968820749155593,0.968820749155593,"plaq_d"
"12737","GZF1","Exc L6 CT",-0.037580654860419,3.1141236466386,0.763523627970603,0.411966370127749,0.742825388985407,0.742825388985407,"plaq_d"
"12738","NAPB","Exc L6 CT",0.0591353861405257,6.91357699153243,19.739113064353,1.19423082931758e-05,0.00145696161176745,0.00145696161176745,"plaq_d"
"12739","CST3","Exc L6 CT",-0.00313834072498591,1.61208974279301,8.61895250692157e-05,0.992597997408724,0.999571689696322,0.999571689696322,"plaq_d"
"12740","SYNDIG1","Exc L6 CT",-0.00681678743360426,7.59736330012593,0.231139996607806,0.630981761866503,0.876712039748111,0.876712039748111,"plaq_d"
"12741","APMAP","Exc L6 CT",0.0113769624539515,5.1932305458601,0.371021911729025,0.542844972404659,0.828340294560607,0.828340294560607,"plaq_d"
"12742","ENTPD6","Exc L6 CT",-0.0092216871037382,5.75120006066461,0.304147386382279,0.581647721634914,0.851041833586362,0.851041833586362,"plaq_d"
"12743","AL035252.3","Exc L6 CT",0.0135004721183251,2.47120710164355,0.0591951642469278,0.807915838179148,0.958107854321204,0.958107854321204,"plaq_d"
"12744","PYGB","Exc L6 CT",0.010166760453445,6.16392500935194,0.358774048932807,0.5495773736661,0.831593351697929,0.831593351697929,"plaq_d"
"12745","ABHD12","Exc L6 CT",-0.0164734339956064,6.14163743594257,1.28342843960857,0.258042022308297,0.605406283107927,0.605406283107927,"plaq_d"
"12746","GINS1","Exc L6 CT",-0.0101633123859881,3.61274050986631,0.0871736243556198,0.92837885940666,0.994167628886557,0.994167628886557,"plaq_d"
"12747","NINL","Exc L6 CT",-0.00986406878039879,3.92217545608197,0.050212332755762,0.822825633054731,0.963694415288182,0.963694415288182,"plaq_d"
"12748","ZNF337-AS1","Exc L6 CT",-0.0712889555116753,3.72891601858363,4.37765529442199,0.0371367557226029,0.233768105759327,0.233768105759327,"plaq_d"
"12749","ZNF337","Exc L6 CT",-0.0224045120270089,5.37063967784517,1.13738456523871,0.286944563159224,0.633609575076657,0.633609575076657,"plaq_d"
"12750","FAM182B","Exc L6 CT",-0.00885760887244346,6.61930543841422,0.108114429927591,0.742498794328065,0.929883657516036,0.929883657516036,"plaq_d"
"12751","LINC01598","Exc L6 CT",0.0949860014477793,3.42756390284836,3.56734822865359,0.0597572365835669,0.301718018526705,0.301718018526705,"plaq_d"
"12752","HM13","Exc L6 CT",-0.0146310725765998,6.50541892577168,1.39883707583769,0.237725335149778,0.582830131160585,0.582830131160585,"plaq_d"
"12753","BCL2L1","Exc L6 CT",0.00299803719090811,5.37958477119206,0.0256671362694908,0.872808817657816,0.980233682498334,0.980233682498334,"plaq_d"
"12754","AL117381.1","Exc L6 CT",-0.0734656202080625,2.11596549556031,1.1861947409315,0.276851676304822,0.625087316826258,0.625087316826258,"plaq_d"
"12755","TPX2","Exc L6 CT",-0.0134489376964667,2.91443578172978,0.0814005611848993,0.775577944038412,0.945546889157943,0.945546889157943,"plaq_d"
"12756","DUSP15","Exc L6 CT",-0.0968195832126874,2.61987342493967,3.6823670928338,0.0558079397889432,0.290540884959222,0.290540884959222,"plaq_d"
"12757","TTLL9","Exc L6 CT",0.0113484570189732,3.67813795694433,0.0900876604182502,0.764244852749595,0.940014221599767,0.940014221599767,"plaq_d"
"12758","PDRG1","Exc L6 CT",0.00173698771900102,3.19568986904275,0.0018054027416001,0.966132412961946,0.998742420766286,0.998742420766286,"plaq_d"
"12759","XKR7","Exc L6 CT",-0.0140646223971784,4.27144528456207,0.225126367503609,0.635458762946235,0.878269581788608,0.878269581788608,"plaq_d"
"12760","CCM2L","Exc L6 CT",0.0473525761867576,2.69443254603661,0.829454550846994,0.363060337689356,0.703826639021812,0.703826639021812,"plaq_d"
"12761","HCK","Exc L6 CT",0.0785282161851206,1.77468750308036,0.930009065447087,0.335529844250482,0.680332306795433,0.680332306795433,"plaq_d"
"12762","TM9SF4","Exc L6 CT",0.0386007097407341,5.82146733234727,6.89614596126677,0.00901949971403167,0.108475119367753,0.108475119367753,"plaq_d"
"12763","PLAGL2","Exc L6 CT",0.0569741539242593,3.42244966407107,2.24955512181513,0.134558957749935,0.446956796439333,0.446956796439333,"plaq_d"
"12764","POFUT1","Exc L6 CT",-0.0740897390997164,4.06840083690165,6.66251320320396,0.0102546344100922,0.11725632801246,0.11725632801246,"plaq_d"
"12765","KIF3B","Exc L6 CT",0.0150932434462985,5.84821655739633,0.834848314560249,0.361506563653213,0.702443753912724,0.702443753912724,"plaq_d"
"12766","ASXL1","Exc L6 CT",-0.0181724505988084,6.11436586196111,1.33524268654787,0.248666973089857,0.595347021524955,0.595347021524955,"plaq_d"
"12767","NOL4L","Exc L6 CT",-0.0285467304402776,6.19983714643252,3.56924242065329,0.059689834119659,0.301612794660095,0.301612794660095,"plaq_d"
"12768","FO393400.1","Exc L6 CT",0.00466954203162458,4.70100085362721,0.0289988169286547,0.864880670086332,0.977378297084766,0.977378297084766,"plaq_d"
"12769","DNMT3B","Exc L6 CT",-0.152459449159795,2.87796310261483,8.32887435815972,0.00414532567189816,0.0695851666658118,0.0695851666658118,"plaq_d"
"12770","MAPRE1","Exc L6 CT",-0.00387961747484253,3.72313480680029,0.0132338091173272,0.90848107861313,0.989447950029737,0.989447950029737,"plaq_d"
"12771","AL035071.2","Exc L6 CT",-0.19590196668196,2.00286587321321,5.82347459224762,0.01632954150462,0.150884889311723,0.150884889311723,"plaq_d"
"12772","AL035071.1","Exc L6 CT",0.0667335038257289,3.22389437057044,2.72542334968026,0.0996635391867813,0.387771975711596,0.387771975711596,"plaq_d"
"12773","CDK5RAP1","Exc L6 CT",0.00765550837742385,5.80768455922533,0.229695708658632,0.920237949682237,0.991792773539161,0.991792773539161,"plaq_d"
"12774","SNTA1","Exc L6 CT",-0.0247872958518716,4.56095909368587,0.999665890456654,0.318085675275143,0.662801449481945,0.662801449481945,"plaq_d"
"12775","CBFA2T2","Exc L6 CT",-0.00222108616505786,7.39837399776097,0.054730269425292,0.815165154113283,0.960477783484598,0.960477783484598,"plaq_d"
"12776","NECAB3","Exc L6 CT",-0.0290145340709171,4.14948455316389,1.01809706016479,0.31367146646659,0.657879462090935,0.657879462090935,"plaq_d"
"12777","E2F1","Exc L6 CT",0.0110644352405231,1.75722276383303,0.0208916177031031,0.885158225116644,0.984464416586969,0.984464416586969,"plaq_d"
"12778","PXMP4","Exc L6 CT",0.00862767966859389,4.22552627065485,0.127895464299433,0.782589155751965,0.948441504880048,0.948441504880048,"plaq_d"
"12779","ZNF341","Exc L6 CT",-0.0213413730942702,4.59239695075765,0.692975006075731,0.680963090169668,0.898299701831077,0.898299701831077,"plaq_d"
"12780","CHMP4B","Exc L6 CT",0.0245783617681149,5.05072869381705,1.36069368043984,0.244215601692104,0.589986206068053,0.589986206068053,"plaq_d"
"12781","RALY","Exc L6 CT",-0.0394783438502796,5.2549912392665,3.45413443817394,0.0639374062713783,0.310750472884119,0.310750472884119,"plaq_d"
"12782","EIF2S2","Exc L6 CT",-0.0550746084988082,4.98660024728506,5.8362349580113,0.0162135110442651,0.150520078614034,0.150520078614034,"plaq_d"
"12783","ASIP","Exc L6 CT",-0.207474553558021,2.15345113385325,8.97212777946502,0.00293764521772633,0.0566851112677437,0.0566851112677437,"plaq_d"
"12784","AHCY","Exc L6 CT",0.00863539420168618,3.27309072164042,0.0485868368896231,0.832046634685511,0.96704282002414,0.96704282002414,"plaq_d"
"12785","ITCH","Exc L6 CT",-0.00766346246106258,7.06272835532573,0.440840844143192,0.507156290968959,0.806584995721541,0.806584995721541,"plaq_d"
"12786","DYNLRB1","Exc L6 CT",0.00452794845883263,5.99185812630336,0.0729576248848595,0.787238190712279,0.950485300511462,0.950485300511462,"plaq_d"
"12787","MAP1LC3A","Exc L6 CT",-0.0734888162574822,5.49275785506071,10.9642348604201,0.00102619267632017,0.0280323904521919,0.0280323904521919,"plaq_d"
"12788","PIGU","Exc L6 CT",-0.0578384457886659,5.75627542233433,12.6903458765084,0.000418724756563889,0.015946988347867,0.015946988347867,"plaq_d"
"12789","NCOA6","Exc L6 CT",0.0238430732363151,6.34996116511518,3.51662195800193,0.0615928628024728,0.305688886227715,0.305688886227715,"plaq_d"
"12790","TP53INP2","Exc L6 CT",0.0222025433235122,2.43266782952032,0.127064176404452,0.721711534319547,0.918716000359377,0.918716000359377,"plaq_d"
"12791","GGT7","Exc L6 CT",-0.0369429496275085,6.73281315884474,7.45947392701654,0.00663164218178534,0.0910701152739702,0.0910701152739702,"plaq_d"
"12792","ACSS2","Exc L6 CT",0.0373403854732562,4.5113911932833,2.05156484566136,0.152946940255264,0.474411678527541,0.474411678527541,"plaq_d"
"12793","GSS","Exc L6 CT",-0.0284555740443922,4.01018224180865,0.960470464208394,0.327748806724872,0.672693444769213,0.672693444769213,"plaq_d"
"12794","MYH7B","Exc L6 CT",-0.0645033663823812,2.72746882047284,1.9005205838226,0.168905106574886,0.495428902084156,0.495428902084156,"plaq_d"
"12795","TRPC4AP","Exc L6 CT",-0.0171712864193518,6.19386355715329,1.34042395168793,0.247752753126782,0.594540529090374,0.594540529090374,"plaq_d"
"12796","EDEM2","Exc L6 CT",-0.0601087889833088,3.11184892683953,2.03048418426646,0.155067183668389,0.47679250274466,0.47679250274466,"plaq_d"
"12797","MMP24OS","Exc L6 CT",-0.0300292671622201,3.50841213383422,0.69175577136993,0.406137832184426,0.738040575479251,0.738040575479251,"plaq_d"
"12798","MMP24","Exc L6 CT",0.00764024057551231,5.63518357391696,0.196168820142684,0.658106230083027,0.8892526082481,0.8892526082481,"plaq_d"
"12799","UQCC1","Exc L6 CT",-0.0170927364402165,6.38771432589855,1.84122168994935,0.175686810385605,0.504425074254323,0.504425074254323,"plaq_d"
"12800","CEP250","Exc L6 CT",-0.00262741318107585,5.44708389079987,0.0248719982028624,0.874777849710853,0.980574668679886,0.980574668679886,"plaq_d"
"12801","FO393401.1","Exc L6 CT",-0.139059515398552,2.30097333757272,5.01910485670834,0.0256993723235218,0.191481655641625,0.191481655641625,"plaq_d"
"12802","ERGIC3","Exc L6 CT",-0.0140892168559192,4.23748848537445,0.25469634207224,0.614106710478795,0.869052033813501,0.869052033813501,"plaq_d"
"12803","CPNE1","Exc L6 CT",-0.0127166394811348,5.31155795622805,0.368580585978863,0.544174665313526,0.828575249340506,0.828575249340506,"plaq_d"
"12804","NFS1","Exc L6 CT",-0.107442231641449,2.96110022856081,5.20767753448187,0.0230901520284993,0.180469490907116,0.180469490907116,"plaq_d"
"12805","ROMO1","Exc L6 CT",-0.0142606304170864,2.02427785694874,0.0308698522085659,0.860633193482656,0.976495686661412,0.976495686661412,"plaq_d"
"12806","RBM39","Exc L6 CT",0.0130719713368415,7.38947176395225,1.51754786383992,0.269118709204932,0.616882935614288,0.616882935614288,"plaq_d"
"12807","PHF20","Exc L6 CT",-0.019299559013807,6.53002883335648,2.16831415747393,0.152022543057917,0.472988227763512,0.472988227763512,"plaq_d"
"12808","SCAND1","Exc L6 CT",0.00327167249859246,3.33775015805479,0.00623459012637244,0.93711025706881,0.996101534451179,0.996101534451179,"plaq_d"
"12809","CNBD2","Exc L6 CT",-0.0323236729836966,2.30828609785681,0.294190342137783,0.741141932415268,0.929004859666419,0.929004859666419,"plaq_d"
"12810","NORAD","Exc L6 CT",0.0494895150319398,7.29624458978181,10.7808887333035,0.00112955613134055,0.0299467588706788,0.0299467588706788,"plaq_d"
"12811","EPB41L1","Exc L6 CT",0.0379678397616911,7.14521077583745,9.33157182250381,0.00242606093163515,0.0497515287347858,0.0497515287347858,"plaq_d"
"12812","AL121895.1","Exc L6 CT",-0.031370019143214,3.81314953917412,0.771532083434853,0.380349212319046,0.716501866074978,0.716501866074978,"plaq_d"
"12813","AAR2","Exc L6 CT",-0.0252998235054776,3.74553848822443,0.672815876596711,0.436484385130461,0.759350961732702,0.759350961732702,"plaq_d"
"12814","DLGAP4","Exc L6 CT",-0.0201379451404699,7.43417635486503,3.36421848670918,0.0674803878045782,0.318403035999576,0.318403035999576,"plaq_d"
"12815","DLGAP4-AS1","Exc L6 CT",-0.120166990364644,2.66452696044604,4.39363141253453,0.0367948125470666,0.23268921442469,0.23268921442469,"plaq_d"
"12816","RAB5IF","Exc L6 CT",0.0502123118904038,2.8496227661798,1.11512298714308,0.291703151536893,0.639145117286596,0.639145117286596,"plaq_d"
"12817","SLA2","Exc L6 CT",-0.0512247168451816,2.55323431173591,0.648319457640438,0.421263631028643,0.749075003988185,0.749075003988185,"plaq_d"
"12818","NDRG3","Exc L6 CT",0.0120254105497626,6.52126363853597,0.75232056917289,0.386339862594232,0.721139768567107,0.721139768567107,"plaq_d"
"12819","DSN1","Exc L6 CT",-0.0448458661589687,3.74264045592027,1.72094179305555,0.190436098895304,0.523790233033397,0.523790233033397,"plaq_d"
"12820","SOGA1","Exc L6 CT",-0.0553895553822867,5.39971980205557,4.4151887755688,0.0363386530819561,0.231338749394031,0.231338749394031,"plaq_d"
"12821","SAMHD1","Exc L6 CT",-0.0315729681535838,4.34078420754166,1.39028275573827,0.239162407012603,0.584143268729722,0.584143268729722,"plaq_d"
"12822","RBL1","Exc L6 CT",-0.0435224701895108,5.24588956321968,4.46187820646777,0.0353709588797683,0.228034180041713,0.228034180041713,"plaq_d"
"12823","MROH8","Exc L6 CT",-0.0297209552012444,4.66813095444452,1.30895823980333,0.253369251496772,0.600708785333914,0.600708785333914,"plaq_d"
"12824","RPN2","Exc L6 CT",-0.0172955354914692,5.09035973908861,0.603724211047456,0.437688121939259,0.760342488649399,0.760342488649399,"plaq_d"
"12825","MANBAL","Exc L6 CT",0.0537991377677987,3.90564344044796,3.28643242476491,0.0707156606844682,0.325871527277082,0.325871527277082,"plaq_d"
"12826","SRC","Exc L6 CT",0.00854947678913705,4.22973061025453,0.109994434971527,0.902793380845423,0.988786785655105,0.988786785655105,"plaq_d"
"12827","BLCAP","Exc L6 CT",0.0120347208003223,6.12393589030128,0.637969622833231,0.42499144238443,0.751434144505804,0.751434144505804,"plaq_d"
"12828","NNAT","Exc L6 CT",-0.0664959226340441,5.00491111915034,3.68404356632581,0.0557524772528053,0.290540884959222,0.290540884959222,"plaq_d"
"12829","CTNNBL1","Exc L6 CT",-0.00499651424535069,5.48605978970735,0.081285260913825,0.775732667688967,0.94556959532478,0.94556959532478,"plaq_d"
"12830","VSTM2L","Exc L6 CT",-0.0259198987116361,4.64736069336135,0.846046837456242,0.358309851472278,0.700718774124955,0.700718774124955,"plaq_d"
"12831","TTI1","Exc L6 CT",-0.0247223878462535,4.75859272662748,1.26307280459455,0.261844468481995,0.60848488584973,0.60848488584973,"plaq_d"
"12832","RPRD1B","Exc L6 CT",0.0335851220421344,5.14599886476325,3.07870898232053,0.0802030205710993,0.348401534140478,0.348401534140478,"plaq_d"
"12833","AL391095.2","Exc L6 CT",0.0196495710977042,2.3669453094139,0.105826606982931,0.745141834724642,0.9313232179284,0.9313232179284,"plaq_d"
"12834","RALGAPB","Exc L6 CT",-0.00326255458531687,6.09481577125192,0.0614885458146793,0.80430468342151,0.95682191663624,0.95682191663624,"plaq_d"
"12835","ACTR5","Exc L6 CT",-0.0370463541417067,3.59501438509958,1.21490261853546,0.271124608683773,0.618141388372604,0.618141388372604,"plaq_d"
"12836","PPP1R16B","Exc L6 CT",0.00661561238621069,8.02082297212357,0.338067373658466,0.561323096845439,0.838424628348278,0.838424628348278,"plaq_d"
"12837","FAM83D","Exc L6 CT",0.0781383179862246,2.70511450801861,2.23801493234515,0.135559553549921,0.448361184593182,0.448361184593182,"plaq_d"
"12838","DHX35","Exc L6 CT",0.00778985005413314,4.67228887775311,0.10179425824833,0.795850568952152,0.953341180175901,0.953341180175901,"plaq_d"
"12839","MAFB","Exc L6 CT",0.0579534994232307,2.26809726556313,0.783566561660938,0.376663441537591,0.713336243561267,0.713336243561267,"plaq_d"
"12840","TOP1","Exc L6 CT",-0.00921575672110631,6.73214485854106,0.54592527889023,0.460485175871792,0.776394701225957,0.776394701225957,"plaq_d"
"12841","PLCG1-AS1","Exc L6 CT",0.0549220313279973,2.2566475594036,0.760156557675969,0.383880305265892,0.718826856738786,0.718826856738786,"plaq_d"
"12842","PLCG1","Exc L6 CT",-0.0402902768506864,4.2607170962917,2.13039283245798,0.145305318143973,0.461734223771334,0.461734223771334,"plaq_d"
"12843","ZHX3","Exc L6 CT",0.00782875577925585,7.57086239553875,0.344900335450322,0.557394836654418,0.836425457488402,0.836425457488402,"plaq_d"
"12844","CHD6","Exc L6 CT",0.00102239730394958,7.46484793244146,0.00931432418711221,0.923170462805221,0.992825488013145,0.992825488013145,"plaq_d"
"12845","PTPRT","Exc L6 CT",0.0826304557194782,8.79183769638565,10.6214811402434,0.00122800515236534,0.0316278140137013,0.0316278140137013,"plaq_d"
"12846","AL021395.1","Exc L6 CT",0.010145487114061,2.98417087710255,0.0420866795909949,0.837574509174777,0.968618325340731,0.968618325340731,"plaq_d"
"12847","SRSF6","Exc L6 CT",-0.00196607758472262,4.79052539005811,0.00591700620208891,0.938729713289944,0.996366149599237,0.996366149599237,"plaq_d"
"12848","L3MBTL1","Exc L6 CT",-0.0124091269698832,4.18757748505953,0.152891545120291,0.696026411637869,0.906908768521595,0.906908768521595,"plaq_d"
"12849","Z98752.3","Exc L6 CT",0.0459716257812784,1.92869918261855,0.377045228283949,0.539589805126596,0.826231776982824,0.826231776982824,"plaq_d"
"12850","IFT52","Exc L6 CT",-0.0612226427439466,5.30317596710166,10.0156822482982,0.00168892446631976,0.0395345636051045,0.0395345636051045,"plaq_d"
"12851","TOX2","Exc L6 CT",-0.0300276919804508,3.97834207330688,0.584550801044646,0.445051887599343,0.766566998549909,0.766566998549909,"plaq_d"
"12852","OSER1","Exc L6 CT",0.0345244695581283,3.40380014648663,0.925900591488445,0.336598168638941,0.681108385910117,0.681108385910117,"plaq_d"
"12853","OSER1-DT","Exc L6 CT",0.00180395465077324,3.95328974714792,0.00321182145153071,0.954838241264741,0.998443933033468,0.998443933033468,"plaq_d"
"12854","GDAP1L1","Exc L6 CT",-0.0155719267684067,5.49732228786516,0.727416077729542,0.458502313158726,0.775898728996668,0.775898728996668,"plaq_d"
"12855","FITM2","Exc L6 CT",-0.0127649454759629,3.736046423131,0.154113120302562,0.694875502748326,0.906353633810656,0.906353633810656,"plaq_d"
"12856","HNF4A","Exc L6 CT",0.000845705992089296,2.33772908569054,0.000357633643049522,0.984922773167762,0.999571689696322,0.999571689696322,"plaq_d"
"12857","TTPAL","Exc L6 CT",-0.0251022046503048,3.48744657812124,0.431315874458824,0.651245540152699,0.885163226792997,0.885163226792997,"plaq_d"
"12858","SERINC3","Exc L6 CT",0.0362483284781362,6.73479040435067,7.58182523743567,0.00620523541373787,0.0881022648317141,0.0881022648317141,"plaq_d"
"12859","PKIG","Exc L6 CT",-0.0123973170321032,6.26929566138356,0.669821519811278,0.413673580887017,0.743383456553427,0.743383456553427,"plaq_d"
"12860","AL139352.1","Exc L6 CT",0.041273994291062,3.86176231808485,0.899903975870492,0.34346537862533,0.687790734551433,0.687790734551433,"plaq_d"
"12861","KCNK15-AS1","Exc L6 CT",-0.0538345225439611,3.2101405750369,1.3618084024163,0.244022879003585,0.589872563416114,0.589872563416114,"plaq_d"
"12862","RIMS4","Exc L6 CT",0.013112793052459,4.79474002121291,0.305624837572702,0.580732182947047,0.851041833586362,0.851041833586362,"plaq_d"
"12863","YWHAB","Exc L6 CT",0.0551927666810887,7.42251687353291,12.8719322548329,0.000381307682865899,0.015143466518761,0.015143466518761,"plaq_d"
"12864","PABPC1L","Exc L6 CT",-0.0314214650160416,2.99890809624152,0.439144712768722,0.507973961062294,0.806906139178239,0.806906139178239,"plaq_d"
"12865","TOMM34","Exc L6 CT",0.0469446472734643,3.65851400809243,1.87218715379732,0.172107038953296,0.499224850447641,0.499224850447641,"plaq_d"
"12866","STK4","Exc L6 CT",0.00190194245624403,5.63739768546579,0.0101739190432515,0.931603994652371,0.99444705473932,0.99444705473932,"plaq_d"
"12867","KCNS1","Exc L6 CT",0.199969772052012,1.99574903966862,6.67979220772203,0.0101575884736815,0.116609763689887,0.116609763689887,"plaq_d"
"12868","SYS1-DBNDD2","Exc L6 CT",-0.00730611132958602,4.16537539685636,0.061430089018776,0.949815881963882,0.99802142424354,0.99802142424354,"plaq_d"
"12869","TP53TG5","Exc L6 CT",-0.0467478019292594,2.61846650958992,0.544267511313505,0.461166371921586,0.776394701225957,0.776394701225957,"plaq_d"
"12870","PIGT","Exc L6 CT",0.0268649339603321,4.17661686072638,0.910302721530459,0.3406959889284,0.684530280057676,0.684530280057676,"plaq_d"
"12871","WFDC2","Exc L6 CT",-0.0703885819141274,1.92485924662633,0.807292882963272,0.369542704853272,0.708928046941235,0.708928046941235,"plaq_d"
"12872","DNTTIP1","Exc L6 CT",-0.0475294688917035,3.99278646337161,2.79351224463822,0.0955450008067388,0.380699095381625,0.380699095381625,"plaq_d"
"12873","TNNC2","Exc L6 CT",-0.106354707012661,2.23809829128457,2.90172465277743,0.0893770996647309,0.36699165053436,0.36699165053436,"plaq_d"
"12874","SNX21","Exc L6 CT",-0.0387661627885033,3.03360376753773,0.848045687267877,0.357743368338922,0.700346432196558,0.700346432196558,"plaq_d"
"12875","ACOT8","Exc L6 CT",-0.00621776925931926,4.33152224378258,0.0568031598568995,0.811762144737181,0.959327443190962,0.959327443190962,"plaq_d"
"12876","ZSWIM3","Exc L6 CT",-0.0295140674979532,3.61093507876359,0.6195197373205,0.431761215299482,0.756970577957031,0.756970577957031,"plaq_d"
"12877","ZSWIM1","Exc L6 CT",0.0908773508383374,2.05029631227202,1.86995338070762,0.211513570413278,0.548837303473242,0.548837303473242,"plaq_d"
"12878","NEURL2","Exc L6 CT",-0.0933100148380188,2.18371476491787,1.91934216776767,0.166816006349233,0.493117705832352,0.493117705832352,"plaq_d"
"12879","CTSA","Exc L6 CT",-0.00511661720140064,4.92646270976224,0.0567029991424645,0.811925052894306,0.959327443190962,0.959327443190962,"plaq_d"
"12880","PLTP","Exc L6 CT",0.100299035263702,1.74044914252987,1.48994126654049,0.223051527613519,0.562703844979824,0.562703844979824,"plaq_d"
"12881","PCIF1","Exc L6 CT",0.0506907986629909,2.94743446851747,1.33666744164659,0.248415166449679,0.595138082244895,0.595138082244895,"plaq_d"
"12882","ZNF335","Exc L6 CT",-0.0255132570462333,5.02968951665132,1.54283916411821,0.215031637518632,0.553081195947512,0.553081195947512,"plaq_d"
"12883","SLC12A5","Exc L6 CT",0.0208478635995762,6.67557755557334,1.70990946001148,0.191859832986222,0.525497365994988,0.525497365994988,"plaq_d"
"12884","NCOA5","Exc L6 CT",0.014930838478629,5.32460409830329,0.55434216689819,0.45705108509138,0.775664661561659,0.775664661561659,"plaq_d"
"12885","CDH22","Exc L6 CT",0.0830211764377672,4.23887347196186,4.62863361698992,0.0321299780794117,0.21685099129452,0.21685099129452,"plaq_d"
"12886","SLC35C2","Exc L6 CT",-0.0335811499933381,4.367235027736,1.58036494903533,0.209550709714129,0.546392597966868,0.546392597966868,"plaq_d"
"12887","AL133227.1","Exc L6 CT",-0.202280975399906,1.75792490298826,5.4038588861426,0.0206668413886547,0.170890205991426,0.170890205991426,"plaq_d"
"12888","ELMO2","Exc L6 CT",0.0418865224064253,4.31381393739412,2.60714975808313,0.107288574879681,0.40171186190256,0.40171186190256,"plaq_d"
"12889","ZNF334","Exc L6 CT",-0.00385486789129565,3.96743675752617,0.0158052037252441,0.900027116736583,0.987033623260444,0.987033623260444,"plaq_d"
"12890","SLC13A3","Exc L6 CT",-0.00356066359233016,6.25409525075509,0.0356678409854876,0.850313110547735,0.973061012674499,0.973061012674499,"plaq_d"
"12891","TP53RK","Exc L6 CT",0.0386146765489853,2.63612367107427,0.605375082576542,0.437062867837839,0.759714687924841,0.759714687924841,"plaq_d"
"12892","ZMYND8","Exc L6 CT",0.065937795610497,7.7790727780931,16.1966953030968,7.00813205654566e-05,0.00499450837059561,0.00499450837059561,"plaq_d"
"12893","NCOA3","Exc L6 CT",0.001372644004612,5.09083839929695,0.00331669636958091,0.954107639412393,0.998216253735524,0.998216253735524,"plaq_d"
"12894","SULF2","Exc L6 CT",-0.115408312564799,4.99161141532505,5.69803859642887,0.0175170066045085,0.15614540376378,0.15614540376378,"plaq_d"
"12895","ARFGEF2","Exc L6 CT",0.0330884635416826,7.2553380904988,6.40663917781751,0.0118090326656377,0.126407013292001,0.126407013292001,"plaq_d"
"12896","CSE1L","Exc L6 CT",-0.00963216989728338,5.21466814007676,0.250787567139996,0.616837474913675,0.86977969625572,0.86977969625572,"plaq_d"
"12897","STAU1","Exc L6 CT",-0.0132018171032854,5.97082458109636,0.901808623270525,0.3429558621047,0.687152761427872,0.687152761427872,"plaq_d"
"12898","DDX27","Exc L6 CT",0.0236042178518247,4.33975279192989,0.701597215564904,0.402822083236882,0.735263941965025,0.735263941965025,"plaq_d"
"12899","ZNFX1","Exc L6 CT",0.0276162079773017,4.58619627456862,1.33857809578044,0.252816877400443,0.600438652464904,0.600438652464904,"plaq_d"
"12900","ZFAS1","Exc L6 CT",-0.00674735385780451,4.55322704411433,0.0666834027134501,0.969197414192557,0.998742420766286,0.998742420766286,"plaq_d"
"12901","KCNB1","Exc L6 CT",-0.000119121089474578,8.12156065411374,0.000121487334646039,0.991212103592945,0.999571689696322,0.999571689696322,"plaq_d"
"12902","B4GALT5","Exc L6 CT",0.0157597597843042,6.06594328974651,1.1412807389629,0.307963380112582,0.652689915835421,0.652689915835421,"plaq_d"
"12903","SLC9A8","Exc L6 CT",-0.0358294182647859,4.77217424979316,1.81013984584591,0.179366949793626,0.509988372794022,0.509988372794022,"plaq_d"
"12904","SPATA2","Exc L6 CT",0.0560516275602627,4.42086183964951,4.66617047962619,0.0314443529439014,0.213928594036108,0.213928594036108,"plaq_d"
"12905","RNF114","Exc L6 CT",-0.00634561096510799,5.30214342056072,0.114799879873668,0.784976348579291,0.949623488583821,0.949623488583821,"plaq_d"
"12906","LINC01273","Exc L6 CT",-0.106129240784749,1.6042251609434,1.34600731340521,0.246772199735107,0.593076346589603,0.593076346589603,"plaq_d"
"12907","CEBPB-AS1","Exc L6 CT",-0.0768380631183413,2.75743016569311,2.14917603386312,0.14354889066444,0.4600467119335,0.4600467119335,"plaq_d"
"12908","CEBPB","Exc L6 CT",0.0264203161924226,4.42564195193006,0.795178966555937,0.373154496124138,0.710955389314004,0.710955389314004,"plaq_d"
"12909","PTPN1","Exc L6 CT",-0.00758587210959191,6.08772280113329,0.204044629427196,0.651756988954143,0.885326817605571,0.885326817605571,"plaq_d"
"12910","PARD6B","Exc L6 CT",0.0326502392760557,3.97519658807801,1.14084707201954,0.286213350239468,0.632706447831755,0.632706447831755,"plaq_d"
"12911","BCAS4","Exc L6 CT",-0.0205250681335179,4.97378411996729,0.987194768708658,0.321118917997514,0.665726033066874,0.665726033066874,"plaq_d"
"12912","ADNP","Exc L6 CT",-0.00602516289204487,6.63878445495619,0.207166669732825,0.649280929152883,0.88448566348415,0.88448566348415,"plaq_d"
"12913","DPM1","Exc L6 CT",0.0336734001794279,5.58006601153389,3.91997098872675,0.0485027053017502,0.268975510706883,0.268975510706883,"plaq_d"
"12914","MOCS3","Exc L6 CT",0.0035732007900324,2.10959628008126,0.00323510511577774,0.97140884977768,0.998885842957106,0.998885842957106,"plaq_d"
"12915","NFATC2","Exc L6 CT",-0.110313027278652,2.5340695988275,1.96425428400494,0.161949770821439,0.486554280535933,0.486554280535933,"plaq_d"
"12916","ATP9A","Exc L6 CT",0.00695586303154837,7.67785218331906,0.533106035178111,0.97753188689314,0.999093977007575,0.999093977007575,"plaq_d"
"12917","ZFP64","Exc L6 CT",0.00607030272237186,4.97186129888755,0.0699168928957949,0.791614262652669,0.952057315516695,0.952057315516695,"plaq_d"
"12918","LINC01524","Exc L6 CT",-0.0733607430717882,2.32709463947063,0.558468514160361,0.455382311909677,0.775175490089533,0.775175490089533,"plaq_d"
"12919","TSHZ2","Exc L6 CT",0.137804143779928,5.87615652023225,5.92969521293644,0.0153892850441577,0.146523907073871,0.146523907073871,"plaq_d"
"12920","AL109930.1","Exc L6 CT",-0.0377473792423627,2.4052095862159,0.298308971157054,0.585294264688199,0.853146926665597,0.853146926665597,"plaq_d"
"12921","PFDN4","Exc L6 CT",0.0186741647066778,4.36076886009122,0.532286408698946,0.466137688333569,0.780787481797009,0.780787481797009,"plaq_d"
"12922","DOK5","Exc L6 CT",-0.00156157676336933,4.81636171754788,0.00218555294969777,0.962739362131088,0.998742420766286,0.998742420766286,"plaq_d"
"12923","FAM210B","Exc L6 CT",0.0170770532659331,3.31285683448465,0.201866908855886,0.653497659256383,0.886770883462616,0.886770883462616,"plaq_d"
"12924","CSTF1","Exc L6 CT",-0.00542156420010496,3.11931008856399,0.0196901956716065,0.88848691029766,0.984859409526221,0.984859409526221,"plaq_d"
"12925","CASS4","Exc L6 CT",0.0101201260620198,2.6756203650623,0.0301217565270723,0.86231510397759,0.976702457660219,0.976702457660219,"plaq_d"
"12926","RTF2","Exc L6 CT",0.00293381479009972,4.39102791300872,0.0125759702550347,0.941525709451916,0.997292628450429,0.997292628450429,"plaq_d"
"12927","RAE1","Exc L6 CT",0.020105866939436,4.23523457741182,0.683832027140345,0.58032542029038,0.851009957268036,0.851009957268036,"plaq_d"
"12928","RBM38","Exc L6 CT",0.000290655681255055,2.7766549233096,5.34877262716164e-05,0.994168887355255,0.999633003011692,0.999633003011692,"plaq_d"
"12929","PMEPA1","Exc L6 CT",0.100849091585857,5.08302258031242,7.66492571213074,0.0059317517300078,0.0862560584900932,0.0862560584900932,"plaq_d"
"12930","RAB22A","Exc L6 CT",0.0559511241931765,5.25359564368014,7.97760268952478,0.00500871252911789,0.0776998120357555,0.0776998120357555,"plaq_d"
"12931","VAPB","Exc L6 CT",0.0118890470478797,5.67629593787914,0.502819978388476,0.478738169220573,0.789344129491849,0.789344129491849,"plaq_d"
"12932","STX16-NPEPL1","Exc L6 CT",-0.0566623513473271,4.37270735323229,3.71508245014067,0.0547361592698809,0.287165360367786,0.287165360367786,"plaq_d"
"12933","NPEPL1","Exc L6 CT",0.00777615653526339,4.01816784290712,0.0474715462468952,0.827650502653387,0.964685218129143,0.964685218129143,"plaq_d"
"12934","GNAS","Exc L6 CT",0.0738241856936502,8.21464184315815,21.3719855086327,5.33766301388401e-06,0.000883229847676715,0.000883229847676715,"plaq_d"
"12935","NELFCD","Exc L6 CT",-0.0386771860704733,4.76772312119968,3.10751747845705,0.0788088609419355,0.344850809210765,0.344850809210765,"plaq_d"
"12936","CTSZ","Exc L6 CT",-0.0448393177738514,3.6400220591168,1.48290948192307,0.229913301868759,0.573428949012935,0.573428949012935,"plaq_d"
"12937","ATP5F1E","Exc L6 CT",-0.0547479808568859,4.34463159175856,2.74567916835908,0.0984183535828465,0.384910180302322,0.384910180302322,"plaq_d"
"12938","PRELID3B","Exc L6 CT",0.129528924756745,2.57561046433703,7.19865492837252,0.00764396721830858,0.0979411774782823,0.0979411774782823,"plaq_d"
"12939","ZNF831","Exc L6 CT",0.0017550911505215,5.50002377917205,0.0067341742942753,0.934644550047282,0.995676697651708,0.995676697651708,"plaq_d"
"12940","PHACTR3","Exc L6 CT",0.000422939346796093,5.92868518876435,0.000514959977884467,0.981908373865806,0.999571689696322,0.999571689696322,"plaq_d"
"12941","SYCP2","Exc L6 CT",-0.111992970430997,3.1109599631982,4.52454922682517,0.0341143997535567,0.2238040587113,0.2238040587113,"plaq_d"
"12942","FAM217B","Exc L6 CT",0.0485999069832738,6.00080392824266,7.64070617670308,0.00601015723547146,0.0870444905048764,0.0870444905048764,"plaq_d"
"12943","CDH26","Exc L6 CT",0.012727754775809,3.75423515529291,0.136919871899072,0.841366885912279,0.969513185327633,0.969513185327633,"plaq_d"
"12944","MIR646HG","Exc L6 CT",-0.0282511702392417,7.14312378242899,0.363051803554859,0.547208402731809,0.830533702237968,0.830533702237968,"plaq_d"
"12945","CDH4","Exc L6 CT",-0.021448213479807,6.36852603865013,0.83300818771897,0.36203560988529,0.70269174058361,0.70269174058361,"plaq_d"
"12946","TAF4","Exc L6 CT",-0.00610375549655446,5.00783087653329,0.0827198330019346,0.843429974452288,0.970584965005207,0.970584965005207,"plaq_d"
"12947","LSM14B","Exc L6 CT",0.0276467532602234,4.04622711220172,1.14036885052873,0.286314199774466,0.632757018721709,0.632757018721709,"plaq_d"
"12948","PSMA7","Exc L6 CT",-0.0137598422592044,4.85277929635303,0.36696206521832,0.619422154396438,0.87102638321245,0.87102638321245,"plaq_d"
"12949","SS18L1","Exc L6 CT",0.0349949760828332,5.43611830461177,3.98963745423809,0.046558645863811,0.263777357676279,0.263777357676279,"plaq_d"
"12950","MTG2","Exc L6 CT",-0.00405072072760466,5.1836412858664,0.0411181755642449,0.839428419198569,0.968845628379909,0.968845628379909,"plaq_d"
"12951","OSBPL2","Exc L6 CT",0.00562651789021702,4.33008777003634,0.0433554294879207,0.914905112651735,0.990671229916087,0.990671229916087,"plaq_d"
"12952","ADRM1","Exc L6 CT",-0.0212684963961646,3.06702564159881,0.244964786067211,0.620955217508681,0.871613817400055,0.871613817400055,"plaq_d"
"12953","LAMA5","Exc L6 CT",0.0208434004177351,2.79600922369902,0.177505389113744,0.673785847584355,0.895548968504857,0.895548968504857,"plaq_d"
"12954","RPS21","Exc L6 CT",-0.00305282162298062,3.26261933688763,0.00502440867251475,0.960914157577112,0.998742420766286,0.998742420766286,"plaq_d"
"12955","CABLES2","Exc L6 CT",-0.0160736435601889,3.22737817736539,0.149410124526555,0.699335804643017,0.908619947528524,0.908619947528524,"plaq_d"
"12956","SLCO4A1","Exc L6 CT",0.00423845052697705,3.39444128591253,0.00959634746047362,0.922019668238983,0.992627684679289,0.992627684679289,"plaq_d"
"12957","NTSR1","Exc L6 CT",-0.0713401998894027,2.85723326498325,1.44015208316264,0.230930590367684,0.574602097020503,0.574602097020503,"plaq_d"
"12958","MRGBP","Exc L6 CT",-0.000620382964467509,3.5016622373879,0.000288577081117365,0.986456272220263,0.999571689696322,0.999571689696322,"plaq_d"
"12959","OGFR","Exc L6 CT",-0.025930891345706,5.70105031595361,1.74991307775333,0.186755759616574,0.519724708184845,0.519724708184845,"plaq_d"
"12960","TCFL5","Exc L6 CT",0.00315830975392008,3.64960383822743,0.00830470582922213,0.927441571154492,0.993953237598858,0.993953237598858,"plaq_d"
"12961","DIDO1","Exc L6 CT",-0.00174137023646268,6.00255697166076,0.0148432253574352,0.90310173642684,0.988833782863933,0.988833782863933,"plaq_d"
"12962","GID8","Exc L6 CT",0.004384967173593,4.95056762118795,0.0469119682721765,0.959185187529398,0.998742420766286,0.998742420766286,"plaq_d"
"12963","YTHDF1","Exc L6 CT",-0.00416845055764048,4.48760651470694,0.0275975627314528,0.970885333524887,0.998742420766286,0.998742420766286,"plaq_d"
"12964","ARFGAP1","Exc L6 CT",-0.0372695732972998,4.85704387837335,3.0021305039517,0.0840405323071384,0.355002201611962,0.355002201611962,"plaq_d"
"12965","CHRNA4","Exc L6 CT",0.00391908303024964,3.97102473984822,0.0165812864877424,0.95788532821217,0.998742420766286,0.998742420766286,"plaq_d"
"12966","KCNQ2","Exc L6 CT",-0.0253586293684918,7.18696434467993,3.76811448590302,0.0530450737094452,0.283985452257781,0.283985452257781,"plaq_d"
"12967","EEF1A2","Exc L6 CT",0.042986704315495,6.21431192620985,2.24322950779589,0.135106390839203,0.448086222867962,0.448086222867962,"plaq_d"
"12968","PPDPF","Exc L6 CT",0.0184794339436623,4.76960724137911,0.482725613435922,0.487653661186471,0.794740243710976,0.794740243710976,"plaq_d"
"12969","GMEB2","Exc L6 CT",-0.0831577343939893,3.73935861009716,6.77740767482485,0.00962683013808504,0.112948530291664,0.112948530291664,"plaq_d"
"12970","MHENCR","Exc L6 CT",-0.0234097369643694,3.43529354492674,0.409015768944782,0.731082980599729,0.924288775313587,0.924288775313587,"plaq_d"
"12971","STMN3","Exc L6 CT",0.0207992893765924,6.68719682279649,2.0578626096586,0.152319940026823,0.473677881932845,0.473677881932845,"plaq_d"
"12972","ARFRP1","Exc L6 CT",-0.0622637008514944,4.23983530964002,4.90057208716709,0.0274953898993873,0.199507879532046,0.199507879532046,"plaq_d"
"12973","SLC2A4RG","Exc L6 CT",-0.035873227630434,3.4827274306837,0.705496397770412,0.401519310870588,0.734011654966518,0.734011654966518,"plaq_d"
"12974","ZBTB46","Exc L6 CT",-0.02339435231728,6.18746406849935,1.85440035007295,0.174152873119092,0.502325137532048,0.502325137532048,"plaq_d"
"12975","TPD52L2","Exc L6 CT",-0.0277459233651577,5.47456944771699,2.02731754278719,0.155388559802655,0.47709518500253,0.47709518500253,"plaq_d"
"12976","DNAJC5","Exc L6 CT",0.0236938478865197,6.46031797354678,2.98716262564839,0.0848136210031866,0.357324228259255,0.357324228259255,"plaq_d"
"12977","UCKL1","Exc L6 CT",-0.00258818867166434,3.59205342604514,0.00463774614128671,0.970050845566636,0.998742420766286,0.998742420766286,"plaq_d"
"12978","ZNF512B","Exc L6 CT",0.0223076393518601,4.13790435805994,0.672078260888861,0.412888774666888,0.743263702019992,0.743263702019992,"plaq_d"
"12979","SAMD10","Exc L6 CT",-0.0464053383186318,2.9892158607743,1.20374446286383,0.273332729816006,0.62067136510387,0.62067136510387,"plaq_d"
"12980","PRPF6","Exc L6 CT",-0.0135721923752852,5.22466126788098,0.514436915668962,0.473705295534664,0.785561736495452,0.785561736495452,"plaq_d"
"12981","TCEA2","Exc L6 CT",-0.000372602849891526,4.82413656336617,0.000286860549345466,0.986496609238448,0.999571689696322,0.999571689696322,"plaq_d"
"12982","OPRL1","Exc L6 CT",-0.0397746512409454,3.49878094907091,1.19248766737205,0.275583335406524,0.623396872487793,0.623396872487793,"plaq_d"
"12983","MYT1","Exc L6 CT",0.0422383003977755,3.56323711158317,1.25608019937303,0.263166743629751,0.60964706629243,0.60964706629243,"plaq_d"
"12984","PCMTD2","Exc L6 CT",0.0394683983505724,5.79520312393944,5.39490497356559,0.0207714662536547,0.171361620737887,0.171361620737887,"plaq_d"
"12985","LINC00266-1","Exc L6 CT",-0.0160663975299943,3.39246809503256,0.144943331784261,0.703647462288806,0.910090634312678,0.910090634312678,"plaq_d"
"12986","AC016588.2","Exc L6 CT",0.13285204078261,3.42824280957786,11.7355181021303,0.000686453611185866,0.0221077990752388,0.0221077990752388,"plaq_d"
"12987","MIER2","Exc L6 CT",0.0270376087407105,3.76751879008952,0.686147099196938,0.491849395891357,0.798050939569672,0.798050939569672,"plaq_d"
"12988","C2CD4C","Exc L6 CT",-0.0641484552775581,2.44868656586839,1.1723782199714,0.279662354674801,0.626673214891366,0.626673214891366,"plaq_d"
"12989","SHC2","Exc L6 CT",-0.0137821160795156,5.4602994919875,0.389445149312872,0.532999832391281,0.821448889269307,0.821448889269307,"plaq_d"
"12990","MADCAM1","Exc L6 CT",-0.000725336861931547,3.71430973643436,0.000360985790367187,0.984852286042341,0.999571689696322,0.999571689696322,"plaq_d"
"12991","AC005775.1","Exc L6 CT",-0.0727144857904356,2.05952572560286,1.0457287012228,0.307202795305479,0.652689915835421,0.652689915835421,"plaq_d"
"12992","TPGS1","Exc L6 CT",-0.0180681869710977,3.1215667075604,0.180425937315518,0.762852525571334,0.939598302372085,0.939598302372085,"plaq_d"
"12993","CDC34","Exc L6 CT",-0.0101505078917653,3.91455234361131,0.124052950181415,0.975494943354308,0.999093977007575,0.999093977007575,"plaq_d"
"12994","BSG","Exc L6 CT",0.0145856108973729,6.42654595237227,0.87820708861914,0.349342742921202,0.692981336193501,0.692981336193501,"plaq_d"
"12995","HCN2","Exc L6 CT",0.0168184522737819,4.80402144290595,0.573236408773833,0.515015877385978,0.811462970263719,0.811462970263719,"plaq_d"
"12996","POLRMT","Exc L6 CT",-0.0612395032997981,2.90521705656484,1.87906543919986,0.171323347139926,0.498959635906982,0.498959635906982,"plaq_d"
"12997","FGF22","Exc L6 CT",-0.114949054532469,3.17681610635821,6.97690168474663,0.00862909413147294,0.105453683460683,0.105453683460683,"plaq_d"
"12998","RNF126","Exc L6 CT",0.0296580187732738,4.46383792042794,1.35537650338308,0.245137449311435,0.590859254499192,0.590859254499192,"plaq_d"
"12999","FSTL3","Exc L6 CT",-0.00295329797325113,3.52517344347539,0.00624642525518355,0.937050717958889,0.996101534451179,0.996101534451179,"plaq_d"
"13000","PALM","Exc L6 CT",0.00444618746033844,6.17624124989406,0.0866860629563177,0.768608634430976,0.942093648468994,0.942093648468994,"plaq_d"
"13001","PTBP1","Exc L6 CT",-0.0181286605952204,4.27535368324251,0.474348009616564,0.491452285700321,0.797716439840097,0.797716439840097,"plaq_d"
"13002","PLPPR3","Exc L6 CT",0.0435335398173098,3.83934373921431,1.37158674572291,0.242340264089713,0.587546245750086,0.587546245750086,"plaq_d"
"13003","MED16","Exc L6 CT",0.103814147283197,3.49070142070602,7.17146023324279,0.00775828149583122,0.0989459441847147,0.0989459441847147,"plaq_d"
"13004","R3HDM4","Exc L6 CT",0.0177685681753093,3.23901147682886,0.199595505751889,0.655325280492474,0.887744682221667,0.887744682221667,"plaq_d"
"13005","ARID3A","Exc L6 CT",-0.0100072479061714,4.92505106719127,0.195802921717005,0.658404891042342,0.889419100977406,0.889419100977406,"plaq_d"
"13006","WDR18","Exc L6 CT",-0.0288219333075133,3.86968626912233,0.706525072623401,0.401176639474182,0.73389913789965,0.73389913789965,"plaq_d"
"13007","TMEM259","Exc L6 CT",-0.0325713337728785,5.60056756412051,2.53992022707473,0.111907689705474,0.409827502505874,0.409827502505874,"plaq_d"
"13008","ABCA7","Exc L6 CT",-0.0325295818222705,4.42424108454605,1.13224618581179,0.288034081452356,0.634875561758676,0.634875561758676,"plaq_d"
"13009","POLR2E","Exc L6 CT",0.00896918294376053,4.43545978999666,0.125945987943195,0.72288782946959,0.919344513095477,0.919344513095477,"plaq_d"
"13010","GPX4","Exc L6 CT",0.0173322363180629,5.10595400341853,0.548834995191235,0.459293398625166,0.775898728996668,0.775898728996668,"plaq_d"
"13011","SBNO2","Exc L6 CT",-0.0619013443735509,3.14279942391855,2.21818558872206,0.137298451804191,0.451266783601174,0.451266783601174,"plaq_d"
"13012","STK11","Exc L6 CT",-0.000700817888772283,4.51418858833218,0.000915026486393033,0.9758854778611,0.999093977007575,0.999093977007575,"plaq_d"
"13013","CBARP","Exc L6 CT",-0.0898546562402422,3.38835815326703,4.31867231605528,0.0384284427545945,0.237635679508222,0.237635679508222,"plaq_d"
"13014","ATP5F1D","Exc L6 CT",-0.0384419967520575,4.68347248082361,2.27023123516141,0.132786894419857,0.444504771168353,0.444504771168353,"plaq_d"
"13015","MIDN","Exc L6 CT",-0.111068880679103,3.02440153707713,4.52261282371591,0.0341525144740406,0.2238040587113,0.2238040587113,"plaq_d"
"13016","CIRBP","Exc L6 CT",-0.128333381667744,6.0203146303319,42.6940447610818,2.2744906692024e-10,4.67765252483397e-07,4.67765252483397e-07,"plaq_d"
"13017","C19orf24","Exc L6 CT",-0.0255121752387335,2.53909781103134,0.23040356200744,0.631526142318465,0.876867380229468,0.876867380229468,"plaq_d"
"13018","MUM1","Exc L6 CT",-0.0260011981335087,5.84365086801305,2.0764731358556,0.150484098189882,0.470538791430605,0.470538791430605,"plaq_d"
"13019","NDUFS7","Exc L6 CT",-0.0236436839562075,4.67798207815384,1.04268524691162,0.307906700880684,0.652689915835421,0.652689915835421,"plaq_d"
"13020","GAMT","Exc L6 CT",-0.0518709993439923,3.79871890247921,2.34805497138214,0.126347466424109,0.434083785761285,0.434083785761285,"plaq_d"
"13021","DAZAP1","Exc L6 CT",-0.0230302718685764,5.22286171037793,1.48416363379816,0.223949035826616,0.56392694066118,0.56392694066118,"plaq_d"
"13022","RPS15","Exc L6 CT",-0.051773152368595,5.95616306986917,4.19397196667598,0.0413176517555027,0.246808678287227,0.246808678287227,"plaq_d"
"13023","APC2","Exc L6 CT",0.0488944118244468,5.96748022906091,10.1235037017105,0.00159557646889668,0.0379668080103084,0.0379668080103084,"plaq_d"
"13024","C19orf25","Exc L6 CT",-0.042413004359913,4.63450958752706,2.87192919563071,0.0910308542859131,0.370899272935605,0.370899272935605,"plaq_d"
"13025","PCSK4","Exc L6 CT",-0.0689053327531455,2.86582264990902,1.96007973288209,0.162395157182395,0.48708911624913,0.48708911624913,"plaq_d"
"13026","PLK5","Exc L6 CT",0.0452578453286814,2.45572844590957,0.544466177523578,0.461084653164207,0.776394701225957,0.776394701225957,"plaq_d"
"13027","MBD3","Exc L6 CT",0.027989693469518,4.041371532207,0.850033828752319,0.357181142777991,0.699691178900859,0.699691178900859,"plaq_d"
"13028","TCF3","Exc L6 CT",0.00652723122125734,3.16238951436615,0.0236504143445679,0.891598039886101,0.985371210056833,0.985371210056833,"plaq_d"
"13029","REXO1","Exc L6 CT",0.0258767316288742,4.18078322778314,0.861403444041314,0.404139150493453,0.736220147619231,0.736220147619231,"plaq_d"
"13030","KLF16","Exc L6 CT",0.00486876873218991,3.22192481552673,0.0135349777097911,0.924096410081861,0.993227707894465,0.993227707894465,"plaq_d"
"13031","AC012615.1","Exc L6 CT",0.0218968540707426,2.7980468337895,0.206248316568144,0.764465041226629,0.940058112622829,0.940058112622829,"plaq_d"
"13032","ABHD17A","Exc L6 CT",0.00857714335220083,5.07287075146385,0.156688373766261,0.791077422440759,0.951964438139026,0.951964438139026,"plaq_d"
"13033","SCAMP4","Exc L6 CT",0.0104234344651288,4.35906968457011,0.151720662742429,0.697134547917904,0.907657268301075,0.907657268301075,"plaq_d"
"13034","CSNK1G2","Exc L6 CT",-0.000656276214514174,4.76993769130639,0.000798478060115939,0.977473081875137,0.999093977007575,0.999093977007575,"plaq_d"
"13035","BTBD2","Exc L6 CT",0.00691251531613597,5.69928307938804,0.161438334852365,0.727970355102899,0.921873788886465,0.921873788886465,"plaq_d"
"13036","MKNK2","Exc L6 CT",-0.020029675597739,3.51237852072366,0.261345735158964,0.60952112483556,0.865778600210431,0.865778600210431,"plaq_d"
"13037","MOB3A","Exc L6 CT",-0.073208338981066,4.44134405546623,8.45053872392719,0.00388314466826546,0.0674327510788293,0.0674327510788293,"plaq_d"
"13038","IZUMO4","Exc L6 CT",-0.00624306353684168,2.63177317891,0.0133405385490392,0.908114410184266,0.989420650042586,0.989420650042586,"plaq_d"
"13039","AP3D1","Exc L6 CT",0.0167217651743263,5.83438612996354,1.00492401748641,0.316818095795243,0.661481262809038,0.661481262809038,"plaq_d"
"13040","DOT1L","Exc L6 CT",-0.0200022529503594,4.22877879561857,0.484241000148097,0.516507672382301,0.812168025449776,0.812168025449776,"plaq_d"
"13041","PLEKHJ1","Exc L6 CT",-0.0300210931235341,3.81175390329415,0.802101579539207,0.371084483273358,0.710346485926012,0.710346485926012,"plaq_d"
"13042","SF3A2","Exc L6 CT",0.0181560932049741,3.86749738360467,0.372141012046666,0.542237447710682,0.828340294560607,0.828340294560607,"plaq_d"
"13043","AMH","Exc L6 CT",-0.0779539500305483,2.19265835201698,0.977180086414916,0.323582405267132,0.668047082493279,0.668047082493279,"plaq_d"
"13044","AC005258.1","Exc L6 CT",-0.196920691237965,2.1465780184071,6.21350192521244,0.0131420337556217,0.133894350987919,0.133894350987919,"plaq_d"
"13045","LSM7","Exc L6 CT",-0.0614938002079214,3.72897251119743,3.61301812312325,0.065977994420041,0.315000289870259,0.315000289870259,"plaq_d"
"13046","SPPL2B","Exc L6 CT",-0.0189199821703192,4.85757622536376,0.758734073737152,0.479742930122406,0.789438253489571,0.789438253489571,"plaq_d"
"13047","TMPRSS9","Exc L6 CT",-0.0804484955183252,2.11436195071598,1.17856439233317,0.278399472611165,0.626283530549105,0.626283530549105,"plaq_d"
"13048","TIMM13","Exc L6 CT",-0.0415413967601461,3.55851183602588,1.31055076811587,0.253081247025445,0.600459646957798,0.600459646957798,"plaq_d"
"13049","LMNB2","Exc L6 CT",0.0661100207151946,3.44797134333049,3.12247561320646,0.0780953351392002,0.34360038039851,0.34360038039851,"plaq_d"
"13050","GADD45B","Exc L6 CT",0.0353807372825645,2.4270474854903,0.300315739407943,0.584035685965178,0.852322430026867,0.852322430026867,"plaq_d"
"13051","GNG7","Exc L6 CT",-0.0283011288506479,6.81071690437931,2.33874401611217,0.127099185733275,0.434922718758314,0.434922718758314,"plaq_d"
"13052","DIRAS1","Exc L6 CT",0.0362566719050745,4.9551781675884,2.63159350326134,0.105661583061125,0.398821224370202,0.398821224370202,"plaq_d"
"13053","AC006538.2","Exc L6 CT",0.0544130322319709,1.99848390223054,0.616401624655557,0.432921476053163,0.757683990067688,0.757683990067688,"plaq_d"
"13054","SGTA","Exc L6 CT",0.0189924917355652,4.72585787832938,0.581647867443437,0.446183476655248,0.767047686879503,0.767047686879503,"plaq_d"
"13055","THOP1","Exc L6 CT",-0.0146028533027761,4.91039969189937,0.523435457817584,0.46986562260148,0.783067016762799,0.783067016762799,"plaq_d"
"13056","ZNF554","Exc L6 CT",-0.004762553872958,3.03619636050603,0.0123045771525296,0.999306244412293,0.999906738276838,0.999906738276838,"plaq_d"
"13057","ZNF555","Exc L6 CT",-0.0177758899768191,3.65523445092591,0.236500254456003,0.627051248832432,0.875295037384805,0.875295037384805,"plaq_d"
"13058","AC119403.1","Exc L6 CT",-0.085294457247918,2.94099066318694,3.1609543098911,0.0762917266482404,0.340134932433592,0.340134932433592,"plaq_d"
"13059","ZNF77","Exc L6 CT",-0.118466327481469,2.48912222097852,4.38943447180011,0.0368843192927456,0.232753429758938,0.232753429758938,"plaq_d"
"13060","AES","Exc L6 CT",0.054019295492582,6.43629894034154,12.5575462097065,0.000448429180789124,0.0164496310068207,0.0164496310068207,"plaq_d"
"13061","GNA11","Exc L6 CT",-0.0269456495434962,5.05347506109112,1.78411651640282,0.183801015846223,0.514485596757189,0.514485596757189,"plaq_d"
"13062","NCLN","Exc L6 CT",-0.0615552332604906,4.8191117137261,7.85631180184785,0.00534791320434002,0.0807854758548572,0.0807854758548572,"plaq_d"
"13063","CELF5","Exc L6 CT",0.00278892393465466,7.51956388459576,0.0451572472291592,0.831839493665392,0.96704282002414,0.96704282002414,"plaq_d"
"13064","NFIC","Exc L6 CT",0.0274910396436687,7.0138627783574,3.30289816359228,0.0700171594977847,0.324105153739585,0.324105153739585,"plaq_d"
"13065","DOHH","Exc L6 CT",-0.0074201513373546,3.26903288590006,0.0413043077823071,0.839070373747703,0.968820749155593,0.968820749155593,"plaq_d"
"13066","FZR1","Exc L6 CT",-0.0378077135801365,4.55658102491567,2.51421127781985,0.113731783300208,0.412829740895056,0.412829740895056,"plaq_d"
"13067","MFSD12","Exc L6 CT",-0.0789125475345476,4.10103838132265,8.96976025974378,0.00294135719067828,0.0566851112677437,0.0566851112677437,"plaq_d"
"13068","C19orf71","Exc L6 CT",-0.0536658069487562,2.70636342699795,0.981212654746596,0.32258744813866,0.667456552513787,0.667456552513787,"plaq_d"
"13069","AC005786.3","Exc L6 CT",-0.0251010939474417,3.32497853787035,0.358840768153125,0.549540278190721,0.831593351697929,0.831593351697929,"plaq_d"
"13070","CACTIN","Exc L6 CT",0.0134346654944569,3.18201282012627,0.0994951068952356,0.752625330919458,0.934948988104575,0.934948988104575,"plaq_d"
"13071","PIP5K1C","Exc L6 CT",-0.00193477305890827,5.64547301264296,0.0142030735146028,0.938633624046427,0.996355231659959,0.996355231659959,"plaq_d"
"13072","APBA3","Exc L6 CT",-0.0475387210621512,3.0942597477057,1.28397295545493,0.257941250670153,0.605334923228512,0.605334923228512,"plaq_d"
"13073","MRPL54","Exc L6 CT",-0.0375728350669221,2.78018401060809,0.522216753833526,0.470382689873877,0.783155100808627,0.783155100808627,"plaq_d"
"13074","MATK","Exc L6 CT",-0.0111005352239472,5.31424064132317,0.307962634712144,0.820182415942891,0.963471730715125,0.963471730715125,"plaq_d"
"13075","ZFR2","Exc L6 CT",-0.0159012298340769,6.81698096891402,1.52485048241357,0.217719573650957,0.557463839173314,0.557463839173314,"plaq_d"
"13076","ATCAY","Exc L6 CT",0.0151253485708139,7.31555876532256,1.64756036603841,0.20014485121115,0.535953362729859,0.535953362729859,"plaq_d"
"13077","DAPK3","Exc L6 CT",-0.0313982506513414,4.2096901682687,1.20720846238203,0.27264481814482,0.619867573940516,0.619867573940516,"plaq_d"
"13078","EEF2","Exc L6 CT",0.0611617770806526,5.6832022802033,11.1994600462024,0.000907515377280271,0.0262152528096006,0.0262152528096006,"plaq_d"
"13079","PIAS4","Exc L6 CT",0.0227027974390327,4.65586123416667,0.906457978449536,0.341716390153434,0.685719145894736,0.685719145894736,"plaq_d"
"13080","ZBTB7A","Exc L6 CT",0.0473478799720354,6.35325599229189,9.07772107128429,0.00277685974538129,0.0545370707974203,0.0545370707974203,"plaq_d"
"13081","MAP2K2","Exc L6 CT",0.01193514882395,5.19048722879551,0.379858561741883,0.538081656820476,0.824943933076419,0.824943933076419,"plaq_d"
"13082","CREB3L3","Exc L6 CT",0.0327184876399611,2.47924213341832,0.304832128889675,0.581223044132654,0.851041833586362,0.851041833586362,"plaq_d"
"13083","SIRT6","Exc L6 CT",0.0106069667762263,3.96862194126669,0.0996379903488286,0.752453601818116,0.934948988104575,0.934948988104575,"plaq_d"
"13084","ANKRD24","Exc L6 CT",-0.0170541139062005,6.14791301959162,0.86337742821755,0.353438959742706,0.696523923950171,0.696523923950171,"plaq_d"
"13085","EBI3","Exc L6 CT",-0.0198597372062469,1.56358774197464,0.0318777195786206,0.858400132994497,0.975511864529127,0.975511864529127,"plaq_d"
"13086","YJU2","Exc L6 CT",-0.0264691192871576,3.31466316883626,0.468062997618245,0.494334704450574,0.799151308845645,0.799151308845645,"plaq_d"
"13087","FSD1","Exc L6 CT",0.0409975060435723,5.52337394328615,4.83677733005435,0.0285158461211966,0.20270230903961,0.20270230903961,"plaq_d"
"13088","STAP2","Exc L6 CT",-0.146768945493745,2.20991060827834,4.69888855399497,0.0308592526071321,0.211749189958186,0.211749189958186,"plaq_d"
"13089","MPND","Exc L6 CT",0.0053524321297265,2.64471273407475,0.0110277773243749,0.916425780853535,0.990889533773754,0.990889533773754,"plaq_d"
"13090","SH3GL1","Exc L6 CT",0.00436567070216176,5.4687318983401,0.0598671283102041,0.938239790177567,0.996248409160424,0.996248409160424,"plaq_d"
"13091","CHAF1A","Exc L6 CT",-0.0586728894453622,3.20778352997799,1.95516128385756,0.162921712103053,0.487816340980773,0.487816340980773,"plaq_d"
"13092","UBXN6","Exc L6 CT",0.0389297409413513,4.72869976161946,2.48974172777367,0.115498550711768,0.416087162325362,0.416087162325362,"plaq_d"
"13093","AC011498.1","Exc L6 CT",-0.0625860086342134,2.12812096834668,0.758539639921265,0.384385992489666,0.719102865569962,0.719102865569962,"plaq_d"
"13094","HDGFL2","Exc L6 CT",0.00468974670602234,4.80756053450256,0.0482427026122884,0.855937749448138,0.975107136969453,0.975107136969453,"plaq_d"
"13095","SEMA6B","Exc L6 CT",0.0246752303984403,5.41406071971694,2.04328808038717,0.153775438274523,0.475001697369973,0.475001697369973,"plaq_d"
"13096","TNFAIP8L1","Exc L6 CT",0.00620146326521222,3.53294172387316,0.0287220303352828,0.865520859551209,0.977537012120007,0.977537012120007,"plaq_d"
"13097","MYDGF","Exc L6 CT",0.0291616830025278,3.88279006658008,0.864199649600826,0.355218918449009,0.698120348121766,0.698120348121766,"plaq_d"
"13098","DPP9","Exc L6 CT",0.0385266777539251,4.68763346800097,3.41217626827343,0.0655652139731697,0.314151205398468,0.314151205398468,"plaq_d"
"13099","MIR7-3HG","Exc L6 CT",-0.0411461763545645,3.83461654967383,1.13479053435001,0.287493931475995,0.634195929746923,0.634195929746923,"plaq_d"
"13100","FEM1A","Exc L6 CT",-0.00243089916095544,3.18178074154804,0.00373985167719129,0.951271389626671,0.99802142424354,0.99802142424354,"plaq_d"
"13101","TICAM1","Exc L6 CT",-0.00628171212734908,3.17217992237633,0.0262010369126527,0.881108062502849,0.983136852254767,0.983136852254767,"plaq_d"
"13102","KDM4B","Exc L6 CT",-0.0232561988750984,6.16697104644578,2.32112269077419,0.142769882075401,0.459081577060387,0.459081577060387,"plaq_d"
"13103","PTPRS","Exc L6 CT",-0.0557228667493633,6.3386144223795,11.2470189092693,0.000885269438520054,0.0257982567549285,0.0257982567549285,"plaq_d"
"13104","TINCR","Exc L6 CT",-0.0426727343075323,3.10514237810062,1.02753674356769,0.31144176943659,0.655986365603914,0.655986365603914,"plaq_d"
"13105","SAFB2","Exc L6 CT",0.00445880356274969,5.88252642757946,0.0816190344233592,0.775285095332888,0.945367121159771,0.945367121159771,"plaq_d"
"13106","SAFB","Exc L6 CT",-0.00439537256892415,5.68138635520056,0.0788437717762835,0.879520416791648,0.982442775318793,0.982442775318793,"plaq_d"
"13107","RPL36","Exc L6 CT",-0.0471268550074358,4.64200975850448,2.17220157627739,0.141428397007502,0.45740472157549,0.45740472157549,"plaq_d"
"13108","C19orf70","Exc L6 CT",-0.0690071509048349,3.48559034145054,3.06971342722482,0.0806438032427324,0.349080729400452,0.349080729400452,"plaq_d"
"13109","LONP1","Exc L6 CT",0.00156367141742987,4.94730202888925,0.00433312424944741,0.947553759014812,0.997964805243233,0.997964805243233,"plaq_d"
"13110","CATSPERD","Exc L6 CT",-0.0971888758858199,1.74567176073779,1.20347239252826,0.273386852328677,0.62067136510387,0.62067136510387,"plaq_d"
"13111","PRR22","Exc L6 CT",-0.134366499457683,2.15354701991847,3.69671197719335,0.0553352637174042,0.289569776981371,0.289569776981371,"plaq_d"
"13112","DUS3L","Exc L6 CT",-0.034508056224548,2.54860265719869,0.355462842859132,0.551424300416176,0.832456399831299,0.832456399831299,"plaq_d"
"13113","CAPS","Exc L6 CT",-0.0779728406477316,2.18858053362842,1.26156801461477,0.262128319107924,0.60903797318878,0.60903797318878,"plaq_d"
"13114","RANBP3","Exc L6 CT",-0.0429604649352893,4.58615925079035,3.20661869057869,0.07420945901328,0.333954164412372,0.333954164412372,"plaq_d"
"13115","AC011444.1","Exc L6 CT",-0.0883318589064204,2.15949912921373,1.69310055994579,0.194053088349907,0.527988709107024,0.527988709107024,"plaq_d"
"13116","RFX2","Exc L6 CT",-0.0594573265101629,4.24970923890393,4.17953746641217,0.041666589140884,0.247659875009152,0.247659875009152,"plaq_d"
"13117","MLLT1","Exc L6 CT",0.0360701370772794,4.5994832386088,2.5860098371277,0.108717941831044,0.405551894549292,0.405551894549292,"plaq_d"
"13118","CLPP","Exc L6 CT",0.0075902157360021,3.40190052216562,0.0389285482487683,0.906027304925016,0.989243009609445,0.989243009609445,"plaq_d"
"13119","ALKBH7","Exc L6 CT",-0.0406117523372291,2.53329684321285,0.538435832422366,0.463575474723376,0.778159269284318,0.778159269284318,"plaq_d"
"13120","PSPN","Exc L6 CT",0.122694273684369,2.05148971582636,3.24235384632044,0.0726227150154212,0.330428762756638,0.330428762756638,"plaq_d"
"13121","GTF2F1","Exc L6 CT",0.0421412299165249,4.16353716872635,2.2014368186484,0.138786766894031,0.453482785679449,0.453482785679449,"plaq_d"
"13122","KHSRP","Exc L6 CT",0.0496909134240747,5.0922431174926,6.10683012878594,0.0139439818824998,0.138058846754104,0.138058846754104,"plaq_d"
"13123","SLC25A41","Exc L6 CT",-0.00721237160306162,3.90538214620646,0.0442083654053753,0.833589406735352,0.96728960782902,0.96728960782902,"plaq_d"
"13124","SLC25A23","Exc L6 CT",0.0263124082744204,5.61196101786262,2.05070455360169,0.153032817908843,0.474411678527541,0.474411678527541,"plaq_d"
"13125","TUBB4A","Exc L6 CT",0.0719691211157296,5.95883163150291,10.3122090093172,0.00144465060445402,0.0353093210555518,0.0353093210555518,"plaq_d"
"13126","VAV1","Exc L6 CT",0.0669196657207329,1.73116318681773,0.672823527484514,0.412630084066273,0.743077608813294,0.743077608813294,"plaq_d"
"13127","ZNF557","Exc L6 CT",-0.0778973546852046,3.85954775104005,7.1385783146069,0.00789885214861518,0.100098481981923,0.100098481981923,"plaq_d"
"13128","INSR","Exc L6 CT",-0.0201218527111538,7.23304495837496,3.06742587425643,0.0807563113232709,0.349411434761033,0.349411434761033,"plaq_d"
"13129","ZNF358","Exc L6 CT",0.020852380059482,3.76268603813195,0.365886095457311,0.557735322860814,0.836632704615315,0.836632704615315,"plaq_d"
"13130","MCOLN1","Exc L6 CT",0.033886421035669,3.59796985687628,0.85550995098231,0.355638824094603,0.698227395366595,0.698227395366595,"plaq_d"
"13131","PNPLA6","Exc L6 CT",0.014680507705092,5.13895387464248,0.537893751368191,0.581248934310485,0.851041833586362,0.851041833586362,"plaq_d"
"13132","CAMSAP3","Exc L6 CT",-0.00953307967155035,4.15910922098369,0.11309643270144,0.73684863283322,0.92740627017547,0.92740627017547,"plaq_d"
"13133","XAB2","Exc L6 CT",-0.0252761743545124,3.02858322045799,0.371614037170802,0.594889752345198,0.858224225105747,0.858224225105747,"plaq_d"
"13134","TRAPPC5","Exc L6 CT",0.0902510544329431,2.36443498694462,2.47340641273457,0.116694924790488,0.417272761372048,0.417272761372048,"plaq_d"
"13135","EVI5L","Exc L6 CT",-0.0066927272094147,5.36445803937506,0.113615931744591,0.736267495137771,0.92699902571308,0.92699902571308,"plaq_d"
"13136","PRR36","Exc L6 CT",0.0139452741120552,4.16804659875998,0.204985109830116,0.65100871336371,0.885163226792997,0.885163226792997,"plaq_d"
"13137","MAP2K7","Exc L6 CT",-0.0314177943201947,5.06083824957746,2.04106454916318,0.153998881652212,0.475001697369973,0.475001697369973,"plaq_d"
"13138","TGFBR3L","Exc L6 CT",-0.0562485292515749,3.36492013294401,1.88081097339602,0.171125121288092,0.498687701632263,0.498687701632263,"plaq_d"
"13139","SNAPC2","Exc L6 CT",-0.0150253925315472,2.83036840575579,0.0902984102429001,0.805307118264881,0.957062182018748,0.957062182018748,"plaq_d"
"13140","CTXN1","Exc L6 CT",0.0215050984454495,5.24382325723311,0.619322060959452,0.431834630852059,0.756970577957031,0.756970577957031,"plaq_d"
"13141","TIMM44","Exc L6 CT",-0.0378565160978707,4.57992137860306,2.04927775267331,0.153175367614504,0.474728222212788,0.474728222212788,"plaq_d"
"13142","ELAVL1","Exc L6 CT",0.0166445871926929,5.67004897505164,1.074553531947,0.300638517283217,0.647273064068988,0.647273064068988,"plaq_d"
"13143","AC008946.1","Exc L6 CT",-0.0589014435198469,2.49282595407743,1.12176726046529,0.309811043949269,0.653868903195086,0.653868903195086,"plaq_d"
"13144","CERS4","Exc L6 CT",-0.0385640821977838,6.80644725500792,5.84383510124155,0.0161448088324852,0.150239604364872,0.150239604364872,"plaq_d"
"13145","AC022146.2","Exc L6 CT",-0.0772049101275945,4.05991217394244,4.70325333235461,0.0307820636411874,0.21143178940856,0.21143178940856,"plaq_d"
"13146","CD320","Exc L6 CT",-0.0261533258572386,3.60842286909088,0.488776809990884,0.484940180273373,0.793132097184277,0.793132097184277,"plaq_d"
"13147","RPS28","Exc L6 CT",-0.0155882561229657,4.14709784771047,0.266250075242715,0.743982138062914,0.930850587480767,0.930850587480767,"plaq_d"
"13148","RAB11B-AS1","Exc L6 CT",-0.0155160682908295,1.95645170671441,0.0468847181290775,0.868012453515553,0.978382969058089,0.978382969058089,"plaq_d"
"13149","RAB11B","Exc L6 CT",0.0727684581056624,5.17135143992749,12.3578341241071,0.000497178334471553,0.0176725414890184,0.0176725414890184,"plaq_d"
"13150","MARCH2","Exc L6 CT",0.0142204777944969,4.43943638752338,0.320174475930931,0.664009295846358,0.892121122072251,0.892121122072251,"plaq_d"
"13151","HNRNPM","Exc L6 CT",0.00249019179331881,6.06300739975064,0.0290555569857572,0.889082584481993,0.984859409526221,0.984859409526221,"plaq_d"
"13152","ZNF414","Exc L6 CT",0.00322065801515524,2.8636413330407,0.00490090872622744,0.951469488609083,0.99802142424354,0.99802142424354,"plaq_d"
"13153","MYO1F","Exc L6 CT",-0.0488070387913694,2.28278277717107,0.630009715814082,0.442251964579268,0.764029675036979,0.764029675036979,"plaq_d"
"13154","ADAMTS10","Exc L6 CT",0.00770517449261703,5.75224315099772,0.196596558955759,0.694531732799342,0.906069671534148,0.906069671534148,"plaq_d"
"13155","ZNF558","Exc L6 CT",0.0746709966742871,3.17454291629123,3.42219053735315,0.0651727054945435,0.313707663132562,0.313707663132562,"plaq_d"
"13156","ZNF317","Exc L6 CT",-0.0187902107790985,3.36843742299966,0.267408702289423,0.605403676071718,0.863422956283778,0.863422956283778,"plaq_d"
"13157","ZNF699","Exc L6 CT",-0.100289204902113,3.24835199967424,5.51967449548216,0.0193618589475935,0.164638701364179,0.164638701364179,"plaq_d"
"13158","ZNF559-ZNF177","Exc L6 CT",-0.00842173376570459,4.4120451817996,0.0806237538744446,0.77662265881246,0.945956493465114,0.945956493465114,"plaq_d"
"13159","ZNF266","Exc L6 CT",-0.0730420511675069,4.20520117596887,6.53040926299023,0.0110288911272145,0.122132243590292,0.122132243590292,"plaq_d"
"13160","ZNF426","Exc L6 CT",0.00751884473525205,3.77932302609483,0.0597128533060481,0.807094292927367,0.958070437365795,0.958070437365795,"plaq_d"
"13161","ZNF121","Exc L6 CT",-0.0442253415191152,4.2231162030552,2.89156452279939,0.0899373155262729,0.367823180203473,0.367823180203473,"plaq_d"
"13162","ZNF561","Exc L6 CT",-0.0532361392513981,3.82279139986205,2.83199074182572,0.0933001366607056,0.375522661727656,0.375522661727656,"plaq_d"
"13163","ZNF562","Exc L6 CT",0.0239141839444393,5.21870443777532,1.54852920228332,0.238939560277762,0.584101529930151,0.584101529930151,"plaq_d"
"13164","ZNF846","Exc L6 CT",-0.048429970623968,5.38267175479895,5.54083846241136,0.0191327929460547,0.163808619409456,0.163808619409456,"plaq_d"
"13165","FBXL12","Exc L6 CT",-0.0557913636464913,4.09702936394961,3.71864089296321,0.0546209106951881,0.286967611230717,0.286967611230717,"plaq_d"
"13166","UBL5","Exc L6 CT",-0.0214114380432831,3.25648680802299,0.238519007173788,0.625585239047472,0.87453147225941,0.87453147225941,"plaq_d"
"13167","PIN1","Exc L6 CT",-0.0165398918725504,5.32398456208046,0.818935148058124,0.415764817260035,0.745202733125852,0.745202733125852,"plaq_d"
"13168","OLFM2","Exc L6 CT",-0.174298739885384,1.76887541699608,1.59112230608844,0.208010271300425,0.543838972290824,0.543838972290824,"plaq_d"
"13169","C19orf66","Exc L6 CT",-0.049027670695506,4.87325964103426,4.78438053382832,0.0293835868465957,0.20569844824553,0.20569844824553,"plaq_d"
"13170","P2RY11","Exc L6 CT",-0.00456998684905511,3.05478340794447,0.00994366642827789,0.920625648291456,0.991792773539161,0.991792773539161,"plaq_d"
"13171","EIF3G","Exc L6 CT",0.0112794189906853,2.94551282639268,0.0737649105277853,0.824330822505246,0.963985585882276,0.963985585882276,"plaq_d"
"13172","DNMT1","Exc L6 CT",-0.0235967365501081,5.01519642830329,1.26780128042261,0.260955013817228,0.607981400145611,0.607981400145611,"plaq_d"
"13173","MRPL4","Exc L6 CT",-0.0259807112191249,4.51920377829657,1.21106448385606,0.279649621297103,0.626673214891366,0.626673214891366,"plaq_d"
"13174","AC011511.2","Exc L6 CT",0.0426553557836189,2.53547031311778,0.523704671354781,0.469751525379213,0.78306624506407,0.78306624506407,"plaq_d"
"13175","ICAM5","Exc L6 CT",-0.0345177483338623,4.77210883351907,1.35362975741218,0.245441215171484,0.591039332716547,0.591039332716547,"plaq_d"
"13176","ZGLP1","Exc L6 CT",-0.00488602619396839,3.66344833899297,0.018776127511662,0.891089431299498,0.985111615188725,0.985111615188725,"plaq_d"
"13177","AC011511.1","Exc L6 CT",0.0197943580343762,3.75524008923448,0.254343209546902,0.614352333171905,0.869167198807565,0.869167198807565,"plaq_d"
"13178","RAVER1","Exc L6 CT",-0.0246758325790042,2.73133201385917,0.24114213063498,0.623691777482478,0.872864237883659,0.872864237883659,"plaq_d"
"13179","TYK2","Exc L6 CT",-0.0305258616624103,4.55558595620468,1.67749049983087,0.196116307692545,0.530993109938288,0.530993109938288,"plaq_d"
"13180","CDC37","Exc L6 CT",-0.00747264406349571,5.61267488508782,0.178629660216484,0.672814421994023,0.895548968504857,0.895548968504857,"plaq_d"
"13181","PDE4A","Exc L6 CT",0.021647375549424,6.95580626200925,2.39565352476342,0.122581271377643,0.427679269700377,0.427679269700377,"plaq_d"
"13182","KEAP1","Exc L6 CT",-0.00118591456597929,3.82710005444051,0.0016434680425211,0.967686084073068,0.998742420766286,0.998742420766286,"plaq_d"
"13183","ATG4D","Exc L6 CT",-0.0114976311187493,3.85004944563914,0.138862529063094,0.709641161026858,0.912631244786729,0.912631244786729,"plaq_d"
"13184","KRI1","Exc L6 CT",0.0492634104210919,3.61135223470268,2.05730016351227,0.152375817673729,0.473677881932845,0.473677881932845,"plaq_d"
"13185","CDKN2D","Exc L6 CT",-0.00957064768745782,4.64001389415142,0.144463791160747,0.704114851338166,0.910090634312678,0.910090634312678,"plaq_d"
"13186","SLC44A2","Exc L6 CT",-0.00311838143943971,5.01464618791285,0.0206963184335092,0.885692547307437,0.984501043664535,0.984501043664535,"plaq_d"
"13187","ILF3-DT","Exc L6 CT",-0.0799951446592936,4.0468373421183,7.51927818589849,0.00641958494915091,0.0898118026510948,0.0898118026510948,"plaq_d"
"13188","ILF3","Exc L6 CT",-0.00232563178946005,5.39784626515561,0.0171792400580576,0.979756574570528,0.999396584092899,0.999396584092899,"plaq_d"
"13189","QTRT1","Exc L6 CT",-0.0548771494931034,5.61769326481368,7.63570361755407,0.00602648392819834,0.0871829448237315,0.0871829448237315,"plaq_d"
"13190","DNM2","Exc L6 CT",-0.0250623002286937,6.17962264588446,2.94715782588031,0.086918033555136,0.361258610170797,0.361258610170797,"plaq_d"
"13191","CARM1","Exc L6 CT",0.0409268522700847,5.271370897694,5.34351101309547,0.0213827443518552,0.173566579330928,0.173566579330928,"plaq_d"
"13192","YIPF2","Exc L6 CT",-0.0096385820234385,3.99396009503082,0.12016358202027,0.798153626239473,0.954257919055182,0.954257919055182,"plaq_d"
"13193","TIMM29","Exc L6 CT",-0.00650545404472829,3.87371923164931,0.0500223877390103,0.823155484921074,0.963857759141639,0.963857759141639,"plaq_d"
"13194","SMARCA4","Exc L6 CT",-0.0144910677347358,6.65757147423601,1.21715807589688,0.270680993784986,0.618110489548646,0.618110489548646,"plaq_d"
"13195","LDLR","Exc L6 CT",0.124200995474745,2.13823009396259,2.44911622575428,0.118499399622443,0.420591064340407,0.420591064340407,"plaq_d"
"13196","TSPAN16","Exc L6 CT",-0.0503368429009623,1.7215902449584,0.357554473106959,0.550256277839558,0.831593351697929,0.831593351697929,"plaq_d"
"13197","RAB3D","Exc L6 CT",-0.0196162700745189,4.32482911079635,0.514866293522274,0.473520926554316,0.785523017290055,0.785523017290055,"plaq_d"
"13198","CCDC159","Exc L6 CT",-0.0150850018790704,3.74236259367509,0.19595398872056,0.672401723201233,0.895548968504857,0.895548968504857,"plaq_d"
"13199","PLPPR2","Exc L6 CT",0.00317321085582863,5.08875936651909,0.0227383511001259,0.888188813248581,0.984859409526221,0.984859409526221,"plaq_d"
"13200","SWSAP1","Exc L6 CT",0.0423693831542702,1.72962803377368,0.242375186198606,0.622806130657905,0.87285018077796,0.87285018077796,"plaq_d"
"13201","CCDC151","Exc L6 CT",0.0740599236436755,2.51793389871019,1.73990398676697,0.190771103380014,0.524037114778383,0.524037114778383,"plaq_d"
"13202","PRKCSH","Exc L6 CT",0.00781477277232231,4.72040426491801,0.133244122866061,0.93239022646283,0.994789127707618,0.994789127707618,"plaq_d"
"13203","ELAVL3","Exc L6 CT",0.0471668801265578,7.51908669310337,14.9121742917859,0.000134275112477027,0.0076404131194438,0.0076404131194438,"plaq_d"
"13204","ECSIT","Exc L6 CT",-0.0477174445568043,5.1521916839852,6.14134204935216,0.0136791325142569,0.136563655808074,0.136563655808074,"plaq_d"
"13205","ELOF1","Exc L6 CT",-0.0100376496431789,4.05600172087842,0.123792005239687,0.725170428305466,0.920270934933488,0.920270934933488,"plaq_d"
"13206","ZNF627","Exc L6 CT",-0.0160810598606393,3.35506913334753,0.183608135234199,0.90702112083102,0.989420650042586,0.989420650042586,"plaq_d"
"13207","AC008543.1","Exc L6 CT",-0.0501047250422674,2.92396990557211,1.11693642149675,0.291311759320573,0.638741977563024,0.638741977563024,"plaq_d"
"13208","ZNF823","Exc L6 CT",-0.0577355971895257,3.74154578703072,2.77079246783097,0.0968981718517744,0.383181234731172,0.383181234731172,"plaq_d"
"13209","ZNF441","Exc L6 CT",-0.00442079032274246,3.91631057418629,0.0205460328224179,0.88610547034483,0.984501043664535,0.984501043664535,"plaq_d"
"13210","ZNF491","Exc L6 CT",-0.0618867937260517,3.08202703892731,1.69856216108006,0.193337239951379,0.527256064457913,0.527256064457913,"plaq_d"
"13211","ZNF440","Exc L6 CT",-0.0406459235860943,4.14156711064319,1.85829156032055,0.173702917782834,0.50155160437241,0.50155160437241,"plaq_d"
"13212","ZNF439","Exc L6 CT",-0.0196890728660612,5.43997778701993,0.967521219297706,0.373931974581585,0.711074192208887,0.711074192208887,"plaq_d"
"13213","ZNF69","Exc L6 CT",0.019637771302585,4.42912373705225,0.449045509916318,0.503232739506334,0.805127641468458,0.805127641468458,"plaq_d"
"13214","AC008770.2","Exc L6 CT",0.0124347181164848,2.86270202236679,0.076151236810328,0.789362809012296,0.951347690306994,0.951347690306994,"plaq_d"
"13215","ZNF844","Exc L6 CT",-0.0285642026041345,3.05259349180812,0.451284243109338,0.502171176533959,0.804689882146492,0.804689882146492,"plaq_d"
"13216","ZNF788P","Exc L6 CT",-0.00893254044826184,2.94786116661689,0.029414591687848,0.863924890400709,0.977200838310075,0.977200838310075,"plaq_d"
"13217","ZNF20","Exc L6 CT",-0.0287098963539617,2.23292982324501,0.189803477510365,0.76163886716006,0.939080343809897,0.939080343809897,"plaq_d"
"13218","ZNF136","Exc L6 CT",-0.00519702555199319,3.65891938048947,0.0204331669343349,0.886416593779725,0.984501043664535,0.984501043664535,"plaq_d"
"13219","ZNF44","Exc L6 CT",-0.0551672762198062,5.3892596973031,7.78303783708353,0.0055641486637303,0.0825788496526406,0.0825788496526406,"plaq_d"
"13220","ZNF563","Exc L6 CT",-0.0790484645282089,3.1526629503045,3.31290421025033,0.0695963155700587,0.323300599853683,0.323300599853683,"plaq_d"
"13221","AC008758.4","Exc L6 CT",-0.051400292768824,2.378467460749,0.570829616652221,0.450440214778121,0.771142505880108,0.771142505880108,"plaq_d"
"13222","AC008758.5","Exc L6 CT",0.0738454880028134,3.01109430789366,2.08329968423207,0.149817001327961,0.469781213486677,0.469781213486677,"plaq_d"
"13223","AC008758.6","Exc L6 CT",-0.0138870889737236,3.96360472205923,0.178472354314341,0.672950124817646,0.895548968504857,0.895548968504857,"plaq_d"
"13224","AC010422.6","Exc L6 CT",-0.000339179497960726,4.67894988639014,0.00019000657035714,0.989009972921392,0.999571689696322,0.999571689696322,"plaq_d"
"13225","ZNF490","Exc L6 CT",-0.0495620276665632,4.26026647115055,3.45830419137203,0.0637780184458941,0.310409342397876,0.310409342397876,"plaq_d"
"13226","ZNF791","Exc L6 CT",0.0137248045686983,5.30447750148314,0.574748627814504,0.448890884477821,0.769679987249012,0.769679987249012,"plaq_d"
"13227","MAN2B1","Exc L6 CT",-0.0435870295771991,3.85889925722287,1.72963787307527,0.189322569420627,0.522825188831642,0.522825188831642,"plaq_d"
"13228","WDR83","Exc L6 CT",-0.0128919666455426,3.48650213379461,0.121345779647891,0.72778995761805,0.921869537321493,0.921869537321493,"plaq_d"
"13229","DHPS","Exc L6 CT",-0.0406159696946181,4.08458618172237,2.056381624646,0.152467122383422,0.473859389860049,0.473859389860049,"plaq_d"
"13230","AC010422.2","Exc L6 CT",-0.0792066108524946,2.55790769595324,2.18761438009304,0.14002873581004,0.455251508744656,0.455251508744656,"plaq_d"
"13231","FBXW9","Exc L6 CT",-0.0829560878880429,2.57436304857508,2.34251978828483,0.126793748665025,0.43470416903589,0.43470416903589,"plaq_d"
"13232","TNPO2","Exc L6 CT",0.0173125683020096,5.89688201081419,1.32005385279473,0.251371007644003,0.598732135347959,0.598732135347959,"plaq_d"
"13233","TRIR","Exc L6 CT",-0.011281170880518,4.66773878897099,0.258156006210361,0.738693874747385,0.928254375311796,0.928254375311796,"plaq_d"
"13234","ASNA1","Exc L6 CT",0.0318677342282294,3.34129639731342,0.741211904097163,0.389865381514299,0.723913586002818,0.723913586002818,"plaq_d"
"13235","HOOK2","Exc L6 CT",-0.0597275672004168,5.91761717779739,8.8254278883076,0.0031769415678142,0.0590642221487932,0.0590642221487932,"plaq_d"
"13236","JUNB","Exc L6 CT",0.00882267747328067,2.64788874105734,0.00887585563213978,0.924995132785247,0.993407704701672,0.993407704701672,"plaq_d"
"13237","MAST1","Exc L6 CT",-0.00259026568633014,7.28186573513748,0.051618282016402,0.820404228457622,0.963631282552026,0.963631282552026,"plaq_d"
"13238","GCDH","Exc L6 CT",-0.0129485339501751,3.76616561047311,0.1501561141078,0.731916628455415,0.924789363440058,0.924789363440058,"plaq_d"
"13239","SYCE2","Exc L6 CT",0.0631340208456248,2.10840282704683,0.813795239793306,0.367624148713704,0.707434466633136,0.707434466633136,"plaq_d"
"13240","FARSA","Exc L6 CT",-0.0142093443037183,4.24371921310761,0.317935196029615,0.573214139275812,0.84621871330814,0.84621871330814,"plaq_d"
"13241","CALR","Exc L6 CT",-0.0656570484929612,4.31046935510063,5.07307318041404,0.024922634130019,0.188735529161364,0.188735529161364,"plaq_d"
"13242","RAD23A","Exc L6 CT",-0.00128040121909457,5.101153937611,0.00372069927208053,0.951396167946758,0.99802142424354,0.99802142424354,"plaq_d"
"13243","GADD45GIP1","Exc L6 CT",-0.00175711652336232,3.5372077093411,0.00190406740722925,0.965219869594312,0.998742420766286,0.998742420766286,"plaq_d"
"13244","NFIX","Exc L6 CT",0.0437675261337396,7.56357990922681,16.5254262505712,5.93843869448462e-05,0.00452326790718522,0.00452326790718522,"plaq_d"
"13245","TRMT1","Exc L6 CT",-0.0566648181601814,4.44223868569123,4.82159580057657,0.0287644730855044,0.203262937165379,0.203262937165379,"plaq_d"
"13246","NACC1","Exc L6 CT",0.0148634020493222,4.19172623507343,0.288308381755954,0.591649527570748,0.856535257331907,0.856535257331907,"plaq_d"
"13247","STX10","Exc L6 CT",-0.0291211901744133,3.64211366062444,0.661170325068474,0.416702711377607,0.745940342326788,0.745940342326788,"plaq_d"
"13248","IER2","Exc L6 CT",-0.0246047814298839,2.9203288211485,0.265204602628041,0.606893613125064,0.864044866601976,0.864044866601976,"plaq_d"
"13249","CACNA1A","Exc L6 CT",0.0137615391861329,9.4972599179699,2.07619338824303,0.150511507241943,0.470538791430605,0.470538791430605,"plaq_d"
"13250","CCDC130","Exc L6 CT",-0.0187826289584251,5.20379562041908,0.990308275469053,0.320358086289582,0.66530222305609,0.66530222305609,"plaq_d"
"13251","MRI1","Exc L6 CT",-0.0251963229867379,4.74395811986748,0.918741634944492,0.338470657865523,0.682357985430575,0.682357985430575,"plaq_d"
"13252","C19orf53","Exc L6 CT",-0.0111769331846953,3.74033437595429,0.0940495467059591,0.759274078699424,0.938091132284608,0.938091132284608,"plaq_d"
"13253","ZSWIM4","Exc L6 CT",-0.119312236335905,3.15679923621782,6.25031697593493,0.0128764540859592,0.132312229137379,0.132312229137379,"plaq_d"
"13254","NANOS3","Exc L6 CT",-0.0368085640599009,3.47706050412695,1.12760058163772,0.372975706986332,0.710955389314004,0.710955389314004,"plaq_d"
"13255","C19orf57","Exc L6 CT",-0.0156161880645811,3.21244185908422,0.147271543278817,0.701390745531832,0.909622462442533,0.909622462442533,"plaq_d"
"13256","CC2D1A","Exc L6 CT",-0.0318148107906483,6.62500754322204,3.15028731590101,0.0767871675571843,0.341242055572818,0.341242055572818,"plaq_d"
"13257","DCAF15","Exc L6 CT",-0.0350036448043234,3.44182558094312,0.851865922958072,0.356664121819321,0.69919909918346,0.69919909918346,"plaq_d"
"13258","RFX1","Exc L6 CT",0.00133323627287487,5.3837758032156,0.00495112310588896,0.943944165158119,0.997609533382524,0.997609533382524,"plaq_d"
"13259","IL27RA","Exc L6 CT",0.0395509379306975,2.54088094122973,0.454121065105744,0.500831490206784,0.803966339542469,0.803966339542469,"plaq_d"
"13260","MISP3","Exc L6 CT",0.00415125173192591,3.47751324206338,0.0133789835816494,0.907982696790427,0.989420650042586,0.989420650042586,"plaq_d"
"13261","SAMD1","Exc L6 CT",-0.0191319781504916,3.50615581411374,0.261600880460418,0.7027766658104,0.909945396307926,0.909945396307926,"plaq_d"
"13262","PRKACA","Exc L6 CT",0.0197475543688601,5.34441706503244,1.08210268880957,0.359881158459457,0.70136793951348,0.70136793951348,"plaq_d"
"13263","AC022098.1","Exc L6 CT",-0.0274070350297391,2.67375886189624,0.279984472334173,0.597048549476837,0.858855692910863,0.858855692910863,"plaq_d"
"13264","ADGRL1","Exc L6 CT",-0.00399189262539009,7.33249022672236,0.126174004498198,0.722647487948329,0.919344513095477,0.919344513095477,"plaq_d"
"13265","AC011509.2","Exc L6 CT",-0.0384541852411567,3.11384824244017,0.616752944054913,0.432790511792171,0.757683990067688,0.757683990067688,"plaq_d"
"13266","LINC01841","Exc L6 CT",-0.0403842799583856,1.6994077545518,0.206534738573461,0.649780281367518,0.884561411873927,0.884561411873927,"plaq_d"
"13267","DDX39A","Exc L6 CT",-0.028266003223904,2.71617225494597,0.326865202209444,0.56787970352186,0.842109210125741,0.842109210125741,"plaq_d"
"13268","PKN1","Exc L6 CT",0.0370605784223608,2.5174926762611,0.222535467379115,0.637410237133548,0.878611156838095,0.878611156838095,"plaq_d"
"13269","GIPC1","Exc L6 CT",-0.0552621005177341,5.57168171783562,7.71732249019155,0.00576569711731628,0.0845244151740174,0.0845244151740174,"plaq_d"
"13270","DNAJB1","Exc L6 CT",0.0847565346500507,4.90217515332146,6.16409075842892,0.0135074038785181,0.135875372868233,0.135875372868233,"plaq_d"
"13271","TECR","Exc L6 CT",0.00257189769911425,5.11883114394728,0.0141040570441573,0.905533585223064,0.989079020703431,0.989079020703431,"plaq_d"
"13272","NDUFB7","Exc L6 CT",-0.0190755784382192,3.64384293522224,0.280638062948754,0.596620922793154,0.858855692910863,0.858855692910863,"plaq_d"
"13273","ZNF333","Exc L6 CT",-0.0256316772310668,4.59620772063287,1.06267407436766,0.303321583499786,0.649352163579724,0.649352163579724,"plaq_d"
"13274","SLC1A6","Exc L6 CT",0.0101361516031683,3.70624459774852,0.0778013549745052,0.7804649439434,0.947562374512869,0.947562374512869,"plaq_d"
"13275","ILVBL","Exc L6 CT",-0.0141388786971844,3.22590878732584,0.125068820717377,0.723814701468062,0.919835095953581,0.919835095953581,"plaq_d"
"13276","BRD4","Exc L6 CT",0.0126326517571203,6.73023180082175,1.05365687478995,0.305378927947026,0.650733404977457,0.650733404977457,"plaq_d"
"13277","AKAP8","Exc L6 CT",0.010209299362377,4.81712438305921,0.252306633432274,0.779672357358617,0.947461316450157,0.947461316450157,"plaq_d"
"13278","AKAP8L","Exc L6 CT",-0.0147174441043639,6.858918133216,1.24238689878285,0.265780280188063,0.612677808420714,0.612677808420714,"plaq_d"
"13279","WIZ","Exc L6 CT",0.0991034818844322,3.20748614300207,7.22176788049577,0.00754817179011992,0.0974560368525259,0.0974560368525259,"plaq_d"
"13280","TPM4","Exc L6 CT",0.012941532492482,5.11740767324362,0.390562888874157,0.532412991334758,0.821173953738783,0.821173953738783,"plaq_d"
"13281","RAB8A","Exc L6 CT",0.00696839037166323,3.31071774999762,0.0341806393266701,0.889311653689451,0.984885804024413,0.984885804024413,"plaq_d"
"13282","FAM32A","Exc L6 CT",0.0765550238472073,3.42686880114763,4.59791442193468,0.0327027350772303,0.219175313860246,0.219175313860246,"plaq_d"
"13283","AP1M1","Exc L6 CT",0.0113837588844916,5.76761446165561,0.544380587702254,0.461119856597398,0.776394701225957,0.776394701225957,"plaq_d"
"13284","AC020911.2","Exc L6 CT",-0.0433781760270651,2.65626759522949,0.442631855020162,0.50629533911585,0.806312025096312,0.806312025096312,"plaq_d"
"13285","EPS15L1","Exc L6 CT",-0.00893560114203474,6.88334856129135,0.484912646689933,0.486670048946478,0.794288611229015,0.794288611229015,"plaq_d"
"13286","AC008764.1","Exc L6 CT",-0.00871892932703609,2.42694727530689,0.0256550441095617,0.950992337664191,0.99802142424354,0.99802142424354,"plaq_d"
"13287","C19orf44","Exc L6 CT",-0.00738523421216284,3.77368165948218,0.0456175097102387,0.830997605686161,0.966554216002098,0.966554216002098,"plaq_d"
"13288","AC008764.8","Exc L6 CT",0.0313473262471277,2.75902661144674,0.38927668552886,0.533088381568793,0.821448889269307,0.821448889269307,"plaq_d"
"13289","TMEM38A","Exc L6 CT",-0.0418585878947413,6.15141784913782,6.30427118643729,0.0124972092838721,0.130294733302974,0.130294733302974,"plaq_d"
"13290","NWD1","Exc L6 CT",0.0347976090587307,2.56390853051551,0.347559218871135,0.555880386248612,0.835161780003341,0.835161780003341,"plaq_d"
"13291","SIN3B","Exc L6 CT",-0.00398217650670433,6.43710590645175,0.0837383486726962,0.905932464048724,0.989214483650291,0.989214483650291,"plaq_d"
"13292","HAUS8","Exc L6 CT",-0.100010230523545,2.65356306749821,3.51772423009321,0.0615523404273072,0.305688886227715,0.305688886227715,"plaq_d"
"13293","MYO9B","Exc L6 CT",0.0132269902163531,5.31035210474326,0.399978496775037,0.527515430687866,0.818249913461131,0.818249913461131,"plaq_d"
"13294","USE1","Exc L6 CT",-0.101503237726943,3.56881932246827,7.54633241411864,0.00632595255873993,0.0891080362383758,0.0891080362383758,"plaq_d"
"13295","OCEL1","Exc L6 CT",0.0586239242385714,2.2071191732196,0.803214738634052,0.370753126530768,0.710346485926012,0.710346485926012,"plaq_d"
"13296","NR2F6","Exc L6 CT",0.0284748907109081,3.39624782116625,0.574794193209368,0.44887291975456,0.769679987249012,0.769679987249012,"plaq_d"
"13297","USHBP1","Exc L6 CT",-0.152222632265452,2.84284890790612,8.64681866377926,0.00349537654408715,0.0628762742086812,0.0628762742086812,"plaq_d"
"13298","ABHD8","Exc L6 CT",0.0175880454488519,5.57481789893327,0.975078348655127,0.324102578663385,0.668549858092246,0.668549858092246,"plaq_d"
"13299","MRPL34","Exc L6 CT",-0.00958080949432756,3.87486281779801,0.0977049202279453,0.754788516068624,0.936381976538346,0.936381976538346,"plaq_d"
"13300","DDA1","Exc L6 CT",-0.0131582471143205,3.81003722306574,0.171905558753327,0.678679119592742,0.896894131992533,0.896894131992533,"plaq_d"
"13301","ANO8","Exc L6 CT",0.00753002759519101,4.18326169388883,0.060833807911305,0.805328239128186,0.957062182018748,0.957062182018748,"plaq_d"
"13302","GTPBP3","Exc L6 CT",-0.0678538265840574,3.05638298509428,2.268299116904,0.132951374337153,0.444695163791275,0.444695163791275,"plaq_d"
"13303","MVB12A","Exc L6 CT",-0.0465303734917802,2.99022438776558,1.17195916826046,0.279748164162653,0.626673214891366,0.626673214891366,"plaq_d"
"13304","AC010319.4","Exc L6 CT",0.0534678365878536,1.8204685443595,0.469609561320096,0.49362279386486,0.799151308845645,0.799151308845645,"plaq_d"
"13305","SLC27A1","Exc L6 CT",-0.0307829862119193,5.51565680831566,3.06149434069528,0.0810488329278674,0.349963706907492,0.349963706907492,"plaq_d"
"13306","AC010618.3","Exc L6 CT",-0.0311079576179902,4.43096542807219,1.40345775395862,0.236953462566653,0.581914371734823,0.581914371734823,"plaq_d"
"13307","PGLS","Exc L6 CT",0.0202810351078063,3.08397079874889,0.216616024793016,0.822848829725085,0.963694415288182,0.963694415288182,"plaq_d"
"13308","COLGALT1","Exc L6 CT",-0.0423201537375828,4.27650378000719,2.67954546747965,0.13060717599211,0.440539106275167,0.440539106275167,"plaq_d"
"13309","UNC13A","Exc L6 CT",0.000949240984147156,7.53827467600929,0.00529069593353638,0.942057032809289,0.997488455745993,0.997488455745993,"plaq_d"
"13310","MAP1S","Exc L6 CT",-0.014346567798903,4.41492509094609,0.318670485690887,0.5822351805403,0.851555182267414,0.851555182267414,"plaq_d"
"13311","AC008761.1","Exc L6 CT",-0.169726916186878,1.84772707947121,4.8461405667323,0.0283636265060306,0.202701794894094,0.202701794894094,"plaq_d"
"13312","FCHO1","Exc L6 CT",0.000882988225383832,4.96896514215987,0.00154863403930129,0.968631753513345,0.998742420766286,0.998742420766286,"plaq_d"
"13313","JAK3","Exc L6 CT",-0.00380795842636461,3.02455338214623,0.00794333449696233,0.961110704954382,0.998742420766286,0.998742420766286,"plaq_d"
"13314","RPL18A","Exc L6 CT",-0.159473050732437,2.1190183157188,4.15092662164595,0.0423674496285662,0.249252883062051,0.249252883062051,"plaq_d"
"13315","CCDC124","Exc L6 CT",0.00206730875822822,3.78876873443227,0.00496140799984265,0.990588225684883,0.999571689696322,0.999571689696322,"plaq_d"
"13316","KCNN1","Exc L6 CT",-0.0121245157160103,5.20470609766874,0.328491042332959,0.566918915482794,0.841377804875288,0.841377804875288,"plaq_d"
"13317","ARRDC2","Exc L6 CT",-0.00985264836490413,2.77189304738338,0.031516265541818,0.859196735623766,0.975703731643113,0.975703731643113,"plaq_d"
"13318","MAST3","Exc L6 CT",-0.0309105981378856,7.15395282546896,4.57743408849121,0.0330905320734385,0.220849003119713,0.220849003119713,"plaq_d"
"13319","AC007192.2","Exc L6 CT",-0.0541980426662992,3.54151997211684,1.03801961419439,0.308989875421555,0.653341881669952,0.653341881669952,"plaq_d"
"13320","RAB3A","Exc L6 CT",0.0338345764551626,5.7535132841335,2.51429368883376,0.113725883797074,0.412829740895056,0.412829740895056,"plaq_d"
"13321","JUND","Exc L6 CT",0.0595889081354097,6.89852166851212,7.19840659751261,0.00764500322155967,0.0979411774782823,0.0979411774782823,"plaq_d"
"13322","LSM4","Exc L6 CT",0.0166529504300397,3.99086863000112,0.277105346075378,0.677900888489954,0.896454368515282,0.896454368515282,"plaq_d"
"13323","PGPEP1","Exc L6 CT",-0.0546882927086372,4.87013415186736,5.55616283480807,0.0189686890635094,0.163223698600288,0.163223698600288,"plaq_d"
"13324","SSBP4","Exc L6 CT",-0.0309585674856929,5.95675885982378,3.00686132048295,0.0837977797779757,0.354797227001267,0.354797227001267,"plaq_d"
"13325","ELL","Exc L6 CT",0.000479044432663956,4.4676312881813,0.00034551177015332,0.985180464598565,0.999571689696322,0.999571689696322,"plaq_d"
"13326","FKBP8","Exc L6 CT",0.0723104806862099,6.5284483782581,19.1193298595639,1.62384917667954e-05,0.00187015461979829,0.00187015461979829,"plaq_d"
"13327","KXD1","Exc L6 CT",0.0093111330941021,3.94279522420369,0.0972225345258383,0.75537512643378,0.936639131795064,0.936639131795064,"plaq_d"
"13328","UBA52","Exc L6 CT",0.0139319548997292,5.05551956035254,0.410670073302482,0.63042278876145,0.876683500163605,0.876683500163605,"plaq_d"
"13329","CRLF1","Exc L6 CT",-0.0548990930619703,3.90023815356136,2.02261757309034,0.155866950706261,0.477722082684125,0.477722082684125,"plaq_d"
"13330","REX1BD","Exc L6 CT",-0.0726091044519955,5.14703637424665,11.8872075492629,0.000634452285753467,0.0211790732957205,0.0211790732957205,"plaq_d"
"13331","TMEM59L","Exc L6 CT",-0.0420350108873705,6.94837269647792,7.97208672278807,0.00502364939229887,0.0777639318833704,0.0777639318833704,"plaq_d"
"13332","KLHL26","Exc L6 CT",-0.0319896554279452,3.52667417546023,0.801179778380225,0.371359191911413,0.710349046871738,0.710349046871738,"plaq_d"
"13333","CRTC1","Exc L6 CT",-0.0215929897738117,6.70787420870867,3.20521376346305,0.0742726005616351,0.334133861776656,0.334133861776656,"plaq_d"
"13334","UPF1","Exc L6 CT",0.0852271247271145,4.77776948581526,14.3505478556619,0.000178715862518384,0.00928216915531555,0.00928216915531555,"plaq_d"
"13335","COPE","Exc L6 CT",0.000828540402082042,3.61148314716336,0.000637855062783264,0.979865402658331,0.999396584092899,0.999396584092899,"plaq_d"
"13336","DDX49","Exc L6 CT",-0.0239454683442295,3.86947447198055,0.589038374222761,0.443311328697579,0.764889287063418,0.764889287063418,"plaq_d"
"13337","SUGP2","Exc L6 CT",-0.00833058130896653,7.18552632647321,0.487378700272483,0.530173728138254,0.819364572225261,0.819364572225261,"plaq_d"
"13338","ARMC6","Exc L6 CT",-0.0163788873622339,3.41446800338591,0.179733859982924,0.671863841162902,0.895403800905493,0.895403800905493,"plaq_d"
"13339","SLC25A42","Exc L6 CT",0.0341702496658527,5.07570691029325,2.7052051903253,0.100923656821894,0.389919476775242,0.389919476775242,"plaq_d"
"13340","TMEM161A","Exc L6 CT",-0.0646759058152422,4.31718144232407,5.44859247594683,0.0201522823924276,0.168919411818972,0.168919411818972,"plaq_d"
"13341","RFXANK","Exc L6 CT",-0.0304513278772002,1.92515406273885,0.212787631441466,0.644879223806316,0.88212183328435,0.88212183328435,"plaq_d"
"13342","NR2C2AP","Exc L6 CT",-0.0591864630414036,2.2494055712725,0.871594876229751,0.35116109523501,0.694378854240865,0.694378854240865,"plaq_d"
"13343","NCAN","Exc L6 CT",-0.0708949593472654,3.88062196713207,4.38945649063478,0.0368838491071668,0.232753429758938,0.232753429758938,"plaq_d"
"13344","HAPLN4","Exc L6 CT",-0.186312955239109,1.75088864299481,2.52867965770912,0.112701215193745,0.411475195011198,0.411475195011198,"plaq_d"
"13345","SUGP1","Exc L6 CT",-0.0290568802869335,5.00707446671339,1.94590543362162,0.163917931346444,0.489374230539902,0.489374230539902,"plaq_d"
"13346","MAU2","Exc L6 CT",-0.0226008031335868,5.61449931458454,1.71512110322961,0.191185717601719,0.52464917853495,0.52464917853495,"plaq_d"
"13347","GATAD2A","Exc L6 CT",-0.0238553000772312,4.08154551592177,0.590845654138829,0.442613328212837,0.764378775546065,0.764378775546065,"plaq_d"
"13348","YJEFN3","Exc L6 CT",-0.0512917723114047,4.22809281646574,2.59400779314535,0.10817470879858,0.403859727143245,0.403859727143245,"plaq_d"
"13349","PBX4","Exc L6 CT",-0.0672544328006913,4.66075827054837,5.99460489555484,0.0148424693563107,0.143404153592918,0.143404153592918,"plaq_d"
"13350","GMIP","Exc L6 CT",0.0434059324203178,2.27518954432143,0.436001787131903,0.509495128565012,0.807429752402237,0.807429752402237,"plaq_d"
"13351","ATP13A1","Exc L6 CT",-0.0172436536606093,4.2973081557079,0.442613626514336,0.667978598153549,0.893866880369817,0.893866880369817,"plaq_d"
"13352","ZNF101","Exc L6 CT",-0.0368880520293064,2.67783180578961,0.480658132332945,0.488586549214524,0.79530664433427,0.79530664433427,"plaq_d"
"13353","ZNF14","Exc L6 CT",-0.0811442240062351,4.32648557050759,8.32952376877747,0.00414387918752758,0.0695851666658118,0.0695851666658118,"plaq_d"
"13354","AC011477.4","Exc L6 CT",0.0931177446441465,3.51219244221389,6.0335728330692,0.0145238890784971,0.141849326441007,0.141849326441007,"plaq_d"
"13355","ZNF253","Exc L6 CT",0.00342901371538698,4.77984803225454,0.0189305316866405,0.899626402011903,0.986970102374893,0.986970102374893,"plaq_d"
"13356","ZNF93","Exc L6 CT",0.0518538722056526,2.59637973329791,0.951431825186014,0.33003226317467,0.674087531074569,0.674087531074569,"plaq_d"
"13357","ZNF682","Exc L6 CT",-0.0232659625718941,4.13180166974188,0.548210064623017,0.459548947849713,0.77594025958767,0.77594025958767,"plaq_d"
"13358","ZNF90","Exc L6 CT",-0.0957558018113752,4.08340705048752,8.39323063125038,0.00400445996889746,0.0684658025086079,0.0684658025086079,"plaq_d"
"13359","AC011447.3","Exc L6 CT",0.00624089425336924,4.32947198829817,0.0334223779230626,0.855047315392726,0.974800354737319,0.974800354737319,"plaq_d"
"13360","ZNF737","Exc L6 CT",-0.0287329765332448,4.50387046362576,1.30030785127312,0.254940739190006,0.602230179730386,0.602230179730386,"plaq_d"
"13361","AC010636.2","Exc L6 CT",0.0223851833419124,3.87121289138481,0.349301861177638,0.554892040850668,0.834192337101735,0.834192337101735,"plaq_d"
"13362","ZNF66","Exc L6 CT",-0.00371385387632354,4.36417354761195,0.0181082775643641,0.893031983533327,0.985595335141122,0.985595335141122,"plaq_d"
"13363","ZNF85","Exc L6 CT",0.0313378585375803,3.12122190977892,0.516960898874613,0.47262319913581,0.785123883540171,0.785123883540171,"plaq_d"
"13364","ZNF430","Exc L6 CT",-0.0555460334582872,4.73228013112482,5.65642622577977,0.0179304331961045,0.157943865516165,0.157943865516165,"plaq_d"
"13365","ZNF714","Exc L6 CT",0.0411526206086216,5.10108155969513,1.86235939141214,0.1732339741887,0.500878950074416,0.500878950074416,"plaq_d"
"13366","ZNF431","Exc L6 CT",-0.0499289056407382,5.21011579904269,5.27781696858295,0.0221914699694431,0.177187133488687,0.177187133488687,"plaq_d"
"13367","ZNF708","Exc L6 CT",-0.00290830957878443,5.5619193850768,0.0276601097308361,0.868006940122756,0.978382969058089,0.978382969058089,"plaq_d"
"13368","ZNF738","Exc L6 CT",0.0741818489806863,2.88048840671616,2.56702783440923,0.164388177947971,0.489965260815527,0.489965260815527,"plaq_d"
"13369","ZNF493","Exc L6 CT",-0.0251153760856977,4.82802063000104,1.24340116563177,0.265585587672075,0.612523248979044,0.612523248979044,"plaq_d"
"13370","AC010615.4","Exc L6 CT",0.0534279997690564,6.28431941380755,4.55746201257768,0.0334733546033058,0.22186114772983,0.22186114772983,"plaq_d"
"13371","ZNF429","Exc L6 CT",0.0194175383333216,5.18375596651678,0.756606178490165,0.384991924074845,0.719691434746328,0.719691434746328,"plaq_d"
"13372","AC123912.1","Exc L6 CT",-0.153994133894309,2.69389131080999,3.79903050576321,0.0520849420307949,0.281462021574821,0.281462021574821,"plaq_d"
"13373","ZNF100","Exc L6 CT",-0.00199664911612183,3.95819590564303,0.00270631992994138,0.958540754257936,0.998742420766286,0.998742420766286,"plaq_d"
"13374","ZNF43","Exc L6 CT",0.0109464266153382,4.35945022565285,0.149186430245392,0.745739867330357,0.9313232179284,0.9313232179284,"plaq_d"
"13375","ZNF208","Exc L6 CT",-0.290244466929597,4.38154095792525,13.1772532943415,0.000325867594453783,0.0137513479277001,0.0137513479277001,"plaq_d"
"13376","ZNF257","Exc L6 CT",0.0528550852393135,2.84638351507451,0.758705376817538,0.384334115064665,0.719102865569962,0.719102865569962,"plaq_d"
"13377","ZNF98","Exc L6 CT",0.0337934939192954,3.48915622452933,0.321395304489031,0.571135589703605,0.844476453243049,0.844476453243049,"plaq_d"
"13378","AC024563.1","Exc L6 CT",0.0357460377837949,2.28253673983129,0.243837820103391,0.621759211526625,0.872193817218002,0.872193817218002,"plaq_d"
"13379","ZNF99","Exc L6 CT",0.0575133874437863,2.08808207855604,0.667396624171266,0.414519329878382,0.744351560799276,0.744351560799276,"plaq_d"
"13380","ZNF730","Exc L6 CT",-0.250304067929984,1.84701617326308,7.7554540566707,0.00564785358564272,0.0833058403882301,0.0833058403882301,"plaq_d"
"13381","AC092329.3","Exc L6 CT",-0.0147623496864126,3.8758057962386,0.200500264915216,0.654595802015001,0.887340976064779,0.887340976064779,"plaq_d"
"13382","ZNF91","Exc L6 CT",0.00337418523477874,7.46862820858072,0.0677746496324146,0.7947587586528,0.953000771778707,0.953000771778707,"plaq_d"
"13383","ZNF675","Exc L6 CT",0.0329801671132169,5.91334634253953,1.93572309550776,0.165021948534124,0.490896092071379,0.490896092071379,"plaq_d"
"13384","ZNF681","Exc L6 CT",0.113320779401971,3.23610966123713,7.43008531944778,0.00673847114875184,0.0917758095150723,0.0917758095150723,"plaq_d"
"13385","ZNF254","Exc L6 CT",-0.013814169942984,6.1594159206505,0.841421260426232,0.359625511469682,0.701133377995333,0.701133377995333,"plaq_d"
"13386","LINC00662","Exc L6 CT",0.0244886505275239,6.58814224690306,2.41152848584723,0.12135312667669,0.425785915583143,0.425785915583143,"plaq_d"
"13387","AC006504.5","Exc L6 CT",-0.0218318585161197,6.90161293362054,0.937436526241057,0.3336100008723,0.678180043809495,0.678180043809495,"plaq_d"
"13388","AC006504.2","Exc L6 CT",-0.0182046516845453,2.62531512653435,0.0755131496228055,0.783635514923933,0.949016653454675,0.949016653454675,"plaq_d"
"13389","AC010511.1","Exc L6 CT",-0.135132757670219,2.6921462352129,2.02014101636725,0.156119704668486,0.477987934582631,0.477987934582631,"plaq_d"
"13390","UQCRFS1","Exc L6 CT",-0.0570404765900643,4.16059932663193,4.0271556159686,0.0455460427256201,0.260604463862491,0.260604463862491,"plaq_d"
"13391","AC011474.2","Exc L6 CT",-0.0986363258139899,4.52198961423258,10.118431952409,0.00159984735485903,0.0379908343181225,0.0379908343181225,"plaq_d"
"13392","VSTM2B","Exc L6 CT",-0.0396623532122422,6.11296231200713,3.22241271542293,0.0735035981870698,0.3319208282482,0.3319208282482,"plaq_d"
"13393","POP4","Exc L6 CT",-0.0696213146151725,2.97889958395818,2.21858476731787,0.137263200128618,0.451253945889833,0.451253945889833,"plaq_d"
"13394","C19orf12","Exc L6 CT",-0.0369559706293416,5.73237923085729,4.91161351294222,0.0460571456568208,0.262798308087132,0.262798308087132,"plaq_d"
"13395","CCNE1","Exc L6 CT",-0.0464698111192058,2.4853412599279,0.624976670410962,0.429742011910765,0.755288243617064,0.755288243617064,"plaq_d"
"13396","URI1","Exc L6 CT",-0.013497610756722,6.30144093873549,0.837725445685165,0.360681514201177,0.701858529619981,0.701858529619981,"plaq_d"
"13397","TSHZ3","Exc L6 CT",-0.0373934229856257,6.97721289860238,5.9782881511393,0.0149780055243619,0.144036985657124,0.144036985657124,"plaq_d"
"13398","AC025809.1","Exc L6 CT",-0.0370586943879863,5.96999069373596,3.12945401723829,0.0777648467532468,0.342879857231161,0.342879857231161,"plaq_d"
"13399","ZNF507","Exc L6 CT",-0.000125769107358409,5.21367710822483,3.96776348245041e-05,0.994977750857408,0.999785330471245,0.999785330471245,"plaq_d"
"13400","DPY19L3","Exc L6 CT",0.0495709150950009,4.80852950848382,3.75816194873138,0.0533581517301146,0.284919863615256,0.284919863615256,"plaq_d"
"13401","PDCD5","Exc L6 CT",-0.0353217232332224,4.49221951508313,2.01613315436878,0.193201798788917,0.527256064457913,0.527256064457913,"plaq_d"
"13402","ANKRD27","Exc L6 CT",-0.0257470914183408,5.55312660687719,1.75968740574703,0.185532867917344,0.517347528994381,0.517347528994381,"plaq_d"
"13403","NUDT19","Exc L6 CT",1.67909663596139e-05,3.3702074163512,3.5181948898039e-08,0.999850449389712,0.999984830792669,0.999984830792669,"plaq_d"
"13404","TDRD12","Exc L6 CT",-0.0562421212296799,2.09329359069067,0.402730059500963,0.526099435996023,0.817752015854379,0.817752015854379,"plaq_d"
"13405","SLC7A9","Exc L6 CT",0.0235003706224928,2.71219734686173,0.180976382113576,0.670798293334581,0.894895026489169,0.894895026489169,"plaq_d"
"13406","CEP89","Exc L6 CT",0.00299755276291847,5.51855359769839,0.0272559771869024,0.868965923211894,0.978798489635663,0.978798489635663,"plaq_d"
"13407","GPATCH1","Exc L6 CT",-0.0325852066669579,4.23672043423256,1.50114909221467,0.221322773639375,0.560253674927455,0.560253674927455,"plaq_d"
"13408","WDR88","Exc L6 CT",-0.0646540967515729,2.30556137422087,1.08409267380781,0.298506196887273,0.645885022720895,0.645885022720895,"plaq_d"
"13409","LRP3","Exc L6 CT",-0.0237369097806454,5.17768937335649,1.39952964016485,0.237609449344257,0.582811163642536,0.582811163642536,"plaq_d"
"13410","CEBPA","Exc L6 CT",0.15118124420893,1.74584968260587,3.32057926476141,0.0692753540084696,0.322433881767193,0.322433881767193,"plaq_d"
"13411","CEBPG","Exc L6 CT",0.00674189361956817,3.72339693281104,0.0348361948822198,0.852048017056627,0.973991347268367,0.973991347268367,"plaq_d"
"13412","PEPD","Exc L6 CT",0.00990533916064271,4.68469441360893,0.177426215699739,0.673854393763095,0.895548968504857,0.895548968504857,"plaq_d"
"13413","CHST8","Exc L6 CT",0.0806763773238001,2.01724941998832,0.789678168391884,0.374810926712667,0.711274784649037,0.711274784649037,"plaq_d"
"13414","LSM14A","Exc L6 CT",-0.0148501099202566,6.72956085719646,1.48955415263102,0.22311152730931,0.562703844979824,0.562703844979824,"plaq_d"
"13415","KIAA0355","Exc L6 CT",0.00274826256071044,5.50178288856396,0.0223139916853808,0.927064855723985,0.993953237598858,0.993953237598858,"plaq_d"
"13416","AC010504.1","Exc L6 CT",0.000554642863711531,2.72646639348845,0.000139019779855234,0.991633350494925,0.999571689696322,0.999571689696322,"plaq_d"
"13417","GPI","Exc L6 CT",0.00496655667153406,7.09162752809217,0.0860223053241325,0.769470945260793,0.942614639140128,0.942614639140128,"plaq_d"
"13418","PDCD2L","Exc L6 CT",0.003339663148189,2.54244853074442,0.00371090017937378,0.951460133899526,0.99802142424354,0.99802142424354,"plaq_d"
"13419","UBA2","Exc L6 CT",-0.0188316383405686,6.31780540979463,1.98059292611214,0.16021998202895,0.484332932993363,0.484332932993363,"plaq_d"
"13420","WTIP","Exc L6 CT",-0.0497168936126421,2.70909259606023,0.836315958463926,0.361085374692055,0.702172989048352,0.702172989048352,"plaq_d"
"13421","SCGB2B2","Exc L6 CT",0.00586722799808003,5.45408197115397,0.0521062884066475,0.819571878571554,0.963296688080427,0.963296688080427,"plaq_d"
"13422","ZNF302","Exc L6 CT",-0.0222609301678687,5.64551525140611,1.50017278688665,0.221472722992603,0.560534690612079,0.560534690612079,"plaq_d"
"13423","AC020910.4","Exc L6 CT",0.00806476322306277,1.83266243454845,0.00995803035689854,0.920568530094742,0.991792773539161,0.991792773539161,"plaq_d"
"13424","ZNF181","Exc L6 CT",0.0317416469408103,3.24688412623253,0.614485297123944,0.4336369054099,0.757698516826922,0.757698516826922,"plaq_d"
"13425","ZNF30","Exc L6 CT",-0.00134470423296135,4.28136061462691,0.00237234094755033,0.961180975580049,0.998742420766286,0.998742420766286,"plaq_d"
"13426","GRAMD1A","Exc L6 CT",-0.0223076601779562,4.34933376739834,0.770178666982029,0.455214111165437,0.7750753807614,0.7750753807614,"plaq_d"
"13427","SCN1B","Exc L6 CT",0.0290330076991925,4.85995706394464,1.35870743623276,0.244559462584946,0.59042059758056,0.59042059758056,"plaq_d"
"13428","LGI4","Exc L6 CT",0.010282351893768,5.96365789695291,0.128609835076095,0.72009512387917,0.917861329415248,0.917861329415248,"plaq_d"
"13429","FXYD1","Exc L6 CT",-0.0533463904424385,3.12612051530083,1.22048638597862,0.270028026294721,0.617918211180862,0.617918211180862,"plaq_d"
"13430","FXYD7","Exc L6 CT",0.0186848754239952,6.46894327031035,1.08047658811454,0.299312209806798,0.645995581805218,0.645995581805218,"plaq_d"
"13431","FXYD5","Exc L6 CT",0.0110537135841354,2.32669763250304,0.0303192424795586,0.861869033612085,0.976581393772497,0.976581393772497,"plaq_d"
"13432","USF2","Exc L6 CT",0.0384592835325054,5.35775971666364,5.34304436896654,0.0213883795313327,0.173566579330928,0.173566579330928,"plaq_d"
"13433","DMKN","Exc L6 CT",-0.0431615254874191,3.99632779683236,1.6870183972174,0.194853936952484,0.529178258234123,0.529178258234123,"plaq_d"
"13434","TMEM147-AS1","Exc L6 CT",0.0029129013768715,2.34879083663582,0.00277458564667087,0.958021594058124,0.998742420766286,0.998742420766286,"plaq_d"
"13435","TMEM147","Exc L6 CT",-0.0573308116651347,3.09535588706022,1.7253337803478,0.189872752097208,0.523440853924054,0.523440853924054,"plaq_d"
"13436","AD000090.1","Exc L6 CT",-0.0100977073280909,1.86016827226881,0.00831442427048233,0.927399246231471,0.993953237598858,0.993953237598858,"plaq_d"
"13437","HAUS5","Exc L6 CT",-0.0355170381987745,3.42614600615249,0.83739019873378,0.360777515920246,0.701858529619981,0.701858529619981,"plaq_d"
"13438","RBM42","Exc L6 CT",-0.0369857741339331,2.88824633682567,0.587026383175865,0.444090397111443,0.765643755307345,0.765643755307345,"plaq_d"
"13439","COX6B1","Exc L6 CT",-0.0102813965908062,4.7593877063548,0.177094496347211,0.807135368037253,0.958070437365795,0.958070437365795,"plaq_d"
"13440","KMT2B","Exc L6 CT",-0.0332205084202482,4.60425528157507,1.71624700929579,0.191040448506788,0.524450476106734,0.524450476106734,"plaq_d"
"13441","PROSER3","Exc L6 CT",-0.0752117604696644,3.38624898103185,4.29714506358094,0.0601560732122433,0.302357774821936,0.302357774821936,"plaq_d"
"13442","ARHGAP33","Exc L6 CT",-0.0236452716774561,4.52682795480924,0.77901656868508,0.378050999887669,0.714260598903136,0.714260598903136,"plaq_d"
"13443","NPHS1","Exc L6 CT",-0.208668519654684,2.02955206977212,7.34122492082468,0.00707235689629977,0.0940976431415263,0.0940976431415263,"plaq_d"
"13444","APLP1","Exc L6 CT",0.0276166027227073,6.60611097841143,2.96346270929821,0.0860535591260552,0.359601462170883,0.359601462170883,"plaq_d"
"13445","NFKBID","Exc L6 CT",0.00939473325946802,3.14441998902813,0.0469838969547225,0.968755851608545,0.998742420766286,0.998742420766286,"plaq_d"
"13446","LRFN3","Exc L6 CT",0.00184924992870246,3.21252061803965,0.00213583845678014,0.992902335437454,0.999571689696322,0.999571689696322,"plaq_d"
"13447","AF038458.3","Exc L6 CT",0.0277863582189146,2.62472718072518,0.247767717642489,0.618965507443194,0.87102638321245,0.87102638321245,"plaq_d"
"13448","AF038458.2","Exc L6 CT",0.0413067983856364,1.83237759032016,0.280965073430548,0.596407208079926,0.858855692910863,0.858855692910863,"plaq_d"
"13449","SDHAF1","Exc L6 CT",0.0394689229976704,2.37174838549877,0.504584517092181,0.477968099023627,0.789344129491849,0.789344129491849,"plaq_d"
"13450","ALKBH6","Exc L6 CT",0.00715384813176059,3.47703056780715,0.0401062313561759,0.841389933880207,0.969513185327633,0.969513185327633,"plaq_d"
"13451","AC002116.2","Exc L6 CT",-0.102274299526986,2.3252822594513,2.48914018647068,0.115542364806714,0.416087162325362,0.416087162325362,"plaq_d"
"13452","CLIP3","Exc L6 CT",0.0709508363314149,6.09218167250241,16.6116510006095,5.68626881229152e-05,0.00449331941879067,0.00449331941879067,"plaq_d"
"13453","THAP8","Exc L6 CT",-0.00511373957675242,2.6527517124004,0.00977668781462619,0.929169512023813,0.994167628886557,0.994167628886557,"plaq_d"
"13454","POLR2I","Exc L6 CT",-0.0142989524769789,2.49677832630993,0.0561402274672637,0.873127015190063,0.980233682498334,0.980233682498334,"plaq_d"
"13455","TBCB","Exc L6 CT",0.0101261479572151,4.64967192452909,0.168317253146057,0.844436574978258,0.970889620109176,0.970889620109176,"plaq_d"
"13456","CAPNS1","Exc L6 CT",0.0615381420655083,5.07207428617289,9.78099352337726,0.0019118217109419,0.0427069845972625,0.0427069845972625,"plaq_d"
"13457","COX7A1","Exc L6 CT",-0.00102210887360464,3.56687903219728,0.00034404383123748,0.985211975566941,0.999571689696322,0.999571689696322,"plaq_d"
"13458","ZNF565","Exc L6 CT",-0.064010906298087,5.39321338716935,8.8453584067057,0.00314329651922358,0.0588438188436185,0.0588438188436185,"plaq_d"
"13459","ZNF146","Exc L6 CT",-0.0181207987173954,5.32593310041859,0.960136871467894,0.327832708708765,0.67276973265451,0.67276973265451,"plaq_d"
"13460","AC012617.1","Exc L6 CT",-0.0636634216781556,2.14835239992411,0.878036387129126,0.349389523930482,0.692981336193501,0.692981336193501,"plaq_d"
"13461","LINC00665","Exc L6 CT",-0.0607431587468172,4.3677566571202,4.80986564431696,0.028958129557114,0.203953636548049,0.203953636548049,"plaq_d"
"13462","ZFP14","Exc L6 CT",-0.0446557598230161,5.69371226269062,5.3433340341214,0.0213848813624193,0.173566579330928,0.173566579330928,"plaq_d"
"13463","ZFP82","Exc L6 CT",-0.0403516138085393,4.92218605888552,2.8405405657377,0.092809196449533,0.375092979249713,0.375092979249713,"plaq_d"
"13464","ZNF566","Exc L6 CT",-0.0315302174668212,5.26757023412498,2.13218107100488,0.145137056455525,0.461642303299545,0.461642303299545,"plaq_d"
"13465","ZNF260","Exc L6 CT",-0.0138778925232121,3.9967550796243,0.181372616466387,0.67045940419923,0.894774597464736,0.894774597464736,"plaq_d"
"13466","ZNF529","Exc L6 CT",0.00745550136009226,5.80885250695896,0.201084424942611,0.658656235287624,0.889419100977406,0.889419100977406,"plaq_d"
"13467","ZNF529-AS1","Exc L6 CT",-0.00847877986852999,4.77227123326544,0.1347720072106,0.713757687038094,0.914263531146121,0.914263531146121,"plaq_d"
"13468","ZNF382","Exc L6 CT",-0.0163740234007793,5.78514076184497,0.830250238152393,0.362830544261501,0.703611070665188,0.703611070665188,"plaq_d"
"13469","ZNF461","Exc L6 CT",0.00781054574739689,4.47744773904796,0.0921356379390224,0.99383313495172,0.999633003011692,0.999633003011692,"plaq_d"
"13470","ZNF567","Exc L6 CT",0.0152903539306927,4.18042758069447,0.332303877684235,0.56467806233984,0.840460901187566,0.840460901187566,"plaq_d"
"13471","ZNF850","Exc L6 CT",0.0168108698646995,2.37401524230016,0.0738294644276112,0.786001598231357,0.949842286091107,0.949842286091107,"plaq_d"
"13472","AC020928.1","Exc L6 CT",-0.0407083930480719,4.91860830477283,3.30452419773706,0.0699485843919815,0.324070344360488,0.324070344360488,"plaq_d"
"13473","ZNF790","Exc L6 CT",-0.0547279157108886,4.42751441492532,4.6956167182766,0.0309172463776048,0.212046059481657,0.212046059481657,"plaq_d"
"13474","ZNF345","Exc L6 CT",0.0137149599481619,5.37301525320929,0.48426935431224,0.486959025479676,0.794288611229015,0.794288611229015,"plaq_d"
"13475","ZNF829","Exc L6 CT",-0.000353255236461966,3.45040401217077,0.000134042546745424,0.990769189174939,0.999571689696322,0.999571689696322,"plaq_d"
"13476","ZNF568","Exc L6 CT",-0.00433190583474435,5.29490097508926,0.0471250981126436,0.828270678521621,0.965019803172326,0.965019803172326,"plaq_d"
"13477","ZNF420","Exc L6 CT",-0.00345511498995928,5.78208845998083,0.0304734403580554,0.861521779658531,0.976572247241276,0.976572247241276,"plaq_d"
"13478","AC010632.1","Exc L6 CT",-0.0197849936251789,3.0243857542998,0.22397947365866,0.636320901778006,0.878269581788608,0.878269581788608,"plaq_d"
"13479","AC012309.1","Exc L6 CT",-0.0602306577453429,2.4228068986493,1.08934731421394,0.297339936121016,0.645237521917116,0.645237521917116,"plaq_d"
"13480","ZNF585B","Exc L6 CT",-0.0358545362167398,1.79446969864891,0.182023406516397,0.669903748146144,0.894479014664119,0.894479014664119,"plaq_d"
"13481","ZNF383","Exc L6 CT",-0.0257185552405227,4.35002503423586,1.06850288089847,0.302001248297119,0.648317321825562,0.648317321825562,"plaq_d"
"13482","LINC01535","Exc L6 CT",-0.0110063591473044,3.87305605554837,0.0908379721395094,0.763294448622518,0.939670734313362,0.939670734313362,"plaq_d"
"13483","HKR1","Exc L6 CT",0.00752184416276653,5.75021874516508,0.225769820843513,0.634976246619464,0.878269581788608,0.878269581788608,"plaq_d"
"13484","ZNF527","Exc L6 CT",-0.00864687265938129,3.24398958407558,0.0492999824501975,0.825765428169325,0.963985585882276,0.963985585882276,"plaq_d"
"13485","ZNF569","Exc L6 CT",0.000776869175547598,4.65759941761651,0.00101934672398852,0.974548392237486,0.999093977007575,0.999093977007575,"plaq_d"
"13486","ZNF570","Exc L6 CT",0.0636641437501237,3.64216599207841,3.92182109593774,0.0484499802254308,0.268944424793273,0.268944424793273,"plaq_d"
"13487","ZNF793","Exc L6 CT",-0.0121262216006843,5.05618104062629,0.330867644792867,0.565520136113853,0.840815732927328,0.840815732927328,"plaq_d"
"13488","ZNF540","Exc L6 CT",-0.043360405560797,5.61290582207912,5.68783893454467,0.0176174186721701,0.156555777286766,0.156555777286766,"plaq_d"
"13489","ZNF571","Exc L6 CT",0.00440545301094744,3.62844169653486,0.0161638692589964,0.926761964806081,0.993883318323457,0.993883318323457,"plaq_d"
"13490","ZFP30","Exc L6 CT",-0.0350711290163812,5.16391554599795,3.3219584314445,0.0692178477542626,0.322270419233624,0.322270419233624,"plaq_d"
"13491","AC093227.2","Exc L6 CT",0.102227641019812,2.68014150854682,3.64815186233723,0.0569528189659104,0.293695331214123,0.293695331214123,"plaq_d"
"13492","AC093227.1","Exc L6 CT",0.0310912848142318,3.30525857898751,0.742144773017307,0.401315248697622,0.73389913789965,0.73389913789965,"plaq_d"
"13493","ZNF573","Exc L6 CT",-0.028662042739177,5.46785672272628,2.39209161048593,0.122858730799581,0.428019180148089,0.428019180148089,"plaq_d"
"13494","SIPA1L3","Exc L6 CT",-0.0200465921683976,6.76681707146341,2.26604519044743,0.133143538392447,0.445027717366534,0.445027717366534,"plaq_d"
"13495","DPF1","Exc L6 CT",-0.00966066833768566,5.66790081445383,0.241069069412784,0.623744342150801,0.872864237883659,0.872864237883659,"plaq_d"
"13496","SPINT2","Exc L6 CT",-0.0825740655768725,2.99468012516226,3.54423205639834,0.0605863806733025,0.303585637373082,0.303585637373082,"plaq_d"
"13497","AC011479.1","Exc L6 CT",-0.00795902512035242,2.39768392779674,0.015694057750317,0.90037740674623,0.987342561511176,0.987342561511176,"plaq_d"
"13498","YIF1B","Exc L6 CT",-0.0172457027650336,3.91979417889961,0.333858503586295,0.563769303273713,0.840074739388216,0.840074739388216,"plaq_d"
"13499","KCNK6","Exc L6 CT",-0.0822663188355766,2.89329556053693,2.46098143873579,0.117614114746443,0.419102177200443,0.419102177200443,"plaq_d"
"13500","CATSPERG","Exc L6 CT",-0.0453626608616632,3.40911259046024,1.2679352805697,0.260929862360834,0.607981400145611,0.607981400145611,"plaq_d"
"13501","PSMD8","Exc L6 CT",-0.0257556918196182,4.34647196622153,1.09976344304344,0.295045373458816,0.642582934389277,0.642582934389277,"plaq_d"
"13502","SPRED3","Exc L6 CT",-0.103995207410965,3.36498213627478,4.81488508429911,0.0288750957802506,0.203694800839185,0.203694800839185,"plaq_d"
"13503","FAM98C","Exc L6 CT",0.0101177221950849,4.1626668749739,0.133262378956881,0.819878876368798,0.963296688080427,0.963296688080427,"plaq_d"
"13504","RYR1","Exc L6 CT",-0.0102905319806856,3.98738288244948,0.0921571054202194,0.761633858917311,0.939080343809897,0.939080343809897,"plaq_d"
"13505","EIF3K","Exc L6 CT",-0.0444802979617399,5.38077027848979,5.05981275960584,0.0251111862325534,0.189313775871697,0.189313775871697,"plaq_d"
"13506","ACTN4","Exc L6 CT",0.00305669957229241,6.07579378132009,0.036708168690616,0.945890293491871,0.997804401341612,0.997804401341612,"plaq_d"
"13507","ECH1","Exc L6 CT",-0.0319625656217745,3.27471552534897,0.60853923957879,0.435868287683355,0.758921125966326,0.758921125966326,"plaq_d"
"13508","HNRNPL","Exc L6 CT",-0.0459848806009708,5.52546134398659,5.04102234812146,0.0253809225313378,0.190438541712549,0.190438541712549,"plaq_d"
"13509","RINL","Exc L6 CT",-0.13401891255875,2.17985241982022,3.94185813766662,0.047882833914523,0.267178789547858,0.267178789547858,"plaq_d"
"13510","SIRT2","Exc L6 CT",0.0147440514986534,5.63373755376011,0.708767848322854,0.400431001975773,0.733398750507077,0.733398750507077,"plaq_d"
"13511","NFKBIB","Exc L6 CT",-0.0349697857808176,2.66186198895082,0.368822337367793,0.544042724290717,0.828575249340506,0.828575249340506,"plaq_d"
"13512","CCER2","Exc L6 CT",-0.0894643805413827,2.63994217430207,2.54215405082728,0.111750730355673,0.409731073937559,0.409731073937559,"plaq_d"
"13513","SARS2","Exc L6 CT",0.0855034645887651,2.33872463946918,1.94700835614367,0.16379885660982,0.489120170038368,0.489120170038368,"plaq_d"
"13514","MRPS12","Exc L6 CT",-0.0619189898243824,2.57695306161869,1.31386170353993,0.252483764882766,0.600083178336106,0.600083178336106,"plaq_d"
"13515","FBXO17","Exc L6 CT",0.0277901701022683,5.53798538522237,1.38742617015321,0.239644650992065,0.584633857936242,0.584633857936242,"plaq_d"
"13516","FBXO27","Exc L6 CT",-0.00210097617693117,5.33960373719483,0.00896665376314811,0.924613609684217,0.993407704701672,0.993407704701672,"plaq_d"
"13517","PAK4","Exc L6 CT",-0.0525531894000113,3.66928059374322,2.15521911609601,0.142988910440391,0.459582128756389,0.459582128756389,"plaq_d"
"13518","LRFN1","Exc L6 CT",0.0492794799728149,3.84642658208898,2.63304372403248,0.105565912836533,0.398564616101423,0.398564616101423,"plaq_d"
"13519","GMFG","Exc L6 CT",-0.0680403651623386,2.52700205224259,1.33738644731261,0.248288210646783,0.595031976106391,0.595031976106391,"plaq_d"
"13520","SAMD4B","Exc L6 CT",0.0150033976615521,5.84347071333268,0.866995393584457,0.460370689408067,0.776394701225957,0.776394701225957,"plaq_d"
"13521","PAF1","Exc L6 CT",0.0444218608801869,2.88407424065675,0.903801009647369,0.573454928409594,0.84621871330814,0.84621871330814,"plaq_d"
"13522","MED29","Exc L6 CT",0.0453846848765524,4.10189283477242,2.72334895559199,0.0997920300573172,0.388166999379935,0.388166999379935,"plaq_d"
"13523","RPS16","Exc L6 CT",-0.0453566322626872,4.47721820134643,2.30477013881837,0.129884759996894,0.439544194855496,0.439544194855496,"plaq_d"
"13524","SUPT5H","Exc L6 CT",0.0326726335394143,5.54959717214442,3.50452258862973,0.0620395474397656,0.306718493603966,0.306718493603966,"plaq_d"
"13525","TIMM50","Exc L6 CT",-0.00828618602657864,4.10229382808501,0.101497535255453,0.767015168514934,0.941167531982691,0.941167531982691,"plaq_d"
"13526","DLL3","Exc L6 CT",-0.0419593642788027,2.19078834765001,0.410283989477011,0.52224669653283,0.815775103803305,0.815775103803305,"plaq_d"
"13527","EID2B","Exc L6 CT",-0.0338824279494714,4.00432559399338,1.33258353850506,0.249137782033471,0.596174785597382,0.596174785597382,"plaq_d"
"13528","EID2","Exc L6 CT",0.0436917820760804,3.30274965393334,1.13687642083244,0.287052073398858,0.633609575076657,0.633609575076657,"plaq_d"
"13529","AC005393.1","Exc L6 CT",0.125067755546476,1.84930299823042,2.2525305279059,0.134302320950367,0.446619591684333,0.446619591684333,"plaq_d"
"13530","DYRK1B","Exc L6 CT",-0.0367243742136968,3.68503686068693,1.40246521682033,0.237119005967626,0.582054281686106,0.582054281686106,"plaq_d"
"13531","FBL","Exc L6 CT",-0.0205592596788242,2.97505268284328,0.239570428912701,0.624824743248508,0.873892645856943,0.873892645856943,"plaq_d"
"13532","PSMC4","Exc L6 CT",0.0033572975814045,3.62754365211463,0.0107136033405558,0.917620550122975,0.991300123035445,0.991300123035445,"plaq_d"
"13533","ZNF546","Exc L6 CT",0.00668296452262172,4.1901879684768,0.0537995335055969,0.952673222357159,0.998084834368216,0.998084834368216,"plaq_d"
"13534","ZNF780B","Exc L6 CT",0.0333578617491738,6.92078459760622,4.89563456110653,0.0275729900178821,0.199869468427709,0.199869468427709,"plaq_d"
"13535","ZNF780A","Exc L6 CT",0.0755636728668812,3.8514666901663,7.36042818447136,0.00741786582924803,0.0967584276031398,0.0967584276031398,"plaq_d"
"13536","MAP3K10","Exc L6 CT",-0.0246930221088942,5.40613236177711,1.7117834098449,0.262909207672706,0.609377065473558,0.609377065473558,"plaq_d"
"13537","TTC9B","Exc L6 CT",-0.0367033375442712,5.59675990812895,2.62368981180083,0.106184665663872,0.399836878488318,0.399836878488318,"plaq_d"
"13538","CNTD2","Exc L6 CT",-0.0233084061496487,2.29197434759877,0.125739989424025,0.723105173586589,0.919401316780921,0.919401316780921,"plaq_d"
"13539","AKT2","Exc L6 CT",-0.00855077255803163,6.30379717017932,0.36972088402043,0.606513742601948,0.863893523152038,0.863893523152038,"plaq_d"
"13540","C19orf47","Exc L6 CT",0.0224694367680317,2.92704150861403,0.298611204452436,0.703845956261812,0.910090634312678,0.910090634312678,"plaq_d"
"13541","PLD3","Exc L6 CT",-0.00583526215167039,7.74038884815561,0.307662377904226,0.637734206864978,0.878611156838095,0.878611156838095,"plaq_d"
"13542","HIPK4","Exc L6 CT",-0.148777233727999,3.51113181753861,12.0255263514404,0.00059052493622184,0.020282596284339,0.020282596284339,"plaq_d"
"13543","SERTAD1","Exc L6 CT",0.0488917493512671,1.48272737641101,0.222086354044483,0.637749922221855,0.878611156838095,0.878611156838095,"plaq_d"
"13544","BLVRB","Exc L6 CT",0.0291599974532633,3.78411602288983,0.759203962893398,0.38417811235939,0.719102865569962,0.719102865569962,"plaq_d"
"13545","SPTBN4","Exc L6 CT",-0.00569724515656308,8.88275108403468,0.305136709477497,0.581034343217176,0.851041833586362,0.851041833586362,"plaq_d"
"13546","SHKBP1","Exc L6 CT",0.0349558622128639,1.80956637147246,0.193314629403273,0.66044484032752,0.890240067542601,0.890240067542601,"plaq_d"
"13547","LTBP4","Exc L6 CT",-0.0293526240335329,4.9090841848557,1.39393404577598,0.238547722816852,0.583368747313512,0.583368747313512,"plaq_d"
"13548","NUMBL","Exc L6 CT",-0.00432295264752876,5.12473426465175,0.0445938399978642,0.962240345908317,0.998742420766286,0.998742420766286,"plaq_d"
"13549","COQ8B","Exc L6 CT",-0.0123937846009112,3.95494411046361,0.156792022071614,0.692369883490002,0.904768104013992,0.904768104013992,"plaq_d"
"13550","ITPKC","Exc L6 CT",-0.0133025573487535,4.04679578543595,0.205337033117998,0.66377827398031,0.892003344375128,0.892003344375128,"plaq_d"
"13551","SNRPA","Exc L6 CT",-0.06337251676215,3.64103556200076,3.26975036644235,0.0714309904816895,0.327387462344213,0.327387462344213,"plaq_d"
"13552","AC008537.1","Exc L6 CT",0.00697785880386295,5.6543117818564,0.0734604670051453,0.786524011712401,0.949978997618234,0.949978997618234,"plaq_d"
"13553","HNRNPUL1","Exc L6 CT",0.02486963093554,5.1954463963165,1.86505923506542,0.172923540685761,0.500282815858564,0.500282815858564,"plaq_d"
"13554","TGFB1","Exc L6 CT",-0.0346579189052317,3.06598825939289,0.576872825034196,0.630161279425791,0.876683500163605,0.876683500163605,"plaq_d"
"13555","CCDC97","Exc L6 CT",0.0109638711308254,2.97888690633509,0.0617256908914818,0.830004733765566,0.965971241845422,0.965971241845422,"plaq_d"
"13556","AC011462.1","Exc L6 CT",0.0897689942639188,2.26897612706622,2.1612470584661,0.142432789950538,0.458812844434429,0.458812844434429,"plaq_d"
"13557","EXOSC5","Exc L6 CT",0.0574315545186284,3.07122469636103,1.61516689741563,0.204615416013088,0.540010760935326,0.540010760935326,"plaq_d"
"13558","DMAC2","Exc L6 CT",-0.08824501562699,3.7731068389769,6.98286758382352,0.0086009512197299,0.105288515101387,0.105288515101387,"plaq_d"
"13559","RPS19","Exc L6 CT",-0.0667677729636885,5.53056304464811,7.2674634720038,0.00736239167795993,0.0963536278144647,0.0963536278144647,"plaq_d"
"13560","ARHGEF1","Exc L6 CT",-0.00840218085299032,4.20673394396702,0.0987320842414914,0.753544697988315,0.935497539862003,0.935497539862003,"plaq_d"
"13561","RABAC1","Exc L6 CT",0.0224261843693602,4.65189351288437,0.706410629974468,0.401214741467074,0.73389913789965,0.73389913789965,"plaq_d"
"13562","AC010616.2","Exc L6 CT",0.0374678935865116,3.20999410099662,0.980405652677694,0.322786235722635,0.667552169151422,0.667552169151422,"plaq_d"
"13563","GRIK5","Exc L6 CT",8.53685605751033e-06,6.88967768467235,8.90761864651975e-07,0.999247495695272,0.999906738276838,0.999906738276838,"plaq_d"
"13564","ZNF574","Exc L6 CT",0.0403800382488323,2.60230686896923,0.625258468248448,0.429638128856178,0.755236441962743,0.755236441962743,"plaq_d"
"13565","POU2F2","Exc L6 CT",-0.0316189809303868,5.87387399738733,3.03666527053342,0.0822858321129686,0.352378958602787,0.352378958602787,"plaq_d"
"13566","DEDD2","Exc L6 CT",-0.0593193140819073,3.56082086737599,2.93325758488856,0.09228904480705,0.373624119136575,0.373624119136575,"plaq_d"
"13567","ZNF526","Exc L6 CT",-0.0375982357224266,2.65836015714929,0.515318992504965,0.559760351306773,0.837773240256397,0.837773240256397,"plaq_d"
"13568","GSK3A","Exc L6 CT",0.0571494681831613,4.99897407010558,7.61575368839481,0.00609204758480477,0.0873517101900892,0.0873517101900892,"plaq_d"
"13569","CIC","Exc L6 CT",0.0357717993543947,3.97656459749586,1.35352986254583,0.245458601212177,0.591039332716547,0.591039332716547,"plaq_d"
"13570","PAFAH1B3","Exc L6 CT",-0.0483387098227064,2.92245711017792,1.00758785274266,0.316178457628463,0.660912599973771,0.660912599973771,"plaq_d"
"13571","TMEM145","Exc L6 CT",0.0378458833206769,5.36388877810674,2.61952892772079,0.106461186827244,0.40016063852872,0.40016063852872,"plaq_d"
"13572","MEGF8","Exc L6 CT",-0.00329054732155981,5.59707103091817,0.0329033791623201,0.85616474530918,0.975107136969453,0.975107136969453,"plaq_d"
"13573","LIPE-AS1","Exc L6 CT",-0.0214623911991394,6.50243825864282,1.47704706942346,0.225060513372233,0.565496043051809,0.565496043051809,"plaq_d"
"13574","LIPE","Exc L6 CT",-0.0621828245653975,3.13098973400271,2.02093595540054,0.156038523399165,0.477987934582631,0.477987934582631,"plaq_d"
"13575","CEACAM1","Exc L6 CT",-0.11574800526603,2.3248281517404,3.41191562934802,0.0655754634775212,0.314151205398468,0.314151205398468,"plaq_d"
"13576","PSG8-AS1","Exc L6 CT",-0.0872556391781851,2.64955218568826,2.2350231553217,0.135820319025071,0.448478675343561,0.448478675343561,"plaq_d"
"13577","AC004784.1","Exc L6 CT",-0.0864322046380821,5.48705066979728,8.86792270090887,0.00310564426884615,0.0586730379190409,0.0586730379190409,"plaq_d"
"13578","PHLDB3","Exc L6 CT",-0.0461083920024876,3.82690415103319,1.56507600834083,0.211763457950548,0.549044120108991,0.549044120108991,"plaq_d"
"13579","ETHE1","Exc L6 CT",-0.0206480335978979,3.5822066412883,0.325391958615761,0.568753058221426,0.842570174776703,0.842570174776703,"plaq_d"
"13580","ZNF575","Exc L6 CT",0.0359649747302516,2.25121431572353,0.313477977841489,0.575913762395364,0.848207925640431,0.848207925640431,"plaq_d"
"13581","XRCC1","Exc L6 CT",-0.00494234842941132,3.34695498502678,0.0180066124026503,0.893330872860401,0.985595335141122,0.985595335141122,"plaq_d"
"13582","PINLYP","Exc L6 CT",-0.0708137791851614,1.72202998294193,0.639159906181465,0.424560208620988,0.751434144505804,0.751434144505804,"plaq_d"
"13583","SRRM5","Exc L6 CT",-0.0648794417545296,2.22152936485983,0.953484046241725,0.329511949571366,0.674087531074569,0.674087531074569,"plaq_d"
"13584","ZNF428","Exc L6 CT",-0.0273298191725619,4.67514722260156,1.18423478278259,0.277248209577271,0.625590160669967,0.625590160669967,"plaq_d"
"13585","CADM4","Exc L6 CT",-0.0222371126720971,4.33949106903348,0.667016431426744,0.414652164970196,0.744398624131555,0.744398624131555,"plaq_d"
"13586","PLAUR","Exc L6 CT",0.0360540461996568,2.84085345872419,0.461365239866227,0.497437869847795,0.801652988702635,0.801652988702635,"plaq_d"
"13587","SMG9","Exc L6 CT",-0.00358371079942537,5.06955054963634,0.0315319977666326,0.969224060390854,0.998742420766286,0.998742420766286,"plaq_d"
"13588","KCNN4","Exc L6 CT",0.0177565904367983,2.02107844249488,0.0488945558411445,0.825127724744111,0.963985585882276,0.963985585882276,"plaq_d"
"13589","LYPD5","Exc L6 CT",-0.046236462684158,3.96889805918851,1.92265377885578,0.166451515514791,0.492344226897501,0.492344226897501,"plaq_d"
"13590","ZNF283","Exc L6 CT",0.0512557527718268,4.48388777842852,3.58753110001765,0.0590432154429565,0.300030402229722,0.300030402229722,"plaq_d"
"13591","ZNF404","Exc L6 CT",-0.0256654079430861,3.1586981919061,0.395717740407707,0.529721596128605,0.819154884634274,0.819154884634274,"plaq_d"
"13592","AC006213.2","Exc L6 CT",-0.202022090370998,2.02963154611477,6.48545713454882,0.0113058929280646,0.123842079340001,0.123842079340001,"plaq_d"
"13593","AC006213.3","Exc L6 CT",0.024461940908126,4.27887015767037,0.733766019474576,0.392254322008661,0.725821750595974,0.725821750595974,"plaq_d"
"13594","ZNF45","Exc L6 CT",0.022494822620369,2.93905629594444,0.246579405050432,0.619807329318491,0.87102638321245,0.87102638321245,"plaq_d"
"13595","ZNF221","Exc L6 CT",0.0327088982878417,2.67864821254721,0.359449284468211,0.549202163080544,0.831577064555297,0.831577064555297,"plaq_d"
"13596","ZNF155","Exc L6 CT",0.0413011796589742,5.25032097028279,3.78944460831819,0.05238065099697,0.282318177368918,0.282318177368918,"plaq_d"
"13597","ZNF230","Exc L6 CT",0.00629177852734946,2.92686505115656,0.0229792467724871,0.879598842114749,0.982442775318793,0.982442775318793,"plaq_d"
"13598","AC067968.1","Exc L6 CT",0.0346142117782372,2.322107783671,0.325648736215106,0.71789768849478,0.916942163390192,0.916942163390192,"plaq_d"
"13599","ZNF224","Exc L6 CT",-0.014323689909892,5.06828213857052,0.522603558625524,0.548249990528969,0.831063163489,0.831063163489,"plaq_d"
"13600","ZNF225","Exc L6 CT",0.0667334382904333,2.66262785137449,1.74767790663832,0.206486422650282,0.542144545043491,0.542144545043491,"plaq_d"
"13601","ZNF234","Exc L6 CT",-0.0158950002304982,3.42468249969781,0.184141606941154,0.668103284421502,0.893950635052695,0.893950635052695,"plaq_d"
"13602","ZNF226","Exc L6 CT",0.0180326235882671,4.26610301561641,0.473809131785767,0.491698318576095,0.798025816710424,0.798025816710424,"plaq_d"
"13603","ZNF227","Exc L6 CT",-0.0352193724729468,4.15459190541459,1.89377055200159,0.169661648008572,0.497038885781727,0.497038885781727,"plaq_d"
"13604","ZNF235","Exc L6 CT",0.0198234494669407,6.14104239376077,1.11499507623366,0.291730783867204,0.639145117286596,0.639145117286596,"plaq_d"
"13605","ZNF233","Exc L6 CT",-0.0168188014134729,3.75725368833603,0.295701363208671,0.586937910822702,0.854287193719603,0.854287193719603,"plaq_d"
"13606","ZNF112","Exc L6 CT",0.117191014419222,2.48952752057406,4.40111060824971,0.0366358722184531,0.232032563333414,0.232032563333414,"plaq_d"
"13607","ZNF229","Exc L6 CT",-0.0484363886991942,2.93474988860952,0.733245030905816,0.392422262969759,0.725852614379114,0.725852614379114,"plaq_d"
"13608","ZNF180","Exc L6 CT",-0.0338683914476321,3.39654449579372,0.795490817418117,0.373060898048915,0.710955389314004,0.710955389314004,"plaq_d"
"13609","AC243964.2","Exc L6 CT",-0.112179303203432,3.38004499557677,7.19118014946952,0.00767521427022571,0.0981282279166691,0.0981282279166691,"plaq_d"
"13610","PVR","Exc L6 CT",2.5679211464484e-05,3.24803558217609,2.03393579176538e-06,0.998862905085478,0.999906738276838,0.999906738276838,"plaq_d"
"13611","CEACAM19","Exc L6 CT",0.0360294457264326,5.01775154507591,3.1359137703779,0.0998273424423112,0.388187001804358,0.388187001804358,"plaq_d"
"13612","NECTIN2","Exc L6 CT",0.0190453844762986,1.72156152499064,0.0527028779556504,0.818559880361215,0.962980145270904,0.962980145270904,"plaq_d"
"13613","TOMM40","Exc L6 CT",-0.0165715753221559,4.29009657888117,0.397508862869048,0.52879216206641,0.818824887836237,0.818824887836237,"plaq_d"
"13614","CLPTM1","Exc L6 CT",-0.00384635236014316,5.81104795735732,0.0608722543398734,0.805267974526489,0.957062182018748,0.957062182018748,"plaq_d"
"13615","RELB","Exc L6 CT",-0.125766619362597,1.84838456795321,2.32563402952954,0.128166103550459,0.436566261469828,0.436566261469828,"plaq_d"
"13616","CLASRP","Exc L6 CT",-0.0086195292182832,5.75411453368191,0.277877472643396,0.598431467909653,0.859096388993347,0.859096388993347,"plaq_d"
"13617","GEMIN7-AS1","Exc L6 CT",-0.0589664792330527,3.47477037098501,2.44588284168402,0.118741929207958,0.420932975345422,0.420932975345422,"plaq_d"
"13618","MARK4","Exc L6 CT",0.00588875730331451,7.14557862716821,0.174453059073826,0.676441615860489,0.896032875442026,0.896032875442026,"plaq_d"
"13619","NKPD1","Exc L6 CT",-0.198122167324584,1.91860905754051,6.26819380351932,0.012749498308172,0.131744653241473,0.131744653241473,"plaq_d"
"13620","TRAPPC6A","Exc L6 CT",0.00438399067025055,2.91571003388028,0.0078436713809458,0.929478933997964,0.994167628886557,0.994167628886557,"plaq_d"
"13621","EXOC3L2","Exc L6 CT",-0.0557415400105915,2.03839274589862,0.485276583799974,0.486506689062772,0.794288611229015,0.794288611229015,"plaq_d"
"13622","KLC3","Exc L6 CT",0.231357736491801,1.72718544179757,6.9159846274092,0.0089219383329938,0.107803680859198,0.107803680859198,"plaq_d"
"13623","ERCC2","Exc L6 CT",0.023326010116048,3.66860967811994,0.443733332112582,0.564906424795424,0.840497220640369,0.840497220640369,"plaq_d"
"13624","CD3EAP","Exc L6 CT",-0.0439215226744456,2.33681604490013,0.46870830353019,0.494037448929935,0.799151308845645,0.799151308845645,"plaq_d"
"13625","ERCC1","Exc L6 CT",-0.0125951700364453,4.80439217658022,0.273060382903266,0.618226655717789,0.87075539924795,0.87075539924795,"plaq_d"
"13626","FOSB","Exc L6 CT",0.0413874891825452,2.02704766902417,0.132711881411366,0.715857797768152,0.91522991622294,0.91522991622294,"plaq_d"
"13627","RTN2","Exc L6 CT",0.00371051720114597,5.16288621905745,0.0325173393410838,0.902151838871823,0.988234505585052,0.988234505585052,"plaq_d"
"13628","PPM1N","Exc L6 CT",-0.0648766624686756,2.28046989236159,0.979907514726365,0.3229090221781,0.667597774185101,0.667597774185101,"plaq_d"
"13629","VASP","Exc L6 CT",0.0552253926145867,2.41921756291756,0.924887872752019,0.336862207067772,0.681160208639471,0.681160208639471,"plaq_d"
"13630","OPA3","Exc L6 CT",-0.0744311962728352,4.13650410024691,5.8927886383737,0.0157094544444409,0.148267969573565,0.148267969573565,"plaq_d"
"13631","EML2","Exc L6 CT",0.0013637682979232,5.88008238459985,0.00621112447670664,0.937228474348103,0.996101534451179,0.996101534451179,"plaq_d"
"13632","SNRPD2","Exc L6 CT",-0.0418457685987105,3.93303830918765,1.76901047318066,0.184375124245883,0.515791738951366,0.515791738951366,"plaq_d"
"13633","QPCTL","Exc L6 CT",-0.0566815806551615,3.63152120135822,2.55502581128051,0.11085102450644,0.408859479440912,0.408859479440912,"plaq_d"
"13634","FBXO46","Exc L6 CT",0.0252370888076616,3.79945552961558,0.577536119852425,0.484251623431233,0.792579615066235,0.792579615066235,"plaq_d"
"13635","DMPK","Exc L6 CT",0.00849439586170958,4.76519735381869,0.159666167812939,0.887195336462693,0.984561966630565,0.984561966630565,"plaq_d"
"13636","SYMPK","Exc L6 CT",0.00879853597349676,5.92211304552908,0.361747914983,0.68987465154503,0.903531715354785,0.903531715354785,"plaq_d"
"13637","IRF2BP1","Exc L6 CT",0.0833676655164847,2.73734731662573,2.71820323082808,0.10011154838116,0.388779565820119,0.388779565820119,"plaq_d"
"13638","MYPOP","Exc L6 CT",0.0334693899872201,4.11439517315559,1.60005111242387,0.224555498010114,0.564752813883063,0.564752813883063,"plaq_d"
"13639","NOVA2","Exc L6 CT",0.0467150320064239,6.26354563055776,8.38376730923878,0.00402486263495224,0.0684892700860194,0.0684892700860194,"plaq_d"
"13640","CCDC61","Exc L6 CT",0.0140931170395974,3.64520796193031,0.151346177139038,0.697490004752426,0.907797747447635,0.907797747447635,"plaq_d"
"13641","PGLYRP1","Exc L6 CT",-0.149717851368357,1.95253407874475,3.26963657264257,0.07143589664176,0.327387462344213,0.327387462344213,"plaq_d"
"13642","AC007785.3","Exc L6 CT",-0.0014794303488578,3.3078059133748,0.0015313697752022,0.968807001094374,0.998742420766286,0.998742420766286,"plaq_d"
"13643","IGFL4","Exc L6 CT",-0.0273719283805252,5.75790524007042,1.03262289667153,0.310248983013146,0.654697208950052,0.654697208950052,"plaq_d"
"13644","AC007785.1","Exc L6 CT",-0.0483416000479524,5.22763673192637,3.59384283832659,0.0588217958526802,0.299398509813579,0.299398509813579,"plaq_d"
"13645","PPP5C","Exc L6 CT",-0.00531961524602947,5.43961306968688,0.0939932479532218,0.759343903759786,0.938091132284608,0.938091132284608,"plaq_d"
"13646","PNMA8C","Exc L6 CT",0.00614093868978532,4.42579000848338,0.0485975925633096,0.825650984053578,0.963985585882276,0.963985585882276,"plaq_d"
"13647","PNMA8A","Exc L6 CT",0.0811299987740467,5.4230857382382,16.4799797030642,6.07587085484745e-05,0.00460359141191494,0.00460359141191494,"plaq_d"
"13648","PPP5D1","Exc L6 CT",0.00376003201772229,4.30962588955793,0.0143788098715342,0.904622272651076,0.988876782180692,0.988876782180692,"plaq_d"
"13649","CALM3","Exc L6 CT",0.0469778673266365,7.66006755754137,11.2536482989689,0.000882212815479481,0.0257982567549285,0.0257982567549285,"plaq_d"
"13650","DACT3","Exc L6 CT",0.00667826398430418,4.2822690801477,0.0609414392746774,0.863869328086883,0.977200838310075,0.977200838310075,"plaq_d"
"13651","DACT3-AS1","Exc L6 CT",0.00689914417573189,2.98682173439527,0.0224922353687726,0.880871870612614,0.983072914838006,0.983072914838006,"plaq_d"
"13652","PRKD2","Exc L6 CT",0.00989912401262207,3.7694216112689,0.0628812322987342,0.802146564216246,0.956014731224197,0.956014731224197,"plaq_d"
"13653","STRN4","Exc L6 CT",-0.000898765637483338,5.01956043032675,0.00152319279357263,0.96889034993241,0.998742420766286,0.998742420766286,"plaq_d"
"13654","FKRP","Exc L6 CT",0.00869893864232475,4.26601572854993,0.108244975146991,0.74234891849068,0.92977684275203,0.92977684275203,"plaq_d"
"13655","AP2S1","Exc L6 CT",-0.00310942367504877,4.97822867827897,0.0167541351434974,0.89708600338682,0.986400474577166,0.986400474577166,"plaq_d"
"13656","ARHGAP35","Exc L6 CT",0.0246027441717759,6.68414193304881,3.65570393488899,0.0566979823645155,0.293043240959059,0.293043240959059,"plaq_d"
"13657","NPAS1","Exc L6 CT",0.00400481346106102,3.28610141969313,0.00738777332044778,0.93155385171341,0.99444705473932,0.99444705473932,"plaq_d"
"13658","TMEM160","Exc L6 CT",-0.0737190006377151,4.58255517973398,6.95109014535563,0.00875195054586653,0.106144128103028,0.106144128103028,"plaq_d"
"13659","ZC3H4","Exc L6 CT",0.0419677313071566,4.25973290537559,2.36588236047465,0.137715705377209,0.452122074027435,0.452122074027435,"plaq_d"
"13660","SAE1","Exc L6 CT",-0.0204733768558222,5.50955846741246,1.40511029301057,0.236678150394632,0.581734446488155,0.581734446488155,"plaq_d"
"13661","BBC3","Exc L6 CT",0.00277551719040525,3.53640460163235,0.0065584232478292,0.935501131005476,0.9958203402806,0.9958203402806,"plaq_d"
"13662","CCDC9","Exc L6 CT",-0.0683328544557307,3.04197474661254,2.17277745910333,0.141375817272278,0.457358711337464,0.457358711337464,"plaq_d"
"13663","INAFM1","Exc L6 CT",-0.0250041248870292,3.23276652780099,0.323708884815151,0.569754016710378,0.843238287710764,0.843238287710764,"plaq_d"
"13664","C5AR1","Exc L6 CT",0.024498758564246,3.21756390656993,0.192334951146208,0.661252299709395,0.890764276892284,0.890764276892284,"plaq_d"
"13665","C5AR2","Exc L6 CT",-0.0130621125163126,4.28074896459706,0.176101096622504,0.675004328837623,0.895575586043388,0.895575586043388,"plaq_d"
"13666","DHX34","Exc L6 CT",-0.0414300964374571,4.50291990035754,2.07413462357144,0.150713394924442,0.470848531539121,0.470848531539121,"plaq_d"
"13667","MEIS3","Exc L6 CT",-0.0168985261904155,6.76267705604993,1.23469082383994,0.267263395140409,0.614816848264833,0.614816848264833,"plaq_d"
"13668","SLC8A2","Exc L6 CT",0.0135877896047181,6.92932192384001,0.97553822810976,0.323988665352907,0.668549858092246,0.668549858092246,"plaq_d"
"13669","KPTN","Exc L6 CT",0.000430308630219094,2.81175847629485,0.000103079477510146,0.991905186128755,0.999571689696322,0.999571689696322,"plaq_d"
"13670","NAPA","Exc L6 CT",-0.0111430167395777,5.60715238778489,0.430330232012654,0.51226018534737,0.809761461322141,0.809761461322141,"plaq_d"
"13671","ZNF541","Exc L6 CT",0.0430108918318486,2.48098854607493,0.507846509035277,0.476549840922708,0.788734365362532,0.788734365362532,"plaq_d"
"13672","AC010331.1","Exc L6 CT",-0.0934382385131345,2.25006634959837,2.17955748616688,0.140758436744297,0.456264045528859,0.456264045528859,"plaq_d"
"13673","EHD2","Exc L6 CT",-0.0673680710387935,2.29426183200933,1.01226254047789,0.315060068646277,0.659685215181635,0.659685215181635,"plaq_d"
"13674","NOP53","Exc L6 CT",-0.0313328108226827,3.16590046969893,0.553960789588228,0.549998607000115,0.831593351697929,0.831593351697929,"plaq_d"
"13675","SELENOW","Exc L6 CT",-0.00509152121935166,6.62931255541473,0.101965557595988,0.749675004355891,0.933349594630062,0.933349594630062,"plaq_d"
"13676","PLA2G4C","Exc L6 CT",-0.0502379741634664,6.13300388274397,5.32786116879512,0.0215725768565099,0.174373282664972,0.174373282664972,"plaq_d"
"13677","LIG1","Exc L6 CT",-0.0850291911321749,3.67145967854224,6.37958308235019,0.0119870265747862,0.127625526148339,0.127625526148339,"plaq_d"
"13678","ZSWIM9","Exc L6 CT",0.000464100309232517,4.16445635507926,0.000211616217510048,0.988401886402671,0.999571689696322,0.999571689696322,"plaq_d"
"13679","TMEM143","Exc L6 CT",-0.0815893628078028,4.33087939755036,7.54898334696885,0.00631685359679306,0.0891080362383758,0.0891080362383758,"plaq_d"
"13680","KDELR1","Exc L6 CT",0.0448840102727072,4.29949003677176,3.43851309557237,0.0645383328879709,0.312060743297684,0.312060743297684,"plaq_d"
"13681","GRIN2D","Exc L6 CT",-0.00392167828141027,1.35238644756906,1.44906523540398e-05,0.996964912875896,0.999906738276838,0.999906738276838,"plaq_d"
"13682","GRWD1","Exc L6 CT",-0.00306967001069572,2.52397084034224,0.00273312270727167,0.958336145182864,0.998742420766286,0.998742420766286,"plaq_d"
"13683","KCNJ14","Exc L6 CT",-0.104224392934007,2.51836768733824,2.870088800263,0.0911340908410991,0.371031213729769,0.371031213729769,"plaq_d"
"13684","CYTH2","Exc L6 CT",0.0192025588414056,3.49756746544662,0.287312258869455,0.592290305241368,0.856624615439576,0.856624615439576,"plaq_d"
"13685","LMTK3","Exc L6 CT",0.00483537742597668,6.70775994230186,0.0751208029171227,0.784184325079914,0.949258501893048,0.949258501893048,"plaq_d"
"13686","AC008403.3","Exc L6 CT",0.00835736058116501,2.50701424671045,0.0224835451673975,0.944303029785497,0.997609533382524,0.997609533382524,"plaq_d"
"13687","RPL18","Exc L6 CT",-0.0619748254556056,5.13822176821872,5.78599189764486,0.0166753743061453,0.152410611875563,0.152410611875563,"plaq_d"
"13688","SPHK2","Exc L6 CT",-0.045104262913142,4.09411782349225,2.0870554864358,0.149451412497032,0.46924727459661,0.46924727459661,"plaq_d"
"13689","DBP","Exc L6 CT",-0.00709644262054745,3.34846889230721,0.030540537371223,0.869484853721439,0.978798489635663,0.978798489635663,"plaq_d"
"13690","CA11","Exc L6 CT",-0.0175324864728501,5.58345062729488,0.790274892433617,0.374630738788348,0.71112659752071,0.71112659752071,"plaq_d"
"13691","MAMSTR","Exc L6 CT",-0.253963360622406,2.23242030491816,14.9609616374308,0.000130987539671957,0.00754278648446998,0.00754278648446998,"plaq_d"
"13692","BCAT2","Exc L6 CT",-0.00287111664211084,4.75472819128388,0.014819221245554,0.903179731236305,0.988833782863933,0.988833782863933,"plaq_d"
"13693","HSD17B14","Exc L6 CT",-0.0950829175152229,4.07559643918165,7.42138292949995,0.00677044250330438,0.091863610063685,0.091863610063685,"plaq_d"
"13694","PPP1R15A","Exc L6 CT",0.0544574018003811,3.13774986949612,1.50947633398038,0.220048741161865,0.558946055281542,0.558946055281542,"plaq_d"
"13695","TULP2","Exc L6 CT",0.0669465934155075,1.95806843202389,0.856170672118606,0.355453354946206,0.698206369727963,0.698206369727963,"plaq_d"
"13696","NUCB1","Exc L6 CT",0.0246754509291862,4.78765548569345,1.22610625336789,0.281131802765535,0.627848623274301,0.627848623274301,"plaq_d"
"13697","NUCB1-AS1","Exc L6 CT",-0.0696323178195064,1.98935658990332,0.777358390390884,0.37855846943279,0.714718390289108,0.714718390289108,"plaq_d"
"13698","DHDH","Exc L6 CT",-0.0244163448411335,2.28758945487406,0.139309641820679,0.709195411620728,0.912501817143814,0.912501817143814,"plaq_d"
"13699","BAX","Exc L6 CT",0.00692862380327125,2.97277905633154,0.0261491808202517,0.871630316257337,0.97977590636688,0.97977590636688,"plaq_d"
"13700","FTL","Exc L6 CT",0.00286600117352847,6.32711502285957,0.0175898307418714,0.89456525674401,0.985997098496085,0.985997098496085,"plaq_d"
"13701","GYS1","Exc L6 CT",-0.00350709588811739,5.14420240752986,0.0268040272768048,0.870047066504845,0.979066487094798,0.979066487094798,"plaq_d"
"13702","RUVBL2","Exc L6 CT",0.00337330272597557,3.70277111277132,0.0113214337125798,0.915324501287264,0.99070421132938,0.99070421132938,"plaq_d"
"13703","SNRNP70","Exc L6 CT",-0.00946900581351153,7.20692502026416,0.447057619854323,0.504178578295521,0.805655989914788,0.805655989914788,"plaq_d"
"13704","LIN7B","Exc L6 CT",-0.0346716703414371,3.65338723189663,0.9754991239008,0.32399834950139,0.668549858092246,0.668549858092246,"plaq_d"
"13705","PPFIA3","Exc L6 CT",0.00447256469176005,5.63357046525488,0.0709125576594628,0.859991055002193,0.97614375367118,0.97614375367118,"plaq_d"
"13706","TRPM4","Exc L6 CT",-0.0442447925698866,3.12942164714782,0.977779702427589,0.323434204946741,0.667836892486128,0.667836892486128,"plaq_d"
"13707","SLC6A16","Exc L6 CT",-0.00909080496859916,2.87845527570802,0.0267649630579464,0.870140952979585,0.979095604118658,0.979095604118658,"plaq_d"
"13708","SLC17A7","Exc L6 CT",-0.000550090784600614,7.45014513324814,0.00143108613874013,0.969845143910202,0.998742420766286,0.998742420766286,"plaq_d"
"13709","PIH1D1","Exc L6 CT",-0.0739256509558133,3.87775794056449,6.4140047878832,0.01199481362036,0.127625526148339,0.127625526148339,"plaq_d"
"13710","RPL13A","Exc L6 CT",-0.0425113787783843,5.25632214550435,2.36603764197722,0.124909643654675,0.431533292549245,0.431533292549245,"plaq_d"
"13711","RPS11","Exc L6 CT",-0.0258490112790817,4.73394905783978,0.979342512475778,0.323048364885786,0.667597774185101,0.667597774185101,"plaq_d"
"13712","NOSIP","Exc L6 CT",-0.0527038788483629,4.10523806281973,3.15682297111363,0.0764832006374151,0.340777516674784,0.340777516674784,"plaq_d"
"13713","PRR12","Exc L6 CT",0.000826938362027046,4.73218823079005,0.00131134341644282,0.971133689204525,0.998742420766286,0.998742420766286,"plaq_d"
"13714","SCAF1","Exc L6 CT",0.0808948982180089,4.40364076541153,8.76980732742524,0.00327279474521486,0.060287482386375,0.060287482386375,"plaq_d"
"13715","IRF3","Exc L6 CT",-0.00468183934103824,3.24462316248293,0.0148333491968443,0.907301645762879,0.989420650042586,0.989420650042586,"plaq_d"
"13716","PRMT1","Exc L6 CT",-0.00705714960725015,4.27060679430783,0.066895586842061,0.79606444103595,0.953363766986272,0.953363766986272,"plaq_d"
"13717","CPT1C","Exc L6 CT",-0.014344533651188,6.20007215258347,0.818226056145269,0.366324759240713,0.706728924420973,0.706728924420973,"plaq_d"
"13718","AP2A1","Exc L6 CT",-0.00398386737248692,5.40583033852995,0.0547997386359847,0.815050017410044,0.960477783484598,0.960477783484598,"plaq_d"
"13719","FUZ","Exc L6 CT",0.000432188835744807,2.72870259092671,6.16413617814523e-05,0.993740208281335,0.999633003011692,0.999633003011692,"plaq_d"
"13720","MED25","Exc L6 CT",-0.000626565054735502,4.84613173929329,0.000846887155704098,0.976800450784359,0.999093977007575,0.999093977007575,"plaq_d"
"13721","PTOV1-AS1","Exc L6 CT",-0.0394789729505262,1.94067491311838,0.261952050327496,0.609106668092888,0.865446071246074,0.865446071246074,"plaq_d"
"13722","PTOV1","Exc L6 CT",0.0154268764264442,4.96799364224762,0.416548603404915,0.519089320575673,0.813520059270345,0.813520059270345,"plaq_d"
"13723","PNKP","Exc L6 CT",-0.116100958761163,3.77348092164701,12.6929123719056,0.000418170778862425,0.015946988347867,0.015946988347867,"plaq_d"
"13724","TBC1D17","Exc L6 CT",0.0106816217657988,4.42504526381578,0.175110739307852,0.67586708657365,0.896010919818977,0.896010919818977,"plaq_d"
"13725","ATF5","Exc L6 CT",0.0875944185269977,2.39149887576239,1.82102179007015,0.178068440155326,0.508185571668404,0.508185571668404,"plaq_d"
"13726","VRK3","Exc L6 CT",-0.0212451879714419,4.88586208549824,0.974755525696402,0.324182574431494,0.668614948641231,0.668614948641231,"plaq_d"
"13727","ZNF473","Exc L6 CT",-0.100125890909165,3.17740460222343,6.53313699304228,0.0110123093444038,0.122042498323354,0.122042498323354,"plaq_d"
"13728","AC010624.2","Exc L6 CT",0.149728439680792,2.09588469004785,4.83102942794083,0.02860971369362,0.202704976295721,0.202704976295721,"plaq_d"
"13729","IZUMO2","Exc L6 CT",-0.0563200985354844,1.85747592442847,0.400330404870783,0.527333953623402,0.818249913461131,0.818249913461131,"plaq_d"
"13730","MYH14","Exc L6 CT",-0.0523821450361617,5.19204422734087,5.74150312005391,0.0170957212123698,0.153948682735597,0.153948682735597,"plaq_d"
"13731","KCNC3","Exc L6 CT",0.0582540198065552,4.56518353907632,5.17516197492215,0.0235195484776166,0.181938430888645,0.181938430888645,"plaq_d"
"13732","NR1H2","Exc L6 CT",0.0425960561187593,4.05105967972842,2.46012086285228,0.120520360219012,0.424000758971871,0.424000758971871,"plaq_d"
"13733","FAM71E1","Exc L6 CT",-0.0713944569704035,1.69266469172887,0.699621359228699,0.403484599949673,0.735913379054288,0.735913379054288,"plaq_d"
"13734","EMC10","Exc L6 CT",-0.0113167008253196,3.88487904387496,0.143966826337178,0.704600161073254,0.91037135384779,0.91037135384779,"plaq_d"
"13735","JOSD2","Exc L6 CT",0.0739375518842701,2.82967006673816,2.8742825705122,0.0908990279858425,0.370598246073121,0.370598246073121,"plaq_d"
"13736","ASPDH","Exc L6 CT",-0.0152462642099933,2.72325331221246,0.0840601523000233,0.772041381127785,0.943673456894802,0.943673456894802,"plaq_d"
"13737","LRRC4B","Exc L6 CT",0.00476526315477853,6.858335736539,0.142044450838294,0.706486529531192,0.910889142516063,0.910889142516063,"plaq_d"
"13738","SYT3","Exc L6 CT",-0.0362895970108496,3.47310922396848,0.952986080312176,0.329638101728165,0.674087531074569,0.674087531074569,"plaq_d"
"13739","C19orf81","Exc L6 CT",-0.0353631584643578,1.96784471435595,0.225550310130685,0.635140759670757,0.878269581788608,0.878269581788608,"plaq_d"
"13740","SHANK1","Exc L6 CT",-0.0120078390577459,5.70039539407282,0.449616403835834,0.502961668908513,0.804996250058273,0.804996250058273,"plaq_d"
"13741","CLEC11A","Exc L6 CT",-0.0232546111367878,3.51974651743898,0.417956024069854,0.518384608032659,0.813237397530551,0.813237397530551,"plaq_d"
"13742","C19orf48","Exc L6 CT",-0.0976514193616373,2.30604261304108,2.40609675138453,0.121771797313884,0.426112492496519,0.426112492496519,"plaq_d"
"13743","CTU1","Exc L6 CT",-0.0448930117976379,2.65524413133493,0.726942853834043,0.394462001135441,0.727685826575752,0.727685826575752,"plaq_d"
"13744","IGLON5","Exc L6 CT",-0.0117041471163446,3.79669703737721,0.11694506804479,0.800568933952965,0.955506912332949,0.955506912332949,"plaq_d"
"13745","ETFB","Exc L6 CT",-0.0455279849925576,2.5932566525139,0.609612966217329,0.435464053440763,0.758584282833159,0.758584282833159,"plaq_d"
"13746","ZNF175","Exc L6 CT",-0.0568045326971858,3.8738687597843,4.00360031465357,0.0600166673422995,0.302357774821936,0.302357774821936,"plaq_d"
"13747","SPACA6","Exc L6 CT",0.0378484049055901,3.80543531300291,1.35077332936089,0.245938953594902,0.591766200226008,0.591766200226008,"plaq_d"
"13748","HAS1","Exc L6 CT",-0.0370737526735464,2.1132971078475,0.299776396926972,0.584373405206052,0.852322430026867,0.852322430026867,"plaq_d"
"13749","ZNF577","Exc L6 CT",0.00774049295687866,5.83169311653089,0.177234556282786,0.674020401866446,0.895548968504857,0.895548968504857,"plaq_d"
"13750","ZNF649","Exc L6 CT",-0.0422612287897172,2.74283158876215,0.703163294580571,0.451620009267917,0.772191311682104,0.772191311682104,"plaq_d"
"13751","ZNF613","Exc L6 CT",-0.00882438110368386,2.14808022877455,0.0183381394544442,0.892359337466982,0.985595335141122,0.985595335141122,"plaq_d"
"13752","ZNF350-AS1","Exc L6 CT",0.0259844096510655,3.16853497795244,0.213791298107609,0.644100704506819,0.881413853809902,0.881413853809902,"plaq_d"
"13753","ZNF350","Exc L6 CT",-0.0710895316867439,2.82651760210521,1.68464545032178,0.195167438725925,0.529730925958353,0.529730925958353,"plaq_d"
"13754","ZNF615","Exc L6 CT",0.0222779528214996,3.84663196573909,0.498031291682335,0.480838302084771,0.790560552399767,0.790560552399767,"plaq_d"
"13755","ZNF614","Exc L6 CT",0.0547024194934174,3.50965760638767,2.73326682177363,0.0991793406200738,0.386779185899036,0.386779185899036,"plaq_d"
"13756","ZNF432","Exc L6 CT",-0.022715232255532,4.97694937086044,1.06521962033179,0.3027440515434,0.648680065748635,0.648680065748635,"plaq_d"
"13757","ZNF616","Exc L6 CT",-0.0191283317676974,2.98457795174295,0.174515310361159,0.676387180575838,0.896032875442026,0.896032875442026,"plaq_d"
"13758","AC011468.3","Exc L6 CT",-0.0758052090852298,2.39623834456085,0.789010633774697,0.375012641212838,0.711476276080656,0.711476276080656,"plaq_d"
"13759","ZNF836","Exc L6 CT",0.0277780157624649,3.30550382406044,0.547253904147259,0.459940381982104,0.776302767370572,0.776302767370572,"plaq_d"
"13760","PPP2R1A","Exc L6 CT",0.069923390738737,6.52507961131942,20.8455918695295,6.91526117859245e-06,0.00101583775435732,0.00101583775435732,"plaq_d"
"13761","ZNF766","Exc L6 CT",-0.0540193102114736,4.4729029323625,4.34372995241462,0.0378740119677948,0.235884306771222,0.235884306771222,"plaq_d"
"13762","AC010320.3","Exc L6 CT",-0.184951486013162,2.12155503326565,6.62264274017723,0.0104822258143146,0.118549711087768,0.118549711087768,"plaq_d"
"13763","ZNF480","Exc L6 CT",0.0815799174349712,2.58410115536645,2.0846443599217,0.149685994428318,0.469532373349871,0.469532373349871,"plaq_d"
"13764","ZNF610","Exc L6 CT",-0.0261743560239096,3.53484780733398,0.540102001882,0.462885125728345,0.777832878485497,0.777832878485497,"plaq_d"
"13765","ZNF880","Exc L6 CT",0.0020660838184238,3.26662656228627,0.001704995741454,0.967087100555552,0.998742420766286,0.998742420766286,"plaq_d"
"13766","ZNF528","Exc L6 CT",0.0238455888240848,4.44319298432861,0.854003663446261,0.3560621471138,0.698633047546718,0.698633047546718,"plaq_d"
"13767","ZNF534","Exc L6 CT",0.00122506210188377,4.29588967891661,0.00185093753248767,0.965708239396058,0.998742420766286,0.998742420766286,"plaq_d"
"13768","ZNF578","Exc L6 CT",0.0362295246204917,2.90976020112793,0.494387867766238,0.482446329124566,0.791938124752253,0.791938124752253,"plaq_d"
"13769","ZNF808","Exc L6 CT",-0.0276970903949175,3.42450838389252,0.473411261653023,0.491880104668082,0.798050939569672,0.798050939569672,"plaq_d"
"13770","ZNF701","Exc L6 CT",0.0665446077984989,3.96380542172121,4.50081262206696,0.0345847124873814,0.22498035290029,0.22498035290029,"plaq_d"
"13771","ZNF83","Exc L6 CT",-0.0086336693171772,5.95396275448981,0.14192065865238,0.706608501669345,0.910928269905247,0.910928269905247,"plaq_d"
"13772","ZNF611","Exc L6 CT",-0.0323866553842882,5.1474081042847,2.24320263140909,0.135108722113104,0.448086222867962,0.448086222867962,"plaq_d"
"13773","ZNF28","Exc L6 CT",-0.00955761455866059,2.94850630243375,0.0415820932445244,0.838537582402164,0.968820749155593,0.968820749155593,"plaq_d"
"13774","ZNF160","Exc L6 CT",0.0281938444313698,5.01118884991345,1.96228201031757,0.176346856852979,0.505429098131529,0.505429098131529,"plaq_d"
"13775","ZNF415","Exc L6 CT",0.0238696603028571,3.35702302486886,0.479975926176687,0.488895026328153,0.795464351314598,0.795464351314598,"plaq_d"
"13776","ZNF347","Exc L6 CT",0.0390627814338741,4.58425009435158,2.29428023029065,0.130758593691063,0.440843258729869,0.440843258729869,"plaq_d"
"13777","ZNF665","Exc L6 CT",-0.0178852178971694,3.36347479738383,0.18626531562887,0.666310411645353,0.893478550445554,0.893478550445554,"plaq_d"
"13778","ZNF677","Exc L6 CT",-0.00939193914461438,3.33827284901244,0.058860636231148,0.808448742280539,0.958210776705964,0.958210776705964,"plaq_d"
"13779","ZNF845","Exc L6 CT",-0.0556917561422693,2.36341580351903,0.839691823551063,0.360119130001594,0.701430793600723,0.701430793600723,"plaq_d"
"13780","ZNF525","Exc L6 CT",0.0515761401041769,3.19549783663034,1.57159679384955,0.21081633119221,0.548296147432869,0.548296147432869,"plaq_d"
"13781","ZNF765","Exc L6 CT",-0.0193058953220735,3.04341551282748,0.160567077568853,0.688880716466266,0.903034674398867,0.903034674398867,"plaq_d"
"13782","ZNF761","Exc L6 CT",0.0521850104190016,4.09776152618635,2.71453732944455,0.10033986304719,0.389225919142337,0.389225919142337,"plaq_d"
"13783","ZNF331","Exc L6 CT",0.00618942475255325,5.99990717886978,0.114960954243004,0.734769728813043,0.926085187882383,0.926085187882383,"plaq_d"
"13784","NLRP12","Exc L6 CT",-0.101726165203409,1.64258062629734,1.2758302115287,0.259453306364615,0.606634969647937,0.606634969647937,"plaq_d"
"13785","MYADM","Exc L6 CT",0.0814772217671786,4.28947466160933,7.96311193727171,0.00504805007749911,0.0780120594399594,0.0780120594399594,"plaq_d"
"13786","PRKCG","Exc L6 CT",-0.00129038005231943,6.03184659209667,0.00483265499032678,0.944617768314451,0.997609533382524,0.997609533382524,"plaq_d"
"13787","CACNG7","Exc L6 CT",-0.00765341856534791,6.05107640451183,0.197251067097674,0.65722480311292,0.888835999938083,0.888835999938083,"plaq_d"
"13788","CACNG8","Exc L6 CT",-0.0157721446584951,7.38611875929036,1.16356349276836,0.281474397482238,0.627848623274301,0.627848623274301,"plaq_d"
"13789","OSCAR","Exc L6 CT",-0.0766063273535003,2.27045419126607,1.39214678377774,0.238848362472406,0.583977755800401,0.583977755800401,"plaq_d"
"13790","NDUFA3","Exc L6 CT",-0.00641275607488811,3.37495675463602,0.0269645969163076,0.927909594024783,0.994079583109636,0.994079583109636,"plaq_d"
"13791","TFPT","Exc L6 CT",-0.0775558575712698,2.90541051978324,2.55367689623149,0.110944934033936,0.408859479440912,0.408859479440912,"plaq_d"
"13792","PRPF31","Exc L6 CT",0.00975628705092453,4.72651019040303,0.203883555204223,0.651885352886074,0.885417637526928,0.885417637526928,"plaq_d"
"13793","CNOT3","Exc L6 CT",0.0128865063607728,3.87366015454307,0.177456078689065,0.673828537087315,0.895548968504857,0.895548968504857,"plaq_d"
"13794","MBOAT7","Exc L6 CT",0.00462744672871837,5.42467999793011,0.0575779963026258,0.810506995933037,0.959172290506699,0.959172290506699,"plaq_d"
"13795","TSEN34","Exc L6 CT",0.0257924199864572,2.58079352251244,0.24622794185241,0.62005679682369,0.871101870642994,0.871101870642994,"plaq_d"
"13796","RPS9","Exc L6 CT",-0.0461553178836292,4.86967830548898,2.97359385839546,0.0855211219164318,0.35883476278314,0.35883476278314,"plaq_d"
"13797","TTYH1","Exc L6 CT",-0.0122867317665559,3.8744500044828,0.129990613554085,0.718660388809884,0.917427946910267,0.917427946910267,"plaq_d"
"13798","LENG8-AS1","Exc L6 CT",-0.013330215806291,3.93497407418419,0.184417745964864,0.667869472194544,0.893866880369817,0.893866880369817,"plaq_d"
"13799","LENG8","Exc L6 CT",0.00224787564945423,6.29457993918614,0.0125215415193591,0.910967417155352,0.989675151298007,0.989675151298007,"plaq_d"
"13800","NLRP2","Exc L6 CT",-0.0599086651301128,2.58957466887511,0.671890237951178,0.41295407749184,0.743263702019992,0.743263702019992,"plaq_d"
"13801","AC011476.3","Exc L6 CT",-0.0476169044240954,4.32405548936701,1.15107715132612,0.284066770147395,0.630672320397307,0.630672320397307,"plaq_d"
"13802","GP6","Exc L6 CT",-0.00739345648507857,4.52459300180763,0.0538131287128253,0.816692486845532,0.961176017055942,0.961176017055942,"plaq_d"
"13803","RDH13","Exc L6 CT",-0.026634047998206,4.21948031033349,0.897767201094615,0.344038212916586,0.687958895922466,0.687958895922466,"plaq_d"
"13804","PPP1R12C","Exc L6 CT",0.0272444036395947,4.6807646597821,1.62907270745372,0.202681997526498,0.538440678426179,0.538440678426179,"plaq_d"
"13805","SYT5","Exc L6 CT",-0.0624474588210596,5.14515946397492,6.91357765338078,0.00893371709259681,0.107803680859198,0.107803680859198,"plaq_d"
"13806","TMEM86B","Exc L6 CT",-0.00800465104575313,2.83029967120273,0.0267064434963132,0.879108468562226,0.982428622373995,0.982428622373995,"plaq_d"
"13807","PPP6R1","Exc L6 CT",0.0190927404735854,4.92757824355631,0.807512603731154,0.369477647110582,0.708928046941235,0.708928046941235,"plaq_d"
"13808","HSPBP1","Exc L6 CT",0.0289184574612698,3.75588234568914,0.794558944935458,0.373340685672989,0.710955389314004,0.710955389314004,"plaq_d"
"13809","BRSK1","Exc L6 CT",0.00329853684832603,5.57248804393072,0.0324349135898197,0.857181218279274,0.975107136969453,0.975107136969453,"plaq_d"
"13810","KMT5C","Exc L6 CT",-0.0242247101557775,3.56610574113897,0.468357657099451,0.494198934361715,0.799151308845645,0.799151308845645,"plaq_d"
"13811","RPL28","Exc L6 CT",-0.0276572135859501,5.56381128084067,1.97189033258556,0.161138688376875,0.485196336587777,0.485196336587777,"plaq_d"
"13812","UBE2S","Exc L6 CT",0.0326536500195462,3.17737520068068,0.543831057856821,0.461345982310526,0.776515463736974,0.776515463736974,"plaq_d"
"13813","SHISA7","Exc L6 CT",-0.0295791200676063,4.96760028728693,1.58114562208561,0.209438463498116,0.546308411038027,0.546308411038027,"plaq_d"
"13814","ISOC2","Exc L6 CT",-0.0353904504603796,2.7757965244592,0.476608026286073,0.49042268111589,0.796943776650225,0.796943776650225,"plaq_d"
"13815","NAT14","Exc L6 CT",-0.016871030320702,4.00811054967712,0.276449027688581,0.599372837791869,0.859858066890694,0.859858066890694,"plaq_d"
"13816","SSC5D","Exc L6 CT",0.100440248521871,1.74324497030997,1.41554719442065,0.234948320560317,0.579566907670518,0.579566907670518,"plaq_d"
"13817","ZNF579","Exc L6 CT",0.0814690028120722,2.9553836054646,3.38309291438706,0.0667195764090521,0.316752905886625,0.316752905886625,"plaq_d"
"13818","FIZ1","Exc L6 CT",0.0598715346973226,2.75776503474817,1.53528179744734,0.216156029717395,0.554973366008574,0.554973366008574,"plaq_d"
"13819","ZNF865","Exc L6 CT",-0.0235889886267446,3.22756897359465,0.342668663388845,0.558672030714851,0.837242282312585,0.837242282312585,"plaq_d"
"13820","CCDC106","Exc L6 CT",-0.0116113787073544,3.60376461328305,0.103746669566195,0.794094164822108,0.953000771778707,0.953000771778707,"plaq_d"
"13821","U2AF2","Exc L6 CT",-0.00194742898336289,4.20347145081873,0.00456941223935359,0.946144901636123,0.997904202435904,0.997904202435904,"plaq_d"
"13822","EPN1","Exc L6 CT",0.0609645630867122,4.98566714406975,7.38182007056198,0.00691776583276932,0.0926401459800439,0.0926401459800439,"plaq_d"
"13823","ZNF787","Exc L6 CT",-0.0325745752281901,3.47096863044313,0.716901453928942,0.397743715756015,0.730533112021383,0.730533112021383,"plaq_d"
"13824","ZNF444","Exc L6 CT",-0.0219177416511113,4.52343605384265,0.801349773491928,0.371308509766132,0.710346485926012,0.710346485926012,"plaq_d"
"13825","ZSCAN5A","Exc L6 CT",-0.0517570753335825,5.70585771522951,5.62965164695434,0.0182017840155652,0.15927348299159,0.15927348299159,"plaq_d"
"13826","EDDM13","Exc L6 CT",-0.148600030392027,1.93443474535156,3.41655840823064,0.0653931453512655,0.314151205398468,0.314151205398468,"plaq_d"
"13827","ZNF582","Exc L6 CT",0.0424107337811822,3.05085936774944,0.833127336245684,0.362001321617515,0.70269174058361,0.70269174058361,"plaq_d"
"13828","ZNF583","Exc L6 CT",-0.0118287989557195,4.93093588241054,0.30486834423703,0.581200600705305,0.851041833586362,0.851041833586362,"plaq_d"
"13829","ZNF667","Exc L6 CT",-0.00288659519836504,5.61101084963357,0.0256527017939282,0.909779376111909,0.989478998057174,0.989478998057174,"plaq_d"
"13830","ZNF667-AS1","Exc L6 CT",-0.0321896099542668,4.92752770277589,1.81709837162768,0.178535349354762,0.508747998676,0.508747998676,"plaq_d"
"13831","ZNF471","Exc L6 CT",0.0390887965739845,4.78502817759557,3.02695805166903,0.0827750027316937,0.35286613542359,0.35286613542359,"plaq_d"
"13832","ZFP28","Exc L6 CT",0.0369223918369431,3.30915727792329,0.961862276483659,0.327399059715676,0.672253105710165,0.672253105710165,"plaq_d"
"13833","AC005498.3","Exc L6 CT",-0.111934843191855,3.50808704383703,8.80356489998665,0.0032142721654088,0.0594764294257392,0.0594764294257392,"plaq_d"
"13834","ZNF470","Exc L6 CT",0.0183647041542987,3.78791153446209,0.266264294096691,0.60617630315699,0.863865962549733,0.863865962549733,"plaq_d"
"13835","ZNF71","Exc L6 CT",-0.0566847995665608,3.72979037371463,2.9264578746122,0.0880291626777458,0.363387070178953,0.363387070178953,"plaq_d"
"13836","SMIM17","Exc L6 CT",0.0135525450097042,4.16808357370898,0.221021698912324,0.638556850755043,0.87909194065885,0.87909194065885,"plaq_d"
"13837","ZNF835","Exc L6 CT",0.0278149214401061,2.78618290809102,0.312831637956669,0.576307325509248,0.848401703449344,0.848401703449344,"plaq_d"
"13838","AC006115.1","Exc L6 CT",-0.119946293744757,2.56499025128767,4.6087550759476,0.0324993988305045,0.218218911177212,0.218218911177212,"plaq_d"
"13839","AC006115.3","Exc L6 CT",0.016205481756963,5.56674936269062,0.596331724356344,0.440504883149219,0.762842331025641,0.762842331025641,"plaq_d"
"13840","ZIM2-AS1","Exc L6 CT",0.00345204811336117,2.45974935676241,0.00376417497621993,0.951113384186653,0.99802142424354,0.99802142424354,"plaq_d"
"13841","ZIM2","Exc L6 CT",0.0522599596977853,4.72807190168195,2.8048455618373,0.0948777352390082,0.379089613239179,0.379089613239179,"plaq_d"
"13842","MIMT1","Exc L6 CT",-0.0133399105562826,2.77125742300657,0.0722948935804652,0.788183504189172,0.950707140872,0.950707140872,"plaq_d"
"13843","ZNF264","Exc L6 CT",-0.00948937654154086,5.07203433172548,0.232117983101387,0.63026047228918,0.876683500163605,0.876683500163605,"plaq_d"
"13844","ZNF805","Exc L6 CT",-0.00262778251000389,2.76135446873932,0.00223916108484354,0.962285496247197,0.998742420766286,0.998742420766286,"plaq_d"
"13845","AC005261.3","Exc L6 CT",0.0834385612983786,2.45682544966739,2.31082557353351,0.131176712869714,0.441735662800563,0.441735662800563,"plaq_d"
"13846","ZNF460-AS1","Exc L6 CT",-0.00755013117506572,3.23971478095243,0.0317120272440852,0.85876471800737,0.975511864529127,0.975511864529127,"plaq_d"
"13847","ZNF460","Exc L6 CT",0.00370445121682169,3.18965383640824,0.00873874907058945,0.925574989105552,0.993407704701672,0.993407704701672,"plaq_d"
"13848","AC005261.1","Exc L6 CT",-0.013656378827478,5.54156076857367,0.623973851192277,0.430112004148322,0.755661753932054,0.755661753932054,"plaq_d"
"13849","ZNF543","Exc L6 CT",-0.0539493552680663,2.99210766187905,1.40747696694756,0.236284540725276,0.581362544570343,0.581362544570343,"plaq_d"
"13850","ZNF304","Exc L6 CT",-0.0490398964709266,3.46122201991468,1.85949552498127,0.173563970960485,0.50155160437241,0.50155160437241,"plaq_d"
"13851","AC003002.2","Exc L6 CT",-0.00805418649656733,4.40707983614448,0.107524456100863,0.743177382976706,0.930317500415667,0.930317500415667,"plaq_d"
"13852","ZNF749","Exc L6 CT",-0.101402953035698,3.20347842129463,4.52547841047803,0.0340961262542307,0.2238040587113,0.2238040587113,"plaq_d"
"13853","AC004076.1","Exc L6 CT",0.016060575480594,5.86440826832418,0.671112452487445,0.413224375003795,0.743265334692131,0.743265334692131,"plaq_d"
"13854","AC004076.2","Exc L6 CT",0.00456383526933154,2.96870032148415,0.00977421038540167,0.921302661763048,0.992299350496846,0.992299350496846,"plaq_d"
"13855","ZNF773","Exc L6 CT",-0.0140766024084767,3.23159167369375,0.129679366066292,0.718983044483794,0.917664676969392,0.917664676969392,"plaq_d"
"13856","ZNF549","Exc L6 CT",-0.0774826093021972,5.32612461505582,14.1052921502856,0.000202547021481664,0.0100895049178202,0.0100895049178202,"plaq_d"
"13857","ZNF550","Exc L6 CT",0.038460146161642,3.12382179193822,0.92274911111009,0.369550066601523,0.708928046941235,0.708928046941235,"plaq_d"
"13858","ZIK1","Exc L6 CT",0.0660950999364287,2.41289410638661,1.37486563474203,0.370596514904882,0.710346427841041,0.710346427841041,"plaq_d"
"13859","ZNF134","Exc L6 CT",-0.0229542599192957,3.99559867468735,0.550686192694235,0.458537720245836,0.775898728996668,0.775898728996668,"plaq_d"
"13860","AC003682.1","Exc L6 CT",-0.0691508720408907,2.12246053639741,1.01623733696658,0.314113203692344,0.658316156697478,0.658316156697478,"plaq_d"
"13861","ZNF211","Exc L6 CT",0.00260287899575147,2.88023352746408,0.00310021105694635,0.955629034605579,0.998742420766286,0.998742420766286,"plaq_d"
"13862","AC003006.1","Exc L6 CT",-0.0993133084138016,2.78715356599966,3.29145853061671,0.0705016542989779,0.325301863874386,0.325301863874386,"plaq_d"
"13863","ZNF154","Exc L6 CT",-0.0273241205471764,3.36087436460996,0.475503463090884,0.490925439989126,0.797246550146394,0.797246550146394,"plaq_d"
"13864","ZNF671","Exc L6 CT",0.0084801130475659,2.93273106047037,0.0344177353980118,0.852929078324137,0.97443088068622,0.97443088068622,"plaq_d"
"13865","ZNF776","Exc L6 CT",0.103203127742896,3.20087583749987,7.3977886727875,0.00685791018530818,0.092351649573772,0.092351649573772,"plaq_d"
"13866","ZNF586","Exc L6 CT",0.00705511528443696,6.45898088570187,0.216530545644127,0.641987171325083,0.881079350934219,0.881079350934219,"plaq_d"
"13867","ZNF552","Exc L6 CT",-0.0939616414545869,3.89261511650243,7.61069786425325,0.00610877898904295,0.0873912376540173,0.0873912376540173,"plaq_d"
"13868","AC010522.1","Exc L6 CT",-0.0311814895872281,2.77861401335557,0.403578182572386,0.525664347884484,0.817321365930497,0.817321365930497,"plaq_d"
"13869","ZNF814","Exc L6 CT",-0.0511828895394643,5.32992637224972,6.76368535999821,0.00969968167566619,0.113032231832698,0.113032231832698,"plaq_d"
"13870","ZNF587","Exc L6 CT",0.0196700471372477,4.74247777489344,0.686751830263137,0.494272037147596,0.799151308845645,0.799151308845645,"plaq_d"
"13871","AC010326.2","Exc L6 CT",0.0163416780565363,2.47276024153641,0.0820229543988767,0.774744782331721,0.944915374016342,0.944915374016342,"plaq_d"
"13872","ZNF418","Exc L6 CT",0.00457433772828618,3.44737173639851,0.0148387430152635,0.976475669148544,0.999093977007575,0.999093977007575,"plaq_d"
"13873","C19orf18","Exc L6 CT",-0.0664960302561445,2.36372279034415,0.941416531861268,0.33258730444919,0.67731317510971,0.67731317510971,"plaq_d"
"13874","ZNF606","Exc L6 CT",-0.0060089631784708,3.81236791089855,0.0378592253118376,0.845839563387577,0.971230492709849,0.971230492709849,"plaq_d"
"13875","ZSCAN1","Exc L6 CT",-0.0684627198163589,2.50836882693392,1.4199527097798,0.234222753262268,0.578961324856388,0.578961324856388,"plaq_d"
"13876","ZNF135","Exc L6 CT",-0.0232690063050874,5.14825933921172,0.9303114547865,0.335451394041899,0.680332306795433,0.680332306795433,"plaq_d"
"13877","ZSCAN18","Exc L6 CT",0.00269015766503405,5.66290320447921,0.020105769206321,0.887324084835449,0.984561966630565,0.984561966630565,"plaq_d"
"13878","ZNF329","Exc L6 CT",-0.0134147761469193,4.52784390465055,0.280431769771801,0.596755825891636,0.858855692910863,0.858855692910863,"plaq_d"
"13879","ZNF274","Exc L6 CT",-0.0736442160922915,3.07480226466608,2.71898719963616,0.100062796303486,0.38869509325013,0.38869509325013,"plaq_d"
"13880","AC020915.3","Exc L6 CT",-0.0232703468061614,3.96620086924881,0.547104612335107,0.548045384822681,0.830840497041629,0.830840497041629,"plaq_d"
"13881","ERVK3-1","Exc L6 CT",0.0609564873446917,2.88161754029428,1.80585316976641,0.179881479056718,0.510351866855852,0.510351866855852,"plaq_d"
"13882","AC010642.2","Exc L6 CT",0.0301943006316017,3.45783267445783,0.725060984750587,0.395074043447473,0.728324488342915,0.728324488342915,"plaq_d"
"13883","ZSCAN22","Exc L6 CT",0.0144223714797652,2.21293339013836,0.0518271190339151,0.820047528954843,0.963391890552793,0.963391890552793,"plaq_d"
"13884","A1BG","Exc L6 CT",0.0186727766156348,2.66377618317433,0.133420177604133,0.715133682659456,0.915020356615564,0.915020356615564,"plaq_d"
"13885","A1BG-AS1","Exc L6 CT",-0.00710609573669417,3.95499303340122,0.0465650110575789,0.829278359615358,0.965507372336594,0.965507372336594,"plaq_d"
"13886","ZNF497","Exc L6 CT",-0.110998980355458,2.70674494623566,4.80860152484436,0.0289790805283801,0.204001390360176,0.204001390360176,"plaq_d"
"13887","RPS5","Exc L6 CT",-0.0131408873220633,4.19912851932839,0.172550796307545,0.67811056916646,0.896508380358193,0.896508380358193,"plaq_d"
"13888","ZNF584","Exc L6 CT",-0.0137904270462734,2.74640484569499,0.0759638773504395,0.78300693168839,0.948596127963145,0.948596127963145,"plaq_d"
"13889","ZNF132","Exc L6 CT",-0.00832682144048304,2.26538348895009,0.0202438671879531,0.88694038814772,0.984501043664535,0.984501043664535,"plaq_d"
"13890","ZNF324B","Exc L6 CT",0.0226621492629338,2.32961495144353,0.148331649990312,0.700369972965156,0.909400751403119,0.909400751403119,"plaq_d"
"13891","ZNF324","Exc L6 CT",-0.0558144865420877,4.06102121069712,3.51072346012952,0.0644305774055062,0.311976951628018,0.311976951628018,"plaq_d"
"13892","ZNF446","Exc L6 CT",-0.0299680344611255,3.30060482866617,0.566347479901941,0.452222447922441,0.772852271959037,0.772852271959037,"plaq_d"
"13893","SLC27A5","Exc L6 CT",-0.038162132582621,3.89357451644283,1.25857698985566,0.262693658055484,0.609171698029438,0.609171698029438,"plaq_d"
"13894","ZBTB45","Exc L6 CT",0.0705594983964163,2.66237145909758,1.88724040541843,0.17039726092302,0.497775764660672,0.497775764660672,"plaq_d"
"13895","TRIM28","Exc L6 CT",0.0396271228153921,4.31390678948826,2.22431115280142,0.136758618871549,0.450417999834092,0.450417999834092,"plaq_d"
"13896","CHMP2A","Exc L6 CT",-0.00755425484564382,3.34816058520073,0.0370442667153244,0.847487152411095,0.971364821464102,0.971364821464102,"plaq_d"
"13897","UBE2M","Exc L6 CT",0.0038721649554512,4.88590303013043,0.0226898957704841,0.880353511063107,0.983017430092107,0.983017430092107,"plaq_d"
"13898","MZF1-AS1","Exc L6 CT",-0.00266130240454568,2.97711961548237,0.00312264505803801,0.955468950491731,0.998742420766286,0.998742420766286,"plaq_d"
"13899","MZF1","Exc L6 CT",-0.0152684939609179,5.49046835258259,0.68919844056335,0.407005980463798,0.739183770447835,0.739183770447835,"plaq_d"
"13900","RPS4Y1","Exc L6 CT",-0.0759767478601578,4.11831553146451,2.57717063413891,0.109321817015554,0.406560805413567,0.406560805413567,"plaq_d"
"13901","ZFY","Exc L6 CT",-0.0319229534164566,4.14464404932264,0.493971383856678,0.482630708542748,0.791969871216391,0.791969871216391,"plaq_d"
"13902","PCDH11Y","Exc L6 CT",-0.0874239575703864,7.35163877741115,5.30046987380803,0.0219090651966975,0.176009828166215,0.176009828166215,"plaq_d"
"13903","TBL1Y","Exc L6 CT",-0.0452591837571639,3.39228261472137,0.422450232652512,0.516145520441419,0.812108917318635,0.812108917318635,"plaq_d"
"13904","TTTY15","Exc L6 CT",-0.0419913233551351,4.9588601391863,0.988755165179021,0.320737314106477,0.665360749502382,0.665360749502382,"plaq_d"
"13905","USP9Y","Exc L6 CT",-0.027545742658409,7.07615388413671,0.33831908162787,0.561177450403137,0.838424628348278,0.838424628348278,"plaq_d"
"13906","DDX3Y","Exc L6 CT",0.0283805355307946,4.59559492962808,0.557672019939652,0.455703679676835,0.775175490089533,0.775175490089533,"plaq_d"
"13907","UTY","Exc L6 CT",-0.0136876592624594,6.67381446443065,0.0739046030379665,0.785895391581178,0.949842286091107,0.949842286091107,"plaq_d"
"13908","NLGN4Y","Exc L6 CT",-0.102589314683443,7.74434525983479,2.47442363750642,0.116620024927688,0.417108541331427,0.417108541331427,"plaq_d"
"13909","HSFY2","Exc L6 CT",0.0999963902796598,1.83316629642683,1.24412726385817,0.265446319591926,0.612523248979044,0.612523248979044,"plaq_d"
"13910","TTTY14","Exc L6 CT",-0.0388145628064976,7.76069013743657,0.562279919289391,0.453849424949178,0.77421688844275,0.77421688844275,"plaq_d"
"13911","KDM5D","Exc L6 CT",-0.0219237122971464,4.80080687877115,0.294215509257378,0.587878691131937,0.854918776521248,0.854918776521248,"plaq_d"
"13912","TTTY10","Exc L6 CT",-0.0341551821841966,4.82713283037525,0.658142822939393,0.417770551238806,0.746439431003449,0.746439431003449,"plaq_d"
"13913","EIF1AY","Exc L6 CT",-0.0126448658124616,2.47437728575474,0.0641617826744692,0.800184521743114,0.955337234617173,0.955337234617173,"plaq_d"
"13914","IL17RA","Exc L6 CT",0.0120334022116749,3.68544288215325,0.08785685345937,0.767096323415741,0.941167531982691,0.941167531982691,"plaq_d"
"13915","TMEM121B","Exc L6 CT",0.00839503481116251,3.00925646504974,0.0386794414296064,0.844199827093909,0.970793189054499,0.970793189054499,"plaq_d"
"13916","LINC01664","Exc L6 CT",0.0420082453769572,2.22274574114074,0.419974783619426,0.517376723989815,0.812590515545539,0.812590515545539,"plaq_d"
"13917","HDHD5","Exc L6 CT",-0.026361754114907,4.74166056798924,1.06626819856468,0.302506564915181,0.648589912010478,0.648589912010478,"plaq_d"
"13918","HDHD5-AS1","Exc L6 CT",-0.0724051241788138,3.50044439545181,3.40664831261883,0.065782966917453,0.31450874286864,0.31450874286864,"plaq_d"
"13919","ADA2","Exc L6 CT",-0.0737804265742623,1.59607992089888,0.632673210794011,0.426918329641178,0.753310453274045,0.753310453274045,"plaq_d"
"13920","ATP6V1E1","Exc L6 CT",0.018551013025104,5.78315809636713,1.24542381021046,0.265197864250353,0.612315710304424,0.612315710304424,"plaq_d"
"13921","BCL2L13","Exc L6 CT",0.00304599829624681,5.77714052805598,0.0334354613020534,0.855019262509248,0.974800354737319,0.974800354737319,"plaq_d"
"13922","BID","Exc L6 CT",0.0216910598914531,4.67835218731413,0.638068958528565,0.424955428347717,0.751434144505804,0.751434144505804,"plaq_d"
"13923","MICAL3","Exc L6 CT",-0.0291423611742083,7.38463192739913,3.95948999404009,0.047389585771447,0.265877818844034,0.265877818844034,"plaq_d"
"13924","PEX26","Exc L6 CT",0.00394886693839486,5.04850132240133,0.0332744595952643,0.855364871830597,0.974800354737319,0.974800354737319,"plaq_d"
"13925","TUBA8","Exc L6 CT",0.0452554933608307,3.86239222517317,1.45460996270386,0.22860854400558,0.571164283148963,0.571164283148963,"plaq_d"
"13926","AC008079.2","Exc L6 CT",-0.00381182058065162,2.16419882203119,0.000826049925251505,0.977087555091432,0.999093977007575,0.999093977007575,"plaq_d"
"13927","TMEM191B","Exc L6 CT",0.0742255269711238,2.91737689541748,1.50204527516798,0.221185237392527,0.560102493843945,0.560102493843945,"plaq_d"
"13928","AC007326.4","Exc L6 CT",-0.0792711951675682,2.40285638569371,1.60741745454746,0.205702340531429,0.541440101515592,0.541440101515592,"plaq_d"
"13929","DGCR9","Exc L6 CT",-0.0968468238592879,2.44579844132503,2.70778335005553,0.100762002319432,0.389881992198646,0.389881992198646,"plaq_d"
"13930","DGCR2","Exc L6 CT",0.0299073988720361,6.30838134332133,4.25473133478785,0.0398823159713958,0.242767788889731,0.242767788889731,"plaq_d"
"13931","ESS2","Exc L6 CT",0.0208275352053265,2.87152487617028,0.196306792422666,0.657993698114103,0.8892526082481,0.8892526082481,"plaq_d"
"13932","SLC25A1","Exc L6 CT",0.0386867980373789,3.12097344675979,0.841764314557947,0.359527707464529,0.701124766695639,0.701124766695639,"plaq_d"
"13933","CLTCL1","Exc L6 CT",-0.0738193290510215,4.88157026092667,5.81274253743792,0.0164277943940118,0.151204430591407,0.151204430591407,"plaq_d"
"13934","HIRA","Exc L6 CT",-0.00399344343393157,4.70779805625663,0.0288530089401916,0.865217520762106,0.977498132802008,0.977498132802008,"plaq_d"
"13935","MRPL40","Exc L6 CT",-0.10224309890941,2.63196714668618,3.70421820657279,0.0920454943738178,0.373425809564815,0.373425809564815,"plaq_d"
"13936","UFD1","Exc L6 CT",0.00242312262550916,3.99063306041236,0.00648838354961996,0.959429095362448,0.998742420766286,0.998742420766286,"plaq_d"
"13937","GNB1L","Exc L6 CT",0.0346628972820361,3.60024112428921,1.08255208700094,0.298849245603565,0.645995581805218,0.645995581805218,"plaq_d"
"13938","TXNRD2","Exc L6 CT",-0.0448158973827515,4.82347168623664,3.55363535415752,0.0602476240132097,0.302519984406755,0.302519984406755,"plaq_d"
"13939","COMT","Exc L6 CT",-0.0107626253150653,5.28858357809024,0.307486833405178,0.701858751590732,0.909622462442533,0.909622462442533,"plaq_d"
"13940","ARVCF","Exc L6 CT",-0.00281842024405596,3.85141598361689,0.00800063585180198,0.938153445380751,0.996248409160424,0.996248409160424,"plaq_d"
"13941","TANGO2","Exc L6 CT",-0.00994858040217284,5.43907072611645,0.264562829823632,0.607328914457112,0.864116890789822,0.864116890789822,"plaq_d"
"13942","AC006547.1","Exc L6 CT",0.0353704579847799,2.50599489945483,0.386674322411289,0.534459648690654,0.822542051475354,0.822542051475354,"plaq_d"
"13943","DGCR8","Exc L6 CT",-0.0487521038297483,4.97527051777054,4.9499095904351,0.0267323991415036,0.196562060643507,0.196562060643507,"plaq_d"
"13944","TRMT2A","Exc L6 CT",-0.0111524205532765,3.35166825696875,0.0946220110630322,0.7585653692687,0.937687365274961,0.937687365274961,"plaq_d"
"13945","RANBP1","Exc L6 CT",-0.0115400034830496,4.00755400327381,0.131865050619384,0.878796201841066,0.982373752376257,0.982373752376257,"plaq_d"
"13946","ZDHHC8","Exc L6 CT",0.0152576332089634,4.8085198643967,0.374886362276384,0.540752377830244,0.826924923650329,0.826924923650329,"plaq_d"
"13947","RTN4R","Exc L6 CT",-0.0414933931401222,3.5250728632819,1.14199844351807,0.285970729240251,0.632580611269615,0.632580611269615,"plaq_d"
"13948","DGCR6L","Exc L6 CT",0.056520558004642,3.56436466447592,2.76687073868856,0.0971338620883584,0.383316633394739,0.383316633394739,"plaq_d"
"13949","ZNF74","Exc L6 CT",0.00787673732830384,3.89015780075906,0.0574128217697248,0.824708766795881,0.963985585882276,0.963985585882276,"plaq_d"
"13950","SCARF2","Exc L6 CT",-0.0742754623322819,2.07928692703828,1.00509724495174,0.316776448876337,0.661481262809038,0.661481262809038,"plaq_d"
"13951","KLHL22","Exc L6 CT",-0.0237779761128686,6.30392875182731,2.70727151143907,0.100794072753521,0.389881992198646,0.389881992198646,"plaq_d"
"13952","MED15","Exc L6 CT",0.017922222079652,6.3207467287944,2.00999619499142,0.189473827495954,0.522841713749616,0.522841713749616,"plaq_d"
"13953","PI4KA","Exc L6 CT",0.0115193643345239,8.44208779435937,1.68838720800965,0.19467336552117,0.529076414959932,0.529076414959932,"plaq_d"
"13954","SNAP29","Exc L6 CT",-0.0429597707657085,4.61546873126744,3.17741245070517,0.0755340677636467,0.338013192267783,0.338013192267783,"plaq_d"
"13955","CRKL","Exc L6 CT",0.0309277524223478,5.22423811472927,2.6600090291426,0.103804279561827,0.395335028722767,0.395335028722767,"plaq_d"
"13956","LINC01637","Exc L6 CT",-0.0751620144529222,2.19736588353419,1.39678405621918,0.238069268433856,0.582963971487291,0.582963971487291,"plaq_d"
"13957","AIFM3","Exc L6 CT",-0.00301973787244211,3.30422872891256,0.00471030434104025,0.945322214561963,0.997609533382524,0.997609533382524,"plaq_d"
"13958","LZTR1","Exc L6 CT",-0.0478483947289984,4.44615614602995,3.12689636394173,0.0778857981348818,0.343202923155727,0.343202923155727,"plaq_d"
"13959","THAP7","Exc L6 CT",0.0209960679964957,3.03782813724401,0.251319641548201,0.666860724866611,0.893533785850682,0.893533785850682,"plaq_d"
"13960","P2RX6","Exc L6 CT",0.0915617245540867,3.30391338737141,4.56989870468396,0.0332344268987249,0.221501300756501,0.221501300756501,"plaq_d"
"13961","GGT2","Exc L6 CT",-0.245597929439902,1.69698095747793,7.08827582247489,0.00811898115456238,0.102168577535909,0.102168577535909,"plaq_d"
"13962","HIC2","Exc L6 CT",0.0110992144286359,6.79183971086255,0.441947927271157,0.506623811056987,0.806312025096312,0.806312025096312,"plaq_d"
"13963","TMEM191C","Exc L6 CT",-0.0508557839277423,3.33505645478434,1.37608307527701,0.241571316174986,0.586847902068022,0.586847902068022,"plaq_d"
"13964","UBE2L3","Exc L6 CT",0.0187952508514143,6.02822352052204,1.50657444114548,0.220491717501604,0.559553062034639,0.559553062034639,"plaq_d"
"13965","YDJC","Exc L6 CT",-0.081235557403846,2.84544287131861,2.77174636682931,0.0968409385957127,0.383181234731172,0.383181234731172,"plaq_d"
"13966","PPIL2","Exc L6 CT",0.0169984618268185,5.66526782542645,0.987340241937769,0.364842603097155,0.705381965375591,0.705381965375591,"plaq_d"
"13967","YPEL1","Exc L6 CT",0.00876518175831934,6.57044433489764,0.256186442010815,0.613072613520464,0.868496069595123,0.868496069595123,"plaq_d"
"13968","MAPK1","Exc L6 CT",0.0588067091907193,7.72079123603708,29.3220072847495,1.1446558194452e-07,6.10313525064188e-05,6.10313525064188e-05,"plaq_d"
"13969","PPM1F","Exc L6 CT",-0.0062037097617832,4.78133949956009,0.0858149770058106,0.769741033074385,0.942839437772385,0.942839437772385,"plaq_d"
"13970","AC245452.1","Exc L6 CT",-0.0857467814979328,2.47358674104284,1.84784897452106,0.174913479957936,0.503208324835022,0.503208324835022,"plaq_d"
"13971","TOP3B","Exc L6 CT",0.0545061540189295,4.11362400981728,3.50195226436668,0.0621348842506896,0.306858934364641,0.306858934364641,"plaq_d"
"13972","IGLV10-54","Exc L6 CT",-0.285785151330828,2.41700122661705,8.45232594393856,0.00387942232571388,0.0674327510788293,0.0674327510788293,"plaq_d"
"13973","AC245060.6","Exc L6 CT",-0.0560735892500505,2.32674466851717,0.707548332791862,0.400836194051718,0.73389913789965,0.73389913789965,"plaq_d"
"13974","AC245060.5","Exc L6 CT",0.0617214085757516,5.54183889038511,2.89598072133064,0.0896933437260441,0.367451729163384,0.367451729163384,"plaq_d"
"13975","ZNF280B","Exc L6 CT",-0.00241193230577819,4.38999567520661,0.00950435117475282,0.922393159481255,0.992627684679289,0.992627684679289,"plaq_d"
"13976","GGTLC2","Exc L6 CT",-0.171487358563788,1.74655892027499,2.91389216648651,0.0887111950207127,0.364881818148051,0.364881818148051,"plaq_d"
"13977","RSPH14","Exc L6 CT",0.0235190870187828,3.32829910209923,0.373301100628716,0.686411039575472,0.901356683912113,0.901356683912113,"plaq_d"
"13978","GNAZ","Exc L6 CT",0.0203290999441317,4.84043167858837,0.813065044563161,0.36783890324057,0.707658539496358,0.707658539496358,"plaq_d"
"13979","RAB36","Exc L6 CT",-0.0142743508392225,2.83913350976494,0.0928859428337663,0.760721926616369,0.938580121320642,0.938580121320642,"plaq_d"
"13980","BCR","Exc L6 CT",0.00137822956677113,5.7620493940112,0.00440705273734407,0.947108905341604,0.997964805243233,0.997964805243233,"plaq_d"
"13981","PCAT14","Exc L6 CT",-0.0184329228330126,2.57691357426504,0.113944549302753,0.735900650869661,0.926928262080338,0.926928262080338,"plaq_d"
"13982","DRICH1","Exc L6 CT",-0.000302643420668729,2.65416850821364,3.36690126138588e-06,0.998537003823069,0.999906738276838,0.999906738276838,"plaq_d"
"13983","ZNF70","Exc L6 CT",0.00218107619144758,2.55454093167385,0.00188625708424583,0.984697910022973,0.999571689696322,0.999571689696322,"plaq_d"
"13984","CHCHD10","Exc L6 CT",-0.0283502199528736,5.32466034636503,2.10184844403516,0.150381338189077,0.470525917098447,0.470525917098447,"plaq_d"
"13985","SMARCB1","Exc L6 CT",-0.0192675240443439,5.03767900163146,0.924981203520055,0.336837862008163,0.681160208639471,0.681160208639471,"plaq_d"
"13986","AP000350.5","Exc L6 CT",-0.0187787537967069,1.9867757359151,0.0798467934274687,0.792129469741142,0.952057315516695,0.952057315516695,"plaq_d"
"13987","AP000350.4","Exc L6 CT",0.0664415700098087,2.49042660206056,1.37995031848074,0.240912334825274,0.586038183870336,0.586038183870336,"plaq_d"
"13988","GSTT2B","Exc L6 CT",0.0231994670839741,3.48055746027122,0.212431930791209,0.645155666581796,0.882186642867737,0.882186642867737,"plaq_d"
"13989","DDT","Exc L6 CT",-0.0369827857084772,3.34771359257018,0.887100186486102,0.346917330069077,0.690954881526623,0.690954881526623,"plaq_d"
"13990","CABIN1","Exc L6 CT",-0.00465568546370265,6.53013548046942,0.111179915323502,0.983925734452557,0.999571689696322,0.999571689696322,"plaq_d"
"13991","GUCD1","Exc L6 CT",-0.0225169205009028,2.61260585880371,0.19334357375513,0.673810971514152,0.895548968504857,0.895548968504857,"plaq_d"
"13992","SNRPD3","Exc L6 CT",-0.00946875147619494,5.17329231583893,0.279911865611928,0.597096093530093,0.858855692910863,0.858855692910863,"plaq_d"
"13993","GGT1","Exc L6 CT",-0.0462914802007797,3.13900682297278,1.11592018726728,0.29153100954335,0.638989100698245,0.638989100698245,"plaq_d"
"13994","LRRC75B","Exc L6 CT",-0.0666836620601897,2.87150743233368,2.24087922779707,0.135310426432585,0.448211895748617,0.448211895748617,"plaq_d"
"13995","SGSM1","Exc L6 CT",0.00443489396674116,8.05028805551462,0.16866185866816,0.743783793678311,0.930683311064143,0.930683311064143,"plaq_d"
"13996","KIAA1671","Exc L6 CT",-0.0110094853169993,7.18592245037672,0.630739084954941,0.427625270463749,0.753868894635823,0.753868894635823,"plaq_d"
"13997","AL022323.4","Exc L6 CT",-0.180830610388986,2.37002459536898,6.6382539383027,0.0103924991292424,0.118053486230092,0.118053486230092,"plaq_d"
"13998","CRYBB2","Exc L6 CT",0.249693206472935,1.92177309953909,10.2099161723107,0.00152456676782182,0.0368329953431059,0.0368329953431059,"plaq_d"
"13999","LRP5L","Exc L6 CT",-0.0929270732404992,3.01550765291187,4.30803519615968,0.0386663804101813,0.237967677928953,0.237967677928953,"plaq_d"
"14000","GRK3","Exc L6 CT",0.0334579795205149,8.14130646153073,8.72430672089347,0.003353402030498,0.0611621240355973,0.0611621240355973,"plaq_d"
"14001","MYO18B","Exc L6 CT",-0.0906666619830322,2.13128614156806,1.63458151699017,0.201922047395334,0.537910768745972,0.537910768745972,"plaq_d"
"14002","SEZ6L","Exc L6 CT",-0.00295826146598624,8.04113609021443,0.0279916080535263,0.867225676075777,0.978043661483368,0.978043661483368,"plaq_d"
"14003","ASPHD2","Exc L6 CT",0.0177593781480815,4.48952900560925,0.430495499689374,0.753285216932724,0.935256057176671,0.935256057176671,"plaq_d"
"14004","HPS4","Exc L6 CT",0.0224926835728679,4.8357882326624,1.1621191303356,0.281772731787768,0.627848623274301,0.627848623274301,"plaq_d"
"14005","SRRD","Exc L6 CT",0.0237789946846548,2.87255008730316,0.274480866672767,0.600674990791762,0.860360398389652,0.860360398389652,"plaq_d"
"14006","TFIP11","Exc L6 CT",-0.0260757331171566,3.31404741042302,0.442497009746658,0.506360072644284,0.806312025096312,0.806312025096312,"plaq_d"
"14007","Z95115.1","Exc L6 CT",-0.00744617531176799,2.29932837555377,0.0131174870670082,0.910869681685424,0.989675151298007,0.989675151298007,"plaq_d"
"14008","TPST2","Exc L6 CT",-0.00915749943973868,4.39607070581443,0.113716560017346,0.736155098488871,0.926997800483416,0.926997800483416,"plaq_d"
"14009","MIAT","Exc L6 CT",-0.0284082773990918,8.25920092213255,3.15270055171505,0.0766747786492884,0.341242055572818,0.341242055572818,"plaq_d"
"14010","Z99774.1","Exc L6 CT",0.0442175637658044,3.29797720294112,0.369465816328092,0.543691820179437,0.828340294560607,0.828340294560607,"plaq_d"
"14011","MIATNB","Exc L6 CT",0.0483338667274868,4.29182010314528,1.55732105048482,0.212896447561724,0.549848808593216,0.549848808593216,"plaq_d"
"14012","PITPNB","Exc L6 CT",-0.000661704215409638,5.7532250375431,0.00195468962109089,0.964760862012279,0.998742420766286,0.998742420766286,"plaq_d"
"14013","TTC28","Exc L6 CT",0.0484315333896899,7.76154305157562,11.3037846645715,0.000859440899980787,0.0252500228492314,0.0252500228492314,"plaq_d"
"14014","CHEK2","Exc L6 CT",-0.0628467574074544,2.59066762119038,1.12218700650128,0.290182312573058,0.637002831930733,0.637002831930733,"plaq_d"
"14015","HSCB","Exc L6 CT",-0.0677608915133481,4.43371706989422,5.22030437643967,0.0229256122450839,0.18037845775799,0.18037845775799,"plaq_d"
"14016","CCDC117","Exc L6 CT",0.0769478620979776,3.72259463679273,6.54557008687797,0.0109370539390398,0.121456209933614,0.121456209933614,"plaq_d"
"14017","XBP1","Exc L6 CT",-0.113207439159967,3.40375399570625,8.00800377328999,0.00492720076446261,0.0768506944250284,0.0768506944250284,"plaq_d"
"14018","Z93930.2","Exc L6 CT",-0.0457921899121667,4.56121059143179,2.25587119870056,0.134014833657337,0.446432631755856,0.446432631755856,"plaq_d"
"14019","ZNRF3","Exc L6 CT",-0.00160395203901296,6.99699737515893,0.0125216723222955,0.910966954072267,0.989675151298007,0.989675151298007,"plaq_d"
"14020","ZNRF3-AS1","Exc L6 CT",-0.173456731685091,1.49860553221628,2.8970399678622,0.089634933175105,0.367451729163384,0.367451729163384,"plaq_d"
"14021","KREMEN1","Exc L6 CT",-0.00664267213282871,3.80160376601493,0.0389846939386745,0.843594197521532,0.970611654227969,0.970611654227969,"plaq_d"
"14022","EMID1","Exc L6 CT",0.030863173179575,4.62201043688827,1.14233516588523,0.285899823426582,0.632580611269615,0.632580611269615,"plaq_d"
"14023","RHBDD3","Exc L6 CT",-0.0641523562679588,4.78889803750641,7.39343451111578,0.00687417812203171,0.0924002504619688,0.0924002504619688,"plaq_d"
"14024","EWSR1","Exc L6 CT",0.036572958876066,6.10024082400448,6.5211310598682,0.011085485996207,0.122291481097255,0.122291481097255,"plaq_d"
"14025","GAS2L1","Exc L6 CT",0.0109813897726996,4.33381692308211,0.206649314385688,0.649689675142475,0.884521710171276,0.884521710171276,"plaq_d"
"14026","RASL10A","Exc L6 CT",-0.00234260951504177,4.83915922771843,0.00676669891484645,0.9344872695624,0.995676697651708,0.995676697651708,"plaq_d"
"14027","AP1B1","Exc L6 CT",-0.00195010156952445,5.63750016488604,0.0123894045876732,0.911436480508709,0.989796215200574,0.989796215200574,"plaq_d"
"14028","RFPL1S","Exc L6 CT",0.0262739021347638,6.98811361886791,3.14294160412105,0.0771303677690692,0.341242055572818,0.341242055572818,"plaq_d"
"14029","NEFH","Exc L6 CT",0.0983714063220434,3.61662745740307,5.76515130173453,0.0168709341423825,0.153620473063718,0.153620473063718,"plaq_d"
"14030","THOC5","Exc L6 CT",-0.0256112760315549,4.59197765965956,0.996896201289442,0.399382463464247,0.732156148875288,0.732156148875288,"plaq_d"
"14031","NIPSNAP1","Exc L6 CT",-0.0352522676910552,4.53125502549861,1.64882896101296,0.199972134228742,0.535879383276983,0.535879383276983,"plaq_d"
"14032","NF2","Exc L6 CT",0.0399611315484319,5.28200257683091,5.12632541528393,0.0395759672235052,0.241823270012556,0.241823270012556,"plaq_d"
"14033","CABP7","Exc L6 CT",0.130966175547826,1.67957040273126,1.49145075184816,0.222817754056613,0.562455617639664,0.562455617639664,"plaq_d"
"14034","ZMAT5","Exc L6 CT",0.0473738992479988,3.18967919653609,1.45641055637378,0.345634041569286,0.689444820143484,0.689444820143484,"plaq_d"
"14035","UQCR10","Exc L6 CT",0.0160115245483869,4.86162081798053,0.489928628007998,0.484426516113017,0.79265789110741,0.79265789110741,"plaq_d"
"14036","ASCC2","Exc L6 CT",-0.0425437892274007,4.81326789163687,3.50771101308872,0.0619215018772076,0.306646694538796,0.306646694538796,"plaq_d"
"14037","MTMR3","Exc L6 CT",0.00292264613669613,6.19616695001764,0.0406985302827457,0.913189888132737,0.989967061646606,0.989967061646606,"plaq_d"
"14038","TBC1D10A","Exc L6 CT",-0.132444602144198,2.59305368547309,5.39252458732096,0.0207993732017511,0.17149357194296,0.17149357194296,"plaq_d"
"14039","SF3A1","Exc L6 CT",0.0589142239792865,3.75517123528433,3.2501928737211,0.0722795525837559,0.3292341865584,0.3292341865584,"plaq_d"
"14040","CCDC157","Exc L6 CT",-0.126195336109972,2.95262269621201,8.06293486062582,0.0047833464587203,0.0754228429569961,0.0754228429569961,"plaq_d"
"14041","RNF215","Exc L6 CT",-0.00860191034397041,4.16360716212081,0.0886672931746083,0.766055889156307,0.94094561525816,0.94094561525816,"plaq_d"
"14042","SEC14L2","Exc L6 CT",-0.0859189911163727,2.51425559295546,2.14997665443095,0.143474559238151,0.459964512667277,0.459964512667277,"plaq_d"
"14043","GAL3ST1","Exc L6 CT",-0.011193222618417,2.65922138921142,0.0417816232684754,0.979130930371847,0.999391941386088,0.999391941386088,"plaq_d"
"14044","PES1","Exc L6 CT",-0.00904979679795138,3.21298478775416,0.0495202486287913,0.824030662507269,0.963985585882276,0.963985585882276,"plaq_d"
"14045","SLC35E4","Exc L6 CT",-0.0290771915230411,4.04868958053911,1.02639630048068,0.311710044013536,0.656241268443824,0.656241268443824,"plaq_d"
"14046","DUSP18","Exc L6 CT",0.013384485775168,4.35374892905686,0.188120487370027,0.664754141487513,0.892788564311432,0.892788564311432,"plaq_d"
"14047","OSBP2","Exc L6 CT",0.0129930761551043,7.5752182186089,1.15966312485665,0.282280942941832,0.628251541450746,0.628251541450746,"plaq_d"
"14048","MORC2-AS1","Exc L6 CT",-0.0965707020922517,2.26541965715196,1.85628209817984,0.173935111546109,0.501998770212065,0.501998770212065,"plaq_d"
"14049","MORC2","Exc L6 CT",-0.0288424370175162,3.98892780349456,1.06219271990883,0.303430953348208,0.649352163579724,0.649352163579724,"plaq_d"
"14050","SELENOM","Exc L6 CT",0.00897743708220196,4.12764989210219,0.0788760565799575,0.778993164695851,0.947280433890889,0.947280433890889,"plaq_d"
"14051","INPP5J","Exc L6 CT",0.0210488215436006,3.8877354775914,0.370998177640429,0.542857870506666,0.828340294560607,0.828340294560607,"plaq_d"
"14052","RNF185","Exc L6 CT",0.050957506427556,5.32632141826685,5.85672526743465,0.0160289755727951,0.14945151058676,0.14945151058676,"plaq_d"
"14053","LIMK2","Exc L6 CT",0.0278287008439038,4.63197265479128,0.770334318498049,0.380718836446734,0.716729223157733,0.716729223157733,"plaq_d"
"14054","PIK3IP1","Exc L6 CT",-0.0443523192959192,3.93634329166326,2.20082191559903,0.138841752495042,0.453511494683585,0.453511494683585,"plaq_d"
"14055","PIK3IP1-AS1","Exc L6 CT",0.0551907116432374,2.73167732686675,1.15147055968904,0.30092498842401,0.647550991532443,0.647550991532443,"plaq_d"
"14056","PATZ1","Exc L6 CT",-0.0321350043688649,2.76309302750785,0.428292902170329,0.626170864400454,0.874755532645215,0.874755532645215,"plaq_d"
"14057","DRG1","Exc L6 CT",0.0126019098507153,4.99884389455655,0.408709509370884,0.523045585450835,0.81638104072308,0.81638104072308,"plaq_d"
"14058","EIF4ENIF1","Exc L6 CT",-0.000932685268564928,5.18918093193634,0.00226673790900236,0.962054141623878,0.998742420766286,0.998742420766286,"plaq_d"
"14059","SFI1","Exc L6 CT",0.00226938244355442,5.50426845974356,0.0140563437209396,0.910313420121056,0.989644464285057,0.989644464285057,"plaq_d"
"14060","PISD","Exc L6 CT",-0.0466161251706238,5.85156128907408,9.74843745496856,0.0046304760572147,0.0740980047595077,0.0740980047595077,"plaq_d"
"14061","PRR14L","Exc L6 CT",-0.00262040915153079,6.15606038032151,0.0319724520975841,0.908253978790092,0.989447950029737,0.989447950029737,"plaq_d"
"14062","Z82190.2","Exc L6 CT",-0.122754017803902,3.14467953551497,8.39050359783155,0.00401032850668548,0.0684767590488767,0.0684767590488767,"plaq_d"
"14063","YWHAH","Exc L6 CT",0.0731058768965523,6.7076307336238,18.7362383237794,1.96444409467153e-05,0.00208047896796646,0.00208047896796646,"plaq_d"
"14064","RFPL2","Exc L6 CT",0.0104708651454014,4.94081614453274,0.0620152463033052,0.803485480900891,0.956581456216695,0.956581456216695,"plaq_d"
"14065","SLC5A4-AS1","Exc L6 CT",0.051578162136623,6.69789291008581,1.71805950218215,0.190806864469285,0.524037114778383,0.524037114778383,"plaq_d"
"14066","SLC5A4","Exc L6 CT",0.0294213178500013,2.63433193207814,0.174023887774843,0.676817213116133,0.896053450075137,0.896053450075137,"plaq_d"
"14067","AL008723.1","Exc L6 CT",0.043304624778313,2.82802073778444,0.399990505714652,0.527509235901319,0.818249913461131,0.818249913461131,"plaq_d"
"14068","RTCB","Exc L6 CT",-0.00206934466718612,5.06784268204797,0.0103810397761707,0.962052579797455,0.998742420766286,0.998742420766286,"plaq_d"
"14069","FBXO7","Exc L6 CT",-0.0247966271860297,4.98187085916573,1.37635775638205,0.241524437747888,0.586833047395543,0.586833047395543,"plaq_d"
"14070","SYN3","Exc L6 CT",-0.00500831305497237,6.54974188349952,0.0127996857546772,0.909988174147856,0.989478998057174,0.989478998057174,"plaq_d"
"14071","TIMP3","Exc L6 CT",-0.100431813144753,1.79716463608607,0.78066632160362,0.377547061730029,0.714072105997815,0.714072105997815,"plaq_d"
"14072","LARGE1","Exc L6 CT",-0.0135968139445509,9.47843337930644,1.85822592819471,0.173710495929483,0.50155160437241,0.50155160437241,"plaq_d"
"14073","HMGXB4","Exc L6 CT",-0.00241613070399778,5.38300896665929,0.0133968016285122,0.907921716874127,0.989420650042586,0.989420650042586,"plaq_d"
"14074","TOM1","Exc L6 CT",-0.0687745679571554,4.646625623838,8.04465898137228,0.00483072393125094,0.0759204167186556,0.0759204167186556,"plaq_d"
"14075","RASD2","Exc L6 CT",0.0685979351823169,3.43490279030348,2.68318226341009,0.102316187920334,0.392575650666612,0.392575650666612,"plaq_d"
"14076","RBFOX2","Exc L6 CT",0.00329927804531821,8.56975017197083,0.15945345931722,0.95604420766927,0.998742420766286,0.998742420766286,"plaq_d"
"14077","APOL2","Exc L6 CT",0.0576169734129628,4.36510186555419,3.23971741506479,0.0727385218733436,0.330482796747467,0.330482796747467,"plaq_d"
"14078","MYH9","Exc L6 CT",0.0358481854141998,5.14290767866955,1.59198155047498,0.207887809508557,0.543838972290824,0.543838972290824,"plaq_d"
"14079","FO393418.1","Exc L6 CT",0.0554074680905714,2.40190044760998,0.742118555478447,0.389575918329981,0.72368813676258,0.72368813676258,"plaq_d"
"14080","TXN2","Exc L6 CT",-0.00131463883949826,4.11680604587434,0.0021943140304134,0.962664809361129,0.998742420766286,0.998742420766286,"plaq_d"
"14081","FOXRED2","Exc L6 CT",0.0636848266126784,3.86312474203327,3.93962470263052,0.0479457010758348,0.267322351931726,0.267322351931726,"plaq_d"
"14082","EIF3D","Exc L6 CT",-0.0158796754057951,4.06932512939222,0.314099725983252,0.575535676255833,0.848046222659056,0.848046222659056,"plaq_d"
"14083","CACNG2","Exc L6 CT",-0.0137649657522098,7.31008832599766,1.12629514968275,0.289302516696962,0.635949591338401,0.635949591338401,"plaq_d"
"14084","AL049749.1","Exc L6 CT",-0.00268260566322987,2.71116425660054,0.00190029877822975,0.965254284080613,0.998742420766286,0.998742420766286,"plaq_d"
"14085","IFT27","Exc L6 CT",-0.116293683253206,3.73245786132146,11.7576458589261,0.000678606295325431,0.0219947847235621,0.0219947847235621,"plaq_d"
"14086","KCTD17","Exc L6 CT",0.00716502515417672,4.78591607684042,0.0955173968813493,0.789428944638245,0.951347690306994,0.951347690306994,"plaq_d"
"14087","Z82188.2","Exc L6 CT",-0.0710981746727433,2.33835112776586,1.40652036300152,0.281298205832524,0.627848623274301,0.627848623274301,"plaq_d"
"14088","C1QTNF6","Exc L6 CT",0.030397048705392,2.52589162277672,0.275353073783104,0.600097198190239,0.860319531034184,0.860319531034184,"plaq_d"
"14089","SSTR3","Exc L6 CT",-0.0250185320472865,2.83415087541538,0.28985010172152,0.590660590075741,0.856067189959118,0.856067189959118,"plaq_d"
"14090","ELFN2","Exc L6 CT",-0.0213516425625245,5.789495037647,1.44396214491646,0.230315909421267,0.573935923840846,0.573935923840846,"plaq_d"
"14091","GGA1","Exc L6 CT",-0.0154987741466699,5.23482960821254,0.58340385314144,0.445498445008501,0.76687739021193,0.76687739021193,"plaq_d"
"14092","Z83844.2","Exc L6 CT",-0.0162251710977974,1.94176590296957,0.040021281532757,0.841555762979584,0.969513185327633,0.969513185327633,"plaq_d"
"14093","LGALS1","Exc L6 CT",-0.0997565872301746,1.86835787942224,1.29785575818018,0.255388392004682,0.602716605131049,0.602716605131049,"plaq_d"
"14094","Z83844.1","Exc L6 CT",-0.0615466718612339,2.33090994706997,0.911022578416173,0.340505395137452,0.684396013073382,0.684396013073382,"plaq_d"
"14095","TRIOBP","Exc L6 CT",0.0308341835280151,2.7224613263766,0.335058391855168,0.563069835287075,0.839705492705166,0.839705492705166,"plaq_d"
"14096","H1F0","Exc L6 CT",0.104319020879223,3.77946679004226,8.15174411604534,0.00455980387694505,0.0735907361126692,0.0735907361126692,"plaq_d"
"14097","GCAT","Exc L6 CT",-0.0673271429736678,3.78162366516935,3.75097202130995,0.0535855487109299,0.285076703341666,0.285076703341666,"plaq_d"
"14098","ANKRD54","Exc L6 CT",-0.0343771972195793,3.90339241732174,1.21049416853259,0.271994322988051,0.618778488264219,0.618778488264219,"plaq_d"
"14099","EIF3L","Exc L6 CT",0.00132908303953065,5.33738752856788,0.00496377527373388,0.943872706547652,0.997609533382524,0.997609533382524,"plaq_d"
"14100","C22orf23","Exc L6 CT",0.10218198523155,1.60183002817962,1.4584836337498,0.227991200140055,0.570116608861599,0.570116608861599,"plaq_d"
"14101","POLR2F","Exc L6 CT",-0.0368380864107569,5.42449510465777,3.51665196570999,0.061591759263725,0.305688886227715,0.305688886227715,"plaq_d"
"14102","PICK1","Exc L6 CT",-0.01102281160606,5.25754743476318,0.282314120497183,0.595527232210714,0.858524486823489,0.858524486823489,"plaq_d"
"14103","AL031587.2","Exc L6 CT",-0.111264426800556,2.22433441663443,2.539911522969,0.11190830177484,0.409827502505874,0.409827502505874,"plaq_d"
"14104","BAIAP2L2","Exc L6 CT",-0.151920390693858,4.32725723623003,17.0709428507449,4.51438144055496e-05,0.00371365915532738,0.00371365915532738,"plaq_d"
"14105","PLA2G6","Exc L6 CT",-0.0125700544171042,3.99918080570044,0.164540849305652,0.955403608521148,0.998742420766286,0.998742420766286,"plaq_d"
"14106","MAFF","Exc L6 CT",0.0621138774573094,1.46885277027552,0.371349129806817,0.542667205996119,0.828340294560607,0.828340294560607,"plaq_d"
"14107","TMEM184B","Exc L6 CT",0.00863193107920416,6.21183444067515,0.355031005363295,0.95852764065359,0.998742420766286,0.998742420766286,"plaq_d"
"14108","CSNK1E","Exc L6 CT",0.0500480356191213,5.54514793552455,5.58061864023242,0.0187098200757497,0.16196426326548,0.16196426326548,"plaq_d"
"14109","TPTEP2-CSNK1E","Exc L6 CT",0.0217992911340837,6.12607984763112,1.37058612060105,0.242511794404488,0.587546245750086,0.587546245750086,"plaq_d"
"14110","KCNJ4","Exc L6 CT",0.0435123246489255,5.08214795815005,3.7336036358553,0.0541391262953626,0.286328751707583,0.286328751707583,"plaq_d"
"14111","KDELR3","Exc L6 CT",-0.0628655988309729,1.68630483081887,0.466298089685838,0.495149236308147,0.800145792924474,0.800145792924474,"plaq_d"
"14112","DDX17","Exc L6 CT",0.0135764569797575,7.85340798531408,1.29924669976942,0.255134343291571,0.602413319013523,0.602413319013523,"plaq_d"
"14113","DMC1","Exc L6 CT",0.0314960654514418,1.90033390920332,0.159772052114915,0.689611548226233,0.903470495477236,0.903470495477236,"plaq_d"
"14114","FAM227A","Exc L6 CT",-0.0282153820718943,4.68998406781565,1.0856800645145,0.298153257068526,0.645839891055938,0.645839891055938,"plaq_d"
"14115","CBY1","Exc L6 CT",-0.0495571263974739,4.64737445450787,4.91286602411668,0.0273031635133894,0.198513304009472,0.198513304009472,"plaq_d"
"14116","AL021707.2","Exc L6 CT",0.0444533728424587,2.28372556843866,0.496086209635863,0.481695665358791,0.791247238533222,0.791247238533222,"plaq_d"
"14117","TOMM22","Exc L6 CT",0.0374407691688146,3.18403459251602,0.796451598116132,0.420646271665218,0.748387279801809,0.748387279801809,"plaq_d"
"14118","JOSD1","Exc L6 CT",0.00574967250706193,5.24957131884121,0.0952723958386884,0.757763036943439,0.937500574066496,0.937500574066496,"plaq_d"
"14119","GTPBP1","Exc L6 CT",-0.0178620853062452,3.7120408135725,0.348048296123198,0.615318023147356,0.869428223272997,0.869428223272997,"plaq_d"
"14120","SUN2","Exc L6 CT",0.0430214483272722,4.17029254250621,1.78293217139015,0.182661942901562,0.512939640454317,0.512939640454317,"plaq_d"
"14121","NPTXR","Exc L6 CT",0.030928430992169,3.45850544424321,0.169896450862678,0.680457493913635,0.898044195304427,0.898044195304427,"plaq_d"
"14122","CBX6","Exc L6 CT",0.0164623726754401,6.03979832174744,1.02013504094059,0.313188322034747,0.657572346901371,0.657572346901371,"plaq_d"
"14123","CBX7","Exc L6 CT",0.0284211452269693,5.20135704418815,2.22572051294205,0.136634753006558,0.450216045841705,0.450216045841705,"plaq_d"
"14124","PDGFB","Exc L6 CT",0.108490480014811,2.54739421693696,3.28706832158017,0.0706885462796866,0.325871527277082,0.325871527277082,"plaq_d"
"14125","AL031590.1","Exc L6 CT",-0.0396645417995186,3.95573917205557,1.56252208807553,0.212135787731633,0.549044120108991,0.549044120108991,"plaq_d"
"14126","RPL3","Exc L6 CT",-0.0394547395324622,5.09443873555252,1.70033376699466,0.193105702400099,0.527204568889024,0.527204568889024,"plaq_d"
"14127","SYNGR1","Exc L6 CT",0.00743498959575836,6.42237684082498,0.266900500359037,0.905426689378316,0.989037303307553,0.989037303307553,"plaq_d"
"14128","TAB1","Exc L6 CT",0.0241242660211752,4.95250313307785,1.39634325489129,0.238143192896495,0.583043456557108,0.583043456557108,"plaq_d"
"14129","MGAT3","Exc L6 CT",0.000763502227909617,5.87505977615076,0.00230038156163858,0.961773791429827,0.998742420766286,0.998742420766286,"plaq_d"
"14130","MIEF1","Exc L6 CT",0.00380330465131617,3.56617705117239,0.0117416470870729,0.913773431172555,0.989967061646606,0.989967061646606,"plaq_d"
"14131","ATF4","Exc L6 CT",0.0265960264470945,4.57934451309085,1.03070937199669,0.310697034748303,0.655258498716168,0.655258498716168,"plaq_d"
"14132","RPS19BP1","Exc L6 CT",0.0396892089064543,3.52357361793957,1.06225743668392,0.303416245901523,0.649352163579724,0.649352163579724,"plaq_d"
"14133","CACNA1I","Exc L6 CT",0.0149761248982983,6.18346306736206,0.737032053853868,0.391203864932852,0.72508958923308,0.72508958923308,"plaq_d"
"14134","GRAP2","Exc L6 CT",-0.00918927386444674,1.54099064294614,0.00888532319841787,0.924955259518815,0.993407704701672,0.993407704701672,"plaq_d"
"14135","TNRC6B","Exc L6 CT",0.0111534531403671,8.92730131190178,1.93118734252622,0.165516481563026,0.49139518840613,0.49139518840613,"plaq_d"
"14136","SGSM3","Exc L6 CT",0.0371104155106991,2.80195199531324,0.444092251901502,0.505595174493521,0.805951515004842,0.805951515004842,"plaq_d"
"14137","AL022238.2","Exc L6 CT",-0.149814816178712,2.45696837008586,5.87408613135898,0.0158743266652429,0.148877398483933,0.148877398483933,"plaq_d"
"14138","MKL1","Exc L6 CT",0.00269147521099561,7.73526539732234,0.0617051365092822,0.872327272851987,0.980031678570479,0.980031678570479,"plaq_d"
"14139","SLC25A17","Exc L6 CT",0.0019102917103017,4.85623654674158,0.00643335218361785,0.936117763336429,0.996094671122864,0.996094671122864,"plaq_d"
"14140","ST13","Exc L6 CT",0.0179713712115209,5.6976733998327,1.09037556989166,0.297112403151684,0.644938202016231,0.644938202016231,"plaq_d"
"14141","XPNPEP3","Exc L6 CT",-0.00667605600011321,5.15360048482955,0.0999016125753377,0.752137114016122,0.934798056926193,0.934798056926193,"plaq_d"
"14142","RBX1","Exc L6 CT",-0.0214737681698979,5.65434235336289,1.41834539659051,0.278790240046177,0.626283530549105,0.626283530549105,"plaq_d"
"14143","EP300","Exc L6 CT",0.017389714361367,6.62880631347414,1.75306388307711,0.260855652693028,0.607981400145611,0.607981400145611,"plaq_d"
"14144","L3MBTL2","Exc L6 CT",-0.0141200815828241,4.43642497560361,0.312912531081607,0.654310067683248,0.887204269979093,0.887204269979093,"plaq_d"
"14145","RANGAP1","Exc L6 CT",0.026305815222318,5.89705453680974,2.79635876317499,0.0953769267403319,0.380404272861882,0.380404272861882,"plaq_d"
"14146","ZC3H7B","Exc L6 CT",0.0122182154770093,5.81076707269755,0.575358392295427,0.448650570154427,0.76954290574802,0.76954290574802,"plaq_d"
"14147","TEF","Exc L6 CT",0.0351236253097018,5.56018901231522,3.43726983778949,0.0645864182138208,0.312060743297684,0.312060743297684,"plaq_d"
"14148","TOB2","Exc L6 CT",-0.0261033306211229,4.57269429078204,1.00022060127449,0.317951636397497,0.662723119940808,0.662723119940808,"plaq_d"
"14149","PHF5A","Exc L6 CT",-0.0152635381656607,2.82607312776308,0.101075610288847,0.75073323809277,0.934200317837914,0.934200317837914,"plaq_d"
"14150","ACO2","Exc L6 CT",0.032097660626364,6.14761875544024,4.67378948316776,0.0313070710775487,0.213802938914796,0.213802938914796,"plaq_d"
"14151","POLR3H","Exc L6 CT",-0.00702166461557161,4.10999686629885,0.0631676000394384,0.838976496887273,0.968820749155593,0.968820749155593,"plaq_d"
"14152","CSDC2","Exc L6 CT",0.0120604151241133,3.69421688766125,0.128912254947494,0.719780145178192,0.917861329415248,0.917861329415248,"plaq_d"
"14153","PMM1","Exc L6 CT",-0.0227571788442198,3.91199183042626,0.491405812934895,0.48376906728646,0.792392705956979,0.792392705956979,"plaq_d"
"14154","DESI1","Exc L6 CT",-0.00282623546273072,4.45859373160344,0.0128814107122824,0.909702503592443,0.989478998057174,0.989478998057174,"plaq_d"
"14155","XRCC6","Exc L6 CT",-0.0194968027028013,5.5705974993552,1.16285841097476,0.281619982684045,0.627848623274301,0.627848623274301,"plaq_d"
"14156","SNU13","Exc L6 CT",0.0207406276717257,5.43655665584777,1.15116340497395,0.284048758710666,0.630672320397307,0.630672320397307,"plaq_d"
"14157","C22orf46","Exc L6 CT",-0.0315537014382168,2.82512232247231,0.418366602727018,0.518179343462645,0.813224662431945,0.813224662431945,"plaq_d"
"14158","MEI1","Exc L6 CT",-0.0693812257877523,2.50765642273437,1.45979394848323,0.227782831859131,0.569892535183185,0.569892535183185,"plaq_d"
"14159","CCDC134","Exc L6 CT",-0.049373443247175,3.42128487817341,1.53445609060517,0.216279304225926,0.555001223464605,0.555001223464605,"plaq_d"
"14160","SREBF2","Exc L6 CT",-0.0161636580100066,6.81600953322912,1.08211737905999,0.298946135751348,0.645995581805218,0.645995581805218,"plaq_d"
"14161","SHISA8","Exc L6 CT",-0.0565148769552899,1.56542251849782,0.300193580791836,0.584112143261129,0.852322430026867,0.852322430026867,"plaq_d"
"14162","SEPT3","Exc L6 CT",0.045764236020155,6.66176329540352,13.0603881829792,0.000346051768515964,0.0142336035987309,0.0142336035987309,"plaq_d"
"14163","WBP2NL","Exc L6 CT",-0.0615983994179923,4.69211836789372,3.43699170394948,0.0645971808159974,0.312060743297684,0.312060743297684,"plaq_d"
"14164","SMDT1","Exc L6 CT",-0.0199747029321645,3.88486605131963,0.442613838055534,0.561345870963519,0.838424628348278,0.838424628348278,"plaq_d"
"14165","NDUFA6","Exc L6 CT",-0.0611429213615669,3.18591902122217,2.64266977448085,0.123792542420176,0.429300433697226,0.429300433697226,"plaq_d"
"14166","TCF20","Exc L6 CT",0.0235178651724156,7.01417887464265,4.25570604183034,0.0398597234213106,0.242767788889731,0.242767788889731,"plaq_d"
"14167","RRP7A","Exc L6 CT",0.00793491764004988,4.26853753752355,0.0591928965570641,0.807919445238703,0.958107854321204,0.958107854321204,"plaq_d"
"14168","SERHL2","Exc L6 CT",-0.0548168581645343,3.81131688507148,2.22533085912698,0.136668986284671,0.450225795550143,0.450225795550143,"plaq_d"
"14169","POLDIP3","Exc L6 CT",0.013549361274584,4.19886167460416,0.245419578924451,0.620631413883988,0.871499203499209,0.871499203499209,"plaq_d"
"14170","CYB5R3","Exc L6 CT",-0.0312030521126616,4.79033626963185,2.13395817875116,0.153722160707992,0.475001697369973,0.475001697369973,"plaq_d"
"14171","ARFGAP3","Exc L6 CT",-0.0397997187446657,4.9579034071796,3.47809830630846,0.0630271759764679,0.308931509361058,0.308931509361058,"plaq_d"
"14172","PACSIN2","Exc L6 CT",-0.0316683909466254,5.5937029145801,2.37312027326323,0.124348362486187,0.430521203523404,0.430521203523404,"plaq_d"
"14173","TTLL1","Exc L6 CT",-0.0580135928415819,4.49144209255573,5.19819850471919,0.0232144808865358,0.180882348547158,0.180882348547158,"plaq_d"
"14174","MCAT","Exc L6 CT",-0.0452599244912094,2.98335081715407,1.02023507910834,0.392725332317779,0.726133301316047,0.726133301316047,"plaq_d"
"14175","TTLL12","Exc L6 CT",-0.0682677402291979,3.86057325919112,4.34245945639451,0.037901919556766,0.235884306771222,0.235884306771222,"plaq_d"
"14176","SCUBE1","Exc L6 CT",0.0143849689344218,2.09490487710955,0.0231003136495469,0.879284525327119,0.982442775318793,0.982442775318793,"plaq_d"
"14177","MPPED1","Exc L6 CT",-0.00516556715940584,6.83633250884996,0.121763999033421,0.727340022519725,0.921480855776992,0.921480855776992,"plaq_d"
"14178","EFCAB6-AS1","Exc L6 CT",0.0787050010377314,2.18175447233718,1.35478334813677,0.245240549620272,0.590875807921913,0.590875807921913,"plaq_d"
"14179","EFCAB6","Exc L6 CT",-0.0256413392924713,5.90918755059415,1.75330585776285,0.18633021785844,0.519243092584224,0.519243092584224,"plaq_d"
"14180","SULT4A1","Exc L6 CT",0.0385640199650767,6.58796455930985,9.29104078900183,0.00247888072045789,0.0504752006389133,0.0504752006389133,"plaq_d"
"14181","PNPLA5","Exc L6 CT",-0.0465348254070019,2.57441313485459,0.775754210528911,0.379050329867683,0.715271798240289,0.715271798240289,"plaq_d"
"14182","SAMM50","Exc L6 CT",-0.0363186431511752,4.12626458059673,1.70596659751441,0.192371684651329,0.525898741405342,0.525898741405342,"plaq_d"
"14183","PARVB","Exc L6 CT",0.000591064306140106,5.49582511134556,0.000775441480713825,0.977800332313533,0.999093977007575,0.999093977007575,"plaq_d"
"14184","AL031595.2","Exc L6 CT",0.195831757473585,1.91172867900857,4.41767786491288,0.0362863676478513,0.231140950733835,0.231140950733835,"plaq_d"
"14185","SHISAL1","Exc L6 CT",-0.00987310568110298,5.5344747864543,0.23559736948906,0.627709426066243,0.875460656621743,0.875460656621743,"plaq_d"
"14186","RTL6","Exc L6 CT",0.0326233027369498,3.38507416926551,0.753783832922121,0.625698090062974,0.874553740593438,0.874553740593438,"plaq_d"
"14187","PRR5","Exc L6 CT",-0.0537432680966182,3.53734037827066,1.78801567512868,0.182040996252978,0.512048101222718,0.512048101222718,"plaq_d"
"14188","PRR5-ARHGAP8","Exc L6 CT",0.00847346209831543,2.38868905536772,0.0202540502903683,0.887291491935661,0.984561966630565,0.984561966630565,"plaq_d"
"14189","NUP50-DT","Exc L6 CT",0.0130371105545835,6.12170913780037,0.550575866316887,0.458582701398495,0.775898728996668,0.775898728996668,"plaq_d"
"14190","NUP50","Exc L6 CT",0.0664737706997489,4.61109912398171,8.89365155124801,0.00306327300940023,0.058254792923812,0.058254792923812,"plaq_d"
"14191","KIAA0930","Exc L6 CT",0.0213744611984049,8.45004783105308,1.33009610084146,0.249579181637135,0.596695451786609,0.596695451786609,"plaq_d"
"14192","FAM118A","Exc L6 CT",-0.0693848532127018,5.00310009725658,1.90125180238803,0.168823385210535,0.495428902084156,0.495428902084156,"plaq_d"
"14193","RIBC2","Exc L6 CT",-0.064768039384609,2.68701423373997,1.0393406616134,0.308682677545318,0.653011548736769,0.653011548736769,"plaq_d"
"14194","ATXN10","Exc L6 CT",-0.00555316611914518,7.30607955448399,0.283540382770253,0.59472968529477,0.858224225105747,0.858224225105747,"plaq_d"
"14195","MIRLET7BHG","Exc L6 CT",-0.0130387308931069,5.83675891597602,0.517529959277042,0.47237978213824,0.784900662934223,0.784900662934223,"plaq_d"
"14196","TRMU","Exc L6 CT",-0.0575419614785791,4.76114689992372,7.07211533417911,0.00819103181193465,0.102716109725271,0.102716109725271,"plaq_d"
"14197","CELSR1","Exc L6 CT",-0.0153615970774018,1.92413759924897,0.0388619835557396,0.861854088681558,0.976581393772497,0.976581393772497,"plaq_d"
"14198","GRAMD4","Exc L6 CT",0.00672863934497598,5.11076743768277,0.0989159683998252,0.793966722989136,0.953000771778707,0.953000771778707,"plaq_d"
"14199","CERK","Exc L6 CT",-0.00688813394212374,4.59092901328674,0.081849039680654,0.774977246545538,0.945071786638676,0.945071786638676,"plaq_d"
"14200","AL118516.1","Exc L6 CT",-0.0265659685272778,3.01356049632308,0.305336162170452,0.580910840222823,0.851041833586362,0.851041833586362,"plaq_d"
"14201","TBC1D22A","Exc L6 CT",-0.0140121961769229,6.99379193534441,1.22749744983252,0.268659000800116,0.616746129089216,0.616746129089216,"plaq_d"
"14202","AL117329.1","Exc L6 CT",0.0645966158656946,6.56472393060062,1.85935176754443,0.173580554927985,0.50155160437241,0.50155160437241,"plaq_d"
"14203","FAM19A5","Exc L6 CT",0.0498127372407963,5.08925996702879,3.6630023555831,0.0564528598250639,0.292441658885074,0.292441658885074,"plaq_d"
"14204","BRD1","Exc L6 CT",-0.025734347553654,5.40385790070743,1.59858669352607,0.206949277422658,0.542535943748561,0.542535943748561,"plaq_d"
"14205","ZBED4","Exc L6 CT",-0.0351330377880449,4.61354523730161,2.07647814536628,0.156909780429677,0.479489110393893,0.479489110393893,"plaq_d"
"14206","ALG12","Exc L6 CT",-0.00299793717857996,3.49397285968763,0.00649451835727795,0.935815451855618,0.99600763307064,0.99600763307064,"plaq_d"
"14207","CRELD2","Exc L6 CT",-0.0377024414557843,3.47321141305064,1.03510516943678,0.30966901463535,0.653856722600542,0.653856722600542,"plaq_d"
"14208","PIM3","Exc L6 CT",0.020345058884296,3.37326599472307,0.28293807420286,0.595121142672964,0.858305951323258,0.858305951323258,"plaq_d"
"14209","MOV10L1","Exc L6 CT",-0.0674376296327729,3.28655374149037,1.65932140929409,0.198550320902048,0.533852785172102,0.533852785172102,"plaq_d"
"14210","PANX2","Exc L6 CT",-0.0416866253429634,4.35885784196604,1.58038028681511,0.209548503739361,0.546392597966868,0.546392597966868,"plaq_d"
"14211","TRABD","Exc L6 CT",-0.0477773343154438,4.20578363255117,2.78116143879211,0.0962780213249922,0.381718092810407,0.381718092810407,"plaq_d"
"14212","AL022328.3","Exc L6 CT",0.00197583814383044,1.87901212990663,0.000523438413374988,0.981760075106215,0.999571689696322,0.999571689696322,"plaq_d"
"14213","AL022328.4","Exc L6 CT",-0.0512515004340172,2.62280306109636,0.902840061278011,0.379044592873031,0.715271798240289,0.715271798240289,"plaq_d"
"14214","SELENOO","Exc L6 CT",-0.0344600844231345,6.26851305363697,4.20106415153786,0.0411473374830392,0.246209643072273,0.246209643072273,"plaq_d"
"14215","TUBGCP6","Exc L6 CT",0.0322607567649768,4.70995704462146,1.63733261463936,0.210886063374256,0.548296147432869,0.548296147432869,"plaq_d"
"14216","HDAC10","Exc L6 CT",-0.0145467401835384,3.94688386365692,0.172799457661083,0.677891794318633,0.896454368515282,0.896454368515282,"plaq_d"
"14217","MAPK12","Exc L6 CT",0.00582784655377238,3.72021721150293,0.0247487169694973,0.87508600971304,0.980656857406414,0.980656857406414,"plaq_d"
"14218","MAPK11","Exc L6 CT",-0.0118208777843826,4.78435226049874,0.20025198264398,0.654795787034613,0.887451908192465,0.887451908192465,"plaq_d"
"14219","PLXNB2","Exc L6 CT",0.0467147969340638,4.71216861181767,4.41929068904529,0.0362525311537256,0.231140950733835,0.231140950733835,"plaq_d"
"14220","DENND6B","Exc L6 CT",-0.0514031324458254,5.83147937936132,8.28107230150811,0.00425323000543019,0.0702979324433674,0.0702979324433674,"plaq_d"
"14221","PPP6R2","Exc L6 CT",-0.00836314226194723,7.25748947295696,0.626956552601077,0.429012945125254,0.754850864432071,0.754850864432071,"plaq_d"
"14222","SBF1","Exc L6 CT",0.0710017458506964,4.28816424993924,7.08210534431172,0.00814641468775934,0.102334891662289,0.102334891662289,"plaq_d"
"14223","LMF2","Exc L6 CT",-0.0281996984917724,4.16971495093537,0.982204478166052,0.359766935398553,0.70131412349324,0.70131412349324,"plaq_d"
"14224","NCAPH2","Exc L6 CT",0.0233857389735827,3.26887745651835,0.396786124458153,0.529166846509134,0.818867258634742,0.818867258634742,"plaq_d"
"14225","U62317.3","Exc L6 CT",0.113489146297859,3.5972040194076,11.5508910359805,0.000755629107259656,0.0235966087377658,0.0235966087377658,"plaq_d"
"14226","MAPK8IP2","Exc L6 CT",0.0731507757968668,6.07443620441381,18.9609438078371,1.75677351543251e-05,0.00193057339909667,0.00193057339909667,"plaq_d"
"14227","ARSA","Exc L6 CT",-0.0273559199093193,3.50120262709719,0.644033215811707,0.422801475294375,0.75023419676295,0.75023419676295,"plaq_d"
"14228","SHANK3","Exc L6 CT",0.031371056848984,5.27267004122812,2.09777578125492,0.148413456727822,0.46731411265392,0.46731411265392,"plaq_d"
"14229","RABL2B","Exc L6 CT",-0.016247681170158,5.21461789445771,0.629541870515099,0.428063750032529,0.754255861429697,0.754255861429697,"plaq_d"
"14230","FP565260.2","Exc L6 CT",0.0992719280870757,2.13380165026998,2.22848677747773,0.13639199811479,0.449621984167741,0.449621984167741,"plaq_d"
"14231","FP565260.6","Exc L6 CT",0.0416168980691849,1.80285111929045,0.246692468127914,0.619727124628054,0.87102638321245,0.87102638321245,"plaq_d"
"14232","CU633967.1","Exc L6 CT",-0.0315366659183256,3.68427910843142,0.186249138768317,0.666324022499202,0.893478550445554,0.893478550445554,"plaq_d"
"14233","U2AF1L5","Exc L6 CT",-0.235785533073903,2.26961571184676,5.20210030094448,0.0231632199069027,0.180735888227519,0.180735888227519,"plaq_d"
"14234","FP475955.1","Exc L6 CT",0.109801705866771,3.04935936685792,2.15240937241242,0.143248966874208,0.459739639567975,0.459739639567975,"plaq_d"
"14235","FP671120.1","Exc L6 CT",0.0495072824010165,6.47657351803524,0.878949303543727,0.349139437024282,0.692771490312597,0.692771490312597,"plaq_d"
"14236","FP236383.1","Exc L6 CT",-0.023265017637312,5.932285628025,0.194810549157248,0.659216589260206,0.889674812279624,0.889674812279624,"plaq_d"
"14237","CR381653.1","Exc L6 CT",-0.0361744451845753,4.17454348017143,0.492644683679403,0.483218820470142,0.792077685049623,0.792077685049623,"plaq_d"
"14238","CR382287.2","Exc L6 CT",-0.0404773819820832,2.98164458547089,0.606131116245389,0.436776983194653,0.759515918671707,0.759515918671707,"plaq_d"
"14239","AP001347.1","Exc L6 CT",0.0512336915357307,7.67292363091185,7.00894667430826,0.00847903235253288,0.104699189180783,0.104699189180783,"plaq_d"
"14240","LIPI","Exc L6 CT",0.0346929692474248,2.16083476903211,0.239987758034661,0.624523461792822,0.873725923806556,0.873725923806556,"plaq_d"
"14241","RBM11","Exc L6 CT",0.0352881298257273,4.23990546195422,1.54697926281495,0.214418630182579,0.552195098409375,0.552195098409375,"plaq_d"
"14242","HSPA13","Exc L6 CT",0.0814364244408615,5.1985547358474,16.437124232019,6.20841321150935e-05,0.00465661946005474,0.00465661946005474,"plaq_d"
"14243","SAMSN1","Exc L6 CT",0.116192482059958,2.14247958598636,2.36331802141767,0.125125917206434,0.432073088055608,0.432073088055608,"plaq_d"
"14244","AF127577.4","Exc L6 CT",0.0119212964379984,3.81665638992088,0.111503135987394,0.738640297456098,0.928254375311796,0.928254375311796,"plaq_d"
"14245","NRIP1","Exc L6 CT",0.0412320451250991,6.14920275068872,5.02714832445095,0.0255820232954775,0.191115105013853,0.191115105013853,"plaq_d"
"14246","AJ009632.2","Exc L6 CT",-0.282878829771963,1.83737626316713,2.27012808874253,0.132795669436298,0.444504771168353,0.444504771168353,"plaq_d"
"14247","USP25","Exc L6 CT",0.0510296195511685,8.07686163121446,19.0362018471257,1.69229600500976e-05,0.00190330416313442,0.00190330416313442,"plaq_d"
"14248","MIR99AHG","Exc L6 CT",0.0625794879659633,9.3061994390774,23.1556686489273,2.22964973198885e-06,0.000458543393453022,0.000458543393453022,"plaq_d"
"14249","CXADR","Exc L6 CT",-0.0114226949129121,6.31381139779656,0.40183859503299,0.52655745192027,0.818102821477707,0.818102821477707,"plaq_d"
"14250","BTG3","Exc L6 CT",0.00225386819586766,2.24229107688718,0.00095477030310468,0.975367505522997,0.999093977007575,0.999093977007575,"plaq_d"
"14251","CHODL","Exc L6 CT",-0.024067768689323,2.08646352332858,0.0914259520719633,0.762552655668319,0.939556000520751,0.939556000520751,"plaq_d"
"14252","MIR548XHG","Exc L6 CT",0.0114854527281844,1.58563693946025,0.0165175686517329,0.897811121935042,0.986539374335313,0.986539374335313,"plaq_d"
"14253","NCAM2","Exc L6 CT",0.0741774771980886,9.51478375073073,14.4488388251401,0.000169981003849904,0.00889835102335714,0.00889835102335714,"plaq_d"
"14254","AP000146.1","Exc L6 CT",-0.0502414979264852,1.82178794436951,0.238189788804521,0.625823790391212,0.874602681368979,0.874602681368979,"plaq_d"
"14255","AP001341.1","Exc L6 CT",0.0658389127789132,4.02651940684826,2.30776137150391,0.129636782469468,0.43911791068952,0.43911791068952,"plaq_d"
"14256","LINC00158","Exc L6 CT",0.0360105676628894,4.53140369679664,1.92711011616855,0.165962474046102,0.491705243129797,0.491705243129797,"plaq_d"
"14257","MIR155HG","Exc L6 CT",-0.0527344761550902,1.73251846477146,0.378568786975024,0.572131340582243,0.84527943134462,0.84527943134462,"plaq_d"
"14258","MRPL39","Exc L6 CT",0.0647930810992513,4.06263832397108,5.40024477625103,0.0207090055123905,0.171060343837995,0.171060343837995,"plaq_d"
"14259","JAM2","Exc L6 CT",-0.0811952306341552,2.39886493423614,1.42778046713748,0.232940252508195,0.577603118346776,0.577603118346776,"plaq_d"
"14260","ATP5PF","Exc L6 CT",0.0154524597393858,4.93367867473428,0.427971540223058,0.513417805217615,0.810701187223076,0.810701187223076,"plaq_d"
"14261","GABPA","Exc L6 CT",0.0445424810327908,4.64835006745106,3.1955830503157,0.0747069961368461,0.335354510878091,0.335354510878091,"plaq_d"
"14262","APP","Exc L6 CT",0.0486650004625548,8.85255790738931,25.0210888256142,9.01169226800091e-07,0.00027081040890119,0.00027081040890119,"plaq_d"
"14263","AP001439.1","Exc L6 CT",-0.122400284355414,2.08852823774476,2.50933477225617,0.114081478345566,0.41368185447425,0.41368185447425,"plaq_d"
"14264","AP000229.1","Exc L6 CT",0.0432025351858873,4.24021797437706,2.00998115132949,0.15716151011137,0.479952715223437,0.479952715223437,"plaq_d"
"14265","AP001596.1","Exc L6 CT",0.140305595905719,2.44702837411013,4.78976458229981,0.0292931618401283,0.205308840238796,0.205308840238796,"plaq_d"
"14266","CYYR1-AS1","Exc L6 CT",0.042005674382571,3.99728495623518,1.12896227972619,0.288733150572775,0.63554900212249,0.63554900212249,"plaq_d"
"14267","CYYR1","Exc L6 CT",-0.0378041969809551,1.58122517398625,0.150970314512599,0.713831765079355,0.914263531146121,0.914263531146121,"plaq_d"
"14268","AP001599.1","Exc L6 CT",0.0569395695115554,2.92483710118965,0.847806608944802,0.357811059239072,0.700346432196558,0.700346432196558,"plaq_d"
"14269","LINC01695","Exc L6 CT",0.0210535398693769,3.95218387156434,0.182481348254949,0.669513453046702,0.894479014664119,0.894479014664119,"plaq_d"
"14270","AF165147.1","Exc L6 CT",-0.0220644520691485,5.46005103644102,0.461556525846983,0.497348788302723,0.801652988702635,0.801652988702635,"plaq_d"
"14271","N6AMT1","Exc L6 CT",0.000957700880681911,3.09906080115597,0.00031045469416184,0.985952312891823,0.999571689696322,0.999571689696322,"plaq_d"
"14272","LTN1","Exc L6 CT",0.0158493599577987,5.36552841386211,0.776875559618313,0.378706416080626,0.714859358496549,0.714859358496549,"plaq_d"
"14273","RWDD2B","Exc L6 CT",-0.0871581934162504,2.88458531767197,3.03093451388801,0.0825742388251432,0.352846168633648,0.352846168633648,"plaq_d"
"14274","USP16","Exc L6 CT",-0.00122775362634457,4.65449478210641,0.00321842298587702,0.970842917837309,0.998742420766286,0.998742420766286,"plaq_d"
"14275","CCT8","Exc L6 CT",0.0394038437958271,4.95112684670826,4.3078043747414,0.0386715607354701,0.237967677928953,0.237967677928953,"plaq_d"
"14276","MAP3K7CL","Exc L6 CT",0.0356356398510985,3.20710356482541,0.441134742666205,0.507014839050459,0.806517748394521,0.806517748394521,"plaq_d"
"14277","BACH1","Exc L6 CT",-0.0510022290992832,3.62707369449931,1.11685404590734,0.291329523803752,0.638741977563024,0.638741977563024,"plaq_d"
"14278","TIAM1","Exc L6 CT",-0.00687878540178827,8.36397314422896,0.199441378902804,0.655449745759245,0.887829745949387,0.887829745949387,"plaq_d"
"14279","SOD1","Exc L6 CT",0.0339623334269892,5.92101205414628,3.66569789838474,0.0563626140190381,0.292289694314868,0.292289694314868,"plaq_d"
"14280","SCAF4","Exc L6 CT",-0.00477401518545406,5.23300945531621,0.0754249902657089,0.783758697420069,0.949027690138726,0.949027690138726,"plaq_d"
"14281","HUNK","Exc L6 CT",-0.0280230257691181,6.01982585362314,1.39717579123475,0.238003596066647,0.582902308434068,0.582902308434068,"plaq_d"
"14282","LINC00159","Exc L6 CT",0.0205298082821623,5.68293176359931,0.888973325081442,0.346409392364138,0.690707705055293,0.690707705055293,"plaq_d"
"14283","MIS18A","Exc L6 CT",-0.0199590824225102,3.36844587809777,0.302375177924439,0.615043214103042,0.869428223272997,0.869428223272997,"plaq_d"
"14284","URB1","Exc L6 CT",-0.00673548868236079,5.35556805586802,0.13888387051359,0.709619866085244,0.912631244786729,0.912631244786729,"plaq_d"
"14285","EVA1C","Exc L6 CT",-0.0584568171082278,5.57881620833711,7.28332227920412,0.00729901950394223,0.0957854920499109,0.0957854920499109,"plaq_d"
"14286","TCP10L","Exc L6 CT",0.0728176570631412,2.24155550769121,1.35995842183792,0.244342821472078,0.590120085157917,0.590120085157917,"plaq_d"
"14287","AP000275.2","Exc L6 CT",0.0743058788351364,2.26165736375691,1.51891007200272,0.218616023522215,0.558310497538727,0.558310497538727,"plaq_d"
"14288","SYNJ1","Exc L6 CT",0.03839055019423,7.04040194705746,10.5254067697786,0.00129151286922894,0.0327334846222179,0.0327334846222179,"plaq_d"
"14289","PAXBP1-AS1","Exc L6 CT",0.0118377750342997,3.33795701799318,0.0864483091615482,0.886331638126813,0.984501043664535,0.984501043664535,"plaq_d"
"14290","PAXBP1","Exc L6 CT",0.00460788371440675,5.79435728870078,0.0836509653686735,0.772581507419626,0.943989422917411,0.943989422917411,"plaq_d"
"14291","C21orf62-AS1","Exc L6 CT",0.0209975013833431,3.85693076928893,0.298167874096438,0.58538296284191,0.853146926665597,0.853146926665597,"plaq_d"
"14292","IFNAR1","Exc L6 CT",0.00882700374121549,5.44613405439245,0.245086763053297,0.620868335559575,0.871613817400055,0.871613817400055,"plaq_d"
"14293","IFNGR2","Exc L6 CT",-0.008058259655301,5.66140470807096,0.218611220654349,0.640392622762264,0.880188294566122,0.880188294566122,"plaq_d"
"14294","TMEM50B","Exc L6 CT",-0.0133024702383884,5.1931043869504,0.422728266701017,0.564291822263191,0.84016393352993,0.84016393352993,"plaq_d"
"14295","DNAJC28","Exc L6 CT",0.0368360644821531,2.55659780863619,0.503459972978058,0.478458631753294,0.789344129491849,0.789344129491849,"plaq_d"
"14296","GART","Exc L6 CT",-0.0278338772251364,4.61970659381489,1.1083658113539,0.293167492484435,0.640794057297422,0.640794057297422,"plaq_d"
"14297","SON","Exc L6 CT",-0.0111769681707441,7.0512168059896,0.605653241408177,0.436957652239505,0.759623519096717,0.759623519096717,"plaq_d"
"14298","DONSON","Exc L6 CT",0.0320187849271692,3.54334552715485,0.819086596657737,0.366073137285008,0.706586078791792,0.706586078791792,"plaq_d"
"14299","AP000311.1","Exc L6 CT",-0.0299250099506701,4.31304994101947,1.06150424383434,0.303587472700372,0.649433610565573,0.649433610565573,"plaq_d"
"14300","ITSN1","Exc L6 CT",0.0207954903677038,7.77106817300949,3.96869845515947,0.0471341235441875,0.265661873681653,0.265661873681653,"plaq_d"
"14301","MRPS6","Exc L6 CT",0.039419238395903,5.2714005277085,3.22251614169056,0.0734989998211012,0.3319208282482,0.3319208282482,"plaq_d"
"14302","LINC00310","Exc L6 CT",0.0217634988322492,3.27741382204668,0.191012508765931,0.662346167858465,0.891217443919101,0.891217443919101,"plaq_d"
"14303","AP000317.1","Exc L6 CT",-0.00529111286435469,3.91042268353208,0.020298681324089,0.88678846077237,0.984501043664535,0.984501043664535,"plaq_d"
"14304","RCAN1","Exc L6 CT",0.0176844246636216,4.82596034996334,0.459237567863142,0.498430547255986,0.802294265688739,0.802294265688739,"plaq_d"
"14305","RUNX1","Exc L6 CT",0.0127515256983767,5.90150409701775,0.0828756738592926,0.773608831583678,0.94452317356277,0.94452317356277,"plaq_d"
"14306","SETD4","Exc L6 CT",0.00710244867830259,4.32285601546583,0.0729709118678049,0.78721928549453,0.950485300511462,0.950485300511462,"plaq_d"
"14307","CBR1","Exc L6 CT",-0.0101461977247719,3.317358724211,0.0592933874646642,0.847284396028533,0.971364821464102,0.971364821464102,"plaq_d"
"14308","CBR3","Exc L6 CT",-0.0175841507218436,3.07151182713991,0.136018603729649,0.71249573108913,0.913771807996358,0.913771807996358,"plaq_d"
"14309","DOPEY2","Exc L6 CT",-0.0122900655549356,6.84934513952857,0.765687768310973,0.38215756791543,0.717788377723222,0.717788377723222,"plaq_d"
"14310","MORC3","Exc L6 CT",0.00327485035967553,5.85185049373377,0.0392478870837695,0.929308195691729,0.994167628886557,0.994167628886557,"plaq_d"
"14311","CHAF1B","Exc L6 CT",-0.0238965229838486,3.50261755401137,0.416993568426264,0.518866338978033,0.813391557803297,0.813391557803297,"plaq_d"
"14312","HLCS","Exc L6 CT",-0.0103707439916442,7.23414919253228,0.50212868536454,0.479040413523394,0.789344129491849,0.789344129491849,"plaq_d"
"14313","PIGP","Exc L6 CT",-0.00939838115333387,3.76975452372913,0.0788020219908367,0.779094205168268,0.947280433890889,0.947280433890889,"plaq_d"
"14314","TTC3","Exc L6 CT",0.0127831154021871,8.69188575020109,1.7522871786358,0.186457867448096,0.51933394618905,0.51933394618905,"plaq_d"
"14315","TTC3-AS1","Exc L6 CT",-0.112374966859395,1.93345336386207,1.82682796609107,0.197914778839109,0.532856023221958,0.532856023221958,"plaq_d"
"14316","AP001432.1","Exc L6 CT",0.00500337070302429,2.28818990916934,0.00638274670267129,0.936368974107092,0.996094671122864,0.996094671122864,"plaq_d"
"14317","VPS26C","Exc L6 CT",-0.0260842735503604,5.41380411075693,2.15375407040975,0.143124441460438,0.459655953494784,0.459655953494784,"plaq_d"
"14318","DYRK1A","Exc L6 CT",0.030244240495374,7.47592797625986,8.43033456543352,0.00392547989500406,0.0677751941567854,0.0677751941567854,"plaq_d"
"14319","KCNJ6","Exc L6 CT",0.00580322153309195,7.71050724901388,0.182133223645684,0.669810100203892,0.894479014664119,0.894479014664119,"plaq_d"
"14320","ERG","Exc L6 CT",0.129980712241447,2.4634146877418,2.13590366824439,0.144787490593521,0.461448021825177,0.461448021825177,"plaq_d"
"14321","ETS2","Exc L6 CT",0.0714993853173453,4.56513628031826,5.65220750300093,0.0179729083176481,0.15815280448708,0.15815280448708,"plaq_d"
"14322","AP001043.1","Exc L6 CT",0.0827802700129295,3.20244381376484,2.09674364151764,0.148513033613383,0.467423181438185,0.467423181438185,"plaq_d"
"14323","AF064858.1","Exc L6 CT",0.076902541968677,2.90265733778019,2.32418670049695,0.128284502395156,0.436798414494006,0.436798414494006,"plaq_d"
"14324","PSMG1","Exc L6 CT",0.0391778442657362,3.28803117169833,1.04446479654301,0.30749486305389,0.652689915835421,0.652689915835421,"plaq_d"
"14325","BRWD1","Exc L6 CT",0.0149820146063494,7.84479522336915,2.54494948054469,0.111554652537562,0.409731073937559,0.409731073937559,"plaq_d"
"14326","HMGN1","Exc L6 CT",-0.0391424724763568,4.86738205946149,2.62246991863939,0.106265654432215,0.399947806851286,0.399947806851286,"plaq_d"
"14327","WRB","Exc L6 CT",0.0307217697114001,5.42184067271018,1.99630032277775,0.158576917702063,0.481415712197152,0.481415712197152,"plaq_d"
"14328","SH3BGR","Exc L6 CT",-0.0346206852711387,3.44851540812252,0.764124094940473,0.382643470079831,0.718098734880621,0.718098734880621,"plaq_d"
"14329","B3GALT5","Exc L6 CT",-0.0256444039276638,3.48318759080043,0.279844472222788,0.597140230875016,0.858855692910863,0.858855692910863,"plaq_d"
"14330","PCP4","Exc L6 CT",0.00482490965761519,4.30050302045005,0.00687950015324318,0.933944720355841,0.995635974099725,0.995635974099725,"plaq_d"
"14331","DSCAM","Exc L6 CT",0.0160196819669501,10.7041197054447,2.72758510200612,0.0995298302251639,0.387516418854614,0.387516418854614,"plaq_d"
"14332","BACE2","Exc L6 CT",0.117705556888108,3.74541754648382,5.20428942834797,0.0231345112616086,0.180707772176949,0.180707772176949,"plaq_d"
"14333","MX1","Exc L6 CT",-0.00159168539557744,3.25962100310973,0.00104440172303364,0.974237605445179,0.999093977007575,0.999093977007575,"plaq_d"
"14334","PRDM15","Exc L6 CT",-0.00869255500882151,4.06682807321049,0.0697411315971254,0.791870297125329,0.952057315516695,0.952057315516695,"plaq_d"
"14335","C2CD2","Exc L6 CT",0.0458923046683048,4.5358922900309,1.5115867706403,0.21972725119166,0.558706652863447,0.558706652863447,"plaq_d"
"14336","ZBTB21","Exc L6 CT",0.041867635807295,4.20113264842672,2.29362201703368,0.130813643450247,0.44092559379765,0.44092559379765,"plaq_d"
"14337","ABCG1","Exc L6 CT",-0.0054750856839985,4.9516763869705,0.0644128238290231,0.799802329229828,0.955118567531531,0.955118567531531,"plaq_d"
"14338","RSPH1","Exc L6 CT",-0.0740667904134253,3.38310222685194,3.25194088233718,0.0722032698977265,0.329134912311971,0.329134912311971,"plaq_d"
"14339","SLC37A1","Exc L6 CT",-0.016824817104135,4.90251413230322,0.45514613488473,0.500348898746974,0.803819076705886,0.803819076705886,"plaq_d"
"14340","PDE9A","Exc L6 CT",0.0016839200481203,3.18177264803387,0.000725711401919251,0.978523794957503,0.999286493881974,0.999286493881974,"plaq_d"
"14341","AP001628.1","Exc L6 CT",-0.0620307944874674,2.59975493156144,0.978531424822655,0.32324853712691,0.667768798163298,0.667768798163298,"plaq_d"
"14342","WDR4","Exc L6 CT",-0.0471925452481154,3.48408144911917,1.67802909605554,0.196044692217283,0.530899057404064,0.530899057404064,"plaq_d"
"14343","NDUFV3","Exc L6 CT",-0.0184449709788199,5.74024911277156,1.09488076219152,0.296118129718192,0.644042392419262,0.644042392419262,"plaq_d"
"14344","PKNOX1","Exc L6 CT",0.00247490649097909,6.21708096052544,0.0255906813654441,0.946789879282133,0.997948975116824,0.997948975116824,"plaq_d"
"14345","U2AF1","Exc L6 CT",0.0881534344307151,2.81690015886323,1.13332026466815,0.287805903199944,0.634628332797353,0.634628332797353,"plaq_d"
"14346","HSF2BP","Exc L6 CT",0.0506414250310481,2.38958384756883,0.584777551821309,0.44496368573992,0.766506787114022,0.766506787114022,"plaq_d"
"14347","RRP1B","Exc L6 CT",-0.0326582444344412,5.24897269275148,2.66304671419432,0.103607863830551,0.395004980853975,0.395004980853975,"plaq_d"
"14348","PDXK","Exc L6 CT",-0.00676356342231268,6.85573789547763,0.291855315836979,0.877012658743178,0.981163755019913,0.981163755019913,"plaq_d"
"14349","CSTB","Exc L6 CT",0.049237236524413,4.7191547703183,4.37030699530319,0.0372951554378337,0.233943815983902,0.233943815983902,"plaq_d"
"14350","RRP1","Exc L6 CT",-0.0224946409794052,3.84873185212786,0.502494649289382,0.566156532232689,0.840946216080164,0.840946216080164,"plaq_d"
"14351","AGPAT3","Exc L6 CT",0.00545216234399982,6.110505727366,0.123718300050947,0.725248928221646,0.920289428883103,0.920289428883103,"plaq_d"
"14352","TRAPPC10","Exc L6 CT",-0.0363088578903872,5.55285436814381,4.44567312440713,0.03570372199011,0.229357778567435,0.229357778567435,"plaq_d"
"14353","GATD3A","Exc L6 CT",-0.14677295543611,2.49867354433432,3.31221816985388,0.0696250826938363,0.323321451512577,0.323321451512577,"plaq_d"
"14354","AIRE","Exc L6 CT",-0.037356150312903,2.53341323557158,0.353266986943631,0.552655550527215,0.832820016805358,0.832820016805358,"plaq_d"
"14355","PFKL","Exc L6 CT",-0.0109598056300994,5.20147727703087,0.213195051342948,0.644562930178643,0.881836562053814,0.881836562053814,"plaq_d"
"14356","C21orf2","Exc L6 CT",-0.00839058002003889,3.93257509940884,0.0876381009816696,0.823248404536656,0.963857759141639,0.963857759141639,"plaq_d"
"14357","TRPM2","Exc L6 CT",0.022073128625851,6.76907811654802,2.3435130678867,0.12671353462026,0.434609305131237,0.434609305131237,"plaq_d"
"14358","UBE2G2","Exc L6 CT",0.000649018996158778,6.28868484515007,0.00183566793217694,0.965849892828212,0.998742420766286,0.998742420766286,"plaq_d"
"14359","SUMO3","Exc L6 CT",0.0240592456302596,4.90758520367965,0.864966310804919,0.35299695008461,0.696244510389889,0.696244510389889,"plaq_d"
"14360","PTTG1IP","Exc L6 CT",0.0432565276990845,4.10204988788842,2.07927770761032,0.15020962545612,0.470491266332186,0.470491266332186,"plaq_d"
"14361","FAM207A","Exc L6 CT",-0.0668981681855381,2.80292005512204,1.93193132517763,0.165435248639843,0.491255329913198,0.491255329913198,"plaq_d"
"14362","AP001505.1","Exc L6 CT",-0.0820492952235609,2.457243007034,2.05244751349445,0.152858885940218,0.474411678527541,0.474411678527541,"plaq_d"
"14363","ADARB1","Exc L6 CT",-0.000486722161947063,5.85937205130652,0.000926391975293122,0.975736223617004,0.999093977007575,0.999093977007575,"plaq_d"
"14364","POFUT2","Exc L6 CT",-0.033770469660546,3.42277221991571,0.767070301050467,0.381728683457738,0.71778554428652,0.71778554428652,"plaq_d"
"14365","COL18A1","Exc L6 CT",-0.0812853805172677,3.11514835447693,2.57080455395481,0.109759026627209,0.407449960630556,0.407449960630556,"plaq_d"
"14366","SLC19A1","Exc L6 CT",-0.00668177935394377,2.77637141096608,0.018121875674257,0.892992070762076,0.985595335141122,0.985595335141122,"plaq_d"
"14367","PCBP3","Exc L6 CT",-0.00803404639939989,4.76833710152717,0.0620857064464802,0.803376171466577,0.956581456216695,0.956581456216695,"plaq_d"
"14368","COL6A1","Exc L6 CT",0.024005369106522,4.19078873067402,0.136141567534539,0.712371608799499,0.913771807996358,0.913771807996358,"plaq_d"
"14369","FTCD","Exc L6 CT",-0.00745893539097702,4.2778424969531,0.0303368557405627,0.861829322549339,0.976581393772497,0.976581393772497,"plaq_d"
"14370","SPATC1L","Exc L6 CT",0.0193003062424069,3.30422086907345,0.140455106870758,0.708057146557306,0.911731600205593,0.911731600205593,"plaq_d"
"14371","LSS","Exc L6 CT",0.0268435123355113,5.07056676860124,1.12774634684464,0.288992544447907,0.635554028394756,0.635554028394756,"plaq_d"
"14372","MCM3AP-AS1","Exc L6 CT",-0.0795184101573234,3.4540072284842,3.69970189913509,0.055237281414151,0.289162146632043,0.289162146632043,"plaq_d"
"14373","MCM3AP","Exc L6 CT",-0.0350132729368884,5.48147633753199,3.77399781173929,0.0528609206602448,0.283421159711316,0.283421159711316,"plaq_d"
"14374","YBEY","Exc L6 CT",-0.029392192632519,3.58348577168275,0.56024020910427,0.454668751854921,0.774788275533079,0.774788275533079,"plaq_d"
"14375","C21orf58","Exc L6 CT",0.0324208915453874,3.24911404183745,0.627932081481617,0.428654407529109,0.754666607654281,0.754666607654281,"plaq_d"
"14376","PCNT","Exc L6 CT",0.0166427315919686,6.97207103364604,1.05423628260818,0.305246188163545,0.650733404977457,0.650733404977457,"plaq_d"
"14377","DIP2A","Exc L6 CT",0.00430068006989918,7.76869525193512,0.100954658157926,0.750877457467526,0.934200317837914,0.934200317837914,"plaq_d"
"14378","PRMT2","Exc L6 CT",0.0103663737119251,6.43228702100039,0.4242294591265,0.515263760957017,0.811462970263719,0.811462970263719,"plaq_d"
"14379","MT-ND1","Exc L6 CT",0.0865223682285963,10.5903698876303,9.54978037759372,0.0021607839068687,0.0464719693140782,0.0464719693140782,"plaq_d"
"14380","MT-ND2","Exc L6 CT",0.0741967042174462,9.59153376945829,5.70653764443377,0.0174337898733061,0.155983119338791,0.155983119338791,"plaq_d"
"14381","MT-CO1","Exc L6 CT",0.0227571956789852,11.3754051912093,0.612611230727599,0.434338302064339,0.75783266337852,0.75783266337852,"plaq_d"
"14382","MT-CO2","Exc L6 CT",0.080344077161215,11.4459359992926,7.46198707348415,0.00662258783285142,0.0910701152739702,0.0910701152739702,"plaq_d"
"14383","MT-ATP8","Exc L6 CT",0.132047106474822,4.10304298037818,7.31153030896336,0.00718768045453922,0.0947334852878451,0.0947334852878451,"plaq_d"
"14384","MT-ATP6","Exc L6 CT",0.099816677028222,11.4449149706138,12.6344034860729,0.000430986624067318,0.0161575089585237,0.0161575089585237,"plaq_d"
"14385","MT-CO3","Exc L6 CT",0.0782908084269846,11.9578167100713,7.63194418264086,0.00603878340557155,0.0871959136475507,0.0871959136475507,"plaq_d"
"14386","MT-ND3","Exc L6 CT",0.0955871699503617,10.7488321184901,7.88743129274957,0.00525870118639582,0.0799234506925425,0.0799234506925425,"plaq_d"
"14387","MT-ND4L","Exc L6 CT",0.0922490764879528,6.53424851934631,7.23131487300595,0.00750896348023473,0.0973391280632422,0.0973391280632422,"plaq_d"
"14388","MT-ND4","Exc L6 CT",0.0611887413495049,11.0596428820057,4.8402743293432,0.0284588951375941,0.202701794894094,0.202701794894094,"plaq_d"
"14389","MT-ND5","Exc L6 CT",0.0942200968397009,8.2034791468152,11.0413046388379,0.000985664444887214,0.0273403185907444,0.0273403185907444,"plaq_d"
"14390","MT-ND6","Exc L6 CT",-0.0981560949667708,2.28048581749486,1.99911483612852,0.158284545279259,0.481309665098084,0.481309665098084,"plaq_d"
"14391","MT-CYB","Exc L6 CT",0.093774499878915,11.0707615818701,10.4913418387322,0.00131482480649587,0.0330537543434848,0.0330537543434848,"plaq_d"
"14392","AC011043.1","Exc L6 CT",-0.00414186968265009,2.26261994654033,0.0033726665907433,0.95372246863647,0.998216253735524,0.998216253735524,"plaq_d"
"14393","AL592183.1","Exc L6 CT",0.0270533252370275,6.27120540463201,0.347551132448175,0.555884980271743,0.835161780003341,0.835161780003341,"plaq_d"
"14394","AC007325.4","Exc L6 CT",0.020697709979019,2.41039911312385,0.112861906092816,0.737111472958728,0.927493817386055,0.927493817386055,"plaq_d"
"14395","AL354822.1","Exc L6 CT",0.0242980515466861,2.9614217103992,0.112230340447278,0.737820800188459,0.927815355400658,0.927815355400658,"plaq_d"
"14396","AC240274.1","Exc L6 CT",0.00949629363594999,2.69008248600448,0.0259310664172222,0.872162169087241,0.980031678570479,0.980031678570479,"plaq_d"
