"","gene","cluster_id","logFC","logCPM","F","p_val","p_adj.loc","p_adj.glb","coef"
"1","AL627309.1","Exc L3-4 RORB CUX2",-0.0188432040698754,3.04952215658301,0.120725586561857,0.728529953090468,0.832140168918088,0.832140168918088,"gpath_trio"
"2","AL669831.5","Exc L3-4 RORB CUX2",0.169647188003929,5.84563296633673,33.5480992399232,2.00097852422728e-08,3.21539306567595e-07,3.21539306567595e-07,"gpath_trio"
"3","LINC00115","Exc L3-4 RORB CUX2",-0.241918841952003,0.571892816798215,6.19444029752894,0.0134414179636902,0.0378585240007609,0.0378585240007609,"gpath_trio"
"4","NOC2L","Exc L3-4 RORB CUX2",-0.0407523787911504,4.70272495143,2.94763241611442,0.0871943400449347,0.171669699127836,0.171669699127836,"gpath_trio"
"5","KLHL17","Exc L3-4 RORB CUX2",-0.000485692574595446,2.91789813805741,0.000141542818231212,0.990516773641197,0.995676743977727,0.995676743977727,"gpath_trio"
"6","AL645608.8","Exc L3-4 RORB CUX2",-0.0516434895900803,-0.23632697966259,0.140051997096131,0.708534338624603,0.817259177963031,0.817259177963031,"gpath_trio"
"7","HES4","Exc L3-4 RORB CUX2",-0.185829345620296,4.27951677958362,10.2535731287251,0.00153401968563269,0.00609349225391602,0.00609349225391602,"gpath_trio"
"8","ISG15","Exc L3-4 RORB CUX2",-0.262751465815906,2.32479559956139,9.03369170345282,0.00290962865874367,0.0105106102399559,0.0105106102399559,"gpath_trio"
"9","AL645608.2","Exc L3-4 RORB CUX2",-0.0129514022258069,-0.62594163822307,0.010055531396339,0.941609492914301,0.9714917596091,0.9714917596091,"gpath_trio"
"10","AGRN","Exc L3-4 RORB CUX2",0.047631457577466,5.49069595480165,2.21032921063043,0.138301020774802,0.245726384335679,0.245726384335679,"gpath_trio"
"11","C1orf159","Exc L3-4 RORB CUX2",0.140003567985108,5.56036276000771,52.6612320890089,4.56963134629867e-12,1.83650024724254e-10,1.83650024724254e-10,"gpath_trio"
"12","TNFRSF18","Exc L3-4 RORB CUX2",-0.270100066974093,1.20987285332196,8.70210800825295,0.00346805125781383,0.0121746883811369,0.0121746883811369,"gpath_trio"
"13","TNFRSF4","Exc L3-4 RORB CUX2",0.0505222832886239,-0.110454869752526,0.172513934495073,0.67822974029155,0.793451484095989,0.793451484095989,"gpath_trio"
"14","SDF4","Exc L3-4 RORB CUX2",0.0446698000502789,4.990234932987,2.41811218731677,0.121155733209669,0.221912908408097,0.221912908408097,"gpath_trio"
"15","B3GALT6","Exc L3-4 RORB CUX2",-0.167812967190364,2.59529400836606,19.0554348072191,1.83396034923675e-05,0.000134009960325431,0.000134009960325431,"gpath_trio"
"16","C1QTNF12","Exc L3-4 RORB CUX2",-0.115768272213622,-0.179548332636457,1.22885618646663,0.26865393608333,0.407670988805815,0.407670988805815,"gpath_trio"
"17","UBE2J2","Exc L3-4 RORB CUX2",0.0268588057257041,4.79984123932207,1.96470990230109,0.162203094451651,0.276973967885067,0.276973967885067,"gpath_trio"
"18","LINC01786","Exc L3-4 RORB CUX2",0.0466103409878539,2.06772338370676,0.943920321196199,0.332174617560552,0.478482286825941,0.478482286825941,"gpath_trio"
"19","SCNN1D","Exc L3-4 RORB CUX2",0.0344226564438436,3.02717801341357,0.612408838327793,0.434594414620351,0.581968824835097,0.581968824835097,"gpath_trio"
"20","ACAP3","Exc L3-4 RORB CUX2",0.0714077779719995,6.52846142940133,11.4902971911017,0.000808279705557952,0.00352966299992028,0.00352966299992028,"gpath_trio"
"21","PUSL1","Exc L3-4 RORB CUX2",-0.0411212242584609,1.82169803972373,0.730882778217128,0.393384253043,0.541409871419778,0.541409871419778,"gpath_trio"
"22","INTS11","Exc L3-4 RORB CUX2",-0.00795392317608582,5.32233473351414,0.15319626447046,0.695819984045508,0.807426918992626,0.807426918992626,"gpath_trio"
"23","CPTP","Exc L3-4 RORB CUX2",-0.171189281577617,2.95480050777566,25.9091002224511,6.87107653940082e-07,7.38146800758315e-06,7.38146800758315e-06,"gpath_trio"
"24","TAS1R3","Exc L3-4 RORB CUX2",0.0689861486812619,-1.04856249360251,0.26685469876524,0.605888599943613,0.734294617880843,0.734294617880843,"gpath_trio"
"25","DVL1","Exc L3-4 RORB CUX2",-0.0734609471984888,4.31901310209466,11.8151166261316,0.000683930455274499,0.00306901622223377,0.00306901622223377,"gpath_trio"
"26","AURKAIP1","Exc L3-4 RORB CUX2",-0.189718751872815,4.07386675631924,30.2618558926509,9.02771012830911e-08,1.21747360854703e-06,1.21747360854703e-06,"gpath_trio"
"27","CCNL2","Exc L3-4 RORB CUX2",-0.00973295817570179,5.90044677140617,0.315969807435963,0.574524028016261,0.708584317473289,0.708584317473289,"gpath_trio"
"28","MRPL20","Exc L3-4 RORB CUX2",-0.186490393986989,4.51960750789788,49.5622906583044,1.70922741973616e-11,6.0497654724872e-10,6.0497654724872e-10,"gpath_trio"
"29","AL391244.3","Exc L3-4 RORB CUX2",-0.0407525338198948,0.911958455989911,0.437387091455133,0.557488275042787,0.693749771900808,0.693749771900808,"gpath_trio"
"30","ANKRD65","Exc L3-4 RORB CUX2",-0.111387462638081,2.61062458338297,2.49354512422559,0.115529746599213,0.213854154017973,0.213854154017973,"gpath_trio"
"31","ATAD3C","Exc L3-4 RORB CUX2",0.210064446995111,1.48470759842607,8.58360541199791,0.0036932749201419,0.0128380119768889,0.0128380119768889,"gpath_trio"
"32","ATAD3B","Exc L3-4 RORB CUX2",-0.00738392258938226,4.653500003325,0.0687960514467792,0.793305548822613,0.87964601925283,0.87964601925283,"gpath_trio"
"33","ATAD3A","Exc L3-4 RORB CUX2",0.0379502812803727,3.97679361615309,2.45679788107668,0.517150556899928,0.658182720505681,0.658182720505681,"gpath_trio"
"34","TMEM240","Exc L3-4 RORB CUX2",-0.0330214543249356,2.22641889287079,0.378254064850926,0.539077000923006,0.677791030014054,0.677791030014054,"gpath_trio"
"35","SSU72","Exc L3-4 RORB CUX2",-0.0999393942229805,5.38306846716378,32.8907012082512,2.70027263425514e-08,4.17455941732547e-07,4.17455941732547e-07,"gpath_trio"
"36","AL645728.1","Exc L3-4 RORB CUX2",0.0747332830636919,1.90070732653594,2.27200956054142,0.132943020636798,0.238686966392044,0.238686966392044,"gpath_trio"
"37","FNDC10","Exc L3-4 RORB CUX2",-0.108397318265641,3.73770015712075,8.28179432545935,0.00433707104138027,0.0147034797949667,0.0147034797949667,"gpath_trio"
"38","AL691432.2","Exc L3-4 RORB CUX2",-0.0585830564588443,2.98557214511121,2.92834094074834,0.0882294781847958,0.173340122930982,0.173340122930982,"gpath_trio"
"39","MIB2","Exc L3-4 RORB CUX2",-0.00134272322825068,5.31295453431405,0.00347035237990658,0.953069284989116,0.977050181549254,0.977050181549254,"gpath_trio"
"40","MMP23B","Exc L3-4 RORB CUX2",0.0113736526001212,0.983828594573412,0.0197739368192395,0.888279159042587,0.941515380597796,0.941515380597796,"gpath_trio"
"41","CDK11B","Exc L3-4 RORB CUX2",-0.0430287239877912,4.93234320358601,2.5047324282172,0.114720357768644,0.21253289421326,0.21253289421326,"gpath_trio"
"42","FO704657.1","Exc L3-4 RORB CUX2",0.011728221835979,-0.0577488777632316,0.0256087409421527,0.973027583590947,0.985690707924104,0.985690707924104,"gpath_trio"
"43","SLC35E2B","Exc L3-4 RORB CUX2",-0.00884276135555982,4.77962526495742,0.0736926472158778,0.786249672739712,0.874984121988178,0.874984121988178,"gpath_trio"
"44","CDK11A","Exc L3-4 RORB CUX2",-0.00792239078020503,4.00905294182045,0.0273087836738097,0.868872715277172,0.929119004919802,0.929119004919802,"gpath_trio"
"45","SLC35E2A","Exc L3-4 RORB CUX2",-0.040753098279851,4.81750128571526,0.836699386394668,0.361189957276946,0.509046970874076,0.509046970874076,"gpath_trio"
"46","NADK","Exc L3-4 RORB CUX2",-0.0108167482908831,4.03758000961614,0.284113739198573,0.72519226908587,0.829878277300478,0.829878277300478,"gpath_trio"
"47","GNB1","Exc L3-4 RORB CUX2",0.000665708987582529,7.58863188830165,0.00252081331840861,0.959995422159001,0.979750116174416,0.979750116174416,"gpath_trio"
"48","AL109917.1","Exc L3-4 RORB CUX2",-0.125360791314716,-0.718484571156562,1.08732936025235,0.298032256960581,0.441374622738631,0.441374622738631,"gpath_trio"
"49","TMEM52","Exc L3-4 RORB CUX2",-0.00125875046970135,0.321263877347897,0.000141435784410424,0.990520359728679,0.995676743977727,0.995676743977727,"gpath_trio"
"50","CFAP74","Exc L3-4 RORB CUX2",0.104328976092847,4.81450912764614,14.8928303307868,0.000143606625792566,0.000796608104307124,0.000796608104307124,"gpath_trio"
"51","AL391845.2","Exc L3-4 RORB CUX2",-0.10091505762584,1.16691702504265,1.84178724237514,0.175918532839561,0.295246352220127,0.295246352220127,"gpath_trio"
"52","GABRD","Exc L3-4 RORB CUX2",-0.120648327493176,5.99792039589277,13.1646324647875,0.000343369183867754,0.00170082820636679,0.00170082820636679,"gpath_trio"
"53","PRKCZ","Exc L3-4 RORB CUX2",0.0374423130512136,6.83862851672474,3.91936071038356,0.0487875054381559,0.108139740959657,0.108139740959657,"gpath_trio"
"54","AL590822.2","Exc L3-4 RORB CUX2",-0.25558152330024,0.741318064704811,9.63111758245921,0.00212429347235092,0.00803028308125908,0.00803028308125908,"gpath_trio"
"55","FAAP20","Exc L3-4 RORB CUX2",-0.0242876880429098,3.08606878003315,0.390788343609799,0.532433552014923,0.671911359973796,0.671911359973796,"gpath_trio"
"56","AL590822.1","Exc L3-4 RORB CUX2",0.176608114536003,1.35395382843114,10.4213470766209,0.00140566397873394,0.00565038269993169,0.00565038269993169,"gpath_trio"
"57","SKI","Exc L3-4 RORB CUX2",0.106098343013983,5.88550747469196,28.6396227795004,1.91447959630903e-07,2.39013773858506e-06,2.39013773858506e-06,"gpath_trio"
"58","MORN1","Exc L3-4 RORB CUX2",0.0045999632588361,4.89859024929052,0.0446490700315367,0.848728919024329,0.915867144400927,0.915867144400927,"gpath_trio"
"59","RER1","Exc L3-4 RORB CUX2",-0.0505897235109447,4.69827734084497,6.75330981883537,0.00989160274976394,0.029325949372004,0.029325949372004,"gpath_trio"
"60","PEX10","Exc L3-4 RORB CUX2",-0.115863295652454,3.36237669034605,14.8747163038735,0.000144916454539133,0.000802990791081297,0.000802990791081297,"gpath_trio"
"61","PLCH2","Exc L3-4 RORB CUX2",-0.0124948546760194,4.5836352260632,0.102355506644363,0.74927797076824,0.848203515893236,0.848203515893236,"gpath_trio"
"62","PANK4","Exc L3-4 RORB CUX2",-0.0969980795560905,3.2794010098715,4.09811316448237,0.0439534111915145,0.0993457395013226,0.0993457395013226,"gpath_trio"
"63","HES5","Exc L3-4 RORB CUX2",0.0315369193976547,0.305056352546923,0.136057501417596,0.811034889044175,0.890968085296283,0.890968085296283,"gpath_trio"
"64","AL139246.5","Exc L3-4 RORB CUX2",-0.0387130210522068,2.29473489963479,0.674013929261668,0.412407748465245,0.560593338181264,0.560593338181264,"gpath_trio"
"65","TNFRSF14-AS1","Exc L3-4 RORB CUX2",-0.117418729480778,-0.151294331767429,1.65388672281788,0.476264044452469,0.62051192100927,0.62051192100927,"gpath_trio"
"66","TNFRSF14","Exc L3-4 RORB CUX2",-0.0508332766069712,3.62820474133925,1.74020362326139,0.188273577568706,0.310866370541082,0.310866370541082,"gpath_trio"
"67","AL139246.3","Exc L3-4 RORB CUX2",0.240248124535766,-0.840262696005096,3.03295224234393,0.0827721243527025,0.164833442781144,0.164833442781144,"gpath_trio"
"68","FAM213B","Exc L3-4 RORB CUX2",-0.101352487558588,3.98116155962433,11.1306268749321,0.000973078115648584,0.0041478662546398,0.0041478662546398,"gpath_trio"
"69","MMEL1","Exc L3-4 RORB CUX2",0.227610888581731,-1.17714033365377,2.32395043644128,0.12861150625379,0.232399206329621,0.232399206329621,"gpath_trio"
"70","TTC34","Exc L3-4 RORB CUX2",0.210071219285688,1.81671538218574,7.51541428851965,0.00654182376888183,0.020813955927644,0.020813955927644,"gpath_trio"
"71","ARHGEF16","Exc L3-4 RORB CUX2",-0.186720391418066,-0.318040308070982,2.45239785676282,0.118561714831802,0.218087399410248,0.218087399410248,"gpath_trio"
"72","MEGF6","Exc L3-4 RORB CUX2",-0.035096933401213,1.64157863253584,0.392118896385284,0.531737055719429,0.671368364674854,0.671368364674854,"gpath_trio"
"73","AL513320.1","Exc L3-4 RORB CUX2",-0.16043501585233,0.366713460977469,3.19915210536846,0.0748406064474135,0.152362183156061,0.152362183156061,"gpath_trio"
"74","TPRG1L","Exc L3-4 RORB CUX2",-0.129796776463875,5.05383817138974,16.8466901830868,5.42868491585241e-05,0.00034598072906032,0.00034598072906032,"gpath_trio"
"75","WRAP73","Exc L3-4 RORB CUX2",-0.0848702582696485,3.41724015608112,10.0492162301609,0.00170665026408663,0.0066663444487798,0.0066663444487798,"gpath_trio"
"76","LRRC47","Exc L3-4 RORB CUX2",-0.136363295515233,4.15053149774621,36.0136281154606,6.5496336209873e-09,1.19474555428046e-07,1.19474555428046e-07,"gpath_trio"
"77","CEP104","Exc L3-4 RORB CUX2",0.0413517451126791,5.37121443201957,4.49763525271988,0.0348885145080669,0.0824983333568037,0.0824983333568037,"gpath_trio"
"78","DFFB","Exc L3-4 RORB CUX2",0.119850322880114,4.25616516847449,18.9202656388544,1.95908773178242e-05,0.000141817707171548,0.000141817707171548,"gpath_trio"
"79","C1orf174","Exc L3-4 RORB CUX2",-0.0552308640780208,2.51790716727265,1.93314367103028,0.165603906933773,0.281376016707839,0.281376016707839,"gpath_trio"
"80","LINC01134","Exc L3-4 RORB CUX2",0.16840361090054,0.257374022640914,4.06157885841335,0.0448984552672957,0.101119260439573,0.101119260439573,"gpath_trio"
"81","LINC01346","Exc L3-4 RORB CUX2",0.023517298974461,-0.940652021746864,0.0291203687451948,0.864634123896936,0.926472475034469,0.926472475034469,"gpath_trio"
"82","AL805961.1","Exc L3-4 RORB CUX2",-0.298502158314284,-0.709367788934597,8.62269595739188,0.00361737063106082,0.0126102619537888,0.0126102619537888,"gpath_trio"
"83","AL805961.2","Exc L3-4 RORB CUX2",-0.209005828624454,0.339693212237209,5.98509360272852,0.0150902462097614,0.041693469909879,0.041693469909879,"gpath_trio"
"84","AJAP1","Exc L3-4 RORB CUX2",0.132065309617741,6.75351491982764,50.625104959327,1.0854196529249e-11,4.03284373807733e-10,4.03284373807733e-10,"gpath_trio"
"85","AL365255.1","Exc L3-4 RORB CUX2",-0.148908060375048,3.27571795740218,4.18179754101362,0.0418671790285487,0.0956483226023067,0.0956483226023067,"gpath_trio"
"86","NPHP4","Exc L3-4 RORB CUX2",0.0348776093138828,5.8438473851587,3.28700386230558,0.0709834371402848,0.145923257010928,0.145923257010928,"gpath_trio"
"87","KCNAB2","Exc L3-4 RORB CUX2",-0.0250058136176461,7.32049304786752,2.2078234083317,0.624293881117634,0.74904127573882,0.74904127573882,"gpath_trio"
"88","CHD5","Exc L3-4 RORB CUX2",0.0144373004979708,7.66752018157405,0.35838749324042,0.549924326928997,0.688044855553024,0.688044855553024,"gpath_trio"
"89","RPL22","Exc L3-4 RORB CUX2",-0.0316018027665836,4.93824999854505,1.81215815770637,0.179422026440488,0.299804487612791,0.299804487612791,"gpath_trio"
"90","RNF207","Exc L3-4 RORB CUX2",0.050070808992242,3.96026777148155,3.02990013719598,0.0829260437841147,0.165042899142337,0.165042899142337,"gpath_trio"
"91","ICMT","Exc L3-4 RORB CUX2",-0.0783757534145708,3.82244450110355,10.6117160704552,0.00127320863628259,0.00520928498012601,0.00520928498012601,"gpath_trio"
"92","GPR153","Exc L3-4 RORB CUX2",0.0268491109878924,3.1368578709858,0.347677076544869,0.555943058568367,0.692579212680145,0.692579212680145,"gpath_trio"
"93","ACOT7","Exc L3-4 RORB CUX2",0.0100208063079162,6.46410072527629,0.270515244427171,0.837229226580059,0.907928383479504,0.907928383479504,"gpath_trio"
"94","ESPN","Exc L3-4 RORB CUX2",-0.0516291202248114,-0.38044993847017,0.330290484363816,0.920651038260091,0.959655628876122,0.959655628876122,"gpath_trio"
"95","TNFRSF25","Exc L3-4 RORB CUX2",0.0106688365357243,6.25829686429116,0.201838202527698,0.653615429392705,0.77331270602443,0.77331270602443,"gpath_trio"
"96","PLEKHG5","Exc L3-4 RORB CUX2",-0.0299657120701065,5.56310890655842,1.32611560389223,0.250555243532789,0.386612010575451,0.386612010575451,"gpath_trio"
"97","NOL9","Exc L3-4 RORB CUX2",0.0449553849797749,5.1016483865843,6.0148967442374,0.0148432707854596,0.041129376197864,0.041129376197864,"gpath_trio"
"98","TAS1R1","Exc L3-4 RORB CUX2",-0.0679911695780161,0.987411993974829,1.61158782578859,0.271853210470207,0.411389027995531,0.411389027995531,"gpath_trio"
"99","ZBTB48","Exc L3-4 RORB CUX2",-0.0282486197866555,3.88235255056763,1.17021557491791,0.280359220511081,0.421259199658231,0.421259199658231,"gpath_trio"
"100","KLHL21","Exc L3-4 RORB CUX2",0.0536718556197091,4.50411896015986,5.74934172060392,0.0172005658609805,0.0463622466593562,0.0463622466593562,"gpath_trio"
"101","PHF13","Exc L3-4 RORB CUX2",-0.143671350693572,2.60958186378077,16.734007268609,5.74000036917015e-05,0.000362455422372481,0.000362455422372481,"gpath_trio"
"102","THAP3","Exc L3-4 RORB CUX2",-0.0493484291369561,2.9058554946882,2.44246387160695,0.119306893126439,0.219173146116191,0.219173146116191,"gpath_trio"
"103","DNAJC11","Exc L3-4 RORB CUX2",0.00465711627203578,5.63864423912801,0.100744320291966,0.751192977788803,0.849799166024958,0.849799166024958,"gpath_trio"
"104","CAMTA1-DT","Exc L3-4 RORB CUX2",0.00912087619597164,0.778617300467065,0.0150437620118952,0.902476621846802,0.950829563012607,0.950829563012607,"gpath_trio"
"105","CAMTA1","Exc L3-4 RORB CUX2",0.0674856487594169,8.81993011422668,15.7960985933355,9.1447721072611e-05,0.000539934964190789,0.000539934964190789,"gpath_trio"
"106","AL512330.1","Exc L3-4 RORB CUX2",-0.497009541081232,0.926431656399144,26.9725366503376,4.16915512093629e-07,4.76019833417598e-06,4.76019833417598e-06,"gpath_trio"
"107","VAMP3","Exc L3-4 RORB CUX2",0.0653067818094065,3.44223119410669,5.03043838915455,0.0257483730644684,0.0641483609009199,0.0641483609009199,"gpath_trio"
"108","PER3","Exc L3-4 RORB CUX2",0.156120232551294,6.04361080587529,26.517718401775,5.16075904287752e-07,5.74287444512157e-06,5.74287444512157e-06,"gpath_trio"
"109","Z98884.1","Exc L3-4 RORB CUX2",0.185523703622129,-0.551652993487118,2.67070224502309,0.103421084979996,0.196212186333592,0.196212186333592,"gpath_trio"
"110","PARK7","Exc L3-4 RORB CUX2",-0.210358869314751,4.97705696597387,94.0315478896843,3.53563415891092e-19,8.80634804395405e-17,8.80634804395405e-17,"gpath_trio"
"111","AL034417.4","Exc L3-4 RORB CUX2",0.176882540379676,0.852644547358557,6.61259864997871,0.0106824561825282,0.0312164764603861,0.0312164764603861,"gpath_trio"
"112","AL034417.3","Exc L3-4 RORB CUX2",-0.0928260537294753,0.646109220923859,1.65739331688908,0.199100425839312,0.324526750691671,0.324526750691671,"gpath_trio"
"113","ERRFI1","Exc L3-4 RORB CUX2",-0.0190208387914485,4.59596623207819,0.867504629780719,0.352511072016068,0.499958585442824,0.499958585442824,"gpath_trio"
"114","AL034417.2","Exc L3-4 RORB CUX2",0.0157331624987193,2.2694552022789,0.094025499429603,0.759366035019263,0.856212471721547,0.856212471721547,"gpath_trio"
"115","SLC45A1","Exc L3-4 RORB CUX2",-0.0849183411695319,4.17091905439116,14.0453695666411,0.000219892556487915,0.00116012874663799,0.00116012874663799,"gpath_trio"
"116","RERE","Exc L3-4 RORB CUX2",0.081358971507637,8.77787863998649,43.2283801186541,2.65470973361321e-10,6.75354781708335e-09,6.75354781708335e-09,"gpath_trio"
"117","AL096855.1","Exc L3-4 RORB CUX2",-0.356667727229484,1.46835728477028,36.0041518310541,6.57766642967131e-09,1.19877525039403e-07,1.19877525039403e-07,"gpath_trio"
"118","ENO1","Exc L3-4 RORB CUX2",-0.0965183331599275,5.85800608165403,13.1612868689062,0.000343952983143697,0.00170288378771143,0.00170288378771143,"gpath_trio"
"119","ENO1-AS1","Exc L3-4 RORB CUX2",0.0878003320968407,-0.523202922594785,0.636587308950078,0.425677370934546,0.573913456201849,0.573913456201849,"gpath_trio"
"120","SLC2A5","Exc L3-4 RORB CUX2",-0.208520710518179,0.811767257280228,11.3343956312699,0.00087590934585149,0.00377837738989818,0.00377837738989818,"gpath_trio"
"121","GPR157","Exc L3-4 RORB CUX2",-0.0732116466738398,1.08642714234259,0.96431606594249,0.327014700663134,0.472872820088785,0.472872820088785,"gpath_trio"
"122","MIR34AHG","Exc L3-4 RORB CUX2",0.128616990822757,4.53453372498735,5.27188311580899,0.0224684666284297,0.05749636152062,0.05749636152062,"gpath_trio"
"123","LINC01759","Exc L3-4 RORB CUX2",-0.0241846443377259,0.647738802391259,0.0953154950243538,0.757772567095349,0.855084822481608,0.855084822481608,"gpath_trio"
"124","H6PD","Exc L3-4 RORB CUX2",0.0694948982122019,3.87138470654591,5.23826716389776,0.0228976713700488,0.0583651951851843,0.0583651951851843,"gpath_trio"
"125","SPSB1","Exc L3-4 RORB CUX2",-0.0583304296320121,2.03156244529609,0.918344152911691,0.338800351602264,0.485151399486849,0.485151399486849,"gpath_trio"
"126","AL928921.2","Exc L3-4 RORB CUX2",0.0252545861884051,-0.329312707581356,0.085862727670972,0.769737970947972,0.863158508325659,0.863158508325659,"gpath_trio"
"127","SLC25A33","Exc L3-4 RORB CUX2",0.0106695049929832,4.22621444508562,0.191850444649368,0.705304558813976,0.815340027275655,0.815340027275655,"gpath_trio"
"128","TMEM201","Exc L3-4 RORB CUX2",0.00537630975867673,2.96998769287525,0.0361161488081081,0.976775462947376,0.987831743257979,0.987831743257979,"gpath_trio"
"129","PIK3CD","Exc L3-4 RORB CUX2",0.0189233886068053,3.3100045978115,0.114343072360162,0.735525644587696,0.837664684140941,0.837664684140941,"gpath_trio"
"130","PIK3CD-AS2","Exc L3-4 RORB CUX2",-0.231211784183861,-0.584099428629482,4.99094760089929,0.0263307420658329,0.0652928615017427,0.0652928615017427,"gpath_trio"
"131","CLSTN1","Exc L3-4 RORB CUX2",-0.051324009618151,8.20443110284525,10.1769672763667,0.00159654284898002,0.00630707890702407,0.00630707890702407,"gpath_trio"
"132","CTNNBIP1","Exc L3-4 RORB CUX2",0.0618271936864983,4.77191843396059,10.314225476459,0.00148629220053879,0.0059286483253325,0.0059286483253325,"gpath_trio"
"133","LZIC","Exc L3-4 RORB CUX2",0.0307995324318357,3.78318188805478,2.18060662516081,0.718597210353597,0.825199374859276,0.825199374859276,"gpath_trio"
"134","NMNAT1","Exc L3-4 RORB CUX2",0.0759507835819417,4.40502339875218,9.06127713572636,0.00286753102990792,0.0103771190185457,0.0103771190185457,"gpath_trio"
"135","UBE4B","Exc L3-4 RORB CUX2",0.0345581844723872,7.2844067832522,5.63352961532737,0.0183473238901224,0.0487369663572375,0.0487369663572375,"gpath_trio"
"136","KIF1B","Exc L3-4 RORB CUX2",0.0202020185377426,8.54144962798379,2.16103759124257,0.142758103655198,0.25156299600346,0.25156299600346,"gpath_trio"
"137","AL139424.3","Exc L3-4 RORB CUX2",-0.13780457174022,0.856694246981203,5.08065695029843,0.0300471511682816,0.0728344677183805,0.0728344677183805,"gpath_trio"
"138","AL139424.2","Exc L3-4 RORB CUX2",-0.0635986581300736,2.32254227765876,2.50239911314251,0.244325399236147,0.378970164495215,0.378970164495215,"gpath_trio"
"139","PGD","Exc L3-4 RORB CUX2",0.0553570931143451,3.66870953703689,3.92756884212583,0.0784979167983851,0.15808499415127,0.15808499415127,"gpath_trio"
"140","CENPS-CORT","Exc L3-4 RORB CUX2",0.040797561305758,1.18429465531334,0.517828251175013,0.472415873306286,0.617452075923447,0.617452075923447,"gpath_trio"
"141","DFFA","Exc L3-4 RORB CUX2",0.118224458161394,4.52856555089534,31.2620117708677,5.69449700974362e-08,8.11918566583587e-07,8.11918566583587e-07,"gpath_trio"
"142","PEX14","Exc L3-4 RORB CUX2",0.0321738233462953,5.89871458790734,4.88476897918994,0.0279659152258843,0.0685472408798706,0.0685472408798706,"gpath_trio"
"143","CASZ1","Exc L3-4 RORB CUX2",0.0285605218534378,2.71740484794579,0.298345420399107,0.585389928535932,0.717424481120911,0.717424481120911,"gpath_trio"
"144","AL139423.1","Exc L3-4 RORB CUX2",-0.0281623667224342,0.988249165612177,0.146368826446713,0.70234242768161,0.81276892764731,0.81276892764731,"gpath_trio"
"145","AL109811.4","Exc L3-4 RORB CUX2",0.143234260147136,1.91273473059978,9.26642544478149,0.00257336916221256,0.00947082831989184,0.00947082831989184,"gpath_trio"
"146","MASP2","Exc L3-4 RORB CUX2",-0.237236791921671,2.33803835311127,13.6774306973303,0.000264794637813043,0.00136316198465888,0.00136316198465888,"gpath_trio"
"147","SRM","Exc L3-4 RORB CUX2",-0.015061863022952,4.77778917989891,0.298596296679503,0.585232357259497,0.717371906437352,0.717371906437352,"gpath_trio"
"148","EXOSC10","Exc L3-4 RORB CUX2",0.00928865522562766,5.07800423123871,0.128792846477419,0.719978198483987,0.826348853931871,0.826348853931871,"gpath_trio"
"149","AL109811.1","Exc L3-4 RORB CUX2",-0.204465851948888,1.86449464768163,15.4107007005842,0.00011082855587382,0.000637208924124911,0.000637208924124911,"gpath_trio"
"150","AL109811.2","Exc L3-4 RORB CUX2",-0.161104201948596,-0.5893552572641,2.56607439254813,0.202861365030923,0.329315098125111,0.329315098125111,"gpath_trio"
"151","MTOR","Exc L3-4 RORB CUX2",-0.0111068219993344,6.15752567016183,0.555476580452397,0.456761752450505,0.602456090199329,0.602456090199329,"gpath_trio"
"152","ANGPTL7","Exc L3-4 RORB CUX2",-0.219077247456698,-0.283356963248327,2.64688041149693,0.104964577897379,0.198505845433036,0.198505845433036,"gpath_trio"
"153","UBIAD1","Exc L3-4 RORB CUX2",0.0350892490693699,2.90846602885217,1.06591129881698,0.30283017622223,0.446575455396791,0.446575455396791,"gpath_trio"
"154","AL031291.1","Exc L3-4 RORB CUX2",-0.271392431727273,-0.714828948060041,6.42320528499382,0.0342811510770226,0.0812717065780177,0.0812717065780177,"gpath_trio"
"155","DISP3","Exc L3-4 RORB CUX2",0.0889161592890971,3.407231099578,2.32745211849639,0.128325230665328,0.23203385313596,0.23203385313596,"gpath_trio"
"156","AL031731.1","Exc L3-4 RORB CUX2",-0.302708151874859,1.53511691074268,22.6972843653314,3.15614021678551e-06,2.86695762600845e-05,2.86695762600845e-05,"gpath_trio"
"157","FBXO2","Exc L3-4 RORB CUX2",-0.128785253351742,5.58310742239453,29.2496650029417,1.44212761084721e-07,1.86985376277908e-06,1.86985376277908e-06,"gpath_trio"
"158","FBXO44","Exc L3-4 RORB CUX2",-0.0411488382528348,6.05221486408609,4.14855082814442,0.0426831856485578,0.0971079814950457,0.0971079814950457,"gpath_trio"
"159","FBXO6","Exc L3-4 RORB CUX2",-0.0415569278965834,1.89744932240842,0.801127801035658,0.371584223144458,0.519955035506966,0.519955035506966,"gpath_trio"
"160","MAD2L2","Exc L3-4 RORB CUX2",-0.242752366692355,1.86531502809785,24.34200558884,1.44138001213621e-06,1.44245246750238e-05,1.44245246750238e-05,"gpath_trio"
"161","DRAXIN","Exc L3-4 RORB CUX2",-0.103721553951079,0.420617194044383,1.49083459009778,0.223193064749584,0.353349417615727,0.353349417615727,"gpath_trio"
"162","AGTRAP","Exc L3-4 RORB CUX2",0.113790437199185,-0.324060867612956,1.14226910884862,0.286164602657166,0.427897339147046,0.427897339147046,"gpath_trio"
"163","C1orf167","Exc L3-4 RORB CUX2",-0.0530282340752179,-0.567905198260786,0.265672099539771,0.606687814942936,0.734772766123304,0.734772766123304,"gpath_trio"
"164","MTHFR","Exc L3-4 RORB CUX2",0.064408610128691,5.00484182752967,9.21053345874895,0.00265031488825379,0.00970947936635559,0.00970947936635559,"gpath_trio"
"165","CLCN6","Exc L3-4 RORB CUX2",0.0425450880469315,4.1825416133107,2.59516352803013,0.108403638595433,0.203521627457924,0.203521627457924,"gpath_trio"
"166","NPPA-AS1","Exc L3-4 RORB CUX2",0.0349192695404093,0.379240179192235,0.131483420394628,0.71719348356577,0.823996499484021,0.823996499484021,"gpath_trio"
"167","NPPA","Exc L3-4 RORB CUX2",-0.25242489926925,-0.319946932217997,6.70350855790583,0.0101643577291457,0.0300242924136919,0.0300242924136919,"gpath_trio"
"168","KIAA2013","Exc L3-4 RORB CUX2",-0.0594627169963093,3.97326472242081,5.18051663258339,0.0236551098607072,0.059782267498405,0.059782267498405,"gpath_trio"
"169","PLOD1","Exc L3-4 RORB CUX2",0.203560787346461,3.13101840038031,37.91224702083,2.79264205315126e-09,5.58390024007202e-08,5.58390024007202e-08,"gpath_trio"
"170","MFN2","Exc L3-4 RORB CUX2",-0.0886132257344669,5.20224537342988,23.1699462255064,2.51795925562319e-06,2.34532908505069e-05,2.34532908505069e-05,"gpath_trio"
"171","MIIP","Exc L3-4 RORB CUX2",-0.0194225723216048,2.43573167940165,0.263986628363329,0.60783077919326,0.735808590557063,0.735808590557063,"gpath_trio"
"172","TNFRSF8","Exc L3-4 RORB CUX2",-0.189846917357582,0.0606167595782191,6.62650600348332,0.0106014645598314,0.0310345443744794,0.0310345443744794,"gpath_trio"
"173","VPS13D","Exc L3-4 RORB CUX2",0.00413424736550079,7.74950839865792,0.0231374224994382,0.879218217921964,0.9358566817862,0.9358566817862,"gpath_trio"
"174","DHRS3","Exc L3-4 RORB CUX2",0.0781262261065132,3.07818005230839,2.21163803936258,0.138184831866658,0.245627599209536,0.245627599209536,"gpath_trio"
"175","PDPN","Exc L3-4 RORB CUX2",0.10701763126538,3.04634773742969,4.27643258706627,0.0396334544013235,0.0916032698529846,0.0916032698529846,"gpath_trio"
"176","PRDM2","Exc L3-4 RORB CUX2",-0.00833889965175841,7.31079340497527,0.272750869976631,0.601937068851812,0.730967730094023,0.730967730094023,"gpath_trio"
"177","KAZN","Exc L3-4 RORB CUX2",0.0870181745581585,10.27066574626,11.2471865521505,0.000916225336974165,0.00392960165251994,0.00392960165251994,"gpath_trio"
"178","KAZN-AS1","Exc L3-4 RORB CUX2",-0.104694260039732,1.35897152095253,3.37483631719702,0.0673404324109132,0.13998899782485,0.13998899782485,"gpath_trio"
"179","TMEM51-AS1","Exc L3-4 RORB CUX2",-0.161333277243782,-0.285122134193792,1.21735141139071,0.270901188082407,0.410317677895088,0.410317677895088,"gpath_trio"
"180","TMEM51","Exc L3-4 RORB CUX2",-0.0074925158956318,-0.436971626603924,0.00238193173678903,0.961112135683376,0.98004163727146,0.98004163727146,"gpath_trio"
"181","FHAD1","Exc L3-4 RORB CUX2",0.0382925786021212,3.49685862664478,0.499040864764073,0.480554407653687,0.623925939533634,0.623925939533634,"gpath_trio"
"182","AL031283.2","Exc L3-4 RORB CUX2",-0.160120435358518,0.0891941888761568,2.88096465627499,0.0908288857026237,0.177101842954521,0.177101842954521,"gpath_trio"
"183","AL031283.1","Exc L3-4 RORB CUX2",-0.0302710445794359,-0.937387249069927,0.0519272349956444,0.819922140064339,0.89680665096087,0.89680665096087,"gpath_trio"
"184","EFHD2","Exc L3-4 RORB CUX2",-0.0195464678189217,4.64565103478657,0.324646272699764,0.569320651034988,0.704362797242343,0.704362797242343,"gpath_trio"
"185","CELA2A","Exc L3-4 RORB CUX2",-0.250499749334261,-0.998817542117129,3.43945532839205,0.0647887991830168,0.135634951075787,0.135634951075787,"gpath_trio"
"186","CELA2B","Exc L3-4 RORB CUX2",-0.345660693908909,1.30096557899819,21.304683782727,6.16045258188194e-06,5.17863045164451e-05,5.17863045164451e-05,"gpath_trio"
"187","CASP9","Exc L3-4 RORB CUX2",0.108966250443886,3.76475460135216,14.7699010501319,0.000152737187259685,0.000841013305939994,0.000841013305939994,"gpath_trio"
"188","DNAJC16","Exc L3-4 RORB CUX2",-0.0177404932601413,5.63600429811056,1.43067847404691,0.285050461275303,0.426560826007212,0.426560826007212,"gpath_trio"
"189","AGMAT","Exc L3-4 RORB CUX2",-0.105989247468112,1.08917489531599,3.76734188410578,0.053343273550815,0.115919920711729,0.115919920711729,"gpath_trio"
"190","AL121992.1","Exc L3-4 RORB CUX2",0.0610564043590259,1.15252735450969,1.19354755274009,0.275626363511941,0.415750772306402,0.415750772306402,"gpath_trio"
"191","DDI2","Exc L3-4 RORB CUX2",-0.0113413865010345,5.24653650159674,0.400450644646285,0.527412758883869,0.667621559197017,0.667621559197017,"gpath_trio"
"192","PLEKHM2","Exc L3-4 RORB CUX2",0.032209008620457,5.87496398693373,4.78314418956347,0.0296307438237104,0.0719547733080595,0.0719547733080595,"gpath_trio"
"193","AL450998.3","Exc L3-4 RORB CUX2",-0.141324916161273,-0.0318781473717592,2.38643408963481,0.123608758671898,0.225337192211579,0.225337192211579,"gpath_trio"
"194","SLC25A34","Exc L3-4 RORB CUX2",0.0726864884434391,2.92423560216411,1.8811682421073,0.171383847583619,0.289137516122558,0.289137516122558,"gpath_trio"
"195","SLC25A34-AS1","Exc L3-4 RORB CUX2",-0.169675451591109,-0.452414718001069,3.00605505891565,0.0841393238379096,0.16694638654896,0.16694638654896,"gpath_trio"
"196","FBLIM1","Exc L3-4 RORB CUX2",-0.201520180671762,0.229663230559709,7.07982580772307,0.00828059556815344,0.0252778053544403,0.0252778053544403,"gpath_trio"
"197","UQCRHL","Exc L3-4 RORB CUX2",-0.406204426528526,3.05689521505475,69.179861050665,5.09229664906044e-15,4.17630426401603e-13,4.17630426401603e-13,"gpath_trio"
"198","AL450998.2","Exc L3-4 RORB CUX2",0.0730112799150704,3.174283206232,3.61995725896172,0.0581950735508182,0.124333962605926,0.124333962605926,"gpath_trio"
"199","SPEN","Exc L3-4 RORB CUX2",0.0906092596309125,6.2353808738429,26.864292780435,4.38615554856698e-07,4.97582101569683e-06,4.97582101569683e-06,"gpath_trio"
"200","ZBTB17","Exc L3-4 RORB CUX2",-0.0272734095394098,3.69602368130738,1.34736478215638,0.246803956493813,0.381904419563022,0.381904419563022,"gpath_trio"
"201","HSPB7","Exc L3-4 RORB CUX2",0.350496964923695,-1.10304716751639,3.0327038850031,0.0827846375536943,0.164842090667764,0.164842090667764,"gpath_trio"
"202","FAM131C","Exc L3-4 RORB CUX2",-0.0186596593116329,0.540689152577377,0.0240568180902157,0.876860766180678,0.934135914969647,0.934135914969647,"gpath_trio"
"203","CPLANE2","Exc L3-4 RORB CUX2",0.00799728467360694,-0.0298289278343807,0.00903924810906841,0.971103290031992,0.985007513676851,0.985007513676851,"gpath_trio"
"204","FBXO42","Exc L3-4 RORB CUX2",0.095983677026257,6.70879435480424,27.3712345545707,3.45921617585343e-07,4.05047512175525e-06,4.05047512175525e-06,"gpath_trio"
"205","SZRD1","Exc L3-4 RORB CUX2",0.0199572156412028,3.78139022542226,0.49997049956081,0.480146317876539,0.623497209896793,0.623497209896793,"gpath_trio"
"206","SPATA21","Exc L3-4 RORB CUX2",-0.282226888665714,1.23395682414665,21.1013810236821,6.7950886635717e-06,5.61785758118299e-05,5.61785758118299e-05,"gpath_trio"
"207","NECAP2","Exc L3-4 RORB CUX2",-0.0926062361095039,3.27606750692858,10.0230576001217,0.00173013538040948,0.00674502054101666,0.00674502054101666,"gpath_trio"
"208","LINC01772","Exc L3-4 RORB CUX2",-0.167361778252425,1.06576485592832,7.48534875696737,0.00664878131659654,0.0211041355654183,0.0211041355654183,"gpath_trio"
"209","AL137802.2","Exc L3-4 RORB CUX2",-0.0608358552726919,0.392292121564059,0.638033807059895,0.425152705558739,0.573436009803954,0.573436009803954,"gpath_trio"
"210","NBPF1","Exc L3-4 RORB CUX2",0.0529535581429797,4.68954088008,1.75746474883536,0.186104611570825,0.308065110016351,0.308065110016351,"gpath_trio"
"211","CROCC","Exc L3-4 RORB CUX2",0.0955900608557155,6.0822285646768,13.8013561123742,0.000248716117724006,0.00129159528316134,0.00129159528316134,"gpath_trio"
"212","BX284668.5","Exc L3-4 RORB CUX2",-0.247724552715702,0.77914277791005,6.6154952430273,0.0106655349129574,0.0311805777233612,0.0311805777233612,"gpath_trio"
"213","BX284668.6","Exc L3-4 RORB CUX2",0.00517852227176891,-0.357928927835847,0.00282121499814685,0.957680978060344,0.97890841539185,0.97890841539185,"gpath_trio"
"214","AL049569.1","Exc L3-4 RORB CUX2",-0.373226894963751,3.37784915329382,59.7950644545351,2.31410663002936e-13,1.26523309649979e-11,1.26523309649979e-11,"gpath_trio"
"215","ATP13A2","Exc L3-4 RORB CUX2",-0.0161225949544492,6.50225156385041,0.822751593631582,0.3652167569214,0.513323677782447,0.513323677782447,"gpath_trio"
"216","SDHB","Exc L3-4 RORB CUX2",-0.0419783826812771,5.34561716405504,4.70260862378638,0.0310237626103055,0.0748510416961151,0.0748510416961151,"gpath_trio"
"217","PADI4","Exc L3-4 RORB CUX2",-0.363725938256608,2.21968191651346,8.83110261096616,0.00323881499021886,0.0114939476565814,0.0114939476565814,"gpath_trio"
"218","RCC2","Exc L3-4 RORB CUX2",-0.0191545469093008,5.00187621584508,0.561167848631108,0.454467256826298,0.600419274778263,0.600419274778263,"gpath_trio"
"219","ARHGEF10L","Exc L3-4 RORB CUX2",0.0485475247281976,4.98666661875983,6.61124171750163,0.010690392619863,0.0312301885694125,0.0312301885694125,"gpath_trio"
"220","ACTL8","Exc L3-4 RORB CUX2",-0.200688158769369,-1.23423244832542,2.09689603141044,0.148803269735379,0.25987759408858,0.25987759408858,"gpath_trio"
"221","AL357509.1","Exc L3-4 RORB CUX2",0.0694445429465219,-0.73148482434807,0.321077586951371,0.571449573718025,0.706001161811935,0.706001161811935,"gpath_trio"
"222","LINC01654","Exc L3-4 RORB CUX2",-0.306839157151244,-1.00079732592783,4.44141460172693,0.0360347704139065,0.0847222343666895,0.0847222343666895,"gpath_trio"
"223","IGSF21","Exc L3-4 RORB CUX2",-0.0039171633755659,6.86326044549588,0.0198624288019259,0.888031105792906,0.941512317716438,0.941512317716438,"gpath_trio"
"224","AL591896.1","Exc L3-4 RORB CUX2",0.186211476802163,-0.582508699412657,2.9038235906411,0.0895643979436443,0.175207507176378,0.175207507176378,"gpath_trio"
"225","PAX7","Exc L3-4 RORB CUX2",0.0452240400113716,1.40896854512966,0.758183099086811,0.492219256612407,0.63590238891716,0.63590238891716,"gpath_trio"
"226","IFFO2","Exc L3-4 RORB CUX2",0.0660565922849976,3.39273775151024,4.85936228478992,0.0283727251902249,0.0693547204326754,0.0693547204326754,"gpath_trio"
"227","UBR4","Exc L3-4 RORB CUX2",0.0262082311789395,6.49592917264427,2.43066982188666,0.120198374455958,0.220474789039818,0.220474789039818,"gpath_trio"
"228","AL035413.1","Exc L3-4 RORB CUX2",-0.189390376617076,3.48322384110661,28.1360480199622,2.42034946693029e-07,2.94870474005547e-06,2.94870474005547e-06,"gpath_trio"
"229","EMC1","Exc L3-4 RORB CUX2",-0.0382339893514079,4.11763854511769,2.57407752872543,0.10984135357393,0.205684918169114,0.205684918169114,"gpath_trio"
"230","MRTO4","Exc L3-4 RORB CUX2",-0.0963655511377465,3.92397565570186,15.9261563391569,8.5713831072926e-05,0.000509990701194786,0.000509990701194786,"gpath_trio"
"231","AKR7A3","Exc L3-4 RORB CUX2",0.144745772868611,0.429239053183461,3.96090117718705,0.0476158898232,0.105977694932207,0.105977694932207,"gpath_trio"
"232","AKR7A2","Exc L3-4 RORB CUX2",-0.0588605184977449,3.14805707073491,2.86372645667467,0.091795339729205,0.178553657538513,0.178553657538513,"gpath_trio"
"233","PQLC2","Exc L3-4 RORB CUX2",-0.0236406095045924,2.89320045227574,0.494543202016038,0.482536870426103,0.626137211271329,0.626137211271329,"gpath_trio"
"234","CAPZB","Exc L3-4 RORB CUX2",0.0148170692554804,6.78688431597368,0.676636165238061,0.411501202086549,0.559773382440213,0.559773382440213,"gpath_trio"
"235","NBL1","Exc L3-4 RORB CUX2",-0.0599642939379439,4.90204348002829,3.08304886980122,0.0802895420151753,0.160922065384081,0.160922065384081,"gpath_trio"
"236","HTR6","Exc L3-4 RORB CUX2",0.0973158386179634,-0.00658927860325084,1.25633612576593,0.2633799386534,0.401852211421582,0.401852211421582,"gpath_trio"
"237","TMCO4","Exc L3-4 RORB CUX2",0.0151250210362267,2.02676290581771,0.0358605630580928,0.849951475058225,0.916384181705005,0.916384181705005,"gpath_trio"
"238","OTUD3","Exc L3-4 RORB CUX2",0.00572173510389583,5.51322222369578,0.0333518990500051,0.855234562790388,0.920002100552925,0.920002100552925,"gpath_trio"
"239","PLA2G5","Exc L3-4 RORB CUX2",-0.297452776722837,-1.11077836892339,4.46759921452941,0.0354960498411323,0.0836603744795378,0.0836603744795378,"gpath_trio"
"240","PLA2G2C","Exc L3-4 RORB CUX2",0.0538136766243072,0.0502811930478001,0.377288740559831,0.625197447130445,0.749811338638004,0.749811338638004,"gpath_trio"
"241","UBXN10-AS1","Exc L3-4 RORB CUX2",-0.245297538775006,-0.244831758623752,6.15275773860677,0.0137541558849119,0.0385992620640003,0.0385992620640003,"gpath_trio"
"242","UBXN10","Exc L3-4 RORB CUX2",-0.0405389925048975,2.71745287603227,1.03965659268818,0.308849150816973,0.453231860469336,0.453231860469336,"gpath_trio"
"243","VWA5B1","Exc L3-4 RORB CUX2",-0.269365932315485,-0.853137372137128,5.02245299743808,0.025865037424161,0.0643657292457181,0.0643657292457181,"gpath_trio"
"244","LINC01141","Exc L3-4 RORB CUX2",0.174619513789132,2.86319891670398,10.5252384430081,0.00133172476434638,0.00541029946046884,0.00541029946046884,"gpath_trio"
"245","CAMK2N1","Exc L3-4 RORB CUX2",-0.00242709964886352,8.32075282545375,0.00488959736433774,0.944306582564093,0.973030715322151,0.973030715322151,"gpath_trio"
"246","MUL1","Exc L3-4 RORB CUX2",-0.130690677976099,2.84021675322346,14.1601032457098,0.000207535348817706,0.00110112058477312,0.00110112058477312,"gpath_trio"
"247","FAM43B","Exc L3-4 RORB CUX2",-0.108517970602198,1.00479822814617,1.99490570247697,0.159024680532938,0.273258064027939,0.273258064027939,"gpath_trio"
"248","CDA","Exc L3-4 RORB CUX2",-0.199680021428786,-0.699855977782677,3.54770985541766,0.0607436934332721,0.128919000106908,0.128919000106908,"gpath_trio"
"249","PINK1","Exc L3-4 RORB CUX2",-0.175160374454535,5.62330932421528,53.9585826242479,2.64175803177018e-12,1.13158106774869e-10,1.13158106774869e-10,"gpath_trio"
"250","PINK1-AS","Exc L3-4 RORB CUX2",-0.209815113875853,0.822215809611886,10.2864789721546,0.00150793517674167,0.00599932798082492,0.00599932798082492,"gpath_trio"
"251","DDOST","Exc L3-4 RORB CUX2",-0.0967178579003668,3.91449467608321,13.5722616149848,0.00027926542253671,0.00142673585709753,0.00142673585709753,"gpath_trio"
"252","KIF17","Exc L3-4 RORB CUX2",-0.000776762039084055,4.48617522272896,0.000706276142174553,0.97881841600652,0.988816861595891,0.988816861595891,"gpath_trio"
"253","SH2D5","Exc L3-4 RORB CUX2",-0.133469321299731,3.97515931761499,13.918408038607,0.000234439695089676,0.00122690676155935,0.00122690676155935,"gpath_trio"
"254","HP1BP3","Exc L3-4 RORB CUX2",0.0577367595817228,7.10820895354502,13.5492185475944,0.000282541823439094,0.00144092044688668,0.00144092044688668,"gpath_trio"
"255","EIF4G3","Exc L3-4 RORB CUX2",0.0454978962282509,9.20473130267119,11.4841820482644,0.000810829544317524,0.00354003160714262,0.00354003160714262,"gpath_trio"
"256","ECE1","Exc L3-4 RORB CUX2",0.133326281815369,6.14612462737394,26.9744796017238,4.16536069930079e-07,4.7585590095353e-06,4.7585590095353e-06,"gpath_trio"
"257","NBPF3","Exc L3-4 RORB CUX2",0.0301556831958935,4.04639720991886,0.622135918649369,0.430973262984107,0.578439385801806,0.578439385801806,"gpath_trio"
"258","ALPL","Exc L3-4 RORB CUX2",0.00710716718197521,-0.0826218978766418,0.00625566000329641,0.937019703208641,0.969603109545422,0.969603109545422,"gpath_trio"
"259","RAP1GAP","Exc L3-4 RORB CUX2",-0.0344639793524814,6.5536591180913,2.41447948322876,0.121434261928956,0.222276922012038,0.222276922012038,"gpath_trio"
"260","USP48","Exc L3-4 RORB CUX2",0.0180304167083666,6.50115785767666,1.53005661244869,0.217219998062943,0.346682498292846,0.346682498292846,"gpath_trio"
"261","LDLRAD2","Exc L3-4 RORB CUX2",-0.159544885044082,-0.815657299545394,1.7147336526286,0.191528291052664,0.314708372687462,0.314708372687462,"gpath_trio"
"262","HSPG2","Exc L3-4 RORB CUX2",-0.117843917729575,0.360929446688341,2.92706793742577,0.0907146294501302,0.176932449903771,0.176932449903771,"gpath_trio"
"263","CDC42","Exc L3-4 RORB CUX2",-0.123927277136867,6.02883065483814,45.5587058537728,9.60531489331569e-11,2.72555876192186e-09,2.72555876192186e-09,"gpath_trio"
"264","WNT4","Exc L3-4 RORB CUX2",0.261279114528017,-0.17845300137133,6.04421848450841,0.0146043710959173,0.0405509478200016,0.0405509478200016,"gpath_trio"
"265","ZBTB40","Exc L3-4 RORB CUX2",0.0989717273824355,4.18579105747948,13.1466602945095,0.000346517150890594,0.00171347635274945,0.00171347635274945,"gpath_trio"
"266","EPHA8","Exc L3-4 RORB CUX2",0.137821291440627,1.11117477383479,3.25785782609669,0.0722387827124146,0.148021271706578,0.148021271706578,"gpath_trio"
"267","EPHB2","Exc L3-4 RORB CUX2",0.141428479623464,6.15615649854253,49.7888695145208,1.55129961349046e-11,5.56657738294662e-10,5.56657738294662e-10,"gpath_trio"
"268","TEX46","Exc L3-4 RORB CUX2",0.110009997715905,0.338237790440301,2.40666729148745,0.122035662940964,0.2231339645165,0.2231339645165,"gpath_trio"
"269","KDM1A","Exc L3-4 RORB CUX2",-0.00908674359365054,6.13635641912944,0.354111676557343,0.552312324588859,0.689761033242103,0.689761033242103,"gpath_trio"
"270","AL031428.1","Exc L3-4 RORB CUX2",-0.137250852560467,3.87212297131936,22.0220459020846,4.36241125367344e-06,3.80508633994214e-05,3.80508633994214e-05,"gpath_trio"
"271","LUZP1","Exc L3-4 RORB CUX2",0.0404470394581494,7.10241391965171,5.20657683770013,0.0233101255487597,0.05913262705221,0.05913262705221,"gpath_trio"
"272","HTR1D","Exc L3-4 RORB CUX2",-0.249202007413198,-0.924655463538467,2.82729493550177,0.0938750381751624,0.181480346414709,0.181480346414709,"gpath_trio"
"273","LINC01355","Exc L3-4 RORB CUX2",0.0364878970562576,3.15997159860857,1.08605723318573,0.298314473949381,0.441426656424876,0.441426656424876,"gpath_trio"
"274","AL109936.6","Exc L3-4 RORB CUX2",-0.428043598190594,0.71782272880872,30.0332428665321,1.00333023824522e-07,1.34321085312523e-06,1.34321085312523e-06,"gpath_trio"
"275","HNRNPR","Exc L3-4 RORB CUX2",-0.0155903476535476,5.34869013799006,0.583908609689659,0.920436582678498,0.959655628876122,0.959655628876122,"gpath_trio"
"276","ZNF436","Exc L3-4 RORB CUX2",-0.0523780623872011,2.41849386854952,2.13804733854967,0.312098696639197,0.45677121542951,0.45677121542951,"gpath_trio"
"277","ZNF436-AS1","Exc L3-4 RORB CUX2",-0.223160067425486,3.56035074574974,35.977780542591,6.65631705404949e-09,1.21092151997699e-07,1.21092151997699e-07,"gpath_trio"
"278","TCEA3","Exc L3-4 RORB CUX2",0.0224409101220694,1.34730102460158,0.110505363293653,0.73983736375511,0.841258687045571,0.841258687045571,"gpath_trio"
"279","ASAP3","Exc L3-4 RORB CUX2",0.194865227151223,2.52313591148554,10.0389998459138,0.00171578353885447,0.00669812943041582,0.00669812943041582,"gpath_trio"
"280","MDS2","Exc L3-4 RORB CUX2",-0.108304194094545,-0.26933609301661,1.51497655133789,0.219493547411676,0.349261165630614,0.349261165630614,"gpath_trio"
"281","RPL11","Exc L3-4 RORB CUX2",-0.239829272909554,4.62322760244596,57.5749619544533,5.80960328046704e-13,2.84487248018016e-11,2.84487248018016e-11,"gpath_trio"
"282","ELOA","Exc L3-4 RORB CUX2",0.020794785919387,4.12947714118349,0.666242483614306,0.415111893839189,0.563396061769635,0.563396061769635,"gpath_trio"
"283","ELOA-AS1","Exc L3-4 RORB CUX2",0.00410783198925519,4.74425813309522,0.0327552693484746,0.856520998112894,0.920732690586511,0.920732690586511,"gpath_trio"
"284","PITHD1","Exc L3-4 RORB CUX2",-0.151322237861178,5.4478523908393,66.5442650880048,1.46970467843045e-14,1.08612790796097e-12,1.08612790796097e-12,"gpath_trio"
"285","LYPLA2","Exc L3-4 RORB CUX2",-0.0698185864345771,3.15015061067031,5.37422662748619,0.0212126485721017,0.0548556464899816,0.0548556464899816,"gpath_trio"
"286","GALE","Exc L3-4 RORB CUX2",-0.0948187312566762,3.71996110404991,10.5798651042782,0.00129444985456698,0.00527906323345237,0.00527906323345237,"gpath_trio"
"287","HMGCL","Exc L3-4 RORB CUX2",-0.0745909430050455,3.49920335837852,6.11678276931967,0.0140301261089674,0.0392209774488594,0.0392209774488594,"gpath_trio"
"288","FUCA1","Exc L3-4 RORB CUX2",-0.0868744713420243,3.11633808848881,10.2097270183498,0.00156949334890669,0.00621726454235077,0.00621726454235077,"gpath_trio"
"289","CNR2","Exc L3-4 RORB CUX2",-0.2093910139973,-0.0579606955777463,7.42012703068855,0.00688703143108363,0.0216865708010164,0.0216865708010164,"gpath_trio"
"290","PNRC2","Exc L3-4 RORB CUX2",-0.0671029890177518,3.47219347249494,4.35929584568623,0.0377808565929784,0.0880578537157277,0.0880578537157277,"gpath_trio"
"291","SRSF10","Exc L3-4 RORB CUX2",-0.0585509179616153,6.03679959181925,11.5800885048507,0.000771765091220621,0.0033966755487295,0.0033966755487295,"gpath_trio"
"292","MYOM3","Exc L3-4 RORB CUX2",-0.122765252069874,-0.987124563888274,1.00691360309389,0.382209440115644,0.530408271724661,0.530408271724661,"gpath_trio"
"293","IFNLR1","Exc L3-4 RORB CUX2",-0.019890377777342,2.50720055951489,0.117385155490678,0.732164799429989,0.835157167891673,0.835157167891673,"gpath_trio"
"294","STPG1","Exc L3-4 RORB CUX2",-0.0252583934224299,4.39375773877503,1.05881773153513,0.93572408666486,0.969109144570926,0.969109144570926,"gpath_trio"
"295","NIPAL3","Exc L3-4 RORB CUX2",0.0320989588511514,5.33153404937225,2.71816639452685,0.100419646745304,0.191598862595659,0.191598862595659,"gpath_trio"
"296","RCAN3","Exc L3-4 RORB CUX2",-0.0641496909216816,-2.01592180194449,0.00284988175065524,0.990018046057501,0.995303740277461,0.995303740277461,"gpath_trio"
"297","NCMAP","Exc L3-4 RORB CUX2",-0.132762831577832,0.416796531007992,4.12010081703288,0.0433948222010004,0.098358671823973,0.098358671823973,"gpath_trio"
"298","SRRM1","Exc L3-4 RORB CUX2",0.013826283806619,5.82691705960571,0.239517098504463,0.624967728324229,0.749626867951327,0.749626867951327,"gpath_trio"
"299","AL050344.1","Exc L3-4 RORB CUX2",-0.107188561355626,-0.789486451348678,1.04143815855406,0.422783877180959,0.571112943298803,0.571112943298803,"gpath_trio"
"300","SYF2","Exc L3-4 RORB CUX2",-0.125891163808144,4.07472221467196,27.8234953421739,2.80024665779474e-07,3.35879764096367e-06,3.35879764096367e-06,"gpath_trio"
"301","RSRP1","Exc L3-4 RORB CUX2",0.0192011751085759,7.57290166126918,0.416620224014359,0.519197505499942,0.660080009670511,0.660080009670511,"gpath_trio"
"302","AL031432.3","Exc L3-4 RORB CUX2",-0.270420030773263,-0.151186748932405,8.89038220610769,0.00313872784848793,0.0111998292082144,0.0111998292082144,"gpath_trio"
"303","RHD","Exc L3-4 RORB CUX2",-0.362438021164108,2.64683601900139,8.98180653628717,0.00299053047840097,0.0107527985032507,0.0107527985032507,"gpath_trio"
"304","TMEM50A","Exc L3-4 RORB CUX2",-0.104483402349965,5.31126774862543,28.7350296644674,1.83140629497263e-07,2.3035300499422e-06,2.3035300499422e-06,"gpath_trio"
"305","RHCE","Exc L3-4 RORB CUX2",0.00524752340071499,2.42112547900193,0.0108764973461924,0.919653312749569,0.959599542197158,0.959599542197158,"gpath_trio"
"306","MACO1","Exc L3-4 RORB CUX2",0.0404516483984386,6.76783068657143,9.18662650395264,0.00268394163794672,0.00980418659163046,0.00980418659163046,"gpath_trio"
"307","LDLRAP1","Exc L3-4 RORB CUX2",0.207480540620905,2.44908051493632,12.0176095744101,0.000616439588527648,0.00280294539070212,0.00280294539070212,"gpath_trio"
"308","AL606491.1","Exc L3-4 RORB CUX2",-0.0230311799756592,0.964411947107891,0.115121370769918,0.742381591117104,0.84328295708505,0.84328295708505,"gpath_trio"
"309","MAN1C1","Exc L3-4 RORB CUX2",0.0986656732766049,7.55504393610263,42.4540447531145,3.7289090915228e-10,9.02047253255066e-09,9.02047253255066e-09,"gpath_trio"
"310","AL031280.1","Exc L3-4 RORB CUX2",-0.348994781172984,2.94464013213679,34.3858613554614,1.36735818872254e-08,2.30078827835507e-07,2.30078827835507e-07,"gpath_trio"
"311","SELENON","Exc L3-4 RORB CUX2",0.0456816951286574,3.05658664213495,1.00604022655853,0.316785885876379,0.461955565417849,0.461955565417849,"gpath_trio"
"312","AL020996.1","Exc L3-4 RORB CUX2",-0.0833802284705204,0.220470036297727,1.09483073429171,0.296375084347888,0.439555494706737,0.439555494706737,"gpath_trio"
"313","MTFR1L","Exc L3-4 RORB CUX2",-0.0753062036688959,4.56701080604434,14.7703935655095,0.000152699454888598,0.000841013305939994,0.000841013305939994,"gpath_trio"
"314","AUNIP","Exc L3-4 RORB CUX2",-0.103295782629818,1.9547694694111,4.5800434702391,0.0332771717090104,0.0792323817227194,0.0792323817227194,"gpath_trio"
"315","AL033528.2","Exc L3-4 RORB CUX2",-0.266614797060955,1.48092941492413,11.7010272421036,0.000725220560269785,0.00322346878242849,0.00322346878242849,"gpath_trio"
"316","PAQR7","Exc L3-4 RORB CUX2",-0.0242971946664292,2.95158569807029,0.323220188034851,0.570169523763158,0.704980703678477,0.704980703678477,"gpath_trio"
"317","STMN1","Exc L3-4 RORB CUX2",-0.212283473791404,7.45874197808394,48.5663403797077,2.61988007068311e-11,8.82405349349445e-10,8.82405349349445e-10,"gpath_trio"
"318","PAFAH2","Exc L3-4 RORB CUX2",0.110134421687448,1.62873782717838,5.45994358840082,0.0202171795098457,0.0528002066810535,0.0528002066810535,"gpath_trio"
"319","EXTL1","Exc L3-4 RORB CUX2",0.0336866714178072,4.81815512769869,1.36822625696609,0.243188001681555,0.37743810554084,0.37743810554084,"gpath_trio"
"320","SLC30A2","Exc L3-4 RORB CUX2",-0.333188052022855,-0.893875952545885,7.61453510142657,0.00620156227452237,0.0199388874722691,0.0199388874722691,"gpath_trio"
"321","PDIK1L","Exc L3-4 RORB CUX2",0.00303038811396602,3.82177024913956,0.0133861887047178,0.90798064420887,0.952798787938934,0.952798787938934,"gpath_trio"
"322","FAM110D","Exc L3-4 RORB CUX2",-0.0862499547375189,-0.0981155953880709,0.79382077991619,0.373771013633495,0.522109686357111,0.522109686357111,"gpath_trio"
"323","ZNF593","Exc L3-4 RORB CUX2",-0.257235337530114,1.7113287959449,15.8807545021384,8.76728688863484e-05,0.000520082366886821,0.000520082366886821,"gpath_trio"
"324","CNKSR1","Exc L3-4 RORB CUX2",0.10635428695352,2.22739342583886,2.79168303264375,0.0959578588139175,0.184678625775227,0.184678625775227,"gpath_trio"
"325","CEP85","Exc L3-4 RORB CUX2",-0.00155998275107284,4.05184347122822,0.00353912559614649,0.952607089977639,0.97691496163772,0.97691496163772,"gpath_trio"
"326","SH3BGRL3","Exc L3-4 RORB CUX2",-0.142912788950696,4.21612020853247,6.75076447051748,0.00990535846661933,0.0293581029916329,0.0293581029916329,"gpath_trio"
"327","UBXN11","Exc L3-4 RORB CUX2",-0.11577201334312,3.28262470469951,14.0988354563311,0.000214043803457822,0.00113282626830051,0.00113282626830051,"gpath_trio"
"328","DHDDS","Exc L3-4 RORB CUX2",-0.0637351492853287,5.10762237875414,10.6170844554081,0.00126966363255515,0.00519794313855521,0.00519794313855521,"gpath_trio"
"329","AL513365.2","Exc L3-4 RORB CUX2",-0.103936422167622,0.941946570181482,3.01155768227072,0.0838576383839057,0.16650210160371,0.16650210160371,"gpath_trio"
"330","HMGN2","Exc L3-4 RORB CUX2",-0.0716430019368577,4.07788951684003,4.0668722967911,0.0447602053837668,0.100885710067893,0.100885710067893,"gpath_trio"
"331","RPS6KA1","Exc L3-4 RORB CUX2",-0.0165814395872882,2.10454028719653,0.146311449597017,0.702397974201824,0.81278343157567,0.81278343157567,"gpath_trio"
"332","ARID1A","Exc L3-4 RORB CUX2",0.013626667673693,6.19871024655453,0.50818396895831,0.476565336004485,0.620704044796028,0.620704044796028,"gpath_trio"
"333","PIGV","Exc L3-4 RORB CUX2",-0.0718458595583559,2.1988038351257,2.50305874063641,0.114841046011205,0.212697888853031,0.212697888853031,"gpath_trio"
"334","ZDHHC18","Exc L3-4 RORB CUX2",0.0689654626466669,4.71194920190003,12.5376979225935,0.00047245554547244,0.00223436254803246,0.00223436254803246,"gpath_trio"
"335","GPN2","Exc L3-4 RORB CUX2",0.0383235699268972,3.72281022966013,2.70522167039119,0.101228605008927,0.192868741718303,0.192868741718303,"gpath_trio"
"336","GPATCH3","Exc L3-4 RORB CUX2",-0.0949111261040446,2.69462750919818,7.4281669215224,0.00685719406870874,0.0216196109292388,0.0216196109292388,"gpath_trio"
"337","NUDC","Exc L3-4 RORB CUX2",-0.0716066569738347,5.28942645080021,13.9371538016136,0.000232231851714364,0.00121663921275962,0.00121663921275962,"gpath_trio"
"338","KDF1","Exc L3-4 RORB CUX2",-0.0439796609843432,0.542029800270174,0.290782876071682,0.590180727977309,0.721340200927846,0.721340200927846,"gpath_trio"
"339","TRNP1","Exc L3-4 RORB CUX2",-0.0157540481796373,4.37728023363884,0.297794364487355,0.648500779484381,0.768984555430668,0.768984555430668,"gpath_trio"
"340","TENT5B","Exc L3-4 RORB CUX2",-0.260540386942684,-0.543480280230349,4.33620305788093,0.0382877821483848,0.0890233957408854,0.0890233957408854,"gpath_trio"
"341","SLC9A1","Exc L3-4 RORB CUX2",0.0214993950559371,4.85578973054418,1.05818270261838,0.304586023401107,0.448547550109246,0.448547550109246,"gpath_trio"
"342","AL590640.1","Exc L3-4 RORB CUX2",-0.166838549227812,-0.44002349257356,2.84215210542128,0.0930207594311165,0.180208740303704,0.180208740303704,"gpath_trio"
"343","WDTC1","Exc L3-4 RORB CUX2",-0.00383800625901671,5.38178422638327,0.0494047532162496,0.82427679592162,0.89919889465333,0.89919889465333,"gpath_trio"
"344","TMEM222","Exc L3-4 RORB CUX2",-0.00912070379346606,4.63722078318063,0.181353907621951,0.670564588319297,0.787464526737009,0.787464526737009,"gpath_trio"
"345","SYTL1","Exc L3-4 RORB CUX2",-0.0727907524110012,-0.175895678831284,0.596356654792303,0.440672870527275,0.587460663258829,0.587460663258829,"gpath_trio"
"346","MAP3K6","Exc L3-4 RORB CUX2",-0.0546259294551542,1.84784889868906,1.15188716858996,0.32370571746327,0.469163997832003,0.469163997832003,"gpath_trio"
"347","GPR3","Exc L3-4 RORB CUX2",-0.487324468093478,0.0378460008541485,23.0662155256586,2.64581330575884e-06,2.44971470599746e-05,2.44971470599746e-05,"gpath_trio"
"348","WASF2","Exc L3-4 RORB CUX2",0.0967140178387099,4.9783087001721,23.0684161316452,2.64303394934928e-06,2.44826491864655e-05,2.44826491864655e-05,"gpath_trio"
"349","FO393419.2","Exc L3-4 RORB CUX2",-0.272857000037437,-0.627737371063418,6.31781670081408,0.0125581602191967,0.0358208514664631,0.0358208514664631,"gpath_trio"
"350","BX293535.1","Exc L3-4 RORB CUX2",0.122302754118525,-0.0769391988785656,1.79845530740451,0.181069677588602,0.301832665070647,0.301832665070647,"gpath_trio"
"351","AHDC1","Exc L3-4 RORB CUX2",0.0481880463927325,6.09495322301589,6.79357437609321,0.00967660513195553,0.0288113206223735,0.0288113206223735,"gpath_trio"
"352","IFI6","Exc L3-4 RORB CUX2",0.0839235506636548,3.84040512746877,0.581389036546649,0.446459542794458,0.592781920097281,0.592781920097281,"gpath_trio"
"353","AL445490.1","Exc L3-4 RORB CUX2",-0.243985111842612,-0.447681898060027,5.85063272288616,0.0162586442773298,0.0442192165401899,0.0442192165401899,"gpath_trio"
"354","FAM76A","Exc L3-4 RORB CUX2",0.016739622158304,4.53474259073308,0.461232956740512,0.632272794357292,0.755469856122467,0.755469856122467,"gpath_trio"
"355","STX12","Exc L3-4 RORB CUX2",0.0209266881786045,6.43538606616782,2.4208660178083,0.333075878497094,0.479506625423068,0.479506625423068,"gpath_trio"
"356","PPP1R8","Exc L3-4 RORB CUX2",-0.0459990079180099,3.88117954853849,2.97322773806186,0.0877323178829787,0.172497759798177,0.172497759798177,"gpath_trio"
"357","THEMIS2","Exc L3-4 RORB CUX2",-0.0888766694100236,1.93534442860922,1.85331944079988,0.174576392602947,0.293384316598456,0.293384316598456,"gpath_trio"
"358","RPA2","Exc L3-4 RORB CUX2",-0.0297180031741829,3.9553316612619,0.972647491545665,0.324937644352787,0.470510082165899,0.470510082165899,"gpath_trio"
"359","SMPDL3B","Exc L3-4 RORB CUX2",-0.0356498644906046,-0.267700782279629,0.121124742990205,0.728099402686369,0.832025230767346,0.832025230767346,"gpath_trio"
"360","AL512288.1","Exc L3-4 RORB CUX2",-0.10345405375974,-1.22433242893302,0.62605796026524,0.462714852105782,0.608319571304194,0.608319571304194,"gpath_trio"
"361","XKR8","Exc L3-4 RORB CUX2",0.0290389333931868,-0.294811607919153,0.0728701862575712,0.787416860803387,0.875585349623872,0.875585349623872,"gpath_trio"
"362","EYA3","Exc L3-4 RORB CUX2",0.0579127550912474,6.42830340096515,12.2217048777826,0.000555255228412349,0.00256392811750336,0.00256392811750336,"gpath_trio"
"363","PTAFR","Exc L3-4 RORB CUX2",-0.175633227293521,1.07629503053408,7.31714006929357,0.00728126138778701,0.0226871735132978,0.0226871735132978,"gpath_trio"
"364","DNAJC8","Exc L3-4 RORB CUX2",-0.121303678212735,5.06398440523343,42.4381127510933,3.75510862027373e-10,9.07297202563144e-09,9.07297202563144e-09,"gpath_trio"
"365","ATP5IF1","Exc L3-4 RORB CUX2",-0.264909542401765,5.81177422642735,82.0469615159884,3.26800097348443e-17,4.61062375105234e-15,4.61062375105234e-15,"gpath_trio"
"366","AL353622.1","Exc L3-4 RORB CUX2",-0.0394785957380742,0.510845917729889,0.0997498206486639,0.752383437816112,0.850716240299657,0.850716240299657,"gpath_trio"
"367","SESN2","Exc L3-4 RORB CUX2",0.0934240626184007,3.3071554843861,5.79812779752736,0.0167400198683708,0.0453240476686527,0.0453240476686527,"gpath_trio"
"368","MED18","Exc L3-4 RORB CUX2",-0.109036778451418,0.930532565279939,3.44249212449779,0.0646714673830405,0.135431477522612,0.135431477522612,"gpath_trio"
"369","PHACTR4","Exc L3-4 RORB CUX2",0.072223727641517,6.36009065700227,12.9803044734845,0.000377084252175349,0.00184249813214765,0.00184249813214765,"gpath_trio"
"370","RCC1","Exc L3-4 RORB CUX2",-0.0192736061137815,4.5397594471526,0.430128025793931,0.51250605118705,0.654045770301647,0.654045770301647,"gpath_trio"
"371","TRNAU1AP","Exc L3-4 RORB CUX2",0.0692011434474308,5.75908471850637,17.1924690114435,4.57603788529255e-05,0.000298270996828454,0.000298270996828454,"gpath_trio"
"372","SNHG12","Exc L3-4 RORB CUX2",-0.147989896295732,2.71413629796862,12.0332319195735,0.000611522908224359,0.00278435447380421,0.00278435447380421,"gpath_trio"
"373","TAF12","Exc L3-4 RORB CUX2",0.00296154973289071,4.04845137357289,0.011031746823548,0.916431298972676,0.957798576507437,0.957798576507437,"gpath_trio"
"374","LINC01715","Exc L3-4 RORB CUX2",0.104266682411013,0.764801218773851,1.99538943209982,0.158974346615165,0.273214545521381,0.273214545521381,"gpath_trio"
"375","GMEB1","Exc L3-4 RORB CUX2",0.0158264020105426,4.12748587841637,0.388233873381284,0.533775362378759,0.672973249343298,0.672973249343298,"gpath_trio"
"376","YTHDF2","Exc L3-4 RORB CUX2",-0.033204130784539,5.18317361453831,3.24769209355083,0.0726822442032598,0.148778843019558,0.148778843019558,"gpath_trio"
"377","OPRD1","Exc L3-4 RORB CUX2",0.105964962692359,5.6441870554444,16.1227112260071,7.77314499892173e-05,0.000469390004050421,0.000469390004050421,"gpath_trio"
"378","AL009181.1","Exc L3-4 RORB CUX2",-0.188291437330517,-0.383693509392267,3.86684724178372,0.0503126068451012,0.110826164766887,0.110826164766887,"gpath_trio"
"379","EPB41","Exc L3-4 RORB CUX2",0.105285258904074,6.95414469371262,21.3012573208602,6.17063586470124e-06,5.18340096747085e-05,5.18340096747085e-05,"gpath_trio"
"380","TMEM200B","Exc L3-4 RORB CUX2",-0.116127250371655,-0.375102160913862,1.14438480216927,0.285719785751239,0.427356935048915,0.427356935048915,"gpath_trio"
"381","SRSF4","Exc L3-4 RORB CUX2",0.0672464136267269,6.49468996487627,17.4035641060768,4.12351232311259e-05,0.000272351557079944,0.000272351557079944,"gpath_trio"
"382","MECR","Exc L3-4 RORB CUX2",0.0041769722256558,5.07097176253637,0.0466959334495149,0.829085142386708,0.90220025607615,0.90220025607615,"gpath_trio"
"383","PTPRU","Exc L3-4 RORB CUX2",-0.0373491289533073,3.96063363580814,1.079622861007,0.299747214665905,0.443059109187116,0.443059109187116,"gpath_trio"
"384","MATN1","Exc L3-4 RORB CUX2",-0.0283972281337539,0.689016789229454,0.0503291156719308,0.822667765705041,0.89846148087413,0.89846148087413,"gpath_trio"
"385","LINC01778","Exc L3-4 RORB CUX2",-0.152823052839055,-1.15683245655053,1.1257138979483,0.289675967238549,0.431849009017789,0.431849009017789,"gpath_trio"
"386","SDC3","Exc L3-4 RORB CUX2",-0.03315805804296,4.83295110575478,0.925772375810486,0.33685784287329,0.483399031223319,0.483399031223319,"gpath_trio"
"387","PUM1","Exc L3-4 RORB CUX2",0.017286011118024,7.17257978919155,1.24644205202937,0.265263791544137,0.403819432844129,0.403819432844129,"gpath_trio"
"388","NKAIN1","Exc L3-4 RORB CUX2",0.101002022785524,4.55361619752372,4.82923003230258,0.0288632492042413,0.0703875320555503,0.0703875320555503,"gpath_trio"
"389","SNRNP40","Exc L3-4 RORB CUX2",-0.0255547171993445,4.87134875990451,1.77973256474647,0.183349467692901,0.304801871350056,0.304801871350056,"gpath_trio"
"390","ZCCHC17","Exc L3-4 RORB CUX2",-0.022397171500385,5.92917725639954,1.76564310071062,0.185087149072513,0.306931878393715,0.306931878393715,"gpath_trio"
"391","AL451070.1","Exc L3-4 RORB CUX2",0.0114435306917287,2.93349305817078,0.0597180916651217,0.807134795326049,0.888522098308672,0.888522098308672,"gpath_trio"
"392","FABP3","Exc L3-4 RORB CUX2",-0.0390803693265789,3.70259016012335,1.01761235066126,0.314023884452329,0.458657197482498,0.458657197482498,"gpath_trio"
"393","SERINC2","Exc L3-4 RORB CUX2",0.149066557327173,0.159573713405058,3.17249349822114,0.0760553708210081,0.154336864445166,0.154336864445166,"gpath_trio"
"394","HCRTR1","Exc L3-4 RORB CUX2",-0.140062651759205,-0.894636073076809,0.924413107448946,0.337212173805008,0.48359792483054,0.48359792483054,"gpath_trio"
"395","PEF1","Exc L3-4 RORB CUX2",-0.0836913977361101,4.37599159411405,10.1457055532792,0.00162279888216492,0.00638454903425844,0.00638454903425844,"gpath_trio"
"396","AC114488.2","Exc L3-4 RORB CUX2",0.0353696320426339,-0.367981307806084,0.14850883451547,0.930171472309341,0.965687719541036,0.965687719541036,"gpath_trio"
"397","COL16A1","Exc L3-4 RORB CUX2",-0.0956340859348548,4.02365297887567,5.73646497700312,0.0173243049364365,0.0466396920326402,0.0466396920326402,"gpath_trio"
"398","ADGRB2","Exc L3-4 RORB CUX2",-0.111193944652982,6.18960032242965,24.0064261081769,1.69043965408456e-06,1.65797861065416e-05,1.65797861065416e-05,"gpath_trio"
"399","SPOCD1","Exc L3-4 RORB CUX2",0.072585214481177,-0.650674304599466,0.433864760260396,0.51068149783221,0.652578660710622,0.652578660710622,"gpath_trio"
"400","AL354919.1","Exc L3-4 RORB CUX2",0.0586264751430104,-0.69099577420774,0.257142541933841,0.612519900145597,0.739444051306691,0.739444051306691,"gpath_trio"
"401","AL136115.2","Exc L3-4 RORB CUX2",0.0894917822982394,2.17708030932302,3.64560776400824,0.0573179266300838,0.12275893521889,0.12275893521889,"gpath_trio"
"402","PTP4A2","Exc L3-4 RORB CUX2",0.0861236215849675,3.36007497125841,7.7943716837277,0.00562988575781704,0.0184089052129593,0.0184089052129593,"gpath_trio"
"403","AL136115.3","Exc L3-4 RORB CUX2",-0.263652289406163,-0.912568066659463,4.21148782212609,0.0411523993990101,0.0943894563295848,0.0943894563295848,"gpath_trio"
"404","KHDRBS1","Exc L3-4 RORB CUX2",-0.00512068204103793,6.17588698784632,0.14408265772103,0.704565404119349,0.814777429101677,0.814777429101677,"gpath_trio"
"405","AL445248.1","Exc L3-4 RORB CUX2",0.0444109450301544,2.66238535950115,1.20659620363891,0.948840695529989,0.974894007941183,0.974894007941183,"gpath_trio"
"406","TMEM39B","Exc L3-4 RORB CUX2",0.037383365703222,4.94173999344647,3.48061166199638,0.0632178908797202,0.133092032609658,0.133092032609658,"gpath_trio"
"407","KPNA6","Exc L3-4 RORB CUX2",-0.000137110202816282,6.51269890739738,6.50593264092712e-05,0.993570569052952,0.99676763759079,0.99676763759079,"gpath_trio"
"408","TXLNA","Exc L3-4 RORB CUX2",0.0186705460102289,4.0346695500401,0.629093561446654,0.428411172103453,0.576270929519746,0.576270929519746,"gpath_trio"
"409","CCDC28B","Exc L3-4 RORB CUX2",-0.0251679498744077,1.96336945715404,0.340977568086545,0.55977173415125,0.695705953089476,0.695705953089476,"gpath_trio"
"410","AL049795.1","Exc L3-4 RORB CUX2",-0.197610056345288,1.04968880649856,10.1813163034187,0.00159292468739526,0.00629525084587646,0.00629525084587646,"gpath_trio"
"411","IQCC","Exc L3-4 RORB CUX2",-0.025962389937682,1.20619067305735,0.222019236972827,0.637900748064844,0.760258009936687,0.760258009936687,"gpath_trio"
"412","DCDC2B","Exc L3-4 RORB CUX2",-0.223620269935875,1.10865413885725,11.3990643886653,0.000847183364790573,0.00367131115517321,0.00367131115517321,"gpath_trio"
"413","TMEM234","Exc L3-4 RORB CUX2",-0.0828991247673441,3.12466031392595,6.15213091319236,0.0137589159400174,0.0386072502211196,0.0386072502211196,"gpath_trio"
"414","EIF3I","Exc L3-4 RORB CUX2",-0.138031957512276,3.68556980726451,24.5479349409963,1.30724625403175e-06,1.32464556379159e-05,1.32464556379159e-05,"gpath_trio"
"415","HDAC1","Exc L3-4 RORB CUX2",-0.0909429955469494,0.534618479136435,1.38063483008781,0.333383045181235,0.479852516807176,0.479852516807176,"gpath_trio"
"416","MARCKSL1","Exc L3-4 RORB CUX2",-0.2272749068854,-0.270164842025256,0.306196327243093,0.580501029815128,0.713078925750134,0.713078925750134,"gpath_trio"
"417","TSSK3","Exc L3-4 RORB CUX2",0.128475767803197,1.72095379859481,4.72494590333275,0.030630643337323,0.0740353695136566,0.0740353695136566,"gpath_trio"
"418","FAM229A","Exc L3-4 RORB CUX2",-0.00856774916580067,1.98923714641533,0.0305749116403409,0.861328213913853,0.924373462190116,0.924373462190116,"gpath_trio"
"419","BSDC1","Exc L3-4 RORB CUX2",0.0367812331245661,5.87920283552834,4.80803936651243,0.0292135290776041,0.0711042283919247,0.0711042283919247,"gpath_trio"
"420","AL033529.1","Exc L3-4 RORB CUX2",0.0547840934714973,1.97241608204973,1.20701826220431,0.272939741568795,0.412599976483623,0.412599976483623,"gpath_trio"
"421","ZBTB8A","Exc L3-4 RORB CUX2",-0.119430694321358,2.53508481342118,8.6509701940725,0.00356346596080352,0.0124597791610418,0.0124597791610418,"gpath_trio"
"422","ZBTB8OS","Exc L3-4 RORB CUX2",0.0609059863021928,6.7840051174296,12.0435187156152,0.000608307231328025,0.0027728419322284,0.0027728419322284,"gpath_trio"
"423","RBBP4","Exc L3-4 RORB CUX2",-0.0207226287341383,5.82056573476612,1.87838498883715,0.171699862872004,0.289385250640455,0.289385250640455,"gpath_trio"
"424","SYNC","Exc L3-4 RORB CUX2",-0.236153790748413,3.76359957366842,33.6969122591959,1.86993755468503e-08,3.03263586541564e-07,3.03263586541564e-07,"gpath_trio"
"425","AC114489.1","Exc L3-4 RORB CUX2",-0.19003941329112,-1.11720576602342,1.82080017281993,0.178391854869972,0.298379677665536,0.298379677665536,"gpath_trio"
"426","KIAA1522","Exc L3-4 RORB CUX2",0.0496502055056891,4.4723014400393,3.71760838828524,0.0549303691468363,0.118780299843239,0.118780299843239,"gpath_trio"
"427","YARS","Exc L3-4 RORB CUX2",-0.0145097534231391,5.82830474847153,0.316172794190455,0.574401224296034,0.708476169234731,0.708476169234731,"gpath_trio"
"428","S100PBP","Exc L3-4 RORB CUX2",0.0670125703241372,4.71238588437885,3.98219999927439,0.0470267903036251,0.105010015979595,0.105010015979595,"gpath_trio"
"429","FNDC5","Exc L3-4 RORB CUX2",0.0206667930864404,4.04209382524357,0.402312946794677,0.526454820714183,0.666827348562822,0.666827348562822,"gpath_trio"
"430","HPCA","Exc L3-4 RORB CUX2",0.0578094097500079,5.60854323534631,1.80376115861532,0.180429616058313,0.300989540596698,0.300989540596698,"gpath_trio"
"431","TMEM54","Exc L3-4 RORB CUX2",-0.0578259218513721,2.68400265360544,1.36953034111704,0.242964125921495,0.377316968677267,0.377316968677267,"gpath_trio"
"432","RNF19B","Exc L3-4 RORB CUX2",0.0198908623692001,3.62706896927214,0.418282521141098,0.518365790754702,0.659271879750117,0.659271879750117,"gpath_trio"
"433","AL020995.1","Exc L3-4 RORB CUX2",-0.356387855657223,2.38989539465129,57.7788453258666,5.33713079876242e-13,2.65213334642936e-11,2.65213334642936e-11,"gpath_trio"
"434","AK2","Exc L3-4 RORB CUX2",-0.0373259081135473,4.31427233367903,3.85957184815072,0.050527864385868,0.11114902676949,0.11114902676949,"gpath_trio"
"435","AZIN2","Exc L3-4 RORB CUX2",0.0565034356038882,5.18702747790229,6.06688771994693,0.0144224058235757,0.0401269763812752,0.0401269763812752,"gpath_trio"
"436","TRIM62","Exc L3-4 RORB CUX2",0.0171447986782539,0.508074802391211,0.0134304463343381,0.907829333055746,0.952798787938934,0.952798787938934,"gpath_trio"
"437","AL662907.3","Exc L3-4 RORB CUX2",0.069529000339595,2.4144380356893,2.34813986019528,0.126648412928473,0.229654119255072,0.229654119255072,"gpath_trio"
"438","ZNF362","Exc L3-4 RORB CUX2",0.0685000340549965,4.88331039480249,11.1702620092373,0.000953353488038148,0.00407325426115409,0.00407325426115409,"gpath_trio"
"439","A3GALT2","Exc L3-4 RORB CUX2",-0.151584799017557,0.595441373790994,4.80541474419843,0.0292572229081394,0.0711933991281767,0.0711933991281767,"gpath_trio"
"440","AL513327.1","Exc L3-4 RORB CUX2",-0.308579467216352,1.87918511112341,35.7215404617395,7.47173645764613e-09,1.3447126051116e-07,1.3447126051116e-07,"gpath_trio"
"441","PHC2","Exc L3-4 RORB CUX2",0.0242635936377361,6.27966451356138,2.83465530552072,0.09345075363609,0.180781374494977,0.180781374494977,"gpath_trio"
"442","AL513327.2","Exc L3-4 RORB CUX2",-0.018774749896142,1.10578922812891,0.0936478598586817,0.75983477591516,0.856549511319682,0.856549511319682,"gpath_trio"
"443","ZSCAN20","Exc L3-4 RORB CUX2",0.138164595116612,1.72831334818405,8.23829341369258,0.00443892425876409,0.0149783068942241,0.0149783068942241,"gpath_trio"
"444","CSMD2","Exc L3-4 RORB CUX2",0.121202242874019,8.09241607316387,30.3503981125792,8.66614335852855e-08,1.17736998153746e-06,1.17736998153746e-06,"gpath_trio"
"445","C1orf94","Exc L3-4 RORB CUX2",-0.0424940476026672,-0.238244189321232,0.235629056163995,0.627789786988288,0.752162180205992,0.752162180205992,"gpath_trio"
"446","SMIM12","Exc L3-4 RORB CUX2",0.042716101342774,5.48906181482055,2.66009910149664,0.104104987791136,0.197214662448016,0.197214662448016,"gpath_trio"
"447","GJB3","Exc L3-4 RORB CUX2",-0.0861661673208196,-1.24444991498734,0.282734039260496,0.595368808140797,0.725467518526338,0.725467518526338,"gpath_trio"
"448","DLGAP3","Exc L3-4 RORB CUX2",0.106770772229555,6.12607197189872,26.1040553696605,6.26853362763059e-07,6.8103212674985e-06,6.8103212674985e-06,"gpath_trio"
"449","AC114490.3","Exc L3-4 RORB CUX2",-0.138317598477357,2.45058144574676,5.61048347669589,0.0185848498930261,0.0492706105902499,0.0492706105902499,"gpath_trio"
"450","ZMYM1","Exc L3-4 RORB CUX2",0.0788470356924674,3.56383701223817,5.8217553046465,0.0165215932717356,0.044807520400224,0.044807520400224,"gpath_trio"
"451","AL590434.1","Exc L3-4 RORB CUX2",0.267430989468892,0.849921651765256,13.2218371761008,0.000333541348853964,0.00165989065444715,0.00165989065444715,"gpath_trio"
"452","SFPQ","Exc L3-4 RORB CUX2",0.0476347088477238,6.68193388161774,4.43622659243402,0.0361425263791341,0.0849063192476746,0.0849063192476746,"gpath_trio"
"453","ZMYM4","Exc L3-4 RORB CUX2",0.0317289568020999,7.1357161438067,5.11583682751684,0.0245345694414424,0.0616419599602866,0.0616419599602866,"gpath_trio"
"454","ZMYM4-AS1","Exc L3-4 RORB CUX2",-0.293070098222578,1.40060013667125,17.9088767007939,3.21554888575814e-05,0.000219019914821642,0.000219019914821642,"gpath_trio"
"455","KIAA0319L","Exc L3-4 RORB CUX2",-0.00886980060625147,7.00244259650611,0.511651163353356,0.475066764792833,0.619487452811998,0.619487452811998,"gpath_trio"
"456","NCDN","Exc L3-4 RORB CUX2",0.176111052567516,6.89324303862297,16.7723786373936,5.63200932492833e-05,0.00035686491246994,0.00035686491246994,"gpath_trio"
"457","AC004865.2","Exc L3-4 RORB CUX2",0.0754010296470931,1.21270367180592,1.49199344232281,0.223013777955487,0.353218948834351,0.353218948834351,"gpath_trio"
"458","TFAP2E","Exc L3-4 RORB CUX2",-0.11290879505693,4.14785906647069,8.70629073571366,0.00346036362129874,0.0121561615984158,0.0121561615984158,"gpath_trio"
"459","PSMB2","Exc L3-4 RORB CUX2",-0.098167811825762,4.97524356350473,28.2541430510543,2.29074815135957e-07,2.81632199595852e-06,2.81632199595852e-06,"gpath_trio"
"460","C1orf216","Exc L3-4 RORB CUX2",-0.138224647230371,4.77586474540306,39.9378792323232,1.13269433516819e-09,2.46516809191135e-08,2.46516809191135e-08,"gpath_trio"
"461","CLSPN","Exc L3-4 RORB CUX2",0.067725712895903,2.49372101742498,2.14052621041737,0.144660451639013,0.254027731901565,0.254027731901565,"gpath_trio"
"462","AGO4","Exc L3-4 RORB CUX2",-0.0473157916856909,6.64036645719566,8.69357101136197,0.00348379612015225,0.0122201976835653,0.0122201976835653,"gpath_trio"
"463","AGO1","Exc L3-4 RORB CUX2",0.0340538770763523,5.5522047074943,4.27880377665554,0.0395791294320134,0.091509160702598,0.091509160702598,"gpath_trio"
"464","AGO3","Exc L3-4 RORB CUX2",0.0821836105048852,7.10288968779098,38.5718495775016,2.07997302284357e-09,4.24731333358998e-08,4.24731333358998e-08,"gpath_trio"
"465","AL138787.2","Exc L3-4 RORB CUX2",-0.357209020038413,1.94344866684326,45.959312454665,8.07230675493547e-11,2.35005467216195e-09,2.35005467216195e-09,"gpath_trio"
"466","ADPRHL2","Exc L3-4 RORB CUX2",-0.0634532972417298,3.17549980284315,4.74202443436414,0.0303336013621747,0.0734141563677871,0.0734141563677871,"gpath_trio"
"467","COL8A2","Exc L3-4 RORB CUX2",-0.048855154893716,-0.714004839601154,0.158302147910524,0.691050995639286,0.803458779633955,0.803458779633955,"gpath_trio"
"468","TRAPPC3","Exc L3-4 RORB CUX2",-0.0417248066276219,4.64245337391865,4.31081703759277,0.0388533365395152,0.0900995476649102,0.0900995476649102,"gpath_trio"
"469","MAP7D1","Exc L3-4 RORB CUX2",-0.0556148694413987,5.27808589736044,8.63474095813694,0.00359430555714591,0.0125371913235509,0.0125371913235509,"gpath_trio"
"470","THRAP3","Exc L3-4 RORB CUX2",-0.0182226748421424,6.31625426985372,1.47289573174674,0.225990659777175,0.356785473120316,0.356785473120316,"gpath_trio"
"471","SH3D21","Exc L3-4 RORB CUX2",0.116318739679361,2.03564254721525,5.41489031199677,0.0207341882376223,0.0538368401150617,0.0538368401150617,"gpath_trio"
"472","AL591845.1","Exc L3-4 RORB CUX2",-0.0759184716640259,3.76557209534554,4.17607206332759,0.0420065204915785,0.0958906484405518,0.0958906484405518,"gpath_trio"
"473","STK40","Exc L3-4 RORB CUX2",0.062624471059526,5.24465391291281,7.27550327954705,0.00744716854818491,0.023125538780919,0.023125538780919,"gpath_trio"
"474","LSM10","Exc L3-4 RORB CUX2",-0.193606877888111,3.61273789629344,40.1134220011209,1.04784312171716e-09,2.29785162833085e-08,2.29785162833085e-08,"gpath_trio"
"475","OSCP1","Exc L3-4 RORB CUX2",0.0159192256665395,4.22503850609994,0.373179658042811,0.541809815043257,0.680381738982803,0.680381738982803,"gpath_trio"
"476","MRPS15","Exc L3-4 RORB CUX2",-0.120686995427053,3.63839727535866,21.2502518516245,6.32424997709395e-06,5.28549060844534e-05,5.28549060844534e-05,"gpath_trio"
"477","GRIK3","Exc L3-4 RORB CUX2",-0.371651252153131,-0.489703277133465,1.06237861285706,0.303634821659992,0.447500367228457,0.447500367228457,"gpath_trio"
"478","AL353604.1","Exc L3-4 RORB CUX2",0.150038356150472,1.87207955865436,4.58853469431229,0.0331156465228237,0.078925950218307,0.078925950218307,"gpath_trio"
"479","LINC01137","Exc L3-4 RORB CUX2",0.0909242828604852,-0.976601739100324,0.398644986099366,0.528344545692817,0.668465521720343,0.668465521720343,"gpath_trio"
"480","MEAF6","Exc L3-4 RORB CUX2",-0.111886292464773,5.311257245437,31.7066847263777,4.64256759769022e-08,6.81191282061092e-07,6.81191282061092e-07,"gpath_trio"
"481","SNIP1","Exc L3-4 RORB CUX2",-0.0273979252084442,3.20941849109963,0.940271702038074,0.333109129016725,0.479520276697283,0.479520276697283,"gpath_trio"
"482","DNALI1","Exc L3-4 RORB CUX2",0.146492212948952,2.49155815136811,6.7672493167408,0.00981661882942676,0.0291550544507117,0.0291550544507117,"gpath_trio"
"483","GNL2","Exc L3-4 RORB CUX2",-0.0465363894083613,3.03458921116594,2.44689440014565,0.118973904098793,0.218725944522794,0.218725944522794,"gpath_trio"
"484","C1orf109","Exc L3-4 RORB CUX2",-0.0626531425638144,3.52233802877183,4.17986992268056,0.0419140369952258,0.0957336914274516,0.0957336914274516,"gpath_trio"
"485","CDCA8","Exc L3-4 RORB CUX2",-0.251278905874221,0.959564081090357,15.6048227083196,0.000100595066370139,0.000586901522272281,0.000586901522272281,"gpath_trio"
"486","EPHA10","Exc L3-4 RORB CUX2",-0.0376260180879793,5.71411608159509,1.49629417302755,0.222349921720226,0.352527282570181,0.352527282570181,"gpath_trio"
"487","MANEAL","Exc L3-4 RORB CUX2",0.0112641158325232,3.47417021772624,0.143270078096194,0.70536038366347,0.815340027275655,0.815340027275655,"gpath_trio"
"488","YRDC","Exc L3-4 RORB CUX2",-0.107488804216481,2.17444060174817,8.44281198439078,0.00398044635927844,0.0136853281013024,0.0136853281013024,"gpath_trio"
"489","C1orf122","Exc L3-4 RORB CUX2",-0.1192799603281,4.36137130145653,13.5736720851917,0.000279066130775087,0.00142607882177999,0.00142607882177999,"gpath_trio"
"490","MTF1","Exc L3-4 RORB CUX2",0.077126153854338,4.60028605765644,11.4027382153059,0.000845580526565945,0.00366636301815344,0.00366636301815344,"gpath_trio"
"491","AL929472.2","Exc L3-4 RORB CUX2",-0.456320411316607,2.12837183089643,33.0131073285057,2.55354711087963e-08,3.96344923275521e-07,3.96344923275521e-07,"gpath_trio"
"492","INPP5B","Exc L3-4 RORB CUX2",0.0108328936810313,6.1611338337983,0.290594320826006,0.590301200362763,0.721340200927846,0.721340200927846,"gpath_trio"
"493","SF3A3","Exc L3-4 RORB CUX2",-0.0364267964152151,4.58574580649063,3.15359408708101,0.0769294757376386,0.155664017824911,0.155664017824911,"gpath_trio"
"494","FHL3","Exc L3-4 RORB CUX2",-0.0949032343104595,1.64974942145066,3.39539455742841,0.0665171254817562,0.138577344753659,0.138577344753659,"gpath_trio"
"495","UTP11","Exc L3-4 RORB CUX2",-0.138297281758903,3.1435349392546,19.8043445824915,1.27344252801731e-05,9.82098738637201e-05,9.82098738637201e-05,"gpath_trio"
"496","POU3F1","Exc L3-4 RORB CUX2",0.175402154487494,2.53388592249248,7.86081867619276,0.0054326068512467,0.0178506259322316,0.0178506259322316,"gpath_trio"
"497","AL139158.2","Exc L3-4 RORB CUX2",0.113369088152747,3.88816309460037,9.46239050556043,0.00232115993918847,0.00867853998760702,0.00867853998760702,"gpath_trio"
"498","LINC01685","Exc L3-4 RORB CUX2",-0.221477315231758,-0.731583551836863,3.13802603441389,0.0776576688519102,0.156831178086816,0.156831178086816,"gpath_trio"
"499","RRAGC","Exc L3-4 RORB CUX2",-0.0757154020238634,3.90268048557228,7.18000623117284,0.00784254563093639,0.0241562378784949,0.0241562378784949,"gpath_trio"
"500","AL139260.1","Exc L3-4 RORB CUX2",0.183732434469712,7.0429149399211,84.9043339902373,1.09430975155055e-17,1.73840151476633e-15,1.73840151476633e-15,"gpath_trio"
"501","RHBDL2","Exc L3-4 RORB CUX2",-0.256472563777818,3.871585763727,44.9011292308272,1.27852028185281e-10,3.48569549815953e-09,3.48569549815953e-09,"gpath_trio"
"502","AKIRIN1","Exc L3-4 RORB CUX2",-0.0252326675736835,5.37087718440927,2.1676596501919,0.142149989198833,0.250885839566657,0.250885839566657,"gpath_trio"
"503","NDUFS5","Exc L3-4 RORB CUX2",-0.350469374111865,5.0571207262649,121.577909983391,1.90346575674363e-23,1.82868674487156e-20,1.82868674487156e-20,"gpath_trio"
"504","MACF1","Exc L3-4 RORB CUX2",0.0982018770569486,8.57979899289916,48.1575415777231,3.12325982904964e-11,1.02458157806628e-09,1.02458157806628e-09,"gpath_trio"
"505","AL442071.1","Exc L3-4 RORB CUX2",-0.278287525422144,0.834050016233418,15.4462507717246,0.000108878514478984,0.000626890419410246,0.000626890419410246,"gpath_trio"
"506","BMP8A","Exc L3-4 RORB CUX2",0.240205611536928,3.32432047209278,26.0248686399636,6.50655854903901e-07,7.03482415470858e-06,7.03482415470858e-06,"gpath_trio"
"507","PABPC4","Exc L3-4 RORB CUX2",-0.0321621159729026,3.73328345858589,1.48764903411939,0.223686798634981,0.353895950632116,0.353895950632116,"gpath_trio"
"508","AL365277.1","Exc L3-4 RORB CUX2",-0.303403523809722,-1.04455324586884,4.97561817503312,0.0265605012049608,0.0657575299803761,0.0657575299803761,"gpath_trio"
"509","NT5C1A","Exc L3-4 RORB CUX2",0.162352398479794,0.926541630589813,5.35786690055713,0.0214083734359321,0.0552743708817418,0.0552743708817418,"gpath_trio"
"510","HPCAL4","Exc L3-4 RORB CUX2",0.00564028954200511,5.7495523170248,0.0398566070963944,0.841917251205901,0.910906877410793,0.910906877410793,"gpath_trio"
"511","PPIE","Exc L3-4 RORB CUX2",-0.0259338635673058,4.28818781921827,0.76385817424212,0.382930332594623,0.53107991064113,0.53107991064113,"gpath_trio"
"512","BMP8B","Exc L3-4 RORB CUX2",0.0876422640253778,0.32529904809613,0.805250524222785,0.370358317248834,0.518644904581843,0.518644904581843,"gpath_trio"
"513","AL033527.5","Exc L3-4 RORB CUX2",0.0199847253404583,0.999734074064991,0.0878627913774694,0.807811464221293,0.889072952412011,0.889072952412011,"gpath_trio"
"514","AL033527.4","Exc L3-4 RORB CUX2",-0.118686722292958,-0.049261681302665,1.32892834566415,0.250054677419353,0.3861053969796,0.3861053969796,"gpath_trio"
"515","TRIT1","Exc L3-4 RORB CUX2",-0.0085508018320898,5.09636329998699,0.228433189353487,0.633089613490126,0.756221607588117,0.756221607588117,"gpath_trio"
"516","MYCL","Exc L3-4 RORB CUX2",0.0467105921973919,-0.600407041925533,0.165827961505345,0.684181614179403,0.797928438988927,0.797928438988927,"gpath_trio"
"517","MFSD2A","Exc L3-4 RORB CUX2",-0.0336395767802634,2.03001091162617,0.180722650607371,0.671104551637746,0.787869323787694,0.787869323787694,"gpath_trio"
"518","CAP1","Exc L3-4 RORB CUX2",-0.0806173212320991,5.15717638959346,17.944767355882,3.15933779890828e-05,0.000215700981702114,0.000215700981702114,"gpath_trio"
"519","PPT1","Exc L3-4 RORB CUX2",-0.0743023338549454,5.00820411677043,16.313705362438,7.06962789551515e-05,0.000431688083510951,0.000431688083510951,"gpath_trio"
"520","RLF","Exc L3-4 RORB CUX2",0.0497803617472345,6.70744788846614,13.1928524362091,0.000338484732638307,0.00167993345165506,0.00167993345165506,"gpath_trio"
"521","AL050341.2","Exc L3-4 RORB CUX2",-0.207163511466142,2.39574754139773,23.1374511449354,2.55732509455696e-06,2.37979860621248e-05,2.37979860621248e-05,"gpath_trio"
"522","ZMPSTE24","Exc L3-4 RORB CUX2",-0.0316030304071589,4.30674899054063,1.76762313955571,0.184841790905188,0.306642092124171,0.306642092124171,"gpath_trio"
"523","SMAP2","Exc L3-4 RORB CUX2",0.0339241903510068,6.4405852899099,4.43779769243245,0.0361098585471675,0.084839454546303,0.084839454546303,"gpath_trio"
"524","AL031985.4","Exc L3-4 RORB CUX2",-0.234991338013255,1.34311151629393,10.656737915324,0.00124378819115238,0.00510859665238179,0.00510859665238179,"gpath_trio"
"525","ZFP69B","Exc L3-4 RORB CUX2",0.0675968964377086,3.44515673997459,4.47326591160148,0.0353805836473416,0.0834369696183656,0.0834369696183656,"gpath_trio"
"526","ZFP69","Exc L3-4 RORB CUX2",0.0982779599464474,1.28711095835536,2.16371214741994,0.142512141441664,0.251305170316019,0.251305170316019,"gpath_trio"
"527","AL603839.3","Exc L3-4 RORB CUX2",0.122796605667471,4.15938605784051,12.1508009720574,0.000575777996982876,0.00264367799024341,0.00264367799024341,"gpath_trio"
"528","EXO5","Exc L3-4 RORB CUX2",0.00296133870471196,1.97932077708327,0.00448595109877572,0.94665129317904,0.974083052803376,0.974083052803376,"gpath_trio"
"529","ZNF684","Exc L3-4 RORB CUX2",-0.188011545993967,3.33617868553364,36.4539164051957,5.37174862952355e-09,1.00720286803567e-07,1.00720286803567e-07,"gpath_trio"
"530","RIMS3","Exc L3-4 RORB CUX2",-0.0311194317990441,6.67191798242852,2.45487377600096,0.11837679545545,0.2178068261116,0.2178068261116,"gpath_trio"
"531","AL031289.1","Exc L3-4 RORB CUX2",-0.214950164039771,0.0632651517352557,6.88872364438046,0.00918748207155548,0.0275624462146665,0.0275624462146665,"gpath_trio"
"532","NFYC-AS1","Exc L3-4 RORB CUX2",0.0908120179711043,0.866695905032839,1.73001520241594,0.189567685529393,0.312486972428752,0.312486972428752,"gpath_trio"
"533","NFYC","Exc L3-4 RORB CUX2",0.00863848147730777,5.69959060173725,0.242534529631653,0.622797099647055,0.748092528284757,0.748092528284757,"gpath_trio"
"534","KCNQ4","Exc L3-4 RORB CUX2",0.0349423021998987,3.66738991659548,1.2475154717754,0.265058598385634,0.403650152659281,0.403650152659281,"gpath_trio"
"535","CITED4","Exc L3-4 RORB CUX2",0.0417561835208835,2.68998037909069,0.612634185868806,0.434509999012004,0.581922735949277,0.581922735949277,"gpath_trio"
"536","CTPS1","Exc L3-4 RORB CUX2",-0.0323311766059629,4.2972600007988,1.36927690453041,0.318977483594747,0.464211983807547,0.464211983807547,"gpath_trio"
"537","SLFNL1-AS1","Exc L3-4 RORB CUX2",-0.163997779932072,2.19408489190314,12.4101683862094,0.00050424591147844,0.00235872044147404,0.00235872044147404,"gpath_trio"
"538","SLFNL1","Exc L3-4 RORB CUX2",-0.205396588944082,2.2091961735332,13.8405761067748,0.00024383685274596,0.00126952477526445,0.00126952477526445,"gpath_trio"
"539","SCMH1","Exc L3-4 RORB CUX2",0.0490090001976083,7.57799080356672,10.763330047862,0.0011768638947336,0.00487740942404484,0.00487740942404484,"gpath_trio"
"540","AC093151.3","Exc L3-4 RORB CUX2",0.0592993323548704,3.00747819904479,1.35589931659848,0.245316735140932,0.380098696833447,0.380098696833447,"gpath_trio"
"541","FOXO6","Exc L3-4 RORB CUX2",0.263017165605708,-0.440114951739797,5.4720841726432,0.0200801689046123,0.0525035520542449,0.0525035520542449,"gpath_trio"
"542","HIVEP3","Exc L3-4 RORB CUX2",0.184230544555112,8.04334814732866,104.426283491931,7.91775212686712e-21,3.39873721616051e-18,3.39873721616051e-18,"gpath_trio"
"543","FOXJ3","Exc L3-4 RORB CUX2",0.00691872673741474,6.90967955467426,0.222487819174726,0.637546402214916,0.759970379006554,0.759970379006554,"gpath_trio"
"544","RIMKLA","Exc L3-4 RORB CUX2",-0.0341717823845432,5.54164818477266,2.47051508830951,0.117215974403875,0.216144071254745,0.216144071254745,"gpath_trio"
"545","ZMYND12","Exc L3-4 RORB CUX2",-0.0453036215181871,1.69171464957473,0.735030834879428,0.392046882380186,0.540048194184095,0.540048194184095,"gpath_trio"
"546","PPCS","Exc L3-4 RORB CUX2",-0.0937654287690087,3.13143794554413,9.10116868926525,0.00280775206447048,0.0101882010612755,0.0101882010612755,"gpath_trio"
"547","CCDC30","Exc L3-4 RORB CUX2",0.0744210749361442,7.24214531797175,21.2671950997115,6.27279745757165e-06,5.24683618186186e-05,5.24683618186186e-05,"gpath_trio"
"548","PPIH","Exc L3-4 RORB CUX2",-0.0457697903391683,3.77083690407639,3.51500273670816,0.0619365266900097,0.130995851344056,0.130995851344056,"gpath_trio"
"549","AC098484.2","Exc L3-4 RORB CUX2",0.00819597629512213,-0.170856572913787,0.0106237077213924,0.922900670776854,0.96085875905269,0.96085875905269,"gpath_trio"
"550","YBX1","Exc L3-4 RORB CUX2",-0.0172840989653171,3.80133418704632,0.360570664072742,0.548712507122587,0.686954690114687,0.686954690114687,"gpath_trio"
"551","P3H1","Exc L3-4 RORB CUX2",-0.0104954928062792,4.14932321026496,0.200680218577466,0.654545388099033,0.773923296307682,0.773923296307682,"gpath_trio"
"552","AC098484.3","Exc L3-4 RORB CUX2",-0.00764734557015008,1.64612440453171,0.0261122000084628,0.871752103548853,0.9307577629709,0.9307577629709,"gpath_trio"
"553","TMEM269","Exc L3-4 RORB CUX2",-0.0984205289965901,-0.093921323591,1.37805480856546,0.241506902159947,0.375522292953906,0.375522292953906,"gpath_trio"
"554","SVBP","Exc L3-4 RORB CUX2",-0.107113069227518,3.58618767853906,10.2351593160284,0.00154881669000748,0.00614501017126863,0.00614501017126863,"gpath_trio"
"555","ERMAP","Exc L3-4 RORB CUX2",0.0600915253600562,2.57940570854273,2.09194172450518,0.149282149449415,0.260439285961212,0.260439285961212,"gpath_trio"
"556","ZNF691","Exc L3-4 RORB CUX2",-0.0778076819629489,1.48706806486105,2.46475906288274,0.117641680551755,0.216770563990469,0.216770563990469,"gpath_trio"
"557","SLC2A1","Exc L3-4 RORB CUX2",-0.0410296392661496,2.13064162956005,0.957573805454878,0.328708520105571,0.474980764368462,0.474980764368462,"gpath_trio"
"558","SLC2A1-AS1","Exc L3-4 RORB CUX2",0.0743092955025442,3.98371218864861,7.2195962634085,0.00767607650331142,0.0237377135889497,0.0237377135889497,"gpath_trio"
"559","EBNA1BP2","Exc L3-4 RORB CUX2",-0.174680366800527,3.44871812538569,34.3508027113765,1.38928311559128e-08,2.33184582837389e-07,2.33184582837389e-07,"gpath_trio"
"560","CFAP57","Exc L3-4 RORB CUX2",-0.147927110098686,2.39551844092108,12.7053083287431,0.000433747302770022,0.00207612143140811,0.00207612143140811,"gpath_trio"
"561","TIE1","Exc L3-4 RORB CUX2",-0.114191883655358,0.0350989291646498,1.26502830677446,0.261738678204722,0.399922586548036,0.399922586548036,"gpath_trio"
"562","MPL","Exc L3-4 RORB CUX2",-0.283084198690054,-0.122036732160917,9.04738389142413,0.00288865483027928,0.0104441955557141,0.0104441955557141,"gpath_trio"
"563","AL139289.2","Exc L3-4 RORB CUX2",-0.0229091814458686,0.415410892947034,0.0876372147934372,0.767439019080746,0.861703150598511,0.861703150598511,"gpath_trio"
"564","ELOVL1","Exc L3-4 RORB CUX2",0.0385216302638951,2.18417220178758,0.786978269715543,0.375835226757936,0.524122188417872,0.524122188417872,"gpath_trio"
"565","MED8","Exc L3-4 RORB CUX2",-0.0807387940812034,3.9100349035493,10.7066070131542,0.00121200788072315,0.00499331406852964,0.00499331406852964,"gpath_trio"
"566","SZT2","Exc L3-4 RORB CUX2",0.0492852559732292,5.03310640979128,7.103516902049,0.00817477915806377,0.0249963882258164,0.0249963882258164,"gpath_trio"
"567","HYI","Exc L3-4 RORB CUX2",0.0445289109030159,1.61182987040623,0.562368401383007,0.453985562187876,0.599989684194132,0.599989684194132,"gpath_trio"
"568","PTPRF","Exc L3-4 RORB CUX2",-0.0266032115440077,6.6641313674088,1.78302752809256,0.182945841261438,0.30428131471142,0.30428131471142,"gpath_trio"
"569","KDM4A-AS1","Exc L3-4 RORB CUX2",-0.260368584913826,1.87151726760731,26.9755663631274,4.16323986626482e-07,4.7585590095353e-06,4.7585590095353e-06,"gpath_trio"
"570","ST3GAL3","Exc L3-4 RORB CUX2",-0.0534518377931897,2.85096302761059,1.89214935432669,0.170143566250914,0.287491327396331,0.287491327396331,"gpath_trio"
"571","AL451062.1","Exc L3-4 RORB CUX2",-0.333097240880165,1.33383502338345,25.564309008511,8.08366642118127e-07,8.54311000771776e-06,8.54311000771776e-06,"gpath_trio"
"572","ARTN","Exc L3-4 RORB CUX2",0.0635553744909461,-0.305051273391567,0.375317347613112,0.540655467103903,0.679228099434662,0.679228099434662,"gpath_trio"
"573","AL357079.1","Exc L3-4 RORB CUX2",-0.117085495813575,1.82246891817396,5.48791991943924,0.0199029081853338,0.0521278946694936,0.0521278946694936,"gpath_trio"
"574","IPO13","Exc L3-4 RORB CUX2",-0.0696922014841004,3.66030935362088,7.21862354820649,0.00768012270420496,0.0237440928411946,0.0237440928411946,"gpath_trio"
"575","DPH2","Exc L3-4 RORB CUX2",-0.152066501312203,2.48554850316487,17.6752574324107,3.60703477025568e-05,0.000241767197640892,0.000241767197640892,"gpath_trio"
"576","ATP6V0B","Exc L3-4 RORB CUX2",-0.118573325906488,5.90877614003721,14.9309779106909,0.000140887294551164,0.000783462284335648,0.000783462284335648,"gpath_trio"
"577","B4GALT2","Exc L3-4 RORB CUX2",-0.0273524929249766,4.18858897677942,1.28810671670393,0.25744233721974,0.394853212209841,0.394853212209841,"gpath_trio"
"578","CCDC24","Exc L3-4 RORB CUX2",-0.0330726962496474,5.23633251418951,1.95827202746602,0.162890125879499,0.27788840602223,0.27788840602223,"gpath_trio"
"579","SLC6A9","Exc L3-4 RORB CUX2",0.0459121355689387,2.36907968116006,0.842750378821152,0.369182984393731,0.517744106085328,0.517744106085328,"gpath_trio"
"580","AL139220.2","Exc L3-4 RORB CUX2",-0.0496294905076777,1.20236705032767,0.516126340238398,0.473143843713276,0.618003175379732,0.618003175379732,"gpath_trio"
"581","DMAP1","Exc L3-4 RORB CUX2",-0.023681373126719,4.17369520783914,0.588402990458405,0.443733296078713,0.590249835062177,0.590249835062177,"gpath_trio"
"582","ERI3","Exc L3-4 RORB CUX2",0.056390707516181,6.16482977669375,11.095718141393,0.000990794655252586,0.00420915606858726,0.00420915606858726,"gpath_trio"
"583","RNF220","Exc L3-4 RORB CUX2",-0.381046464220578,-1.03863101443799,1.80571008790154,0.180195171447535,0.300772531145364,0.300772531145364,"gpath_trio"
"584","TMEM53","Exc L3-4 RORB CUX2",0.0301127471053249,2.92593838925645,0.791171536521724,0.37456832608872,0.522825237224292,0.522825237224292,"gpath_trio"
"585","ARMH1","Exc L3-4 RORB CUX2",0.13816489132172,4.95955161234436,18.875338576581,2.00256259806064e-05,0.000144359399469613,0.000144359399469613,"gpath_trio"
"586","KIF2C","Exc L3-4 RORB CUX2",-0.0544416123870652,1.02144870908194,0.944461344672163,0.332036345469263,0.478380480510576,0.478380480510576,"gpath_trio"
"587","AL592166.1","Exc L3-4 RORB CUX2",0.132572939241815,1.46023410344592,5.7956833742366,0.0167627880251787,0.0453640842934917,0.0453640842934917,"gpath_trio"
"588","RPS8","Exc L3-4 RORB CUX2",-0.188941664732099,5.24754710435659,40.9996609895388,7.07819467892009e-10,1.62091461574589e-08,1.62091461574589e-08,"gpath_trio"
"589","BEST4","Exc L3-4 RORB CUX2",-0.309514747530985,1.39504778785129,22.5022607869949,3.4650182905238e-06,3.11388614749744e-05,3.11388614749744e-05,"gpath_trio"
"590","PLK3","Exc L3-4 RORB CUX2",-0.22762574008192,1.59452387665828,12.7767328219528,0.00041824671770376,0.00201291210154422,0.00201291210154422,"gpath_trio"
"591","BTBD19","Exc L3-4 RORB CUX2",0.0670451936333185,1.85768010311943,1.41515009432888,0.235288490225247,0.367923212703019,0.367923212703019,"gpath_trio"
"592","PTCH2","Exc L3-4 RORB CUX2",0.00988675016337314,5.73713311195764,0.186117952051284,0.66652493087363,0.783861292939405,0.783861292939405,"gpath_trio"
"593","EIF2B3","Exc L3-4 RORB CUX2",0.0803140518608465,5.89883081081715,24.4277958556428,1.3838870034892e-06,1.39112707002465e-05,1.39112707002465e-05,"gpath_trio"
"594","HECTD3","Exc L3-4 RORB CUX2",0.0180892104733459,3.1689511128622,0.357273308283326,0.888340556123356,0.941515380597796,0.941515380597796,"gpath_trio"
"595","UROD","Exc L3-4 RORB CUX2",-0.173164948046465,3.59408016430649,36.3359496897834,5.66460760615530e-09,1.05622420013108e-07,1.05622420013108e-07,"gpath_trio"
"596","ZSWIM5","Exc L3-4 RORB CUX2",0.0987473511929083,6.71370192195759,33.160250121604,2.38777442995457e-08,3.75767153855955e-07,3.75767153855955e-07,"gpath_trio"
"597","MUTYH","Exc L3-4 RORB CUX2",-0.0944607443138513,2.7222542875505,8.17056367596116,0.00460241342908513,0.0154678812146914,0.0154678812146914,"gpath_trio"
"598","TOE1","Exc L3-4 RORB CUX2",-0.141831973413767,1.8579406613034,10.0967302451346,0.00166482088198673,0.00652442915580463,0.00652442915580463,"gpath_trio"
"599","TESK2","Exc L3-4 RORB CUX2",0.0643103404465093,5.3934049837033,1.97508806606223,0.1611025500799,0.275597278129392,0.275597278129392,"gpath_trio"
"600","CCDC163","Exc L3-4 RORB CUX2",-0.0868335192699145,-0.220806436288769,0.280789351986637,0.596636507387618,0.726398016809196,0.726398016809196,"gpath_trio"
"601","MMACHC","Exc L3-4 RORB CUX2",-0.0145477234798836,2.57444344081705,0.137518703179674,0.711062277290529,0.81933185472251,0.81933185472251,"gpath_trio"
"602","PRDX1","Exc L3-4 RORB CUX2",-0.181210883834336,4.7663306588712,34.723894264096,1.173066717272e-08,2.00564584923412e-07,2.00564584923412e-07,"gpath_trio"
"603","AKR1A1","Exc L3-4 RORB CUX2",-0.0713052614910071,3.59623581665728,6.8988137459068,0.00913713013557478,0.0274317857864913,0.0274317857864913,"gpath_trio"
"604","NASP","Exc L3-4 RORB CUX2",-0.0378532349548777,5.31837630753471,2.66597884613321,0.103725131319893,0.196678056802523,0.196678056802523,"gpath_trio"
"605","GPBP1L1","Exc L3-4 RORB CUX2",0.0623534111431257,6.0476702021052,18.5656648115599,2.33001185482642e-05,0.000164536188908376,0.000164536188908376,"gpath_trio"
"606","TMEM69","Exc L3-4 RORB CUX2",0.0197373451950012,3.59189696016487,0.467592200848496,0.494705915850659,0.638233268467007,0.638233268467007,"gpath_trio"
"607","IPP","Exc L3-4 RORB CUX2",-0.0350226603520814,3.3346931889702,1.05696976353502,0.304862787812632,0.448785607013487,0.448785607013487,"gpath_trio"
"608","MAST2","Exc L3-4 RORB CUX2",0.0183039170679482,5.69879698752417,1.07519879064436,0.300737483212871,0.444171209650049,0.444171209650049,"gpath_trio"
"609","PIK3R3","Exc L3-4 RORB CUX2",-0.0333658291809282,2.01742374644268,0.250119318766462,0.617414082138967,0.743519246161747,0.743519246161747,"gpath_trio"
"610","AL358075.4","Exc L3-4 RORB CUX2",-0.0349356321312766,0.938046905295476,0.266333627301814,0.775141153891709,0.867214150710655,0.867214150710655,"gpath_trio"
"611","AL358075.2","Exc L3-4 RORB CUX2",0.288143009927982,-0.169910858654615,1.73478674421337,0.188960324507951,0.311664040790378,0.311664040790378,"gpath_trio"
"612","TSPAN1","Exc L3-4 RORB CUX2",0.108347838570086,-0.423834263136566,0.950307485811248,0.330547115190529,0.476955231652763,0.476955231652763,"gpath_trio"
"613","POMGNT1","Exc L3-4 RORB CUX2",-0.0720020577016338,4.68435746214884,11.6466847849839,0.000745770770164346,0.00329809848488945,0.00329809848488945,"gpath_trio"
"614","LURAP1","Exc L3-4 RORB CUX2",-0.0361443570307242,3.98973710119888,1.39869654057292,0.238022273352803,0.37130591238636,0.37130591238636,"gpath_trio"
"615","RAD54L","Exc L3-4 RORB CUX2",0.0646704229103839,1.92129284008449,1.38780449475347,0.239853306434972,0.373440381025279,0.373440381025279,"gpath_trio"
"616","LRRC41","Exc L3-4 RORB CUX2",0.0289890994098521,5.44278980957429,3.35842030938608,0.0680057201049402,0.141052267206453,0.141052267206453,"gpath_trio"
"617","UQCRH","Exc L3-4 RORB CUX2",-0.261942412857319,6.43441561690812,144.774721921009,8.3760565321736e-27,2.63593958985577e-23,2.63593958985577e-23,"gpath_trio"
"618","NSUN4","Exc L3-4 RORB CUX2",-0.018871618176476,4.51016129139812,0.777951443833824,0.905216711900656,0.951989841831178,0.951989841831178,"gpath_trio"
"619","FAAH","Exc L3-4 RORB CUX2",-0.0313472615724489,4.8377554828732,1.28167766351803,0.258630327471603,0.396253558379373,0.396253558379373,"gpath_trio"
"620","AL136373.1","Exc L3-4 RORB CUX2",0.00716878508666867,-0.438179634932624,0.00194416951529342,0.964864325054962,0.9818984997722,0.9818984997722,"gpath_trio"
"621","MKNK1-AS1","Exc L3-4 RORB CUX2",-0.152993309213831,1.52717627601133,7.55006866084832,0.00642073280770162,0.0204998076270581,0.0204998076270581,"gpath_trio"
"622","KNCN","Exc L3-4 RORB CUX2",-0.0256298630815391,-0.557065900124642,0.0538882261889341,0.816613145096244,0.89419592989927,0.89419592989927,"gpath_trio"
"623","MKNK1","Exc L3-4 RORB CUX2",0.0622330043484854,6.74239481698656,8.08284451724549,0.00482337420324268,0.0160925375476139,0.0160925375476139,"gpath_trio"
"624","ATPAF1","Exc L3-4 RORB CUX2",-0.0171734017273786,5.98871879825893,1.30817579376933,0.253777126899906,0.390508240043139,0.390508240043139,"gpath_trio"
"625","EFCAB14-AS1","Exc L3-4 RORB CUX2",-0.313263547964159,-0.0744642255233515,9.16448902262466,0.00271546842599106,0.0099032132130097,0.0099032132130097,"gpath_trio"
"626","EFCAB14","Exc L3-4 RORB CUX2",-0.0454195452145613,4.58370502599657,4.69665481058726,0.056253799993543,0.120980749906165,0.120980749906165,"gpath_trio"
"627","CYP4X1","Exc L3-4 RORB CUX2",-0.0366630534684661,5.36041283229078,2.87669835089005,0.0910670356620248,0.177411881467878,0.177411881467878,"gpath_trio"
"628","CYP4Z1","Exc L3-4 RORB CUX2",0.0725817517127307,3.79670758439412,5.25191155453264,0.0227224392660693,0.0579991412187435,0.0579991412187435,"gpath_trio"
"629","CYP4A22-AS1","Exc L3-4 RORB CUX2",0.0557311387285597,4.34814798830522,2.1309987740007,0.14555383158146,0.255396464790046,0.255396464790046,"gpath_trio"
"630","LINC00853","Exc L3-4 RORB CUX2",0.097247985654861,-0.154456475927363,1.10460209839601,0.442183767638989,0.588926426730698,0.588926426730698,"gpath_trio"
"631","STIL","Exc L3-4 RORB CUX2",-0.0437755699153479,2.66036301916043,1.5297262873994,0.252035499194939,0.388480112786147,0.388480112786147,"gpath_trio"
"632","CMPK1","Exc L3-4 RORB CUX2",-0.0485085278617492,5.06343559084032,5.15996046314446,0.0239309898715935,0.060350965082425,0.060350965082425,"gpath_trio"
"633","LINC01389","Exc L3-4 RORB CUX2",-0.372019257107607,1.02063735576307,25.4520486089263,8.52343757630384e-07,8.97496623705271e-06,8.97496623705271e-06,"gpath_trio"
"634","TRABD2B","Exc L3-4 RORB CUX2",-0.115367949342435,0.154540893978092,1.69464086661326,0.194142481108165,0.318182336016022,0.318182336016022,"gpath_trio"
"635","AL356289.1","Exc L3-4 RORB CUX2",-0.139606931367333,0.236531234038508,1.87391072982929,0.172209289417663,0.290082859981745,0.290082859981745,"gpath_trio"
"636","SPATA6","Exc L3-4 RORB CUX2",-0.0202564501584769,5.40006381854342,0.446489397616243,0.504599543767817,0.647186418690498,0.647186418690498,"gpath_trio"
"637","AGBL4","Exc L3-4 RORB CUX2",0.110818775865615,10.6440146855564,31.8732041016907,4.30117246512868e-08,6.35722743472316e-07,6.35722743472316e-07,"gpath_trio"
"638","AC099788.1","Exc L3-4 RORB CUX2",-0.223400683229661,2.41105970796721,11.845478979316,0.000673350480874323,0.00303097857020068,0.00303097857020068,"gpath_trio"
"639","AL590432.1","Exc L3-4 RORB CUX2",-0.131701327513754,-0.280209405268496,1.50614365425799,0.220838494580601,0.350907085480662,0.350907085480662,"gpath_trio"
"640","ELAVL4","Exc L3-4 RORB CUX2",-0.00510673970288108,7.83954896200811,0.0926115248364816,0.76112645125598,0.857334942442599,0.857334942442599,"gpath_trio"
"641","AL596275.2","Exc L3-4 RORB CUX2",0.0673185341643687,0.279006519957155,0.421727416806531,0.516649611120212,0.657752628532232,0.657752628532232,"gpath_trio"
"642","DMRTA2","Exc L3-4 RORB CUX2",0.280057438228889,-0.698521539802893,5.89858572962193,0.0158315495920967,0.0433133164575994,0.0433133164575994,"gpath_trio"
"643","FAF1","Exc L3-4 RORB CUX2",0.0768996542078021,8.42057577982432,42.1476984641396,4.26660024332644e-10,1.02209596230619e-08,1.02209596230619e-08,"gpath_trio"
"644","AL049637.1","Exc L3-4 RORB CUX2",-0.142234212450508,-0.564651779552498,1.69862729734488,0.193620508266068,0.31750741723709,0.31750741723709,"gpath_trio"
"645","CDKN2C","Exc L3-4 RORB CUX2",-0.0505654062250398,0.808281633906759,0.610433064857399,0.435335617588182,0.582690644519443,0.582690644519443,"gpath_trio"
"646","LINC01562","Exc L3-4 RORB CUX2",0.0587887546106844,2.18216676354401,2.00991062887696,0.157471809777499,0.271190248592492,0.271190248592492,"gpath_trio"
"647","RNF11","Exc L3-4 RORB CUX2",-0.0266497391209556,6.48424720840047,3.05602837949294,0.081618370753305,0.162937921031855,0.162937921031855,"gpath_trio"
"648","TTC39A","Exc L3-4 RORB CUX2",0.0511262039326851,4.07523404739119,2.60877164352691,0.107486832627867,0.202176659357376,0.202176659357376,"gpath_trio"
"649","TTC39A-AS1","Exc L3-4 RORB CUX2",0.0709415235712721,0.106585358450367,0.762300525228327,0.383415155443728,0.531619108546924,0.531619108546924,"gpath_trio"
"650","EPS15","Exc L3-4 RORB CUX2",0.0165768130629622,6.35527667085692,0.687707221839826,0.40770600983888,0.555997207473728,0.555997207473728,"gpath_trio"
"651","AC104170.1","Exc L3-4 RORB CUX2",0.0523697423711039,1.35925581811475,0.465778654111211,0.495543197128842,0.639027421033838,0.639027421033838,"gpath_trio"
"652","OSBPL9","Exc L3-4 RORB CUX2",0.0606515948809645,5.91991855958377,21.6079851050622,5.32317951808808e-06,4.54486444254876e-05,4.54486444254876e-05,"gpath_trio"
"653","NRDC","Exc L3-4 RORB CUX2",-0.0393181483704442,7.01101103847274,7.76295882003853,0.00572569560174759,0.0186616977003647,0.0186616977003647,"gpath_trio"
"654","RAB3B","Exc L3-4 RORB CUX2",-0.148903985833629,1.07264618196808,0.371910393124662,0.542497366880368,0.68090847694233,0.68090847694233,"gpath_trio"
"655","TXNDC12","Exc L3-4 RORB CUX2",0.0176194510596292,4.58019098665896,0.866834492091797,0.368987808025954,0.517576827676556,0.517576827676556,"gpath_trio"
"656","AL445685.1","Exc L3-4 RORB CUX2",-0.142476977076939,0.587558424602137,4.3650869950317,0.0376548443798626,0.0878148752009859,0.0878148752009859,"gpath_trio"
"657","BTF3L4","Exc L3-4 RORB CUX2",-0.0306469306188702,5.21879135182146,2.2211038434025,0.137347789443508,0.244571196118515,0.244571196118515,"gpath_trio"
"658","ZFYVE9","Exc L3-4 RORB CUX2",0.0239013302838093,7.40691426825396,2.85236076848208,0.0924386951861679,0.179477497390139,0.179477497390139,"gpath_trio"
"659","CC2D1B","Exc L3-4 RORB CUX2",0.0238493981766724,3.12340284000435,0.437102278228014,0.509109791172613,0.651111888235021,0.651111888235021,"gpath_trio"
"660","AL513218.1","Exc L3-4 RORB CUX2",-0.123423359834365,-0.91532783794536,1.12900698376684,0.318229703467888,0.463568940968867,0.463568940968867,"gpath_trio"
"661","ORC1","Exc L3-4 RORB CUX2",-0.0386770400823997,0.378538013477481,0.28143611970548,0.596214270548928,0.726059208566706,0.726059208566706,"gpath_trio"
"662","PRPF38A","Exc L3-4 RORB CUX2",0.000748937227175802,3.77018288663886,0.00103428051715126,0.974368943504806,0.986346885860987,0.986346885860987,"gpath_trio"
"663","TUT4","Exc L3-4 RORB CUX2",0.0454762961300033,6.88185888684291,9.01963668139257,0.00293132030900215,0.0105738221409116,0.0105738221409116,"gpath_trio"
"664","GPX7","Exc L3-4 RORB CUX2",0.0562724435327477,1.07844637977892,0.742510612149372,0.827041276612356,0.900996692891316,0.900996692891316,"gpath_trio"
"665","SHISAL2A","Exc L3-4 RORB CUX2",-0.0200185629847447,0.262004016181397,0.0800074975259415,0.777512307101449,0.8688423963407,0.8688423963407,"gpath_trio"
"666","COA7","Exc L3-4 RORB CUX2",-0.0792187927814616,2.57675576793901,4.41282872722228,0.0366327387520541,0.0858489810069124,0.0858489810069124,"gpath_trio"
"667","ZYG11B","Exc L3-4 RORB CUX2",0.0116296708483153,6.64591440751867,0.817387678810633,0.366781959632847,0.514985457275571,0.514985457275571,"gpath_trio"
"668","ZYG11A","Exc L3-4 RORB CUX2",-0.206907305623829,-0.11188813794243,5.29241594265991,0.0222104410536772,0.0569951218847543,0.0569951218847543,"gpath_trio"
"669","ECHDC2","Exc L3-4 RORB CUX2",-0.0152564867327779,5.51108563442402,0.263206428410481,0.608361417267677,0.73623007578282,0.73623007578282,"gpath_trio"
"670","SCP2","Exc L3-4 RORB CUX2",0.033594459560117,5.90348648914993,3.41832330383609,0.0656116263059943,0.13708725773855,0.13708725773855,"gpath_trio"
"671","CPT2","Exc L3-4 RORB CUX2",-0.223806820808821,1.14556834236351,14.9723966750299,0.000137993858550418,0.000769493116709421,0.000769493116709421,"gpath_trio"
"672","AL606760.2","Exc L3-4 RORB CUX2",0.178949132277686,2.15683629638807,18.8233353852894,2.0541056931034e-05,0.000147478940777086,0.000147478940777086,"gpath_trio"
"673","C1orf123","Exc L3-4 RORB CUX2",-0.0676129237937434,3.78469715025598,3.93875018056014,0.0482368765566154,0.107013303774985,0.107013303774985,"gpath_trio"
"674","AL606760.3","Exc L3-4 RORB CUX2",-0.0647152305418879,-0.624820986963316,0.274610292250888,0.600702193545345,0.729806500950098,0.729806500950098,"gpath_trio"
"675","MAGOH","Exc L3-4 RORB CUX2",-0.0974499203307578,4.10138910454799,16.7442006074863,5.71110963249587e-05,0.000360856989776399,0.000360856989776399,"gpath_trio"
"676","LRP8","Exc L3-4 RORB CUX2",0.0846661459486141,4.60984372200008,10.4595727892178,0.0013779840798382,0.00556461745611202,0.00556461745611202,"gpath_trio"
"677","LINC01771","Exc L3-4 RORB CUX2",0.189239694272644,3.95242876184998,29.8939290326985,1.07008150885452e-07,1.42783693393782e-06,1.42783693393782e-06,"gpath_trio"
"678","GLIS1","Exc L3-4 RORB CUX2",0.139787598497648,6.0645546189326,54.3114218521848,2.276955797612e-12,9.96476859367075e-11,9.96476859367075e-11,"gpath_trio"
"679","NDC1","Exc L3-4 RORB CUX2",-0.0513133505527314,4.18296792163417,3.79829178646725,0.0523803208756935,0.114418901436457,0.114418901436457,"gpath_trio"
"680","YIPF1","Exc L3-4 RORB CUX2",-0.0478053321828232,3.71119492248959,2.6457346107267,0.105039454953064,0.198554389925801,0.198554389925801,"gpath_trio"
"681","DIO1","Exc L3-4 RORB CUX2",-0.0939620653402318,0.25669909788554,1.5457584945625,0.214882593787024,0.343577138187765,0.343577138187765,"gpath_trio"
"682","HSPB11","Exc L3-4 RORB CUX2",-0.107916771573876,4.59351172174093,21.5995751622906,5.34476775417051e-06,4.5577955859125e-05,4.5577955859125e-05,"gpath_trio"
"683","LRRC42","Exc L3-4 RORB CUX2",-0.0438743446231754,3.02531465941408,1.77577881229496,0.183835164759187,0.305405548837244,0.305405548837244,"gpath_trio"
"684","TMEM59","Exc L3-4 RORB CUX2",-0.0601627952367039,5.92445924229417,11.615355292938,0.00075788666859235,0.00334874365721652,0.00334874365721652,"gpath_trio"
"685","TCEANC2","Exc L3-4 RORB CUX2",0.0531717589210584,3.31559631093852,3.76508033811554,0.0534143731185053,0.116061925435201,0.116061925435201,"gpath_trio"
"686","AL357673.1","Exc L3-4 RORB CUX2",-0.0915642300979054,0.689328298904328,1.6353320315062,0.202107341188959,0.328355259179195,0.328355259179195,"gpath_trio"
"687","MRPL37","Exc L3-4 RORB CUX2",-0.0153968691285264,3.7901153202091,0.352400612991149,0.830314721864168,0.903148561225447,0.903148561225447,"gpath_trio"
"688","SSBP3","Exc L3-4 RORB CUX2",0.0238125436280204,7.48493063346367,1.04740756581161,0.307056147928286,0.451214291421878,0.451214291421878,"gpath_trio"
"689","ACOT11","Exc L3-4 RORB CUX2",0.146331062229977,4.6356220680404,5.01007552265414,0.0260469623671914,0.0647403555202766,0.0647403555202766,"gpath_trio"
"690","FAM151A","Exc L3-4 RORB CUX2",-0.261832801295883,-0.362624568091913,4.87718245312173,0.0280867464331394,0.0687498946977091,0.0687498946977091,"gpath_trio"
"691","MROH7-TTC4","Exc L3-4 RORB CUX2",0.109431733782397,1.97077399499183,2.02545645459002,0.155881209772866,0.269071133399004,0.269071133399004,"gpath_trio"
"692","TTC4","Exc L3-4 RORB CUX2",0.0423745134905413,0.384999828586903,0.269942031882063,0.603812672057799,0.732438712047023,0.732438712047023,"gpath_trio"
"693","PARS2","Exc L3-4 RORB CUX2",-0.0966406024971619,0.664738059027259,2.37075427144452,0.158805505369438,0.273020968967057,0.273020968967057,"gpath_trio"
"694","TTC22","Exc L3-4 RORB CUX2",0.000179494575186918,0.0305998328431439,5.51569771825399e-07,0.999407998685873,0.999804451504313,0.999804451504313,"gpath_trio"
"695","LEXM","Exc L3-4 RORB CUX2",0.105337186398657,-0.35455719515838,1.04315232115812,0.365632026662953,0.513799967815357,0.513799967815357,"gpath_trio"
"696","DHCR24","Exc L3-4 RORB CUX2",-0.107835344169009,5.16952857323017,7.93946908102361,0.00520823786154725,0.017219960481271,0.017219960481271,"gpath_trio"
"697","AC096536.1","Exc L3-4 RORB CUX2",0.0738872868259473,-0.251637617051338,0.63143120829261,0.458437658755425,0.604191867304866,0.604191867304866,"gpath_trio"
"698","TMEM61","Exc L3-4 RORB CUX2",-0.196521684773518,-0.460466891670334,3.33255511212335,0.0690683413881999,0.142859728060994,0.142859728060994,"gpath_trio"
"699","PCSK9","Exc L3-4 RORB CUX2",-0.195714593214356,-0.613388909088121,2.00140573423198,0.158349847750557,0.272446544291957,0.272446544291957,"gpath_trio"
"700","USP24","Exc L3-4 RORB CUX2",0.0611002320874983,6.45502974496483,21.1150305215177,6.75048119298839e-06,5.58846770900864e-05,5.58846770900864e-05,"gpath_trio"
"701","MIR4422HG","Exc L3-4 RORB CUX2",-0.0559156108318836,1.35207118605733,0.672662768233286,0.412876018992785,0.561192055728588,0.561192055728588,"gpath_trio"
"702","AL603840.1","Exc L3-4 RORB CUX2",-0.144516043168986,1.03091102823495,3.30842118034581,0.0700759673300545,0.14448468481184,0.14448468481184,"gpath_trio"
"703","PLPP3","Exc L3-4 RORB CUX2",-0.0839014557389379,-0.252063765075695,0.133388194032343,0.715241505675562,0.82250327046309,0.82250327046309,"gpath_trio"
"704","PRKAA2","Exc L3-4 RORB CUX2",0.0499812001074813,6.68899598348411,5.61552537557515,0.0185326135620961,0.0491644284832727,0.0491644284832727,"gpath_trio"
"705","FYB2","Exc L3-4 RORB CUX2",0.13818802664894,2.31113544897421,4.43790966843404,0.0361075314212671,0.084839454546303,0.084839454546303,"gpath_trio"
"706","DAB1","Exc L3-4 RORB CUX2",0.116466444753045,9.26341902318147,17.7784355709015,3.42850898400009e-05,0.000231803514585127,0.000231803514585127,"gpath_trio"
"707","AL445193.2","Exc L3-4 RORB CUX2",-0.173289920933316,-0.4750719926926,2.52113806486041,0.113544777782614,0.21080021089208,0.21080021089208,"gpath_trio"
"708","MYSM1","Exc L3-4 RORB CUX2",0.0815344886179034,6.67204885697464,16.9061870118677,5.27126537029272e-05,0.000337719208782647,0.000337719208782647,"gpath_trio"
"709","AL136985.3","Exc L3-4 RORB CUX2",0.219439123071879,2.71348627867217,10.604627920419,0.0012779047427019,0.00522630096700501,0.00522630096700501,"gpath_trio"
"710","JUN","Exc L3-4 RORB CUX2",-0.0716370463289499,4.76075928168344,2.64766532019778,0.104913318762024,0.198427505955173,0.198427505955173,"gpath_trio"
"711","LINC01135","Exc L3-4 RORB CUX2",0.150750695983394,4.21057908554697,18.8438631681176,2.03360103967784e-05,0.000146267026650625,0.000146267026650625,"gpath_trio"
"712","AC105277.1","Exc L3-4 RORB CUX2",-0.125350350754784,0.300701496355046,2.21022193221011,0.474423049978303,0.61895273107296,0.61895273107296,"gpath_trio"
"713","LINC01358","Exc L3-4 RORB CUX2",0.0510022047079869,3.78881061374509,1.18679358103558,0.276985940632581,0.417248473934345,0.417248473934345,"gpath_trio"
"714","AC093424.1","Exc L3-4 RORB CUX2",-0.21120174118408,-0.107028212501603,5.09612879430768,0.0248092778338244,0.0622082003849623,0.0622082003849623,"gpath_trio"
"715","FGGY","Exc L3-4 RORB CUX2",0.0595866720340795,5.20393283260489,5.92948358980177,0.0155625372181409,0.0427451240984546,0.0427451240984546,"gpath_trio"
"716","AL035416.1","Exc L3-4 RORB CUX2",-0.0213582144846484,0.490673747079142,0.077895425033429,0.780391853300385,0.871011597717154,0.871011597717154,"gpath_trio"
"717","HOOK1","Exc L3-4 RORB CUX2",0.0138821708872211,5.73331177824458,0.755011865867106,0.385695428545464,0.533949024219268,0.533949024219268,"gpath_trio"
"718","C1orf87","Exc L3-4 RORB CUX2",0.0534683722188898,-0.763647128794018,0.207674645895476,0.648976487246845,0.769412977035029,0.769412977035029,"gpath_trio"
"719","LINC01748","Exc L3-4 RORB CUX2",0.0655691444259337,4.162066709635,2.18027829862764,0.140999285062156,0.249291085455174,0.249291085455174,"gpath_trio"
"720","NFIA","Exc L3-4 RORB CUX2",0.133603983659041,6.03008597991354,4.56369930824945,0.0335904158655617,0.0798781989730914,0.0798781989730914,"gpath_trio"
"721","NFIA-AS2","Exc L3-4 RORB CUX2",-0.176539190642119,-0.920915785132229,2.08916597273404,0.149551216695381,0.260800051588668,0.260800051588668,"gpath_trio"
"722","TM2D1","Exc L3-4 RORB CUX2",-0.0518709934669099,5.36338330778364,8.74142285995186,0.00339647721063936,0.0119838978182317,0.0119838978182317,"gpath_trio"
"723","AC099791.2","Exc L3-4 RORB CUX2",0.0487511437662784,2.98652016935538,1.12457979454892,0.28991852071234,0.432146742177426,0.432146742177426,"gpath_trio"
"724","PATJ","Exc L3-4 RORB CUX2",-0.0140474846673001,7.40584241251937,0.661079752040569,0.416922892057322,0.565435557089034,0.565435557089034,"gpath_trio"
"725","L1TD1","Exc L3-4 RORB CUX2",0.0157832791491486,-0.403368866339633,0.0203350343217907,0.886715779331035,0.940577254219397,0.940577254219397,"gpath_trio"
"726","KANK4","Exc L3-4 RORB CUX2",0.175237524570262,1.62503228993448,3.50131111945374,0.0624432907846634,0.131846508799643,0.131846508799643,"gpath_trio"
"727","USP1","Exc L3-4 RORB CUX2",-0.0451509836059486,3.75960027176852,2.86233075192749,0.0918740795443425,0.178639124403152,0.178639124403152,"gpath_trio"
"728","DOCK7","Exc L3-4 RORB CUX2",0.0450832500666561,6.33978311402241,6.44461066405391,0.0117128032027939,0.0337098152091822,0.0337098152091822,"gpath_trio"
"729","AC103923.1","Exc L3-4 RORB CUX2",0.168788087801902,1.91942848896577,11.8494499120246,0.000671979146929512,0.00302750765728069,0.00302750765728069,"gpath_trio"
"730","ATG4C","Exc L3-4 RORB CUX2",0.034398823766414,5.55073737555893,3.38223271083401,0.0670429704327155,0.139428092823424,0.139428092823424,"gpath_trio"
"731","ALG6","Exc L3-4 RORB CUX2",-0.00444571298427832,4.15084882980417,0.0146103838471449,0.903884650729634,0.951332569861525,0.951332569861525,"gpath_trio"
"732","ITGB3BP","Exc L3-4 RORB CUX2",0.147208063714099,5.41335054002089,8.79686143026568,0.00329810968972072,0.0116838214205646,0.0116838214205646,"gpath_trio"
"733","EFCAB7","Exc L3-4 RORB CUX2",-0.0015531506047635,5.94821340954156,0.00642899798577936,0.936154955295074,0.969256646372725,0.969256646372725,"gpath_trio"
"734","PGM1","Exc L3-4 RORB CUX2",-0.0057054854572172,4.63448608959393,0.0471694070767784,0.828234352143616,0.901760823232458,0.901760823232458,"gpath_trio"
"735","ROR1","Exc L3-4 RORB CUX2",-0.269314713266679,-1.56681729057359,8.10523427721757e-05,0.992823746579463,0.996573188501436,0.996573188501436,"gpath_trio"
"736","UBE2U","Exc L3-4 RORB CUX2",-0.129040887195449,-1.03775213154151,1.06156477273536,0.377649179368271,0.525888472788161,0.525888472788161,"gpath_trio"
"737","CACHD1","Exc L3-4 RORB CUX2",0.0927557102912619,5.4674773709389,7.9015276167667,0.00531526265987568,0.0175192655061251,0.0175192655061251,"gpath_trio"
"738","RAVER2","Exc L3-4 RORB CUX2",0.0839053311574486,5.56133161423556,11.4458790723129,0.000826988104378118,0.00360044993651889,0.00360044993651889,"gpath_trio"
"739","JAK1","Exc L3-4 RORB CUX2",0.0238673493757612,6.31323558599988,1.29952403735102,0.255349220296402,0.392299003920188,0.392299003920188,"gpath_trio"
"740","AL357078.3","Exc L3-4 RORB CUX2",-0.0141042828107451,-0.616939038671634,0.0211040088305263,0.937841867435309,0.969954279244247,0.969954279244247,"gpath_trio"
"741","AK4","Exc L3-4 RORB CUX2",0.0468416743165342,4.8147240888881,2.14524282309152,0.144220477817586,0.253475750498284,0.253475750498284,"gpath_trio"
"742","DNAJC6","Exc L3-4 RORB CUX2",0.029581304360419,7.80481551071173,3.43669086808444,0.0648958075166492,0.135816692598382,0.135816692598382,"gpath_trio"
"743","AL139294.1","Exc L3-4 RORB CUX2",-0.40032852093319,3.2038892396729,68.8343130913568,5.84845007192189e-15,4.73865382333431e-13,4.73865382333431e-13,"gpath_trio"
"744","LEPR","Exc L3-4 RORB CUX2",0.0839009816848225,5.1865674365815,4.6534415936598,0.0319078388867114,0.0765446670082523,0.0765446670082523,"gpath_trio"
"745","AL513493.1","Exc L3-4 RORB CUX2",0.173609312390984,-1.40028008882421,1.05243778111403,0.305899776833841,0.449852612990943,0.449852612990943,"gpath_trio"
"746","PDE4B","Exc L3-4 RORB CUX2",0.054496821646416,7.00838170308272,2.26856134856921,0.133236320687905,0.239085520071974,0.239085520071974,"gpath_trio"
"747","SGIP1","Exc L3-4 RORB CUX2",0.0715623437714547,8.11959493899526,28.6646319634152,1.89234230661489e-07,2.36983277690598e-06,2.36983277690598e-06,"gpath_trio"
"748","AL139147.1","Exc L3-4 RORB CUX2",-0.499866154650226,1.87123020269828,25.7835319377306,7.28982221047657e-07,7.79809984604267e-06,7.79809984604267e-06,"gpath_trio"
"749","TCTEX1D1","Exc L3-4 RORB CUX2",-0.0661953269060385,3.77665130262821,1.87733960283235,0.171818731569588,0.28949748700655,0.28949748700655,"gpath_trio"
"750","INSL5","Exc L3-4 RORB CUX2",-0.0403075097878743,-0.807797368102248,0.108900843476296,0.741664718818642,0.842828759434268,0.842828759434268,"gpath_trio"
"751","WDR78","Exc L3-4 RORB CUX2",0.111567109775779,5.19220245671197,22.4014796006018,3.63643592754571e-06,3.25066143911371e-05,3.25066143911371e-05,"gpath_trio"
"752","MIER1","Exc L3-4 RORB CUX2",0.0201521595577396,5.80835892236023,2.42968397467591,0.120273227189287,0.220592032594897,0.220592032594897,"gpath_trio"
"753","SLC35D1","Exc L3-4 RORB CUX2",0.0149200564538512,4.61293928377581,0.262063549866184,0.60914052169385,0.736951908441678,0.736951908441678,"gpath_trio"
"754","C1orf141","Exc L3-4 RORB CUX2",0.00495088493941597,0.310375135463049,0.00526749657800513,0.942198113873226,0.971822441073228,0.971822441073228,"gpath_trio"
"755","IL23R","Exc L3-4 RORB CUX2",-0.355013833247396,-0.687143674456467,11.9793863952801,0.000628639449595358,0.00285134912220916,0.00285134912220916,"gpath_trio"
"756","IL12RB2","Exc L3-4 RORB CUX2",0.155464270607321,4.57984763585795,8.4364621740204,0.00399392437716187,0.0137193955855869,0.0137193955855869,"gpath_trio"
"757","SERBP1","Exc L3-4 RORB CUX2",-0.0593196007096113,5.07042955986662,10.7813623266741,0.00116591050880236,0.00484096409036585,0.00484096409036585,"gpath_trio"
"758","GADD45A","Exc L3-4 RORB CUX2",-0.211217284014966,1.62304008679182,9.90759951646048,0.00183779914073961,0.00709483307776917,0.00709483307776917,"gpath_trio"
"759","GNG12-AS1","Exc L3-4 RORB CUX2",0.142571429229589,-0.1159910555247,0.320415977458674,0.571845978667559,0.70636090244401,0.70636090244401,"gpath_trio"
"760","DIRAS3","Exc L3-4 RORB CUX2",0.361612670310518,-0.664361193561664,2.25998615471663,0.133968871410507,0.240165450569307,0.240165450569307,"gpath_trio"
"761","WLS","Exc L3-4 RORB CUX2",0.466403589277758,1.9978433330945,1.9149190856223,0.167604632570034,0.284129355692835,0.284129355692835,"gpath_trio"
"762","DEPDC1","Exc L3-4 RORB CUX2",-0.0208938211904604,-0.287503733591529,0.0379487128073006,0.845698290595675,0.913475001812421,0.913475001812421,"gpath_trio"
"763","DEPDC1-AS1","Exc L3-4 RORB CUX2",0.108056532225785,0.198857408235673,1.66324990567356,0.198311072613722,0.323490126939023,0.323490126939023,"gpath_trio"
"764","AL033530.1","Exc L3-4 RORB CUX2",0.0694801187315152,1.53674773353782,1.6427411298188,0.201091549562251,0.326968247293554,0.326968247293554,"gpath_trio"
"765","AL691520.1","Exc L3-4 RORB CUX2",0.148506338441765,-0.0703429597262247,2.89204752463879,0.223329653830473,0.35349723568412,0.35349723568412,"gpath_trio"
"766","LINC01707","Exc L3-4 RORB CUX2",-0.121983241947342,0.634661720836164,2.38044189706726,0.124078973169754,0.225985777534201,0.225985777534201,"gpath_trio"
"767","LRRC7","Exc L3-4 RORB CUX2",0.118241177597748,10.220755013767,45.4451118607199,1.0091235872205e-10,2.84344530337619e-09,2.84344530337619e-09,"gpath_trio"
"768","AL158840.1","Exc L3-4 RORB CUX2",-0.215221964525171,-0.108477659234503,4.68905525794797,0.0312648694491937,0.0752797160923121,0.0752797160923121,"gpath_trio"
"769","LRRC40","Exc L3-4 RORB CUX2",0.0213187760839889,5.24409942765659,1.54960799593912,0.69779519601522,0.808883580390461,0.808883580390461,"gpath_trio"
"770","SRSF11","Exc L3-4 RORB CUX2",-0.0130953319095783,7.96050661651934,0.415312426054416,0.519853504760828,0.660580995058872,0.660580995058872,"gpath_trio"
"771","ANKRD13C","Exc L3-4 RORB CUX2",0.0159673547728587,6.80374951827726,1.53660639700621,0.216241309356066,0.345366404073673,0.345366404073673,"gpath_trio"
"772","HHLA3","Exc L3-4 RORB CUX2",0.0105474800189694,2.89725310454597,0.068118478991475,0.794302833931076,0.880137748670819,0.880137748670819,"gpath_trio"
"773","CTH","Exc L3-4 RORB CUX2",0.043346007176047,3.22715079671342,1.55011109621212,0.214239989998216,0.342848560181963,0.342848560181963,"gpath_trio"
"774","AL354872.2","Exc L3-4 RORB CUX2",0.00756620023813753,0.10511785315306,0.010087785507422,0.920074029455357,0.959599542197158,0.959599542197158,"gpath_trio"
"775","LINC01788","Exc L3-4 RORB CUX2",-0.228368641355944,-0.609943964968625,4.03422504412768,0.045620107101901,0.102504804825419,0.102504804825419,"gpath_trio"
"776","PTGER3","Exc L3-4 RORB CUX2",0.181343500273966,2.18361251173046,1.39960664097613,0.237870051614606,0.37115454689286,0.37115454689286,"gpath_trio"
"777","ZRANB2-AS1","Exc L3-4 RORB CUX2",-0.0574320388664807,1.74233548485674,0.51975387036011,0.47159440224663,0.616857952886784,0.616857952886784,"gpath_trio"
"778","ZRANB2","Exc L3-4 RORB CUX2",0.0260849706033669,7.24252185304123,2.30830261101939,0.129899544112351,0.234265066815651,0.234265066815651,"gpath_trio"
"779","NEGR1","Exc L3-4 RORB CUX2",0.151177403481209,11.0723883372212,93.6819789903696,4.0255000240775e-19,9.78487505852573e-17,9.78487505852573e-17,"gpath_trio"
"780","AL354949.1","Exc L3-4 RORB CUX2",-0.420129008356984,1.95875224055846,33.3405135722893,2.19940757675827e-08,3.49669407888874e-07,3.49669407888874e-07,"gpath_trio"
"781","AL583808.1","Exc L3-4 RORB CUX2",-0.023069886681793,2.05243297275503,0.23133946627977,0.645606539180117,0.766679141088873,0.766679141088873,"gpath_trio"
"782","AL583808.2","Exc L3-4 RORB CUX2",0.144579672946178,3.68546085397763,9.55398308047868,0.00221208401992197,0.00832005874383405,0.00832005874383405,"gpath_trio"
"783","LINC02238","Exc L3-4 RORB CUX2",0.051981772330175,-1.23256493370882,0.0998444143317374,0.752269924765631,0.850635900243616,0.850635900243616,"gpath_trio"
"784","LRRIQ3","Exc L3-4 RORB CUX2",0.204940414259116,2.17075896598555,7.682654900367,0.00597831060727725,0.0193165305095801,0.0193165305095801,"gpath_trio"
"785","TNNI3K","Exc L3-4 RORB CUX2",-0.175470312012436,1.27843650991639,8.23728021568245,0.00444132557041117,0.014981398325204,0.014981398325204,"gpath_trio"
"786","AC093158.1","Exc L3-4 RORB CUX2",0.0232567123095272,0.449971488016312,0.0766727155015286,0.782078135698575,0.872046476996405,0.872046476996405,"gpath_trio"
"787","LRRC53","Exc L3-4 RORB CUX2",0.103646274660522,1.94038705254899,2.39728763329318,0.122762121514996,0.224199589966321,0.224199589966321,"gpath_trio"
"788","ERICH3","Exc L3-4 RORB CUX2",0.0663506501092393,6.17269828111191,7.112956997382,0.00813300383294356,0.0248988395037384,0.0248988395037384,"gpath_trio"
"789","ERICH3-AS1","Exc L3-4 RORB CUX2",-0.383164535702211,1.43529655832958,36.643143295763,4.93353387561599e-09,9.35470356584141e-08,9.35470356584141e-08,"gpath_trio"
"790","AC135803.1","Exc L3-4 RORB CUX2",0.00776952908207605,-0.0217761958777804,0.00539522872064087,0.941502738575768,0.9714917596091,0.9714917596091,"gpath_trio"
"791","CRYZ","Exc L3-4 RORB CUX2",0.0977840108651905,3.07407887848601,2.94751595925901,0.0872005490290983,0.171669699127836,0.171669699127836,"gpath_trio"
"792","TYW3","Exc L3-4 RORB CUX2",0.02459067532434,5.00495238475623,0.500026690966842,0.480121669304677,0.623497209896793,0.623497209896793,"gpath_trio"
"793","SLC44A5","Exc L3-4 RORB CUX2",0.0828913398042286,8.21256470429464,10.3270123313379,0.0014764250179553,0.00589955926663661,0.00589955926663661,"gpath_trio"
"794","AL357314.1","Exc L3-4 RORB CUX2",0.190373463651183,-1.10541214526251,1.98835047813258,0.159708577820203,0.274013143764146,0.274013143764146,"gpath_trio"
"795","ACADM","Exc L3-4 RORB CUX2",0.0551092200942144,6.10152149928522,6.30837905157952,0.0126235534086946,0.035966698209351,0.035966698209351,"gpath_trio"
"796","RABGGTB","Exc L3-4 RORB CUX2",-0.129375023914843,3.53516816665869,14.8170059301348,0.000149170858850556,0.000823849459980829,0.000823849459980829,"gpath_trio"
"797","MSH4","Exc L3-4 RORB CUX2",0.182905117550066,4.87818064055111,8.00883088347403,0.00501826327019527,0.0166436727726762,0.0166436727726762,"gpath_trio"
"798","ASB17","Exc L3-4 RORB CUX2",-0.199414392942714,0.156869786664587,3.57947481191866,0.0596087358383075,0.126857198896398,0.126857198896398,"gpath_trio"
"799","AC092813.1","Exc L3-4 RORB CUX2",0.268165016834827,3.09786782259207,9.12695130691087,0.00276979525192221,0.0100703945228925,0.0100703945228925,"gpath_trio"
"800","AC092813.2","Exc L3-4 RORB CUX2",0.180054981104109,0.0728064424434493,1.75525045542337,0.186381212421701,0.308444012846182,0.308444012846182,"gpath_trio"
"801","ST6GALNAC3","Exc L3-4 RORB CUX2",0.188339822520069,6.69242655303213,30.6505991274472,7.54553482693115e-08,1.0405411150604e-06,1.0405411150604e-06,"gpath_trio"
"802","ST6GALNAC5","Exc L3-4 RORB CUX2",0.139832595572719,10.0335537333199,40.0582421700934,1.07380047662625e-09,2.34966644424454e-08,2.34966644424454e-08,"gpath_trio"
"803","AL035409.1","Exc L3-4 RORB CUX2",0.0275494254071794,3.69798775763343,0.845079903588091,0.392713638603733,0.540671329250056,0.540671329250056,"gpath_trio"
"804","PIGK","Exc L3-4 RORB CUX2",0.00989874454344124,5.44525527730522,0.302998048857058,0.582481587842851,0.715119943694366,0.715119943694366,"gpath_trio"
"805","AK5","Exc L3-4 RORB CUX2",0.0712852555661377,9.08427711327476,10.9449500711298,0.00107116524274558,0.00449475016064726,0.00449475016064726,"gpath_trio"
"806","AC095030.1","Exc L3-4 RORB CUX2",-0.191621193778018,-0.539887243764833,2.80453886572126,0.0952001863716247,0.183602309535181,0.183602309535181,"gpath_trio"
"807","AC118549.1","Exc L3-4 RORB CUX2",0.00874676982551387,6.65511684585376,0.399516103245312,0.527894648779142,0.668021987023722,0.668021987023722,"gpath_trio"
"808","USP33","Exc L3-4 RORB CUX2",-0.00822993615918871,7.43529405305321,0.457330633215008,0.499475261187099,0.642619309639036,0.642619309639036,"gpath_trio"
"809","MIGA1","Exc L3-4 RORB CUX2",-0.0268730000963151,6.68114570548598,4.31985953869956,0.0386508821212779,0.0897022370639345,0.0897022370639345,"gpath_trio"
"810","NEXN-AS1","Exc L3-4 RORB CUX2",-0.250018903169056,0.345589479740336,11.4056335885038,0.000844319491684065,0.00366246952154935,0.00366246952154935,"gpath_trio"
"811","NEXN","Exc L3-4 RORB CUX2",0.00746844749711403,3.75187250087668,0.0656251898755926,0.916448797430617,0.957798576507437,0.957798576507437,"gpath_trio"
"812","FUBP1","Exc L3-4 RORB CUX2",-0.000670728283316774,5.63485757365072,0.00155662571963255,0.968558627959981,0.983673310802548,0.983673310802548,"gpath_trio"
"813","DNAJB4","Exc L3-4 RORB CUX2",0.0462563611238585,-0.391518948474496,0.23107465747273,0.631132354502978,0.754553792716893,0.754553792716893,"gpath_trio"
"814","GIPC2","Exc L3-4 RORB CUX2",0.030018084954636,5.67247080007059,1.22275798366341,0.269842185449799,0.409143701446693,0.409143701446693,"gpath_trio"
"815","AC103591.3","Exc L3-4 RORB CUX2",-0.359790817531432,-1.36275555071589,4.98692489788904,0.0263908328740955,0.0654097116996164,0.0654097116996164,"gpath_trio"
"816","PTGFR","Exc L3-4 RORB CUX2",0.0286795824320271,-0.184025019996129,0.0933574267022254,0.760195976637388,0.856716212929405,0.856716212929405,"gpath_trio"
"817","AC099671.1","Exc L3-4 RORB CUX2",-0.149211041237189,-0.924162530003786,1.33428099511195,0.249105497472004,0.384932495898372,0.384932495898372,"gpath_trio"
"818","AL136234.1","Exc L3-4 RORB CUX2",-0.0868577175860968,-1.43852820295294,0.272167978148389,0.602325281202467,0.731114288022779,0.731114288022779,"gpath_trio"
"819","LINC01781","Exc L3-4 RORB CUX2",0.271307880336283,0.726696378382918,3.38554701977731,0.0669101368904402,0.139209241184349,0.139209241184349,"gpath_trio"
"820","ADGRL2","Exc L3-4 RORB CUX2",0.15656116403134,9.15954516733633,34.2551798174981,1.45090431084813e-08,2.42317835027824e-07,2.42317835027824e-07,"gpath_trio"
"821","AL138799.4","Exc L3-4 RORB CUX2",-0.32520085974144,1.94240391757845,26.7900198918404,4.5416192303445e-07,5.12456196712529e-06,5.12456196712529e-06,"gpath_trio"
"822","AC117944.1","Exc L3-4 RORB CUX2",-0.197622656215476,2.16725666014368,9.93247444678801,0.00181403958467766,0.00701434121803537,0.00701434121803537,"gpath_trio"
"823","AC093580.1","Exc L3-4 RORB CUX2",0.0262116886982313,2.0020145992925,0.0860524331355499,0.769490971397103,0.86305251459327,0.86305251459327,"gpath_trio"
"824","LINC01362","Exc L3-4 RORB CUX2",-0.0542446271651772,2.27568166608469,1.15404796239306,0.283699299365563,0.424948649840391,0.424948649840391,"gpath_trio"
"825","LINC01361","Exc L3-4 RORB CUX2",-0.0929882190078691,0.969370231468286,1.8335394211548,0.176885764178742,0.29637657107434,0.29637657107434,"gpath_trio"
"826","LINC01725","Exc L3-4 RORB CUX2",0.217470120920402,7.13416591983169,29.7694411502408,1.13351546039051e-07,1.50254102584616e-06,1.50254102584616e-06,"gpath_trio"
"827","TTLL7","Exc L3-4 RORB CUX2",0.0485341017147993,8.21095857459708,9.12346955494074,0.00277489024134204,0.0100852838441859,0.0100852838441859,"gpath_trio"
"828","AL359504.2","Exc L3-4 RORB CUX2",-0.227700623135502,2.34313713596691,30.1679502671856,9.42783947619529e-08,1.26719960980839e-06,1.26719960980839e-06,"gpath_trio"
"829","PRKACB","Exc L3-4 RORB CUX2",0.0605952857988553,8.44875650676148,27.4148171883386,3.38941514929674e-07,3.97566573471289e-06,3.97566573471289e-06,"gpath_trio"
"830","SAMD13","Exc L3-4 RORB CUX2",-0.0610818979061604,3.08227776942928,2.67951177205471,0.102856631222342,0.195343362036218,0.195343362036218,"gpath_trio"
"831","DNASE2B","Exc L3-4 RORB CUX2",-0.12666000063841,-0.00726351515990438,1.96964071528686,0.161679139177359,0.276289736820534,0.276289736820534,"gpath_trio"
"832","RPF1","Exc L3-4 RORB CUX2",-0.146686399470713,3.48934714250906,24.0169222742659,1.68202654897305e-06,1.65052945649471e-05,1.65052945649471e-05,"gpath_trio"
"833","GNG5","Exc L3-4 RORB CUX2",-0.0680333629168732,1.31290681413252,1.48330791463497,0.224361753424241,0.35476905520292,0.35476905520292,"gpath_trio"
"834","SPATA1","Exc L3-4 RORB CUX2",-0.0937402980528362,2.73075892176909,2.53390697939136,0.112639032940191,0.209562199333119,0.209562199333119,"gpath_trio"
"835","CTBS","Exc L3-4 RORB CUX2",0.0680956062050893,3.23753300903929,3.66659253863861,0.056610832766557,0.121618949107155,0.121618949107155,"gpath_trio"
"836","SSX2IP","Exc L3-4 RORB CUX2",0.0327981580814008,7.13049212930761,4.61892447174276,0.0325442725911398,0.0778308083838603,0.0778308083838603,"gpath_trio"
"837","MCOLN2","Exc L3-4 RORB CUX2",-0.00425525342226353,1.04821162747629,0.00163817712545266,0.967745976873841,0.983305398343986,0.983305398343986,"gpath_trio"
"838","WDR63","Exc L3-4 RORB CUX2",0.132640357606347,3.48166270553442,2.61640622293167,0.106976226039448,0.201347640670385,0.201347640670385,"gpath_trio"
"839","MCOLN3","Exc L3-4 RORB CUX2",0.157993834561585,1.06892497755701,0.974481909307921,0.324482672242647,0.470008830351183,0.470008830351183,"gpath_trio"
"840","SYDE2","Exc L3-4 RORB CUX2",0.104192001840597,3.8383230003532,10.6788168811932,0.00122961436521951,0.00505641649379913,0.00505641649379913,"gpath_trio"
"841","C1orf52","Exc L3-4 RORB CUX2",-0.0310472988514667,5.13539781216427,2.5919495550427,0.108621428792833,0.203873599953057,0.203873599953057,"gpath_trio"
"842","BCL10","Exc L3-4 RORB CUX2",0.0479064538266547,2.73053523920975,1.69147043150204,0.194558790233077,0.318579952353894,0.318579952353894,"gpath_trio"
"843","AL078459.1","Exc L3-4 RORB CUX2",-0.120817226679451,3.51304321960983,10.7536781974417,0.00118276976265052,0.00489786124003986,0.00489786124003986,"gpath_trio"
"844","DDAH1","Exc L3-4 RORB CUX2",0.0515733578465933,7.252352630566,5.15694455256802,0.0239717474567046,0.0604461948430215,0.0604461948430215,"gpath_trio"
"845","CYR61","Exc L3-4 RORB CUX2",0.0131813229262934,1.44131634268774,0.0286428828314624,0.8657378229708,0.927133105708153,0.927133105708153,"gpath_trio"
"846","ZNHIT6","Exc L3-4 RORB CUX2",0.019220134004839,5.67854037004183,1.02903997431523,0.311327290556784,0.455840633353881,0.455840633353881,"gpath_trio"
"847","COL24A1","Exc L3-4 RORB CUX2",0.0189460192045753,6.27866931132223,0.102606307069012,0.748981375151525,0.847962920520876,0.847962920520876,"gpath_trio"
"848","AL136382.1","Exc L3-4 RORB CUX2",0.142511894091387,3.63204787282957,6.09113752672041,0.0142303517119115,0.0396927064548342,0.0396927064548342,"gpath_trio"
"849","ODF2L","Exc L3-4 RORB CUX2",0.0183050132718158,6.97535450077953,1.26989723848034,0.260824889705045,0.398798192481947,0.398798192481947,"gpath_trio"
"850","AL356270.1","Exc L3-4 RORB CUX2",-0.0803813024818824,3.3311066475317,1.40768702737092,0.236523727949185,0.369504839547881,0.369504839547881,"gpath_trio"
"851","AL049597.2","Exc L3-4 RORB CUX2",-0.0960389460219364,0.339382937027574,1.28906127601384,0.257266526979312,0.394643566135007,0.394643566135007,"gpath_trio"
"852","SH3GLB1","Exc L3-4 RORB CUX2",0.0283651995828671,5.63212808703621,3.99628509019393,0.0466414652533557,0.104334336703745,0.104334336703745,"gpath_trio"
"853","SELENOF","Exc L3-4 RORB CUX2",-0.0378348539695655,5.56031915018473,4.88362756928014,0.0279840597082522,0.0685784481871964,0.0685784481871964,"gpath_trio"
"854","HS2ST1","Exc L3-4 RORB CUX2",0.106426034331203,5.96297600243189,32.2825363446046,3.56571294788879e-08,5.37655147411482e-07,5.37655147411482e-07,"gpath_trio"
"855","AC093155.3","Exc L3-4 RORB CUX2",0.0552295715793334,0.843499841629737,0.671297943120253,0.413349824781262,0.561604258024565,0.561604258024565,"gpath_trio"
"856","AC099062.1","Exc L3-4 RORB CUX2",-0.0293855075376607,2.16411238806542,0.261070330506039,0.609819347184224,0.737507812578931,0.737507812578931,"gpath_trio"
"857","LMO4","Exc L3-4 RORB CUX2",-0.0627619832231276,8.56462024226817,8.02932168289328,0.00496351273642856,0.0164966908949979,0.0164966908949979,"gpath_trio"
"858","PKN2-AS1","Exc L3-4 RORB CUX2",0.12549555711622,7.67069729664696,10.3677570172839,0.00144542696982128,0.00579634236660031,0.00579634236660031,"gpath_trio"
"859","PKN2","Exc L3-4 RORB CUX2",0.0825039386199498,7.30068700908183,29.2989930119578,1.40951199058076e-07,1.83227476868342e-06,1.83227476868342e-06,"gpath_trio"
"860","GTF2B","Exc L3-4 RORB CUX2",0.00618786282804074,5.04589482732017,0.123353270872924,0.725710101689588,0.830266321934441,0.830266321934441,"gpath_trio"
"861","KYAT3","Exc L3-4 RORB CUX2",-0.024251143842263,5.12970818293624,1.26142769387675,0.853520063387587,0.919221015258879,0.919221015258879,"gpath_trio"
"862","GBP4","Exc L3-4 RORB CUX2",0.120510674314283,0.107136304225276,2.19604911269067,0.139575893900058,0.247403238396913,0.247403238396913,"gpath_trio"
"863","LRRC8B","Exc L3-4 RORB CUX2",0.0400844930907042,7.42846783705224,3.74983211863942,0.120174005614207,0.22045013304843,0.22045013304843,"gpath_trio"
"864","LRRC8C-DT","Exc L3-4 RORB CUX2",-0.0424871878820174,3.22234462111681,1.43307465672063,0.232353611305676,0.364378865766966,0.364378865766966,"gpath_trio"
"865","AC093423.3","Exc L3-4 RORB CUX2",0.0436713198552878,1.99410245772909,0.463200270115335,0.496737714673047,0.640117743582571,0.640117743582571,"gpath_trio"
"866","AC099568.2","Exc L3-4 RORB CUX2",-0.0255025156586585,-0.709246550763627,0.0478271797615232,0.870291301942866,0.929936286038733,0.929936286038733,"gpath_trio"
"867","LRRC8D","Exc L3-4 RORB CUX2",-0.0758460855115413,2.99459887697761,5.1700680182211,0.0237949211901468,0.0600678847611625,0.0600678847611625,"gpath_trio"
"868","ZNF326","Exc L3-4 RORB CUX2",0.000251044296138203,5.29095561793734,0.000189016418225481,0.989041313249208,0.994661706535206,0.994661706535206,"gpath_trio"
"869","LINC01763","Exc L3-4 RORB CUX2",-0.0245222850237934,1.13565703824184,0.114834246230824,0.734979654970786,0.837184651029562,0.837184651029562,"gpath_trio"
"870","ZNF644","Exc L3-4 RORB CUX2",0.0400229320750397,6.40167621159374,7.54232848672908,0.00644757756790199,0.0205756271617682,0.0205756271617682,"gpath_trio"
"871","HFM1","Exc L3-4 RORB CUX2",0.091974192499329,4.14557990447215,4.78327934152554,0.0296284620444006,0.0719547733080595,0.0719547733080595,"gpath_trio"
"872","CDC7","Exc L3-4 RORB CUX2",-0.0220220441453833,4.56730185463612,0.43591700278017,0.509684229427146,0.651722609246588,0.651722609246588,"gpath_trio"
"873","TGFBR3","Exc L3-4 RORB CUX2",0.0806146881860958,3.72189968033044,4.40485300549774,0.036801436055888,0.0861832817675612,0.0861832817675612,"gpath_trio"
"874","BRDT","Exc L3-4 RORB CUX2",-0.079913448714578,1.2061086304646,1.9333046033996,0.231048720854081,0.362868437119032,0.362868437119032,"gpath_trio"
"875","EPHX4","Exc L3-4 RORB CUX2",-0.0204436431379276,6.41249746021157,1.03426740911665,0.310103865210197,0.454610193330601,0.454610193330601,"gpath_trio"
"876","BTBD8","Exc L3-4 RORB CUX2",-0.0290394350320693,7.19215371220119,3.25714331989948,0.807090862236501,0.888522098308672,0.888522098308672,"gpath_trio"
"877","AC104836.1","Exc L3-4 RORB CUX2",-0.00699770197867771,1.68376863926439,0.011276230107007,0.915513807980119,0.957268259963664,0.957268259963664,"gpath_trio"
"878","C1orf146","Exc L3-4 RORB CUX2",-0.048526358701611,0.0873545759218224,0.366844563737187,0.545257630044204,0.68356258535648,0.68356258535648,"gpath_trio"
"879","GLMN","Exc L3-4 RORB CUX2",-0.0613181316648078,6.47775363732044,12.8336883343751,0.000406290353131406,0.00196286108104074,0.00196286108104074,"gpath_trio"
"880","RPAP2","Exc L3-4 RORB CUX2",0.0744052559677447,7.27792649723764,31.3811558248518,5.39105204896745e-08,7.72474965113056e-07,7.72474965113056e-07,"gpath_trio"
"881","EVI5","Exc L3-4 RORB CUX2",0.0656763740504936,8.08041198756477,13.8683372973144,0.000240441974236221,0.00125443931477004,0.00125443931477004,"gpath_trio"
"882","RPL5","Exc L3-4 RORB CUX2",-0.163817860459717,5.39703942716716,43.8810710470672,1.99511936567355e-10,5.22747184447583e-09,5.22747184447583e-09,"gpath_trio"
"883","FAM69A","Exc L3-4 RORB CUX2",0.0818708245828973,7.42536466522016,23.7234995546595,1.93396955580638e-06,1.85710784333144e-05,1.85710784333144e-05,"gpath_trio"
"884","MTF2","Exc L3-4 RORB CUX2",-0.060383774539417,6.23030917785128,14.1773834069836,0.000205736250490689,0.00109287226267763,0.00109287226267763,"gpath_trio"
"885","TMED5","Exc L3-4 RORB CUX2",0.0376466318720309,4.12188216561895,2.95952184734511,0.0865629725525683,0.170680997971859,0.170680997971859,"gpath_trio"
"886","CCDC18","Exc L3-4 RORB CUX2",0.0903851854659925,4.4101910816736,10.7457901245327,0.00118761881368379,0.00491320871816708,0.00491320871816708,"gpath_trio"
"887","DR1","Exc L3-4 RORB CUX2",0.0077745339052457,3.73672617208695,0.0959544352725063,0.75698768915912,0.854533719157634,0.854533719157634,"gpath_trio"
"888","FNBP1L","Exc L3-4 RORB CUX2",0.158329255625799,4.4325528666235,7.14911260412764,0.00797502684133925,0.0244969802868483,0.0244969802868483,"gpath_trio"
"889","BCAR3","Exc L3-4 RORB CUX2",0.0636440091079718,4.52695211527726,3.02973676096447,0.0829342917027479,0.165042899142337,0.165042899142337,"gpath_trio"
"890","DNTTIP2","Exc L3-4 RORB CUX2",-0.0699125588405546,3.37236309145697,4.79148469600918,0.0294902750271502,0.0716740511592284,0.0716740511592284,"gpath_trio"
"891","GCLM","Exc L3-4 RORB CUX2",0.0200845649758441,5.11014288216381,0.810708547749718,0.654455062131308,0.773923296307682,0.773923296307682,"gpath_trio"
"892","ABCA4","Exc L3-4 RORB CUX2",-0.284087922996806,0.352365179378233,8.88995563983966,0.0031394366386838,0.0112003773979568,0.0112003773979568,"gpath_trio"
"893","ARHGAP29","Exc L3-4 RORB CUX2",-0.195069011024838,4.45568935806012,15.0838378562211,0.000130504343236563,0.000733405327241688,0.000733405327241688,"gpath_trio"
"894","AC097059.1","Exc L3-4 RORB CUX2",-0.0227782661067556,-0.896877255635421,0.0438006408918636,0.834388839397896,0.90557829010988,0.90557829010988,"gpath_trio"
"895","ABCD3","Exc L3-4 RORB CUX2",0.0116226379794886,4.90076720245829,0.443249662522761,0.506148345322053,0.648475447188189,0.648475447188189,"gpath_trio"
"896","SLC44A3","Exc L3-4 RORB CUX2",-0.0413515740304982,1.12953767335088,0.245982790284082,0.62033700569195,0.746011686815347,0.746011686815347,"gpath_trio"
"897","CNN3","Exc L3-4 RORB CUX2",0.164027207791219,3.54422442986782,11.6698026707472,0.000736957023719348,0.00326699801220344,0.00326699801220344,"gpath_trio"
"898","AC105942.1","Exc L3-4 RORB CUX2",-0.048015500100754,2.57574747396461,1.13972851586795,0.286699920364359,0.428393637487109,0.428393637487109,"gpath_trio"
"899","ALG14","Exc L3-4 RORB CUX2",0.0642720632192075,5.34778295441013,6.74929498151932,0.00991330894746582,0.0293730368651965,0.0293730368651965,"gpath_trio"
"900","TMEM56-RWDD3","Exc L3-4 RORB CUX2",0.0972809535990573,3.42049767022475,7.03571299842472,0.00848140106979999,0.0258010052145981,0.0258010052145981,"gpath_trio"
"901","AC092802.1","Exc L3-4 RORB CUX2",-0.0838321405076965,2.70150750520566,4.06581450960674,0.0447877957424701,0.100915097063249,0.100915097063249,"gpath_trio"
"902","AC092802.2","Exc L3-4 RORB CUX2",-0.329153698204124,-0.246813241497373,11.1055743505899,0.000985759504041237,0.00419306303901159,0.00419306303901159,"gpath_trio"
"903","AL356479.1","Exc L3-4 RORB CUX2",0.0920464138204597,3.39711808670921,2.04799246270935,0.153607844011065,0.266057542318272,0.266057542318272,"gpath_trio"
"904","AC099566.1","Exc L3-4 RORB CUX2",-0.189132214114613,-1.79446080980567,0.674512029340504,0.412235320686318,0.560463465237066,0.560463465237066,"gpath_trio"
"905","PTBP2","Exc L3-4 RORB CUX2",0.0579019253575998,6.94933964134358,15.0743839602818,0.000131123381465468,0.000736064057057822,0.000736064057057822,"gpath_trio"
"906","DPYD","Exc L3-4 RORB CUX2",0.122116287168702,8.69438162593567,24.3590885964824,1.42974238102772e-06,1.43293852643985e-05,1.43293852643985e-05,"gpath_trio"
"907","DPYD-AS1","Exc L3-4 RORB CUX2",-0.028133006602262,3.95933280815443,0.209854130841013,0.647264379250281,0.767879504373422,0.767879504373422,"gpath_trio"
"908","MIR137HG","Exc L3-4 RORB CUX2",0.234331819815991,7.86174848493803,78.2366852003775,1.42689395619914e-16,1.65445894059297e-14,1.65445894059297e-14,"gpath_trio"
"909","LINC01776","Exc L3-4 RORB CUX2",0.308187626844956,2.13073111140028,19.2219839282415,1.69083964729756e-05,0.000125123732934239,0.000125123732934239,"gpath_trio"
"910","SNX7","Exc L3-4 RORB CUX2",0.109173656482195,5.51809163098591,21.7664326430852,4.93252517331521e-06,4.24909032329779e-05,4.24909032329779e-05,"gpath_trio"
"911","PLPPR5","Exc L3-4 RORB CUX2",0.129653084633628,5.97876972279991,31.4971606676677,5.11128404513108e-08,7.39212585021645e-07,7.39212585021645e-07,"gpath_trio"
"912","AL445433.2","Exc L3-4 RORB CUX2",0.0752968634124163,5.70697015496522,7.19897801590113,0.00776231377573375,0.0239566590829782,0.0239566590829782,"gpath_trio"
"913","PLPPR4","Exc L3-4 RORB CUX2",0.0674843187152766,6.60671673895631,11.3710637476765,0.000859501702189875,0.00371395306097252,0.00371395306097252,"gpath_trio"
"914","LINC01708","Exc L3-4 RORB CUX2",-0.0793929637736576,0.754011897666147,1.1998140997826,0.27437242693749,0.414300105790275,0.414300105790275,"gpath_trio"
"915","PALMD","Exc L3-4 RORB CUX2",0.127922077098971,2.75079780749401,1.70761546145271,0.192449656322913,0.315921221831958,0.315921221831958,"gpath_trio"
"916","FRRS1","Exc L3-4 RORB CUX2",0.0196673458725439,-0.0734707138592419,0.049487071321221,0.919548562386599,0.959599542197158,0.959599542197158,"gpath_trio"
"917","AGL","Exc L3-4 RORB CUX2",-0.04414579447312,5.50413256770889,4.23395012916876,0.0406202044697268,0.0934236918806131,0.0934236918806131,"gpath_trio"
"918","AC118553.1","Exc L3-4 RORB CUX2",-0.15270267062811,0.314115128466015,3.58943899383488,0.0592574087981064,0.126189383840173,0.126189383840173,"gpath_trio"
"919","AC118553.2","Exc L3-4 RORB CUX2",0.268298399867954,-0.408598706152101,8.54150046608127,0.00377685889045691,0.0130812237107241,0.0130812237107241,"gpath_trio"
"920","MFSD14A","Exc L3-4 RORB CUX2",-0.0850259127812813,0.257313998047129,0.680871781589777,0.410043092632594,0.558281778503346,0.558281778503346,"gpath_trio"
"921","AC093019.2","Exc L3-4 RORB CUX2",-0.401461318331523,0.895027455989747,35.7062161173172,7.52358185110132e-09,1.35283657616728e-07,1.35283657616728e-07,"gpath_trio"
"922","SASS6","Exc L3-4 RORB CUX2",-0.116176811874842,3.08162721491773,12.4484209770951,0.000494488462084069,0.00231953143979216,0.00231953143979216,"gpath_trio"
"923","TRMT13","Exc L3-4 RORB CUX2",-0.032898484974644,4.55534162042998,1.99173469117845,0.159355088296994,0.273639365596378,0.273639365596378,"gpath_trio"
"924","LRRC39","Exc L3-4 RORB CUX2",-0.0058871961261449,3.62890252270635,0.0206662023183271,0.885803364449048,0.94008852592107,0.94008852592107,"gpath_trio"
"925","DBT","Exc L3-4 RORB CUX2",0.00735834103977091,4.91095230525686,0.172954634344086,0.974212511625671,0.986238016059407,0.986238016059407,"gpath_trio"
"926","RTCA-AS1","Exc L3-4 RORB CUX2",-0.0601738722363465,-0.0323431125366979,0.457477155032891,0.649230663249735,0.769623869267489,0.769623869267489,"gpath_trio"
"927","RTCA","Exc L3-4 RORB CUX2",-0.082072514623255,4.52300659690839,11.8028031532811,0.000688269228234483,0.00308436954234356,0.00308436954234356,"gpath_trio"
"928","GPR88","Exc L3-4 RORB CUX2",-0.0201082332267806,2.14766468873736,0.135532059271397,0.713063321354021,0.820745696726152,0.820745696726152,"gpath_trio"
"929","LINC01349","Exc L3-4 RORB CUX2",0.1404643457843,-0.454766698374189,1.61435866242232,0.205015886235314,0.331895148607553,0.331895148607553,"gpath_trio"
"930","EXTL2","Exc L3-4 RORB CUX2",-0.0184193545353428,5.81830210817618,0.382274928442538,0.536929464682652,0.675851756299757,0.675851756299757,"gpath_trio"
"931","AC104506.1","Exc L3-4 RORB CUX2",0.0406999713918248,0.298390423465417,0.216152887437109,0.642376103837955,0.764057180458126,0.764057180458126,"gpath_trio"
"932","SLC30A7","Exc L3-4 RORB CUX2",0.0571550291614918,5.84893596378252,15.1115501305118,0.000128706772530734,0.000724847085663522,0.000724847085663522,"gpath_trio"
"933","DPH5","Exc L3-4 RORB CUX2",0.0668298297257062,3.61559526819812,5.71860261317638,0.0174974860930547,0.046961790864358,0.046961790864358,"gpath_trio"
"934","AC093157.1","Exc L3-4 RORB CUX2",0.05395842073959,3.8233286503024,3.41544967157537,0.065724382117854,0.137294409735732,0.137294409735732,"gpath_trio"
"935","LINC01709","Exc L3-4 RORB CUX2",-0.254068101273373,0.177686572443738,8.3275168478873,0.00423259573286718,0.014409824318359,0.014409824318359,"gpath_trio"
"936","OLFM3","Exc L3-4 RORB CUX2",0.179350487627774,9.42645668253248,105.09655295122,6.22143720799864e-21,2.85267035616756e-18,2.85267035616756e-18,"gpath_trio"
"937","AC114485.1","Exc L3-4 RORB CUX2",0.000283661951576596,0.268201004832426,7.52181941946841e-05,0.993086810393676,0.996643605416725,0.996643605416725,"gpath_trio"
"938","AC099567.1","Exc L3-4 RORB CUX2",-0.119614912609658,-1.21522196884283,0.70948472131504,0.400389035169779,0.548692350533235,0.548692350533235,"gpath_trio"
"939","COL11A1","Exc L3-4 RORB CUX2",0.0847931645768569,6.04341223243909,3.1461049698638,0.0772788513817925,0.156238182846745,0.156238182846745,"gpath_trio"
"940","AC095032.2","Exc L3-4 RORB CUX2",-0.346267121183909,-0.237701543568035,7.35351016529843,0.00713945269518861,0.0223246215321497,0.0223246215321497,"gpath_trio"
"941","RNPC3","Exc L3-4 RORB CUX2",0.0371760558830006,7.12856827748318,1.83481342800338,0.176735958193059,0.29619936505607,0.29619936505607,"gpath_trio"
"942","AMY2B","Exc L3-4 RORB CUX2",0.00158056769361052,5.6967493115424,0.0043327746072035,0.947568678862402,0.974448147491389,0.974448147491389,"gpath_trio"
"943","AMY2A","Exc L3-4 RORB CUX2",-0.155908549902384,-0.272903949686231,1.93659417612808,0.165228204735445,0.280832268790026,0.280832268790026,"gpath_trio"
"944","LINC01676","Exc L3-4 RORB CUX2",0.0753463348508179,0.989608605229152,1.4277740150527,0.233216860570907,0.365391796382546,0.365391796382546,"gpath_trio"
"945","AL355306.2","Exc L3-4 RORB CUX2",-0.204391753474057,-0.312155315835047,3.68122332498551,0.0561233539945108,0.120772171923451,0.120772171923451,"gpath_trio"
"946","PRMT6","Exc L3-4 RORB CUX2",-0.100761369007901,1.40580934333757,3.64958121989678,0.0571833182935664,0.122535682057642,0.122535682057642,"gpath_trio"
"947","NTNG1","Exc L3-4 RORB CUX2",0.0910898334317666,8.50160373235614,16.4344893738635,6.65837589733862e-05,0.000411558620492668,0.000411558620492668,"gpath_trio"
"948","VAV3","Exc L3-4 RORB CUX2",0.00831046085072452,4.29674420428311,0.00545261528585671,0.941193021451725,0.9714917596091,0.9714917596091,"gpath_trio"
"949","VAV3-AS1","Exc L3-4 RORB CUX2",-0.261215815312971,-0.215859592415794,6.115424576938,0.0140406566854701,0.0392449776433028,0.0392449776433028,"gpath_trio"
"950","SLC25A24","Exc L3-4 RORB CUX2",0.0831033683506382,4.56302997249058,5.59152188511568,0.0187826749102324,0.0497131921220734,0.0497131921220734,"gpath_trio"
"951","AL359258.2","Exc L3-4 RORB CUX2",-0.296564550977543,-0.0906330140128596,11.2600798875593,0.00091014787829888,0.00390768960303893,0.00390768960303893,"gpath_trio"
"952","FAM102B","Exc L3-4 RORB CUX2",0.0341611646546206,6.0018240457098,3.75595401505278,0.0537023184192952,0.116587138072666,0.116587138072666,"gpath_trio"
"953","HENMT1","Exc L3-4 RORB CUX2",-0.0282678812415584,2.52815904723446,0.446832255291656,0.739163920934853,0.840811462836077,0.840811462836077,"gpath_trio"
"954","PRPF38B","Exc L3-4 RORB CUX2",0.0619588891077482,5.39242698078442,4.11235661736862,0.043590698837386,0.0986917684933523,0.0986917684933523,"gpath_trio"
"955","FNDC7","Exc L3-4 RORB CUX2",-0.0762317269955685,-0.920787646728897,0.38409171162307,0.535964243252303,0.675100971930396,0.675100971930396,"gpath_trio"
"956","STXBP3","Exc L3-4 RORB CUX2",0.0193006682865599,4.83626026822825,0.807468938160372,0.369701006695188,0.518146426542231,0.518146426542231,"gpath_trio"
"957","AKNAD1","Exc L3-4 RORB CUX2",-0.127735756112497,0.321494656813086,3.41719841297713,0.0656557400979326,0.13716522278925,0.13716522278925,"gpath_trio"
"958","AL449266.1","Exc L3-4 RORB CUX2",0.0587698558154245,4.66266375443002,5.19477004254153,0.0234657683867418,0.0594153962352556,0.0594153962352556,"gpath_trio"
"959","GPSM2","Exc L3-4 RORB CUX2",-0.088783817644639,3.62916277292658,3.71568907143982,0.0549926185571035,0.118876682673263,0.118876682673263,"gpath_trio"
"960","WDR47","Exc L3-4 RORB CUX2",-0.035687179054379,6.06101452117103,5.32802085628269,0.0217703097333884,0.0560582002388145,0.0560582002388145,"gpath_trio"
"961","TAF13","Exc L3-4 RORB CUX2",-0.142778338614825,4.06904056767188,25.751565114051,7.40048234580929e-07,7.90390319357874e-06,7.90390319357874e-06,"gpath_trio"
"962","AL356488.3","Exc L3-4 RORB CUX2",-0.0048615215910327,1.48643186580087,0.00641724875251829,0.936213196294097,0.969256646372725,0.969256646372725,"gpath_trio"
"963","TMEM167B","Exc L3-4 RORB CUX2",0.00665579549227736,4.16710459319257,0.0517979110649826,0.820142656233634,0.896959742565092,0.896959742565092,"gpath_trio"
"964","C1orf194","Exc L3-4 RORB CUX2",-0.146411688497094,0.75089868292593,3.97326457698075,0.0472729859655143,0.105396451746519,0.105396451746519,"gpath_trio"
"965","KIAA1324","Exc L3-4 RORB CUX2",0.0481665911509529,6.28623689526628,5.71465792042836,0.0175359729397761,0.0470338013905853,0.0470338013905853,"gpath_trio"
"966","SARS","Exc L3-4 RORB CUX2",-0.0808195737238696,5.5118926869957,15.257828072052,0.000119626003930821,0.000681189565143752,0.000681189565143752,"gpath_trio"
"967","CELSR2","Exc L3-4 RORB CUX2",-0.0448941486173248,5.71502476310965,3.21282548361643,0.0742256940596474,0.151339401480888,0.151339401480888,"gpath_trio"
"968","PSRC1","Exc L3-4 RORB CUX2",-0.109885203272139,4.94731778254597,9.27890685623824,0.00255650034432866,0.00942150792647889,0.00942150792647889,"gpath_trio"
"969","MYBPHL","Exc L3-4 RORB CUX2",0.138217258641447,2.71230233640936,4.6184041109022,0.0325539685098232,0.0778447688379379,0.0778447688379379,"gpath_trio"
"970","SORT1","Exc L3-4 RORB CUX2",0.0656781974093794,7.47639201006739,13.8068546294362,0.000248026131891545,0.00128867556294409,0.00128867556294409,"gpath_trio"
"971","PSMA5","Exc L3-4 RORB CUX2",-0.147643333358452,4.67593814925072,45.1788745065606,1.1329560208322e-10,3.14406983772899e-09,3.14406983772899e-09,"gpath_trio"
"972","ATXN7L2","Exc L3-4 RORB CUX2",0.0189454908896836,2.67976128205019,0.249966501358452,0.617521525426131,0.743524515127249,0.743524515127249,"gpath_trio"
"973","CYB561D1","Exc L3-4 RORB CUX2",-0.00204117983452242,4.21076199285162,0.00501741132056499,0.943584571603871,0.972556387662619,0.972556387662619,"gpath_trio"
"974","AMIGO1","Exc L3-4 RORB CUX2",-0.0530089689161934,3.9914877542533,3.2091391176473,0.0743909363429088,0.151630343576297,0.151630343576297,"gpath_trio"
"975","GPR61","Exc L3-4 RORB CUX2",0.0355764771809684,3.12238591761475,0.899862433190715,0.343699447483299,0.49049560394536,0.49049560394536,"gpath_trio"
"976","GNAI3","Exc L3-4 RORB CUX2",0.0804714301478064,5.46590225499645,18.2979431934493,2.65654337434972e-05,0.000184812974405192,0.000184812974405192,"gpath_trio"
"977","GNAT2","Exc L3-4 RORB CUX2",-0.135824745191724,-0.983047202117203,1.165989570213,0.281227434588032,0.422186434467858,0.422186434467858,"gpath_trio"
"978","AMPD2","Exc L3-4 RORB CUX2",0.0138812233016924,4.23914703420784,0.259109085794158,0.611164578505695,0.738682077352902,0.738682077352902,"gpath_trio"
"979","GSTM4","Exc L3-4 RORB CUX2",-0.111104105462888,2.68401292425614,7.98007219088239,0.00509615227047097,0.0168742609645087,0.0168742609645087,"gpath_trio"
"980","GSTM2","Exc L3-4 RORB CUX2",0.167393423920152,-0.710167725906178,2.11401850322705,0.147161603605952,0.257679686925021,0.257679686925021,"gpath_trio"
"981","GSTM3","Exc L3-4 RORB CUX2",-0.0771377523939704,4.03974658611796,2.40779283733082,0.1219488114473,0.223036648621999,0.223036648621999,"gpath_trio"
"982","LINC01768","Exc L3-4 RORB CUX2",0.0662325715886019,-0.698039778970234,0.337158570262965,0.59611839120337,0.72599887056438,0.72599887056438,"gpath_trio"
"983","AHCYL1","Exc L3-4 RORB CUX2",-0.0296105018335197,5.92994183403717,2.02108405258121,0.156326717960321,0.269632515589422,0.269632515589422,"gpath_trio"
"984","STRIP1","Exc L3-4 RORB CUX2",-0.0233264179217514,4.66940193972318,1.01620460888145,0.314358186323357,0.459079001742579,0.459079001742579,"gpath_trio"
"985","ALX3","Exc L3-4 RORB CUX2",-0.0398161952230455,-1.48163356719619,0.0477488528647428,0.827199202376923,0.901120081423025,0.901120081423025,"gpath_trio"
"986","LINC01397","Exc L3-4 RORB CUX2",-0.0797102318579189,-0.818142892210491,0.407121833124401,0.5239955240147,0.664379694381384,0.664379694381384,"gpath_trio"
"987","SLC6A17","Exc L3-4 RORB CUX2",-0.0656947795663335,6.60056029073225,10.6940480102852,0.00121993261948999,0.00501981248178881,0.00501981248178881,"gpath_trio"
"988","AL355990.1","Exc L3-4 RORB CUX2",-0.356199392639021,-0.910035986514079,7.29215887762825,0.00738034028289039,0.0229427373200791,0.0229427373200791,"gpath_trio"
"989","KCNC4","Exc L3-4 RORB CUX2",-0.0456722544768646,4.99490780232817,3.7565937666235,0.0536820797564569,0.116568287491822,0.116568287491822,"gpath_trio"
"990","RBM15-AS1","Exc L3-4 RORB CUX2",0.174104330589231,1.79688323907258,10.7319776572041,0.00119615862677824,0.00494214628205017,0.00494214628205017,"gpath_trio"
"991","RBM15","Exc L3-4 RORB CUX2",0.0192693888210466,3.14629469784874,0.394460976866326,0.530515050655672,0.670370859763132,0.670370859763132,"gpath_trio"
"992","SLC16A4","Exc L3-4 RORB CUX2",-0.0118780263470832,2.78053969942675,0.0905065598079069,0.763774583306416,0.8591728141319,0.8591728141319,"gpath_trio"
"993","AL355488.1","Exc L3-4 RORB CUX2",0.0419273526067945,2.43980269265007,1.05886989916984,0.304429365985976,0.4484093201991,0.4484093201991,"gpath_trio"
"994","LAMTOR5","Exc L3-4 RORB CUX2",-0.302442929911638,4.35387383707442,136.702452466211,1.17022283859555e-25,2.14629506987865e-22,2.14629506987865e-22,"gpath_trio"
"995","KCNA2","Exc L3-4 RORB CUX2",0.019962849992682,5.81602314338065,0.257827975415593,0.612046768225039,0.739251581824179,0.739251581824179,"gpath_trio"
"996","AL365361.1","Exc L3-4 RORB CUX2",0.0335821854685789,3.77375883440329,0.792946934516072,0.374033740838737,0.522310271220713,0.522310271220713,"gpath_trio"
"997","KCNA3","Exc L3-4 RORB CUX2",0.0425400789364976,-0.279889297417004,0.180077520734862,0.907431818189873,0.952718408200494,0.952718408200494,"gpath_trio"
"998","CD53","Exc L3-4 RORB CUX2",-0.131850183767438,3.98016401231388,2.0560000746504,0.152809178820216,0.265015488927865,0.265015488927865,"gpath_trio"
"999","AL360270.1","Exc L3-4 RORB CUX2",-0.147495828686479,0.433226305095136,1.76198723478001,0.185541168013284,0.307473271837029,0.307473271837029,"gpath_trio"
"1000","LRIF1","Exc L3-4 RORB CUX2",0.00269753966146931,4.36636672202755,0.00929912634530443,0.923251781706145,0.961119309313213,0.961119309313213,"gpath_trio"
"1001","DRAM2","Exc L3-4 RORB CUX2",0.0188396142856579,4.20153591447908,0.474606722859698,0.575882395753189,0.709370405774599,0.709370405774599,"gpath_trio"
"1002","CEPT1","Exc L3-4 RORB CUX2",0.0409399879404419,5.20601141445257,5.0226293982577,0.0258624542965251,0.0643657292457181,0.0643657292457181,"gpath_trio"
"1003","DENND2D","Exc L3-4 RORB CUX2",-0.132409178018969,-0.42300033076594,1.4338298262505,0.232230941927419,0.364215369027369,0.364215369027369,"gpath_trio"
"1004","PIFO","Exc L3-4 RORB CUX2",-0.0993074238907347,-0.45391586779172,1.17754930761474,0.27886058285413,0.419538572638484,0.419538572638484,"gpath_trio"
"1005","OVGP1","Exc L3-4 RORB CUX2",0.0181264248977282,3.66859303383017,0.294717690865823,0.587678121228635,0.719408377270493,0.719408377270493,"gpath_trio"
"1006","WDR77","Exc L3-4 RORB CUX2",-0.0905172046616096,2.71787807474593,7.20152400423825,0.00775161125245063,0.023936635892754,0.023936635892754,"gpath_trio"
"1007","ATP5PB","Exc L3-4 RORB CUX2",-0.119751399969741,4.93645992323368,34.239733880933,1.46111360667866e-08,2.43418389882263e-07,2.43418389882263e-07,"gpath_trio"
"1008","C1orf162","Exc L3-4 RORB CUX2",-0.0375272475365422,2.04350848374277,0.526807566201339,0.486500052849318,0.629983219912388,0.629983219912388,"gpath_trio"
"1009","RAP1A","Exc L3-4 RORB CUX2",0.0608433411847024,6.24467247375825,17.958069828151,3.13875736080788e-05,0.000214513650929197,0.000214513650929197,"gpath_trio"
"1010","INKA2","Exc L3-4 RORB CUX2",0.0296619800085744,4.07189497794292,0.71942219418666,0.397113659642447,0.545277893097827,0.545277893097827,"gpath_trio"
"1011","AL049557.1","Exc L3-4 RORB CUX2",-0.0267300775373654,0.223372876252578,0.113798487069468,0.736132536783908,0.838234632272308,0.838234632272308,"gpath_trio"
"1012","DDX20","Exc L3-4 RORB CUX2",-0.0701506574687864,2.97051968770644,5.14774582889528,0.0240965089907464,0.0607304270941048,0.0607304270941048,"gpath_trio"
"1013","KCND3","Exc L3-4 RORB CUX2",0.0969984713947288,7.98472199223282,26.550271697064,5.08246691412042e-07,5.66199723867363e-06,5.66199723867363e-06,"gpath_trio"
"1014","LINC01750","Exc L3-4 RORB CUX2",0.0780288093822174,2.65108748724474,3.65800936244628,0.0568989153465893,0.122094832707662,0.122094832707662,"gpath_trio"
"1015","AL445426.1","Exc L3-4 RORB CUX2",-0.0462049152897956,1.8661112848521,1.08653621942688,0.298208172053628,0.441404979543796,0.441404979543796,"gpath_trio"
"1016","CTTNBP2NL","Exc L3-4 RORB CUX2",-0.0271900657143052,5.39974938325944,1.49242367012888,0.222947261233507,0.35314132019989,0.35314132019989,"gpath_trio"
"1017","WNT2B","Exc L3-4 RORB CUX2",0.00700227972803352,3.59335855965941,0.0197702080496734,0.888289623630625,0.941515380597796,0.941515380597796,"gpath_trio"
"1018","AL354760.1","Exc L3-4 RORB CUX2",-0.0105876438735876,0.453732625601933,0.0180169762420441,0.893326655406242,0.944693640466555,0.944693640466555,"gpath_trio"
"1019","ST7L","Exc L3-4 RORB CUX2",0.0950969801124709,5.63026141311819,29.4910618834373,1.28945409407956e-07,1.68707758417997e-06,1.68707758417997e-06,"gpath_trio"
"1020","CAPZA1","Exc L3-4 RORB CUX2",-0.0340693753513761,5.64326564500345,4.32917026363043,0.0384435849882256,0.0892930378928681,0.0892930378928681,"gpath_trio"
"1021","MOV10","Exc L3-4 RORB CUX2",0.0716509274315351,2.29919838671814,1.66197147958945,0.198483064043844,0.323613691375833,0.323613691375833,"gpath_trio"
"1022","FAM19A3","Exc L3-4 RORB CUX2",-0.0368093505486653,-0.928046385799642,0.0888333958626924,0.954623697243193,0.977591649757952,0.977591649757952,"gpath_trio"
"1023","LINC01356","Exc L3-4 RORB CUX2",0.0950910663545375,0.668521364705425,1.83916814095579,0.176225012132824,0.295588594926815,0.295588594926815,"gpath_trio"
"1024","AL390729.1","Exc L3-4 RORB CUX2",0.104099905296231,4.186042072129,9.86056963961334,0.00188359187901886,0.00724665639954337,0.00724665639954337,"gpath_trio"
"1025","SLC16A1","Exc L3-4 RORB CUX2",-0.0312716783475393,3.20846030046305,0.76783813963836,0.381695508674841,0.529958798160703,0.529958798160703,"gpath_trio"
"1026","SLC16A1-AS1","Exc L3-4 RORB CUX2",0.165465143061232,7.00992859597125,66.4254084945207,1.54199199740942e-14,1.12716262854112e-12,1.12716262854112e-12,"gpath_trio"
"1027","AL357055.3","Exc L3-4 RORB CUX2",-0.143288849152294,3.61493585838475,19.5666065482758,1.4295284098341e-05,0.000108225441293048,0.000108225441293048,"gpath_trio"
"1028","LRIG2","Exc L3-4 RORB CUX2",-0.0149848311569139,5.20977130761039,0.770866875418532,0.602129006514625,0.730967730094023,0.730967730094023,"gpath_trio"
"1029","MAGI3","Exc L3-4 RORB CUX2",0.0907638307464446,7.79410745093956,23.0358207532869,2.68450532952582e-06,2.4821216784227e-05,2.4821216784227e-05,"gpath_trio"
"1030","PHTF1","Exc L3-4 RORB CUX2",0.0223420905891143,6.75461111289355,1.01600960417683,0.314404531659846,0.459113450075086,0.459113450075086,"gpath_trio"
"1031","RSBN1","Exc L3-4 RORB CUX2",0.00110896873321486,5.61693907745251,0.00390023908102435,0.950250951611427,0.975639335814786,0.975639335814786,"gpath_trio"
"1032","AL137856.1","Exc L3-4 RORB CUX2",0.197094303958299,0.297773352324104,6.66529358995738,0.0103789116720688,0.0305017542584104,0.0305017542584104,"gpath_trio"
"1033","PTPN22","Exc L3-4 RORB CUX2",0.00844330713411539,2.00648898991155,0.0291814257399245,0.864493665411256,0.92644001379327,0.92644001379327,"gpath_trio"
"1034","AP4B1-AS1","Exc L3-4 RORB CUX2",-0.135841091867174,2.05749597011326,6.63615771420154,0.0105456292022132,0.0309365354080154,0.0309365354080154,"gpath_trio"
"1035","BCL2L15","Exc L3-4 RORB CUX2",-0.0404028102491792,1.18682956509388,0.468311121820347,0.494374662985747,0.637887492052791,0.637887492052791,"gpath_trio"
"1036","AP4B1","Exc L3-4 RORB CUX2",-0.0139024651760977,3.80611344507187,0.20239363783866,0.876607204678167,0.934112415062695,0.934112415062695,"gpath_trio"
"1037","DCLRE1B","Exc L3-4 RORB CUX2",-0.0751270571592691,0.644800201933794,1.50972495195538,0.220291996960919,0.350338249935877,0.350338249935877,"gpath_trio"
"1038","HIPK1-AS1","Exc L3-4 RORB CUX2",0.0982790207848863,0.571532978475135,2.15240201405238,0.143555547302422,0.252593159499945,0.252593159499945,"gpath_trio"
"1039","HIPK1","Exc L3-4 RORB CUX2",0.0121803184253886,5.24919181670752,0.370136858748392,0.653645679099609,0.77331270602443,0.77331270602443,"gpath_trio"
"1040","OLFML3","Exc L3-4 RORB CUX2",0.390135908086379,-0.998218332857696,3.77125560415276,0.0532204702650808,0.115790249929689,0.115790249929689,"gpath_trio"
"1041","TRIM33","Exc L3-4 RORB CUX2",-0.00257267595931646,7.10316247421571,0.0332365745518551,0.855482289367206,0.920002100552925,0.920002100552925,"gpath_trio"
"1042","BCAS2","Exc L3-4 RORB CUX2",-0.152268538083297,4.46540051471603,41.9967995108302,4.55955925874013e-10,1.08477721751276e-08,1.08477721751276e-08,"gpath_trio"
"1043","DENND2C","Exc L3-4 RORB CUX2",-0.004310469911177,0.753697565319279,0.00288614089965164,0.957197259238556,0.978696255961244,0.978696255961244,"gpath_trio"
"1044","AMPD1","Exc L3-4 RORB CUX2",0.0823761472415806,0.174943584477433,0.319014488866827,0.572687473073874,0.707140569757354,0.707140569757354,"gpath_trio"
"1045","NRAS","Exc L3-4 RORB CUX2",-0.0805973710749778,2.85097550434365,5.09493231475154,0.0248260585649071,0.0622425415119922,0.0622425415119922,"gpath_trio"
"1046","CSDE1","Exc L3-4 RORB CUX2",-0.0541794680718649,6.47437390166139,15.6145294590233,0.000100109260711433,0.000584405189482973,0.000584405189482973,"gpath_trio"
"1047","SIKE1","Exc L3-4 RORB CUX2",-0.0605081608789483,3.84126299508984,5.25649925814287,0.0226638350441539,0.0578861719224971,0.0578861719224971,"gpath_trio"
"1048","SYCP1","Exc L3-4 RORB CUX2",-0.0565246971707795,-0.131202970939983,0.40301940281487,0.540927234031913,0.67944259410994,0.67944259410994,"gpath_trio"
"1049","TSPAN2","Exc L3-4 RORB CUX2",0.566314910705938,-0.751588035278614,8.51760331548724,0.00382515727782068,0.01322126915882,0.01322126915882,"gpath_trio"
"1050","AL512638.2","Exc L3-4 RORB CUX2",0.0387266330652933,-0.915997333785167,0.0785086660779695,0.779551481601939,0.870410711235769,0.870410711235769,"gpath_trio"
"1051","VANGL1","Exc L3-4 RORB CUX2",0.10482972329528,0.280639951159721,1.68199473235928,0.286198101335824,0.427897339147046,0.427897339147046,"gpath_trio"
"1052","CASQ2","Exc L3-4 RORB CUX2",0.0267449057370305,-0.607136908624005,0.0557465885088298,0.813535405664032,0.892451569206233,0.892451569206233,"gpath_trio"
"1053","NHLH2","Exc L3-4 RORB CUX2",0.0975492122887557,-0.171209678865267,0.46550655064633,0.495669028549346,0.639062379865051,0.639062379865051,"gpath_trio"
"1054","LINC01649","Exc L3-4 RORB CUX2",-0.242238636671094,-0.751990620709428,3.8556863134699,0.0506432269560081,0.111335632977821,0.111335632977821,"gpath_trio"
"1055","SLC22A15","Exc L3-4 RORB CUX2",0.106378394636531,6.03049834067348,16.5218038834273,6.37624934038215e-05,0.000396794665151789,0.000396794665151789,"gpath_trio"
"1056","MAB21L3","Exc L3-4 RORB CUX2",0.0259064659884698,0.285119905737946,0.0546961703990663,0.815268292282858,0.89353336572958,0.89353336572958,"gpath_trio"
"1057","ATP1A1","Exc L3-4 RORB CUX2",-0.089809317586092,7.80372705098803,17.0934128024555,4.80541350097982e-05,0.000311533474878753,0.000311533474878753,"gpath_trio"
"1058","LINC01762","Exc L3-4 RORB CUX2",0.218637543038506,1.47368312131828,8.40372358250808,0.00406416056521841,0.0139209574538678,0.0139209574538678,"gpath_trio"
"1059","AL390066.1","Exc L3-4 RORB CUX2",0.362058489138736,-0.378762466707309,11.0999534005181,0.000988627825835305,0.00420349133534821,0.00420349133534821,"gpath_trio"
"1060","CD58","Exc L3-4 RORB CUX2",0.0560496510083559,2.91543988817467,1.39755284753504,0.238213733741308,0.371575852654313,0.371575852654313,"gpath_trio"
"1061","IGSF3","Exc L3-4 RORB CUX2",0.0438601233240819,4.73710419798986,2.85075411470281,0.0925300367102525,0.179617896108064,0.179617896108064,"gpath_trio"
"1062","PTGFRN","Exc L3-4 RORB CUX2",0.0670589655819649,4.53983279678542,5.0396222189681,0.0256148797179409,0.0639078439446794,0.0639078439446794,"gpath_trio"
"1063","CD101","Exc L3-4 RORB CUX2",0.0146727224945186,1.43593878220305,0.0590687137251996,0.808165602339879,0.889157958812372,0.889157958812372,"gpath_trio"
"1064","AL445231.1","Exc L3-4 RORB CUX2",-0.0657507427181229,0.465324184653535,0.784689165988744,0.993669092874735,0.99676763759079,0.99676763759079,"gpath_trio"
"1065","TTF2","Exc L3-4 RORB CUX2",0.0488759631096302,4.57994889924417,1.96412722640958,0.162265138962123,0.277056463994654,0.277056463994654,"gpath_trio"
"1066","TRIM45","Exc L3-4 RORB CUX2",-0.0605124715356694,1.7888818329042,1.60795796967043,0.360052476306364,0.507905097852111,0.507905097852111,"gpath_trio"
"1067","VTCN1","Exc L3-4 RORB CUX2",-0.259826729481064,-0.415992529458339,6.90771904153221,0.00909292700162834,0.0273381289460522,0.0273381289460522,"gpath_trio"
"1068","AL358072.1","Exc L3-4 RORB CUX2",0.220636527345341,-0.574375152541301,4.03675811632569,0.0455527656554166,0.102409967361046,0.102409967361046,"gpath_trio"
"1069","MAN1A2","Exc L3-4 RORB CUX2",0.0882702527428674,7.76811890535575,36.1116172586001,6.2667345286928e-09,1.15357088609833e-07,1.15357088609833e-07,"gpath_trio"
"1070","TENT5C","Exc L3-4 RORB CUX2",0.306714096345411,-1.39950340194321,3.69939356276545,0.0555241740599273,0.119761984650048,0.119761984650048,"gpath_trio"
"1071","GDAP2","Exc L3-4 RORB CUX2",0.0783384020091125,5.30081893709269,20.5925449990935,8.68916906818517e-06,6.98144109719776e-05,6.98144109719776e-05,"gpath_trio"
"1072","WDR3","Exc L3-4 RORB CUX2",-0.0210756560863368,3.86157627183392,0.6445323003722,0.422807579732884,0.571112943298803,0.571112943298803,"gpath_trio"
"1073","SPAG17","Exc L3-4 RORB CUX2",-0.0308931019282528,1.95190652115902,0.148596534646768,0.700195367641799,0.81084515876509,0.81084515876509,"gpath_trio"
"1074","TBX15","Exc L3-4 RORB CUX2",-0.0697380594145098,-0.951987887882249,0.296319984555425,0.586665233783646,0.718463705935721,0.718463705935721,"gpath_trio"
"1075","WARS2","Exc L3-4 RORB CUX2",0.0239020843195096,3.86974353294395,0.681750521498901,0.409741541804836,0.557984178596866,0.557984178596866,"gpath_trio"
"1076","AL359915.2","Exc L3-4 RORB CUX2",0.103591391819023,5.44131880936729,5.47725204443803,0.0200221413304062,0.0523857737441246,0.0523857737441246,"gpath_trio"
"1077","AL359915.1","Exc L3-4 RORB CUX2",0.0183987906921032,3.78003429809518,0.0553824822857668,0.81413410882739,0.892945269213085,0.892945269213085,"gpath_trio"
"1078","LINC01780","Exc L3-4 RORB CUX2",-0.00377743533351175,-0.667022673600904,0.00178084966082868,0.966371559395659,0.982613134277313,0.982613134277313,"gpath_trio"
"1079","HSD3B1","Exc L3-4 RORB CUX2",0.0850775321786077,-1.03586653710413,0.346227247266025,0.556767378507168,0.693278885954117,0.693278885954117,"gpath_trio"
"1080","ZNF697","Exc L3-4 RORB CUX2",0.0967208135137227,4.3619084589153,10.5820083172235,0.00129300929006602,0.00527425443329597,0.00527425443329597,"gpath_trio"
"1081","PHGDH","Exc L3-4 RORB CUX2",0.286987984347299,-0.637066550305601,1.81992845738669,0.178495455717758,0.29852821181346,0.29852821181346,"gpath_trio"
"1082","NOTCH2","Exc L3-4 RORB CUX2",0.14704670430318,1.96603306746416,1.55101139835659,0.21410735898337,0.342752206159927,0.342752206159927,"gpath_trio"
"1083","SEC22B","Exc L3-4 RORB CUX2",0.0370735638008808,5.09061024757162,5.04797538017137,0.0254940889648233,0.0636799857453646,0.0636799857453646,"gpath_trio"
"1084","NBPF26","Exc L3-4 RORB CUX2",0.22854573651567,2.71120508949729,5.82774837900778,0.0164666615244006,0.0446885789958006,0.0446885789958006,"gpath_trio"
"1085","LINC00623","Exc L3-4 RORB CUX2",-0.00169620791062867,6.17497265467767,0.00475811499905581,0.945059281720434,0.973231126982275,0.973231126982275,"gpath_trio"
"1086","AC244453.3","Exc L3-4 RORB CUX2",-0.0136669918685484,1.61786948961035,0.0656822940311761,0.893319809533318,0.944693640466555,0.944693640466555,"gpath_trio"
"1087","AC244453.1","Exc L3-4 RORB CUX2",-0.00258210250318313,1.49345497662718,0.00228113512205863,0.961943200292609,0.980211327132855,0.980211327132855,"gpath_trio"
"1088","SRGAP2C","Exc L3-4 RORB CUX2",-0.0651683957613013,5.05909083891206,6.02231768423136,0.0147824282346114,0.0409833021345725,0.0409833021345725,"gpath_trio"
"1089","SRGAP2-AS1","Exc L3-4 RORB CUX2",-0.230021543077411,0.76463921330954,10.7783975376536,0.00116770425608471,0.00484442388782832,0.00484442388782832,"gpath_trio"
"1090","AC244021.1","Exc L3-4 RORB CUX2",0.0848417353984216,5.26394215431526,5.58202594658298,0.0188825670296906,0.0499286749441688,0.0499286749441688,"gpath_trio"
"1091","AL592494.3","Exc L3-4 RORB CUX2",-0.0587335441642402,-0.078572235385068,0.416785368843786,0.519114771676177,0.660016417857757,0.660016417857757,"gpath_trio"
"1092","AC239800.2","Exc L3-4 RORB CUX2",0.0387456980313217,0.0917007508336277,0.236123306986499,0.627429453716533,0.751831691529336,0.751831691529336,"gpath_trio"
"1093","AC239800.3","Exc L3-4 RORB CUX2",-0.0357174360466957,2.82624700527193,0.713224953523074,0.399151671324376,0.547261643707405,0.547261643707405,"gpath_trio"
"1094","AC246680.1","Exc L3-4 RORB CUX2",-0.0481082525335308,-0.0825735724366184,0.304492465311771,0.581553610646387,0.714197960481547,0.714197960481547,"gpath_trio"
"1095","AC245595.1","Exc L3-4 RORB CUX2",-0.0111457963615117,-0.357818369967279,0.0103307084329088,0.91949175694478,0.959599542197158,0.959599542197158,"gpath_trio"
"1096","AC246785.3","Exc L3-4 RORB CUX2",-0.19124518188539,0.295806916471932,5.33360943110114,0.0217020562268642,0.055939566165451,0.055939566165451,"gpath_trio"
"1097","NBPF15","Exc L3-4 RORB CUX2",0.0826211725300233,4.62323806445039,4.66633412744596,0.0316734884473029,0.076063876850891,0.076063876850891,"gpath_trio"
"1098","LINC01632","Exc L3-4 RORB CUX2",0.183729532359282,3.43893449411529,5.57578242016787,0.0189485464442842,0.0500834435364122,0.0500834435364122,"gpath_trio"
"1099","FP700111.1","Exc L3-4 RORB CUX2",0.0158702542433928,8.04616335257999,0.25662059323063,0.612880716228314,0.739702587335859,0.739702587335859,"gpath_trio"
"1100","SRGAP2B","Exc L3-4 RORB CUX2",-0.0279337730793301,5.01739561146299,0.99126321160564,0.320359491370932,0.465685765430403,0.465685765430403,"gpath_trio"
"1101","NBPF20","Exc L3-4 RORB CUX2",-0.0686015191530431,3.01297329036718,3.35616386649238,0.0680977176543187,0.141214046014583,0.141214046014583,"gpath_trio"
"1102","GPR89A","Exc L3-4 RORB CUX2",0.0563626620593815,5.14565440011195,4.55848981750581,0.0336909086728933,0.0800794159372787,0.0800794159372787,"gpath_trio"
"1103","PDZK1","Exc L3-4 RORB CUX2",-0.266073324024377,2.21263162594796,26.31630273533,5.67300958709018e-07,6.24548619829446e-06,6.24548619829446e-06,"gpath_trio"
"1104","CD160","Exc L3-4 RORB CUX2",-0.357666973271339,-0.755027376456826,9.34243502712204,0.00247237604520782,0.00916578219626384,0.00916578219626384,"gpath_trio"
"1105","RNF115","Exc L3-4 RORB CUX2",0.0285703385781776,7.2835731630858,2.46262329830349,0.117800074967386,0.216983156438145,0.216983156438145,"gpath_trio"
"1106","POLR3C","Exc L3-4 RORB CUX2",0.0471288327028518,4.14473350385776,3.39952965169564,0.0663528356802845,0.138363665100748,0.138363665100748,"gpath_trio"
"1107","NUDT17","Exc L3-4 RORB CUX2",0.0918428565042187,0.986344150863924,2.51477440423057,0.11399918615627,0.211410385210291,0.211410385210291,"gpath_trio"
"1108","PIAS3","Exc L3-4 RORB CUX2",-0.0388389129292357,3.10659854380139,1.78206123133052,0.183064103320607,0.304402726818861,0.304402726818861,"gpath_trio"
"1109","ANKRD35","Exc L3-4 RORB CUX2",0.0211047608830566,3.63521742632419,0.509152589166582,0.476145909045155,0.620470527988648,0.620470527988648,"gpath_trio"
"1110","ITGA10","Exc L3-4 RORB CUX2",0.1169459339538,1.98152078018702,2.91079312856957,0.0891826943337019,0.17460364098811,0.17460364098811,"gpath_trio"
"1111","PEX11B","Exc L3-4 RORB CUX2",-0.187783090755275,4.06015362446377,39.6203449964586,1.30419064881862e-09,2.79047774894594e-08,2.79047774894594e-08,"gpath_trio"
"1112","RBM8A","Exc L3-4 RORB CUX2",-0.153101264925493,3.90962878947515,45.1313207930038,1.15663672496517e-10,3.20537718766104e-09,3.20537718766104e-09,"gpath_trio"
"1113","LIX1L","Exc L3-4 RORB CUX2",0.00945066460754867,3.20914594596746,0.0805552621811512,0.776772220539743,0.868461044576853,0.868461044576853,"gpath_trio"
"1114","ANKRD34A","Exc L3-4 RORB CUX2",-0.136483042001321,3.54985972830818,11.9940980698312,0.00062391505278348,0.00283310515190338,0.00283310515190338,"gpath_trio"
"1115","POLR3GL","Exc L3-4 RORB CUX2",-0.240602953239344,1.87684247520086,33.3270880954942,2.21290459016426e-08,3.51223812089137e-07,3.51223812089137e-07,"gpath_trio"
"1116","HJV","Exc L3-4 RORB CUX2",0.0551932781644522,0.295775321936384,0.449464245075596,0.710105030748796,0.818509340990513,0.818509340990513,"gpath_trio"
"1117","LINC01719","Exc L3-4 RORB CUX2",-0.0273964590549898,1.46892289501235,0.217911621765498,0.641026699372937,0.762770609036834,0.762770609036834,"gpath_trio"
"1118","NBPF10","Exc L3-4 RORB CUX2",0.0286661955443778,0.29805944948485,0.0713067214770548,0.789655286076297,0.877129075405456,0.877129075405456,"gpath_trio"
"1119","AC245407.2","Exc L3-4 RORB CUX2",0.118529829248563,-0.448743143477625,1.16315155061807,0.281812407941889,0.422970192696594,0.422970192696594,"gpath_trio"
"1120","NBPF12","Exc L3-4 RORB CUX2",0.000519236811888884,5.89575209293316,0.000195324110887775,0.988859973649547,0.994659456341205,0.994659456341205,"gpath_trio"
"1121","AC244394.2","Exc L3-4 RORB CUX2",0.258775322537482,-0.778948791842149,5.17294599683948,0.0237563255296973,0.0599779586486852,0.0599779586486852,"gpath_trio"
"1122","PRKAB2","Exc L3-4 RORB CUX2",0.017701612174889,4.74055223260727,0.567071086810257,0.687606354517314,0.80065452310609,0.80065452310609,"gpath_trio"
"1123","AC242426.2","Exc L3-4 RORB CUX2",0.0740412926068456,5.0572544280698,5.70068645222558,0.0176729959827097,0.0473088192478547,0.0473088192478547,"gpath_trio"
"1124","FMO5","Exc L3-4 RORB CUX2",-0.16377635020338,2.71570131776293,17.7520474066272,3.47329811897768e-05,0.000234282144936057,0.000234282144936057,"gpath_trio"
"1125","CHD1L","Exc L3-4 RORB CUX2",0.0135064237404174,5.50161908958049,0.381352874851999,0.537420548048319,0.676258938244548,0.676258938244548,"gpath_trio"
"1126","LINC00624","Exc L3-4 RORB CUX2",-0.0737067325662673,2.42802392008017,3.17134505787856,0.0761081789483774,0.15441296362465,0.15441296362465,"gpath_trio"
"1127","BCL9","Exc L3-4 RORB CUX2",0.0281855134270419,3.86841082978362,0.784874159587181,0.376473211883418,0.52464924015666,0.52464924015666,"gpath_trio"
"1128","ACP6","Exc L3-4 RORB CUX2",0.0473124110801409,3.80041014230086,1.55471658145523,0.213562548491368,0.342134207822102,0.342134207822102,"gpath_trio"
"1129","GPR89B","Exc L3-4 RORB CUX2",0.0915278256706905,5.22450662051302,11.8376950958152,0.000676046856260007,0.00303972483286063,0.00303972483286063,"gpath_trio"
"1130","AC239803.2","Exc L3-4 RORB CUX2",-0.159527726241649,0.285701517536584,3.28217153756669,0.0711899327007177,0.146198787890572,0.146198787890572,"gpath_trio"
"1131","AC239803.3","Exc L3-4 RORB CUX2",-0.111876146457797,-0.200281501370022,1.51802345110202,0.219031890239226,0.348725901512404,0.348725901512404,"gpath_trio"
"1132","NBPF11","Exc L3-4 RORB CUX2",-6.88302759119189e-05,5.23729693761619,4.0927463026427e-06,0.998387389076397,0.999130236836126,0.999130236836126,"gpath_trio"
"1133","AC239809.3","Exc L3-4 RORB CUX2",0.127884334538919,6.63129590825634,13.4367936851294,0.000299095712072667,0.00151007407183835,0.00151007407183835,"gpath_trio"
"1134","AC239803.1","Exc L3-4 RORB CUX2",-0.21157657317529,1.37380058395893,7.39404438114871,0.00698475089280747,0.0219429070791639,0.0219429070791639,"gpath_trio"
"1135","LINC01731","Exc L3-4 RORB CUX2",0.0176845663409551,-0.168560396779692,0.0268676756428982,0.869926486550601,0.929743437313046,0.929743437313046,"gpath_trio"
"1136","AC245100.1","Exc L3-4 RORB CUX2",0.0155070824875326,-0.184612684418075,0.0289563257782367,0.865012248643854,0.926700409748819,0.926700409748819,"gpath_trio"
"1137","AC245100.7","Exc L3-4 RORB CUX2",0.036261074565367,-0.263174773939576,0.139807434769786,0.708777241749649,0.817445884199347,0.817445884199347,"gpath_trio"
"1138","PPIAL4G","Exc L3-4 RORB CUX2",0.12631252073402,0.637577224297862,4.10540092968823,0.0437674292861081,0.0989919154537255,0.0989919154537255,"gpath_trio"
"1139","NBPF14","Exc L3-4 RORB CUX2",0.0371217442658128,2.33627611770649,0.231776130434066,0.630614898014743,0.754158599137371,0.754158599137371,"gpath_trio"
"1140","NUDT4B","Exc L3-4 RORB CUX2",-0.020329347912426,-0.486218409277479,0.0298759278668326,0.862906524941963,0.925328964638253,0.925328964638253,"gpath_trio"
"1141","PDE4DIP","Exc L3-4 RORB CUX2",0.119708253710857,9.4279547252012,31.4918682082696,5.12372290941714e-08,7.40480728492055e-07,7.40480728492055e-07,"gpath_trio"
"1142","AC239802.2","Exc L3-4 RORB CUX2",-0.48054359904184,-0.296191079328859,20.5345082923898,8.93668680410988e-06,7.16024196079853e-05,7.16024196079853e-05,"gpath_trio"
"1143","AC239804.1","Exc L3-4 RORB CUX2",-0.0983344494764235,1.04033687632061,1.59827705191632,0.207279688132585,0.334782271062296,0.334782271062296,"gpath_trio"
"1144","NBPF9","Exc L3-4 RORB CUX2",0.0647094796537202,4.63517519429078,3.48764287200606,0.0629536250070579,0.132632558951273,0.132632558951273,"gpath_trio"
"1145","AC245297.3","Exc L3-4 RORB CUX2",0.0274105092159099,6.07388691180747,0.937824567543491,0.333737880993721,0.480199492246322,0.480199492246322,"gpath_trio"
"1146","NBPF19","Exc L3-4 RORB CUX2",-0.0791823632332354,5.38405191510964,1.93667617199833,0.165219288683488,0.280832268790026,0.280832268790026,"gpath_trio"
"1147","HIST2H2BF","Exc L3-4 RORB CUX2",-0.0308322046441433,0.172987342451611,0.138172327592248,0.710407513232771,0.818717672767689,0.818717672767689,"gpath_trio"
"1148","AC239868.3","Exc L3-4 RORB CUX2",0.078114782128224,0.563340208224604,1.09139116151501,0.297133462279921,0.44029875883198,0.44029875883198,"gpath_trio"
"1149","AC239868.2","Exc L3-4 RORB CUX2",-0.175826957585517,0.187948704117268,4.58876224190198,0.0331113293295814,0.0789249845491853,0.0789249845491853,"gpath_trio"
"1150","BOLA1","Exc L3-4 RORB CUX2",-0.129024681325618,1.84063848663873,7.06227304969677,0.00835990414958968,0.0254844244902545,0.0254844244902545,"gpath_trio"
"1151","SV2A","Exc L3-4 RORB CUX2",-0.0456666078341992,7.08623417323226,5.21295258629771,0.0232265256913473,0.0589808288051346,0.0589808288051346,"gpath_trio"
"1152","SF3B4","Exc L3-4 RORB CUX2",-0.0311074611921187,2.86065486824381,0.821052863075959,0.437048744241266,0.584440804339335,0.584440804339335,"gpath_trio"
"1153","MTMR11","Exc L3-4 RORB CUX2",-0.0380539561669991,2.12797521097788,0.593137879468122,0.441907455931374,0.588771935109895,0.588771935109895,"gpath_trio"
"1154","OTUD7B","Exc L3-4 RORB CUX2",0.0669067594237839,4.90838741910198,13.2184045044752,0.000334122946864321,0.00166196510182142,0.00166196510182142,"gpath_trio"
"1155","VPS45","Exc L3-4 RORB CUX2",0.0297493008931213,6.53119070854121,4.81930811178462,0.0290267065061877,0.0707177640094599,0.0707177640094599,"gpath_trio"
"1156","PLEKHO1","Exc L3-4 RORB CUX2",-0.0107239386675328,4.72583705045601,0.207010025234858,0.649500743384318,0.769717898130792,0.769717898130792,"gpath_trio"
"1157","ANP32E","Exc L3-4 RORB CUX2",-0.0829939995745117,3.56877893711103,7.31486483531507,0.00729022836712595,0.0227080990129328,0.0227080990129328,"gpath_trio"
"1158","APH1A","Exc L3-4 RORB CUX2",-0.190252146736623,3.07664821085267,28.7685937613997,1.80305463199384e-07,2.27289631067374e-06,2.27289631067374e-06,"gpath_trio"
"1159","C1orf54","Exc L3-4 RORB CUX2",-0.0467667328785931,2.52090230484384,1.1618597880976,0.43638363676453,0.583837550551305,0.583837550551305,"gpath_trio"
"1160","CIART","Exc L3-4 RORB CUX2",0.0141622893754058,2.1529652661958,0.0561034905697914,0.812950548784194,0.89200398769354,0.89200398769354,"gpath_trio"
"1161","MRPS21","Exc L3-4 RORB CUX2",-0.18360967374287,5.68397303776329,84.0560086372412,1.51277413916606e-17,2.26075690797595e-15,2.26075690797595e-15,"gpath_trio"
"1162","PRPF3","Exc L3-4 RORB CUX2",0.0346199292531155,4.9396294594805,3.01035824646228,0.0839189513769029,0.166607443813129,0.166607443813129,"gpath_trio"
"1163","RPRD2","Exc L3-4 RORB CUX2",0.0245186470061544,7.51212209465003,3.20891985179046,0.0744007775013392,0.151635082946714,0.151635082946714,"gpath_trio"
"1164","TARS2","Exc L3-4 RORB CUX2",0.0380702600906135,4.24245131867714,2.48440699315145,0.11619558340474,0.214851608027736,0.214851608027736,"gpath_trio"
"1165","ECM1","Exc L3-4 RORB CUX2",-0.17022989599299,3.39521145004338,14.9955658475428,0.00013640166142639,0.000761878050741256,0.000761878050741256,"gpath_trio"
"1166","FALEC","Exc L3-4 RORB CUX2",-0.0559596818039924,2.86309224071578,1.41076151566321,0.236013905656196,0.36882885721253,0.36882885721253,"gpath_trio"
"1167","AL356356.1","Exc L3-4 RORB CUX2",0.131797592844857,0.97575516084991,3.61672983871534,0.0583064506084923,0.124545541665043,0.124545541665043,"gpath_trio"
"1168","MCL1","Exc L3-4 RORB CUX2",-0.0479385744983867,2.9519215077526,2.29579164286954,0.13093977723286,0.235593508041822,0.235593508041822,"gpath_trio"
"1169","ENSA","Exc L3-4 RORB CUX2",0.0002608644439812,7.12567119061142,0.000137804450001307,0.99064283924981,0.995676743977727,0.995676743977727,"gpath_trio"
"1170","GOLPH3L","Exc L3-4 RORB CUX2",0.0579279129974881,4.28989817199023,4.61679273242241,0.0325840126885936,0.0779073780507674,0.0779073780507674,"gpath_trio"
"1171","HORMAD1","Exc L3-4 RORB CUX2",0.109645112528947,1.38476890516311,2.4744838144272,0.116923450897555,0.215782164458304,0.215782164458304,"gpath_trio"
"1172","CTSS","Exc L3-4 RORB CUX2",0.0730596136774478,3.55838909718796,2.57383019316015,0.109858342309222,0.205697638616106,0.205697638616106,"gpath_trio"
"1173","CTSK","Exc L3-4 RORB CUX2",0.109267037906391,2.10919082336,5.42153817365126,0.0206570430135236,0.0536987299056615,0.0536987299056615,"gpath_trio"
"1174","ARNT","Exc L3-4 RORB CUX2",-0.00521521257065215,5.57729007505551,0.11374542956421,0.73619175111648,0.838234632272308,0.838234632272308,"gpath_trio"
"1175","CTXND2","Exc L3-4 RORB CUX2",-0.0688739287422218,-0.662846917767694,0.372105680583105,0.542391476274234,0.68090847694233,0.68090847694233,"gpath_trio"
"1176","SETDB1","Exc L3-4 RORB CUX2",0.00546528230459117,5.07268503927307,0.0919446074572912,0.761961870755819,0.857844806554701,0.857844806554701,"gpath_trio"
"1177","CERS2","Exc L3-4 RORB CUX2",0.0161949405293087,2.46985018620038,0.122571297212711,0.726545708496861,0.830908659878928,0.830908659878928,"gpath_trio"
"1178","PRUNE1","Exc L3-4 RORB CUX2",0.0141547211354188,3.58240495621209,0.350915328231154,0.55411024489962,0.690886241152771,0.690886241152771,"gpath_trio"
"1179","BNIPL","Exc L3-4 RORB CUX2",0.0800985299989364,0.870012713214766,2.14287637562641,0.144441034489517,0.253797062430413,0.253797062430413,"gpath_trio"
"1180","C1orf56","Exc L3-4 RORB CUX2",-0.149526924796957,2.67007431252674,5.54996350507034,0.0192239481575032,0.0506719563728282,0.0506719563728282,"gpath_trio"
"1181","CDC42SE1","Exc L3-4 RORB CUX2",-0.00546950541272642,4.79894557302254,0.0546477465062928,0.815348599321091,0.89353336572958,0.89353336572958,"gpath_trio"
"1182","MLLT11","Exc L3-4 RORB CUX2",-0.195505469658816,6.01883884093143,66.4257199220306,1.54179798163716e-14,1.12716262854112e-12,1.12716262854112e-12,"gpath_trio"
"1183","GABPB2","Exc L3-4 RORB CUX2",0.117395249297297,5.1834893345443,16.6096086828649,6.10474344342883e-05,0.000382888786383377,0.000382888786383377,"gpath_trio"
"1184","SEMA6C","Exc L3-4 RORB CUX2",-0.0143538190202246,3.50901045750992,0.266097855946883,0.606399824425258,0.734540493522,0.734540493522,"gpath_trio"
"1185","SCNM1","Exc L3-4 RORB CUX2",-0.230874275179052,3.43512399358031,48.5232290941734,2.66885739061182e-11,8.95910114069776e-10,8.95910114069776e-10,"gpath_trio"
"1186","LYSMD1","Exc L3-4 RORB CUX2",0.00208252480226355,2.07288516447895,0.0025729697968628,0.959584039437413,0.979750116174416,0.979750116174416,"gpath_trio"
"1187","VPS72","Exc L3-4 RORB CUX2",0.0111717796780534,3.75226290599042,0.152168136630072,0.696791329739551,0.80810330406389,0.80810330406389,"gpath_trio"
"1188","PIP5K1A","Exc L3-4 RORB CUX2",0.0458358349852781,6.77009624143555,4.94700033806036,0.0269950587287781,0.0666289833439074,0.0666289833439074,"gpath_trio"
"1189","PSMD4","Exc L3-4 RORB CUX2",-0.0154225050760511,5.57755786917692,0.902299184526753,0.927171333624306,0.963732521268234,0.963732521268234,"gpath_trio"
"1190","ZNF687","Exc L3-4 RORB CUX2",-0.0663929342111571,2.3980130480391,3.78593565775873,0.0527625214529375,0.115042026403654,0.115042026403654,"gpath_trio"
"1191","PI4KB","Exc L3-4 RORB CUX2",0.0138705188500101,5.23607717623669,0.708715958324774,0.400644052757149,0.548946324959879,0.548946324959879,"gpath_trio"
"1192","RFX5","Exc L3-4 RORB CUX2",-0.0571816957978103,1.56478402432686,1.42480840573905,0.233701530125337,0.365923816086819,0.365923816086819,"gpath_trio"
"1193","PSMB4","Exc L3-4 RORB CUX2",-0.114097678851569,3.95759945518052,15.3623437040873,0.000113538077004133,0.000651117311983623,0.000651117311983623,"gpath_trio"
"1194","POGZ","Exc L3-4 RORB CUX2",0.0421623249237916,7.66813179894029,8.35473947277725,0.00417162090346146,0.0142406855714611,0.0142406855714611,"gpath_trio"
"1195","CGN","Exc L3-4 RORB CUX2",0.0608510417724233,0.810687571484335,0.454486607287001,0.50081091784555,0.643435029455135,0.643435029455135,"gpath_trio"
"1196","TUFT1","Exc L3-4 RORB CUX2",-0.0233089325804473,3.12211670591259,0.558161673863838,0.73949096916075,0.841012761030653,0.841012761030653,"gpath_trio"
"1197","SNX27","Exc L3-4 RORB CUX2",-0.035227217913207,6.22364535109557,7.43528412194065,0.00683089188931503,0.0215434178313164,0.0215434178313164,"gpath_trio"
"1198","AL589765.1","Exc L3-4 RORB CUX2",-0.0212990916561754,-0.241276216667415,0.0522255534308705,0.819414563003612,0.896410078331643,0.896410078331643,"gpath_trio"
"1199","CELF3","Exc L3-4 RORB CUX2",-0.0571745488516879,5.26135354635579,5.1861019799208,0.0235807251320234,0.0596391036152151,0.0596391036152151,"gpath_trio"
"1200","RIIAD1","Exc L3-4 RORB CUX2",-0.0208268012498094,1.83250678056726,0.219578438544456,0.639753930198396,0.761830726560537,0.761830726560537,"gpath_trio"
"1201","AL589765.7","Exc L3-4 RORB CUX2",-0.0530872414163435,1.78627278372309,0.999689005152774,0.318315364284543,0.463616262954134,0.463616262954134,"gpath_trio"
"1202","MRPL9","Exc L3-4 RORB CUX2",-0.0900648212668635,3.35735583024979,8.30461661862319,0.00428459605427019,0.0145745616919408,0.0145745616919408,"gpath_trio"
"1203","OAZ3","Exc L3-4 RORB CUX2",-0.0332038048311754,-0.313105693542907,0.135869816701371,0.712721945055081,0.820541271484037,0.820541271484037,"gpath_trio"
"1204","AL589765.4","Exc L3-4 RORB CUX2",0.0738930346082815,0.957869054140034,1.63580978732892,0.202041657914233,0.328274981752408,0.328274981752408,"gpath_trio"
"1205","TDRKH","Exc L3-4 RORB CUX2",0.0212182203582834,3.42987694379399,0.377269901487481,0.53960503867439,0.678204065241454,0.678204065241454,"gpath_trio"
"1206","TDRKH-AS1","Exc L3-4 RORB CUX2",-0.187446760098832,0.905322943910143,9.9568941234614,0.00179101973987258,0.00693547471246245,0.00693547471246245,"gpath_trio"
"1207","AL589765.6","Exc L3-4 RORB CUX2",0.0305502225487196,0.441802917660219,0.164694181987685,0.685204728031715,0.798717124659379,0.798717124659379,"gpath_trio"
"1208","C2CD4D","Exc L3-4 RORB CUX2",-0.0566930928270938,-0.122415488484861,0.422864393756616,0.516085379471873,0.657205269887013,0.657205269887013,"gpath_trio"
"1209","AL450992.2","Exc L3-4 RORB CUX2",0.00216335167359624,3.33461967007698,0.00307707778374706,0.955805504202365,0.977958010309499,0.977958010309499,"gpath_trio"
"1210","THEM4","Exc L3-4 RORB CUX2",0.058192778025004,5.11892808394168,4.13494761908055,0.0430218973360444,0.0977109961448493,0.0977109961448493,"gpath_trio"
"1211","S100A10","Exc L3-4 RORB CUX2",0.212824949927556,-1.46184813245394,1.32118065256096,0.251436473999518,0.387823460469439,0.387823460469439,"gpath_trio"
"1212","AL450992.1","Exc L3-4 RORB CUX2",-0.189463433759716,-1.15727533192626,1.89323893804189,0.1786454786709,0.298727036762423,0.298727036762423,"gpath_trio"
"1213","TCHH","Exc L3-4 RORB CUX2",0.09779175108986,0.32955921201446,1.00837670266227,0.316225657980363,0.461305325361809,0.461305325361809,"gpath_trio"
"1214","FLG-AS1","Exc L3-4 RORB CUX2",0.0700787984402558,5.63056292691473,0.605902084802332,0.437042718259519,0.584440804339335,0.584440804339335,"gpath_trio"
"1215","HRNR","Exc L3-4 RORB CUX2",-0.29083533363014,-0.89801024389433,4.22588686517103,0.0408104041815092,0.0937756155309736,0.0937756155309736,"gpath_trio"
"1216","LOR","Exc L3-4 RORB CUX2",-0.375584301870188,1.01522129179593,21.3602160476917,5.99776241141412e-06,5.05028617071285e-05,5.05028617071285e-05,"gpath_trio"
"1217","S100A7","Exc L3-4 RORB CUX2",-0.0669828831059345,-1.25742154920258,0.203743939138158,0.652091921626465,0.771836580745904,0.771836580745904,"gpath_trio"
"1218","S100A6","Exc L3-4 RORB CUX2",-0.349756473272316,4.29981540012001,98.3942428460798,7.07928907308775e-20,2.10036260366979e-17,2.10036260366979e-17,"gpath_trio"
"1219","S100A13","Exc L3-4 RORB CUX2",-0.218470396065327,1.16657654339792,12.1962921553101,0.000562523885946201,0.00259048605317613,0.00259048605317613,"gpath_trio"
"1220","CHTOP","Exc L3-4 RORB CUX2",-0.098262363614328,4.41063710506197,15.0361543030472,0.000133657165387479,0.000748205691368588,0.000748205691368588,"gpath_trio"
"1221","SNAPIN","Exc L3-4 RORB CUX2",-0.19739620703805,2.63245010410554,29.5954864598678,1.22856848866124e-07,1.61540912481816e-06,1.61540912481816e-06,"gpath_trio"
"1222","ILF2","Exc L3-4 RORB CUX2",-0.123985900628294,3.74790431874265,25.6715584964192,7.6849396182704e-07,8.18172331391057e-06,8.18172331391057e-06,"gpath_trio"
"1223","INTS3","Exc L3-4 RORB CUX2",0.0480139694080437,5.60949878085779,7.66439754280726,0.00603732377875155,0.0194791311748461,0.0194791311748461,"gpath_trio"
"1224","SLC27A3","Exc L3-4 RORB CUX2",-0.0866002061666577,2.82266717418887,2.98104267927417,0.0854327655612289,0.168997553210883,0.168997553210883,"gpath_trio"
"1225","GATAD2B","Exc L3-4 RORB CUX2",0.0350867172652437,7.19650662033136,5.73591691751195,0.0173295919814411,0.0466414778849485,0.0466414778849485,"gpath_trio"
"1226","AL358472.5","Exc L3-4 RORB CUX2",0.00326563762290345,1.0100579941687,0.0028716946747212,0.957304412407707,0.978696255961244,0.978696255961244,"gpath_trio"
"1227","DENND4B","Exc L3-4 RORB CUX2",0.0260088436122551,5.0368565838322,1.73868973267058,0.188465212809907,0.31102541255132,0.31102541255132,"gpath_trio"
"1228","CRTC2","Exc L3-4 RORB CUX2",0.00144585759625392,3.16055642602047,0.00109496642597318,0.973627984120844,0.985844144523866,0.985844144523866,"gpath_trio"
"1229","SLC39A1","Exc L3-4 RORB CUX2",-0.0461959931810862,1.49540171924627,0.952078779695457,0.33009766266138,0.476511186619444,0.476511186619444,"gpath_trio"
"1230","AL358472.4","Exc L3-4 RORB CUX2",-0.0853958095286027,-0.361149246688388,0.80021580848362,0.371856175207777,0.520155192041662,0.520155192041662,"gpath_trio"
"1231","AL358472.3","Exc L3-4 RORB CUX2",0.0829272602522603,-0.848576946503108,0.518470823216977,0.500002286287085,0.643092319638017,0.643092319638017,"gpath_trio"
"1232","CREB3L4","Exc L3-4 RORB CUX2",-0.241492901803126,-0.0334585848956913,7.87408974514912,0.00539406343392332,0.0177471020514356,0.0177471020514356,"gpath_trio"
"1233","JTB","Exc L3-4 RORB CUX2",-0.099547146676607,4.67268132883958,13.2471661016362,0.000329281527281289,0.00164193149107761,0.00164193149107761,"gpath_trio"
"1234","AL358472.2","Exc L3-4 RORB CUX2",-0.274866999507169,-0.399030812961942,7.99735235763696,0.005049203779186,0.0167380358601836,0.0167380358601836,"gpath_trio"
"1235","RPS27","Exc L3-4 RORB CUX2",-0.376687321888878,3.52478468005889,70.0520892680413,3.59285475150134e-15,3.1379153511489e-13,3.1379153511489e-13,"gpath_trio"
"1236","NUP210L","Exc L3-4 RORB CUX2",-0.0423855355727176,2.99725115590451,0.577007491538408,0.448175840771658,0.594434789794767,0.594434789794767,"gpath_trio"
"1237","TPM3","Exc L3-4 RORB CUX2",-0.0700674646751993,6.18307043641405,12.8002103883898,0.000413275476131918,0.0019918377283711,0.0019918377283711,"gpath_trio"
"1238","C1orf189","Exc L3-4 RORB CUX2",-0.028065722450378,-0.597647086804156,0.0758971455176544,0.937173799145653,0.969614430654541,0.969614430654541,"gpath_trio"
"1239","C1orf43","Exc L3-4 RORB CUX2",-0.0397925615223688,5.11894954569433,3.52352589356894,0.061623288096388,0.130445725301296,0.130445725301296,"gpath_trio"
"1240","UBAP2L","Exc L3-4 RORB CUX2",-0.0181572273593007,5.27090189639823,1.28539574829561,0.257942455173696,0.395439896134447,0.395439896134447,"gpath_trio"
"1241","HAX1","Exc L3-4 RORB CUX2",-0.114021489171842,4.1791761154836,18.8266063920612,2.05082441285285e-05,0.00014729577262124,0.00014729577262124,"gpath_trio"
"1242","ATP8B2","Exc L3-4 RORB CUX2",0.102147536420087,5.26978314474227,17.8621044490247,3.29032505713662e-05,0.000223359044507844,0.000223359044507844,"gpath_trio"
"1243","IL6R-AS1","Exc L3-4 RORB CUX2",-0.164721058846649,-0.396895978036619,2.56003368302792,0.11081060005393,0.207192201676371,0.207192201676371,"gpath_trio"
"1244","IL6R","Exc L3-4 RORB CUX2",-0.0541719977184574,3.01741406197705,1.71323935587286,0.191721280187058,0.314953612407816,0.314953612407816,"gpath_trio"
"1245","TDRD10","Exc L3-4 RORB CUX2",-0.237724201935743,-0.446100619169332,6.39632109349568,0.0120275988607489,0.0344829909074335,0.0344829909074335,"gpath_trio"
"1246","UBE2Q1","Exc L3-4 RORB CUX2",-0.0889615430723498,4.66432438353996,14.6864993749168,0.000159265074525345,0.000872196763992624,0.000872196763992624,"gpath_trio"
"1247","CHRNB2","Exc L3-4 RORB CUX2",-0.0883359052621993,3.54969687825471,7.20477397944331,0.00773797145946842,0.023903471779938,0.023903471779938,"gpath_trio"
"1248","ADAR","Exc L3-4 RORB CUX2",0.00994611110552174,6.31216116402798,0.421097323637242,0.516962764815458,0.658068255420018,0.658068255420018,"gpath_trio"
"1249","KCNN3","Exc L3-4 RORB CUX2",0.0906478772161711,5.85925252997793,10.1907466095389,0.00158510787200267,0.00627173000934574,0.00627173000934574,"gpath_trio"
"1250","PMVK","Exc L3-4 RORB CUX2",-0.0912527188614373,3.39395758948559,10.3219619863425,0.0014803141918948,0.0059092478871147,0.0059092478871147,"gpath_trio"
"1251","PBXIP1","Exc L3-4 RORB CUX2",0.163680183875167,1.70986351511269,5.35850069427807,0.0214007559105123,0.0552617753096871,0.0552617753096871,"gpath_trio"
"1252","PYGO2","Exc L3-4 RORB CUX2",-0.0149517060813368,3.51080581772833,0.244821604931978,0.621163018990922,0.746661338664314,0.746661338664314,"gpath_trio"
"1253","AL451085.2","Exc L3-4 RORB CUX2",0.144192520034916,0.849941369873523,3.75200523606467,0.0538274189234719,0.116808451842642,0.116808451842642,"gpath_trio"
"1254","SHC1","Exc L3-4 RORB CUX2",-0.112097531102704,0.0826711315054647,1.68367913812067,0.195586329623557,0.31997682453416,0.31997682453416,"gpath_trio"
"1255","CKS1B","Exc L3-4 RORB CUX2",-0.344766466174791,0.389580626890005,19.0237686912456,1.86252895557313e-05,0.00013567713404603,0.00013567713404603,"gpath_trio"
"1256","FLAD1","Exc L3-4 RORB CUX2",-0.053788282839762,3.62985180567504,3.98676754653265,0.0469014674859971,0.104788162406422,0.104788162406422,"gpath_trio"
"1257","ZBTB7B","Exc L3-4 RORB CUX2",-0.0080353637435146,0.733135151356185,0.0109046301166321,0.916912402656894,0.957975767144773,0.957975767144773,"gpath_trio"
"1258","DCST2","Exc L3-4 RORB CUX2",0.0183499486759331,0.387283938715566,0.0617282294667495,0.896954190830468,0.946669718749754,0.946669718749754,"gpath_trio"
"1259","DCST1","Exc L3-4 RORB CUX2",-0.22806782471588,-0.734819195476375,4.07754737960973,0.0444827718083846,0.100373551194962,0.100373551194962,"gpath_trio"
"1260","DCST1-AS1","Exc L3-4 RORB CUX2",-0.0572237849224876,-1.12425949418564,0.215471868336574,0.642900416050415,0.764455466129376,0.764455466129376,"gpath_trio"
"1261","ADAM15","Exc L3-4 RORB CUX2",-0.00593106505040425,3.74226725810559,0.0367249511445972,0.904268985362484,0.951479412717692,0.951479412717692,"gpath_trio"
"1262","EFNA3","Exc L3-4 RORB CUX2",-0.0873621319283984,3.39485620351333,5.73173105186882,0.0173700276977207,0.0467004675908203,0.0467004675908203,"gpath_trio"
"1263","EFNA1","Exc L3-4 RORB CUX2",0.035547651400339,1.80397967904621,0.357962031761811,0.550161073227899,0.688213024080659,0.688213024080659,"gpath_trio"
"1264","SLC50A1","Exc L3-4 RORB CUX2",-0.0597484876471541,2.44523862844014,1.87325961534923,0.172283568918735,0.29015952942111,0.29015952942111,"gpath_trio"
"1265","DPM3","Exc L3-4 RORB CUX2",-0.127242928475019,2.99549119898765,10.46766574771,0.0013721954660583,0.00554457110509236,0.00554457110509236,"gpath_trio"
"1266","KRTCAP2","Exc L3-4 RORB CUX2",-0.534207821848325,-0.668428538264092,19.2926174370155,1.63360558234232e-05,0.00012161620894375,0.00012161620894375,"gpath_trio"
"1267","AL713999.1","Exc L3-4 RORB CUX2",-0.455825552633398,1.12554463716779,46.2695537436638,7.05657952953301e-11,2.08921101157808e-09,2.08921101157808e-09,"gpath_trio"
"1268","TRIM46","Exc L3-4 RORB CUX2",-0.0130619200315092,4.3154071661272,0.277678129726289,0.598676394998809,0.728134571322702,0.728134571322702,"gpath_trio"
"1269","AC234582.1","Exc L3-4 RORB CUX2",-0.0557816683720629,0.320349077883115,0.506648649342271,0.477231389656851,0.621250695981867,0.621250695981867,"gpath_trio"
"1270","THBS3","Exc L3-4 RORB CUX2",-0.0621220397382053,3.56634928044176,2.31978484547131,0.128952990586788,0.232907020082037,0.232907020082037,"gpath_trio"
"1271","MTX1","Exc L3-4 RORB CUX2",-0.172464242874702,2.28740419432112,15.4630179281706,0.00010797088658753,0.000622375039115263,0.000622375039115263,"gpath_trio"
"1272","GBA","Exc L3-4 RORB CUX2",-0.0136668931658988,4.59120185318531,0.176195606642442,0.675009902699175,0.790889412100346,0.790889412100346,"gpath_trio"
"1273","FAM189B","Exc L3-4 RORB CUX2",-0.00587737611689398,4.57365004412083,0.0725048128092762,0.787937644745616,0.87589630187574,0.87589630187574,"gpath_trio"
"1274","SCAMP3","Exc L3-4 RORB CUX2",-0.0392845618298161,3.95859326013522,2.25466533940916,0.134425686321497,0.240727695857997,0.240727695857997,"gpath_trio"
"1275","CLK2","Exc L3-4 RORB CUX2",0.0332068201174033,3.91429653915281,1.80421384865543,0.180375128537424,0.300923527515301,0.300923527515301,"gpath_trio"
"1276","HCN3","Exc L3-4 RORB CUX2",0.00399920031035406,3.05536246553294,0.0102265588836667,0.923598324298492,0.961287463512282,0.961287463512282,"gpath_trio"
"1277","PKLR","Exc L3-4 RORB CUX2",-0.250381825421883,-0.47867993005485,6.22320185707783,0.0132299237997121,0.0373967203460737,0.0373967203460737,"gpath_trio"
"1278","FDPS","Exc L3-4 RORB CUX2",0.00696856896909351,5.78730309631044,0.073136891387869,0.787037597487975,0.875281601307529,0.875281601307529,"gpath_trio"
"1279","RUSC1-AS1","Exc L3-4 RORB CUX2",0.23562888879158,-0.431647870772265,4.18701784070459,0.0417405580322016,0.0954455126713893,0.0954455126713893,"gpath_trio"
"1280","RUSC1","Exc L3-4 RORB CUX2",-0.0200674103236494,5.32674169431484,0.987841717494566,0.321194505080182,0.46659700028749,0.46659700028749,"gpath_trio"
"1281","ASH1L","Exc L3-4 RORB CUX2",0.0691805913536188,8.27604928864785,31.0900593493707,6.16310621974285e-08,8.70732969070813e-07,8.70732969070813e-07,"gpath_trio"
"1282","ASH1L-AS1","Exc L3-4 RORB CUX2",-0.0856591668801648,0.90314240018922,1.46504234732685,0.227228703057053,0.358194501140548,0.358194501140548,"gpath_trio"
"1283","MSTO1","Exc L3-4 RORB CUX2",-0.0349132341998056,2.91182961821584,1.11245719108017,0.292527531316821,0.435187901540453,0.435187901540453,"gpath_trio"
"1284","YY1AP1","Exc L3-4 RORB CUX2",-0.0202969477665702,5.73851200953202,1.45087781500678,0.229482441074362,0.361076198566025,0.361076198566025,"gpath_trio"
"1285","DAP3","Exc L3-4 RORB CUX2",0.023365980712955,6.31228347387479,2.09114034001123,0.149359775067557,0.260511235582948,0.260511235582948,"gpath_trio"
"1286","GON4L","Exc L3-4 RORB CUX2",0.0330886687810165,6.42659223598082,4.36609364605013,0.0376329854560114,0.0877983012035596,0.0877983012035596,"gpath_trio"
"1287","SYT11","Exc L3-4 RORB CUX2",-0.060710983665254,7.13483509010015,9.10988668459086,0.00279485839632222,0.0101487163689346,0.0101487163689346,"gpath_trio"
"1288","RIT1","Exc L3-4 RORB CUX2",0.015245681252536,2.69057519546935,0.230911856095672,0.631252586706446,0.754652816828783,0.754652816828783,"gpath_trio"
"1289","KHDC4","Exc L3-4 RORB CUX2",-0.0247239376606504,5.33048908229251,1.51517550306902,0.219463367248235,0.349245504058057,0.349245504058057,"gpath_trio"
"1290","ARHGEF2","Exc L3-4 RORB CUX2",0.0224979504548902,5.6116457530016,0.807810940465495,0.369599817486466,0.518076587076319,0.518076587076319,"gpath_trio"
"1291","SSR2","Exc L3-4 RORB CUX2",-0.148140975249478,3.89901322372459,36.1037769758502,6.28890883676806e-09,1.15659740913214e-07,1.15659740913214e-07,"gpath_trio"
"1292","UBQLN4","Exc L3-4 RORB CUX2",0.0152935498081983,4.13446865517232,0.413411957570498,0.52080940310529,0.661545659362162,0.661545659362162,"gpath_trio"
"1293","LAMTOR2","Exc L3-4 RORB CUX2",-0.22921172691208,2.96274185979723,52.1800991912332,5.6029618251422e-12,2.19334391017983e-10,2.19334391017983e-10,"gpath_trio"
"1294","RAB25","Exc L3-4 RORB CUX2",-0.084740093434018,-0.808951361675024,0.45526084325439,0.500446707210225,0.64335297998671,0.64335297998671,"gpath_trio"
"1295","MEX3A","Exc L3-4 RORB CUX2",0.269922611593019,-0.359663521695732,7.07827621829506,0.00828756578163848,0.0252952556194488,0.0252952556194488,"gpath_trio"
"1296","LMNA","Exc L3-4 RORB CUX2",0.132551821643783,4.27261976291612,18.680699755574,2.20247878027359e-05,0.000156626751469932,0.000156626751469932,"gpath_trio"
"1297","SEMA4A","Exc L3-4 RORB CUX2",0.060719212402795,3.28188593451237,1.90493272890072,0.168712745512019,0.285671812060847,0.285671812060847,"gpath_trio"
"1298","SLC25A44","Exc L3-4 RORB CUX2",-0.141063254716681,3.90860540350669,31.0011661518285,6.42043466209144e-08,9.02035301585619e-07,9.02035301585619e-07,"gpath_trio"
"1299","PMF1-BGLAP","Exc L3-4 RORB CUX2",-0.0605702162419762,-0.532196959514749,0.230052738116803,0.631887929193507,0.755233351390936,0.755233351390936,"gpath_trio"
"1300","SMG5","Exc L3-4 RORB CUX2",0.000789361376055219,5.2660827646725,0.0017848700684349,0.966333644016201,0.982613134277313,0.982613134277313,"gpath_trio"
"1301","TMEM79","Exc L3-4 RORB CUX2",0.132785318712791,1.45934068492593,6.80714457081766,0.0125620618181114,0.0358269150664968,0.0358269150664968,"gpath_trio"
"1302","GLMP","Exc L3-4 RORB CUX2",-0.0610421503335468,2.17355209409242,2.2300073468673,0.136565679809076,0.243565469426106,0.243565469426106,"gpath_trio"
"1303","CCT3","Exc L3-4 RORB CUX2",-0.0274897400122359,5.46493602089129,2.06023258230944,0.152388947275417,0.264533024653723,0.264533024653723,"gpath_trio"
"1304","TSACC","Exc L3-4 RORB CUX2",-0.135270507850241,0.667964099450488,1.44026826051188,0.231188267393492,0.363031078351783,0.363031078351783,"gpath_trio"
"1305","C1orf61","Exc L3-4 RORB CUX2",-0.0509983217047773,4.77821899207482,2.63613731019331,0.105668946606245,0.199463978085796,0.199463978085796,"gpath_trio"
"1306","AL139412.1","Exc L3-4 RORB CUX2",-0.223076319258589,-0.290417067679829,5.32285826794901,0.0218335594665241,0.0562078434047668,0.0562078434047668,"gpath_trio"
"1307","MEF2D","Exc L3-4 RORB CUX2",-0.0470421360270602,5.98061423659585,6.03284671490891,0.0146965463497305,0.0407844322704006,0.0407844322704006,"gpath_trio"
"1308","AL365181.1","Exc L3-4 RORB CUX2",-0.0397487436616092,-0.192437969477343,0.177333743242342,0.674022552370046,0.790053741230866,0.790053741230866,"gpath_trio"
"1309","IQGAP3","Exc L3-4 RORB CUX2",0.0374235369893599,-0.2757329591523,0.12914620811409,0.719610609638308,0.826067940224914,0.826067940224914,"gpath_trio"
"1310","NAXE","Exc L3-4 RORB CUX2",-0.12854986634929,2.51875622472441,6.90515182654954,0.00910564720169152,0.0273616967968612,0.0273616967968612,"gpath_trio"
"1311","GPATCH4","Exc L3-4 RORB CUX2",-0.0180238444725978,3.15275139647856,0.266069264109851,0.606419155395412,0.734540493522,0.734540493522,"gpath_trio"
"1312","AL365181.4","Exc L3-4 RORB CUX2",-0.219269138042365,1.49816719866256,14.1874860258057,0.000204691770270018,0.00108961912010491,0.00108961912010491,"gpath_trio"
"1313","HAPLN2","Exc L3-4 RORB CUX2",-0.0226643161864104,2.99578016209416,0.152461324564357,0.696513949529199,0.807897985173609,0.807897985173609,"gpath_trio"
"1314","AL365181.2","Exc L3-4 RORB CUX2",0.263802025438325,-0.836053721498212,5.00612793438298,0.0261052652984733,0.064861296477426,0.064861296477426,"gpath_trio"
"1315","BCAN","Exc L3-4 RORB CUX2",-0.0653392800402627,4.33418010468054,5.61453521002487,0.0185428600624566,0.0491851435393191,0.0491851435393191,"gpath_trio"
"1316","AL365181.3","Exc L3-4 RORB CUX2",0.131649530611863,-0.921491274315663,1.00176694794229,0.317813893305424,0.463086472442362,0.463086472442362,"gpath_trio"
"1317","NES","Exc L3-4 RORB CUX2",0.115573077199716,-0.0857850437812619,1.14518992192304,0.285550743672534,0.427182726797669,0.427182726797669,"gpath_trio"
"1318","CRABP2","Exc L3-4 RORB CUX2",-0.0240597068019615,2.02946620247274,0.233116383946593,0.629628908869567,0.75347074182594,0.75347074182594,"gpath_trio"
"1319","ISG20L2","Exc L3-4 RORB CUX2",0.0613289071751375,4.28226630786265,4.9785773276471,0.026515986311501,0.0656714981382928,0.0656714981382928,"gpath_trio"
"1320","RRNAD1","Exc L3-4 RORB CUX2",-0.017951742275046,3.17828151552665,0.31194946452431,0.576967036938112,0.710291459036526,0.710291459036526,"gpath_trio"
"1321","MRPL24","Exc L3-4 RORB CUX2",-0.218061619222627,2.6833526263333,39.6339817499205,1.29631344347549e-09,2.78824610886826e-08,2.78824610886826e-08,"gpath_trio"
"1322","HDGF","Exc L3-4 RORB CUX2",-0.0130334023506805,4.55148224220973,0.419499530865885,0.517758357220365,0.658665417549711,0.658665417549711,"gpath_trio"
"1323","PRCC","Exc L3-4 RORB CUX2",-0.0716824584041495,4.74000155086757,14.6389771732582,0.000163110510270331,0.000889633561693412,0.000889633561693412,"gpath_trio"
"1324","NTRK1","Exc L3-4 RORB CUX2",-0.25518184816255,-0.0649791795640401,7.46864034161266,0.00670899671885043,0.0212453317850898,0.0212453317850898,"gpath_trio"
"1325","ARHGEF11","Exc L3-4 RORB CUX2",0.0556833945861492,7.11313359028501,13.0023597830949,0.000372879157813458,0.00182460271862394,0.00182460271862394,"gpath_trio"
"1326","ETV3L","Exc L3-4 RORB CUX2",-0.0345078029901793,-1.21750042141598,0.0498666094819237,0.823470889019707,0.898794222073889,0.898794222073889,"gpath_trio"
"1327","ETV3","Exc L3-4 RORB CUX2",-0.020502259338261,3.20913531464394,0.396947291114934,0.728927777171801,0.832358948632618,0.832358948632618,"gpath_trio"
"1328","LINC01704","Exc L3-4 RORB CUX2",-0.142544144455194,-0.950661260490524,1.21765120605437,0.270842329846661,0.410259329128041,0.410259329128041,"gpath_trio"
"1329","PYHIN1","Exc L3-4 RORB CUX2",0.087942526799075,-0.26756056664927,0.76530653798247,0.382480307066016,0.530675703627004,0.530675703627004,"gpath_trio"
"1330","AIM2","Exc L3-4 RORB CUX2",0.0750423054663467,-1.15715307049464,0.297077546400697,0.586187578504013,0.718123399918698,0.718123399918698,"gpath_trio"
"1331","CADM3","Exc L3-4 RORB CUX2",-0.0462593726404642,6.68087716526949,5.21783068644119,0.0231627745329095,0.0588772806099847,0.0588772806099847,"gpath_trio"
"1332","CADM3-AS1","Exc L3-4 RORB CUX2",-0.188179136034581,0.27536931841651,5.8007005853299,0.0167160907565329,0.0452680712769196,0.0452680712769196,"gpath_trio"
"1333","ACKR1","Exc L3-4 RORB CUX2",-0.0638932914903509,2.85454053884429,1.55502370809526,0.213517462876419,0.342099333984415,0.342099333984415,"gpath_trio"
"1334","AL513323.1","Exc L3-4 RORB CUX2",0.0517782098609279,-0.605943353746951,0.311994640500561,0.593882422139653,0.724268072701334,0.724268072701334,"gpath_trio"
"1335","DUSP23","Exc L3-4 RORB CUX2",-0.115848780993082,0.893617737572053,2.42837141477365,0.120372966896753,0.22073771962591,0.22073771962591,"gpath_trio"
"1336","AL590560.2","Exc L3-4 RORB CUX2",0.0437456369247972,2.42617358505944,0.305146002705669,0.581148722081348,0.713787621331498,0.713787621331498,"gpath_trio"
"1337","AL121987.1","Exc L3-4 RORB CUX2",0.0086205088308159,-0.555830303148532,0.00853291450849078,0.926472206878001,0.963326143555327,0.963326143555327,"gpath_trio"
"1338","KCNJ9","Exc L3-4 RORB CUX2",-0.0424486251077291,5.2979381235073,3.23395672594453,0.0732860960386247,0.149741440913435,0.149741440913435,"gpath_trio"
"1339","IGSF8","Exc L3-4 RORB CUX2",-0.000209888995089287,6.039156833377,4.34004461613766e-05,0.994748704882915,0.997121037462752,0.997121037462752,"gpath_trio"
"1340","ATP1A2","Exc L3-4 RORB CUX2",0.145910290507318,3.67786242196901,10.975696083618,0.00105425299431068,0.00443392832191326,0.00443392832191326,"gpath_trio"
"1341","ATP1A4","Exc L3-4 RORB CUX2",0.0128336389873053,0.17634014830491,0.0268875800719094,0.869878745914356,0.929743018248602,0.929743018248602,"gpath_trio"
"1342","CASQ1","Exc L3-4 RORB CUX2",-0.0724510365341962,2.19288034979055,1.87972491985696,0.171547640918982,0.289209798240199,0.289209798240199,"gpath_trio"
"1343","AL121987.2","Exc L3-4 RORB CUX2",0.0709908708080381,-0.378219861458657,0.482742482819965,0.758780993695594,0.855839802527456,0.855839802527456,"gpath_trio"
"1344","PEA15","Exc L3-4 RORB CUX2",-0.0178634008438878,6.36277746683012,0.381653454187817,0.537260370176018,0.676183903200322,0.676183903200322,"gpath_trio"
"1345","DCAF8","Exc L3-4 RORB CUX2",-0.0636350644209491,4.84552083609603,8.22362219842168,0.00447382578982407,0.0150834617830382,0.0150834617830382,"gpath_trio"
"1346","AL139011.2","Exc L3-4 RORB CUX2",0.193418539576967,3.72703441206681,35.1220273912193,9.79598165027783e-09,1.7111162752758e-07,1.7111162752758e-07,"gpath_trio"
"1347","COPA","Exc L3-4 RORB CUX2",0.0228083305804429,6.63613242654815,1.7425763697793,0.187973682706956,0.310595335676727,0.310595335676727,"gpath_trio"
"1348","NCSTN","Exc L3-4 RORB CUX2",-0.0694561781269947,3.65058749052038,6.09592806466533,0.0141927259502925,0.0395987064095077,0.0395987064095077,"gpath_trio"
"1349","NHLH1","Exc L3-4 RORB CUX2",0.214103292477134,0.368839023288383,6.48852769078402,0.0114339051608619,0.0330343744265201,0.0330343744265201,"gpath_trio"
"1350","AL121985.1","Exc L3-4 RORB CUX2",-0.0981519273084275,0.244408672276091,0.739894303242262,0.390487174513827,0.538244999144074,0.538244999144074,"gpath_trio"
"1351","F11R","Exc L3-4 RORB CUX2",-0.0746559611804246,1.34563132605171,1.24757256517534,0.265047690058827,0.403650152659281,0.403650152659281,"gpath_trio"
"1352","AL591806.3","Exc L3-4 RORB CUX2",0.0161345762045122,3.30009519796898,0.0926619569189034,0.761063410969857,0.857311798789328,0.857311798789328,"gpath_trio"
"1353","USF1","Exc L3-4 RORB CUX2",0.0486064221734429,2.90355503700326,0.628013271841658,0.428807462376375,0.576646424416864,0.576646424416864,"gpath_trio"
"1354","KLHDC9","Exc L3-4 RORB CUX2",-0.17782619259746,3.59441682245239,34.146718812975,1.5241451062364e-08,2.52875226301969e-07,2.52875226301969e-07,"gpath_trio"
"1355","PFDN2","Exc L3-4 RORB CUX2",-0.178477053039996,5.20212249553258,39.7012670842403,1.25814336456605e-09,2.72058332048447e-08,2.72058332048447e-08,"gpath_trio"
"1356","NIT1","Exc L3-4 RORB CUX2",-0.0804297250651115,3.76193873768216,8.03959014876721,0.00493630671149571,0.0164204431829227,0.0164204431829227,"gpath_trio"
"1357","DEDD","Exc L3-4 RORB CUX2",-0.0475114372586208,2.84343480286933,2.21150403721119,0.138196722608548,0.245627599209536,0.245627599209536,"gpath_trio"
"1358","UFC1","Exc L3-4 RORB CUX2",-0.216658064891781,3.61823920142502,49.3920577999368,1.83846801998011e-11,6.4618627705747e-10,6.4618627705747e-10,"gpath_trio"
"1359","USP21","Exc L3-4 RORB CUX2",-0.0498996760622031,2.0947292908533,1.28367608324093,0.47410849712655,0.618822470694711,0.618822470694711,"gpath_trio"
"1360","PPOX","Exc L3-4 RORB CUX2",-0.0139108594346898,3.21058141467189,0.266695098596105,0.605996328524143,0.734336952848495,0.734336952848495,"gpath_trio"
"1361","B4GALT3","Exc L3-4 RORB CUX2",-0.124825809426726,3.02845150390823,15.5651194434198,0.000102607151287999,0.00059683378494105,0.00059683378494105,"gpath_trio"
"1362","NDUFS2","Exc L3-4 RORB CUX2",-0.11006656623212,5.21451639230068,18.0268962516305,3.03442252046218e-05,0.000208655331800697,0.000208655331800697,"gpath_trio"
"1363","TOMM40L","Exc L3-4 RORB CUX2",-0.0721794736999474,3.15340542523423,5.72183985234574,0.0174659671518645,0.0469021545705932,0.0469021545705932,"gpath_trio"
"1364","NR1I3","Exc L3-4 RORB CUX2",-0.135507021350876,-0.663817953526117,1.90753272635336,0.168423432377127,0.285263517561946,0.285263517561946,"gpath_trio"
"1365","MPZ","Exc L3-4 RORB CUX2",-0.0759360903584963,1.25889278591308,1.80627633156169,0.180127122098565,0.300708704041254,0.300708704041254,"gpath_trio"
"1366","SDHC","Exc L3-4 RORB CUX2",-0.0226862749986476,5.61309326581712,1.86773041899229,0.172915837007616,0.291075526589466,0.291075526589466,"gpath_trio"
"1367","AL592295.4","Exc L3-4 RORB CUX2",-0.100678553003732,2.44360858159712,5.19215746783421,0.023500354915634,0.0594779498295378,0.0594779498295378,"gpath_trio"
"1368","AL592295.3","Exc L3-4 RORB CUX2",-0.200888969371185,0.578190474798969,5.86697409155886,0.0161117725011609,0.0438848400446767,0.0438848400446767,"gpath_trio"
"1369","HSPA6","Exc L3-4 RORB CUX2",-0.273605802628598,-1.18555829199118,2.06550987357917,0.151871462334532,0.26382010957458,0.26382010957458,"gpath_trio"
"1370","FCRLB","Exc L3-4 RORB CUX2",-0.265037679504956,0.549036949367816,11.8525705528171,0.000670903449230161,0.00302401186063863,0.00302401186063863,"gpath_trio"
"1371","DUSP12","Exc L3-4 RORB CUX2",-0.120404582245119,3.45915487657112,16.3958395225907,6.7872663668583e-05,0.000417988702537748,0.000417988702537748,"gpath_trio"
"1372","ATF6","Exc L3-4 RORB CUX2",0.0672908533380975,6.46649499414768,19.9406145358824,1.19186666194191e-05,9.26981877589743e-05,9.26981877589743e-05,"gpath_trio"
"1373","OLFML2B","Exc L3-4 RORB CUX2",0.243896176079968,0.726868287963919,5.5071449238646,0.0196898955715311,0.0516504541874451,0.0516504541874451,"gpath_trio"
"1374","NOS1AP","Exc L3-4 RORB CUX2",0.112254593238601,7.10847481528447,40.5069577065993,8.80175842575334e-10,1.96215995844833e-08,1.96215995844833e-08,"gpath_trio"
"1375","C1orf226","Exc L3-4 RORB CUX2",0.0699521191236176,1.38070054314693,1.26046691296424,0.26259836784185,0.401068691937091,0.401068691937091,"gpath_trio"
"1376","UHMK1","Exc L3-4 RORB CUX2",-0.0505193624022283,5.50618048229871,7.02323497734615,0.00853910742172239,0.0259335378945129,0.0259335378945129,"gpath_trio"
"1377","UAP1","Exc L3-4 RORB CUX2",-0.0710163490364926,3.87081109180307,9.71354760417016,0.00203440158753981,0.00774562219826679,0.00774562219826679,"gpath_trio"
"1378","DDR2","Exc L3-4 RORB CUX2",0.126031307978112,1.82920730433142,4.15251993087806,0.0425848899370452,0.0969039199729176,0.0969039199729176,"gpath_trio"
"1379","HSD17B7","Exc L3-4 RORB CUX2",0.0627519493449447,3.77400260799836,2.80280751526525,0.0953018425883106,0.183745668407795,0.183745668407795,"gpath_trio"
"1380","CCDC190","Exc L3-4 RORB CUX2",-0.000984493072114123,0.803679150726442,0.000128354879974168,0.990969342976436,0.99585607165519,0.99585607165519,"gpath_trio"
"1381","RGS4","Exc L3-4 RORB CUX2",-0.215937425507775,7.02813413337822,60.1667712527218,1.98493336991249e-13,1.09715152706807e-11,1.09715152706807e-11,"gpath_trio"
"1382","RGS5","Exc L3-4 RORB CUX2",0.360405333331803,2.60647728486992,31.1577021532966,5.97428889611902e-08,8.45382372416552e-07,8.45382372416552e-07,"gpath_trio"
"1383","AL499616.1","Exc L3-4 RORB CUX2",-0.266580739429089,0.454091150598103,11.9857028954095,0.000626606574849714,0.00284338803641661,0.00284338803641661,"gpath_trio"
"1384","NUF2","Exc L3-4 RORB CUX2",-0.161401312012229,1.67046332906797,10.0667162751152,0.00169112061240967,0.00661464876994284,0.00661464876994284,"gpath_trio"
"1385","PBX1","Exc L3-4 RORB CUX2",0.0940197031762806,8.9536999049338,21.1476802129993,6.64497724394453e-06,5.51849488048152e-05,5.51849488048152e-05,"gpath_trio"
"1386","AL157714.2","Exc L3-4 RORB CUX2",-0.237009368103739,-1.05975957438495,3.14205026842695,0.0774687238241652,0.156543620107425,0.156543620107425,"gpath_trio"
"1387","AL356441.1","Exc L3-4 RORB CUX2",0.206520311449023,-0.286513018600365,2.4904425857199,0.115755332589039,0.214214257474212,0.214214257474212,"gpath_trio"
"1388","MGST3","Exc L3-4 RORB CUX2",-0.0480919795825146,6.70228869736857,6.17104352114794,0.0136160431019465,0.0382862257256824,0.0382862257256824,"gpath_trio"
"1389","ALDH9A1","Exc L3-4 RORB CUX2",-0.00664889129197613,2.88242811688527,0.0400544686735732,0.841530566612104,0.910683858896057,0.910683858896057,"gpath_trio"
"1390","TMCO1","Exc L3-4 RORB CUX2",-0.0253632579463466,4.91539935314778,1.45822234499471,0.228310487662758,0.35949146090659,0.35949146090659,"gpath_trio"
"1391","AL451074.2","Exc L3-4 RORB CUX2",0.117138960044653,1.0879255064535,3.15264201051368,0.0769737961951753,0.155730679727002,0.155730679727002,"gpath_trio"
"1392","UCK2","Exc L3-4 RORB CUX2",0.0255312546976023,5.35798463116985,1.97158984562907,0.161472557071436,0.276050020582494,0.276050020582494,"gpath_trio"
"1393","FAM78B","Exc L3-4 RORB CUX2",0.0799958946674079,6.43643053351209,14.7218549802746,0.000156463903966459,0.00085825428562352,0.00085825428562352,"gpath_trio"
"1394","AL390115.1","Exc L3-4 RORB CUX2",-0.0310906010018935,-0.961625314455226,0.0603078438784075,0.806203771880989,0.888030197515776,0.888030197515776,"gpath_trio"
"1395","AL583804.1","Exc L3-4 RORB CUX2",0.0622404376650034,-0.0512877324635007,0.503573511851563,0.47857003576032,0.622471179902293,0.622471179902293,"gpath_trio"
"1396","POGK","Exc L3-4 RORB CUX2",0.0495917357989634,4.69851950010938,6.7771802032335,0.009763556079858,0.0290230947268506,0.0290230947268506,"gpath_trio"
"1397","TADA1","Exc L3-4 RORB CUX2",-0.0698781872352169,3.70784278076237,7.6082992886638,0.00622242251142785,0.019990027733767,0.019990027733767,"gpath_trio"
"1398","ILDR2","Exc L3-4 RORB CUX2",0.100159088897315,6.14788378892886,26.4339631617403,5.36783991445298e-07,5.94707140439807e-06,5.94707140439807e-06,"gpath_trio"
"1399","MAEL","Exc L3-4 RORB CUX2",0.0538530173825634,3.89951957099926,1.02750927822323,0.311686727945394,0.456267576280534,0.456267576280534,"gpath_trio"
"1400","GPA33","Exc L3-4 RORB CUX2",0.0267185263814509,0.351815418843595,0.113924636506198,0.762408785557966,0.858156507957596,0.858156507957596,"gpath_trio"
"1401","DUSP27","Exc L3-4 RORB CUX2",0.0670697527165968,-1.17515165178283,0.212411832261797,0.645268832091054,0.766454242609089,0.766454242609089,"gpath_trio"
"1402","AL451050.2","Exc L3-4 RORB CUX2",-0.106947119714206,-0.125174492969878,1.35322722130306,0.323343655897659,0.468824219195735,0.468824219195735,"gpath_trio"
"1403","POU2F1","Exc L3-4 RORB CUX2",0.0846894762181333,7.50561102275704,37.3302692325106,3.62403904478636e-09,7.11235289188375e-08,7.11235289188375e-08,"gpath_trio"
"1404","CD247","Exc L3-4 RORB CUX2",0.157842229713045,3.99449576983719,11.4115891655488,0.0008417316473334,0.00365438691305172,0.00365438691305172,"gpath_trio"
"1405","CREG1","Exc L3-4 RORB CUX2",-0.0244449202143241,4.59670970868678,0.804664300355055,0.370532287122943,0.518770915524315,0.518770915524315,"gpath_trio"
"1406","RCSD1","Exc L3-4 RORB CUX2",0.00516952456090484,1.12115224137604,0.00288540196456227,0.957202733666816,0.978696255961244,0.978696255961244,"gpath_trio"
"1407","MPZL1","Exc L3-4 RORB CUX2",0.0650760406792255,5.11633884499834,14.3578627665562,0.000187865497476035,0.0010077602796009,0.0010077602796009,"gpath_trio"
"1408","ADCY10","Exc L3-4 RORB CUX2",0.0854698540112103,3.90715547538457,5.28794193610357,0.0222663991267607,0.0570951451934923,0.0570951451934923,"gpath_trio"
"1409","MPC2","Exc L3-4 RORB CUX2",-0.178683513396862,4.9293051534471,67.8926317128603,8.53572059141899e-15,6.70070672886685e-13,6.70070672886685e-13,"gpath_trio"
"1410","DCAF6","Exc L3-4 RORB CUX2",0.0549792000206284,7.9767219652833,10.983926570602,0.00104977202782982,0.00441692401698989,0.00441692401698989,"gpath_trio"
"1411","GPR161","Exc L3-4 RORB CUX2",0.0934607057500524,4.03175825588405,4.42079744295851,0.0364650030997107,0.0855244637917535,0.0855244637917535,"gpath_trio"
"1412","TIPRL","Exc L3-4 RORB CUX2",-0.0791030084966146,5.83807543635023,23.0802247053465,2.62817008939969e-06,2.43785432430523e-05,2.43785432430523e-05,"gpath_trio"
"1413","SFT2D2","Exc L3-4 RORB CUX2",-0.103846992540051,1.949487766302,1.86535903085604,0.173187828669441,0.2914878154172,0.2914878154172,"gpath_trio"
"1414","TBX19","Exc L3-4 RORB CUX2",-0.0884866829041434,0.618490472857243,1.5042489697243,0.221128277405739,0.351197590857339,0.351197590857339,"gpath_trio"
"1415","AL023755.1","Exc L3-4 RORB CUX2",-0.131168645528629,-0.237680692221828,2.12891507348562,0.145750050423348,0.255696284112264,0.255696284112264,"gpath_trio"
"1416","DPT","Exc L3-4 RORB CUX2",0.0804446681292531,2.71129640746852,2.91243652970774,0.0890929482132176,0.174492104059725,0.174492104059725,"gpath_trio"
"1417","AL031275.1","Exc L3-4 RORB CUX2",0.0899193012852606,1.92442658278062,3.30509975201908,0.0702158763370258,0.144707371439756,0.144707371439756,"gpath_trio"
"1418","LINC00626","Exc L3-4 RORB CUX2",-0.47534040754796,2.47769365134128,48.6733844898659,2.50215336503813e-11,8.52718651007503e-10,8.52718651007503e-10,"gpath_trio"
"1419","LINC00970","Exc L3-4 RORB CUX2",0.0991567657825069,6.30240854553455,9.3478087465039,0.00246539119779973,0.00914492873977009,0.00914492873977009,"gpath_trio"
"1420","ATP1B1","Exc L3-4 RORB CUX2",-0.150528918461894,8.43370439542752,41.2484023677032,6.34173679877905e-10,1.46893846056679e-08,1.46893846056679e-08,"gpath_trio"
"1421","NME7","Exc L3-4 RORB CUX2",0.0817361645394921,7.31737920854154,27.3364131611894,3.51602738797763e-07,4.11222333637383e-06,4.11222333637383e-06,"gpath_trio"
"1422","Z99758.1","Exc L3-4 RORB CUX2",-0.552197867350336,0.825764436558069,48.2814922479128,2.96110191861045e-11,9.79348052589605e-10,9.79348052589605e-10,"gpath_trio"
"1423","BLZF1","Exc L3-4 RORB CUX2",0.068882329731747,5.04056985808195,9.32959630103302,0.00248914602202764,0.0092160985491664,0.0092160985491664,"gpath_trio"
"1424","CCDC181","Exc L3-4 RORB CUX2",-0.0034041994854175,4.38343564885739,0.0172815324983045,0.895513689319011,0.945932424252224,0.945932424252224,"gpath_trio"
"1425","SLC19A2","Exc L3-4 RORB CUX2",0.0575600725742462,3.85119841492509,3.78143487223361,0.052902477044169,0.115284885976033,0.115284885976033,"gpath_trio"
"1426","AL021068.1","Exc L3-4 RORB CUX2",0.118032441089491,0.292303689865524,1.72243675807615,0.190537037011377,0.31367189207611,0.31367189207611,"gpath_trio"
"1427","F5","Exc L3-4 RORB CUX2",0.210957050820048,2.67581381236156,4.68313847581742,0.0313707416698483,0.0754895888822983,0.0754895888822983,"gpath_trio"
"1428","SELP","Exc L3-4 RORB CUX2",-0.475228104184929,-0.626867839913054,14.4873357539842,0.000176022633212431,0.000952334841796942,0.000952334841796942,"gpath_trio"
"1429","C1orf112","Exc L3-4 RORB CUX2",-0.0956443793366875,4.36462621345552,5.11102426677301,0.0246013567177963,0.0617712970481071,0.0617712970481071,"gpath_trio"
"1430","SELE","Exc L3-4 RORB CUX2",-0.356900773017462,-0.552509881306615,9.19659297465759,0.00266987042373739,0.00977224887498221,0.00977224887498221,"gpath_trio"
"1431","METTL18","Exc L3-4 RORB CUX2",-0.194260168797401,0.586394951032322,7.26499493597926,0.00748965187907584,0.023243151309084,0.023243151309084,"gpath_trio"
"1432","SCYL3","Exc L3-4 RORB CUX2",-0.00314044954779098,4.4967954457746,0.0172496864148007,0.895609451522864,0.945932424252224,0.945932424252224,"gpath_trio"
"1433","KIFAP3","Exc L3-4 RORB CUX2",0.0170354737315109,7.58574292735203,1.4951133404194,0.222531956826429,0.352732733263137,0.352732733263137,"gpath_trio"
"1434","AL354732.1","Exc L3-4 RORB CUX2",-0.0632211505024647,1.15182150660089,0.722843071214453,0.39599513322461,0.544173528837371,0.544173528837371,"gpath_trio"
"1435","GORAB","Exc L3-4 RORB CUX2",0.011572710436825,3.15346763537765,0.142349034063526,0.706264602278507,0.815648717830888,0.815648717830888,"gpath_trio"
"1436","AL023495.1","Exc L3-4 RORB CUX2",0.22854749917076,0.024774438387797,4.9950069422637,0.0262702490059754,0.0651909315738689,0.0651909315738689,"gpath_trio"
"1437","PRRX1","Exc L3-4 RORB CUX2",0.0504232650362841,2.81592475735583,0.39653426826626,0.529437505779899,0.669428533411222,0.669428533411222,"gpath_trio"
"1438","MROH9","Exc L3-4 RORB CUX2",-0.143289644841477,-0.681229463662219,1.6288227246859,0.203004780892209,0.329468381827714,0.329468381827714,"gpath_trio"
"1439","PRRC2C","Exc L3-4 RORB CUX2",0.134399710494588,7.29382057075865,30.4560395160083,8.25381892648967e-08,1.12666303681955e-06,1.12666303681955e-06,"gpath_trio"
"1440","MYOCOS","Exc L3-4 RORB CUX2",0.260464575773788,1.21178668792746,11.0278581368016,0.00102618014379421,0.00433665362401511,0.00433665362401511,"gpath_trio"
"1441","VAMP4","Exc L3-4 RORB CUX2",-0.0743686008440197,4.79601831703648,11.8056482290298,0.000687264256847358,0.00308055018482458,0.00308055018482458,"gpath_trio"
"1442","METTL13","Exc L3-4 RORB CUX2",-0.186757244270932,2.58436247630959,36.2261311990905,5.95170583058662e-09,1.10161160671638e-07,1.10161160671638e-07,"gpath_trio"
"1443","DNM3","Exc L3-4 RORB CUX2",0.0946264453067026,8.57467520736255,22.21326221077,3.97987408117493e-06,3.51395884410084e-05,3.51395884410084e-05,"gpath_trio"
"1444","PIGC","Exc L3-4 RORB CUX2",-0.144608504957482,3.72803732288284,24.5737868094324,1.29132332441345e-06,1.30982644897141e-05,1.30982644897141e-05,"gpath_trio"
"1445","C1orf105","Exc L3-4 RORB CUX2",0.0601106761496804,-0.511517087310992,0.36865065261002,0.663477357617182,0.781507221504358,0.781507221504358,"gpath_trio"
"1446","SUCO","Exc L3-4 RORB CUX2",0.0276797053057139,4.87775489190935,2.42205041722977,0.188034249792414,0.31062516064666,0.31062516064666,"gpath_trio"
"1447","AL031599.1","Exc L3-4 RORB CUX2",-0.261543433999652,2.05429425447472,13.1944049845338,0.000338218067044248,0.00167984970522346,0.00167984970522346,"gpath_trio"
"1448","TNFSF18","Exc L3-4 RORB CUX2",0.0204390357741989,0.28493683542625,0.063741922912283,0.800876014130418,0.883995709874231,0.883995709874231,"gpath_trio"
"1449","TNFSF4","Exc L3-4 RORB CUX2",0.230475237340842,1.98496878422566,19.4282908571701,1.52910781768517e-05,0.000115068072442366,0.000115068072442366,"gpath_trio"
"1450","AL645568.1","Exc L3-4 RORB CUX2",0.124986607206789,6.03865982022346,42.0250811536164,4.50314784504602e-10,1.07262110712873e-08,1.07262110712873e-08,"gpath_trio"
"1451","PRDX6","Exc L3-4 RORB CUX2",0.0875027993965825,4.59314101913129,10.9851924560575,0.00104908455858587,0.0044158733506092,0.0044158733506092,"gpath_trio"
"1452","SLC9C2","Exc L3-4 RORB CUX2",0.157366531981641,2.11603721724615,5.77459379905934,0.0169605634915175,0.045837825645193,0.045837825645193,"gpath_trio"
"1453","AL139142.1","Exc L3-4 RORB CUX2",-0.0637466415607653,-0.98177103696761,0.236724875438869,0.626991509390243,0.751384241279961,0.751384241279961,"gpath_trio"
"1454","ANKRD45","Exc L3-4 RORB CUX2",0.098339012957106,1.1917719597541,1.60232461883671,0.206707132516694,0.334079660219843,0.334079660219843,"gpath_trio"
"1455","KLHL20","Exc L3-4 RORB CUX2",0.0636923504727822,5.20951392655366,9.21554170172294,0.00264332519191914,0.00968915075344636,0.00968915075344636,"gpath_trio"
"1456","CENPL","Exc L3-4 RORB CUX2",0.0584901351919367,1.45418425278522,1.43607697430687,0.231866380467083,0.363877971832423,0.363877971832423,"gpath_trio"
"1457","DARS2","Exc L3-4 RORB CUX2",-0.0544057547447671,2.53709365277298,1.97511645272194,0.161099551597699,0.275597278129392,0.275597278129392,"gpath_trio"
"1458","ZBTB37","Exc L3-4 RORB CUX2",0.0724701969842447,3.3071658452588,5.6526855621929,0.0181522945549515,0.0483327405810527,0.0483327405810527,"gpath_trio"
"1459","RC3H1","Exc L3-4 RORB CUX2",0.0820397204312955,6.62643063660518,29.4190817759812,1.333188001836e-07,1.74203807882392e-06,1.74203807882392e-06,"gpath_trio"
"1460","AL121983.2","Exc L3-4 RORB CUX2",0.0415221920365833,1.18965363188691,0.620551820271551,0.583206100375294,0.715791645885848,0.715791645885848,"gpath_trio"
"1461","RABGAP1L","Exc L3-4 RORB CUX2",0.0985841499163733,9.0325974688688,52.9670134208592,4.01504431315925e-12,1.63974734854227e-10,1.63974734854227e-10,"gpath_trio"
"1462","Z99127.1","Exc L3-4 RORB CUX2",-0.426407186846877,2.06810624649887,61.1415894856154,1.32856445708021e-13,7.6582251204552e-12,7.6582251204552e-12,"gpath_trio"
"1463","CACYBP","Exc L3-4 RORB CUX2",-0.0508828858323254,4.9977679570419,4.4395729746212,0.0360729825808481,0.084788069915987,0.084788069915987,"gpath_trio"
"1464","MRPS14","Exc L3-4 RORB CUX2",-0.11586663929727,3.80410638430009,20.7611278925204,8.00879322086259e-06,6.48644733965888e-05,6.48644733965888e-05,"gpath_trio"
"1465","TNN","Exc L3-4 RORB CUX2",-0.0039143816116324,0.238978399411579,0.00278830462150541,0.987290379841041,0.993594224237692,0.993594224237692,"gpath_trio"
"1466","Z94057.1","Exc L3-4 RORB CUX2",-0.383921861362739,0.349653653229148,17.5128166639627,3.90738081976034e-05,0.000259912324558737,0.000259912324558737,"gpath_trio"
"1467","TNR","Exc L3-4 RORB CUX2",0.0832867424746238,8.34888171383055,12.725300738261,0.000429350615155694,0.00205996400969468,0.00205996400969468,"gpath_trio"
"1468","AL513329.1","Exc L3-4 RORB CUX2",0.0836477358514162,4.3075873035754,6.97587589025015,0.00876183301129495,0.0265022460274176,0.0265022460274176,"gpath_trio"
"1469","COP1","Exc L3-4 RORB CUX2",0.0476964667510932,8.02378519533027,10.5034130251268,0.00134692175870861,0.0054621399963711,0.0054621399963711,"gpath_trio"
"1470","AL359265.3","Exc L3-4 RORB CUX2",0.0012925128696883,3.08765059431118,0.001377441175316,0.970422672087666,0.984773271433462,0.984773271433462,"gpath_trio"
"1471","PAPPA2","Exc L3-4 RORB CUX2",-0.135943996950742,3.91951778980094,14.3671411391559,0.000186990535172879,0.00100413469446708,0.00100413469446708,"gpath_trio"
"1472","ASTN1","Exc L3-4 RORB CUX2",0.0891229829510835,8.2330151402515,48.2271000694392,3.03118798374896e-11,9.98221657391149e-10,9.98221657391149e-10,"gpath_trio"
"1473","BRINP2","Exc L3-4 RORB CUX2",0.080695910540311,8.02142588000664,19.7968281875518,1.27810307485435e-05,9.8531637505489e-05,9.8531637505489e-05,"gpath_trio"
"1474","AL122019.1","Exc L3-4 RORB CUX2",-0.348173818026921,0.738294790990108,23.1217793045128,2.57653234218958e-06,2.39656708177385e-05,2.39656708177385e-05,"gpath_trio"
"1475","SEC16B","Exc L3-4 RORB CUX2",0.0397831355283744,5.15970590419439,1.07954368912154,0.299764899152621,0.443059109187116,0.443059109187116,"gpath_trio"
"1476","RASAL2-AS1","Exc L3-4 RORB CUX2",-0.033988683329098,-0.0836813321070296,0.166924452877298,0.683196021953053,0.797239848626459,0.797239848626459,"gpath_trio"
"1477","RASAL2","Exc L3-4 RORB CUX2",0.0717774204019799,9.21371581091818,26.8304414894414,4.456333228991e-07,5.04525942171119e-06,5.04525942171119e-06,"gpath_trio"
"1478","CLEC20A","Exc L3-4 RORB CUX2",-0.229423654778084,2.79216656029026,18.4016266183918,2.52491707206319e-05,0.000176637859587007,0.000176637859587007,"gpath_trio"
"1479","C1orf220","Exc L3-4 RORB CUX2",0.0287330655154726,-0.0147018134508795,0.105080058112423,0.803881699306635,0.886569790497738,0.886569790497738,"gpath_trio"
"1480","RALGPS2","Exc L3-4 RORB CUX2",0.101561466646327,6.08552738235314,27.3162479454687,3.54935688016699e-07,4.14160063952395e-06,4.14160063952395e-06,"gpath_trio"
"1481","ANGPTL1","Exc L3-4 RORB CUX2",-0.415301366107807,2.98105328293169,43.0695741144482,2.84606865766627e-10,7.17742939605213e-09,7.17742939605213e-09,"gpath_trio"
"1482","FAM20B","Exc L3-4 RORB CUX2",0.0174820293213653,5.27210251795575,0.745607157648536,0.388666427201246,0.536487836483741,0.536487836483741,"gpath_trio"
"1483","TOR3A","Exc L3-4 RORB CUX2",-0.0454829479307749,3.09058570741068,2.30500071836869,0.130173179533945,0.234552465950995,0.234552465950995,"gpath_trio"
"1484","ABL2","Exc L3-4 RORB CUX2",0.0940720225521279,6.90464317899344,39.11884276831,1.63003804854896e-09,3.42206218829087e-08,3.42206218829087e-08,"gpath_trio"
"1485","SOAT1","Exc L3-4 RORB CUX2",0.0922182434212129,3.94444194194571,11.3950804285676,0.000848925005390874,0.00367612405747175,0.00367612405747175,"gpath_trio"
"1486","AXDND1","Exc L3-4 RORB CUX2",-0.075691883975631,1.38873834210055,1.37073947907637,0.242756775187504,0.377058891324035,0.377058891324035,"gpath_trio"
"1487","TDRD5","Exc L3-4 RORB CUX2",0.130159304140476,3.21310755881239,3.11487176489851,0.0787545425237146,0.158506873046283,0.158506873046283,"gpath_trio"
"1488","FAM163A","Exc L3-4 RORB CUX2",0.218957994832215,4.11807253883477,11.4630817586378,0.000819690790276158,0.0035763974251344,0.0035763974251344,"gpath_trio"
"1489","AL359853.2","Exc L3-4 RORB CUX2",0.259429435705095,-0.161573265582942,7.75194960499632,0.00575966880273072,0.0187421480798536,0.0187421480798536,"gpath_trio"
"1490","TOR1AIP2","Exc L3-4 RORB CUX2",0.0370054560063192,5.67209119471432,5.60873592921789,0.0186029909714311,0.0493122247863122,0.0493122247863122,"gpath_trio"
"1491","AL353708.3","Exc L3-4 RORB CUX2",-0.0412958831624042,-0.327920398241172,0.177882535249926,0.93746084842612,0.969811948364114,0.969811948364114,"gpath_trio"
"1492","TOR1AIP1","Exc L3-4 RORB CUX2",-0.038339026417935,4.09008963210924,2.26499455535568,0.133540472093962,0.239503869187989,0.239503869187989,"gpath_trio"
"1493","AL353708.2","Exc L3-4 RORB CUX2",-0.163449542288348,-0.054261238011576,3.78905809055674,0.0526656585738634,0.114905338134281,0.114905338134281,"gpath_trio"
"1494","AL353708.1","Exc L3-4 RORB CUX2",-0.0276201034109579,-0.761166762705924,0.0641704375603704,0.815125626112823,0.893467320809856,0.893467320809856,"gpath_trio"
"1495","CEP350","Exc L3-4 RORB CUX2",0.0521435318790754,6.83125382459838,14.6566201005654,0.000161671994764143,0.000883459505516412,0.000883459505516412,"gpath_trio"
"1496","QSOX1","Exc L3-4 RORB CUX2",0.0179744841317096,4.84093564328519,0.720751945200763,0.396678327196738,0.544828460153461,0.544828460153461,"gpath_trio"
"1497","LHX4","Exc L3-4 RORB CUX2",-0.0478764731750816,-0.0380479512517182,0.206076250915203,0.650239029074057,0.770230883722939,0.770230883722939,"gpath_trio"
"1498","ACBD6","Exc L3-4 RORB CUX2",0.0723624246193683,7.40467503423918,28.187320915457,2.36319525944112e-07,2.88779311685188e-06,2.88779311685188e-06,"gpath_trio"
"1499","XPR1","Exc L3-4 RORB CUX2",0.0514323825217088,6.78916498552433,14.0354924664698,0.000220990655918529,0.00116531272429595,0.00116531272429595,"gpath_trio"
"1500","KIAA1614","Exc L3-4 RORB CUX2",0.0473999994910397,4.19553705881843,2.77417567877994,0.0970003170767859,0.186280505567483,0.186280505567483,"gpath_trio"
"1501","AL162431.2","Exc L3-4 RORB CUX2",0.0420634933819839,2.30398784467249,0.959344436271269,0.328262565435354,0.474457995054667,0.474457995054667,"gpath_trio"
"1502","STX6","Exc L3-4 RORB CUX2",0.0618398441662993,5.56883857913773,7.95301550251534,0.00517056422073259,0.0171066141609183,0.0171066141609183,"gpath_trio"
"1503","MR1","Exc L3-4 RORB CUX2",0.131297954629601,1.98032559631186,6.67731052426168,0.0103109445934888,0.0303462154884955,0.0303462154884955,"gpath_trio"
"1504","IER5","Exc L3-4 RORB CUX2",-0.150700790383353,4.25773504182788,15.9854879704008,8.32204274009145e-05,0.000497473221574355,0.000497473221574355,"gpath_trio"
"1505","CACNA1E","Exc L3-4 RORB CUX2",0.100290829123383,7.97483583735275,42.9907197724594,2.9461974345947e-10,7.41141312256209e-09,7.41141312256209e-09,"gpath_trio"
"1506","AL161734.1","Exc L3-4 RORB CUX2",0.114273421227807,-0.743308756917879,1.07325206945859,0.301174571107039,0.444719093323905,0.444719093323905,"gpath_trio"
"1507","LINC01344","Exc L3-4 RORB CUX2",-0.198328527785812,-0.323981333767764,3.32663688957723,0.069313983521371,0.143264995138168,0.143264995138168,"gpath_trio"
"1508","RGSL1","Exc L3-4 RORB CUX2",-0.0911506447159916,0.0789975584477007,1.364238857925,0.337499128213748,0.483768732626101,0.483768732626101,"gpath_trio"
"1509","RNASEL","Exc L3-4 RORB CUX2",-0.0688221379722145,2.27462174161203,1.98556485300021,0.160000216893511,0.274396835755405,0.274396835755405,"gpath_trio"
"1510","RGS8","Exc L3-4 RORB CUX2",0.151268197897244,-0.385530876715881,1.24375941790209,0.265781439462475,0.404323672233104,0.404323672233104,"gpath_trio"
"1511","NPL","Exc L3-4 RORB CUX2",0.15634940812918,3.13208386000113,16.852253186707,5.41376640167209e-05,0.000345313743767734,0.000345313743767734,"gpath_trio"
"1512","DHX9","Exc L3-4 RORB CUX2",-0.033662504655211,5.81550981309215,4.08170506864815,0.0443752114488307,0.10016445412622,0.10016445412622,"gpath_trio"
"1513","SHCBP1L","Exc L3-4 RORB CUX2",-0.116392324361456,0.0259219952646516,2.33959945715195,0.127337654913278,0.230675872126728,0.230675872126728,"gpath_trio"
"1514","LAMC1","Exc L3-4 RORB CUX2",0.0455883913828923,6.12177388053769,3.78031896136046,0.0529372383371137,0.115325912345274,0.115325912345274,"gpath_trio"
"1515","LAMC2","Exc L3-4 RORB CUX2",-0.103008193810374,-0.10457653209077,0.904218418161735,0.342536184765426,0.489179427034095,0.489179427034095,"gpath_trio"
"1516","NMNAT2","Exc L3-4 RORB CUX2",0.0445995333174483,8.43009220953447,9.19056562662892,0.00267837112814371,0.00979440655661916,0.00979440655661916,"gpath_trio"
"1517","SMG7","Exc L3-4 RORB CUX2",-0.0175044587524921,6.05970982739098,1.41563436693017,0.546823606829144,0.685014980923811,0.685014980923811,"gpath_trio"
"1518","ARPC5","Exc L3-4 RORB CUX2",-0.0620042985874785,4.82744223578348,7.187844919365,0.00780929275143297,0.0240758681632274,0.0240758681632274,"gpath_trio"
"1519","RGL1","Exc L3-4 RORB CUX2",0.0894509068968916,7.79999425709857,38.490507003864,2.15684765216805e-09,4.39983836021136e-08,4.39983836021136e-08,"gpath_trio"
"1520","APOBEC4","Exc L3-4 RORB CUX2",-0.652391057248499,0.0657660159304332,43.493023481878,2.364193852429e-10,6.09164891095212e-09,6.09164891095212e-09,"gpath_trio"
"1521","COLGALT2","Exc L3-4 RORB CUX2",0.0641752160037642,6.06962749499158,8.15487545505088,0.00464115526031648,0.0155799180327596,0.0155799180327596,"gpath_trio"
"1522","TSEN15","Exc L3-4 RORB CUX2",0.0473804524032502,5.53853641156328,4.38559925887028,0.197937584267395,0.323011466682415,0.323011466682415,"gpath_trio"
"1523","AL445228.2","Exc L3-4 RORB CUX2",-0.0368777480979219,-0.598065998868329,0.117222176018035,0.732343614971718,0.835313909546269,0.835313909546269,"gpath_trio"
"1524","C1orf21","Exc L3-4 RORB CUX2",0.111671343877253,7.24322110016948,66.0523159510596,1.79303896594976e-14,1.28278585595874e-12,1.28278585595874e-12,"gpath_trio"
"1525","EDEM3","Exc L3-4 RORB CUX2",0.0294422344976208,5.81084498057622,4.37888929457627,0.0373562971224844,0.0873306250806631,0.0873306250806631,"gpath_trio"
"1526","FAM129A","Exc L3-4 RORB CUX2",-0.190492193910644,0.086824052686186,3.03723060069357,0.082556886294902,0.164485994568403,0.164485994568403,"gpath_trio"
"1527","LINC01633","Exc L3-4 RORB CUX2",0.0210654001073928,2.06549669099583,0.11572297977291,0.733995037767995,0.836629937116909,0.836629937116909,"gpath_trio"
"1528","RNF2","Exc L3-4 RORB CUX2",0.0938506619225762,4.59488054310328,15.9312041686732,8.54987812854754e-05,0.000509131615240397,0.000509131615240397,"gpath_trio"
"1529","TRMT1L","Exc L3-4 RORB CUX2",0.0286407374143513,4.76498345451554,2.48052728193862,0.116479560367026,0.215199187766003,0.215199187766003,"gpath_trio"
"1530","SWT1","Exc L3-4 RORB CUX2",0.0775289381334639,4.96435893195346,11.5186752901301,0.000796553236703278,0.00348978535298341,0.00348978535298341,"gpath_trio"
"1531","IVNS1ABP","Exc L3-4 RORB CUX2",0.023862594900585,3.73600933871598,0.887520485133827,0.376860576057339,0.525152791957233,0.525152791957233,"gpath_trio"
"1532","HMCN1","Exc L3-4 RORB CUX2",-0.168352965731105,0.93919508867903,8.29083109182611,0.00431621459571566,0.0146623386880895,0.0146623386880895,"gpath_trio"
"1533","TPR","Exc L3-4 RORB CUX2",0.0270960235138341,5.69655524209698,1.84548853554198,0.175486471066277,0.294545719946933,0.294545719946933,"gpath_trio"
"1534","ODR4","Exc L3-4 RORB CUX2",0.0256789450609912,5.75987601334954,2.21697505696217,0.13771218535903,0.24502542901653,0.24502542901653,"gpath_trio"
"1535","AL596220.1","Exc L3-4 RORB CUX2",0.0607202990197348,6.03560073795428,9.47368378840596,0.00230741928819728,0.00863196442413873,0.00863196442413873,"gpath_trio"
"1536","PDC","Exc L3-4 RORB CUX2",-0.37091947229548,1.79233825263175,23.0060405167861,2.72296972586737e-06,2.51307933299973e-05,2.51307933299973e-05,"gpath_trio"
"1537","AL096803.3","Exc L3-4 RORB CUX2",0.0457592143644109,0.182591116342707,0.316588957292604,0.574149614562222,0.708252428847009,0.708252428847009,"gpath_trio"
"1538","PTGS2","Exc L3-4 RORB CUX2",-0.0821728115179926,2.22636153384432,2.36927464539053,0.327889614034951,0.474036041788258,0.474036041788258,"gpath_trio"
"1539","PACERR","Exc L3-4 RORB CUX2",-0.233200452401061,0.598615321451875,7.6783975978159,0.0059920182768907,0.0193515237291932,0.0193515237291932,"gpath_trio"
"1540","PLA2G4A","Exc L3-4 RORB CUX2",-0.0120293133323113,4.65620852745544,0.0735102675203677,0.786507889424853,0.87509940892274,0.87509940892274,"gpath_trio"
"1541","ERVMER61-1","Exc L3-4 RORB CUX2",-0.241508953226056,2.77915907288698,17.302194093665,4.33486997782336e-05,0.000284594864310401,0.000284594864310401,"gpath_trio"
"1542","LINC01035","Exc L3-4 RORB CUX2",0.113154386458568,-0.841663928983211,0.633748203517195,0.426709998363375,0.574806317485551,0.574806317485551,"gpath_trio"
"1543","LINC01701","Exc L3-4 RORB CUX2",0.120908827616108,-1.71745638335315,0.349749983620264,0.554768496293927,0.691489831504386,0.691489831504386,"gpath_trio"
"1544","BRINP3","Exc L3-4 RORB CUX2",0.151207328077541,8.17547052469434,26.957574684195,4.19849177728372e-07,4.79098255693999e-06,4.79098255693999e-06,"gpath_trio"
"1545","AL354771.1","Exc L3-4 RORB CUX2",-0.230696985700746,2.79151400546559,18.0958120824211,2.93346834890481e-05,0.000202264948527527,0.000202264948527527,"gpath_trio"
"1546","LINC01351","Exc L3-4 RORB CUX2",-0.194118619323752,-0.100402517658842,5.03798091269822,0.0256386840414151,0.0639461553387996,0.0639461553387996,"gpath_trio"
"1547","AL391645.1","Exc L3-4 RORB CUX2",-0.049935004583237,1.30517100785345,0.578727713835454,0.447500787773661,0.593847627607061,0.593847627607061,"gpath_trio"
"1548","LINC01720","Exc L3-4 RORB CUX2",0.00670399517797225,-0.979540393125893,0.00352346341653267,0.952711949585714,0.976972836377543,0.976972836377543,"gpath_trio"
"1549","LINC01680","Exc L3-4 RORB CUX2",0.222301932606004,1.82423644801953,5.72556750845121,0.017429746374202,0.0468360592833678,0.0468360592833678,"gpath_trio"
"1550","AL954650.1","Exc L3-4 RORB CUX2",0.436236966102522,-0.0262497846407957,11.4553950604091,0.000822943324174666,0.00358644875979178,0.00358644875979178,"gpath_trio"
"1551","AL390957.1","Exc L3-4 RORB CUX2",-0.0799199398777037,4.35773265380693,4.13671306202873,0.0429777787393762,0.0976657677480193,0.0976657677480193,"gpath_trio"
"1552","AL136454.1","Exc L3-4 RORB CUX2",-0.36544626790975,2.05247379711767,20.0923450282561,1.10723499302129e-05,8.68330712418024e-05,8.68330712418024e-05,"gpath_trio"
"1553","RGS2","Exc L3-4 RORB CUX2",-0.0776205125500953,2.78149796405794,3.06226358979868,0.0846003752064253,0.167613922202654,0.167613922202654,"gpath_trio"
"1554","UCHL5","Exc L3-4 RORB CUX2",-0.058698437771205,4.98903303164912,9.99240112389039,0.0017580787861996,0.00683398952249627,0.00683398952249627,"gpath_trio"
"1555","TROVE2","Exc L3-4 RORB CUX2",-0.0120896479489493,5.32731964936133,0.418500032505125,0.518257134558325,0.659175242069992,0.659175242069992,"gpath_trio"
"1556","GLRX2","Exc L3-4 RORB CUX2",-0.11255343694135,3.87612325390131,15.1603236296049,0.000125603801206835,0.000710217681992124,0.000710217681992124,"gpath_trio"
"1557","CDC73","Exc L3-4 RORB CUX2",0.0542335005080659,5.80026482740034,10.2942304379115,0.00150185668301051,0.00597986157089739,0.00597986157089739,"gpath_trio"
"1558","B3GALT2","Exc L3-4 RORB CUX2",0.0699405584605957,2.88061884765885,2.07972785155192,0.150470231681133,0.26194392530132,0.26194392530132,"gpath_trio"
"1559","LINC01031","Exc L3-4 RORB CUX2",0.0932714414657902,0.985165932890691,1.84115955896056,0.175991926140481,0.295344960063567,0.295344960063567,"gpath_trio"
"1560","AL357793.1","Exc L3-4 RORB CUX2",0.577828446817876,-1.00812041561388,12.0624709982392,0.000602427657833,0.00275101358007713,0.00275101358007713,"gpath_trio"
"1561","AL356272.1","Exc L3-4 RORB CUX2",0.3227242050646,-0.995013173966242,4.38555238140256,0.0372130668566992,0.0870260373054257,0.0870260373054257,"gpath_trio"
"1562","KCNT2","Exc L3-4 RORB CUX2",0.185081173092221,7.00136126106726,23.5694439734683,2.08118572611193e-06,1.97869566561301e-05,1.97869566561301e-05,"gpath_trio"
"1563","ASPM","Exc L3-4 RORB CUX2",0.157005240200484,0.321559836805183,3.1835330472032,0.0755497609402801,0.153573443523441,0.153573443523441,"gpath_trio"
"1564","ZBTB41","Exc L3-4 RORB CUX2",0.0716611343832147,5.16146148455744,9.83667042711441,0.0019073070492631,0.0073295085178825,0.0073295085178825,"gpath_trio"
"1565","CRB1","Exc L3-4 RORB CUX2",-0.0112871694173388,4.11418421515529,0.050964833797114,0.821570167306813,0.897751076499754,0.897751076499754,"gpath_trio"
"1566","DENND1B","Exc L3-4 RORB CUX2",0.0752828723886013,6.3693662770684,18.3686430177965,2.56605786651334e-05,0.000179104670657271,0.000179104670657271,"gpath_trio"
"1567","C1orf53","Exc L3-4 RORB CUX2",-0.0536173926101801,0.899186307574084,0.739861241201009,0.390497747334414,0.538244999144074,0.538244999144074,"gpath_trio"
"1568","NEK7","Exc L3-4 RORB CUX2",0.182311569661548,3.91566265498379,29.8443800158769,1.09488875961537e-07,1.45708316129552e-06,1.45708316129552e-06,"gpath_trio"
"1569","MIR181A1HG","Exc L3-4 RORB CUX2",0.301346495825122,5.28246107882447,55.0470928045053,1.67127125915968e-12,7.52631644052378e-11,7.52631644052378e-11,"gpath_trio"
"1570","LINC01221","Exc L3-4 RORB CUX2",0.0864914072239593,-0.691710382665306,0.569499898201163,0.451140683124612,0.597424567249035,0.597424567249035,"gpath_trio"
"1571","AC099673.1","Exc L3-4 RORB CUX2",-0.0940375459093088,-0.757989362694082,0.64283221023737,0.423419212585025,0.571632937225835,0.571632937225835,"gpath_trio"
"1572","NR5A2","Exc L3-4 RORB CUX2",-0.172957460076048,-0.393165770251801,3.13409270724165,0.0778428277519052,0.157110749289184,0.157110749289184,"gpath_trio"
"1573","LINC00862","Exc L3-4 RORB CUX2",0.153034799024485,4.23634749402845,24.9391670608037,1.08613042427135e-06,1.11725389038257e-05,1.11725389038257e-05,"gpath_trio"
"1574","AC104461.1","Exc L3-4 RORB CUX2",-0.144107103682755,1.98809052625201,8.42934138825242,0.00400909448441922,0.013755694085571,0.013755694085571,"gpath_trio"
"1575","ZNF281","Exc L3-4 RORB CUX2",-0.0359041250987081,4.1667797336267,1.88955980431315,0.170435111718224,0.287887506607098,0.287887506607098,"gpath_trio"
"1576","KIF14","Exc L3-4 RORB CUX2",-0.140228189575707,1.02287779362818,6.27823299453972,0.0128348041440648,0.0364534643086627,0.0364534643086627,"gpath_trio"
"1577","DDX59","Exc L3-4 RORB CUX2",-0.000378340616012995,2.93447428589388,8.57466582875969e-05,0.992618836019059,0.996573188501436,0.996573188501436,"gpath_trio"
"1578","AL445483.1","Exc L3-4 RORB CUX2",-0.0973955275178067,1.70827289037284,1.50554089147985,0.22093063473541,0.350994216535703,0.350994216535703,"gpath_trio"
"1579","CAMSAP2","Exc L3-4 RORB CUX2",0.0512926209830366,7.90559724758087,19.7721051682615,1.29355467115605e-05,9.96086469105849e-05,9.96086469105849e-05,"gpath_trio"
"1580","KIF21B","Exc L3-4 RORB CUX2",0.10051449258704,4.75385309943019,10.745668681565,0.00118769362669149,0.00491320871816708,0.00491320871816708,"gpath_trio"
"1581","CACNA1S","Exc L3-4 RORB CUX2",-0.0142003084430502,-0.315922544690346,0.0217932440947789,0.882752860251148,0.937887142849381,0.937887142849381,"gpath_trio"
"1582","ASCL5","Exc L3-4 RORB CUX2",-0.341804823380006,-0.663665625230908,10.1987565641772,0.00157849912649237,0.00624925821761843,0.00624925821761843,"gpath_trio"
"1583","TMEM9","Exc L3-4 RORB CUX2",-0.0632359162956765,4.92594133934369,10.8574167999794,0.00112084350973372,0.00466921697478375,0.00466921697478375,"gpath_trio"
"1584","PKP1","Exc L3-4 RORB CUX2",-0.0932641265297265,0.286036689206628,0.806544639003419,0.369974675716283,0.518414807825114,0.518414807825114,"gpath_trio"
"1585","TNNT2","Exc L3-4 RORB CUX2",0.0195252141702094,5.38114377139329,0.265624287844929,0.606720174019733,0.734772766123304,0.734772766123304,"gpath_trio"
"1586","PHLDA3","Exc L3-4 RORB CUX2",-0.0602330274029031,3.26116905036332,3.28725574306074,0.0709726914533752,0.145916034859049,0.145916034859049,"gpath_trio"
"1587","CSRP1","Exc L3-4 RORB CUX2",0.390791614929378,-0.653202317984278,1.97487050648631,0.161125533016125,0.275597278129392,0.275597278129392,"gpath_trio"
"1588","AC096677.1","Exc L3-4 RORB CUX2",0.0682399481910746,2.20409010654986,1.50833926258273,0.220503257121775,0.350563688922916,0.350563688922916,"gpath_trio"
"1589","NAV1","Exc L3-4 RORB CUX2",0.0941462819602025,7.14592905142506,21.77750632662,4.90633171714726e-06,4.22833158451286e-05,4.22833158451286e-05,"gpath_trio"
"1590","IPO9-AS1","Exc L3-4 RORB CUX2",-0.281480186933157,3.99652166101661,55.2257912443241,1.55051065576761e-12,7.0138010045093e-11,7.0138010045093e-11,"gpath_trio"
"1591","IPO9","Exc L3-4 RORB CUX2",0.0604847015853292,6.69135396845802,19.8216226114971,1.2627943437796e-05,9.75378096698065e-05,9.75378096698065e-05,"gpath_trio"
"1592","SHISA4","Exc L3-4 RORB CUX2",-0.0932006676832797,3.8392586001933,8.0169038342762,0.00499661910116763,0.0165964422729761,0.0165964422729761,"gpath_trio"
"1593","AL513217.1","Exc L3-4 RORB CUX2",0.0155789235695199,0.00821573082053541,0.0291083798385808,0.864661721557572,0.926472475034469,0.926472475034469,"gpath_trio"
"1594","LMOD1","Exc L3-4 RORB CUX2",-0.379704454012002,-0.312473388898503,12.5283798281083,0.000474707772691308,0.00224200512535967,0.00224200512535967,"gpath_trio"
"1595","TIMM17A","Exc L3-4 RORB CUX2",-0.18223188114666,4.40247288050366,46.2211055572578,7.20626593742036e-11,2.12553238724351e-09,2.12553238724351e-09,"gpath_trio"
"1596","RNPEP","Exc L3-4 RORB CUX2",-0.0252927913395655,4.33868660078315,1.37788149369182,0.241536423024603,0.375539252043879,0.375539252043879,"gpath_trio"
"1597","ELF3","Exc L3-4 RORB CUX2",-0.0271262724968961,-0.721765356815485,0.0588626730246913,0.808493919774582,0.889241935967519,0.889241935967519,"gpath_trio"
"1598","ARL8A","Exc L3-4 RORB CUX2",-0.0755990547422209,5.18917410286255,11.7915351312346,0.000692264160503265,0.00309964856112523,0.00309964856112523,"gpath_trio"
"1599","PTPN7","Exc L3-4 RORB CUX2",-0.33399599851873,-0.0218327686516244,11.3258550176483,0.000879776526114367,0.00379181615346237,0.00379181615346237,"gpath_trio"
"1600","LGR6","Exc L3-4 RORB CUX2",-0.17867230369817,-0.0224815314124829,4.68199930033752,0.0495708248403528,0.109563035840723,0.109563035840723,"gpath_trio"
"1601","UBE2T","Exc L3-4 RORB CUX2",-0.133891297727931,2.95870232362636,19.0276649540842,1.85898966082706e-05,0.000135495362742724,0.000135495362742724,"gpath_trio"
"1602","PPP1R12B","Exc L3-4 RORB CUX2",0.0545149130445957,7.80805818851612,20.796319974182,7.87370296158029e-06,6.40273910721009e-05,6.40273910721009e-05,"gpath_trio"
"1603","SYT2","Exc L3-4 RORB CUX2",-0.212956621389648,3.9943619215566,4.59641183161439,0.0329665395674498,0.0786263075745715,0.0786263075745715,"gpath_trio"
"1604","AC104463.2","Exc L3-4 RORB CUX2",0.0367902923802149,0.491787499738918,0.241841793229367,0.623293939000122,0.748420141609776,0.748420141609776,"gpath_trio"
"1605","KDM5B","Exc L3-4 RORB CUX2",-0.0211300294063056,6.85127180070319,1.57427917967146,0.21071332497441,0.338844359266597,0.338844359266597,"gpath_trio"
"1606","PCAT6","Exc L3-4 RORB CUX2",-0.250348867963381,-0.106043199761784,6.20727927966263,0.0133465791620002,0.0376702902341011,0.0376702902341011,"gpath_trio"
"1607","RABIF","Exc L3-4 RORB CUX2",-0.0776043211402062,3.72222385639151,8.96258459021821,0.00302108318033177,0.0108317670451739,0.0108317670451739,"gpath_trio"
"1608","KLHL12","Exc L3-4 RORB CUX2",0.0363839238387698,4.52944922462765,2.84099002543698,0.0930872709774138,0.180268352079989,0.180268352079989,"gpath_trio"
"1609","ADIPOR1","Exc L3-4 RORB CUX2",-0.0345785219765308,4.31123342064162,2.25236131778357,0.134624039574229,0.241018723791824,0.241018723791824,"gpath_trio"
"1610","CYB5R1","Exc L3-4 RORB CUX2",-0.0999915679967383,3.6822474176011,11.0109201599466,0.00103521144642695,0.00436841475249189,0.00436841475249189,"gpath_trio"
"1611","TMEM183A","Exc L3-4 RORB CUX2",-0.0825679686796633,3.95678888243975,10.2433741034792,0.00154219753445764,0.00612115586419101,0.00612115586419101,"gpath_trio"
"1612","PPFIA4","Exc L3-4 RORB CUX2",0.110340886810974,6.87093679284817,32.4891240630205,3.24412579031471e-08,4.91368151798793e-07,4.91368151798793e-07,"gpath_trio"
"1613","ADORA1","Exc L3-4 RORB CUX2",-0.00274126797102555,4.95922486807236,0.0107296844793866,0.917579185943885,0.958377851421203,0.958377851421203,"gpath_trio"
"1614","CHI3L1","Exc L3-4 RORB CUX2",-0.149494474755091,1.70057407908135,0.884286929205523,0.34790301414433,0.494954044874258,0.494954044874258,"gpath_trio"
"1615","CHIT1","Exc L3-4 RORB CUX2",-0.0649191855078709,0.964427324246576,1.02994654631341,0.358423740095356,0.506138374495961,0.506138374495961,"gpath_trio"
"1616","BTG2","Exc L3-4 RORB CUX2",-0.111812568990985,1.5654900893863,3.79758382736344,0.0524021397013348,0.11444178052332,0.11444178052332,"gpath_trio"
"1617","FMOD","Exc L3-4 RORB CUX2",-0.165762893031184,-1.11102829397999,1.31071375815194,0.253318230156555,0.390010324588561,0.390010324588561,"gpath_trio"
"1618","PRELP","Exc L3-4 RORB CUX2",0.173447183023013,1.05289243433067,4.15839923602184,0.0424397274550897,0.0966389956440671,0.0966389956440671,"gpath_trio"
"1619","ATP2B4","Exc L3-4 RORB CUX2",0.0488148972525607,7.01388893741159,3.11720101454751,0.0786434450576901,0.158314857716913,0.158314857716913,"gpath_trio"
"1620","SNRPE","Exc L3-4 RORB CUX2",-0.271879647401609,3.2476612807376,72.6032968061035,1.30261484233709e-15,1.23381476263618e-13,1.23381476263618e-13,"gpath_trio"
"1621","ETNK2","Exc L3-4 RORB CUX2",0.00223281175320038,2.20194295975413,0.00205872690144078,0.963844673793106,0.98131894244939,0.98131894244939,"gpath_trio"
"1622","REN","Exc L3-4 RORB CUX2",-0.232464873888843,0.620171118652569,10.2138916810365,0.00156608826635067,0.0062049942603348,0.0062049942603348,"gpath_trio"
"1623","KISS1","Exc L3-4 RORB CUX2",0.265306315861863,-0.927244929544632,3.49788234483857,0.0625708936016372,0.132033027759966,0.132033027759966,"gpath_trio"
"1624","GOLT1A","Exc L3-4 RORB CUX2",0.337255371952695,2.03079496592873,20.4334352079656,9.38489905705642e-06,7.47199441500053e-05,7.47199441500053e-05,"gpath_trio"
"1625","PLEKHA6","Exc L3-4 RORB CUX2",0.0896681768499581,7.61575130577581,35.5481057338404,8.08016849994116e-09,1.44008303433139e-07,1.44008303433139e-07,"gpath_trio"
"1626","AL606489.1","Exc L3-4 RORB CUX2",-0.116925266562144,1.2726267339747,4.02883522018846,0.0457637463832934,0.10274689330992,0.10274689330992,"gpath_trio"
"1627","PPP1R15B","Exc L3-4 RORB CUX2",0.0437603114527058,3.19671855369825,2.89076820818479,0.111664264859889,0.208344265564437,0.208344265564437,"gpath_trio"
"1628","PIK3C2B","Exc L3-4 RORB CUX2",0.106007303769635,4.23439406957039,15.5971736648256,0.000100979570432062,0.000588294205448122,0.000588294205448122,"gpath_trio"
"1629","MDM4","Exc L3-4 RORB CUX2",-0.00508599417718873,5.83924273593752,0.0721910466386736,0.788385995016277,0.876192069510745,0.876192069510745,"gpath_trio"
"1630","AL512306.3","Exc L3-4 RORB CUX2",-0.155814109984923,1.49074869526972,2.39203780357847,0.123170827142636,0.224713320755397,0.224713320755397,"gpath_trio"
"1631","LRRN2","Exc L3-4 RORB CUX2",0.150042432908418,6.15799623121536,61.4344077059846,1.17792745975736e-13,6.92848002933081e-12,6.92848002933081e-12,"gpath_trio"
"1632","NFASC","Exc L3-4 RORB CUX2",0.0886515467137087,7.79055510781924,40.6355346819976,8.31481885006045e-10,1.87222623102645e-08,1.87222623102645e-08,"gpath_trio"
"1633","CNTN2","Exc L3-4 RORB CUX2",0.0912953152546331,4.64634929360825,11.1662242708191,0.000955344125765246,0.0040808951381143,0.0040808951381143,"gpath_trio"
"1634","TMEM81","Exc L3-4 RORB CUX2",-0.0383077627034186,2.02449577767784,0.656642188386877,0.559318225302489,0.695414238752983,0.695414238752983,"gpath_trio"
"1635","RBBP5","Exc L3-4 RORB CUX2",0.0208842846396067,4.93953006965428,0.805629558978364,0.370245894411035,0.51854987294291,0.51854987294291,"gpath_trio"
"1636","DSTYK","Exc L3-4 RORB CUX2",0.00868978193713525,6.05747383798324,0.233544393685111,0.629314770179673,0.753275395597233,0.753275395597233,"gpath_trio"
"1637","TMCC2","Exc L3-4 RORB CUX2",-0.0185195755190151,4.01832550838044,0.502032836042409,0.479243025621093,0.622904783011567,0.622904783011567,"gpath_trio"
"1638","KLHDC8A","Exc L3-4 RORB CUX2",0.136130595453129,1.91678489819619,3.07105790559621,0.0808763213174888,0.161680517497061,0.161680517497061,"gpath_trio"
"1639","LEMD1","Exc L3-4 RORB CUX2",-0.0206886346907181,1.75773274789636,0.15672827094171,0.692511417688042,0.804758818723359,0.804758818723359,"gpath_trio"
"1640","CDK18","Exc L3-4 RORB CUX2",0.4229711109254,1.82984383957777,1.44115568492248,0.231044998364837,0.362868437119032,0.362868437119032,"gpath_trio"
"1641","MFSD4A","Exc L3-4 RORB CUX2",0.0299112576792129,6.09002716786358,2.32403164380248,0.128604859155368,0.232399206329621,0.232399206329621,"gpath_trio"
"1642","ELK4","Exc L3-4 RORB CUX2",-0.0452200357571445,4.44281470221376,3.01415937711507,0.0837248116966476,0.166287465640861,0.166287465640861,"gpath_trio"
"1643","NUCKS1","Exc L3-4 RORB CUX2",-0.0739552071614819,7.33832280513849,23.6807803452521,1.97370479938589e-06,1.89076421308691e-05,1.89076421308691e-05,"gpath_trio"
"1644","RAB29","Exc L3-4 RORB CUX2",0.0415722802311908,3.10300962775997,1.05172711011587,0.306062805316672,0.45002675441031,0.45002675441031,"gpath_trio"
"1645","SLC41A1","Exc L3-4 RORB CUX2",0.0480784783681732,3.15587620687197,1.85517482288534,0.174361568362495,0.293145386809444,0.293145386809444,"gpath_trio"
"1646","PM20D1","Exc L3-4 RORB CUX2",-0.0451562108426488,1.30394988946367,0.255507455594564,0.613651757087115,0.74041170978007,0.74041170978007,"gpath_trio"
"1647","RAB7B","Exc L3-4 RORB CUX2",0.187223959820526,0.74956132898554,3.53624022195506,0.0611591673618558,0.12969163354272,0.12969163354272,"gpath_trio"
"1648","RHEX","Exc L3-4 RORB CUX2",-0.161572509698929,0.130157753398277,2.06209278171741,0.152204670665081,0.26433065599277,0.26433065599277,"gpath_trio"
"1649","AC244035.1","Exc L3-4 RORB CUX2",0.0451165414153189,0.488223021241402,0.389073757982086,0.662399247635744,0.780745589212471,0.780745589212471,"gpath_trio"
"1650","SRGAP2","Exc L3-4 RORB CUX2",-0.00533078424513605,5.72799302542731,0.0651433065252809,0.798745796212079,0.882561829157056,0.882561829157056,"gpath_trio"
"1651","IKBKE","Exc L3-4 RORB CUX2",0.0773583498232722,0.173455992431929,0.451688372019594,0.502131019095893,0.644761539604101,0.644761539604101,"gpath_trio"
"1652","RASSF5","Exc L3-4 RORB CUX2",0.028158962818054,4.38647550647455,0.923394918239673,0.337477921641433,0.483768732626101,0.483768732626101,"gpath_trio"
"1653","EIF2D","Exc L3-4 RORB CUX2",0.0337417778087989,3.85063832384478,1.84822302204905,0.175168056534242,0.294109149515507,0.294109149515507,"gpath_trio"
"1654","DYRK3","Exc L3-4 RORB CUX2",0.214898002187812,2.42930048545512,20.5103332412053,9.0418823873732e-06,7.23028050595538e-05,7.23028050595538e-05,"gpath_trio"
"1655","MAPKAPK2","Exc L3-4 RORB CUX2",0.243432159729442,1.26604738417292,6.14323609174683,0.0138266465515987,0.038732656786796,0.038732656786796,"gpath_trio"
"1656","PFKFB2","Exc L3-4 RORB CUX2",-0.0144227773618911,4.17700963615145,0.193218678922797,0.660616253366461,0.779456863656842,0.779456863656842,"gpath_trio"
"1657","YOD1","Exc L3-4 RORB CUX2",0.00954797695201941,3.07910770955494,0.0886055190757235,0.989824942233548,0.995201744720514,0.995201744720514,"gpath_trio"
"1658","C4BPA","Exc L3-4 RORB CUX2",-0.200771548965379,-0.567665932608756,3.81246597534073,0.0519455111058713,0.113718154026614,0.113718154026614,"gpath_trio"
"1659","AL596218.1","Exc L3-4 RORB CUX2",-0.468279496686171,1.11732259974124,41.2894848599448,6.22776249739051e-10,1.44419664810177e-08,1.44419664810177e-08,"gpath_trio"
"1660","CD55","Exc L3-4 RORB CUX2",0.0954887128078489,3.47876382970988,6.26225952275606,0.0129482185434572,0.0366999591337803,0.0366999591337803,"gpath_trio"
"1661","CR2","Exc L3-4 RORB CUX2",0.0206202322756093,-0.603239383545778,0.0252937806317577,0.873760678497625,0.932162322917328,0.932162322917328,"gpath_trio"
"1662","CR1L","Exc L3-4 RORB CUX2",-0.0836216182194631,1.07617018667079,1.59590165700273,0.207616580579178,0.335173602719446,0.335173602719446,"gpath_trio"
"1663","CD46","Exc L3-4 RORB CUX2",-0.00722377101216651,5.96389072477989,0.142979166189129,0.705645621283511,0.815414268429242,0.815414268429242,"gpath_trio"
"1664","MIR29B2CHG","Exc L3-4 RORB CUX2",0.16459049042112,7.42045658691496,72.3012184639265,1.46825393192625e-15,1.37776851519126e-13,1.37776851519126e-13,"gpath_trio"
"1665","AL356275.1","Exc L3-4 RORB CUX2",0.0216736065346638,0.300405144027909,0.0593124245523528,0.807778041170317,0.889072952412011,0.889072952412011,"gpath_trio"
"1666","PLXNA2","Exc L3-4 RORB CUX2",0.0984987234795359,7.71527552518654,23.9935854040945,1.70078985459043e-06,1.66428815879809e-05,1.66428815879809e-05,"gpath_trio"
"1667","LINC01717","Exc L3-4 RORB CUX2",0.0789129322005697,-0.851410623577506,0.516964049223637,0.667614442112161,0.784822361590307,0.784822361590307,"gpath_trio"
"1668","AC092810.3","Exc L3-4 RORB CUX2",-0.531718242136586,-0.976223148655688,14.8009752149339,0.000150374970231339,0.00082981811389969,0.00082981811389969,"gpath_trio"
"1669","AL023754.1","Exc L3-4 RORB CUX2",0.273067324443363,-1.67557633567117,2.59935479051445,0.108120348019859,0.203084258570026,0.203084258570026,"gpath_trio"
"1670","CAMK1G","Exc L3-4 RORB CUX2",-0.034856181193504,5.3247100151682,1.3880208764459,0.239816764124337,0.373440381025279,0.373440381025279,"gpath_trio"
"1671","LAMB3","Exc L3-4 RORB CUX2",-0.0122374295540819,1.52836313691381,0.0460272120371105,0.830294504734648,0.903148561225447,0.903148561225447,"gpath_trio"
"1672","AL031316.1","Exc L3-4 RORB CUX2",0.0440225281215801,3.38538936634169,1.6527488497166,0.199729044722118,0.325382225231648,0.325382225231648,"gpath_trio"
"1673","G0S2","Exc L3-4 RORB CUX2",0.234925347278354,-0.227965072187015,5.98100691457786,0.0151244427657882,0.0417765105147558,0.0417765105147558,"gpath_trio"
"1674","HSD11B1","Exc L3-4 RORB CUX2",-0.503487061902636,1.49981067118167,43.705021199406,2.15475693772429e-10,5.60931886691452e-09,5.60931886691452e-09,"gpath_trio"
"1675","C1orf74","Exc L3-4 RORB CUX2",-0.174664277307491,0.348216730476813,5.75351048541302,0.0171607030778333,0.04628571986568,0.04628571986568,"gpath_trio"
"1676","UTP25","Exc L3-4 RORB CUX2",0.00862219582639574,3.81353276728652,0.125192163285518,0.723756745912625,0.828867458933295,0.828867458933295,"gpath_trio"
"1677","SYT14","Exc L3-4 RORB CUX2",0.122841172888044,7.89112463214468,53.3670036236493,3.39061737823649e-12,1.42215604170314e-10,1.42215604170314e-10,"gpath_trio"
"1678","SERTAD4-AS1","Exc L3-4 RORB CUX2",-0.191086294135769,1.10744826934011,6.941667405762,0.00892642966762245,0.0269228142063161,0.0269228142063161,"gpath_trio"
"1679","SERTAD4","Exc L3-4 RORB CUX2",-0.10576262450658,2.74894278720647,3.057918718298,0.0815246346732183,0.162766898023966,0.162766898023966,"gpath_trio"
"1680","HHAT","Exc L3-4 RORB CUX2",0.112086862708641,6.11116127148193,8.86141785974547,0.00318722943223651,0.011338803349563,0.011338803349563,"gpath_trio"
"1681","KCNH1","Exc L3-4 RORB CUX2",0.0288204314704492,7.92296361984738,1.67524488026292,0.19670586917485,0.321469494581012,0.321469494581012,"gpath_trio"
"1682","AC092017.3","Exc L3-4 RORB CUX2",-0.139017056267948,-0.765258780294224,1.84825252831568,0.175164624357037,0.294109149515507,0.294109149515507,"gpath_trio"
"1683","RCOR3","Exc L3-4 RORB CUX2",0.0169999659850076,6.78112374682295,1.04330870378194,0.308002626619038,0.452121143192599,0.452121143192599,"gpath_trio"
"1684","TRAF5","Exc L3-4 RORB CUX2",0.172705504850502,4.36680365327636,19.6499685504714,1.37270725670055e-05,0.000104644009173178,0.000104644009173178,"gpath_trio"
"1685","LINC00467","Exc L3-4 RORB CUX2",0.136268510534007,1.2755261397737,4.3161296281556,0.0387342566553673,0.0898647226336287,0.0898647226336287,"gpath_trio"
"1686","SLC30A1","Exc L3-4 RORB CUX2",-0.0391144664842657,2.97638939291268,1.04962657713841,0.562866853226947,0.698391067887679,0.698391067887679,"gpath_trio"
"1687","NEK2","Exc L3-4 RORB CUX2",-0.0581854346147743,0.223865574323359,0.480996244286102,0.488590501570515,0.632041123953907,0.632041123953907,"gpath_trio"
"1688","AC096637.2","Exc L3-4 RORB CUX2",0.135081721294466,-1.09212136588804,1.00267949368367,0.317593997031515,0.462799486465209,0.462799486465209,"gpath_trio"
"1689","LPGAT1","Exc L3-4 RORB CUX2",0.00458392897283191,6.10615874112598,0.065034990217248,0.798909570442246,0.882646108300329,0.882646108300329,"gpath_trio"
"1690","AL445488.1","Exc L3-4 RORB CUX2",0.0604114357540087,-0.815629001942354,0.253152943673945,0.615289642027284,0.741941798969118,0.741941798969118,"gpath_trio"
"1691","INTS7","Exc L3-4 RORB CUX2",0.143785324004711,4.54346317390851,37.4875603801454,3.37736863317909e-09,6.6748250819078e-08,6.6748250819078e-08,"gpath_trio"
"1692","DTL","Exc L3-4 RORB CUX2",-0.0664375510165761,-0.806621624728156,0.341504775029066,0.559468619355506,0.695414909463208,0.695414909463208,"gpath_trio"
"1693","PPP2R5A","Exc L3-4 RORB CUX2",0.00601633352370811,4.6089529399839,0.0939287666260182,0.759486005257468,0.856299885775647,0.856299885775647,"gpath_trio"
"1694","AL360091.3","Exc L3-4 RORB CUX2",-0.0916795941184238,2.0802691070827,3.41273412541054,0.0658311262163445,0.137486623175969,0.137486623175969,"gpath_trio"
"1695","TMEM206","Exc L3-4 RORB CUX2",0.0304313137866683,2.08703676100765,0.465020244211175,0.592667924007166,0.723224784784647,0.723224784784647,"gpath_trio"
"1696","NENF","Exc L3-4 RORB CUX2",-0.108054370348655,4.12344591036622,14.4306431991076,0.000181112149665806,0.000976205615684647,0.000976205615684647,"gpath_trio"
"1697","AC092803.2","Exc L3-4 RORB CUX2",-0.0671406311234899,-0.482980300411637,0.462844818488049,0.496902770527275,0.640234488342788,0.640234488342788,"gpath_trio"
"1698","ATF3","Exc L3-4 RORB CUX2",-0.0451724716671876,0.871658487420567,0.292135214486091,0.589318162445181,0.720706427067438,0.720706427067438,"gpath_trio"
"1699","BATF3","Exc L3-4 RORB CUX2",-0.197768744217315,2.14621919035779,13.7557183098207,0.000254518742752725,0.00131630751987599,0.00131630751987599,"gpath_trio"
"1700","NSL1","Exc L3-4 RORB CUX2",0.0311654579075244,5.81729571759378,2.82824877445343,0.184097766549765,0.305693204949918,0.305693204949918,"gpath_trio"
"1701","TATDN3","Exc L3-4 RORB CUX2",-0.0390826450527849,5.2125453419176,3.30281336290442,0.0703123610742439,0.144838869172235,0.144838869172235,"gpath_trio"
"1702","SPATA45","Exc L3-4 RORB CUX2",-0.017448500668557,0.115236113981795,0.0465712715963554,0.829309898901361,0.902298830304426,0.902298830304426,"gpath_trio"
"1703","FLVCR1-DT","Exc L3-4 RORB CUX2",-0.112684996974793,1.25610651281924,2.40647488660813,0.122050516548715,0.2231339645165,0.2231339645165,"gpath_trio"
"1704","FLVCR1","Exc L3-4 RORB CUX2",-0.0429985901258313,4.78767988837557,3.93914831092601,0.0482256396998829,0.107002877522033,0.107002877522033,"gpath_trio"
"1705","VASH2","Exc L3-4 RORB CUX2",0.154427583194379,2.2334609283127,6.38926457724643,0.0120743268379581,0.0346022079482678,0.0346022079482678,"gpath_trio"
"1706","ANGEL2","Exc L3-4 RORB CUX2",0.0120900580726543,5.10203589542043,0.336298910701711,0.562475567128633,0.697948494176774,0.697948494176774,"gpath_trio"
"1707","RPS6KC1","Exc L3-4 RORB CUX2",0.114525647922993,8.4675633712176,52.1156207641983,5.75829905907745e-12,2.24707318214483e-10,2.24707318214483e-10,"gpath_trio"
"1708","AL592402.1","Exc L3-4 RORB CUX2",0.128833150575436,1.0405501850513,3.07704676095025,0.0805826767524637,0.161253844838875,0.161253844838875,"gpath_trio"
"1709","AC096639.1","Exc L3-4 RORB CUX2",-0.0458496884731912,1.38803241409674,0.429976600168109,0.512580227429133,0.654051869396944,0.654051869396944,"gpath_trio"
"1710","PROX1","Exc L3-4 RORB CUX2",-0.0569016856484139,-2.09317288229603,0.0976244839543988,0.880419779600171,0.93664148140864,0.93664148140864,"gpath_trio"
"1711","AL592287.1","Exc L3-4 RORB CUX2",-0.0256151466679355,-0.161492672422905,0.111256938078884,0.738986477494526,0.840657016264565,0.840657016264565,"gpath_trio"
"1712","SMYD2","Exc L3-4 RORB CUX2",0.0888891223323132,5.72200537883635,7.53281532782023,0.00648072955460652,0.0206465216900979,0.0206465216900979,"gpath_trio"
"1713","PTPN14","Exc L3-4 RORB CUX2",0.0505662379632415,5.92627272588471,1.62244515526884,0.203888634854027,0.330504034081632,0.330504034081632,"gpath_trio"
"1714","CENPF","Exc L3-4 RORB CUX2",0.143979380387699,0.104059543035908,2.52401036636667,0.113340333886489,0.210517513916398,0.210517513916398,"gpath_trio"
"1715","KCNK2","Exc L3-4 RORB CUX2",0.383155686409871,-0.257114392069053,1.50611150790297,0.220843407405324,0.350907085480662,0.350907085480662,"gpath_trio"
"1716","KCTD3","Exc L3-4 RORB CUX2",0.0753394065669023,5.71621742477452,27.1548980484154,3.8277935763439e-07,4.41289916587076e-06,4.41289916587076e-06,"gpath_trio"
"1717","USH2A","Exc L3-4 RORB CUX2",-0.0267617280506523,3.73989380003016,0.24496433787592,0.621061354024616,0.746628102576966,0.746628102576966,"gpath_trio"
"1718","ESRRG","Exc L3-4 RORB CUX2",0.129453147580615,7.4836270629965,8.4216042450908,0.00402564461132159,0.0138054360077194,0.0138054360077194,"gpath_trio"
"1719","GPATCH2","Exc L3-4 RORB CUX2",0.00184227763598398,6.70730325447551,0.00618369808796023,0.937382244329808,0.969780358922818,0.969780358922818,"gpath_trio"
"1720","SPATA17","Exc L3-4 RORB CUX2",0.0728886786659776,3.08106473536111,2.02286824404932,0.1561447496695,0.269387747954692,0.269387747954692,"gpath_trio"
"1721","LINC00210","Exc L3-4 RORB CUX2",0.0956873118617043,-1.20457722759452,0.360337466914891,0.5488417101094,0.687031178349391,0.687031178349391,"gpath_trio"
"1722","RRP15","Exc L3-4 RORB CUX2",0.0323487951882509,4.67248052541981,1.08462262425891,0.298633150852012,0.441709957363588,0.441709957363588,"gpath_trio"
"1723","TGFB2","Exc L3-4 RORB CUX2",0.285763090661182,2.9978835292642,25.3488512637345,8.94900529579265e-07,9.35472444780398e-06,9.35472444780398e-06,"gpath_trio"
"1724","LYPLAL1-DT","Exc L3-4 RORB CUX2",0.0973829409484758,2.00801047684286,3.12043469145399,0.0784894907263477,0.158083805071784,0.158083805071784,"gpath_trio"
"1725","LYPLAL1","Exc L3-4 RORB CUX2",0.0895892536562221,5.51991125886171,17.3302334890886,4.2753331234903e-05,0.000280868921414577,0.000280868921414577,"gpath_trio"
"1726","AC096642.1","Exc L3-4 RORB CUX2",0.117055726916358,2.05861584692831,7.74362968990454,0.00578548041424219,0.0188079386653781,0.0188079386653781,"gpath_trio"
"1727","AL513283.1","Exc L3-4 RORB CUX2",-0.0360530183016874,0.475779980926368,0.226533238524518,0.634506045132378,0.757374145059223,0.757374145059223,"gpath_trio"
"1728","ZC3H11B","Exc L3-4 RORB CUX2",0.198567713278014,2.17252033025316,14.381934618201,0.000185604033593129,0.000998017424771156,0.000998017424771156,"gpath_trio"
"1729","SLC30A10","Exc L3-4 RORB CUX2",0.116893416406419,3.41017450572321,3.15377192469709,0.076921200215583,0.155664017824911,0.155664017824911,"gpath_trio"
"1730","EPRS","Exc L3-4 RORB CUX2",-0.0172639875198558,5.7645989760515,0.85566496690573,0.35581239221647,0.503578745209911,0.503578745209911,"gpath_trio"
"1731","BPNT1","Exc L3-4 RORB CUX2",0.00244187672237047,3.3329447721083,0.00652947482738591,0.935659062858295,0.969109144570926,0.969109144570926,"gpath_trio"
"1732","IARS2","Exc L3-4 RORB CUX2",-0.0341300802535575,4.37451370653583,1.78322288866285,0.182921942503973,0.304279512723123,0.304279512723123,"gpath_trio"
"1733","RAB3GAP2","Exc L3-4 RORB CUX2",0.000113246596875579,6.83604624527164,6.23777890454749e-05,0.993704460711949,0.99676763759079,0.99676763759079,"gpath_trio"
"1734","MARK1","Exc L3-4 RORB CUX2",0.0974275311307384,7.64368718639074,38.0914264590896,2.5776434308322e-09,5.18484109840875e-08,5.18484109840875e-08,"gpath_trio"
"1735","C1orf115","Exc L3-4 RORB CUX2",-0.0878324346924372,5.70666388017557,11.8857462000163,0.000659575385720442,0.00298027623894959,0.00298027623894959,"gpath_trio"
"1736","MARC2","Exc L3-4 RORB CUX2",0.029109959607358,5.31226936402279,2.82642767428044,0.0939251695770935,0.1815598635832,0.1815598635832,"gpath_trio"
"1737","MARC1","Exc L3-4 RORB CUX2",0.0265670022006444,4.10667369154165,0.968804034662569,0.723650666225129,0.828842100017883,0.828842100017883,"gpath_trio"
"1738","RNU6ATAC35P","Exc L3-4 RORB CUX2",-0.102089578201236,-0.465475302762085,1.08769670348784,0.297950827232111,0.441315464313035,0.441315464313035,"gpath_trio"
"1739","LINC01352","Exc L3-4 RORB CUX2",0.044134703097616,-0.192546651357304,0.222684108316449,0.986071774106357,0.992802079096215,0.992802079096215,"gpath_trio"
"1740","HLX-AS1","Exc L3-4 RORB CUX2",-0.120633465573984,-0.739982644008234,0.907442589213028,0.341678603149067,0.488233289789109,0.488233289789109,"gpath_trio"
"1741","HLX","Exc L3-4 RORB CUX2",-0.116611370475065,-0.670820127640555,1.08842418977821,0.297789648529175,0.441123771284217,0.441123771284217,"gpath_trio"
"1742","LINC02257","Exc L3-4 RORB CUX2",-0.0278908450482488,-0.402716056871356,0.095027956328143,0.758126721771537,0.855340935675022,0.855340935675022,"gpath_trio"
"1743","AL356108.1","Exc L3-4 RORB CUX2",0.0380355643214286,1.43733036541181,0.427902001776459,0.820895712111749,0.897354301682626,0.897354301682626,"gpath_trio"
"1744","AL513314.2","Exc L3-4 RORB CUX2",0.00235361429349676,2.71106373185037,0.00316992599254057,0.95514439030901,0.977684529766621,0.977684529766621,"gpath_trio"
"1745","HHIPL2","Exc L3-4 RORB CUX2",0.041147645769416,-1.26158060339857,0.0677352055566946,0.794869302767125,0.880303462882294,0.880303462882294,"gpath_trio"
"1746","TAF1A","Exc L3-4 RORB CUX2",0.0328724987421563,2.39324887141453,0.815887821901778,0.39601267659927,0.544173528837371,0.544173528837371,"gpath_trio"
"1747","TAF1A-AS1","Exc L3-4 RORB CUX2",0.0821549598265088,0.00238688812779803,1.14350763325051,0.285904100352383,0.427584523692315,0.427584523692315,"gpath_trio"
"1748","MIA3","Exc L3-4 RORB CUX2",0.0629753891916354,5.8840235287939,12.4671932380415,0.000489770465599094,0.0023032911756321,0.0023032911756321,"gpath_trio"
"1749","AL592148.3","Exc L3-4 RORB CUX2",-0.0326283961097223,-0.147162077588133,0.107939086907814,0.742767210820043,0.843506327140808,0.843506327140808,"gpath_trio"
"1750","AIDA","Exc L3-4 RORB CUX2",-0.0353410002512448,3.48455200321401,1.20889882333319,0.272567306925205,0.412160501964924,0.412160501964924,"gpath_trio"
"1751","BROX","Exc L3-4 RORB CUX2",0.0125419405574338,4.20540192069477,0.266566888232785,0.606082898883865,0.734381867092249,0.734381867092249,"gpath_trio"
"1752","FAM177B","Exc L3-4 RORB CUX2",-0.24196463031182,0.761131074701873,7.13494808208807,0.0080365369159318,0.0246558899450919,0.0246558899450919,"gpath_trio"
"1753","AC093152.1","Exc L3-4 RORB CUX2",0.0815218803448021,3.31542047970044,4.91109482367303,0.0275508256517822,0.0677272946904723,0.0677272946904723,"gpath_trio"
"1754","DISP1","Exc L3-4 RORB CUX2",-0.0352329916447429,0.541731159006616,0.249234139498381,0.994827675821831,0.997150653800946,0.997150653800946,"gpath_trio"
"1755","TLR5","Exc L3-4 RORB CUX2",0.108976290692908,-0.324926998817815,0.894998812724363,0.345004611868623,0.491914533342952,0.491914533342952,"gpath_trio"
"1756","SUSD4","Exc L3-4 RORB CUX2",0.0652633898345266,7.15557706570819,3.03768971364907,0.0825338251160177,0.164456288564509,0.164456288564509,"gpath_trio"
"1757","CAPN8","Exc L3-4 RORB CUX2",-0.016952608902093,0.897128959814176,0.0333629570761722,0.855210832505257,0.920002100552925,0.920002100552925,"gpath_trio"
"1758","CAPN2","Exc L3-4 RORB CUX2",0.0989158157142783,4.28698998180469,17.2666675995431,4.41151193693709e-05,0.000289062206325774,0.000289062206325774,"gpath_trio"
"1759","TP53BP2","Exc L3-4 RORB CUX2",0.00923054653931183,1.60993994109995,0.0209676336663426,0.884979343918517,0.939631645028335,0.939631645028335,"gpath_trio"
"1760","AC138393.3","Exc L3-4 RORB CUX2",0.0691978296286021,-0.390166290779764,0.487161730292002,0.519706937278726,0.660522517960668,0.660522517960668,"gpath_trio"
"1761","FBXO28","Exc L3-4 RORB CUX2",0.0702810539035075,6.33801006891209,21.655226721241,5.20353886262821e-06,4.46159781357943e-05,4.46159781357943e-05,"gpath_trio"
"1762","DEGS1","Exc L3-4 RORB CUX2",-0.0579374074645435,4.29587302315223,5.2558557364218,0.0226720460010752,0.0578998136799611,0.0578998136799611,"gpath_trio"
"1763","AC092809.4","Exc L3-4 RORB CUX2",0.188080578763035,1.07264515117431,7.72475443823197,0.00584448019344762,0.0189508820158801,0.0189508820158801,"gpath_trio"
"1764","NVL","Exc L3-4 RORB CUX2",0.0389760945588659,5.6485148661777,5.61062725597008,0.018583358156937,0.0492706105902499,0.0492706105902499,"gpath_trio"
"1765","CNIH4","Exc L3-4 RORB CUX2",-0.0510487573027525,4.23642460887687,5.68398239080335,0.0178382797196383,0.047679821587666,0.047679821587666,"gpath_trio"
"1766","WDR26","Exc L3-4 RORB CUX2",0.0080680054243749,6.04851695187113,0.233966620948678,0.629005223471527,0.753106043490256,0.753106043490256,"gpath_trio"
"1767","CNIH3","Exc L3-4 RORB CUX2",0.109180019140097,5.96506002474334,23.4553611933749,2.19745963904699e-06,2.07846920852195e-05,2.07846920852195e-05,"gpath_trio"
"1768","AL391811.1","Exc L3-4 RORB CUX2",0.0229140069664897,1.20451017634075,0.108921411691305,0.741641199906747,0.842828759434268,0.842828759434268,"gpath_trio"
"1769","DNAH14","Exc L3-4 RORB CUX2",0.124347538259485,6.56933291025079,12.8069891847035,0.000411851305056267,0.00198600688987849,0.00198600688987849,"gpath_trio"
"1770","LBR","Exc L3-4 RORB CUX2",0.0731809033425531,3.43747918515808,5.22800755176445,0.0230303616725419,0.0586145511219292,0.0586145511219292,"gpath_trio"
"1771","ENAH","Exc L3-4 RORB CUX2",0.025743791651977,6.33510295806215,1.34293937544926,0.247579483192891,0.38283893562498,0.38283893562498,"gpath_trio"
"1772","AC099066.2","Exc L3-4 RORB CUX2",-0.159743123974213,1.86551922734204,10.4315372755905,0.0013982301253434,0.00562722776357533,0.00562722776357533,"gpath_trio"
"1773","SRP9","Exc L3-4 RORB CUX2",-0.177678648036768,4.84607662973956,35.0632195682645,1.00600882379285e-08,1.74967482931214e-07,1.74967482931214e-07,"gpath_trio"
"1774","EPHX1","Exc L3-4 RORB CUX2",0.0249058264938986,2.53150947247957,0.297669448811522,0.86700370192318,0.927946932960221,0.927946932960221,"gpath_trio"
"1775","LEFTY1","Exc L3-4 RORB CUX2",-0.0254384443789831,1.21839054957137,0.166759973855812,0.68334362422454,0.797319855342669,0.797319855342669,"gpath_trio"
"1776","AL117348.2","Exc L3-4 RORB CUX2",0.1259796369095,3.20133977727937,11.6961452143089,0.00072704296164959,0.00323014572809524,0.00323014572809524,"gpath_trio"
"1777","SDE2","Exc L3-4 RORB CUX2",-0.0647991399662263,2.64452181722521,3.3444490973345,0.103495729173942,0.196279971431122,0.196279971431122,"gpath_trio"
"1778","AL512343.2","Exc L3-4 RORB CUX2",0.0488685787128278,-1.00389864193166,0.170062999145282,0.680395637432379,0.794988882948329,0.794988882948329,"gpath_trio"
"1779","H3F3A","Exc L3-4 RORB CUX2",-0.0686901955273983,2.77790087101973,3.34323343490059,0.0686274934860371,0.14209356332931,0.14209356332931,"gpath_trio"
"1780","LINC01703","Exc L3-4 RORB CUX2",-0.0855509718604765,0.968986345197859,1.66543632067931,0.198017333048901,0.323115471874926,0.323115471874926,"gpath_trio"
"1781","ACBD3","Exc L3-4 RORB CUX2",0.0138858044321527,5.34342204661429,0.584954245372993,0.445070546083227,0.591521624982154,0.591521624982154,"gpath_trio"
"1782","LIN9","Exc L3-4 RORB CUX2",0.0545766256051803,4.10613272975547,3.95999010482443,0.0476412630010032,0.105994980265245,0.105994980265245,"gpath_trio"
"1783","PARP1","Exc L3-4 RORB CUX2",-0.0646286841561396,5.11750123142172,7.96144910237316,0.00644859472802335,0.0205756271617682,0.0205756271617682,"gpath_trio"
"1784","STUM","Exc L3-4 RORB CUX2",-0.108660617713749,3.59043510721225,2.9434144636061,0.0874195307646836,0.171983328442466,0.171983328442466,"gpath_trio"
"1785","ITPKB","Exc L3-4 RORB CUX2",-0.762699958685319,-1.01826017873595,7.80215610951849,0.00560639864766601,0.0183559059910194,0.0183559059910194,"gpath_trio"
"1786","PSEN2","Exc L3-4 RORB CUX2",-0.101456862144574,3.01216059288997,10.4891568965604,0.00135694361282393,0.00549187101546974,0.00549187101546974,"gpath_trio"
"1787","COQ8A","Exc L3-4 RORB CUX2",0.0199848933009284,5.57529093676607,0.881106565901154,0.348769930705792,0.495907629289545,0.495907629289545,"gpath_trio"
"1788","CDC42BPA","Exc L3-4 RORB CUX2",0.0929271170856643,8.81921544187806,42.5565526111392,3.56469209419698e-10,8.72787172335244e-09,8.72787172335244e-09,"gpath_trio"
"1789","AL451047.1","Exc L3-4 RORB CUX2",-0.395249042858619,-0.133882857793133,17.0734673236334,4.85298983991517e-05,0.0003135926175803,0.0003135926175803,"gpath_trio"
"1790","ZNF678","Exc L3-4 RORB CUX2",0.0510456787312488,3.73910188875234,3.49330163815476,0.0627418021917199,0.132296808028632,0.132296808028632,"gpath_trio"
"1791","SNAP47","Exc L3-4 RORB CUX2",-0.0714050548981162,4.86415273097337,11.8303855175227,0.000678588930120797,0.00304975347951524,0.00304975347951524,"gpath_trio"
"1792","JMJD4","Exc L3-4 RORB CUX2",-0.00536790684967764,2.83357269154024,0.024998359924198,0.874493872877771,0.932585175753167,0.932585175753167,"gpath_trio"
"1793","PRSS38","Exc L3-4 RORB CUX2",-0.0585781273187992,-0.400146101386713,0.309553626744945,0.578432741118074,0.711361204026646,0.711361204026646,"gpath_trio"
"1794","WNT9A","Exc L3-4 RORB CUX2",0.173146753120013,2.04134524543593,5.9202831904992,0.0156421412201498,0.0429031485493547,0.0429031485493547,"gpath_trio"
"1795","ARF1","Exc L3-4 RORB CUX2",-0.100203563659302,6.67057072983671,22.9667901711685,2.77451810919615e-06,2.55248075025227e-05,2.55248075025227e-05,"gpath_trio"
"1796","C1orf35","Exc L3-4 RORB CUX2",-0.108604686004807,4.37271619628771,15.1631712016804,0.000125424999811936,0.000709604422660072,0.000709604422660072,"gpath_trio"
"1797","MRPL55","Exc L3-4 RORB CUX2",-0.271534393205245,3.96502914396751,49.046137395307,2.13227275382662e-11,7.40090325415352e-10,7.40090325415352e-10,"gpath_trio"
"1798","GUK1","Exc L3-4 RORB CUX2",-0.168802557849341,6.01327753100039,40.691365047475,8.11193038972958e-10,1.83267856229333e-08,1.83267856229333e-08,"gpath_trio"
"1799","GJC2","Exc L3-4 RORB CUX2",0.272080013431864,0.17600678489644,8.19512143783507,0.00454243296945424,0.0152866697512492,0.0152866697512492,"gpath_trio"
"1800","IBA57","Exc L3-4 RORB CUX2",-0.0216680621063961,2.21578933061209,0.296464092915301,0.796490932960238,0.881121898748034,0.881121898748034,"gpath_trio"
"1801","OBSCN-AS1","Exc L3-4 RORB CUX2",-0.0926849431004595,0.484822909471404,0.665127226411544,0.415502115257252,0.563811889649923,0.563811889649923,"gpath_trio"
"1802","OBSCN","Exc L3-4 RORB CUX2",0.00685542242497701,3.35499106812542,0.0138320301652225,0.90646775781062,0.952400115291598,0.952400115291598,"gpath_trio"
"1803","TRIM11","Exc L3-4 RORB CUX2",0.0201576568946027,4.13172239615294,0.634980299588792,0.42626140178155,0.57436225000097,0.57436225000097,"gpath_trio"
"1804","TRIM17","Exc L3-4 RORB CUX2",-0.0191009225786597,2.9669155583882,0.264621823402525,0.607399495320985,0.7353747490459,0.7353747490459,"gpath_trio"
"1805","HIST3H2A","Exc L3-4 RORB CUX2",-0.0112516251537516,2.32422615298086,0.0701929379640241,0.791265983561302,0.878149835653214,0.878149835653214,"gpath_trio"
"1806","HIST3H2BB","Exc L3-4 RORB CUX2",-0.0177482069530362,1.17416981450359,0.0743861334596436,0.785270942097384,0.874314905147224,0.874314905147224,"gpath_trio"
"1807","RNF187","Exc L3-4 RORB CUX2",-0.169179330160883,5.46919821621657,22.3451663821078,3.73592618600323e-06,3.3275585653836e-05,3.3275585653836e-05,"gpath_trio"
"1808","RAB4A","Exc L3-4 RORB CUX2",-0.0511748350239107,5.03897355788443,5.88680210251559,0.0159354103155967,0.043504317065922,0.043504317065922,"gpath_trio"
"1809","AL117350.1","Exc L3-4 RORB CUX2",0.0911870026954739,0.489388447954359,1.54939554101398,0.21434547438683,0.342911545592698,0.342911545592698,"gpath_trio"
"1810","CCSAP","Exc L3-4 RORB CUX2",0.018231225159948,6.01352621556015,0.970021632795132,0.325590384457873,0.471218508352769,0.471218508352769,"gpath_trio"
"1811","ACTA1","Exc L3-4 RORB CUX2",-0.0272077628290781,-0.0303510546562027,0.0887793899126882,0.82465670960987,0.899418808324096,0.899418808324096,"gpath_trio"
"1812","NUP133","Exc L3-4 RORB CUX2",-0.0464861100423352,5.77450015799763,8.03591788503645,0.00494601866019707,0.0164473259385983,0.0164473259385983,"gpath_trio"
"1813","ABCB10","Exc L3-4 RORB CUX2",0.0406562502054787,4.93885923400093,4.05823899392893,0.044985915951058,0.101282318302935,0.101282318302935,"gpath_trio"
"1814","TAF5L","Exc L3-4 RORB CUX2",0.0668531370795875,3.75775801594149,6.02425139459316,0.0147666166859073,0.0409450923087107,0.0409450923087107,"gpath_trio"
"1815","URB2","Exc L3-4 RORB CUX2",-0.0203000712112677,2.91592338432449,0.328207922695144,0.567211333726497,0.702269939118262,0.702269939118262,"gpath_trio"
"1816","GALNT2","Exc L3-4 RORB CUX2",5.98655552503251e-05,6.32245640796012,1.03568399986359e-05,0.997434716526818,0.998951165286077,0.998951165286077,"gpath_trio"
"1817","AL136988.2","Exc L3-4 RORB CUX2",-0.368610199904095,0.106083601927381,15.0307054070295,0.000134022328018437,0.000749833740369376,0.000749833740369376,"gpath_trio"
"1818","PGBD5","Exc L3-4 RORB CUX2",0.0524399468066205,7.63968555466092,11.0588348529585,0.00100987042907415,0.00427578927734963,0.00427578927734963,"gpath_trio"
"1819","AL133516.1","Exc L3-4 RORB CUX2",0.0519762250317844,2.9755083901632,2.07537688690921,0.150896057651361,0.262532594266662,0.262532594266662,"gpath_trio"
"1820","COG2","Exc L3-4 RORB CUX2",-0.00637521290050158,5.08131015277273,0.101124802447118,0.756958414657201,0.854533719157634,0.854533719157634,"gpath_trio"
"1821","AGT","Exc L3-4 RORB CUX2",0.642483435322326,-2.06542824691806,23.442682620112,0.000519967186542979,0.00242551167364268,0.00242551167364268,"gpath_trio"
"1822","AL512328.1","Exc L3-4 RORB CUX2",-0.170503736805111,-0.748214312902734,2.31174551038506,0.129614909436989,0.233877184320834,0.233877184320834,"gpath_trio"
"1823","CAPN9","Exc L3-4 RORB CUX2",-0.132234018388605,-0.185617781114674,1.03986955925588,0.308799703964425,0.45319226212863,0.45319226212863,"gpath_trio"
"1824","C1orf198","Exc L3-4 RORB CUX2",0.281386281835729,1.44207676365006,4.253285609813,0.0401679157814283,0.0925839941608953,0.0925839941608953,"gpath_trio"
"1825","TTC13","Exc L3-4 RORB CUX2",0.0110780437967614,5.87985455144165,0.367990731716282,0.948540879431449,0.974875814698394,0.974875814698394,"gpath_trio"
"1826","ARV1","Exc L3-4 RORB CUX2",-0.0923622406969306,4.37848066080265,15.4219976793261,0.000110205070280774,0.000633985541178959,0.000633985541178959,"gpath_trio"
"1827","TRIM67","Exc L3-4 RORB CUX2",0.291635551917175,-1.52127434112734,1.05547909065075,0.305203372281463,0.449123124418565,0.449123124418565,"gpath_trio"
"1828","C1orf131","Exc L3-4 RORB CUX2",-0.0812960055051417,3.74181940086388,5.9700351070613,0.0152166505286752,0.0419852194223225,0.0419852194223225,"gpath_trio"
"1829","GNPAT","Exc L3-4 RORB CUX2",-0.0676002353469062,4.84329929161759,10.1146020111328,0.00164935932973671,0.00647263654492088,0.00647263654492088,"gpath_trio"
"1830","EXOC8","Exc L3-4 RORB CUX2",-0.0568153496831886,2.73024162185319,2.51612741916413,0.138535068152711,0.245983530937613,0.245983530937613,"gpath_trio"
"1831","SPRTN","Exc L3-4 RORB CUX2",-0.157334941089262,3.13453056867039,17.3474907297793,4.23910264633867e-05,0.000278851959210573,0.000278851959210573,"gpath_trio"
"1832","EGLN1","Exc L3-4 RORB CUX2",0.0654207435263974,5.61799837890688,15.675399819842,9.71165482327076e-05,0.00056973723774204,0.00056973723774204,"gpath_trio"
"1833","AL445524.1","Exc L3-4 RORB CUX2",0.129815616887146,-0.00354502052063856,2.44521153005788,0.119100263082618,0.21891834982615,0.21891834982615,"gpath_trio"
"1834","TSNAX-DISC1","Exc L3-4 RORB CUX2",-0.0692595405303571,1.75957287962759,2.33888952521668,0.127395137647014,0.230738567378445,0.230738567378445,"gpath_trio"
"1835","DISC1","Exc L3-4 RORB CUX2",0.298105568886088,3.93418750307882,15.2778969844855,0.000118431864883071,0.000675453725329059,0.000675453725329059,"gpath_trio"
"1836","SIPA1L2","Exc L3-4 RORB CUX2",0.0545754709383029,5.92423539764537,6.39759936953441,0.0120191541871611,0.0344685765068906,0.0344685765068906,"gpath_trio"
"1837","LINC01744","Exc L3-4 RORB CUX2",0.0601023341223444,-0.626696706657804,0.340562766549409,0.62082456745682,0.746476884703578,0.746476884703578,"gpath_trio"
"1838","MAP10","Exc L3-4 RORB CUX2",0.00217092921566416,1.92316129892832,0.00128222974674694,0.971462741676242,0.985184518614566,0.985184518614566,"gpath_trio"
"1839","NTPCR","Exc L3-4 RORB CUX2",-0.0106304668938117,4.86355190380086,0.22518249628026,0.635517476120719,0.758403234398173,0.758403234398173,"gpath_trio"
"1840","PCNX2","Exc L3-4 RORB CUX2",0.0687539460454542,8.51284792875617,36.836707863651,4.52254073198932e-09,8.68147091036008e-08,8.68147091036008e-08,"gpath_trio"
"1841","MAP3K21","Exc L3-4 RORB CUX2",0.078539060251538,5.59511272797789,19.7619144676332,1.29997861369453e-05,9.99888239850825e-05,9.99888239850825e-05,"gpath_trio"
"1842","KCNK1","Exc L3-4 RORB CUX2",-0.0376892762264641,7.09216772945445,1.89247467591372,0.170106980491256,0.287477662205654,0.287477662205654,"gpath_trio"
"1843","SLC35F3","Exc L3-4 RORB CUX2",0.121380922771478,9.23407076310784,21.6210191517894,5.28989531129451e-06,4.52084869923457e-05,4.52084869923457e-05,"gpath_trio"
"1844","AL355472.3","Exc L3-4 RORB CUX2",0.103391417977536,5.56450457982523,11.8789804605326,0.000661869695561273,0.00298930403132946,0.00298930403132946,"gpath_trio"
"1845","AL355472.4","Exc L3-4 RORB CUX2",-0.0193309031481582,3.20331982228759,0.211795439033372,0.64574841136967,0.766714315605016,0.766714315605016,"gpath_trio"
"1846","AL355472.1","Exc L3-4 RORB CUX2",-0.0584259645872926,1.60122274300397,0.643429954622139,0.423204013658818,0.571476350607098,0.571476350607098,"gpath_trio"
"1847","COA6","Exc L3-4 RORB CUX2",-0.0665069203726252,4.53009459576989,4.33093024434451,0.0384045321612528,0.0892331494130226,0.0892331494130226,"gpath_trio"
"1848","TARBP1","Exc L3-4 RORB CUX2",-0.0504058307844057,7.74771527419635,5.95381607596075,0.0153540252348025,0.0422731156479167,0.0422731156479167,"gpath_trio"
"1849","IRF2BP2","Exc L3-4 RORB CUX2",-0.0264723932558558,4.06731766870096,0.85117586796526,0.357075222060554,0.504693330886344,0.504693330886344,"gpath_trio"
"1850","LINC00184","Exc L3-4 RORB CUX2",0.0274215438118029,-0.189872733158477,0.0872097532829627,0.780886049488916,0.871370356661442,0.871370356661442,"gpath_trio"
"1851","AL160408.1","Exc L3-4 RORB CUX2",0.0443815711494717,1.15303737116083,0.431653946251197,0.578318508240237,0.711307437892262,0.711307437892262,"gpath_trio"
"1852","LINC01132","Exc L3-4 RORB CUX2",-0.13383889902582,-0.509930938101035,1.50672194117446,0.220750139249969,0.350845601021595,0.350845601021595,"gpath_trio"
"1853","LINC01348","Exc L3-4 RORB CUX2",0.053782728165595,-0.806792573979423,0.204451479141132,0.651528475559136,0.771350683317033,0.771350683317033,"gpath_trio"
"1854","AL732292.2","Exc L3-4 RORB CUX2",-0.112512730707647,0.532373495074059,2.1723882518093,0.141717545861092,0.250232057390822,0.250232057390822,"gpath_trio"
"1855","TOMM20","Exc L3-4 RORB CUX2",-0.152349402358543,6.77074870774168,45.5698911471691,9.55876247666277e-11,2.72000046497421e-09,2.72000046497421e-09,"gpath_trio"
"1856","RBM34","Exc L3-4 RORB CUX2",-0.225728935173936,-0.0370264608344048,7.65575879857115,0.00606545499681002,0.0195511350951657,0.0195511350951657,"gpath_trio"
"1857","ARID4B","Exc L3-4 RORB CUX2",0.00360926059973723,7.65335322532235,0.0678208727422481,0.794742540495322,0.880258294248471,0.880258294248471,"gpath_trio"
"1858","TBCE","Exc L3-4 RORB CUX2",0.116864072315253,5.20119497196411,12.8759257669797,0.000397648408057869,0.00192572170728937,0.00192572170728937,"gpath_trio"
"1859","TBCE-1","Exc L3-4 RORB CUX2",0.0202888688485135,0.951228600934233,0.128789430042655,0.946242752038439,0.97402796800692,0.97402796800692,"gpath_trio"
"1860","B3GALNT2","Exc L3-4 RORB CUX2",0.0561841137839232,5.38965319630601,8.13484137683525,0.00469111583035297,0.015721472072653,0.015721472072653,"gpath_trio"
"1861","GNG4","Exc L3-4 RORB CUX2",0.016641128905866,2.39094872678232,0.0921290251908597,0.761730528175607,0.857844806554701,0.857844806554701,"gpath_trio"
"1862","LYST","Exc L3-4 RORB CUX2",0.0179690429614935,7.56394705246389,1.52706200057315,0.217669227910738,0.347234654313208,0.347234654313208,"gpath_trio"
"1863","GPR137B","Exc L3-4 RORB CUX2",0.0851328936144797,4.96351966335589,8.8374431708928,0.00322795545182196,0.0114654931761458,0.0114654931761458,"gpath_trio"
"1864","ERO1B","Exc L3-4 RORB CUX2",0.0705826021603903,5.70323159100737,11.6807800064279,0.000732809073854376,0.00325218281236517,0.00325218281236517,"gpath_trio"
"1865","EDARADD","Exc L3-4 RORB CUX2",-0.0773070719578355,2.10678212124704,1.77519648327801,0.183906827344736,0.305439237036219,0.305439237036219,"gpath_trio"
"1866","LGALS8","Exc L3-4 RORB CUX2",0.0100111958314794,5.17187051616097,0.183195166093716,0.668995934571152,0.786021302900539,0.786021302900539,"gpath_trio"
"1867","AL359921.2","Exc L3-4 RORB CUX2",-0.00458486763253994,-0.732494699845345,0.00188845908880088,0.976192623520502,0.987449795915073,0.987449795915073,"gpath_trio"
"1868","AL359921.1","Exc L3-4 RORB CUX2",0.171957100888086,2.4183428923851,21.7374455026766,5.00176215087047e-06,4.30322180783845e-05,4.30322180783845e-05,"gpath_trio"
"1869","HEATR1","Exc L3-4 RORB CUX2",-0.0011451758261273,4.95234762934306,0.00401114367343578,0.949549529828295,0.975266596970211,0.975266596970211,"gpath_trio"
"1870","ACTN2","Exc L3-4 RORB CUX2",-0.016215793110474,5.57371220784626,0.361325578315414,0.548294636333129,0.686559352533569,0.686559352533569,"gpath_trio"
"1871","MTR","Exc L3-4 RORB CUX2",0.0254716805857885,6.39844360672552,1.94060893086233,0.164792297577971,0.28039219224211,0.28039219224211,"gpath_trio"
"1872","RYR2","Exc L3-4 RORB CUX2",0.0678503273828231,10.5031473721445,12.7760154680071,0.000418399566330838,0.00201316748168964,0.00201316748168964,"gpath_trio"
"1873","AL359924.1","Exc L3-4 RORB CUX2",0.0447280426782589,0.667673728099003,0.221939999766022,0.63796071309958,0.760284564167052,0.760284564167052,"gpath_trio"
"1874","AL356010.2","Exc L3-4 RORB CUX2",0.107007452524897,-1.25009380035216,0.534320100600623,0.465456980893753,0.610770379806925,0.610770379806925,"gpath_trio"
"1875","AL359551.1","Exc L3-4 RORB CUX2",0.0583700308632139,-0.119950508016116,0.279543332130486,0.597451720850595,0.727127252709221,0.727127252709221,"gpath_trio"
"1876","CHRM3","Exc L3-4 RORB CUX2",0.11024411828587,9.92966500553922,49.5267191719,1.73545382911571e-11,6.13183555208571e-10,6.13183555208571e-10,"gpath_trio"
"1877","CHRM3-AS2","Exc L3-4 RORB CUX2",-0.480600426743138,4.05791537118252,86.5661450490696,5.81691261356661e-18,9.94544169311071e-16,9.94544169311071e-16,"gpath_trio"
"1878","FMN2","Exc L3-4 RORB CUX2",0.0692268661119686,9.16566409027372,26.1212503138013,6.21802121069174e-07,6.77002579199708e-06,6.77002579199708e-06,"gpath_trio"
"1879","AL359918.2","Exc L3-4 RORB CUX2",-0.360693077382353,-0.415781917389806,9.56581728903782,0.00219837797923535,0.00827467830803606,0.00827467830803606,"gpath_trio"
"1880","GREM2","Exc L3-4 RORB CUX2",0.127384586221301,3.70536884708022,4.06650618106959,0.04476975277511,0.100885710067893,0.100885710067893,"gpath_trio"
"1881","AL365184.1","Exc L3-4 RORB CUX2",-0.236246710239542,-1.032848068608,3.18914337311364,0.0752942022235408,0.153115666753345,0.153115666753345,"gpath_trio"
"1882","RGS7","Exc L3-4 RORB CUX2",0.0514793900330256,10.6823077554414,9.67384745844927,0.00207720026152542,0.00788402748542928,0.00788402748542928,"gpath_trio"
"1883","AL359764.1","Exc L3-4 RORB CUX2",-0.101332932222608,1.85865312301419,3.72614591124866,0.054654379935604,0.11822151980281,0.11822151980281,"gpath_trio"
"1884","FH","Exc L3-4 RORB CUX2",-0.113566067557234,3.70031119435698,15.6024622747651,0.000100713562659087,0.000587422991224945,0.000587422991224945,"gpath_trio"
"1885","KMO","Exc L3-4 RORB CUX2",-0.253991038611455,2.1306762529645,9.24170180289167,0.00260712022430929,0.00956686986639504,0.00956686986639504,"gpath_trio"
"1886","OPN3","Exc L3-4 RORB CUX2",-0.0438739869931725,5.50082187933123,2.05443541248914,0.152964862902327,0.265239889046364,0.265239889046364,"gpath_trio"
"1887","WDR64","Exc L3-4 RORB CUX2",-0.0535320064478721,3.04777150231408,0.211386028989521,0.646067417050018,0.767000714309998,0.767000714309998,"gpath_trio"
"1888","EXO1","Exc L3-4 RORB CUX2",-0.0986943315249211,0.442051732964982,2.04779040435724,0.306499985200028,0.450603891380206,0.450603891380206,"gpath_trio"
"1889","PLD5","Exc L3-4 RORB CUX2",0.989318673010543,-0.918741379202524,11.8443603231684,0.000673737314692903,0.00303136715520279,0.00303136715520279,"gpath_trio"
"1890","CEP170","Exc L3-4 RORB CUX2",0.0593601666803958,7.07021213705599,24.0508234591504,1.65514126853739e-06,1.62810702548717e-05,1.62810702548717e-05,"gpath_trio"
"1891","AL606534.1","Exc L3-4 RORB CUX2",-0.256126459816911,-0.348145928370338,6.10952249068836,0.0140865129488186,0.0393676961826314,0.0393676961826314,"gpath_trio"
"1892","SDCCAG8","Exc L3-4 RORB CUX2",0.0927195337922403,7.53816204063129,51.0037851533543,9.23667564038124e-12,3.46375336514297e-10,3.46375336514297e-10,"gpath_trio"
"1893","AKT3","Exc L3-4 RORB CUX2",0.0662359033544212,9.64773044008117,24.4064279417748,1.39798652645803e-06,1.40460050653838e-05,1.40460050653838e-05,"gpath_trio"
"1894","AL591885.1","Exc L3-4 RORB CUX2",0.010589881641128,4.57488095943063,0.114920926239289,0.734883436593706,0.837184651029562,0.837184651029562,"gpath_trio"
"1895","ZBTB18","Exc L3-4 RORB CUX2",-0.0638744470412229,6.54183463782782,5.76135067755859,0.0170859928439253,0.0461273793156956,0.0461273793156956,"gpath_trio"
"1896","AL590483.1","Exc L3-4 RORB CUX2",-0.0479247239690859,1.12800007304121,0.525108354605205,0.46932228290642,0.614802743824234,0.614802743824234,"gpath_trio"
"1897","C1orf100","Exc L3-4 RORB CUX2",-0.0797036095785732,-0.337189775774333,0.801687160512889,0.395188689208047,0.543369845718345,0.543369845718345,"gpath_trio"
"1898","AL645465.1","Exc L3-4 RORB CUX2",0.161540844328186,3.67250505067392,21.2829369679836,6.22537258508325e-06,5.2178585417941e-05,5.2178585417941e-05,"gpath_trio"
"1899","ADSS","Exc L3-4 RORB CUX2",0.0864984663372927,4.7318885355848,16.2853203123004,7.16995370262216e-05,0.00043662485949412,0.00043662485949412,"gpath_trio"
"1900","CATSPERE","Exc L3-4 RORB CUX2",0.033799471846521,4.40594667241408,1.71481785854202,0.191517422600967,0.314708372687462,0.314708372687462,"gpath_trio"
"1901","DESI2","Exc L3-4 RORB CUX2",0.0182167088825962,4.38209640556185,0.759318182282157,0.384345859524553,0.532347776734028,0.532347776734028,"gpath_trio"
"1902","AL451007.3","Exc L3-4 RORB CUX2",0.154070448760376,-0.544203881778633,1.91049252915853,0.168094777534096,0.28481667395233,0.28481667395233,"gpath_trio"
"1903","COX20","Exc L3-4 RORB CUX2",-0.115181646667163,3.8255010578132,16.6223618497824,6.06629457653717e-05,0.000380794938026252,0.000380794938026252,"gpath_trio"
"1904","HNRNPU","Exc L3-4 RORB CUX2",0.0148337852077948,7.05174679500936,1.30073240953038,0.25512892700136,0.392079989507345,0.392079989507345,"gpath_trio"
"1905","AL356512.1","Exc L3-4 RORB CUX2",0.0577353481902442,-0.208794361410955,0.38392776454334,0.536051215249918,0.675158072519693,0.675158072519693,"gpath_trio"
"1906","EFCAB2","Exc L3-4 RORB CUX2",0.084442338404519,6.23895167691918,9.0184365881065,0.00293318010573583,0.0105783136162505,0.0105783136162505,"gpath_trio"
"1907","KIF26B","Exc L3-4 RORB CUX2",0.0292634737138488,5.36569197753416,0.524056212847558,0.469767350021572,0.615208257267362,0.615208257267362,"gpath_trio"
"1908","KIF26B-AS1","Exc L3-4 RORB CUX2",-0.171529591745859,0.278400659113547,4.33182848243633,0.0383846169736796,0.0891971489799568,0.0891971489799568,"gpath_trio"
"1909","SMYD3","Exc L3-4 RORB CUX2",0.0964494446441266,9.78463664789377,53.1602286867634,3.7001216303465e-12,1.53600728173335e-10,1.53600728173335e-10,"gpath_trio"
"1910","AC118555.1","Exc L3-4 RORB CUX2",-0.366115675334342,-0.0393985309257393,14.2218598348293,0.000201178089824247,0.00107176339112865,0.00107176339112865,"gpath_trio"
"1911","TFB2M","Exc L3-4 RORB CUX2",0.0459132503272105,3.34878741397879,2.04861689525192,0.153545393513359,0.266031600330951,0.266031600330951,"gpath_trio"
"1912","CNST","Exc L3-4 RORB CUX2",0.00324469577978817,6.78556705385394,0.0312583848247252,0.859802807204992,0.92312924460437,0.92312924460437,"gpath_trio"
"1913","AL591848.3","Exc L3-4 RORB CUX2",-0.00421803700549394,-0.467589165701825,0.0015882124105233,0.968241397273914,0.983598700402881,0.983598700402881,"gpath_trio"
"1914","AL591848.2","Exc L3-4 RORB CUX2",-0.182680280857896,2.34909190834617,9.65707231952899,0.00209555995004329,0.00793504541894208,0.00793504541894208,"gpath_trio"
"1915","SCCPDH","Exc L3-4 RORB CUX2",-0.088386707106445,5.03823736825228,20.5308252314534,8.95263303685604e-06,7.16743537772106e-05,7.16743537772106e-05,"gpath_trio"
"1916","AL591848.4","Exc L3-4 RORB CUX2",-0.112323682154214,0.879851135080366,3.02412189378302,0.0832182960265231,0.165542212811586,0.165542212811586,"gpath_trio"
"1917","AHCTF1","Exc L3-4 RORB CUX2",0.0439238982350107,6.51232942382808,6.54684073517199,0.0110741502903388,0.0321458096902327,0.0321458096902327,"gpath_trio"
"1918","ZNF670-ZNF695","Exc L3-4 RORB CUX2",0.0779373263173844,3.01753653352376,3.74090400966825,0.0541807816580318,0.117411092368506,0.117411092368506,"gpath_trio"
"1919","ZNF669","Exc L3-4 RORB CUX2",-0.204912068634982,1.50637467706138,18.2928620055218,2.66316963840004e-05,0.000185210091191729,0.000185210091191729,"gpath_trio"
"1920","ZNF124","Exc L3-4 RORB CUX2",0.187596452055895,4.33446759996194,13.2756995159936,0.000324548904474512,0.00162033510214632,0.00162033510214632,"gpath_trio"
"1921","AL390728.6","Exc L3-4 RORB CUX2",-0.0546989124111398,2.59254545211451,0.979683304160156,0.323197208570411,0.468730046934659,0.468730046934659,"gpath_trio"
"1922","AL390728.5","Exc L3-4 RORB CUX2",0.186247849493528,-0.129124210751248,3.49701339482379,0.0626032761930563,0.132073731799112,0.132073731799112,"gpath_trio"
"1923","ZNF496","Exc L3-4 RORB CUX2",0.00882443441141687,4.37786497019086,0.113665022308006,0.736281518218235,0.838283435364774,0.838283435364774,"gpath_trio"
"1924","NLRP3","Exc L3-4 RORB CUX2",-0.222156116738136,1.78238815993701,13.2488044666304,0.000329007896917815,0.00164097263790282,0.00164097263790282,"gpath_trio"
"1925","GCSAML","Exc L3-4 RORB CUX2",-0.081411021825139,-0.560660326182304,0.454535335403356,0.500787982196921,0.643435029455135,0.643435029455135,"gpath_trio"
"1926","AL606804.1","Exc L3-4 RORB CUX2",-0.160489719007653,-0.93408166199105,1.75849521256073,0.185976053533987,0.307975611922201,0.307975611922201,"gpath_trio"
"1927","AL390860.1","Exc L3-4 RORB CUX2",0.121859367126858,2.51492658168228,1.24289889418867,0.265942506052082,0.404538193440455,0.404538193440455,"gpath_trio"
"1928","TRIM58","Exc L3-4 RORB CUX2",0.173358499866808,2.78820318319696,7.4582746573055,0.00674663512668122,0.0213276972235653,0.0213276972235653,"gpath_trio"
"1929","OR2AJ1","Exc L3-4 RORB CUX2",0.254301850894339,0.599966193034454,7.21112562160012,0.0077113855833116,0.0238286420804582,0.0238286420804582,"gpath_trio"
"1930","OR2L8","Exc L3-4 RORB CUX2",0.308889302981736,0.410968176145972,7.0559942929091,0.00838846307388265,0.0255529582539004,0.0255529582539004,"gpath_trio"
"1931","OR2L5","Exc L3-4 RORB CUX2",0.310287364828713,3.50125343071697,17.1933895403219,4.57395912682424e-05,0.000298253475706784,0.000298253475706784,"gpath_trio"
"1932","OR2L2","Exc L3-4 RORB CUX2",0.241832360858305,3.35292812322272,10.4179304848173,0.00140816542709158,0.005658183129172,0.005658183129172,"gpath_trio"
"1933","OR2L3","Exc L3-4 RORB CUX2",0.243611803935381,4.14408750168932,10.3253957419319,0.00147766878735579,0.00590335995740655,0.00590335995740655,"gpath_trio"
"1934","OR2L13","Exc L3-4 RORB CUX2",0.0868320976241718,2.01864952702994,1.17589182394119,0.279198398258618,0.419733806622028,0.419733806622028,"gpath_trio"
"1935","OR2M2","Exc L3-4 RORB CUX2",0.221861048982915,1.03652480154263,4.95154727834377,0.0269255200918041,0.0664817486050848,0.0664817486050848,"gpath_trio"
"1936","OR2M3","Exc L3-4 RORB CUX2",0.20532430758869,2.05504652681292,4.89070291815559,0.0278717843502713,0.0683746655236775,0.0683746655236775,"gpath_trio"
"1937","OR2M4","Exc L3-4 RORB CUX2",0.195369297662537,2.86031372636987,4.45020371584318,0.0358529901901908,0.0843538282317317,0.0843538282317317,"gpath_trio"
"1938","OR2T12","Exc L3-4 RORB CUX2",0.0513353540615309,0.956484025344751,0.543784242630345,0.461533573891586,0.607281018278403,0.607281018278403,"gpath_trio"
"1939","OR2T6","Exc L3-4 RORB CUX2",0.0759665744895609,1.21650084409892,0.495087834575809,0.482296092934907,0.625898775087375,0.625898775087375,"gpath_trio"
"1940","OR2G6","Exc L3-4 RORB CUX2",-0.0688254644640631,0.93134441848378,0.687567324983163,0.407753644795756,0.555997207473728,0.555997207473728,"gpath_trio"
"1941","AC098483.1","Exc L3-4 RORB CUX2",0.0117984809712533,-1.13474464999582,0.00486158030632129,0.94446611138164,0.973030715322151,0.973030715322151,"gpath_trio"
"1942","OR2T10","Exc L3-4 RORB CUX2",-0.0739245930531762,0.401945318119636,0.61797455712962,0.432516787263221,0.579911250842536,0.579911250842536,"gpath_trio"
"1943","OR2T11","Exc L3-4 RORB CUX2",-0.0379176418424234,0.678305555208958,0.168818914023286,0.681502034689583,0.795677288765182,0.795677288765182,"gpath_trio"
"1944","OR14I1","Exc L3-4 RORB CUX2",0.1167013353735,2.57906679911688,7.36202401496287,0.00710666912370258,0.0222496973263035,0.0222496973263035,"gpath_trio"
"1945","LYPD8","Exc L3-4 RORB CUX2",0.0943068294959717,4.66808182490582,10.0629715320145,0.00169443155197482,0.00662503034129692,0.00662503034129692,"gpath_trio"
"1946","SH3BP5L","Exc L3-4 RORB CUX2",-0.107078409801565,3.90403466712738,12.9408353609394,0.000384730121759582,0.0018748623687197,0.0018748623687197,"gpath_trio"
"1947","ZNF672","Exc L3-4 RORB CUX2",-0.119201490561073,1.67283042533557,7.68362729073107,0.00597518422476539,0.0193095213414451,0.0193095213414451,"gpath_trio"
"1948","ZNF692","Exc L3-4 RORB CUX2",0.0248248450910829,4.85446501539659,0.717581242660801,0.397717491964676,0.545921241011521,0.545921241011521,"gpath_trio"
"1949","PGBD2","Exc L3-4 RORB CUX2",-0.00945036826506768,1.62516985970995,0.0303141883553033,0.861914733547825,0.924535987169959,0.924535987169959,"gpath_trio"
"1950","FAM110C","Exc L3-4 RORB CUX2",0.0134813504300594,2.45759854234616,0.0947171783685311,0.954408915610526,0.977524981108105,0.977524981108105,"gpath_trio"
"1951","SH3YL1","Exc L3-4 RORB CUX2",0.103107554555193,6.24474100666826,25.3414887138077,8.98017524793861e-07,9.38244617437397e-06,9.38244617437397e-06,"gpath_trio"
"1952","ACP1","Exc L3-4 RORB CUX2",-0.154771407294581,4.45002614927951,48.2286980149733,3.02910531857759e-11,9.98221657391149e-10,9.98221657391149e-10,"gpath_trio"
"1953","ALKAL2","Exc L3-4 RORB CUX2",-0.0243119967864184,-0.0939020736573147,0.054267345150422,0.815980773354827,0.893967532035495,0.893967532035495,"gpath_trio"
"1954","LINC01865","Exc L3-4 RORB CUX2",0.0140648344866514,1.1665780264027,0.0299024213412164,0.862846357781923,0.925313627186005,0.925313627186005,"gpath_trio"
"1955","AC105393.2","Exc L3-4 RORB CUX2",-0.123085549514971,-0.833226037312688,0.77013043649126,0.380986866217497,0.529184855486266,0.529184855486266,"gpath_trio"
"1956","TMEM18","Exc L3-4 RORB CUX2",-0.234568661099459,2.79177671190787,35.1032808829226,9.87940388544553e-09,1.72419527152996e-07,1.72419527152996e-07,"gpath_trio"
"1957","AC092159.2","Exc L3-4 RORB CUX2",-0.044882869890345,-0.35728259642825,0.111712537037059,0.738472231114492,0.840214147458543,0.840214147458543,"gpath_trio"
"1958","AC092159.1","Exc L3-4 RORB CUX2",-0.515548924463994,0.696813270660313,6.48633904040584,0.0114476405281325,0.0330693224019292,0.0330693224019292,"gpath_trio"
"1959","LINC01115","Exc L3-4 RORB CUX2",-0.399600694346553,2.91497915462274,4.52065572744816,0.0344302936920033,0.0815720275032141,0.0815720275032141,"gpath_trio"
"1960","AC116614.1","Exc L3-4 RORB CUX2",-0.240290549118832,-1.33169928799971,1.73364391206587,0.189105585881891,0.311878132524086,0.311878132524086,"gpath_trio"
"1961","SNTG2","Exc L3-4 RORB CUX2",-0.323048296822149,4.02591592929413,6.69597076034942,0.0102063125332346,0.0301129504764562,0.0301129504764562,"gpath_trio"
"1962","TPO","Exc L3-4 RORB CUX2",-0.132472753061916,0.980350693648561,2.56975527548031,0.110138654737655,0.206088606875551,0.206088606875551,"gpath_trio"
"1963","AC141930.1","Exc L3-4 RORB CUX2",0.0834971436865115,0.795522690774429,0.54831126969335,0.459676677625964,0.605405451916713,0.605405451916713,"gpath_trio"
"1964","PXDN","Exc L3-4 RORB CUX2",0.00952072152249718,2.23495681874333,0.0106269447631613,0.917973328311146,0.958647543800267,0.958647543800267,"gpath_trio"
"1965","MYT1L","Exc L3-4 RORB CUX2",0.190013027921657,9.72070903596088,178.216596725065,2.59322902552152e-31,5.23183955898966e-27,5.23183955898966e-27,"gpath_trio"
"1966","AC093390.2","Exc L3-4 RORB CUX2",-0.0356225801320387,-0.0171786746117926,0.105530039019667,0.74555289151156,0.845172196788545,0.845172196788545,"gpath_trio"
"1967","MYT1L-AS1","Exc L3-4 RORB CUX2",0.0768853180562012,0.00415299475709556,0.68506007113971,0.773452264328953,0.865996971687476,0.865996971687476,"gpath_trio"
"1968","AC018685.2","Exc L3-4 RORB CUX2",0.0566731892504311,1.68844523085218,0.887608743631915,0.357433387459232,0.505093408418435,0.505093408418435,"gpath_trio"
"1969","AC011995.2","Exc L3-4 RORB CUX2",0.0705976458589517,1.44707788756718,1.13358364072424,0.287999972795382,0.429954081037949,0.429954081037949,"gpath_trio"
"1970","LINC01250","Exc L3-4 RORB CUX2",0.109672266744334,8.55017861380115,29.3334205355757,1.38719075705067e-07,1.80442124587345e-06,1.80442124587345e-06,"gpath_trio"
"1971","AC019118.2","Exc L3-4 RORB CUX2",0.0949843465994788,4.75209963960179,12.2843635781134,0.000537738572329433,0.00249514160458747,0.00249514160458747,"gpath_trio"
"1972","EIPR1","Exc L3-4 RORB CUX2",0.0446933630290323,6.04343683754483,5.97779630212574,0.015151364847469,0.0418394177111534,0.0418394177111534,"gpath_trio"
"1973","TRAPPC12","Exc L3-4 RORB CUX2",0.0616545911121917,6.60721411132156,15.673852764787,9.71914751382125e-05,0.000569845396952467,0.000569845396952467,"gpath_trio"
"1974","TRAPPC12-AS1","Exc L3-4 RORB CUX2",-0.548041701036209,-0.0535703610139974,16.7623514439382,5.66002929800363e-05,0.000357965802781264,0.000357965802781264,"gpath_trio"
"1975","ADI1","Exc L3-4 RORB CUX2",-0.00777193734821481,3.38897362921616,0.0629951469630431,0.951418184401262,0.976241576151737,0.976241576151737,"gpath_trio"
"1976","AC231981.1","Exc L3-4 RORB CUX2",0.0169527545195963,1.31782524728925,0.0582166001813133,0.809527374624293,0.889844981096497,0.889844981096497,"gpath_trio"
"1977","AC108488.2","Exc L3-4 RORB CUX2",-0.0492292127216626,3.35518561695579,2.10418967506287,0.148101442565193,0.258943288305118,0.258943288305118,"gpath_trio"
"1978","RNASEH1","Exc L3-4 RORB CUX2",-0.0398942825302068,1.53714458516188,0.558073613300291,0.455712468443612,0.601544036302662,0.601544036302662,"gpath_trio"
"1979","RNASEH1-AS1","Exc L3-4 RORB CUX2",-0.00263934778923159,2.18620595422268,0.00381398735100569,0.950803404356521,0.97608707213768,0.97608707213768,"gpath_trio"
"1980","RPS7","Exc L3-4 RORB CUX2",-0.287418524308012,4.92999277166205,66.3360091504854,1.59871690998146e-14,1.16440843533848e-12,1.16440843533848e-12,"gpath_trio"
"1981","COLEC11","Exc L3-4 RORB CUX2",0.0519155985360115,2.40686559978045,0.232097091546354,0.63037845596421,0.753965221074101,0.753965221074101,"gpath_trio"
"1982","ALLC","Exc L3-4 RORB CUX2",-0.0995774157871469,1.37008504197353,0.345784069322861,0.557019817272962,0.693396360429567,0.693396360429567,"gpath_trio"
"1983","DCDC2C","Exc L3-4 RORB CUX2",-0.00892116409920292,1.39089229563045,0.00375049182221743,0.951214119288225,0.976241576151737,0.976241576151737,"gpath_trio"
"1984","LINC01248","Exc L3-4 RORB CUX2",-0.0486082327673217,-0.747915767032423,0.184436668756846,0.667943500721009,0.785108115301197,0.785108115301197,"gpath_trio"
"1985","NRIR","Exc L3-4 RORB CUX2",0.15504454030796,1.69779087681628,5.42754024733933,0.0205876486125713,0.053539032064788,0.053539032064788,"gpath_trio"
"1986","CMPK2","Exc L3-4 RORB CUX2",-0.114998149965551,1.81227552277508,5.58483004977651,0.0188530120341553,0.0498635969833617,0.0498635969833617,"gpath_trio"
"1987","RSAD2","Exc L3-4 RORB CUX2",0.0518195169569365,3.92881936011184,2.3040316326861,0.509262254857275,0.651265592783058,0.651265592783058,"gpath_trio"
"1988","AC017076.1","Exc L3-4 RORB CUX2",-0.0718780051154543,1.96784716080363,1.04597759456946,0.307385915331757,0.451511528344972,0.451511528344972,"gpath_trio"
"1989","RNF144A","Exc L3-4 RORB CUX2",0.0877064946891436,8.09409057077175,25.537417261699,8.18687937877461e-07,8.64765923909831e-06,8.64765923909831e-06,"gpath_trio"
"1990","AC068481.1","Exc L3-4 RORB CUX2",-0.464621315581174,0.462603759012823,24.1378665897719,1.58808329914838e-06,1.56902941039758e-05,1.56902941039758e-05,"gpath_trio"
"1991","AC010904.2","Exc L3-4 RORB CUX2",-0.0814409402621556,-0.104940843102447,0.782117942737466,0.377311235412034,0.525544314116741,0.525544314116741,"gpath_trio"
"1992","AC007463.1","Exc L3-4 RORB CUX2",0.00819678097023513,-1.41081236045085,0.00721056154838076,0.932394293077929,0.967099627929012,0.967099627929012,"gpath_trio"
"1993","LINC00298","Exc L3-4 RORB CUX2",0.0402013825810024,2.29289316647963,0.359504437044445,0.549303715889715,0.687385196838431,0.687385196838431,"gpath_trio"
"1994","LINC00299","Exc L3-4 RORB CUX2",0.10438779829519,4.74800238028106,3.79067669947943,0.0526155212704708,0.114820783302515,0.114820783302515,"gpath_trio"
"1995","AC011747.2","Exc L3-4 RORB CUX2",0.0684200147722616,0.606877822066016,0.531340942436666,0.466699710890556,0.612122394176113,0.612122394176113,"gpath_trio"
"1996","ID2-AS1","Exc L3-4 RORB CUX2",-0.0734461369669977,0.629464994204513,1.10976376309424,0.293111289415941,0.43574683250804,0.43574683250804,"gpath_trio"
"1997","ID2","Exc L3-4 RORB CUX2",-0.159136348578962,5.50091821189891,27.9036449268085,2.6974328586646e-07,3.24705894531971e-06,3.24705894531971e-06,"gpath_trio"
"1998","KIDINS220","Exc L3-4 RORB CUX2",-0.00813755754837866,7.207757230126,0.380025806004005,0.538128783907995,0.676982440885499,0.676982440885499,"gpath_trio"
"1999","MBOAT2","Exc L3-4 RORB CUX2",0.076117380157805,7.17262776097279,15.2316513323433,0.000121201938105472,0.000688608589489695,0.000688608589489695,"gpath_trio"
"2000","ASAP2","Exc L3-4 RORB CUX2",0.0185674010271691,5.86610309225402,0.58119052985286,0.446537078508129,0.592806840751563,0.592806840751563,"gpath_trio"
"2001","ITGB1BP1","Exc L3-4 RORB CUX2",0.0165120249048632,6.0227760236999,0.718731942398916,0.397339906487779,0.545551423260579,0.545551423260579,"gpath_trio"
"2002","CPSF3","Exc L3-4 RORB CUX2",-0.0698499261041744,3.86401327678081,9.34063573704326,0.00247471930810472,0.00917278376649139,0.00917278376649139,"gpath_trio"
"2003","IAH1","Exc L3-4 RORB CUX2",-0.0739566010042192,4.98440456771569,11.6824405292785,0.000732183692231349,0.00325012233020186,0.00325012233020186,"gpath_trio"
"2004","ADAM17","Exc L3-4 RORB CUX2",-0.0348224266895998,6.12048324488633,3.23989311323782,0.0730244512918012,0.14928243031838,0.14928243031838,"gpath_trio"
"2005","AC080162.1","Exc L3-4 RORB CUX2",-0.155888781128474,1.05264960286165,5.10025457249982,0.0247515042546263,0.0620864849356068,0.0620864849356068,"gpath_trio"
"2006","AC073195.1","Exc L3-4 RORB CUX2",-0.313189441380428,1.04065808483302,23.463746125716,2.18869445129415e-06,2.072121565221e-05,2.072121565221e-05,"gpath_trio"
"2007","YWHAQ","Exc L3-4 RORB CUX2",-0.104564133003723,6.17870689009701,32.060581549284,3.94719614339857e-08,5.89566608879809e-07,5.89566608879809e-07,"gpath_trio"
"2008","AC082651.3","Exc L3-4 RORB CUX2",0.0360348503708758,-0.933093189958777,0.0866045413625087,0.972561151293319,0.985690707924104,0.985690707924104,"gpath_trio"
"2009","TAF1B","Exc L3-4 RORB CUX2",0.0243093868145188,5.27035180920286,1.20532136656923,0.273276352047938,0.412985048881434,0.412985048881434,"gpath_trio"
"2010","AC010969.2","Exc L3-4 RORB CUX2",0.00973121129352767,1.91862789245349,0.0483840853436626,0.82607192745917,0.900378235358658,0.900378235358658,"gpath_trio"
"2011","GRHL1","Exc L3-4 RORB CUX2",0.0313692536728693,4.30110909660974,1.55960366606833,0.212846479336869,0.341431002673239,0.341431002673239,"gpath_trio"
"2012","AC104794.2","Exc L3-4 RORB CUX2",-0.0336635708823617,2.04904958088016,0.323442878664785,0.570036804607451,0.704940502163345,0.704940502163345,"gpath_trio"
"2013","KLF11","Exc L3-4 RORB CUX2",-0.0273060465253356,2.08672789390825,0.308763318482832,0.939790089812675,0.970927133447907,0.970927133447907,"gpath_trio"
"2014","CYS1","Exc L3-4 RORB CUX2",-0.0342835994097785,2.86509564414584,1.02035194789811,0.313374637292066,0.458106898584699,0.458106898584699,"gpath_trio"
"2015","AC104794.1","Exc L3-4 RORB CUX2",0.0448519434697531,-0.747549672500203,0.152106059081858,0.696850099777336,0.808125007932848,0.808125007932848,"gpath_trio"
"2016","C2orf48","Exc L3-4 RORB CUX2",-0.0662213965052648,0.890588062508338,0.663245303894004,0.416161825372947,0.564555192771598,0.564555192771598,"gpath_trio"
"2017","HPCAL1","Exc L3-4 RORB CUX2",-0.0692983651261067,6.12209689019389,1.5907027518056,0.208356192171679,0.335991221889827,0.335991221889827,"gpath_trio"
"2018","ODC1","Exc L3-4 RORB CUX2",-0.0560657748529619,3.16475510467816,2.65598066195103,0.504005220858497,0.646581305709512,0.646581305709512,"gpath_trio"
"2019","AC007249.2","Exc L3-4 RORB CUX2",-0.13771301629726,-0.885260666209698,1.41400061110768,0.235478233041445,0.368131342956138,0.368131342956138,"gpath_trio"
"2020","NOL10","Exc L3-4 RORB CUX2",-0.00998498386279163,6.38359187323209,0.499265933649472,0.52131363523748,0.661936093581481,0.661936093581481,"gpath_trio"
"2021","RN7SL832P","Exc L3-4 RORB CUX2",0.160997006249518,0.760262905800232,1.95091558177885,0.163679275568454,0.278945313134429,0.278945313134429,"gpath_trio"
"2022","ATP6V1C2","Exc L3-4 RORB CUX2",-0.301623458967921,1.69369846386287,11.0809967691972,0.000998364049894674,0.00423774346867769,0.00423774346867769,"gpath_trio"
"2023","PDIA6","Exc L3-4 RORB CUX2",-0.0190652442838162,5.48344060220059,0.315321991210587,0.574916294120975,0.708808129668215,0.708808129668215,"gpath_trio"
"2024","AC092687.1","Exc L3-4 RORB CUX2",0.134151819486432,0.596143905622729,1.00003812278046,0.318231038724088,0.463568940968867,0.463568940968867,"gpath_trio"
"2025","LINC01954","Exc L3-4 RORB CUX2",0.0550813676080757,1.2101799577563,0.173949414514795,0.676969573143176,0.792403175804338,0.792403175804338,"gpath_trio"
"2026","KCNF1","Exc L3-4 RORB CUX2",-0.12563688489722,3.84265872781408,8.581555228506,0.00369730060041392,0.0128497914923946,0.0128497914923946,"gpath_trio"
"2027","AC062028.1","Exc L3-4 RORB CUX2",-0.0269241361582277,4.52867541416833,0.747171643221827,0.388169932353808,0.536069313973358,0.536069313973358,"gpath_trio"
"2028","C2orf50","Exc L3-4 RORB CUX2",-0.0294426937797648,2.42393358737331,0.375963396630785,0.647194942171047,0.767844461235781,0.767844461235781,"gpath_trio"
"2029","PQLC3","Exc L3-4 RORB CUX2",0.015397239353055,3.86726419401505,0.240657532917655,0.624145357125308,0.748952154880336,0.748952154880336,"gpath_trio"
"2030","ROCK2","Exc L3-4 RORB CUX2",0.0099809128225782,8.15006208869475,0.384090435129771,0.535964920317678,0.675100971930396,0.675100971930396,"gpath_trio"
"2031","AC099344.1","Exc L3-4 RORB CUX2",-0.241999202364384,-0.114192146098877,7.59478007015289,0.00626789539424269,0.0201041000920264,0.0201041000920264,"gpath_trio"
"2032","LINC00570","Exc L3-4 RORB CUX2",-0.11591761970237,-1.10459500466403,0.85524658480709,0.355929827497665,0.503709614882532,0.503709614882532,"gpath_trio"
"2033","E2F6","Exc L3-4 RORB CUX2",-0.0139140062056376,3.97539269163089,0.277776021139698,0.598611989837499,0.728100132330833,0.728100132330833,"gpath_trio"
"2034","GREB1","Exc L3-4 RORB CUX2",0.0557649655932934,5.05500420837761,2.90133664901337,0.0897010323924628,0.175394294293268,0.175394294293268,"gpath_trio"
"2035","NTSR2","Exc L3-4 RORB CUX2",0.328698499697594,-0.109495259572715,14.0280438166803,0.000221822448832874,0.00116908774953062,0.00116908774953062,"gpath_trio"
"2036","LPIN1","Exc L3-4 RORB CUX2",0.00235636769732387,6.57898069368758,0.0148025849890423,0.903257617302636,0.95125658657831,0.95125658657831,"gpath_trio"
"2037","MIR3681HG","Exc L3-4 RORB CUX2",-0.0837481525374395,1.60458536319529,0.55795771255812,0.455759214852767,0.601566382705566,0.601566382705566,"gpath_trio"
"2038","TRIB2","Exc L3-4 RORB CUX2",-0.210139247760979,2.54677509799556,6.66363586982295,0.0103883238709437,0.0305249685546589,0.0305249685546589,"gpath_trio"
"2039","AC073062.1","Exc L3-4 RORB CUX2",0.0300197105192569,-0.730192277420255,0.0402020094890837,0.841242871006316,0.910470195941871,0.910470195941871,"gpath_trio"
"2040","LINC00276","Exc L3-4 RORB CUX2",0.0536790476571873,5.99259022674944,1.74200643162766,0.188045667005643,0.31062516064666,0.31062516064666,"gpath_trio"
"2041","AC016730.1","Exc L3-4 RORB CUX2",0.251938362340622,-1.21643466772082,2.18786549849184,0.140312469018289,0.248403304882764,0.248403304882764,"gpath_trio"
"2042","FAM84A","Exc L3-4 RORB CUX2",-0.0757467762752286,5.92825322946733,8.12233959257241,0.00472257167210369,0.0158111323406392,0.0158111323406392,"gpath_trio"
"2043","AC068286.1","Exc L3-4 RORB CUX2",0.0639771524000219,1.70283650698075,0.915126799427887,0.339646387560871,0.486268758048776,0.486268758048776,"gpath_trio"
"2044","NBAS","Exc L3-4 RORB CUX2",0.0402459845497742,7.91686584624193,5.64339157691915,0.018246647359613,0.0485345045923598,0.0485345045923598,"gpath_trio"
"2045","DDX1","Exc L3-4 RORB CUX2",-0.0825985583006929,5.88185989125919,21.753695570938,4.96282805615918e-06,4.27278081258753e-05,4.27278081258753e-05,"gpath_trio"
"2046","LINC01804","Exc L3-4 RORB CUX2",-0.263642245319953,-0.333086678220222,7.73723834037607,0.00580538952720561,0.0188635422308541,0.0188635422308541,"gpath_trio"
"2047","MYCNOS","Exc L3-4 RORB CUX2",0.260058343580519,-0.614324405081382,5.36410936930589,0.0213334685685413,0.0551374235678094,0.0551374235678094,"gpath_trio"
"2048","MYCN","Exc L3-4 RORB CUX2",0.178656071816772,-0.0592495424316243,3.08111893675286,0.0803836709716863,0.161030737945961,0.161030737945961,"gpath_trio"
"2049","FAM49A","Exc L3-4 RORB CUX2",0.00375921037347016,7.31039835457873,0.0470042423084274,0.828530628639405,0.901937378341336,0.901937378341336,"gpath_trio"
"2050","AC008164.1","Exc L3-4 RORB CUX2",-0.177287837346818,-0.908398950123748,1.98231318457965,0.16034141962479,0.274686249580615,0.274686249580615,"gpath_trio"
"2051","RAD51AP2","Exc L3-4 RORB CUX2",-0.0202081316038134,2.92408294191184,0.199061320964429,0.719785656062017,0.826221871361584,0.826221871361584,"gpath_trio"
"2052","VSNL1","Exc L3-4 RORB CUX2",-0.136147276366021,9.08417617467082,37.153747383829,3.92259227004001e-09,7.64621246841132e-08,7.64621246841132e-08,"gpath_trio"
"2053","SMC6","Exc L3-4 RORB CUX2",0.0238139310089221,6.00984319669166,1.95069298845929,0.163703222181494,0.278945313134429,0.278945313134429,"gpath_trio"
"2054","GEN1","Exc L3-4 RORB CUX2",0.0459206103422726,3.85461510445674,1.68388271114988,0.195559400720623,0.31997682453416,0.31997682453416,"gpath_trio"
"2055","AC079148.1","Exc L3-4 RORB CUX2",-0.164927088956389,0.192189015681959,4.35020072481694,0.0379796597416955,0.0884190670769336,0.0884190670769336,"gpath_trio"
"2056","RDH14","Exc L3-4 RORB CUX2",-0.16329745987274,2.9679957177767,22.954868375989,2.79036972784367e-06,2.56472479540984e-05,2.56472479540984e-05,"gpath_trio"
"2057","LINC01376","Exc L3-4 RORB CUX2",-0.00413766941737573,4.41845671732453,0.0120369092633348,0.912721739775916,0.955537392972814,0.955537392972814,"gpath_trio"
"2058","OSR1","Exc L3-4 RORB CUX2",0.183359383759766,-0.567716963076757,2.59094017178181,0.108689927874556,0.203945246918635,0.203945246918635,"gpath_trio"
"2059","AC010096.1","Exc L3-4 RORB CUX2",-0.182479267923409,-1.19024657687047,1.93838359147095,0.289506173210831,0.431691577570474,0.431691577570474,"gpath_trio"
"2060","TTC32","Exc L3-4 RORB CUX2",-0.0224390519037738,3.07425083542683,0.429853573538168,0.512640506110229,0.654051869396944,0.654051869396944,"gpath_trio"
"2061","WDR35","Exc L3-4 RORB CUX2",0.0445368984827478,4.78349399262228,3.19558693580052,0.0750018404691025,0.15261342727828,0.15261342727828,"gpath_trio"
"2062","AC079145.1","Exc L3-4 RORB CUX2",0.0714437470023218,-0.406166444533561,0.484812399732701,0.486872505472588,0.63042505602397,0.63042505602397,"gpath_trio"
"2063","LAPTM4A","Exc L3-4 RORB CUX2",-0.131030295538084,3.80294694056854,20.3355237023819,9.840771989325e-06,7.80043726405561e-05,7.80043726405561e-05,"gpath_trio"
"2064","AC098828.2","Exc L3-4 RORB CUX2",-0.17311464887636,-0.672545660894853,2.46344315707027,0.138686547928981,0.246172893231321,0.246172893231321,"gpath_trio"
"2065","SDC1","Exc L3-4 RORB CUX2",0.202357384843578,-0.0969309082700979,4.09045287071338,0.0441498022680849,0.0997449340155222,0.0997449340155222,"gpath_trio"
"2066","PUM2","Exc L3-4 RORB CUX2",0.0277037654719255,7.15956069524597,4.70577834586945,0.0309676570731281,0.074760378299672,0.074760378299672,"gpath_trio"
"2067","RHOB","Exc L3-4 RORB CUX2",0.0191454561984349,4.31742513890433,0.259067667591318,0.611193056617199,0.738682077352902,0.738682077352902,"gpath_trio"
"2068","HS1BP3","Exc L3-4 RORB CUX2",0.126305897079452,4.82268164146095,21.2142103054385,6.43512333942721e-06,5.36703651810434e-05,5.36703651810434e-05,"gpath_trio"
"2069","GDF7","Exc L3-4 RORB CUX2",0.178785764678537,3.49602852821707,10.7794271720221,0.00116708099148073,0.00484283401956474,0.00484283401956474,"gpath_trio"
"2070","AC012065.4","Exc L3-4 RORB CUX2",0.100184490303318,-0.385548882653283,1.17804177247484,0.286846892030979,0.428581503867659,0.428581503867659,"gpath_trio"
"2071","LDAH","Exc L3-4 RORB CUX2",0.0369232718510789,5.60811827834145,3.08851219129984,0.0800237258753839,0.160500911575293,0.160500911575293,"gpath_trio"
"2072","APOB","Exc L3-4 RORB CUX2",-0.103468731021881,-1.06833470244627,0.480863478533386,0.488650453100075,0.632078149085979,0.632078149085979,"gpath_trio"
"2073","AC018742.1","Exc L3-4 RORB CUX2",0.447629622005224,3.43329445196205,8.08428958095892,0.00481964737709521,0.0160827631215507,0.0160827631215507,"gpath_trio"
"2074","LINC01830","Exc L3-4 RORB CUX2",0.125203765801882,4.77117909638178,4.26169713283617,0.0399728195469625,0.0922080533226582,0.0922080533226582,"gpath_trio"
"2075","AC096570.1","Exc L3-4 RORB CUX2",-0.0720451595682205,0.0748833478349335,0.466896864700828,0.49502665763588,0.638606229158123,0.638606229158123,"gpath_trio"
"2076","AC018467.1","Exc L3-4 RORB CUX2",0.0542298169222357,3.58128260570704,1.06825700245,0.302299857601685,0.445989003810895,0.445989003810895,"gpath_trio"
"2077","AC012506.4","Exc L3-4 RORB CUX2",0.152760249541281,-0.0167098135979328,2.51364272200613,0.11408020684736,0.211541192384696,0.211541192384696,"gpath_trio"
"2078","KLHL29","Exc L3-4 RORB CUX2",0.170306442833404,7.72421411920798,42.1280921097491,4.30356458855917e-10,1.02872530301163e-08,1.02872530301163e-08,"gpath_trio"
"2079","AC009242.1","Exc L3-4 RORB CUX2",-0.0102179452289917,-0.789577792726601,0.00771203295369717,0.930088784619489,0.96565156595812,0.96565156595812,"gpath_trio"
"2080","ATAD2B","Exc L3-4 RORB CUX2",0.01577280240384,5.59061342011266,0.959846486710914,0.338366868749938,0.484771451287459,0.484771451287459,"gpath_trio"
"2081","UBXN2A","Exc L3-4 RORB CUX2",0.0785962449474769,5.50365495611103,13.4903655400032,0.000291088169830211,0.00147666679062723,0.00147666679062723,"gpath_trio"
"2082","MFSD2B","Exc L3-4 RORB CUX2",-0.0370193724042047,1.58986729292039,0.532626356694594,0.623256072283558,0.748420141609776,0.748420141609776,"gpath_trio"
"2083","WDCP","Exc L3-4 RORB CUX2",-0.0166738045319696,1.71905068914357,0.13330211004526,0.966961860628271,0.982991813875611,0.982991813875611,"gpath_trio"
"2084","FKBP1B","Exc L3-4 RORB CUX2",-0.178141901805572,3.86792146519748,36.3452650128802,5.64090706749816e-09,1.05375277858125e-07,1.05375277858125e-07,"gpath_trio"
"2085","SF3B6","Exc L3-4 RORB CUX2",-0.155197371383319,3.80253917015349,36.2853659693672,5.79507067416678e-09,1.07756268065728e-07,1.07756268065728e-07,"gpath_trio"
"2086","FAM228B","Exc L3-4 RORB CUX2",0.0824791183708352,5.93740057685141,7.93479566787849,0.00522130024130064,0.0172546654165832,0.0172546654165832,"gpath_trio"
"2087","TP53I3","Exc L3-4 RORB CUX2",0.0171421761265019,0.127696541414525,0.0251126295606126,0.874209747036838,0.932357872397806,0.932357872397806,"gpath_trio"
"2088","PFN4","Exc L3-4 RORB CUX2",0.0404955481409178,0.536363746216377,0.303380821823345,0.762752940493864,0.858352330124036,0.858352330124036,"gpath_trio"
"2089","AC008073.3","Exc L3-4 RORB CUX2",-0.0358340930457304,2.54402193638892,0.766460477092331,0.382122301028574,0.530360307048121,0.530360307048121,"gpath_trio"
"2090","AC008073.2","Exc L3-4 RORB CUX2",-0.362885790615837,-0.720372373506604,8.15455620515959,0.00464194710580085,0.0155799838395495,0.0155799838395495,"gpath_trio"
"2091","FAM228A","Exc L3-4 RORB CUX2",0.0349214090557652,1.53409059436037,0.465654092135867,0.586743162947548,0.718515527312096,0.718515527312096,"gpath_trio"
"2092","ITSN2","Exc L3-4 RORB CUX2",0.0598115568506636,7.09391227417594,22.867541791914,2.90930770206859e-06,2.66191759134847e-05,2.66191759134847e-05,"gpath_trio"
"2093","AC009228.1","Exc L3-4 RORB CUX2",-0.0415508330945496,3.15099293383284,1.11449654081154,0.292086526253755,0.434703870401999,0.434703870401999,"gpath_trio"
"2094","NCOA1","Exc L3-4 RORB CUX2",0.07735976849391,8.52555072942211,21.9869165323806,4.4366312758011e-06,3.86445185330497e-05,3.86445185330497e-05,"gpath_trio"
"2095","PTRHD1","Exc L3-4 RORB CUX2",-0.317787579613357,2.03456313721784,45.0820890942314,1.18167918395385e-10,3.26580514195463e-09,3.26580514195463e-09,"gpath_trio"
"2096","CENPO","Exc L3-4 RORB CUX2",-0.086069804087554,2.65807317948326,3.14667603949657,0.0772521499740956,0.156199852247683,0.156199852247683,"gpath_trio"
"2097","ADCY3","Exc L3-4 RORB CUX2",0.0603367771429914,5.97215482560719,11.8280482535678,0.000679403817414375,0.00305209797736251,0.00305209797736251,"gpath_trio"
"2098","DNAJC27","Exc L3-4 RORB CUX2",-0.0361735563399977,4.52146584557088,2.36976443831096,0.124921803301642,0.227168954103194,0.227168954103194,"gpath_trio"
"2099","DNAJC27-AS1","Exc L3-4 RORB CUX2",0.15176061644986,4.55570704209695,22.3759110804596,3.68127230531253e-06,3.28626852918939e-05,3.28626852918939e-05,"gpath_trio"
"2100","EFR3B","Exc L3-4 RORB CUX2",-0.0721691924445678,6.67828979242643,7.06736189687515,0.00833683101834318,0.0254225462205371,0.0254225462205371,"gpath_trio"
"2101","POMC","Exc L3-4 RORB CUX2",-0.151695047836919,-0.834573009758351,0.942217915823438,0.332610212912206,0.479075536910384,0.479075536910384,"gpath_trio"
"2102","LINC01381","Exc L3-4 RORB CUX2",-0.0408739015625274,-1.00950671634654,0.0978555173385522,0.754669193717517,0.85253659125656,0.85253659125656,"gpath_trio"
"2103","DNMT3A","Exc L3-4 RORB CUX2",0.0790318835749359,6.89831113817534,16.2597739703557,7.26147920418797e-05,0.000441532076384847,0.000441532076384847,"gpath_trio"
"2104","AC012074.1","Exc L3-4 RORB CUX2",0.164073720913722,2.75516803620551,15.7109767983672,9.54095463217004e-05,0.000560701309944744,0.000560701309944744,"gpath_trio"
"2105","DTNB","Exc L3-4 RORB CUX2",0.0276113440596357,8.36068449559984,3.1748908209901,0.0759452636152524,0.154159945008322,0.154159945008322,"gpath_trio"
"2106","AC104699.1","Exc L3-4 RORB CUX2",-0.35195181474255,0.987541163918063,26.0156784116223,6.53476799724093e-07,7.0539831109864e-06,7.0539831109864e-06,"gpath_trio"
"2107","ASXL2","Exc L3-4 RORB CUX2",0.0556649338724267,5.83312243400516,15.0537114545104,0.000132487405457293,0.000742275313829736,0.000742275313829736,"gpath_trio"
"2108","KIF3C","Exc L3-4 RORB CUX2",0.0331445637098564,6.86198996935754,3.81211669818494,0.0519561792917728,0.113726366194154,0.113726366194154,"gpath_trio"
"2109","RAB10","Exc L3-4 RORB CUX2",0.0477793278214287,6.81752384562738,15.7934815914149,9.15670041559221e-05,0.000540322991765349,0.000540322991765349,"gpath_trio"
"2110","HADHA","Exc L3-4 RORB CUX2",-0.0109002265749949,4.90686903455547,0.368561655791451,0.544319114193168,0.682725404342378,0.682725404342378,"gpath_trio"
"2111","HADHB","Exc L3-4 RORB CUX2",0.00182407865351573,5.16439691074481,0.0109625095980648,0.91669299426548,0.957806264400335,0.957806264400335,"gpath_trio"
"2112","ADGRF3","Exc L3-4 RORB CUX2",0.200490369926632,2.12536701273567,20.4749454894023,9.19813186662614e-06,7.3381513240355e-05,7.3381513240355e-05,"gpath_trio"
"2113","SELENOI","Exc L3-4 RORB CUX2",-0.0415681464247287,5.67521023174303,4.93822997564639,0.0271297196436791,0.0668795324793775,0.0668795324793775,"gpath_trio"
"2114","DRC1","Exc L3-4 RORB CUX2",-0.110158791167383,3.1791016796957,9.37986904994719,0.00242413566846926,0.00900514400872167,0.00900514400872167,"gpath_trio"
"2115","OTOF","Exc L3-4 RORB CUX2",0.0310808158290579,0.347636871539873,0.147786735845243,0.700973698507368,0.811515655510527,0.811515655510527,"gpath_trio"
"2116","CIB4","Exc L3-4 RORB CUX2",0.158801715078308,1.08770207741804,6.10780998083357,0.0140998473082471,0.0393940478387876,0.0393940478387876,"gpath_trio"
"2117","KCNK3","Exc L3-4 RORB CUX2",-0.0189473465738599,3.49742979706501,0.279185707018474,0.597686128100292,0.727368659333055,0.727368659333055,"gpath_trio"
"2118","CENPA","Exc L3-4 RORB CUX2",0.0407881279928595,2.20071931197035,1.16002272737988,0.39524117988281,0.543369845718345,0.543369845718345,"gpath_trio"
"2119","DPYSL5","Exc L3-4 RORB CUX2",0.0145648340176264,4.77756627596542,0.193503808808532,0.660381713398489,0.77931686171119,0.77931686171119,"gpath_trio"
"2120","AC013472.2","Exc L3-4 RORB CUX2",-0.359306085233811,2.02381176232392,33.1253851716224,2.42604465053665e-08,3.80817505147326e-07,3.80817505147326e-07,"gpath_trio"
"2121","MAPRE3","Exc L3-4 RORB CUX2",0.0208467369002616,6.38879988052969,1.38610963944015,0.240139767062029,0.373744991035783,0.373744991035783,"gpath_trio"
"2122","TMEM214","Exc L3-4 RORB CUX2",-0.0667374871092844,3.06567427841561,5.21389184256727,0.0232142364749093,0.058978368074713,0.058978368074713,"gpath_trio"
"2123","AGBL5","Exc L3-4 RORB CUX2",-0.243650341062699,3.45456683578734,65.1096781951446,2.62697484269436e-14,1.79658364241894e-12,1.79658364241894e-12,"gpath_trio"
"2124","AC013472.3","Exc L3-4 RORB CUX2",-0.0673414855226322,1.21689604429108,1.44014005639291,0.231208974029431,0.363035337461575,0.363035337461575,"gpath_trio"
"2125","AC013403.2","Exc L3-4 RORB CUX2",0.0241371320933939,-0.286308526573839,0.0773398788539984,0.781156245729792,0.871575448379524,0.871575448379524,"gpath_trio"
"2126","OST4","Exc L3-4 RORB CUX2",-0.273873583386937,3.00463928962691,48.856045334568,2.31344473225277e-11,7.93771215530605e-10,7.93771215530605e-10,"gpath_trio"
"2127","KHK","Exc L3-4 RORB CUX2",-0.111802152106767,2.47413417202866,7.00919290318366,0.00860453093364635,0.0260890308966509,0.0260890308966509,"gpath_trio"
"2128","CGREF1","Exc L3-4 RORB CUX2",0.0193356672626832,4.86351038783457,0.676561197934761,0.411527078480953,0.559773382440213,0.559773382440213,"gpath_trio"
"2129","ABHD1","Exc L3-4 RORB CUX2",-0.125753691239663,0.410609275180704,2.8110321053693,0.094819992027785,0.182921527936562,0.182921527936562,"gpath_trio"
"2130","PREB","Exc L3-4 RORB CUX2",-0.171295654353196,2.95666958517148,25.5347728524709,8.19710047925521e-07,8.6539247602812e-06,8.6539247602812e-06,"gpath_trio"
"2131","SLC5A6","Exc L3-4 RORB CUX2",-0.0692713453178947,2.99978768447256,4.04750471022876,0.0452682381157785,0.101827038018266,0.101827038018266,"gpath_trio"
"2132","ATRAID","Exc L3-4 RORB CUX2",-0.141988702087321,2.45471416318893,14.0818366933549,0.000215886016480298,0.00114137850694183,0.00114137850694183,"gpath_trio"
"2133","CAD","Exc L3-4 RORB CUX2",0.00327002996755209,3.39459638605611,0.0123294112474859,0.991857230833085,0.996360392754633,0.996360392754633,"gpath_trio"
"2134","SLC30A3","Exc L3-4 RORB CUX2",-0.120929685722263,5.64270449604794,14.7616920920678,0.000153367482523703,0.000843562966171129,0.000843562966171129,"gpath_trio"
"2135","DNAJC5G","Exc L3-4 RORB CUX2",-0.00217858290347793,4.59246668773199,0.00258407567196232,0.959496983585151,0.979750116174416,0.979750116174416,"gpath_trio"
"2136","TRIM54","Exc L3-4 RORB CUX2",0.11060569090965,4.59777946014864,6.295497017256,0.0127133816385542,0.0361715307232665,0.0361715307232665,"gpath_trio"
"2137","UCN","Exc L3-4 RORB CUX2",-0.00715920907002934,3.38764908485506,0.0407869446900846,0.840107654072514,0.909729586222584,0.909729586222584,"gpath_trio"
"2138","MPV17","Exc L3-4 RORB CUX2",-0.0101140240447812,5.01441040258604,0.249243692511645,0.618030277201633,0.743959477478696,0.743959477478696,"gpath_trio"
"2139","GTF3C2","Exc L3-4 RORB CUX2",-0.054758259687756,4.88968917405561,6.86420832505241,0.00931101457576161,0.0278832891592683,0.0278832891592683,"gpath_trio"
"2140","AC074117.1","Exc L3-4 RORB CUX2",0.0206283228894159,1.29893363397667,0.140620625316705,0.707970501692273,0.816842323667025,0.816842323667025,"gpath_trio"
"2141","EIF2B4","Exc L3-4 RORB CUX2",-0.0764860948476475,3.25466682901807,7.38850300698845,0.00700569483788007,0.0219920433258785,0.0219920433258785,"gpath_trio"
"2142","SNX17","Exc L3-4 RORB CUX2",-0.110417818315577,3.70720553387631,10.5873411512836,0.00128943190307791,0.00526352611158616,0.00526352611158616,"gpath_trio"
"2143","ZNF513","Exc L3-4 RORB CUX2",-0.0667517919867717,2.54669230330981,2.92468673985846,0.088427058931302,0.17356066131241,0.17356066131241,"gpath_trio"
"2144","PPM1G","Exc L3-4 RORB CUX2",-0.0560037702498238,5.16882154144708,4.78486280384794,0.0296017420663495,0.0719016549709369,0.0719016549709369,"gpath_trio"
"2145","NRBP1","Exc L3-4 RORB CUX2",-0.0133593218761082,5.01438036447207,0.412000879571229,0.521521160018469,0.662032932949891,0.662032932949891,"gpath_trio"
"2146","KRTCAP3","Exc L3-4 RORB CUX2",0.00838317574795788,0.00497170788159657,0.00994479679424361,0.920640608132071,0.959655628876122,0.959655628876122,"gpath_trio"
"2147","IFT172","Exc L3-4 RORB CUX2",-0.00430973081147386,6.45022863740897,0.0716296379005465,0.789190824399116,0.876806260380647,0.876806260380647,"gpath_trio"
"2148","FNDC4","Exc L3-4 RORB CUX2",-0.167336921091772,4.26799290765591,30.5397052574276,7.94136115718938e-08,1.08917036945136e-06,1.08917036945136e-06,"gpath_trio"
"2149","GCKR","Exc L3-4 RORB CUX2",-0.0231516298757027,1.66232140944153,0.299922427986487,0.595156279162383,0.725325436739625,0.725325436739625,"gpath_trio"
"2150","C2orf16","Exc L3-4 RORB CUX2",-0.0580236713338934,1.60728234961409,1.34869659619603,0.24657114824228,0.381647476744243,0.381647476744243,"gpath_trio"
"2151","ZNF512","Exc L3-4 RORB CUX2",-0.0323358196853307,4.82529012897195,2.88956727184601,0.0903507429492926,0.176425303813587,0.176425303813587,"gpath_trio"
"2152","CCDC121","Exc L3-4 RORB CUX2",0.225558040756845,0.278641914356121,7.32058948219386,0.00726768846030055,0.0226599159076774,0.0226599159076774,"gpath_trio"
"2153","GPN1","Exc L3-4 RORB CUX2",0.0110005236583187,2.9914227958601,0.104423561732705,0.919795531670067,0.959599542197158,0.959599542197158,"gpath_trio"
"2154","SUPT7L","Exc L3-4 RORB CUX2",-0.0403288346268823,4.82767214651559,3.82299572841261,0.0516249865907543,0.113148734868926,0.113148734868926,"gpath_trio"
"2155","SLC4A1AP","Exc L3-4 RORB CUX2",-0.0251567574873607,5.02761811329404,1.49882596607561,0.221960227971507,0.352101898863271,0.352101898863271,"gpath_trio"
"2156","LINC01460","Exc L3-4 RORB CUX2",-0.0689260476346543,-0.954982246623865,0.242566082346378,0.622776094376886,0.748092528284757,0.748092528284757,"gpath_trio"
"2157","MRPL33","Exc L3-4 RORB CUX2",-0.0318709595817021,5.63342842291385,1.68620787017714,0.19525213484582,0.319611506735449,0.319611506735449,"gpath_trio"
"2158","RBKS","Exc L3-4 RORB CUX2",-0.101878055017091,4.10706304104918,11.8202979502228,0.000682113091793738,0.00306222332597656,0.00306222332597656,"gpath_trio"
"2159","BABAM2","Exc L3-4 RORB CUX2",0.0590178304148143,7.87177894033326,13.57466458673,0.000278925982265685,0.00142572376291112,0.00142572376291112,"gpath_trio"
"2160","AC104695.2","Exc L3-4 RORB CUX2",0.131964004127587,0.66592509705882,2.47015462915425,0.117242583071509,0.216173379041098,0.216173379041098,"gpath_trio"
"2161","FOSL2","Exc L3-4 RORB CUX2",-0.10560390707804,4.16306326036453,9.90621924195399,0.00183912678797394,0.00709860014298341,0.00709860014298341,"gpath_trio"
"2162","AC104695.3","Exc L3-4 RORB CUX2",-0.0484289631594014,-0.0493223218280287,0.311038007600217,0.577523766917597,0.710633203071635,0.710633203071635,"gpath_trio"
"2163","PLB1","Exc L3-4 RORB CUX2",0.0612629492736736,2.93239828139542,3.02574086502907,0.0831362989769402,0.165395407934106,0.165395407934106,"gpath_trio"
"2164","AC074011.1","Exc L3-4 RORB CUX2",0.00492936167246632,-0.339426295815585,0.0017780377330471,0.966398103414165,0.982613134277313,0.982613134277313,"gpath_trio"
"2165","PPP1CB","Exc L3-4 RORB CUX2",0.0934023538834847,5.28214863216702,24.3947173650451,1.40577517722116e-06,1.41102060698691e-05,1.41102060698691e-05,"gpath_trio"
"2166","SPDYA","Exc L3-4 RORB CUX2",-0.0869281168885459,3.3588909846092,6.84320080224001,0.00941823351485509,0.0281500535055113,0.0281500535055113,"gpath_trio"
"2167","AC097724.1","Exc L3-4 RORB CUX2",0.0959783068985813,0.273561242365513,1.32841091236511,0.250146669251772,0.386217881086286,0.386217881086286,"gpath_trio"
"2168","TRMT61B","Exc L3-4 RORB CUX2",-0.000805333641840513,5.45499677220089,0.00158003823941435,0.96832318657443,0.983632258654605,0.983632258654605,"gpath_trio"
"2169","WDR43","Exc L3-4 RORB CUX2",-0.0190356990014055,4.98978598738571,1.02199375131789,0.430660177237055,0.578235663234233,0.578235663234233,"gpath_trio"
"2170","TOGARAM2","Exc L3-4 RORB CUX2",0.0873456081018965,3.51179614994498,0.238856566701617,0.625445151122903,0.749984008503533,0.749984008503533,"gpath_trio"
"2171","CLIP4","Exc L3-4 RORB CUX2",0.0574040989417947,6.25334947852054,9.50352099144835,0.00227151445149961,0.00851185067960711,0.00851185067960711,"gpath_trio"
"2172","ALK","Exc L3-4 RORB CUX2",-0.080982162512507,1.96780140073719,0.122814975867303,0.726284996352188,0.830671163160597,0.830671163160597,"gpath_trio"
"2173","AC016907.2","Exc L3-4 RORB CUX2",0.0903732688303098,2.75631827619498,4.27262325885177,0.0397208926238324,0.0917633125713752,0.0917633125713752,"gpath_trio"
"2174","YPEL5","Exc L3-4 RORB CUX2",-0.0608246838423905,5.4546334617895,8.21770525411547,0.128114478118287,0.231750165519272,0.231750165519272,"gpath_trio"
"2175","LBH","Exc L3-4 RORB CUX2",-0.27454252272125,0.4546265127482,9.01815664454312,0.00293361411067765,0.0105783136162505,0.0105783136162505,"gpath_trio"
"2176","LCLAT1","Exc L3-4 RORB CUX2",0.0128089628558675,5.90362585215239,0.644155541099694,0.42294300998628,0.571219388570974,0.571219388570974,"gpath_trio"
"2177","GALNT14","Exc L3-4 RORB CUX2",0.106534508117128,4.14097908130366,7.36774523661481,0.00708472591702437,0.0221947741267029,0.0221947741267029,"gpath_trio"
"2178","CAPN14","Exc L3-4 RORB CUX2",0.00678038056092964,1.87132742675747,0.0189191060817538,0.890705104181503,0.943256284544739,0.943256284544739,"gpath_trio"
"2179","EHD3","Exc L3-4 RORB CUX2",-0.0730690371755617,5.43858690659733,13.7577639820214,0.000254255726994879,0.00131528443387736,0.00131528443387736,"gpath_trio"
"2180","XDH","Exc L3-4 RORB CUX2",-0.252892398716647,-1.10528234727058,3.44672135669971,0.064508443598267,0.135174267718637,0.135174267718637,"gpath_trio"
"2181","SRD5A2","Exc L3-4 RORB CUX2",-0.124128485827113,-1.30148136509436,0.821109892825811,0.365694819928294,0.513852416217672,0.513852416217672,"gpath_trio"
"2182","AL133247.1","Exc L3-4 RORB CUX2",-0.234925334986525,-1.79187598018017,1.14334312926098,0.285938683526339,0.427604546745526,0.427604546745526,"gpath_trio"
"2183","AL121652.1","Exc L3-4 RORB CUX2",0.120977810476776,-0.295544059454926,1.62927933492495,0.202941674384011,0.329392460233099,0.329392460233099,"gpath_trio"
"2184","MEMO1","Exc L3-4 RORB CUX2",-0.0050803738724152,4.19025886580865,0.0334632528625311,0.854995785261301,0.919926402199709,0.919926402199709,"gpath_trio"
"2185","DPY30","Exc L3-4 RORB CUX2",-0.118945720847115,5.02825248532743,32.6512234404836,3.01240905794421e-08,4.61118002610201e-07,4.61118002610201e-07,"gpath_trio"
"2186","AL121655.1","Exc L3-4 RORB CUX2",-0.102236800284846,-0.49042054288147,0.979040015020164,0.323355823702734,0.468824219195735,0.468824219195735,"gpath_trio"
"2187","SPAST","Exc L3-4 RORB CUX2",0.056220212869957,5.662514073169,10.189109583899,0.00158646199673222,0.00627585701648482,0.00627585701648482,"gpath_trio"
"2188","AL121658.1","Exc L3-4 RORB CUX2",-0.245615700834796,-0.665261490546086,5.17647979999555,0.0237090241803303,0.0598810168800906,0.0598810168800906,"gpath_trio"
"2189","SLC30A6","Exc L3-4 RORB CUX2",0.0504989693538335,5.15776308514868,6.67978286332395,0.0102970182610013,0.0303184972877557,0.0303184972877557,"gpath_trio"
"2190","NLRC4","Exc L3-4 RORB CUX2",-0.217949979733214,1.38716167332091,15.9263744084738,8.57045294715657e-05,0.000509990701194786,0.000509990701194786,"gpath_trio"
"2191","YIPF4","Exc L3-4 RORB CUX2",0.0316149309894743,6.00139224938933,3.73710394608389,0.0747776576616522,0.152279744015322,0.152279744015322,"gpath_trio"
"2192","AL133245.1","Exc L3-4 RORB CUX2",-0.221378851580279,0.71889596232005,10.8908640899708,0.00110158964673945,0.00460231334085076,0.00460231334085076,"gpath_trio"
"2193","BIRC6","Exc L3-4 RORB CUX2",-0.00592049617556404,8.09678732374086,0.164804102700103,0.685105357089931,0.798717124659379,0.798717124659379,"gpath_trio"
"2194","TTC27","Exc L3-4 RORB CUX2",0.0579819073007134,4.92640838047758,7.02470306191643,0.00853229711604658,0.0259206586833669,0.0259206586833669,"gpath_trio"
"2195","LINC00486","Exc L3-4 RORB CUX2",-0.449322990293585,8.52559020254688,69.5193629156697,4.44533007009835e-15,3.75249096921482e-13,3.75249096921482e-13,"gpath_trio"
"2196","LTBP1","Exc L3-4 RORB CUX2",0.0646052580823821,4.4506051586804,1.52317203399453,0.218254434993138,0.347917547696267,0.347917547696267,"gpath_trio"
"2197","RASGRP3","Exc L3-4 RORB CUX2",-0.662366194001611,0.277529555672096,8.87880942553933,0.00315801555087878,0.011256707374378,0.011256707374378,"gpath_trio"
"2198","AC020594.1","Exc L3-4 RORB CUX2",0.0221680573484254,2.72741359372518,0.246376120550868,0.620057759929997,0.745954997411311,0.745954997411311,"gpath_trio"
"2199","FAM98A","Exc L3-4 RORB CUX2",-0.0781574054576747,4.35215582358317,13.4210482846859,0.00030149149071554,0.0015198877624153,0.0015198877624153,"gpath_trio"
"2200","LINC01317","Exc L3-4 RORB CUX2",-0.0839361429771208,2.29034660068976,2.73965843086049,0.11287842448968,0.209949498854918,0.209949498854918,"gpath_trio"
"2201","AC068599.1","Exc L3-4 RORB CUX2",-0.039939609390093,2.19607248551563,0.342937035769299,0.558646731576072,0.694907072541294,0.694907072541294,"gpath_trio"
"2202","LINC01320","Exc L3-4 RORB CUX2",0.0450584738773228,-0.756582688877843,0.125544068690558,0.723384779664592,0.828750024402791,0.828750024402791,"gpath_trio"
"2203","AC009414.2","Exc L3-4 RORB CUX2",-0.250228598702223,2.72395841860534,32.2521542555866,3.61564928559721e-08,5.43559793866794e-07,5.43559793866794e-07,"gpath_trio"
"2204","CRIM1","Exc L3-4 RORB CUX2",0.11238001482282,6.37346295347906,20.0481830555887,1.13122044120767e-05,8.85274336748048e-05,8.85274336748048e-05,"gpath_trio"
"2205","FEZ2","Exc L3-4 RORB CUX2",-0.0549151656636585,6.87952141670853,12.4104289221621,0.000504178796417103,0.00235872044147404,0.00235872044147404,"gpath_trio"
"2206","VIT","Exc L3-4 RORB CUX2",-0.210074711657844,1.42381004665881,9.43664001395739,0.00235280430755107,0.00877733485666471,0.00877733485666471,"gpath_trio"
"2207","STRN","Exc L3-4 RORB CUX2",0.0170262243497594,6.08162287050523,1.49640773918955,0.222332423997573,0.352527244117498,0.352527244117498,"gpath_trio"
"2208","HEATR5B","Exc L3-4 RORB CUX2",-0.0196699008204492,6.3314927305951,1.79500218436815,0.181487657325235,0.302304614146022,0.302304614146022,"gpath_trio"
"2209","GPATCH11","Exc L3-4 RORB CUX2",-0.0754088523942032,4.22551131809952,9.73121885783095,0.00201564173988927,0.0076860014689591,0.0076860014689591,"gpath_trio"
"2210","EIF2AK2","Exc L3-4 RORB CUX2",0.0523353188132606,6.30343670735484,7.7718300013457,0.00569846988741626,0.0185879757443206,0.0185879757443206,"gpath_trio"
"2211","SULT6B1","Exc L3-4 RORB CUX2",-0.0709672400399787,-0.729896082415114,0.472405445949223,0.492495239989124,0.63611341016521,0.63611341016521,"gpath_trio"
"2212","CEBPZOS","Exc L3-4 RORB CUX2",-0.0589791613177629,4.77892457950941,6.08109675303468,0.0143095494153523,0.0398750220241343,0.0398750220241343,"gpath_trio"
"2213","CEBPZ","Exc L3-4 RORB CUX2",0.00448754394506723,4.31680441736323,0.0241040823354879,0.876740831690142,0.934120259765088,0.934120259765088,"gpath_trio"
"2214","NDUFAF7","Exc L3-4 RORB CUX2",0.00665394034732412,5.44946739700595,0.135030852601957,0.790674815819102,0.877923192578447,0.877923192578447,"gpath_trio"
"2215","PRKD3","Exc L3-4 RORB CUX2",-0.206582320696451,2.98825170562005,13.6064716897532,0.000274472223039299,0.00140652199639773,0.00140652199639773,"gpath_trio"
"2216","QPCT","Exc L3-4 RORB CUX2",-0.115846149316092,3.55655877659666,10.5324162721505,0.00132676514209628,0.00539449551426693,0.00539449551426693,"gpath_trio"
"2217","AC006369.1","Exc L3-4 RORB CUX2",-0.0941421516145205,-0.0505806117690006,0.789570945894091,0.375051197615772,0.523344779652214,0.523344779652214,"gpath_trio"
"2218","CDC42EP3","Exc L3-4 RORB CUX2",0.0414344521054241,4.56490626099014,1.53932759045195,0.215836252112805,0.344837216695403,0.344837216695403,"gpath_trio"
"2219","LINC00211","Exc L3-4 RORB CUX2",0.0190467531834429,-0.500321545307398,0.0191998372759116,0.889902361719884,0.942703079427601,0.942703079427601,"gpath_trio"
"2220","RMDN2","Exc L3-4 RORB CUX2",0.0657770574044112,5.30839021902377,6.03841412940811,0.0146513439085126,0.0406757758847174,0.0406757758847174,"gpath_trio"
"2221","RMDN2-AS1","Exc L3-4 RORB CUX2",-0.00893729402273053,3.90991262798388,0.0280659614181649,0.86708406778677,0.927983717977724,0.927983717977724,"gpath_trio"
"2222","CYP1B1","Exc L3-4 RORB CUX2",-0.161044040620247,3.64538868634916,6.77674402491257,0.00976588044574056,0.0290257274591656,0.0290257274591656,"gpath_trio"
"2223","CYP1B1-AS1","Exc L3-4 RORB CUX2",0.0572997728856841,6.66659028245701,1.16702229796952,0.281014950789957,0.421930239799611,0.421930239799611,"gpath_trio"
"2224","AC009229.2","Exc L3-4 RORB CUX2",0.0737814130523531,0.394851918085238,0.797124101433845,0.37278018878269,0.521122526932564,0.521122526932564,"gpath_trio"
"2225","AC009229.1","Exc L3-4 RORB CUX2",-0.313196564422142,-0.948788843529369,5.33154092763754,0.0217272929140525,0.0559903096871899,0.0559903096871899,"gpath_trio"
"2226","ATL2","Exc L3-4 RORB CUX2",0.0232218143018801,6.29821777361239,1.84832983900599,0.175155631925158,0.294109149515507,0.294109149515507,"gpath_trio"
"2227","AC011247.1","Exc L3-4 RORB CUX2",0.085041269575485,5.39164050850184,7.74969255475748,0.00576665933857462,0.0187618694010229,0.0187618694010229,"gpath_trio"
"2228","HNRNPLL","Exc L3-4 RORB CUX2",0.0483187853300856,6.32523318807462,5.6620301868773,0.0180579387803349,0.0481076079351982,0.0481076079351982,"gpath_trio"
"2229","GALM","Exc L3-4 RORB CUX2",-0.00327925220462569,3.16611970818464,0.00237788326272266,0.961145171502013,0.98004163727146,0.98004163727146,"gpath_trio"
"2230","SRSF7","Exc L3-4 RORB CUX2",-0.162977793136066,6.17092650889106,42.76869632978,3.24762997969889e-10,8.05915557692806e-09,8.05915557692806e-09,"gpath_trio"
"2231","GEMIN6","Exc L3-4 RORB CUX2",-0.121075593439275,2.29973367188227,12.3241018428271,0.000526921631217188,0.00245115146640691,0.00245115146640691,"gpath_trio"
"2232","DHX57","Exc L3-4 RORB CUX2",0.0312970675746643,5.85606829861444,4.50809733060091,0.0346794773246222,0.0820810012933192,0.0820810012933192,"gpath_trio"
"2233","MORN2","Exc L3-4 RORB CUX2",-0.0999841086834448,2.26970141801922,5.70662160804772,0.0176146524569554,0.0471761947907386,0.0471761947907386,"gpath_trio"
"2234","ARHGEF33","Exc L3-4 RORB CUX2",0.0249726199225349,3.89412023274641,0.949423695662524,0.330771675963975,0.477108641064788,0.477108641064788,"gpath_trio"
"2235","AC019171.1","Exc L3-4 RORB CUX2",0.00304130268615306,-0.113563165827939,0.00114749565035272,0.973003054186702,0.985690707924104,0.985690707924104,"gpath_trio"
"2236","SOS1","Exc L3-4 RORB CUX2",0.0953074924015642,7.75627063742645,52.1968139149882,5.56338801138447e-12,2.1843295989587e-10,2.1843295989587e-10,"gpath_trio"
"2237","CDKL4","Exc L3-4 RORB CUX2",0.0525757676409108,2.41640346352052,0.78608820978044,0.37610491475968,0.524280844004459,0.524280844004459,"gpath_trio"
"2238","MAP4K3","Exc L3-4 RORB CUX2",0.0490312036475686,7.67991746669855,9.48476141219607,0.00229402175661757,0.00858662132463071,0.00858662132463071,"gpath_trio"
"2239","AC007388.1","Exc L3-4 RORB CUX2",0.0222720728166051,7.76460763698536,1.94839545266519,0.163950626488026,0.279296114953637,0.279296114953637,"gpath_trio"
"2240","TMEM178A","Exc L3-4 RORB CUX2",0.0684723952387833,6.817376859088,11.0006880958075,0.00104070634924858,0.00438609788930231,0.00438609788930231,"gpath_trio"
"2241","THUMPD2","Exc L3-4 RORB CUX2",0.0396367014376155,5.50027309547034,4.85469189758872,0.0284481790188593,0.0695097507212651,0.0695097507212651,"gpath_trio"
"2242","SLC8A1-AS1","Exc L3-4 RORB CUX2",-0.25504473465426,4.94759167025802,37.7900580510819,2.94954955534945e-09,5.88597055184721e-08,5.88597055184721e-08,"gpath_trio"
"2243","SLC8A1","Exc L3-4 RORB CUX2",0.131192981138921,9.77529215198447,46.2046907993044,7.25770424942158e-11,2.134463312421e-09,2.134463312421e-09,"gpath_trio"
"2244","LINC01794","Exc L3-4 RORB CUX2",-0.0590408181961863,-0.822533723083556,0.230378499241637,0.631648404900149,0.75503653091957,0.75503653091957,"gpath_trio"
"2245","C2orf91","Exc L3-4 RORB CUX2",-0.123417732897277,-0.965999824999843,0.772147045779235,0.380364992428154,0.528575817759884,0.528575817759884,"gpath_trio"
"2246","AC013480.1","Exc L3-4 RORB CUX2",-0.04924345379326,0.828736838164982,0.394854125295248,0.530310417659084,0.670279823521763,0.670279823521763,"gpath_trio"
"2247","PKDCC","Exc L3-4 RORB CUX2",0.0851949872700627,5.24875369521486,8.62249618186172,0.00361775445791968,0.0126102619537888,0.0126102619537888,"gpath_trio"
"2248","AC083949.1","Exc L3-4 RORB CUX2",-0.144157270768815,0.159578166125105,2.14653778093556,0.144099947086843,0.253308045001051,0.253308045001051,"gpath_trio"
"2249","EML4","Exc L3-4 RORB CUX2",0.0439683870114737,5.55711973154898,4.32495600741336,0.242190220123211,0.376410730374068,0.376410730374068,"gpath_trio"
"2250","COX7A2L","Exc L3-4 RORB CUX2",-0.072757394388005,6.43312650361796,11.8219761162225,0.000681525524372167,0.00306026651551491,0.00306026651551491,"gpath_trio"
"2251","KCNG3","Exc L3-4 RORB CUX2",0.0154561196294227,4.50443370575354,0.252852113553446,0.615499597941327,0.7421086707982,0.7421086707982,"gpath_trio"
"2252","MTA3","Exc L3-4 RORB CUX2",0.0635126554631899,7.54438702258032,18.8267190346147,2.05071151103952e-05,0.00014729577262124,0.00014729577262124,"gpath_trio"
"2253","HAAO","Exc L3-4 RORB CUX2",-0.18498837439792,1.47751118255601,11.3803348473516,0.0008554030009538,0.00369861884788746,0.00369861884788746,"gpath_trio"
"2254","AC016735.1","Exc L3-4 RORB CUX2",-0.375303663377142,-0.0981036969031067,12.1901141608277,0.000564305515434603,0.00259809762069674,0.00259809762069674,"gpath_trio"
"2255","THADA","Exc L3-4 RORB CUX2",0.0414266002093885,6.30184014662352,6.53491967461663,0.0111467328450791,0.0323343400646256,0.0323343400646256,"gpath_trio"
"2256","PLEKHH2","Exc L3-4 RORB CUX2",0.404308119329504,1.92530416894483,5.38773652696972,0.021052424274778,0.0545072718723132,0.0545072718723132,"gpath_trio"
"2257","DYNC2LI1","Exc L3-4 RORB CUX2",-0.0355591608129485,6.3794917231293,3.62503538652872,0.0580202893900559,0.12403934920466,0.12403934920466,"gpath_trio"
"2258","ABCG5","Exc L3-4 RORB CUX2",0.0399123927043646,2.22970912492662,0.606563403041611,0.436792920195978,0.584287592853198,0.584287592853198,"gpath_trio"
"2259","ABCG8","Exc L3-4 RORB CUX2",0.163024051392079,3.11747699224507,17.5234817736155,3.88690661561925e-05,0.000258806405841975,0.000258806405841975,"gpath_trio"
"2260","LRPPRC","Exc L3-4 RORB CUX2",-0.00773814190980403,6.30544289626217,0.244437539822116,0.621436761997047,0.746945884616647,0.746945884616647,"gpath_trio"
"2261","PPM1B","Exc L3-4 RORB CUX2",-0.0187404034012037,6.52407304826802,1.42876854458318,0.233054597819444,0.365222658925531,0.365222658925531,"gpath_trio"
"2262","SLC3A1","Exc L3-4 RORB CUX2",-0.231976356374002,2.66149092629719,25.6648149146798,7.70941485228891e-07,8.20345172177895e-06,8.20345172177895e-06,"gpath_trio"
"2263","PREPL","Exc L3-4 RORB CUX2",-0.0938977588697435,8.35777409161583,37.3198971998359,3.64092981508484e-09,7.13855772782668e-08,7.13855772782668e-08,"gpath_trio"
"2264","CAMKMT","Exc L3-4 RORB CUX2",0.0792599676382647,6.11966219860224,7.01732717697298,0.00856656981266617,0.0260012856883617,0.0260012856883617,"gpath_trio"
"2265","SRBD1","Exc L3-4 RORB CUX2",0.0354350426524719,4.34776593072081,2.19243029267245,0.602358448352646,0.731114288022779,0.731114288022779,"gpath_trio"
"2266","PRKCE","Exc L3-4 RORB CUX2",0.0611054361865037,8.91422456726966,9.68103900017575,0.00206937979910603,0.00786099368235061,0.00786099368235061,"gpath_trio"
"2267","EPAS1","Exc L3-4 RORB CUX2",-0.563275724737883,-0.438076550805745,8.38018892173804,0.00411543183347574,0.0140774347435889,0.0140774347435889,"gpath_trio"
"2268","ATP6V1E2","Exc L3-4 RORB CUX2",-0.107588475740507,3.6753931209551,5.54265147696846,0.019302697258286,0.0508183779541277,0.0508183779541277,"gpath_trio"
"2269","RHOQ","Exc L3-4 RORB CUX2",-0.0949378299509427,4.61851564975578,8.64972671937139,0.00356581926030763,0.0124658470935205,0.0124658470935205,"gpath_trio"
"2270","AC018682.1","Exc L3-4 RORB CUX2",-0.606922087677097,1.6605516683257,81.187356827422,4.55025913537409e-17,6.33113641766705e-15,6.33113641766705e-15,"gpath_trio"
"2271","PIGF","Exc L3-4 RORB CUX2",0.00774260054496877,4.28503814572988,0.0919108672870868,0.762004223483403,0.857844806554701,0.857844806554701,"gpath_trio"
"2272","CRIPT","Exc L3-4 RORB CUX2",-0.0502966738263058,3.16169571673464,2.70091634199985,0.101499244186433,0.193220159601934,0.193220159601934,"gpath_trio"
"2273","SOCS5","Exc L3-4 RORB CUX2",0.00850003335363335,5.02586207973796,0.124988279572013,0.723972521581074,0.828952646021462,0.828952646021462,"gpath_trio"
"2274","AC016722.3","Exc L3-4 RORB CUX2",-0.0263827277460915,0.000617482443895562,0.0962329282191783,0.75664648326061,0.854291946935072,0.854291946935072,"gpath_trio"
"2275","LINC01119","Exc L3-4 RORB CUX2",-0.0650534864211176,1.65172664677124,1.29531189839524,0.25611896119118,0.393301875630389,0.393301875630389,"gpath_trio"
"2276","AC016722.2","Exc L3-4 RORB CUX2",-0.477486609027185,0.520180075038182,36.6552182355737,4.9068268819382e-09,9.31281583660426e-08,9.31281583660426e-08,"gpath_trio"
"2277","MCFD2","Exc L3-4 RORB CUX2",-0.083333388086291,4.88607387832693,18.1342810227816,2.87860107462423e-05,0.000198753513622669,0.000198753513622669,"gpath_trio"
"2278","TTC7A","Exc L3-4 RORB CUX2",0.0164113151500162,5.18834856399745,0.607710827070223,0.436360025582508,0.583837550551305,0.583837550551305,"gpath_trio"
"2279","STPG4","Exc L3-4 RORB CUX2",-0.237865656529523,0.237520626796882,8.46270291613441,0.00393852696263463,0.0135550633693541,0.0135550633693541,"gpath_trio"
"2280","AC073283.3","Exc L3-4 RORB CUX2",0.169512540889106,0.400216416391566,4.6933520610548,0.0311882195130377,0.0751455484489069,0.0751455484489069,"gpath_trio"
"2281","CALM2","Exc L3-4 RORB CUX2",-0.332797269471176,1.49209998013112,12.0454001958988,0.000607720939035607,0.00277079546780641,0.00277079546780641,"gpath_trio"
"2282","AC106869.1","Exc L3-4 RORB CUX2",-0.134928836622019,1.59463155396746,1.04878608984314,0.306738680806062,0.450856249836974,0.450856249836974,"gpath_trio"
"2283","EPCAM","Exc L3-4 RORB CUX2",-0.216402072125753,1.20338501257461,5.17433416671151,0.0237377325910704,0.0599385175250119,0.0599385175250119,"gpath_trio"
"2284","MSH2","Exc L3-4 RORB CUX2",0.000788331843127979,6.41092185594465,0.00291595544668138,0.95697696035601,0.978660288685245,0.978660288685245,"gpath_trio"
"2285","KCNK12","Exc L3-4 RORB CUX2",0.153604097956476,5.15210274871807,59.6277908689198,2.47969662837591e-13,1.3484603632745e-11,1.3484603632745e-11,"gpath_trio"
"2286","MSH6","Exc L3-4 RORB CUX2",0.0130188810479316,3.9221979841098,0.301426029946105,0.583460978990287,0.715930254903846,0.715930254903846,"gpath_trio"
"2287","FBXO11","Exc L3-4 RORB CUX2",0.0490164483422898,7.74525523803942,15.7447520408025,9.38171342217569e-05,0.000551825271989488,0.000551825271989488,"gpath_trio"
"2288","AC079807.1","Exc L3-4 RORB CUX2",0.0415812410370338,0.545793693933518,0.357109314540805,0.689709029486683,0.802287803845355,0.802287803845355,"gpath_trio"
"2289","AC092650.1","Exc L3-4 RORB CUX2",-0.110032481001365,1.27414386063868,4.10543173428074,0.0437666449314299,0.0989919154537255,0.0989919154537255,"gpath_trio"
"2290","FOXN2","Exc L3-4 RORB CUX2",0.0458061729934707,4.69992108365911,1.59139994000823,0.208256826569094,0.335928650046116,0.335928650046116,"gpath_trio"
"2291","AC093635.1","Exc L3-4 RORB CUX2",-0.0280330319096125,1.23684485932819,0.19344147653204,0.660432968576547,0.77933176235783,0.77933176235783,"gpath_trio"
"2292","PPP1R21","Exc L3-4 RORB CUX2",-0.0291272672892402,7.42795037493894,2.32502597233247,0.128523501168249,0.232302502631845,0.232302502631845,"gpath_trio"
"2293","STON1-GTF2A1L","Exc L3-4 RORB CUX2",0.0725533559454499,1.3849284253052,0.876592072120033,0.350005577518237,0.497391923939723,0.497391923939723,"gpath_trio"
"2294","AC073082.1","Exc L3-4 RORB CUX2",-0.0104757100232605,-0.506312452916462,0.00828393417567659,0.92754986083607,0.964030753565897,0.964030753565897,"gpath_trio"
"2295","AC009975.1","Exc L3-4 RORB CUX2",0.0286823266208725,4.30284022352193,0.279050641552157,0.597774707460518,0.727388704645112,0.727388704645112,"gpath_trio"
"2296","FSHR","Exc L3-4 RORB CUX2",0.155250266914762,3.68132827002793,1.69769801385929,0.193742038713025,0.317655069568085,0.317655069568085,"gpath_trio"
"2297","AC009975.2","Exc L3-4 RORB CUX2",0.0419504225844202,3.51426663345962,0.412043120231111,0.521499828561474,0.662032932949891,0.662032932949891,"gpath_trio"
"2298","AC009971.1","Exc L3-4 RORB CUX2",0.177996280333867,-1.33294263405475,1.38953668201777,0.239565123148031,0.373106867339163,0.373106867339163,"gpath_trio"
"2299","NRXN1","Exc L3-4 RORB CUX2",0.125049320905482,11.725484307612,97.2103414526251,1.09310121141903e-19,2.98017796491607e-17,2.98017796491607e-17,"gpath_trio"
"2300","AC007402.1","Exc L3-4 RORB CUX2",0.186753229254074,4.86412076217554,7.10592895828046,0.00816408409404525,0.0249712547903825,0.0249712547903825,"gpath_trio"
"2301","AC010967.1","Exc L3-4 RORB CUX2",0.0132692687260852,1.02151916018364,0.0257388451992463,0.872664329273079,0.931337433510599,0.931337433510599,"gpath_trio"
"2302","ASB3","Exc L3-4 RORB CUX2",0.0695494426886568,4.39632156147505,2.73102590517897,0.0996230405712406,0.190434986774171,0.190434986774171,"gpath_trio"
"2303","GPR75-ASB3","Exc L3-4 RORB CUX2",0.0233181515601972,5.80731497656654,1.30116801465746,0.255049571326978,0.391987895293806,0.391987895293806,"gpath_trio"
"2304","CHAC2","Exc L3-4 RORB CUX2",-0.243891136894073,1.55845447226794,13.7730938695633,0.000252293496009599,0.00130647363500864,0.00130647363500864,"gpath_trio"
"2305","ERLEC1","Exc L3-4 RORB CUX2",-0.119617622209517,5.10697376895217,33.3255983860735,2.21440738030921e-08,3.51223812089137e-07,3.51223812089137e-07,"gpath_trio"
"2306","PSME4","Exc L3-4 RORB CUX2",-0.028301486711392,5.96211216717708,1.31717780288137,0.252154068896156,0.388603494001981,0.388603494001981,"gpath_trio"
"2307","ACYP2","Exc L3-4 RORB CUX2",0.0557087371679603,7.64870977661967,7.22247922019597,0.00766409715884205,0.0237115718723568,0.0237115718723568,"gpath_trio"
"2308","C2orf73","Exc L3-4 RORB CUX2",0.128307800520562,2.26558775784164,5.40676694528225,0.0208288635097611,0.0540478869851357,0.0540478869851357,"gpath_trio"
"2309","SPTBN1","Exc L3-4 RORB CUX2",0.0462273181685508,8.34132701162428,20.9859478694824,7.18445440356539e-06,5.88973456285785e-05,5.88973456285785e-05,"gpath_trio"
"2310","AC092839.1","Exc L3-4 RORB CUX2",-0.349462179020819,3.12480934046515,66.7004981061877,1.37985385993558e-14,1.03875192627613e-12,1.03875192627613e-12,"gpath_trio"
"2311","AC093110.1","Exc L3-4 RORB CUX2",-0.210751413979783,0.855642690888535,5.95806175024649,0.0153179407158678,0.0421954470156516,0.0421954470156516,"gpath_trio"
"2312","EML6","Exc L3-4 RORB CUX2",-0.00723682373662309,8.30927533396215,0.107744703506666,0.742990699326665,0.843547403427995,0.843547403427995,"gpath_trio"
"2313","RTN4","Exc L3-4 RORB CUX2",-0.140410658902276,8.85427646981925,80.4311125029434,6.09283187022634e-17,7.93050857947203e-15,7.93050857947203e-15,"gpath_trio"
"2314","CLHC1","Exc L3-4 RORB CUX2",0.118211217337346,4.62570493892547,6.97346779575751,0.0087733167341757,0.0265210765825584,0.0265210765825584,"gpath_trio"
"2315","RPS27A","Exc L3-4 RORB CUX2",-0.329897990429526,4.80899711626477,67.0752510736429,1.18624253412264e-14,9.13452027707034e-13,9.13452027707034e-13,"gpath_trio"
"2316","MTIF2","Exc L3-4 RORB CUX2",0.0776564758586554,3.62556567431221,7.22633283616137,0.00764811454733115,0.0236693834932361,0.0236693834932361,"gpath_trio"
"2317","AC012358.3","Exc L3-4 RORB CUX2",-0.0970671220297462,3.72607636386432,6.87112677007746,0.00927598011481795,0.0277907482649914,0.0277907482649914,"gpath_trio"
"2318","CCDC88A","Exc L3-4 RORB CUX2",0.0938375177766426,8.49114082333193,33.6236435804688,1.93333703268566e-08,3.12540662134882e-07,3.12540662134882e-07,"gpath_trio"
"2319","CFAP36","Exc L3-4 RORB CUX2",-0.07120617437332,6.10023119647056,19.5131426451507,1.46721719248989e-05,0.000110782585548217,0.000110782585548217,"gpath_trio"
"2320","PPP4R3B","Exc L3-4 RORB CUX2",0.015049986659359,5.74216743714818,1.05987294410845,0.304200893653654,0.448138227781122,0.448138227781122,"gpath_trio"
"2321","AC015982.1","Exc L3-4 RORB CUX2",-0.0355066627880173,-0.469302195929296,0.0937820934086855,0.759668041766435,0.856409406718699,0.856409406718699,"gpath_trio"
"2322","PNPT1","Exc L3-4 RORB CUX2",-0.00230650037868061,5.52319406874236,0.017342647613037,0.895330165291045,0.945932424252224,0.945932424252224,"gpath_trio"
"2323","AC011306.1","Exc L3-4 RORB CUX2",-0.0825838037798334,-0.10559778216988,0.838547673765499,0.360660971549185,0.508550118884876,0.508550118884876,"gpath_trio"
"2324","MIR217HG","Exc L3-4 RORB CUX2",-0.241629675281814,-0.478824772573849,6.00776106719953,0.0149020193255894,0.041275156492829,0.041275156492829,"gpath_trio"
"2325","AC007743.1","Exc L3-4 RORB CUX2",0.129755298197285,1.69662395233957,5.34516693335621,0.0215616105348043,0.0556273008362759,0.0556273008362759,"gpath_trio"
"2326","CCDC85A","Exc L3-4 RORB CUX2",0.149677964061892,7.76204460884905,39.6953499255043,1.26145413113767e-09,2.72482195885466e-08,2.72482195885466e-08,"gpath_trio"
"2327","FANCL","Exc L3-4 RORB CUX2",0.12695148622811,5.15470108312398,15.7177719873917,9.50869847215695e-05,0.000558968507213772,0.000558968507213772,"gpath_trio"
"2328","LINC01122","Exc L3-4 RORB CUX2",0.104023615814846,7.92428567164902,15.4894125490755,0.000106557624736579,0.000616518519948519,0.000616518519948519,"gpath_trio"
"2329","LINC01793","Exc L3-4 RORB CUX2",0.0853924635251819,3.82507726363563,3.89021139636142,0.0496278981101663,0.109658580183115,0.109658580183115,"gpath_trio"
"2330","AC007100.1","Exc L3-4 RORB CUX2",-0.0396472898989894,0.944463596401958,0.371985051564238,0.542456880372048,0.68090847694233,0.68090847694233,"gpath_trio"
"2331","MIR4432HG","Exc L3-4 RORB CUX2",-0.134848467781278,-1.32662602596034,0.770602611012974,0.38084112973593,0.529055277313392,0.529055277313392,"gpath_trio"
"2332","BCL11A","Exc L3-4 RORB CUX2",0.0284082658060914,6.59237722657494,1.10953660467614,0.29316059075975,0.435788013452546,0.435788013452546,"gpath_trio"
"2333","PAPOLG","Exc L3-4 RORB CUX2",0.0278104823758287,5.12201535311305,2.40613103879683,0.122077066531284,0.223149843007035,0.223149843007035,"gpath_trio"
"2334","LINC01185","Exc L3-4 RORB CUX2",0.0137908709619056,0.993033642619043,0.0544005299327265,0.87366057303094,0.932104815489118,0.932104815489118,"gpath_trio"
"2335","REL","Exc L3-4 RORB CUX2",0.0322582069356214,4.47375997583187,2.21933223189973,0.13750401402719,0.244762968325266,0.244762968325266,"gpath_trio"
"2336","PUS10","Exc L3-4 RORB CUX2",0.108380137778885,4.78289650548087,21.1288186910553,6.70572113709195e-06,5.55597223576305e-05,5.55597223576305e-05,"gpath_trio"
"2337","PEX13","Exc L3-4 RORB CUX2",0.103296504432832,4.69405905695297,20.3862209088641,9.60199805061233e-06,7.61778649906031e-05,7.61778649906031e-05,"gpath_trio"
"2338","KIAA1841","Exc L3-4 RORB CUX2",0.0267582547495995,6.50521049356143,2.03980795187487,0.154429072392658,0.26699858904121,0.26699858904121,"gpath_trio"
"2339","C2orf74","Exc L3-4 RORB CUX2",-0.0789785902234495,4.23492977816509,2.52028954894094,0.113605251391653,0.21087367253902,0.21087367253902,"gpath_trio"
"2340","AC016747.2","Exc L3-4 RORB CUX2",-0.203660257215947,-0.204496740880662,4.12414957245666,0.0432927867255626,0.0981384238413736,0.0981384238413736,"gpath_trio"
"2341","USP34","Exc L3-4 RORB CUX2",0.0108319425546137,8.32180532405519,0.607486884316677,0.436444461977925,0.583864930734343,0.583864930734343,"gpath_trio"
"2342","AC016727.1","Exc L3-4 RORB CUX2",0.13706616670225,2.84692524385569,13.4740134401491,0.00029350901321677,0.00148633141105631,0.00148633141105631,"gpath_trio"
"2343","XPO1","Exc L3-4 RORB CUX2",0.0503133840344089,6.81423241587872,7.30096770182926,0.00734524588548593,0.0228582964275302,0.0228582964275302,"gpath_trio"
"2344","FAM161A","Exc L3-4 RORB CUX2",0.0932154554197253,4.76181654926383,10.0199204310024,0.00173297397690619,0.00675347691405878,0.00675347691405878,"gpath_trio"
"2345","CCT4","Exc L3-4 RORB CUX2",-0.0356780577136974,5.28608539611236,2.96999085553346,0.0860111536288504,0.169841932510723,0.169841932510723,"gpath_trio"
"2346","AC107081.2","Exc L3-4 RORB CUX2",-0.322505247496984,0.99936040038656,23.8692276674762,1.80440192331487e-06,1.75018311552295e-05,1.75018311552295e-05,"gpath_trio"
"2347","COMMD1","Exc L3-4 RORB CUX2",0.0595160371038436,7.20522947461069,20.5217632019343,8.99199074683692e-06,7.19608938188952e-05,7.19608938188952e-05,"gpath_trio"
"2348","AC018462.1","Exc L3-4 RORB CUX2",-0.202908692734224,2.64566250540698,23.7356282001849,1.92283613754464e-06,1.84817623034602e-05,1.84817623034602e-05,"gpath_trio"
"2349","B3GNT2","Exc L3-4 RORB CUX2",-0.0349455353924706,3.51639053498508,1.09983550589773,0.697764188101259,0.808883580390461,0.808883580390461,"gpath_trio"
"2350","TMEM17","Exc L3-4 RORB CUX2",-0.0856841014561834,1.56376763993964,2.06676315467679,0.15174312721322,0.263642575915149,0.263642575915149,"gpath_trio"
"2351","AC092155.1","Exc L3-4 RORB CUX2",0.104345704640574,-0.529812674149851,1.14098554384972,0.286434897825974,0.428092752325285,0.428092752325285,"gpath_trio"
"2352","EHBP1","Exc L3-4 RORB CUX2",0.0805943824428539,8.45682334299983,39.7743267876631,1.21798003968973e-09,2.63939283574009e-08,2.63939283574009e-08,"gpath_trio"
"2353","AC092567.1","Exc L3-4 RORB CUX2",-0.367258736332654,2.144024034673,38.8341161763445,1.8504299491252e-09,3.84473987884665e-08,3.84473987884665e-08,"gpath_trio"
"2354","AC009501.1","Exc L3-4 RORB CUX2",-0.323800562425108,1.72727855482763,31.2246524260215,5.7931534200269e-08,8.24237448864899e-07,8.24237448864899e-07,"gpath_trio"
"2355","WDPCP","Exc L3-4 RORB CUX2",0.0677762868967448,8.02046085004734,14.9027610018584,0.00014289363900706,0.000793089179358303,0.000793089179358303,"gpath_trio"
"2356","MDH1","Exc L3-4 RORB CUX2",-0.169641071702782,7.00401770735895,68.403126511495,6.95286540622843e-15,5.50094351257484e-13,5.50094351257484e-13,"gpath_trio"
"2357","UGP2","Exc L3-4 RORB CUX2",-0.0828299575234835,6.22307817449482,16.7260754918282,5.76258359950427e-05,0.000363530838423042,0.000363530838423042,"gpath_trio"
"2358","VPS54","Exc L3-4 RORB CUX2",0.0450229492111189,6.34720251815246,10.0109467516969,0.00174111987363953,0.00677843947062363,0.00677843947062363,"gpath_trio"
"2359","PELI1","Exc L3-4 RORB CUX2",0.108306830589271,4.59467231169214,17.5505120564709,3.83550075806868e-05,0.00025580571171582,0.00025580571171582,"gpath_trio"
"2360","AC012368.1","Exc L3-4 RORB CUX2",-0.13324980547309,-0.156306439646612,2.07258218877499,0.151170295734379,0.262828396797751,0.262828396797751,"gpath_trio"
"2361","LINC00309","Exc L3-4 RORB CUX2",-0.0471761546193713,-0.986144762606302,0.130051665797809,0.718671281353367,0.825199374859276,0.825199374859276,"gpath_trio"
"2362","AC008074.1","Exc L3-4 RORB CUX2",0.121017649391912,5.08340303596551,19.3022430853586,1.62595919679943e-05,0.000121225893552951,0.000121225893552951,"gpath_trio"
"2363","LGALSL","Exc L3-4 RORB CUX2",-0.0853105080214637,3.12206069862822,8.69343720968583,0.00348404347340113,0.0122201976835653,0.0122201976835653,"gpath_trio"
"2364","AC008074.3","Exc L3-4 RORB CUX2",-0.0368739806793564,-0.414216506241819,0.144658192249396,0.901021591282386,0.949694927335151,0.949694927335151,"gpath_trio"
"2365","AFTPH","Exc L3-4 RORB CUX2",-0.011228857049538,6.25586217082724,0.445442218219644,0.505099271525571,0.647542594079455,0.647542594079455,"gpath_trio"
"2366","SERTAD2","Exc L3-4 RORB CUX2",0.0282069644766411,4.97765880245086,0.925419513546962,0.336949778033292,0.483427803429218,0.483427803429218,"gpath_trio"
"2367","LINC01800","Exc L3-4 RORB CUX2",0.0761151172348703,1.21761670920176,1.57622043859492,0.294208285236796,0.437023424727754,0.437023424727754,"gpath_trio"
"2368","LINC02245","Exc L3-4 RORB CUX2",-0.0761179648130972,0.233087359604387,0.782870773886415,0.386384863278591,0.534458422885501,0.534458422885501,"gpath_trio"
"2369","SLC1A4","Exc L3-4 RORB CUX2",0.04571953296392,5.1331652986691,4.3583034133718,0.0378024959623022,0.0880981120526102,0.0880981120526102,"gpath_trio"
"2370","LINC02576","Exc L3-4 RORB CUX2",-0.20508439888669,2.50873844372857,18.4894012097727,2.41865697475394e-05,0.000169785680117121,0.000169785680117121,"gpath_trio"
"2371","CEP68","Exc L3-4 RORB CUX2",0.0282600156158858,5.77329761841235,3.09438080304889,0.0797392528602642,0.160041725672088,0.160041725672088,"gpath_trio"
"2372","RAB1A","Exc L3-4 RORB CUX2",-0.0869990141118418,6.26065591204526,20.2100971068516,1.04576458611376e-05,8.25119300932541e-05,8.25119300932541e-05,"gpath_trio"
"2373","ACTR2","Exc L3-4 RORB CUX2",-0.0748078178508365,7.20193571945428,26.9473435285569,4.21867244285985e-07,4.81128979845661e-06,4.81128979845661e-06,"gpath_trio"
"2374","SPRED2","Exc L3-4 RORB CUX2",-0.0690409926247787,6.4107221098086,3.17402311281731,0.0759850968751207,0.154209770592049,0.154209770592049,"gpath_trio"
"2375","AC012370.2","Exc L3-4 RORB CUX2",-0.363071208886091,0.247889831262823,14.9432858636517,0.00014002111681362,0.000779075022535794,0.000779075022535794,"gpath_trio"
"2376","AC007389.3","Exc L3-4 RORB CUX2",-0.553550118122151,0.685409278913315,41.4466551178823,5.81047256381358e-10,1.35521715577964e-08,1.35521715577964e-08,"gpath_trio"
"2377","AC007389.5","Exc L3-4 RORB CUX2",-0.252726526286907,0.0949555357198691,4.9934575173654,0.0262933216538409,0.0652296929471891,0.0652296929471891,"gpath_trio"
"2378","MEIS1-AS3","Exc L3-4 RORB CUX2",0.0356628827341899,-0.54220736109292,0.0479671633992051,0.826810909952074,0.900940324508944,0.900940324508944,"gpath_trio"
"2379","MEIS1","Exc L3-4 RORB CUX2",0.0594292772129868,3.29560254875733,1.440404365244,0.23116628716407,0.363024818520675,0.363024818520675,"gpath_trio"
"2380","LINC01798","Exc L3-4 RORB CUX2",-0.305065560264368,0.340837968912031,5.26308746851077,0.0225799515711686,0.0577230769067824,0.0577230769067824,"gpath_trio"
"2381","LINC01828","Exc L3-4 RORB CUX2",-0.207944317272536,0.615432146744631,3.45355716410308,0.0642458762030334,0.134782066090911,0.134782066090911,"gpath_trio"
"2382","LINC01829","Exc L3-4 RORB CUX2",-0.0461100854208304,2.43544112488974,0.776684313500569,0.378971057403043,0.527133131353746,0.527133131353746,"gpath_trio"
"2383","ETAA1","Exc L3-4 RORB CUX2",-0.0560108809618219,3.3529463703552,3.48260911498451,0.0631426964774525,0.132975355055595,0.132975355055595,"gpath_trio"
"2384","AC007422.2","Exc L3-4 RORB CUX2",-0.120778630561407,-1.38973901527772,0.569135049508634,0.451285547804768,0.597560217994257,0.597560217994257,"gpath_trio"
"2385","C1D","Exc L3-4 RORB CUX2",0.0484852071648477,5.27552220475502,3.90569626940967,0.049179561222591,0.108817465196948,0.108817465196948,"gpath_trio"
"2386","WDR92","Exc L3-4 RORB CUX2",0.00923511821094157,4.06837306009325,0.1700690661028,0.680390253552437,0.794988882948329,0.794988882948329,"gpath_trio"
"2387","AC017083.3","Exc L3-4 RORB CUX2",-0.091868546998379,2.20090792437695,4.16861208647649,0.0421888107733671,0.0961979269159902,0.0961979269159902,"gpath_trio"
"2388","PNO1","Exc L3-4 RORB CUX2",-0.0173556412560587,3.38010234058936,0.460478172025419,0.498004106166397,0.641281603732238,0.641281603732238,"gpath_trio"
"2389","AC017083.1","Exc L3-4 RORB CUX2",-0.00311978338035013,2.48969285208856,0.00336317024747183,0.953798870427426,0.97734499279298,0.97734499279298,"gpath_trio"
"2390","CNRIP1","Exc L3-4 RORB CUX2",-0.0115088854922184,5.71252725858283,0.315480770174839,0.574820101141619,0.70874151732962,0.70874151732962,"gpath_trio"
"2391","PLEK","Exc L3-4 RORB CUX2",-0.136902737014513,-0.977718764095147,0.956973205181016,0.328859971897615,0.475098455641559,0.475098455641559,"gpath_trio"
"2392","FBXO48","Exc L3-4 RORB CUX2",-0.0121076159245236,1.30307081973623,0.0521496863436704,0.852490289954273,0.918504224289851,0.918504224289851,"gpath_trio"
"2393","APLF","Exc L3-4 RORB CUX2",-0.0384775555625546,3.3641203977451,0.457443155280358,0.499422541402972,0.642600664693509,0.642600664693509,"gpath_trio"
"2394","ARHGAP25","Exc L3-4 RORB CUX2",0.275342499010239,0.29889340417776,4.01358188255243,0.0461728537770984,0.103527153251051,0.103527153251051,"gpath_trio"
"2395","ANTXR1","Exc L3-4 RORB CUX2",0.113996750086426,5.91531644866366,20.9886380298665,7.17512833070108e-06,5.88448024682497e-05,5.88448024682497e-05,"gpath_trio"
"2396","GFPT1","Exc L3-4 RORB CUX2",0.037354460289311,6.00079495549668,3.3339093994601,0.0690122621019467,0.142758370543092,0.142758370543092,"gpath_trio"
"2397","NFU1","Exc L3-4 RORB CUX2",-0.0386527155250474,4.71029358430352,3.5499851242311,0.0606616342690709,0.128792406163175,0.128792406163175,"gpath_trio"
"2398","AAK1","Exc L3-4 RORB CUX2",0.00694256022864099,8.51603227577657,0.260776385928547,0.610020558916423,0.737706933773233,0.737706933773233,"gpath_trio"
"2399","ANXA4","Exc L3-4 RORB CUX2",0.0347346556277445,5.08979214001508,1.17712492582311,0.278947027746554,0.4196373338891,0.4196373338891,"gpath_trio"
"2400","AC092431.1","Exc L3-4 RORB CUX2",-0.128636236915434,-0.662458601153545,1.39064707849408,0.239373795134141,0.373032878815449,0.373032878815449,"gpath_trio"
"2401","GMCL1","Exc L3-4 RORB CUX2",0.014843312787449,6.37427037685919,0.534627763163384,0.465326144262265,0.610770379806925,0.610770379806925,"gpath_trio"
"2402","SNRNP27","Exc L3-4 RORB CUX2",-0.0957436107964259,1.91292107275862,3.22914945679624,0.0760942407110043,0.15440021184195,0.15440021184195,"gpath_trio"
"2403","MXD1","Exc L3-4 RORB CUX2",0.053511777791778,5.47075857066341,8.53672887268742,0.00378645257256905,0.0131077008667777,0.0131077008667777,"gpath_trio"
"2404","ASPRV1","Exc L3-4 RORB CUX2",0.0776326667996298,0.763336467817464,1.42304707090447,0.233989963918781,0.366290155343064,0.366290155343064,"gpath_trio"
"2405","PCBP1","Exc L3-4 RORB CUX2",-0.0977215066837585,5.27008929302668,11.3972975035732,0.000847955332595012,0.00367271336090691,0.00367271336090691,"gpath_trio"
"2406","AC016700.3","Exc L3-4 RORB CUX2",0.265763352329037,-0.571016130417404,6.72487477438886,0.0100463994911518,0.0297280888433541,0.0297280888433541,"gpath_trio"
"2407","C2orf42","Exc L3-4 RORB CUX2",0.0111903353490674,4.11061389884281,0.219550794400461,0.639774990928919,0.761830726560537,0.761830726560537,"gpath_trio"
"2408","PCYOX1","Exc L3-4 RORB CUX2",0.0206467104078494,5.22209256053438,0.899668396458169,0.343751389325663,0.490535031804021,0.490535031804021,"gpath_trio"
"2409","SNRPG","Exc L3-4 RORB CUX2",-0.140668194417432,3.13331725955661,22.5213428927567,3.43349314513185e-06,3.09244304477835e-05,3.09244304477835e-05,"gpath_trio"
"2410","FAM136A","Exc L3-4 RORB CUX2",0.0382592842978436,3.51776959521054,1.61169774249682,0.439195610283061,0.585913604275656,0.585913604275656,"gpath_trio"
"2411","TGFA","Exc L3-4 RORB CUX2",-0.0180527156953248,0.936332025227107,0.0469712916083758,0.82858980158045,0.901953126518052,0.901953126518052,"gpath_trio"
"2412","ADD2","Exc L3-4 RORB CUX2",0.0764977622895382,7.39863232032582,24.1644602035366,1.56814817483204e-06,1.55237435854938e-05,1.55237435854938e-05,"gpath_trio"
"2413","AC005234.1","Exc L3-4 RORB CUX2",-0.272010344523004,-0.838169611967952,4.49838477945077,0.034873494615086,0.0824724831625085,0.0824724831625085,"gpath_trio"
"2414","FIGLA","Exc L3-4 RORB CUX2",-0.309332787541854,-1.41478080571935,3.41922085806638,0.0655764505945195,0.137027953469128,0.137027953469128,"gpath_trio"
"2415","CLEC4F","Exc L3-4 RORB CUX2",-0.196853041467389,-0.41397214554319,1.59541165476079,0.207686156460402,0.335232275109097,0.335232275109097,"gpath_trio"
"2416","VAX2","Exc L3-4 RORB CUX2",-0.241801655715201,-0.180896118757749,4.37132424037179,0.0375196208650402,0.0876007812697819,0.0876007812697819,"gpath_trio"
"2417","AC007040.2","Exc L3-4 RORB CUX2",0.12609182698726,4.63149330531749,5.89778967800432,0.0158385438132736,0.0433219389144245,0.0433219389144245,"gpath_trio"
"2418","ANKRD53","Exc L3-4 RORB CUX2",-0.222852482562971,-0.197481033769179,4.88192631179963,0.0280111267203575,0.0686163770742122,0.0686163770742122,"gpath_trio"
"2419","AC007881.2","Exc L3-4 RORB CUX2",-0.189696165937348,-1.26187966257211,1.70463142792301,0.19283745032084,0.316377617323163,0.316377617323163,"gpath_trio"
"2420","NAGK","Exc L3-4 RORB CUX2",0.00769430755750194,4.35516447571024,0.118908532475687,0.877845472222852,0.934865309662635,0.934865309662635,"gpath_trio"
"2421","MCEE","Exc L3-4 RORB CUX2",0.0444032528692403,3.9667409062631,2.57927482906957,0.109485037490983,0.205112882475679,0.205112882475679,"gpath_trio"
"2422","MPHOSPH10","Exc L3-4 RORB CUX2",-0.0715271269685483,4.41979052975279,7.77876004356964,0.00567729405158836,0.018524892041209,0.018524892041209,"gpath_trio"
"2423","PAIP2B","Exc L3-4 RORB CUX2",0.0396084582088196,2.7920280411248,1.12503234394726,0.289821701720803,0.432034345516271,0.432034345516271,"gpath_trio"
"2424","ZNF638","Exc L3-4 RORB CUX2",0.093731398319487,8.32575890831075,49.4011023586656,1.83135981293649e-11,6.44811243036538e-10,6.44811243036538e-10,"gpath_trio"
"2425","DYSF","Exc L3-4 RORB CUX2",0.0161301326486047,5.83421236363299,0.433315602243899,0.510948930104923,0.652719221482102,0.652719221482102,"gpath_trio"
"2426","CYP26B1","Exc L3-4 RORB CUX2",-0.127427851949862,2.24908998803778,4.11207117293648,0.0435979365386993,0.0986970791818064,0.0986970791818064,"gpath_trio"
"2427","EXOC6B","Exc L3-4 RORB CUX2",0.112880111202266,8.39938898697004,91.9302875678997,7.72816426928687e-19,1.71908334772685e-16,1.71908334772685e-16,"gpath_trio"
"2428","SPR","Exc L3-4 RORB CUX2",0.114226107030857,0.997421253987783,2.76276733557883,0.0976862922631182,0.187265699279535,0.187265699279535,"gpath_trio"
"2429","EMX1","Exc L3-4 RORB CUX2",0.00207467198654669,4.6549886013461,0.00579929152941783,0.939355874467885,0.970827073184574,0.970827073184574,"gpath_trio"
"2430","SFXN5","Exc L3-4 RORB CUX2",0.0806379090791298,6.94471595619019,14.9947670954454,0.000136456240790143,0.000761971950717172,0.000761971950717172,"gpath_trio"
"2431","RAB11FIP5","Exc L3-4 RORB CUX2",0.0740331818169833,3.48858929403866,7.45876972304238,0.00674483258648781,0.0213253404532819,0.0213253404532819,"gpath_trio"
"2432","SMYD5","Exc L3-4 RORB CUX2",0.0473687666166771,3.37947500463306,2.36639438308927,0.125189146041504,0.22758073719475,0.22758073719475,"gpath_trio"
"2433","PRADC1","Exc L3-4 RORB CUX2",-0.0543428806391545,3.32106336301249,3.74548676167819,0.0540346094849197,0.117158823693258,0.117158823693258,"gpath_trio"
"2434","CCT7","Exc L3-4 RORB CUX2",-0.0961743310652828,4.37599065693718,13.7913137925511,0.000249981319225311,0.00129743995049379,0.00129743995049379,"gpath_trio"
"2435","FBXO41","Exc L3-4 RORB CUX2",0.0341534048714616,5.45460335556634,4.75363411315075,0.0301334038770835,0.0730241846550199,0.0730241846550199,"gpath_trio"
"2436","EGR4","Exc L3-4 RORB CUX2",-0.270865562064957,2.05085453040668,12.7136313510393,0.000431911389602073,0.00206880633552275,0.00206880633552275,"gpath_trio"
"2437","ALMS1","Exc L3-4 RORB CUX2",0.0770254429261868,6.27053648463537,20.6875619886235,8.29880823951827e-06,6.70518447065603e-05,6.70518447065603e-05,"gpath_trio"
"2438","TPRKB","Exc L3-4 RORB CUX2",-0.00863876620231716,3.60674037952999,0.0989212357348637,0.960458201264329,0.979843449346295,0.979843449346295,"gpath_trio"
"2439","AC092653.1","Exc L3-4 RORB CUX2",0.0813157932670223,-0.864913927867959,0.553072758618396,0.457736380932628,0.603425998779127,0.603425998779127,"gpath_trio"
"2440","DUSP11","Exc L3-4 RORB CUX2",-0.0579103525411333,4.10589686867071,4.42245432435178,0.0364302286733643,0.0854727135114692,0.0854727135114692,"gpath_trio"
"2441","STAMBP","Exc L3-4 RORB CUX2",-0.0187373315768067,4.65886526538259,0.630298872578064,0.427969673389962,0.575926371440935,0.575926371440935,"gpath_trio"
"2442","DGUOK","Exc L3-4 RORB CUX2",-0.0800455277603921,4.78193621126136,15.1315036801771,0.000127428039505176,0.00071892077657073,0.00071892077657073,"gpath_trio"
"2443","DGUOK-AS1","Exc L3-4 RORB CUX2",-0.447494356364705,1.20017456294694,35.582965624418,7.95398578966325e-09,1.42136105674452e-07,1.42136105674452e-07,"gpath_trio"
"2444","TET3","Exc L3-4 RORB CUX2",0.0651342130405286,6.82120075758541,6.94156568935028,0.00892692380695666,0.0269228142063161,0.0269228142063161,"gpath_trio"
"2445","BOLA3","Exc L3-4 RORB CUX2",-0.145242492236853,4.37596403839988,28.9449849231668,1.66117876114704e-07,2.12118348040181e-06,2.12118348040181e-06,"gpath_trio"
"2446","BOLA3-AS1","Exc L3-4 RORB CUX2",-0.0962279162329816,1.94510877295846,3.53486621423346,0.0612091428987836,0.12975669412451,0.12975669412451,"gpath_trio"
"2447","MOB1A","Exc L3-4 RORB CUX2",-0.000232629900998883,3.82571319784251,7.02296089004626e-05,0.993319983975099,0.996680753988371,0.996680753988371,"gpath_trio"
"2448","MTHFD2","Exc L3-4 RORB CUX2",0.214956321421569,0.358411499660435,4.90141222395732,0.0277027398577039,0.068034421987727,0.068034421987727,"gpath_trio"
"2449","AC006030.1","Exc L3-4 RORB CUX2",0.0866456167633743,3.73091879170611,5.13839911892207,0.0242239722796168,0.0609907201723785,0.0609907201723785,"gpath_trio"
"2450","DCTN1","Exc L3-4 RORB CUX2",0.0600506629866692,2.92580205873897,1.96844615458608,0.161805896583781,0.276436104968904,0.276436104968904,"gpath_trio"
"2451","DCTN1-AS1","Exc L3-4 RORB CUX2",-0.0312858684947662,2.49505198523895,0.553565900027013,0.868639758042813,0.929057261226409,0.929057261226409,"gpath_trio"
"2452","AC005041.1","Exc L3-4 RORB CUX2",-0.0352444054369535,0.797957544609523,0.235149990272536,0.628139495882541,0.752402441930195,0.752402441930195,"gpath_trio"
"2453","WDR54","Exc L3-4 RORB CUX2",-0.110376365638908,3.52142064778415,11.4659640170899,0.000818474572739192,0.00357186340147376,0.00357186340147376,"gpath_trio"
"2454","MOGS","Exc L3-4 RORB CUX2",-0.000713319254501361,3.91534315570907,0.000698736428368909,0.978931752734619,0.988832329215488,0.988832329215488,"gpath_trio"
"2455","CCDC142","Exc L3-4 RORB CUX2",0.153988931535689,3.33213531386195,22.863226287697,2.91531650425996e-06,2.66620627712804e-05,2.66620627712804e-05,"gpath_trio"
"2456","TTC31","Exc L3-4 RORB CUX2",0.0414722592284365,2.45157025685984,1.21645785377192,0.271076714231197,0.410521896833388,0.410521896833388,"gpath_trio"
"2457","PCGF1","Exc L3-4 RORB CUX2",-0.104211523318788,1.07414816278329,3.45606376843585,0.0641498836077412,0.134660691060886,0.134660691060886,"gpath_trio"
"2458","TLX2","Exc L3-4 RORB CUX2",-0.211312137136487,-0.676381041013804,2.81136887261631,0.0948003189064731,0.182918557186122,0.182918557186122,"gpath_trio"
"2459","DQX1","Exc L3-4 RORB CUX2",0.0549495732386148,-0.305880167300179,0.329585245024678,0.596524985562618,0.726306070230889,0.726306070230889,"gpath_trio"
"2460","AUP1","Exc L3-4 RORB CUX2",-0.0503595519703571,4.30642577202718,2.67042767956723,0.103438731941305,0.196227213626313,0.196227213626313,"gpath_trio"
"2461","HTRA2","Exc L3-4 RORB CUX2",-0.108432377199041,2.93308772603387,14.5649554969266,0.00016928877609724,0.000920097267716004,0.000920097267716004,"gpath_trio"
"2462","M1AP","Exc L3-4 RORB CUX2",0.0537699362261089,2.403184597175,0.908705589819337,0.341343455528719,0.487892611781219,0.487892611781219,"gpath_trio"
"2463","SEMA4F","Exc L3-4 RORB CUX2",0.00103185388080729,5.15618662337168,0.00229943817365923,0.961790944894835,0.980168842616133,0.980168842616133,"gpath_trio"
"2464","AC104135.1","Exc L3-4 RORB CUX2",0.0232399861219511,0.36180231872585,0.0119793172154479,0.91292994922676,0.955611575582667,0.955611575582667,"gpath_trio"
"2465","POLE4","Exc L3-4 RORB CUX2",-0.136563214490831,2.44771407707273,10.5381926820558,0.00132278752552198,0.00538157659354827,0.00538157659354827,"gpath_trio"
"2466","TACR1","Exc L3-4 RORB CUX2",0.143665771572429,0.053201693404596,0.336953579001264,0.562095720094255,0.697765847057203,0.697765847057203,"gpath_trio"
"2467","AC007681.1","Exc L3-4 RORB CUX2",0.150630660296665,2.03973956647013,4.88259684967675,0.0280004551887052,0.068598565079797,0.068598565079797,"gpath_trio"
"2468","EVA1A","Exc L3-4 RORB CUX2",-0.229270415363108,0.505958890952796,6.1683808685244,0.0136360644984724,0.0383299696114794,0.0383299696114794,"gpath_trio"
"2469","AC007099.1","Exc L3-4 RORB CUX2",-0.0681823853434567,1.50406815987484,1.0370321155821,0.309459354331212,0.453863221403912,0.453863221403912,"gpath_trio"
"2470","MRPL19","Exc L3-4 RORB CUX2",-0.110929254901204,5.37436970199206,18.7314912699374,2.14843962081217e-05,0.00015337851857709,0.00015337851857709,"gpath_trio"
"2471","GCFC2","Exc L3-4 RORB CUX2",0.0621517068883871,5.80466737454491,9.9491184176224,0.00179831718175728,0.00695972552118801,0.00695972552118801,"gpath_trio"
"2472","LRRTM4","Exc L3-4 RORB CUX2",0.144566020942608,12.0312960660035,44.0572226698863,1.84732059897517e-10,4.8782320791e-09,4.8782320791e-09,"gpath_trio"
"2473","AC079117.1","Exc L3-4 RORB CUX2",-0.220249313788418,2.3192492083806,2.48063375338485,0.116471756871982,0.215199187766003,0.215199187766003,"gpath_trio"
"2474","CTNNA2","Exc L3-4 RORB CUX2",0.110292038951309,10.1588868092767,38.8818281026531,1.81150439680073e-09,3.77552698403457e-08,3.77552698403457e-08,"gpath_trio"
"2475","AC010975.1","Exc L3-4 RORB CUX2",0.0875030394162706,-0.507887189533899,0.653097683582295,0.419746120438404,0.567928239544283,0.567928239544283,"gpath_trio"
"2476","AC016716.2","Exc L3-4 RORB CUX2",-0.539314090249428,2.29484896153873,72.8511944093721,1.1808432538518e-15,1.12907642874218e-13,1.12907642874218e-13,"gpath_trio"
"2477","LRRTM1","Exc L3-4 RORB CUX2",-0.019416182974667,3.43943000721657,0.241421460420486,0.623595838193946,0.748604429106441,0.748604429106441,"gpath_trio"
"2478","AC008067.1","Exc L3-4 RORB CUX2",-0.399968005931443,2.6536330740083,29.1667601331015,1.49867025481019e-07,1.93322713496136e-06,1.93322713496136e-06,"gpath_trio"
"2479","AC079896.1","Exc L3-4 RORB CUX2",0.137320868301586,-1.28334547722324,0.655135267048834,0.419022728382668,0.56729187660182,0.56729187660182,"gpath_trio"
"2480","AC106874.1","Exc L3-4 RORB CUX2",0.5933883558737,-1.23545950791334,11.9171299840609,0.000649038254000682,0.00293529405390356,0.00293529405390356,"gpath_trio"
"2481","SUCLG1","Exc L3-4 RORB CUX2",-0.0238894503791018,5.40911285660095,1.88776340253728,0.170637698913032,0.288109094951077,0.288109094951077,"gpath_trio"
"2482","DNAH6","Exc L3-4 RORB CUX2",0.18260979150573,6.90677931635694,33.1733677729172,2.37353381979879e-08,3.74109725112816e-07,3.74109725112816e-07,"gpath_trio"
"2483","TRABD2A","Exc L3-4 RORB CUX2",0.0332236609681261,1.7310114424287,0.180464489284061,0.671325698101905,0.787991386967998,0.787991386967998,"gpath_trio"
"2484","TMSB10","Exc L3-4 RORB CUX2",-0.245227705720336,6.7532778320645,32.8807662822867,2.71254841215155e-08,4.18712044492407e-07,4.18712044492407e-07,"gpath_trio"
"2485","KCMF1","Exc L3-4 RORB CUX2",0.00429630314475391,5.87991980567385,0.0827693489394131,0.773808148894748,0.86623276315754,0.86623276315754,"gpath_trio"
"2486","TCF7L1","Exc L3-4 RORB CUX2",0.0664792182658969,1.04175652577004,0.383707337431233,0.536168189779933,0.67523053862735,0.67523053862735,"gpath_trio"
"2487","TGOLN2","Exc L3-4 RORB CUX2",-0.0634206720941843,5.55138337945027,7.10213238660963,0.00818092462031431,0.0250075991234608,0.0250075991234608,"gpath_trio"
"2488","RETSAT","Exc L3-4 RORB CUX2",-0.0924136574281301,3.01089880867938,6.2040117434535,0.0133706498498613,0.037727672828105,0.037727672828105,"gpath_trio"
"2489","ELMOD3","Exc L3-4 RORB CUX2",-0.00610666923586852,5.35673307102234,0.133733925589753,0.791171088542302,0.878149835653214,0.878149835653214,"gpath_trio"
"2490","CAPG","Exc L3-4 RORB CUX2",0.0536815064387052,-0.598631378938747,0.301755432775396,0.58325548105486,0.715808706751128,0.715808706751128,"gpath_trio"
"2491","SH2D6","Exc L3-4 RORB CUX2",-0.213388872561261,0.376341204769374,6.76589589787277,0.00982387342240068,0.0291680127000638,0.0291680127000638,"gpath_trio"
"2492","MAT2A","Exc L3-4 RORB CUX2",-0.0139608322634792,5.61935194461686,0.367437421679222,0.544933250910005,0.683241891976073,0.683241891976073,"gpath_trio"
"2493","GGCX","Exc L3-4 RORB CUX2",-0.0374217077048734,3.88126434225458,2.05878141806245,0.152532880096643,0.264718353199981,0.264718353199981,"gpath_trio"
"2494","VAMP8","Exc L3-4 RORB CUX2",0.0522925353640487,2.24907719750637,1.16923727427092,0.280559905442538,0.421435194125769,0.421435194125769,"gpath_trio"
"2495","RNF181","Exc L3-4 RORB CUX2",-0.291230059007746,1.2329968390461,25.6245000597501,7.85738541720549e-07,8.34330267326951e-06,8.34330267326951e-06,"gpath_trio"
"2496","TMEM150A","Exc L3-4 RORB CUX2",-0.0799863718813145,1.82088166910903,2.64368835904507,0.105173322138391,0.198722052812442,0.198722052812442,"gpath_trio"
"2497","USP39","Exc L3-4 RORB CUX2",-0.0943152008844766,4.46706613204226,19.6569165351817,1.36807578893301e-05,0.000104430302844205,0.000104430302844205,"gpath_trio"
"2498","C2orf68","Exc L3-4 RORB CUX2",0.0177639616685075,1.28291626029894,0.0899569718544355,0.764471506588963,0.859662931020139,0.859662931020139,"gpath_trio"
"2499","GNLY","Exc L3-4 RORB CUX2",0.00324362361254061,0.309309936882922,0.00201720575778394,0.964210879150852,0.981439643602376,0.981439643602376,"gpath_trio"
"2500","ATOH8","Exc L3-4 RORB CUX2",-0.0406525340494853,-0.0200082727082139,0.176988210863931,0.674321911450744,0.79032684700705,0.79032684700705,"gpath_trio"
"2501","ST3GAL5","Exc L3-4 RORB CUX2",-0.0465729860427084,5.90888238421882,4.86896846622232,0.0282181879004608,0.0690481432252027,0.0690481432252027,"gpath_trio"
"2502","POLR1A","Exc L3-4 RORB CUX2",0.00620692791295262,5.19351547229121,0.138694708875631,0.709885487828416,0.81830303490677,0.81830303490677,"gpath_trio"
"2503","PTCD3","Exc L3-4 RORB CUX2",0.0104770476639363,6.18427295096714,0.484684731784402,0.48692981777065,0.630458803332234,0.630458803332234,"gpath_trio"
"2504","IMMT","Exc L3-4 RORB CUX2",-0.0735016177928824,5.47226174882801,9.36670875195491,0.00244098444386144,0.00906106001010202,0.00906106001010202,"gpath_trio"
"2505","AC009309.1","Exc L3-4 RORB CUX2",-0.128654016541657,-0.217616083915941,1.30281876254103,0.254749125975045,0.39167532514453,0.39167532514453,"gpath_trio"
"2506","MRPL35","Exc L3-4 RORB CUX2",-0.128352604164393,3.84296238823299,28.4046184537396,2.13570783495431e-07,2.64830396866645e-06,2.64830396866645e-06,"gpath_trio"
"2507","REEP1","Exc L3-4 RORB CUX2",0.0226961147036053,7.06943417806286,1.93876204682794,0.164992661043985,0.280597398344634,0.280597398344634,"gpath_trio"
"2508","KDM3A","Exc L3-4 RORB CUX2",-0.00132656270350839,4.98966080070601,0.00252700053750012,0.959946399007074,0.979750116174416,0.979750116174416,"gpath_trio"
"2509","CHMP3","Exc L3-4 RORB CUX2",-0.125071304354992,4.58077088931789,22.326823391281,3.76892386919419e-06,3.3526472249115e-05,3.3526472249115e-05,"gpath_trio"
"2510","RNF103-CHMP3","Exc L3-4 RORB CUX2",0.0458797776855419,4.81550571492593,2.37449599844967,0.124547529266646,0.226598106497843,0.226598106497843,"gpath_trio"
"2511","AC015971.1","Exc L3-4 RORB CUX2",-0.371053034347568,2.95406528079701,87.7233588908722,3.75308917429041e-18,6.88350673557355e-16,6.88350673557355e-16,"gpath_trio"
"2512","RMND5A","Exc L3-4 RORB CUX2",0.000887602254817396,5.98753454591412,0.00317731420480705,0.955092203268779,0.977684529766621,0.977684529766621,"gpath_trio"
"2513","CD8A","Exc L3-4 RORB CUX2",0.0660239654473767,2.91998018231008,2.78315548408669,0.0964640816660238,0.185465941500245,0.185465941500245,"gpath_trio"
"2514","CD8B","Exc L3-4 RORB CUX2",-0.328830703819221,-0.802450715734751,9.15304454490426,0.00273191512633748,0.00995239936328252,0.00995239936328252,"gpath_trio"
"2515","RGPD1","Exc L3-4 RORB CUX2",-0.0754999933595849,1.17794024195096,0.922912416362955,0.337603953296693,0.483884609104915,0.483884609104915,"gpath_trio"
"2516","PLGLB1","Exc L3-4 RORB CUX2",0.0256723171252803,5.55300355080421,0.963729043872411,0.32716171239137,0.473051497706291,0.473051497706291,"gpath_trio"
"2517","CYTOR","Exc L3-4 RORB CUX2",0.0285026628966344,4.66496859475948,0.668548362655286,0.414306805397727,0.562644036005597,0.562644036005597,"gpath_trio"
"2518","PLGLB2","Exc L3-4 RORB CUX2",0.213074618615619,-0.13075251657445,4.02585018940204,0.0458435039370255,0.102889025762963,0.102889025762963,"gpath_trio"
"2519","RGPD2","Exc L3-4 RORB CUX2",-0.0356190892556997,1.7242257994067,0.0722675490992003,0.788276582078232,0.876176521592658,0.876176521592658,"gpath_trio"
"2520","KRCC1","Exc L3-4 RORB CUX2",0.0643458693033068,4.23004782784594,6.39390446748752,0.0120435805784348,0.0345239042583011,0.0345239042583011,"gpath_trio"
"2521","THNSL2","Exc L3-4 RORB CUX2",-0.110614592373898,1.93859768555823,0.910357664970813,0.340905734366765,0.487467606015247,0.487467606015247,"gpath_trio"
"2522","AC104134.1","Exc L3-4 RORB CUX2",-0.193125619343868,-0.462878491043918,3.54824237291904,0.0607244771703246,0.128891775582462,0.128891775582462,"gpath_trio"
"2523","EIF2AK3","Exc L3-4 RORB CUX2",0.0243119936503332,5.28864792142654,0.713214424385606,0.399155146823022,0.547261643707405,0.547261643707405,"gpath_trio"
"2524","AC062029.1","Exc L3-4 RORB CUX2",-0.08360938178386,-1.22069396356892,0.392395770585163,0.625488521788374,0.749984008503533,0.749984008503533,"gpath_trio"
"2525","RPIA","Exc L3-4 RORB CUX2",-0.023098916571543,4.16403959155407,0.538315110169728,0.463792893206613,0.609379460790845,0.609379460790845,"gpath_trio"
"2526","AC233266.2","Exc L3-4 RORB CUX2",0.0505890349850131,1.38701092854029,0.193674368409856,0.660241514396933,0.779196990521096,0.779196990521096,"gpath_trio"
"2527","AL845331.2","Exc L3-4 RORB CUX2",-0.0573234030176143,1.12749548057126,0.489556723072377,0.484750612251529,0.62836312016028,0.62836312016028,"gpath_trio"
"2528","ANKRD20A8P","Exc L3-4 RORB CUX2",0.0801148973169576,2.78077887077238,1.908964893133,0.168264313042657,0.285056051359106,0.285056051359106,"gpath_trio"
"2529","TEKT4","Exc L3-4 RORB CUX2",-0.137232419857118,-0.93939072360611,0.50208810221747,0.479218857712985,0.622904783011567,0.622904783011567,"gpath_trio"
"2530","MRPS5","Exc L3-4 RORB CUX2",0.0056506431861657,6.28570638006427,0.108461985445893,0.742167123234248,0.843181760966942,0.843181760966942,"gpath_trio"
"2531","ZNF514","Exc L3-4 RORB CUX2",-0.049322307084625,2.8797688099925,1.26252257409672,0.262210501002977,0.400552499260624,0.400552499260624,"gpath_trio"
"2532","ZNF2","Exc L3-4 RORB CUX2",-0.0329087058663479,3.362983523803,1.12191407109093,0.420105571812462,0.568338356555785,0.568338356555785,"gpath_trio"
"2533","AC092835.1","Exc L3-4 RORB CUX2",0.08306331034597,5.19535928068741,11.2217097471684,0.000928355965954152,0.00397456790881685,0.00397456790881685,"gpath_trio"
"2534","PROM2","Exc L3-4 RORB CUX2",0.0854559348248957,0.762113726315991,1.81855560273481,0.178658757153675,0.298727036762423,0.298727036762423,"gpath_trio"
"2535","KCNIP3","Exc L3-4 RORB CUX2",0.00846893078359092,5.54721541377239,0.10744269600731,0.743338370134354,0.843752200824834,0.843752200824834,"gpath_trio"
"2536","FAHD2A","Exc L3-4 RORB CUX2",0.0327293250660655,5.00258647051579,2.83717438745936,0.0933060245990315,0.180598835027763,0.180598835027763,"gpath_trio"
"2537","LINC00342","Exc L3-4 RORB CUX2",0.0262953690011568,3.82089375265101,0.785147028507652,0.41885275413674,0.567137873470384,0.567137873470384,"gpath_trio"
"2538","ANKRD36C","Exc L3-4 RORB CUX2",0.0765741255399946,7.56950163984682,17.8177312635628,3.36289286669226e-05,0.000227595986533098,0.000227595986533098,"gpath_trio"
"2539","GPAT2","Exc L3-4 RORB CUX2",0.0454136637378903,0.548377709672189,0.206430064865859,0.649959050081531,0.770034872006277,0.770034872006277,"gpath_trio"
"2540","ASTL","Exc L3-4 RORB CUX2",-0.0946365306950272,-0.263990873970243,0.941165437979239,0.332879893530146,0.479347689748055,0.479347689748055,"gpath_trio"
"2541","DUSP2","Exc L3-4 RORB CUX2",-0.046770520903745,2.05891705745069,0.740148188230237,0.390405999021001,0.538192075862568,0.538192075862568,"gpath_trio"
"2542","STARD7","Exc L3-4 RORB CUX2",-0.0755979348308836,5.3362551928066,15.1522555319574,0.000126111808496042,0.000712690682467126,0.000712690682467126,"gpath_trio"
"2543","TMEM127","Exc L3-4 RORB CUX2",-0.0096987547808961,4.85370117627408,0.199201031797016,0.655737999739814,0.77506087906443,0.77506087906443,"gpath_trio"
"2544","CIAO1","Exc L3-4 RORB CUX2",-0.0685303484123959,5.46198219473193,10.7190639661369,0.00120419935153543,0.00496973009333835,0.00496973009333835,"gpath_trio"
"2545","SNRNP200","Exc L3-4 RORB CUX2",-0.0739234652090126,5.30131162569644,12.9591063056562,0.000381171327159511,0.00185886669698891,0.00185886669698891,"gpath_trio"
"2546","AC021188.1","Exc L3-4 RORB CUX2",0.0833201155516757,2.78939438891834,2.87801737001264,0.0909933338089736,0.177336795749231,0.177336795749231,"gpath_trio"
"2547","ITPRIPL1","Exc L3-4 RORB CUX2",0.0112969017383604,1.1778409600622,0.026887052719718,0.869880010530886,0.929743018248602,0.929743018248602,"gpath_trio"
"2548","NCAPH","Exc L3-4 RORB CUX2",-0.0227399775987555,0.0264813617694499,0.0781917703324543,0.779985304656835,0.870702347228,0.870702347228,"gpath_trio"
"2549","NEURL3","Exc L3-4 RORB CUX2",0.194248395212675,0.463605324373316,6.56236652711609,0.0109803512028233,0.0319113491093286,0.0319113491093286,"gpath_trio"
"2550","ARID5A","Exc L3-4 RORB CUX2",0.0580311579191332,2.63573614303426,1.01240137149093,0.315263694543002,0.460268111831903,0.460268111831903,"gpath_trio"
"2551","KANSL3","Exc L3-4 RORB CUX2",0.0142711727238749,5.64725533280712,0.519381857686845,0.471752922752447,0.616912167172567,0.616912167172567,"gpath_trio"
"2552","FER1L5","Exc L3-4 RORB CUX2",-0.036801790647675,3.26786407175977,1.20551046658861,0.273238814719795,0.412959254398972,0.412959254398972,"gpath_trio"
"2553","LMAN2L","Exc L3-4 RORB CUX2",0.133616934678001,4.53556704396029,38.6025979861278,2.05163875259775e-09,4.19795251862673e-08,4.19795251862673e-08,"gpath_trio"
"2554","CNNM4","Exc L3-4 RORB CUX2",0.0214477425684155,4.0742758954552,0.772361848736988,0.380298837202253,0.528520289354237,0.528520289354237,"gpath_trio"
"2555","CNNM3","Exc L3-4 RORB CUX2",0.0153111512223324,2.17792123564567,0.127697240629271,0.721121548873747,0.827143512907377,0.827143512907377,"gpath_trio"
"2556","ANKRD23","Exc L3-4 RORB CUX2",0.088884211233683,4.78808675831048,13.097930161818,0.000355200929708395,0.00174945556661866,0.00174945556661866,"gpath_trio"
"2557","SEMA4C","Exc L3-4 RORB CUX2",-0.189935794810733,3.50594025511685,30.8299130599004,6.94716567253951e-08,9.67949360797546e-07,9.67949360797546e-07,"gpath_trio"
"2558","FAM178B","Exc L3-4 RORB CUX2",0.150669034852088,4.40247126374065,16.5464683876604,6.29877021679788e-05,0.000393055088202112,0.000393055088202112,"gpath_trio"
"2559","FAHD2B","Exc L3-4 RORB CUX2",-0.0925107448952698,3.98286463619448,10.7141746014202,0.00120725807580319,0.00497679437665088,0.00497679437665088,"gpath_trio"
"2560","ANKRD36","Exc L3-4 RORB CUX2",0.0895016473882874,7.63663301616277,15.5383525207685,0.000103986625039314,0.000603894692046101,0.000603894692046101,"gpath_trio"
"2561","AC159540.2","Exc L3-4 RORB CUX2",0.0116170128213859,0.171931120209056,0.00768289130373167,0.930220657396765,0.965689089378395,0.965689089378395,"gpath_trio"
"2562","AC092683.1","Exc L3-4 RORB CUX2",0.121149406601248,8.46381010512677,14.2958649683187,0.000193819562720954,0.00103529512255633,0.00103529512255633,"gpath_trio"
"2563","AC092683.2","Exc L3-4 RORB CUX2",-0.090251378161293,3.2931213612513,2.19157617399487,0.139977943407402,0.247919849727358,0.247919849727358,"gpath_trio"
"2564","ANKRD36B","Exc L3-4 RORB CUX2",0.0120482942699249,6.00335297974413,0.0390644496258184,0.843475465304932,0.911770079180999,0.911770079180999,"gpath_trio"
"2565","COX5B","Exc L3-4 RORB CUX2",-0.30120691170372,5.18799910187885,84.7565541527166,1.15774500776917e-17,1.78301568944602e-15,1.78301568944602e-15,"gpath_trio"
"2566","ACTR1B","Exc L3-4 RORB CUX2",-0.108573714529928,5.61479067581273,21.3781513641149,5.94615171967772e-06,5.01147609741534e-05,5.01147609741534e-05,"gpath_trio"
"2567","C2orf92","Exc L3-4 RORB CUX2",-0.0048561628264429,3.73176931245038,0.0143743578593045,0.904660410461339,0.951704726109419,0.951704726109419,"gpath_trio"
"2568","ZAP70","Exc L3-4 RORB CUX2",-0.137486928807621,-0.815630910041855,1.29004080093099,0.257090307054212,0.394403235101416,0.394403235101416,"gpath_trio"
"2569","TMEM131","Exc L3-4 RORB CUX2",0.0872885246620354,6.732893679912,36.7872219614525,4.62420679075739e-09,8.83459962154644e-08,8.83459962154644e-08,"gpath_trio"
"2570","VWA3B","Exc L3-4 RORB CUX2",-0.163261711535606,0.744322240156791,5.13948952051772,0.0242090660076421,0.060960797142309,0.060960797142309,"gpath_trio"
"2571","CNGA3","Exc L3-4 RORB CUX2",0.223673175607676,-0.920850322526324,2.0546889052431,0.152939628082141,0.265218926986178,0.265218926986178,"gpath_trio"
"2572","INPP4A","Exc L3-4 RORB CUX2",0.0874829079976302,7.70577874881787,48.508750292256,2.68551257268584e-11,9.00003590596958e-10,9.00003590596958e-10,"gpath_trio"
"2573","COA5","Exc L3-4 RORB CUX2",-0.0939176338311532,3.82758125779819,12.4549691809464,0.000492837490270985,0.00231501661611575,0.00231501661611575,"gpath_trio"
"2574","UNC50","Exc L3-4 RORB CUX2",-0.0877181013354675,4.2416660163183,10.3777883717062,0.00143789756593255,0.00576960688000977,0.00576960688000977,"gpath_trio"
"2575","MGAT4A","Exc L3-4 RORB CUX2",0.0537543751627413,6.28294926811452,11.2477787154889,0.000915945309122383,0.00392960165251994,0.00392960165251994,"gpath_trio"
"2576","AC109826.1","Exc L3-4 RORB CUX2",-0.0544613742197828,-0.645466441529244,0.246869519623302,0.619707862868369,0.745578515914446,0.745578515914446,"gpath_trio"
"2577","KIAA1211L","Exc L3-4 RORB CUX2",0.0230237111945276,8.57559718334578,1.27707543475857,0.259484930107973,0.397140681605854,0.397140681605854,"gpath_trio"
"2578","TSGA10","Exc L3-4 RORB CUX2",0.126208474177891,6.84660817842469,28.168369700469,2.38415979458817e-07,2.90826250755075e-06,2.90826250755075e-06,"gpath_trio"
"2579","AC079447.1","Exc L3-4 RORB CUX2",0.123923282341223,6.83123352841265,54.4383593154395,2.15851809385454e-12,9.55002248761303e-11,9.55002248761303e-11,"gpath_trio"
"2580","MITD1","Exc L3-4 RORB CUX2",-0.0310110591810298,4.18476675036117,1.57893853535571,0.210041398886495,0.338033281950784,0.338033281950784,"gpath_trio"
"2581","LYG2","Exc L3-4 RORB CUX2",-0.139176211675222,2.11818047860705,8.73029894555658,0.0034165739385282,0.0120421696732716,0.0120421696732716,"gpath_trio"
"2582","LYG1","Exc L3-4 RORB CUX2",-0.0425398170133733,2.20922061207508,0.995307837654322,0.319376096320148,0.464658018551885,0.464658018551885,"gpath_trio"
"2583","TXNDC9","Exc L3-4 RORB CUX2",-0.137773440730358,3.72510573320401,28.8482395858269,1.73753804368385e-07,2.20609377163762e-06,2.20609377163762e-06,"gpath_trio"
"2584","EIF5B","Exc L3-4 RORB CUX2",-0.0852615202031244,5.76393086686375,11.533093969094,0.000790661596403196,0.00346623157484452,0.00346623157484452,"gpath_trio"
"2585","REV1","Exc L3-4 RORB CUX2",0.0718972477695895,6.5475723082012,27.0022344188814,4.11153704684179e-07,4.71308295000189e-06,4.71308295000189e-06,"gpath_trio"
"2586","AFF3","Exc L3-4 RORB CUX2",0.0914894219611083,9.38944981176646,16.6832007925701,5.8862232487738e-05,0.000370182525074849,0.000370182525074849,"gpath_trio"
"2587","AC092667.1","Exc L3-4 RORB CUX2",0.107382729399711,0.737742431584056,2.02524878573376,0.155902336535546,0.269084578629877,0.269084578629877,"gpath_trio"
"2588","LONRF2","Exc L3-4 RORB CUX2",-0.0405211465284537,7.63713233580223,6.19744584376016,0.0134191542830028,0.0378169349992431,0.0378169349992431,"gpath_trio"
"2589","CHST10","Exc L3-4 RORB CUX2",-0.0200510468777719,4.9215938304398,0.750258910005273,0.876547009264979,0.934097607855533,0.934097607855533,"gpath_trio"
"2590","PDCL3","Exc L3-4 RORB CUX2",-0.200102677832384,2.0441156548985,19.3224562835308,1.61001996344359e-05,0.000120170746439047,0.000120170746439047,"gpath_trio"
"2591","LINC01868","Exc L3-4 RORB CUX2",-0.285221912148095,-0.0476095026320158,8.38775578239435,0.00409887521110055,0.0140327180356276,0.0140327180356276,"gpath_trio"
"2592","AC092168.1","Exc L3-4 RORB CUX2",-0.210640905074439,-0.897966587779863,2.8626365134734,0.0918568234494072,0.178622786804028,0.178622786804028,"gpath_trio"
"2593","NPAS2","Exc L3-4 RORB CUX2",0.041961361342528,7.45837997121309,2.75478493971778,0.098169430545157,0.1880524365029,0.1880524365029,"gpath_trio"
"2594","RPL31","Exc L3-4 RORB CUX2",-0.189975510980023,5.28227975817347,24.9092902152029,1.10159551263665e-06,1.13160333337294e-05,1.13160333337294e-05,"gpath_trio"
"2595","TBC1D8","Exc L3-4 RORB CUX2",0.0622558633592791,5.91420292852153,13.9263034965624,0.00023350719659242,0.00122300303511217,0.00122300303511217,"gpath_trio"
"2596","TBC1D8-AS1","Exc L3-4 RORB CUX2",-0.189078361876977,0.533844469804087,5.42860053015119,0.0205754151529117,0.0535210160791636,0.0535210160791636,"gpath_trio"
"2597","CNOT11","Exc L3-4 RORB CUX2",-0.0184143115766979,4.31932305941832,0.601437291410833,0.438734944619406,0.585567255629371,0.585567255629371,"gpath_trio"
"2598","RNF149","Exc L3-4 RORB CUX2",-0.00273933159715979,6.96066060611709,0.0176073056163445,0.894539189380603,0.945606720828259,0.945606720828259,"gpath_trio"
"2599","CREG2","Exc L3-4 RORB CUX2",-0.0420283956619196,7.78567022520152,3.19834472225516,0.0748770873441452,0.152421071250946,0.152421071250946,"gpath_trio"
"2600","RFX8","Exc L3-4 RORB CUX2",-0.0190244141374943,5.07710516518201,0.349098400675042,0.555137192425954,0.691821166050628,0.691821166050628,"gpath_trio"
"2601","MAP4K4","Exc L3-4 RORB CUX2",0.0201596215254045,7.83323232306849,1.77466464643645,0.183972304712813,0.305510021201828,0.305510021201828,"gpath_trio"
"2602","IL1R1","Exc L3-4 RORB CUX2",-0.0640155002411252,0.319791429675164,0.844171772893046,0.359057910100472,0.506856516672056,0.506856516672056,"gpath_trio"
"2603","AC007271.1","Exc L3-4 RORB CUX2",-0.245013033060393,-0.413561870482811,5.00563180759284,0.0261126023682694,0.0648715370988593,0.0648715370988593,"gpath_trio"
"2604","IL1RL2","Exc L3-4 RORB CUX2",0.0702752005837104,3.76415211629297,3.60842445374495,0.0585941152787722,0.12502336570667,0.12502336570667,"gpath_trio"
"2605","SLC9A2","Exc L3-4 RORB CUX2",0.145529433910287,2.02088148565173,4.86007249027516,0.0283612696296531,0.0693393861825317,0.0693393861825317,"gpath_trio"
"2606","MFSD9","Exc L3-4 RORB CUX2",0.100685075769672,2.00818649949614,4.31345744235037,0.14370524228548,0.252768375162123,0.252768375162123,"gpath_trio"
"2607","TMEM182","Exc L3-4 RORB CUX2",0.0462560136555084,3.14312195131143,1.52768836640382,0.21757517313071,0.34711206056556,0.34711206056556,"gpath_trio"
"2608","LINC01796","Exc L3-4 RORB CUX2",0.0387780346115496,-0.334900648345385,0.170483494637314,0.680022751248699,0.794961574384383,0.794961574384383,"gpath_trio"
"2609","AC073987.1","Exc L3-4 RORB CUX2",-0.200896254461931,-0.66165543685853,2.17180739583525,0.141770586523528,0.250260003772174,0.250260003772174,"gpath_trio"
"2610","LINC01965","Exc L3-4 RORB CUX2",0.0519534999329278,0.222010641688233,0.195186162486918,0.659002039909977,0.778007265210591,0.778007265210591,"gpath_trio"
"2611","LINC01102","Exc L3-4 RORB CUX2",0.203523607584276,4.50971880458001,12.5893961658632,0.000460155642624243,0.00218438590351626,0.00218438590351626,"gpath_trio"
"2612","LINC01103","Exc L3-4 RORB CUX2",-0.237467058689784,1.40774441934848,8.58399312448206,0.00369251412408397,0.0128375792613121,0.0128375792613121,"gpath_trio"
"2613","AC013402.1","Exc L3-4 RORB CUX2",-0.0951957413207137,-1.19293725000099,0.488044269957805,0.536877089174232,0.675832916107016,0.675832916107016,"gpath_trio"
"2614","LINC01114","Exc L3-4 RORB CUX2",0.00553535816461204,1.94237142628612,0.0079937242902394,0.928826790507763,0.964986894201252,0.964986894201252,"gpath_trio"
"2615","POU3F3","Exc L3-4 RORB CUX2",0.0852041269525096,3.70203599226285,5.56540540896731,0.0190587380219647,0.0503153676515491,0.0503153676515491,"gpath_trio"
"2616","AC010884.1","Exc L3-4 RORB CUX2",0.157143222141932,3.59055181822335,9.43363386806297,0.0023565271315623,0.00878959787008123,0.00878959787008123,"gpath_trio"
"2617","MRPS9","Exc L3-4 RORB CUX2",-0.0539906364731283,5.2546242418193,6.83075094523864,0.00948237559036915,0.0282998413514346,0.0282998413514346,"gpath_trio"
"2618","LINC01918","Exc L3-4 RORB CUX2",0.158408621522784,0.535755646371234,4.34516324324856,0.0380902445476417,0.088625381587899,0.088625381587899,"gpath_trio"
"2619","TGFBRAP1","Exc L3-4 RORB CUX2",0.0195390219664763,4.80442566843744,1.10049638038985,0.295131313461373,0.43820093090103,0.43820093090103,"gpath_trio"
"2620","AC012360.1","Exc L3-4 RORB CUX2",0.062098294279882,-0.334627642546939,0.376924171006428,0.539790760372735,0.678310718811581,0.678310718811581,"gpath_trio"
"2621","AC012360.3","Exc L3-4 RORB CUX2",-0.0173718754223621,1.69859521507,0.11787989233848,0.731622839378513,0.834680546508793,0.834680546508793,"gpath_trio"
"2622","C2orf49","Exc L3-4 RORB CUX2",0.0532567582202253,3.56702964366607,2.94639952170146,0.087260097172987,0.171753410777074,0.171753410777074,"gpath_trio"
"2623","FHL2","Exc L3-4 RORB CUX2",-0.0239224266764366,5.6792757920777,0.527363683078069,0.46837054339436,0.613834982004756,0.613834982004756,"gpath_trio"
"2624","AC108058.1","Exc L3-4 RORB CUX2",-0.22197253695641,0.30449187759674,7.83400848637514,0.00551133707409499,0.018077471418653,0.018077471418653,"gpath_trio"
"2625","NCK2","Exc L3-4 RORB CUX2",0.109307268863813,6.25032216380215,35.5740227032081,7.98616571666823e-09,1.42458791630222e-07,1.42458791630222e-07,"gpath_trio"
"2626","AC010978.1","Exc L3-4 RORB CUX2",-0.227276881467967,0.588208381966748,7.35075048202925,0.00715011253028264,0.0223512728011275,0.0223512728011275,"gpath_trio"
"2627","C2orf40","Exc L3-4 RORB CUX2",-0.107460507038449,2.19392296842372,5.49959435825439,0.019773271338556,0.0518354663793357,0.0518354663793357,"gpath_trio"
"2628","UXS1","Exc L3-4 RORB CUX2",0.0364550430365367,5.95196700608602,3.93712392892821,0.0482828048660692,0.107091643378732,0.107091643378732,"gpath_trio"
"2629","AC018878.1","Exc L3-4 RORB CUX2",-0.379320651929626,0.299111445054399,16.3744437827511,6.85970147984844e-05,0.000421548819238325,0.000421548819238325,"gpath_trio"
"2630","RGPD3","Exc L3-4 RORB CUX2",0.0410293407811076,1.86777694103914,0.666473147955606,0.415031253798,0.563344708800323,0.563344708800323,"gpath_trio"
"2631","ST6GAL2","Exc L3-4 RORB CUX2",0.0563003943356443,6.14778498224531,3.04519876161496,0.0821576376888658,0.163803769183997,0.163803769183997,"gpath_trio"
"2632","AC016994.1","Exc L3-4 RORB CUX2",-0.357015981289675,0.00157679777994677,12.5995361607668,0.000457781600894746,0.00217465123570791,0.00217465123570791,"gpath_trio"
"2633","LINC01789","Exc L3-4 RORB CUX2",-0.0317137712158635,-0.00802902590131274,0.096801397665327,0.755951678630452,0.853794162031539,0.853794162031539,"gpath_trio"
"2634","AC096669.1","Exc L3-4 RORB CUX2",-0.230069324809244,-1.13926324884804,2.42403139648277,0.12070341547514,0.22128045499418,0.22128045499418,"gpath_trio"
"2635","LINC01885","Exc L3-4 RORB CUX2",0.211850495127337,3.46611539575784,8.20835328569079,0.00451044804341113,0.0151872967561682,0.0151872967561682,"gpath_trio"
"2636","LINC01886","Exc L3-4 RORB CUX2",0.0610837146979823,-0.239049940452987,0.204612382323651,0.651400505097458,0.771306250722203,0.771306250722203,"gpath_trio"
"2637","RGPD4","Exc L3-4 RORB CUX2",0.0176786294571092,0.458163346430118,0.0523383990307615,0.940669370741428,0.97138476114903,0.97138476114903,"gpath_trio"
"2638","LINC01594","Exc L3-4 RORB CUX2",0.0264170736474476,0.0852073555216433,0.0952166503796722,0.787571119683985,0.875585349623872,0.875585349623872,"gpath_trio"
"2639","SULT1C2","Exc L3-4 RORB CUX2",0.0507239140477916,-0.821501737276267,0.176974386496686,0.674333895632186,0.79032684700705,0.79032684700705,"gpath_trio"
"2640","GCC2","Exc L3-4 RORB CUX2",0.0155095039962992,7.10072615484105,0.552349275170669,0.458030361525102,0.603734649403432,0.603734649403432,"gpath_trio"
"2641","GCC2-AS1","Exc L3-4 RORB CUX2",0.127114945467569,2.51413891186874,5.30403518360551,0.0220657986641368,0.0566671955255804,0.0566671955255804,"gpath_trio"
"2642","LIMS1","Exc L3-4 RORB CUX2",0.0958029685205158,5.27529401285018,19.7093339446592,1.33364045293884e-05,0.000102188363608208,0.000102188363608208,"gpath_trio"
"2643","RANBP2","Exc L3-4 RORB CUX2",-0.00308500384316525,6.9350272907133,0.0379280593595248,0.84573975508571,0.913475001812421,0.913475001812421,"gpath_trio"
"2644","CCDC138","Exc L3-4 RORB CUX2",0.117831141632043,6.26508921924496,38.6258238037546,2.03049486601489e-09,4.16736865939474e-08,4.16736865939474e-08,"gpath_trio"
"2645","EDAR","Exc L3-4 RORB CUX2",-0.358752487727993,-0.872171909149297,8.6453974253334,0.00357402495234037,0.0124793965755395,0.0124793965755395,"gpath_trio"
"2646","SH3RF3-AS1","Exc L3-4 RORB CUX2",0.0848142556318069,-0.772365458784325,0.501945540219292,0.479281204173494,0.622914275217435,0.622914275217435,"gpath_trio"
"2647","SH3RF3","Exc L3-4 RORB CUX2",0.184959031186527,6.55813798030187,31.871088981722,4.30534590370952e-08,6.35873745295311e-07,6.35873745295311e-07,"gpath_trio"
"2648","AC074387.1","Exc L3-4 RORB CUX2",-0.294490934501394,1.08909960456477,19.2131299749333,1.69815565857759e-05,0.000125423422428957,0.000125423422428957,"gpath_trio"
"2649","RGPD5","Exc L3-4 RORB CUX2",0.242910113842674,1.29009607087003,12.5103631753051,0.000479093479811493,0.00226045625706194,0.00226045625706194,"gpath_trio"
"2650","AC013271.1","Exc L3-4 RORB CUX2",0.325075232022806,-0.0978447637471948,7.26167189931539,0.00750313815431393,0.0232742638781186,0.0232742638781186,"gpath_trio"
"2651","LINC01123","Exc L3-4 RORB CUX2",-0.0884518945724605,1.97919876264926,1.64114447674266,0.201309940604239,0.327296966048072,0.327296966048072,"gpath_trio"
"2652","MALL","Exc L3-4 RORB CUX2",-0.118596639773241,-0.533017944394034,1.03526995881429,0.309869947514652,0.454333298772391,0.454333298772391,"gpath_trio"
"2653","NPHP1","Exc L3-4 RORB CUX2",0.123531493587333,5.43063639086585,21.2993188569901,6.17640442418832e-06,5.18340096747085e-05,5.18340096747085e-05,"gpath_trio"
"2654","SMIM37","Exc L3-4 RORB CUX2",-0.164353350339183,3.9258070888745,17.9758868441059,3.11140485541688e-05,0.000212932811933635,0.000212932811933635,"gpath_trio"
"2655","LINC01106","Exc L3-4 RORB CUX2",-0.117223099375695,4.9984310100271,7.34793529003206,0.00716100364961782,0.022373155037223,0.022373155037223,"gpath_trio"
"2656","AC112229.3","Exc L3-4 RORB CUX2",0.0896861467194038,0.553105623437918,1.21987579408024,0.270406081106303,0.409814101999303,0.409814101999303,"gpath_trio"
"2657","BUB1","Exc L3-4 RORB CUX2",-0.044933160455892,-1.08804187407216,0.120831900085943,0.728415200041987,0.832072744417054,0.832072744417054,"gpath_trio"
"2658","ACOXL","Exc L3-4 RORB CUX2",-0.136245153291906,1.65397710868437,6.70526253905184,0.0101546207547914,0.0299999229357032,0.0299999229357032,"gpath_trio"
"2659","MIR4435-2HG","Exc L3-4 RORB CUX2",0.0531643915425903,6.50746412893824,2.89310219601882,0.0901550649566164,0.176162560338957,0.176162560338957,"gpath_trio"
"2660","BCL2L11","Exc L3-4 RORB CUX2",0.0667058871487647,2.20581951477153,1.64741327397479,0.200454097250157,0.326275713015869,0.326275713015869,"gpath_trio"
"2661","AC017002.5","Exc L3-4 RORB CUX2",-0.514563781477788,1.50187730816802,51.8901219868942,6.33652438742894e-12,2.44329822839627e-10,2.44329822839627e-10,"gpath_trio"
"2662","ANAPC1","Exc L3-4 RORB CUX2",0.0194950899461304,6.07267293901491,1.69275919795275,0.194389436169347,0.318457795548993,0.318457795548993,"gpath_trio"
"2663","MERTK","Exc L3-4 RORB CUX2",0.119420344769732,3.79417970574392,6.07949553683677,0.0143222213355069,0.0398938030434698,0.0398938030434698,"gpath_trio"
"2664","TMEM87B","Exc L3-4 RORB CUX2",0.0229177597131681,4.82782523618403,0.746569710620704,0.388360850136109,0.536178755320331,0.536178755320331,"gpath_trio"
"2665","FBLN7","Exc L3-4 RORB CUX2",0.0914518288927486,4.73687398052819,3.08500840602426,0.0801940914782808,0.160762698288386,0.160762698288386,"gpath_trio"
"2666","ZC3H8","Exc L3-4 RORB CUX2",0.0341121140962973,6.51574327925587,2.57667182249627,0.109663334231562,0.205408761314805,0.205408761314805,"gpath_trio"
"2667","ZC3H6","Exc L3-4 RORB CUX2",-0.0282351972342273,6.16331454904323,2.08770795788581,0.149692769945777,0.260934131126323,0.260934131126323,"gpath_trio"
"2668","RGPD8","Exc L3-4 RORB CUX2",-0.00756695665640156,4.49642008233467,0.0498715140364591,0.823462351987488,0.898794222073889,0.898794222073889,"gpath_trio"
"2669","TTL","Exc L3-4 RORB CUX2",-6.88447359970681e-05,6.1043423124171,1.19222249203913e-05,0.997247671473384,0.998831940226159,0.998831940226159,"gpath_trio"
"2670","POLR1B","Exc L3-4 RORB CUX2",-0.0155852867139829,3.26805324188775,0.228591452330952,0.948706158218453,0.974894007941183,0.974894007941183,"gpath_trio"
"2671","CHCHD5","Exc L3-4 RORB CUX2",-0.0697087887601859,1.8229184705326,1.92381328065851,0.166624759330147,0.282780432810033,0.282780432810033,"gpath_trio"
"2672","AC079922.2","Exc L3-4 RORB CUX2",-0.155423168807794,1.80430311668656,13.0756681066317,0.000359241304471265,0.00176514693563268,0.00176514693563268,"gpath_trio"
"2673","SLC20A1","Exc L3-4 RORB CUX2",-0.062535590855161,5.48826254820127,6.1489776306599,0.0137828875676603,0.0386414087247959,0.0386414087247959,"gpath_trio"
"2674","CKAP2L","Exc L3-4 RORB CUX2",0.0159262621024075,-0.013431972822394,0.0205453731109352,0.886135395541745,0.940243063272048,0.940243063272048,"gpath_trio"
"2675","PSD4","Exc L3-4 RORB CUX2",0.00805703370652398,1.08020517497071,0.0134881718848639,0.922432143302144,0.960470091407967,0.960470091407967,"gpath_trio"
"2676","PAX8","Exc L3-4 RORB CUX2",-0.0806407269960367,0.780174876927306,0.389255665787593,0.533237901611332,0.672631903526862,0.672631903526862,"gpath_trio"
"2677","AC016745.2","Exc L3-4 RORB CUX2",-0.149516638258287,0.316149309637375,3.09936407820717,0.0794985557709955,0.159701619304972,0.159701619304972,"gpath_trio"
"2678","CBWD2","Exc L3-4 RORB CUX2",0.0161313970246096,4.63247179487337,0.224314231782802,0.636169594545101,0.759001866939527,0.759001866939527,"gpath_trio"
"2679","RABL2A","Exc L3-4 RORB CUX2",0.0422047502434757,5.14167559532416,2.42362033600836,0.120734765912836,0.221317817762264,0.221317817762264,"gpath_trio"
"2680","AC017074.1","Exc L3-4 RORB CUX2",0.164938888769886,0.661788978329223,3.72809295900016,0.0545916457802899,0.118136485425008,0.118136485425008,"gpath_trio"
"2681","SLC35F5","Exc L3-4 RORB CUX2",0.0630034550399538,5.63419675038542,9.89928297093043,0.00184581342667316,0.00712168404726161,0.00712168404726161,"gpath_trio"
"2682","AC104653.1","Exc L3-4 RORB CUX2",-0.0317399449543922,1.26644256642656,0.275819262404578,0.599902152519044,0.729185801124938,0.729185801124938,"gpath_trio"
"2683","AC110769.2","Exc L3-4 RORB CUX2",0.024161184227362,0.733752197638337,0.133948820136847,0.960057435417179,0.979750116174416,0.979750116174416,"gpath_trio"
"2684","ACTR3","Exc L3-4 RORB CUX2",-0.0298819952572065,5.33351991254881,3.24688848515552,0.0727174251949454,0.148798817508483,0.148798817508483,"gpath_trio"
"2685","LINC01191","Exc L3-4 RORB CUX2",-0.0410419511545665,-0.725349894872131,0.123336059740542,0.725728461202529,0.830266321934441,0.830266321934441,"gpath_trio"
"2686","DPP10","Exc L3-4 RORB CUX2",0.178531317221418,10.5943403801153,45.2000635334488,1.12256241481795e-10,3.11951745440112e-09,3.11951745440112e-09,"gpath_trio"
"2687","DPP10-AS3","Exc L3-4 RORB CUX2",-0.266846926909196,-1.12288650575571,0.546565514480188,0.460391341657537,0.606212982504947,0.606212982504947,"gpath_trio"
"2688","DPP10-AS1","Exc L3-4 RORB CUX2",-0.00425775206150533,4.66358188360756,0.0219157349452787,0.88242622538411,0.937699100893316,0.937699100893316,"gpath_trio"
"2689","AC009312.1","Exc L3-4 RORB CUX2",0.0226028865253327,1.22326142372033,0.13185263691125,0.732949188922907,0.835862861710455,0.835862861710455,"gpath_trio"
"2690","DDX18","Exc L3-4 RORB CUX2",-0.117064514914586,5.26397181670888,14.5599026849268,0.000169719069108984,0.000921691041527257,0.000921691041527257,"gpath_trio"
"2691","AC009404.1","Exc L3-4 RORB CUX2",0.0421751437358547,2.42547237898611,0.699704769111588,0.920489037336493,0.959655628876122,0.959655628876122,"gpath_trio"
"2692","CCDC93","Exc L3-4 RORB CUX2",-0.00933586091525327,6.03910600713618,0.250316426217081,0.617275559897882,0.743405827419996,0.743405827419996,"gpath_trio"
"2693","AC009303.2","Exc L3-4 RORB CUX2",-0.194427933658415,1.83858604480765,17.9585962582134,3.13794571109192e-05,0.000214513650929197,0.000214513650929197,"gpath_trio"
"2694","INSIG2","Exc L3-4 RORB CUX2",-0.034048463228674,4.7215109758602,2.49654060666579,0.115312407493547,0.213492504467496,0.213492504467496,"gpath_trio"
"2695","AC093901.1","Exc L3-4 RORB CUX2",-0.155121828097556,0.00231117993797903,3.02245737599071,0.0833026915043551,0.165629364563459,0.165629364563459,"gpath_trio"
"2696","C1QL2","Exc L3-4 RORB CUX2",-0.0123597565664311,0.977883202310511,0.013412691353561,0.907890004660908,0.952798787938934,0.952798787938934,"gpath_trio"
"2697","STEAP3","Exc L3-4 RORB CUX2",0.168738898039816,0.368186541522064,3.2064933937576,0.0745097764795215,0.151811224043057,0.151811224043057,"gpath_trio"
"2698","C2orf76","Exc L3-4 RORB CUX2",0.0352423480743732,3.97446814454944,1.77086315978687,0.190233130137497,0.313302318410122,0.313302318410122,"gpath_trio"
"2699","DBI","Exc L3-4 RORB CUX2",-0.0957947436778919,2.65443950080115,4.85925742544737,0.0283744169740423,0.0693547204326754,0.0693547204326754,"gpath_trio"
"2700","SCTR","Exc L3-4 RORB CUX2",0.233698921353273,2.07803965492354,4.75882502700117,0.0300443404543701,0.0728344677183805,0.0728344677183805,"gpath_trio"
"2701","AC013275.1","Exc L3-4 RORB CUX2",0.0629156644437759,0.543979103295495,0.543239820115245,0.461757689241437,0.60753628410369,0.60753628410369,"gpath_trio"
"2702","CFAP221","Exc L3-4 RORB CUX2",0.0616868284128947,7.13389819355277,7.08074066108027,0.0082764832980275,0.0252690754445679,0.0252690754445679,"gpath_trio"
"2703","TMEM177","Exc L3-4 RORB CUX2",-0.0884180434086255,2.45746271448833,3.91380849280778,0.0489464059284192,0.108396678332147,0.108396678332147,"gpath_trio"
"2704","PTPN4","Exc L3-4 RORB CUX2",0.0979074289876972,7.78412475906241,46.4156009805631,6.62405203904558e-11,1.97985555389251e-09,1.97985555389251e-09,"gpath_trio"
"2705","EPB41L5","Exc L3-4 RORB CUX2",0.0390341097451508,6.10463018191952,4.00991506341524,0.0462717779657962,0.103679822352281,0.103679822352281,"gpath_trio"
"2706","AC012363.1","Exc L3-4 RORB CUX2",0.0958168101871747,3.03296594544965,7.30183243176419,0.00734181006507782,0.0228511289822501,0.0228511289822501,"gpath_trio"
"2707","TMEM185B","Exc L3-4 RORB CUX2",-0.139205405071869,-0.432572296167499,2.20149966408421,0.139087731801951,0.246730755260005,0.246730755260005,"gpath_trio"
"2708","RALB","Exc L3-4 RORB CUX2",-0.0477642892777376,3.77471304673772,2.39421711266545,0.123000981325285,0.224513236066012,0.224513236066012,"gpath_trio"
"2709","AC018866.1","Exc L3-4 RORB CUX2",-0.00314531137678609,-1.31466508163105,0.000686050655503356,0.979123834678536,0.988927327391212,0.988927327391212,"gpath_trio"
"2710","GLI2","Exc L3-4 RORB CUX2",-0.185218989947234,0.578872048481542,2.16686514049889,0.142222795495392,0.250948514691955,0.250948514691955,"gpath_trio"
"2711","CLASP1","Exc L3-4 RORB CUX2",0.0940615753634618,8.38095606125741,63.6197891362021,4.81581445675864e-14,3.07465369193372e-12,3.07465369193372e-12,"gpath_trio"
"2712","AC012447.1","Exc L3-4 RORB CUX2",-0.138721949979543,-0.456969524465982,1.880439431532,0.171466533015329,0.289201372299024,0.289201372299024,"gpath_trio"
"2713","NIFK-AS1","Exc L3-4 RORB CUX2",0.0637942823288735,5.24676423122532,7.94078934672973,0.00520455374397149,0.0172134216040369,0.0172134216040369,"gpath_trio"
"2714","NIFK","Exc L3-4 RORB CUX2",-0.139052794165535,3.31260581435125,20.4041484864322,9.51897224703806e-06,7.5578616719399e-05,7.5578616719399e-05,"gpath_trio"
"2715","TSN","Exc L3-4 RORB CUX2",-0.0741146639202949,4.95518901340838,15.8083178540858,9.08928474799055e-05,0.000537287717316988,0.000537287717316988,"gpath_trio"
"2716","AC079154.1","Exc L3-4 RORB CUX2",0.0820122482082292,2.36372992989144,2.85882018528524,0.0920724574087985,0.17890415373423,0.17890415373423,"gpath_trio"
"2717","CNTNAP5","Exc L3-4 RORB CUX2",0.165640086366017,9.73323281474651,30.9416629211675,6.59871881997305e-08,9.23225743363082e-07,9.23225743363082e-07,"gpath_trio"
"2718","LINC01889","Exc L3-4 RORB CUX2",-0.250029854055104,-1.15890059039752,3.06937535328927,0.080959028627509,0.161813790624133,0.161813790624133,"gpath_trio"
"2719","GYPC","Exc L3-4 RORB CUX2",0.217927282394238,-1.15010200088814,1.79920282963919,0.180979342025916,0.301731941605888,0.301731941605888,"gpath_trio"
"2720","AC012508.2","Exc L3-4 RORB CUX2",-0.33551141617032,0.0340347455457392,11.7215725396612,0.000717602043916693,0.00319382775998661,0.00319382775998661,"gpath_trio"
"2721","AC012508.1","Exc L3-4 RORB CUX2",0.000965502432232236,1.8718782907404,0.000377691432244875,0.984509565267658,0.992134637067724,0.992134637067724,"gpath_trio"
"2722","BIN1","Exc L3-4 RORB CUX2",0.00563367650050183,6.4669476695647,0.0591651177795223,0.808012194711324,0.889106391048519,0.889106391048519,"gpath_trio"
"2723","CYP27C1","Exc L3-4 RORB CUX2",-0.11163017417192,0.051671338692964,1.57553010321457,0.210532678209344,0.338634838784462,0.338634838784462,"gpath_trio"
"2724","ERCC3","Exc L3-4 RORB CUX2",0.000218114635217966,5.12798821126938,0.000138650534912824,0.990614159219936,0.995676743977727,0.995676743977727,"gpath_trio"
"2725","MAP3K2","Exc L3-4 RORB CUX2",0.0512280155858073,6.85587955269453,9.6571641086285,0.0020954590411423,0.00793504541894208,0.00793504541894208,"gpath_trio"
"2726","AC068282.1","Exc L3-4 RORB CUX2",-0.0319689560436805,2.19420807209581,0.486136556638016,0.486278729449069,0.629777466082614,0.629777466082614,"gpath_trio"
"2727","PROC","Exc L3-4 RORB CUX2",-0.00380515220580572,-0.638687756868073,0.000990473578704577,0.974917433862802,0.986704084889236,0.986704084889236,"gpath_trio"
"2728","IWS1","Exc L3-4 RORB CUX2",0.057725641912766,5.62646985067145,10.8800488493293,0.00110777827639606,0.00462433824255957,0.00462433824255957,"gpath_trio"
"2729","AC010976.1","Exc L3-4 RORB CUX2",-0.368415687225104,1.62670143609577,40.5418172870877,8.66696597167386e-10,1.93853701195699e-08,1.93853701195699e-08,"gpath_trio"
"2730","MYO7B","Exc L3-4 RORB CUX2",-0.141289860679476,-0.815415837899476,1.46824500537046,0.226722835619171,0.357633558140483,0.357633558140483,"gpath_trio"
"2731","LIMS2","Exc L3-4 RORB CUX2",0.0237892826044475,0.473597337362767,0.0819275296264525,0.774930005932026,0.867074087387201,0.867074087387201,"gpath_trio"
"2732","WDR33","Exc L3-4 RORB CUX2",0.0617601084948845,6.37776111275693,18.7354693705298,2.14426424545724e-05,0.000153134623547256,0.000153134623547256,"gpath_trio"
"2733","SFT2D3","Exc L3-4 RORB CUX2",0.0516770570656262,1.3639826144848,0.852965412133778,0.356571066584966,0.504263372238307,0.504263372238307,"gpath_trio"
"2734","POLR2D","Exc L3-4 RORB CUX2",-0.0764774085078753,3.75266549721787,8.43622195680835,0.00399443517569952,0.0137193955855869,0.0137193955855869,"gpath_trio"
"2735","AMMECR1L","Exc L3-4 RORB CUX2",-0.0413223218379061,3.53540801985551,2.47499053336308,0.116886160502161,0.215733079144734,0.215733079144734,"gpath_trio"
"2736","AC012306.2","Exc L3-4 RORB CUX2",-0.0990124445511774,1.55082980997032,2.84123975415964,0.0930729733908813,0.180268352079989,0.180268352079989,"gpath_trio"
"2737","SAP130","Exc L3-4 RORB CUX2",-0.0410716967285886,5.30689453174915,4.2377448159001,0.0405310180628446,0.0932610959646315,0.0932610959646315,"gpath_trio"
"2738","UGGT1","Exc L3-4 RORB CUX2",0.00106767844015817,5.67636500632691,0.00478285623563199,0.944916854471047,0.973134126541775,0.973134126541775,"gpath_trio"
"2739","HS6ST1","Exc L3-4 RORB CUX2",0.036942924898935,6.52422005486703,3.05184268001941,0.0818263431787371,0.163272324560481,0.163272324560481,"gpath_trio"
"2740","LINC02572","Exc L3-4 RORB CUX2",-0.0741249519995962,0.887071848648147,1.43017096112442,0.23282601886396,0.36500621109491,0.36500621109491,"gpath_trio"
"2741","LINC01856","Exc L3-4 RORB CUX2",0.0306499650571359,0.0201653746461027,0.124099124376772,0.724915861232204,0.829703154272407,0.829703154272407,"gpath_trio"
"2742","RAB6C","Exc L3-4 RORB CUX2",-0.111909335136175,-0.242700136821187,1.83288481744848,0.298369014509875,0.441447553600711,0.441447553600711,"gpath_trio"
"2743","POTEF","Exc L3-4 RORB CUX2",0.0519353061042705,-1.4281589802894,0.0678773191699108,0.794659063089144,0.880258294248471,0.880258294248471,"gpath_trio"
"2744","CCDC74B","Exc L3-4 RORB CUX2",-0.0692067304119853,1.42287981055348,1.28871407968644,0.257330456186294,0.394711621193528,0.394711621193528,"gpath_trio"
"2745","SMPD4","Exc L3-4 RORB CUX2",0.0598712971622914,5.63078378257995,8.7614003066229,0.00336068870925335,0.0118783978117005,0.0118783978117005,"gpath_trio"
"2746","MZT2B","Exc L3-4 RORB CUX2",-0.187192432451882,5.26425819954339,41.5960738231971,5.43992903202655e-10,1.27173311959601e-08,1.27173311959601e-08,"gpath_trio"
"2747","CCDC115","Exc L3-4 RORB CUX2",-0.161880990432971,3.50892597787943,26.7589387168156,4.60831739360768e-07,5.18532088209899e-06,5.18532088209899e-06,"gpath_trio"
"2748","IMP4","Exc L3-4 RORB CUX2",-0.143184176433382,3.32021045152381,23.3454721165643,2.31566589776752e-06,2.1749794919674e-05,2.1749794919674e-05,"gpath_trio"
"2749","PTPN18","Exc L3-4 RORB CUX2",0.00429604982089041,4.6571673283899,0.0287991132076932,0.865375664802641,0.926821157289596,0.926821157289596,"gpath_trio"
"2750","AC013269.2","Exc L3-4 RORB CUX2",-0.125339968574242,0.546703714508241,3.47311152892157,0.0635010928098777,0.133534974717457,0.133534974717457,"gpath_trio"
"2751","CFC1","Exc L3-4 RORB CUX2",-0.18701906837039,0.897350333046153,8.85823234357122,0.00319261026618261,0.0113522760825551,0.0113522760825551,"gpath_trio"
"2752","AC140481.1","Exc L3-4 RORB CUX2",0.141809624151937,2.40170853624701,11.5166333097215,0.000797391218035934,0.00349194005293574,0.00349194005293574,"gpath_trio"
"2753","AMER3","Exc L3-4 RORB CUX2",-0.0025553806232959,4.07717622480467,0.0114756973294028,0.914772677923366,0.956997192962486,0.956997192962486,"gpath_trio"
"2754","ARHGEF4","Exc L3-4 RORB CUX2",0.031540181720306,6.63702973965887,3.24472006944746,0.0728124474896045,0.148954687497746,0.148954687497746,"gpath_trio"
"2755","FAM168B","Exc L3-4 RORB CUX2",-0.0348493032997897,6.32065350948719,4.83759717442052,0.0287261555627605,0.070104050862307,0.070104050862307,"gpath_trio"
"2756","PLEKHB2","Exc L3-4 RORB CUX2",-0.0776534787647952,6.03225946119743,17.9472778964036,3.15544327595142e-05,0.000215508016561679,0.000215508016561679,"gpath_trio"
"2757","RAB6D","Exc L3-4 RORB CUX2",0.128837870453014,-0.686571649063789,1.32815343208738,0.250192460894369,0.386229466565452,0.386229466565452,"gpath_trio"
"2758","AC073869.3","Exc L3-4 RORB CUX2",0.0150278336695799,-0.875698597478701,0.0134065833950471,0.907910885938249,0.952798787938934,0.952798787938934,"gpath_trio"
"2759","MZT2A","Exc L3-4 RORB CUX2",-0.0606076377804778,5.02089340924975,6.99111488499585,0.00868951954173956,0.0263032343217698,0.0263032343217698,"gpath_trio"
"2760","TUBA3D","Exc L3-4 RORB CUX2",-0.204494587711629,-0.428732508601084,4.25905530582138,0.0400339858682532,0.09233859207637,0.09233859207637,"gpath_trio"
"2761","CCDC74A","Exc L3-4 RORB CUX2",-0.0194469343226105,2.54786788293458,0.192543225082298,0.661172688592232,0.779885348009137,0.779885348009137,"gpath_trio"
"2762","C2orf27B","Exc L3-4 RORB CUX2",0.0994079086574949,0.796205140148447,1.17555981419799,0.279266128163543,0.419804346598576,0.419804346598576,"gpath_trio"
"2763","AJ239322.2","Exc L3-4 RORB CUX2",-0.0368518842451167,-1.27928133641445,0.0489265131877292,0.825115468975522,0.899724602020384,0.899724602020384,"gpath_trio"
"2764","AJ239322.1","Exc L3-4 RORB CUX2",-0.0194947005097104,1.98146433204481,0.0216950867145282,0.883015284949948,0.938109714880934,0.938109714880934,"gpath_trio"
"2765","LINC01945","Exc L3-4 RORB CUX2",0.0037067421171823,2.24458749730856,0.000840769098435832,0.976890009578663,0.987837373358954,0.987837373358954,"gpath_trio"
"2766","ANKRD30BL","Exc L3-4 RORB CUX2",0.0744975677428059,8.21152513764655,3.05071374797789,0.0818825341996774,0.163358627604903,0.163358627604903,"gpath_trio"
"2767","AC097532.2","Exc L3-4 RORB CUX2",-0.0543164553134307,1.4451225359561,0.508423259996143,0.476461663342974,0.620649151468524,0.620649151468524,"gpath_trio"
"2768","GPR39","Exc L3-4 RORB CUX2",0.0810620933457826,2.50674202835341,1.77615089759115,0.183789392233786,0.305357077189873,0.305357077189873,"gpath_trio"
"2769","AC010890.1","Exc L3-4 RORB CUX2",-0.0578821350998031,1.05855850720855,0.401185527251931,0.527034374812045,0.66726818398701,0.66726818398701,"gpath_trio"
"2770","MGAT5","Exc L3-4 RORB CUX2",0.00381494632152645,7.17518819488515,0.0399464331154267,0.84174157909185,0.910814500304536,0.910814500304536,"gpath_trio"
"2771","TMEM163","Exc L3-4 RORB CUX2",0.0275512204749266,6.63243740427266,1.42884004700031,0.233042937101682,0.365222658925531,0.365222658925531,"gpath_trio"
"2772","CCNT2-AS1","Exc L3-4 RORB CUX2",0.100819296880263,5.97858838171958,9.23556340766951,0.00261556984719574,0.00959438575766799,0.00959438575766799,"gpath_trio"
"2773","ACMSD","Exc L3-4 RORB CUX2",-0.330514696970929,2.25215899714824,26.0680582856303,6.37562604344164e-07,6.90806957177417e-06,6.90806957177417e-06,"gpath_trio"
"2774","CCNT2","Exc L3-4 RORB CUX2",0.00327513357292486,6.08119517298797,0.0473407235885694,0.827927613937632,0.90157281865341,0.90157281865341,"gpath_trio"
"2775","MAP3K19","Exc L3-4 RORB CUX2",-0.420039411977009,1.56588902732151,42.4702465281152,3.70245499908933e-10,8.98881222703096e-09,8.98881222703096e-09,"gpath_trio"
"2776","RAB3GAP1","Exc L3-4 RORB CUX2",0.0494240565962162,7.47425478619597,10.6781483306274,0.00123004112233765,0.00505641649379913,0.00505641649379913,"gpath_trio"
"2777","ZRANB3","Exc L3-4 RORB CUX2",0.042411262327888,7.15132179963285,6.84801841761731,0.009393533216861,0.0280845484069607,0.0280845484069607,"gpath_trio"
"2778","R3HDM1","Exc L3-4 RORB CUX2",0.0930592521779883,10.505529946471,34.461615975202,1.32116764986181e-08,2.23050689003867e-07,2.23050689003867e-07,"gpath_trio"
"2779","UBXN4","Exc L3-4 RORB CUX2",-0.00496192815920912,6.6634349846261,0.10328000794259,0.748186633229326,0.847348452082724,0.847348452082724,"gpath_trio"
"2780","LCT","Exc L3-4 RORB CUX2",-0.022571472729914,-0.519896259885937,0.0492637679937157,0.932683857661145,0.967201070589237,0.967201070589237,"gpath_trio"
"2781","MCM6","Exc L3-4 RORB CUX2",-0.0601609184165732,2.82027376749553,2.47458468084085,0.401959037803889,0.550171206763464,0.550171206763464,"gpath_trio"
"2782","DARS","Exc L3-4 RORB CUX2",0.00900446955679475,5.44602197242395,0.229849885371412,0.632038157667755,0.75533206994038,0.75533206994038,"gpath_trio"
"2783","DARS-AS1","Exc L3-4 RORB CUX2",-0.154086883565646,0.584323514266969,4.22726371611946,0.0407778599339476,0.0937328613612159,0.0937328613612159,"gpath_trio"
"2784","THSD7B","Exc L3-4 RORB CUX2",0.00722202148295698,-0.0596559108609581,0.0020410774051692,0.963999881185428,0.981414825801888,0.981414825801888,"gpath_trio"
"2785","HNMT","Exc L3-4 RORB CUX2",0.0817213043517541,3.53035986640423,4.90857030655441,0.0275903495773638,0.0677996714644719,0.0677996714644719,"gpath_trio"
"2786","AC114763.1","Exc L3-4 RORB CUX2",0.0909056953583133,1.27146600067613,2.24381056975201,0.149292705930181,0.260439285961212,0.260439285961212,"gpath_trio"
"2787","SPOPL","Exc L3-4 RORB CUX2",0.0686411920245306,5.35076261668535,14.0672168711714,0.000217483282016767,0.00114891993052848,0.00114891993052848,"gpath_trio"
"2788","AC092620.1","Exc L3-4 RORB CUX2",0.222163898319785,0.231174937624568,6.70306202205278,0.0101668381471249,0.0300272228982937,0.0300272228982937,"gpath_trio"
"2789","AC062021.1","Exc L3-4 RORB CUX2",0.25297704996853,0.171143323709655,8.4324616762804,0.0040024397760989,0.0137428259760011,0.0137428259760011,"gpath_trio"
"2790","LINC01853","Exc L3-4 RORB CUX2",0.215465976972806,-0.778449750009136,2.98125217206014,0.0854218428781414,0.168992516186164,0.168992516186164,"gpath_trio"
"2791","LRP1B","Exc L3-4 RORB CUX2",0.233605860713837,10.252714401633,58.2983189614709,4.30093467314487e-13,2.17472072758641e-11,2.17472072758641e-11,"gpath_trio"
"2792","KYNU","Exc L3-4 RORB CUX2",0.0373833305763761,-0.091038848800932,0.155918392323737,0.693266223834866,0.805264901022996,0.805264901022996,"gpath_trio"
"2793","ARHGAP15","Exc L3-4 RORB CUX2",0.0107508999643821,2.23060762084602,0.0161886900077338,0.898852920344436,0.94815213154601,0.94815213154601,"gpath_trio"
"2794","AC096558.2","Exc L3-4 RORB CUX2",0.666202196792127,0.187763724608939,14.1427183827089,0.000209361460118834,0.00110979176508079,0.00110979176508079,"gpath_trio"
"2795","AC079793.1","Exc L3-4 RORB CUX2",-0.127687247699684,-0.179114432233166,1.37297679301104,0.242373676983665,0.376608821098694,0.376608821098694,"gpath_trio"
"2796","AC092652.1","Exc L3-4 RORB CUX2",0.383935185738518,-0.30872839232805,10.2817105062961,0.00151168693967748,0.00601306861356333,0.00601306861356333,"gpath_trio"
"2797","AC092652.2","Exc L3-4 RORB CUX2",0.223792317937184,1.83567801945558,7.66306548527767,0.0060416527368014,0.0194868655419613,0.0194868655419613,"gpath_trio"
"2798","AC079584.2","Exc L3-4 RORB CUX2",0.370934721048099,-0.702953543012119,7.88144978597151,0.00537280864543601,0.0176800545460237,0.0176800545460237,"gpath_trio"
"2799","AC079584.1","Exc L3-4 RORB CUX2",-0.274222434191223,-0.401137845882291,5.69613434128721,0.0177178799782577,0.0474019663919042,0.0474019663919042,"gpath_trio"
"2800","AC016910.1","Exc L3-4 RORB CUX2",-0.214935133913169,1.41738618963353,14.5923042424178,0.000166978911714193,0.000908767074139154,0.000908767074139154,"gpath_trio"
"2801","GTDC1","Exc L3-4 RORB CUX2",0.0611820810988115,8.43362374229353,15.492201536487,0.000106409392079617,0.000615911970922232,0.000615911970922232,"gpath_trio"
"2802","ZEB2","Exc L3-4 RORB CUX2",0.143339195303754,7.11904066373176,41.6658774670739,5.27508340141836e-10,1.24038237323561e-08,1.24038237323561e-08,"gpath_trio"
"2803","AC009951.2","Exc L3-4 RORB CUX2",-0.253643422170445,-0.499188344828276,5.35869503016646,0.0213984207659517,0.0552617753096871,0.0552617753096871,"gpath_trio"
"2804","ZEB2-AS1","Exc L3-4 RORB CUX2",-0.0909982586295398,-0.429964791747799,0.891254862011718,0.346013897666788,0.493071962439944,0.493071962439944,"gpath_trio"
"2805","LINC01412","Exc L3-4 RORB CUX2",0.00559805411231561,-1.30051855250653,0.00119370432317195,0.972465059827567,0.985690707924104,0.985690707924104,"gpath_trio"
"2806","TEX41","Exc L3-4 RORB CUX2",0.125534306053731,3.43149551571631,4.8230869493608,0.028964338497486,0.0706084496359087,0.0706084496359087,"gpath_trio"
"2807","ACVR2A","Exc L3-4 RORB CUX2",0.0972754453174524,6.15137092406739,25.9074706024518,6.87635231031331e-07,7.38320425016344e-06,7.38320425016344e-06,"gpath_trio"
"2808","ORC4","Exc L3-4 RORB CUX2",-0.0200255181603205,6.43619606982374,1.83324290646249,0.176920651414612,0.296410408760155,0.296410408760155,"gpath_trio"
"2809","MBD5","Exc L3-4 RORB CUX2",0.11374162952217,9.08238031217785,102.293456396258,1.7105065543481e-20,6.16240530963803e-18,6.16240530963803e-18,"gpath_trio"
"2810","EPC2","Exc L3-4 RORB CUX2",0.104224017887898,6.3828471896983,31.8010118810482,4.4459538840982e-08,6.537690933796e-07,6.537690933796e-07,"gpath_trio"
"2811","AC105402.3","Exc L3-4 RORB CUX2",0.546993672125916,6.98271208002752,20.5793966676161,8.74463031563117e-06,7.01482769852321e-05,7.01482769852321e-05,"gpath_trio"
"2812","KIF5C","Exc L3-4 RORB CUX2",-0.0233608120907395,8.26438311202261,1.97148056847597,0.161484130999484,0.276050020582494,0.276050020582494,"gpath_trio"
"2813","LYPD6B","Exc L3-4 RORB CUX2",0.233113928461076,-0.862358167283013,0.658441726719005,0.417852809691731,0.566207320256372,0.566207320256372,"gpath_trio"
"2814","MMADHC","Exc L3-4 RORB CUX2",-0.127868606653719,3.69212111696108,25.5735818507465,8.0483820005726e-07,8.51474078980347e-06,8.51474078980347e-06,"gpath_trio"
"2815","AC007364.1","Exc L3-4 RORB CUX2",0.0671169422853006,4.43995799654714,4.47721653233192,0.035300318658952,0.0832819367306604,0.0832819367306604,"gpath_trio"
"2816","LINC01931","Exc L3-4 RORB CUX2",0.0876862172692014,1.71755853143238,1.11183462795249,0.292662329418173,0.435268851190994,0.435268851190994,"gpath_trio"
"2817","LINC01818","Exc L3-4 RORB CUX2",-0.208616116100829,0.483683421571736,7.45613455301077,0.00675443297200336,0.0213456587108659,0.0213456587108659,"gpath_trio"
"2818","AC023469.1","Exc L3-4 RORB CUX2",0.00815799249976701,-1.10312122394534,0.0015334277407465,0.968793667491002,0.983812968320882,0.983812968320882,"gpath_trio"
"2819","AC018731.1","Exc L3-4 RORB CUX2",-0.250876095691506,-1.17766426235115,2.61927407600618,0.106785113843066,0.201089795952174,0.201089795952174,"gpath_trio"
"2820","RBM43","Exc L3-4 RORB CUX2",-0.0722586283579377,1.12328194573375,1.20234718712376,0.273867596976072,0.413685648568261,0.413685648568261,"gpath_trio"
"2821","TNFAIP6","Exc L3-4 RORB CUX2",0.0149426055099582,-0.0713555567099084,0.0302246639195295,0.862116725603231,0.924678625148602,0.924678625148602,"gpath_trio"
"2822","RIF1","Exc L3-4 RORB CUX2",0.0352351657717393,6.32007329730907,4.14568585492157,0.0427542864904883,0.0972534452215596,0.0972534452215596,"gpath_trio"
"2823","NEB","Exc L3-4 RORB CUX2",0.186365229024408,3.13303199706745,10.7187870870546,0.00120437235244029,0.00496973009333835,0.00496973009333835,"gpath_trio"
"2824","ARL5A","Exc L3-4 RORB CUX2",0.00539457258413733,4.7779996446868,0.056356574805279,0.812537008458143,0.891676571642046,0.891676571642046,"gpath_trio"
"2825","AC068547.1","Exc L3-4 RORB CUX2",0.0551328829225743,-0.230252096257317,0.393289055569664,0.531125878770374,0.670974615165454,0.670974615165454,"gpath_trio"
"2826","CACNB4","Exc L3-4 RORB CUX2",0.123064144988456,7.41411139066484,27.6601538562747,3.02219637739953e-07,3.59933954628309e-06,3.59933954628309e-06,"gpath_trio"
"2827","AC079790.1","Exc L3-4 RORB CUX2",0.0391654070791896,1.8170167058955,0.62413633857977,0.430234249759698,0.577971500126643,0.577971500126643,"gpath_trio"
"2828","STAM2","Exc L3-4 RORB CUX2",-0.00878241288342001,5.44830282291353,0.27555604489942,0.600076146967567,0.729280347666317,0.729280347666317,"gpath_trio"
"2829","FMNL2","Exc L3-4 RORB CUX2",0.0649811745510229,8.85990359517333,9.36265507614618,0.00244619832580163,0.00907874378643264,0.00907874378643264,"gpath_trio"
"2830","PRPF40A","Exc L3-4 RORB CUX2",0.00714865376158648,6.01814140739798,0.27386836710647,0.601194278382689,0.730272416543485,0.730272416543485,"gpath_trio"
"2831","ARL6IP6","Exc L3-4 RORB CUX2",0.0629314151968501,4.57860312413167,8.13181481123805,0.00720636247679378,0.0224850545885114,0.0224850545885114,"gpath_trio"
"2832","GALNT13","Exc L3-4 RORB CUX2",0.118363828699226,7.56230901791644,9.82593302532902,0.0019180607774235,0.00736241936539555,0.00736241936539555,"gpath_trio"
"2833","AC009227.1","Exc L3-4 RORB CUX2",-0.22289778851929,-1.02121069899991,2.55687534313133,0.111029875771209,0.207506043879958,0.207506043879958,"gpath_trio"
"2834","KCNJ3","Exc L3-4 RORB CUX2",0.120796747715966,8.35351976863764,71.174600851712,2.29681063968159e-15,2.07794415495857e-13,2.07794415495857e-13,"gpath_trio"
"2835","LINC01876","Exc L3-4 RORB CUX2",0.0372104861666256,1.28516723844021,0.0650386146290075,0.798904087984142,0.882646108300329,0.882646108300329,"gpath_trio"
"2836","NR4A2","Exc L3-4 RORB CUX2",0.092976033267581,1.36727591956698,1.9506942051603,0.264492752323957,0.40301573870894,0.40301573870894,"gpath_trio"
"2837","GPD2","Exc L3-4 RORB CUX2",0.00506826539461412,4.38621054258797,0.0331592221020054,0.85564869776684,0.920089141746402,0.920089141746402,"gpath_trio"
"2838","GALNT5","Exc L3-4 RORB CUX2",-0.144472132707269,-1.71507286516704,0.514001472077864,0.47405528865833,0.618793054391939,0.618793054391939,"gpath_trio"
"2839","CYTIP","Exc L3-4 RORB CUX2",-0.0430991439306602,-0.795440040336719,0.124750651548519,0.724224259859265,0.829182079381246,0.829182079381246,"gpath_trio"
"2840","ACVR1C","Exc L3-4 RORB CUX2",-0.100233106172714,4.73593467923937,4.65541915297686,0.0318717744587661,0.0764823050091469,0.0764823050091469,"gpath_trio"
"2841","AC019186.1","Exc L3-4 RORB CUX2",0.177218531931732,0.93858618496775,8.69129567736797,0.00348800487716577,0.0122319656521501,0.0122319656521501,"gpath_trio"
"2842","ACVR1","Exc L3-4 RORB CUX2",0.0309731471121243,4.67547623160857,1.51060057711789,0.270805660048992,0.410234584133385,0.410234584133385,"gpath_trio"
"2843","UPP2","Exc L3-4 RORB CUX2",0.0951304879948714,6.79777336346615,7.78719930505689,0.00565161563210231,0.0184620054044145,0.0184620054044145,"gpath_trio"
"2844","CCDC148-AS1","Exc L3-4 RORB CUX2",-0.223472765223966,0.732544739937403,8.2658678163954,0.0043740805175097,0.0147966254930849,0.0147966254930849,"gpath_trio"
"2845","CCDC148","Exc L3-4 RORB CUX2",0.0858018152402103,5.51223775019439,10.422328864892,0.00140494600345387,0.0056486220844324,0.0056486220844324,"gpath_trio"
"2846","PKP4","Exc L3-4 RORB CUX2",0.0911496285838478,8.31081995119347,27.4262012264119,3.3714181502674e-07,3.95685638054944e-06,3.95685638054944e-06,"gpath_trio"
"2847","PKP4-AS1","Exc L3-4 RORB CUX2",-0.325911397305057,0.562520896515458,16.4440163231489,6.6269879368975e-05,0.000410121109284991,0.000410121109284991,"gpath_trio"
"2848","DAPL1","Exc L3-4 RORB CUX2",-0.177778646308038,0.644957383936552,6.93432030012372,0.00896219460813024,0.0270110959395022,0.0270110959395022,"gpath_trio"
"2849","TANC1","Exc L3-4 RORB CUX2",0.436692148335786,-0.577892680387783,2.87777318661777,0.0910069729496308,0.177346245461103,0.177346245461103,"gpath_trio"
"2850","WDSUB1","Exc L3-4 RORB CUX2",0.022402321791964,5.65194825513101,0.792574681162117,0.374145740067578,0.522416105326555,0.522416105326555,"gpath_trio"
"2851","BAZ2B","Exc L3-4 RORB CUX2",0.119215431407125,7.48393353277958,45.5701062143756,9.55786961496759e-11,2.72000046497421e-09,2.72000046497421e-09,"gpath_trio"
"2852","AC009506.1","Exc L3-4 RORB CUX2",-0.154800765058654,-0.393004759680859,2.52582447066741,0.185023009572735,0.306850737207557,0.306850737207557,"gpath_trio"
"2853","AC009961.1","Exc L3-4 RORB CUX2",0.0847345157306553,4.63563121046569,13.4479246722318,0.00029741372169506,0.00150271020165235,0.00150271020165235,"gpath_trio"
"2854","MARCH7","Exc L3-4 RORB CUX2",0.0248756031242413,6.3902186008807,3.02096537031926,0.083378419187801,0.165733272902527,0.165733272902527,"gpath_trio"
"2855","LY75-CD302","Exc L3-4 RORB CUX2",-0.176019039603258,-0.837817568574754,2.03817623008639,0.154593396080486,0.26719385959887,0.26719385959887,"gpath_trio"
"2856","PLA2R1","Exc L3-4 RORB CUX2",0.0598340850279411,5.88567525709209,4.68028286663685,0.0314219732282843,0.0755678042532645,0.0755678042532645,"gpath_trio"
"2857","ITGB6","Exc L3-4 RORB CUX2",-0.0313666948836982,-0.682763651457073,0.0656208001817922,0.798025549596248,0.882104178342335,0.882104178342335,"gpath_trio"
"2858","LINC02478","Exc L3-4 RORB CUX2",0.0750222561531968,0.989737119237506,1.13154284217381,0.930814194369602,0.965907641775883,0.965907641775883,"gpath_trio"
"2859","RBMS1","Exc L3-4 RORB CUX2",0.0854619809103167,6.67000013699717,10.4767376341211,0.0013657361207035,0.0055228956173969,0.0055228956173969,"gpath_trio"
"2860","AC009313.1","Exc L3-4 RORB CUX2",0.0605000749339319,0.514154632839377,0.486300928762596,0.486205105915739,0.629722540402519,0.629722540402519,"gpath_trio"
"2861","TANK","Exc L3-4 RORB CUX2",0.0858330422802609,5.79823798680527,24.7028709865323,1.21470014412479e-06,1.23833124849508e-05,1.23833124849508e-05,"gpath_trio"
"2862","AC009299.3","Exc L3-4 RORB CUX2",-0.061015630856217,0.704183335888132,0.808086046050494,0.369518449311094,0.518034515659185,0.518034515659185,"gpath_trio"
"2863","PSMD14","Exc L3-4 RORB CUX2",0.014980319803271,5.935615669814,0.753555571496959,0.3861533508873,0.534374364095705,0.534374364095705,"gpath_trio"
"2864","TBR1","Exc L3-4 RORB CUX2",0.129698824783183,3.51725623535197,9.6678541431353,0.00208374076121749,0.00790215598826369,0.00790215598826369,"gpath_trio"
"2865","SLC4A10","Exc L3-4 RORB CUX2",0.0873706249468099,9.49288508698764,47.3867255160849,4.35347571049294e-11,1.37022421933222e-09,1.37022421933222e-09,"gpath_trio"
"2866","DPP4","Exc L3-4 RORB CUX2",-0.0544723427184157,3.53837055263781,0.678873054121447,0.410730201802948,0.558990948554673,0.558990948554673,"gpath_trio"
"2867","AC007750.1","Exc L3-4 RORB CUX2",-0.0512606066224425,-1.04778841206551,0.134478762061033,0.71413101724977,0.82160089376221,0.82160089376221,"gpath_trio"
"2868","FAP","Exc L3-4 RORB CUX2",0.0976432500837558,4.32211223002159,4.12678947142787,0.0432263935928323,0.0980518522045108,0.0980518522045108,"gpath_trio"
"2869","IFIH1","Exc L3-4 RORB CUX2",0.0388448010141081,0.702427330348039,0.160429461294481,0.689090342418233,0.801799276676155,0.801799276676155,"gpath_trio"
"2870","GCA","Exc L3-4 RORB CUX2",-0.0652922901771714,4.40886781110171,5.59559547675345,0.0187399915139367,0.0496167098154426,0.0496167098154426,"gpath_trio"
"2871","KCNH7","Exc L3-4 RORB CUX2",0.228777201752796,9.382555781342,86.5269814403906,5.90397596026694e-18,1.00094718486038e-15,1.00094718486038e-15,"gpath_trio"
"2872","AC011900.1","Exc L3-4 RORB CUX2",-0.191496677853487,2.74468288055065,14.4611330828071,0.000178356667139354,0.000963412519286871,0.000963412519286871,"gpath_trio"
"2873","FIGN","Exc L3-4 RORB CUX2",0.0161095730925571,6.04023524110964,0.139945471032345,0.70864011222161,0.817334453697175,0.817334453697175,"gpath_trio"
"2874","AC016766.1","Exc L3-4 RORB CUX2",-0.0846779237671498,1.36321663685098,2.02143344295522,0.156291064852901,0.269594069203768,0.269594069203768,"gpath_trio"
"2875","GRB14","Exc L3-4 RORB CUX2",0.140193050776737,5.72594573385477,11.0235198398956,0.001028485644409,0.0043436671291504,0.0043436671291504,"gpath_trio"
"2876","COBLL1","Exc L3-4 RORB CUX2",0.132710463444185,5.6839531289311,7.25301318188697,0.00753839637851985,0.0233728518421143,0.0233728518421143,"gpath_trio"
"2877","AC019197.1","Exc L3-4 RORB CUX2",-0.0787802418413846,4.66348041492902,4.17425678694145,0.0420508013537103,0.0959591581620977,0.0959591581620977,"gpath_trio"
"2878","SLC38A11","Exc L3-4 RORB CUX2",0.0720866431124897,7.33894792309606,2.18283325461129,0.140767579770365,0.248942662215406,0.248942662215406,"gpath_trio"
"2879","SCN3A","Exc L3-4 RORB CUX2",0.107728797753959,7.97426234504616,42.5885012545977,3.51501661218504e-10,8.62798661018679e-09,8.62798661018679e-09,"gpath_trio"
"2880","SCN2A","Exc L3-4 RORB CUX2",0.0418377054251418,8.86737014146871,12.4815800155188,0.000486185653964228,0.00228963481996459,0.00228963481996459,"gpath_trio"
"2881","CSRNP3","Exc L3-4 RORB CUX2",0.0396971630824108,8.49773015315662,12.9006181491221,0.000392682988421043,0.0019080874979274,0.0019080874979274,"gpath_trio"
"2882","GALNT3","Exc L3-4 RORB CUX2",0.0163933968075905,3.60252306372204,0.217417133617176,0.907419274066264,0.952718408200494,0.952718408200494,"gpath_trio"
"2883","AC009495.3","Exc L3-4 RORB CUX2",0.121547397729528,0.654376676683409,3.08124550242348,0.207038467591753,0.334481188634179,0.334481188634179,"gpath_trio"
"2884","AC009495.1","Exc L3-4 RORB CUX2",0.030264493790929,2.33264615004974,0.165606629528686,0.684381021368085,0.798022604675824,0.798022604675824,"gpath_trio"
"2885","TTC21B","Exc L3-4 RORB CUX2",0.0272231903497178,6.6946170416161,2.84348760239585,0.0929443865355005,0.180128076929976,0.180128076929976,"gpath_trio"
"2886","AC010127.1","Exc L3-4 RORB CUX2",0.0455717773424781,5.92922330475719,0.66526829213975,0.415452727150514,0.56378279210746,0.56378279210746,"gpath_trio"
"2887","SCN1A","Exc L3-4 RORB CUX2",0.0729579714105495,8.7622586627863,9.70702483290602,0.00204137114108957,0.00776922519741218,0.00776922519741218,"gpath_trio"
"2888","SCN9A","Exc L3-4 RORB CUX2",0.157162453989809,4.39080183886662,11.1185121323219,0.0009791896248642,0.00416893489509406,0.00416893489509406,"gpath_trio"
"2889","SCN7A","Exc L3-4 RORB CUX2",0.232691016652149,2.31228912616028,4.81960099780012,0.0290218675272513,0.0707145141741902,0.0707145141741902,"gpath_trio"
"2890","XIRP2","Exc L3-4 RORB CUX2",-0.225333606842965,1.74273824667136,20.7781065110353,7.94332799101889e-06,6.44377330996405e-05,6.44377330996405e-05,"gpath_trio"
"2891","AC073050.1","Exc L3-4 RORB CUX2",0.156314007382056,8.0194987626091,58.9860135271997,3.23381850970215e-13,1.68150227920724e-11,1.68150227920724e-11,"gpath_trio"
"2892","AC016723.1","Exc L3-4 RORB CUX2",-0.305498438731866,3.24477086374947,55.4303907503969,1.42300446854623e-12,6.51000343603631e-11,6.51000343603631e-11,"gpath_trio"
"2893","B3GALT1","Exc L3-4 RORB CUX2",-0.00374394275764952,2.65494288753386,0.00988821039338317,0.920865961542247,0.959681325177686,0.959681325177686,"gpath_trio"
"2894","STK39","Exc L3-4 RORB CUX2",0.0325469265889539,7.38663459085594,4.23668492856225,0.0405559077230694,0.0933077247477393,0.0933077247477393,"gpath_trio"
"2895","CERS6","Exc L3-4 RORB CUX2",0.0911566741611985,8.83458241535375,34.1070833115903,1.5518312198646e-08,2.57045934817474e-07,2.57045934817474e-07,"gpath_trio"
"2896","NOSTRIN","Exc L3-4 RORB CUX2",-0.163136686120339,0.274363532354774,3.7965082409692,0.0524353070756103,0.114466169554154,0.114466169554154,"gpath_trio"
"2897","SPC25","Exc L3-4 RORB CUX2",0.0781806747654596,2.30605887342672,1.31797361788097,0.252011201288459,0.388472340005705,0.388472340005705,"gpath_trio"
"2898","AC093899.2","Exc L3-4 RORB CUX2",-0.012682736038834,-0.190614385500551,0.0189578331630466,0.935042062565355,0.968849756676906,0.968849756676906,"gpath_trio"
"2899","KLHL41","Exc L3-4 RORB CUX2",-0.12866951988879,-0.468337105629303,1.62470187874619,0.203575360480198,0.33010230651728,0.33010230651728,"gpath_trio"
"2900","FASTKD1","Exc L3-4 RORB CUX2",-0.0359725911409795,6.37765638312352,4.59704004974657,0.0329546783949626,0.078611201220451,0.078611201220451,"gpath_trio"
"2901","PPIG","Exc L3-4 RORB CUX2",-0.0466759514653188,6.90812583239689,7.63514111128533,0.00613314000327403,0.0197472230395872,0.0197472230395872,"gpath_trio"
"2902","CCDC173","Exc L3-4 RORB CUX2",-0.0157174584927819,2.72795402907778,0.0681020742956423,0.794327044748366,0.880137748670819,0.880137748670819,"gpath_trio"
"2903","KLHL23","Exc L3-4 RORB CUX2",0.0375004625065951,6.12165034556665,2.94446181225115,0.0873635551944726,0.17190673227821,0.17190673227821,"gpath_trio"
"2904","SSB","Exc L3-4 RORB CUX2",-0.149857994773491,5.30479905471998,45.0178390673745,1.21518542937332e-10,3.34923033300637e-09,3.34923033300637e-09,"gpath_trio"
"2905","METTL5","Exc L3-4 RORB CUX2",0.019311376388634,4.14085805530805,0.600805909895541,0.438975060295467,0.585696834962042,0.585696834962042,"gpath_trio"
"2906","UBR3","Exc L3-4 RORB CUX2",0.0188966838203791,8.21943364320427,1.73812313251398,0.188536994337899,0.311052181241916,0.311052181241916,"gpath_trio"
"2907","MYO3B","Exc L3-4 RORB CUX2",-0.131123199076913,1.55791205999141,7.54175259905064,0.00644957948803082,0.0205756271617682,0.0205756271617682,"gpath_trio"
"2908","AC012594.1","Exc L3-4 RORB CUX2",-0.131688893033477,-0.44151302898837,1.79089993319109,0.181985669954001,0.302984064311105,0.302984064311105,"gpath_trio"
"2909","AC007277.1","Exc L3-4 RORB CUX2",0.00522739823721539,0.6502536700427,0.00537685206265962,0.941602267732576,0.9714917596091,0.9714917596091,"gpath_trio"
"2910","AC007405.1","Exc L3-4 RORB CUX2",-0.00223314919679776,1.56099930686866,0.00149977266482369,0.969137845886486,0.984013892338191,0.984013892338191,"gpath_trio"
"2911","AC007405.3","Exc L3-4 RORB CUX2",-0.154207298304624,1.10992568937289,7.74781556094893,0.0057724793993903,0.018774749618362,0.018774749618362,"gpath_trio"
"2912","ERICH2","Exc L3-4 RORB CUX2",-0.080383176048035,1.0668860738748,1.91473432403639,0.167625057960836,0.284140106230874,0.284140106230874,"gpath_trio"
"2913","GORASP2","Exc L3-4 RORB CUX2",-0.0304247154121694,4.56144900588352,2.27323674480661,0.132838813082798,0.238584799603441,0.238584799603441,"gpath_trio"
"2914","TLK1","Exc L3-4 RORB CUX2",0.0227660335298745,7.37797301701176,1.75329686338652,0.186625646201088,0.308772544866897,0.308772544866897,"gpath_trio"
"2915","METTL8","Exc L3-4 RORB CUX2",0.113501833404996,4.82019883756971,27.1869421145535,3.77079320102143e-07,4.35465099202103e-06,4.35465099202103e-06,"gpath_trio"
"2916","DCAF17","Exc L3-4 RORB CUX2",0.0479958171042932,4.18571342543402,4.34106019288182,0.0381805672707482,0.0888150518491115,0.0888150518491115,"gpath_trio"
"2917","DYNC1I2","Exc L3-4 RORB CUX2",-0.0257823597329194,6.8312660263227,1.11406368683482,0.292180058689821,0.43481099683316,0.43481099683316,"gpath_trio"
"2918","SLC25A12","Exc L3-4 RORB CUX2",0.0761292617260997,8.09073704431526,40.7490670645626,7.90748553313645e-10,1.79049967038191e-08,1.79049967038191e-08,"gpath_trio"
"2919","HAT1","Exc L3-4 RORB CUX2",-0.12559314525483,4.52075276898865,16.7006314736834,5.8356366809299e-05,0.00036768885083623,0.00036768885083623,"gpath_trio"
"2920","METAP1D","Exc L3-4 RORB CUX2",0.0448941552820823,4.01585322310719,2.46204312982451,0.117843142850904,0.217024885215653,0.217024885215653,"gpath_trio"
"2921","AC104088.1","Exc L3-4 RORB CUX2",-0.117184643568976,0.531622493794807,2.37968641252334,0.124138398529453,0.226037201293475,0.226037201293475,"gpath_trio"
"2922","AC078883.1","Exc L3-4 RORB CUX2",0.0270229195623655,1.72850717730457,0.181197932556382,0.670697902523293,0.787543784155543,0.787543784155543,"gpath_trio"
"2923","PDK1","Exc L3-4 RORB CUX2",-0.0276030334104292,4.26614338782571,0.776280460496556,0.379094835199377,0.527246539373186,0.527246539373186,"gpath_trio"
"2924","RAPGEF4-AS1","Exc L3-4 RORB CUX2",0.038916119987473,3.81199315229032,1.64313747233708,0.201037381003035,0.326932868107064,0.326932868107064,"gpath_trio"
"2925","RAPGEF4","Exc L3-4 RORB CUX2",0.0453552578800231,8.27518630484533,8.32950138484816,0.00422811994245921,0.0144058886362981,0.0144058886362981,"gpath_trio"
"2926","MAP3K20","Exc L3-4 RORB CUX2",0.111360492356175,4.76003711084779,7.91428572088706,0.00527902514343886,0.0174179098942861,0.0174179098942861,"gpath_trio"
"2927","MAP3K20-AS1","Exc L3-4 RORB CUX2",-0.112734750793116,0.528692662362296,2.86005096693608,0.0920028542064517,0.178814064737578,0.178814064737578,"gpath_trio"
"2928","SP3","Exc L3-4 RORB CUX2",0.0129032085317785,5.59486431484269,0.536903039568067,0.464379095360282,0.609942822364619,0.609942822364619,"gpath_trio"
"2929","OLA1","Exc L3-4 RORB CUX2",0.0385852822673497,7.09499135730484,6.63430410922533,0.0105563287453026,0.0309420212750952,0.0309420212750952,"gpath_trio"
"2930","CIR1","Exc L3-4 RORB CUX2",-0.0591126288443529,5.31373607296066,8.96284310381406,0.00302067016974161,0.0108317670451739,0.0108317670451739,"gpath_trio"
"2931","SCRN3","Exc L3-4 RORB CUX2",-0.041992724326295,4.79214423608068,1.74981183090886,0.187062624579888,0.30931796171619,0.30931796171619,"gpath_trio"
"2932","GPR155","Exc L3-4 RORB CUX2",0.0387552197766244,6.96020638261326,5.35628651270552,0.0214273803232977,0.0553092883856872,0.0553092883856872,"gpath_trio"
"2933","AC010894.3","Exc L3-4 RORB CUX2",-0.177060843561357,4.20695451704783,24.8490100374555,1.13347888278617e-06,1.16080895737112e-05,1.16080895737112e-05,"gpath_trio"
"2934","CHRNA1","Exc L3-4 RORB CUX2",-0.129345924560682,0.551356023669841,2.22242803992412,0.137231149469436,0.244480614729521,0.244480614729521,"gpath_trio"
"2935","CHN1","Exc L3-4 RORB CUX2",-0.139243308891778,9.92408048607866,59.823564269248,2.28702609568626e-13,1.25382476849104e-11,1.25382476849104e-11,"gpath_trio"
"2936","ATF2","Exc L3-4 RORB CUX2",0.0418615058613577,6.6513098097953,8.14936297264583,0.00465484751706166,0.0156180855906734,0.0156180855906734,"gpath_trio"
"2937","ATP5MC3","Exc L3-4 RORB CUX2",-0.354667335841342,5.15991126061768,117.9339840597,6.69444650136744e-23,4.65725717810649e-20,4.65725717810649e-20,"gpath_trio"
"2938","AC093459.1","Exc L3-4 RORB CUX2",-0.125665719147956,0.0995765424941788,2.81865165566104,0.100774324523549,0.192144333205663,0.192144333205663,"gpath_trio"
"2939","LNPK","Exc L3-4 RORB CUX2",-0.0289856261521673,5.93480110158359,2.63394125131528,0.105813571099924,0.199643579626013,0.199643579626013,"gpath_trio"
"2940","HOXD3","Exc L3-4 RORB CUX2",-0.0817859567862363,-1.72673157054642,0.11828820330295,0.731176511835863,0.834312885373481,0.834312885373481,"gpath_trio"
"2941","MTX2","Exc L3-4 RORB CUX2",0.00788041550215956,6.77747244578918,0.241606462785869,0.623462922183075,0.748533947574597,0.748533947574597,"gpath_trio"
"2942","AC017048.3","Exc L3-4 RORB CUX2",0.0831464653910192,0.718570299999453,0.733049668257967,0.392684809843777,0.54066853467537,0.54066853467537,"gpath_trio"
"2943","LINC01116","Exc L3-4 RORB CUX2",0.148473909387073,2.68889704542404,3.81242406897266,0.0519467909546109,0.113718154026614,0.113718154026614,"gpath_trio"
"2944","LINC01117","Exc L3-4 RORB CUX2",0.00674064516057339,2.49299656662141,0.010815233217467,0.917252446642011,0.958110165915822,0.958110165915822,"gpath_trio"
"2945","AC092162.2","Exc L3-4 RORB CUX2",-0.0932988567357776,0.783493306914034,1.34376373832569,0.247434791715592,0.382701011001121,0.382701011001121,"gpath_trio"
"2946","AC074286.1","Exc L3-4 RORB CUX2",-0.00700743491024987,3.17480489019175,0.015877245159755,0.899825392242356,0.948830674148828,0.948830674148828,"gpath_trio"
"2947","AC079305.3","Exc L3-4 RORB CUX2",0.0778640338022417,2.39883542963725,3.71093567952261,0.141513999676034,0.249982045658347,0.249982045658347,"gpath_trio"
"2948","HNRNPA3","Exc L3-4 RORB CUX2",-0.0422330114197904,6.08574603138124,7.2432131759993,0.00757850769331809,0.0234863890495687,0.0234863890495687,"gpath_trio"
"2949","NFE2L2","Exc L3-4 RORB CUX2",0.0552951007682095,6.24112561097207,9.17491877220906,0.00270056814432392,0.0098577822167062,0.0098577822167062,"gpath_trio"
"2950","AGPS","Exc L3-4 RORB CUX2",0.0428184925769604,5.64050840656119,7.73216822051722,0.00582123303741398,0.0189013709830789,0.0189013709830789,"gpath_trio"
"2951","TTC30B","Exc L3-4 RORB CUX2",-0.084365320098318,0.400730428901553,1.52551264859552,0.217902087111939,0.347468748615505,0.347468748615505,"gpath_trio"
"2952","AC073834.1","Exc L3-4 RORB CUX2",-0.130440987329302,-0.736443061914451,1.09367501881703,0.296629625059756,0.43971364331966,0.43971364331966,"gpath_trio"
"2953","TTC30A","Exc L3-4 RORB CUX2",-0.124588082262426,0.976864340388492,4.64139705457363,0.0321284205804495,0.0769822904050557,0.0769822904050557,"gpath_trio"
"2954","PDE11A-1","Exc L3-4 RORB CUX2",-0.183973978584339,-1.15785226199393,1.98299661753166,0.160269636819698,0.274648766061106,0.274648766061106,"gpath_trio"
"2955","RBM45","Exc L3-4 RORB CUX2",0.0601009974419606,4.45334902407345,5.77575808094039,0.0169495820679858,0.0458162520392198,0.0458162520392198,"gpath_trio"
"2956","OSBPL6","Exc L3-4 RORB CUX2",0.0709545967726943,8.27944314844309,13.539021216629,0.000284004172047186,0.00144728066962667,0.00144728066962667,"gpath_trio"
"2957","AC009948.1","Exc L3-4 RORB CUX2",0.144097757711629,4.26585328194404,26.2862710918498,5.75367030668167e-07,6.31796549737427e-06,6.31796549737427e-06,"gpath_trio"
"2958","PRKRA","Exc L3-4 RORB CUX2",-0.044960546724187,5.57624960283657,3.11791529578049,0.0786094102343197,0.158262134664944,0.158262134664944,"gpath_trio"
"2959","PJVK","Exc L3-4 RORB CUX2",-0.0297408668104299,3.63653601396156,1.02452644657759,0.312388716916732,0.457063047631812,0.457063047631812,"gpath_trio"
"2960","FKBP7","Exc L3-4 RORB CUX2",0.0561634450555063,0.498783688656428,0.619887539291586,0.431806184778423,0.579126565228887,0.579126565228887,"gpath_trio"
"2961","PLEKHA3","Exc L3-4 RORB CUX2",-0.0244222832503445,4.83738337521965,1.75861478842538,0.185961142267863,0.307975611922201,0.307975611922201,"gpath_trio"
"2962","TTN-AS1","Exc L3-4 RORB CUX2",0.184840271427173,7.40610588399038,33.6532567353321,1.90745559410218e-08,3.08851658194313e-07,3.08851658194313e-07,"gpath_trio"
"2963","TTN","Exc L3-4 RORB CUX2",0.0718081624717016,5.6344995360263,1.70033808368154,0.19339700798554,0.317218263098233,0.317218263098233,"gpath_trio"
"2964","CCDC141","Exc L3-4 RORB CUX2",-0.171225880325113,1.54486704838511,2.5592224725099,0.110866874631932,0.207278212927368,0.207278212927368,"gpath_trio"
"2965","SESTD1","Exc L3-4 RORB CUX2",-0.00397421566935212,7.12391599513787,0.0201766115643975,0.887154937240652,0.940928969552631,0.940928969552631,"gpath_trio"
"2966","ZNF385B","Exc L3-4 RORB CUX2",0.123641729517867,9.24254837031135,45.9399183092906,8.14049582401978e-11,2.36649140129105e-09,2.36649140129105e-09,"gpath_trio"
"2967","CWC22","Exc L3-4 RORB CUX2",0.000902891266594832,5.08248596302512,0.00238591126746198,0.974681586714429,0.986564369454325,0.986564369454325,"gpath_trio"
"2968","AC009478.1","Exc L3-4 RORB CUX2",-0.293909389312482,1.5140463047434,21.3754136130533,5.95400073976759e-06,5.01553089456414e-05,5.01553089456414e-05,"gpath_trio"
"2969","SCHLAP1","Exc L3-4 RORB CUX2",0.0314667976892209,6.37549248092474,0.338087422447538,0.561439015765197,0.69723273994172,0.69723273994172,"gpath_trio"
"2970","UBE2E3","Exc L3-4 RORB CUX2",0.0154111097846373,7.39275775965325,0.603644723400065,0.437897038409459,0.584917943336787,0.584917943336787,"gpath_trio"
"2971","AC068196.1","Exc L3-4 RORB CUX2",-0.183976810802039,-0.838983969806429,2.56318850468896,0.110592046753309,0.206841062691017,0.206841062691017,"gpath_trio"
"2972","LINC01934","Exc L3-4 RORB CUX2",0.18801751805594,3.70418416823133,12.9753444471822,0.000378036553913906,0.00184670398915571,0.00184670398915571,"gpath_trio"
"2973","ITGA4","Exc L3-4 RORB CUX2",0.0864855598776002,2.46819451145566,1.95699490123086,0.163026813581187,0.278027554015254,0.278027554015254,"gpath_trio"
"2974","CERKL","Exc L3-4 RORB CUX2",0.0978608075449876,3.70277425526969,6.97805434369563,0.0087514577453383,0.0264748328103464,0.0264748328103464,"gpath_trio"
"2975","AC009962.1","Exc L3-4 RORB CUX2",0.240885087239836,-0.754025548895997,3.96524184425363,0.0474951999379529,0.105751645375588,0.105751645375588,"gpath_trio"
"2976","SSFA2","Exc L3-4 RORB CUX2",0.0227759454715623,5.61213951933025,0.763625163700891,0.383002802318328,0.531143905469636,0.531143905469636,"gpath_trio"
"2977","PPP1R1C","Exc L3-4 RORB CUX2",-0.0181337878326069,0.269341615968578,0.0546748745203646,0.815303605122501,0.89353336572958,0.89353336572958,"gpath_trio"
"2978","PDE1A","Exc L3-4 RORB CUX2",0.0790588432207445,8.47793791278716,4.88334519953692,0.0279885503154222,0.0685784481871964,0.0685784481871964,"gpath_trio"
"2979","DNAJC10","Exc L3-4 RORB CUX2",-0.0349698637741473,5.50530269412491,2.60583384458387,0.107684031092834,0.202453203550268,0.202453203550268,"gpath_trio"
"2980","FRZB","Exc L3-4 RORB CUX2",-0.0476728127938292,1.88642899484138,0.642653883821037,0.423483445213254,0.571681398941278,0.571681398941278,"gpath_trio"
"2981","NCKAP1","Exc L3-4 RORB CUX2",-0.0264571836202855,7.72441344749966,4.39956178685531,0.0369138040041429,0.0864263659955417,0.0864263659955417,"gpath_trio"
"2982","DUSP19","Exc L3-4 RORB CUX2",0.0207656234241308,3.81238133884747,0.389493645333813,0.533112865645389,0.672532910478029,0.672532910478029,"gpath_trio"
"2983","AC064871.1","Exc L3-4 RORB CUX2",-0.215217941608012,0.753316913359639,8.33805836116399,0.00420887659488766,0.0143557202539068,0.0143557202539068,"gpath_trio"
"2984","NUP35","Exc L3-4 RORB CUX2",-0.0251589309583147,3.74905368651937,0.8188434887535,0.366356228812741,0.514423504753414,0.514423504753414,"gpath_trio"
"2985","AC021851.1","Exc L3-4 RORB CUX2",0.152650540811045,0.221587064443741,4.33018922378536,0.0384209698222923,0.0892507848203509,0.0892507848203509,"gpath_trio"
"2986","AC093639.1","Exc L3-4 RORB CUX2",-0.0898784495576833,0.619669698783689,1.02561749947897,0.312131705265655,0.456786388635906,0.456786388635906,"gpath_trio"
"2987","AC096667.1","Exc L3-4 RORB CUX2",-0.210622524060537,1.21764936352208,12.679351591112,0.000439523997257975,0.00210078101034818,0.00210078101034818,"gpath_trio"
"2988","ZNF804A","Exc L3-4 RORB CUX2",0.256935681423647,6.86016759669959,38.6375173642228,2.01993283954746e-09,4.14991293664665e-08,4.14991293664665e-08,"gpath_trio"
"2989","AC007966.1","Exc L3-4 RORB CUX2",0.0630116693086893,2.05001528372152,1.51963498377638,0.21878818639489,0.348496104572628,0.348496104572628,"gpath_trio"
"2990","FSIP2","Exc L3-4 RORB CUX2",-0.0779158673619126,1.82421166575138,0.806666460052537,0.369938590395523,0.518407380789726,0.518407380789726,"gpath_trio"
"2991","FSIP2-AS1","Exc L3-4 RORB CUX2",0.0739657332852146,2.31509729972966,2.92089252663652,0.088632720545107,0.173878368047213,0.173878368047213,"gpath_trio"
"2992","LINC01473","Exc L3-4 RORB CUX2",0.0187100148957642,4.00310511482277,0.422664201123488,0.51618464788827,0.65728510926192,0.65728510926192,"gpath_trio"
"2993","AC017071.1","Exc L3-4 RORB CUX2",0.182659287614591,0.322087259818594,6.13934068979439,0.0138564171447682,0.0387946550128433,0.0387946550128433,"gpath_trio"
"2994","ZC3H15","Exc L3-4 RORB CUX2",-0.112187070871359,5.72856396685302,33.0260887722118,2.53846619563624e-08,3.9486164608297e-07,3.9486164608297e-07,"gpath_trio"
"2995","ITGAV","Exc L3-4 RORB CUX2",0.0144067654787747,4.91898763152602,0.215616534853365,0.642788954015351,0.764367979916286,0.764367979916286,"gpath_trio"
"2996","AC017101.1","Exc L3-4 RORB CUX2",-0.28069064784911,1.54380024967635,22.1588731471949,4.08509515295984e-06,3.592711190539e-05,3.592711190539e-05,"gpath_trio"
"2997","FAM171B","Exc L3-4 RORB CUX2",0.0371151484087694,6.77919213319356,6.64855776647653,0.0140166638584969,0.0392042318516025,0.0392042318516025,"gpath_trio"
"2998","ZSWIM2","Exc L3-4 RORB CUX2",-0.00150606139310217,-0.215848169716753,0.000354458200078615,0.984993505907383,0.992465221347411,0.992465221347411,"gpath_trio"
"2999","AC007319.1","Exc L3-4 RORB CUX2",0.181916678830446,4.09854489106025,2.74060709895742,0.0990340269993659,0.18954667438689,0.18954667438689,"gpath_trio"
"3000","CALCRL","Exc L3-4 RORB CUX2",-0.112492872061651,3.37066956828436,2.22190293856167,0.137277388923402,0.244484525140502,0.244484525140502,"gpath_trio"
"3001","TFPI","Exc L3-4 RORB CUX2",-0.0786313232973223,-0.290243944060068,0.414039903051564,0.520493215529324,0.661310575181315,0.661310575181315,"gpath_trio"
"3002","LINC01090","Exc L3-4 RORB CUX2",-0.0560682303789801,4.6808876831841,1.27851592754444,0.259217063774148,0.396881627766196,0.396881627766196,"gpath_trio"
"3003","GULP1","Exc L3-4 RORB CUX2",0.0292799971171321,8.24523120285557,0.856909063110284,0.355463502627092,0.503226171181081,0.503226171181081,"gpath_trio"
"3004","DIRC1","Exc L3-4 RORB CUX2",-0.0946481067290729,-1.29775838009748,0.369014664734296,0.544072010957453,0.682500330850377,0.682500330850377,"gpath_trio"
"3005","COL5A2","Exc L3-4 RORB CUX2",0.0573719390543912,8.4079154866925,2.6874564664708,0.10235049612069,0.194656981451256,0.194656981451256,"gpath_trio"
"3006","WDR75","Exc L3-4 RORB CUX2",-0.0385454528399833,5.40966770742314,4.20440836022834,0.0413216548332243,0.0946915477351545,0.0946915477351545,"gpath_trio"
"3007","ASNSD1","Exc L3-4 RORB CUX2",-0.0724564623008547,4.10906902215784,9.82894514335432,0.00191503784860433,0.00735221476604991,0.00735221476604991,"gpath_trio"
"3008","ANKAR","Exc L3-4 RORB CUX2",0.091604358390211,5.5197709045655,18.9497197478662,1.93110520317872e-05,0.000139992984096768,0.000139992984096768,"gpath_trio"
"3009","OSGEPL1","Exc L3-4 RORB CUX2",-0.0528861234000507,2.63084360135676,1.9809943928244,0.16048003997667,0.274845908873456,0.274845908873456,"gpath_trio"
"3010","OSGEPL1-AS1","Exc L3-4 RORB CUX2",0.0611730287059017,1.52732372546142,1.63624733171043,0.201981525168942,0.328203710557619,0.328203710557619,"gpath_trio"
"3011","AC013468.1","Exc L3-4 RORB CUX2",-0.0795029704562802,0.6172665033801,1.10511462648026,0.425018640190395,0.573331844466516,0.573331844466516,"gpath_trio"
"3012","ORMDL1","Exc L3-4 RORB CUX2",-0.0582729068943783,5.41548420608468,5.05543363382117,0.0253867421156497,0.0634354127053792,0.0634354127053792,"gpath_trio"
"3013","PMS1","Exc L3-4 RORB CUX2",0.0164236126108305,6.14919951767749,1.14722499313141,0.285124029927628,0.426602773407936,0.426602773407936,"gpath_trio"
"3014","C2orf88","Exc L3-4 RORB CUX2",0.0485299841861759,4.64857104557334,2.5248130519953,0.113283273497944,0.210430904647569,0.210430904647569,"gpath_trio"
"3015","MSTN","Exc L3-4 RORB CUX2",0.171619562850232,0.489864570296483,5.11522223750088,0.0245430879786498,0.0616556842198058,0.0616556842198058,"gpath_trio"
"3016","HIBCH","Exc L3-4 RORB CUX2",0.24251605138497,6.79857735354854,87.2970734862485,4.40975550933303e-18,8.01502859466611e-16,8.01502859466611e-16,"gpath_trio"
"3017","INPP1","Exc L3-4 RORB CUX2",-0.0832381146368781,4.46850309050622,5.21331629998428,0.0232217660611431,0.0589808288051346,0.0589808288051346,"gpath_trio"
"3018","MFSD6","Exc L3-4 RORB CUX2",0.0321533647601831,6.33783491222074,3.35317989568079,0.0682195829185854,0.141394091368652,0.141394091368652,"gpath_trio"
"3019","NEMP2","Exc L3-4 RORB CUX2",0.120863349179896,0.34721055329114,2.58482890060475,0.109105673361718,0.204535119872947,0.204535119872947,"gpath_trio"
"3020","AC108047.1","Exc L3-4 RORB CUX2",0.0843441057735361,4.36206350485533,9.56473903387048,0.00219962318396928,0.00827679024129989,0.00827679024129989,"gpath_trio"
"3021","NAB1","Exc L3-4 RORB CUX2",0.0224638106817982,5.03249841917062,0.675981957867313,0.411727095342269,0.55989445595378,0.55989445595378,"gpath_trio"
"3022","AC006460.1","Exc L3-4 RORB CUX2",-0.23813700827582,0.0135686417564133,6.63041709407629,0.0105788021263115,0.0309898842599584,0.0309898842599584,"gpath_trio"
"3023","GLS","Exc L3-4 RORB CUX2",0.0150262522289364,8.33414211054212,0.937939750471802,0.333708250935727,0.480199492246322,0.480199492246322,"gpath_trio"
"3024","STAT1","Exc L3-4 RORB CUX2",-0.0555389902443473,4.28072514375315,1.81715778795614,0.17882520584014,0.298980569141031,0.298980569141031,"gpath_trio"
"3025","STAT4","Exc L3-4 RORB CUX2",0.0145557823575235,7.29232067556247,0.522462792141396,0.470442682784168,0.61572380585177,0.61572380585177,"gpath_trio"
"3026","AC092614.1","Exc L3-4 RORB CUX2",-0.00650280901430728,-0.123966427260077,0.0042211250454133,0.948247662666979,0.974773086431586,0.974773086431586,"gpath_trio"
"3027","MYO1B","Exc L3-4 RORB CUX2",0.003738558542905,5.35517144192319,0.0115759741747952,0.91440255532869,0.956800557738516,0.956800557738516,"gpath_trio"
"3028","NABP1","Exc L3-4 RORB CUX2",0.154252210901641,1.34633610939937,7.42396990728857,0.00687275326085092,0.0216586267569029,0.0216586267569029,"gpath_trio"
"3029","AC098617.1","Exc L3-4 RORB CUX2",-0.277492387734893,2.01000615206898,17.6266291624019,3.6944099012338e-05,0.000247131033678355,0.000247131033678355,"gpath_trio"
"3030","TMEFF2","Exc L3-4 RORB CUX2",0.134620255966056,7.75548813701705,31.0373630473047,6.3143677297664e-08,8.88370773696214e-07,8.88370773696214e-07,"gpath_trio"
"3031","LINC01821","Exc L3-4 RORB CUX2",0.132588633606392,3.97172234938623,4.29061518668347,0.039309693502257,0.0909904849022526,0.0909904849022526,"gpath_trio"
"3032","AC010983.1","Exc L3-4 RORB CUX2",0.183426885017108,0.0637543212059254,2.20265428923907,0.138984568667111,0.246621295640104,0.246621295640104,"gpath_trio"
"3033","AC064834.1","Exc L3-4 RORB CUX2",-0.00567486900396297,1.52205886456949,0.00185744580503467,0.965656416278093,0.982284082236269,0.982284082236269,"gpath_trio"
"3034","LINC01827","Exc L3-4 RORB CUX2",-0.20370657041311,0.0693712945671812,2.6404291286476,0.105386931634386,0.199064383698661,0.199064383698661,"gpath_trio"
"3035","SLC39A10","Exc L3-4 RORB CUX2",-0.0218168149308245,7.7197312155925,1.10199193202943,0.294804118029318,0.437811783676223,0.437811783676223,"gpath_trio"
"3036","DNAH7","Exc L3-4 RORB CUX2",-0.0131038251937502,6.64854942280366,0.237209687803629,0.626639064778583,0.751119621297573,0.751119621297573,"gpath_trio"
"3037","STK17B","Exc L3-4 RORB CUX2",0.0409723023506774,1.9937625958423,0.419219683709166,0.517897923570358,0.658759889542398,0.658759889542398,"gpath_trio"
"3038","AC114760.2","Exc L3-4 RORB CUX2",-0.649520351680269,-0.972703233669687,17.50371065417,3.92494836741285e-05,0.000260737021114765,0.000260737021114765,"gpath_trio"
"3039","HECW2","Exc L3-4 RORB CUX2",0.0952236545428598,8.5459334351771,63.5901903617091,4.87429743375902e-14,3.10217510176934e-12,3.10217510176934e-12,"gpath_trio"
"3040","CCDC150","Exc L3-4 RORB CUX2",-0.0221429341798103,1.60720602992641,0.17838721762576,0.696711818132218,0.808057541294482,0.808057541294482,"gpath_trio"
"3041","GTF3C3","Exc L3-4 RORB CUX2",0.0567810099247874,4.68131099168157,8.47808605210802,0.00390641788070952,0.0134560322252543,0.0134560322252543,"gpath_trio"
"3042","C2orf66","Exc L3-4 RORB CUX2",0.121464412106682,-1.29614472227891,0.64653066216821,0.422090333981396,0.570335040390775,0.570335040390775,"gpath_trio"
"3043","PGAP1","Exc L3-4 RORB CUX2",0.0193967431323851,5.96519157812169,0.35299689747178,0.552938126890614,0.690274531898901,0.690274531898901,"gpath_trio"
"3044","ANKRD44","Exc L3-4 RORB CUX2",0.0328546414133802,5.64497236631734,0.634888128574229,0.426294935886718,0.57436225000097,0.57436225000097,"gpath_trio"
"3045","SF3B1","Exc L3-4 RORB CUX2",0.0217305989501155,6.11629290797731,1.26921004682148,0.260953619161317,0.39896478225065,0.39896478225065,"gpath_trio"
"3046","COQ10B","Exc L3-4 RORB CUX2",-0.105583421237497,4.24677301991308,26.2591132085301,5.82760959780856e-07,6.39325849025491e-06,6.39325849025491e-06,"gpath_trio"
"3047","HSPD1","Exc L3-4 RORB CUX2",-0.0197577699603734,5.21312713590408,0.479926130830279,0.489074069860569,0.632544993873772,0.632544993873772,"gpath_trio"
"3048","HSPE1-MOB4","Exc L3-4 RORB CUX2",0.163156832194425,1.18380070391051,5.77047951596551,0.0169994283286088,0.0459244063376652,0.0459244063376652,"gpath_trio"
"3049","MOB4","Exc L3-4 RORB CUX2",-0.160025515162346,4.07483811830314,49.5645159059363,1.70760011831196e-11,6.0497654724872e-10,6.0497654724872e-10,"gpath_trio"
"3050","AC011997.1","Exc L3-4 RORB CUX2",0.056948214653545,5.10768696631288,4.54839183646676,0.0338866033969537,0.0804687174592209,0.0804687174592209,"gpath_trio"
"3051","BOLL","Exc L3-4 RORB CUX2",-0.000505179588342675,-0.85312145814808,0.000330692325552983,0.985505257229599,0.992639469026818,0.992639469026818,"gpath_trio"
"3052","PLCL1","Exc L3-4 RORB CUX2",0.122568158830075,8.59371556157497,48.3378029744577,2.89026459717504e-11,9.59063951447476e-10,9.59063951447476e-10,"gpath_trio"
"3053","LINC01923","Exc L3-4 RORB CUX2",0.165610597512301,3.92862074458826,15.9890138564732,8.30745874633349e-05,0.00049681430569186,0.00049681430569186,"gpath_trio"
"3054","AC019330.1","Exc L3-4 RORB CUX2",0.101624426748954,3.31024881285165,5.55557965665316,0.0191636902721232,0.0505395361098152,0.0505395361098152,"gpath_trio"
"3055","AC020718.1","Exc L3-4 RORB CUX2",0.13403486481532,2.52313358764253,7.00564312454646,0.00862115136082521,0.0261315698174051,0.0261315698174051,"gpath_trio"
"3056","SATB2","Exc L3-4 RORB CUX2",0.0802921819116202,8.63099890513393,27.6829120887727,2.99023775786947e-07,3.56970690917258e-06,3.56970690917258e-06,"gpath_trio"
"3057","AC016746.1","Exc L3-4 RORB CUX2",-0.222889357927679,0.0514787798050037,5.55719371843876,0.0191464087432594,0.0505071648006352,0.0505071648006352,"gpath_trio"
"3058","SATB2-AS1","Exc L3-4 RORB CUX2",-0.0635022793365632,3.92979338320645,6.80266936050065,0.00962871226733481,0.0286729549805874,0.0286729549805874,"gpath_trio"
"3059","FTCDNL1","Exc L3-4 RORB CUX2",0.0956050694692512,5.80741467764274,11.4484320068652,0.000825900995036213,0.00359649310918532,0.00359649310918532,"gpath_trio"
"3060","C2orf69","Exc L3-4 RORB CUX2",-0.0537530189866701,4.86826497507908,7.73246465875363,0.00582030548269953,0.0189013709830789,0.0189013709830789,"gpath_trio"
"3061","TYW5","Exc L3-4 RORB CUX2",0.0473245281414057,4.40252917513706,3.17805617952067,0.075800145045719,0.153946624364376,0.153946624364376,"gpath_trio"
"3062","MAIP1","Exc L3-4 RORB CUX2",0.0605949800559489,4.78647046262477,5.73516807803347,0.0173368186291917,0.0466547039941234,0.0466547039941234,"gpath_trio"
"3063","SPATS2L","Exc L3-4 RORB CUX2",0.0904181789126441,7.73538131601818,22.2661085102758,3.88026176175774e-06,3.43653560331266e-05,3.43653560331266e-05,"gpath_trio"
"3064","KCTD18","Exc L3-4 RORB CUX2",0.00374553978699957,3.59007495315515,0.0161837279877825,0.984482587241397,0.992134637067724,0.992134637067724,"gpath_trio"
"3065","SGO2","Exc L3-4 RORB CUX2",-0.028844957766417,2.69719498630317,0.498722514521783,0.480694287666465,0.624027234648409,0.624027234648409,"gpath_trio"
"3066","AC007163.1","Exc L3-4 RORB CUX2",-0.288386845560825,0.976416655516886,11.0620928136312,0.00100817047770624,0.00427013289098619,0.00427013289098619,"gpath_trio"
"3067","BZW1","Exc L3-4 RORB CUX2",-0.133581527006858,3.57383478055817,23.9831440891735,1.7092532256826e-06,1.66993626286424e-05,1.66993626286424e-05,"gpath_trio"
"3068","CLK1","Exc L3-4 RORB CUX2",-0.00103040908157455,5.54392683623345,0.00110953677102016,0.973453166962347,0.985813037721456,0.985813037721456,"gpath_trio"
"3069","PPIL3","Exc L3-4 RORB CUX2",-0.138595409306532,4.49193657709293,31.2399787001806,5.75247364848355e-08,8.19302781312012e-07,8.19302781312012e-07,"gpath_trio"
"3070","NIF3L1","Exc L3-4 RORB CUX2",-0.120895708700083,3.3309487519871,16.8115384690593,5.523920319969e-05,0.000351229412087534,0.000351229412087534,"gpath_trio"
"3071","ORC2","Exc L3-4 RORB CUX2",0.0215096985676925,6.27435969670938,2.32749747969213,0.128321526901632,0.23203385313596,0.23203385313596,"gpath_trio"
"3072","AC005037.1","Exc L3-4 RORB CUX2",-0.0815169116941503,3.5985787485629,7.28843197535197,0.00739524017415233,0.0229822487203978,0.0229822487203978,"gpath_trio"
"3073","FAM126B","Exc L3-4 RORB CUX2",-0.0175779866791978,7.28010729174518,1.29241672928523,0.256649701415963,0.393907016056832,0.393907016056832,"gpath_trio"
"3074","NDUFB3","Exc L3-4 RORB CUX2",-0.296415465946869,3.61713762606959,65.9339828531261,1.88097662290394e-14,1.33153345147673e-12,1.33153345147673e-12,"gpath_trio"
"3075","CFLAR","Exc L3-4 RORB CUX2",0.0949806070499827,2.7667186569251,3.18010028447244,0.0757065906278558,0.153799261496022,0.153799261496022,"gpath_trio"
"3076","CFLAR-AS1","Exc L3-4 RORB CUX2",0.0790806269567732,-0.178096173572343,0.750220734964671,0.396284399645992,0.544435666520796,0.544435666520796,"gpath_trio"
"3077","CASP8","Exc L3-4 RORB CUX2",-0.0957184540837976,1.47676511868753,1.43382761214697,0.232231301470536,0.364215369027369,0.364215369027369,"gpath_trio"
"3078","ALS2CR12","Exc L3-4 RORB CUX2",0.191264156335011,4.82829227640602,17.7293024182358,3.51237876221959e-05,0.000236365048458239,0.000236365048458239,"gpath_trio"
"3079","TRAK2","Exc L3-4 RORB CUX2",0.0532367316948246,6.68776741773286,12.0340611770346,0.000611263040924254,0.0027837995148187,0.0027837995148187,"gpath_trio"
"3080","STRADB","Exc L3-4 RORB CUX2",-0.0899655150491012,4.79971575904673,21.9813762756406,4.44845251755182e-06,3.87009614237206e-05,3.87009614237206e-05,"gpath_trio"
"3081","C2CD6","Exc L3-4 RORB CUX2",0.0806542010452457,3.22555605698099,3.52640392907698,0.0615178996671177,0.130274338803831,0.130274338803831,"gpath_trio"
"3082","TMEM237","Exc L3-4 RORB CUX2",-0.0261662452254559,4.15919970745587,1.00662674678049,0.316645130512265,0.461783685708034,0.461783685708034,"gpath_trio"
"3083","MPP4","Exc L3-4 RORB CUX2",0.0799190548992459,3.13452380536788,3.49854473156372,0.0625462209286233,0.132000634675865,0.132000634675865,"gpath_trio"
"3084","ALS2","Exc L3-4 RORB CUX2",0.0578643595679002,6.95741853443693,12.7168676202743,0.000431199659109286,0.00206726295211687,0.00206726295211687,"gpath_trio"
"3085","CDK15","Exc L3-4 RORB CUX2",-0.371006174274191,1.47031039104839,25.5829054286477,8.01306137128317e-07,8.48627365698887e-06,8.48627365698887e-06,"gpath_trio"
"3086","FZD7","Exc L3-4 RORB CUX2",-0.317974798641231,0.569851322696953,6.19487447384127,0.013438199427321,0.0378547435697013,0.0378547435697013,"gpath_trio"
"3087","KIAA2012","Exc L3-4 RORB CUX2",0.0580691737877746,5.29774731732539,1.48277749104946,0.224444391415947,0.354871911976232,0.354871911976232,"gpath_trio"
"3088","AC079354.1","Exc L3-4 RORB CUX2",0.0559833597316174,0.120205726551758,0.453206780526016,0.588600281021215,0.720096451360389,0.720096451360389,"gpath_trio"
"3089","SUMO1","Exc L3-4 RORB CUX2",-0.110675644620345,5.59492060026254,31.3921498379625,5.36388763804758e-08,7.691288777371e-07,7.691288777371e-07,"gpath_trio"
"3090","NOP58","Exc L3-4 RORB CUX2",0.0259024111231466,5.81547154347615,2.06012241799041,0.152399868428759,0.264533024653723,0.264533024653723,"gpath_trio"
"3091","AC064836.3","Exc L3-4 RORB CUX2",-0.192755147944252,0.487814449634493,8.05995820358017,0.00488279383691305,0.0162692593987978,0.0162692593987978,"gpath_trio"
"3092","BMPR2","Exc L3-4 RORB CUX2",0.0563911368973296,8.02106079072367,26.129853465448,6.19290282577359e-07,6.75420713484344e-06,6.75420713484344e-06,"gpath_trio"
"3093","FAM117B","Exc L3-4 RORB CUX2",0.139057646733429,6.23529087424493,69.4929288956117,4.49258451489105e-15,3.77657885783029e-13,3.77657885783029e-13,"gpath_trio"
"3094","ICA1L","Exc L3-4 RORB CUX2",0.0727347098842077,7.82711584784915,20.2147753261234,1.04339498235927e-05,8.23571743704936e-05,8.23571743704936e-05,"gpath_trio"
"3095","WDR12","Exc L3-4 RORB CUX2",-0.0727628945820254,5.03438019662118,13.3368195832626,0.000314642478800494,0.00157829736693187,0.00157829736693187,"gpath_trio"
"3096","CARF","Exc L3-4 RORB CUX2",-0.0171417915314618,4.57747738864679,0.464387889064877,0.496186909205432,0.639571357859672,0.639571357859672,"gpath_trio"
"3097","NBEAL1","Exc L3-4 RORB CUX2",0.0220536422006326,6.42694856076731,1.94230742884437,0.164608278850622,0.280156236359987,0.280156236359987,"gpath_trio"
"3098","CYP20A1","Exc L3-4 RORB CUX2",0.0489767466643336,4.17265140344555,2.39677617342843,0.122801872712302,0.224218488893945,0.224218488893945,"gpath_trio"
"3099","ABI2","Exc L3-4 RORB CUX2",0.0135884036879075,7.93458580843632,1.07242097474785,0.715549130466095,0.822716345081979,0.822716345081979,"gpath_trio"
"3100","RAPH1","Exc L3-4 RORB CUX2",-0.128012774981031,6.83468517587441,33.4657439561852,2.07744321128319e-08,3.31848113916377e-07,3.31848113916377e-07,"gpath_trio"
"3101","PARD3B","Exc L3-4 RORB CUX2",-1.60709169653299,-0.222002631252867,44.105893851678,1.80846580917736e-10,4.79445436270082e-09,4.79445436270082e-09,"gpath_trio"
"3102","NRP2","Exc L3-4 RORB CUX2",0.0170781752841879,4.48414227034563,0.156293948863968,0.692915924202457,0.805028765461642,0.805028765461642,"gpath_trio"
"3103","AC007679.1","Exc L3-4 RORB CUX2",-0.413381349720678,0.709691255667405,23.222383713346,2.4557215271342e-06,2.29265070846517e-05,2.29265070846517e-05,"gpath_trio"
"3104","INO80D","Exc L3-4 RORB CUX2",0.107632617166512,7.12994649645964,2.56166075339739,0.110697823591216,0.207019706243305,0.207019706243305,"gpath_trio"
"3105","AC007383.2","Exc L3-4 RORB CUX2",-0.0582423393116289,-0.698713997357826,0.205655711191503,0.650572186792256,0.770580277610155,0.770580277610155,"gpath_trio"
"3106","NDUFS1","Exc L3-4 RORB CUX2",-0.0120635284263997,7.03792038952103,0.715354937095346,0.398449500927882,0.546633321033842,0.546633321033842,"gpath_trio"
"3107","AC007383.3","Exc L3-4 RORB CUX2",-0.467937296241418,1.05641833588906,34.9639072209636,1.05225202373723e-08,1.81912464257914e-07,1.81912464257914e-07,"gpath_trio"
"3108","EEF1B2","Exc L3-4 RORB CUX2",-0.215285976014113,3.50469080140153,54.0748797030591,2.51542945309829e-12,1.08669784188989e-10,1.08669784188989e-10,"gpath_trio"
"3109","GPR1","Exc L3-4 RORB CUX2",-0.0108702604846372,0.806786467337667,0.0208517274047401,0.885295475839339,0.939733498315947,0.939733498315947,"gpath_trio"
"3110","ZDBF2","Exc L3-4 RORB CUX2",0.0689200589015821,6.34567155949594,12.7460362193829,0.000424838341977163,0.00204025554615312,0.00204025554615312,"gpath_trio"
"3111","ADAM23","Exc L3-4 RORB CUX2",0.0452140485580636,8.67417384437822,6.27133932262813,0.0128836238030034,0.0365785407016034,0.0365785407016034,"gpath_trio"
"3112","FAM237A","Exc L3-4 RORB CUX2",0.125396142891235,-0.758381020551178,1.03019927775104,0.311055424181693,0.455574822712571,0.455574822712571,"gpath_trio"
"3113","DYTN","Exc L3-4 RORB CUX2",-0.0228638662768228,0.0730378605593141,0.0483117035784155,0.826199981974113,0.900438307722215,0.900438307722215,"gpath_trio"
"3114","MDH1B","Exc L3-4 RORB CUX2",-0.0317007185852323,2.85574919042748,0.450782105381159,0.502559835077663,0.645271092260667,0.645271092260667,"gpath_trio"
"3115","FASTKD2","Exc L3-4 RORB CUX2",-0.020016250301549,4.71799812877975,0.768907320997504,0.769809685933306,0.863164031217943,0.863164031217943,"gpath_trio"
"3116","AC008269.1","Exc L3-4 RORB CUX2",0.090608290719673,2.20953986217946,3.97579334111077,0.0472031730500071,0.105298984551514,0.105298984551514,"gpath_trio"
"3117","CPO","Exc L3-4 RORB CUX2",0.185520824244299,3.52261994197697,19.9537539322646,1.18428586583222e-05,9.21796579597417e-05,9.21796579597417e-05,"gpath_trio"
"3118","KLF7","Exc L3-4 RORB CUX2",0.0421578968723957,5.71390047254215,3.55529631529646,0.0604705439032813,0.128460905891197,0.128460905891197,"gpath_trio"
"3119","AC007879.1","Exc L3-4 RORB CUX2",0.0918229420199313,1.09508434966452,1.95082018974736,0.163689537360923,0.278945313134429,0.278945313134429,"gpath_trio"
"3120","AC007879.3","Exc L3-4 RORB CUX2",-0.0425739010495629,-0.166840680938022,0.168234319660776,0.682023576470022,0.796101924050144,0.796101924050144,"gpath_trio"
"3121","AC009226.1","Exc L3-4 RORB CUX2",-0.0174873634720626,1.85106886237006,0.105370999097729,0.945615274247328,0.973555223409872,0.973555223409872,"gpath_trio"
"3122","CREB1","Exc L3-4 RORB CUX2",0.0404135877946819,6.18624756843138,5.76064910111292,0.0170926644783095,0.0461330442608553,0.0461330442608553,"gpath_trio"
"3123","METTL21A","Exc L3-4 RORB CUX2",0.0540348162087101,4.81818712882944,4.35493654412587,0.0378760058796749,0.0882130626636679,0.0882130626636679,"gpath_trio"
"3124","CCNYL1","Exc L3-4 RORB CUX2",-0.0419068749772432,5.79867505801801,3.61805049212308,0.0582608478409174,0.124461309317081,0.124461309317081,"gpath_trio"
"3125","FZD5","Exc L3-4 RORB CUX2",0.0678837174311257,0.682206795462318,0.972385371623199,0.592263120718568,0.722774525798277,0.722774525798277,"gpath_trio"
"3126","PLEKHM3","Exc L3-4 RORB CUX2",0.0797497873043514,7.32849175245954,33.0720833868385,2.48575266185476e-08,3.88248848929336e-07,3.88248848929336e-07,"gpath_trio"
"3127","CRYGA","Exc L3-4 RORB CUX2",-0.183262770540638,0.290209405762548,4.32445244869473,0.0385484770344479,0.0895057571837941,0.0895057571837941,"gpath_trio"
"3128","C2orf80","Exc L3-4 RORB CUX2",-0.0836131639259803,5.25635023696894,8.29204050103447,0.00431343114449699,0.0146553508488088,0.0146553508488088,"gpath_trio"
"3129","IDH1","Exc L3-4 RORB CUX2",0.0308065728725758,4.37733231058337,1.08657947406298,0.298198574915299,0.441404979543796,0.441404979543796,"gpath_trio"
"3130","PIKFYVE","Exc L3-4 RORB CUX2",0.0266102931600876,6.12467896316568,3.96721733774607,0.047440379960709,0.105676235586541,0.105676235586541,"gpath_trio"
"3131","PTH2R","Exc L3-4 RORB CUX2",0.0442403175873089,6.5289402476993,1.46890515160001,0.226618732985595,0.357553213262249,0.357553213262249,"gpath_trio"
"3132","MAP2","Exc L3-4 RORB CUX2",0.101375132635898,9.50966322768727,43.7155408533022,2.14486583205999e-10,5.59078400023389e-09,5.59078400023389e-09,"gpath_trio"
"3133","UNC80","Exc L3-4 RORB CUX2",0.0316038957948977,8.63338541528148,4.36073492351275,0.037749501594039,0.0880051068476701,0.0880051068476701,"gpath_trio"
"3134","RPE","Exc L3-4 RORB CUX2",0.0663415105391649,5.79380473766696,10.3166373280818,0.00148442592403935,0.00592448922205616,0.00592448922205616,"gpath_trio"
"3135","KANSL1L","Exc L3-4 RORB CUX2",0.128141103203918,6.08909819444935,35.4554316625706,8.42553368188191e-09,1.49371829553574e-07,1.49371829553574e-07,"gpath_trio"
"3136","AC007038.2","Exc L3-4 RORB CUX2",0.0319733989070335,3.21016445391061,0.907315256500517,0.341712416625852,0.488247025880068,0.488247025880068,"gpath_trio"
"3137","AC007038.1","Exc L3-4 RORB CUX2",0.0727378850839103,4.70157997065337,4.04380511154167,0.0453659757500837,0.102024140091176,0.102024140091176,"gpath_trio"
"3138","LANCL1-AS1","Exc L3-4 RORB CUX2",-0.0524032388837556,2.00195581565928,0.63393065432294,0.426643524496457,0.574755148685631,0.574755148685631,"gpath_trio"
"3139","LANCL1","Exc L3-4 RORB CUX2",-0.0236702105837586,5.88664948191327,1.77295738054662,0.184182679357093,0.30579994778389,0.30579994778389,"gpath_trio"
"3140","CPS1","Exc L3-4 RORB CUX2",0.0735178717441078,3.27588457479197,3.95160020328674,0.0478755957767976,0.106410724335892,0.106410724335892,"gpath_trio"
"3141","IKZF2","Exc L3-4 RORB CUX2",0.22490355511656,3.68325937190325,28.8017673502472,1.77546824229405e-07,2.24436540026832e-06,2.24436540026832e-06,"gpath_trio"
"3142","AC079610.3","Exc L3-4 RORB CUX2",0.118351333375021,-0.319645993488404,1.68841499480139,0.199301398884644,0.32473798437229,0.32473798437229,"gpath_trio"
"3143","AC079610.1","Exc L3-4 RORB CUX2",0.111267970717943,0.0696761908126094,1.69688380097287,0.193848594033163,0.317803948043154,0.317803948043154,"gpath_trio"
"3144","SPAG16","Exc L3-4 RORB CUX2",0.0797471652304516,7.4521524255091,8.16898866129664,0.00460628788452656,0.0154783241289679,0.0154783241289679,"gpath_trio"
"3145","AC068051.1","Exc L3-4 RORB CUX2",-0.201198019324211,3.21179929456959,15.3517496315211,0.000114140592967363,0.000654200699749022,0.000654200699749022,"gpath_trio"
"3146","VWC2L","Exc L3-4 RORB CUX2",0.297511638571114,5.52562285798859,28.6095717125114,1.94142597223893e-07,2.41779438209385e-06,2.41779438209385e-06,"gpath_trio"
"3147","BARD1","Exc L3-4 RORB CUX2",0.216499747593005,1.41364287585454,4.79421352483272,0.0294444684576347,0.0715713435099736,0.0715713435099736,"gpath_trio"
"3148","AC016708.1","Exc L3-4 RORB CUX2",-0.213013720510795,1.72121562458726,4.74726404089598,0.0302430773275355,0.0732540073643031,0.0732540073643031,"gpath_trio"
"3149","ABCA12","Exc L3-4 RORB CUX2",-0.130799915122424,0.673218217433533,3.78601547118928,0.0527600431506807,0.115042026403654,0.115042026403654,"gpath_trio"
"3150","AC072062.1","Exc L3-4 RORB CUX2",-0.14826218619076,0.311887393117729,3.51604210365491,0.0618982372608186,0.130928594751207,0.130928594751207,"gpath_trio"
"3151","ATIC","Exc L3-4 RORB CUX2",-0.0210438681927923,4.16522278117688,0.718087025162992,0.705155744945549,0.815319912560975,0.815319912560975,"gpath_trio"
"3152","FN1","Exc L3-4 RORB CUX2",-0.298050820289258,2.42189017296573,23.3662016255298,2.2928858032013e-06,2.1565953883257e-05,2.1565953883257e-05,"gpath_trio"
"3153","AC012668.3","Exc L3-4 RORB CUX2",-0.11730584378514,1.00282261751117,3.64806231315048,0.0572347342232953,0.122629640314077,0.122629640314077,"gpath_trio"
"3154","LINC00607","Exc L3-4 RORB CUX2",0.0472735015748354,0.48126648282941,0.222945131308713,0.637201018692391,0.759648440118122,0.759648440118122,"gpath_trio"
"3155","MREG","Exc L3-4 RORB CUX2",0.0908261357855849,3.9911629875783,9.8042638970856,0.00193995173661351,0.00743654309066647,0.00743654309066647,"gpath_trio"
"3156","PECR","Exc L3-4 RORB CUX2",0.0897832613849015,4.23815461146154,12.5111232905637,0.000478907619138226,0.00226010788681023,0.00226010788681023,"gpath_trio"
"3157","TMEM169","Exc L3-4 RORB CUX2",0.0573069292774484,3.74613317953643,4.33554193989303,0.03830239999486,0.0890368613776127,0.0890368613776127,"gpath_trio"
"3158","XRCC5","Exc L3-4 RORB CUX2",-0.0108649515615248,6.62624271326791,0.428672887990369,0.513219628498784,0.65469119109271,0.65469119109271,"gpath_trio"
"3159","LINC01963","Exc L3-4 RORB CUX2",-0.0951530070800069,3.4100305900849,5.79651665229619,0.0167550229918594,0.0453491533218088,0.0453491533218088,"gpath_trio"
"3160","MARCH4","Exc L3-4 RORB CUX2",0.0320925183973884,5.80970153009983,1.55464440409654,0.213573145641217,0.342134207822102,0.342134207822102,"gpath_trio"
"3161","AC069155.1","Exc L3-4 RORB CUX2",-0.231182612632095,0.255831534025583,6.87274378592343,0.00926781128758706,0.027774523577996,0.027774523577996,"gpath_trio"
"3162","SMARCAL1","Exc L3-4 RORB CUX2",0.0792268275461875,5.47745877523645,17.7056104810565,3.55355998861563e-05,0.000238665801465802,0.000238665801465802,"gpath_trio"
"3163","RPL37A","Exc L3-4 RORB CUX2",-0.144187015752839,6.16215770170863,16.1318986068927,7.73773281763257e-05,0.000467531475279237,0.000467531475279237,"gpath_trio"
"3164","LINC01280","Exc L3-4 RORB CUX2",-0.31436682320761,-0.264743138351503,4.65528271723412,0.0318742612399954,0.0764823050091469,0.0764823050091469,"gpath_trio"
"3165","AC073321.1","Exc L3-4 RORB CUX2",-0.257342843453469,-0.236857424613443,3.6929838144275,0.0557347582569132,0.120069273660782,0.120069273660782,"gpath_trio"
"3166","IGFBP2","Exc L3-4 RORB CUX2",-0.235859221794464,2.92976407179974,9.44990351181171,0.00233645033930956,0.00872762184698581,0.00872762184698581,"gpath_trio"
"3167","IGFBP5","Exc L3-4 RORB CUX2",0.0143425696902755,3.84432997286478,0.0787693120307693,0.779195370638071,0.870109404030723,0.870109404030723,"gpath_trio"
"3168","AC007563.2","Exc L3-4 RORB CUX2",0.133429682506007,7.86972914652629,11.6767002204721,0.000734347900908012,0.00325829533776537,0.00325829533776537,"gpath_trio"
"3169","DIRC3-AS1","Exc L3-4 RORB CUX2",0.0392428615997623,3.53306965396402,0.901471638211336,0.343269087868111,0.489985414443126,0.489985414443126,"gpath_trio"
"3170","DIRC3","Exc L3-4 RORB CUX2",0.13612666306712,7.07261547116524,19.5307747052302,1.45467784678949e-05,0.000109959256496733,0.000109959256496733,"gpath_trio"
"3171","TNS1","Exc L3-4 RORB CUX2",0.0617137296191917,-0.127987721257593,0.0983678026165779,0.754048665029496,0.851978708387662,0.851978708387662,"gpath_trio"
"3172","ARPC2","Exc L3-4 RORB CUX2",-0.0500326360039833,5.93959030021124,6.08592578020523,0.0142714030979847,0.0397840575961521,0.0397840575961521,"gpath_trio"
"3173","AAMP","Exc L3-4 RORB CUX2",-0.140292480024311,3.945778287876,21.6429560037766,5.23435093154098e-06,4.48611002735087e-05,4.48611002735087e-05,"gpath_trio"
"3174","PNKD","Exc L3-4 RORB CUX2",-0.0220164435884124,6.30873924260862,1.34946530947391,0.501154726306521,0.643766577184258,0.643766577184258,"gpath_trio"
"3175","TMBIM1","Exc L3-4 RORB CUX2",-0.239175766036952,0.883554915846507,4.60088195457335,0.0328822382081933,0.0784901982785495,0.0784901982785495,"gpath_trio"
"3176","CATIP-AS2","Exc L3-4 RORB CUX2",-0.173104315289142,1.57379351907201,9.60203428762921,0.00215696893006378,0.00814134281455965,0.00814134281455965,"gpath_trio"
"3177","CATIP","Exc L3-4 RORB CUX2",0.222085694418021,0.954954405241078,10.2281740113484,0.00155446796808348,0.00616500712720351,0.00616500712720351,"gpath_trio"
"3178","SLC11A1","Exc L3-4 RORB CUX2",-0.0776983445411243,0.880936727271952,1.23896402196976,0.266698802022689,0.405382982807786,0.405382982807786,"gpath_trio"
"3179","CTDSP1","Exc L3-4 RORB CUX2",0.0155741960183967,-0.0435089716292615,0.0240990999008279,0.876753469091039,0.934120259765088,0.934120259765088,"gpath_trio"
"3180","VIL1","Exc L3-4 RORB CUX2",-0.29602475681048,0.21324196384189,12.8111294038601,0.000410983931894808,0.00198316212054,0.00198316212054,"gpath_trio"
"3181","USP37","Exc L3-4 RORB CUX2",0.0478514338039489,5.8725087196588,10.7914645451224,0.00115981955011908,0.00481765687124818,0.00481765687124818,"gpath_trio"
"3182","CNOT9","Exc L3-4 RORB CUX2",-0.00802540801442765,4.90000195668944,0.195402799431749,0.658824896393054,0.777889429616923,0.777889429616923,"gpath_trio"
"3183","PLCD4","Exc L3-4 RORB CUX2",0.0489265290195885,2.68581779660835,0.978977111661465,0.323371339253816,0.468824219195735,0.468824219195735,"gpath_trio"
"3184","ZNF142","Exc L3-4 RORB CUX2",-0.0173241615832863,3.66558755021752,0.492118781945123,0.936471342342076,0.969296122019222,0.969296122019222,"gpath_trio"
"3185","BCS1L","Exc L3-4 RORB CUX2",-0.181378926796656,2.13804829235684,18.2015656236051,2.78511966325645e-05,0.000192893200158596,0.000192893200158596,"gpath_trio"
"3186","RNF25","Exc L3-4 RORB CUX2",-0.0683454778629403,3.22988291704701,6.14088816797809,0.0138445826103083,0.038772134114793,0.038772134114793,"gpath_trio"
"3187","STK36","Exc L3-4 RORB CUX2",0.000507141856659734,4.56637310425798,0.00032354359367629,0.985662765904643,0.992748554846297,0.992748554846297,"gpath_trio"
"3188","TTLL4","Exc L3-4 RORB CUX2",0.0332486161271984,2.50311892236062,0.786891453121378,0.375861520170343,0.524122627138283,0.524122627138283,"gpath_trio"
"3189","CYP27A1","Exc L3-4 RORB CUX2",0.260113191764081,-0.695202683885722,0.998250132939285,0.318663219170856,0.463994468589499,0.463994468589499,"gpath_trio"
"3190","WNT6","Exc L3-4 RORB CUX2",-0.0581520266155244,-1.06199241463344,0.178186652268238,0.673285084790883,0.789644441533053,0.789644441533053,"gpath_trio"
"3191","WNT10A","Exc L3-4 RORB CUX2",-0.181659677904045,1.45280267455493,10.5527376735618,0.00131282564290015,0.00534574284996718,0.00534574284996718,"gpath_trio"
"3192","LINC01494","Exc L3-4 RORB CUX2",0.0745484133302528,2.68567450213055,2.47554147734373,0.443203494257587,0.589817315082244,0.589817315082244,"gpath_trio"
"3193","AC097468.2","Exc L3-4 RORB CUX2",0.0907666507005372,1.94041095250393,2.6754657416921,0.10311545083202,0.195724359820868,0.195724359820868,"gpath_trio"
"3194","CDK5R2","Exc L3-4 RORB CUX2",-0.121214941701445,4.9736420993314,14.9517381399122,0.000139429413596475,0.000776051661212439,0.000776051661212439,"gpath_trio"
"3195","CRYBA2","Exc L3-4 RORB CUX2",-0.218762702769956,-0.653695945832654,3.7771507997067,0.0530360611264699,0.115451287572996,0.115451287572996,"gpath_trio"
"3196","CFAP65","Exc L3-4 RORB CUX2",-0.00952498783233869,1.617771287276,0.0316098330224581,0.859025122970794,0.92249065076573,0.92249065076573,"gpath_trio"
"3197","CNPPD1","Exc L3-4 RORB CUX2",-0.114266339809969,2.35512012628784,9.24311861688525,0.00260517391812618,0.00956320665906034,0.00956320665906034,"gpath_trio"
"3198","RETREG2","Exc L3-4 RORB CUX2",-0.190506641384186,5.49188130230397,46.6244111789389,6.05164693325869e-11,1.82772420476788e-09,1.82772420476788e-09,"gpath_trio"
"3199","ZFAND2B","Exc L3-4 RORB CUX2",-0.169801631873137,3.99773307476865,29.8278237196495,1.10330661351776e-07,1.46731779352148e-06,1.46731779352148e-06,"gpath_trio"
"3200","ATG9A","Exc L3-4 RORB CUX2",0.0189953690748964,1.76885218201385,0.15088073668635,0.698012976591147,0.809048995568578,0.809048995568578,"gpath_trio"
"3201","ANKZF1","Exc L3-4 RORB CUX2",-0.0478353408875192,4.73534740317256,3.89240902767145,0.049564006019508,0.109559967288657,0.109559967288657,"gpath_trio"
"3202","GLB1L","Exc L3-4 RORB CUX2",-0.0718471590856244,0.59650410151603,1.04173030902092,0.308368111619519,0.452624710943892,0.452624710943892,"gpath_trio"
"3203","STK16","Exc L3-4 RORB CUX2",-0.247188520953066,1.77305372024948,23.3238691988231,2.33964923884622e-06,2.1954615531964e-05,2.1954615531964e-05,"gpath_trio"
"3204","TUBA4A","Exc L3-4 RORB CUX2",-0.282786076458393,5.96759400062221,55.1460061393049,1.60330097327566e-12,7.23637519817372e-11,7.23637519817372e-11,"gpath_trio"
"3205","TUBA4B","Exc L3-4 RORB CUX2",-0.0536133256490883,-0.491660454761491,0.295476946171809,0.587197715414438,0.718984882471706,0.718984882471706,"gpath_trio"
"3206","DNAJB2","Exc L3-4 RORB CUX2",0.0155722002892118,5.80698135157784,0.340772086823532,0.559889959663778,0.695804376633455,0.695804376633455,"gpath_trio"
"3207","PTPRN","Exc L3-4 RORB CUX2",-0.0226169925811484,6.4383799893838,1.09782353418728,0.295717240675704,0.438812542706115,0.438812542706115,"gpath_trio"
"3208","RESP18","Exc L3-4 RORB CUX2",-0.346936661635627,-1.20239034314388,5.0758347430594,0.0250955149169906,0.0628180568198844,0.0628180568198844,"gpath_trio"
"3209","DNPEP","Exc L3-4 RORB CUX2",0.0597961760213042,2.72567707839087,2.07962986602056,0.150479806406062,0.26194392530132,0.26194392530132,"gpath_trio"
"3210","AC053503.2","Exc L3-4 RORB CUX2",0.102635261638174,-1.33799372970928,0.434482242609589,0.510381082451753,0.652371236529567,0.652371236529567,"gpath_trio"
"3211","SPEG","Exc L3-4 RORB CUX2",0.0247319597695313,4.72654101020533,0.94545315914367,0.331783062359579,0.478153800886453,0.478153800886453,"gpath_trio"
"3212","GMPPA","Exc L3-4 RORB CUX2",0.0176965400042633,2.64900913338185,0.220069273863886,0.964546047733647,0.981694639846387,0.981694639846387,"gpath_trio"
"3213","CHPF","Exc L3-4 RORB CUX2",-0.060370894497397,3.33352292697056,3.35191854811995,0.0682711668368514,0.141471576623157,0.141471576623157,"gpath_trio"
"3214","TMEM198","Exc L3-4 RORB CUX2",-0.128910834176691,2.69863155948994,9.64864747511155,0.0021048430154433,0.00796720597308978,0.00796720597308978,"gpath_trio"
"3215","OBSL1","Exc L3-4 RORB CUX2",0.0108193580970451,4.85056644564734,0.248098269036085,0.618838379537051,0.744621238573389,0.744621238573389,"gpath_trio"
"3216","AC009955.4","Exc L3-4 RORB CUX2",-0.0157733677674683,-0.912140516878464,0.0123721212681106,0.911519747162782,0.954824034216465,0.954824034216465,"gpath_trio"
"3217","INHA","Exc L3-4 RORB CUX2",-0.0985835112602085,3.72246059470328,5.38755816821618,0.0210545313358581,0.0545072718723132,0.0545072718723132,"gpath_trio"
"3218","STK11IP","Exc L3-4 RORB CUX2",-0.0117528189955704,3.87723535498765,0.139053365808729,0.744009670122101,0.844170300867774,0.844170300867774,"gpath_trio"
"3219","SLC4A3","Exc L3-4 RORB CUX2",-0.0458833081010019,4.67952064083066,2.97408707884184,0.0857962857360735,0.169576167469604,0.169576167469604,"gpath_trio"
"3220","AC009502.1","Exc L3-4 RORB CUX2",0.088648641558951,-0.606139305487551,0.710416166381303,0.400080368348147,0.548418360607683,0.548418360607683,"gpath_trio"
"3221","AC019211.1","Exc L3-4 RORB CUX2",0.0861829255851405,8.36656125878829,10.9107123481628,0.00109032367027124,0.00456280440732676,0.00456280440732676,"gpath_trio"
"3222","AC067956.1","Exc L3-4 RORB CUX2",0.028462600514464,8.01092679220546,1.21100513462515,0.272150922365518,0.411746896042319,0.411746896042319,"gpath_trio"
"3223","AC093843.1","Exc L3-4 RORB CUX2",0.18068488071131,1.48097259973209,7.4826582639817,0.00665843991398826,0.0211150621290024,0.0211150621290024,"gpath_trio"
"3224","EPHA4","Exc L3-4 RORB CUX2",0.0362243317755862,8.62979429634009,6.57719649267968,0.0108915220428313,0.0317080024840002,0.0317080024840002,"gpath_trio"
"3225","AC079834.2","Exc L3-4 RORB CUX2",-0.189223716704554,0.960759736734423,9.52227090676441,0.00224924409667146,0.00844094115519842,0.00844094115519842,"gpath_trio"
"3226","PAX3","Exc L3-4 RORB CUX2",-0.18488128627561,-0.22972805000591,2.55259470560308,0.111327836494901,0.207928078252604,0.207928078252604,"gpath_trio"
"3227","AC010980.2","Exc L3-4 RORB CUX2",-0.0498870285481015,1.60175112165185,1.01151797450426,0.315474511519587,0.460493261934567,0.460493261934567,"gpath_trio"
"3228","SGPP2","Exc L3-4 RORB CUX2",0.0778294889105526,6.17562631382314,17.3894169115329,4.1523710146309e-05,0.000273950572989465,0.000273950572989465,"gpath_trio"
"3229","AC097461.1","Exc L3-4 RORB CUX2",-0.12062606305797,0.557527717220706,2.19935876659238,0.139279244749612,0.246964208369083,0.246964208369083,"gpath_trio"
"3230","FARSB","Exc L3-4 RORB CUX2",-0.039159519667737,5.77670920827328,5.19179074124705,0.0235052140763769,0.0594779498295378,0.0594779498295378,"gpath_trio"
"3231","MOGAT1","Exc L3-4 RORB CUX2",0.0707552099596786,2.7391118343113,1.79006049843,0.18208777311867,0.303054019358948,0.303054019358948,"gpath_trio"
"3232","ACSL3","Exc L3-4 RORB CUX2",-0.0370506259613935,7.36145323321621,3.58886341426825,0.0592776427613156,0.126219149626337,0.126219149626337,"gpath_trio"
"3233","KCNE4","Exc L3-4 RORB CUX2",-0.177232023154823,0.649045610666947,6.78755959751563,0.00970841300062763,0.0288847120318039,0.0288847120318039,"gpath_trio"
"3234","SCG2","Exc L3-4 RORB CUX2",-0.172683313294692,4.93168992430775,13.2791396761335,0.000323982996718314,0.00161871148063199,0.00161871148063199,"gpath_trio"
"3235","AP1S3","Exc L3-4 RORB CUX2",0.0254150524831305,4.70272551118139,1.03470958480333,0.310000667123945,0.454491930762706,0.454491930762706,"gpath_trio"
"3236","WDFY1","Exc L3-4 RORB CUX2",0.00833946484341711,5.49659710927592,0.351934790018247,0.55353560673654,0.69067851233284,0.69067851233284,"gpath_trio"
"3237","MRPL44","Exc L3-4 RORB CUX2",-0.0434406019220614,3.54160885770563,1.92379555509154,0.166626705588385,0.282780432810033,0.282780432810033,"gpath_trio"
"3238","SERPINE2","Exc L3-4 RORB CUX2",0.0491637831800397,5.26912511962006,0.803449930933229,0.370893031909113,0.519160926638245,0.519160926638245,"gpath_trio"
"3239","AC073052.2","Exc L3-4 RORB CUX2",-0.368428230458273,-0.282407399723358,13.6975499695247,0.00026211426921126,0.0013521235953304,0.0013521235953304,"gpath_trio"
"3240","CUL3","Exc L3-4 RORB CUX2",0.0382032618221808,6.40425524181892,7.58156958728803,0.0147007055200087,0.0407885988899032,0.0407885988899032,"gpath_trio"
"3241","DOCK10","Exc L3-4 RORB CUX2",0.0170390269485838,-1.46109875862665,0.407300953485448,0.523906483357701,0.664350860258679,0.664350860258679,"gpath_trio"
"3242","NYAP2","Exc L3-4 RORB CUX2",0.238375475384735,6.30041280757832,82.8697249619034,2.38255721674031e-17,3.38507689068562e-15,3.38507689068562e-15,"gpath_trio"
"3243","AC016717.2","Exc L3-4 RORB CUX2",0.107641926200829,2.86523364728747,7.1965025201517,0.00777273455602915,0.0239768432688028,0.0239768432688028,"gpath_trio"
"3244","IRS1","Exc L3-4 RORB CUX2",0.0805686671656435,4.52625351077512,8.97498034397557,0.00300134414893336,0.010783992556497,0.010783992556497,"gpath_trio"
"3245","AC010735.2","Exc L3-4 RORB CUX2",0.22217251279874,2.31828712162386,28.726635387173,1.83856705355513e-07,2.31109596918846e-06,2.31109596918846e-06,"gpath_trio"
"3246","RHBDD1","Exc L3-4 RORB CUX2",0.128479457618283,4.95667310537091,27.4812060679457,3.28581127810244e-07,3.87668085004192e-06,3.87668085004192e-06,"gpath_trio"
"3247","COL4A4","Exc L3-4 RORB CUX2",-0.0713143481791122,1.30436721910019,1.11281675970669,0.29244971337907,0.435148091114591,0.435148091114591,"gpath_trio"
"3248","COL4A3","Exc L3-4 RORB CUX2",-0.165456274754375,2.57013222765006,17.0722836664441,4.85582818994229e-05,0.0003135926175803,0.0003135926175803,"gpath_trio"
"3249","AC097662.1","Exc L3-4 RORB CUX2",0.104915630447889,4.25313863183718,14.8441990624811,0.000147150625011095,0.000814252292813728,0.000814252292813728,"gpath_trio"
"3250","MFF","Exc L3-4 RORB CUX2",-0.0218754315974042,6.33979196721243,2.43785372305117,0.119654483223561,0.219656887992297,0.219656887992297,"gpath_trio"
"3251","AGFG1","Exc L3-4 RORB CUX2",0.0101326321394586,7.01505961309974,0.464163700386843,0.496290806548691,0.639623548110377,0.639623548110377,"gpath_trio"
"3252","C2orf83","Exc L3-4 RORB CUX2",-0.0714338926330316,-0.581771750348791,0.47799629387122,0.512736646523061,0.65413316324793,0.65413316324793,"gpath_trio"
"3253","SLC19A3","Exc L3-4 RORB CUX2",-0.0190829383448872,1.49850922672038,0.0884223427530293,0.782199108735852,0.872048318237135,0.872048318237135,"gpath_trio"
"3254","DAW1","Exc L3-4 RORB CUX2",-0.0381392489265452,3.00949832889971,0.465996150912118,0.49544265675356,0.63893860905159,0.63893860905159,"gpath_trio"
"3255","SPHKAP","Exc L3-4 RORB CUX2",0.119781507189352,3.99556225989191,0.45254744252022,0.50172511134401,0.644363366310103,0.644363366310103,"gpath_trio"
"3256","LINC01807","Exc L3-4 RORB CUX2",-0.114722403421653,-0.0707441764336399,1.30527519805758,0.254302851005829,0.391197866492001,0.391197866492001,"gpath_trio"
"3257","PID1","Exc L3-4 RORB CUX2",0.148990092456571,6.43567054287929,16.9086750599775,5.26478402354501e-05,0.000337518327534225,0.000337518327534225,"gpath_trio"
"3258","DNER","Exc L3-4 RORB CUX2",0.153468810528595,4.98366936852491,13.2824812363167,0.000323434268126995,0.00161677065397972,0.00161677065397972,"gpath_trio"
"3259","TRIP12","Exc L3-4 RORB CUX2",0.0221763933776397,7.23346584331566,2.62726172950702,0.106254803419243,0.200326199325599,0.200326199325599,"gpath_trio"
"3260","FBXO36","Exc L3-4 RORB CUX2",-0.00132399667062314,4.59116900320955,0.00202891256503896,0.964107249000435,0.981439444833806,0.981439444833806,"gpath_trio"
"3261","SLC16A14","Exc L3-4 RORB CUX2",-0.00986623257459866,4.783059686515,0.132291904111021,0.716363020473086,0.823279915151684,0.823279915151684,"gpath_trio"
"3262","AC009950.1","Exc L3-4 RORB CUX2",-0.0443566709182177,1.95287653951317,0.935797167141517,0.334259994462926,0.480731065603759,0.480731065603759,"gpath_trio"
"3263","SP140","Exc L3-4 RORB CUX2",-0.041657774013456,3.10454390579016,0.94788106180412,0.33116412988238,0.477563109254212,0.477563109254212,"gpath_trio"
"3264","SP140L","Exc L3-4 RORB CUX2",-0.0309721474006084,1.75827162597022,0.311704304933584,0.577116678613184,0.710305575342911,0.710305575342911,"gpath_trio"
"3265","AC010149.1","Exc L3-4 RORB CUX2",-0.255680812246584,0.113259544936762,8.96291976499482,0.00302054770419397,0.0108317670451739,0.0108317670451739,"gpath_trio"
"3266","CAB39","Exc L3-4 RORB CUX2",0.0344317032133141,6.78955217098187,5.90087911465994,0.0158114174947224,0.0432712083499762,0.0432712083499762,"gpath_trio"
"3267","ITM2C","Exc L3-4 RORB CUX2",-0.188256442746123,6.09762457005114,24.1982325256763,1.54319571959656e-06,1.53143008572851e-05,1.53143008572851e-05,"gpath_trio"
"3268","AC012507.2","Exc L3-4 RORB CUX2",0.0977456801279654,1.2020100412867,2.0276928641846,0.155653900220785,0.268793754767982,0.268793754767982,"gpath_trio"
"3269","GPR55","Exc L3-4 RORB CUX2",0.160448413959155,2.91679980616871,2.66291028000192,0.103923182956742,0.196942533923752,0.196942533923752,"gpath_trio"
"3270","SPATA3","Exc L3-4 RORB CUX2",-0.243831402361276,-0.0465076513406517,6.4965861476219,0.0113834790981305,0.0329216873286674,0.0329216873286674,"gpath_trio"
"3271","C2orf72","Exc L3-4 RORB CUX2",-0.00965213392225288,6.12615078402647,0.0913991188660921,0.762647645220469,0.858352330124036,0.858352330124036,"gpath_trio"
"3272","PSMD1","Exc L3-4 RORB CUX2",0.00290942794490338,6.86667338017435,0.0457491781623078,0.830800024671767,0.903507881341027,0.903507881341027,"gpath_trio"
"3273","ARMC9","Exc L3-4 RORB CUX2",0.0528293121751614,7.72991763994575,9.752326680578,0.0019934649145032,0.00761707474433752,0.00761707474433752,"gpath_trio"
"3274","NCL","Exc L3-4 RORB CUX2",-0.0572326027058863,4.65068513799775,2.7325867283599,0.0995268257203604,0.190273259633116,0.190273259633116,"gpath_trio"
"3275","LINC00471","Exc L3-4 RORB CUX2",0.0714124395744022,1.47156007903983,1.50310764669574,0.22130305766306,0.351336889231369,0.351336889231369,"gpath_trio"
"3276","PTMA","Exc L3-4 RORB CUX2",-0.118136951041239,6.016559460616,18.5333439794673,2.36717141824001e-05,0.000166777241705251,0.000166777241705251,"gpath_trio"
"3277","PDE6D","Exc L3-4 RORB CUX2",0.0590832824914423,4.3393390703727,6.7449551488179,0.00993682750889486,0.0294297555772099,0.0294297555772099,"gpath_trio"
"3278","COPS7B","Exc L3-4 RORB CUX2",-0.0633195561194112,4.5476694722396,9.05952077608663,0.00287019271717545,0.0103848884628793,0.0103848884628793,"gpath_trio"
"3279","DIS3L2","Exc L3-4 RORB CUX2",0.0689612887001623,6.78720890836188,20.5337196542353,8.94009888438737e-06,7.16024196079853e-05,7.16024196079853e-05,"gpath_trio"
"3280","AC019130.1","Exc L3-4 RORB CUX2",-0.378109046853694,2.22219989033377,45.2045825419355,1.12035822948211e-10,3.11768652135193e-09,3.11768652135193e-09,"gpath_trio"
"3281","TIGD1","Exc L3-4 RORB CUX2",-0.0322849281008565,1.82396736293834,0.452691851016098,0.501656933825227,0.644316821996687,0.644316821996687,"gpath_trio"
"3282","EIF4E2","Exc L3-4 RORB CUX2",-0.0764393846236863,4.67761780348596,12.88581208475,0.000395652744546616,0.00191882070221826,0.00191882070221826,"gpath_trio"
"3283","AC073254.1","Exc L3-4 RORB CUX2",-0.212344622862722,-0.652222115876336,3.49235434694066,0.0627772085317248,0.132343801685219,0.132343801685219,"gpath_trio"
"3284","GIGYF2","Exc L3-4 RORB CUX2",0.0377202954412365,6.79501917468655,7.52290825323225,0.00651544056378214,0.020739825398281,0.020739825398281,"gpath_trio"
"3285","KCNJ13","Exc L3-4 RORB CUX2",-0.229017144705024,-0.443940897695537,4.60656900642145,0.0327753142784627,0.0782900582997546,0.0782900582997546,"gpath_trio"
"3286","SNORC","Exc L3-4 RORB CUX2",0.00784215275324954,3.49547935445396,0.068256986768103,0.794098541723934,0.880109105026142,0.880109105026142,"gpath_trio"
"3287","NGEF","Exc L3-4 RORB CUX2",-0.0122650099886874,7.26349458004644,0.352858341114548,0.553016001571252,0.690286322570069,0.690286322570069,"gpath_trio"
"3288","INPP5D","Exc L3-4 RORB CUX2",-0.038936856499889,1.92947968071033,0.293078747197386,0.588717874018816,0.720103256234365,0.720103256234365,"gpath_trio"
"3289","ATG16L1","Exc L3-4 RORB CUX2",0.00583462835783472,4.85333941467165,0.0873727848612439,0.76777998852103,0.861968687094474,0.861968687094474,"gpath_trio"
"3290","SAG","Exc L3-4 RORB CUX2",-0.187339690769805,-0.389023474251445,3.81037950721721,0.0520092740355951,0.113817887370445,0.113817887370445,"gpath_trio"
"3291","DGKD","Exc L3-4 RORB CUX2",0.126052161801369,2.96043621486861,2.33564775904862,0.127657990592667,0.23113164858719,0.23113164858719,"gpath_trio"
"3292","USP40","Exc L3-4 RORB CUX2",0.0342270602219219,4.93690186556039,1.26773806504294,0.261229627018168,0.399356499590175,0.399356499590175,"gpath_trio"
"3293","AC097713.1","Exc L3-4 RORB CUX2",-0.0290832042676628,0.340557998368701,0.062061066066476,0.803464185829178,0.886315988247518,0.886315988247518,"gpath_trio"
"3294","LINC01891","Exc L3-4 RORB CUX2",0.0535602331118895,-0.157154653833488,0.283489219849462,0.594878030476753,0.725088464528063,0.725088464528063,"gpath_trio"
"3295","ARL4C","Exc L3-4 RORB CUX2",0.00269820752893631,4.85525856521168,0.00623674397682407,0.937114797176019,0.969603109545422,0.969603109545422,"gpath_trio"
"3296","AGAP1","Exc L3-4 RORB CUX2",0.104892540440224,8.84530068750818,46.5164407331652,6.34110689634293e-11,1.90374749454938e-09,1.90374749454938e-09,"gpath_trio"
"3297","AC019068.1","Exc L3-4 RORB CUX2",-0.129249300016404,0.764085071647638,2.62476484242562,0.106420262145776,0.200563175038863,0.200563175038863,"gpath_trio"
"3298","ASB18","Exc L3-4 RORB CUX2",0.236108757977722,1.63350201609164,6.21850315907218,0.0132642382251901,0.0374710872786403,0.0374710872786403,"gpath_trio"
"3299","IQCA1","Exc L3-4 RORB CUX2",0.154157820807046,6.59257452907495,33.636834636534,1.92176476547983e-08,3.10919038841664e-07,3.10919038841664e-07,"gpath_trio"
"3300","ACKR3","Exc L3-4 RORB CUX2",0.100429542224404,0.631693531698841,1.42503956137416,0.233663708447137,0.365892992697997,0.365892992697997,"gpath_trio"
"3301","AC105760.1","Exc L3-4 RORB CUX2",0.13518080941568,0.601928200148322,3.12585660413747,0.0948154113011652,0.182921527936562,0.182921527936562,"gpath_trio"
"3302","AC105760.2","Exc L3-4 RORB CUX2",0.00631150146848441,3.19199036504813,0.0268480983209451,0.869973460341647,0.929744388303461,0.929744388303461,"gpath_trio"
"3303","COPS8","Exc L3-4 RORB CUX2",-0.105072438682198,4.84072504868676,21.5174859473899,5.56019571972838e-06,4.72125204737037e-05,4.72125204737037e-05,"gpath_trio"
"3304","COL6A3","Exc L3-4 RORB CUX2",-0.0469366084707093,0.129233644625322,0.256252538907813,0.613135424679817,0.739921473436734,0.739921473436734,"gpath_trio"
"3305","AC112721.2","Exc L3-4 RORB CUX2",-0.133969620713999,-1.1795655323695,0.834159129102716,0.361918740966742,0.509789192138799,0.509789192138799,"gpath_trio"
"3306","MLPH","Exc L3-4 RORB CUX2",-0.0209629446161036,-1.26277220629053,0.0177838751386048,0.954854731523327,0.977669520248044,0.977669520248044,"gpath_trio"
"3307","RAB17","Exc L3-4 RORB CUX2",0.0640403385604799,1.17768998234217,0.641179484626832,0.42401508105983,0.572245920153995,0.572245920153995,"gpath_trio"
"3308","AC104667.2","Exc L3-4 RORB CUX2",-0.37006583818956,-0.367733433380738,11.7777667066009,0.000697177618156129,0.00311692838222697,0.00311692838222697,"gpath_trio"
"3309","AC104667.1","Exc L3-4 RORB CUX2",-0.150749277197854,-0.557982525469949,1.65042811035477,0.200044029382225,0.325769485234201,0.325769485234201,"gpath_trio"
"3310","LRRFIP1","Exc L3-4 RORB CUX2",0.0688407363810443,7.88045265187695,20.3341045970725,9.84754142190646e-06,7.80043726405561e-05,7.80043726405561e-05,"gpath_trio"
"3311","RBM44","Exc L3-4 RORB CUX2",0.0192719894877344,0.0330502503216783,0.0332180367102179,0.855522151597196,0.920002100552925,0.920002100552925,"gpath_trio"
"3312","RAMP1","Exc L3-4 RORB CUX2",0.0957999648242793,5.70639685344261,15.6278751775041,9.94452109971068e-05,0.000581201370760901,0.000581201370760901,"gpath_trio"
"3313","UBE2F-SCLY","Exc L3-4 RORB CUX2",0.0742478442156689,2.86638357388561,4.69599450432135,0.031141179386099,0.0750625202048443,0.0750625202048443,"gpath_trio"
"3314","ESPNL","Exc L3-4 RORB CUX2",0.431823404950053,-1.05210192150137,7.56008619483401,0.00638616007606068,0.0204113031174112,0.0204113031174112,"gpath_trio"
"3315","ERFE","Exc L3-4 RORB CUX2",-0.0777217027265055,0.237261038552915,0.85508101255214,0.355976316542292,0.503714264810438,0.503714264810438,"gpath_trio"
"3316","ILKAP","Exc L3-4 RORB CUX2",0.023441982782634,5.97812238173622,1.71869662705501,0.191017573066918,0.314185368474011,0.314185368474011,"gpath_trio"
"3317","HES6","Exc L3-4 RORB CUX2",-0.0138668972917267,2.61404625066937,0.048225402456414,0.826352793500917,0.90053841132615,0.90053841132615,"gpath_trio"
"3318","PER2","Exc L3-4 RORB CUX2",-0.0407961124820036,4.10532591584055,0.444011439419362,0.505783433135133,0.648202581474972,0.648202581474972,"gpath_trio"
"3319","AC012485.3","Exc L3-4 RORB CUX2",-0.276112646644109,-0.658701179364915,4.30510642461104,0.0389817688500669,0.0903488975671949,0.0903488975671949,"gpath_trio"
"3320","TRAF3IP1","Exc L3-4 RORB CUX2",0.0275498731680878,5.89673223873512,2.42140742673227,0.120903694234853,0.221526839632019,0.221526839632019,"gpath_trio"
"3321","ASB1","Exc L3-4 RORB CUX2",-0.128693475519619,3.15205943466884,13.6834855245777,0.000263985075880105,0.00135968825782005,0.00135968825782005,"gpath_trio"
"3322","LINC01107","Exc L3-4 RORB CUX2",-0.44081488801484,-0.808303111886006,12.1078488853226,0.000588583773525946,0.002695727044469,0.002695727044469,"gpath_trio"
"3323","LINC01937","Exc L3-4 RORB CUX2",-0.26159847303153,-1.55063695041975,2.40081628269686,0.122488261856432,0.223820367987819,0.223820367987819,"gpath_trio"
"3324","TWIST2","Exc L3-4 RORB CUX2",0.102901887142689,2.593669274056,1.46316713161953,0.227525530361482,0.358591326852816,0.358591326852816,"gpath_trio"
"3325","HDAC4","Exc L3-4 RORB CUX2",0.136876845676995,7.29867564063128,62.5903209218013,7.3333707026012e-14,4.48335617954482e-12,4.48335617954482e-12,"gpath_trio"
"3326","AC062017.1","Exc L3-4 RORB CUX2",-0.113794338268815,0.516305132250209,2.0662638352017,0.151792395674016,0.263705466522283,0.263705466522283,"gpath_trio"
"3327","AC093802.1","Exc L3-4 RORB CUX2",-0.00768827829278793,0.44245203520838,0.0102193503671832,0.961304997322193,0.98010553471676,0.98010553471676,"gpath_trio"
"3328","NDUFA10","Exc L3-4 RORB CUX2",0.0131598335964003,6.98216324411795,0.749659546787257,0.387382256038448,0.535349679972,0.535349679972,"gpath_trio"
"3329","COPS9","Exc L3-4 RORB CUX2",-0.308201189601501,4.70259619904467,68.6651677307661,6.25889194131413e-15,4.99103339588983e-13,4.99103339588983e-13,"gpath_trio"
"3330","GPC1","Exc L3-4 RORB CUX2",-0.11290393818575,6.31108257580652,22.0775969156079,4.24759793871118e-06,3.72102858938333e-05,3.72102858938333e-05,"gpath_trio"
"3331","ANKMY1","Exc L3-4 RORB CUX2",0.015595745441537,4.72528664810378,0.409490003138738,0.960040496655273,0.979750116174416,0.979750116174416,"gpath_trio"
"3332","DUSP28","Exc L3-4 RORB CUX2",-0.1895424618964,2.11628637962984,21.0336849715803,7.02076866435272e-06,5.77902928614101e-05,5.77902928614101e-05,"gpath_trio"
"3333","RNPEPL1","Exc L3-4 RORB CUX2",0.0158207517305337,3.70483849851894,0.240453142427184,0.624292565696327,0.74904127573882,0.74904127573882,"gpath_trio"
"3334","CAPN10-DT","Exc L3-4 RORB CUX2",0.0659622294099237,2.24476779838649,2.04559251306781,0.386149924380399,0.534374364095705,0.534374364095705,"gpath_trio"
"3335","CAPN10","Exc L3-4 RORB CUX2",-0.0388358410014677,3.77080208062449,2.03542082897477,0.154871333565405,0.267602702525012,0.267602702525012,"gpath_trio"
"3336","GPR35","Exc L3-4 RORB CUX2",0.128468355956796,0.793621253107912,2.61400579992078,0.107136479105325,0.201592843308145,0.201592843308145,"gpath_trio"
"3337","KIF1A","Exc L3-4 RORB CUX2",-0.0355785469920935,7.33996160761855,4.06871060565758,0.0447122994352579,0.100801278478749,0.100801278478749,"gpath_trio"
"3338","CROCC2","Exc L3-4 RORB CUX2",-0.104717025483088,-0.885379864494381,0.810937561109434,0.498821014180727,0.642046981407643,0.642046981407643,"gpath_trio"
"3339","SNED1","Exc L3-4 RORB CUX2",0.142638569272888,7.76040741884263,30.1286931758237,9.6003760242756e-08,1.28953120033129e-06,1.28953120033129e-06,"gpath_trio"
"3340","AC005237.1","Exc L3-4 RORB CUX2",-0.252529408295083,3.49053235067083,27.6638254024814,3.01701731024587e-07,3.59529381182578e-06,3.59529381182578e-06,"gpath_trio"
"3341","MTERF4","Exc L3-4 RORB CUX2",-0.042216438859973,5.01041067574889,3.277064288281,0.0714088803640576,0.146558917735998,0.146558917735998,"gpath_trio"
"3342","PASK","Exc L3-4 RORB CUX2",-0.0125303207045872,3.81262260365493,0.185577885433714,0.886291464045016,0.940359205212106,0.940359205212106,"gpath_trio"
"3343","PPP1R7","Exc L3-4 RORB CUX2",-0.0605117106493865,5.69845732584143,8.99239002946072,0.0029738434333685,0.0107061547587811,0.0107061547587811,"gpath_trio"
"3344","ANO7","Exc L3-4 RORB CUX2",0.0636387856033618,1.7312826427384,0.807549881755516,0.369677054180497,0.518146426542231,0.518146426542231,"gpath_trio"
"3345","HDLBP","Exc L3-4 RORB CUX2",-0.0348760022240589,6.14792598271515,6.5241673267394,0.0112126210693348,0.0325021020221018,0.0325021020221018,"gpath_trio"
"3346","SEPT2","Exc L3-4 RORB CUX2",0.0185879686350213,6.63403900643141,0.840408720104926,0.360129416331044,0.507948575619482,0.507948575619482,"gpath_trio"
"3347","FARP2","Exc L3-4 RORB CUX2",0.0916982728466784,5.68006676640404,14.5771715399468,0.000168253034824635,0.000914960910400809,0.000914960910400809,"gpath_trio"
"3348","STK25","Exc L3-4 RORB CUX2",-0.0808179379982213,5.60492648837511,29.2727833661471,1.42674796414854e-07,1.85229344766388e-06,1.85229344766388e-06,"gpath_trio"
"3349","BOK-AS1","Exc L3-4 RORB CUX2",0.0320582040524857,-0.646041360183543,0.076273514022023,0.782631821372045,0.872208860198918,0.872208860198918,"gpath_trio"
"3350","AC133528.1","Exc L3-4 RORB CUX2",0.309701839682588,-0.730294653695616,4.91992101516697,0.0274131077047766,0.0674545002980691,0.0674545002980691,"gpath_trio"
"3351","THAP4","Exc L3-4 RORB CUX2",0.0291880511953701,4.59304410410647,1.79102494405036,0.181970470180654,0.30298376131837,0.30298376131837,"gpath_trio"
"3352","ATG4B","Exc L3-4 RORB CUX2",-0.0467917820401006,6.04204800308509,5.82500236037535,0.0164918076097907,0.0447508027609317,0.0447508027609317,"gpath_trio"
"3353","DTYMK","Exc L3-4 RORB CUX2",0.0121148022422639,2.15044284319332,0.0947099863497332,0.952991864835895,0.977050181549254,0.977050181549254,"gpath_trio"
"3354","ING5","Exc L3-4 RORB CUX2",0.0375584031965948,5.39895629941821,3.38969657800048,0.0667442262302883,0.138907031586143,0.138907031586143,"gpath_trio"
"3355","D2HGDH","Exc L3-4 RORB CUX2",-0.0524626252102704,4.14270511270008,2.40638676652425,0.122057320069595,0.2231339645165,0.2231339645165,"gpath_trio"
"3356","GAL3ST2","Exc L3-4 RORB CUX2",0.261924065031467,0.584776310302726,8.41730470419093,0.00403487177967473,0.0138323769167269,0.0138323769167269,"gpath_trio"
"3357","NEU4","Exc L3-4 RORB CUX2",0.0673400744522927,0.311585742428607,0.455121367493043,0.500512285101746,0.64335297998671,0.64335297998671,"gpath_trio"
"3358","RTP5","Exc L3-4 RORB CUX2",0.244667938498165,0.987019141139823,5.68561390583887,0.0178220656272061,0.0476491086706709,0.0476491086706709,"gpath_trio"
"3359","LINC01880","Exc L3-4 RORB CUX2",0.00499440843146431,-1.15887975604497,0.00229384612632371,0.961837398146055,0.980168842616133,0.980168842616133,"gpath_trio"
"3360","LINC01238-1","Exc L3-4 RORB CUX2",-0.0458751964323138,-0.253721221572813,0.121908530232489,0.727256279331572,0.831438512807529,0.831438512807529,"gpath_trio"
"3361","CHL1","Exc L3-4 RORB CUX2",0.060567863418965,8.88832412032015,13.7094956758804,0.000260535863328245,0.0013453573183126,0.0013453573183126,"gpath_trio"
"3362","CHL1-AS1","Exc L3-4 RORB CUX2",-0.1123036896437,0.42940138915014,2.14547213112055,0.144199126212825,0.253460304177012,0.253460304177012,"gpath_trio"
"3363","LINC01266","Exc L3-4 RORB CUX2",0.0862142156621008,4.57058786097759,0.805806692104608,0.370193372574481,0.51854987294291,0.51854987294291,"gpath_trio"
"3364","AC087430.1","Exc L3-4 RORB CUX2",-0.00695082471283695,-1.6646968330312,0.00315769146486416,0.955230943909264,0.977684529766621,0.977684529766621,"gpath_trio"
"3365","CNTN6","Exc L3-4 RORB CUX2",0.0662053565724333,5.18740470706413,0.945808702692597,0.331692328894844,0.478060632622765,0.478060632622765,"gpath_trio"
"3366","CNTN4","Exc L3-4 RORB CUX2",0.123335553704398,9.62212457777775,33.0974291956006,2.45717786401546e-08,3.84887914646832e-07,3.84887914646832e-07,"gpath_trio"
"3367","CNTN4-AS2","Exc L3-4 RORB CUX2",-0.436800753353066,1.26345710326405,24.055054870198,1.65181617691746e-06,1.6270589943876e-05,1.6270589943876e-05,"gpath_trio"
"3368","CNTN4-AS1","Exc L3-4 RORB CUX2",-0.295760433552659,0.667237828600942,13.9163449146133,0.000234683984017265,0.00122757308207113,0.00122757308207113,"gpath_trio"
"3369","IL5RA","Exc L3-4 RORB CUX2",0.0292218276429571,0.0301700630150338,0.117627571044503,0.731899085816773,0.834901281033212,0.834901281033212,"gpath_trio"
"3370","TRNT1","Exc L3-4 RORB CUX2",-0.082693630441778,4.29796916705029,13.4631277954072,0.000295131900859697,0.00149342515672044,0.00149342515672044,"gpath_trio"
"3371","CRBN","Exc L3-4 RORB CUX2",-0.0379306088404469,6.33521205853941,4.95666141065767,0.0268475310126151,0.0663460237848493,0.0663460237848493,"gpath_trio"
"3372","AC024060.1","Exc L3-4 RORB CUX2",-0.119338751862067,1.87164955896285,5.29061001546136,0.0222330107914899,0.0570385290842202,0.0570385290842202,"gpath_trio"
"3373","AC034195.1","Exc L3-4 RORB CUX2",0.0774983906924403,4.67116382233493,4.8216494721612,0.0289880468442813,0.0706491719114973,0.0706491719114973,"gpath_trio"
"3374","SUMF1","Exc L3-4 RORB CUX2",0.01745302829645,7.25346142089826,0.757910393976061,0.384786308513861,0.532884663252824,0.532884663252824,"gpath_trio"
"3375","LRRN1","Exc L3-4 RORB CUX2",0.0757818620391486,6.22790734618674,7.73902060765944,0.00579983068365319,0.0188485154707962,0.0188485154707962,"gpath_trio"
"3376","SETMAR","Exc L3-4 RORB CUX2",-0.0232757195462334,2.82491809039567,0.400481171276051,0.795003200685073,0.880386571798815,0.880386571798815,"gpath_trio"
"3377","ITPR1-DT","Exc L3-4 RORB CUX2",0.0363954578144523,2.1758200789614,0.575754831881519,0.448668411828281,0.594853467085205,0.594853467085205,"gpath_trio"
"3378","ITPR1","Exc L3-4 RORB CUX2",0.052817053605052,8.41582477181909,11.2680964326075,0.000906389872851553,0.00389321177023208,0.00389321177023208,"gpath_trio"
"3379","EGOT","Exc L3-4 RORB CUX2",-0.0983299763262767,-0.420476254582148,0.732293022041651,0.392928841357217,0.54093069767191,0.54093069767191,"gpath_trio"
"3380","AC018816.1","Exc L3-4 RORB CUX2",-0.190650688335916,4.5378104195278,27.2279190655516,3.69914989578472e-07,4.28171825286614e-06,4.28171825286614e-06,"gpath_trio"
"3381","BHLHE40-AS1","Exc L3-4 RORB CUX2",-0.0317114909173169,4.38890029866383,0.696797624133127,0.404628150096841,0.552886754365307,0.552886754365307,"gpath_trio"
"3382","BHLHE40","Exc L3-4 RORB CUX2",-0.188142891509823,4.77443149818665,20.6251917581553,8.55299428342224e-06,6.88024958804002e-05,6.88024958804002e-05,"gpath_trio"
"3383","ARL8B","Exc L3-4 RORB CUX2",-0.039011577502188,6.18484485820466,7.31053875918441,0.007307309321336,0.0227577902991593,0.0227577902991593,"gpath_trio"
"3384","AC026202.2","Exc L3-4 RORB CUX2",-0.538295377497538,2.9448798694149,105.301603820315,5.77958644457879e-21,2.71170131440412e-18,2.71170131440412e-18,"gpath_trio"
"3385","EDEM1","Exc L3-4 RORB CUX2",0.0416625970069831,4.40573843445906,2.71429779602034,0.100660661376008,0.191976224056017,0.191976224056017,"gpath_trio"
"3386","AC087857.1","Exc L3-4 RORB CUX2",0.104341821201532,3.46178831481564,4.21617391790337,0.041040767565497,0.0941762381294247,0.0941762381294247,"gpath_trio"
"3387","AC026167.1","Exc L3-4 RORB CUX2",0.077777532151557,3.96446438881495,1.28374576204239,0.258247433847696,0.395817213239936,0.395817213239936,"gpath_trio"
"3388","AC069277.1","Exc L3-4 RORB CUX2",-0.38718744304039,1.99833008031869,9.13256853448089,0.00276159548948556,0.0100442020912874,0.0100442020912874,"gpath_trio"
"3389","GRM7-AS3","Exc L3-4 RORB CUX2",0.00174173302382236,3.68561888883205,0.00146706067149288,0.969476106293467,0.984159225343197,0.984159225343197,"gpath_trio"
"3390","GRM7","Exc L3-4 RORB CUX2",0.141322354481287,10.3871352857555,46.8915101458264,5.39151416154606e-11,1.6455945266141e-09,1.6455945266141e-09,"gpath_trio"
"3391","GRM7-AS1","Exc L3-4 RORB CUX2",-0.391948581467571,2.70596710880096,38.0086586251272,2.67480011795203e-09,5.36956143081415e-08,5.36956143081415e-08,"gpath_trio"
"3392","AC068313.1","Exc L3-4 RORB CUX2",-0.549290652341321,-0.0523301721665152,22.9791358110815,2.75819884322822e-06,2.53862507582707e-05,2.53862507582707e-05,"gpath_trio"
"3393","LMCD1-AS1","Exc L3-4 RORB CUX2",-0.0774291191565071,4.08200954582751,0.95929285014854,0.328275546615519,0.474457995054667,0.474457995054667,"gpath_trio"
"3394","AC018832.1","Exc L3-4 RORB CUX2",0.129634332918612,-1.03836972162424,1.00270288126445,0.317588363956686,0.462799486465209,0.462799486465209,"gpath_trio"
"3395","LMCD1","Exc L3-4 RORB CUX2",-0.0288070231606287,-0.323940318562114,0.0524226555907792,0.819080038002438,0.896146408172407,0.896146408172407,"gpath_trio"
"3396","SSUH2","Exc L3-4 RORB CUX2",0.039243016518507,2.93946477009866,0.737395988733855,0.391287264002004,0.539118481763364,0.539118481763364,"gpath_trio"
"3397","CAV3","Exc L3-4 RORB CUX2",-0.429595889164276,2.54539806830667,52.1961167262469,5.56503303030865e-12,2.1843295989587e-10,2.1843295989587e-10,"gpath_trio"
"3398","OXTR","Exc L3-4 RORB CUX2",0.110298178882781,2.20795563698088,6.50160714648026,0.0113521762651615,0.0328452826831542,0.0328452826831542,"gpath_trio"
"3399","RAD18","Exc L3-4 RORB CUX2",0.0511329110764707,6.04337988176247,4.90553496316291,0.0276379496191105,0.0679083709128675,0.0679083709128675,"gpath_trio"
"3400","SRGAP3","Exc L3-4 RORB CUX2",0.0727046869346896,8.46734507133595,22.4098246160726,3.62192209744792e-06,3.24045580115352e-05,3.24045580115352e-05,"gpath_trio"
"3401","THUMPD3-AS1","Exc L3-4 RORB CUX2",-0.0413702897508781,6.12407501297346,2.23695988722048,0.135958434410746,0.242773378867161,0.242773378867161,"gpath_trio"
"3402","THUMPD3","Exc L3-4 RORB CUX2",-0.0229136194975948,3.70524910114653,0.576141538197471,0.448516260996278,0.594729909010839,0.594729909010839,"gpath_trio"
"3403","SETD5","Exc L3-4 RORB CUX2",0.0366505935434765,7.76349921154845,5.01428557861254,0.0259849330018355,0.0646180233344055,0.0646180233344055,"gpath_trio"
"3404","LHFPL4","Exc L3-4 RORB CUX2",0.0764372632048557,6.65183934461819,32.0601494511462,3.94797763864497e-08,5.89566608879809e-07,5.89566608879809e-07,"gpath_trio"
"3405","MTMR14","Exc L3-4 RORB CUX2",0.0555210833128997,4.34740328499675,8.28774736283771,0.00432332012235476,0.0146741223870302,0.0146741223870302,"gpath_trio"
"3406","CPNE9","Exc L3-4 RORB CUX2",0.062227720306349,5.02378637386529,4.063092670647,0.044858872574829,0.101043181577271,0.101043181577271,"gpath_trio"
"3407","BRPF1","Exc L3-4 RORB CUX2",0.0966561174522183,2.5618566381536,6.40791949087083,0.0119512004823425,0.034302954862891,0.034302954862891,"gpath_trio"
"3408","OGG1","Exc L3-4 RORB CUX2",0.0363564343077115,3.87238485858794,1.78798279087244,0.948848512512172,0.974894007941183,0.974894007941183,"gpath_trio"
"3409","CAMK1","Exc L3-4 RORB CUX2",-0.0448295526650279,4.92937850004939,2.47227233967099,0.117086352232334,0.216003763376678,0.216003763376678,"gpath_trio"
"3410","TADA3","Exc L3-4 RORB CUX2",-0.0231894267588483,4.08112972843961,0.52287721768216,0.470266887701865,0.615640416545657,0.615640416545657,"gpath_trio"
"3411","TTLL3","Exc L3-4 RORB CUX2",-0.0898416558361602,2.43867625185994,5.3512965333721,0.0214875089211539,0.0554573995758321,0.0554573995758321,"gpath_trio"
"3412","RPUSD3","Exc L3-4 RORB CUX2",-0.0147480096933582,3.80809810049259,0.289474352259884,0.591017816715154,0.721822413719247,0.721822413719247,"gpath_trio"
"3413","JAGN1","Exc L3-4 RORB CUX2",-0.162997757264257,2.45763507399947,16.9489432731582,5.16100095186263e-05,0.000331602529311556,0.000331602529311556,"gpath_trio"
"3414","IL17RE","Exc L3-4 RORB CUX2",-0.184329157329223,1.73234690315204,10.5396467879762,0.00132178814950954,0.00537859538450079,0.00537859538450079,"gpath_trio"
"3415","IL17RC","Exc L3-4 RORB CUX2",0.00531213400100586,2.70265252687841,0.00982187018325189,0.921130990032037,0.95970965316548,0.95970965316548,"gpath_trio"
"3416","CRELD1","Exc L3-4 RORB CUX2",0.00311346855857062,6.1662901074732,0.0122999148043611,0.911777256252053,0.955008660059438,0.955008660059438,"gpath_trio"
"3417","PRRT3","Exc L3-4 RORB CUX2",0.0298973695588519,4.67764713156152,1.7951939572558,0.181464414955395,0.302290857214523,0.302290857214523,"gpath_trio"
"3418","PRRT3-AS1","Exc L3-4 RORB CUX2",-0.0265958844473657,-0.389260818267459,0.0615998170563527,0.804180908598116,0.886721857734437,0.886721857734437,"gpath_trio"
"3419","EMC3","Exc L3-4 RORB CUX2",-0.0730888992570808,5.08538846606666,17.1600960590272,4.64975491153908e-05,0.000302609049484842,0.000302609049484842,"gpath_trio"
"3420","FANCD2","Exc L3-4 RORB CUX2",-0.186365440769606,2.46786897169603,25.2066530764408,9.57081354239583e-07,9.94802489530324e-06,9.94802489530324e-06,"gpath_trio"
"3421","FANCD2OS","Exc L3-4 RORB CUX2",-0.121094184722721,0.0612721667398122,2.64927065280529,0.104808567013599,0.198286707383005,0.198286707383005,"gpath_trio"
"3422","BRK1","Exc L3-4 RORB CUX2",-0.221145546459765,5.40168390240623,97.7123306588679,9.0903928196451e-20,2.58307993149774e-17,2.58307993149774e-17,"gpath_trio"
"3423","VHL","Exc L3-4 RORB CUX2",-0.0146411197332331,4.26254744361188,0.367287057577149,0.864719520520374,0.926485200557544,0.926485200557544,"gpath_trio"
"3424","IRAK2","Exc L3-4 RORB CUX2",0.0639297106179691,2.72657848009903,1.96386281874397,0.162293302603618,0.277081101804857,0.277081101804857,"gpath_trio"
"3425","AC022384.1","Exc L3-4 RORB CUX2",0.197552209980254,0.25941211876672,5.1943322528057,0.0234715603518965,0.0594226038523668,0.0594226038523668,"gpath_trio"
"3426","GHRL","Exc L3-4 RORB CUX2",-0.269097895303023,0.735142619577563,11.6760727537957,0.0007345848624034,0.00325863007893329,0.00325863007893329,"gpath_trio"
"3427","GHRLOS","Exc L3-4 RORB CUX2",0.144475755768926,1.62650245838675,4.15448551407869,0.0425363005161556,0.0968115488207888,0.0968115488207888,"gpath_trio"
"3428","SEC13","Exc L3-4 RORB CUX2",-0.0422006773474716,4.66732114462625,4.17739351730877,0.0419743166771243,0.0958485739978615,0.0958485739978615,"gpath_trio"
"3429","ATP2B2","Exc L3-4 RORB CUX2",-0.00582171519091849,8.9766238953809,0.0927891224719194,0.760904536768399,0.857185614175604,0.857185614175604,"gpath_trio"
"3430","SLC6A11","Exc L3-4 RORB CUX2",0.153148412332465,4.4387981776668,20.761317883304,8.00805765446266e-06,6.48644733965888e-05,6.48644733965888e-05,"gpath_trio"
"3431","HRH1","Exc L3-4 RORB CUX2",0.0242070533179404,4.95192915060965,0.330492235728033,0.565866486508769,0.701121191753019,0.701121191753019,"gpath_trio"
"3432","ATG7","Exc L3-4 RORB CUX2",0.0720287658924631,7.94677484670611,15.9404400892867,8.51067230742894e-05,0.000507246126447205,0.000507246126447205,"gpath_trio"
"3433","VGLL4","Exc L3-4 RORB CUX2",0.0528655306569465,7.18782607291413,11.5419601964502,0.000787060790970445,0.00345419870738062,0.00345419870738062,"gpath_trio"
"3434","TAMM41","Exc L3-4 RORB CUX2",0.0540187551398229,5.66296656612034,5.11924845739001,0.0244873385963086,0.0615616269383833,0.0615616269383833,"gpath_trio"
"3435","SYN2","Exc L3-4 RORB CUX2",0.0667851323605675,8.8151609859519,10.6217906011468,0.00126656421278727,0.00518841279045345,0.00518841279045345,"gpath_trio"
"3436","PPARG","Exc L3-4 RORB CUX2",0.189343194513399,5.14255890306658,23.0336327178322,2.68731262836769e-06,2.48357912401824e-05,2.48357912401824e-05,"gpath_trio"
"3437","TSEN2","Exc L3-4 RORB CUX2",0.086455217275071,5.98708654077688,26.0907415034663,6.30792941343887e-07,6.84206859764136e-06,6.84206859764136e-06,"gpath_trio"
"3438","MKRN2OS","Exc L3-4 RORB CUX2",-0.184990014598152,2.8292359921355,19.8164721775201,1.26595902036763e-05,9.7744826773505e-05,9.7744826773505e-05,"gpath_trio"
"3439","MKRN2","Exc L3-4 RORB CUX2",-0.019850732887543,4.33170844440803,0.781627089591418,0.569267861525667,0.704340678663089,0.704340678663089,"gpath_trio"
"3440","RAF1","Exc L3-4 RORB CUX2",0.0125568165611278,6.08120318418481,0.668266220404689,0.414405189733891,0.562739765960911,0.562739765960911,"gpath_trio"
"3441","TMEM40","Exc L3-4 RORB CUX2",-0.0914355797048677,-0.419011690397584,0.850433233986349,0.472516950351166,0.617513571388368,0.617513571388368,"gpath_trio"
"3442","CAND2","Exc L3-4 RORB CUX2",0.0616496713882168,5.03619752803897,7.28840982864318,0.00739532880757484,0.0229822487203978,0.0229822487203978,"gpath_trio"
"3443","RPL32","Exc L3-4 RORB CUX2",-0.300142663179123,5.20122838368958,60.7124710919757,1.58513927694638e-13,8.95803498946591e-12,8.95803498946591e-12,"gpath_trio"
"3444","IQSEC1","Exc L3-4 RORB CUX2",0.0818054203891002,7.44391114004659,27.6411226580515,3.04918593272417e-07,3.62934077833098e-06,3.62934077833098e-06,"gpath_trio"
"3445","NUP210","Exc L3-4 RORB CUX2",0.0705298226425023,4.87277494761504,10.9895967658206,0.00104669626438027,0.00440765959796951,0.00440765959796951,"gpath_trio"
"3446","HDAC11-AS1","Exc L3-4 RORB CUX2",0.155453228304148,0.381613396825973,3.60898073883345,0.0585748005032842,0.125005388528071,0.125005388528071,"gpath_trio"
"3447","HDAC11","Exc L3-4 RORB CUX2",0.0075820951671811,3.9000123789884,0.108380735717092,0.742260261461195,0.843240090938657,0.843240090938657,"gpath_trio"
"3448","FBLN2","Exc L3-4 RORB CUX2",-0.221670391925513,0.799371662961912,7.11058721268329,0.00814347014796097,0.024915758300745,0.024915758300745,"gpath_trio"
"3449","LINC00620","Exc L3-4 RORB CUX2",0.191221468956204,1.97073635356663,8.06899015729116,0.00485925503553938,0.0162015320347062,0.0162015320347062,"gpath_trio"
"3450","WNT7A","Exc L3-4 RORB CUX2",-0.012122608437794,1.84415786299115,0.0249851196457532,0.874526837178398,0.932585175753167,0.932585175753167,"gpath_trio"
"3451","CHCHD4","Exc L3-4 RORB CUX2",-0.134909115070222,1.82433522481218,9.15192000693385,0.00273353666978932,0.00995650881260146,0.00995650881260146,"gpath_trio"
"3452","TMEM43","Exc L3-4 RORB CUX2",-0.132586054196848,3.10737089162161,16.3773484642143,6.84982193937605e-05,0.000421181945435638,0.000421181945435638,"gpath_trio"
"3453","AC090004.1","Exc L3-4 RORB CUX2",0.313673204915107,-0.135018484850489,12.2557216538728,0.000545674811482222,0.00252731618954404,0.00252731618954404,"gpath_trio"
"3454","AC093495.1","Exc L3-4 RORB CUX2",-0.0875246399185915,-0.490558733567648,0.61680917594504,0.432950556830711,0.580345324832874,0.580345324832874,"gpath_trio"
"3455","XPC","Exc L3-4 RORB CUX2",-0.00705007192323011,4.66693509864557,0.0851195064566315,0.770708522658345,0.863739831387186,0.863739831387186,"gpath_trio"
"3456","LSM3","Exc L3-4 RORB CUX2",-0.190470954398948,3.54980403174449,41.2989840108261,6.20170464968746e-10,1.43980887580489e-08,1.43980887580489e-08,"gpath_trio"
"3457","SLC6A6","Exc L3-4 RORB CUX2",0.00611422246393664,4.61959128592203,0.0518281212736226,0.906283654014508,0.952400115291598,0.952400115291598,"gpath_trio"
"3458","CCDC174","Exc L3-4 RORB CUX2",-0.0166312168208622,4.21554862157218,0.45869216536371,0.522259835830415,0.662607137998967,0.662607137998967,"gpath_trio"
"3459","C3orf20","Exc L3-4 RORB CUX2",0.0600145570834194,3.33353717106144,0.960216149320069,0.3280433101224,0.474190283135302,0.474190283135302,"gpath_trio"
"3460","FGD5","Exc L3-4 RORB CUX2",-0.138595598282403,1.45207081123066,3.60796316375336,0.0586101368934661,0.125035371875402,0.125035371875402,"gpath_trio"
"3461","FGD5-AS1","Exc L3-4 RORB CUX2",-0.0533665872546299,5.0174212722389,5.45712800808512,0.0202490930840828,0.0528767089012906,0.0528767089012906,"gpath_trio"
"3462","NR2C2","Exc L3-4 RORB CUX2",0.0195899108777818,5.72959708400054,1.59841355216065,0.207260348599097,0.334782271062296,0.334782271062296,"gpath_trio"
"3463","MRPS25","Exc L3-4 RORB CUX2",-0.0638528157746942,5.48854318362411,10.1502034029418,0.00161899427642917,0.00637684242202842,0.00637684242202842,"gpath_trio"
"3464","RBSN","Exc L3-4 RORB CUX2",-0.0529992523658158,4.90704553852041,8.82337035168946,0.00325210871625633,0.0115330099051628,0.0115330099051628,"gpath_trio"
"3465","CAPN7","Exc L3-4 RORB CUX2",0.0777179783643808,6.09385996600469,23.4418864087335,2.21161987667848e-06,2.08794716948939e-05,2.08794716948939e-05,"gpath_trio"
"3466","SH3BP5-AS1","Exc L3-4 RORB CUX2",0.156316375869612,1.99763727386842,13.0881721626897,0.000356966211259834,0.00175662082180448,0.00175662082180448,"gpath_trio"
"3467","SH3BP5","Exc L3-4 RORB CUX2",0.0131961312092463,6.14013912058166,0.32188317421664,0.570967632389826,0.705535124852376,0.705535124852376,"gpath_trio"
"3468","METTL6","Exc L3-4 RORB CUX2",0.0965916704915968,6.05039455707417,29.3802246018624,1.35741632338241e-07,1.77140196146443e-06,1.77140196146443e-06,"gpath_trio"
"3469","EAF1","Exc L3-4 RORB CUX2",-0.167396100404325,4.0810436090885,44.3701204662079,1.6114656607165e-10,4.32331379055259e-09,4.32331379055259e-09,"gpath_trio"
"3470","EAF1-AS1","Exc L3-4 RORB CUX2",-0.139453695745714,1.26995112943495,5.20624062880801,0.0233145426808181,0.0591363966036591,0.0591363966036591,"gpath_trio"
"3471","COLQ","Exc L3-4 RORB CUX2",0.09975884031713,6.16103843405318,16.5686649857022,6.22985917519646e-05,0.000389245614306561,0.000389245614306561,"gpath_trio"
"3472","HACL1","Exc L3-4 RORB CUX2",0.0330427215966288,6.21701439208837,5.40431998364297,0.0208574702306442,0.0541081987788668,0.0541081987788668,"gpath_trio"
"3473","BTD","Exc L3-4 RORB CUX2",-0.0294741797348457,3.25512731429999,0.96787274699209,0.326125854337669,0.47185808313701,0.47185808313701,"gpath_trio"
"3474","ANKRD28","Exc L3-4 RORB CUX2",-0.0109750777155684,7.17158544079839,0.456012166156864,0.500093706082257,0.643114750576738,0.643114750576738,"gpath_trio"
"3475","GALNT15","Exc L3-4 RORB CUX2",-0.0244078644663866,2.73224310627094,0.174769995113856,0.676251950062191,0.792068684615657,0.792068684615657,"gpath_trio"
"3476","DPH3","Exc L3-4 RORB CUX2",-0.0525427328176844,3.12464884734193,2.79401418932651,0.0958199808423879,0.18446260624954,0.18446260624954,"gpath_trio"
"3477","OXNAD1","Exc L3-4 RORB CUX2",0.03997834176861,5.96957255938471,5.94619353788217,0.0154190314882621,0.0424160022192103,0.0424160022192103,"gpath_trio"
"3478","RFTN1","Exc L3-4 RORB CUX2",0.0190451842858248,7.09977977440993,0.431587146284834,0.511792253163331,0.653341477320311,0.653341477320311,"gpath_trio"
"3479","DAZL","Exc L3-4 RORB CUX2",-0.127705533174066,-0.440301944665929,1.52041281688274,0.218670674991708,0.348434470188518,0.348434470188518,"gpath_trio"
"3480","PLCL2","Exc L3-4 RORB CUX2",0.0497850399316546,7.31302059779282,11.7454299920775,0.000708857427133242,0.00315769454458228,0.00315769454458228,"gpath_trio"
"3481","TBC1D5","Exc L3-4 RORB CUX2",0.127400570352134,8.5928205434847,97.3798679626497,1.02708016902656e-19,2.87796422362651e-17,2.87796422362651e-17,"gpath_trio"
"3482","AC132807.2","Exc L3-4 RORB CUX2",-0.154526345371431,-1.49490344629655,0.758841157446201,0.384498123732774,0.532522114801175,0.532522114801175,"gpath_trio"
"3483","EFHB","Exc L3-4 RORB CUX2",-0.0805519223012185,1.80628392696745,0.454847397824944,0.500641141153098,0.643360235438246,0.643360235438246,"gpath_trio"
"3484","RAB5A","Exc L3-4 RORB CUX2",-0.0380612894068708,5.43301689290415,4.94299717945754,0.0270564365999713,0.0667478122284691,0.0667478122284691,"gpath_trio"
"3485","PP2D1","Exc L3-4 RORB CUX2",-0.129520603936321,0.0666694026836046,2.43504284120055,0.119866967444527,0.220006920323265,0.220006920323265,"gpath_trio"
"3486","KAT2B","Exc L3-4 RORB CUX2",0.11900743027778,5.03692389719277,18.2315603231126,2.74444276191608e-05,0.000190337341772626,0.000190337341772626,"gpath_trio"
"3487","AC099753.1","Exc L3-4 RORB CUX2",-0.295170733596915,0.0222402348865513,12.2669533206742,0.000542548591764185,0.00251572462395827,0.00251572462395827,"gpath_trio"
"3488","ZNF385D","Exc L3-4 RORB CUX2",1.46167363625918,1.26099439894966,14.5945033034476,0.00016679457430499,0.000908008779439602,0.000908008779439602,"gpath_trio"
"3489","UBE2E2-AS1","Exc L3-4 RORB CUX2",0.189735921207239,-0.552682322765264,3.13259369798592,0.0779135183892148,0.15723105523635,0.15723105523635,"gpath_trio"
"3490","UBE2E2","Exc L3-4 RORB CUX2",0.141766465459542,9.60235382025022,114.584796586754,2.15027042676665e-22,1.44605686200057e-19,1.44605686200057e-19,"gpath_trio"
"3491","UBE2E1","Exc L3-4 RORB CUX2",0.0187073471296722,5.96732681772973,0.782076403456463,0.377323885500916,0.525544314116741,0.525544314116741,"gpath_trio"
"3492","NKIRAS1","Exc L3-4 RORB CUX2",-0.0593317372059794,4.38191662223056,8.25604349884859,0.00439707121576294,0.0148569606059316,0.0148569606059316,"gpath_trio"
"3493","RPL15","Exc L3-4 RORB CUX2",-0.22243728266006,6.54204763264121,66.1768867508071,1.70493833026733e-14,1.22846895761226e-12,1.22846895761226e-12,"gpath_trio"
"3494","NR1D2","Exc L3-4 RORB CUX2",0.0360908553062118,6.33722714816836,2.91263607833648,0.0890820575714925,0.174492104059725,0.174492104059725,"gpath_trio"
"3495","LINC00691","Exc L3-4 RORB CUX2",0.0362494468019581,-1.51919915966297,0.0168936355305281,0.896686292166206,0.946658605151921,0.946658605151921,"gpath_trio"
"3496","THRB","Exc L3-4 RORB CUX2",0.105772435735842,9.82369184761213,33.762236182116,1.81518349323675e-08,2.95571646295815e-07,2.95571646295815e-07,"gpath_trio"
"3497","AC012087.1","Exc L3-4 RORB CUX2",0.0627606914016762,-0.285054734814713,0.401760086854748,0.526738877841897,0.666977773204059,0.666977773204059,"gpath_trio"
"3498","AC092422.1","Exc L3-4 RORB CUX2",0.150721724110258,5.6985293390296,10.8006215463816,0.00115432650877099,0.00479780331982999,0.00479780331982999,"gpath_trio"
"3499","RARB","Exc L3-4 RORB CUX2",0.1153576068807,7.08645983124803,11.3973631173189,0.000847926652569106,0.00367271336090691,0.00367271336090691,"gpath_trio"
"3500","TOP2B","Exc L3-4 RORB CUX2",-0.00835096292034246,6.31922976880512,0.354854445221515,0.551896097874922,0.689430296799979,0.689430296799979,"gpath_trio"
"3501","NGLY1","Exc L3-4 RORB CUX2",0.0505131429690309,5.94281556290366,9.43741113385792,0.00235185031807188,0.00877639853956669,0.00877639853956669,"gpath_trio"
"3502","OXSM","Exc L3-4 RORB CUX2",0.00828745341916374,3.2087410769192,0.0639487110637335,0.800560122357475,0.883840454665758,0.883840454665758,"gpath_trio"
"3503","LRRC3B","Exc L3-4 RORB CUX2",0.263433195028073,3.43307916222407,15.6375445549179,9.89668776963925e-05,0.000578908888815517,0.000578908888815517,"gpath_trio"
"3504","NEK10","Exc L3-4 RORB CUX2",0.0213992582783267,7.1912643712378,1.17617080846879,0.279141501562845,0.419733806622028,0.419733806622028,"gpath_trio"
"3505","SLC4A7","Exc L3-4 RORB CUX2",0.0658571979488901,5.29434072587347,6.30683670483553,0.0126342737216259,0.0359819977885098,0.0359819977885098,"gpath_trio"
"3506","CMC1","Exc L3-4 RORB CUX2",0.0554996616944431,5.39836257426552,9.31523239031107,0.0025080460386703,0.00927076380179065,0.00927076380179065,"gpath_trio"
"3507","AZI2","Exc L3-4 RORB CUX2",-0.035447821248738,4.86487466891087,2.17055401151062,0.141885115325366,0.250440262614983,0.250440262614983,"gpath_trio"
"3508","AC098650.1","Exc L3-4 RORB CUX2",0.154644471413403,3.48765350799862,21.0713260540149,6.89436395325583e-06,5.6889076792203e-05,5.6889076792203e-05,"gpath_trio"
"3509","RBMS3","Exc L3-4 RORB CUX2",0.48213057896586,1.7417490776576,15.8203408178173,9.03502179970234e-05,0.000534303944365905,0.000534303944365905,"gpath_trio"
"3510","STT3B","Exc L3-4 RORB CUX2",0.017661454819962,5.71534768997583,1.31970809839132,0.549322434107555,0.687385196838431,0.687385196838431,"gpath_trio"
"3511","OSBPL10","Exc L3-4 RORB CUX2",0.00655213049295739,6.9512872133822,0.0799841124278386,0.777543963614936,0.8688423963407,0.8688423963407,"gpath_trio"
"3512","OSBPL10-AS1","Exc L3-4 RORB CUX2",-0.530546834647382,1.27460972969805,52.7052216765401,4.48532425839906e-12,1.80621590645112e-10,1.80621590645112e-10,"gpath_trio"
"3513","ZNF860","Exc L3-4 RORB CUX2",0.00358649048723474,2.08443969735675,0.00470534712628995,0.94536429750565,0.973406718254176,0.973406718254176,"gpath_trio"
"3514","GPD1L","Exc L3-4 RORB CUX2",-0.0433149183986982,5.79180918916779,4.7415353984179,0.720866292328837,0.826997198964067,0.826997198964067,"gpath_trio"
"3515","CMTM8","Exc L3-4 RORB CUX2",-0.364927981744089,-1.16170284045075,1.33825787743847,0.248407246229999,0.384002466683797,0.384002466683797,"gpath_trio"
"3516","CMTM7","Exc L3-4 RORB CUX2",-0.3455640294655,1.13107763190031,30.4928288080925,8.114925205131e-08,1.10995671873571e-06,1.10995671873571e-06,"gpath_trio"
"3517","CMTM6","Exc L3-4 RORB CUX2",-0.0283010432183571,3.77173676376002,0.88866828133326,0.346713527619522,0.493841007754398,0.493841007754398,"gpath_trio"
"3518","DYNC1LI1","Exc L3-4 RORB CUX2",-0.0183882941094441,5.58780471200081,0.981318429866248,0.322794501021537,0.468294403039969,0.468294403039969,"gpath_trio"
"3519","CNOT10","Exc L3-4 RORB CUX2",0.0279829361257451,5.76272758264768,3.65044777937913,0.0571540068246739,0.122490833466065,0.122490833466065,"gpath_trio"
"3520","TRIM71","Exc L3-4 RORB CUX2",0.0396030106574609,2.21722878926982,0.572253649812612,0.668273133441748,0.785367884149081,0.785367884149081,"gpath_trio"
"3521","GLB1","Exc L3-4 RORB CUX2",-0.000798200174107061,6.04630923199847,0.00151806136159629,0.968950339679915,0.983922543942132,0.983922543942132,"gpath_trio"
"3522","CRTAP","Exc L3-4 RORB CUX2",-0.00510345194413795,4.03654402795653,0.0413578193721115,0.839007866849203,0.909124212561505,0.909124212561505,"gpath_trio"
"3523","AC112211.1","Exc L3-4 RORB CUX2",-0.164711561557127,-0.545626583872801,2.59814213715546,0.108202228026687,0.203200218787899,0.203200218787899,"gpath_trio"
"3524","SUSD5","Exc L3-4 RORB CUX2",-0.0449648047122075,5.05743249079555,2.04911133257619,0.153495964569829,0.265977933968591,0.265977933968591,"gpath_trio"
"3525","FBXL2","Exc L3-4 RORB CUX2",0.0566154224878132,7.40094111525806,12.8928520057934,0.00039423786336,0.00191333868012701,0.00191333868012701,"gpath_trio"
"3526","UBP1","Exc L3-4 RORB CUX2",-0.0042564031731011,5.99604550832817,0.0597729494896881,0.947108275428833,0.974247155293769,0.974247155293769,"gpath_trio"
"3527","CLASP2","Exc L3-4 RORB CUX2",0.0303195102226326,9.08416296470362,5.49145373966119,0.0198635743819727,0.0520383863337617,0.0520383863337617,"gpath_trio"
"3528","AC112220.4","Exc L3-4 RORB CUX2",-0.0806461928363551,-0.251542076146318,0.336850588521901,0.562155443770398,0.697765847057203,0.697765847057203,"gpath_trio"
"3529","PDCD6IP","Exc L3-4 RORB CUX2",0.00823444149240977,6.30441255216327,0.352210183024242,0.55338056962544,0.690570482599941,0.690570482599941,"gpath_trio"
"3530","LINC01811","Exc L3-4 RORB CUX2",0.0907728726439662,5.72738657928724,5.74811657039564,0.0172122993312761,0.0463876755287865,0.0463876755287865,"gpath_trio"
"3531","ARPP21","Exc L3-4 RORB CUX2",0.0759110429176656,9.39309893293585,19.2214698664866,1.69126354256094e-05,0.000125123732934239,0.000125123732934239,"gpath_trio"
"3532","STAC","Exc L3-4 RORB CUX2",-0.217031082416618,0.262734633409839,2.8410089819496,0.0930861855860014,0.180268352079989,0.180268352079989,"gpath_trio"
"3533","DCLK3","Exc L3-4 RORB CUX2",0.149359959909177,2.19749257807648,4.77675940245578,0.0297387488119394,0.072190982707361,0.072190982707361,"gpath_trio"
"3534","LINC02033","Exc L3-4 RORB CUX2",0.0737203045653381,0.540593498069445,1.11865660291995,0.291189561171771,0.4336248447476,0.4336248447476,"gpath_trio"
"3535","TRANK1","Exc L3-4 RORB CUX2",0.0836917093278719,6.71506780240987,17.1374689901197,4.70199243942567e-05,0.000305642866206234,0.000305642866206234,"gpath_trio"
"3536","EPM2AIP1","Exc L3-4 RORB CUX2",-0.0232997448615051,5.96124214313006,1.69278443595757,0.194386121426744,0.318457795548993,0.318457795548993,"gpath_trio"
"3537","MLH1","Exc L3-4 RORB CUX2",0.00840795871273521,4.43525302310647,0.140586393649385,0.880790864640152,0.936789271659817,0.936789271659817,"gpath_trio"
"3538","LRRFIP2","Exc L3-4 RORB CUX2",0.00195718960676573,7.53268851296166,0.00990469361658164,0.920800250600525,0.959681325177686,0.959681325177686,"gpath_trio"
"3539","AC126118.1","Exc L3-4 RORB CUX2",0.130732168945138,1.42076514576562,6.33359547703917,0.012449611029773,0.035558676099188,0.035558676099188,"gpath_trio"
"3540","AC097359.3","Exc L3-4 RORB CUX2",0.200468714984872,0.766140287989785,9.6766255112793,0.00207417568909874,0.00787476374248533,0.00787476374248533,"gpath_trio"
"3541","GOLGA4","Exc L3-4 RORB CUX2",0.0388175027799096,7.63489165816117,5.96531640497747,0.0152564858443463,0.0420663662579865,0.0420663662579865,"gpath_trio"
"3542","ITGA9","Exc L3-4 RORB CUX2",-0.0158515751544755,6.92866720074848,0.257269520862758,0.612432190995973,0.739420234185522,0.739420234185522,"gpath_trio"
"3543","CTDSPL","Exc L3-4 RORB CUX2",0.105470940807069,8.08700394991638,39.2377829929762,1.54599914809163e-09,3.25919883100821e-08,3.25919883100821e-08,"gpath_trio"
"3544","VILL","Exc L3-4 RORB CUX2",-0.000393430697159225,2.48491758456544,0.000113974968299408,0.991490208080758,0.996181023308232,0.996181023308232,"gpath_trio"
"3545","PLCD1","Exc L3-4 RORB CUX2",-0.0528325332097809,1.39204955357005,0.86721489050587,0.352591359106505,0.500037302823966,0.500037302823966,"gpath_trio"
"3546","DLEC1","Exc L3-4 RORB CUX2",0.0123523927202514,1.19451551282115,0.0449153629799648,0.832325771611053,0.904354915590967,0.904354915590967,"gpath_trio"
"3547","ACAA1","Exc L3-4 RORB CUX2",-0.107087166921146,4.99456706081867,15.601291493519,0.000100772389613214,0.000587548717667908,0.000587548717667908,"gpath_trio"
"3548","OXSR1","Exc L3-4 RORB CUX2",0.0448594766746741,6.17520172185358,11.2914013080465,0.000895554451946293,0.00385159050693167,0.00385159050693167,"gpath_trio"
"3549","SLC22A13","Exc L3-4 RORB CUX2",0.0804701335638736,1.96788394538169,3.31565522612605,0.0697722846003741,0.144005712717396,0.144005712717396,"gpath_trio"
"3550","SLC22A14","Exc L3-4 RORB CUX2",0.108880799459352,4.14299131003779,14.4427273723245,0.000180014929024231,0.000971329551501434,0.000971329551501434,"gpath_trio"
"3551","XYLB","Exc L3-4 RORB CUX2",0.0828077413084243,5.75371924520158,21.9255739293253,4.56930819334665e-06,3.96668643721036e-05,3.96668643721036e-05,"gpath_trio"
"3552","ACVR2B","Exc L3-4 RORB CUX2",0.074494871589207,4.38112015683458,10.8776181224513,0.00110917403963093,0.00462920691964295,0.00462920691964295,"gpath_trio"
"3553","EXOG","Exc L3-4 RORB CUX2",-0.0556850738838171,5.33390410968877,7.2765442981313,0.0074429734202627,0.0231196287534719,0.0231196287534719,"gpath_trio"
"3554","SCN5A","Exc L3-4 RORB CUX2",-0.220933621882873,1.47702297500847,5.31322325328745,0.0219521162411443,0.0564327147254188,0.0564327147254188,"gpath_trio"
"3555","SCN10A","Exc L3-4 RORB CUX2",-0.269759952520822,0.0431812375484413,3.24313783655833,0.0728818671691006,0.149036252801196,0.149036252801196,"gpath_trio"
"3556","SCN11A","Exc L3-4 RORB CUX2",0.106239494746699,1.21112466564005,3.57742807882601,0.0596811770643039,0.126997969335759,0.126997969335759,"gpath_trio"
"3557","WDR48","Exc L3-4 RORB CUX2",-0.0374393648009877,5.57732317002723,5.42221305334224,0.0206492280916378,0.0536853320552569,0.0536853320552569,"gpath_trio"
"3558","GORASP1","Exc L3-4 RORB CUX2",0.00652806534911861,3.44201017665474,0.0654486318062574,0.822153541897488,0.897999442790418,0.897999442790418,"gpath_trio"
"3559","TTC21A","Exc L3-4 RORB CUX2",0.0312539276955397,4.7474676204174,1.45579078369584,0.467338534551423,0.612620171559815,0.612620171559815,"gpath_trio"
"3560","CSRNP1","Exc L3-4 RORB CUX2",-0.0755354365047092,1.92459846890936,2.14010321489655,0.14469998359422,0.254075036467657,0.254075036467657,"gpath_trio"
"3561","AC092053.3","Exc L3-4 RORB CUX2",-0.077541986193151,0.242822533096139,1.12241477938294,0.290382279855969,0.432678175487015,0.432678175487015,"gpath_trio"
"3562","SLC25A38","Exc L3-4 RORB CUX2",-0.0272773289806383,3.75933272360903,1.04104341575355,0.706803112288311,0.815868680078766,0.815868680078766,"gpath_trio"
"3563","RPSA","Exc L3-4 RORB CUX2",-0.149453941888404,5.59753029373891,26.0329648859198,6.48180900885667e-07,7.01182288223503e-06,7.01182288223503e-06,"gpath_trio"
"3564","MYRIP","Exc L3-4 RORB CUX2",0.123569465071157,8.52696852015152,51.9003639754757,6.30903457488697e-12,2.43840560437442e-10,2.43840560437442e-10,"gpath_trio"
"3565","EIF1B","Exc L3-4 RORB CUX2",-0.250852442942202,5.79408744082417,103.34290524167,1.17022897155092e-20,4.54026336558459e-18,4.54026336558459e-18,"gpath_trio"
"3566","ENTPD3-AS1","Exc L3-4 RORB CUX2",-0.0299748210223695,3.09188188834147,0.851374151897276,0.357019312612194,0.504685021857554,0.504685021857554,"gpath_trio"
"3567","ENTPD3","Exc L3-4 RORB CUX2",-0.0435854176628524,4.80782742788596,2.21870641805448,0.137559247503532,0.244796490992657,0.244796490992657,"gpath_trio"
"3568","RPL14","Exc L3-4 RORB CUX2",-0.185576719624064,5.74697618041515,39.6246087072157,1.30172256184071e-09,2.79047774894594e-08,2.79047774894594e-08,"gpath_trio"
"3569","ZNF619","Exc L3-4 RORB CUX2",-0.0260152926796932,0.286065515171538,0.114378998988845,0.73548566422763,0.837664684140941,0.837664684140941,"gpath_trio"
"3570","ZNF620","Exc L3-4 RORB CUX2",0.0303072628813826,1.51213200717196,0.336817586168796,0.591724669281376,0.722335886897306,0.722335886897306,"gpath_trio"
"3571","ZNF621","Exc L3-4 RORB CUX2",0.000264034264266384,3.47399856706879,5.92694179703699e-05,0.993863319581991,0.996877422321104,0.996877422321104,"gpath_trio"
"3572","AC099560.1","Exc L3-4 RORB CUX2",-0.0926827185445915,-0.600750966746893,0.650122365650398,0.420805790352736,0.568943650260175,0.568943650260175,"gpath_trio"
"3573","CTNNB1","Exc L3-4 RORB CUX2",0.0228471497968194,6.31121121316424,1.03916882462939,0.308962440363179,0.453332162496519,0.453332162496519,"gpath_trio"
"3574","ULK4","Exc L3-4 RORB CUX2",0.061363373798724,6.94798334452823,12.8965115336798,0.00039350440425838,0.00191069828060477,0.00191069828060477,"gpath_trio"
"3575","TRAK1","Exc L3-4 RORB CUX2",0.0815951700410814,6.35566426920051,24.3170809801199,1.4585315834953e-06,1.45744797904991e-05,1.45744797904991e-05,"gpath_trio"
"3576","CCK","Exc L3-4 RORB CUX2",-0.204417087744735,7.92205486673886,41.6508945857184,5.31003643588053e-10,1.24425069795459e-08,1.24425069795459e-08,"gpath_trio"
"3577","AC018358.1","Exc L3-4 RORB CUX2",-0.213922024474767,1.72344178540736,13.6397946527003,0.000269883610136601,0.00138582383163806,0.00138582383163806,"gpath_trio"
"3578","LYZL4","Exc L3-4 RORB CUX2",-0.189767817003967,0.294202664960501,5.8445890214909,0.0163133147408359,0.044332048073325,0.044332048073325,"gpath_trio"
"3579","VIPR1","Exc L3-4 RORB CUX2",0.018567386562422,5.2876799401521,0.700176731818246,0.403492715680903,0.551787475089866,0.551787475089866,"gpath_trio"
"3580","VIPR1-AS1","Exc L3-4 RORB CUX2",-0.424855311102411,1.27658361946695,30.9526886429305,6.56531030304877e-08,9.19189003220049e-07,9.19189003220049e-07,"gpath_trio"
"3581","SEC22C","Exc L3-4 RORB CUX2",0.0197560863220617,4.80571842343473,1.07510014446884,0.603336292746993,0.731904858767998,0.731904858767998,"gpath_trio"
"3582","SS18L2","Exc L3-4 RORB CUX2",-0.0526481071722918,4.52240146978597,4.76881295895969,0.029873747615084,0.0724838073522935,0.0724838073522935,"gpath_trio"
"3583","NKTR","Exc L3-4 RORB CUX2",0.0458444378613951,7.52730493737981,7.42039196644219,0.00688604608659501,0.0216865708010164,0.0216865708010164,"gpath_trio"
"3584","AC006059.1","Exc L3-4 RORB CUX2",-0.123966765782772,4.01253392606057,12.7675683112899,0.000420203700872627,0.00202035264016137,0.00202035264016137,"gpath_trio"
"3585","ZBTB47","Exc L3-4 RORB CUX2",0.0398367836826983,1.7019475596292,0.612985820751456,0.434378325961173,0.581833934820519,0.581833934820519,"gpath_trio"
"3586","CCDC13","Exc L3-4 RORB CUX2",0.0207926416999883,2.73658354008076,0.20649677046778,0.649906297258292,0.770017591448558,0.770017591448558,"gpath_trio"
"3587","CCDC13-AS1","Exc L3-4 RORB CUX2",0.189846568834524,-1.03179426905953,1.10161597297361,0.294886326099455,0.437901636173746,0.437901636173746,"gpath_trio"
"3588","AC099329.3","Exc L3-4 RORB CUX2",-0.0911711131841023,2.8082915779324,7.55938519793206,0.00638857313433277,0.0204132820692372,0.0204132820692372,"gpath_trio"
"3589","LINC02158","Exc L3-4 RORB CUX2",-0.470822615696123,-0.408021183670163,16.8539636468554,5.40918774895363e-05,0.000345130812255343,0.000345130812255343,"gpath_trio"
"3590","AC099329.1","Exc L3-4 RORB CUX2",-0.201392798652679,0.0651948345322274,6.43077286850604,0.0118021302797402,0.0339281815893073,0.0339281815893073,"gpath_trio"
"3591","ACKR2","Exc L3-4 RORB CUX2",0.151490648759116,0.461852534331753,4.26889857720885,0.0398065848441192,0.0919296988587574,0.0919296988587574,"gpath_trio"
"3592","AC092042.3","Exc L3-4 RORB CUX2",0.0359718850234686,2.54169870476948,0.434714191788602,0.510268314502085,0.652345430902957,0.652345430902957,"gpath_trio"
"3593","FAM198A","Exc L3-4 RORB CUX2",0.0389371123677225,0.155512755821264,0.199052095227253,0.664168263574831,0.782092728513525,0.782092728513525,"gpath_trio"
"3594","POMGNT2","Exc L3-4 RORB CUX2",-0.0507242076090406,4.54913643470848,4.39547082784368,0.0370009302236073,0.0866002050187096,0.0866002050187096,"gpath_trio"
"3595","SNRK","Exc L3-4 RORB CUX2",-0.00849650565849098,5.36589426751366,0.238820668227435,0.625471121453883,0.749984008503533,0.749984008503533,"gpath_trio"
"3596","AC104184.1","Exc L3-4 RORB CUX2",0.0628414617596416,0.929427108913135,1.00280305941773,0.317564236783245,0.462799486465209,0.462799486465209,"gpath_trio"
"3597","SNRK-AS1","Exc L3-4 RORB CUX2",0.324247672351676,0.244218885273701,18.0579793422681,2.98846086935187e-05,0.00020556494387717,0.00020556494387717,"gpath_trio"
"3598","ANO10","Exc L3-4 RORB CUX2",0.050296127526771,6.96123087690446,15.9970221598812,8.27443043693088e-05,0.000495213984174074,0.000495213984174074,"gpath_trio"
"3599","ABHD5","Exc L3-4 RORB CUX2",-0.0170901098034695,4.99418167160597,0.669726490138404,0.413896360969708,0.562182266175977,0.562182266175977,"gpath_trio"
"3600","AC006058.3","Exc L3-4 RORB CUX2",-0.172934229624875,0.525434454426166,4.9543200512198,0.0268832067096444,0.0664179151808813,0.0664179151808813,"gpath_trio"
"3601","AC006058.1","Exc L3-4 RORB CUX2",0.0800711435274251,5.32607156456289,7.02885927247507,0.00851304717651497,0.0258816646754354,0.0258816646754354,"gpath_trio"
"3602","TOPAZ1","Exc L3-4 RORB CUX2",-0.104682428135001,0.809832741683453,1.28787365041553,0.257485285876533,0.394889064428662,0.394889064428662,"gpath_trio"
"3603","AC104187.1","Exc L3-4 RORB CUX2",-0.120127088149077,-0.748305337574695,1.17375267599375,0.282716016062452,0.423907389673895,0.423907389673895,"gpath_trio"
"3604","TCAIM","Exc L3-4 RORB CUX2",0.100886676770527,6.00763950321843,28.0505205485323,2.51881122080866e-07,3.06126604697679e-06,3.06126604697679e-06,"gpath_trio"
"3605","ZNF445","Exc L3-4 RORB CUX2",0.0608505524974047,5.20351814949668,9.57066337269055,0.00219279044471463,0.00825518701662954,0.00825518701662954,"gpath_trio"
"3606","ZNF852","Exc L3-4 RORB CUX2",0.0470409812395451,2.75389079813794,1.60949155285782,0.205697918514602,0.332715105109605,0.332715105109605,"gpath_trio"
"3607","ZKSCAN7","Exc L3-4 RORB CUX2",-0.0809000111178291,2.36399925396275,4.1883094123122,0.0417092928329027,0.0953848314332139,0.0953848314332139,"gpath_trio"
"3608","AC099669.1","Exc L3-4 RORB CUX2",-0.0334103022126353,4.29623877319256,1.54939081076073,0.21434617190888,0.342911545592698,0.342911545592698,"gpath_trio"
"3609","ZNF197","Exc L3-4 RORB CUX2",0.0291259990293731,5.033188008825,1.49257580877234,0.222923745072775,0.35314132019989,0.35314132019989,"gpath_trio"
"3610","ZNF35","Exc L3-4 RORB CUX2",0.0224942835970222,3.18636315952641,0.544470391801384,0.929222768413351,0.96524916860979,0.96524916860979,"gpath_trio"
"3611","AC124045.1","Exc L3-4 RORB CUX2",-0.0362967404515037,0.920737999940814,0.388258165400327,0.533762573427938,0.672973249343298,0.672973249343298,"gpath_trio"
"3612","ZNF502","Exc L3-4 RORB CUX2",0.117169334974969,1.50405116918764,1.68755191384218,0.195074780690639,0.319347103248429,0.319347103248429,"gpath_trio"
"3613","ZNF501","Exc L3-4 RORB CUX2",-0.0265973647221892,-0.255342076811048,0.0509794050309929,0.821545093946897,0.897751076499754,0.897751076499754,"gpath_trio"
"3614","KIAA1143","Exc L3-4 RORB CUX2",-0.07344278322785,3.3601821261929,5.77568087417206,0.0169503100481158,0.0458162520392198,0.0458162520392198,"gpath_trio"
"3615","KIF15","Exc L3-4 RORB CUX2",0.0413538187538644,2.43863856238048,1.04452481203713,0.307721415855865,0.451879401115639,0.451879401115639,"gpath_trio"
"3616","ZDHHC3","Exc L3-4 RORB CUX2",0.0112494930849584,4.64890808780177,0.346384074701308,0.556678100102191,0.693227619872952,0.693227619872952,"gpath_trio"
"3617","EXOSC7","Exc L3-4 RORB CUX2",0.0780889144620768,4.44702149179887,11.0087143976586,0.00103639349827621,0.00437248825339241,0.00437248825339241,"gpath_trio"
"3618","CDCP1","Exc L3-4 RORB CUX2",-0.0146921639145657,3.04798831532177,0.0805557341691445,0.776771584009735,0.868461044576853,0.868461044576853,"gpath_trio"
"3619","TMEM158","Exc L3-4 RORB CUX2",-0.0636290596350067,4.08384943507267,2.78811847194927,0.0961691077742151,0.185046423399598,0.185046423399598,"gpath_trio"
"3620","LARS2","Exc L3-4 RORB CUX2",0.0632213252768448,5.73358001242616,13.2642528994647,0.000326439115054795,0.00162896590309931,0.00162896590309931,"gpath_trio"
"3621","LARS2-AS1","Exc L3-4 RORB CUX2",-0.423467207381399,-0.194654319259065,18.3764060147155,2.55631434986398e-05,0.000178579092827236,0.000178579092827236,"gpath_trio"
"3622","LIMD1","Exc L3-4 RORB CUX2",-0.0601828641909652,2.7673699023235,1.73347274592364,0.189127353458913,0.311888536540262,0.311888536540262,"gpath_trio"
"3623","SACM1L","Exc L3-4 RORB CUX2",-0.0307861513503432,5.74575837074116,4.68000055277692,0.0314270428981925,0.0755709881371913,0.0755709881371913,"gpath_trio"
"3624","SLC6A20","Exc L3-4 RORB CUX2",0.0246347525795213,2.08484241420136,0.196118255683551,0.658240702625003,0.777381383566085,0.777381383566085,"gpath_trio"
"3625","LZTFL1","Exc L3-4 RORB CUX2",0.0273548084292471,5.22346661520363,1.85400592196609,0.174496873134989,0.293299543072432,0.293299543072432,"gpath_trio"
"3626","CCR9","Exc L3-4 RORB CUX2",0.0541911124970215,-0.748923764629152,0.208405304113492,0.649424258419385,0.769699018303199,0.769699018303199,"gpath_trio"
"3627","FYCO1","Exc L3-4 RORB CUX2",0.164763386910298,0.813648316624474,4.28648696825138,0.0394036435747825,0.0911765694599423,0.0911765694599423,"gpath_trio"
"3628","CCR3","Exc L3-4 RORB CUX2",0.108503468943518,0.103139657201281,1.1607983464737,0.282298622593453,0.423479419348866,0.423479419348866,"gpath_trio"
"3629","LINC02009","Exc L3-4 RORB CUX2",-0.133000075666368,0.773093144092482,2.5161718880254,0.113899223905081,0.211289704038683,0.211289704038683,"gpath_trio"
"3630","LTF","Exc L3-4 RORB CUX2",-0.160380183630113,-1.28661272813138,1.11886781218408,0.291144115842927,0.433621182425147,0.433621182425147,"gpath_trio"
"3631","LRRC2","Exc L3-4 RORB CUX2",0.063981478112895,5.99613814510879,1.5512861055821,0.21406690909648,0.342752206159927,0.342752206159927,"gpath_trio"
"3632","ALS2CL","Exc L3-4 RORB CUX2",-0.0289877506881724,4.492991773336,0.461501450174452,0.497527409706566,0.640767027821895,0.640767027821895,"gpath_trio"
"3633","TMIE","Exc L3-4 RORB CUX2",-0.143365204694798,1.7831757629239,7.2074790619575,0.00772663736213587,0.0238721146678547,0.0238721146678547,"gpath_trio"
"3634","PRSS50-1","Exc L3-4 RORB CUX2",0.28370997746166,0.614217456962571,8.439413622776,0.00398765386786799,0.0137031028418049,0.0137031028418049,"gpath_trio"
"3635","PTH1R","Exc L3-4 RORB CUX2",0.0690504937088774,2.11344370132247,0.545795491084985,0.460707129558368,0.606510038423496,0.606510038423496,"gpath_trio"
"3636","CCDC12","Exc L3-4 RORB CUX2",-0.12622056240231,4.86447275335167,32.6268581210536,3.04614171486231e-08,4.64519343139433e-07,4.64519343139433e-07,"gpath_trio"
"3637","NBEAL2","Exc L3-4 RORB CUX2",0.0549104244279242,2.85291484738074,1.5349903737053,0.284009615610459,0.425287166550955,0.425287166550955,"gpath_trio"
"3638","SETD2","Exc L3-4 RORB CUX2",0.089427510252466,7.31940900543419,46.2443663623079,7.13400341007527e-11,2.10729895751491e-09,2.10729895751491e-09,"gpath_trio"
"3639","KIF9-AS1","Exc L3-4 RORB CUX2",0.0575824326641023,7.21343819920667,12.0591936452417,0.000603440243796405,0.00275439070556391,0.00275439070556391,"gpath_trio"
"3640","KIF9","Exc L3-4 RORB CUX2",-0.104156185403619,4.46765882946741,12.9190339937227,0.000389020771347884,0.00189302799371528,0.00189302799371528,"gpath_trio"
"3641","KLHL18","Exc L3-4 RORB CUX2",0.0678368981185834,5.53194882351263,18.5592707316818,2.33731604980673e-05,0.000164994231297589,0.000164994231297589,"gpath_trio"
"3642","AC099778.1","Exc L3-4 RORB CUX2",0.035448827087372,2.69928875323464,0.86684415978978,0.35269412555788,0.500147886633179,0.500147886633179,"gpath_trio"
"3643","PTPN23","Exc L3-4 RORB CUX2",-0.0262668240101277,4.36562638246805,1.55075037670647,0.214145802163364,0.342752206159927,0.342752206159927,"gpath_trio"
"3644","SCAP","Exc L3-4 RORB CUX2",0.00849534668368197,5.80377227591428,0.29238211817517,0.667826782727477,0.785026239091467,0.785026239091467,"gpath_trio"
"3645","ELP6","Exc L3-4 RORB CUX2",-0.0536137977196625,4.27407363835508,6.22891798708277,0.0131883029371561,0.0373018381826896,0.0373018381826896,"gpath_trio"
"3646","CSPG5","Exc L3-4 RORB CUX2",-0.0474914512906008,4.45882500334946,4.13360746610922,0.0430554198895959,0.0977542508302395,0.0977542508302395,"gpath_trio"
"3647","SMARCC1","Exc L3-4 RORB CUX2",0.0248033896111012,6.15776106820278,2.39195317222839,0.123177428214817,0.224713320755397,0.224713320755397,"gpath_trio"
"3648","DHX30","Exc L3-4 RORB CUX2",-0.0546440347255446,5.89247353175468,13.3268133902125,0.000316243024672561,0.00158474988146272,0.00158474988146272,"gpath_trio"
"3649","MAP4","Exc L3-4 RORB CUX2",-0.00865079267078343,6.75780147513462,0.240844041291209,0.624011095524816,0.748867962390197,0.748867962390197,"gpath_trio"
"3650","CDC25A","Exc L3-4 RORB CUX2",-0.0648435808292531,-0.961420675136133,0.22765052202092,0.633672219919175,0.756648735610166,0.756648735610166,"gpath_trio"
"3651","ZNF589","Exc L3-4 RORB CUX2",0.0382037188259827,4.81607829630168,1.39646446975077,0.238396108405159,0.37177409655052,0.37177409655052,"gpath_trio"
"3652","NME6","Exc L3-4 RORB CUX2",0.0693465711879205,2.45762214724715,3.31982555475483,0.0695978599076983,0.143719224527923,0.143719224527923,"gpath_trio"
"3653","SPINK8","Exc L3-4 RORB CUX2",-0.217480399449506,0.766818925596283,9.96719512238726,0.00178139883831269,0.00690351931674192,0.00690351931674192,"gpath_trio"
"3654","FBXW12","Exc L3-4 RORB CUX2",-0.0346798124705597,1.54590804977827,0.354243415010665,0.552238458925742,0.689742518964084,0.689742518964084,"gpath_trio"
"3655","CCDC51","Exc L3-4 RORB CUX2",-0.117916214553203,1.72448430608173,6.89181756455897,0.00917201235908119,0.0275201292897774,0.0275201292897774,"gpath_trio"
"3656","TMA7","Exc L3-4 RORB CUX2",-0.27505116816236,5.51342027327882,104.519741635547,7.65578488436119e-21,3.35772739221711e-18,3.35772739221711e-18,"gpath_trio"
"3657","AC134772.1","Exc L3-4 RORB CUX2",-0.18937015272483,0.274289239630988,7.57911026528299,0.00632102948134196,0.0202552048580168,0.0202552048580168,"gpath_trio"
"3658","ATRIP","Exc L3-4 RORB CUX2",-0.0111159707156684,2.40726346595851,0.0951304039240417,0.75800047224406,0.855268544675522,0.855268544675522,"gpath_trio"
"3659","SHISA5","Exc L3-4 RORB CUX2",-0.106606011583862,4.408051283775,18.5339686029527,2.36644762931092e-05,0.000166777241705251,0.000166777241705251,"gpath_trio"
"3660","PFKFB4","Exc L3-4 RORB CUX2",0.0983167309884722,3.28137422569254,9.20045210505214,0.00266444216515438,0.00975946272367276,0.00975946272367276,"gpath_trio"
"3661","COL7A1","Exc L3-4 RORB CUX2",-0.0295573773113922,2.9014944638366,0.378190072424922,0.539111306267257,0.677791030014054,0.677791030014054,"gpath_trio"
"3662","UQCRC1","Exc L3-4 RORB CUX2",-0.103260712223486,4.80391220169716,16.2645009241726,7.24445502018792e-05,0.000440629725753064,0.000440629725753064,"gpath_trio"
"3663","SLC26A6","Exc L3-4 RORB CUX2",0.0036162391455528,1.53253220359951,0.00482055155333135,0.944700564506784,0.973060391531341,0.973060391531341,"gpath_trio"
"3664","CELSR3","Exc L3-4 RORB CUX2",0.0461707464337198,4.0396668759753,3.04773712187344,0.0820308925157931,0.163583399872109,0.163583399872109,"gpath_trio"
"3665","LINC02585","Exc L3-4 RORB CUX2",-0.0980383796993519,0.160586185606999,1.5513806325482,0.214052992369761,0.342752206159927,0.342752206159927,"gpath_trio"
"3666","NCKIPSD","Exc L3-4 RORB CUX2",0.00187095530666596,5.1666772530254,0.00649439800744863,0.935831741470648,0.969109144570926,0.969109144570926,"gpath_trio"
"3667","IP6K2","Exc L3-4 RORB CUX2",0.0174335537842963,5.61474909058994,0.798242200024721,0.793294208481548,0.87964601925283,0.87964601925283,"gpath_trio"
"3668","PRKAR2A","Exc L3-4 RORB CUX2",0.0386091203120148,6.53300929194465,6.34908184771319,0.0123440167728576,0.0352902433051748,0.0352902433051748,"gpath_trio"
"3669","PRKAR2A-AS1","Exc L3-4 RORB CUX2",0.0422542247408073,0.0706248457934552,0.272198132132035,0.602305185344308,0.731114288022779,0.731114288022779,"gpath_trio"
"3670","SLC25A20","Exc L3-4 RORB CUX2",-0.0641264098554201,2.01776124321929,2.09629655892878,0.148861121421126,0.25995612608597,0.25995612608597,"gpath_trio"
"3671","ARIH2OS","Exc L3-4 RORB CUX2",-0.0101569720757187,1.69620783071249,0.0373940560544229,0.846815933112755,0.91419688840699,0.91419688840699,"gpath_trio"
"3672","ARIH2","Exc L3-4 RORB CUX2",0.00804124290080338,6.13980818015032,0.323086037804271,0.570249503834662,0.704993182171966,0.704993182171966,"gpath_trio"
"3673","AC137630.2","Exc L3-4 RORB CUX2",0.010793903940176,-0.136140474583839,0.0146622093120894,0.903715166263537,0.951332569861525,0.951332569861525,"gpath_trio"
"3674","AC137630.1","Exc L3-4 RORB CUX2",0.280444465625634,0.364097066616941,13.4107284200335,0.000303072296661626,0.00152671250565501,0.00152671250565501,"gpath_trio"
"3675","P4HTM","Exc L3-4 RORB CUX2",-0.0566687576452537,6.2709226385354,8.32970004780731,0.0042276721586309,0.0144058886362981,0.0144058886362981,"gpath_trio"
"3676","WDR6","Exc L3-4 RORB CUX2",0.0833728206442724,4.41074188749816,5.99793535810398,0.0149833097781004,0.0414490984194673,0.0414490984194673,"gpath_trio"
"3677","DALRD3","Exc L3-4 RORB CUX2",-0.175363312607833,3.42514386993854,33.0499311563184,2.51100156383615e-08,3.9119271467486e-07,3.9119271467486e-07,"gpath_trio"
"3678","NDUFAF3","Exc L3-4 RORB CUX2",-0.244687029507035,3.58838957524502,35.7312125236765,7.43919960726617e-09,1.34005225068388e-07,1.34005225068388e-07,"gpath_trio"
"3679","IMPDH2","Exc L3-4 RORB CUX2",-0.0882891957840161,1.93455697142495,4.99159685894427,0.0263210569227105,0.065276868274823,0.065276868274823,"gpath_trio"
"3680","AC137630.3","Exc L3-4 RORB CUX2",0.0941181889893877,-0.407183520680528,0.714527050803199,0.39872220864319,0.546928240370978,0.546928240370978,"gpath_trio"
"3681","QRICH1","Exc L3-4 RORB CUX2",0.0503674805464864,6.00317220021789,7.91231494759807,0.00528460623291653,0.0174324608811464,0.0174324608811464,"gpath_trio"
"3682","QARS","Exc L3-4 RORB CUX2",-0.132938424047268,2.9146875340238,17.1055978505632,4.77658098091085e-05,0.000309763809996388,0.000309763809996388,"gpath_trio"
"3683","USP19","Exc L3-4 RORB CUX2",-0.12876652852056,3.32981711578536,18.5041892297282,2.40120526966695e-05,0.000168736733944726,0.000168736733944726,"gpath_trio"
"3684","CCDC71","Exc L3-4 RORB CUX2",-0.150587176688762,1.46071058995642,8.67186336159883,0.00352416218314233,0.0123394606117488,0.0123394606117488,"gpath_trio"
"3685","KLHDC8B","Exc L3-4 RORB CUX2",-0.0949344005558712,2.7925088897296,6.77811802085735,0.00975856044313991,0.0290125194430221,0.0290125194430221,"gpath_trio"
"3686","C3orf84","Exc L3-4 RORB CUX2",-0.157729469586111,-0.463538303316509,2.23293263481161,0.136309809469235,0.243238139575607,0.243238139575607,"gpath_trio"
"3687","CCDC36","Exc L3-4 RORB CUX2",-0.00682336441229588,1.94667490389899,0.0188151058800213,0.891004028944522,0.943470174840032,0.943470174840032,"gpath_trio"
"3688","C3orf62","Exc L3-4 RORB CUX2",0.0636288598961482,4.37927969809018,7.34172835487368,0.00718507672191365,0.0224325166921399,0.0224325166921399,"gpath_trio"
"3689","USP4","Exc L3-4 RORB CUX2",0.0705633585802977,6.08772263265833,16.9047879741452,5.2749134023265e-05,0.000337845644101388,0.000337845644101388,"gpath_trio"
"3690","RHOA","Exc L3-4 RORB CUX2",-0.0368958342529303,5.48787006226536,4.11787773347882,0.0434509558816917,0.0984195615710261,0.0984195615710261,"gpath_trio"
"3691","TCTA","Exc L3-4 RORB CUX2",-0.0640662619893046,4.07374618194673,7.34075663326217,0.00718885299174676,0.0224408338400883,0.0224408338400883,"gpath_trio"
"3692","DAG1","Exc L3-4 RORB CUX2",0.020969081028008,4.63080928851334,0.808469474008966,0.369405084329716,0.517911575841003,0.517911575841003,"gpath_trio"
"3693","BSN-DT","Exc L3-4 RORB CUX2",0.224820992341077,0.850131355614411,10.961731083143,0.00106190065313385,0.00446237152196948,0.00446237152196948,"gpath_trio"
"3694","BSN","Exc L3-4 RORB CUX2",-0.0730313519092161,7.16821156909834,12.2204458866299,0.000555613072105314,0.00256392811750336,0.00256392811750336,"gpath_trio"
"3695","APEH","Exc L3-4 RORB CUX2",-0.163590020680019,3.03923834799624,23.4520028593438,2.20098021449738e-06,2.08082360953536e-05,2.08082360953536e-05,"gpath_trio"
"3696","MST1","Exc L3-4 RORB CUX2",-0.0719780693170576,0.829101962378714,1.3675907071681,0.24329719981427,0.37754321889283,0.37754321889283,"gpath_trio"
"3697","RNF123","Exc L3-4 RORB CUX2",-0.0229909474011739,4.78532564761259,0.93408835821201,0.334700912677267,0.481125109601986,0.481125109601986,"gpath_trio"
"3698","GMPPB","Exc L3-4 RORB CUX2",-0.141179859967062,1.83295176643677,10.2620649047325,0.00152724450304545,0.00606896944040614,0.00606896944040614,"gpath_trio"
"3699","IP6K1","Exc L3-4 RORB CUX2",0.0179060534731569,6.23853113625544,1.11981288068266,0.290940879241152,0.433382474799929,0.433382474799929,"gpath_trio"
"3700","INKA1","Exc L3-4 RORB CUX2",-0.162893935736995,0.648420806827843,5.6976771885665,0.0177026541898821,0.0473675130345984,0.0473675130345984,"gpath_trio"
"3701","TRAIP","Exc L3-4 RORB CUX2",0.0505025606305241,1.54621090372148,1.04575960629687,0.307436226384357,0.451519681684822,0.451519681684822,"gpath_trio"
"3702","CAMKV","Exc L3-4 RORB CUX2",-0.0432510922980881,6.03057295151956,2.22194848351395,0.137273377624204,0.244484525140502,0.244484525140502,"gpath_trio"
"3703","MST1R","Exc L3-4 RORB CUX2",0.0581969336661628,0.926396549252245,0.90994312543329,0.341015496246347,0.487492924025371,0.487492924025371,"gpath_trio"
"3704","MON1A","Exc L3-4 RORB CUX2",0.0188509425606195,3.58237564142216,0.488895727516182,0.485045321450743,0.628583592000819,0.628583592000819,"gpath_trio"
"3705","RBM6","Exc L3-4 RORB CUX2",0.0364823397737031,8.08812383425492,6.90257204720177,0.00911844813570332,0.0273838480407583,0.0273838480407583,"gpath_trio"
"3706","RBM5","Exc L3-4 RORB CUX2",0.0589172438320933,6.50200196489766,7.59827097841944,0.00625612086365789,0.0200759087679812,0.0200759087679812,"gpath_trio"
"3707","SEMA3F-AS1","Exc L3-4 RORB CUX2",0.000797694989449811,0.36863827445189,0.000164861727398023,0.989765410541314,0.995191485555495,0.995191485555495,"gpath_trio"
"3708","SEMA3F","Exc L3-4 RORB CUX2",0.017726428326304,1.5592650769848,0.0947449163606874,0.758475909130209,0.855591359614312,0.855591359614312,"gpath_trio"
"3709","GNAI2","Exc L3-4 RORB CUX2",0.0481749161037719,5.18766736182134,3.87690209367573,0.0500167168687467,0.110343057717547,0.110343057717547,"gpath_trio"
"3710","U73166.1","Exc L3-4 RORB CUX2",0.0557053773462536,0.649601996137896,0.586384354765443,0.444515264069742,0.591017230302296,0.591017230302296,"gpath_trio"
"3711","IFRD2","Exc L3-4 RORB CUX2",-0.00267460046485194,2.94979555274205,0.00583138787268124,0.939188614008331,0.970827073184574,0.970827073184574,"gpath_trio"
"3712","HYAL3","Exc L3-4 RORB CUX2",-0.0801951547718398,1.60800924603028,2.39287722895649,0.123105375043433,0.22464281308803,0.22464281308803,"gpath_trio"
"3713","HYAL1","Exc L3-4 RORB CUX2",-0.0507255098687508,2.1102358697147,1.36084379666569,0.244460143217912,0.379150014561914,0.379150014561914,"gpath_trio"
"3714","HYAL2","Exc L3-4 RORB CUX2",-0.140797414438662,1.07389228236165,5.64618166391359,0.01821826889212,0.0484820936992902,0.0484820936992902,"gpath_trio"
"3715","TUSC2","Exc L3-4 RORB CUX2",-0.170852229540326,4.19301992853951,45.3075072505566,1.07132069858459e-10,2.99776630983967e-09,2.99776630983967e-09,"gpath_trio"
"3716","RASSF1","Exc L3-4 RORB CUX2",0.0397577179190131,2.71018718746179,1.27649948495879,0.259592126889619,0.397214346605844,0.397214346605844,"gpath_trio"
"3717","RASSF1-AS1","Exc L3-4 RORB CUX2",-0.0814712338299925,-0.420555697072905,0.575480467322497,0.448776410302589,0.594918462307295,0.594918462307295,"gpath_trio"
"3718","ZMYND10","Exc L3-4 RORB CUX2",0.00701415377758481,0.231378150540494,0.00771831761237129,0.930060378000566,0.96565156595812,0.96565156595812,"gpath_trio"
"3719","NPRL2","Exc L3-4 RORB CUX2",-0.127914633664821,3.3723573981659,16.936182910455,5.1936619420232e-05,0.000333594809552111,0.000333594809552111,"gpath_trio"
"3720","Z84492.1","Exc L3-4 RORB CUX2",0.106213246792551,0.302632352079628,2.06812521072651,0.151608823988361,0.263454610160654,0.263454610160654,"gpath_trio"
"3721","TMEM115","Exc L3-4 RORB CUX2",-0.0415760693720635,2.61189609936715,1.0483198372331,0.30684600858293,0.450961184833116,0.450961184833116,"gpath_trio"
"3722","CACNA2D2","Exc L3-4 RORB CUX2",0.154245194001218,3.41000240197661,15.3825589710886,0.000112397306731125,0.000645125366515061,0.000645125366515061,"gpath_trio"
"3723","CYB561D2-1","Exc L3-4 RORB CUX2",-0.00307735025278738,1.2792152050493,0.00286533056881352,0.957351703167046,0.978696255961244,0.978696255961244,"gpath_trio"
"3724","C3orf18","Exc L3-4 RORB CUX2",-0.127817312000695,3.16888649422422,15.0700227940412,0.000131409952080789,0.000737257974512759,0.000737257974512759,"gpath_trio"
"3725","HEMK1","Exc L3-4 RORB CUX2",-0.0331343197519113,2.58905805995949,0.869140905369157,0.352058127810844,0.499421510939655,0.499421510939655,"gpath_trio"
"3726","DOCK3","Exc L3-4 RORB CUX2",0.0986524725057787,10.0205492769782,56.9837361359425,7.4322053590374e-13,3.56163285317291e-11,3.56163285317291e-11,"gpath_trio"
"3727","MANF","Exc L3-4 RORB CUX2",-0.135061197925155,3.01834669980516,9.47883284439196,0.00230118198826386,0.0086102274876156,0.0086102274876156,"gpath_trio"
"3728","RBM15B","Exc L3-4 RORB CUX2",-0.117066138763608,3.0031953251424,10.4417985219699,0.00139078493954412,0.00560845215976466,0.00560845215976466,"gpath_trio"
"3729","DCAF1","Exc L3-4 RORB CUX2",0.0289136317662941,4.85179012484981,2.11417598821656,0.147146599967229,0.257675779388841,0.257675779388841,"gpath_trio"
"3730","RAD54L2","Exc L3-4 RORB CUX2",0.0448034020884059,5.65313766664977,5.0511389624175,0.0254484976139561,0.0635739771373904,0.0635739771373904,"gpath_trio"
"3731","TEX264","Exc L3-4 RORB CUX2",-0.0937473974761301,3.57523254221684,8.80339808523842,0.00328670512568796,0.0116516035689254,0.0116516035689254,"gpath_trio"
"3732","GRM2","Exc L3-4 RORB CUX2",0.0681234608005305,4.00414557838142,4.97030183544163,0.0303679451874002,0.0734884603761304,0.0734884603761304,"gpath_trio"
"3733","IQCF1","Exc L3-4 RORB CUX2",0.313373125729929,-0.697249173335417,7.09221762024721,0.00822507265537329,0.025131128399539,0.025131128399539,"gpath_trio"
"3734","RRP9","Exc L3-4 RORB CUX2",-0.170842820293348,1.57741497768294,13.5421191339986,0.000283559104265069,0.00144537769796558,0.00144537769796558,"gpath_trio"
"3735","PARP3","Exc L3-4 RORB CUX2",-0.103078412134636,1.73329938732917,4.26237644989825,0.0399571072492333,0.0921823486281625,0.0921823486281625,"gpath_trio"
"3736","PCBP4","Exc L3-4 RORB CUX2",0.0331770906247908,4.98394774362647,2.12335442235306,0.146275157403569,0.256327742605491,0.256327742605491,"gpath_trio"
"3737","ABHD14B","Exc L3-4 RORB CUX2",-0.197627859468403,1.00338118188453,7.8060307843955,0.00559474553300371,0.0183207257147135,0.0183207257147135,"gpath_trio"
"3738","ABHD14A","Exc L3-4 RORB CUX2",0.0749839462311004,0.660230530542488,1.15332804437759,0.283849200168964,0.425110059639882,0.425110059639882,"gpath_trio"
"3739","ABHD14A-ACY1","Exc L3-4 RORB CUX2",0.0789069721117019,1.45914364975151,2.34282519562707,0.127076834101399,0.230265414765198,0.230265414765198,"gpath_trio"
"3740","RPL29","Exc L3-4 RORB CUX2",-0.223198181498285,5.26593100403559,38.2421839157066,2.40973023064337e-09,4.88606104555076e-08,4.88606104555076e-08,"gpath_trio"
"3741","DUSP7","Exc L3-4 RORB CUX2",-0.063306147157541,3.00462999735606,3.01518845271701,0.0836723364817148,0.166203234851307,0.166203234851307,"gpath_trio"
"3742","POC1A","Exc L3-4 RORB CUX2",-0.0344954711401948,2.42522065893877,0.6113338617672,0.434997447977488,0.582392561745691,0.582392561745691,"gpath_trio"
"3743","ALAS1","Exc L3-4 RORB CUX2",-0.0965178591326087,3.07870719725646,7.44195528454894,0.00680633226873765,0.0214760327684989,0.0214760327684989,"gpath_trio"
"3744","PPM1M","Exc L3-4 RORB CUX2",-0.0623614151922715,1.48521137217374,1.35399915026344,0.245646902768722,0.380464168843772,0.380464168843772,"gpath_trio"
"3745","WDR82","Exc L3-4 RORB CUX2",-0.0357835183246469,5.81211778139891,2.77410815917335,0.0970043614122418,0.186280505567483,0.186280505567483,"gpath_trio"
"3746","GLYCTK","Exc L3-4 RORB CUX2",-0.166404429696598,0.0538638070965505,4.10053899296213,0.0438914119360224,0.0992389595213775,0.0992389595213775,"gpath_trio"
"3747","DNAH1","Exc L3-4 RORB CUX2",0.0744408459918475,4.57920750898773,9.28311119340355,0.00255084360054955,0.00940655632262605,0.00940655632262605,"gpath_trio"
"3748","BAP1","Exc L3-4 RORB CUX2",-0.0519717222587491,4.16754368698649,3.41412096180064,0.0657765884851035,0.137389240365148,0.137389240365148,"gpath_trio"
"3749","PHF7","Exc L3-4 RORB CUX2",-0.0874212470809996,4.24382975761304,12.6723345572659,0.000441099026826972,0.00210681175810468,0.00210681175810468,"gpath_trio"
"3750","NISCH","Exc L3-4 RORB CUX2",-0.000588507722538157,7.06988931315809,0.000779151482047439,0.977752725057365,0.988396679876598,0.988396679876598,"gpath_trio"
"3751","STAB1","Exc L3-4 RORB CUX2",0.0234091111596767,-0.0698108285781935,0.0570438644860861,0.811418900577035,0.891232359740966,0.891232359740966,"gpath_trio"
"3752","NT5DC2","Exc L3-4 RORB CUX2",-0.0690457176080832,1.95074384086206,0.924579959354013,0.337168652243591,0.483569884055908,0.483569884055908,"gpath_trio"
"3753","SMIM4","Exc L3-4 RORB CUX2",0.0825737967162677,4.33221730137543,12.3479918514258,0.000520525388639896,0.00242755425700645,0.00242755425700645,"gpath_trio"
"3754","PBRM1","Exc L3-4 RORB CUX2",0.0491545278371453,6.67673649788566,12.5282536951926,0.000474738334351252,0.00224200512535967,0.00224200512535967,"gpath_trio"
"3755","GNL3","Exc L3-4 RORB CUX2",-0.158818968476072,3.95508996569242,37.3170091337951,3.64564712845252e-09,7.14086706956599e-08,7.14086706956599e-08,"gpath_trio"
"3756","GLT8D1","Exc L3-4 RORB CUX2",-0.0674132970897841,3.97482766998746,6.00042338927466,0.0149626823372884,0.0414086373900425,0.0414086373900425,"gpath_trio"
"3757","SPCS1","Exc L3-4 RORB CUX2",-0.21296287707013,5.12194412031197,66.206880135992,1.68438600616131e-14,1.21801031090697e-12,1.21801031090697e-12,"gpath_trio"
"3758","NEK4","Exc L3-4 RORB CUX2",0.0505196527726404,5.59884100801504,10.5958477808646,0.00128374632888943,0.00524283040189154,0.00524283040189154,"gpath_trio"
"3759","ITIH4","Exc L3-4 RORB CUX2",0.0489267193363034,2.43382320746484,0.562868658338063,0.453785082590334,0.599824021572429,0.599824021572429,"gpath_trio"
"3760","SFMBT1","Exc L3-4 RORB CUX2",0.0189761212340857,4.67719055101191,0.73196257204878,0.393035485763861,0.541040592609573,0.541040592609573,"gpath_trio"
"3761","AC096887.1","Exc L3-4 RORB CUX2",0.160547300491028,3.95518058947657,4.90490590199681,0.0276478252626119,0.0679243636962002,0.0679243636962002,"gpath_trio"
"3762","RFT1","Exc L3-4 RORB CUX2",0.0242772922933855,2.96308355279854,0.488891176271233,0.751042024833821,0.849676041665583,0.849676041665583,"gpath_trio"
"3763","PRKCD","Exc L3-4 RORB CUX2",-0.0762864085947781,2.91671872617977,1.88696295785791,0.170728057646075,0.28823753665352,0.28823753665352,"gpath_trio"
"3764","TKT","Exc L3-4 RORB CUX2",-0.0842292276174439,4.79432162457461,14.2378310200257,0.000199566404885471,0.00106373902736179,0.00106373902736179,"gpath_trio"
"3765","DCP1A","Exc L3-4 RORB CUX2",0.0235023034123232,6.15988500206532,2.21874566876336,0.137555782554886,0.244796490992657,0.244796490992657,"gpath_trio"
"3766","CACNA1D","Exc L3-4 RORB CUX2",0.0920144844605677,8.3117228592324,30.6631347644987,7.50206150686047e-08,1.03880638916205e-06,1.03880638916205e-06,"gpath_trio"
"3767","CHDH","Exc L3-4 RORB CUX2",-0.227262268040597,2.66580942692337,12.9157821461095,0.000389664909429759,0.00189570522009775,0.00189570522009775,"gpath_trio"
"3768","AC012467.2","Exc L3-4 RORB CUX2",-0.0133128492431752,1.92191032867593,0.0906425557159299,0.770643595996444,0.863739831387186,0.863739831387186,"gpath_trio"
"3769","ACTR8","Exc L3-4 RORB CUX2",0.0431122255559815,2.48314268404829,1.42266970173356,0.234051817599746,0.36635855536309,0.36635855536309,"gpath_trio"
"3770","SELENOK","Exc L3-4 RORB CUX2",-0.254775415110676,3.9499181845959,79.8346873881689,7.67392311462724e-17,9.54144824783986e-15,9.54144824783986e-15,"gpath_trio"
"3771","CACNA2D3","Exc L3-4 RORB CUX2",0.0882570121716805,10.4077885255157,20.9805871731261,7.20307508316785e-06,5.90260112928154e-05,5.90260112928154e-05,"gpath_trio"
"3772","CACNA2D3-AS1","Exc L3-4 RORB CUX2",-0.521945766222441,3.20343306503472,42.5457960607468,3.58157581377651e-10,8.74797724490813e-09,8.74797724490813e-09,"gpath_trio"
"3773","LRTM1","Exc L3-4 RORB CUX2",-0.405453880773549,4.65665688096342,62.4863212462049,7.65224128937094e-14,4.63615519558735e-12,4.63615519558735e-12,"gpath_trio"
"3774","WNT5A","Exc L3-4 RORB CUX2",0.110232958371358,2.25699304818387,4.12672922540809,0.0432279075706601,0.0980518522045108,0.0980518522045108,"gpath_trio"
"3775","WNT5A-AS1","Exc L3-4 RORB CUX2",0.379152453610417,-1.33897894379781,6.59867685600145,0.0107641719098745,0.0314006894565814,0.0314006894565814,"gpath_trio"
"3776","AC121764.1","Exc L3-4 RORB CUX2",0.104695836045414,0.342313662991634,1.58981019068023,0.20848348523572,0.336137819951433,0.336137819951433,"gpath_trio"
"3777","ERC2","Exc L3-4 RORB CUX2",0.0462847001556075,9.70571451893131,6.6805742377907,0.0102925646644586,0.0303142324241537,0.0303142324241537,"gpath_trio"
"3778","CCDC66","Exc L3-4 RORB CUX2",0.0313567141439322,6.64596477921501,2.58939395085283,0.108794950555633,0.204104345123664,0.204104345123664,"gpath_trio"
"3779","FAM208A","Exc L3-4 RORB CUX2",0.0428278005371381,6.03807264634702,7.49202496390308,0.00662487657554967,0.0210383889362057,0.0210383889362057,"gpath_trio"
"3780","ARHGEF3","Exc L3-4 RORB CUX2",0.0382827580801707,7.84404633500513,4.472883441306,0.0353883645116239,0.0834455649862099,0.0834455649862099,"gpath_trio"
"3781","ARHGEF3-AS1","Exc L3-4 RORB CUX2",0.0349139789822477,-0.243545859166489,0.140641320056171,0.707950005878326,0.816842323667025,0.816842323667025,"gpath_trio"
"3782","IL17RD","Exc L3-4 RORB CUX2",-0.0206210180385117,0.693716279172358,0.0675599345907509,0.795128919332275,0.880386571798815,0.880386571798815,"gpath_trio"
"3783","HESX1","Exc L3-4 RORB CUX2",-0.153662447310868,1.45930405221224,7.42425914404981,0.00687167983705121,0.0216586267569029,0.0216586267569029,"gpath_trio"
"3784","APPL1","Exc L3-4 RORB CUX2",-0.0345228960708159,5.69703570172312,4.69780364071568,0.0311090165309532,0.0750118810221085,0.0750118810221085,"gpath_trio"
"3785","ASB14","Exc L3-4 RORB CUX2",-0.245391197079576,1.66369018672751,15.9363127725952,8.52816990401267e-05,0.000508138888994258,0.000508138888994258,"gpath_trio"
"3786","DNAH12","Exc L3-4 RORB CUX2",0.122004446013453,2.83771631241724,8.99632745307444,0.0029676596123851,0.0106877066547428,0.0106877066547428,"gpath_trio"
"3787","PDE12","Exc L3-4 RORB CUX2",0.0058246933908973,3.82479846120082,0.070995120502804,0.79010454196324,0.877483162727533,0.877483162727533,"gpath_trio"
"3788","ARF4","Exc L3-4 RORB CUX2",-0.163490800778862,4.67022482107631,59.0081964070683,3.20424371822452e-13,1.6704293802372e-11,1.6704293802372e-11,"gpath_trio"
"3789","ARF4-AS1","Exc L3-4 RORB CUX2",0.118726282168184,0.750797002194664,3.57295261073339,0.0598399082896697,0.127282040036277,0.127282040036277,"gpath_trio"
"3790","DENND6A","Exc L3-4 RORB CUX2",0.0146595456604732,6.15515844390778,0.702159780781464,0.402828547056235,0.551058942230455,0.551058942230455,"gpath_trio"
"3791","DENND6A-AS1","Exc L3-4 RORB CUX2",-0.290022406278831,3.52307775118767,54.8903878496258,1.78495360667564e-12,8.00254200326247e-11,8.00254200326247e-11,"gpath_trio"
"3792","SLMAP","Exc L3-4 RORB CUX2",0.0410502946138892,6.91099713064895,7.73668319514402,0.00580712212759711,0.0188661334821693,0.0188661334821693,"gpath_trio"
"3793","FLNB","Exc L3-4 RORB CUX2",0.108827084854141,5.7127454702162,25.0333663884799,1.0387913188797e-06,1.07364830217202e-05,1.07364830217202e-05,"gpath_trio"
"3794","ABHD6","Exc L3-4 RORB CUX2",0.0561906458043906,5.23986583911508,6.40234486561268,0.011987857600059,0.034388600466542,0.034388600466542,"gpath_trio"
"3795","RPP14","Exc L3-4 RORB CUX2",0.026375599054246,3.93243269287671,1.2137180362972,0.271615802168362,0.411164093050097,0.411164093050097,"gpath_trio"
"3796","PXK","Exc L3-4 RORB CUX2",0.0374685406735219,5.44148917999448,3.0720002936217,0.0808300374650366,0.161631798389891,0.161631798389891,"gpath_trio"
"3797","PDHB","Exc L3-4 RORB CUX2",-0.212051695367743,3.83827560744745,51.4549595120054,7.62325870777906e-12,2.89096324115493e-10,2.89096324115493e-10,"gpath_trio"
"3798","AC135507.1","Exc L3-4 RORB CUX2",0.0236825204496598,-0.152354669694863,0.067952011188196,0.934363781136409,0.968395627474933,0.968395627474933,"gpath_trio"
"3799","KCTD6","Exc L3-4 RORB CUX2",0.0182532320014579,4.01353962898789,0.413778262954494,0.828748517992938,0.902051221518221,0.902051221518221,"gpath_trio"
"3800","ACOX2","Exc L3-4 RORB CUX2",-0.268225039133359,-0.43904965580393,6.43578172771703,0.0117697155791606,0.033854293100879,0.033854293100879,"gpath_trio"
"3801","FAM107A","Exc L3-4 RORB CUX2",0.0692672573269692,3.32442871761524,0.988769892875548,0.320967700398824,0.466368264713451,0.466368264713451,"gpath_trio"
"3802","FAM3D-AS1","Exc L3-4 RORB CUX2",-0.206979960235002,-0.468889203163323,3.50692176968286,0.0622350900340888,0.131503240619789,0.131503240619789,"gpath_trio"
"3803","FAM3D","Exc L3-4 RORB CUX2",-0.233300406967564,-0.972189527999831,4.1282497062885,0.0431897151614778,0.0980063461335253,0.0980063461335253,"gpath_trio"
"3804","C3orf67","Exc L3-4 RORB CUX2",0.0242150411662476,3.91567146569444,0.495356701467701,0.940810816993905,0.97138476114903,0.97138476114903,"gpath_trio"
"3805","C3orf67-AS1","Exc L3-4 RORB CUX2",0.213697336560963,5.42701197646855,21.7827149365319,4.89406005325693e-06,4.21955818694267e-05,4.21955818694267e-05,"gpath_trio"
"3806","AC114400.1","Exc L3-4 RORB CUX2",0.168020753788638,1.3363809792402,6.46782117887479,0.0115645381079063,0.0333687866600416,0.0333687866600416,"gpath_trio"
"3807","AC126121.2","Exc L3-4 RORB CUX2",0.0213545105693686,-0.917702558934601,0.0287883455523491,0.865400592863514,0.926821157289596,0.926821157289596,"gpath_trio"
"3808","FHIT","Exc L3-4 RORB CUX2",0.204471178644439,8.15808725186202,47.2685655943481,4.58121852206836e-11,1.42632845189397e-09,1.42632845189397e-09,"gpath_trio"
"3809","PTPRG","Exc L3-4 RORB CUX2",0.0905569943761161,9.31393427176281,20.4953665405858,9.10763544059822e-06,7.2770908916463e-05,7.2770908916463e-05,"gpath_trio"
"3810","C3orf14","Exc L3-4 RORB CUX2",-0.0587371958745104,5.11112561524624,5.04166252311647,0.0255853208233518,0.06386042900051,0.06386042900051,"gpath_trio"
"3811","CADPS","Exc L3-4 RORB CUX2",0.081947055405007,9.60535357122464,18.2643848706482,2.7006168753739e-05,0.000187491209431068,0.000187491209431068,"gpath_trio"
"3812","LINC00698","Exc L3-4 RORB CUX2",-0.10258769077545,-1.08707032373674,0.502799432734408,0.478907971099038,0.622790274392361,0.622790274392361,"gpath_trio"
"3813","SYNPR","Exc L3-4 RORB CUX2",0.150623510165045,8.05879096172769,23.7584383888696,1.90207278716753e-06,1.83083580539623e-05,1.83083580539623e-05,"gpath_trio"
"3814","SYNPR-AS1","Exc L3-4 RORB CUX2",0.082718771334077,1.38740774909476,1.23752117899957,0.266976795312531,0.405715206821323,0.405715206821323,"gpath_trio"
"3815","SNTN","Exc L3-4 RORB CUX2",-0.115216445646789,1.08868827639163,3.48228521320489,0.0631548832883469,0.132987138121532,0.132987138121532,"gpath_trio"
"3816","C3orf49","Exc L3-4 RORB CUX2",-0.447104867741463,1.44538657488778,44.2054988375286,1.73149976202088e-10,4.61023069970956e-09,4.61023069970956e-09,"gpath_trio"
"3817","THOC7","Exc L3-4 RORB CUX2",-0.0323139254433776,5.1239430942576,2.76009709096704,0.0978476191813549,0.187525003988205,0.187525003988205,"gpath_trio"
"3818","ATXN7","Exc L3-4 RORB CUX2",0.0598995643154139,4.23793002987294,4.624438188208,0.0324417213268252,0.0776323363081822,0.0776323363081822,"gpath_trio"
"3819","PSMD6-AS2","Exc L3-4 RORB CUX2",-0.0952596173941447,3.12957769212997,7.60045671233204,0.00624876014603087,0.0200586692038461,0.0200586692038461,"gpath_trio"
"3820","PSMD6","Exc L3-4 RORB CUX2",-0.121700621213533,3.74312967097226,19.2601136659115,1.65969570131381e-05,0.000123285569860111,0.000123285569860111,"gpath_trio"
"3821","PSMD6-AS1","Exc L3-4 RORB CUX2",0.0550568353269381,0.79787188757027,0.613606705779216,0.793787480904268,0.879884655044159,0.879884655044159,"gpath_trio"
"3822","AC012557.2","Exc L3-4 RORB CUX2",0.110074074325272,-0.870949073924315,0.85934105596879,0.354782840590109,0.502509394054019,0.502509394054019,"gpath_trio"
"3823","AC092040.1","Exc L3-4 RORB CUX2",-0.320957804225861,1.04007156071493,22.481232240237,3.50009811694336e-06,3.13981678565284e-05,3.13981678565284e-05,"gpath_trio"
"3824","LINC00994","Exc L3-4 RORB CUX2",0.184688319300528,-0.953726734213216,2.14866827514565,0.143901895184446,0.253003985651084,0.253003985651084,"gpath_trio"
"3825","PRICKLE2","Exc L3-4 RORB CUX2",0.199672484637345,7.90185978908615,88.8855420213712,2.42064650351038e-18,4.69582146233866e-16,4.69582146233866e-16,"gpath_trio"
"3826","PRICKLE2-AS3","Exc L3-4 RORB CUX2",-0.315218109786006,0.274520357600005,13.3089937025228,0.000319113884959961,0.00159873916788359,0.00159873916788359,"gpath_trio"
"3827","ADAMTS9","Exc L3-4 RORB CUX2",0.183514201561872,1.39871426593402,4.2740631209434,0.0396878185263562,0.091718412230153,0.091718412230153,"gpath_trio"
"3828","ADAMTS9-AS1","Exc L3-4 RORB CUX2",0.388198942099381,1.61053815891193,13.5916388643676,0.00027654012037494,0.00141568051980828,0.00141568051980828,"gpath_trio"
"3829","ADAMTS9-AS2","Exc L3-4 RORB CUX2",0.340180013665358,5.83152427968897,15.2861186278552,0.000117946157506687,0.000673524972458933,0.000673524972458933,"gpath_trio"
"3830","MAGI1","Exc L3-4 RORB CUX2",0.0982316588328127,9.08011204429628,45.8292990883405,8.54068654417658e-11,2.46860101760405e-09,2.46860101760405e-09,"gpath_trio"
"3831","MAGI1-AS1","Exc L3-4 RORB CUX2",-0.232215854262896,1.06929561427326,9.39290903139602,0.00240755812673235,0.00895675552403192,0.00895675552403192,"gpath_trio"
"3832","SLC25A26","Exc L3-4 RORB CUX2",0.0803443346745495,6.19467668818991,20.0286133081521,1.14201665611411e-05,8.93030466554345e-05,8.93030466554345e-05,"gpath_trio"
"3833","LRIG1","Exc L3-4 RORB CUX2",0.0687930091954752,3.8984318834614,4.11185035990061,0.0436035363252678,0.098698681180554,0.098698681180554,"gpath_trio"
"3834","KBTBD8","Exc L3-4 RORB CUX2",-0.0750329975077699,1.91593642123238,3.11948032923987,0.0785348936296727,0.158143674915525,0.158143674915525,"gpath_trio"
"3835","SUCLG2","Exc L3-4 RORB CUX2",0.0161129139877256,2.44812216260399,0.0653759163569315,0.798394579777245,0.882367058176166,0.882367058176166,"gpath_trio"
"3836","SUCLG2-AS1","Exc L3-4 RORB CUX2",0.140894011172831,4.60555942028221,5.8439366226497,0.016319227645019,0.0443386122820613,0.0443386122820613,"gpath_trio"
"3837","FAM19A1","Exc L3-4 RORB CUX2",0.156039499383707,10.2559969311207,42.7941779773553,3.21151105048357e-10,7.98917822977879e-09,7.98917822977879e-09,"gpath_trio"
"3838","FAM19A4","Exc L3-4 RORB CUX2",0.684380075588852,-1.31739936549484,4.5729476192237,0.0334127884192465,0.079521411626554,0.079521411626554,"gpath_trio"
"3839","EOGT","Exc L3-4 RORB CUX2",-0.00888795016390982,3.73082926060082,0.0797366779500592,0.777879223524397,0.869120747333705,0.869120747333705,"gpath_trio"
"3840","AC109587.1","Exc L3-4 RORB CUX2",-0.122508103420443,1.56565169668348,5.44735632505668,0.0203602590092319,0.0530776877518094,0.0530776877518094,"gpath_trio"
"3841","TMF1","Exc L3-4 RORB CUX2",-0.0342082154390249,5.12263696981922,5.00136430241738,0.0261758023397469,0.0650045312905457,0.0650045312905457,"gpath_trio"
"3842","UBA3","Exc L3-4 RORB CUX2",-0.0153058244190298,5.77600618839477,0.760922721704043,0.383844729275178,0.531836234676651,0.531836234676651,"gpath_trio"
"3843","ARL6IP5","Exc L3-4 RORB CUX2",-0.118989296379999,6.35299929251498,43.4050698339274,2.4570041573838e-10,6.31465718155647e-09,6.31465718155647e-09,"gpath_trio"
"3844","LMOD3","Exc L3-4 RORB CUX2",-0.496642448096505,0.201934305360645,36.9688914143034,4.26189476255544e-09,8.2045540872668e-08,8.2045540872668e-08,"gpath_trio"
"3845","MITF","Exc L3-4 RORB CUX2",0.446656715808286,0.51766249692975,2.882196823945,0.0907602313248906,0.176992766884697,0.176992766884697,"gpath_trio"
"3846","SAMMSON","Exc L3-4 RORB CUX2",-0.000878185215409698,0.413564865370962,4.72225908403387e-05,0.994522354070055,0.997075580996255,0.997075580996255,"gpath_trio"
"3847","MDFIC2","Exc L3-4 RORB CUX2",0.103533743551727,-0.177250722771847,0.872718652506608,0.351070528296769,0.498546343942233,0.498546343942233,"gpath_trio"
"3848","FOXP1","Exc L3-4 RORB CUX2",0.0916749199702801,8.97981652738774,40.3552204112751,9.41356413625243e-10,2.08701820273509e-08,2.08701820273509e-08,"gpath_trio"
"3849","FOXP1-AS1","Exc L3-4 RORB CUX2",-0.270635448528317,-0.466613172938932,6.64979798693299,0.0104672371263659,0.0307299925821351,0.0307299925821351,"gpath_trio"
"3850","AC097634.3","Exc L3-4 RORB CUX2",0.197498219159087,3.82947120701593,24.0246666288338,1.675846267948e-06,1.64526513167158e-05,1.64526513167158e-05,"gpath_trio"
"3851","EIF4E3","Exc L3-4 RORB CUX2",0.0590171592207292,5.83662622919014,15.069479489661,0.00013144569686852,0.000737257974512759,0.000737257974512759,"gpath_trio"
"3852","GPR27","Exc L3-4 RORB CUX2",-0.0798432888898062,3.0681874422385,4.4809520611449,0.0352245999931994,0.0831357044611351,0.0831357044611351,"gpath_trio"
"3853","LINC00877","Exc L3-4 RORB CUX2",-0.0654212273733762,-0.580339113176962,0.0822354462157052,0.774518937932432,0.866805698809416,0.866805698809416,"gpath_trio"
"3854","LINC00870","Exc L3-4 RORB CUX2",0.0779575004544316,0.439519672228413,0.69824648017813,0.404140739573384,0.552520120681237,0.552520120681237,"gpath_trio"
"3855","RYBP","Exc L3-4 RORB CUX2",0.0617159286545718,5.35277873109797,7.67952075467502,0.00598839880228118,0.0193429308094817,0.0193429308094817,"gpath_trio"
"3856","AC104435.2","Exc L3-4 RORB CUX2",-0.0750183167753709,-0.36823530268254,0.606496112221743,0.436818327782145,0.584287592853198,0.584287592853198,"gpath_trio"
"3857","SHQ1","Exc L3-4 RORB CUX2",0.0428499537650206,3.98966921644206,2.33991279687535,0.127312293226737,0.23065580774154,0.23065580774154,"gpath_trio"
"3858","GXYLT2","Exc L3-4 RORB CUX2",0.0981194315113641,4.48381296263682,7.29368934798983,0.00737423052092498,0.0229308108445841,0.0229308108445841,"gpath_trio"
"3859","PPP4R2","Exc L3-4 RORB CUX2",0.00714882132113054,6.16779285149696,0.21475148350437,0.941930126964391,0.971645378438828,0.971645378438828,"gpath_trio"
"3860","PDZRN3","Exc L3-4 RORB CUX2",0.166532919833973,8.41362944840347,42.8401074645272,3.14742847895477e-10,7.85883286669709e-09,7.85883286669709e-09,"gpath_trio"
"3861","LINC02005","Exc L3-4 RORB CUX2",-0.106590560941575,-1.44936635264326,0.479709294008179,0.489172152457863,0.63263129332291,0.63263129332291,"gpath_trio"
"3862","CNTN3","Exc L3-4 RORB CUX2",0.0949425989992144,8.64496171685382,15.2027133557848,0.000122968622160762,0.000697467515348153,0.000697467515348153,"gpath_trio"
"3863","LINC02018","Exc L3-4 RORB CUX2",0.0643484170969409,4.1528047387195,1.72193851364014,0.190600970136251,0.313677671302624,0.313677671302624,"gpath_trio"
"3864","ZNF717","Exc L3-4 RORB CUX2",-0.0217100820556475,5.04616933746791,0.94601268979937,0.331640287082632,0.478019775086954,0.478019775086954,"gpath_trio"
"3865","ROBO2","Exc L3-4 RORB CUX2",0.247650636377807,10.2071377749167,22.2302856934363,3.947506673882e-06,3.48690661758184e-05,3.48690661758184e-05,"gpath_trio"
"3866","ROBO1","Exc L3-4 RORB CUX2",0.120110755663978,8.57855430280985,8.73481607374707,0.0034083985505996,0.0120175534355727,0.0120175534355727,"gpath_trio"
"3867","AC068756.1","Exc L3-4 RORB CUX2",-0.0931962456662635,-1.07917807232598,0.300178441772634,0.584240614836937,0.716538261661715,0.716538261661715,"gpath_trio"
"3868","LINC02050","Exc L3-4 RORB CUX2",-0.0371070302126304,-0.360619387906052,0.0514469037034812,0.820742638721988,0.897270296881982,0.897270296881982,"gpath_trio"
"3869","LINC02027","Exc L3-4 RORB CUX2",-0.276579746431179,-0.0982342881519678,2.25398365519825,0.13448433827829,0.240811353933123,0.240811353933123,"gpath_trio"
"3870","AC099542.1","Exc L3-4 RORB CUX2",0.0608552245139327,-0.16226420628478,0.352639109184181,0.553139261716029,0.690397463815942,0.690397463815942,"gpath_trio"
"3871","GBE1","Exc L3-4 RORB CUX2",0.1203486904572,5.22122842728474,12.4558357804488,0.000492619418304569,0.00231453115144264,0.00231453115144264,"gpath_trio"
"3872","AC129807.1","Exc L3-4 RORB CUX2",0.0595306813621037,-0.299403971006432,0.363805774525411,0.546925936812558,0.685058097423068,0.685058097423068,"gpath_trio"
"3873","LINC02008","Exc L3-4 RORB CUX2",0.0381849626282279,2.46488199664949,0.340175733422926,0.560233348008661,0.696090581563737,0.696090581563737,"gpath_trio"
"3874","LINC00971","Exc L3-4 RORB CUX2",-0.306451891590344,0.532743878111103,15.2667478430202,0.00011909376049853,0.000678350259191939,0.000678350259191939,"gpath_trio"
"3875","CADM2","Exc L3-4 RORB CUX2",0.183423008374153,11.8551762607284,141.014132714744,2.84208719282451e-26,7.16738863940432e-23,7.16738863940432e-23,"gpath_trio"
"3876","CADM2-AS2","Exc L3-4 RORB CUX2",-0.278682402204247,1.62191796364704,22.4481117678461,3.55607918775866e-06,3.18578586203512e-05,3.18578586203512e-05,"gpath_trio"
"3877","CADM2-AS1","Exc L3-4 RORB CUX2",-0.219199431750128,1.53323362730863,11.8707657723719,0.000664666269547633,0.00300059118105247,0.00300059118105247,"gpath_trio"
"3878","VGLL3","Exc L3-4 RORB CUX2",0.032875912216689,-0.953171517630659,0.0869574175419742,0.892479408756834,0.944154766053396,0.944154766053396,"gpath_trio"
"3879","AC107204.1","Exc L3-4 RORB CUX2",0.131419178216464,4.52407294012515,19.7534234115877,1.30535578813257e-05,0.000100325916287903,0.000100325916287903,"gpath_trio"
"3880","CHMP2B","Exc L3-4 RORB CUX2",-0.0959735108509934,4.15638958819718,18.4947471791895,2.41233329827862e-05,0.000169400711078215,0.000169400711078215,"gpath_trio"
"3881","AC117513.1","Exc L3-4 RORB CUX2",0.177902575678774,2.26496177036964,6.31791542631801,0.0125574780080321,0.0358208514664631,0.0358208514664631,"gpath_trio"
"3882","HTR1F","Exc L3-4 RORB CUX2",0.167278510684472,2.41238158998322,9.51062801671203,0.00226304663970436,0.0084861908475699,0.0084861908475699,"gpath_trio"
"3883","CGGBP1","Exc L3-4 RORB CUX2",-0.0860229263429993,5.21068932290676,16.5913000790528,6.16037315153048e-05,0.000385740311397044,0.000385740311397044,"gpath_trio"
"3884","ZNF654","Exc L3-4 RORB CUX2",0.027522490495421,5.96355678015276,2.80450174978808,0.107670024936306,0.202452615120484,0.202452615120484,"gpath_trio"
"3885","C3orf38","Exc L3-4 RORB CUX2",0.0117200097112263,5.16058280257078,0.302812654823248,0.582596918606775,0.715190244263206,0.715190244263206,"gpath_trio"
"3886","CSNKA2IP","Exc L3-4 RORB CUX2",0.0154109387027638,4.23586928250197,0.0686215152599918,0.793561936179699,0.879821512470486,0.879821512470486,"gpath_trio"
"3887","EPHA3","Exc L3-4 RORB CUX2",0.161311348743275,6.15280073671954,12.0781090030701,0.000597619809030259,0.00273215038458769,0.00273215038458769,"gpath_trio"
"3888","PROS1","Exc L3-4 RORB CUX2",0.0844341702948906,5.18391860982209,3.50664227804072,0.0622454438210464,0.131511344548079,0.131511344548079,"gpath_trio"
"3889","ARL13B","Exc L3-4 RORB CUX2",0.0226069254125806,5.75286334602256,1.54497940568163,0.214997858749612,0.343706957232443,0.343706957232443,"gpath_trio"
"3890","STX19","Exc L3-4 RORB CUX2",-0.0823216824125636,1.12984455288536,1.43393071637841,0.232214559330474,0.364215369027369,0.364215369027369,"gpath_trio"
"3891","DHFR2","Exc L3-4 RORB CUX2",-0.19148128697723,1.67911405916564,11.8455117289672,0.00067333915937578,0.00303097857020068,0.00303097857020068,"gpath_trio"
"3892","NSUN3","Exc L3-4 RORB CUX2",-0.0121456298305792,4.59833615163063,0.179495784224241,0.672157180922891,0.788750871408499,0.788750871408499,"gpath_trio"
"3893","LINC00879","Exc L3-4 RORB CUX2",-0.179264593435666,-0.783228863564029,2.55450266140631,0.111194920981386,0.207755202045914,0.207755202045914,"gpath_trio"
"3894","MTRNR2L12","Exc L3-4 RORB CUX2",0.191910007617768,5.83007030826224,3.94065012371,0.0481832774514109,0.106941432627306,0.106941432627306,"gpath_trio"
"3895","EPHA6","Exc L3-4 RORB CUX2",0.161334469392218,9.39020281298471,34.5259958609615,1.28315218111038e-08,2.1809263061417e-07,2.1809263061417e-07,"gpath_trio"
"3896","AC110491.1","Exc L3-4 RORB CUX2",0.0492824746269765,2.92170430933765,1.06132901213877,0.303869628236005,0.447748301903404,0.447748301903404,"gpath_trio"
"3897","ARL6","Exc L3-4 RORB CUX2",0.00179421008402067,6.21548867831255,0.00719065147807511,0.932487470622407,0.967146551501494,0.967146551501494,"gpath_trio"
"3898","AC110491.3","Exc L3-4 RORB CUX2",-0.114003923924037,-0.482530416160735,1.2816101567012,0.271672586861181,0.411177377338659,0.411177377338659,"gpath_trio"
"3899","CRYBG3","Exc L3-4 RORB CUX2",0.171153772795752,4.40690441492148,5.22064439351887,0.0231260856718167,0.0587914287334807,0.0587914287334807,"gpath_trio"
"3900","AC110491.2","Exc L3-4 RORB CUX2",-0.0719952233432683,-0.960552132042329,0.233491382059712,0.629353658894025,0.753275395597233,0.753275395597233,"gpath_trio"
"3901","RIOX2","Exc L3-4 RORB CUX2",0.0444507506543593,4.25956205195665,2.82590816253028,0.09395521359986,0.181600539794709,0.181600539794709,"gpath_trio"
"3902","AC117473.1","Exc L3-4 RORB CUX2",-0.014507659098955,0.603506781696547,0.063856601876011,0.800700762102145,0.883850625125063,0.883850625125063,"gpath_trio"
"3903","CLDND1","Exc L3-4 RORB CUX2",0.0279584054410437,4.18609750377164,0.432839922093951,0.511180776207052,0.652837476874526,0.652837476874526,"gpath_trio"
"3904","CPOX","Exc L3-4 RORB CUX2",0.0230448896606915,5.41052168765975,0.676706117261456,0.411477058980256,0.559773382440213,0.559773382440213,"gpath_trio"
"3905","ST3GAL6-AS1","Exc L3-4 RORB CUX2",0.150551391117104,2.32090332408611,4.34058842942747,0.0381909669314402,0.0888290013652071,0.0888290013652071,"gpath_trio"
"3906","ST3GAL6","Exc L3-4 RORB CUX2",0.120222946760999,6.44341738937791,27.9130206606764,2.68565764554177e-07,3.23481450739136e-06,3.23481450739136e-06,"gpath_trio"
"3907","DCBLD2","Exc L3-4 RORB CUX2",0.11174605917745,6.09882799169364,25.7717057318636,7.33056506563903e-07,7.83337659953747e-06,7.83337659953747e-06,"gpath_trio"
"3908","AC091212.1","Exc L3-4 RORB CUX2",0.00243423301326983,2.41821230746037,0.00250000689504749,0.960160721564504,0.979750116174416,0.979750116174416,"gpath_trio"
"3909","AC107029.1","Exc L3-4 RORB CUX2",0.0604072507801643,-0.515231342286755,0.298712510433994,0.585159394455416,0.717371906437352,0.717371906437352,"gpath_trio"
"3910","AC107029.2","Exc L3-4 RORB CUX2",-0.466892098756766,-1.02268702975574,11.5404258275352,0.000787682741814174,0.00345617644978272,0.00345617644978272,"gpath_trio"
"3911","COL8A1","Exc L3-4 RORB CUX2",0.239806656579575,1.57925682456107,9.41813499256066,0.00237581673156117,0.00885172715775559,0.00885172715775559,"gpath_trio"
"3912","AC069222.1","Exc L3-4 RORB CUX2",0.104364173311826,-0.418451097666025,1.24662552736393,0.265228704644408,0.403817758373024,0.403817758373024,"gpath_trio"
"3913","CMSS1","Exc L3-4 RORB CUX2",0.0998419817771042,7.33343823165683,36.0606622703058,6.41227057622714e-09,1.17500053474462e-07,1.17500053474462e-07,"gpath_trio"
"3914","FILIP1L","Exc L3-4 RORB CUX2",-0.0572051573020859,5.64278286942103,2.55774919959165,0.110969158084933,0.207430998273281,0.207430998273281,"gpath_trio"
"3915","TBC1D23","Exc L3-4 RORB CUX2",0.00745393611751892,5.70549750053267,0.240806554362278,0.624038076020024,0.748867962390197,0.748867962390197,"gpath_trio"
"3916","NIT2","Exc L3-4 RORB CUX2",-0.00699103457373278,4.0469321968393,0.0525098566788745,0.818932250120406,0.896033306913563,0.896033306913563,"gpath_trio"
"3917","TOMM70","Exc L3-4 RORB CUX2",-0.0486247454006342,5.51964813555489,11.0349359533917,0.00102243007339841,0.00432230594579041,0.00432230594579041,"gpath_trio"
"3918","LNP1","Exc L3-4 RORB CUX2",-0.0356962184026072,3.17640202903861,1.2681360425863,0.511055114270161,0.652784411290045,0.652784411290045,"gpath_trio"
"3919","TMEM45A","Exc L3-4 RORB CUX2",-0.0863519741272426,0.0405902652267633,1.05986280490185,0.356777067236935,0.504483973332294,0.504483973332294,"gpath_trio"
"3920","ADGRG7","Exc L3-4 RORB CUX2",1.49995583661508,0.810882403761034,18.1072164653829,2.91709306434646e-05,0.000201204624181846,0.000201204624181846,"gpath_trio"
"3921","TFG","Exc L3-4 RORB CUX2",0.0418201498341921,5.62333648313311,4.98998522125818,0.0263451049791708,0.0653204489313962,0.0653204489313962,"gpath_trio"
"3922","ABI3BP","Exc L3-4 RORB CUX2",0.0173029175613949,0.563521790117595,0.0368943730198768,0.847830189643885,0.915144940135112,0.915144940135112,"gpath_trio"
"3923","IMPG2","Exc L3-4 RORB CUX2",0.175732151211844,2.98140173897573,11.7144129980546,0.000720247625879954,0.00320370233622696,0.00320370233622696,"gpath_trio"
"3924","SENP7","Exc L3-4 RORB CUX2",0.0449771552731539,5.85517101168257,5.23200229944851,0.0229786014219481,0.0585197278070945,0.0585197278070945,"gpath_trio"
"3925","TRMT10C","Exc L3-4 RORB CUX2",-0.17006573388078,4.21667007780433,33.7780547520218,1.80216960558445e-08,2.94164820329014e-07,2.94164820329014e-07,"gpath_trio"
"3926","PCNP","Exc L3-4 RORB CUX2",-0.0193036996958973,5.9049636276989,1.49374485612603,0.222743144243419,0.352928841208747,0.352928841208747,"gpath_trio"
"3927","ZBTB11","Exc L3-4 RORB CUX2",0.0109546769689081,5.30425768791403,0.346172929051171,0.556798307021491,0.693278885954117,0.693278885954117,"gpath_trio"
"3928","ZBTB11-AS1","Exc L3-4 RORB CUX2",0.0042591971440632,0.0172169684357547,0.00249766186464462,0.960179395142531,0.979750116174416,0.979750116174416,"gpath_trio"
"3929","RPL24","Exc L3-4 RORB CUX2",-0.228723369422968,4.31824542291116,45.5367925814866,9.69718026456987e-11,2.74390759940669e-09,2.74390759940669e-09,"gpath_trio"
"3930","CEP97","Exc L3-4 RORB CUX2",0.0409329297311427,5.3449490725185,5.7337616975122,0.0173503993130221,0.0466787979917618,0.0466787979917618,"gpath_trio"
"3931","NXPE3","Exc L3-4 RORB CUX2",0.0506202860402556,5.14424506368268,5.81916863384102,0.0165453610914314,0.0448538914296732,0.0448538914296732,"gpath_trio"
"3932","NFKBIZ","Exc L3-4 RORB CUX2",0.0271916110139635,4.5357088173082,0.723124574971541,0.395903292912424,0.544111072549733,0.544111072549733,"gpath_trio"
"3933","ZPLD1","Exc L3-4 RORB CUX2",-0.0939075813555847,0.954298417438865,2.07383562038249,0.17327405487132,0.291584290351896,0.291584290351896,"gpath_trio"
"3934","ALCAM","Exc L3-4 RORB CUX2",0.179707530989481,6.20134726124884,12.0420665449688,0.00060876013878008,0.0027742796024143,0.0027742796024143,"gpath_trio"
"3935","CBLB","Exc L3-4 RORB CUX2",0.104634031631351,5.50028449181547,21.9487512202971,4.5187133057901e-06,3.92783459475723e-05,3.92783459475723e-05,"gpath_trio"
"3936","LINC00882","Exc L3-4 RORB CUX2",0.0939652330541208,8.43252404190279,23.3612377343769,2.29832002171809e-06,2.15969289418549e-05,2.15969289418549e-05,"gpath_trio"
"3937","DUBR","Exc L3-4 RORB CUX2",0.174021590388402,6.94037276667293,69.5441392129208,4.4014939959854e-15,3.73109837684896e-13,3.73109837684896e-13,"gpath_trio"
"3938","AC063944.1","Exc L3-4 RORB CUX2",-0.235874572054703,3.75983640926465,26.1819249582193,6.04304336626311e-07,6.60804335579178e-06,6.60804335579178e-06,"gpath_trio"
"3939","AC063944.3","Exc L3-4 RORB CUX2",0.167294964077157,2.71772143644726,17.7299801777119,3.51120781888149e-05,0.000236365048458239,0.000236365048458239,"gpath_trio"
"3940","LINC01990","Exc L3-4 RORB CUX2",0.156522990953506,2.02329710024742,7.70247640442927,0.00591491214555493,0.0191392706554243,0.0191392706554243,"gpath_trio"
"3941","BBX","Exc L3-4 RORB CUX2",0.106056827773459,6.65093024390413,28.2876999438726,2.25521655593081e-07,2.77602159950605e-06,2.77602159950605e-06,"gpath_trio"
"3942","LINC00635","Exc L3-4 RORB CUX2",-0.0305071316186392,-0.986163748643386,0.0598148950258563,0.806981641615074,0.888450456730375,0.888450456730375,"gpath_trio"
"3943","LINC00636","Exc L3-4 RORB CUX2",-0.238639447353727,1.19609550407807,12.4866466559404,0.000484929538397428,0.00228531965362488,0.00228531965362488,"gpath_trio"
"3944","CD47","Exc L3-4 RORB CUX2",0.00224684084309671,7.53757620463362,0.023858575119346,0.877365133086339,0.934525186633065,0.934525186633065,"gpath_trio"
"3945","LINC01215","Exc L3-4 RORB CUX2",-0.0753806372022938,-0.638524742934,0.397458794982346,0.528958273090153,0.669032233690291,0.669032233690291,"gpath_trio"
"3946","IFT57","Exc L3-4 RORB CUX2",-0.0316248669113705,5.57885495291696,2.68581518410495,0.102454832820397,0.194744031833063,0.194744031833063,"gpath_trio"
"3947","HHLA2","Exc L3-4 RORB CUX2",0.0405478654505359,0.477652895986926,0.28308273492791,0.955585760054194,0.977880212744723,0.977880212744723,"gpath_trio"
"3948","MYH15","Exc L3-4 RORB CUX2",0.0375858964134144,2.00229299776305,0.341685695577219,0.559364672440317,0.695414238752983,0.695414238752983,"gpath_trio"
"3949","CIP2A","Exc L3-4 RORB CUX2",0.0113174511708187,3.65827263138731,0.114144542299654,0.73574670185745,0.837869141452588,0.837869141452588,"gpath_trio"
"3950","DZIP3","Exc L3-4 RORB CUX2",0.0179614580569892,7.57262462025829,1.28507816103114,0.258001122335698,0.395499782928555,0.395499782928555,"gpath_trio"
"3951","GUCA1C","Exc L3-4 RORB CUX2",-0.033104051934039,0.511083134349017,0.21187107786087,0.645689515738402,0.766714315605016,0.766714315605016,"gpath_trio"
"3952","MORC1","Exc L3-4 RORB CUX2",-0.203475071698209,0.433985344573683,7.23952861668528,0.00759364531258497,0.023522461873392,0.023522461873392,"gpath_trio"
"3953","LINC00488","Exc L3-4 RORB CUX2",0.14699437093494,-0.382505105303125,1.27291030792317,0.260261392437746,0.398178023237394,0.398178023237394,"gpath_trio"
"3954","DPPA2","Exc L3-4 RORB CUX2",-0.264678350721964,-0.313853903203549,7.3652685703268,0.00709421637010368,0.0222210550018385,0.0222210550018385,"gpath_trio"
"3955","LINC01205","Exc L3-4 RORB CUX2",0.0834125338661936,-0.280826039771928,0.515853721501228,0.473260622040877,0.61805810145729,0.61805810145729,"gpath_trio"
"3956","AC078980.1","Exc L3-4 RORB CUX2",-0.0341189566351903,2.70375759697691,0.209424124598527,0.647601318739524,0.768098565877125,0.768098565877125,"gpath_trio"
"3957","AC117402.1","Exc L3-4 RORB CUX2",-0.150320597556204,-0.757805303698828,2.07381038236964,0.15104970581113,0.262709294374099,0.262709294374099,"gpath_trio"
"3958","NECTIN3-AS1","Exc L3-4 RORB CUX2",-0.0417080363661378,4.42039392199636,1.17690995334085,0.278990829732699,0.419640646377186,0.419640646377186,"gpath_trio"
"3959","NECTIN3","Exc L3-4 RORB CUX2",0.0927235460383636,7.19989356209233,15.9234402281878,8.58297707402724e-05,0.000510349432562628,0.000510349432562628,"gpath_trio"
"3960","CD96","Exc L3-4 RORB CUX2",0.114126105687981,2.94255174986912,3.69311418776647,0.0557304665248298,0.120069273660782,0.120069273660782,"gpath_trio"
"3961","PLCXD2","Exc L3-4 RORB CUX2",0.229446462390695,3.77799552616852,18.5470309905322,2.35136266437289e-05,0.000165811750275159,0.000165811750275159,"gpath_trio"
"3962","PHLDB2","Exc L3-4 RORB CUX2",0.104185977185698,3.71079926945833,1.25731337184458,0.263194775986361,0.401691096567428,0.401691096567428,"gpath_trio"
"3963","ABHD10","Exc L3-4 RORB CUX2",-0.0546350881757393,4.11290578932313,4.37635397767404,0.0374109490217788,0.0874178708031489,0.0874178708031489,"gpath_trio"
"3964","TAGLN3","Exc L3-4 RORB CUX2",-0.165829059963328,6.796073853396,40.7308450674748,7.97148035371122e-10,1.80296654861125e-08,1.80296654861125e-08,"gpath_trio"
"3965","TMPRSS7","Exc L3-4 RORB CUX2",-0.111327833444015,1.85885794266847,0.581799504939802,0.446299282320842,0.592686151976237,0.592686151976237,"gpath_trio"
"3966","C3orf52","Exc L3-4 RORB CUX2",0.169686670657974,2.22265589943877,5.47844505072895,0.0200087704451156,0.052364371997692,0.052364371997692,"gpath_trio"
"3967","AC128688.2","Exc L3-4 RORB CUX2",0.163851782630301,-0.59625314868233,1.96764184760869,0.161891307506949,0.276535189988375,0.276535189988375,"gpath_trio"
"3968","SLC9C1","Exc L3-4 RORB CUX2",-0.129512513812279,1.11080203340016,4.37394284020693,0.0374630022762009,0.0874989663026572,0.0874989663026572,"gpath_trio"
"3969","AC112487.1","Exc L3-4 RORB CUX2",0.270455233434585,0.427019962154081,7.79877930216796,0.00561657474489399,0.0183772941093474,0.0183772941093474,"gpath_trio"
"3970","CD200","Exc L3-4 RORB CUX2",-0.0134042523760687,6.01022317943941,0.46171400418863,0.689031114116161,0.801776602104831,0.801776602104831,"gpath_trio"
"3971","BTLA","Exc L3-4 RORB CUX2",-0.232092353873031,-0.505817233215265,4.42408827546241,0.036395969715653,0.0854320755105641,0.0854320755105641,"gpath_trio"
"3972","ATG3","Exc L3-4 RORB CUX2",-0.0471935187649184,3.61824311198725,3.62418875739656,0.0580493905184279,0.124067193765032,0.124067193765032,"gpath_trio"
"3973","SLC35A5","Exc L3-4 RORB CUX2",-0.0443737599821353,3.93459906791937,3.08636128800857,0.0801282633356841,0.160662662770565,0.160662662770565,"gpath_trio"
"3974","CD200R1","Exc L3-4 RORB CUX2",-0.00616910027548543,2.75175253378875,0.0107190035880132,0.917620072163736,0.958377851421203,0.958377851421203,"gpath_trio"
"3975","AC074044.1","Exc L3-4 RORB CUX2",-0.0601947175951001,1.0355641895202,0.865837141353496,0.588472117188845,0.720064590264735,0.720064590264735,"gpath_trio"
"3976","GTPBP8","Exc L3-4 RORB CUX2",0.0571883048219018,3.3017110822969,3.12339768983608,0.0783487098390074,0.157879067219534,0.157879067219534,"gpath_trio"
"3977","NEPRO","Exc L3-4 RORB CUX2",-0.077658753800135,4.88352465905333,12.6456274567632,0.000447146293155178,0.00213014792547951,0.00213014792547951,"gpath_trio"
"3978","AC078785.1","Exc L3-4 RORB CUX2",0.0434341660646525,4.6322169699304,1.98214028089016,0.160359586000519,0.274686249580615,0.274686249580615,"gpath_trio"
"3979","BOC","Exc L3-4 RORB CUX2",0.0548484692886755,3.61112522221518,0.887749427360573,0.346962526568485,0.494103830981802,0.494103830981802,"gpath_trio"
"3980","CFAP44","Exc L3-4 RORB CUX2",0.102263697583375,5.69174896299619,28.7398526733042,1.82730475983253e-07,2.2998049612989e-06,2.2998049612989e-06,"gpath_trio"
"3981","CFAP44-AS1","Exc L3-4 RORB CUX2",-0.454419339995704,1.12804730806169,44.216137889483,1.72347660968613e-10,4.60544908614803e-09,4.60544908614803e-09,"gpath_trio"
"3982","SPICE1","Exc L3-4 RORB CUX2",0.014768194188168,4.92949175798817,0.566890652287146,0.452178301563465,0.598327358433981,0.598327358433981,"gpath_trio"
"3983","SIDT1","Exc L3-4 RORB CUX2",0.0497563205825513,7.08124461349593,4.22636315409157,0.0407991431676698,0.0937661640323908,0.0937661640323908,"gpath_trio"
"3984","SIDT1-AS1","Exc L3-4 RORB CUX2",-0.620113745945653,2.35341126760247,61.7330596688453,1.04199607148893e-13,6.2196067284879e-12,6.2196067284879e-12,"gpath_trio"
"3985","USF3","Exc L3-4 RORB CUX2",0.0197532929296238,5.21960239064853,1.52440405638293,0.218068885664216,0.347679766735859,0.347679766735859,"gpath_trio"
"3986","NAA50","Exc L3-4 RORB CUX2",0.0386079750425374,5.71542588496071,5.76855129792195,0.0536119712383288,0.116441115268951,0.116441115268951,"gpath_trio"
"3987","ATP6V1A","Exc L3-4 RORB CUX2",-0.0415596896272749,7.07447446851337,6.85111128765173,0.00937771104192495,0.028045860151158,0.028045860151158,"gpath_trio"
"3988","GRAMD1C","Exc L3-4 RORB CUX2",0.0241081985696544,4.45739395068096,0.29326792031997,0.588597669977722,0.720096451360389,0.720096451360389,"gpath_trio"
"3989","ZDHHC23","Exc L3-4 RORB CUX2",-0.051183296142593,4.64543493709572,3.64060922790976,0.057487742407677,0.123008329998576,0.123008329998576,"gpath_trio"
"3990","CCDC191","Exc L3-4 RORB CUX2",0.0224767781813323,5.03955436060505,0.764196365490942,0.510913218746187,0.652714930864003,0.652714930864003,"gpath_trio"
"3991","QTRT2","Exc L3-4 RORB CUX2",-0.0580752228520508,4.11446745132874,3.20833162350843,0.0744271854931295,0.151673582557969,0.151673582557969,"gpath_trio"
"3992","DRD3","Exc L3-4 RORB CUX2",-0.0963032493516594,-0.182578904228029,1.26643623219327,0.283722187801302,0.424951383733576,0.424951383733576,"gpath_trio"
"3993","ZBTB20","Exc L3-4 RORB CUX2",-0.175655568422657,3.21066486829075,0.33814882135269,0.561403496581888,0.69723273994172,0.69723273994172,"gpath_trio"
"3994","AC046136.1","Exc L3-4 RORB CUX2",0.138935599040095,1.57574270392911,5.33167572989037,0.0217256473336363,0.0559903096871899,0.0559903096871899,"gpath_trio"
"3995","GAP43","Exc L3-4 RORB CUX2",-0.109908205769559,8.27595404105947,28.3738994023549,2.16647390319234e-07,2.67822371304568e-06,2.67822371304568e-06,"gpath_trio"
"3996","LSAMP","Exc L3-4 RORB CUX2",0.135025075854545,11.3055669106688,27.6730883147682,3.00399087875619e-07,3.5840044931346e-06,3.5840044931346e-06,"gpath_trio"
"3997","LSAMP-AS1","Exc L3-4 RORB CUX2",-0.507789324951754,3.86458656564935,28.7723826829768,1.79988208519596e-07,2.27289631067374e-06,2.27289631067374e-06,"gpath_trio"
"3998","LINC00903","Exc L3-4 RORB CUX2",-0.570277962074709,2.85055853960419,74.1247788922198,7.14067023633878e-16,7.131832773175e-14,7.131832773175e-14,"gpath_trio"
"3999","TUSC7","Exc L3-4 RORB CUX2",-0.208996814508342,-0.0553514476550587,4.26511613909288,0.0409691364229219,0.0940546571839382,0.0940546571839382,"gpath_trio"
"4000","LINC00901","Exc L3-4 RORB CUX2",0.0331218427525755,0.237396016449709,0.162027328717931,0.68762755946101,0.80065452310609,0.80065452310609,"gpath_trio"
"4001","AC092691.1","Exc L3-4 RORB CUX2",0.182717800615252,9.50900740213793,35.4836780816936,8.31871921865804e-09,1.47867982587159e-07,1.47867982587159e-07,"gpath_trio"
"4002","AC068633.1","Exc L3-4 RORB CUX2",-0.0515179715016128,2.26396964775492,0.893093408197818,0.345517765981651,0.492567900556799,0.492567900556799,"gpath_trio"
"4003","IGSF11","Exc L3-4 RORB CUX2",0.0956592024947852,7.03858914077589,21.6677324435667,5.17232534654809e-06,4.43860756557243e-05,4.43860756557243e-05,"gpath_trio"
"4004","AC083800.1","Exc L3-4 RORB CUX2",0.307137273081041,-0.6843818683556,3.51971087315833,0.0617632854044488,0.130711662963889,0.130711662963889,"gpath_trio"
"4005","UPK1B","Exc L3-4 RORB CUX2",-0.510140095932271,0.116131147781829,18.590877809355,2.30143454024659e-05,0.000162746028214073,0.000162746028214073,"gpath_trio"
"4006","B4GALT4","Exc L3-4 RORB CUX2",0.0230515084337714,3.91059273944895,0.87295777245776,0.351004656926276,0.498487889165677,0.498487889165677,"gpath_trio"
"4007","B4GALT4-AS1","Exc L3-4 RORB CUX2",-0.317599028515912,1.51592653602375,31.9112445965785,4.22680627889821e-08,6.27409278789424e-07,6.27409278789424e-07,"gpath_trio"
"4008","TMEM39A","Exc L3-4 RORB CUX2",0.0639760652162653,3.47314286826843,5.07583112390577,0.0250955662698951,0.0628180568198844,0.0628180568198844,"gpath_trio"
"4009","POGLUT1","Exc L3-4 RORB CUX2",-0.0210489445720365,4.95148201318257,0.602161466967315,0.438459787713988,0.585319011257176,0.585319011257176,"gpath_trio"
"4010","TIMMDC1","Exc L3-4 RORB CUX2",0.00184698593964519,4.57155404730389,0.00825113030492584,0.927693055784402,0.964106907765431,0.964106907765431,"gpath_trio"
"4011","CD80","Exc L3-4 RORB CUX2",-0.0235325899725821,-0.824808570520795,0.0420004766989927,0.837779208151516,0.908394457368162,0.908394457368162,"gpath_trio"
"4012","PLA1A","Exc L3-4 RORB CUX2",-0.341617910834366,-1.24111380657202,5.10450471137559,0.0246921361911199,0.0619529719756055,0.0619529719756055,"gpath_trio"
"4013","POPDC2","Exc L3-4 RORB CUX2",-0.146353545461309,-0.0752666503018901,2.52497894264485,0.11327148482461,0.210430904647569,0.210430904647569,"gpath_trio"
"4014","COX17","Exc L3-4 RORB CUX2",-0.235586273537722,2.32725210217157,27.0118901459355,4.09297727276094e-07,4.69447506980966e-06,4.69447506980966e-06,"gpath_trio"
"4015","MAATS1","Exc L3-4 RORB CUX2",0.116154792526227,4.45007555519586,14.4363703737659,0.000180591289503993,0.00097391854203236,0.00097391854203236,"gpath_trio"
"4016","NR1I2","Exc L3-4 RORB CUX2",-0.10247977795365,-0.209979287957279,1.49128508667474,0.223123347530257,0.353325899025338,0.353325899025338,"gpath_trio"
"4017","GSK3B","Exc L3-4 RORB CUX2",0.0407320942917481,7.6277852939539,12.7234849683967,0.000429748058719672,0.00206138066682582,0.00206138066682582,"gpath_trio"
"4018","AC092910.3","Exc L3-4 RORB CUX2",0.176210054664063,3.81869836031168,37.2005878264942,3.84103192468813e-09,7.49446993042389e-08,7.49446993042389e-08,"gpath_trio"
"4019","GPR156","Exc L3-4 RORB CUX2",0.178062510927028,1.85775885125658,5.68419382432507,0.0178361776166981,0.047679821587666,0.047679821587666,"gpath_trio"
"4020","LRRC58","Exc L3-4 RORB CUX2",0.0536240154023458,5.19787453200539,6.63728809289291,0.0105391098260761,0.0309229989443114,0.0309229989443114,"gpath_trio"
"4021","FSTL1","Exc L3-4 RORB CUX2",0.0568231995957539,3.19940871787385,0.92766193152526,0.336366109357038,0.482899470310841,0.482899470310841,"gpath_trio"
"4022","NDUFB4","Exc L3-4 RORB CUX2",-0.182750675279783,4.42705008507517,51.6737933987739,6.94623170339427e-12,2.65417092075718e-10,2.65417092075718e-10,"gpath_trio"
"4023","HGD","Exc L3-4 RORB CUX2",0.105347255561618,0.692032611895069,1.20909737100752,0.272528022989051,0.412131988891695,0.412131988891695,"gpath_trio"
"4024","RABL3","Exc L3-4 RORB CUX2",-0.0186990875973643,3.95758356635922,0.520444347800184,0.471300407380245,0.616633315103531,0.616633315103531,"gpath_trio"
"4025","GTF2E1","Exc L3-4 RORB CUX2",-0.0406961099554257,2.84830029785075,1.44197776379978,0.230912374906798,0.36276726084291,0.36276726084291,"gpath_trio"
"4026","STXBP5L","Exc L3-4 RORB CUX2",0.067115359185774,11.1878774858566,10.0234726000935,0.00172976023254316,0.00674486136288331,0.00674486136288331,"gpath_trio"
"4027","POLQ","Exc L3-4 RORB CUX2",0.0128654778237941,3.29982405468951,0.0744761437578239,0.785144268816205,0.874236195340081,0.874236195340081,"gpath_trio"
"4028","ARGFX","Exc L3-4 RORB CUX2",-0.249290253827726,-0.0588606683775561,6.63512332994978,0.0105515985854339,0.0309378635081822,0.0309378635081822,"gpath_trio"
"4029","FBXO40","Exc L3-4 RORB CUX2",0.136171977210689,3.22376329654338,9.26568360761856,0.00257437534107989,0.00947082831989184,0.00947082831989184,"gpath_trio"
"4030","GOLGB1","Exc L3-4 RORB CUX2",0.118287941402239,6.95455615510251,26.0550812655733,6.41468466402312e-07,6.94665931812487e-06,6.94665931812487e-06,"gpath_trio"
"4031","IQCB1","Exc L3-4 RORB CUX2",0.0713465013282368,6.11573394071301,18.1558959432186,2.84822926597295e-05,0.000196926063882811,0.000196926063882811,"gpath_trio"
"4032","EAF2","Exc L3-4 RORB CUX2",0.0637693367970096,4.01216944079045,4.9955708926268,0.0262618564192726,0.0651781219410536,0.0651781219410536,"gpath_trio"
"4033","SLC15A2","Exc L3-4 RORB CUX2",0.0991591766397589,4.00069981093507,12.6353289749578,0.000449500617758193,0.00213934299676139,0.00213934299676139,"gpath_trio"
"4034","CCDC58","Exc L3-4 RORB CUX2",0.00203993839675207,3.20983066537104,0.00354728261679892,0.952552570249142,0.976908708050856,0.976908708050856,"gpath_trio"
"4035","FAM162A","Exc L3-4 RORB CUX2",-0.0173376586353525,5.50581393937857,0.751821308644518,0.386699692275676,0.534763608997311,0.534763608997311,"gpath_trio"
"4036","WDR5B","Exc L3-4 RORB CUX2",0.0502224596790595,-0.0686277743202653,0.316949482376805,0.638849321918325,0.761073815748581,0.761073815748581,"gpath_trio"
"4037","AC083798.2","Exc L3-4 RORB CUX2",-0.0733971772926617,2.94284491761399,3.78645995895428,0.0527462435427531,0.115031398062376,0.115031398062376,"gpath_trio"
"4038","KPNA1","Exc L3-4 RORB CUX2",0.0104319985008463,6.42488015729408,0.372131052176986,0.54237772184985,0.68090847694233,0.68090847694233,"gpath_trio"
"4039","HSPBAP1","Exc L3-4 RORB CUX2",0.0793767828031432,4.63368976345858,10.6959394560577,0.00121873574700126,0.00501591058664839,0.00501591058664839,"gpath_trio"
"4040","DIRC2","Exc L3-4 RORB CUX2",0.086821868563519,5.47947400465486,23.0130683039224,2.71384265760849e-06,2.50694943302432e-05,2.50694943302432e-05,"gpath_trio"
"4041","LINC02035","Exc L3-4 RORB CUX2",0.00627843426055245,2.58959625149303,0.0223624937374502,0.881242733317874,0.937062170958895,0.937062170958895,"gpath_trio"
"4042","SEMA5B","Exc L3-4 RORB CUX2",0.00490642739886701,5.08170884892423,0.0159552176920978,0.899581023878967,0.948622577710545,0.948622577710545,"gpath_trio"
"4043","PDIA5","Exc L3-4 RORB CUX2",0.0574077754249552,4.81973601538171,3.50941288269319,0.0621428880720373,0.13133592780781,0.13133592780781,"gpath_trio"
"4044","SEC22A","Exc L3-4 RORB CUX2",0.0341591818868963,5.8950404497432,2.5404766403068,0.112176143701829,0.209027133976146,0.209027133976146,"gpath_trio"
"4045","AC112503.2","Exc L3-4 RORB CUX2",0.165489900753682,-0.763571231266088,2.29245158779321,0.131219065803493,0.236074964560858,0.236074964560858,"gpath_trio"
"4046","ADCY5","Exc L3-4 RORB CUX2",0.0846848722267964,5.74795774389114,20.2766577118707,1.01255665038097e-05,8.01110996919058e-05,8.01110996919058e-05,"gpath_trio"
"4047","AC112503.1","Exc L3-4 RORB CUX2",0.0984991461029738,0.390780233594538,1.91871378195765,0.247256154260912,0.382457480044001,0.382457480044001,"gpath_trio"
"4048","HACD2","Exc L3-4 RORB CUX2",0.0399373557434789,6.2745028527648,5.9083512920424,0.0157460082461253,0.0431390163451356,0.0431390163451356,"gpath_trio"
"4049","MYLK-AS1","Exc L3-4 RORB CUX2",0.133531385763751,4.0614326046169,25.6181681097913,7.88088534672623e-07,8.35945646005267e-06,8.35945646005267e-06,"gpath_trio"
"4050","MYLK","Exc L3-4 RORB CUX2",-0.0067282040005924,4.78503151793057,0.0146476528016652,0.903762739583361,0.951332569861525,0.951332569861525,"gpath_trio"
"4051","MYLK-AS2","Exc L3-4 RORB CUX2",0.0635869783741761,-0.132199592338521,0.51162381254904,0.475078556129231,0.619487452811998,0.619487452811998,"gpath_trio"
"4052","CCDC14","Exc L3-4 RORB CUX2",0.0859153504339022,6.12134714106554,10.0748183542192,0.00168397967626241,0.00659055091534317,0.00659055091534317,"gpath_trio"
"4053","KALRN","Exc L3-4 RORB CUX2",0.0672791071924349,10.7536007701939,16.0299683794877,8.13994556077501e-05,0.000488178958646361,0.000488178958646361,"gpath_trio"
"4054","UMPS","Exc L3-4 RORB CUX2",0.0147182868555479,3.84172084961924,0.302893665038527,0.943046275438017,0.972249916038734,0.972249916038734,"gpath_trio"
"4055","ITGB5","Exc L3-4 RORB CUX2",-0.12265195480993,0.27518865212795,0.417418015807466,0.518798044738717,0.659696870830936,0.659696870830936,"gpath_trio"
"4056","ITGB5-AS1","Exc L3-4 RORB CUX2",0.268030825768649,-1.11665844147818,3.57481604817544,0.0597737630256961,0.127168160818667,0.127168160818667,"gpath_trio"
"4057","SLC12A8","Exc L3-4 RORB CUX2",-0.0158355014200618,6.00693698241643,0.179362923010783,0.672271427977255,0.788826105585734,0.788826105585734,"gpath_trio"
"4058","ZNF148","Exc L3-4 RORB CUX2",0.0586431755595346,7.53783798425514,19.0405150137411,1.84736506053129e-05,0.000134891748448132,0.000134891748448132,"gpath_trio"
"4059","SNX4","Exc L3-4 RORB CUX2",0.00736757301618391,5.8511692871405,0.211215031120503,0.646200766678659,0.767113884539097,0.767113884539097,"gpath_trio"
"4060","OSBPL11","Exc L3-4 RORB CUX2",0.0118977492888914,4.3384518786096,0.353669609416149,0.552560327470636,0.689930969595252,0.689930969595252,"gpath_trio"
"4061","AC092902.3","Exc L3-4 RORB CUX2",0.0409950841807202,5.77273212814519,1.14135028834057,0.286358056255797,0.428034081147579,0.428034081147579,"gpath_trio"
"4062","AC092903.2","Exc L3-4 RORB CUX2",0.0402116096861957,0.959734435667784,0.345206481040823,0.557349144741099,0.69363512399924,0.69363512399924,"gpath_trio"
"4063","ALG1L","Exc L3-4 RORB CUX2",-0.0844259011458517,0.172259842714682,0.685411921305473,0.408488596632304,0.556766480006536,0.556766480006536,"gpath_trio"
"4064","ROPN1B","Exc L3-4 RORB CUX2",0.0453975277309621,-0.794470942342772,0.106760996869155,0.744125136586493,0.844170300867774,0.844170300867774,"gpath_trio"
"4065","SLC41A3","Exc L3-4 RORB CUX2",-0.0293593482419646,4.81399184406117,1.7627243264352,0.554717738187389,0.691487328417335,0.691487328417335,"gpath_trio"
"4066","AC079848.1","Exc L3-4 RORB CUX2",-0.077031232358006,1.3419802174835,1.79231595539193,0.181813585568864,0.302772520747158,0.302772520747158,"gpath_trio"
"4067","AC016924.1","Exc L3-4 RORB CUX2",-0.0285408063894123,-0.0773804696978886,0.131340584743616,0.717340502523176,0.824093723096855,0.824093723096855,"gpath_trio"
"4068","KLF15","Exc L3-4 RORB CUX2",0.443628235466626,0.368819152185355,19.4986497364994,1.47760592511428e-05,0.000111441867436189,0.000111441867436189,"gpath_trio"
"4069","CFAP100","Exc L3-4 RORB CUX2",-0.0943494551776934,1.49558498362317,1.80327337789358,0.180488348647691,0.301037734289614,0.301037734289614,"gpath_trio"
"4070","ZXDC","Exc L3-4 RORB CUX2",0.0787037378435278,5.94270539277684,12.3437738660274,0.000521648934866614,0.00243131645058708,0.00243131645058708,"gpath_trio"
"4071","UROC1","Exc L3-4 RORB CUX2",-0.219092722704883,-0.0721735643424579,5.38187192490033,0.0211218216850458,0.054667447401642,0.054667447401642,"gpath_trio"
"4072","CHST13","Exc L3-4 RORB CUX2",-0.278497244689709,-0.901170854827426,5.52042809120473,0.0195441052959493,0.0513080448075183,0.0513080448075183,"gpath_trio"
"4073","C3orf22","Exc L3-4 RORB CUX2",0.102966864698144,-0.196944636248505,0.928170252777275,0.336233989801181,0.482778502899355,0.482778502899355,"gpath_trio"
"4074","TXNRD3NB","Exc L3-4 RORB CUX2",0.115955006820356,4.55642560068936,11.8306618811331,0.000678492641678325,0.00304975347951524,0.00304975347951524,"gpath_trio"
"4075","TXNRD3","Exc L3-4 RORB CUX2",-0.0312069269871919,3.80361937881672,1.2241547703526,0.269569437240814,0.408853059414631,0.408853059414631,"gpath_trio"
"4076","CHCHD6","Exc L3-4 RORB CUX2",0.0646746695286888,6.60188763622468,18.384635214531,2.54602657331438e-05,0.000177983666377747,0.000177983666377747,"gpath_trio"
"4077","PLXNA1","Exc L3-4 RORB CUX2",-0.0408041618147046,5.41562414575645,2.1129980710639,0.147258862523788,0.257805237019909,0.257805237019909,"gpath_trio"
"4078","LINC02016","Exc L3-4 RORB CUX2",-0.119684456998452,1.18255731380388,2.18644946616651,0.140440365288177,0.248586100165729,0.248586100165729,"gpath_trio"
"4079","LINC01471","Exc L3-4 RORB CUX2",-0.0512255044604101,1.02616345205667,0.420339269263138,0.517339956523743,0.658257670463327,0.658257670463327,"gpath_trio"
"4080","TPRA1","Exc L3-4 RORB CUX2",0.0373040408302823,3.91721894145737,2.1640612088061,0.142480075809716,0.251270588239599,0.251270588239599,"gpath_trio"
"4081","MCM2","Exc L3-4 RORB CUX2",-0.133336479598325,-0.11023243321189,2.29792552129375,0.130761695720457,0.235399055158403,0.235399055158403,"gpath_trio"
"4082","PODXL2","Exc L3-4 RORB CUX2",0.00672022577773667,5.20777749819944,0.0767638347789804,0.781951972528782,0.872046476996405,0.872046476996405,"gpath_trio"
"4083","ABTB1","Exc L3-4 RORB CUX2",-0.0397271844771989,5.10729685847776,1.57282129340051,0.210924092337665,0.339051805919855,0.339051805919855,"gpath_trio"
"4084","MGLL","Exc L3-4 RORB CUX2",0.121971879015595,5.09806135708295,18.9738019119163,1.90852697313708e-05,0.000138455705440635,0.000138455705440635,"gpath_trio"
"4085","KBTBD12","Exc L3-4 RORB CUX2",0.138943474452684,5.42619097497694,16.0761230631462,7.95526027316771e-05,0.000478810787622788,0.000478810787622788,"gpath_trio"
"4086","SEC61A1","Exc L3-4 RORB CUX2",-0.00965617142415088,4.19868495070042,0.168893733890992,0.681435360921469,0.795677288765182,0.795677288765182,"gpath_trio"
"4087","RUVBL1","Exc L3-4 RORB CUX2",-0.0850795621414064,4.13717741404246,12.0874877632802,0.00059475507960457,0.00272090334036785,0.00272090334036785,"gpath_trio"
"4088","EEFSEC","Exc L3-4 RORB CUX2",0.0313285701450308,5.21948883299237,2.08338198967843,0.150113659076822,0.261501402605111,0.261501402605111,"gpath_trio"
"4089","GATA2-AS1","Exc L3-4 RORB CUX2",-0.313765461348164,0.105089605628518,12.8461460019305,0.00040372180753411,0.00195234883595595,0.00195234883595595,"gpath_trio"
"4090","RPN1","Exc L3-4 RORB CUX2",-0.0673135878994597,4.80547198602286,1.56231036562374,0.212451118781659,0.341040843524823,0.341040843524823,"gpath_trio"
"4091","RAB7A","Exc L3-4 RORB CUX2",-9.82188392612283e-05,6.6710179945849,4.11741589182773e-05,0.994885162286087,0.997158733624214,0.997158733624214,"gpath_trio"
"4092","AC112484.3","Exc L3-4 RORB CUX2",-0.13198250655132,-0.285425456592435,1.29990197826331,0.25528029417158,0.392222978821995,0.392222978821995,"gpath_trio"
"4093","AC112484.1","Exc L3-4 RORB CUX2",0.0363731497553094,0.258296505937497,0.194233677806842,0.987424506091178,0.993645494131035,0.993645494131035,"gpath_trio"
"4094","ACAD9","Exc L3-4 RORB CUX2",0.0243960403447308,4.88731059563788,1.31383254633506,0.252755716042006,0.389352261674237,0.389352261674237,"gpath_trio"
"4095","KIAA1257","Exc L3-4 RORB CUX2",0.00837887017439339,4.69222417788042,0.0640191739962258,0.80045260661427,0.883770116480211,0.883770116480211,"gpath_trio"
"4096","EFCC1","Exc L3-4 RORB CUX2",0.104071227913826,1.14687438415804,1.94250038127472,0.164587388928064,0.280144315500185,0.280144315500185,"gpath_trio"
"4097","ISY1-RAB43","Exc L3-4 RORB CUX2",0.140597866587887,2.00095819676914,11.4270565875594,0.0011810718534527,0.00489283873581279,0.00489283873581279,"gpath_trio"
"4098","AC108673.3","Exc L3-4 RORB CUX2",-0.107988933545784,2.37421578730175,5.85839608117023,0.0161886968733809,0.0440527325897571,0.0440527325897571,"gpath_trio"
"4099","CNBP","Exc L3-4 RORB CUX2",-0.0389362315526134,5.10811547288651,3.70818990067198,0.0552365622600481,0.11926344644654,0.11926344644654,"gpath_trio"
"4100","COPG1","Exc L3-4 RORB CUX2",-0.115623291661448,4.71787440356098,31.9206560327544,4.2086087732713e-08,6.25248026515085e-07,6.25248026515085e-07,"gpath_trio"
"4101","HMCES","Exc L3-4 RORB CUX2",-0.0684171757989204,4.59341143575319,10.3995085840749,0.00142173139577706,0.00571155533847116,0.00571155533847116,"gpath_trio"
"4102","H1FX","Exc L3-4 RORB CUX2",0.060361507259506,4.94534028320068,2.84714242580672,0.0927357288764953,0.179794669429492,0.179794669429492,"gpath_trio"
"4103","H1FX-AS1","Exc L3-4 RORB CUX2",-0.0012358263301069,2.58926009093431,0.00102643931518467,0.974466253362155,0.986395898930384,0.986395898930384,"gpath_trio"
"4104","EFCAB12","Exc L3-4 RORB CUX2",0.0422167977328298,2.52464414015599,0.937911268319867,0.333715577455604,0.480199492246322,0.480199492246322,"gpath_trio"
"4105","MBD4","Exc L3-4 RORB CUX2",-0.0428297951272174,4.79144073045351,2.60060988492635,0.108035674382454,0.202981908238592,0.202981908238592,"gpath_trio"
"4106","IFT122","Exc L3-4 RORB CUX2",0.00942753928445558,5.73342892765674,0.258080124105623,0.80387902437792,0.886569790497738,0.886569790497738,"gpath_trio"
"4107","PLXND1","Exc L3-4 RORB CUX2",0.0457731285845073,4.8917260382321,2.24330971810542,0.135406484565921,0.242075837493793,0.242075837493793,"gpath_trio"
"4108","TMCC1","Exc L3-4 RORB CUX2",0.0709197604416265,7.78218212707072,35.7646551152571,7.32779632860839e-09,1.32234607271623e-07,1.32234607271623e-07,"gpath_trio"
"4109","TMCC1-AS1","Exc L3-4 RORB CUX2",0.110514083644362,3.39499395998243,11.5988262607087,0.000764359381714513,0.00337161129174069,0.00337161129174069,"gpath_trio"
"4110","AC083906.3","Exc L3-4 RORB CUX2",-0.0781004481388222,-0.122500600165556,0.673748724956474,0.424618312090129,0.572945053933811,0.572945053933811,"gpath_trio"
"4111","ALG1L2","Exc L3-4 RORB CUX2",0.107314507163667,1.98828203957353,3.13054703461024,0.078010147672982,0.157369735956646,0.157369735956646,"gpath_trio"
"4112","LINC02021","Exc L3-4 RORB CUX2",0.0636617636936862,2.62483432698129,2.1898088796353,0.140137156502327,0.248158266693096,0.248158266693096,"gpath_trio"
"4113","COL6A5","Exc L3-4 RORB CUX2",-0.0936326459409304,-1.05792171106007,0.530491470201442,0.467055765277495,0.612452872225045,0.612452872225045,"gpath_trio"
"4114","COL6A6","Exc L3-4 RORB CUX2",-0.0778797451753216,1.90189289237968,2.09468634188796,0.149016640824924,0.260137642004226,0.260137642004226,"gpath_trio"
"4115","PIK3R4","Exc L3-4 RORB CUX2",0.0191820005796707,5.06194212929005,1.00659104188595,0.864250662228467,0.926327211945988,0.926327211945988,"gpath_trio"
"4116","ATP2C1","Exc L3-4 RORB CUX2",0.084553171547314,7.38445800556287,22.5468500861336,3.39180550260015e-06,3.05899311644873e-05,3.05899311644873e-05,"gpath_trio"
"4117","AC055733.2","Exc L3-4 RORB CUX2",-0.322016811827093,1.44658219681671,28.3809411448061,2.15938207950443e-07,2.67273211374245e-06,2.67273211374245e-06,"gpath_trio"
"4118","ASTE1","Exc L3-4 RORB CUX2",-0.0163464253502868,3.32823766135955,0.198313616363153,0.656456040596429,0.775682360257289,0.775682360257289,"gpath_trio"
"4119","NEK11","Exc L3-4 RORB CUX2",0.109763238901662,6.05740345231759,21.594897691724,5.35681305785157e-06,4.56585143397361e-05,4.56585143397361e-05,"gpath_trio"
"4120","AC116424.1","Exc L3-4 RORB CUX2",-0.030683656047342,-0.734655034299066,0.0660421490292433,0.797392307467768,0.88169405914514,0.88169405914514,"gpath_trio"
"4121","NUDT16","Exc L3-4 RORB CUX2",-0.0623593104248673,3.42445177550404,4.41280905800987,0.0366331537788604,0.0858489810069124,0.0858489810069124,"gpath_trio"
"4122","MRPL3","Exc L3-4 RORB CUX2",-0.05299887233102,5.25012151557163,8.34083905012127,0.004202642586713,0.0143368809920417,0.0143368809920417,"gpath_trio"
"4123","CPNE4","Exc L3-4 RORB CUX2",0.0988540741316846,8.11334489196885,13.4647561378396,0.000294888560921988,0.00149256816773736,0.00149256816773736,"gpath_trio"
"4124","ACPP","Exc L3-4 RORB CUX2",-0.298347633570899,0.130825684829502,14.9203273872058,0.000141641214585242,0.000787003994562724,0.000787003994562724,"gpath_trio"
"4125","DNAJC13","Exc L3-4 RORB CUX2",0.0257399157962467,5.6846130359523,2.42271182927493,0.120804087365824,0.221399435700727,0.221399435700727,"gpath_trio"
"4126","NPHP3-ACAD11","Exc L3-4 RORB CUX2",0.188685707370661,0.903326513140242,8.50573287948715,0.00384938325069334,0.0132890669203864,0.0132890669203864,"gpath_trio"
"4127","ACKR4","Exc L3-4 RORB CUX2",-0.139791559262109,0.544020038473382,3.7845873690521,0.0528044061694959,0.115120909279185,0.115120909279185,"gpath_trio"
"4128","UBA5","Exc L3-4 RORB CUX2",0.0691820198936322,5.13317235102882,12.4558552233358,0.000492614526802129,0.00231453115144264,0.00231453115144264,"gpath_trio"
"4129","NPHP3-AS1","Exc L3-4 RORB CUX2",0.105460687601535,2.80683923271365,5.69537849153237,0.0177253441443639,0.0474156481188731,0.0474156481188731,"gpath_trio"
"4130","AC079942.1","Exc L3-4 RORB CUX2",0.196529165411128,-0.236788209698825,4.34776671305912,0.0380330498039856,0.0885127211668484,0.0885127211668484,"gpath_trio"
"4131","TMEM108","Exc L3-4 RORB CUX2",0.132098829246152,9.26143222001346,48.6415986282304,2.53654339568515e-11,8.61527996766799e-10,8.61527996766799e-10,"gpath_trio"
"4132","TMEM108-AS1","Exc L3-4 RORB CUX2",-0.0279581261992694,-0.412120217037419,0.0553070606218291,0.814258384871542,0.892953357329095,0.892953357329095,"gpath_trio"
"4133","BFSP2","Exc L3-4 RORB CUX2",-0.111259609345215,0.30792093217947,1.71464885128853,0.191539237086956,0.314708372687462,0.314708372687462,"gpath_trio"
"4134","BFSP2-AS1","Exc L3-4 RORB CUX2",-0.0460245325001204,0.477892517926686,0.299029169467453,0.584960679091519,0.717203385030167,0.717203385030167,"gpath_trio"
"4135","AC022296.3","Exc L3-4 RORB CUX2",0.066772600697401,-0.0647606071779252,0.548426302220267,0.459629648390838,0.605405451916713,0.605405451916713,"gpath_trio"
"4136","CDV3","Exc L3-4 RORB CUX2",-0.0344403005398086,4.14141571886416,1.96531604287048,0.162138580243498,0.276910679455902,0.276910679455902,"gpath_trio"
"4137","TOPBP1","Exc L3-4 RORB CUX2",-0.0150789948588382,4.9790849099242,0.617314405351879,0.432762422721113,0.580170235789651,0.580170235789651,"gpath_trio"
"4138","TF","Exc L3-4 RORB CUX2",-1.11518985701686,0.7946561358688,15.6724406297726,9.72599187523024e-05,0.000570081017091139,0.000570081017091139,"gpath_trio"
"4139","SRPRB","Exc L3-4 RORB CUX2",-0.0558982137031376,3.8428055026498,5.73762134462779,0.0173131551328076,0.0466158954763638,0.0466158954763638,"gpath_trio"
"4140","RAB6B","Exc L3-4 RORB CUX2",-0.0235661969621945,7.32026204138992,1.83446670796337,0.176776713210758,0.296243059143371,0.296243059143371,"gpath_trio"
"4141","SLCO2A1","Exc L3-4 RORB CUX2",0.0272694155229223,2.71111247208824,0.139584744940538,0.708998631581326,0.817654475371742,0.817654475371742,"gpath_trio"
"4142","RYK","Exc L3-4 RORB CUX2",0.119711593489673,6.71694840534852,49.6743595926299,1.62918453417601e-11,5.81219681863727e-10,5.81219681863727e-10,"gpath_trio"
"4143","AMOTL2","Exc L3-4 RORB CUX2",0.0590963686078491,3.30953533491203,3.07629968049823,0.0806192442732986,0.161310448598016,0.161310448598016,"gpath_trio"
"4144","ANAPC13","Exc L3-4 RORB CUX2",-0.165723277845652,3.50717694660488,27.4976555365059,3.26063901419745e-07,3.85374162793236e-06,3.85374162793236e-06,"gpath_trio"
"4145","CEP63","Exc L3-4 RORB CUX2",0.0183299546610793,6.00831330866101,1.30551201523859,0.254259878166017,0.391182367810762,0.391182367810762,"gpath_trio"
"4146","EPHB1","Exc L3-4 RORB CUX2",0.013990931597792,6.80354908373226,0.298434469360331,0.585333988493519,0.717424481120911,0.717424481120911,"gpath_trio"
"4147","KY","Exc L3-4 RORB CUX2",0.170704715620288,3.84214080006546,30.916619476782,6.67524076337415e-08,9.31992957792896e-07,9.31992957792896e-07,"gpath_trio"
"4148","PPP2R3A","Exc L3-4 RORB CUX2",0.0083254766842527,5.33939004548537,0.0932559141178133,0.7603223688972,0.856716212929405,0.856716212929405,"gpath_trio"
"4149","AC072039.2","Exc L3-4 RORB CUX2",0.00515371711882653,-0.394041508340659,0.00293043971152749,0.95687034420727,0.978600861478262,0.978600861478262,"gpath_trio"
"4150","MSL2","Exc L3-4 RORB CUX2",0.0369336417715668,5.00201394757667,3.06673337950004,0.0810890823190046,0.1620095301828,0.1620095301828,"gpath_trio"
"4151","PCCB","Exc L3-4 RORB CUX2",-0.0117950497087381,5.02192018424891,0.319520895456084,0.57238313075451,0.706859920233514,0.706859920233514,"gpath_trio"
"4152","STAG1","Exc L3-4 RORB CUX2",0.0859816683964371,7.72113287356734,20.4319443691882,9.39167768048999e-06,7.47444170429529e-05,7.47444170429529e-05,"gpath_trio"
"4153","SLC35G2","Exc L3-4 RORB CUX2",0.0711235872193501,5.09159100031385,9.32775160542979,0.0024915651013827,0.0092233625542011,0.0092233625542011,"gpath_trio"
"4154","NCK1-DT","Exc L3-4 RORB CUX2",-0.0293178862198154,1.19795472485604,0.285670178504851,0.593465364488794,0.724013042156126,0.724013042156126,"gpath_trio"
"4155","NCK1","Exc L3-4 RORB CUX2",0.0169254917932225,4.56027281864587,0.440629577706927,0.809215743899327,0.88964784661157,0.88964784661157,"gpath_trio"
"4156","IL20RB","Exc L3-4 RORB CUX2",0.0518689347161344,1.67254025210682,1.22611548642932,0.282505242057965,0.423754086642845,0.423754086642845,"gpath_trio"
"4157","IL20RB-AS1","Exc L3-4 RORB CUX2",-0.126251966105147,0.140678253889762,2.50450124185297,0.114737020051238,0.212544245664652,0.212544245664652,"gpath_trio"
"4158","DZIP1L","Exc L3-4 RORB CUX2",-0.0216386987170251,2.33374350597856,0.162987391698246,0.68675268942392,0.799955860804133,0.799955860804133,"gpath_trio"
"4159","DBR1","Exc L3-4 RORB CUX2",-0.0836139953104636,2.5804420666401,5.25916036934917,0.0226299137555375,0.0578246966030088,0.0578246966030088,"gpath_trio"
"4160","ARMC8","Exc L3-4 RORB CUX2",-0.0280570688681185,6.47149252891763,3.51283237393247,0.0620165629286833,0.131117586010389,0.131117586010389,"gpath_trio"
"4161","NME9","Exc L3-4 RORB CUX2",0.135193897735626,6.07208331717995,26.0913479450032,6.30612952602938e-07,6.84206859764136e-06,6.84206859764136e-06,"gpath_trio"
"4162","MRAS","Exc L3-4 RORB CUX2",0.00347071402080561,5.87225718640521,0.0222716848408557,0.881482306286245,0.937129447716972,0.937129447716972,"gpath_trio"
"4163","ESYT3","Exc L3-4 RORB CUX2",0.145358866301932,4.22631791449536,30.2630059523323,9.02291751943503e-08,1.21747360854703e-06,1.21747360854703e-06,"gpath_trio"
"4164","CEP70","Exc L3-4 RORB CUX2",0.121837385903654,5.80542043842945,58.3956144516768,4.13069599973982e-13,2.09916352127836e-11,2.09916352127836e-11,"gpath_trio"
"4165","FAIM","Exc L3-4 RORB CUX2",0.00116525542766131,3.10134551876922,0.000949561765130555,0.97544074997998,0.986887173704733,0.986887173704733,"gpath_trio"
"4166","PIK3CB","Exc L3-4 RORB CUX2",0.0130035638453624,6.87143745534144,0.945369673706194,0.331804372362347,0.478153800886453,0.478153800886453,"gpath_trio"
"4167","MRPS22","Exc L3-4 RORB CUX2",-0.0829723443782769,3.57059981554711,5.43909945222494,0.0204546872009422,0.053255041202608,0.053255041202608,"gpath_trio"
"4168","COPB2","Exc L3-4 RORB CUX2",-0.0438232872183157,5.15983684470398,7.80120874973837,0.00560925162918728,0.0183622670158775,0.0183622670158775,"gpath_trio"
"4169","AC097103.2","Exc L3-4 RORB CUX2",0.0587438037919706,6.3460143698995,9.02221586660964,0.002927327399704,0.010563196259887,0.010563196259887,"gpath_trio"
"4170","RBP2","Exc L3-4 RORB CUX2",-0.190310084009846,-0.237018575121448,3.78697108698711,0.0527303797664453,0.115009233706814,0.115009233706814,"gpath_trio"
"4171","NMNAT3","Exc L3-4 RORB CUX2",0.171633165125782,4.62337322641378,21.6232514436432,5.28421599109783e-06,4.51924788556162e-05,4.51924788556162e-05,"gpath_trio"
"4172","AC016933.1","Exc L3-4 RORB CUX2",0.00131195913465742,0.874089495673131,0.000304816363725054,0.986083838073333,0.992802079096215,0.992802079096215,"gpath_trio"
"4173","CLSTN2","Exc L3-4 RORB CUX2",0.265469080470654,8.15686862098496,38.2261013800047,2.42710409234678e-09,4.91634789790124e-08,4.91634789790124e-08,"gpath_trio"
"4174","SLC25A36","Exc L3-4 RORB CUX2",-0.00805217304321999,6.68794218498323,0.277802076381352,0.598594849900067,0.728100132330833,0.728100132330833,"gpath_trio"
"4175","SPSB4","Exc L3-4 RORB CUX2",-0.137528329006919,0.869127710918778,1.97616799647655,0.160988522100417,0.275504901033061,0.275504901033061,"gpath_trio"
"4176","PXYLP1","Exc L3-4 RORB CUX2",0.0454144731276908,6.19665242989328,3.97357537685312,0.0472643996482085,0.105395068753624,0.105395068753624,"gpath_trio"
"4177","AC117383.1","Exc L3-4 RORB CUX2",-0.137072320953597,3.73143828520624,7.43355840885248,0.00683725985643584,0.0215601309164728,0.0215601309164728,"gpath_trio"
"4178","ZBTB38","Exc L3-4 RORB CUX2",0.0614517404669378,7.02397707551811,20.9464221777312,7.32290124841863e-06,5.98135759865773e-05,5.98135759865773e-05,"gpath_trio"
"4179","RASA2","Exc L3-4 RORB CUX2",0.0390012651632226,7.39819779868485,5.1082750645649,0.0246395945253053,0.0618519123488906,0.0618519123488906,"gpath_trio"
"4180","RNF7","Exc L3-4 RORB CUX2",-0.187830577971035,3.75903515321357,53.0087446644631,3.94481317949845e-12,1.61433277680286e-10,1.61433277680286e-10,"gpath_trio"
"4181","GRK7","Exc L3-4 RORB CUX2",0.0895572228401359,0.589055906904362,1.05806817072312,0.304612142951513,0.448547550109246,0.448547550109246,"gpath_trio"
"4182","ATP1B3","Exc L3-4 RORB CUX2",-0.0575121696846919,6.57391929714109,8.61302732672888,0.0036359947922544,0.0126650889043047,0.0126650889043047,"gpath_trio"
"4183","TFDP2","Exc L3-4 RORB CUX2",0.167311064325027,7.98817057613402,42.8889032183579,3.08075893042791e-10,7.72103247470597e-09,7.72103247470597e-09,"gpath_trio"
"4184","GK5","Exc L3-4 RORB CUX2",-0.0073634721812117,5.30181393138108,0.161108816780207,0.688467390556769,0.801259279174088,0.801259279174088,"gpath_trio"
"4185","XRN1","Exc L3-4 RORB CUX2",0.0713560498837155,7.11033872540063,25.6505953604141,7.76128184810783e-07,8.25428894494335e-06,8.25428894494335e-06,"gpath_trio"
"4186","ATR","Exc L3-4 RORB CUX2",-0.00292521642182446,6.59292419979001,0.026149563006344,0.871661183132935,0.9307577629709,0.9307577629709,"gpath_trio"
"4187","PLS1","Exc L3-4 RORB CUX2",0.00287132377560039,3.72694940075294,0.00543378432985083,0.941294471292733,0.9714917596091,0.9714917596091,"gpath_trio"
"4188","TRPC1","Exc L3-4 RORB CUX2",0.0615704018387733,7.30204233405836,14.294262917626,0.00019397593071909,0.00103585611494379,0.00103585611494379,"gpath_trio"
"4189","PCOLCE2","Exc L3-4 RORB CUX2",-0.0749628999891128,0.623330623905125,1.0122029391667,0.445985452264144,0.592360854607507,0.592360854607507,"gpath_trio"
"4190","PAQR9","Exc L3-4 RORB CUX2",-0.0589880472183814,3.13107357554742,2.23470148495992,0.136155352764382,0.24298401079358,0.24298401079358,"gpath_trio"
"4191","PAQR9-AS1","Exc L3-4 RORB CUX2",0.0658262984174059,-0.835796534286801,0.329048650612761,0.566715648876499,0.701828507524607,0.701828507524607,"gpath_trio"
"4192","U2SURP","Exc L3-4 RORB CUX2",-0.00329448689161709,6.30235714944461,0.0403815969448141,0.840893426525378,0.910238484823989,0.910238484823989,"gpath_trio"
"4193","AC026304.1","Exc L3-4 RORB CUX2",-0.308217723694576,-0.0398415905100193,11.4058384937393,0.000844230320949466,0.00366246952154935,0.00366246952154935,"gpath_trio"
"4194","CHST2","Exc L3-4 RORB CUX2",-0.0581612087408458,2.33133205507584,1.74663426683059,0.187462092681357,0.309876912728093,0.309876912728093,"gpath_trio"
"4195","SLC9A9","Exc L3-4 RORB CUX2",0.230079567526633,4.55131988696543,25.6070036691187,7.92249331263391e-07,8.3991751225638e-06,8.3991751225638e-06,"gpath_trio"
"4196","C3orf58","Exc L3-4 RORB CUX2",0.0844247859916084,5.92528503034101,7.94391125688169,0.00519585288676063,0.0171874622053444,0.0171874622053444,"gpath_trio"
"4197","AC107021.1","Exc L3-4 RORB CUX2",-0.320938052073788,-0.31423901698463,7.17245245788944,0.00787472778478458,0.0242479598684415,0.0242479598684415,"gpath_trio"
"4198","LNCSRLR","Exc L3-4 RORB CUX2",0.045882424547718,-0.950919674848228,0.0804762659932642,0.776878784382364,0.868483929457206,0.868483929457206,"gpath_trio"
"4199","PLOD2","Exc L3-4 RORB CUX2",0.0285864858741503,2.52499364888183,0.0862727251981796,0.769204518466221,0.862869122049264,0.862869122049264,"gpath_trio"
"4200","PLSCR4","Exc L3-4 RORB CUX2",-0.0660509749664399,-1.74640019135443,0.000961549075488107,0.975286451494959,0.986818873187856,0.986818873187856,"gpath_trio"
"4201","PLSCR2","Exc L3-4 RORB CUX2",0.151350930151465,1.37279841892249,4.88506542989205,0.0279612046974016,0.0685440224507992,0.0685440224507992,"gpath_trio"
"4202","PLSCR1","Exc L3-4 RORB CUX2",0.0547774242834994,2.92048012122595,1.24243037147588,0.266032416965394,0.404644452071534,0.404644452071534,"gpath_trio"
"4203","AC092957.1","Exc L3-4 RORB CUX2",-0.291452849750664,1.03021889092654,4.09246292298264,0.0440981797197449,0.0996506245347057,0.0996506245347057,"gpath_trio"
"4204","LINC02046","Exc L3-4 RORB CUX2",-0.125583072784778,-0.0366210533202718,1.95780410486503,0.162940191223808,0.277903318787753,0.277903318787753,"gpath_trio"
"4205","GYG1","Exc L3-4 RORB CUX2",-0.102452077712054,3.25947032767055,11.7802120130441,0.000696302391973083,0.00311483387096606,0.00311483387096606,"gpath_trio"
"4206","HLTF","Exc L3-4 RORB CUX2",-0.023524594803865,5.68802580969902,1.189256243804,0.276489226964271,0.416704824256108,0.416704824256108,"gpath_trio"
"4207","HPS3","Exc L3-4 RORB CUX2",0.0673608224138351,4.01883893700994,5.17700989868273,0.0237019370847747,0.059875001692716,0.059875001692716,"gpath_trio"
"4208","CP","Exc L3-4 RORB CUX2",-0.122387064271543,0.839273689928089,3.4536163655144,0.0642436072571797,0.134782066090911,0.134782066090911,"gpath_trio"
"4209","TM4SF1-AS1","Exc L3-4 RORB CUX2",-0.447956007089029,0.79708459934593,35.0473418221473,1.01326193775981e-08,1.76077171354903e-07,1.76077171354903e-07,"gpath_trio"
"4210","WWTR1","Exc L3-4 RORB CUX2",0.0723140366800235,3.82586067366225,3.10594255088987,0.0791820140506632,0.159248401822251,0.159248401822251,"gpath_trio"
"4211","COMMD2","Exc L3-4 RORB CUX2",-0.0178217238775774,4.30683263696448,0.469246856808987,0.493944069159646,0.637494984345948,0.637494984345948,"gpath_trio"
"4212","ANKUB1","Exc L3-4 RORB CUX2",-0.299961855315801,4.26459420932862,102.710713742665,1.47068753289159e-20,5.49465203260886e-18,5.49465203260886e-18,"gpath_trio"
"4213","RNF13","Exc L3-4 RORB CUX2",0.044266228474898,6.59914890619883,8.15861729826014,0.0202759260534869,0.0529186572080888,0.0529186572080888,"gpath_trio"
"4214","PFN2","Exc L3-4 RORB CUX2",-0.058298121533017,3.05580677655219,1.96326791118741,0.162356690263661,0.277139997333533,0.277139997333533,"gpath_trio"
"4215","AC117395.1","Exc L3-4 RORB CUX2",-0.0663400027607163,0.341718619697476,0.834444705110634,0.361836709475317,0.509744823243106,0.509744823243106,"gpath_trio"
"4216","AC117386.2","Exc L3-4 RORB CUX2",-0.170125570299105,2.04581950446491,6.0756901045787,0.0143523839444101,0.0399723006734502,0.0399723006734502,"gpath_trio"
"4217","LINC01214","Exc L3-4 RORB CUX2",0.0299839189648854,-1.64932165639781,0.0227420728057666,0.880246668503879,0.93650669920718,0.93650669920718,"gpath_trio"
"4218","TSC22D2","Exc L3-4 RORB CUX2",0.071074563657148,6.39098883518825,17.2541775323568,4.43878181331984e-05,0.000290565941219104,0.000290565941219104,"gpath_trio"
"4219","SERP1","Exc L3-4 RORB CUX2",-0.00545632748027525,5.83608859141993,0.0831093129499375,0.773356845109276,0.865938192367613,0.865938192367613,"gpath_trio"
"4220","EIF2A","Exc L3-4 RORB CUX2",0.000244980947845945,4.46020727061404,9.05473597046674e-05,0.992415031200943,0.996546168170677,0.996546168170677,"gpath_trio"
"4221","SELENOT","Exc L3-4 RORB CUX2",-0.0635347895607408,5.27567267803022,15.2730639845747,0.000118718328376133,0.000676785045207259,0.000676785045207259,"gpath_trio"
"4222","ERICH6","Exc L3-4 RORB CUX2",-0.0239090816436174,1.90228501286011,0.200847293519423,0.65441101414967,0.773923296307682,0.773923296307682,"gpath_trio"
"4223","ERICH6-AS1","Exc L3-4 RORB CUX2",0.0474467666913728,1.93193172241488,1.03391209049645,0.310186824503079,0.454665735567395,0.454665735567395,"gpath_trio"
"4224","SIAH2","Exc L3-4 RORB CUX2",0.0442918182840971,4.55645273127977,3.16416169694747,0.0764393886037341,0.154835809747022,0.154835809747022,"gpath_trio"
"4225","CLRN1-AS1","Exc L3-4 RORB CUX2",0.0754036810820309,2.22658153265577,1.84988725995069,0.174974593514656,0.293882153193322,0.293882153193322,"gpath_trio"
"4226","MINDY4B","Exc L3-4 RORB CUX2",-0.163442756203134,-0.860023323710399,1.6004125404581,0.206977374595965,0.334436050974979,0.334436050974979,"gpath_trio"
"4227","CLRN1","Exc L3-4 RORB CUX2",-0.256892654656074,-1.02932845489927,4.1264633964757,0.0432345885013406,0.0980518522045108,0.0980518522045108,"gpath_trio"
"4228","MED12L","Exc L3-4 RORB CUX2",0.088025417428325,8.97407851454637,51.8113757601372,6.55195611212919e-12,2.51303639852103e-10,2.51303639852103e-10,"gpath_trio"
"4229","GPR171","Exc L3-4 RORB CUX2",-0.35827270615651,0.591769585683903,3.89971793797961,0.0493521409587011,0.109139476470656,0.109139476470656,"gpath_trio"
"4230","P2RY14","Exc L3-4 RORB CUX2",-0.53796900178618,5.29852278124124,71.9751477056599,1.67098064855361e-15,1.5607423418782e-13,1.5607423418782e-13,"gpath_trio"
"4231","GPR87","Exc L3-4 RORB CUX2",-0.234494157135072,0.00979249803432444,5.89013955498786,0.0159059225081589,0.0434414493843383,0.0434414493843383,"gpath_trio"
"4232","P2RY12","Exc L3-4 RORB CUX2",-0.268843445516367,1.25172160609246,7.55985899007905,0.00638694208576045,0.0204113031174112,0.0204113031174112,"gpath_trio"
"4233","IGSF10","Exc L3-4 RORB CUX2",-0.638195010462273,3.79767065952864,87.0486893879204,4.84459801179475e-18,8.64953671574859e-16,8.64953671574859e-16,"gpath_trio"
"4234","AADACL2-AS1","Exc L3-4 RORB CUX2",0.0152443705859564,1.41457357678989,0.0218160874718501,0.882691874937869,0.937871738828287,0.937871738828287,"gpath_trio"
"4235","AC108718.1","Exc L3-4 RORB CUX2",0.105013227586092,-1.00157873642938,0.656882418840468,0.418403928617689,0.566720326274714,0.566720326274714,"gpath_trio"
"4236","MBNL1","Exc L3-4 RORB CUX2",0.103113744715813,8.30574754071137,66.5650947751607,1.45739266353245e-14,1.08098885980762e-12,1.08098885980762e-12,"gpath_trio"
"4237","MBNL1-AS1","Exc L3-4 RORB CUX2",0.0168114742420764,0.804422297485757,0.069379473965476,0.792451036739596,0.879072945852606,0.879072945852606,"gpath_trio"
"4238","AC026347.1","Exc L3-4 RORB CUX2",-0.292642065137366,1.05895218986561,21.6180641235601,5.29742288554069e-06,4.52478859931344e-05,4.52478859931344e-05,"gpath_trio"
"4239","AC117394.2","Exc L3-4 RORB CUX2",0.0843354373765969,-0.43903911618088,0.745529523753674,0.388691088271764,0.536487836483741,0.536487836483741,"gpath_trio"
"4240","RAP2B","Exc L3-4 RORB CUX2",-0.00650690509844437,3.67619209744496,0.0403027142527499,0.842959170388215,0.911567106108539,0.911567106108539,"gpath_trio"
"4241","AC078788.1","Exc L3-4 RORB CUX2",-0.361835192291056,-0.693964677310827,8.98938445504899,0.00297857263109572,0.0107189568442668,0.0107189568442668,"gpath_trio"
"4242","AC068985.1","Exc L3-4 RORB CUX2",-0.169513399528046,-0.951649174772427,1.58107474120569,0.209734189269851,0.337673551074874,0.337673551074874,"gpath_trio"
"4243","ARHGEF26","Exc L3-4 RORB CUX2",0.0627172029131434,2.64730915231912,1.15205898131085,0.284113688938812,0.425411434936955,0.425411434936955,"gpath_trio"
"4244","DHX36","Exc L3-4 RORB CUX2",-0.0213488512889545,6.37771648584743,1.6786833822021,0.946650873788908,0.974083052803376,0.974083052803376,"gpath_trio"
"4245","MME","Exc L3-4 RORB CUX2",0.099710094766229,1.54305381663356,1.35674346090406,0.245170233609901,0.379988435359895,0.379988435359895,"gpath_trio"
"4246","PLCH1","Exc L3-4 RORB CUX2",0.178889276129297,6.63224611711257,8.88642678224531,0.00314530653674349,0.0112193351094059,0.0112193351094059,"gpath_trio"
"4247","C3orf33","Exc L3-4 RORB CUX2",-0.0507185880003128,1.90960710938416,0.934799981512925,0.334517200158727,0.48098811588238,0.48098811588238,"gpath_trio"
"4248","AC104472.3","Exc L3-4 RORB CUX2",0.178366457617932,0.761751435200032,6.00526366623049,0.0149226374973242,0.0413152479084007,0.0413152479084007,"gpath_trio"
"4249","GMPS","Exc L3-4 RORB CUX2",0.0329066093565404,5.58129946728201,4.60093312985973,0.0328812744139841,0.0784901982785495,0.0784901982785495,"gpath_trio"
"4250","KCNAB1","Exc L3-4 RORB CUX2",0.0640143310650883,5.638115294011,1.1850944436551,0.27732931020704,0.417608511227574,0.417608511227574,"gpath_trio"
"4251","AC084036.1","Exc L3-4 RORB CUX2",-0.195373877214363,1.33157102315312,12.7695176281346,0.000419786667538572,0.00201887866927072,0.00201887866927072,"gpath_trio"
"4252","SSR3","Exc L3-4 RORB CUX2",-0.0900388025782151,3.98465157156293,12.3780425526011,0.000512591644992391,0.00239444808353726,0.00239444808353726,"gpath_trio"
"4253","TIPARP","Exc L3-4 RORB CUX2",0.0131954713552549,2.65566493518949,0.0649146800751883,0.799091649744518,0.882702257643213,0.882702257643213,"gpath_trio"
"4254","LINC00886","Exc L3-4 RORB CUX2",-0.0930853305530225,1.70733663031702,2.08960549008,0.14950857542808,0.2607482286706,0.2607482286706,"gpath_trio"
"4255","LEKR1","Exc L3-4 RORB CUX2",0.0776916244563764,2.43540784649891,1.68378723395272,0.195572030024319,0.31997682453416,0.31997682453416,"gpath_trio"
"4256","LINC00881","Exc L3-4 RORB CUX2",-0.368619010746475,-1.17867050651197,6.29740584235935,0.0127000295144016,0.0361386594433077,0.0361386594433077,"gpath_trio"
"4257","CCNL1","Exc L3-4 RORB CUX2",-0.0346921660264264,4.94957518503547,2.15790916600411,0.143046414717378,0.251939015008563,0.251939015008563,"gpath_trio"
"4258","AC104411.1","Exc L3-4 RORB CUX2",0.0357014019034262,0.586140025025566,0.298150134182575,0.585512644190864,0.717531288134038,0.717531288134038,"gpath_trio"
"4259","VEPH1","Exc L3-4 RORB CUX2",-0.131406771096566,1.51228213452442,4.99330671404117,0.0262955684133576,0.0652296929471891,0.0652296929471891,"gpath_trio"
"4260","PTX3","Exc L3-4 RORB CUX2",-0.124750352823116,-0.659670155042756,1.45251245171808,0.420645769546794,0.568840297647735,0.568840297647735,"gpath_trio"
"4261","PQLC2L","Exc L3-4 RORB CUX2",0.273798445481643,0.623777994909318,7.46363860759617,0.00672713128035238,0.0212827150040943,0.0212827150040943,"gpath_trio"
"4262","AC079943.2","Exc L3-4 RORB CUX2",-0.201239924185644,0.912219621753912,9.89872428745436,0.00184635308202233,0.0071224040974762,0.0071224040974762,"gpath_trio"
"4263","RSRC1","Exc L3-4 RORB CUX2",0.0505983615155993,6.36298367589101,8.84851010406026,0.00320909019298868,0.011402499937222,0.011402499937222,"gpath_trio"
"4264","AC106707.1","Exc L3-4 RORB CUX2",-0.369339875018371,1.06406897914602,28.8063567346292,1.77168551840677e-07,2.24192024467053e-06,2.24192024467053e-06,"gpath_trio"
"4265","MLF1","Exc L3-4 RORB CUX2",0.041086077637269,4.69740722314228,2.55436675411271,0.111204382993498,0.207755202045914,0.207755202045914,"gpath_trio"
"4266","GFM1","Exc L3-4 RORB CUX2",-0.0472085195959054,5.1520427540844,3.29109425638393,0.0708091502987176,0.145660892367977,0.145660892367977,"gpath_trio"
"4267","LXN","Exc L3-4 RORB CUX2",-0.436541343738992,1.45456403098147,40.7532066258664,7.89301996756368e-10,1.78923233534379e-08,1.78923233534379e-08,"gpath_trio"
"4268","AC080013.6","Exc L3-4 RORB CUX2",-0.137505540240229,-0.538804292350199,1.72012436510394,0.218651207113298,0.348434470188518,0.348434470188518,"gpath_trio"
"4269","RARRES1","Exc L3-4 RORB CUX2",-0.344752152780015,3.24641357330951,61.5702981454137,1.11399024262254e-13,6.61022151320876e-12,6.61022151320876e-12,"gpath_trio"
"4270","MFSD1","Exc L3-4 RORB CUX2",0.0670471836677678,5.09236385232786,10.2655465110953,0.00152447552390897,0.00606035343741154,0.00606035343741154,"gpath_trio"
"4271","IQCJ-SCHIP1","Exc L3-4 RORB CUX2",0.174675405844194,11.4478316775519,89.0350141442562,2.28814741497993e-18,4.48188098031262e-16,4.48188098031262e-16,"gpath_trio"
"4272","IL12A-AS1","Exc L3-4 RORB CUX2",0.107837146010704,6.52196514310404,10.441057240708,0.00139132142919071,0.00560949437128748,0.00560949437128748,"gpath_trio"
"4273","LINC01100","Exc L3-4 RORB CUX2",-0.176456320068643,0.137307609983031,3.09069394937315,0.0799178398455075,0.160336358281933,0.160336358281933,"gpath_trio"
"4274","C3orf80","Exc L3-4 RORB CUX2",-0.114489663893737,3.94589598207023,12.5853537873523,0.000461105555587811,0.00218838028322373,0.00218838028322373,"gpath_trio"
"4275","AC079594.2","Exc L3-4 RORB CUX2",-0.0226938124642938,-0.316160437187892,0.0155429831983697,0.900879952881451,0.949595248139147,0.949595248139147,"gpath_trio"
"4276","SMC4","Exc L3-4 RORB CUX2",0.000312370359279973,2.62266108987332,6.85711259167837e-05,0.993399328185945,0.996680753988371,0.996680753988371,"gpath_trio"
"4277","TRIM59","Exc L3-4 RORB CUX2",-0.061281363221793,-0.101354693777855,0.157349763388832,0.691933716333888,0.804167047320371,0.804167047320371,"gpath_trio"
"4278","KPNA4","Exc L3-4 RORB CUX2",0.0132672372448903,5.73815027854434,0.896863429136301,0.344503443933242,0.491364933287604,0.491364933287604,"gpath_trio"
"4279","AC069224.1","Exc L3-4 RORB CUX2",0.158941754585453,1.12780330735821,5.19303709324425,0.023488704071397,0.0594585451242704,0.0594585451242704,"gpath_trio"
"4280","PPM1L","Exc L3-4 RORB CUX2",0.102139936293585,8.70230114018393,50.5588611170012,1.1165215465569e-11,4.12560846186547e-10,4.12560846186547e-10,"gpath_trio"
"4281","B3GALNT1","Exc L3-4 RORB CUX2",-0.0610610361648222,4.54847283180236,7.04083470476813,0.00845783145628246,0.0257409488053249,0.0257409488053249,"gpath_trio"
"4282","NMD3","Exc L3-4 RORB CUX2",0.0473947993491016,6.4401557243627,3.94694157018543,0.0480062410275849,0.106665849419772,0.106665849419772,"gpath_trio"
"4283","SPTSSB","Exc L3-4 RORB CUX2",-0.0865541762293804,4.84773593748335,8.61170949443844,0.00363854085366211,0.012669582623858,0.012669582623858,"gpath_trio"
"4284","LINC02067","Exc L3-4 RORB CUX2",0.167559757128955,-0.839532367189256,1.75491426580348,0.186423249876564,0.30848827643206,0.30848827643206,"gpath_trio"
"4285","AC128685.1","Exc L3-4 RORB CUX2",0.129892944682933,1.27879399105439,5.17687990832701,0.0237036747717334,0.059875001692716,0.059875001692716,"gpath_trio"
"4286","LINC01192","Exc L3-4 RORB CUX2",-0.032047369440265,0.449755674948758,0.189446098338266,0.69733239298409,0.80854488669276,0.80854488669276,"gpath_trio"
"4287","SI","Exc L3-4 RORB CUX2",-0.0541514034846862,-1.05169795679031,0.1956864149887,0.664598670857271,0.782364960128997,0.782364960128997,"gpath_trio"
"4288","LINC02023","Exc L3-4 RORB CUX2",0.0929375769809715,0.0410117713173821,0.83701519962447,0.361099494506365,0.508955030156903,0.508955030156903,"gpath_trio"
"4289","SLITRK3","Exc L3-4 RORB CUX2",0.0991450862774797,3.9508787611874,9.60767360966955,0.00215059320491269,0.00811905275245386,0.00811905275245386,"gpath_trio"
"4290","LINC01322","Exc L3-4 RORB CUX2",0.164209742069754,6.86257558870067,14.3866237293202,0.000185166732691565,0.000995931440163241,0.000995931440163241,"gpath_trio"
"4291","BCHE","Exc L3-4 RORB CUX2",0.132515641601723,-0.734296371436078,1.08987156098773,0.297469309506727,0.440731682404216,0.440731682404216,"gpath_trio"
"4292","AC069439.2","Exc L3-4 RORB CUX2",-0.166192053166409,-0.00568858027109412,2.885320333968,0.0905864481099212,0.176741599867194,0.176741599867194,"gpath_trio"
"4293","ZBBX","Exc L3-4 RORB CUX2",0.0948197596160743,7.00216213311483,5.0123676123672,0.0260131724103865,0.0646802752501291,0.0646802752501291,"gpath_trio"
"4294","LINC01327","Exc L3-4 RORB CUX2",-0.563989433948663,0.0367107720896807,26.6123386297234,4.93650113509617e-07,5.51461297899032e-06,5.51461297899032e-06,"gpath_trio"
"4295","SERPINI2","Exc L3-4 RORB CUX2",-0.0556150184022433,2.6327367312248,0.975654226685792,0.324192356803186,0.469700595942856,0.469700595942856,"gpath_trio"
"4296","WDR49","Exc L3-4 RORB CUX2",-0.018033836588663,2.36528365004972,0.0749114256718669,0.78453284581999,0.873794166264079,0.873794166264079,"gpath_trio"
"4297","PDCD10","Exc L3-4 RORB CUX2",-0.0111043372813594,5.57744734984077,0.466239437558724,0.495330235502825,0.638852455381116,0.638852455381116,"gpath_trio"
"4298","SERPINI1","Exc L3-4 RORB CUX2",0.00114372564776523,8.03214827634406,0.0032211371209377,0.954783901153627,0.977656458700423,0.977656458700423,"gpath_trio"
"4299","GOLIM4","Exc L3-4 RORB CUX2",0.167497453774589,4.16910075165261,8.63093800646987,0.00360157155011002,0.0125603640490008,0.0125603640490008,"gpath_trio"
"4300","MECOM","Exc L3-4 RORB CUX2",-0.241493604945421,3.16257408045793,36.1670523789679,6.11218441497499e-09,1.12614904632073e-07,1.12614904632073e-07,"gpath_trio"
"4301","ACTRT3","Exc L3-4 RORB CUX2",-0.0871019099215348,-0.81555970298603,0.646939897452861,0.421943677783093,0.570213256030136,0.570213256030136,"gpath_trio"
"4302","AC078802.1","Exc L3-4 RORB CUX2",0.140745123841127,-0.279815775152294,1.61400266458739,0.205065681554573,0.33193197411453,0.33193197411453,"gpath_trio"
"4303","MYNN","Exc L3-4 RORB CUX2",-0.0172054556654053,3.61445897456408,0.392358709933637,0.531611697099557,0.671265341471893,0.671265341471893,"gpath_trio"
"4304","AC078795.1","Exc L3-4 RORB CUX2",0.231097218254525,0.771085593286748,12.7282624607816,0.000428703141817801,0.00205783628031742,0.00205783628031742,"gpath_trio"
"4305","LRRC34","Exc L3-4 RORB CUX2",0.0676428798574821,4.1656249237828,4.6066040002614,0.0327746574811103,0.0782900582997546,0.0782900582997546,"gpath_trio"
"4306","AC078795.3","Exc L3-4 RORB CUX2",0.0767643658104953,-0.811114018680897,0.548801527061445,0.583291565983457,0.715809275111686,0.715809275111686,"gpath_trio"
"4307","AC078795.2","Exc L3-4 RORB CUX2",-0.0397729485690548,0.402735797137844,0.329965165688662,0.566176239194765,0.701375759901411,0.701375759901411,"gpath_trio"
"4308","LRRIQ4","Exc L3-4 RORB CUX2",-0.008283590859255,0.391351176019008,0.0109764543134245,0.916640220510067,0.957800727615009,0.957800727615009,"gpath_trio"
"4309","LRRC31","Exc L3-4 RORB CUX2",-0.0297595580616743,-0.692575682612306,0.0789325511843099,0.778972666668564,0.8700051788108,0.8700051788108,"gpath_trio"
"4310","SAMD7","Exc L3-4 RORB CUX2",-0.390617831599594,-0.679155603389346,13.0659102301014,0.000361026962595454,0.00177262569247098,0.00177262569247098,"gpath_trio"
"4311","AC008040.1","Exc L3-4 RORB CUX2",-0.0591843730408861,0.150829681425132,0.38266065095067,0.536724272852246,0.675804294126822,0.675804294126822,"gpath_trio"
"4312","SEC62","Exc L3-4 RORB CUX2",-0.150512152099725,6.66504486616364,101.871504321927,1.99318045552866e-20,7.05480977022643e-18,7.05480977022643e-18,"gpath_trio"
"4313","GPR160","Exc L3-4 RORB CUX2",-0.228275092354521,0.882975705655084,7.51021103514806,0.00656020688549204,0.0208658637734198,0.0208658637734198,"gpath_trio"
"4314","PHC3","Exc L3-4 RORB CUX2",0.0451509805902834,7.01427967605146,10.9933041773621,0.0010446901654746,0.00440104908925663,0.00440104908925663,"gpath_trio"
"4315","PRKCI","Exc L3-4 RORB CUX2",0.0029066146385593,6.52377771573627,0.0347645618346604,0.852235260519085,0.918376582682008,0.918376582682008,"gpath_trio"
"4316","AC073288.1","Exc L3-4 RORB CUX2",-0.0148295520506838,-0.867329638816661,0.0193734288430825,0.889408972081386,0.942342542348382,0.942342542348382,"gpath_trio"
"4317","SKIL","Exc L3-4 RORB CUX2",0.037777030466752,5.49830908946139,2.48333072933509,0.116274283827862,0.21491833955356,0.21491833955356,"gpath_trio"
"4318","AC026316.5","Exc L3-4 RORB CUX2",-0.651978813445141,-0.519146540898987,5.94160491146371,0.01546091175707,0.042496443419467,0.042496443419467,"gpath_trio"
"4319","SLC7A14","Exc L3-4 RORB CUX2",0.0754085073149908,5.50028351955129,12.1617833494989,0.000572549420756564,0.00263065009422994,0.00263065009422994,"gpath_trio"
"4320","RPL22L1","Exc L3-4 RORB CUX2",-0.295577085723678,1.55071431412196,26.0164484237485,6.53239970717711e-07,7.0539831109864e-06,7.0539831109864e-06,"gpath_trio"
"4321","EIF5A2","Exc L3-4 RORB CUX2",-0.122490230036321,3.27242223303436,12.0608338872813,0.000602933250940812,0.00275269932965171,0.00275269932965171,"gpath_trio"
"4322","TNIK","Exc L3-4 RORB CUX2",0.0939483559365119,7.51245923726528,28.7228948112324,1.84176705984532e-07,2.31223711464713e-06,2.31223711464713e-06,"gpath_trio"
"4323","PLD1","Exc L3-4 RORB CUX2",-0.0235214265816998,4.19555861847597,0.0836301147049042,0.772667413623842,0.865428009894393,0.865428009894393,"gpath_trio"
"4324","TMEM212","Exc L3-4 RORB CUX2",0.010027247253338,2.37216418623835,0.0200753841769552,0.887436467582869,0.941128612988036,0.941128612988036,"gpath_trio"
"4325","TMEM212-AS1","Exc L3-4 RORB CUX2",-0.0158027587962436,0.939842525386943,0.0295997732611265,0.863535320154771,0.925740963101498,0.925740963101498,"gpath_trio"
"4326","FNDC3B","Exc L3-4 RORB CUX2",0.0569659005873615,6.63866764007975,3.83850975828358,0.0511565704151643,0.112317315064309,0.112317315064309,"gpath_trio"
"4327","LINC02068","Exc L3-4 RORB CUX2",0.0533898362884541,0.320032667800116,0.356989906123213,0.550702726828928,0.688549052663214,0.688549052663214,"gpath_trio"
"4328","NCEH1","Exc L3-4 RORB CUX2",0.0709637165361001,7.01323103275614,22.2579352223931,3.89550160222469e-06,3.44700635196856e-05,3.44700635196856e-05,"gpath_trio"
"4329","ECT2","Exc L3-4 RORB CUX2",-0.0398899566254824,2.9635005833574,1.28354449075684,0.634542511719259,0.757374145059223,0.757374145059223,"gpath_trio"
"4330","SPATA16","Exc L3-4 RORB CUX2",0.0210746704185788,0.19379645582066,0.0978524691279111,0.789264692150893,0.876840042078429,0.876840042078429,"gpath_trio"
"4331","AC068759.1","Exc L3-4 RORB CUX2",-0.0405306029583154,-0.136456127384823,0.206862062819928,0.649617595171641,0.769811159035998,0.769811159035998,"gpath_trio"
"4332","NLGN1","Exc L3-4 RORB CUX2",0.142014109945754,10.3752781392794,92.4969357038416,6.25585698097045e-19,1.43422630217135e-16,1.43422630217135e-16,"gpath_trio"
"4333","NLGN1-AS1","Exc L3-4 RORB CUX2",-0.0222362208849463,-0.0404476207421127,0.0584350190395211,0.809177316747029,0.88964784661157,0.88964784661157,"gpath_trio"
"4334","NAALADL2","Exc L3-4 RORB CUX2",0.0363144342683942,6.31754685591868,2.83642791649006,0.0933488860904118,0.180636272479768,0.180636272479768,"gpath_trio"
"4335","NAALADL2-AS2","Exc L3-4 RORB CUX2",-0.137824998123489,-1.14563502742184,1.01013675323962,0.3158045023927,0.460824232299488,0.460824232299488,"gpath_trio"
"4336","LINC01208","Exc L3-4 RORB CUX2",-0.0106129356491536,0.0803672522267329,0.0140913087217666,0.905599293813141,0.952132250387207,0.952132250387207,"gpath_trio"
"4337","AC092920.1","Exc L3-4 RORB CUX2",-0.0910648406005558,2.48236606838679,2.58657184739616,0.108986923109181,0.204331490914202,0.204331490914202,"gpath_trio"
"4338","TBL1XR1","Exc L3-4 RORB CUX2",0.0326829807279758,7.88904019937491,5.69901683442828,0.017689444747187,0.0473447264227245,0.0473447264227245,"gpath_trio"
"4339","LINC00501","Exc L3-4 RORB CUX2",-0.152304369790842,1.46976192066448,8.3352541038131,0.004215173038859,0.0143699080870193,0.0143699080870193,"gpath_trio"
"4340","AC117465.1","Exc L3-4 RORB CUX2",-0.170590450472248,0.389785503787637,6.05400942477259,0.0145254894152438,0.040365254676659,0.040365254676659,"gpath_trio"
"4341","LINC00578","Exc L3-4 RORB CUX2",-0.115182377727227,3.31057013396641,8.75680112167188,0.00336889354963465,0.0119032272090856,0.0119032272090856,"gpath_trio"
"4342","LINC02015","Exc L3-4 RORB CUX2",-0.30633166500051,2.06067141903513,12.5488931190631,0.000469763970659101,0.00222424034453118,0.00222424034453118,"gpath_trio"
"4343","AC007953.2","Exc L3-4 RORB CUX2",-0.0851097697402588,2.63591400998938,1.8162080762577,0.178938398132597,0.299120240477681,0.299120240477681,"gpath_trio"
"4344","AC109779.1","Exc L3-4 RORB CUX2",-0.0327167159925152,5.62274117547439,0.152665002096475,0.696321434578087,0.807744074437264,0.807744074437264,"gpath_trio"
"4345","KCNMB2","Exc L3-4 RORB CUX2",-0.180105904144102,2.5668712066779,11.7700750148934,0.000699937939064545,0.00312624483520638,0.00312624483520638,"gpath_trio"
"4346","KCNMB2-AS1","Exc L3-4 RORB CUX2",-0.2708773780474,4.99801338896715,46.4755996822944,6.45420363089179e-11,1.93195190286709e-09,1.93195190286709e-09,"gpath_trio"
"4347","ZMAT3","Exc L3-4 RORB CUX2",-0.0569081503942007,6.02435814699977,8.31525196532184,0.00426036506771763,0.0144970256773829,0.0144970256773829,"gpath_trio"
"4348","AC076966.1","Exc L3-4 RORB CUX2",0.024895227827316,1.30887837900102,0.183657938147821,0.668603145907685,0.785664189451194,0.785664189451194,"gpath_trio"
"4349","PIK3CA","Exc L3-4 RORB CUX2",0.0516263279930124,7.22414309510428,12.1416842978035,0.000578472156653633,0.00265483979992881,0.00265483979992881,"gpath_trio"
"4350","KCNMB3","Exc L3-4 RORB CUX2",0.132086705769472,3.41195892062078,8.520255330705,0.00381976624426862,0.013208530321712,0.013208530321712,"gpath_trio"
"4351","ZNF639","Exc L3-4 RORB CUX2",-0.021788552280585,3.62988867913923,0.829959128434996,0.363128170910265,0.510957654353089,0.510957654353089,"gpath_trio"
"4352","MFN1","Exc L3-4 RORB CUX2",-0.0660936033630981,5.74172962599403,9.73133845052445,0.00201551538349447,0.0076860014689591,0.0076860014689591,"gpath_trio"
"4353","GNB4","Exc L3-4 RORB CUX2",0.14660833320682,2.96090200001428,6.89653811425373,0.0091484611629139,0.0274617175958619,0.0274617175958619,"gpath_trio"
"4354","AC007620.2","Exc L3-4 RORB CUX2",0.0644688314643854,0.123263830586254,0.705864785254087,0.401591925477534,0.549817935430867,0.549817935430867,"gpath_trio"
"4355","AC007620.3","Exc L3-4 RORB CUX2",-0.0356436370375466,-0.472627292074148,0.121926647133918,0.727236826914787,0.831438512807529,0.831438512807529,"gpath_trio"
"4356","ACTL6A","Exc L3-4 RORB CUX2",0.0251188605674429,1.04744745345869,0.178670078534763,0.672868013793769,0.789296597377131,0.789296597377131,"gpath_trio"
"4357","MRPL47","Exc L3-4 RORB CUX2",-0.154041170980028,2.91406072087164,24.1809636050566,1.55590421892715e-06,1.54176658236028e-05,1.54176658236028e-05,"gpath_trio"
"4358","NDUFB5","Exc L3-4 RORB CUX2",-0.169659033518671,4.76286027579493,66.8626005436858,1.29247346567138e-14,9.80287675560904e-13,9.80287675560904e-13,"gpath_trio"
"4359","USP13","Exc L3-4 RORB CUX2",0.0061778135518434,5.06326669909665,0.0792919972749605,0.778483156010977,0.869554737710191,0.869554737710191,"gpath_trio"
"4360","PEX5L","Exc L3-4 RORB CUX2",0.0401648170971751,9.61124094397507,2.6403707100252,0.105390764742225,0.199064383698661,0.199064383698661,"gpath_trio"
"4361","PEX5L-AS1","Exc L3-4 RORB CUX2",-0.508557564370606,0.0534741178651817,27.5723034862392,3.1488313363157e-07,3.73472499765839e-06,3.73472499765839e-06,"gpath_trio"
"4362","PEX5L-AS2","Exc L3-4 RORB CUX2",-0.288745587657652,0.686943176042273,10.671664993249,0.00123418748061812,0.00507122859907752,0.00507122859907752,"gpath_trio"
"4363","AC125618.1","Exc L3-4 RORB CUX2",0.155987062450539,0.216015437496439,3.51273705698827,0.0620200804608247,0.131117586010389,0.131117586010389,"gpath_trio"
"4364","TTC14","Exc L3-4 RORB CUX2",0.0675058640164541,7.21777699445609,11.4581646637811,0.000821769888704998,0.00358262212147239,0.00358262212147239,"gpath_trio"
"4365","CCDC39","Exc L3-4 RORB CUX2",0.0600385257660661,1.34968190220106,0.909478349353632,0.715914899325846,0.822996187686549,0.822996187686549,"gpath_trio"
"4366","CCDC39-1","Exc L3-4 RORB CUX2",0.0210527627086908,-0.0586485182114217,0.0545876010436495,0.815448397894357,0.893578373120344,0.893578373120344,"gpath_trio"
"4367","CCDC39-AS1","Exc L3-4 RORB CUX2",0.0453631793929275,-1.167819829781,0.113418064642947,0.952227628211452,0.976685125641289,0.976685125641289,"gpath_trio"
"4368","FXR1","Exc L3-4 RORB CUX2",0.056215602536928,6.44407592733538,15.0989007131395,0.000129524147930145,0.000728708779835658,0.000728708779835658,"gpath_trio"
"4369","DNAJC19","Exc L3-4 RORB CUX2",-0.138235434579543,4.27623004891971,40.2771942747619,9.74469053567889e-10,2.15429154787283e-08,2.15429154787283e-08,"gpath_trio"
"4370","AC125613.1","Exc L3-4 RORB CUX2",-0.694385790797465,-0.344820025483289,9.16180421784746,0.002719317611066,0.00991366693228344,0.00991366693228344,"gpath_trio"
"4371","AC069431.1","Exc L3-4 RORB CUX2",-0.0911859818060672,-0.296193619036626,1.01935638442474,0.398543816913219,0.54672071164916,0.54672071164916,"gpath_trio"
"4372","ATP11B","Exc L3-4 RORB CUX2",0.0487149705039748,6.37762176520603,6.3158939558906,0.0125714543821454,0.0358435687054527,0.0358435687054527,"gpath_trio"
"4373","DCUN1D1","Exc L3-4 RORB CUX2",0.0491587171926666,5.85049437507174,9.5809553558108,0.00218097185169493,0.00821989671360829,0.00821989671360829,"gpath_trio"
"4374","MCCC1","Exc L3-4 RORB CUX2",-0.00216635288040854,6.59224120078441,0.022564734373598,0.880710960969652,0.936789271659817,0.936789271659817,"gpath_trio"
"4375","LAMP3","Exc L3-4 RORB CUX2",0.000915950301196143,0.672766498815864,7.06923067212463e-05,0.993298015450263,0.996680753988371,0.996680753988371,"gpath_trio"
"4376","MCF2L2","Exc L3-4 RORB CUX2",0.085422541055162,8.21676176568733,44.3260343362695,1.64276328105755e-10,4.39559007895704e-09,4.39559007895704e-09,"gpath_trio"
"4377","B3GNT5","Exc L3-4 RORB CUX2",-0.213470658968205,2.00429554768778,15.8388000227882,8.95234857696245e-05,0.000529658746452251,0.000529658746452251,"gpath_trio"
"4378","KLHL24","Exc L3-4 RORB CUX2",0.0696080077058825,6.96838806692206,22.3443316659187,3.7374214171793e-06,3.3275585653836e-05,3.3275585653836e-05,"gpath_trio"
"4379","YEATS2","Exc L3-4 RORB CUX2",0.0360211956395486,7.19154369896843,7.48507482267971,0.00664976405399574,0.0211041355654183,0.0211041355654183,"gpath_trio"
"4380","YEATS2-AS1","Exc L3-4 RORB CUX2",-0.08175148081955,-0.670698637150379,0.398526280764141,0.528405905471053,0.668501231760112,0.668501231760112,"gpath_trio"
"4381","ABCC5","Exc L3-4 RORB CUX2",0.0531160606256332,7.28898249972002,17.2049849531529,4.54785585699572e-05,0.000296839184454509,0.000296839184454509,"gpath_trio"
"4382","ABCC5-AS1","Exc L3-4 RORB CUX2",-0.031521960967115,-0.552658323538656,0.0896156397962803,0.764905513121924,0.859980088865552,0.859980088865552,"gpath_trio"
"4383","HTR3E-AS1","Exc L3-4 RORB CUX2",0.322985052799595,-0.0811013781899002,13.1493187561941,0.000346049659489008,0.00171158418244441,0.00171158418244441,"gpath_trio"
"4384","HTR3E","Exc L3-4 RORB CUX2",-0.177393374201794,0.382980475155612,5.25953433860939,0.0226251510001909,0.057823970284881,0.057823970284881,"gpath_trio"
"4385","EIF2B5","Exc L3-4 RORB CUX2",-0.0896417945807982,4.11263662261864,13.2935550268226,0.000321622541952807,0.00161010788682329,0.00161010788682329,"gpath_trio"
"4386","DVL3","Exc L3-4 RORB CUX2",-0.0584496452459052,4.47719353649294,9.776750223412,0.00196811506185987,0.00753305281218417,0.00753305281218417,"gpath_trio"
"4387","AP2M1","Exc L3-4 RORB CUX2",-0.108297739760906,6.7571703323641,21.2695698403806,6.26561984548734e-06,5.24300623735823e-05,5.24300623735823e-05,"gpath_trio"
"4388","ABCF3","Exc L3-4 RORB CUX2",-0.141144343378309,3.33487204306546,18.2208616312353,2.75888219491907e-05,0.000191207311173109,0.000191207311173109,"gpath_trio"
"4389","VWA5B2","Exc L3-4 RORB CUX2",-0.0459529057833671,5.47631190669409,2.40685931739261,0.122020840598876,0.223127930670019,0.223127930670019,"gpath_trio"
"4390","ALG3","Exc L3-4 RORB CUX2",-0.0820430602473756,2.98693082231077,7.13435414893448,0.00803912674296682,0.0246600854552768,0.0246600854552768,"gpath_trio"
"4391","EEF1AKMT4-ECE2","Exc L3-4 RORB CUX2",0.0753742802324681,0.313198930496334,0.927338906489507,0.336450104195605,0.482985687501518,0.482985687501518,"gpath_trio"
"4392","CAMK2N2","Exc L3-4 RORB CUX2",0.005185696934411,4.0597455500214,0.00536161918421041,0.941684899673634,0.9714917596091,0.9714917596091,"gpath_trio"
"4393","PSMD2","Exc L3-4 RORB CUX2",-0.157139762150752,4.93475880241649,46.1296160509841,7.49772412606433e-11,2.19864221283936e-09,2.19864221283936e-09,"gpath_trio"
"4394","EIF4G1","Exc L3-4 RORB CUX2",-0.0918034832848556,4.59729208684735,23.9268665482954,1.75560819840799e-06,1.70695881459668e-05,1.70695881459668e-05,"gpath_trio"
"4395","FAM131A","Exc L3-4 RORB CUX2",-0.101041448940566,5.6342909303169,19.235525568449,1.6797118423358e-05,0.000124405970701632,0.000124405970701632,"gpath_trio"
"4396","CLCN2","Exc L3-4 RORB CUX2",0.109256921328005,2.82244985855431,9.10756649784221,0.00279828396307852,0.0101574989123982,0.0101574989123982,"gpath_trio"
"4397","POLR2H","Exc L3-4 RORB CUX2",-0.0813541830268508,4.20900714191675,12.5417750463534,0.000471473504015995,0.0022305570836672,0.0022305570836672,"gpath_trio"
"4398","THPO","Exc L3-4 RORB CUX2",-0.0042031795105932,1.63288438567846,0.00598980295607616,0.938369782024539,0.970254733105016,0.970254733105016,"gpath_trio"
"4399","CHRD","Exc L3-4 RORB CUX2",-0.0343880031405157,4.89061571947202,1.53961812044105,0.215793059546801,0.344814270264274,0.344814270264274,"gpath_trio"
"4400","LINC02054","Exc L3-4 RORB CUX2",0.202498658904558,3.22964298066097,20.1871588138947,1.05746226737657e-05,8.32720579403681e-05,8.32720579403681e-05,"gpath_trio"
"4401","LINC01840","Exc L3-4 RORB CUX2",-0.337096354200601,0.370778408330272,17.3804967372678,4.17067221747572e-05,0.000274978143750238,0.000274978143750238,"gpath_trio"
"4402","EPHB3","Exc L3-4 RORB CUX2",-0.0716337164064201,0.485468143271502,0.676944091187453,0.41139494079047,0.559744600111123,0.559744600111123,"gpath_trio"
"4403","MAGEF1","Exc L3-4 RORB CUX2",-0.282335060415654,4.02779668107049,103.48523248496,1.1116064732426e-20,4.39738443091559e-18,4.39738443091559e-18,"gpath_trio"
"4404","LINC02069","Exc L3-4 RORB CUX2",-0.103549743210202,-1.13602659793928,0.622039109884639,0.43100907586488,0.578439385801806,0.578439385801806,"gpath_trio"
"4405","VPS8","Exc L3-4 RORB CUX2",0.0212891785332891,7.11976584551516,1.44527774919966,0.230380925378165,0.362101524579657,0.362101524579657,"gpath_trio"
"4406","C3orf70","Exc L3-4 RORB CUX2",0.103607528871676,4.78453116239871,12.8186919601307,0.000409404369840518,0.00197601271806996,0.00197601271806996,"gpath_trio"
"4407","EHHADH","Exc L3-4 RORB CUX2",-0.0151890367332573,2.61848212799664,0.13489734600673,0.766398212452156,0.860821953915057,0.860821953915057,"gpath_trio"
"4408","MAP3K13","Exc L3-4 RORB CUX2",0.0155489749057823,7.38531926668665,1.22560285201604,0.269287037724932,0.408486164368458,0.408486164368458,"gpath_trio"
"4409","TMEM41A","Exc L3-4 RORB CUX2",-0.0977259827960473,3.56696896167397,8.86701810147926,0.00317779223532015,0.0113132095196019,0.0113132095196019,"gpath_trio"
"4410","LIPH","Exc L3-4 RORB CUX2",-0.153865089188559,0.76978346786324,4.89574633577483,0.027792040751211,0.0682288174927819,0.0682288174927819,"gpath_trio"
"4411","SENP2","Exc L3-4 RORB CUX2",-0.0201021954736468,6.11912377101615,1.77652855282657,0.183742948098156,0.30530505500579,0.30530505500579,"gpath_trio"
"4412","IGF2BP2","Exc L3-4 RORB CUX2",-0.248250607541349,0.233956520064584,5.08400839507366,0.0249798169941177,0.0625813743767943,0.0625813743767943,"gpath_trio"
"4413","TRA2B","Exc L3-4 RORB CUX2",-0.0317476051491085,5.86309215479694,2.51282678642841,0.114138661848837,0.211610687630977,0.211610687630977,"gpath_trio"
"4414","ETV5","Exc L3-4 RORB CUX2",-0.208400466162234,4.77474038166784,9.38018251635401,0.00242373579805403,0.00900514400872167,0.00900514400872167,"gpath_trio"
"4415","DGKG","Exc L3-4 RORB CUX2",0.186055434267475,6.46546559514428,22.5433703599158,3.39746231285601e-06,3.06272574449821e-05,3.06272574449821e-05,"gpath_trio"
"4416","CRYGS","Exc L3-4 RORB CUX2",0.0649817728754343,2.77807452890063,2.95476587211302,0.0868149309452576,0.171060770760872,0.171060770760872,"gpath_trio"
"4417","TBCCD1","Exc L3-4 RORB CUX2",0.0194622621070589,3.2070807802319,0.297699140893631,0.768086295596901,0.862142039260458,0.862142039260458,"gpath_trio"
"4418","DNAJB11","Exc L3-4 RORB CUX2",0.0199543042017251,1.99895361698318,0.171677641458086,0.895341097740182,0.945932424252224,0.945932424252224,"gpath_trio"
"4419","AC068631.1","Exc L3-4 RORB CUX2",-0.0915216768838604,1.54743237170332,4.01609685669585,0.0461051339687773,0.103398296778577,0.103398296778577,"gpath_trio"
"4420","AC068631.2","Exc L3-4 RORB CUX2",-0.345565298892919,1.61650784670837,26.1215679902014,6.21709187244005e-07,6.77002579199708e-06,6.77002579199708e-06,"gpath_trio"
"4421","AHSG","Exc L3-4 RORB CUX2",0.0926211569878603,0.60930626066,1.70930411313543,0.1922306108614,0.315664380117919,0.315664380117919,"gpath_trio"
"4422","FETUB","Exc L3-4 RORB CUX2",0.0728390153910394,-0.736017415093203,0.381467675584363,0.537359360768579,0.676224120727675,0.676224120727675,"gpath_trio"
"4423","HRG","Exc L3-4 RORB CUX2",0.169765626712076,-1.5276166941694,0.966422147988853,0.326487983566205,0.472212708326632,0.472212708326632,"gpath_trio"
"4424","KNG1","Exc L3-4 RORB CUX2",-0.0311650108888673,0.583696902367829,0.122803873651185,0.726296868309935,0.830671163160597,0.830671163160597,"gpath_trio"
"4425","AC112907.3","Exc L3-4 RORB CUX2",0.144401509384448,-0.0938210940337336,2.15901890310966,0.142944067683752,0.251824708829871,0.251824708829871,"gpath_trio"
"4426","EIF4A2","Exc L3-4 RORB CUX2",-0.165503530762259,7.68466893872556,41.7832313415917,5.00921860307205e-10,1.18061898734788e-08,1.18061898734788e-08,"gpath_trio"
"4427","RFC4","Exc L3-4 RORB CUX2",-0.0318095938941361,2.44697079997172,0.64734050717741,0.421800186712119,0.570057527258642,0.570057527258642,"gpath_trio"
"4428","AC112907.1","Exc L3-4 RORB CUX2",-0.272272995695113,2.37278141064564,15.4757415488274,0.000107287262015804,0.000619496425635045,0.000619496425635045,"gpath_trio"
"4429","LINC02043","Exc L3-4 RORB CUX2",0.0741014274493981,4.05431965623629,5.99180308133472,0.0150342764059163,0.0415615958467198,0.0415615958467198,"gpath_trio"
"4430","ST6GAL1","Exc L3-4 RORB CUX2",0.0979234744210215,5.88459520172119,6.85318261808787,0.00936713011730137,0.0280305325002307,0.0280305325002307,"gpath_trio"
"4431","RPL39L","Exc L3-4 RORB CUX2",-0.107732083965,1.55260699053772,4.43874432992213,0.0360901901591769,0.0848129978405817,0.0848129978405817,"gpath_trio"
"4432","AC007920.1","Exc L3-4 RORB CUX2",-0.235077563379062,-0.1325153929884,4.89492512610928,0.0278050089434339,0.0682440456732092,0.0682440456732092,"gpath_trio"
"4433","RTP1","Exc L3-4 RORB CUX2",-0.0967149644321461,2.4614758785734,3.63433767471519,0.0577015671447365,0.12344953522217,0.12344953522217,"gpath_trio"
"4434","BCL6","Exc L3-4 RORB CUX2",0.136536854744534,3.51634414623296,4.96715587849114,0.0266882325269282,0.0660089605529946,0.0660089605529946,"gpath_trio"
"4435","LPP","Exc L3-4 RORB CUX2",0.127518956128259,7.27101134593802,21.0269882083953,7.04350181026611e-06,5.79301463604235e-05,5.79301463604235e-05,"gpath_trio"
"4436","TPRG1","Exc L3-4 RORB CUX2",0.0362350077626216,3.48792689756152,0.672427160880007,0.412957753788105,0.561265338363986,0.561265338363986,"gpath_trio"
"4437","TP63","Exc L3-4 RORB CUX2",0.0410331623626132,1.32688396493692,0.356411163687494,0.55102566904952,0.688824764426177,0.688824764426177,"gpath_trio"
"4438","P3H2","Exc L3-4 RORB CUX2",0.10427482526939,6.42965371942382,26.9817631335744,4.1511675862071e-07,4.75041441019445e-06,4.75041441019445e-06,"gpath_trio"
"4439","P3H2-AS1","Exc L3-4 RORB CUX2",-0.0114477491273206,4.48326775616106,0.135648046630571,0.712946036832249,0.820705597003915,0.820705597003915,"gpath_trio"
"4440","CLDN16","Exc L3-4 RORB CUX2",-0.118146836800939,4.21984571018491,6.6078637270921,0.0107101762898528,0.0312703048694326,0.0312703048694326,"gpath_trio"
"4441","IL1RAP","Exc L3-4 RORB CUX2",0.0236847097265925,5.79639591938546,0.560547550129262,0.454716453053392,0.600661588447076,0.600661588447076,"gpath_trio"
"4442","GMNC","Exc L3-4 RORB CUX2",-0.221994036458563,0.0657463044894091,4.52944606944142,0.0342569968699888,0.0812239877602566,0.0812239877602566,"gpath_trio"
"4443","OSTN","Exc L3-4 RORB CUX2",0.144403749633338,1.23948441161499,1.83763204600168,0.17640504913975,0.295783379719857,0.295783379719857,"gpath_trio"
"4444","UTS2B","Exc L3-4 RORB CUX2",-0.207442907642623,-0.140721975921172,5.04421718860983,0.0255483603863247,0.0637918528210521,0.0637918528210521,"gpath_trio"
"4445","CCDC50","Exc L3-4 RORB CUX2",0.0704310193657827,4.0315554132791,5.41362240881987,0.020748935679974,0.053868199375045,0.053868199375045,"gpath_trio"
"4446","AC073365.1","Exc L3-4 RORB CUX2",0.0394906727940248,7.91508652343482,0.90303747302807,0.34285102768251,0.489527210438403,0.489527210438403,"gpath_trio"
"4447","FGF12","Exc L3-4 RORB CUX2",0.134619290722102,10.5889142395315,107.052118817343,3.08685602704144e-21,1.58770985282406e-18,1.58770985282406e-18,"gpath_trio"
"4448","FGF12-AS1","Exc L3-4 RORB CUX2",-0.294177132266487,2.88201243532081,38.1469460189689,2.51447466165251e-09,5.06282697593207e-08,5.06282697593207e-08,"gpath_trio"
"4449","FGF12-AS3","Exc L3-4 RORB CUX2",0.076786806599441,-0.439653544027721,0.538415800548018,0.529536515733508,0.669511763171243,0.669511763171243,"gpath_trio"
"4450","MB21D2","Exc L3-4 RORB CUX2",0.125971305529209,5.86348078147075,31.3376331396633,5.49995946132049e-08,7.86962284625113e-07,7.86962284625113e-07,"gpath_trio"
"4451","AC092966.1","Exc L3-4 RORB CUX2",0.110659507565937,-0.611913204053063,0.88254517343064,0.348377424818486,0.495559088042935,0.495559088042935,"gpath_trio"
"4452","HRASLS","Exc L3-4 RORB CUX2",0.20194883102507,4.49193983551109,41.870289852899,4.82075565829293e-10,1.13886118742459e-08,1.13886118742459e-08,"gpath_trio"
"4453","ATP13A5","Exc L3-4 RORB CUX2",0.0687114958025618,0.417053998018596,0.721565105432483,0.455571648856219,0.60139750151634,0.60139750151634,"gpath_trio"
"4454","ATP13A5-AS1","Exc L3-4 RORB CUX2",0.044381718578118,0.405619832780152,0.323596596608575,0.569945227084018,0.704876169706373,0.704876169706373,"gpath_trio"
"4455","ATP13A4","Exc L3-4 RORB CUX2",0.132603519151261,2.11722363181584,2.03894427963369,0.15451602428645,0.267103143687699,0.267103143687699,"gpath_trio"
"4456","OPA1","Exc L3-4 RORB CUX2",0.0478370213853221,7.0200895086614,10.6187513947759,0.00126856492008402,0.00519449913998278,0.00519449913998278,"gpath_trio"
"4457","OPA1-AS1","Exc L3-4 RORB CUX2",-0.414384471656879,1.37880926437245,13.8362176485303,0.000244374244527923,0.00127133841757371,0.00127133841757371,"gpath_trio"
"4458","LINC02026","Exc L3-4 RORB CUX2",-0.112688350242041,-1.25079109186934,0.661681729177963,0.416711124016013,0.565186348035163,0.565186348035163,"gpath_trio"
"4459","AC024559.1","Exc L3-4 RORB CUX2",0.197540626587263,-1.3184715133433,1.57869715873656,0.210076145129202,0.338062234025815,0.338062234025815,"gpath_trio"
"4460","HES1","Exc L3-4 RORB CUX2",0.318078790386375,-0.967220103417204,3.74848698972009,0.053939141459792,0.117013137521645,0.117013137521645,"gpath_trio"
"4461","LINC02036","Exc L3-4 RORB CUX2",0.0257557836979614,-0.725070456803029,0.0639176764315369,0.800607496492637,0.883844390792829,0.883844390792829,"gpath_trio"
"4462","LINC00887","Exc L3-4 RORB CUX2",-0.0182225491777402,0.680116701090777,0.0690510558746766,0.792931580822873,0.879460947944006,0.879460947944006,"gpath_trio"
"4463","ATP13A3","Exc L3-4 RORB CUX2",-0.0224682451602556,5.76615263412098,1.86366243237117,0.173382727376941,0.291742829427005,0.291742829427005,"gpath_trio"
"4464","LINC00884","Exc L3-4 RORB CUX2",0.0306864354982579,4.77241624952038,0.992549163513502,0.320046397007709,0.465364761054453,0.465364761054453,"gpath_trio"
"4465","TMEM44-AS1","Exc L3-4 RORB CUX2",-0.0134040880111497,2.65757127819581,0.0800089841974094,0.777510294756507,0.8688423963407,0.8688423963407,"gpath_trio"
"4466","TMEM44","Exc L3-4 RORB CUX2",0.101348091244551,4.8941502886117,11.1352802788152,0.000970740956817697,0.004138778276373,0.004138778276373,"gpath_trio"
"4467","AC046143.1","Exc L3-4 RORB CUX2",-0.0958380356818677,1.1590240127134,2.9317431435901,0.125270382665071,0.227687384708812,0.227687384708812,"gpath_trio"
"4468","LSG1","Exc L3-4 RORB CUX2",0.050497247098398,3.66061078404191,2.25626890440902,0.13428782929799,0.240544877571424,0.240544877571424,"gpath_trio"
"4469","FAM43A","Exc L3-4 RORB CUX2",0.0914949022011902,-0.0707071754615804,0.625899892447991,0.429584336161712,0.577405994807631,0.577405994807631,"gpath_trio"
"4470","LINC01968","Exc L3-4 RORB CUX2",-0.0677333490270484,-0.142879516416374,0.392419096239567,0.531580139555806,0.671265341471893,0.671265341471893,"gpath_trio"
"4471","XXYLT1","Exc L3-4 RORB CUX2",0.027307199876475,5.2113974634214,1.58053778200991,0.209811359501682,0.337770840883055,0.337770840883055,"gpath_trio"
"4472","ACAP2","Exc L3-4 RORB CUX2",0.0153976086483132,7.32364291378434,1.23493826022861,0.471771912314542,0.616912167172567,0.616912167172567,"gpath_trio"
"4473","PPP1R2","Exc L3-4 RORB CUX2",-0.0858444801647952,5.27673368722302,21.4375718078444,5.77834956738277e-06,4.87979081297394e-05,4.87979081297394e-05,"gpath_trio"
"4474","AC069213.1","Exc L3-4 RORB CUX2",0.219690120161131,-0.704247359087937,4.05532002247904,0.0450625025825158,0.101432108624596,0.101432108624596,"gpath_trio"
"4475","APOD","Exc L3-4 RORB CUX2",-0.113654866512085,1.01730897842086,0.271927286719479,0.602485738715023,0.731224795679215,0.731224795679215,"gpath_trio"
"4476","AC233280.1","Exc L3-4 RORB CUX2",-0.313027201150659,2.17301483003305,18.3078024509943,2.64373370084766e-05,0.000184048748842655,0.000184048748842655,"gpath_trio"
"4477","MUC20-OT1","Exc L3-4 RORB CUX2",-0.00399478814139185,7.5462188551838,0.00650457868829292,0.935781575063119,0.969109144570926,0.969109144570926,"gpath_trio"
"4478","MUC20","Exc L3-4 RORB CUX2",-0.0317849629246401,0.821218423044742,0.103084471302162,0.748417005796701,0.847561778947429,0.847561778947429,"gpath_trio"
"4479","MUC4","Exc L3-4 RORB CUX2",-0.105308019190462,-0.115492222085196,1.2390005487443,0.266691769091399,0.405382982807786,0.405382982807786,"gpath_trio"
"4480","LINC01983","Exc L3-4 RORB CUX2",0.329219836013449,-0.344064944416253,7.42074483232254,0.00688473393902062,0.0216861057329806,0.0216861057329806,"gpath_trio"
"4481","TNK2","Exc L3-4 RORB CUX2",0.0186323628420303,6.26209499473655,0.92941974620216,0.335909525914373,0.482381285879598,0.482381285879598,"gpath_trio"
"4482","TFRC","Exc L3-4 RORB CUX2",-0.062822366089443,4.54738075214876,5.80444746162287,0.0166813051182967,0.045192530716211,0.045192530716211,"gpath_trio"
"4483","ZDHHC19","Exc L3-4 RORB CUX2",-0.0970833244307445,1.15166313267037,2.26837877488238,0.147426791492172,0.258032056767118,0.258032056767118,"gpath_trio"
"4484","SLC51A","Exc L3-4 RORB CUX2",-0.226291566958369,1.77479958620265,18.0213448989326,3.04270614564776e-05,0.000209082413107778,0.000209082413107778,"gpath_trio"
"4485","PCYT1A","Exc L3-4 RORB CUX2",-0.0119974469736633,4.7997577140608,0.361156561775874,0.548388141065453,0.686633820269069,0.686633820269069,"gpath_trio"
"4486","AC069257.3","Exc L3-4 RORB CUX2",0.0566547166027903,0.620120698434967,0.698165122844067,0.484595738068883,0.62828346607157,0.62828346607157,"gpath_trio"
"4487","TM4SF19-AS1","Exc L3-4 RORB CUX2",0.00390393327998979,0.268398145294046,0.00229809977085502,0.961802057875964,0.980168842616133,0.980168842616133,"gpath_trio"
"4488","UBXN7","Exc L3-4 RORB CUX2",0.0180173081358826,5.45128783015167,1.20406589036206,0.273525735238608,0.41323810906387,0.41323810906387,"gpath_trio"
"4489","RNF168","Exc L3-4 RORB CUX2",0.0131530271580314,5.40108530883222,0.394132820612116,0.53068596433533,0.670502838831744,0.670502838831744,"gpath_trio"
"4490","SMCO1","Exc L3-4 RORB CUX2",-0.134300834578865,0.196988534266276,2.69370436774837,0.129594977721172,0.233862135556766,0.233862135556766,"gpath_trio"
"4491","WDR53","Exc L3-4 RORB CUX2",0.0963300843088382,3.07072742372311,10.3312630720848,0.00147315968028143,0.00589117870162098,0.00589117870162098,"gpath_trio"
"4492","FBXO45","Exc L3-4 RORB CUX2",-0.0844271963921003,4.05031816324024,13.0593560055699,0.000362231422639582,0.00177810680091327,0.00177810680091327,"gpath_trio"
"4493","LINC01063","Exc L3-4 RORB CUX2",-0.0123541287517354,-0.638051095456784,0.012248852968681,0.911959819670697,0.955086657073106,0.955086657073106,"gpath_trio"
"4494","PIGX","Exc L3-4 RORB CUX2",-0.11197380051704,4.73891524277676,36.1920527957366,6.04374844710196e-09,1.11625304000283e-07,1.11625304000283e-07,"gpath_trio"
"4495","CEP19","Exc L3-4 RORB CUX2",-0.0715547267883757,3.55211348806604,5.12831311231581,0.0243623076617051,0.0613074930219274,0.0613074930219274,"gpath_trio"
"4496","PAK2","Exc L3-4 RORB CUX2",0.0346723138097694,5.51376020450995,4.25010243974625,0.0402420080529927,0.0927124029312697,0.0927124029312697,"gpath_trio"
"4497","SENP5","Exc L3-4 RORB CUX2",0.0448750380461542,6.67316425936529,10.1628792354068,0.00160832102243015,0.00634367089492245,0.00634367089492245,"gpath_trio"
"4498","NCBP2","Exc L3-4 RORB CUX2",-0.132797531204844,3.81248294604752,27.488853945603,3.27408357895646e-07,3.86510451758025e-06,3.86510451758025e-06,"gpath_trio"
"4499","NCBP2-AS1","Exc L3-4 RORB CUX2",0.200181419929856,-0.701225968791657,3.21667058867007,0.0740537585420066,0.151108713907692,0.151108713907692,"gpath_trio"
"4500","NCBP2-AS2","Exc L3-4 RORB CUX2",-0.304638454511592,3.43269276891494,70.0265735754138,3.62965005534435e-15,3.15638749424881e-13,3.15638749424881e-13,"gpath_trio"
"4501","PIGZ","Exc L3-4 RORB CUX2",-0.0155501713428087,5.31622115539235,0.412132579799937,0.521454656740989,0.662031823028724,0.662031823028724,"gpath_trio"
"4502","MELTF","Exc L3-4 RORB CUX2",0.109460841474249,3.35945080549914,7.48361292827137,0.00665501111582329,0.0211108253556187,0.0211108253556187,"gpath_trio"
"4503","MELTF-AS1","Exc L3-4 RORB CUX2",-0.0695414714238444,3.40525652948051,2.91585911815649,0.0889063566492697,0.174262678072381,0.174262678072381,"gpath_trio"
"4504","DLG1","Exc L3-4 RORB CUX2",0.0922960560628164,8.57179539840518,27.4691452240396,3.3043923409692e-07,3.89177556795409e-06,3.89177556795409e-06,"gpath_trio"
"4505","LINC02012","Exc L3-4 RORB CUX2",-0.257932873780701,0.861909251353773,11.0770665682077,0.00100039481192681,0.00424547019996284,0.00424547019996284,"gpath_trio"
"4506","BDH1","Exc L3-4 RORB CUX2",0.0501015418998249,6.58825679770623,6.82145638411294,0.00953055505668664,0.0284287653626923,0.0284287653626923,"gpath_trio"
"4507","AC024560.3","Exc L3-4 RORB CUX2",-0.0119960886026418,-0.0156750817693503,0.0206431693671344,0.885866580973452,0.940106163333827,0.940106163333827,"gpath_trio"
"4508","AC024560.1","Exc L3-4 RORB CUX2",-0.0326025520732889,0.631857271294256,0.0501142639138739,0.82304036292251,0.898627520400565,0.898627520400565,"gpath_trio"
"4509","RUBCN","Exc L3-4 RORB CUX2",0.0191677940976051,6.05137981271256,1.72227390912897,0.190557930500352,0.31367189207611,0.31367189207611,"gpath_trio"
"4510","FYTTD1","Exc L3-4 RORB CUX2",-0.011452843975492,4.84098358715723,0.393228927627642,0.711044508062556,0.81933185472251,0.81933185472251,"gpath_trio"
"4511","AC055764.2","Exc L3-4 RORB CUX2",-0.240808570111836,-0.812705839201651,4.1896266819836,0.0416774310595985,0.0953227719790726,0.0953227719790726,"gpath_trio"
"4512","LRCH3","Exc L3-4 RORB CUX2",0.0600571385908587,6.7678972765708,17.9671618179701,3.12476914757988e-05,0.000213774898448369,0.000213774898448369,"gpath_trio"
"4513","IQCG","Exc L3-4 RORB CUX2",-0.042702834066132,4.05529540621302,3.08597699743222,0.0801469560771546,0.16068417359203,0.16068417359203,"gpath_trio"
"4514","RPL35A","Exc L3-4 RORB CUX2",-0.351997215815574,4.9082727128806,84.6567432254094,1.20267426216511e-17,1.83817827569553e-15,1.83817827569553e-15,"gpath_trio"
"4515","LMLN","Exc L3-4 RORB CUX2",0.00299466963526847,4.89354436818818,0.017194011241335,0.89577708485853,0.945946228056573,0.945946228056573,"gpath_trio"
"4516","LMLN-AS1","Exc L3-4 RORB CUX2",0.137097040905333,-0.715977112036168,1.56751573705111,0.211693242186095,0.340121936856292,0.340121936856292,"gpath_trio"
"4517","ZNF595","Exc L3-4 RORB CUX2",0.0640702196717007,4.3623736896162,5.39566292496593,0.0209590063307188,0.0543157293156392,0.0543157293156392,"gpath_trio"
"4518","ZNF718","Exc L3-4 RORB CUX2",0.0701989818398667,5.57139516209858,9.33452361379563,0.00248269625064012,0.00919728183192515,0.00919728183192515,"gpath_trio"
"4519","ZNF732","Exc L3-4 RORB CUX2",0.17372980894192,0.423301709517275,3.1265239448597,0.0782004685338315,0.157670151529437,0.157670151529437,"gpath_trio"
"4520","ZNF141","Exc L3-4 RORB CUX2",0.051505498865022,4.75081514755651,5.20002530214427,0.023396357526647,0.0593017708796962,0.0593017708796962,"gpath_trio"
"4521","AC092574.2","Exc L3-4 RORB CUX2",-0.232573962580786,3.363707395599,34.2494535448386,1.45468077972708e-08,2.42747599098378e-07,2.42747599098378e-07,"gpath_trio"
"4522","AC092574.1","Exc L3-4 RORB CUX2",-0.0781780082571491,0.318721703777116,0.997447558181542,0.318857463546775,0.464137758084861,0.464137758084861,"gpath_trio"
"4523","ZNF721","Exc L3-4 RORB CUX2",0.0418555835532663,7.61151371643908,7.78397183890149,0.00566142183727896,0.0184910304604833,0.0184910304604833,"gpath_trio"
"4524","PIGG","Exc L3-4 RORB CUX2",-0.0156179070838699,5.42550136222085,0.783286051720246,0.376955752516258,0.525227193657315,0.525227193657315,"gpath_trio"
"4525","AC116565.1","Exc L3-4 RORB CUX2",-0.136623972377116,3.78207670611236,19.3581777386722,1.58223712769728e-05,0.000118403687133874,0.000118403687133874,"gpath_trio"
"4526","AC116565.2","Exc L3-4 RORB CUX2",0.00944777163458713,4.07042776619343,0.11252208219386,0.737561345878996,0.839367111524636,0.839367111524636,"gpath_trio"
"4527","PDE6B","Exc L3-4 RORB CUX2",-0.215897677527293,3.45375118467273,27.8629505406021,2.74914918729564e-07,3.30536858484443e-06,3.30536858484443e-06,"gpath_trio"
"4528","AC107464.1","Exc L3-4 RORB CUX2",0.0492937830080646,1.86686933470427,0.397961030463624,0.528698263616033,0.668745295827804,0.668745295827804,"gpath_trio"
"4529","AC107464.3","Exc L3-4 RORB CUX2",-0.048757563970534,0.163732765880651,0.346070355074969,0.556856721035265,0.693278885954117,0.693278885954117,"gpath_trio"
"4530","ATP5ME","Exc L3-4 RORB CUX2",-0.171748332437374,4.30868838381989,35.0357853971813,1.01857418879629e-08,1.76847971247548e-07,1.76847971247548e-07,"gpath_trio"
"4531","MYL5","Exc L3-4 RORB CUX2",0.0656637803239941,1.54030263223436,0.654513533017994,0.419243261576417,0.567514278200765,0.567514278200765,"gpath_trio"
"4532","SLC49A3","Exc L3-4 RORB CUX2",-0.218186713808586,1.00557419412099,7.84103633747884,0.00549058663977791,0.0180235251313894,0.0180235251313894,"gpath_trio"
"4533","PCGF3","Exc L3-4 RORB CUX2",-0.0552922039857576,5.05368124191396,5.97702776541486,0.0151578166567062,0.041844859350564,0.041844859350564,"gpath_trio"
"4534","AC139887.2","Exc L3-4 RORB CUX2",0.188558092872147,5.85302846033686,40.9902974717233,7.10754360413056e-10,1.62579016114891e-08,1.62579016114891e-08,"gpath_trio"
"4535","CPLX1","Exc L3-4 RORB CUX2",-0.0929599012683367,6.38293555644812,10.8880373488987,0.00110320373927161,0.00460753022726858,0.00460753022726858,"gpath_trio"
"4536","GAK","Exc L3-4 RORB CUX2",0.0710840868676018,6.08797754622496,15.6364107116051,9.90228467433286e-05,0.000579068386390334,0.000579068386390334,"gpath_trio"
"4537","TMEM175","Exc L3-4 RORB CUX2",-0.0164829036314298,5.57487466756282,0.67403117035959,0.412401778315169,0.560593338181264,0.560593338181264,"gpath_trio"
"4538","DGKQ","Exc L3-4 RORB CUX2",-0.0379082411575165,4.29996085237175,2.79872385884591,0.0955420855172945,0.184103302322007,0.184103302322007,"gpath_trio"
"4539","IDUA","Exc L3-4 RORB CUX2",-0.0139559669012451,2.8696626117145,0.142181829285446,0.706429110883125,0.815699510459121,0.815699510459121,"gpath_trio"
"4540","FGFRL1","Exc L3-4 RORB CUX2",0.095270233760737,1.97732926562753,2.18309153091962,0.140744181002225,0.248927312327509,0.248927312327509,"gpath_trio"
"4541","RNF212","Exc L3-4 RORB CUX2",-0.0756138932473623,2.6852217185956,1.16488542072573,0.281454838899032,0.422464948648759,0.422464948648759,"gpath_trio"
"4542","AC092535.3","Exc L3-4 RORB CUX2",0.119673391336216,4.02930358233709,4.19940158224798,0.0414418007249825,0.094912967377287,0.094912967377287,"gpath_trio"
"4543","AC092535.1","Exc L3-4 RORB CUX2",0.154169278677068,-0.747701338599858,1.40724603797405,0.236596964194698,0.369537974873561,0.369537974873561,"gpath_trio"
"4544","SPON2","Exc L3-4 RORB CUX2",-0.139995519367921,3.98919060645287,2.98141029225023,0.0854135997018488,0.168992516186164,0.168992516186164,"gpath_trio"
"4545","CTBP1-AS","Exc L3-4 RORB CUX2",-0.077121742302496,1.94975515318542,0.584053702362397,0.445420761031863,0.591809972473027,0.591809972473027,"gpath_trio"
"4546","CTBP1","Exc L3-4 RORB CUX2",-0.0441072033773725,5.66886936616316,4.193292966092,0.0415888873375659,0.0951958023638974,0.0951958023638974,"gpath_trio"
"4547","CTBP1-DT","Exc L3-4 RORB CUX2",0.0905673216074288,3.59669330639772,9.43996494011561,0.00234869370240181,0.00876848546372252,0.00876848546372252,"gpath_trio"
"4548","MAEA","Exc L3-4 RORB CUX2",-0.0414832035130358,5.12904371052879,4.24825032614438,0.0402851847321269,0.0928012790557959,0.0928012790557959,"gpath_trio"
"4549","UVSSA","Exc L3-4 RORB CUX2",-0.0129085777580443,4.3955301767759,0.0696262513788545,0.792090749939446,0.878721592435298,0.878721592435298,"gpath_trio"
"4550","FAM53A","Exc L3-4 RORB CUX2",0.00176340367797209,1.75808353035138,0.00140038932369139,0.970177425364729,0.984603555053695,0.984603555053695,"gpath_trio"
"4551","SLBP","Exc L3-4 RORB CUX2",-0.0524678465363482,4.81091729589868,6.08531473745402,0.0142762241292227,0.0397876532403742,0.0397876532403742,"gpath_trio"
"4552","AC016773.1","Exc L3-4 RORB CUX2",-0.133010117959723,0.379549596446005,2.91414734252581,0.088999625356178,0.174394662156264,0.174394662156264,"gpath_trio"
"4553","TMEM129","Exc L3-4 RORB CUX2",-0.1057519470084,3.46767534766995,9.17734473052686,0.00269711433943526,0.00984695653241157,0.00984695653241157,"gpath_trio"
"4554","TACC3","Exc L3-4 RORB CUX2",0.0963794668193118,2.74126002384082,6.18178576480739,0.0135355770632537,0.0380865086821679,0.0380865086821679,"gpath_trio"
"4555","LETM1","Exc L3-4 RORB CUX2",-0.00664416114633351,4.76600385296499,0.137282339750632,0.72939574128897,0.832704791789553,0.832704791789553,"gpath_trio"
"4556","NSD2","Exc L3-4 RORB CUX2",0.060351152507624,7.22243639906149,22.1077955168922,4.18646979268512e-06,3.67226208988792e-05,3.67226208988792e-05,"gpath_trio"
"4557","NELFA","Exc L3-4 RORB CUX2",0.0680131341921274,6.96911112578079,26.7954171498243,4.53013681153245e-07,5.11732979690186e-06,5.11732979690186e-06,"gpath_trio"
"4558","C4orf48","Exc L3-4 RORB CUX2",-0.21246846519895,3.66673689147398,18.40616235322,2.5193120554167e-05,0.000176421800479111,0.000176421800479111,"gpath_trio"
"4559","NAT8L","Exc L3-4 RORB CUX2",-0.177792381451686,6.44698388289142,30.7663290017852,7.15365857523482e-08,9.9329017037414e-07,9.9329017037414e-07,"gpath_trio"
"4560","POLN","Exc L3-4 RORB CUX2",0.113265378832425,6.79412339273819,47.2951799398998,4.52889507175456e-11,1.41221728087555e-09,1.41221728087555e-09,"gpath_trio"
"4561","MXD4","Exc L3-4 RORB CUX2",0.143341848166711,4.42220025571105,31.5578316501581,4.97084787780224e-08,7.22007602121383e-07,7.22007602121383e-07,"gpath_trio"
"4562","ZFYVE28","Exc L3-4 RORB CUX2",0.0892766875520497,7.79136714664354,20.4054010385166,9.51319866417329e-06,7.55625130116914e-05,7.55625130116914e-05,"gpath_trio"
"4563","AL158068.2","Exc L3-4 RORB CUX2",-0.221228121897368,2.37419467505383,18.6848796635993,2.19798012367016e-05,0.000156361949912008,0.000156361949912008,"gpath_trio"
"4564","CFAP99","Exc L3-4 RORB CUX2",0.205514903584774,1.54683403286069,12.995022682118,0.000374272745145947,0.00183097784513082,0.00183097784513082,"gpath_trio"
"4565","RNF4","Exc L3-4 RORB CUX2",-0.0268545330764583,4.9082698310245,1.94526273369619,0.504737246706474,0.647220749896135,0.647220749896135,"gpath_trio"
"4566","FAM193A","Exc L3-4 RORB CUX2",0.0580317631709217,6.73749529974252,10.8585873983033,0.00112016390194036,0.00466734959141817,0.00466734959141817,"gpath_trio"
"4567","TNIP2","Exc L3-4 RORB CUX2",-0.0317654283451892,1.66834282109681,0.415330845315111,0.978359306838277,0.988705627297548,0.988705627297548,"gpath_trio"
"4568","ADD1","Exc L3-4 RORB CUX2",-0.00539903204500482,7.19697934844093,0.187249374429003,0.665574576650436,0.783108828595238,0.783108828595238,"gpath_trio"
"4569","MFSD10","Exc L3-4 RORB CUX2",-0.096061210397905,4.65055278247141,10.287597869152,0.00150705622039228,0.00599701365806987,0.00599701365806987,"gpath_trio"
"4570","NOP14-AS1","Exc L3-4 RORB CUX2",-0.148215829817174,1.63113608242919,8.27345814220716,0.00435640217084831,0.0147566174944366,0.0147566174944366,"gpath_trio"
"4571","NOP14","Exc L3-4 RORB CUX2",0.081271437900822,3.18395659915874,6.14544567966437,0.0138097892329894,0.0386961802466056,0.0386961802466056,"gpath_trio"
"4572","GRK4","Exc L3-4 RORB CUX2",0.0249263918197536,6.25683014502721,1.23609742445042,0.267251466321057,0.406008910619527,0.406008910619527,"gpath_trio"
"4573","HTT-AS","Exc L3-4 RORB CUX2",0.242859483321919,1.69424229935306,22.1309541825522,4.14019500155118e-06,3.63641419922922e-05,3.63641419922922e-05,"gpath_trio"
"4574","HTT","Exc L3-4 RORB CUX2",0.0199741208434565,7.3583049598643,2.2199125261871,0.137452820369773,0.244736620859604,0.244736620859604,"gpath_trio"
"4575","MSANTD1","Exc L3-4 RORB CUX2",0.0675097685546782,2.8795894558416,2.76665676491402,0.0974518280505355,0.186979613021356,0.186979613021356,"gpath_trio"
"4576","RGS12","Exc L3-4 RORB CUX2",0.021209602764953,4.84748381815002,0.522377902617686,0.470478705159991,0.61572380585177,0.61572380585177,"gpath_trio"
"4577","DOK7","Exc L3-4 RORB CUX2",-0.176796290140829,-0.68838851870481,1.95555292847002,0.163181302622862,0.27822046652719,0.27822046652719,"gpath_trio"
"4578","LRPAP1","Exc L3-4 RORB CUX2",-0.177129842323327,5.01946878776858,46.5631283801227,6.21426564142147e-11,1.87403302415065e-09,1.87403302415065e-09,"gpath_trio"
"4579","AL590235.2","Exc L3-4 RORB CUX2",-0.223486280194489,0.641927363606829,6.52710013851112,0.0111946095855774,0.0324592193718058,0.0324592193718058,"gpath_trio"
"4580","AC141928.1","Exc L3-4 RORB CUX2",-0.0467428965969211,-0.598926315813634,0.211443852850052,0.656642609075075,0.775857372655323,0.775857372655323,"gpath_trio"
"4581","ADRA2C","Exc L3-4 RORB CUX2",-0.0530450741116171,0.784687624938484,0.504585103724758,0.478128999376066,0.622098062840974,0.622098062840974,"gpath_trio"
"4582","OTOP1","Exc L3-4 RORB CUX2",-0.149841885039698,-0.448369185104545,2.01337880689492,0.157115356298684,0.270675874224471,0.270675874224471,"gpath_trio"
"4583","TMEM128","Exc L3-4 RORB CUX2",-0.104585230196803,3.64552106117219,17.1202836110283,4.74206393184192e-05,0.000307723190173402,0.000307723190173402,"gpath_trio"
"4584","LYAR","Exc L3-4 RORB CUX2",-0.0368737263443632,2.40153248412993,0.787784727042828,0.375591105640023,0.523854169117696,0.523854169117696,"gpath_trio"
"4585","ZBTB49","Exc L3-4 RORB CUX2",-0.0285110649560991,3.56339285950891,1.0181952903852,0.31388558805853,0.458544894724676,0.458544894724676,"gpath_trio"
"4586","NSG1","Exc L3-4 RORB CUX2",-0.200323379266367,5.01564025647704,71.3868499695783,2.11087245540727e-15,1.92700686822813e-13,1.92700686822813e-13,"gpath_trio"
"4587","STX18","Exc L3-4 RORB CUX2",0.0961974169425131,5.60518224052802,51.0893297794939,8.90629614750196e-12,3.35232322343008e-10,3.35232322343008e-10,"gpath_trio"
"4588","STX18-AS1","Exc L3-4 RORB CUX2",0.0635951999056326,6.38827383200195,12.2273182273532,0.00055366259256582,0.00255726712569034,0.00255726712569034,"gpath_trio"
"4589","LINC01396","Exc L3-4 RORB CUX2",0.109836063001291,1.5099375816994,4.30752766660944,0.0389272602334304,0.0902502269833899,0.0902502269833899,"gpath_trio"
"4590","MSX1","Exc L3-4 RORB CUX2",0.0507409805034084,0.992672878426076,0.630530797494165,0.427884799585236,0.575850565781612,0.575850565781612,"gpath_trio"
"4591","STK32B","Exc L3-4 RORB CUX2",-0.0494917429731636,0.754774071104363,0.134098094083032,0.714518056223126,0.821811857037886,0.821811857037886,"gpath_trio"
"4592","EVC","Exc L3-4 RORB CUX2",-0.279691406183375,0.57370028061447,10.5870954413292,0.00128959650902455,0.00526352611158616,0.00526352611158616,"gpath_trio"
"4593","CRMP1","Exc L3-4 RORB CUX2",-0.0261206463239994,6.57570073431184,2.48294237311252,0.116302696412073,0.214951163440232,0.214951163440232,"gpath_trio"
"4594","C4orf50","Exc L3-4 RORB CUX2",0.0577390504564585,6.03261391964173,7.75431681544935,0.00575234642827142,0.018721340408191,0.018721340408191,"gpath_trio"
"4595","JAKMIP1","Exc L3-4 RORB CUX2",0.0299185229507153,7.07183990726487,4.26295578319399,0.0399437126835874,0.092171825960456,0.092171825960456,"gpath_trio"
"4596","AC113615.1","Exc L3-4 RORB CUX2",0.153081860560669,0.995583548669567,5.98606230446631,0.0150821520730601,0.0416768138712487,0.0416768138712487,"gpath_trio"
"4597","WFS1","Exc L3-4 RORB CUX2",-0.186792438163071,3.23398712920255,12.8529144057919,0.000402333208278636,0.00194700707052566,0.00194700707052566,"gpath_trio"
"4598","PPP2R2C","Exc L3-4 RORB CUX2",0.095327072436173,8.48217966408288,39.817961627802,1.19461198851274e-09,2.59432689647412e-08,2.59432689647412e-08,"gpath_trio"
"4599","MAN2B2","Exc L3-4 RORB CUX2",-0.0592442416438144,4.57919532961936,5.45964010413469,0.0202733496063226,0.0529186572080888,0.0529186572080888,"gpath_trio"
"4600","MRFAP1","Exc L3-4 RORB CUX2",-0.238450669707675,5.41024407827948,63.3335390345789,5.41239530881705e-14,3.38065248778279e-12,3.38065248778279e-12,"gpath_trio"
"4601","LINC02482","Exc L3-4 RORB CUX2",0.220217762639485,3.52897491013,15.9691477909609,8.38996951592467e-05,0.000500940026587097,0.000500940026587097,"gpath_trio"
"4602","AC093323.1","Exc L3-4 RORB CUX2",-0.0782999664660343,2.66469950713011,4.02512141660247,0.0458629985153487,0.102912467472713,0.102912467472713,"gpath_trio"
"4603","LINC002481","Exc L3-4 RORB CUX2",0.109909972587288,0.292009934464785,1.98940778254835,0.159598043423616,0.273893375814177,0.273893375814177,"gpath_trio"
"4604","MRFAP1L1","Exc L3-4 RORB CUX2",-0.120310190751268,4.14773145647897,17.8578686247074,3.29718333000391e-05,0.000223749322848398,0.000223749322848398,"gpath_trio"
"4605","BLOC1S4","Exc L3-4 RORB CUX2",-0.109745094816588,3.04537269917935,11.2214453640006,0.000928482704052233,0.00397456790881685,0.00397456790881685,"gpath_trio"
"4606","KIAA0232","Exc L3-4 RORB CUX2",0.0844878899694217,7.27947697637298,43.5662099650584,2.28966640413659e-10,5.93753466625394e-09,5.93753466625394e-09,"gpath_trio"
"4607","TBC1D14","Exc L3-4 RORB CUX2",0.0319336231057782,5.74386588659078,3.65248929678751,0.0570850156934535,0.122403038751772,0.122403038751772,"gpath_trio"
"4608","AC097382.2","Exc L3-4 RORB CUX2",0.0534217360412015,0.423222204718771,0.560787626693019,0.584304623384677,0.716573203865167,0.716573203865167,"gpath_trio"
"4609","TADA2B","Exc L3-4 RORB CUX2",0.000241728638466466,3.43205791243655,8.04375621582772e-05,0.992850986987073,0.996573188501436,0.996573188501436,"gpath_trio"
"4610","GRPEL1","Exc L3-4 RORB CUX2",-0.0873347109434579,3.15137566409867,8.89905626133645,0.00312435034163883,0.0111623460496836,0.0111623460496836,"gpath_trio"
"4611","LINC02447","Exc L3-4 RORB CUX2",0.202727517407848,-0.421222777196799,2.94420371376066,0.0873773456477818,0.171917100491905,0.171917100491905,"gpath_trio"
"4612","SORCS2","Exc L3-4 RORB CUX2",0.0135204713891966,4.85037152595988,0.120433657692159,0.728845347881763,0.832355170073709,0.832355170073709,"gpath_trio"
"4613","AFAP1","Exc L3-4 RORB CUX2",0.00708335220812653,5.15673900803105,0.0617245581485341,0.803986796347722,0.886604734425542,0.886604734425542,"gpath_trio"
"4614","ABLIM2","Exc L3-4 RORB CUX2",0.0802087006141647,7.97173132054419,16.4363676645654,6.65217568964203e-05,0.000411301393008053,0.000411301393008053,"gpath_trio"
"4615","AC104825.1","Exc L3-4 RORB CUX2",-0.0642226455143634,2.98688343109761,3.69502441938851,0.0556676244383496,0.119975891789734,0.119975891789734,"gpath_trio"
"4616","ACOX3","Exc L3-4 RORB CUX2",0.0463703423931865,5.09607151488473,4.74472378913891,0.0302869295035063,0.0733252004881273,0.0733252004881273,"gpath_trio"
"4617","TRMT44","Exc L3-4 RORB CUX2",0.0544472118175458,4.51694909768628,5.90926139076579,0.0157380607052954,0.0431230985643535,0.0431230985643535,"gpath_trio"
"4618","AC105345.1","Exc L3-4 RORB CUX2",0.0692767523903261,3.50974453784651,4.94634097785163,0.0270051582458358,0.0666457575057783,0.0666457575057783,"gpath_trio"
"4619","GPR78","Exc L3-4 RORB CUX2",-0.0619928331892854,-0.246673370403387,0.35823886754553,0.550007007372508,0.688062961105001,0.688062961105001,"gpath_trio"
"4620","FAM90A26","Exc L3-4 RORB CUX2",0.530312458521545,-1.28753917897927,3.18304435809198,0.0755720658062333,0.153587833951925,0.153587833951925,"gpath_trio"
"4621","DEFB131A","Exc L3-4 RORB CUX2",-0.0284486271258566,-0.569569727794147,0.0605494477128873,0.805823753806142,0.887660072783997,0.887660072783997,"gpath_trio"
"4622","SLC2A9","Exc L3-4 RORB CUX2",0.0729976434806326,2.02244807136394,1.80926953891258,0.782526845974786,0.872161093484379,0.872161093484379,"gpath_trio"
"4623","WDR1","Exc L3-4 RORB CUX2",-0.124582343467256,3.15317676766616,12.0237983494163,0.000614487060275756,0.00279595769983387,0.00279595769983387,"gpath_trio"
"4624","ZNF518B","Exc L3-4 RORB CUX2",0.0674023379751941,3.75472476083998,6.81433877388179,0.00956762068260358,0.0285205004833817,0.0285205004833817,"gpath_trio"
"4625","CLNK","Exc L3-4 RORB CUX2",-0.276982653597102,1.52767761968169,21.2276642749997,6.39350728052746e-06,5.3345330597453e-05,5.3345330597453e-05,"gpath_trio"
"4626","HS3ST1","Exc L3-4 RORB CUX2",0.0817849657209161,3.98606582433574,3.29159853486793,0.0707876955413918,0.145660892367977,0.145660892367977,"gpath_trio"
"4627","AC025539.1","Exc L3-4 RORB CUX2",0.121060070958717,0.489826312563561,1.8360002558407,0.176596535593611,0.296014880824286,0.296014880824286,"gpath_trio"
"4628","AC005699.1","Exc L3-4 RORB CUX2",-0.158534794001422,2.81009796320605,4.80163211621461,0.0293203153624499,0.0713211191749972,0.0713211191749972,"gpath_trio"
"4629","LINC02360","Exc L3-4 RORB CUX2",0.133245519737939,2.05722405942651,3.53415207167311,0.0612351350288995,0.129784520349622,0.129784520349622,"gpath_trio"
"4630","LINC02270","Exc L3-4 RORB CUX2",-0.299228397697274,-0.293181812264709,7.83987239102657,0.0054940177584622,0.0180318542828981,0.0180318542828981,"gpath_trio"
"4631","AC007370.2","Exc L3-4 RORB CUX2",0.1334643619443,1.61427214722362,5.9535120150367,0.0153566128665964,0.0422731156479167,0.0422731156479167,"gpath_trio"
"4632","AC007370.1","Exc L3-4 RORB CUX2",-0.106592757683578,0.0393943302090268,1.56230520917041,0.330838831436066,0.47713728102242,0.47713728102242,"gpath_trio"
"4633","RAB28","Exc L3-4 RORB CUX2",0.122700691625784,6.97598215846865,59.3962124253351,2.72885546109658e-13,1.46033578057357e-11,1.46033578057357e-11,"gpath_trio"
"4634","BOD1L1","Exc L3-4 RORB CUX2",0.105425456227557,6.67884968628239,21.1662160908368,6.58582413300394e-06,5.48355883084586e-05,5.48355883084586e-05,"gpath_trio"
"4635","LINC01182","Exc L3-4 RORB CUX2",0.0118335322602701,2.59259752854913,0.0498214924967074,0.823549441846736,0.898794222073889,0.898794222073889,"gpath_trio"
"4636","AC092546.1","Exc L3-4 RORB CUX2",0.0487628530738476,1.06163701875564,0.36768819223735,0.544796150858471,0.683153853164873,0.683153853164873,"gpath_trio"
"4637","AC006296.2","Exc L3-4 RORB CUX2",-0.0485660884355999,-0.765345874317196,0.161585085210447,0.688031573579219,0.800947398153649,0.800947398153649,"gpath_trio"
"4638","LINC00504","Exc L3-4 RORB CUX2",-0.15617190478197,4.02791504143112,9.45729081518394,0.00232739215344245,0.0086986173945353,0.0086986173945353,"gpath_trio"
"4639","CPEB2-DT","Exc L3-4 RORB CUX2",0.112145789771621,4.35820628780228,15.5648123942638,0.000102622869886518,0.00059683378494105,0.00059683378494105,"gpath_trio"
"4640","CPEB2","Exc L3-4 RORB CUX2",0.0969118871875639,5.27622991306344,23.170779421344,2.51695798172224e-06,2.34532908505069e-05,2.34532908505069e-05,"gpath_trio"
"4641","AC098829.1","Exc L3-4 RORB CUX2",0.0698348281542836,5.39503221076019,0.433574371984052,0.510822882592721,0.65268218216011,0.65268218216011,"gpath_trio"
"4642","C1QTNF7","Exc L3-4 RORB CUX2",-0.294058854209394,0.849279636300278,5.5753823262098,0.0189527826639402,0.0500880783658625,0.0500880783658625,"gpath_trio"
"4643","CC2D2A","Exc L3-4 RORB CUX2",0.0499518613666109,4.82745266223521,2.94883565307442,0.0871302167482584,0.171564720173347,0.171564720173347,"gpath_trio"
"4644","AC116651.1","Exc L3-4 RORB CUX2",0.117319744110791,-1.09144783814679,0.708679984882663,0.400655991823258,0.548946324959879,0.548946324959879,"gpath_trio"
"4645","FBXL5","Exc L3-4 RORB CUX2",0.0248363499879638,6.23671391511331,2.62819416276877,0.106193087569716,0.200228555300842,0.200228555300842,"gpath_trio"
"4646","FAM200B","Exc L3-4 RORB CUX2",-0.0716978787408834,4.74679610285618,7.5701519700996,0.00635161353069117,0.020328465662961,0.020328465662961,"gpath_trio"
"4647","BST1","Exc L3-4 RORB CUX2",-0.143873388034103,-0.548275901097899,1.55610374679244,0.213359005408766,0.341926915094277,0.341926915094277,"gpath_trio"
"4648","CD38","Exc L3-4 RORB CUX2",0.128672697578948,-0.250786217574286,1.73952545680053,0.188359394806158,0.310927081509919,0.310927081509919,"gpath_trio"
"4649","PROM1","Exc L3-4 RORB CUX2",-0.0701315257558156,0.131410758923619,0.697841679613514,0.40427683224662,0.552556404754119,0.552556404754119,"gpath_trio"
"4650","TAPT1","Exc L3-4 RORB CUX2",0.04492435996768,5.93126345657563,7.49916265916749,0.0065994171452458,0.0209707419917048,0.0209707419917048,"gpath_trio"
"4651","TAPT1-AS1","Exc L3-4 RORB CUX2",0.0859668161721086,6.9883446134192,9.80903656355042,0.00193510841106995,0.00741938658178189,0.00741938658178189,"gpath_trio"
"4652","AC097515.1","Exc L3-4 RORB CUX2",0.0252807582396842,4.09595301418448,0.266756460544748,0.605954904965153,0.734330863026908,0.734330863026908,"gpath_trio"
"4653","LDB2","Exc L3-4 RORB CUX2",0.10167598398229,10.2767986619238,25.6972858146446,7.59228330140786e-07,8.09161730617558e-06,8.09161730617558e-06,"gpath_trio"
"4654","AC106894.1","Exc L3-4 RORB CUX2",-0.0965100684212751,1.94100196796807,2.38015195986834,0.124101775469615,0.225990912546212,0.225990912546212,"gpath_trio"
"4655","LINC02493","Exc L3-4 RORB CUX2",-0.0288971421128909,-0.34655266217321,0.0922513822151928,0.808671643949016,0.889340442445974,0.889340442445974,"gpath_trio"
"4656","QDPR","Exc L3-4 RORB CUX2",-0.0269716309686539,5.66598723425517,1.01761751556415,0.314022658781868,0.458657197482498,0.458657197482498,"gpath_trio"
"4657","LAP3","Exc L3-4 RORB CUX2",-0.00837082736667766,2.84634719484549,0.0569960203697284,0.81149650378347,0.891232359740966,0.891232359740966,"gpath_trio"
"4658","AC006160.1","Exc L3-4 RORB CUX2",-0.366457118127739,1.12100425356055,36.2626782625617,5.85456652806424e-09,1.08762320169149e-07,1.08762320169149e-07,"gpath_trio"
"4659","MED28","Exc L3-4 RORB CUX2",0.0115914567296105,5.0254692445731,0.299181309895501,0.584865253928806,0.717129968276022,0.717129968276022,"gpath_trio"
"4660","FAM184B","Exc L3-4 RORB CUX2",-0.121215862269122,4.38684606504915,7.8302451087964,0.00552248190594261,0.0181076015687294,0.0181076015687294,"gpath_trio"
"4661","DCAF16","Exc L3-4 RORB CUX2",-0.0471752936343597,4.72577581937999,4.3578052552939,0.0378133629153162,0.0881132590455653,0.0881132590455653,"gpath_trio"
"4662","NCAPG","Exc L3-4 RORB CUX2",0.340901836905278,-1.07060031800987,7.13902965718212,0.00801876255635083,0.0246088431053207,0.0246088431053207,"gpath_trio"
"4663","LCORL","Exc L3-4 RORB CUX2",0.147084620646711,6.52399884241276,25.0311556189685,1.03987807755569e-06,1.07422120914931e-05,1.07422120914931e-05,"gpath_trio"
"4664","LINC02438","Exc L3-4 RORB CUX2",-0.0184173894887434,-0.204761747932478,0.0483024812270177,0.826216304959288,0.900438307722215,0.900438307722215,"gpath_trio"
"4665","AC024230.1","Exc L3-4 RORB CUX2",-0.178691594954465,2.4043002449444,10.01163227639,0.00174049620954636,0.00677755472449291,0.00677755472449291,"gpath_trio"
"4666","SLIT2","Exc L3-4 RORB CUX2",0.135183846215311,8.42882110985973,34.7266899609335,1.17158180846739e-08,2.00480602085069e-07,2.00480602085069e-07,"gpath_trio"
"4667","PACRGL","Exc L3-4 RORB CUX2",0.0686550036317005,5.57308123541777,10.6550661872469,0.00124486813209472,0.005111178575883,0.005111178575883,"gpath_trio"
"4668","KCNIP4","Exc L3-4 RORB CUX2",0.10757744790499,13.5557723361328,50.0563722719188,1.3836648600497e-11,5.02076232940695e-10,5.02076232940695e-10,"gpath_trio"
"4669","AC110296.1","Exc L3-4 RORB CUX2",-0.241425909603652,1.5019188443318,13.9506329487851,0.000230657353718974,0.00120901847526119,0.00120901847526119,"gpath_trio"
"4670","AC096576.3","Exc L3-4 RORB CUX2",-0.312974389183746,2.93528859816106,37.0797508147188,4.05501388884995e-09,7.88149375795257e-08,7.88149375795257e-08,"gpath_trio"
"4671","AC096576.2","Exc L3-4 RORB CUX2",-0.323091188628725,3.07681180007152,31.909918848948,4.22937605528434e-08,6.27409278789424e-07,6.27409278789424e-07,"gpath_trio"
"4672","AC096719.1","Exc L3-4 RORB CUX2",0.034131688388733,3.0858961367362,0.637025256445677,0.425518418192699,0.57376859307193,0.57376859307193,"gpath_trio"
"4673","ADGRA3","Exc L3-4 RORB CUX2",0.208301304441929,3.54518878926901,23.8302473315136,1.83817501647325e-06,1.77866575335002e-05,1.77866575335002e-05,"gpath_trio"
"4674","AC097512.1","Exc L3-4 RORB CUX2",-0.0974226651499806,1.03153749905942,0.797741143065905,0.372595517354867,0.521001355204077,0.521001355204077,"gpath_trio"
"4675","AC114912.1","Exc L3-4 RORB CUX2",-0.0428694194591873,0.482966733824756,0.134221675534701,0.714392338212023,0.821760956920438,0.821760956920438,"gpath_trio"
"4676","AC092440.1","Exc L3-4 RORB CUX2",-0.340147555848131,0.496070213984855,11.8299785094799,0.000678730761983814,0.00304975347951524,0.00304975347951524,"gpath_trio"
"4677","AC093607.1","Exc L3-4 RORB CUX2",-0.0143613739621334,5.04202817890582,0.0244541120444964,0.875856343934331,0.933558840811239,0.933558840811239,"gpath_trio"
"4678","PPARGC1A","Exc L3-4 RORB CUX2",-0.0547061995110404,6.36159674665591,3.1126747839582,0.0788594870146011,0.158686430333092,0.158686430333092,"gpath_trio"
"4679","AC092834.1","Exc L3-4 RORB CUX2",-0.194899557194696,-0.582391002613804,1.96739669336618,0.16191735119071,0.276556261452131,0.276556261452131,"gpath_trio"
"4680","DHX15","Exc L3-4 RORB CUX2",-0.0255315353675629,5.54587940019466,2.5996824809475,0.194985537875062,0.319226911192841,0.319226911192841,"gpath_trio"
"4681","CCDC149","Exc L3-4 RORB CUX2",0.0869463340057053,5.28126916527425,21.6207543551418,5.29056940713398e-06,4.52084869923457e-05,4.52084869923457e-05,"gpath_trio"
"4682","SEPSECS","Exc L3-4 RORB CUX2",0.0394669696741319,2.1648074039531,0.79210752153269,0.374286360336859,0.522503966218941,0.522503966218941,"gpath_trio"
"4683","AC104662.2","Exc L3-4 RORB CUX2",0.244693055625928,3.05325670680628,15.4591159618166,0.000108181417956886,0.00062305455531835,0.00062305455531835,"gpath_trio"
"4684","PI4K2B","Exc L3-4 RORB CUX2",0.0633273647055961,0.228168790897465,0.682424334606138,0.4095105356411,0.557857870125537,0.557857870125537,"gpath_trio"
"4685","ZCCHC4","Exc L3-4 RORB CUX2",0.0986916264538002,2.96857764942295,6.41388083164134,0.0119121286232529,0.0342248924770902,0.0342248924770902,"gpath_trio"
"4686","ANAPC4","Exc L3-4 RORB CUX2",0.0588361250537713,5.29185016694358,5.41851933106254,0.0206920381061719,0.0537594466280863,0.0537594466280863,"gpath_trio"
"4687","AC092436.2","Exc L3-4 RORB CUX2",0.0796832245515419,-0.174781740009463,0.693292314819814,0.40581093974415,0.554221705128867,0.554221705128867,"gpath_trio"
"4688","SEL1L3","Exc L3-4 RORB CUX2",0.13710289463961,4.00180837790511,8.87461720649273,0.0031650323710649,0.0112757422013481,0.0112757422013481,"gpath_trio"
"4689","SMIM20","Exc L3-4 RORB CUX2",-0.140558552449628,2.32970435959696,13.4838918946288,0.000292044125722936,0.00148002769064562,0.00148002769064562,"gpath_trio"
"4690","RBPJ","Exc L3-4 RORB CUX2",0.0613861389016557,6.46288240402978,11.9267707925146,0.000645835845788733,0.0029240884624748,0.0029240884624748,"gpath_trio"
"4691","TBC1D19","Exc L3-4 RORB CUX2",0.0679760034683239,6.89802158574087,12.3319044410544,0.000524823846330083,0.0024447751326967,0.0024447751326967,"gpath_trio"
"4692","STIM2","Exc L3-4 RORB CUX2",0.0020701296888679,5.93472514039806,0.0147691998088856,0.903366234736276,0.951268173051355,0.951268173051355,"gpath_trio"
"4693","LINC02261","Exc L3-4 RORB CUX2",-0.148592437621685,-0.36912580643637,2.02969313025907,0.155450912836207,0.268512171786856,0.268512171786856,"gpath_trio"
"4694","AC097480.1","Exc L3-4 RORB CUX2",0.0306811033886412,1.70128295270202,0.0671678080493648,0.795711053983846,0.880581760563173,0.880581760563173,"gpath_trio"
"4695","LINC02364","Exc L3-4 RORB CUX2",0.0134002834802512,0.96607310309019,0.011286148485562,0.915476799888851,0.957268259963664,0.957268259963664,"gpath_trio"
"4696","AC109349.1","Exc L3-4 RORB CUX2",-0.0708308430216625,-0.0742511132366078,0.231247540172227,0.631004734135626,0.754529657332065,0.754529657332065,"gpath_trio"
"4697","PCDH7","Exc L3-4 RORB CUX2",0.0566040184997074,9.18006461921768,5.23318867548111,0.0229632528422641,0.0584954073349342,0.0584954073349342,"gpath_trio"
"4698","AC097716.1","Exc L3-4 RORB CUX2",-0.414275844501991,2.05290459374886,36.5723306300163,5.09313408641952e-09,9.63017621307533e-08,9.63017621307533e-08,"gpath_trio"
"4699","LINC02497","Exc L3-4 RORB CUX2",0.0887187554296802,1.55430549913751,2.87745466501102,0.0910247676904774,0.177363790627331,0.177363790627331,"gpath_trio"
"4700","LINC02506","Exc L3-4 RORB CUX2",-0.0976678340505661,-0.803489796618623,0.684892729426866,0.408665922505698,0.556970545602409,0.556970545602409,"gpath_trio"
"4701","AC016687.3","Exc L3-4 RORB CUX2",-0.276596089919246,0.440164969210614,9.46022770624062,0.00232380096176704,0.00868680459582174,0.00868680459582174,"gpath_trio"
"4702","AC016687.2","Exc L3-4 RORB CUX2",0.513201423814836,0.256734825265431,2.63160874258257,0.105967420729492,0.19987777797471,0.19987777797471,"gpath_trio"
"4703","LINC02484","Exc L3-4 RORB CUX2",-0.327633592334442,-0.210822224475223,7.56806801879395,0.00635875001861188,0.0203437649263392,0.0203437649263392,"gpath_trio"
"4704","ARAP2","Exc L3-4 RORB CUX2",0.0710325857494201,7.52340066651502,10.59819584735,0.00128218145673866,0.00523856032598269,0.00523856032598269,"gpath_trio"
"4705","AC104078.1","Exc L3-4 RORB CUX2",0.0538756763044342,-1.15401542192702,0.149550485778399,0.699281606046979,0.810106597875269,0.810106597875269,"gpath_trio"
"4706","AC104078.2","Exc L3-4 RORB CUX2",-0.0719732298590566,0.264224967539816,0.706579097764916,0.401354145709436,0.549566980432189,0.549566980432189,"gpath_trio"
"4707","LINC02505","Exc L3-4 RORB CUX2",-0.0273516892417664,-0.0716939775032994,0.0763751211983602,0.782490746224615,0.872161093484379,0.872161093484379,"gpath_trio"
"4708","AL136537.1","Exc L3-4 RORB CUX2",-0.157113685724887,-0.932262172550803,1.72789432315414,0.189838381947888,0.312882064847532,0.312882064847532,"gpath_trio"
"4709","NWD2","Exc L3-4 RORB CUX2",0.16335624684963,7.2113806267431,33.7333249446495,1.83921425510092e-08,2.98761252791152e-07,2.98761252791152e-07,"gpath_trio"
"4710","C4orf19","Exc L3-4 RORB CUX2",0.128167816281287,1.38658145929872,2.79932062225423,0.0955069363811339,0.184053151350595,0.184053151350595,"gpath_trio"
"4711","RELL1","Exc L3-4 RORB CUX2",-0.11491593087723,1.77750410839988,2.5433181298774,0.111976589134796,0.208733963392268,0.208733963392268,"gpath_trio"
"4712","PGM2","Exc L3-4 RORB CUX2",0.0459595234952841,2.9482854539391,1.48828575352083,0.223588007554312,0.353795141365352,0.353795141365352,"gpath_trio"
"4713","TBC1D1","Exc L3-4 RORB CUX2",0.0687375547361698,7.19905169927148,7.81375225891441,0.0055715972414585,0.0182567767332183,0.0182567767332183,"gpath_trio"
"4714","LINC01258","Exc L3-4 RORB CUX2",-0.184320582555171,1.0200839920499,10.1615903702218,0.00160940298169543,0.00634669764575943,0.00634669764575943,"gpath_trio"
"4715","KLF3","Exc L3-4 RORB CUX2",0.131393160877222,2.35626969901176,3.78028000616314,0.0529384522542545,0.115325912345274,0.115325912345274,"gpath_trio"
"4716","KLHL5","Exc L3-4 RORB CUX2",0.128426012195391,2.18334789456048,0.538347062153507,0.463779642464732,0.609379460790845,0.609379460790845,"gpath_trio"
"4717","WDR19","Exc L3-4 RORB CUX2",0.0801607835307189,6.15960898326456,26.0373016731144,6.46859094824893e-07,7.00127802472758e-06,7.00127802472758e-06,"gpath_trio"
"4718","RFC1","Exc L3-4 RORB CUX2",-0.0257723003643258,4.86799416275917,1.60708826750511,0.650111278323366,0.770124774832594,0.770124774832594,"gpath_trio"
"4719","KLB","Exc L3-4 RORB CUX2",-0.150815228768846,-0.131586067778114,3.31744563271273,0.0696973429496746,0.143895199960058,0.143895199960058,"gpath_trio"
"4720","RPL9","Exc L3-4 RORB CUX2",-0.107822737448424,2.24794305572456,5.37971383296471,0.0211474189139326,0.0547196584056163,0.0547196584056163,"gpath_trio"
"4721","LIAS","Exc L3-4 RORB CUX2",0.00726626371981506,4.11078368800916,0.0896125591281062,0.764909434315705,0.859980088865552,0.859980088865552,"gpath_trio"
"4722","UGDH","Exc L3-4 RORB CUX2",0.0711427944413515,4.04625064999438,6.20140819702882,0.0133898613430884,0.0377574094977652,0.0377574094977652,"gpath_trio"
"4723","UGDH-AS1","Exc L3-4 RORB CUX2",0.00907679618455667,4.3066668836735,0.142409549484003,0.706205089881205,0.815645047421188,0.815645047421188,"gpath_trio"
"4724","SMIM14","Exc L3-4 RORB CUX2",-0.030610470711069,5.89922147329648,2.23649093663685,0.135999297544667,0.242781393553432,0.242781393553432,"gpath_trio"
"4725","AC108471.2","Exc L3-4 RORB CUX2",-0.0121825752687719,-0.298082028482637,0.0235396071627042,0.954510142643355,0.977524981108105,0.977524981108105,"gpath_trio"
"4726","UBE2K","Exc L3-4 RORB CUX2",-0.011844999865799,7.37599594453137,0.84632266968606,0.423988334518522,0.572245920153995,0.572245920153995,"gpath_trio"
"4727","PDS5A","Exc L3-4 RORB CUX2",0.0591234511775505,7.37581634345711,24.0248370417071,1.67571053049674e-06,1.64526513167158e-05,1.64526513167158e-05,"gpath_trio"
"4728","N4BP2","Exc L3-4 RORB CUX2",0.10143943785872,4.75162418098403,9.27870957527081,0.00255676609157234,0.00942150792647889,0.00942150792647889,"gpath_trio"
"4729","RHOH","Exc L3-4 RORB CUX2",0.0719580049226725,-0.342699361776705,0.672224670107078,0.413028019223009,0.561323023767208,0.561323023767208,"gpath_trio"
"4730","LINC02265","Exc L3-4 RORB CUX2",-0.0764912777150324,0.78891832654884,1.32765100150488,0.2502818455251,0.386308333981247,0.386308333981247,"gpath_trio"
"4731","RBM47","Exc L3-4 RORB CUX2",-0.146685285315787,1.43025697427631,6.85109138551255,0.00937781276727195,0.028045860151158,0.028045860151158,"gpath_trio"
"4732","NSUN7","Exc L3-4 RORB CUX2",-0.464401430542571,0.149485875468917,28.710785814989,1.85216474295511e-07,2.32384475678602e-06,2.32384475678602e-06,"gpath_trio"
"4733","APBB2","Exc L3-4 RORB CUX2",0.0594881521213052,7.2628498857245,14.0270841871604,0.000221929841734885,0.00116934827814085,0.00116934827814085,"gpath_trio"
"4734","UCHL1-AS1","Exc L3-4 RORB CUX2",0.118097930878869,1.48485018231517,4.09095056753058,0.0441370143648758,0.0997272107527573,0.0997272107527573,"gpath_trio"
"4735","UCHL1","Exc L3-4 RORB CUX2",-0.116049273751548,8.34772205881948,17.9854416931678,3.09683587337637e-05,0.000212079646114624,0.000212079646114624,"gpath_trio"
"4736","LIMCH1","Exc L3-4 RORB CUX2",0.0754922530747005,9.39347279419057,23.2786987829041,2.39061138461199e-06,2.23911720912474e-05,2.23911720912474e-05,"gpath_trio"
"4737","TMEM33","Exc L3-4 RORB CUX2",-0.0536922845233264,4.91573737856455,7.34440249364125,0.007174695110579,0.0224070392965838,0.0224070392965838,"gpath_trio"
"4738","DCAF4L1","Exc L3-4 RORB CUX2",0.13018473174783,0.368631236953717,2.23835663467401,0.135836807313082,0.242673123841444,0.242673123841444,"gpath_trio"
"4739","AC106052.1","Exc L3-4 RORB CUX2",-0.198735464856397,-0.566086654476789,3.73424950456914,0.0543937857137877,0.117796761139509,0.117796761139509,"gpath_trio"
"4740","SLC30A9","Exc L3-4 RORB CUX2",0.0233315167184228,6.43348920802307,3.48047679497384,0.136500976324322,0.24347159378863,0.24347159378863,"gpath_trio"
"4741","BEND4","Exc L3-4 RORB CUX2",0.246938761612563,2.3798810222964,12.843288667149,0.000404309476394196,0.00195435313327279,0.00195435313327279,"gpath_trio"
"4742","AC111006.1","Exc L3-4 RORB CUX2",0.200387716945597,4.74404190478081,15.001053016283,0.000136027316755793,0.000759999658977693,0.000759999658977693,"gpath_trio"
"4743","AC024022.1","Exc L3-4 RORB CUX2",-0.137040322766434,-0.103464326336589,2.05771155545504,0.173583741741016,0.292032354038109,0.292032354038109,"gpath_trio"
"4744","ATP8A1","Exc L3-4 RORB CUX2",0.0552039804988154,8.40006707534801,15.6398539780222,9.88529785439782e-05,0.000578410337043144,0.000578410337043144,"gpath_trio"
"4745","GRXCR1","Exc L3-4 RORB CUX2",-0.0383750063690796,-0.378302428523343,0.171048667065144,0.679522416077608,0.794488015794576,0.794488015794576,"gpath_trio"
"4746","AC111198.1","Exc L3-4 RORB CUX2",-0.116569912019088,-1.59329825495426,0.39541270609481,0.530019921832813,0.669996987655201,0.669996987655201,"gpath_trio"
"4747","KCTD8","Exc L3-4 RORB CUX2",0.141909044389295,7.58154767998292,24.53481795131,1.31540110979793e-06,1.33157136930121e-05,1.33157136930121e-05,"gpath_trio"
"4748","YIPF7","Exc L3-4 RORB CUX2",0.122277275426013,3.57817511353917,8.96378586956329,0.00301916446269749,0.0108317670451739,0.0108317670451739,"gpath_trio"
"4749","GUF1","Exc L3-4 RORB CUX2",0.0745243993299522,4.33407071991691,7.30970190804918,0.00731061827028818,0.0227645815099651,0.0227645815099651,"gpath_trio"
"4750","GNPDA2","Exc L3-4 RORB CUX2",0.0537034964424124,4.96965127544539,7.65510770694796,0.00606758066200264,0.0195548625967897,0.0195548625967897,"gpath_trio"
"4751","AC096586.1","Exc L3-4 RORB CUX2",0.292060581693262,0.0213703735703729,10.9204971749099,0.00108481301310961,0.00454117027676524,0.00454117027676524,"gpath_trio"
"4752","GABRG1","Exc L3-4 RORB CUX2",0.85993804756662,1.20134583115078,29.3770593574454,1.35940939801908e-07,1.7728561477075e-06,1.7728561477075e-06,"gpath_trio"
"4753","GABRA2","Exc L3-4 RORB CUX2",0.0496802230145224,7.47880725771693,7.02768300871907,0.00851849062566229,0.025886511277713,0.025886511277713,"gpath_trio"
"4754","AC095060.1","Exc L3-4 RORB CUX2",0.0469508114972519,1.81403547857561,0.602971322620087,0.786745963519937,0.87509940892274,0.87509940892274,"gpath_trio"
"4755","COX7B2","Exc L3-4 RORB CUX2",-0.10695210434497,0.481389377009866,1.77263301964115,0.184222679819846,0.30579994778389,0.30579994778389,"gpath_trio"
"4756","GABRA4","Exc L3-4 RORB CUX2",0.0767989227589946,6.90506078489259,21.1210624849694,6.73086278510215e-06,5.57451382140541e-05,5.57451382140541e-05,"gpath_trio"
"4757","GABRB1","Exc L3-4 RORB CUX2",0.127523434757177,9.22225351827358,66.6274737473288,1.42114006806425e-14,1.06190743974801e-12,1.06190743974801e-12,"gpath_trio"
"4758","COMMD8","Exc L3-4 RORB CUX2",-0.131580045261187,2.80966493796807,15.2396800081229,0.000120716357582091,0.00068642968269974,0.00068642968269974,"gpath_trio"
"4759","ATP10D","Exc L3-4 RORB CUX2",0.120459843518775,5.04282013767466,15.9514030653226,8.46437165731501e-05,0.000504934057322089,0.000504934057322089,"gpath_trio"
"4760","CORIN","Exc L3-4 RORB CUX2",0.1509222577013,3.16601906401053,8.77305475191901,0.00333998889846473,0.0118135126273713,0.0118135126273713,"gpath_trio"
"4761","AC107068.2","Exc L3-4 RORB CUX2",-0.491950055114343,2.54350802724361,100.537518895898,3.23641692094771e-20,1.04863524000737e-17,1.04863524000737e-17,"gpath_trio"
"4762","AC107068.1","Exc L3-4 RORB CUX2",-0.0867811502170191,2.64309638293927,5.33041367793532,0.0217410587499619,0.0560074906417334,0.0560074906417334,"gpath_trio"
"4763","NFXL1","Exc L3-4 RORB CUX2",-0.00863602319217944,5.24967176603735,0.220933780514767,0.638723339167365,0.760968664680619,0.760968664680619,"gpath_trio"
"4764","NIPAL1","Exc L3-4 RORB CUX2",0.153609483128813,3.02263221445172,14.182943062664,0.000205160786541205,0.00109096438283311,0.00109096438283311,"gpath_trio"
"4765","CNGA1","Exc L3-4 RORB CUX2",-0.171159882152574,0.305701676986303,4.41545806146625,0.0365773035085522,0.0857579428570646,0.0857579428570646,"gpath_trio"
"4766","TXK","Exc L3-4 RORB CUX2",-0.0504414654676953,5.46037679168939,1.52862508977476,0.217434606017511,0.346942674502,0.346942674502,"gpath_trio"
"4767","TEC","Exc L3-4 RORB CUX2",-0.0466868576520095,4.0658344268554,1.57280565052643,0.210926355197031,0.339051805919855,0.339051805919855,"gpath_trio"
"4768","SLAIN2","Exc L3-4 RORB CUX2",0.0414211971352427,5.8261745743974,6.89974883419636,0.00913247825576155,0.0274219004033322,0.0274219004033322,"gpath_trio"
"4769","FRYL","Exc L3-4 RORB CUX2",0.0674939190806744,6.77817874037149,13.1350776198893,0.000348561465818306,0.00172231877856584,0.00172231877856584,"gpath_trio"
"4770","OCIAD1","Exc L3-4 RORB CUX2",-0.0927390490827626,7.06703130172845,43.2256375041261,2.65790184226229e-10,6.75354781708335e-09,6.75354781708335e-09,"gpath_trio"
"4771","OCIAD1-AS1","Exc L3-4 RORB CUX2",-0.414023463321914,0.555966220002097,28.7693757498248,1.80239939393246e-07,2.27289631067374e-06,2.27289631067374e-06,"gpath_trio"
"4772","OCIAD2","Exc L3-4 RORB CUX2",-0.105734823073389,3.53546025828431,9.33359576216057,0.00248390948660189,0.00920008700058621,0.00920008700058621,"gpath_trio"
"4773","CWH43","Exc L3-4 RORB CUX2",0.154954795092926,-1.24586578794799,1.0710710269103,0.301665247118629,0.445277304020412,0.445277304020412,"gpath_trio"
"4774","DCUN1D4","Exc L3-4 RORB CUX2",0.0263916386396998,6.63874212442109,2.31967754367122,0.128961800314073,0.232907020082037,0.232907020082037,"gpath_trio"
"4775","AC027271.1","Exc L3-4 RORB CUX2",-0.120432091679495,0.10368406376927,2.17746168686842,0.141255218848205,0.249568617239911,0.249568617239911,"gpath_trio"
"4776","LRRC66","Exc L3-4 RORB CUX2",0.118135288053641,3.43800327594136,8.20749281367035,0.00451252099804694,0.0151910747765054,0.0151910747765054,"gpath_trio"
"4777","SGCB","Exc L3-4 RORB CUX2",0.0270132292017045,4.48128531029453,1.09667876448727,0.633414035961792,0.756541523485996,0.756541523485996,"gpath_trio"
"4778","SPATA18","Exc L3-4 RORB CUX2",-0.0128265275327018,1.63662067698308,0.0488108229246352,0.825318996248759,0.899871223589867,0.899871223589867,"gpath_trio"
"4779","USP46","Exc L3-4 RORB CUX2",-0.0377053460810376,5.78700554497984,3.82897916337029,0.0514437899167842,0.112866747249746,0.112866747249746,"gpath_trio"
"4780","USP46-AS1","Exc L3-4 RORB CUX2",-0.05173317772971,0.461557684659174,0.396208221025888,0.529606700105263,0.669558539580379,0.669558539580379,"gpath_trio"
"4781","AC104066.2","Exc L3-4 RORB CUX2",-0.181325670745366,-1.47928013747568,1.38257921231412,0.240737814530251,0.374557369333525,0.374557369333525,"gpath_trio"
"4782","ERVMER34-1","Exc L3-4 RORB CUX2",-0.0477539561048568,1.68920017663143,0.795034148527248,0.653251755542259,0.77293731558648,0.77293731558648,"gpath_trio"
"4783","LINC01618","Exc L3-4 RORB CUX2",0.120503461671285,2.07901183439467,4.42006561342412,0.0364803737813951,0.0855505685272167,0.0855505685272167,"gpath_trio"
"4784","RASL11B","Exc L3-4 RORB CUX2",-0.162031568017549,3.41287252016629,14.0564746702477,0.000218664543148316,0.00115425357352624,0.00115425357352624,"gpath_trio"
"4785","SCFD2","Exc L3-4 RORB CUX2",0.0974739739528374,7.07605761064078,47.2338393366263,4.65040773040635e-11,1.44563907489905e-09,1.44563907489905e-09,"gpath_trio"
"4786","AC023154.1","Exc L3-4 RORB CUX2",0.00548887414026024,1.41832894464086,0.00827885939832954,0.927571994459539,0.964030753565897,0.964030753565897,"gpath_trio"
"4787","AC058822.1","Exc L3-4 RORB CUX2",-0.193150553495286,4.76897156012966,48.4654355284332,2.73596667693928e-11,9.12523275268815e-10,9.12523275268815e-10,"gpath_trio"
"4788","LNX1","Exc L3-4 RORB CUX2",0.0487117308694316,7.550199244846,7.44552396108051,0.00679323162251962,0.0214414030013037,0.0214414030013037,"gpath_trio"
"4789","AC110792.3","Exc L3-4 RORB CUX2",-0.122272798583232,-1.03741900520668,0.938547802959344,0.333551891816915,0.480054887816112,0.480054887816112,"gpath_trio"
"4790","CHIC2","Exc L3-4 RORB CUX2",0.0797929810085494,5.53959064524399,23.5824781859964,2.06830316933798e-06,1.96737465541696e-05,1.96737465541696e-05,"gpath_trio"
"4791","SRD5A3","Exc L3-4 RORB CUX2",-0.00464533305673948,3.84301455296422,0.0234879198794617,0.985315033832895,0.99250733282676,0.99250733282676,"gpath_trio"
"4792","TMEM165","Exc L3-4 RORB CUX2",-0.00655286829743853,5.41512054373677,0.0534487440347895,0.817349144442245,0.894932106215255,0.894932106215255,"gpath_trio"
"4793","CLOCK","Exc L3-4 RORB CUX2",0.0466346005890355,6.76906584245195,10.2143268062579,0.00156573293731866,0.0062049942603348,0.0062049942603348,"gpath_trio"
"4794","PDCL2","Exc L3-4 RORB CUX2",-0.0585072823124728,-0.333741193996625,0.41581332991322,0.632675163329709,0.75582328189283,0.75582328189283,"gpath_trio"
"4795","EXOC1","Exc L3-4 RORB CUX2",-0.0605447565249112,6.0053818603634,12.0530353372565,0.000605347627219603,0.00276184721373937,0.00276184721373937,"gpath_trio"
"4796","CEP135","Exc L3-4 RORB CUX2",0.0627639629958166,3.44950459837692,3.20261422927216,0.0746843909930363,0.15213626699157,0.15213626699157,"gpath_trio"
"4797","KIAA1211","Exc L3-4 RORB CUX2",0.304817474367259,1.8767670842717,0.875326087052853,0.350353158873074,0.497772885934104,0.497772885934104,"gpath_trio"
"4798","AASDH","Exc L3-4 RORB CUX2",-0.0748182445326613,5.21357358496023,10.4708656179586,0.00136991355346161,0.00553645952345514,0.00553645952345514,"gpath_trio"
"4799","AC068620.1","Exc L3-4 RORB CUX2",0.0594406559206015,-0.314982131507994,0.419802802498921,0.517607183172563,0.658514624826993,0.658514624826993,"gpath_trio"
"4800","PPAT","Exc L3-4 RORB CUX2",0.00305166272003056,4.76856389190488,0.0137669577962366,0.906687012989937,0.952404367426626,0.952404367426626,"gpath_trio"
"4801","AC068620.2","Exc L3-4 RORB CUX2",0.135570054476393,0.0195987082514791,2.30372420596966,0.130279140164282,0.234676933287,0.234676933287,"gpath_trio"
"4802","PAICS","Exc L3-4 RORB CUX2",-0.0761628310006289,4.1044070494138,8.70100603867389,0.00347007952913466,0.0121796893702665,0.0121796893702665,"gpath_trio"
"4803","SRP72","Exc L3-4 RORB CUX2",0.0113885193407032,5.22046180461043,0.441530089227727,0.963813069947442,0.98131894244939,0.98131894244939,"gpath_trio"
"4804","ARL9","Exc L3-4 RORB CUX2",-0.0382858064133466,2.22685871514249,0.442391896298827,0.506559781492809,0.648837762149541,0.648837762149541,"gpath_trio"
"4805","THEGL","Exc L3-4 RORB CUX2",0.0548685365221566,1.54864300788102,0.472327234542526,0.492531028941298,0.636118911010223,0.636118911010223,"gpath_trio"
"4806","HOPX","Exc L3-4 RORB CUX2",-0.0880011701185435,7.05107192581908,9.67272134622674,0.00207842758544194,0.00788497114258953,0.00788497114258953,"gpath_trio"
"4807","SPINK2","Exc L3-4 RORB CUX2",-0.205045146275891,-0.344040891878888,3.41258887683496,0.0658368409666933,0.137486623175969,0.137486623175969,"gpath_trio"
"4808","NOA1","Exc L3-4 RORB CUX2",-0.0108767627851753,3.27641905114283,0.142156134333185,0.706454401301226,0.815699510459121,0.815699510459121,"gpath_trio"
"4809","POLR2B","Exc L3-4 RORB CUX2",-0.10422513449772,5.46116363340639,34.498697195596,1.2991350166312e-08,2.20437754083553e-07,2.20437754083553e-07,"gpath_trio"
"4810","IGFBP7-AS1","Exc L3-4 RORB CUX2",-0.414536390227592,-0.123049455782701,13.3552984699772,0.000311708268411854,0.00156552509713945,0.00156552509713945,"gpath_trio"
"4811","ADGRL3","Exc L3-4 RORB CUX2",0.153459052023437,10.1195311999044,83.1195061598626,2.16494805434677e-17,3.11984478546043e-15,3.11984478546043e-15,"gpath_trio"
"4812","AC020741.1","Exc L3-4 RORB CUX2",-0.306007931063251,1.82638986186102,25.7954315276679,7.24905739198882e-07,7.76272467533834e-06,7.76272467533834e-06,"gpath_trio"
"4813","ADGRL3-AS1","Exc L3-4 RORB CUX2",-0.362794108224128,0.820205459119818,27.1986721445556,3.75014266588542e-07,4.3332834068865e-06,4.3332834068865e-06,"gpath_trio"
"4814","LINC02232","Exc L3-4 RORB CUX2",0.577263753184858,3.38884081398061,20.1036434056367,1.10118163527657e-05,8.64449007459328e-05,8.64449007459328e-05,"gpath_trio"
"4815","EPHA5","Exc L3-4 RORB CUX2",0.137292527289983,6.76948791964083,13.3629668391344,0.000310498801889523,0.00156100506556719,0.00156100506556719,"gpath_trio"
"4816","EPHA5-AS1","Exc L3-4 RORB CUX2",0.0405292796878723,3.97989984306479,1.1092775603892,0.293216825447068,0.43583949409818,0.43583949409818,"gpath_trio"
"4817","AC116049.2","Exc L3-4 RORB CUX2",-0.114499203343167,-0.162276644039531,1.11895152879185,0.291126105280226,0.433621182425147,0.433621182425147,"gpath_trio"
"4818","AC104806.2","Exc L3-4 RORB CUX2",0.155748996339047,6.03897162389376,47.1561866032934,4.80896197461688e-11,1.48123370744879e-09,1.48123370744879e-09,"gpath_trio"
"4819","CENPC","Exc L3-4 RORB CUX2",0.0877852402725185,6.44822789874211,18.7604965888148,2.11818360451284e-05,0.000151540263195201,0.000151540263195201,"gpath_trio"
"4820","STAP1","Exc L3-4 RORB CUX2",-0.0212482302732484,-0.287896042555165,0.0548748614944548,0.814972271877361,0.893437897160269,0.893437897160269,"gpath_trio"
"4821","UBA6","Exc L3-4 RORB CUX2",-0.00661710701596081,5.88815996007093,0.174343010786946,0.676625113441112,0.792183824493641,0.792183824493641,"gpath_trio"
"4822","UBA6-AS1","Exc L3-4 RORB CUX2",0.14984974877508,7.65020240666763,13.2117879707747,0.000335246894748716,0.0016659128328954,0.0016659128328954,"gpath_trio"
"4823","GNRHR","Exc L3-4 RORB CUX2",-0.396156268642251,-0.64450182419078,11.5451055978144,0.000785787375901444,0.00345086648807532,0.00345086648807532,"gpath_trio"
"4824","TMPRSS11D","Exc L3-4 RORB CUX2",-0.15891333885444,0.553558392989006,2.91230919636972,0.0890998983646257,0.174492104059725,0.174492104059725,"gpath_trio"
"4825","TMPRSS11A","Exc L3-4 RORB CUX2",-0.253662447001771,0.722934632056324,7.61149638447219,0.00621171849463611,0.0199651777328793,0.0199651777328793,"gpath_trio"
"4826","TMPRSS11F","Exc L3-4 RORB CUX2",-0.169072546164627,-0.268644654490015,2.74713854730015,0.0986346910839698,0.188874488449433,0.188874488449433,"gpath_trio"
"4827","YTHDC1","Exc L3-4 RORB CUX2",0.0394085944851012,5.69764779023616,7.34777416205212,0.00716162752071308,0.022373155037223,0.022373155037223,"gpath_trio"
"4828","UGT2B7","Exc L3-4 RORB CUX2",-0.343971552671123,-0.340388534516781,11.0029032578596,0.00103951423151209,0.00438198905573684,0.00438198905573684,"gpath_trio"
"4829","ENAM","Exc L3-4 RORB CUX2",-0.254572578761252,-0.449611095896321,7.7481701194534,0.00577137954540324,0.0187741990210433,0.0187741990210433,"gpath_trio"
"4830","JCHAIN","Exc L3-4 RORB CUX2",0.0993164368785215,-0.879409253038586,0.806885503414672,0.369873718674592,0.518352478067511,0.518352478067511,"gpath_trio"
"4831","UTP3","Exc L3-4 RORB CUX2",-0.0291232799566477,3.43723042836722,0.55222583445499,0.458080550347149,0.603761357761399,0.603761357761399,"gpath_trio"
"4832","AC009570.1","Exc L3-4 RORB CUX2",-0.230276833119023,-0.812054279971897,3.67894350604961,0.0561990189310826,0.120888709556946,0.120888709556946,"gpath_trio"
"4833","RUFY3","Exc L3-4 RORB CUX2",0.0426603900444244,8.09021328799952,13.2389597086992,0.000330655594342591,0.00164756152528076,0.00164756152528076,"gpath_trio"
"4834","GRSF1","Exc L3-4 RORB CUX2",-0.0561572748516315,5.41119134450255,10.1570906395692,0.00161318617964807,0.00635670411049969,0.00635670411049969,"gpath_trio"
"4835","MOB1B","Exc L3-4 RORB CUX2",0.0784002130295122,6.10469215098256,17.2454765848857,4.45787963391869e-05,0.000291532322898896,0.000291532322898896,"gpath_trio"
"4836","DCK","Exc L3-4 RORB CUX2",-0.0499625846507092,3.16757087492324,1.58262656728834,0.209511355040895,0.337422494447997,0.337422494447997,"gpath_trio"
"4837","SLC4A4","Exc L3-4 RORB CUX2",0.0997515616594587,6.36947066270315,14.7530900093903,0.000154030793399409,0.000846368567320118,0.000846368567320118,"gpath_trio"
"4838","NPFFR2","Exc L3-4 RORB CUX2",1.08269352103702,-0.839902025153127,14.5894295135321,0.000167220199017825,0.000909834820707827,0.000909834820707827,"gpath_trio"
"4839","ADAMTS3","Exc L3-4 RORB CUX2",0.122984031914371,6.49111006877165,7.89645858092559,0.00532973129125051,0.0175640850703984,0.0175640850703984,"gpath_trio"
"4840","AC095056.1","Exc L3-4 RORB CUX2",0.182444119225137,-0.833905658061805,2.04840588199316,0.153566494049777,0.266031600330951,0.266031600330951,"gpath_trio"
"4841","COX18","Exc L3-4 RORB CUX2",-0.0812992829852911,3.76128786749257,9.85215561615718,0.00189190658602605,0.00727587025792518,0.00727587025792518,"gpath_trio"
"4842","ANKRD17","Exc L3-4 RORB CUX2",0.0645013683195416,8.50836126054672,21.3007941397605,6.17201372231838e-06,5.18340096747085e-05,5.18340096747085e-05,"gpath_trio"
"4843","AC053527.1","Exc L3-4 RORB CUX2",-0.00767402710975661,5.35561369712333,0.0607891137372174,0.805447577477903,0.887391048253423,0.887391048253423,"gpath_trio"
"4844","ALB","Exc L3-4 RORB CUX2",-0.13594961702855,-0.737374604239144,1.41454677971721,0.235388054930118,0.368021854325414,0.368021854325414,"gpath_trio"
"4845","RASSF6","Exc L3-4 RORB CUX2",-0.173231868092994,-0.599960573234443,2.95690170216582,0.0867016819499209,0.170887983523679,0.170887983523679,"gpath_trio"
"4846","CXCL5","Exc L3-4 RORB CUX2",-0.0214529174959057,-1.05260028756079,0.0333611011805931,0.877839192796217,0.934865309662635,0.934865309662635,"gpath_trio"
"4847","MTHFD2L","Exc L3-4 RORB CUX2",0.119818955908156,5.82878527767859,10.7021695210286,0.00121480193029561,0.00500176100892119,0.00500176100892119,"gpath_trio"
"4848","EPGN","Exc L3-4 RORB CUX2",0.379314618925803,-1.21553608960467,6.63508093640201,0.0105518433110187,0.0309378635081822,0.0309378635081822,"gpath_trio"
"4849","BTC","Exc L3-4 RORB CUX2",0.0174341706914408,3.74008838572464,0.222052446176435,0.637875619935811,0.760258009936687,0.760258009936687,"gpath_trio"
"4850","PARM1","Exc L3-4 RORB CUX2",0.146534978021721,6.71048880305549,27.1431550221939,3.84889941301422e-07,4.43216584803436e-06,4.43216584803436e-06,"gpath_trio"
"4851","AC110760.1","Exc L3-4 RORB CUX2",-0.066625670278841,-0.188291906302714,0.38983587905552,0.532933146949665,0.672457704653793,0.672457704653793,"gpath_trio"
"4852","AC025244.1","Exc L3-4 RORB CUX2",0.294644212096635,2.16038944131892,22.3684268399951,3.69450192591457e-06,3.29661991841337e-05,3.29661991841337e-05,"gpath_trio"
"4853","AC096759.1","Exc L3-4 RORB CUX2",0.194832931516204,1.64586587791355,5.89567062504649,0.0158571777368123,0.0433670273607412,0.0433670273607412,"gpath_trio"
"4854","AC096759.2","Exc L3-4 RORB CUX2",-0.156046727867942,0.0410092037808289,2.92272754674299,0.0885331900453242,0.1737337913787,0.1737337913787,"gpath_trio"
"4855","RCHY1","Exc L3-4 RORB CUX2",-0.000723083136930426,4.98257265373208,0.00133842829507017,0.970844345540748,0.98495818803882,0.98495818803882,"gpath_trio"
"4856","THAP6","Exc L3-4 RORB CUX2",0.0207449038854236,3.81945046293772,0.650305742267704,0.79517261176295,0.880386571798815,0.880386571798815,"gpath_trio"
"4857","ODAPH","Exc L3-4 RORB CUX2",-0.0559189913933648,-0.178042822272185,0.357382718388993,0.550483737352258,0.688392384337792,0.688392384337792,"gpath_trio"
"4858","CDKL2","Exc L3-4 RORB CUX2",0.0081952082470622,5.1684049555099,0.146366009855726,0.702345154131509,0.81276892764731,0.81276892764731,"gpath_trio"
"4859","G3BP2","Exc L3-4 RORB CUX2",-0.100108106651047,6.55100912787362,27.281700787185,3.60720046050711e-07,4.19212380706976e-06,4.19212380706976e-06,"gpath_trio"
"4860","USO1","Exc L3-4 RORB CUX2",-0.0156506420053574,6.02363683567375,0.944880117284781,0.331929370512839,0.478299767880617,0.478299767880617,"gpath_trio"
"4861","PPEF2","Exc L3-4 RORB CUX2",0.136121032036187,0.977954015549619,4.20086253267665,0.0414067047054612,0.0948541237007697,0.0948541237007697,"gpath_trio"
"4862","NAAA","Exc L3-4 RORB CUX2",0.103083979004714,4.68292168682393,15.2348919328047,0.000121005706177532,0.000687687358346961,0.000687687358346961,"gpath_trio"
"4863","SDAD1","Exc L3-4 RORB CUX2",-0.0313526008641821,5.36120484745886,2.85304670154261,0.0923997285213457,0.179436377218033,0.179436377218033,"gpath_trio"
"4864","AC112719.2","Exc L3-4 RORB CUX2",-0.0187746111366286,-0.126206254489767,0.0409575415446137,0.839778165176604,0.90956807228421,0.90956807228421,"gpath_trio"
"4865","ART3","Exc L3-4 RORB CUX2",0.0962792445442949,5.41340256272816,3.17801522683692,0.0758020206411754,0.153946624364376,0.153946624364376,"gpath_trio"
"4866","NUP54","Exc L3-4 RORB CUX2",0.017999707643931,5.38313787425831,0.895420789175664,0.34489110726446,0.4918135488451,0.4918135488451,"gpath_trio"
"4867","SCARB2","Exc L3-4 RORB CUX2",-0.0198804790984866,6.255831537836,1.59769185012108,0.207362624579975,0.33485440073433,0.33485440073433,"gpath_trio"
"4868","FAM47E","Exc L3-4 RORB CUX2",0.28554525303926,0.689356368657443,16.5385856239367,6.32342825049021e-05,0.000393993715113156,0.000393993715113156,"gpath_trio"
"4869","FAM47E-STBD1","Exc L3-4 RORB CUX2",0.0350854526271709,3.16049023590996,0.968347851650274,0.32600736473094,0.471720475037417,0.471720475037417,"gpath_trio"
"4870","CCDC158","Exc L3-4 RORB CUX2",0.0809625260170508,4.200482944244,2.66979427423169,0.103479455022489,0.196267557119368,0.196267557119368,"gpath_trio"
"4871","SHROOM3","Exc L3-4 RORB CUX2",0.0470351371696704,7.11981610635221,2.70785394813111,0.101063527029391,0.192608790649723,0.192608790649723,"gpath_trio"
"4872","AC107072.1","Exc L3-4 RORB CUX2",0.103025404255815,2.32047090943613,1.98014763479047,0.160569116448967,0.274951784447285,0.274951784447285,"gpath_trio"
"4873","SOWAHB","Exc L3-4 RORB CUX2",0.0108632042944658,-0.509035533140615,0.0106829259808367,0.949767112114306,0.975421133633085,0.975421133633085,"gpath_trio"
"4874","SEPT11","Exc L3-4 RORB CUX2",0.0674084858750808,7.65892609007143,14.7350575471652,0.000155430744481336,0.000853050943936602,0.000853050943936602,"gpath_trio"
"4875","CCNI","Exc L3-4 RORB CUX2",-0.133022137603488,7.03300598929676,28.6403651597113,1.91381871546732e-07,2.39013773858506e-06,2.39013773858506e-06,"gpath_trio"
"4876","CCNG2","Exc L3-4 RORB CUX2",0.102486407042285,4.99058137918833,7.76226441576297,0.00572783236226802,0.0186631583379844,0.0186631583379844,"gpath_trio"
"4877","AC092674.1","Exc L3-4 RORB CUX2",-0.232584221694005,-0.27579451959301,6.08761459302729,0.0142580874003921,0.0397590757847837,0.0397590757847837,"gpath_trio"
"4878","CXCL13","Exc L3-4 RORB CUX2",0.200527854990396,2.51732931610993,4.89046873390755,0.0278754929514486,0.0683754492760457,0.0683754492760457,"gpath_trio"
"4879","CNOT6L","Exc L3-4 RORB CUX2",0.035199647326149,6.35130376850092,5.26725477949836,0.0225270591096789,0.0576170661178716,0.0576170661178716,"gpath_trio"
"4880","MRPL1","Exc L3-4 RORB CUX2",0.0351038086535624,5.62543430498147,3.71411257614949,0.0550438054803195,0.118961839910599,0.118961839910599,"gpath_trio"
"4881","FRAS1","Exc L3-4 RORB CUX2",0.182366302242259,7.62672524458741,8.73196279375814,0.00341356026699982,0.0120336499015763,0.0120336499015763,"gpath_trio"
"4882","ANXA3","Exc L3-4 RORB CUX2",0.27835951068066,-0.88674697528042,3.7446413437012,0.0540615434154771,0.117189298852483,0.117189298852483,"gpath_trio"
"4883","BMP2K","Exc L3-4 RORB CUX2",0.0288689854160829,5.20375546542605,1.67048953131169,0.197340406168197,0.322291252764432,0.322291252764432,"gpath_trio"
"4884","PAQR3","Exc L3-4 RORB CUX2",0.0891585146392167,5.89013304236054,15.8663203888987,8.83051435141948e-05,0.000523217700557674,0.000523217700557674,"gpath_trio"
"4885","LINC01088","Exc L3-4 RORB CUX2",0.12121730983014,4.24217505120841,10.0243526855495,0.0017289649355888,0.00674306351739879,0.00674306351739879,"gpath_trio"
"4886","NAA11","Exc L3-4 RORB CUX2",0.023564930792554,1.01401277608895,0.129653861603029,0.719083509682573,0.825603790567147,0.825603790567147,"gpath_trio"
"4887","LINC00989","Exc L3-4 RORB CUX2",-0.101852970817631,-0.804096111456505,0.750570746975036,0.387094339995771,0.535125963369514,0.535125963369514,"gpath_trio"
"4888","ANTXR2","Exc L3-4 RORB CUX2",0.151860964832947,5.30874611620046,16.1660969310816,7.60734811811773e-05,0.000460342676313813,0.000460342676313813,"gpath_trio"
"4889","AC021127.1","Exc L3-4 RORB CUX2",0.149043534486491,0.676237793623538,4.9759572895899,0.0265553958997627,0.0657529592878882,0.0657529592878882,"gpath_trio"
"4890","PRDM8","Exc L3-4 RORB CUX2",-0.0371231892066689,5.69556468264912,1.74573431450292,0.187575411487664,0.310038827360612,0.310038827360612,"gpath_trio"
"4891","FGF5","Exc L3-4 RORB CUX2",0.0723343583861139,4.45657108242779,5.54874726752499,0.0192370235886283,0.0506799361322247,0.0506799361322247,"gpath_trio"
"4892","CFAP299","Exc L3-4 RORB CUX2",0.0794369465109482,6.62134103413646,3.82444753535205,0.0515809591300395,0.113101385767693,0.113101385767693,"gpath_trio"
"4893","BMP3","Exc L3-4 RORB CUX2",-0.0131051556474141,0.832362555308843,0.0285695204410646,0.865908235157009,0.927266382393453,0.927266382393453,"gpath_trio"
"4894","PRKG2","Exc L3-4 RORB CUX2",0.118724451427596,5.55742142028619,10.4321445080288,0.00139778841059225,0.00562722776357533,0.00562722776357533,"gpath_trio"
"4895","AC139722.1","Exc L3-4 RORB CUX2",-0.16451059397838,0.0391053068948091,3.65568872814938,0.0569770728284573,0.122197559722986,0.122197559722986,"gpath_trio"
"4896","RASGEF1B","Exc L3-4 RORB CUX2",-0.115756609308318,7.54643284448063,2.21173461981548,0.138176262471313,0.245627599209536,0.245627599209536,"gpath_trio"
"4897","AC124016.2","Exc L3-4 RORB CUX2",-0.12699077529074,3.32101806925844,12.0109226650155,0.000618556368754867,0.00281066998640303,0.00281066998640303,"gpath_trio"
"4898","HNRNPD","Exc L3-4 RORB CUX2",-0.0102000989896141,6.09749643239992,0.378200354152843,0.579802697511059,0.712477114902478,0.712477114902478,"gpath_trio"
"4899","AC124016.1","Exc L3-4 RORB CUX2",-0.0676183278838417,2.99684921352424,4.6059027411702,0.032787822011069,0.0783018831762924,0.0783018831762924,"gpath_trio"
"4900","HNRNPDL","Exc L3-4 RORB CUX2",-0.119343521770946,7.06202070540693,15.2510288643807,0.000120033332499843,0.000682930762319324,0.000682930762319324,"gpath_trio"
"4901","ENOPH1","Exc L3-4 RORB CUX2",-0.0222211044337025,4.88035257327534,1.12615868234587,0.289580910979727,0.431771109231838,0.431771109231838,"gpath_trio"
"4902","TMEM150C","Exc L3-4 RORB CUX2",0.0374741624078582,6.546335076572,2.70291285253945,0.101373641867409,0.193017480622403,0.193017480622403,"gpath_trio"
"4903","SCD5","Exc L3-4 RORB CUX2",0.0460915087752284,6.6857840323714,4.25281174669626,0.0401789364054839,0.0925972604220477,0.0925972604220477,"gpath_trio"
"4904","SEC31A","Exc L3-4 RORB CUX2",0.0316900589061295,6.1980003535859,7.57661284194439,0.00632954055851525,0.0202760369590418,0.0202760369590418,"gpath_trio"
"4905","THAP9","Exc L3-4 RORB CUX2",0.132024423632938,1.76181573374493,8.56940860780771,0.00372124370049414,0.0129152058588456,0.0129152058588456,"gpath_trio"
"4906","LIN54","Exc L3-4 RORB CUX2",-0.00138995928555586,5.01908922919019,0.00608422599662638,0.937886893655355,0.969954279244247,0.969954279244247,"gpath_trio"
"4907","COPS4","Exc L3-4 RORB CUX2",-0.0853033993744662,5.09443120422155,19.199827419075,1.70920780399383e-05,0.000125989285515439,0.000125989285515439,"gpath_trio"
"4908","PLAC8","Exc L3-4 RORB CUX2",0.066642064555285,-0.521394586557186,0.392544244474786,0.531514748561825,0.671255715319864,0.671255715319864,"gpath_trio"
"4909","AC114781.2","Exc L3-4 RORB CUX2",0.21645252994924,0.100076435816416,6.43688865200398,0.0117625645705383,0.0338385484401268,0.0338385484401268,"gpath_trio"
"4910","COQ2","Exc L3-4 RORB CUX2",0.0836640332064981,1.42867263883321,2.1094084725616,0.147601572436046,0.258283150787168,0.258283150787168,"gpath_trio"
"4911","HELQ","Exc L3-4 RORB CUX2",0.042745360090705,4.44430295410702,3.48438478700746,0.0630759315693736,0.13284861879237,0.13284861879237,"gpath_trio"
"4912","MRPS18C","Exc L3-4 RORB CUX2",-0.0201293763120253,4.20308881138855,0.534867993563065,0.465226006012344,0.610770379806925,0.610770379806925,"gpath_trio"
"4913","ABRAXAS1","Exc L3-4 RORB CUX2",-0.0475628948598015,2.59356932400328,1.46102498786387,0.227865182828427,0.358986417582657,0.358986417582657,"gpath_trio"
"4914","GPAT3","Exc L3-4 RORB CUX2",-0.0370248243815165,3.47909754567379,0.461801319857956,0.497387861153085,0.640628198337812,0.640628198337812,"gpath_trio"
"4915","CDS1","Exc L3-4 RORB CUX2",-0.0739499205629868,5.39915116200721,10.3636955378784,0.00144848688568714,0.00580401646846832,0.00580401646846832,"gpath_trio"
"4916","WDFY3","Exc L3-4 RORB CUX2",0.0238766329310165,7.89780127357824,2.51693353767763,0.113844783889949,0.211259981142358,0.211259981142358,"gpath_trio"
"4917","WDFY3-AS1","Exc L3-4 RORB CUX2",-0.417303729581785,0.0493968626016121,16.2281107526625,7.3765646773802e-05,0.000447989742221991,0.000447989742221991,"gpath_trio"
"4918","MAPK10","Exc L3-4 RORB CUX2",0.123283894103544,10.3948113577746,61.3763765912843,1.20634695406001e-13,7.05450718787265e-12,7.05450718787265e-12,"gpath_trio"
"4919","AC104827.1","Exc L3-4 RORB CUX2",-0.436846474362623,5.33433537686537,91.4513638068286,9.24220354908411e-19,1.98363251705076e-16,1.98363251705076e-16,"gpath_trio"
"4920","PTPN13","Exc L3-4 RORB CUX2",0.127402071859535,6.73273123012652,19.652220969984,1.37120407792628e-05,0.000104589951879632,0.000104589951879632,"gpath_trio"
"4921","SLC10A6","Exc L3-4 RORB CUX2",-0.0676015020770415,-0.269622071278068,0.508705795162217,0.476339302593063,0.620569897314674,0.620569897314674,"gpath_trio"
"4922","C4orf36","Exc L3-4 RORB CUX2",0.0676984076642581,0.347939819005003,0.794670008422518,0.398203668871019,0.546439873450743,0.546439873450743,"gpath_trio"
"4923","AC093827.5","Exc L3-4 RORB CUX2",-0.0812411134770332,0.791469827328944,1.40781956821909,0.236501721941753,0.369504839547881,0.369504839547881,"gpath_trio"
"4924","AFF1","Exc L3-4 RORB CUX2",0.132759690873404,6.14220171099982,33.0217115868553,2.54354122624344e-08,3.95346257622969e-07,3.95346257622969e-07,"gpath_trio"
"4925","KLHL8","Exc L3-4 RORB CUX2",-0.00369835699503084,5.5048412995934,0.0283730299602295,0.866365771191903,0.927559405317164,0.927559405317164,"gpath_trio"
"4926","HSD17B13","Exc L3-4 RORB CUX2",-0.0907862885543237,2.17038427188356,1.25330652938497,0.263955001698519,0.402577272397008,0.402577272397008,"gpath_trio"
"4927","HSD17B11","Exc L3-4 RORB CUX2",-0.0504533183354476,4.1170068133774,2.60467243033222,0.107762100638054,0.202562226811957,0.202562226811957,"gpath_trio"
"4928","NUDT9","Exc L3-4 RORB CUX2",-0.0444065828783147,4.65990896210201,3.94576359643422,0.0480393356721976,0.106705076191036,0.106705076191036,"gpath_trio"
"4929","SPARCL1","Exc L3-4 RORB CUX2",-0.0912401660072589,9.28525458814237,7.69444843918092,0.00594050571680962,0.0192190030206277,0.0192190030206277,"gpath_trio"
"4930","AC093895.1","Exc L3-4 RORB CUX2",-0.218531464700017,0.169889987398295,6.91684049908337,0.00904787939335537,0.0272367900269986,0.0272367900269986,"gpath_trio"
"4931","SPP1","Exc L3-4 RORB CUX2",2.53478249774851,-1.68197814791281,26.9418545385327,4.28437938562684e-07,4.8779545205994e-06,4.8779545205994e-06,"gpath_trio"
"4932","PKD2","Exc L3-4 RORB CUX2",0.0122323346550741,7.20676658411326,0.47318219570028,0.492140041899864,0.635891040996025,0.635891040996025,"gpath_trio"
"4933","ABCG2","Exc L3-4 RORB CUX2",0.0301847524306183,0.417842677946309,0.175615492145968,0.675514604961976,0.791388836601119,0.791388836601119,"gpath_trio"
"4934","PPM1K","Exc L3-4 RORB CUX2",0.0369137906568035,7.10004980132572,4.6112922242823,0.032686789391743,0.078125337753633,0.078125337753633,"gpath_trio"
"4935","AC107067.1","Exc L3-4 RORB CUX2",0.0750243457512219,3.33293362333566,1.80808154960326,0.179910376083981,0.300446307217476,0.300446307217476,"gpath_trio"
"4936","HERC6","Exc L3-4 RORB CUX2",0.0113975894848787,4.97506309952053,0.1300332298226,0.718690370044725,0.825199374859276,0.825199374859276,"gpath_trio"
"4937","PYURF","Exc L3-4 RORB CUX2",-0.173638527833578,3.84141465262433,36.2310416931332,5.93856012611287e-09,1.10018779195893e-07,1.10018779195893e-07,"gpath_trio"
"4938","AC098582.1","Exc L3-4 RORB CUX2",0.0582675520659377,3.01108563328665,2.54551709472295,0.441921854442089,0.588771935109895,0.588771935109895,"gpath_trio"
"4939","HERC3","Exc L3-4 RORB CUX2",0.0277505139412099,5.45303315122514,2.24345392208725,0.135393979154264,0.242074931711918,0.242074931711918,"gpath_trio"
"4940","NAP1L5","Exc L3-4 RORB CUX2",-0.285615770585512,4.77307924712663,70.2640173508669,3.30141234595691e-15,2.90855869343584e-13,2.90855869343584e-13,"gpath_trio"
"4941","FAM13A-AS1","Exc L3-4 RORB CUX2",0.0542822843385573,3.31820306129931,2.98616643633935,0.0851660547712237,0.168585670624945,0.168585670624945,"gpath_trio"
"4942","FAM13A","Exc L3-4 RORB CUX2",0.0650863848628952,8.3420731458286,13.1108143855812,0.00035288367009504,0.00173984067550524,0.00173984067550524,"gpath_trio"
"4943","TIGD2","Exc L3-4 RORB CUX2",0.140366418710425,0.560711181226341,3.69357731308942,0.0557152238524149,0.120052829351967,0.120052829351967,"gpath_trio"
"4944","GPRIN3","Exc L3-4 RORB CUX2",0.374181399857211,1.41085758921398,2.52244818389011,0.113451475839733,0.210685155105543,0.210685155105543,"gpath_trio"
"4945","AC097478.1","Exc L3-4 RORB CUX2",-0.456874324930897,3.56922239819234,57.9641285617144,4.94142558808695e-13,2.46765498117956e-11,2.46765498117956e-11,"gpath_trio"
"4946","SNCA","Exc L3-4 RORB CUX2",0.0133857324559315,7.9636123015031,0.493457107907138,0.483017616030312,0.62664011339538,0.62664011339538,"gpath_trio"
"4947","SNCA-AS1","Exc L3-4 RORB CUX2",0.159139956054131,-1.03447511535151,1.35042275310754,0.246269807852461,0.381282585636052,0.381282585636052,"gpath_trio"
"4948","MMRN1","Exc L3-4 RORB CUX2",-0.101631915940865,-1.52538845869576,0.330729644970683,0.565727071374721,0.701077620699325,0.701077620699325,"gpath_trio"
"4949","CCSER1","Exc L3-4 RORB CUX2",0.0927282617773139,10.3487667614306,18.73548552102,2.14424731080934e-05,0.000153134623547256,0.000153134623547256,"gpath_trio"
"4950","AC004054.1","Exc L3-4 RORB CUX2",-0.192465158331625,0.952894716451409,5.12469671107674,0.0244121094110675,0.0613877985003475,0.0613877985003475,"gpath_trio"
"4951","GRID2","Exc L3-4 RORB CUX2",0.176905888360809,8.89522749621635,8.51102101618464,0.00383857151900105,0.0132608185609326,0.0132608185609326,"gpath_trio"
"4952","AC096746.1","Exc L3-4 RORB CUX2",-0.0772380957374436,0.644784447944944,1.17952522286895,0.278458542803545,0.418996203838121,0.418996203838121,"gpath_trio"
"4953","SMARCAD1","Exc L3-4 RORB CUX2",0.0128902234206056,6.21956537565271,0.644407737278795,0.422852348095357,0.571135175927149,0.571135175927149,"gpath_trio"
"4954","HPGDS","Exc L3-4 RORB CUX2",0.0353390669946331,0.0707986184468739,0.181473496496869,0.796917504539006,0.881458917438291,0.881458917438291,"gpath_trio"
"4955","PDLIM5","Exc L3-4 RORB CUX2",0.140677696426932,-0.358918815123175,0.266532394560252,0.606106194247982,0.734381867092249,0.734381867092249,"gpath_trio"
"4956","BMPR1B","Exc L3-4 RORB CUX2",0.199527051699055,3.21156461935988,3.13674211515611,0.0777180560787738,0.15690601234757,0.15690601234757,"gpath_trio"
"4957","UNC5C","Exc L3-4 RORB CUX2",0.219326706679073,8.07523049955861,58.5449104731446,3.88258270225141e-13,1.98306597513727e-11,1.98306597513727e-11,"gpath_trio"
"4958","AC106881.1","Exc L3-4 RORB CUX2",-0.0461878790882849,2.32344868449562,0.785049220253228,0.398434799726981,0.546633321033842,0.546633321033842,"gpath_trio"
"4959","LINC02267","Exc L3-4 RORB CUX2",-0.16825685621413,1.62681438555549,7.08847690478005,0.00824179283268333,0.0251784025438198,0.0251784025438198,"gpath_trio"
"4960","STPG2","Exc L3-4 RORB CUX2",0.146191798436057,5.78239466993233,28.3262668034829,2.21506684879786e-07,2.7282645710926e-06,2.7282645710926e-06,"gpath_trio"
"4961","STPG2-AS1","Exc L3-4 RORB CUX2",-0.190782744699923,0.25348949967929,5.0872496337482,0.0249340917586588,0.062490099531794,0.062490099531794,"gpath_trio"
"4962","AC019077.1","Exc L3-4 RORB CUX2",-0.0451769329015175,1.63950032470016,0.9358158903366,0.334255167696575,0.480731065603759,0.480731065603759,"gpath_trio"
"4963","RAP1GDS1","Exc L3-4 RORB CUX2",0.103144819879704,7.61773889472177,39.2256834279049,1.55434469982828e-09,3.27337205835445e-08,3.27337205835445e-08,"gpath_trio"
"4964","TSPAN5","Exc L3-4 RORB CUX2",0.0528145362098581,9.27992459293814,9.62950687796138,0.00212608982706821,0.00803556805191106,0.00803556805191106,"gpath_trio"
"4965","AC108159.1","Exc L3-4 RORB CUX2",-0.181458360714197,0.918514760221166,5.30506485798258,0.0220530281985947,0.0566416096634817,0.0566416096634817,"gpath_trio"
"4966","AC114811.2","Exc L3-4 RORB CUX2",-0.00700149255334328,2.1953402168805,0.0230316586282149,0.915893143952655,0.957466406510431,0.957466406510431,"gpath_trio"
"4967","EIF4E","Exc L3-4 RORB CUX2",-0.0717278086359573,6.02452526763639,21.1406869390382,6.66743404429682e-06,5.5310642205464e-05,5.5310642205464e-05,"gpath_trio"
"4968","AC019131.1","Exc L3-4 RORB CUX2",0.0790253210381752,2.07978881343838,3.35771811791306,0.0680343348530202,0.141097112012714,0.141097112012714,"gpath_trio"
"4969","METAP1","Exc L3-4 RORB CUX2",-0.0547058741895671,4.5836914424142,6.16478483195549,0.0136631527200698,0.0383759022869842,0.0383759022869842,"gpath_trio"
"4970","AC019131.2","Exc L3-4 RORB CUX2",-0.151237453586675,0.447425893709291,3.69246656548438,0.0557517889399254,0.120093139212363,0.120093139212363,"gpath_trio"
"4971","ADH5","Exc L3-4 RORB CUX2",0.0358427141836776,4.43560486422246,1.60815815319988,0.205885238233451,0.332964703916623,0.332964703916623,"gpath_trio"
"4972","AP002026.1","Exc L3-4 RORB CUX2",0.0571407483967758,1.72568399972733,0.873867117440947,0.350754310140156,0.498237570025886,0.498237570025886,"gpath_trio"
"4973","TRMT10A","Exc L3-4 RORB CUX2",-0.0311211573263849,2.6871585682741,0.703478251107218,0.402387844385453,0.550683405269062,0.550683405269062,"gpath_trio"
"4974","MTTP","Exc L3-4 RORB CUX2",-0.297059956982406,0.961956226950895,9.89719571534094,0.00184783041586427,0.00712674032499744,0.00712674032499744,"gpath_trio"
"4975","AC083902.1","Exc L3-4 RORB CUX2",0.168054616555078,1.52721402267858,5.29260807341496,0.0222080412886302,0.0569951218847543,0.0569951218847543,"gpath_trio"
"4976","C4orf54","Exc L3-4 RORB CUX2",0.123760623718079,1.36083620555673,3.0545404638751,0.081692234165875,0.16306924154512,0.16306924154512,"gpath_trio"
"4977","DAPP1","Exc L3-4 RORB CUX2",-0.382743435981479,-0.833172292807373,10.4504455703008,0.00138454234306422,0.00558734102793011,0.00558734102793011,"gpath_trio"
"4978","LAMTOR3","Exc L3-4 RORB CUX2",-0.0837909547551131,4.12909894926571,14.0180990813018,0.000222937935578635,0.00117312802563875,0.00117312802563875,"gpath_trio"
"4979","DNAJB14","Exc L3-4 RORB CUX2",0.0173460193430854,6.95891967241793,1.50254573958483,0.22138916811988,0.351390643286805,0.351390643286805,"gpath_trio"
"4980","H2AFZ","Exc L3-4 RORB CUX2",-0.245603249196354,5.21882119381965,85.3293976797944,9.30700335032892e-18,1.51426445639424e-15,1.51426445639424e-15,"gpath_trio"
"4981","AC097460.1","Exc L3-4 RORB CUX2",0.027367274757669,3.89990203046409,0.415469285968159,0.519774745732023,0.660522517960668,0.660522517960668,"gpath_trio"
"4982","AP001961.1","Exc L3-4 RORB CUX2",-0.154939777228199,-0.956246746692768,1.45064828283076,0.22951918419208,0.361076198566025,0.361076198566025,"gpath_trio"
"4983","EMCN","Exc L3-4 RORB CUX2",-0.158343266977995,1.69619984089894,5.71676846365528,0.0175153702571149,0.0469972861999327,0.0469972861999327,"gpath_trio"
"4984","PPP3CA","Exc L3-4 RORB CUX2",0.0532058610692679,9.98839131693866,9.51387941519227,0.00225918345105491,0.00847508853198825,0.00847508853198825,"gpath_trio"
"4985","AP001816.1","Exc L3-4 RORB CUX2",-0.0655333523880181,2.9217834011611,2.76778711576586,0.0973838035415249,0.186887586338984,0.186887586338984,"gpath_trio"
"4986","BANK1","Exc L3-4 RORB CUX2",0.100020878829545,3.60588119122953,5.49377950385984,0.019837731209086,0.0519841832891687,0.0519841832891687,"gpath_trio"
"4987","AP002075.1","Exc L3-4 RORB CUX2",-0.252999310457968,1.75252443353676,7.68378791231638,0.00597466796365093,0.0193095213414451,0.0193095213414451,"gpath_trio"
"4988","SLC39A8","Exc L3-4 RORB CUX2",0.114778080498055,3.81690527791711,5.58606790500247,0.0188399804605775,0.0498421985040848,0.0498421985040848,"gpath_trio"
"4989","AC098487.1","Exc L3-4 RORB CUX2",0.0271767817423597,-0.722887185403147,0.0519107637673241,0.819950209845066,0.89680665096087,0.89680665096087,"gpath_trio"
"4990","AF213884.3","Exc L3-4 RORB CUX2",-0.0276222169497195,-0.319436964210708,0.0708469823255536,0.790318493066143,0.877672460924172,0.877672460924172,"gpath_trio"
"4991","NFKB1","Exc L3-4 RORB CUX2",0.0664256511426663,6.25312172265174,15.7565152638954,9.32688768218662e-05,0.000549722345860693,0.000549722345860693,"gpath_trio"
"4992","MANBA","Exc L3-4 RORB CUX2",0.0470169607736531,5.60506895746708,3.94231640198958,0.0481363222921817,0.106860728680102,0.106860728680102,"gpath_trio"
"4993","UBE2D3","Exc L3-4 RORB CUX2",0.0240431037933505,7.39192132598161,2.73596352411376,0.0993190166156578,0.189983991677339,0.189983991677339,"gpath_trio"
"4994","AC018797.2","Exc L3-4 RORB CUX2",0.09288032386145,3.53961901900158,8.48756067051165,0.00388677515322468,0.0133998101018982,0.0133998101018982,"gpath_trio"
"4995","CISD2","Exc L3-4 RORB CUX2",-0.058221775332416,4.22064924152405,6.14344201624706,0.0138250746188979,0.038732656786796,0.038732656786796,"gpath_trio"
"4996","SLC9B1","Exc L3-4 RORB CUX2",0.0524065261412873,2.86043295230128,1.40320932440948,0.237268636189423,0.370416678412257,0.370416678412257,"gpath_trio"
"4997","SLC9B2","Exc L3-4 RORB CUX2",0.02072442916041,6.11000928803201,2.18693367031525,0.140396617089786,0.248530468525615,0.248530468525615,"gpath_trio"
"4998","CENPE","Exc L3-4 RORB CUX2",0.057741476515925,1.81145065795421,0.799501032449539,0.372069513347471,0.520417528548615,0.520417528548615,"gpath_trio"
"4999","LINC02428","Exc L3-4 RORB CUX2",0.0353147933861688,0.240188053595513,0.195246609442473,0.658952600757572,0.777994424173924,0.777994424173924,"gpath_trio"
"5000","TACR3","Exc L3-4 RORB CUX2",0.0208103059084574,0.726735689187139,0.0660024383672391,0.797451896240856,0.881696129862211,0.881696129862211,"gpath_trio"
"5001","LINC02503","Exc L3-4 RORB CUX2",-0.111863019036811,-0.139159893834921,1.39637237417141,0.260789307859473,0.398774009857879,0.398774009857879,"gpath_trio"
"5002","AC004052.1","Exc L3-4 RORB CUX2",-0.117527633367463,-0.0470468737981292,1.82524121397039,0.177865132247695,0.297646735492473,0.297646735492473,"gpath_trio"
"5003","CXXC4","Exc L3-4 RORB CUX2",0.370334553709693,4.36893912818783,64.6713748762007,3.13873784186342e-14,2.12496764965083e-12,2.12496764965083e-12,"gpath_trio"
"5004","CXXC4-AS1","Exc L3-4 RORB CUX2",0.0941399800110534,6.22698052467644,14.395471625791,0.000184344433348373,0.00099230227929654,0.00099230227929654,"gpath_trio"
"5005","AC004053.1","Exc L3-4 RORB CUX2",-0.211224515852626,2.34362490390816,15.3204609443218,0.000115939065405468,0.000663189862363286,0.000663189862363286,"gpath_trio"
"5006","AC096577.1","Exc L3-4 RORB CUX2",0.0775654541185161,2.3223153705891,2.18468212784925,0.140600176250932,0.24878166601145,0.24878166601145,"gpath_trio"
"5007","AC004069.1","Exc L3-4 RORB CUX2",-0.0747417245958248,-0.314047583511863,0.750390552652796,0.387151252527848,0.535167969835515,0.535167969835515,"gpath_trio"
"5008","TET2","Exc L3-4 RORB CUX2",0.191409142178888,5.2313983040435,71.7349437386894,1.83817696405994e-15,1.70115689219768e-13,1.70115689219768e-13,"gpath_trio"
"5009","PPA2","Exc L3-4 RORB CUX2",0.0552236298721633,6.84727722870739,9.97767695810476,0.00177166316728417,0.00687106966550521,0.00687106966550521,"gpath_trio"
"5010","ARHGEF38","Exc L3-4 RORB CUX2",-0.298619252935921,0.870515181600873,17.9527686962031,3.14694249974575e-05,0.000215000219886118,0.000215000219886118,"gpath_trio"
"5011","INTS12","Exc L3-4 RORB CUX2",-0.032645715571353,3.89341638269067,1.50502504752562,0.221009524877762,0.351091902709358,0.351091902709358,"gpath_trio"
"5012","GSTCD","Exc L3-4 RORB CUX2",-0.0152094108738552,5.16118535325651,0.503815087936167,0.478464652257057,0.622379993147544,0.622379993147544,"gpath_trio"
"5013","NPNT","Exc L3-4 RORB CUX2",-0.326093048024992,-1.81802464683112,1.06256882764664,0.303591625434792,0.447469392398227,0.447469392398227,"gpath_trio"
"5014","AC109361.1","Exc L3-4 RORB CUX2",0.173890576169949,2.49639840408011,13.9139852488615,0.000234963702401227,0.00122839924745912,0.00122839924745912,"gpath_trio"
"5015","TBCK","Exc L3-4 RORB CUX2",0.0837585137927324,7.75799718495814,41.6539233846932,5.30295186819474e-10,1.24403551093987e-08,1.24403551093987e-08,"gpath_trio"
"5016","AIMP1","Exc L3-4 RORB CUX2",-0.0430147127316889,4.22769132848954,3.39189972200163,0.0666563182663148,0.138783143775084,0.138783143775084,"gpath_trio"
"5017","DKK2","Exc L3-4 RORB CUX2",0.12279247827276,3.32892254250741,5.96456203332065,0.0152628642724517,0.0420782026095535,0.0420782026095535,"gpath_trio"
"5018","PAPSS1","Exc L3-4 RORB CUX2",0.0458736920863519,7.04787879164281,5.37414932845249,0.0212135689672781,0.0548556464899816,0.0548556464899816,"gpath_trio"
"5019","SGMS2","Exc L3-4 RORB CUX2",-0.0531334628328142,2.64771544548714,1.37706170167807,0.24167611866941,0.375727494348104,0.375727494348104,"gpath_trio"
"5020","AC096564.1","Exc L3-4 RORB CUX2",0.0198692932381122,4.7929035804158,0.310212838629217,0.578028714775277,0.711037700176283,0.711037700176283,"gpath_trio"
"5021","CYP2U1","Exc L3-4 RORB CUX2",0.142003204107866,4.74404030648811,26.1634150178986,6.09588991493293e-07,6.66221988265286e-06,6.66221988265286e-06,"gpath_trio"
"5022","HADH","Exc L3-4 RORB CUX2",0.0503367001910456,4.1636417317619,5.22896230978971,0.0230179797479987,0.0585978222606781,0.0585978222606781,"gpath_trio"
"5023","RPL34-AS1","Exc L3-4 RORB CUX2",0.0748502300455154,4.112393990576,2.60765544086793,0.107561710247664,0.202279782275039,0.202279782275039,"gpath_trio"
"5024","RPL34","Exc L3-4 RORB CUX2",-0.332301709658743,5.051704730744,69.2434251656371,4.96432871938309e-15,4.11435097312133e-13,4.11435097312133e-13,"gpath_trio"
"5025","OSTC","Exc L3-4 RORB CUX2",-0.00315009829639426,3.13643574261038,0.0138586160376436,0.906378329721797,0.952400115291598,0.952400115291598,"gpath_trio"
"5026","COL25A1","Exc L3-4 RORB CUX2",0.0478547727978435,4.01172592614516,1.77566764950685,0.183848842162495,0.305405548837244,0.305405548837244,"gpath_trio"
"5027","SEC24B-AS1","Exc L3-4 RORB CUX2",0.0698668075493655,4.09894547913199,5.53268264532869,0.072174328512836,0.147919248044135,0.147919248044135,"gpath_trio"
"5028","SEC24B","Exc L3-4 RORB CUX2",0.0560087200245568,6.40025367117958,12.767149133524,0.000420293433990448,0.00202035264016137,0.00202035264016137,"gpath_trio"
"5029","MCUB","Exc L3-4 RORB CUX2",-0.0141906597259918,1.01360973594245,0.0345065923495223,0.852778199391469,0.918618194923535,0.918618194923535,"gpath_trio"
"5030","CASP6","Exc L3-4 RORB CUX2",0.173787189517777,3.01641380013205,14.8522026066484,0.000146561326949107,0.000811213928998142,0.000811213928998142,"gpath_trio"
"5031","PLA2G12A","Exc L3-4 RORB CUX2",-0.0182244863359729,4.17008102835434,0.570069849319335,0.73356047958542,0.836417349660156,0.836417349660156,"gpath_trio"
"5032","AC126283.1","Exc L3-4 RORB CUX2",-0.111827828802165,-1.00353136054608,0.753937686413856,0.521768395047953,0.662180120154272,0.662180120154272,"gpath_trio"
"5033","GAR1","Exc L3-4 RORB CUX2",-0.0985426684954505,2.88505783160989,8.10188626327275,0.0047745016883718,0.0159505831367612,0.0159505831367612,"gpath_trio"
"5034","RRH","Exc L3-4 RORB CUX2",0.0127500881625539,2.72539808613798,0.099432019414959,0.7527652356233,0.850909829039673,0.850909829039673,"gpath_trio"
"5035","LRIT3","Exc L3-4 RORB CUX2",0.0478980669306589,1.08478100465068,0.608515134218625,0.536880998584741,0.675832916107016,0.675832916107016,"gpath_trio"
"5036","EGF","Exc L3-4 RORB CUX2",-0.0119196327055802,2.78456203494498,0.0360767498220656,0.849505284896546,0.916217744188379,0.916217744188379,"gpath_trio"
"5037","ELOVL6","Exc L3-4 RORB CUX2",0.0804056010372303,6.52886000966948,14.6940796557501,0.000158660247235079,0.00086935646061046,0.00086935646061046,"gpath_trio"
"5038","ENPEP","Exc L3-4 RORB CUX2",-0.108546901722148,3.18911674446564,2.5286692483239,0.113009592059976,0.210096619960378,0.210096619960378,"gpath_trio"
"5039","AC139718.2","Exc L3-4 RORB CUX2",-0.0641178853151398,-0.474881425497181,0.328963596777388,0.566765757467492,0.701847480782387,0.701847480782387,"gpath_trio"
"5040","AC004704.1","Exc L3-4 RORB CUX2",0.180330551533557,0.0786765978196533,3.8093796613631,0.0520398590712775,0.113835428468288,0.113835428468288,"gpath_trio"
"5041","FAM241A","Exc L3-4 RORB CUX2",0.120050566406336,3.31784504100052,9.71931963752414,0.00202825445754904,0.00772576489044641,0.00772576489044641,"gpath_trio"
"5042","AC109347.1","Exc L3-4 RORB CUX2",-0.161884392877098,0.483588486817302,4.73721073813645,0.0304170175136115,0.0735807348126033,0.0735807348126033,"gpath_trio"
"5043","AP1AR","Exc L3-4 RORB CUX2",0.0213625100044521,4.59298124701987,0.901194878766968,0.343343051327445,0.490056318396264,0.490056318396264,"gpath_trio"
"5044","TIFA","Exc L3-4 RORB CUX2",0.0295744512524625,0.58045929332398,0.141975455627285,0.706632309242134,0.815811550155082,0.815811550155082,"gpath_trio"
"5045","ALPK1","Exc L3-4 RORB CUX2",0.226628729324369,1.45893606212535,10.9858568967295,0.00104872390178409,0.00441527644375919,0.00441527644375919,"gpath_trio"
"5046","AC023886.1","Exc L3-4 RORB CUX2",-0.280791843803443,0.0474054820120774,7.46124532104773,0.00673582633107433,0.0213005505184575,0.0213005505184575,"gpath_trio"
"5047","ZGRF1","Exc L3-4 RORB CUX2",-0.0504449243482002,4.38410054888096,4.13443772034306,0.0430346486743457,0.0977289550883527,0.0977289550883527,"gpath_trio"
"5048","LARP7","Exc L3-4 RORB CUX2",-0.0992578613474685,4.51535221978682,19.4526258157445,1.51109260291238e-05,0.000113797287285395,0.000113797287285395,"gpath_trio"
"5049","AC106864.2","Exc L3-4 RORB CUX2",-0.205257051378038,-1.24092434350463,2.14116458157134,0.14460081444328,0.254011443743419,0.254011443743419,"gpath_trio"
"5050","ANK2","Exc L3-4 RORB CUX2",0.0943541793653101,10.5008026877359,80.8165150037557,5.25013239709873e-17,6.95078888434513e-15,6.95078888434513e-15,"gpath_trio"
"5051","AC093879.1","Exc L3-4 RORB CUX2",-0.25722129594256,4.11041563412959,44.7827744192955,1.34615009784965e-10,3.65184041462209e-09,3.65184041462209e-09,"gpath_trio"
"5052","CAMK2D","Exc L3-4 RORB CUX2",0.0361976661523788,7.89247336802843,1.55826144102135,0.213042860130915,0.341610213252361,0.341610213252361,"gpath_trio"
"5053","ARSJ","Exc L3-4 RORB CUX2",0.272006183222066,2.38052625765401,5.72195332957621,0.0174648633666582,0.0469021545705932,0.0469021545705932,"gpath_trio"
"5054","TRAM1L1","Exc L3-4 RORB CUX2",-0.0363254563929761,1.19620836983249,0.38519568987151,0.609184167299436,0.736960518994191,0.736960518994191,"gpath_trio"
"5055","LINC02262","Exc L3-4 RORB CUX2",-0.419862199739,-0.419499641877025,14.910016481332,0.000142374991891359,0.000790645599066382,0.000790645599066382,"gpath_trio"
"5056","LINC02263","Exc L3-4 RORB CUX2",-0.267011515456357,3.048848766779,13.7073824039817,0.00026081438929382,0.00134645094780011,0.00134645094780011,"gpath_trio"
"5057","LINC01378","Exc L3-4 RORB CUX2",0.169581573973696,8.49381120959997,13.2134980748792,0.000334956032602646,0.00166528781610606,0.00166528781610606,"gpath_trio"
"5058","LINC02264","Exc L3-4 RORB CUX2",-0.144677567010253,-1.11388471326466,0.573616812237193,0.449511078970703,0.595696664361136,0.595696664361136,"gpath_trio"
"5059","NDST3","Exc L3-4 RORB CUX2",0.0951827839864895,8.42922672216387,11.0066043070912,0.00103752556691912,0.00437634921860616,0.00437634921860616,"gpath_trio"
"5060","SNHG8","Exc L3-4 RORB CUX2",-0.2714557040039,2.83805013405528,39.3494192408314,1.47110000801662e-09,3.11105268990937e-08,3.11105268990937e-08,"gpath_trio"
"5061","PRSS12","Exc L3-4 RORB CUX2",0.102126506269849,4.54146859881205,4.98508232106357,0.0264184050162279,0.0654539262191328,0.0654539262191328,"gpath_trio"
"5062","AC110079.2","Exc L3-4 RORB CUX2",-0.0733202968793868,1.90074459033789,1.63481696234737,0.202178182698049,0.328417458609754,0.328417458609754,"gpath_trio"
"5063","METTL14","Exc L3-4 RORB CUX2",0.00208900197733412,4.79878163171524,0.0154009040515817,0.901331682987161,0.9499225149802,0.9499225149802,"gpath_trio"
"5064","SEC24D","Exc L3-4 RORB CUX2",0.0453160498623031,6.32615878952788,3.29579385174233,0.0706094751877318,0.145406365409053,0.145406365409053,"gpath_trio"
"5065","SYNPO2","Exc L3-4 RORB CUX2",0.122213466868338,7.09907363210878,36.7989899321021,4.59982307578959e-09,8.79634412834645e-08,8.79634412834645e-08,"gpath_trio"
"5066","MYOZ2","Exc L3-4 RORB CUX2",-0.00532478002983935,1.90724596834584,0.00858567806278199,0.926245876799978,0.963148673561466,0.963148673561466,"gpath_trio"
"5067","USP53","Exc L3-4 RORB CUX2",0.0419670901579511,5.21143137866111,2.92618622429487,0.0883459243031264,0.17350131634533,0.17350131634533,"gpath_trio"
"5068","C4orf3","Exc L3-4 RORB CUX2",-0.143664485064069,4.89599016197451,25.525398394298,8.23343834593691e-07,8.68774156010864e-06,8.68774156010864e-06,"gpath_trio"
"5069","PDE5A","Exc L3-4 RORB CUX2",-0.531516542379941,5.40867125657862,85.2127561246138,9.72971679059526e-18,1.55791298611317e-15,1.55791298611317e-15,"gpath_trio"
"5070","MAD2L1","Exc L3-4 RORB CUX2",-0.140407036773339,1.52656956455517,6.54746223552175,0.0110703796395513,0.0321405827065688,0.0321405827065688,"gpath_trio"
"5071","AC108866.1","Exc L3-4 RORB CUX2",0.0780958643706259,5.10722009822402,3.5004641412198,0.0624747853590535,0.131899204125042,0.131899204125042,"gpath_trio"
"5072","PRDM5","Exc L3-4 RORB CUX2",-0.0462050628197783,4.07709002082293,1.79669969591341,0.181282043678453,0.30211178186129,0.30211178186129,"gpath_trio"
"5073","TNIP3","Exc L3-4 RORB CUX2",0.0474419680740819,-1.08657861517909,0.0766753065811959,0.782074546991257,0.872046476996405,0.872046476996405,"gpath_trio"
"5074","QRFPR","Exc L3-4 RORB CUX2",0.255794524994486,0.491004971920569,3.09693065063904,0.0796159941942476,0.159865691506474,0.159865691506474,"gpath_trio"
"5075","ANXA5","Exc L3-4 RORB CUX2",-0.0423657879619201,2.77621886847993,0.561208952101269,0.454450751684371,0.600419274778263,0.600419274778263,"gpath_trio"
"5076","AC079341.1","Exc L3-4 RORB CUX2",0.038679958503247,0.919613417040921,0.301640918520013,0.583326904193865,0.715809275111686,0.715809275111686,"gpath_trio"
"5077","EXOSC9","Exc L3-4 RORB CUX2",-8.73929486866365e-05,3.41854889982931,8.93080376940181e-06,0.997617860958836,0.998951165286077,0.998951165286077,"gpath_trio"
"5078","CCNA2","Exc L3-4 RORB CUX2",0.100253644256753,1.62875648542255,3.69742108560033,0.0555888867335779,0.119883034724739,0.119883034724739,"gpath_trio"
"5079","BBS7","Exc L3-4 RORB CUX2",-0.0236204341819843,5.80877069988888,1.60978934095772,0.205656112022906,0.332674154911973,0.332674154911973,"gpath_trio"
"5080","TRPC3","Exc L3-4 RORB CUX2",0.0994711724213443,2.54219958094741,0.707351761535622,0.40109717295366,0.549364254198241,0.549364254198241,"gpath_trio"
"5081","KIAA1109","Exc L3-4 RORB CUX2",0.0873945934186128,7.47827545451946,40.4253378531346,9.12569188700182e-10,2.0298879142256e-08,2.0298879142256e-08,"gpath_trio"
"5082","ADAD1","Exc L3-4 RORB CUX2",0.143575024840144,-1.82942776828419,0.351490804739248,0.553785728571863,0.6907769923295,0.6907769923295,"gpath_trio"
"5083","IL21-AS1","Exc L3-4 RORB CUX2",-0.0193024186276544,-0.876253988251228,0.0295583296333441,0.921361882077089,0.959851077708628,0.959851077708628,"gpath_trio"
"5084","BBS12","Exc L3-4 RORB CUX2",-0.0888366444814973,2.16875036668776,4.81353176255999,0.0291223146742583,0.0709022528976579,0.0709022528976579,"gpath_trio"
"5085","FGF2","Exc L3-4 RORB CUX2",0.2024605853915,0.711329674315099,1.88880155869673,0.170520588149664,0.287983665320565,0.287983665320565,"gpath_trio"
"5086","AC021205.3","Exc L3-4 RORB CUX2",0.077903679041323,-0.025692789217633,0.866563081860683,0.352772067635229,0.500223254465894,0.500223254465894,"gpath_trio"
"5087","NUDT6","Exc L3-4 RORB CUX2",0.0143755527021748,3.57189561930014,0.22373015259253,0.636609143180406,0.759301771425639,0.759301771425639,"gpath_trio"
"5088","SPATA5","Exc L3-4 RORB CUX2",0.147609596563776,5.58066761786885,42.7095897208325,3.33299612493908e-10,8.25069899639828e-09,8.25069899639828e-09,"gpath_trio"
"5089","SPRY1","Exc L3-4 RORB CUX2",0.0220692297702562,3.10918192202138,0.178964148617972,0.672614633260323,0.789045250960985,0.789045250960985,"gpath_trio"
"5090","AC093821.1","Exc L3-4 RORB CUX2",-0.0731851209420347,-1.29817840673843,0.269884181271591,0.603851431958653,0.732440586751692,0.732440586751692,"gpath_trio"
"5091","LINC01091","Exc L3-4 RORB CUX2",0.155506838539361,2.54765459208392,9.02889204820817,0.00291701762975488,0.0105316447173058,0.0105316447173058,"gpath_trio"
"5092","AC121154.1","Exc L3-4 RORB CUX2",-0.129225334306392,-0.658978371868068,1.4614685222462,0.227794806979022,0.358903571323839,0.358903571323839,"gpath_trio"
"5093","LINC02516","Exc L3-4 RORB CUX2",0.232331902491761,-0.499567671166755,3.45205230352451,0.0643035801828101,0.134831725845874,0.134831725845874,"gpath_trio"
"5094","ANKRD50","Exc L3-4 RORB CUX2",0.0257072640316911,3.97017703134725,0.743879700308629,0.389215699497802,0.537025206326952,0.537025206326952,"gpath_trio"
"5095","FAT4","Exc L3-4 RORB CUX2",0.218641526711739,1.41173410712782,6.65049490769629,0.0104632480392662,0.0307227520291364,0.0307227520291364,"gpath_trio"
"5096","AC093772.1","Exc L3-4 RORB CUX2",-0.00742496508648439,-0.119448571858789,0.00687760556169925,0.933969951487673,0.968037183214169,0.968037183214169,"gpath_trio"
"5097","INTU","Exc L3-4 RORB CUX2",0.0884230620695317,6.37369896880175,16.1737414358835,7.57850838706417e-05,0.000458872769234753,0.000458872769234753,"gpath_trio"
"5098","SLC25A31","Exc L3-4 RORB CUX2",-0.0391551939601997,1.05446804833011,0.311342911463322,0.686552032863837,0.799768304349437,0.799768304349437,"gpath_trio"
"5099","HSPA4L","Exc L3-4 RORB CUX2",0.087367356041343,6.28940963420056,20.4165927404198,9.46176795932952e-06,7.526024561243e-05,7.526024561243e-05,"gpath_trio"
"5100","PLK4","Exc L3-4 RORB CUX2",-0.0894210991839322,0.807532254001754,1.62839208880206,0.203064318853794,0.329538500070406,0.329538500070406,"gpath_trio"
"5101","MFSD8","Exc L3-4 RORB CUX2",-0.0335420511221563,5.11168683662013,2.87626651464482,0.0910911792164826,0.177441782436279,0.177441782436279,"gpath_trio"
"5102","ABHD18","Exc L3-4 RORB CUX2",-0.0226035269870386,6.72620750073629,1.98845670516182,0.15969746850679,0.274013143764146,0.274013143764146,"gpath_trio"
"5103","LARP1B","Exc L3-4 RORB CUX2",0.0488369985758394,7.35271407580901,11.5065396739234,0.000801546609196734,0.0035078531107471,0.0035078531107471,"gpath_trio"
"5104","PGRMC2","Exc L3-4 RORB CUX2",-0.0567422497930931,4.7389130311053,5.561501621681,0.0191003639604794,0.0504120673603705,0.0504120673603705,"gpath_trio"
"5105","AC108062.1","Exc L3-4 RORB CUX2",0.196486846944434,4.28528846461544,31.4737368089741,5.16656924369294e-08,7.45604681627361e-07,7.45604681627361e-07,"gpath_trio"
"5106","JADE1","Exc L3-4 RORB CUX2",0.00593037990771265,5.27607267017528,0.0826416770149506,0.773977893201203,0.866345095169456,0.866345095169456,"gpath_trio"
"5107","SCLT1","Exc L3-4 RORB CUX2",0.0966768334664729,6.67438295566548,17.8291448045615,3.34407380781975e-05,0.000226474283560804,0.000226474283560804,"gpath_trio"
"5108","C4orf33","Exc L3-4 RORB CUX2",0.0113195649920345,3.24814427562287,0.107897971198447,0.74281446419237,0.843506327140808,0.843506327140808,"gpath_trio"
"5109","LINC02465","Exc L3-4 RORB CUX2",-0.127001528209828,-0.345378492903052,1.20188846591381,0.273958930699498,0.413768635039854,0.413768635039854,"gpath_trio"
"5110","LINC02377","Exc L3-4 RORB CUX2",-0.223566674993279,-0.495160909637903,4.68424538089142,0.0409326172092706,0.0939922094465097,0.0939922094465097,"gpath_trio"
"5111","SNHG27","Exc L3-4 RORB CUX2",-0.167086779457851,0.749678516582208,1.85786438081693,0.174050702473918,0.292718455536331,0.292718455536331,"gpath_trio"
"5112","AC096711.2","Exc L3-4 RORB CUX2",0.033869106743605,7.11735633582605,0.754953840450783,0.38571365942858,0.533949024219268,0.533949024219268,"gpath_trio"
"5113","AC096711.3","Exc L3-4 RORB CUX2",0.0566316606345212,0.0388499837637057,0.257732041749316,0.612112940375039,0.739262410779192,0.739262410779192,"gpath_trio"
"5114","LINC01256","Exc L3-4 RORB CUX2",-0.189283353235549,0.250390024689121,5.92566163050648,0.0155955545645622,0.0428068651623063,0.0428068651623063,"gpath_trio"
"5115","AC115622.1","Exc L3-4 RORB CUX2",0.0112751153972454,3.20634355420555,0.0274115254549284,0.868628531515265,0.929057261226409,0.929057261226409,"gpath_trio"
"5116","AC110751.1","Exc L3-4 RORB CUX2",0.0655710861028916,-0.401680227304001,0.369109763166325,0.884475911653387,0.939322078096914,0.939322078096914,"gpath_trio"
"5117","AC105383.1","Exc L3-4 RORB CUX2",0.100664967229885,4.98900505299292,13.2219997466073,0.000333513830025604,0.00165989065444715,0.00165989065444715,"gpath_trio"
"5118","PCDH10","Exc L3-4 RORB CUX2",0.105116162719632,5.27916318705799,14.8589552868064,0.000146065991408484,0.00080880505967811,0.00080880505967811,"gpath_trio"
"5119","AC079380.1","Exc L3-4 RORB CUX2",0.543334923812243,-1.57146725197209,3.89556260779717,0.0494724741597294,0.109369621539836,0.109369621539836,"gpath_trio"
"5120","AC109830.1","Exc L3-4 RORB CUX2",-0.03021426008145,-1.35337880499823,0.0329877922539959,0.856018211165054,0.920290280840615,0.920290280840615,"gpath_trio"
"5121","AC107463.1","Exc L3-4 RORB CUX2",-0.228449794545197,-0.377267337833725,5.35945416238933,0.0213893015594096,0.055246339644231,0.055246339644231,"gpath_trio"
"5122","LINC02485","Exc L3-4 RORB CUX2",0.297546076377366,-1.41236543184781,2.25762012963122,0.134171789063697,0.24042839835129,0.24042839835129,"gpath_trio"
"5123","AC018680.1","Exc L3-4 RORB CUX2",0.0373796383191312,0.699487174969933,0.148535968574701,0.700253495756234,0.81086002851874,0.81086002851874,"gpath_trio"
"5124","PCDH18","Exc L3-4 RORB CUX2",0.0610989834914961,-0.428106828079402,0.194775109665575,0.659338480223281,0.778358913897291,0.778358913897291,"gpath_trio"
"5125","LINC00616","Exc L3-4 RORB CUX2",-0.282621102322975,0.921067971132724,15.8200881221038,9.03615890050294e-05,0.000534303944365905,0.000534303944365905,"gpath_trio"
"5126","SLC7A11","Exc L3-4 RORB CUX2",0.87968564095291,0.201498464028365,9.83768243710339,0.0019062966793307,0.00732702143370107,0.00732702143370107,"gpath_trio"
"5127","LINC00498","Exc L3-4 RORB CUX2",0.385789223556916,-1.24819009398336,3.10428776612037,0.0792615099090651,0.159336484895914,0.159336484895914,"gpath_trio"
"5128","AC109927.1","Exc L3-4 RORB CUX2",0.129772340366386,3.43507045063234,7.37848671092039,0.00704371605610652,0.0220937455584498,0.0220937455584498,"gpath_trio"
"5129","NOCT","Exc L3-4 RORB CUX2",0.0401777472563228,3.3239980979905,1.06808026277095,0.3023397731091,0.446004535811575,0.446004535811575,"gpath_trio"
"5130","ELF2","Exc L3-4 RORB CUX2",0.0971740154227712,6.63129107615908,36.0924596909792,6.32105668371862e-09,1.16039416373087e-07,1.16039416373087e-07,"gpath_trio"
"5131","MGARP","Exc L3-4 RORB CUX2",0.316163862373046,-0.244505134733179,9.02925123910813,0.00291646399896282,0.0105315305493243,0.0105315305493243,"gpath_trio"
"5132","NDUFC1","Exc L3-4 RORB CUX2",-0.183068104362566,4.06800727121044,36.7691614300004,4.66188286660781e-09,8.89815391048368e-08,8.89815391048368e-08,"gpath_trio"
"5133","NAA15","Exc L3-4 RORB CUX2",0.00659273954683601,6.07668057078124,0.188700478105229,0.664360680689645,0.782227997252033,0.782227997252033,"gpath_trio"
"5134","AC097376.2","Exc L3-4 RORB CUX2",0.176692186054412,5.66084782313653,40.8775032050649,7.47088240314917e-10,1.69926778448179e-08,1.69926778448179e-08,"gpath_trio"
"5135","RAB33B","Exc L3-4 RORB CUX2",-0.0638827211179765,2.63484631909317,3.08067900886592,0.0804051443923142,0.161057762918481,0.161057762918481,"gpath_trio"
"5136","SETD7","Exc L3-4 RORB CUX2",0.000143077287939116,4.44042518608718,2.71359404933858e-05,0.995847659591938,0.997875560358963,0.997875560358963,"gpath_trio"
"5137","MGST2","Exc L3-4 RORB CUX2",0.0161410174646584,4.95082330279963,0.307213426787259,0.579871600946525,0.712477114902478,0.712477114902478,"gpath_trio"
"5138","MAML3","Exc L3-4 RORB CUX2",-0.0368507416974523,6.0783603531959,0.601202571092201,0.438824185644867,0.585572984019128,0.585572984019128,"gpath_trio"
"5139","SCOC","Exc L3-4 RORB CUX2",-0.144348260135362,5.60952227073227,32.5434577526466,3.16451846364359e-08,4.80965703936146e-07,4.80965703936146e-07,"gpath_trio"
"5140","SCOC-AS1","Exc L3-4 RORB CUX2",0.0838593664876206,2.28644074983278,3.13779850169487,0.0776683668101255,0.156837083414501,0.156837083414501,"gpath_trio"
"5141","CLGN","Exc L3-4 RORB CUX2",0.02867385224224,3.4072237962517,0.531433663559265,0.466660873440568,0.612111249051652,0.612111249051652,"gpath_trio"
"5142","MGAT4D","Exc L3-4 RORB CUX2",0.0783027885012726,-1.32155753136635,0.248170400430681,0.618787421785065,0.744621238573389,0.744621238573389,"gpath_trio"
"5143","ELMOD2","Exc L3-4 RORB CUX2",-0.00480361524388234,4.19883058959827,0.0330876000692975,0.855802957226578,0.920156931466969,0.920156931466969,"gpath_trio"
"5144","TBC1D9","Exc L3-4 RORB CUX2",-0.0252223694175232,5.76947507813089,1.56110296903571,0.595362987361916,0.725467518526338,0.725467518526338,"gpath_trio"
"5145","AC096733.2","Exc L3-4 RORB CUX2",-0.0772867740789601,1.12408198205642,1.6683038528354,0.197632863966577,0.322644686075877,0.322644686075877,"gpath_trio"
"5146","RNF150","Exc L3-4 RORB CUX2",0.0932938723552337,7.38842152160453,22.5801904045094,3.33808612024849e-06,3.01323881324445e-05,3.01323881324445e-05,"gpath_trio"
"5147","ZNF330","Exc L3-4 RORB CUX2",-0.110255921041403,3.423838490475,15.1346520983757,0.000127227451476421,0.000718190776031561,0.000718190776031561,"gpath_trio"
"5148","IL15","Exc L3-4 RORB CUX2",0.124516534705015,1.08059055920813,1.65571942124803,0.199326714671729,0.324753005612706,0.324753005612706,"gpath_trio"
"5149","INPP4B","Exc L3-4 RORB CUX2",0.133022829568235,8.24856347583525,18.6051009232811,2.28547031258241e-05,0.000161844027926817,0.000161844027926817,"gpath_trio"
"5150","AC139720.1","Exc L3-4 RORB CUX2",-0.421181828864491,3.24796230577883,70.8511106846202,2.61247274547101e-15,2.35297489463739e-13,2.35297489463739e-13,"gpath_trio"
"5151","AC104596.1","Exc L3-4 RORB CUX2",0.110688965228728,4.82496781584804,5.26363857094744,0.0225729494280607,0.0577124895084431,0.0577124895084431,"gpath_trio"
"5152","USP38","Exc L3-4 RORB CUX2",0.0417547456220529,4.30748821663681,3.74546402827773,0.0540353335546847,0.117158823693258,0.117158823693258,"gpath_trio"
"5153","AC097658.2","Exc L3-4 RORB CUX2",0.386802961202176,0.729046810535893,16.7943588607011,5.57107837723572e-05,0.000353670567214382,0.000353670567214382,"gpath_trio"
"5154","GAB1","Exc L3-4 RORB CUX2",0.16731366774938,8.27109048166275,76.8101652892895,2.48881335231998e-16,2.72890268386171e-14,2.72890268386171e-14,"gpath_trio"
"5155","SMARCA5","Exc L3-4 RORB CUX2",-0.0348430392647124,5.83752660747447,5.00822522133657,0.0260742729637721,0.064792272083274,0.064792272083274,"gpath_trio"
"5156","FREM3","Exc L3-4 RORB CUX2",-0.0235541014794769,4.20961159420415,0.21105350968535,0.646326786371172,0.76721834049414,0.76721834049414,"gpath_trio"
"5157","GYPE","Exc L3-4 RORB CUX2",-0.0249993875829643,2.0992571659473,0.209946345194985,0.647192177379102,0.767844461235781,0.767844461235781,"gpath_trio"
"5158","GYPB","Exc L3-4 RORB CUX2",-0.475080830540187,1.86599434977587,65.5062643083756,2.23671237828651e-14,1.55071038597698e-12,1.55071038597698e-12,"gpath_trio"
"5159","GYPA","Exc L3-4 RORB CUX2",-0.0679849217896787,1.23416694640432,1.1117442943322,0.292681895180026,0.435268851190994,0.435268851190994,"gpath_trio"
"5160","HHIP-AS1","Exc L3-4 RORB CUX2",0.109532296181214,3.7219272944135,13.7173812755568,0.000259499216227454,0.0013406905729549,0.0013406905729549,"gpath_trio"
"5161","HHIP","Exc L3-4 RORB CUX2",-1.55968254390012,0.450738393096002,45.5652454127439,9.57807001094647e-11,2.72165580944852e-09,2.72165580944852e-09,"gpath_trio"
"5162","ANAPC10","Exc L3-4 RORB CUX2",0.105669260546891,6.88495888656578,63.8183115283212,4.44142636571812e-14,2.890508933173e-12,2.890508933173e-12,"gpath_trio"
"5163","AC109811.1","Exc L3-4 RORB CUX2",-0.326805714596267,-0.185297057655608,9.38115066620537,0.00242250121247294,0.00900514400872167,0.00900514400872167,"gpath_trio"
"5164","ABCE1","Exc L3-4 RORB CUX2",-0.00665335916041902,4.68261982438606,0.092154833120045,0.761698173635215,0.857844806554701,0.857844806554701,"gpath_trio"
"5165","OTUD4","Exc L3-4 RORB CUX2",0.0653830665889918,5.90769511571977,15.9434147137439,8.49808406778128e-05,0.000506795288405224,0.000506795288405224,"gpath_trio"
"5166","SMAD1","Exc L3-4 RORB CUX2",0.143570829490108,6.18825758111648,46.2123161533292,7.23376306930627e-11,2.1305280280767e-09,2.1305280280767e-09,"gpath_trio"
"5167","MMAA","Exc L3-4 RORB CUX2",0.0210811829638864,3.08256619961573,0.388488283293384,0.533641451471278,0.672930575875557,0.672930575875557,"gpath_trio"
"5168","C4orf51","Exc L3-4 RORB CUX2",-0.319138386576728,0.524999100038856,19.2372970128964,1.67826165375384e-05,0.00012434421176821,0.00012434421176821,"gpath_trio"
"5169","ZNF827","Exc L3-4 RORB CUX2",0.11435980543947,6.94411637855266,42.5501293179959,3.57476455694116e-10,8.74192423470157e-09,8.74192423470157e-09,"gpath_trio"
"5170","LSM6","Exc L3-4 RORB CUX2",-0.062064491876945,4.13441704953032,4.93573285649969,0.0271681890618618,0.0669580032156195,0.0669580032156195,"gpath_trio"
"5171","REELD1","Exc L3-4 RORB CUX2",0.155415634682085,-1.24345035464914,0.796871496166948,0.372855826874149,0.521192150432062,0.521192150432062,"gpath_trio"
"5172","SLC10A7","Exc L3-4 RORB CUX2",0.106311762915401,5.13715684966822,18.3132188642886,2.63672303382244e-05,0.000183624049732026,0.000183624049732026,"gpath_trio"
"5173","TTC29","Exc L3-4 RORB CUX2",0.205218216390859,1.79466991566086,4.99420291722498,0.0262822191824742,0.0652126149313021,0.0652126149313021,"gpath_trio"
"5174","EDNRA","Exc L3-4 RORB CUX2",0.264237964632594,-0.365152465371545,2.04282385979788,0.154125877228166,0.266702939624174,0.266702939624174,"gpath_trio"
"5175","AC093835.1","Exc L3-4 RORB CUX2",0.0980134705898159,-0.196456555206694,1.15436873010699,0.283632541765229,0.424941409939547,0.424941409939547,"gpath_trio"
"5176","TMEM184C","Exc L3-4 RORB CUX2",0.00459195315082001,4.38109495278088,0.0504244550128667,0.960644741761819,0.97984437173106,0.97984437173106,"gpath_trio"
"5177","PRMT9","Exc L3-4 RORB CUX2",-0.0665091843816111,5.48893988758258,7.24181820723564,0.00758423511727239,0.0235005288728261,0.0235005288728261,"gpath_trio"
"5178","ARHGAP10","Exc L3-4 RORB CUX2",0.156854249278741,5.99588179665843,13.2426448013501,0.000330037848627125,0.00164529616902699,0.00164529616902699,"gpath_trio"
"5179","NR3C2","Exc L3-4 RORB CUX2",0.15607370183,8.73855618551195,79.5681993343208,8.5083745279588e-17,1.0284569064575e-14,1.0284569064575e-14,"gpath_trio"
"5180","AC069272.1","Exc L3-4 RORB CUX2",-0.0944125352575606,1.80714869842888,2.72171766238941,0.100198959905105,0.191319491907296,0.191319491907296,"gpath_trio"
"5181","AC108935.1","Exc L3-4 RORB CUX2",0.014105880367491,0.771440395234109,0.0492726149381771,0.82450809478827,0.899353958280349,0.899353958280349,"gpath_trio"
"5182","AC108156.1","Exc L3-4 RORB CUX2",-0.333864141751067,-0.754981621861358,7.27204855474142,0.0074611079457001,0.0231652589726838,0.0231652589726838,"gpath_trio"
"5183","LINC02355","Exc L3-4 RORB CUX2",0.0862277781002562,4.37473955116517,4.79675973638995,0.0294017945939856,0.0714848404354855,0.0714848404354855,"gpath_trio"
"5184","IQCM","Exc L3-4 RORB CUX2",-0.0851542923820481,1.40808238589581,2.48903896013097,0.115857550977924,0.214344437503862,0.214344437503862,"gpath_trio"
"5185","AC093893.1","Exc L3-4 RORB CUX2",0.228764549492712,0.609034995953264,5.96896736170067,0.015225654992515,0.0420043196327076,0.0420043196327076,"gpath_trio"
"5186","DCLK2","Exc L3-4 RORB CUX2",0.0239252540252925,7.56148318031343,1.61723325351558,0.204614326421639,0.331414100478209,0.331414100478209,"gpath_trio"
"5187","LRBA","Exc L3-4 RORB CUX2",0.0689129083207249,7.87972946394356,21.6859321339473,5.12723789881673e-06,4.40741476815627e-05,4.40741476815627e-05,"gpath_trio"
"5188","RPS3A","Exc L3-4 RORB CUX2",-0.201569742605681,3.53256889135948,21.4039715807569,5.8726388799243e-06,4.95526931838029e-05,4.95526931838029e-05,"gpath_trio"
"5189","SH3D19","Exc L3-4 RORB CUX2",0.0482081012130578,6.70910102752086,3.77905522060868,0.0529766339984874,0.11538917005926,0.11538917005926,"gpath_trio"
"5190","PRSS48","Exc L3-4 RORB CUX2",-0.521664842494853,0.761555053837784,44.5519896516419,1.4885828498624e-10,4.01499451817833e-09,4.01499451817833e-09,"gpath_trio"
"5191","AC104819.3","Exc L3-4 RORB CUX2",0.0538509056224115,-0.251645297608213,0.257236295305043,0.612455138514885,0.739420234185522,0.739420234185522,"gpath_trio"
"5192","FAM160A1","Exc L3-4 RORB CUX2",0.0628334581612232,4.27922205571949,1.99708331131089,0.158798235600463,0.273020968967057,0.273020968967057,"gpath_trio"
"5193","AC092611.2","Exc L3-4 RORB CUX2",-0.132384464616541,0.896297189581161,4.4048972172991,0.0368004986636088,0.0861832817675612,0.0861832817675612,"gpath_trio"
"5194","GATB","Exc L3-4 RORB CUX2",0.0392089079737043,5.77007655329802,2.92385135142515,0.0884722956457041,0.173631183331914,0.173631183331914,"gpath_trio"
"5195","AC097375.2","Exc L3-4 RORB CUX2",0.094589741148687,-0.283088916705253,0.725958336111187,0.394980494552768,0.543162121028021,0.543162121028021,"gpath_trio"
"5196","AC079340.1","Exc L3-4 RORB CUX2",0.0601018786919274,2.14285504125003,0.912828557847531,0.340252479954368,0.486954230196452,0.486954230196452,"gpath_trio"
"5197","AC079340.2","Exc L3-4 RORB CUX2",0.151489913853968,0.30338649430217,2.84488398255829,0.0928646052225129,0.180009935661433,0.180009935661433,"gpath_trio"
"5198","FBXW7","Exc L3-4 RORB CUX2",-0.0170326130334714,8.76721649800209,1.15476728704489,0.283549622635598,0.424936067605267,0.424936067605267,"gpath_trio"
"5199","TMEM154","Exc L3-4 RORB CUX2",-0.0214613840963937,-0.0193319700925313,0.0525580532410446,0.818850622301894,0.896033306913563,0.896033306913563,"gpath_trio"
"5200","TIGD4","Exc L3-4 RORB CUX2",0.0613836190862536,3.30440305106592,3.77414051176603,0.0531301415268572,0.11563113325829,0.11563113325829,"gpath_trio"
"5201","ARFIP1","Exc L3-4 RORB CUX2",0.0959884345608267,5.95380249548243,45.6830105972644,9.10056391073045e-11,2.61917085447913e-09,2.61917085447913e-09,"gpath_trio"
"5202","FHDC1","Exc L3-4 RORB CUX2",0.0836356618257791,2.65773040073673,2.32680998733374,0.128377673826983,0.232101404199246,0.232101404199246,"gpath_trio"
"5203","TRIM2","Exc L3-4 RORB CUX2",0.0372467024707267,8.00805723453161,9.42178070236766,0.00237126488937422,0.00883966539969046,0.00883966539969046,"gpath_trio"
"5204","MND1","Exc L3-4 RORB CUX2",0.177802891447674,1.34004710586785,8.63775725356616,0.00358855323874493,0.0125192913006535,0.0125192913006535,"gpath_trio"
"5205","TMEM131L","Exc L3-4 RORB CUX2",0.12546643460349,6.36999879136502,23.9641576377402,1.72475219477284e-06,1.68182095357864e-05,1.68182095357864e-05,"gpath_trio"
"5206","RNF175","Exc L3-4 RORB CUX2",0.088945581159584,6.83261281482285,10.3673812724045,0.00144570977887151,0.00579634236660031,0.00579634236660031,"gpath_trio"
"5207","SFRP2","Exc L3-4 RORB CUX2",-0.0170094118824861,0.402950673942692,0.0249245894881051,0.874677653169737,0.932681264571752,0.932681264571752,"gpath_trio"
"5208","AC079298.3","Exc L3-4 RORB CUX2",0.0536195506586803,3.51478571178426,0.944382396224461,0.332056517921691,0.478380480510576,0.478380480510576,"gpath_trio"
"5209","DCHS2","Exc L3-4 RORB CUX2",0.143968906113237,3.7976046063756,3.97816659545357,0.0471377528854771,0.105176306620715,0.105176306620715,"gpath_trio"
"5210","PLRG1","Exc L3-4 RORB CUX2",-0.0574600675146711,4.24345154924777,5.39406161750047,0.0209778439520613,0.0543436057694962,0.0543436057694962,"gpath_trio"
"5211","LRAT","Exc L3-4 RORB CUX2",-0.0439503660580426,-0.410964546555037,0.195802975677266,0.658497981828771,0.777594192765317,0.777594192765317,"gpath_trio"
"5212","AC097467.3","Exc L3-4 RORB CUX2",0.0170457760147059,1.25378016415766,0.0574995067286483,0.95522804482138,0.977684529766621,0.977684529766621,"gpath_trio"
"5213","MAP9","Exc L3-4 RORB CUX2",-5.00580153673675e-05,5.99379565448914,8.75200572345389e-06,0.99764182710711,0.998951165286077,0.998951165286077,"gpath_trio"
"5214","GUCY1A1","Exc L3-4 RORB CUX2",0.0731178758812336,4.80156858002712,3.82631552460404,0.0515243693082503,0.113011930350009,0.113011930350009,"gpath_trio"
"5215","GUCY1B1","Exc L3-4 RORB CUX2",0.00244903377025408,6.60374128838358,0.024911856219556,0.874709403071233,0.932681264571752,0.932681264571752,"gpath_trio"
"5216","TDO2","Exc L3-4 RORB CUX2",0.30453991827392,3.14279450726103,11.0546501735151,0.00101205821110651,0.00428235620995676,0.00428235620995676,"gpath_trio"
"5217","CTSO","Exc L3-4 RORB CUX2",-0.0749498683084154,1.04835750316214,1.13681428599926,0.287315539321503,0.429157441435693,0.429157441435693,"gpath_trio"
"5218","PDGFC","Exc L3-4 RORB CUX2",0.18627841181782,5.84672946416102,26.1277358389045,6.19907607692871e-07,6.75669151010464e-06,6.75669151010464e-06,"gpath_trio"
"5219","GLRB","Exc L3-4 RORB CUX2",0.0342541054092957,7.05404311670081,5.22082795582109,0.0231236942499139,0.0587914287334807,0.0587914287334807,"gpath_trio"
"5220","GRIA2","Exc L3-4 RORB CUX2",0.0403431523005612,10.1212085840166,11.0988168063821,0.000989208852211118,0.00420418971842412,0.00420418971842412,"gpath_trio"
"5221","LINC02433","Exc L3-4 RORB CUX2",-0.0999481173423032,-0.0410790962661633,1.07014893671671,0.455466950994075,0.601377338763447,0.601377338763447,"gpath_trio"
"5222","FAM198B","Exc L3-4 RORB CUX2",-0.192535205605222,2.99171767295575,7.39036598515725,0.00699864640618151,0.0219762943571536,0.0219762943571536,"gpath_trio"
"5223","FAM198B-AS1","Exc L3-4 RORB CUX2",0.00755082459270352,3.26174725247238,0.00716870346990829,0.932590336239985,0.967153800433932,0.967153800433932,"gpath_trio"
"5224","RXFP1","Exc L3-4 RORB CUX2",0.165834957447305,5.3964054631671,5.44965356000857,0.0203340678957824,0.0530299663647118,0.0530299663647118,"gpath_trio"
"5225","AC121161.2","Exc L3-4 RORB CUX2",0.204750724533049,-0.721951349846121,2.7641391684899,0.0976035243184468,0.18718166379512,0.18718166379512,"gpath_trio"
"5226","C4orf46","Exc L3-4 RORB CUX2",0.00948488886875837,0.949693227149884,0.0223132534309049,0.881372577750483,0.937062170958895,0.937062170958895,"gpath_trio"
"5227","ETFDH","Exc L3-4 RORB CUX2",-0.059334071221299,5.71334171144856,6.13784819512509,0.0138678411101899,0.0388181680665577,0.0388181680665577,"gpath_trio"
"5228","PPID","Exc L3-4 RORB CUX2",-0.0337165781370347,4.94934858261661,2.35438881849199,0.126146741774921,0.228888435588546,0.228888435588546,"gpath_trio"
"5229","FNIP2","Exc L3-4 RORB CUX2",0.0953754859850281,7.41957121213238,28.2293132066885,2.31740256375601e-07,2.8423463174617e-06,2.8423463174617e-06,"gpath_trio"
"5230","C4orf45","Exc L3-4 RORB CUX2",0.00260536036119041,4.32166668551286,0.00779767479046763,0.929702681849105,0.965449434131444,0.965449434131444,"gpath_trio"
"5231","RAPGEF2","Exc L3-4 RORB CUX2",0.0383030203172093,9.08266307573558,4.1911394658368,0.0416408719814843,0.0952707003622261,0.0952707003622261,"gpath_trio"
"5232","LINC02233","Exc L3-4 RORB CUX2",0.112558364983314,1.12413869836171,3.67831879961247,0.0562197713209892,0.120920456972384,0.120920456972384,"gpath_trio"
"5233","LINC02477","Exc L3-4 RORB CUX2",-0.10471308600991,0.369385355560641,1.79608584471633,0.181356366034158,0.302171410594572,0.302171410594572,"gpath_trio"
"5234","FSTL5","Exc L3-4 RORB CUX2",0.17553428747556,5.9288371559619,1.0857165987722,0.298390101038557,0.441447553600711,0.441447553600711,"gpath_trio"
"5235","AC022272.1","Exc L3-4 RORB CUX2",-0.412893131108041,-0.916371542155583,9.13305939947164,0.00276088012830027,0.0100434108525889,0.0100434108525889,"gpath_trio"
"5236","NAF1","Exc L3-4 RORB CUX2",0.0435452961772103,5.14922628813682,4.73411512449221,0.0304707882526017,0.0737019725448075,0.0737019725448075,"gpath_trio"
"5237","NPY1R","Exc L3-4 RORB CUX2",0.132563072657946,5.74822849853015,15.1948413674576,0.000123453714673127,0.000699432376728542,0.000699432376728542,"gpath_trio"
"5238","NPY5R","Exc L3-4 RORB CUX2",-0.0689448134259612,2.16951042405938,2.71422816985352,0.100665004921368,0.191976224056017,0.191976224056017,"gpath_trio"
"5239","TMA16","Exc L3-4 RORB CUX2",-0.0321702718472185,3.33555088042634,1.0546632970037,0.305389971730149,0.449332167419469,0.449332167419469,"gpath_trio"
"5240","MARCH1","Exc L3-4 RORB CUX2",0.204128621655769,9.51783839026606,81.2946492323512,4.3658882720344e-17,6.11679138113154e-15,6.11679138113154e-15,"gpath_trio"
"5241","AC093788.1","Exc L3-4 RORB CUX2",0.207918583426892,-0.16028458887475,4.21030666967756,0.0411805873308474,0.0944433726724844,0.0944433726724844,"gpath_trio"
"5242","SMIM31","Exc L3-4 RORB CUX2",-0.105171607373691,0.447473875766713,1.76457355137902,0.185219841221859,0.307061317290022,0.307061317290022,"gpath_trio"
"5243","TRIM61","Exc L3-4 RORB CUX2",-0.0815544955758377,0.0102243144789482,0.689936122148205,0.406948169880403,0.555379782678559,0.555379782678559,"gpath_trio"
"5244","FAM218A","Exc L3-4 RORB CUX2",-0.0935006635126516,1.41318339082697,2.22526626381557,0.136981524193372,0.244112909690069,0.244112909690069,"gpath_trio"
"5245","TMEM192","Exc L3-4 RORB CUX2",0.0210450968020848,5.96399573825183,0.874880393815532,0.350475638000152,0.497876777682936,0.497876777682936,"gpath_trio"
"5246","KLHL2","Exc L3-4 RORB CUX2",0.0236140628110178,7.30616167238378,1.55075907188802,0.21414452140727,0.342752206159927,0.342752206159927,"gpath_trio"
"5247","GK3P","Exc L3-4 RORB CUX2",-0.16947417628543,0.68579689499657,5.24962194278285,0.0232268988776602,0.0589808288051346,0.0589808288051346,"gpath_trio"
"5248","MSMO1","Exc L3-4 RORB CUX2",0.027084701067485,5.18060301880063,0.285499930307059,0.593575388867618,0.724069379672543,0.724069379672543,"gpath_trio"
"5249","CPE","Exc L3-4 RORB CUX2",-0.00843499849363739,7.63828224265679,0.214387885282697,0.643737049853512,0.765314966458139,0.765314966458139,"gpath_trio"
"5250","LINC01179","Exc L3-4 RORB CUX2",-0.127916450051934,-1.32268129935885,0.649296379737428,0.421100678312114,0.569298557722741,0.569298557722741,"gpath_trio"
"5251","TLL1","Exc L3-4 RORB CUX2",0.127247718342158,-0.0688018065530998,0.226167516705067,0.634781071085476,0.757614062301791,0.757614062301791,"gpath_trio"
"5252","AC097487.1","Exc L3-4 RORB CUX2",0.234318627550491,1.24151392447868,4.13626755684884,0.0429889074405664,0.0976793746531561,0.0976793746531561,"gpath_trio"
"5253","SPOCK3","Exc L3-4 RORB CUX2",0.150728384036798,7.14291953442884,11.2424485891514,0.000918469011204609,0.00393791361202613,0.00393791361202613,"gpath_trio"
"5254","AC116634.1","Exc L3-4 RORB CUX2",-0.197375113661835,-0.723518245679521,2.94604003481005,0.0872792807806357,0.171757656042657,0.171757656042657,"gpath_trio"
"5255","DDX60","Exc L3-4 RORB CUX2",0.539971136823953,-0.858450365324166,4.45906723763408,0.035670648669435,0.0840031909543424,0.0840031909543424,"gpath_trio"
"5256","DDX60L","Exc L3-4 RORB CUX2",0.180821017000632,-0.204995242842198,0.900607555313446,0.343500084021345,0.490245769321635,0.490245769321635,"gpath_trio"
"5257","PALLD","Exc L3-4 RORB CUX2",0.0627228337599934,5.53698750006717,5.57267348568305,0.0189814899571502,0.0501442398697794,0.0501442398697794,"gpath_trio"
"5258","CBR4","Exc L3-4 RORB CUX2",0.0598697919067246,6.52873818608019,12.2394223768358,0.000550244155106091,0.00254555740180357,0.00254555740180357,"gpath_trio"
"5259","SH3RF1","Exc L3-4 RORB CUX2",0.0567892420159469,5.39108257906243,5.53747836276707,0.0193586133174336,0.0509071980812335,0.0509071980812335,"gpath_trio"
"5260","AC096741.1","Exc L3-4 RORB CUX2",-0.344329091883831,-0.552632918120446,9.98306176397684,0.0017666828149647,0.00685438957536783,0.00685438957536783,"gpath_trio"
"5261","NEK1","Exc L3-4 RORB CUX2",0.0871938096766922,7.15897837456594,22.3218889481776,3.77785074850899e-06,3.35910704500524e-05,3.35910704500524e-05,"gpath_trio"
"5262","CLCN3","Exc L3-4 RORB CUX2",-0.0091018542234155,6.51837220897132,0.526967591645594,0.468537467056504,0.613973980115937,0.613973980115937,"gpath_trio"
"5263","HPF1","Exc L3-4 RORB CUX2",-0.104454858851704,4.57169702950452,25.2640604719033,9.31469116606838e-07,9.70180145975373e-06,9.70180145975373e-06,"gpath_trio"
"5264","LINC02275","Exc L3-4 RORB CUX2",-0.149298569500557,0.611125476869302,4.06837837993403,0.0447209531460463,0.100809522873909,0.100809522873909,"gpath_trio"
"5265","MFAP3L","Exc L3-4 RORB CUX2",0.106706516170926,5.25881709675255,13.619412972089,0.000272680858755014,0.00139840781021413,0.00139840781021413,"gpath_trio"
"5266","AADAT","Exc L3-4 RORB CUX2",0.108703356140655,3.90795076374191,11.3077695656558,0.000888023074300828,0.00382245904075511,0.00382245904075511,"gpath_trio"
"5267","GALNTL6","Exc L3-4 RORB CUX2",0.203333487578297,8.80134796727933,47.5110511020051,4.1261596900475e-11,1.30888792054573e-09,1.30888792054573e-09,"gpath_trio"
"5268","AC105285.1","Exc L3-4 RORB CUX2",0.267511541225986,2.66287638787001,25.2993930411598,9.16050874052623e-07,9.55601157394605e-06,9.55601157394605e-06,"gpath_trio"
"5269","GALNT7","Exc L3-4 RORB CUX2",0.105530054206043,6.07107442834625,23.0413307932061,2.67744894678571e-06,2.47786846336705e-05,2.47786846336705e-05,"gpath_trio"
"5270","AC097534.1","Exc L3-4 RORB CUX2",0.00225983904697641,2.23795375862769,0.00253899592856638,0.959851527103888,0.979750116174416,0.979750116174416,"gpath_trio"
"5271","HMGB2","Exc L3-4 RORB CUX2",-0.0794069026033815,2.53012895667382,3.18541578580536,0.0754638950247738,0.153436025844595,0.153436025844595,"gpath_trio"
"5272","AC097534.2","Exc L3-4 RORB CUX2",-0.11634624295734,3.74948712592383,11.2148883242971,0.000931631613310978,0.00398720148463067,0.00398720148463067,"gpath_trio"
"5273","SAP30","Exc L3-4 RORB CUX2",-0.0168263137399015,3.92482644304387,0.213142635799535,0.644701329290571,0.766100207235085,0.766100207235085,"gpath_trio"
"5274","SCRG1","Exc L3-4 RORB CUX2",-0.243622482621445,4.4076379960378,29.1838457158308,1.48683728117037e-07,1.92288090689822e-06,1.92288090689822e-06,"gpath_trio"
"5275","HAND2-AS1","Exc L3-4 RORB CUX2",-0.502812498550393,2.13813200419765,36.8097034789488,4.57773699507113e-09,8.76241402993928e-08,8.76241402993928e-08,"gpath_trio"
"5276","AC106895.2","Exc L3-4 RORB CUX2",-0.177484713158415,-0.704670712530921,2.24759213533129,0.135035665062501,0.241624845366593,0.241624845366593,"gpath_trio"
"5277","LINC02268","Exc L3-4 RORB CUX2",0.336806257363326,1.66877691925524,9.07530720133336,0.00284635948157704,0.0103116003844167,0.0103116003844167,"gpath_trio"
"5278","FBXO8","Exc L3-4 RORB CUX2",0.0338408657064527,3.51986971702258,1.19766765328144,0.274801119648204,0.414792203269678,0.414792203269678,"gpath_trio"
"5279","CEP44","Exc L3-4 RORB CUX2",0.0750132145881822,4.75319578351419,9.8151493183568,0.00192892318093187,0.00739707758511699,0.00739707758511699,"gpath_trio"
"5280","AC116616.1","Exc L3-4 RORB CUX2",-0.328807826542493,0.094434511165078,11.5674938490486,0.000776783863443353,0.00341503910328386,0.00341503910328386,"gpath_trio"
"5281","HPGD","Exc L3-4 RORB CUX2",0.272385375975692,1.17291852529731,5.72912376951363,0.0173952637226081,0.0467558547300318,0.0467558547300318,"gpath_trio"
"5282","GLRA3","Exc L3-4 RORB CUX2",0.102307662372226,6.77345506473093,20.6651083175797,8.38942466976587e-06,6.76755868502705e-05,6.76755868502705e-05,"gpath_trio"
"5283","ADAM29","Exc L3-4 RORB CUX2",0.0735779260316776,3.05381439199966,3.54121631577062,0.0609785417606784,0.129349393336314,0.129349393336314,"gpath_trio"
"5284","AC105914.2","Exc L3-4 RORB CUX2",-0.054116422067558,-0.262547483399388,0.239549178415337,0.624944562227504,0.749626867951327,0.749626867951327,"gpath_trio"
"5285","AC095050.1","Exc L3-4 RORB CUX2",-0.149147057165928,2.6696895935372,6.09798342287166,0.0141766143965659,0.0395701709256664,0.0395701709256664,"gpath_trio"
"5286","GPM6A","Exc L3-4 RORB CUX2",0.0649455002046196,9.7986798314232,21.1095450646409,6.76837233528881e-06,5.59868437328625e-05,5.59868437328625e-05,"gpath_trio"
"5287","AC097537.1","Exc L3-4 RORB CUX2",-0.267185671100785,1.16868343343785,17.1346544989104,4.70853148603837e-05,0.000305940813947904,0.000305940813947904,"gpath_trio"
"5288","WDR17","Exc L3-4 RORB CUX2",0.0600273286514903,7.82476209906221,16.5374285223471,6.32705599603822e-05,0.000394098038654125,0.000394098038654125,"gpath_trio"
"5289","SPATA4","Exc L3-4 RORB CUX2",-0.0530961086385149,0.975843235110595,0.651409954563696,0.420346720285691,0.568626463843624,0.568626463843624,"gpath_trio"
"5290","ASB5","Exc L3-4 RORB CUX2",-0.200957232540324,0.0767269862352506,4.59032438907045,0.033081707137659,0.0788636939031395,0.0788636939031395,"gpath_trio"
"5291","AC019163.1","Exc L3-4 RORB CUX2",-0.176872165172307,1.87971388786603,10.3361473888476,0.00146941673273565,0.00588204019502813,0.00588204019502813,"gpath_trio"
"5292","SPCS3","Exc L3-4 RORB CUX2",-0.0655299381882317,5.15852533558679,8.36046434921495,0.00415891296603369,0.0142045148281242,0.0142045148281242,"gpath_trio"
"5293","AC093801.1","Exc L3-4 RORB CUX2",-0.000877306187232191,0.280304666986947,4.66597945626857e-05,0.994555092538718,0.997075580996255,0.997075580996255,"gpath_trio"
"5294","AGA","Exc L3-4 RORB CUX2",-0.206816175872074,2.1967499355805,10.2086873048149,0.00157034460956949,0.00621941548843038,0.00621941548843038,"gpath_trio"
"5295","AC078881.1","Exc L3-4 RORB CUX2",0.126996147092795,4.01208157482712,5.72156161459357,0.0174686738579843,0.0469031800751708,0.0469031800751708,"gpath_trio"
"5296","LINC01098","Exc L3-4 RORB CUX2",0.128431628096596,1.20938892873537,1.41887821545299,0.234674374590476,0.367125200874391,0.367125200874391,"gpath_trio"
"5297","LINC01099","Exc L3-4 RORB CUX2",-0.209183266448678,0.458478938114822,4.3910714850104,0.0370948660536449,0.08680998986571,0.08680998986571,"gpath_trio"
"5298","AC104803.1","Exc L3-4 RORB CUX2",-0.256044914527656,-0.443175093351889,6.35915499856447,0.0122758302431054,0.035124787286151,0.035124787286151,"gpath_trio"
"5299","LINC00290","Exc L3-4 RORB CUX2",-0.0702455236614906,1.44981687661095,0.663658682851213,0.416016781479425,0.564396379957461,0.564396379957461,"gpath_trio"
"5300","AC098864.1","Exc L3-4 RORB CUX2",-0.128503465525327,1.40781548291519,4.35143824185541,0.0379525451112301,0.0883661393674631,0.0883661393674631,"gpath_trio"
"5301","TENM3","Exc L3-4 RORB CUX2",0.173597172096362,7.35258710118701,41.3467171390738,6.07241954381994e-10,1.4130457242972e-08,1.4130457242972e-08,"gpath_trio"
"5302","AC079226.2","Exc L3-4 RORB CUX2",-0.55779847650832,1.56595271756341,61.160286944259,1.31838984858557e-13,7.62135105880051e-12,7.62135105880051e-12,"gpath_trio"
"5303","AC079766.1","Exc L3-4 RORB CUX2",0.0552274671593961,-0.12788465350779,0.357360900211521,0.550495896511138,0.688392384337792,0.688392384337792,"gpath_trio"
"5304","DCTD","Exc L3-4 RORB CUX2",-0.0207047514569763,4.14315738510595,0.667640978449606,0.414623338141135,0.562922331561063,0.562922331561063,"gpath_trio"
"5305","WWC2","Exc L3-4 RORB CUX2",0.0855751718843042,6.68682320951598,21.1107769174334,6.76435040426301e-06,5.59765255972134e-05,5.59765255972134e-05,"gpath_trio"
"5306","CDKN2AIP","Exc L3-4 RORB CUX2",0.0308724234205775,2.69880703553506,0.709178740315236,0.948782777639631,0.974894007941183,0.974894007941183,"gpath_trio"
"5307","AC107214.1","Exc L3-4 RORB CUX2",0.0831072345930014,4.26753675810539,8.97900344437786,0.00299496614863518,0.0107629928836328,0.0107629928836328,"gpath_trio"
"5308","ING2","Exc L3-4 RORB CUX2",-0.0633748440929211,3.50715803997726,3.33975917024276,0.0687705930637691,0.142346025963018,0.142346025963018,"gpath_trio"
"5309","AC107214.2","Exc L3-4 RORB CUX2",-0.0207296343172254,0.389155873715669,0.0740220668551434,0.785784142326692,0.874707298137332,0.874707298137332,"gpath_trio"
"5310","RWDD4","Exc L3-4 RORB CUX2",-0.0617824527223247,3.91456975184048,4.73066468143575,0.130255804245249,0.234676803951411,0.234676803951411,"gpath_trio"
"5311","TRAPPC11","Exc L3-4 RORB CUX2",0.0160058404498972,5.86935859827412,1.15819433132423,0.734324416397189,0.836816261907664,0.836816261907664,"gpath_trio"
"5312","STOX2","Exc L3-4 RORB CUX2",0.107953577908465,7.72783248624188,59.5425593277595,2.56861398199692e-13,1.38932405058412e-11,1.38932405058412e-11,"gpath_trio"
"5313","ENPP6","Exc L3-4 RORB CUX2",-0.106156437827818,2.18457792287395,5.06795428792691,0.0252075929076129,0.0630658713927444,0.0630658713927444,"gpath_trio"
"5314","LINC02363","Exc L3-4 RORB CUX2",-0.0230566946586286,-1.06128901360666,0.0332391862459785,0.855476674321079,0.920002100552925,0.920002100552925,"gpath_trio"
"5315","LINC02362","Exc L3-4 RORB CUX2",0.0723362077906765,0.909236790161382,1.09770470222455,0.295743325127945,0.438818973630675,0.438818973630675,"gpath_trio"
"5316","IRF2","Exc L3-4 RORB CUX2",0.0670031836717453,5.02465642427721,6.3466430875172,0.0123605838859016,0.0353272106386266,0.0353272106386266,"gpath_trio"
"5317","LINC02427","Exc L3-4 RORB CUX2",0.0219688745376121,2.61983435544515,0.120924586599215,0.728315201938484,0.832072006448972,0.832072006448972,"gpath_trio"
"5318","LINC02365","Exc L3-4 RORB CUX2",-0.0575328022089808,-0.0841831186019816,0.531649510634161,0.525261515467782,0.665733828028804,0.665733828028804,"gpath_trio"
"5319","CASP3","Exc L3-4 RORB CUX2",0.0210949513493343,3.79310470577871,0.705909328550027,0.610963139844721,0.738564949545578,0.738564949545578,"gpath_trio"
"5320","PRIMPOL","Exc L3-4 RORB CUX2",0.0285312298547652,4.60215770022331,0.770483969382793,0.380877740988714,0.529069706998575,0.529069706998575,"gpath_trio"
"5321","CENPU","Exc L3-4 RORB CUX2",-0.0660328790007626,-0.248071463309315,0.524977041879671,0.470044505508643,0.615429158195657,0.615429158195657,"gpath_trio"
"5322","ACSL1","Exc L3-4 RORB CUX2",-0.0178675794603911,4.1676905610501,0.606309484970061,0.436888806130544,0.584343122758136,0.584343122758136,"gpath_trio"
"5323","LINC02436","Exc L3-4 RORB CUX2",-0.0255279252631064,1.5030769627945,0.259368437334452,0.610986320094954,0.738564949545578,0.738564949545578,"gpath_trio"
"5324","SLC25A4","Exc L3-4 RORB CUX2",-0.14373400874258,5.50484548855369,39.7144641235452,1.25079090258423e-09,2.70758653000395e-08,2.70758653000395e-08,"gpath_trio"
"5325","CFAP97","Exc L3-4 RORB CUX2",-0.040613136260929,3.89446016421879,1.772687488457,0.184215961971577,0.30579994778389,0.30579994778389,"gpath_trio"
"5326","SNX25","Exc L3-4 RORB CUX2",-0.0095669849069818,5.44461816418312,0.127044520129489,0.721805345951845,0.827786656126562,0.827786656126562,"gpath_trio"
"5327","LRP2BP","Exc L3-4 RORB CUX2",0.0888808990239931,5.04813519486467,4.33211103571414,0.0383783546271783,0.089192870015358,0.089192870015358,"gpath_trio"
"5328","AC112722.1","Exc L3-4 RORB CUX2",0.000335389905755695,3.3302073879353,7.89398838116215e-05,0.99291785216849,0.996573188501436,0.996573188501436,"gpath_trio"
"5329","ANKRD37","Exc L3-4 RORB CUX2",-0.125247079086343,3.1545396231363,8.01020205943697,0.00501458027735472,0.016636927659206,0.016636927659206,"gpath_trio"
"5330","UFSP2","Exc L3-4 RORB CUX2",-0.0799380463980668,3.51678980153858,9.48565590788628,0.00229294340659744,0.00858417762629493,0.00858417762629493,"gpath_trio"
"5331","C4orf47","Exc L3-4 RORB CUX2",-0.0296679795883915,5.40409653123826,1.4485927967004,0.229848540354832,0.361461867772915,0.361461867772915,"gpath_trio"
"5332","CCDC110","Exc L3-4 RORB CUX2",-0.0017963620837465,2.1904089932635,0.00143536124088431,0.969807518742723,0.984347069006109,0.984347069006109,"gpath_trio"
"5333","AC106897.1","Exc L3-4 RORB CUX2",-0.130080612178862,-1.13147860572604,0.911017392792666,0.340731149902904,0.48736270466438,0.48736270466438,"gpath_trio"
"5334","PDLIM3","Exc L3-4 RORB CUX2",-0.066737362914139,0.185140753010354,0.399406008579077,0.527951470304082,0.668051989048223,0.668051989048223,"gpath_trio"
"5335","SORBS2","Exc L3-4 RORB CUX2",0.110186395362737,9.13551419271791,27.687447207775,2.98391013555336e-07,3.56426210685548e-06,3.56426210685548e-06,"gpath_trio"
"5336","AC093797.1","Exc L3-4 RORB CUX2",-0.26059430703398,-0.883368248595272,3.88934541389496,0.049653098996396,0.109675753112842,0.109675753112842,"gpath_trio"
"5337","AC108472.1","Exc L3-4 RORB CUX2",-0.0512812662808655,0.580776711799849,0.483544363432432,0.487442246359683,0.630879350802323,0.630879350802323,"gpath_trio"
"5338","FAM149A","Exc L3-4 RORB CUX2",-0.0150052184575668,3.8319016858897,0.241884656307058,0.623263171408769,0.748420141609776,0.748420141609776,"gpath_trio"
"5339","CYP4V2","Exc L3-4 RORB CUX2",0.0809485872172522,4.23473878248225,5.19978006910239,0.0233995917653862,0.0593017708796962,0.0593017708796962,"gpath_trio"
"5340","KLKB1","Exc L3-4 RORB CUX2",0.00835769917367463,3.13617867199466,0.0114126979711423,0.915006046175215,0.957134182692226,0.957134182692226,"gpath_trio"
"5341","F11","Exc L3-4 RORB CUX2",-0.0503928984912878,-0.477096147520654,0.153309079736439,0.695713628584491,0.807363960695549,0.807363960695549,"gpath_trio"
"5342","F11-AS1","Exc L3-4 RORB CUX2",0.188054772562322,3.22838400891556,5.00933666477214,0.0260578643798821,0.0647594744843707,0.0647594744843707,"gpath_trio"
"5343","AC018709.1","Exc L3-4 RORB CUX2",0.174658351558646,1.69628996699202,3.85334152938399,0.0507129797274741,0.111476832207648,0.111476832207648,"gpath_trio"
"5344","FAT1","Exc L3-4 RORB CUX2",-0.455696966834612,-0.808516904154855,2.32494319768957,0.128534960935776,0.232302502631845,0.232302502631845,"gpath_trio"
"5345","LINC02492","Exc L3-4 RORB CUX2",-0.199808034921047,0.112673417755712,6.70110284749243,0.0101777283575479,0.0300417951153665,0.0300417951153665,"gpath_trio"
"5346","TRIML2","Exc L3-4 RORB CUX2",-0.322613628229973,0.598739237966361,16.6962374065182,5.84834728842792e-05,0.000368374669197731,0.000368374669197731,"gpath_trio"
"5347","LINC01060","Exc L3-4 RORB CUX2",-0.198790494954814,1.3812220243651,13.4239881641034,0.000301042691541833,0.00151876376640572,0.00151876376640572,"gpath_trio"
"5348","FRG1-DT","Exc L3-4 RORB CUX2",0.0706636758366225,5.06768963868447,1.67527412035113,0.19670197491931,0.321469494581012,0.321469494581012,"gpath_trio"
"5349","FRG1","Exc L3-4 RORB CUX2",-0.172395377777238,3.85123575760337,31.8462527088145,4.35465833722673e-08,6.42216607847582e-07,6.42216607847582e-07,"gpath_trio"
"5350","PLEKHG4B","Exc L3-4 RORB CUX2",0.0079280973698656,0.790251800611333,0.00489001319021586,0.944304218319873,0.973030715322151,0.973030715322151,"gpath_trio"
"5351","CCDC127","Exc L3-4 RORB CUX2",-0.118336835934526,3.19839545523329,15.7095851375417,9.54757439355412e-05,0.000560926946388918,0.000560926946388918,"gpath_trio"
"5352","SDHA","Exc L3-4 RORB CUX2",-0.0775433870034332,5.78212674607009,15.1848186126737,0.000124074152078649,0.000702552909959794,0.000702552909959794,"gpath_trio"
"5353","AC021087.1","Exc L3-4 RORB CUX2",0.150003994419561,-0.704109629255511,1.5026088540858,0.221379494019195,0.351390643286805,0.351390643286805,"gpath_trio"
"5354","PDCD6","Exc L3-4 RORB CUX2",0.0487857175555563,4.99422440206866,4.08776560275704,0.0442189171881756,0.0998787118530501,0.0998787118530501,"gpath_trio"
"5355","AHRR","Exc L3-4 RORB CUX2",-0.0928580324114929,3.71570893142785,1.42522487829991,0.233633392264062,0.365876240565525,0.365876240565525,"gpath_trio"
"5356","EXOC3-AS1","Exc L3-4 RORB CUX2",0.0156276181653019,2.83557700553751,0.126656708752619,0.722212559692639,0.828036691395569,0.828036691395569,"gpath_trio"
"5357","EXOC3","Exc L3-4 RORB CUX2",-0.0406555725926412,4.92576566005779,3.6408636585725,0.0574790856390185,0.123008329998576,0.123008329998576,"gpath_trio"
"5358","SLC9A3","Exc L3-4 RORB CUX2",-0.107777825792681,2.15498643045657,6.73961196673708,0.00996586254363304,0.0295081185479526,0.0295081185479526,"gpath_trio"
"5359","AC106772.1","Exc L3-4 RORB CUX2",0.066617271686806,-0.880293095846565,0.294496258448703,0.587818379797716,0.719482849749373,0.719482849749373,"gpath_trio"
"5360","CEP72","Exc L3-4 RORB CUX2",-0.0574798696468281,2.01570901216196,1.77778566646097,0.183588446467316,0.305098592049267,0.305098592049267,"gpath_trio"
"5361","TPPP","Exc L3-4 RORB CUX2",0.0537047850756001,6.57879470887889,4.05694532621482,0.0450198415788361,0.101347389405604,0.101347389405604,"gpath_trio"
"5362","ZDHHC11B","Exc L3-4 RORB CUX2",0.204250740952117,6.30834003118601,7.25048436998001,0.00754872581612748,0.0234012820129643,0.0234012820129643,"gpath_trio"
"5363","ZDHHC11","Exc L3-4 RORB CUX2",0.164443037858431,4.73605074444339,2.31764820164085,0.12912854100465,0.233145544547057,0.233145544547057,"gpath_trio"
"5364","BRD9","Exc L3-4 RORB CUX2",-0.0199750206020323,4.83739313756521,0.355939365843642,0.551289198879164,0.68894075739514,0.68894075739514,"gpath_trio"
"5365","TRIP13","Exc L3-4 RORB CUX2",-0.0129142736334051,1.22722222106879,0.0525364131543712,0.818887268029005,0.896033306913563,0.896033306913563,"gpath_trio"
"5366","NKD2","Exc L3-4 RORB CUX2",-0.212820912474077,1.0481697895795,8.56983491367323,0.00372040069484345,0.0129145017237554,0.0129145017237554,"gpath_trio"
"5367","TERT","Exc L3-4 RORB CUX2",-0.117109780186682,0.409077414444778,1.60628188512326,0.206149164409956,0.333284669602601,0.333284669602601,"gpath_trio"
"5368","CLPTM1L","Exc L3-4 RORB CUX2",-0.0875513523384857,4.43290611604034,13.6579742136678,0.000267413173400989,0.00137453777665349,0.00137453777665349,"gpath_trio"
"5369","LINC01511","Exc L3-4 RORB CUX2",-0.0811392326712903,1.02076059681936,1.7899050041347,0.182106693711599,0.303060508589582,0.303060508589582,"gpath_trio"
"5370","LPCAT1","Exc L3-4 RORB CUX2",-0.0613157835687397,4.76351918815863,10.8698258948496,0.00111366055365572,0.00464336628976809,0.00464336628976809,"gpath_trio"
"5371","AC091849.2","Exc L3-4 RORB CUX2",0.0352346248777361,-0.503023199149502,0.0568086478512263,0.811800754172884,0.891372603430822,0.891372603430822,"gpath_trio"
"5372","AC026412.3","Exc L3-4 RORB CUX2",-0.310121070721462,0.206719993129062,12.8825596199948,0.000396308165184449,0.00192047585097773,0.00192047585097773,"gpath_trio"
"5373","MRPL36","Exc L3-4 RORB CUX2",-0.261484550680391,3.03333822840919,55.6760961111961,1.28376381319794e-12,5.89975738753267e-11,5.89975738753267e-11,"gpath_trio"
"5374","NDUFS6","Exc L3-4 RORB CUX2",-0.141069892359043,3.89234728976548,26.3607502093274,5.55572096559114e-07,6.13837187737138e-06,6.13837187737138e-06,"gpath_trio"
"5375","AC126768.2","Exc L3-4 RORB CUX2",0.0426769590223276,4.0039205339945,0.97199907061366,0.325098668177231,0.470675682129575,0.470675682129575,"gpath_trio"
"5376","AC025187.1","Exc L3-4 RORB CUX2",-0.163426772061478,-1.13494285676747,0.954486113533913,0.329488126625906,0.475854616888681,0.475854616888681,"gpath_trio"
"5377","AC106799.2","Exc L3-4 RORB CUX2",-0.0474481531473633,1.44521066658059,0.897063352979735,0.828027342808269,0.901594856370638,0.901594856370638,"gpath_trio"
"5378","AC022424.1","Exc L3-4 RORB CUX2",0.231795807517116,2.33189495917526,14.6788978376056,0.000159873946476972,0.000875056123215658,0.000875056123215658,"gpath_trio"
"5379","ADAMTS16","Exc L3-4 RORB CUX2",0.136857411399401,5.08644003346913,6.61706893126999,0.010656353371029,0.0311582506174653,0.0311582506174653,"gpath_trio"
"5380","AC022424.2","Exc L3-4 RORB CUX2",-0.229469354534705,-0.380394261311479,4.49899074907775,0.0348613564615645,0.0824534427446734,0.0824534427446734,"gpath_trio"
"5381","ICE1","Exc L3-4 RORB CUX2",0.0516962835360767,6.14179258678999,8.51256501596121,0.0038354206418606,0.0132522026801743,0.0132522026801743,"gpath_trio"
"5382","AC010266.2","Exc L3-4 RORB CUX2",0.0474539413320394,0.980972955464824,0.357161855588423,0.550606846348233,0.688471839174192,0.688471839174192,"gpath_trio"
"5383","LINC02145","Exc L3-4 RORB CUX2",0.0671314203628107,2.04271329047064,1.13078656980982,0.288594233172753,0.430650048392034,0.430650048392034,"gpath_trio"
"5384","MED10","Exc L3-4 RORB CUX2",-0.192516569882452,4.97075004812728,64.9942946866267,2.75292327063809e-14,1.87635901976769e-12,1.87635901976769e-12,"gpath_trio"
"5385","UBE2QL1","Exc L3-4 RORB CUX2",-0.0330970586567889,5.45082050007667,1.97308227336644,0.161314583913796,0.275830301759541,0.275830301759541,"gpath_trio"
"5386","LINC01018","Exc L3-4 RORB CUX2",0.0851060628088013,0.158912917972076,0.878671419543037,0.34943570541678,0.496679255797065,0.496679255797065,"gpath_trio"
"5387","NSUN2","Exc L3-4 RORB CUX2",-0.0103148176741394,4.8283544886906,0.0395850166446176,0.842449654582103,0.911238568582132,0.911238568582132,"gpath_trio"
"5388","SRD5A1","Exc L3-4 RORB CUX2",-0.000309228324996831,4.60259812458473,0.000190138162293516,0.989008845493974,0.994661706535206,0.994661706535206,"gpath_trio"
"5389","LINC02102","Exc L3-4 RORB CUX2",0.156977530363676,2.21963544458166,11.0968993381124,0.000990189849371957,0.004207472664507,0.004207472664507,"gpath_trio"
"5390","TENT4A","Exc L3-4 RORB CUX2",0.0696646016067709,5.87270996772518,15.5372519213831,0.000104043746790888,0.000604052544318319,0.000604052544318319,"gpath_trio"
"5391","LINC02236","Exc L3-4 RORB CUX2",0.129868484972738,1.76149289478313,4.1195194776578,0.0434094938194251,0.0983686422686372,0.0983686422686372,"gpath_trio"
"5392","LINC02196","Exc L3-4 RORB CUX2",0.226452006447094,1.62035376807761,12.6368583136515,0.00044915020243521,0.00213817964467446,0.00213817964467446,"gpath_trio"
"5393","ADCY2","Exc L3-4 RORB CUX2",0.0979859146042154,8.18405267300712,32.6459511820411,3.01967614856272e-08,4.61786969288554e-07,4.61786969288554e-07,"gpath_trio"
"5394","AC093305.1","Exc L3-4 RORB CUX2",-0.320664524622081,0.309290098472517,12.2150165223113,0.000557158951083771,0.00256950717321118,0.00256950717321118,"gpath_trio"
"5395","C5orf49","Exc L3-4 RORB CUX2",-0.00917328688280611,1.47995704917528,0.0262247654786437,0.871478384716414,0.930662524436462,0.930662524436462,"gpath_trio"
"5396","MTRR","Exc L3-4 RORB CUX2",-0.0714751105792342,4.67381729157026,10.1163502496997,0.00164785474864708,0.00646799018559432,0.00646799018559432,"gpath_trio"
"5397","FASTKD3","Exc L3-4 RORB CUX2",-0.0459406765199276,2.48898980421266,1.29766952503464,0.255687766868923,0.392759303835885,0.392759303835885,"gpath_trio"
"5398","MIR4458HG","Exc L3-4 RORB CUX2",-0.178240506441395,1.98542040948918,8.90718404688496,0.00311093944115128,0.01112034075571,0.01112034075571,"gpath_trio"
"5399","SEMA5A","Exc L3-4 RORB CUX2",0.254288855243529,3.11104355731928,7.99050707262389,0.00506774842984998,0.0167939922096293,0.0167939922096293,"gpath_trio"
"5400","TAS2R1","Exc L3-4 RORB CUX2",0.212666219525059,1.26086771605417,4.13499207433715,0.0430207858067307,0.0977109961448493,0.0977109961448493,"gpath_trio"
"5401","LINC02112","Exc L3-4 RORB CUX2",0.024229324382526,4.5880272336423,0.111347699681062,0.738883939271118,0.840635170292382,0.840635170292382,"gpath_trio"
"5402","LINC02221","Exc L3-4 RORB CUX2",-0.245043636002812,-1.04921049810484,3.12169532212007,0.0784295609518801,0.158010424625942,0.158010424625942,"gpath_trio"
"5403","FAM173B","Exc L3-4 RORB CUX2",0.062911639748189,5.12109287553348,5.40649031796782,0.0208320954299107,0.0540493216690392,0.0540493216690392,"gpath_trio"
"5404","AC012640.1","Exc L3-4 RORB CUX2",-0.102197245968079,-0.656734702487947,0.620089278548356,0.431731349663224,0.579126565228887,0.579126565228887,"gpath_trio"
"5405","CCT5","Exc L3-4 RORB CUX2",-0.049239496269514,4.75272900326885,5.22078291014213,0.0231242810743136,0.0587914287334807,0.0587914287334807,"gpath_trio"
"5406","CMBL","Exc L3-4 RORB CUX2",0.0580499986861327,3.25791111693182,3.10455197168205,0.0792488116752003,0.159326833636987,0.159326833636987,"gpath_trio"
"5407","AC012640.2","Exc L3-4 RORB CUX2",0.0656028157491465,-0.301341104254577,0.469745566975064,0.493714837256557,0.637239897744932,0.637239897744932,"gpath_trio"
"5408","MARCH6","Exc L3-4 RORB CUX2",-0.00207569886316317,7.60373557400739,0.0286870860120072,0.969790084196307,0.984347069006109,0.984347069006109,"gpath_trio"
"5409","ROPN1L","Exc L3-4 RORB CUX2",0.114305607568418,2.81126876897965,9.06739953177449,0.0236084216647254,0.0596941856229897,0.0596941856229897,"gpath_trio"
"5410","LINC01513","Exc L3-4 RORB CUX2",0.0245913205267213,0.0250348332919428,0.0771614311518838,0.936523709131228,0.969296122019222,0.969296122019222,"gpath_trio"
"5411","LINC02213","Exc L3-4 RORB CUX2",-0.114000163037062,-0.712859082463704,1.15940901003365,0.282586184831123,0.423816256242039,0.423816256242039,"gpath_trio"
"5412","ANKRD33B","Exc L3-4 RORB CUX2",0.0658204606699554,6.78072853175079,7.34818992497316,0.00716001784309462,0.022373155037223,0.022373155037223,"gpath_trio"
"5413","DAP","Exc L3-4 RORB CUX2",-0.0613659283854561,2.77045952352129,1.80238197327449,0.180595738125891,0.30116705378491,0.30116705378491,"gpath_trio"
"5414","CTNND2","Exc L3-4 RORB CUX2",0.0985473923027001,10.5224068643959,50.3826508000101,1.20369997554258e-11,4.4315049282065e-10,4.4315049282065e-10,"gpath_trio"
"5415","LINC01194","Exc L3-4 RORB CUX2",0.00241353851913972,0.228835879363007,0.000392314322802895,0.984212583771648,0.992129952912611,0.992129952912611,"gpath_trio"
"5416","LINC02220","Exc L3-4 RORB CUX2",0.0199185337042427,1.40095550259973,0.0467268276666089,0.829029490871806,0.902188358505782,0.902188358505782,"gpath_trio"
"5417","DNAH5","Exc L3-4 RORB CUX2",0.0518833136249651,3.56080431821806,1.62546354105238,0.203469756514437,0.33001063893229,0.33001063893229,"gpath_trio"
"5418","AC016576.1","Exc L3-4 RORB CUX2",-0.0150884934281976,3.55587662151262,0.0392737337305152,0.843062208656534,0.911607892573994,0.911607892573994,"gpath_trio"
"5419","TRIO","Exc L3-4 RORB CUX2",0.0661860985032772,9.42096453770686,24.9658473818508,1.07250540936873e-06,1.10509686588428e-05,1.10509686588428e-05,"gpath_trio"
"5420","OTULINL","Exc L3-4 RORB CUX2",0.0792411464069686,4.02508920733329,3.91796887202971,0.048827287320152,0.108204143418724,0.108204143418724,"gpath_trio"
"5421","AC010491.1","Exc L3-4 RORB CUX2",0.00567015017272431,1.42577135463648,0.00883293383066003,0.925194496816956,0.962501880744706,0.962501880744706,"gpath_trio"
"5422","OTULIN","Exc L3-4 RORB CUX2",0.0404737472822116,4.01832452757297,2.48213369822667,0.116361884731157,0.215040855954116,0.215040855954116,"gpath_trio"
"5423","ANKH","Exc L3-4 RORB CUX2",0.112884701381541,7.50401015788429,72.4038926121943,1.4096983790127e-15,1.32900302787762e-13,1.32900302787762e-13,"gpath_trio"
"5424","AC016575.1","Exc L3-4 RORB CUX2",-0.0537395686658077,-0.34398395300766,0.263689850990935,0.6080325096581,0.735920324095757,0.735920324095757,"gpath_trio"
"5425","FBXL7","Exc L3-4 RORB CUX2",-0.50649313054033,-2.01377908774451,15.7670044855185,0.0221045210819347,0.0567404247852286,0.0567404247852286,"gpath_trio"
"5426","MARCH11","Exc L3-4 RORB CUX2",0.0977421932625599,5.67396396516541,14.36530811995,0.000187163062892653,0.00100479371842982,0.00100479371842982,"gpath_trio"
"5427","AC016650.1","Exc L3-4 RORB CUX2",-0.401623193660151,-0.188666281202376,9.67302629988674,0.00207809515034015,0.00788497114258953,0.00788497114258953,"gpath_trio"
"5428","AC092335.1","Exc L3-4 RORB CUX2",0.103849470199249,0.920236285530062,2.30115336273031,0.130492834072369,0.234977947823104,0.234977947823104,"gpath_trio"
"5429","LINC02150","Exc L3-4 RORB CUX2",0.154978208962803,3.52226050207794,2.77576968482099,0.0969048918817051,0.186160368854828,0.186160368854828,"gpath_trio"
"5430","ZNF622","Exc L3-4 RORB CUX2",-0.141311114845049,2.74679125660928,14.4729847932263,0.000177297097854615,0.000958202236597067,0.000958202236597067,"gpath_trio"
"5431","RETREG1","Exc L3-4 RORB CUX2",0.035210021616733,7.09184666247142,3.30604789558518,0.0701759068878561,0.14464639573585,0.14464639573585,"gpath_trio"
"5432","AC022113.1","Exc L3-4 RORB CUX2",0.130092470407403,0.9738007440058,3.28555348571039,0.0710453469463996,0.145991024103036,0.145991024103036,"gpath_trio"
"5433","MYO10","Exc L3-4 RORB CUX2",-0.116957320385308,2.33151904649666,2.17769253515064,0.141234222896689,0.249568617239911,0.249568617239911,"gpath_trio"
"5434","BASP1","Exc L3-4 RORB CUX2",-0.0537672333079071,8.64657928206897,10.4936863096191,0.00135375128791,0.00548322269295006,0.00548322269295006,"gpath_trio"
"5435","AC026790.1","Exc L3-4 RORB CUX2",-0.0895839172759094,1.78058724841034,2.24645089964962,0.135134374228158,0.241710221034073,0.241710221034073,"gpath_trio"
"5436","BASP1-AS1","Exc L3-4 RORB CUX2",0.108216548555861,7.93520286018328,31.8641072594903,4.31915088964673e-08,6.37446007305214e-07,6.37446007305214e-07,"gpath_trio"
"5437","LINC02217","Exc L3-4 RORB CUX2",0.0905662887373294,6.41419791892052,8.64580853686042,0.00357324490639312,0.0124788326097423,0.0124788326097423,"gpath_trio"
"5438","LINC02218","Exc L3-4 RORB CUX2",0.0974121976105292,1.64988351065659,2.38496117558339,0.123724155386067,0.22552718060299,0.22552718060299,"gpath_trio"
"5439","LINC02223","Exc L3-4 RORB CUX2",0.0345891132406152,6.34722631315705,0.342132049580219,0.559108380111108,0.695266985252811,0.695266985252811,"gpath_trio"
"5440","AC106744.1","Exc L3-4 RORB CUX2",-0.420207025813719,0.861150575807798,24.6955254687631,1.21893448187366e-06,1.24139339585063e-05,1.24139339585063e-05,"gpath_trio"
"5441","CDH18","Exc L3-4 RORB CUX2",0.107707598996057,10.1806328695654,28.705579431453,1.85665353131496e-07,2.32802889958231e-06,2.32802889958231e-06,"gpath_trio"
"5442","CDH18-AS1","Exc L3-4 RORB CUX2",-0.450832173419881,0.93433736412112,26.1091554123441,6.25350849500914e-07,6.80132258149915e-06,6.80132258149915e-06,"gpath_trio"
"5443","LINC02241","Exc L3-4 RORB CUX2",0.0408533650459106,5.04119567455157,2.33198988687517,0.127955311720092,0.231545287824277,0.231545287824277,"gpath_trio"
"5444","AC093274.1","Exc L3-4 RORB CUX2",-0.11105239340296,-0.250678751689611,1.48642259835189,0.223877236096601,0.354086174212052,0.354086174212052,"gpath_trio"
"5445","AC091946.1","Exc L3-4 RORB CUX2",-0.0995791094770091,3.78652520245369,4.1646385673583,0.0422862480778561,0.0963765312890586,0.0963765312890586,"gpath_trio"
"5446","CDH12","Exc L3-4 RORB CUX2",0.1358817038811,9.779762167021,22.9278823505101,2.82659019897211e-06,2.59337524771054e-05,2.59337524771054e-05,"gpath_trio"
"5447","C5orf17","Exc L3-4 RORB CUX2",-0.277555176540357,3.20268785351985,2.60017760102339,0.108064829696394,0.203001024325953,0.203001024325953,"gpath_trio"
"5448","CDH10","Exc L3-4 RORB CUX2",0.126519462411722,8.529367825929,23.1198565257711,2.5788988996547e-06,2.39766291707528e-05,2.39766291707528e-05,"gpath_trio"
"5449","AC091885.2","Exc L3-4 RORB CUX2",-0.45690693784698,4.70856891504665,88.5291841061218,2.76860260202573e-18,5.26948655621406e-16,5.26948655621406e-16,"gpath_trio"
"5450","LINC02228","Exc L3-4 RORB CUX2",-0.163276370880634,0.427683594765045,4.16544808726645,0.0422663780146257,0.0963421281714013,0.0963421281714013,"gpath_trio"
"5451","LINC02211","Exc L3-4 RORB CUX2",-0.192499968115787,-0.406353442906372,1.25563524300026,0.263512837711162,0.402013173867296,0.402013173867296,"gpath_trio"
"5452","AC113347.4","Exc L3-4 RORB CUX2",0.0416259687834716,-0.827037962698268,0.122924096359377,0.726168342352325,0.830618341476254,0.830618341476254,"gpath_trio"
"5453","CDH9","Exc L3-4 RORB CUX2",0.077870187358008,7.83799179218484,6.83922259764736,0.00943868057009173,0.0282028110932465,0.0282028110932465,"gpath_trio"
"5454","PURPL","Exc L3-4 RORB CUX2",0.00235084843506743,-1.08568687380671,2.87482199256584e-05,0.995726085077892,0.997803296401255,0.997803296401255,"gpath_trio"
"5455","AC008825.1","Exc L3-4 RORB CUX2",0.112278414711125,-1.37567200805099,0.223979474499666,0.636421430197176,0.759167643483003,0.759167643483003,"gpath_trio"
"5456","LINC02109","Exc L3-4 RORB CUX2",-0.458890168092355,-1.01583102245506,6.24773823983611,0.0130522219975524,0.0369635848962128,0.0369635848962128,"gpath_trio"
"5457","AC113386.1","Exc L3-4 RORB CUX2",-0.0761417872715068,1.02440256565619,1.11844097792462,0.291235965996768,0.433661939182581,0.433661939182581,"gpath_trio"
"5458","CDH6","Exc L3-4 RORB CUX2",0.25209831631538,3.98652519882467,15.1127790334628,0.000128627642998235,0.000724675425157609,0.000724675425157609,"gpath_trio"
"5459","DROSHA","Exc L3-4 RORB CUX2",0.0213871668457808,5.71670027630051,2.05040834781063,0.15336638798253,0.265799061725586,0.265799061725586,"gpath_trio"
"5460","C5orf22","Exc L3-4 RORB CUX2",-0.0211816737874476,4.35085249530658,1.00556991434855,0.316898812672857,0.462086841982863,0.462086841982863,"gpath_trio"
"5461","PDZD2","Exc L3-4 RORB CUX2",0.0388535603294198,9.63448019272933,1.56453941238174,0.212126185161907,0.340573435113917,0.340573435113917,"gpath_trio"
"5462","AC025178.1","Exc L3-4 RORB CUX2",0.124564013992459,2.66444034856925,6.68541535550331,0.0102653636827202,0.0302429486417758,0.0302429486417758,"gpath_trio"
"5463","GOLPH3","Exc L3-4 RORB CUX2",0.0174979953963432,5.69437158643631,0.577813995467077,0.447859153393582,0.594092867362451,0.594092867362451,"gpath_trio"
"5464","AC025181.2","Exc L3-4 RORB CUX2",-0.0156066466127589,0.678934541225274,0.0456130508355874,0.831048116681311,0.903507881341027,0.903507881341027,"gpath_trio"
"5465","MTMR12","Exc L3-4 RORB CUX2",0.0680500808641483,6.46203272349976,23.827011044404,1.84100753654622e-06,1.78055259107479e-05,1.78055259107479e-05,"gpath_trio"
"5466","ZFR","Exc L3-4 RORB CUX2",0.022287246423575,7.13918257790485,2.54988793891195,0.11151670198047,0.208203725935219,0.208203725935219,"gpath_trio"
"5467","SUB1","Exc L3-4 RORB CUX2",-0.168338194126484,6.14356485278579,77.5465051488083,1.86701981751217e-16,2.11613060777011e-14,2.11613060777011e-14,"gpath_trio"
"5468","NPR3","Exc L3-4 RORB CUX2",-0.168996643816558,-0.973440596448222,1.35557361023449,0.245373290297626,0.38015712884001,0.38015712884001,"gpath_trio"
"5469","AC010343.3","Exc L3-4 RORB CUX2",-0.191844719713661,1.33418605169585,12.5926864166391,0.000459383939446518,0.00218123581509379,0.00218123581509379,"gpath_trio"
"5470","AC034231.1","Exc L3-4 RORB CUX2",-0.00924779593530041,0.118841619086899,0.00688798016393,0.933920282956788,0.968035435093156,0.968035435093156,"gpath_trio"
"5471","TARS","Exc L3-4 RORB CUX2",-0.0131615577801087,3.7247565844218,0.13830879317453,0.710271032329022,0.818653912090838,0.818653912090838,"gpath_trio"
"5472","ADAMTS12","Exc L3-4 RORB CUX2",-0.0337133390485698,-0.147487507765132,0.109512400045747,0.740966478422937,0.842149664930582,0.842149664930582,"gpath_trio"
"5473","SLC45A2","Exc L3-4 RORB CUX2",-0.00793492414575651,1.93975894841166,0.0165563335813153,0.897717125425346,0.947251203214245,0.947251203214245,"gpath_trio"
"5474","AMACR","Exc L3-4 RORB CUX2",-0.152717053811541,0.0355840809212399,3.39696039714682,0.0664548623572674,0.138490532802176,0.138490532802176,"gpath_trio"
"5475","C1QTNF3-AMACR","Exc L3-4 RORB CUX2",0.141693709596986,4.91195331790008,24.4797903190982,1.35017582732277e-06,1.36073894463588e-05,1.36073894463588e-05,"gpath_trio"
"5476","RAI14","Exc L3-4 RORB CUX2",-0.0712723217084261,2.10953890654363,0.986043281078626,0.321634566122295,0.467101739959495,0.467101739959495,"gpath_trio"
"5477","AC026801.2","Exc L3-4 RORB CUX2",-0.187862691912745,-0.745382818547589,2.78343803553701,0.0964472617084094,0.185457825482955,0.185457825482955,"gpath_trio"
"5478","TTC23L","Exc L3-4 RORB CUX2",0.0200241593459807,4.05285348853449,0.476794167310982,0.640229480250798,0.762134542565097,0.762134542565097,"gpath_trio"
"5479","RAD1","Exc L3-4 RORB CUX2",-0.0774604868269684,3.74111245946099,8.28867254890543,0.00432118705105144,0.014670801520013,0.014670801520013,"gpath_trio"
"5480","BRIX1","Exc L3-4 RORB CUX2",-0.145510059886252,3.75115213403975,29.7868932917505,1.12439873277512e-07,1.49143618893741e-06,1.49143618893741e-06,"gpath_trio"
"5481","DNAJC21","Exc L3-4 RORB CUX2",0.0980416962535275,5.21296997445593,19.06877135052,1.82206143517577e-05,0.000133285313468713,0.000133285313468713,"gpath_trio"
"5482","PRLR","Exc L3-4 RORB CUX2",0.378072419532864,1.5835672210552,12.2093459441919,0.000558778179183118,0.00257558824880498,0.00257558824880498,"gpath_trio"
"5483","SPEF2","Exc L3-4 RORB CUX2",0.140174791583684,5.70113575700933,27.3573942857485,3.48168477332453e-07,4.07441939105698e-06,4.07441939105698e-06,"gpath_trio"
"5484","AC137810.1","Exc L3-4 RORB CUX2",-0.248405311633067,0.900694240700763,13.1333022155482,0.000348875901528745,0.00172302847327844,0.00172302847327844,"gpath_trio"
"5485","UGT3A2","Exc L3-4 RORB CUX2",-0.177458693446036,-1.40489643912751,1.37920518063727,0.241311070091618,0.375275637022924,0.375275637022924,"gpath_trio"
"5486","LMBRD2","Exc L3-4 RORB CUX2",-0.038512973340042,6.49325337075935,6.13773388129127,0.0138687165017967,0.0388181680665577,0.0388181680665577,"gpath_trio"
"5487","SKP2","Exc L3-4 RORB CUX2",0.124557850787119,4.57658164323093,28.207715351035,2.34084206223246e-07,2.86742493051244e-06,2.86742493051244e-06,"gpath_trio"
"5488","NADK2","Exc L3-4 RORB CUX2",0.0351441516540446,4.82138408856406,2.54710531525236,0.111711230139721,0.208393348873683,0.208393348873683,"gpath_trio"
"5489","AC008957.1","Exc L3-4 RORB CUX2",-0.0716757959683064,0.163696213069326,0.83113658034148,0.362788547896967,0.510657849286354,0.510657849286354,"gpath_trio"
"5490","AC026741.1","Exc L3-4 RORB CUX2",0.0896333416339169,-0.341455715460579,0.906125180415169,0.342028662879508,0.488560483828525,0.488560483828525,"gpath_trio"
"5491","NIPBL","Exc L3-4 RORB CUX2",0.0599194250238161,7.50198604845905,19.2990378306421,1.62850134488931e-05,0.000121370574928488,0.000121370574928488,"gpath_trio"
"5492","CPLANE1","Exc L3-4 RORB CUX2",0.0211551959327881,7.51796990535859,2.6939965131742,0.101935903003231,0.193978196858157,0.193978196858157,"gpath_trio"
"5493","NUP155","Exc L3-4 RORB CUX2",0.0156560981997431,4.27257471435378,0.513820356513427,0.76179808037494,0.857844806554701,0.857844806554701,"gpath_trio"
"5494","WDR70","Exc L3-4 RORB CUX2",0.0844215768164692,7.67864800193117,47.8608911321342,3.54867860294976e-11,1.15103843753234e-09,1.15103843753234e-09,"gpath_trio"
"5495","LINC02107","Exc L3-4 RORB CUX2",-0.201935788663908,-0.663380372052925,3.46966317951037,0.063631757384686,0.133767917603005,0.133767917603005,"gpath_trio"
"5496","EGFLAM","Exc L3-4 RORB CUX2",-0.288132869603566,0.11389239389862,13.5279192065064,0.00028560499560435,0.00145433639230635,0.00145433639230635,"gpath_trio"
"5497","LIFR","Exc L3-4 RORB CUX2",0.0966400893654516,5.07995759048045,13.672632431375,0.000265437980692704,0.00136612532154982,0.00136612532154982,"gpath_trio"
"5498","LIFR-AS1","Exc L3-4 RORB CUX2",0.0392521724494205,3.44917811493464,1.0676217824956,0.319233194705868,0.464517108055599,0.464517108055599,"gpath_trio"
"5499","OSMR","Exc L3-4 RORB CUX2",-0.357226279993033,-0.649631781528204,3.16795024001073,0.0762645130325966,0.154590229120128,0.154590229120128,"gpath_trio"
"5500","RICTOR","Exc L3-4 RORB CUX2",0.0308952061433082,7.2240558155885,5.16033166434846,0.0239259783911654,0.0603458699889689,0.0603458699889689,"gpath_trio"
"5501","FYB1","Exc L3-4 RORB CUX2",-0.75486012861299,-1.08245879848262,11.118371905668,0.000979260593202021,0.00416893489509406,0.00416893489509406,"gpath_trio"
"5502","C9","Exc L3-4 RORB CUX2",0.240362326994054,-0.515901591555512,4.78669820702041,0.0295708023464535,0.0718438026661486,0.0718438026661486,"gpath_trio"
"5503","LINC00603","Exc L3-4 RORB CUX2",-0.0300152915936793,-0.411560199685344,0.108770992529749,0.86163312158289,0.924509988625577,0.924509988625577,"gpath_trio"
"5504","TTC33","Exc L3-4 RORB CUX2",0.00492766778728979,5.17998098264963,0.0843877965048165,0.771668545390438,0.864575604112405,0.864575604112405,"gpath_trio"
"5505","PRKAA1","Exc L3-4 RORB CUX2",0.0288530136002442,4.65078087797617,1.2502218659602,0.264542127768153,0.40301573870894,0.40301573870894,"gpath_trio"
"5506","RPL37","Exc L3-4 RORB CUX2",-0.0644685731929521,5.34559504233143,8.67576803937346,0.00351686615146418,0.0123203289817312,0.0123203289817312,"gpath_trio"
"5507","C6","Exc L3-4 RORB CUX2",0.141575904370055,0.350517849964607,3.10066324696845,0.0794359341185688,0.159591711894257,0.159591711894257,"gpath_trio"
"5508","PLCXD3","Exc L3-4 RORB CUX2",0.396361594193485,4.7437433511664,9.55041903400369,0.0022162288736341,0.00833254146954303,0.00833254146954303,"gpath_trio"
"5509","OXCT1","Exc L3-4 RORB CUX2",0.0281148812510409,6.36609038799404,2.08847170975869,0.149618601132328,0.260872463732151,0.260872463732151,"gpath_trio"
"5510","C5orf51","Exc L3-4 RORB CUX2",0.0523071694518697,4.16232291767695,5.22840920881625,0.0230251518754686,0.0586086852242719,0.0586086852242719,"gpath_trio"
"5511","FBXO4","Exc L3-4 RORB CUX2",0.0357737656002187,3.29322301768382,1.03775832453081,0.555965464408019,0.692579212680145,0.692579212680145,"gpath_trio"
"5512","GHR","Exc L3-4 RORB CUX2",0.225934437901798,5.71504884372633,13.5198875083233,0.000286768812782016,0.00145842218247471,0.00145842218247471,"gpath_trio"
"5513","CCDC152","Exc L3-4 RORB CUX2",-0.0146633836090815,1.84183804091362,0.0485898167716134,0.825708504278496,0.900030745789543,0.900030745789543,"gpath_trio"
"5514","ZNF131","Exc L3-4 RORB CUX2",0.108064634007061,6.76345102689662,65.9695348033556,1.85410919461078e-14,1.31713566905889e-12,1.31713566905889e-12,"gpath_trio"
"5515","NIM1K","Exc L3-4 RORB CUX2",0.10950445146187,6.66627797043065,26.7321606199364,4.66657432040989e-07,5.23918402416636e-06,5.23918402416636e-06,"gpath_trio"
"5516","AC114947.2","Exc L3-4 RORB CUX2",-0.18325001321862,0.459213798439897,3.10541359279653,0.0792074157992889,0.159259479145969,0.159259479145969,"gpath_trio"
"5517","HMGCS1","Exc L3-4 RORB CUX2",0.0168188297290142,5.58176216386873,0.136882875257876,0.7117009151021,0.819927247726409,0.819927247726409,"gpath_trio"
"5518","CCL28","Exc L3-4 RORB CUX2",-0.0770641204627713,1.93376764830098,2.47951561765795,0.116553736142204,0.215296797900472,0.215296797900472,"gpath_trio"
"5519","TMEM267","Exc L3-4 RORB CUX2",0.0369995423155446,5.07827058211559,2.66072216884387,0.325574342315042,0.471218508352769,0.471218508352769,"gpath_trio"
"5520","C5orf34","Exc L3-4 RORB CUX2",-0.0486483211179727,3.35685680179409,1.49609446037319,0.222380696492326,0.352548369615957,0.352548369615957,"gpath_trio"
"5521","PAIP1","Exc L3-4 RORB CUX2",0.00444275787432891,5.41220400215079,0.047789926702724,0.84910113019876,0.916030426860768,0.916030426860768,"gpath_trio"
"5522","NNT-AS1","Exc L3-4 RORB CUX2",0.0301539131377199,5.70511471846542,2.1594747113397,0.142902054137316,0.251772678562601,0.251772678562601,"gpath_trio"
"5523","NNT","Exc L3-4 RORB CUX2",-0.026281047725581,7.25098852497375,1.80672293385201,0.180073471934497,0.300664243510393,0.300664243510393,"gpath_trio"
"5524","FGF10","Exc L3-4 RORB CUX2",0.278938990072005,2.04773977441406,14.5876579197525,0.000167369071962503,0.000910399306239822,0.000910399306239822,"gpath_trio"
"5525","FGF10-AS1","Exc L3-4 RORB CUX2",0.241509769440782,-0.170951604069006,4.68050672712572,0.0314179538489505,0.0755671457919142,0.0755671457919142,"gpath_trio"
"5526","LINC02224","Exc L3-4 RORB CUX2",0.0831899722646317,2.21495078493754,1.58192541038332,0.209612002660121,0.337503763261607,0.337503763261607,"gpath_trio"
"5527","AC093292.1","Exc L3-4 RORB CUX2",0.309831073781227,-0.509648084082552,7.98566610759677,0.00508090532565234,0.0168294902839026,0.0168294902839026,"gpath_trio"
"5528","MRPS30-DT","Exc L3-4 RORB CUX2",0.0692151735370511,6.94856001330629,8.42323123119023,0.00402215860615215,0.0137958262290241,0.0137958262290241,"gpath_trio"
"5529","AC093297.1","Exc L3-4 RORB CUX2",-0.161815218607428,0.370827802527617,3.38486569471624,0.0669374204665329,0.139239271180453,0.139239271180453,"gpath_trio"
"5530","MRPS30","Exc L3-4 RORB CUX2",-0.025255799410285,5.02632422781924,0.966883214334267,0.326372824498649,0.472113840557844,0.472113840557844,"gpath_trio"
"5531","AC093297.2","Exc L3-4 RORB CUX2",-0.0216544223695023,4.32017829462836,0.568780569924317,0.681268153607138,0.795588388459367,0.795588388459367,"gpath_trio"
"5532","AC114954.1","Exc L3-4 RORB CUX2",0.247516885413053,-1.40185463576834,1.82138365305799,0.178322548932357,0.298288485590772,0.298288485590772,"gpath_trio"
"5533","HCN1","Exc L3-4 RORB CUX2",0.112098681993935,9.21608875706889,40.6088118789842,8.413733798466e-10,1.88817663386042e-08,1.88817663386042e-08,"gpath_trio"
"5534","EMB","Exc L3-4 RORB CUX2",0.133902303046731,4.79099013481253,22.4014132234493,3.63655160747442e-06,3.25066143911371e-05,3.25066143911371e-05,"gpath_trio"
"5535","PARP8","Exc L3-4 RORB CUX2",0.0754973535848795,8.04898401098308,17.3618471475986,4.2091992588796e-05,0.00027706556296214,0.00027706556296214,"gpath_trio"
"5536","AC022126.1","Exc L3-4 RORB CUX2",0.0188827265362886,1.95706759968687,0.0871425954047318,0.768077263740444,0.862142039260458,0.862142039260458,"gpath_trio"
"5537","ITGA1","Exc L3-4 RORB CUX2",0.0152206224981993,1.40976297317207,0.081171846268425,0.784770557089479,0.873916541882223,0.873916541882223,"gpath_trio"
"5538","AC025180.1","Exc L3-4 RORB CUX2",-0.0788193452042987,0.565962588153439,1.31085621382562,0.312282524353491,0.456940812941085,0.456940812941085,"gpath_trio"
"5539","AC008966.2","Exc L3-4 RORB CUX2",-0.0486054170056666,0.584224521800787,0.433078085116218,0.511064672928191,0.652784411290045,0.652784411290045,"gpath_trio"
"5540","MOCS2","Exc L3-4 RORB CUX2",-0.0233632613956381,4.46499599548361,0.850260032835438,0.357333613539152,0.504987787416111,0.504987787416111,"gpath_trio"
"5541","AC008966.1","Exc L3-4 RORB CUX2",0.0420662059193278,1.89264927623539,0.66867778230584,0.414261687747901,0.562620636170576,0.562620636170576,"gpath_trio"
"5542","NDUFS4","Exc L3-4 RORB CUX2",0.0269760973625006,5.67561489531007,2.39828259798708,0.122684832918158,0.224098370676672,0.224098370676672,"gpath_trio"
"5543","LINC02105","Exc L3-4 RORB CUX2",-0.069308229576975,-0.999078837868466,0.313045010135807,0.700200463742523,0.81084515876509,0.81084515876509,"gpath_trio"
"5544","AC025175.1","Exc L3-4 RORB CUX2",-0.104392419685507,-0.698023046279434,0.885075477408849,0.347688522806334,0.494800569201279,0.494800569201279,"gpath_trio"
"5545","ARL15","Exc L3-4 RORB CUX2",0.110735762693112,8.88739181690918,19.3683754943978,1.57439505095925e-05,0.000117950553771975,0.000117950553771975,"gpath_trio"
"5546","LINC01033","Exc L3-4 RORB CUX2",-0.0108236420997301,0.799310780028401,0.0261152789987199,0.871744608504315,0.9307577629709,0.9307577629709,"gpath_trio"
"5547","HSPB3","Exc L3-4 RORB CUX2",-0.38133224312482,2.79262951242187,47.1433111025813,4.8357737086004e-11,1.48722156358252e-09,1.48722156358252e-09,"gpath_trio"
"5548","SNX18","Exc L3-4 RORB CUX2",0.0885298392962785,3.09672572337525,7.03256421986211,0.00849592503131836,0.0258412916488539,0.0258412916488539,"gpath_trio"
"5549","CDC20B","Exc L3-4 RORB CUX2",-0.279698763772906,-1.3892569032312,3.15792767514349,0.076728089853542,0.1553426204511,0.1553426204511,"gpath_trio"
"5550","CCNO","Exc L3-4 RORB CUX2",-0.164497812983045,3.04566044424114,14.6492414385194,0.000162272041652549,0.000886258375836537,0.000886258375836537,"gpath_trio"
"5551","AC026704.1","Exc L3-4 RORB CUX2",-0.0680300400119099,3.77122252780227,2.61795364023076,0.106873060144837,0.201228557015594,0.201228557015594,"gpath_trio"
"5552","DHX29","Exc L3-4 RORB CUX2",-0.0793999208643733,5.87338136898046,20.4863876553251,9.14731415917443e-06,7.30590115444751e-05,7.30590115444751e-05,"gpath_trio"
"5553","MTREX","Exc L3-4 RORB CUX2",0.00757678841477283,6.04651973821466,0.2440196019952,0.621734952245754,0.747166960593197,0.747166960593197,"gpath_trio"
"5554","PLPP1","Exc L3-4 RORB CUX2",0.0223500633960824,6.73012947517807,1.40896642786707,0.236311410692027,0.369236579206293,0.369236579206293,"gpath_trio"
"5555","SLC38A9","Exc L3-4 RORB CUX2",-0.019411310958305,5.87047891572437,1.55312067444145,0.213797007669793,0.342384079198132,0.342384079198132,"gpath_trio"
"5556","DDX4","Exc L3-4 RORB CUX2",-0.161423878557591,1.98527689855563,9.18989234005011,0.00267932241814033,0.00979440655661916,0.00979440655661916,"gpath_trio"
"5557","IL31RA","Exc L3-4 RORB CUX2",-0.225891059075922,-1.18769858921972,2.66008529898491,0.104105881292261,0.197214662448016,0.197214662448016,"gpath_trio"
"5558","IL6ST","Exc L3-4 RORB CUX2",-0.000244531013667239,4.78775426528507,8.10895414394829e-05,0.992822073407888,0.996573188501436,0.996573188501436,"gpath_trio"
"5559","AC008892.1","Exc L3-4 RORB CUX2",-0.173268101189857,1.29816834409147,11.2137537293295,0.000932177586202917,0.00398869200459042,0.00398869200459042,"gpath_trio"
"5560","ANKRD55","Exc L3-4 RORB CUX2",-0.102012027946362,3.17515604562978,1.25892142379147,0.262890445151112,0.401298088167939,0.401298088167939,"gpath_trio"
"5561","LINC01948","Exc L3-4 RORB CUX2",0.228694783606046,-1.31173839059688,1.30131186925062,0.255023371553435,0.391977489036305,0.391977489036305,"gpath_trio"
"5562","C5orf67","Exc L3-4 RORB CUX2",-0.232253505609997,0.610308533075573,7.7214223548528,0.005854959535999,0.0189818108048819,0.0189818108048819,"gpath_trio"
"5563","MAP3K1","Exc L3-4 RORB CUX2",0.101106815922019,3.65532664545826,11.7617293049105,0.000702945547020235,0.00313690033424756,0.00313690033424756,"gpath_trio"
"5564","AC008937.2","Exc L3-4 RORB CUX2",-0.350914472426543,-0.163872711083662,15.6664732982466,9.75496842935922e-05,0.000571613383858037,0.000571613383858037,"gpath_trio"
"5565","SETD9","Exc L3-4 RORB CUX2",-0.0758941544041608,0.102955125545924,0.894976225763792,0.345010688813025,0.491914533342952,0.491914533342952,"gpath_trio"
"5566","MIER3","Exc L3-4 RORB CUX2",0.0219743229094001,3.54434954380541,0.742724204451999,0.389583729065924,0.537352275511385,0.537352275511385,"gpath_trio"
"5567","GPBP1","Exc L3-4 RORB CUX2",0.0451056958117729,6.83341721334029,9.19414286963757,0.0026733226111799,0.0097801375138673,0.0097801375138673,"gpath_trio"
"5568","AC025470.2","Exc L3-4 RORB CUX2",0.0166260222169158,0.888910828216626,0.047343950827292,0.827921841225855,0.90157281865341,0.90157281865341,"gpath_trio"
"5569","AC008780.1","Exc L3-4 RORB CUX2",-0.12865690478723,1.43087140478061,3.247758748099,0.0726793269736091,0.148778843019558,0.148778843019558,"gpath_trio"
"5570","AC008780.2","Exc L3-4 RORB CUX2",-0.207837049855213,3.43718274640721,17.9895018915633,3.09066591583811e-05,0.000211728980821847,0.000211728980821847,"gpath_trio"
"5571","PLK2","Exc L3-4 RORB CUX2",-0.0363414081079032,5.7599833742163,1.95174208868509,0.163590395047119,0.278847264284862,0.278847264284862,"gpath_trio"
"5572","LINC02108","Exc L3-4 RORB CUX2",-0.0699033822904201,0.237427108395927,0.713153897538702,0.575884908767996,0.709370405774599,0.709370405774599,"gpath_trio"
"5573","RAB3C","Exc L3-4 RORB CUX2",0.0791945310120935,7.25068854338988,14.6587417536216,0.000161499874852971,0.000882997283240838,0.000882997283240838,"gpath_trio"
"5574","AC016642.1","Exc L3-4 RORB CUX2",-0.40918308488246,0.868353189318936,26.4106427813071,5.42697827844538e-07,6.00929126057275e-06,6.00929126057275e-06,"gpath_trio"
"5575","PDE4D","Exc L3-4 RORB CUX2",0.0879712123084871,11.3759506908366,28.1990449482551,2.35031899784523e-07,2.87728675858784e-06,2.87728675858784e-06,"gpath_trio"
"5576","AC092343.1","Exc L3-4 RORB CUX2",-0.33799188897564,1.89194170938542,29.5016888561418,1.28312117244118e-07,1.6809720554546e-06,1.6809720554546e-06,"gpath_trio"
"5577","PART1","Exc L3-4 RORB CUX2",0.0332368676448263,6.88220905871004,1.16728808357837,0.280960298333126,0.421910980191352,0.421910980191352,"gpath_trio"
"5578","DEPDC1B","Exc L3-4 RORB CUX2",0.012436021792922,2.57868486221511,0.0679986518514105,0.794479752208122,0.880138950808993,0.880138950808993,"gpath_trio"
"5579","ELOVL7","Exc L3-4 RORB CUX2",0.0231879244510127,4.69589001631433,0.714336733345678,0.398784937978599,0.54697709726822,0.54697709726822,"gpath_trio"
"5580","AC104113.1","Exc L3-4 RORB CUX2",-0.0739422988147419,-0.99264279847474,0.355505233179878,0.643960289503425,0.765469161159131,0.765469161159131,"gpath_trio"
"5581","ERCC8","Exc L3-4 RORB CUX2",0.0664548673605117,5.74430237180834,11.1146794460632,0.00098113122328877,0.00417601739026391,0.00417601739026391,"gpath_trio"
"5582","NDUFAF2","Exc L3-4 RORB CUX2",0.126813424408695,6.16228030519118,68.705811709942,6.15769014307097e-15,4.92981740620861e-13,4.92981740620861e-13,"gpath_trio"
"5583","SMIM15","Exc L3-4 RORB CUX2",-0.0891769512692755,2.20490713121507,3.95999477882007,0.0476411327945694,0.105994980265245,0.105994980265245,"gpath_trio"
"5584","SMIM15-AS1","Exc L3-4 RORB CUX2",0.090409601667815,3.4509088697422,8.2082711157493,0.0045106459560327,0.0151872967561682,0.0151872967561682,"gpath_trio"
"5585","LINC02057","Exc L3-4 RORB CUX2",-0.0603107059975292,-1.15097712961071,0.199290963976893,0.782015349855905,0.872046476996405,0.872046476996405,"gpath_trio"
"5586","ZSWIM6","Exc L3-4 RORB CUX2",0.0694849504009582,7.96545721971461,19.2158424407297,1.6959109544997e-05,0.000125375608307188,0.000125375608307188,"gpath_trio"
"5587","KIF2A","Exc L3-4 RORB CUX2",0.0131089945391528,6.43468025925644,0.91138458871691,0.437896267196993,0.584917943336787,0.584917943336787,"gpath_trio"
"5588","DIMT1","Exc L3-4 RORB CUX2",-0.0666737133811301,3.92911628427488,4.95391895341028,0.0268893232809082,0.0664248925177326,0.0664248925177326,"gpath_trio"
"5589","IPO11","Exc L3-4 RORB CUX2",0.00758863214026852,5.77934176440607,0.141842280911862,0.706763524491953,0.815868680078766,0.815868680078766,"gpath_trio"
"5590","HTR1A","Exc L3-4 RORB CUX2",0.110606189733892,-0.875066553922463,0.656136906472775,0.418667804452728,0.566941649518556,0.566941649518556,"gpath_trio"
"5591","RNF180","Exc L3-4 RORB CUX2",0.109313363143731,6.52679558011848,62.8399283870006,6.62162041085861e-14,4.06052254678032e-12,4.06052254678032e-12,"gpath_trio"
"5592","RGS7BP","Exc L3-4 RORB CUX2",0.154668845803138,6.69830344341478,67.7603407704145,9.00218191352604e-15,7.0123173785864e-13,7.0123173785864e-13,"gpath_trio"
"5593","SREK1IP1","Exc L3-4 RORB CUX2",-0.0602929028409986,5.23979255901341,10.7379731941507,0.00140115945739382,0.00563676810626525,0.00563676810626525,"gpath_trio"
"5594","CWC27","Exc L3-4 RORB CUX2",0.0492844120146945,6.95299098344515,13.814832682217,0.000247028452659656,0.00128415331935289,0.00128415331935289,"gpath_trio"
"5595","AC092354.1","Exc L3-4 RORB CUX2",0.127458639047021,-0.488683428732389,1.78339179783258,0.182901282517935,0.304279512723123,0.304279512723123,"gpath_trio"
"5596","ADAMTS6","Exc L3-4 RORB CUX2",0.126680459649446,3.18326622098477,1.78032272140838,0.183277098472891,0.304706671750357,0.304706671750357,"gpath_trio"
"5597","CENPK","Exc L3-4 RORB CUX2",0.054001999863664,1.65456565065118,0.615132856458544,0.433575667989994,0.581049135614425,0.581049135614425,"gpath_trio"
"5598","PPWD1","Exc L3-4 RORB CUX2",0.0040850320860475,5.17271980858627,0.0445814378643498,0.947575569960727,0.974448147491389,0.974448147491389,"gpath_trio"
"5599","TRIM23","Exc L3-4 RORB CUX2",-0.0724930873921175,5.78614236567192,23.7883886955179,1.87515363412026e-06,1.80924077323655e-05,1.80924077323655e-05,"gpath_trio"
"5600","TRAPPC13","Exc L3-4 RORB CUX2",-0.0670162727109706,5.66296210897905,10.0544464938098,0.00170199370988135,0.00665201919737626,0.00665201919737626,"gpath_trio"
"5601","SGTB","Exc L3-4 RORB CUX2",-0.0345456296676818,6.05135390610666,3.70718525251884,0.218891358048538,0.348580077237848,0.348580077237848,"gpath_trio"
"5602","NLN","Exc L3-4 RORB CUX2",0.01932853416766,6.43268928828786,1.11458009461636,0.292068476108334,0.434703870401999,0.434703870401999,"gpath_trio"
"5603","ERBIN","Exc L3-4 RORB CUX2",0.0817190938931642,5.9979097605463,11.241858342469,0.000918748915579033,0.00393791361202613,0.00393791361202613,"gpath_trio"
"5604","SREK1","Exc L3-4 RORB CUX2",0.0406314804706226,6.35991333274907,4.40785924839861,0.0367377540343502,0.086064118397935,0.086064118397935,"gpath_trio"
"5605","AC113378.1","Exc L3-4 RORB CUX2",0.262806120728471,-0.518181659095902,6.69834880613495,0.0101930572500546,0.0300826404359057,0.0300826404359057,"gpath_trio"
"5606","MAST4","Exc L3-4 RORB CUX2",0.0724187069444983,9.1920240406477,14.1832774607433,0.000205126226078019,0.00109096438283311,0.00109096438283311,"gpath_trio"
"5607","AC112206.2","Exc L3-4 RORB CUX2",0.119809319888973,4.98964541006724,5.95175838652755,0.0153715454951357,0.0423084488900905,0.0423084488900905,"gpath_trio"
"5608","AC106798.1","Exc L3-4 RORB CUX2",0.035845445453745,1.28947111976364,0.271133470508346,0.60301557954005,0.731718785403819,0.731718785403819,"gpath_trio"
"5609","PIK3R1","Exc L3-4 RORB CUX2",-0.0338785070841203,8.43625077007539,5.16600101896433,0.0238495740763915,0.0601757324901449,0.0601757324901449,"gpath_trio"
"5610","AC010280.2","Exc L3-4 RORB CUX2",0.0275197211984016,0.556939694304349,0.161734801930574,0.687894727134055,0.800869993648194,0.800869993648194,"gpath_trio"
"5611","AC010280.1","Exc L3-4 RORB CUX2",0.128071886298625,-0.442525086008033,1.70101530580838,0.193308618152328,0.317099062624865,0.317099062624865,"gpath_trio"
"5612","AC093523.1","Exc L3-4 RORB CUX2",0.0929964034512051,5.72997305792021,7.22097845333919,0.00767033078507451,0.0237272191948602,0.0237272191948602,"gpath_trio"
"5613","LINC02198","Exc L3-4 RORB CUX2",0.0296315855493998,3.84440129137971,0.556378130125515,0.456397065549333,0.602171917955515,0.602171917955515,"gpath_trio"
"5614","SLC30A5","Exc L3-4 RORB CUX2",-0.0156405173136321,5.22766058631094,0.583103813023812,0.44579063048394,0.592166576903706,0.592166576903706,"gpath_trio"
"5615","AC010273.1","Exc L3-4 RORB CUX2",-0.200797288006306,0.711569952962297,9.00403744751448,0.00295558893868628,0.0106480369353564,0.0106480369353564,"gpath_trio"
"5616","CCNB1","Exc L3-4 RORB CUX2",-0.082787330362784,1.68167068822311,2.71235838001324,0.100781726591441,0.192144333205663,0.192144333205663,"gpath_trio"
"5617","CENPH","Exc L3-4 RORB CUX2",-0.0403637310619048,1.16085744526798,0.505815076337045,0.70001315505218,0.810721320503889,0.810721320503889,"gpath_trio"
"5618","MRPS36","Exc L3-4 RORB CUX2",-0.0931383955555215,4.54372368878894,21.4775102179448,5.66826254773945e-06,4.8006621099376e-05,4.8006621099376e-05,"gpath_trio"
"5619","CDK7","Exc L3-4 RORB CUX2",-0.0321259332763992,4.696488150689,2.57036075700509,0.110096953859425,0.206029685939514,0.206029685939514,"gpath_trio"
"5620","CCDC125","Exc L3-4 RORB CUX2",0.109718518850179,4.54539507175008,15.6008742329897,0.000100793363660403,0.000587548717667908,0.000587548717667908,"gpath_trio"
"5621","AK6","Exc L3-4 RORB CUX2",-0.062554026565643,3.88321897415274,6.41194065010925,0.0119248304588352,0.0342516307669419,0.0342516307669419,"gpath_trio"
"5622","RAD17","Exc L3-4 RORB CUX2",0.00327074982739406,4.5177396115623,0.0229517764919193,0.87970002293905,0.936182242605664,0.936182242605664,"gpath_trio"
"5623","MARVELD2","Exc L3-4 RORB CUX2",0.0662412273402641,0.248279556589932,0.712919274322912,0.735108489756693,0.837284129218161,0.837284129218161,"gpath_trio"
"5624","OCLN","Exc L3-4 RORB CUX2",-0.10099438670742,2.23396871989219,1.11212080596437,0.292600355923884,0.435211750277526,0.435211750277526,"gpath_trio"
"5625","GTF2H2C","Exc L3-4 RORB CUX2",-0.0645945678841514,4.87053795837747,1.49668556699499,0.222289624617612,0.352514791436906,0.352514791436906,"gpath_trio"
"5626","SERF1B","Exc L3-4 RORB CUX2",-0.0541191203886727,-0.0487784034380062,0.330666052253854,0.565764408740514,0.701080827119948,0.701080827119948,"gpath_trio"
"5627","SMN2","Exc L3-4 RORB CUX2",0.0411466815735446,1.41063261855471,0.200825964721931,0.654428164596699,0.773923296307682,0.773923296307682,"gpath_trio"
"5628","AC146944.4","Exc L3-4 RORB CUX2",-0.0741017644349555,0.147730552835348,0.513746842650763,0.474164701354496,0.618838513687076,0.618838513687076,"gpath_trio"
"5629","SERF1A","Exc L3-4 RORB CUX2",-0.0504053231510024,0.192929108056961,0.366270071055217,0.628324345107797,0.752489829190895,0.752489829190895,"gpath_trio"
"5630","SMN1","Exc L3-4 RORB CUX2",-0.0270490507051558,1.0458218168205,0.166015532000387,0.68401274558457,0.797777612566117,0.797777612566117,"gpath_trio"
"5631","NAIP","Exc L3-4 RORB CUX2",-0.0907441951885916,5.11871685564139,3.09334559596047,0.0797893533934734,0.160126350812029,0.160126350812029,"gpath_trio"
"5632","GTF2H2","Exc L3-4 RORB CUX2",-0.124781782700642,4.72947506102512,3.32593588389546,0.0693431417467047,0.143310580284754,0.143310580284754,"gpath_trio"
"5633","LINC02197","Exc L3-4 RORB CUX2",0.12562653591314,2.19317556362984,2.22899481615982,0.136654370218876,0.243702105468559,0.243702105468559,"gpath_trio"
"5634","BDP1","Exc L3-4 RORB CUX2",0.0617413766581218,7.40798964516485,8.674414808031,0.00351939296062379,0.0123249007083119,0.0123249007083119,"gpath_trio"
"5635","MCCC2","Exc L3-4 RORB CUX2",-0.0157681382319876,5.66859854843085,0.360984816839361,0.548483185755454,0.686710206814961,0.686710206814961,"gpath_trio"
"5636","CARTPT","Exc L3-4 RORB CUX2",-0.249034265181771,5.29356008215394,5.27642699217007,0.0224110979617085,0.0573759789488574,0.0573759789488574,"gpath_trio"
"5637","MAP1B","Exc L3-4 RORB CUX2",-0.0550282200950949,9.87372778772153,12.846119020056,0.000403727352843034,0.00195234883595595,0.00195234883595595,"gpath_trio"
"5638","MRPS27","Exc L3-4 RORB CUX2",-0.00540260388468898,5.61956559051991,0.0895429032900888,0.764998114580544,0.859981247092909,0.859981247092909,"gpath_trio"
"5639","PTCD2","Exc L3-4 RORB CUX2",0.0755587315259833,3.75506532992974,8.70584249934647,0.0034611866213256,0.0121569359479881,0.0121569359479881,"gpath_trio"
"5640","ZNF366","Exc L3-4 RORB CUX2",-0.0534636861240905,-0.165369272089286,0.344589164355862,0.690925713621375,0.803458779633955,0.803458779633955,"gpath_trio"
"5641","LINC02056","Exc L3-4 RORB CUX2",0.0662816592778926,0.250031502425431,0.530942321308056,0.466866737708886,0.612261858637336,0.612261858637336,"gpath_trio"
"5642","AC063979.2","Exc L3-4 RORB CUX2",0.194595417028492,1.4806345395566,6.27017729830739,0.0128918719390505,0.0365928337796483,0.0365928337796483,"gpath_trio"
"5643","AC035140.1","Exc L3-4 RORB CUX2",0.175614539734625,1.58952184406787,8.9384616009706,0.00305987824889694,0.0109552872531492,0.0109552872531492,"gpath_trio"
"5644","TNPO1","Exc L3-4 RORB CUX2",0.0483759143046885,7.19999191749635,11.4940081886223,0.00080673630673874,0.00352472064599192,0.00352472064599192,"gpath_trio"
"5645","AC008972.2","Exc L3-4 RORB CUX2",0.295342770083101,-0.496376526307288,6.33110497473367,0.0124666795897845,0.035595140210006,0.035595140210006,"gpath_trio"
"5646","FCHO2","Exc L3-4 RORB CUX2",0.0702917622720344,6.84783132552659,12.4963283983794,0.000482538418405493,0.00227511394983193,0.00227511394983193,"gpath_trio"
"5647","AC116345.1","Exc L3-4 RORB CUX2",0.144245493051577,0.589214450367788,0.950767145472208,0.330430401523016,0.476820924878538,0.476820924878538,"gpath_trio"
"5648","AC099522.2","Exc L3-4 RORB CUX2",-0.108425335771442,0.309094474233452,2.04134760778457,0.154274202869107,0.266845168285686,0.266845168285686,"gpath_trio"
"5649","BTF3","Exc L3-4 RORB CUX2",-0.238416858896516,4.87446761466632,60.4922559958379,1.73565572738847e-13,9.74811535881916e-12,9.74811535881916e-12,"gpath_trio"
"5650","ANKRA2","Exc L3-4 RORB CUX2",-0.1005961345394,3.59652689939793,14.406693984871,0.000183306784966446,0.000987507179358625,0.000987507179358625,"gpath_trio"
"5651","UTP15","Exc L3-4 RORB CUX2",-0.0647208356312096,2.3840642727762,2.53806155422823,0.112346062026341,0.209152145555175,0.209152145555175,"gpath_trio"
"5652","ARHGEF28","Exc L3-4 RORB CUX2",0.10389552418994,6.51522331342567,10.486540752142,0.00135879096358985,0.00549701377389717,0.00549701377389717,"gpath_trio"
"5653","LINC02122","Exc L3-4 RORB CUX2",0.33663299322143,-0.197260549927682,8.47195755576429,0.00391917757891403,0.0134956193997178,0.0134956193997178,"gpath_trio"
"5654","LINC01335","Exc L3-4 RORB CUX2",0.125975060122278,0.981596945563351,2.27582591054825,0.132619252314061,0.238211664479716,0.238211664479716,"gpath_trio"
"5655","AC106732.1","Exc L3-4 RORB CUX2",-0.225499745555337,-0.734491779146149,3.45399072023843,0.0642292617757767,0.134782066090911,0.134782066090911,"gpath_trio"
"5656","LINC01332","Exc L3-4 RORB CUX2",0.141249061159833,1.21460820334603,3.2403522798364,0.0730042556860988,0.14925626859212,0.14925626859212,"gpath_trio"
"5657","LINC01331","Exc L3-4 RORB CUX2",0.166758949355505,4.57421584433424,8.97227168863974,0.00300564612526013,0.0107936829079963,0.0107936829079963,"gpath_trio"
"5658","ENC1","Exc L3-4 RORB CUX2",-0.175202215226181,8.69784582627846,53.0622387200187,3.8565942992645e-12,1.58465967388312e-10,1.58465967388312e-10,"gpath_trio"
"5659","HEXB","Exc L3-4 RORB CUX2",0.00932423191066531,5.54254337115356,0.243972150776396,0.621768827826478,0.747166960593197,0.747166960593197,"gpath_trio"
"5660","GFM2","Exc L3-4 RORB CUX2",-0.00463232834413541,5.31842578033405,0.033263090840704,0.855425290911461,0.920002100552925,0.920002100552925,"gpath_trio"
"5661","NSA2","Exc L3-4 RORB CUX2",-0.0459420773557605,4.54830150154716,3.05908857120524,0.0814666837899723,0.162699499649841,0.162699499649841,"gpath_trio"
"5662","FAM169A","Exc L3-4 RORB CUX2",0.0484946559996493,6.69161854839598,14.2555619582891,0.00019779247895787,0.00105503258666981,0.00105503258666981,"gpath_trio"
"5663","AC010501.1","Exc L3-4 RORB CUX2",-0.215568681481837,-0.398937746160976,5.00354923895988,0.0261434243817416,0.0649401116598912,0.0649401116598912,"gpath_trio"
"5664","AC116337.3","Exc L3-4 RORB CUX2",-0.219180965614641,2.05221365873461,11.4037746494678,0.000845128903592236,0.00366519252578963,0.00366519252578963,"gpath_trio"
"5665","GCNT4","Exc L3-4 RORB CUX2",-0.176151128933278,3.1098415722698,16.480240695147,6.50900368555993e-05,0.000404183285183662,0.000404183285183662,"gpath_trio"
"5666","LINC01336","Exc L3-4 RORB CUX2",-0.0401566552754971,2.35451093873558,0.522562703520459,0.470400291682324,0.61572380585177,0.61572380585177,"gpath_trio"
"5667","ANKRD31","Exc L3-4 RORB CUX2",0.0852503954208463,2.61267877466507,3.85972973548813,0.0505231825811764,0.11114902676949,0.11114902676949,"gpath_trio"
"5668","AC008897.2","Exc L3-4 RORB CUX2",0.018757276244084,-1.22695483461996,0.0122657444965633,0.911899384152649,0.955072941664315,0.955072941664315,"gpath_trio"
"5669","HMGCR","Exc L3-4 RORB CUX2",-0.0432686435531996,5.96568996275695,1.20095929193941,0.274144051557397,0.413986245521743,0.413986245521743,"gpath_trio"
"5670","COL4A3BP","Exc L3-4 RORB CUX2",0.0415776685014777,6.59946100952368,13.5675772389098,0.000279928336811885,0.0014293986826575,0.0014293986826575,"gpath_trio"
"5671","AC008897.3","Exc L3-4 RORB CUX2",-0.0397039653552326,-0.247855870534921,0.11877367488268,0.730646959472788,0.833838316925428,0.833838316925428,"gpath_trio"
"5672","POLK","Exc L3-4 RORB CUX2",0.0767309425539011,6.09468221696909,28.1161577088121,2.44289528755048e-07,2.97258217287882e-06,2.97258217287882e-06,"gpath_trio"
"5673","AC010245.2","Exc L3-4 RORB CUX2",0.0381319654718525,0.850385323663508,0.405045386302997,0.900174599814797,0.949099689117509,0.949099689117509,"gpath_trio"
"5674","ANKDD1B","Exc L3-4 RORB CUX2",0.0666279700557994,3.51278765401954,2.35813842456391,0.125846787063681,0.228508588696766,0.228508588696766,"gpath_trio"
"5675","POC5","Exc L3-4 RORB CUX2",-0.0389555082193773,4.62705808651208,2.45764266958472,0.122161344670941,0.223277945177831,0.223277945177831,"gpath_trio"
"5676","AC026774.1","Exc L3-4 RORB CUX2",-0.115550050696195,-1.3078098943048,0.441891442905437,0.506800094996839,0.649063157275518,0.649063157275518,"gpath_trio"
"5677","SV2C","Exc L3-4 RORB CUX2",-0.202835291780086,4.9009925451033,3.16853343275144,0.0762376318549552,0.154582333937058,0.154582333937058,"gpath_trio"
"5678","AC113404.1","Exc L3-4 RORB CUX2",-0.34428449081913,-0.976140961755474,5.14451130524439,0.0241405395223644,0.060833797759643,0.060833797759643,"gpath_trio"
"5679","IQGAP2","Exc L3-4 RORB CUX2",-0.455244158399764,-0.931186578032924,5.62936627051215,0.0183899988626228,0.0488310380433554,0.0488310380433554,"gpath_trio"
"5680","S100Z","Exc L3-4 RORB CUX2",-0.264628109647205,0.179569287974666,7.55519101935146,0.00640303044464435,0.0204529986099905,0.0204529986099905,"gpath_trio"
"5681","AGGF1","Exc L3-4 RORB CUX2",-0.0123637858902043,-0.46862719767368,0.0106350255281708,0.917942258336695,0.958647543800267,0.958647543800267,"gpath_trio"
"5682","AC008581.2","Exc L3-4 RORB CUX2",0.076776148373968,3.17805000083791,5.41098698071648,0.0207796242650615,0.0539409314909438,0.0539409314909438,"gpath_trio"
"5683","ZBED3","Exc L3-4 RORB CUX2",0.155574065898139,2.21181553549519,10.7239019590292,0.00120118053743371,0.00496086332502047,0.00496086332502047,"gpath_trio"
"5684","AC022414.1","Exc L3-4 RORB CUX2",0.121453501255406,2.58182218389889,3.95562788345531,0.0477629489866731,0.106235307635275,0.106235307635275,"gpath_trio"
"5685","PDE8B","Exc L3-4 RORB CUX2",-0.0974012592082288,4.47402488877897,9.58930606656198,0.00217143030005662,0.00819005539421244,0.00819005539421244,"gpath_trio"
"5686","WDR41","Exc L3-4 RORB CUX2",-0.00968709077514346,5.27056942822204,0.237182239526958,0.626659006973024,0.751119621297573,0.751119621297573,"gpath_trio"
"5687","TBCA","Exc L3-4 RORB CUX2",-0.0787433895724908,6.48175612971606,29.0130585460803,1.60948852492415e-07,2.060369986697e-06,2.060369986697e-06,"gpath_trio"
"5688","AP3B1","Exc L3-4 RORB CUX2",0.0613800112046776,5.81039485737432,12.6880961147547,0.00043756921459744,0.00209292529741663,0.00209292529741663,"gpath_trio"
"5689","SCAMP1-AS1","Exc L3-4 RORB CUX2",0.000990775645190984,1.84025995926044,0.000367491239649963,0.984720143482249,0.992244975264928,0.992244975264928,"gpath_trio"
"5690","SCAMP1","Exc L3-4 RORB CUX2",-0.0687677729099933,6.15385343225049,22.3658798062969,3.69901517737672e-06,3.29918794003428e-05,3.29918794003428e-05,"gpath_trio"
"5691","LHFPL2","Exc L3-4 RORB CUX2",0.144434972653642,4.34662091272202,6.48592841110005,0.0114502194234076,0.0330720367741229,0.0330720367741229,"gpath_trio"
"5692","ARSB","Exc L3-4 RORB CUX2",0.102013877258357,5.31965491066222,19.2505341166299,1.66746515605751e-05,0.000123726037232292,0.000123726037232292,"gpath_trio"
"5693","DMGDH","Exc L3-4 RORB CUX2",0.0859515684949175,5.28182056146955,6.3849276305964,0.0121031390178372,0.0346749261125908,0.0346749261125908,"gpath_trio"
"5694","BHMT2","Exc L3-4 RORB CUX2",-0.0787235261174816,1.79548787209258,1.18446859772502,0.27745591959343,0.417767981028244,0.417767981028244,"gpath_trio"
"5695","BHMT","Exc L3-4 RORB CUX2",-0.105554043798796,-0.239635662474565,0.927769245272916,0.336338211254301,0.482893781102728,0.482893781102728,"gpath_trio"
"5696","JMY","Exc L3-4 RORB CUX2",0.080130014256628,6.20338799522637,41.2251793053038,6.4070925387549e-10,1.48067688395625e-08,1.48067688395625e-08,"gpath_trio"
"5697","HOMER1","Exc L3-4 RORB CUX2",-0.0493732950401076,7.92813708583892,3.80344154277152,0.052221899622954,0.114122273060344,0.114122273060344,"gpath_trio"
"5698","TENT2","Exc L3-4 RORB CUX2",-0.0225823377055845,7.11133270038309,1.5944413405047,0.207824014040279,0.335401126570885,0.335401126570885,"gpath_trio"
"5699","CMYA5","Exc L3-4 RORB CUX2",0.108680374072173,5.50069788009157,9.92268510140712,0.00182335234749586,0.00704850232050757,0.00704850232050757,"gpath_trio"
"5700","AC008496.2","Exc L3-4 RORB CUX2",-0.207533754533285,0.0276887359123197,5.28710968743132,0.022276824577853,0.0571073616084097,0.0571073616084097,"gpath_trio"
"5701","MTX3","Exc L3-4 RORB CUX2",-0.0487244196324986,4.70874908346932,5.41685270126275,0.0207113844948981,0.0537845517035101,0.0537845517035101,"gpath_trio"
"5702","THBS4","Exc L3-4 RORB CUX2",0.138172225034301,3.61277632196423,10.0462526405089,0.00170929454384261,0.00667538084050032,0.00667538084050032,"gpath_trio"
"5703","AC012636.1","Exc L3-4 RORB CUX2",0.1511295483005,1.50959824739577,6.0964779026027,0.0141884140201054,0.0395921511556883,0.0395921511556883,"gpath_trio"
"5704","SERINC5","Exc L3-4 RORB CUX2",0.0121181770896215,5.52457337777219,0.119523231912242,0.729831716190214,0.833155371138888,0.833155371138888,"gpath_trio"
"5705","AC010260.1","Exc L3-4 RORB CUX2",-0.410953955355516,1.44999588759867,33.212070590565,2.33201530032344e-08,3.68429198778585e-07,3.68429198778585e-07,"gpath_trio"
"5706","ZFYVE16","Exc L3-4 RORB CUX2",0.0500085678882651,6.22607883597368,7.60988015881564,0.00621712732210733,0.0199793793761573,0.0199793793761573,"gpath_trio"
"5707","AC008771.1","Exc L3-4 RORB CUX2",-0.117086584013312,2.82235328312006,10.7147475572658,0.00120689923279207,0.00497633190712855,0.00497633190712855,"gpath_trio"
"5708","FAM151B","Exc L3-4 RORB CUX2",0.0803933808354569,4.45786904926508,11.5451031058277,0.000785788383951326,0.00345086648807532,0.00345086648807532,"gpath_trio"
"5709","LINC01337","Exc L3-4 RORB CUX2",-0.0167654592732507,0.0458914646930689,0.0282122068993772,0.866741468193034,0.927764702928399,0.927764702928399,"gpath_trio"
"5710","DHFR","Exc L3-4 RORB CUX2",0.133627744765141,7.08966476943797,4.44535691559833,0.0359531140443987,0.0845795330976848,0.0845795330976848,"gpath_trio"
"5711","MSH3","Exc L3-4 RORB CUX2",0.00923197146142934,6.63061444522726,0.272542208501575,0.602075978933336,0.730967730094023,0.730967730094023,"gpath_trio"
"5712","RASGRF2-AS1","Exc L3-4 RORB CUX2",0.0713682241799787,1.80383289268747,1.56440077857208,0.235219148333131,0.367843292583592,0.367843292583592,"gpath_trio"
"5713","RASGRF2","Exc L3-4 RORB CUX2",0.112061961305262,8.45223252458284,23.8139329007742,1.85249901633261e-06,1.7908082249406e-05,1.7908082249406e-05,"gpath_trio"
"5714","CKMT2-AS1","Exc L3-4 RORB CUX2",0.0472975084180419,5.65055972223988,2.72047125629373,0.10027635472064,0.191397867217494,0.191397867217494,"gpath_trio"
"5715","CKMT2","Exc L3-4 RORB CUX2",0.187716602017738,3.82119560930101,16.4281676141105,6.67928697265687e-05,0.000412472037567654,0.000412472037567654,"gpath_trio"
"5716","ZCCHC9","Exc L3-4 RORB CUX2",-0.031436304348453,4.29268425795298,1.51263676930268,0.230362226833199,0.362100344866365,0.362100344866365,"gpath_trio"
"5717","ACOT12","Exc L3-4 RORB CUX2",0.0188340178356579,0.507148753950491,0.0439670977861052,0.834079042607257,0.905388178446218,0.905388178446218,"gpath_trio"
"5718","SSBP2","Exc L3-4 RORB CUX2",0.0893210466932224,7.73559555090688,14.3321675125128,0.00019031033577126,0.00101870815181353,0.00101870815181353,"gpath_trio"
"5719","ATG10","Exc L3-4 RORB CUX2",0.0745232569159834,6.00094554745693,4.21942665418486,0.0409634692989498,0.09405234927806,0.09405234927806,"gpath_trio"
"5720","RPS23","Exc L3-4 RORB CUX2",-0.22570886286977,4.78946633483513,35.1441813750653,9.69831189817114e-09,1.69552376555982e-07,1.69552376555982e-07,"gpath_trio"
"5721","ATP6AP1L","Exc L3-4 RORB CUX2",0.00175841543122719,5.78577468805716,0.0024064838258291,0.960912389010175,0.9800023985583,0.9800023985583,"gpath_trio"
"5722","LINC01338","Exc L3-4 RORB CUX2",-0.0447312232945604,-0.926486582947751,0.0763647580543795,0.782505130167068,0.872161093484379,0.872161093484379,"gpath_trio"
"5723","TMEM167A","Exc L3-4 RORB CUX2",-0.149572443079552,4.20966710349687,43.7553736759527,2.10782619582785e-10,5.50847066072887e-09,5.50847066072887e-09,"gpath_trio"
"5724","XRCC4","Exc L3-4 RORB CUX2",0.00268151537687912,4.10253623130428,0.0101777580032484,0.919719599451921,0.959599542197158,0.959599542197158,"gpath_trio"
"5725","EDIL3","Exc L3-4 RORB CUX2",0.195403399017161,7.37274905281021,39.4955284886483,1.37857221944693e-09,2.93382853663943e-08,2.93382853663943e-08,"gpath_trio"
"5726","AC113383.1","Exc L3-4 RORB CUX2",0.155509167407139,5.91189557129974,13.4522915813866,0.000296756469178101,0.00150014075812283,0.00150014075812283,"gpath_trio"
"5727","COX7C","Exc L3-4 RORB CUX2",-0.37157372020386,5.48210789586349,139.07515856536,5.360441744965e-26,1.20163235782965e-22,1.20163235782965e-22,"gpath_trio"
"5728","AC109492.1","Exc L3-4 RORB CUX2",-0.211513483781346,0.475491560527912,9.26659600372242,0.00257313788418122,0.00947082831989184,0.00947082831989184,"gpath_trio"
"5729","LINC01949","Exc L3-4 RORB CUX2",0.244497390014883,0.663228167519874,8.11713465781696,0.00473573155173038,0.0158446739728292,0.0158446739728292,"gpath_trio"
"5730","RASA1","Exc L3-4 RORB CUX2",0.0325376866316404,7.48553680285663,5.03514797544681,0.0256798253423322,0.0640329349006986,0.0640329349006986,"gpath_trio"
"5731","CCNH","Exc L3-4 RORB CUX2",0.119805021955112,6.97946675065686,14.2552011663802,0.000197828415136154,0.00105503258666981,0.00105503258666981,"gpath_trio"
"5732","AC018754.1","Exc L3-4 RORB CUX2",-0.0539671792558464,3.34491636034654,0.842356445243092,0.359574262877332,0.507443393505189,0.507443393505189,"gpath_trio"
"5733","LINC02144","Exc L3-4 RORB CUX2",0.195686242298211,-0.650955933109265,3.07303094204142,0.0807794517352759,0.161566911743749,0.161566911743749,"gpath_trio"
"5734","TMEM161B","Exc L3-4 RORB CUX2",0.0543724733821076,5.26677806256761,9.71879335949484,0.00202881414926338,0.00772580699535461,0.00772580699535461,"gpath_trio"
"5735","TMEM161B-AS1","Exc L3-4 RORB CUX2",0.157499651898374,8.70004734363403,92.7412780362021,5.71154845868306e-19,1.33988942039454e-16,1.33988942039454e-16,"gpath_trio"
"5736","LINC02060","Exc L3-4 RORB CUX2",-0.0814642160584737,2.3041835862431,2.57142761211521,0.110023519614785,0.205911364399655,0.205911364399655,"gpath_trio"
"5737","AC091826.2","Exc L3-4 RORB CUX2",0.0560150221227176,3.63815888983455,1.87830383543892,0.171709087257342,0.289385250640455,0.289385250640455,"gpath_trio"
"5738","LINC00461","Exc L3-4 RORB CUX2",0.104288202505436,7.96796216762972,40.7664933760219,7.84676993103959e-10,1.7807489691645e-08,1.7807489691645e-08,"gpath_trio"
"5739","MEF2C-AS2","Exc L3-4 RORB CUX2",-0.0422546768847205,3.15742531134725,0.762638817518785,0.383309786759307,0.531533091474947,0.531533091474947,"gpath_trio"
"5740","AC008525.1","Exc L3-4 RORB CUX2",-0.0496156285558652,-0.0690717846829411,0.291630261877676,0.589639935250104,0.720925137486871,0.720925137486871,"gpath_trio"
"5741","MEF2C","Exc L3-4 RORB CUX2",-0.0190398580904058,10.1051464457667,1.22171187494875,0.270046684138966,0.409392234182719,0.409392234182719,"gpath_trio"
"5742","MEF2C-AS1","Exc L3-4 RORB CUX2",0.105146324815971,7.8620429220178,23.1833277569231,2.50192688103834e-06,2.33362805478264e-05,2.33362805478264e-05,"gpath_trio"
"5743","LINC02161","Exc L3-4 RORB CUX2",0.0948601210613597,0.274771023470597,1.24712855749038,0.265132537425885,0.403732277346761,0.403732277346761,"gpath_trio"
"5744","CETN3","Exc L3-4 RORB CUX2",-0.0159895997483359,2.91780423984965,0.136030487155065,0.712559722333534,0.820461051482239,0.820461051482239,"gpath_trio"
"5745","MBLAC2","Exc L3-4 RORB CUX2",0.013486361432638,4.17816500622759,0.26721134083797,0.605648017473947,0.734047143610289,0.734047143610289,"gpath_trio"
"5746","POLR3G","Exc L3-4 RORB CUX2",0.112622901328862,4.91954867869694,15.6532928487056,9.81928139101332e-05,0.000574714250257307,0.000574714250257307,"gpath_trio"
"5747","LYSMD3","Exc L3-4 RORB CUX2",0.00867339879084533,3.61787378137288,0.104720786337537,0.746496545505792,0.84581420900704,0.84581420900704,"gpath_trio"
"5748","ADGRV1","Exc L3-4 RORB CUX2",0.142694379898964,6.00062017563234,15.1411609759334,0.000126813780628631,0.000716256445739817,0.000716256445739817,"gpath_trio"
"5749","LUCAT1","Exc L3-4 RORB CUX2",-0.179387518474372,-0.672596588403681,2.08271379048794,0.150178790453524,0.261577924320111,0.261577924320111,"gpath_trio"
"5750","ARRDC3","Exc L3-4 RORB CUX2",0.0148764010072308,3.40679999054576,0.129573609971739,0.719166757790929,0.825652383681329,0.825652383681329,"gpath_trio"
"5751","ARRDC3-AS1","Exc L3-4 RORB CUX2",-0.00116935175105903,2.66730163510757,0.000620251051724981,0.980149969841551,0.98976553589035,0.98976553589035,"gpath_trio"
"5752","AC114316.2","Exc L3-4 RORB CUX2",-0.140759713087691,3.08575127711448,7.41068272472849,0.00692225140786939,0.0217838749264959,0.0217838749264959,"gpath_trio"
"5753","AC124854.1","Exc L3-4 RORB CUX2",0.1653156876946,6.43442690933025,37.6550618990889,3.13327041924916e-09,6.24024982313444e-08,6.24024982313444e-08,"gpath_trio"
"5754","AC026780.2","Exc L3-4 RORB CUX2",-0.00980644915478927,1.64023426275564,0.033327375508182,0.855287204291388,0.920002100552925,0.920002100552925,"gpath_trio"
"5755","AC012625.1","Exc L3-4 RORB CUX2",-0.137872897591097,-0.437848823084751,1.95014932980613,0.163761725947258,0.279021435772817,0.279021435772817,"gpath_trio"
"5756","NR2F1-AS1","Exc L3-4 RORB CUX2",0.083664818489665,8.48495192395218,23.6759695225318,1.97823096038208e-06,1.89420074160932e-05,1.89420074160932e-05,"gpath_trio"
"5757","NR2F1","Exc L3-4 RORB CUX2",-0.00604330474652572,6.13652709358897,0.0377737681514968,0.846049886300754,0.91371213832866,0.91371213832866,"gpath_trio"
"5758","FAM172A","Exc L3-4 RORB CUX2",0.0863070778321646,8.14952507194863,53.2640146293832,3.54136620490648e-12,1.47617899140472e-10,1.47617899140472e-10,"gpath_trio"
"5759","KIAA0825","Exc L3-4 RORB CUX2",0.0744490614734143,7.78573292863855,19.6676000214842,1.36098508910205e-05,0.000103967717427618,0.000103967717427618,"gpath_trio"
"5760","SLF1","Exc L3-4 RORB CUX2",-0.0896736024282005,6.87855789901355,23.5630815837429,2.08750350858802e-06,1.98376746517962e-05,1.98376746517962e-05,"gpath_trio"
"5761","MCTP1","Exc L3-4 RORB CUX2",0.0896228017712546,8.9629913875965,11.4204389492553,0.00083790110276893,0.00364010653496192,0.00364010653496192,"gpath_trio"
"5762","AC008534.1","Exc L3-4 RORB CUX2",-0.417314696220267,1.80884986653987,33.0128084268787,2.55389541639741e-08,3.96344923275521e-07,3.96344923275521e-07,"gpath_trio"
"5763","FAM81B","Exc L3-4 RORB CUX2",-0.205720025123301,0.572156479812543,5.94576566712271,0.015422688888851,0.0424202792546107,0.0424202792546107,"gpath_trio"
"5764","TTC37","Exc L3-4 RORB CUX2",0.0480979271948215,7.36335430610382,12.4795018856461,0.000486701817457876,0.00229153072747086,0.00229153072747086,"gpath_trio"
"5765","ARSK","Exc L3-4 RORB CUX2",0.0647100295449815,3.96851618247379,5.22380505158708,0.0230849451028787,0.0587238390430686,0.0587238390430686,"gpath_trio"
"5766","GPR150","Exc L3-4 RORB CUX2",-0.139120608829373,1.29785929383064,4.87954118068832,0.0280491203340044,0.0686927655667077,0.0686927655667077,"gpath_trio"
"5767","RFESD","Exc L3-4 RORB CUX2",0.0312344030516016,1.36869100096346,0.311787373186457,0.577065966368877,0.710302597863252,0.710302597863252,"gpath_trio"
"5768","SPATA9","Exc L3-4 RORB CUX2",-0.0354931380359069,1.47219024414192,0.37365773113777,0.541551262697294,0.680141728393794,0.680141728393794,"gpath_trio"
"5769","AC008840.1","Exc L3-4 RORB CUX2",-0.000358351808879056,0.535443631046557,1.37673942754478e-05,0.99704234606734,0.998725452157717,0.998725452157717,"gpath_trio"
"5770","RHOBTB3","Exc L3-4 RORB CUX2",0.186779738348914,5.05577357396111,21.8307518363604,4.78233599656728e-06,4.12852497778113e-05,4.12852497778113e-05,"gpath_trio"
"5771","GLRX","Exc L3-4 RORB CUX2",-0.0442594919433338,4.16515117176997,2.10378399283619,0.148140380287662,0.258966482306869,0.258966482306869,"gpath_trio"
"5772","ELL2","Exc L3-4 RORB CUX2",0.102117753504024,7.04919446995637,18.8012371531373,2.07641295812591e-05,0.000148921547921046,0.000148921547921046,"gpath_trio"
"5773","AC104123.1","Exc L3-4 RORB CUX2",0.0188218936942602,5.71011164906802,0.645872495718841,0.422326359207405,0.570577532780379,0.570577532780379,"gpath_trio"
"5774","PCSK1","Exc L3-4 RORB CUX2",-0.145622061580859,5.25441183263059,13.7654868373597,0.000253265269969745,0.00131049674830459,0.00131049674830459,"gpath_trio"
"5775","CAST","Exc L3-4 RORB CUX2",0.0497555160074524,6.45567294127803,5.54545517810668,0.0192724623570003,0.0507600428266947,0.0507600428266947,"gpath_trio"
"5776","ERAP1","Exc L3-4 RORB CUX2",-0.0307244182252589,3.99331994841279,1.05710164393185,0.304832679957036,0.448774030803648,0.448774030803648,"gpath_trio"
"5777","AC008906.1","Exc L3-4 RORB CUX2",0.199036070942775,-0.156727693458703,4.49143370079872,0.0577230492113612,0.123482400364671,0.123482400364671,"gpath_trio"
"5778","AC008906.2","Exc L3-4 RORB CUX2",-0.287141198738658,-0.332373513570041,8.16761066923079,0.00460968041750682,0.0154871444501582,0.0154871444501582,"gpath_trio"
"5779","AC009126.1","Exc L3-4 RORB CUX2",0.0776949056908029,5.99827273808049,21.3062805708568,6.15571280901579e-06,5.1768030813628e-05,5.1768030813628e-05,"gpath_trio"
"5780","ERAP2","Exc L3-4 RORB CUX2",-0.102334087433655,1.80849602277443,3.45000180090708,0.0643822963788862,0.134951982279899,0.134951982279899,"gpath_trio"
"5781","LNPEP","Exc L3-4 RORB CUX2",0.00560200040212532,6.19893087268134,0.0895333094201251,0.765010331676651,0.859981247092909,0.859981247092909,"gpath_trio"
"5782","LIX1-AS1","Exc L3-4 RORB CUX2",0.144677715037665,4.69950598066412,12.7531452098179,0.000423302462786715,0.00203433234557455,0.00203433234557455,"gpath_trio"
"5783","RIOK2","Exc L3-4 RORB CUX2",0.00703085382044664,3.46285255455487,0.0574831926984737,0.810707912545259,0.890754391438873,0.890754391438873,"gpath_trio"
"5784","AC008883.1","Exc L3-4 RORB CUX2",-0.149552908214569,-0.410674955916371,1.82576709947129,0.177802880017604,0.297567242169652,0.297567242169652,"gpath_trio"
"5785","LINC01340","Exc L3-4 RORB CUX2",0.0374662972506278,1.80365364527331,0.200686530372243,0.654540310468598,0.773923296307682,0.773923296307682,"gpath_trio"
"5786","LINC02234","Exc L3-4 RORB CUX2",0.145017593897107,0.94769823663445,3.68519359235952,0.0559918441868629,0.120569280354405,0.120569280354405,"gpath_trio"
"5787","LINC01846","Exc L3-4 RORB CUX2",-0.0358265730932981,-1.0378814016136,0.0702046538312605,0.791248969732424,0.878149835653214,0.878149835653214,"gpath_trio"
"5788","RGMB","Exc L3-4 RORB CUX2",-0.0202321212772361,4.6948200119103,0.632588928141764,0.427132732842771,0.575145357078215,0.575145357078215,"gpath_trio"
"5789","AC008522.1","Exc L3-4 RORB CUX2",-0.173080511543389,-1.07552839898311,1.72389049915513,0.190350641182829,0.313444677266045,0.313444677266045,"gpath_trio"
"5790","CHD1","Exc L3-4 RORB CUX2",0.0285841366386141,5.50133610993833,2.44391134781834,0.119197990022075,0.219018164726354,0.219018164726354,"gpath_trio"
"5791","LINC02062","Exc L3-4 RORB CUX2",0.124474328395099,5.53026420162735,16.5487596296429,6.29162128217269e-05,0.000392739663885625,0.000392739663885625,"gpath_trio"
"5792","LINC02113","Exc L3-4 RORB CUX2",0.0826487901520311,-1.17017052385485,0.343174935184498,0.558510438908784,0.694780373966255,0.694780373966255,"gpath_trio"
"5793","AC021086.1","Exc L3-4 RORB CUX2",0.26568155679273,1.89175192831587,22.0915728586568,4.21919640130093e-06,3.69936059957611e-05,3.69936059957611e-05,"gpath_trio"
"5794","FAM174A","Exc L3-4 RORB CUX2",-0.0665904305487661,4.5568275993826,8.95712649086235,0.0030298167333561,0.010859220571231,0.010859220571231,"gpath_trio"
"5795","ST8SIA4","Exc L3-4 RORB CUX2",0.193596862783264,2.61344361640024,8.71512256247797,0.00344418843242126,0.0121142877238998,0.0121142877238998,"gpath_trio"
"5796","SLCO4C1","Exc L3-4 RORB CUX2",0.0609918854576498,3.45930953447018,1.0226499345738,0.312831402243422,0.457511673813775,0.457511673813775,"gpath_trio"
"5797","SLCO6A1","Exc L3-4 RORB CUX2",-0.0464934844376678,-0.908359373635884,0.136143751026061,0.991866276484959,0.996360392754633,0.996360392754633,"gpath_trio"
"5798","LINC00491","Exc L3-4 RORB CUX2",-0.145590302852471,-0.678334830961512,1.83844545008164,0.176309688107228,0.295681459481573,0.295681459481573,"gpath_trio"
"5799","PAM","Exc L3-4 RORB CUX2",0.0393302319980423,7.81412887174417,4.71640363208586,0.0307803600234504,0.0743349010621392,0.0743349010621392,"gpath_trio"
"5800","GIN1","Exc L3-4 RORB CUX2",0.0485089896336474,3.29122074583231,2.5882892110953,0.108870055539683,0.204188283955852,0.204188283955852,"gpath_trio"
"5801","PPIP5K2","Exc L3-4 RORB CUX2",0.0477515961933784,6.57974194751318,9.76212733951396,0.00198325274176817,0.00758236196042693,0.00758236196042693,"gpath_trio"
"5802","C5orf30","Exc L3-4 RORB CUX2",0.0685840645900448,5.34212685279578,10.9066955833252,0.00109259409566653,0.00457040967863826,0.00457040967863826,"gpath_trio"
"5803","LINC02115","Exc L3-4 RORB CUX2",-0.108434212363933,0.577174912457406,1.82637791065466,0.177730606352915,0.297470962599142,0.297470962599142,"gpath_trio"
"5804","NUDT12","Exc L3-4 RORB CUX2",-0.162420527093555,2.74417958609626,9.06476261347746,0.00286225641128801,0.0103617482680308,0.0103617482680308,"gpath_trio"
"5805","AC099520.1","Exc L3-4 RORB CUX2",-0.199303232541509,1.74871755009508,16.2867674228445,7.16480422287795e-05,0.000436443010859186,0.000436443010859186,"gpath_trio"
"5806","LINC01950","Exc L3-4 RORB CUX2",0.190020465832586,4.71343157492469,10.4464772965787,0.00138740361950937,0.00559593523062805,0.00559593523062805,"gpath_trio"
"5807","EFNA5","Exc L3-4 RORB CUX2",0.192757155877942,9.75845908592498,78.651396830951,1.21438307780122e-16,1.42442898806044e-14,1.42442898806044e-14,"gpath_trio"
"5808","FBXL17","Exc L3-4 RORB CUX2",0.0840192791774473,9.11862418091364,50.8577627396375,9.82943841431002e-12,3.67238740756861e-10,3.67238740756861e-10,"gpath_trio"
"5809","FER","Exc L3-4 RORB CUX2",0.105425815641049,8.02296380536503,57.8129622517515,5.2619406577273e-13,2.6212259943123e-11,2.6212259943123e-11,"gpath_trio"
"5810","AC008871.1","Exc L3-4 RORB CUX2",-0.446229888729453,0.0950830607045512,21.2386588923572,6.35970065992335e-06,5.31071857673649e-05,5.31071857673649e-05,"gpath_trio"
"5811","AC008467.1","Exc L3-4 RORB CUX2",0.220614884322668,1.03824963653089,5.11105054710271,0.0246009914920226,0.0617712970481071,0.0617712970481071,"gpath_trio"
"5812","PJA2","Exc L3-4 RORB CUX2",-0.106559555531514,7.66664638968075,47.1821997842124,4.75524906336097e-11,1.47142867873171e-09,1.47142867873171e-09,"gpath_trio"
"5813","AC012603.1","Exc L3-4 RORB CUX2",-0.119354313014475,-0.314060289033911,1.68382384221715,0.195567187530713,0.31997682453416,0.31997682453416,"gpath_trio"
"5814","MAN2A1","Exc L3-4 RORB CUX2",0.101787015601008,6.85007467687126,15.9694708184854,8.38862124855639e-05,0.000500940026587097,0.000500940026587097,"gpath_trio"
"5815","TMEM232","Exc L3-4 RORB CUX2",0.191663072226182,8.64778627321622,59.4786176799735,2.6374254432571e-13,1.41893488847232e-11,1.41893488847232e-11,"gpath_trio"
"5816","SLC25A46","Exc L3-4 RORB CUX2",0.0123093412008171,6.18395432798257,0.729978689025733,0.821681413425044,0.897775386723545,0.897775386723545,"gpath_trio"
"5817","AC008572.1","Exc L3-4 RORB CUX2",0.104177598246178,0.186033122190346,1.51044066006042,0.220182976307885,0.350220084122642,0.350220084122642,"gpath_trio"
"5818","WDR36","Exc L3-4 RORB CUX2",0.018121376939307,4.71332125617002,0.624455218196872,0.430116624207641,0.577909516596963,0.577909516596963,"gpath_trio"
"5819","CAMK4","Exc L3-4 RORB CUX2",0.0497054098432939,8.14696636320437,4.39075607905126,0.037101610326092,0.0868132742709431,0.0868132742709431,"gpath_trio"
"5820","AC010275.1","Exc L3-4 RORB CUX2",-0.474929467592518,1.75455489439756,49.9180856059873,1.46790979129841e-11,5.31689049182144e-10,5.31689049182144e-10,"gpath_trio"
"5821","STARD4","Exc L3-4 RORB CUX2",0.0986449522030209,4.54798450424904,4.14265078841488,0.0428297452874395,0.0973842117856522,0.0973842117856522,"gpath_trio"
"5822","STARD4-AS1","Exc L3-4 RORB CUX2",-0.0325844449819686,4.76731064088081,0.800515141054719,0.371766884826127,0.520102413242293,0.520102413242293,"gpath_trio"
"5823","NREP","Exc L3-4 RORB CUX2",0.00512673901285004,6.05883263254345,0.0382576031924134,0.845079545033997,0.912969436930248,0.912969436930248,"gpath_trio"
"5824","NREP-AS1","Exc L3-4 RORB CUX2",-0.0181632192409946,-0.370900491287547,0.026991261536162,0.869630359595755,0.929675076145828,0.929675076145828,"gpath_trio"
"5825","EPB41L4A","Exc L3-4 RORB CUX2",0.184893391992976,2.33764891486941,2.8940417530328,0.0901031330051344,0.176078139130045,0.176078139130045,"gpath_trio"
"5826","EPB41L4A-AS1","Exc L3-4 RORB CUX2",-0.175394752000112,3.23579821559519,25.0656242169521,1.02306406485774e-06,1.057935290031e-05,1.057935290031e-05,"gpath_trio"
"5827","AC104126.1","Exc L3-4 RORB CUX2",-0.371480625535755,1.69859153510398,27.9379551687998,2.6545937365982e-07,3.20697177460292e-06,3.20697177460292e-06,"gpath_trio"
"5828","APC","Exc L3-4 RORB CUX2",0.063873642155138,6.82756516863561,18.553607934614,2.34380422151175e-05,0.000165394369251485,0.000165394369251485,"gpath_trio"
"5829","AC008575.1","Exc L3-4 RORB CUX2",0.0463318552751404,2.4006300859391,1.07712397431077,0.300306037720225,0.443728893438226,0.443728893438226,"gpath_trio"
"5830","SRP19","Exc L3-4 RORB CUX2",-0.0680612827900755,4.6992708749929,8.14833919154498,0.00465739500756827,0.01562403463214,0.01562403463214,"gpath_trio"
"5831","REEP5","Exc L3-4 RORB CUX2",-0.0692738626152981,6.69093556220373,19.9081049527549,1.21083478453159e-05,9.39922730970559e-05,9.39922730970559e-05,"gpath_trio"
"5832","DCP2","Exc L3-4 RORB CUX2",0.0298821606132887,5.22256450847878,3.06900388632038,0.0809773007672141,0.161834278650673,0.161834278650673,"gpath_trio"
"5833","MCC","Exc L3-4 RORB CUX2",0.139717329777143,3.97592795710561,6.19282128875184,0.0134534266658813,0.0378842074235517,0.0378842074235517,"gpath_trio"
"5834","AC079465.1","Exc L3-4 RORB CUX2",-0.0482218031252128,-0.0905404032553171,0.281592175806795,0.596112483810481,0.72599887056438,0.72599887056438,"gpath_trio"
"5835","YTHDC2","Exc L3-4 RORB CUX2",0.0229711567522128,6.8776072545712,2.53638249623522,0.112464363541624,0.20933375167933,0.20933375167933,"gpath_trio"
"5836","KCNN2","Exc L3-4 RORB CUX2",0.0835065099883431,6.5641333371858,15.1526148219217,0.000126089141564835,0.000712690682467126,0.000712690682467126,"gpath_trio"
"5837","AC010230.1","Exc L3-4 RORB CUX2",0.184652981618936,2.93563144941489,9.986041533546,0.00176393299883151,0.00684898927086715,0.00684898927086715,"gpath_trio"
"5838","TRIM36","Exc L3-4 RORB CUX2",-0.0462307295909993,5.55271416376348,3.46465018814645,0.063822223854442,0.134097837064252,0.134097837064252,"gpath_trio"
"5839","PGGT1B","Exc L3-4 RORB CUX2",0.02680318212774,4.66021999174767,1.9766783653909,0.160934665311201,0.275461970552742,0.275461970552742,"gpath_trio"
"5840","CCDC112","Exc L3-4 RORB CUX2",-0.00271349530188295,5.26811983644386,0.0128095539059837,0.909975743355886,0.953916682232247,0.953916682232247,"gpath_trio"
"5841","FEM1C","Exc L3-4 RORB CUX2",-0.0447766473167507,4.10368321117194,3.0151526042735,0.0836741638852403,0.166203234851307,0.166203234851307,"gpath_trio"
"5842","TMED7-TICAM2","Exc L3-4 RORB CUX2",0.054393855995801,3.13971304067144,2.10381574772437,0.148137332007537,0.258966482306869,0.258966482306869,"gpath_trio"
"5843","AC010226.1","Exc L3-4 RORB CUX2",0.0352039019947358,1.62640425447966,0.445419016291019,0.774847713925104,0.867036592052809,0.867036592052809,"gpath_trio"
"5844","CDO1","Exc L3-4 RORB CUX2",-0.094632228713185,4.29661087322358,14.380435261466,0.00018574408277569,0.00099850436184374,0.00099850436184374,"gpath_trio"
"5845","ATG12","Exc L3-4 RORB CUX2",0.0538755059332701,5.38733083663517,5.55341397860299,0.0191869033711624,0.0505875294711449,0.0505875294711449,"gpath_trio"
"5846","AP3S1","Exc L3-4 RORB CUX2",-0.0327136155128726,6.42188486732327,4.20350006305983,0.0413434235538653,0.0947306723678855,0.0947306723678855,"gpath_trio"
"5847","LVRN","Exc L3-4 RORB CUX2",0.0121658248818106,1.73404748953923,0.043247304024546,0.8429793060058,0.911567106108539,0.911567106108539,"gpath_trio"
"5848","ARL14EPL","Exc L3-4 RORB CUX2",-0.369734606417566,-0.818958942915296,8.88134481613786,0.00315377961005087,0.011245582119614,0.011245582119614,"gpath_trio"
"5849","AC034236.2","Exc L3-4 RORB CUX2",-0.121333399254489,1.16829281731144,4.49082999912954,0.150455810202953,0.26194392530132,0.26194392530132,"gpath_trio"
"5850","COMMD10","Exc L3-4 RORB CUX2",0.11995620360281,6.71333585245203,36.2904990997329,5.78169448585128e-09,1.07606721634732e-07,1.07606721634732e-07,"gpath_trio"
"5851","AC018752.1","Exc L3-4 RORB CUX2",-0.382684115085161,0.292517681078597,14.7136119447198,0.000157112487508657,0.000861577720980473,0.000861577720980473,"gpath_trio"
"5852","SEMA6A","Exc L3-4 RORB CUX2",0.129250316959841,5.75997605717079,13.1287564629062,0.000349682297885016,0.00172532168252145,0.00172532168252145,"gpath_trio"
"5853","SEMA6A-AS1","Exc L3-4 RORB CUX2",-0.0808447871946166,3.31085191566467,2.99118319844055,0.0849057907274452,0.168129874169124,0.168129874169124,"gpath_trio"
"5854","SEMA6A-AS2","Exc L3-4 RORB CUX2",0.0136759538235545,0.147436929765977,0.0260394475208583,0.871929333712093,0.930848465850433,0.930848465850433,"gpath_trio"
"5855","AC010267.1","Exc L3-4 RORB CUX2",0.29541213321795,-0.449608294146241,4.43945749845459,0.0360753800326559,0.084788069915987,0.084788069915987,"gpath_trio"
"5856","LINC00992","Exc L3-4 RORB CUX2",0.160312598440705,0.159793362032823,2.3033610499395,0.130309302651313,0.234710309882175,0.234710309882175,"gpath_trio"
"5857","LINC02147","Exc L3-4 RORB CUX2",-0.0612397444275113,0.857903619133546,0.401565045254644,0.526839154823061,0.667062881169528,0.667062881169528,"gpath_trio"
"5858","LINC02208","Exc L3-4 RORB CUX2",0.149573820909715,1.60870430443009,3.8589094234568,0.0505475121748226,0.111161549828542,0.111161549828542,"gpath_trio"
"5859","LINC02215","Exc L3-4 RORB CUX2",-0.216229564889862,-0.719048589261589,3.64429918832918,0.0573623311631781,0.122827959161231,0.122827959161231,"gpath_trio"
"5860","AC093206.1","Exc L3-4 RORB CUX2",0.097410267045683,3.10430135066657,3.32047106742644,0.069570903221354,0.143692974251722,0.143692974251722,"gpath_trio"
"5861","DTWD2","Exc L3-4 RORB CUX2",0.0164526301137781,6.077825903853,0.762270472944567,0.383424517891761,0.531619108546924,0.531619108546924,"gpath_trio"
"5862","AC008629.1","Exc L3-4 RORB CUX2",0.109317988045753,3.36779539956437,6.44248792042416,0.0117264606383886,0.0337443079987863,0.0337443079987863,"gpath_trio"
"5863","DMXL1","Exc L3-4 RORB CUX2",0.0625320445148907,7.14377656092455,31.656149422334,4.75148947230481e-08,6.94144099230627e-07,6.94144099230627e-07,"gpath_trio"
"5864","TNFAIP8","Exc L3-4 RORB CUX2",0.195655643977588,0.490622179403102,5.73404030828875,0.0173477080365608,0.0466777820268891,0.0466777820268891,"gpath_trio"
"5865","HSD17B4","Exc L3-4 RORB CUX2",0.0110819242904473,6.90321328954715,0.492166099844365,0.483590093671748,0.627302137197166,0.627302137197166,"gpath_trio"
"5866","AC008574.1","Exc L3-4 RORB CUX2",0.271189213371672,7.02376151811219,39.4306561713056,1.41890697735122e-09,3.01014177371828e-08,3.01014177371828e-08,"gpath_trio"
"5867","AC113418.1","Exc L3-4 RORB CUX2",-0.128445012316752,-1.41689587415224,0.624866587110685,0.429964954089388,0.577802101428989,0.577802101428989,"gpath_trio"
"5868","PRR16","Exc L3-4 RORB CUX2",0.133871843956588,7.08378528058147,16.3719938840275,6.86804541426259e-05,0.000421933057955992,0.000421933057955992,"gpath_trio"
"5869","AC114284.1","Exc L3-4 RORB CUX2",0.0591780570032433,1.30816420483345,0.779566917758728,0.37808921985204,0.52624698244325,0.52624698244325,"gpath_trio"
"5870","AC008568.1","Exc L3-4 RORB CUX2",0.505633881214381,0.385032511644481,9.72940216445632,0.00201756217332272,0.00769021667235705,0.00769021667235705,"gpath_trio"
"5871","SRFBP1","Exc L3-4 RORB CUX2",0.0224988004670902,5.11530417571801,1.37646606704225,0.789627758095322,0.877129075405456,0.877129075405456,"gpath_trio"
"5872","AC010255.1","Exc L3-4 RORB CUX2",-0.26927154562198,-1.20397809031946,3.95533542993307,0.0477711188918949,0.106237028620368,0.106237028620368,"gpath_trio"
"5873","AC010255.3","Exc L3-4 RORB CUX2",0.153558269882321,-0.0631057612516308,3.24879976129376,0.072633781962725,0.148717719230574,0.148717719230574,"gpath_trio"
"5874","SNCAIP","Exc L3-4 RORB CUX2",0.173980096908596,3.3806718781227,12.4530595340414,0.000493318382156208,0.00231511941381751,0.00231511941381751,"gpath_trio"
"5875","AC119150.1","Exc L3-4 RORB CUX2",-0.304228121433373,1.4569777304313,16.4232224489287,6.69569092834381e-05,0.000413232072436024,0.000413232072436024,"gpath_trio"
"5876","AC022101.1","Exc L3-4 RORB CUX2",-0.150244348424754,-0.709020556713337,1.8585224982603,0.176192268042927,0.295558244596828,0.295558244596828,"gpath_trio"
"5877","LINC02201","Exc L3-4 RORB CUX2",-0.183363398878482,0.359431791624185,7.03092646781012,0.00850348940409839,0.0258576237357128,0.0258576237357128,"gpath_trio"
"5878","SNX2","Exc L3-4 RORB CUX2",0.0309506765967725,5.29993420651759,3.43485057945554,0.0649671476546897,0.135937793396947,0.135937793396947,"gpath_trio"
"5879","SNX24","Exc L3-4 RORB CUX2",0.0497535316659882,5.69597905855794,8.05632101473662,0.0048923059727243,0.0162982617238627,0.0162982617238627,"gpath_trio"
"5880","AC106786.2","Exc L3-4 RORB CUX2",0.134835074072633,0.346021883628272,2.5172862545831,0.113819582708828,0.211232644756748,0.211232644756748,"gpath_trio"
"5881","PRDM6","Exc L3-4 RORB CUX2",0.0986632714244002,2.78450875734669,3.94292864928174,0.0481190815779746,0.106857729315975,0.106857729315975,"gpath_trio"
"5882","CEP120","Exc L3-4 RORB CUX2",0.103868808780585,4.60023274354228,22.9408331467474,2.80914879723306e-06,2.58080951658365e-05,2.58080951658365e-05,"gpath_trio"
"5883","CSNK1G3","Exc L3-4 RORB CUX2",0.0550418136406957,6.02656167649831,14.7970937188663,0.000150667999597006,0.000831207791049932,0.000831207791049932,"gpath_trio"
"5884","LINC01170","Exc L3-4 RORB CUX2",-0.0470796229338965,-1.56892795784524,0.357724632477151,0.550325107526569,0.688290189346508,0.688290189346508,"gpath_trio"
"5885","AC025465.1","Exc L3-4 RORB CUX2",0.0665622356450066,-0.383184773754856,0.341341340869925,0.559562551341191,0.695488816739066,0.695488816739066,"gpath_trio"
"5886","ZNF608","Exc L3-4 RORB CUX2",0.147025975446321,4.8274311544298,13.327819150181,0.000316081774736344,0.00158447618985451,0.00158447618985451,"gpath_trio"
"5887","AC112196.1","Exc L3-4 RORB CUX2",-0.389611532124992,0.418354939580481,16.9327528945565,5.20247694018373e-05,0.000334054653940824,0.000334054653940824,"gpath_trio"
"5888","LINC02240","Exc L3-4 RORB CUX2",-0.291104785479969,2.45467986656727,34.0120145222439,1.62032527619655e-08,2.66857652630738e-07,2.66857652630738e-07,"gpath_trio"
"5889","AC010235.1","Exc L3-4 RORB CUX2",0.152330819348229,0.428338163755919,3.87904019963917,0.0499540364329935,0.110228883849463,0.110228883849463,"gpath_trio"
"5890","GRAMD2B","Exc L3-4 RORB CUX2",0.280895026655251,1.55962898180467,0.717252681061925,0.397825400191437,0.545995064548452,0.545995064548452,"gpath_trio"
"5891","AC093535.1","Exc L3-4 RORB CUX2",-0.0165733264108289,0.0665263185314291,0.0245665567217675,0.87557358620105,0.933306762910455,0.933306762910455,"gpath_trio"
"5892","ALDH7A1","Exc L3-4 RORB CUX2",0.068248199095512,4.22949558993312,6.10697750541015,0.0141063340519371,0.0394067141370578,0.0394067141370578,"gpath_trio"
"5893","PHAX","Exc L3-4 RORB CUX2",-0.0714675473819734,4.70124235249475,13.525964231668,0.000285887835012517,0.00145540930390551,0.00145540930390551,"gpath_trio"
"5894","TEX43","Exc L3-4 RORB CUX2",0.0860410485597246,-0.212733314045135,0.787215188755284,0.454607969793983,0.600557608079728,0.600557608079728,"gpath_trio"
"5895","LMNB1-DT","Exc L3-4 RORB CUX2",-0.0221740548293773,2.0651626389585,0.22944835414429,0.632335763951269,0.755500061454273,0.755500061454273,"gpath_trio"
"5896","LMNB1","Exc L3-4 RORB CUX2",0.047550091510628,3.15469065518439,2.21764439826636,0.137653037135134,0.244941790809784,0.244941790809784,"gpath_trio"
"5897","MARCH3","Exc L3-4 RORB CUX2",-0.106917828327447,1.01698852721231,0.229746012688121,0.632115115173006,0.755370636060854,0.755370636060854,"gpath_trio"
"5898","C5orf63","Exc L3-4 RORB CUX2",0.251461457379932,0.94502553393476,7.56822790804048,0.00635820218638759,0.0203437649263392,0.0203437649263392,"gpath_trio"
"5899","AC011416.3","Exc L3-4 RORB CUX2",0.0537810006324652,-0.934690196667807,0.14997131681178,0.698879569718265,0.809873366976795,0.809873366976795,"gpath_trio"
"5900","PRRC1","Exc L3-4 RORB CUX2",0.00824135819236795,3.88520939658934,0.132529256763579,0.716119761174658,0.823142426556868,0.823142426556868,"gpath_trio"
"5901","CTXN3","Exc L3-4 RORB CUX2",-0.197401389921719,4.1467186539737,16.4591794087255,6.57733973174528e-05,0.000407548615135015,0.000407548615135015,"gpath_trio"
"5902","AC022118.1","Exc L3-4 RORB CUX2",-0.115076210008658,0.652454271215806,1.72537346673537,0.190160718052936,0.313281260547949,0.313281260547949,"gpath_trio"
"5903","CCDC192","Exc L3-4 RORB CUX2",-0.175314314182703,3.69034074752831,16.797921982414,5.56126419739546e-05,0.000353269852589589,0.000353269852589589,"gpath_trio"
"5904","AC068658.1","Exc L3-4 RORB CUX2",-0.0137737029956849,2.35854744895619,0.0660937680525325,0.797314877868531,0.881656764099622,0.881656764099622,"gpath_trio"
"5905","LINC01184","Exc L3-4 RORB CUX2",0.0734586526258557,7.38536512993707,23.7524264245395,1.90752318873262e-06,1.83433176037562e-05,1.83433176037562e-05,"gpath_trio"
"5906","SLC12A2","Exc L3-4 RORB CUX2",0.0269954495889764,7.34457722277463,1.98359099648254,0.160207237515009,0.27463514460577,0.27463514460577,"gpath_trio"
"5907","FBN2","Exc L3-4 RORB CUX2",-0.0459884151674438,0.726275607945933,0.333458995252598,0.56412906809213,0.699742019597831,0.699742019597831,"gpath_trio"
"5908","SLC27A6","Exc L3-4 RORB CUX2",0.324099947345821,5.11506486254712,5.88192906186368,0.0159785675898052,0.0435985395082932,0.0435985395082932,"gpath_trio"
"5909","ISOC1","Exc L3-4 RORB CUX2",-0.137543498151735,0.568614400622337,2.65532125732241,0.104414785143256,0.197707019264682,0.197707019264682,"gpath_trio"
"5910","ADAMTS19","Exc L3-4 RORB CUX2",0.0934727979434736,6.72790676561538,5.62942724764274,0.0183893730929759,0.0488310380433554,0.0488310380433554,"gpath_trio"
"5911","AC008591.1","Exc L3-4 RORB CUX2",-0.0300203938512121,5.32504277964023,0.60129019290827,0.438790868431467,0.585567255629371,0.585567255629371,"gpath_trio"
"5912","KIAA1024L","Exc L3-4 RORB CUX2",0.00265471236819038,0.6976740013104,0.00115867906681133,0.972871868695906,0.985690707924104,0.985690707924104,"gpath_trio"
"5913","CHSY3","Exc L3-4 RORB CUX2",0.170011630422491,8.96273047314611,69.3884490284379,4.68436606261917e-15,3.92145582213037e-13,3.92145582213037e-13,"gpath_trio"
"5914","HINT1","Exc L3-4 RORB CUX2",-0.304896008604696,6.2472189866447,104.983245994909,6.48004297275813e-21,2.90521926611989e-18,2.90521926611989e-18,"gpath_trio"
"5915","LYRM7","Exc L3-4 RORB CUX2",-0.0504196736027945,4.92556053421075,6.57372257521829,0.0109122634811701,0.0317495390229799,0.0317495390229799,"gpath_trio"
"5916","CDC42SE2","Exc L3-4 RORB CUX2",0.0382280674292603,6.99079673784807,8.03172235890537,0.00495713846299931,0.0164815867651633,0.0164815867651633,"gpath_trio"
"5917","RAPGEF6","Exc L3-4 RORB CUX2",-0.144763399142756,3.29914598648818,13.3534718122383,0.000311997076427595,0.00156658561894642,0.00156658561894642,"gpath_trio"
"5918","AC008695.1","Exc L3-4 RORB CUX2",0.0897868271984963,0.679542971169126,1.76277490954533,0.185443237598779,0.307345544940061,0.307345544940061,"gpath_trio"
"5919","AC026398.1","Exc L3-4 RORB CUX2",0.0875454493032351,0.67498533960957,1.7969994590597,0.220349706081291,0.350378569717354,0.350378569717354,"gpath_trio"
"5920","AC034228.3","Exc L3-4 RORB CUX2",-0.257320499610719,0.602386895348557,10.3005598225106,0.00149691188265187,0.00596370403485416,0.00596370403485416,"gpath_trio"
"5921","ACSL6","Exc L3-4 RORB CUX2",0.226404309518642,1.65117431354977,16.8606432765691,5.39134488746558e-05,0.000344101180337292,0.000344101180337292,"gpath_trio"
"5922","P4HA2-AS1","Exc L3-4 RORB CUX2",-0.234773535635444,0.608372517241702,9.68956041454719,0.00206015206838121,0.00783331473418599,0.00783331473418599,"gpath_trio"
"5923","P4HA2","Exc L3-4 RORB CUX2",0.115605671202111,4.15272505732158,12.6412972202817,0.000448134693151888,0.00213384881622359,0.00213384881622359,"gpath_trio"
"5924","PDLIM4","Exc L3-4 RORB CUX2",0.0712977189544658,-0.45611480503823,0.257224159228307,0.612463520866134,0.739420234185522,0.739420234185522,"gpath_trio"
"5925","SLC22A4","Exc L3-4 RORB CUX2",-0.0274388026634115,2.82858357388484,0.608036340391547,0.436237337174063,0.58374267277885,0.58374267277885,"gpath_trio"
"5926","SLC22A5","Exc L3-4 RORB CUX2",0.045501336508004,3.80960281901321,3.46069360637829,0.0639729843147969,0.13433128211397,0.13433128211397,"gpath_trio"
"5927","AC116366.3","Exc L3-4 RORB CUX2",0.0927648176988455,5.44002507755588,11.3527164674958,0.000867671960656498,0.00374604789348274,0.00374604789348274,"gpath_trio"
"5928","IRF1","Exc L3-4 RORB CUX2",-0.214339141172222,0.535138581456257,9.67366664192164,0.00207739727943207,0.00788402748542928,0.00788402748542928,"gpath_trio"
"5929","IL5","Exc L3-4 RORB CUX2",-0.199622580190748,-0.0189406559139349,5.12398606979366,0.0430554782095419,0.0977542508302395,0.0977542508302395,"gpath_trio"
"5930","RAD50","Exc L3-4 RORB CUX2",-0.121419390801422,0.746602033724267,3.45274570996373,0.0642769845604756,0.134801264397879,0.134801264397879,"gpath_trio"
"5931","TH2LCRR","Exc L3-4 RORB CUX2",-0.0895436178631404,2.67098781052797,4.85835899451483,0.0283889164464338,0.069373351417975,0.069373351417975,"gpath_trio"
"5932","AC004039.1","Exc L3-4 RORB CUX2",-0.440933842183869,3.29745452515147,118.421258404633,5.65415348642535e-23,4.22490913291228e-20,4.22490913291228e-20,"gpath_trio"
"5933","KIF3A","Exc L3-4 RORB CUX2",-0.063954409095416,7.37758565305601,21.2821255046506,6.22780836115995e-06,5.2178585417941e-05,5.2178585417941e-05,"gpath_trio"
"5934","CCNI2","Exc L3-4 RORB CUX2",-0.0818196297468641,-0.471146625375115,0.601060658031553,0.43887815474798,0.585606267992097,0.585606267992097,"gpath_trio"
"5935","SEPT8","Exc L3-4 RORB CUX2",0.0286752372283897,5.68897839935486,1.95368341545011,0.163381847341519,0.278538851623724,0.278538851623724,"gpath_trio"
"5936","SOWAHA","Exc L3-4 RORB CUX2",-0.0229957269169493,3.58645272606965,0.281600254491389,0.596107215517371,0.72599887056438,0.72599887056438,"gpath_trio"
"5937","SHROOM1","Exc L3-4 RORB CUX2",-0.0426880385918883,2.56287418906386,1.11623263730058,0.291711770649746,0.434242232189082,0.434242232189082,"gpath_trio"
"5938","GDF9","Exc L3-4 RORB CUX2",0.0717526143720615,-0.105807629267619,0.678526740595947,0.410849427858617,0.559077782749737,0.559077782749737,"gpath_trio"
"5939","UQCRQ","Exc L3-4 RORB CUX2",-0.350467304653787,3.87896006921164,99.2046731826905,5.26269461985669e-20,1.60871005993347e-17,1.60871005993347e-17,"gpath_trio"
"5940","LEAP2","Exc L3-4 RORB CUX2",-0.113900294529428,0.464915905016736,2.71494415545648,0.100620348841462,0.191958579374039,0.191958579374039,"gpath_trio"
"5941","AFF4","Exc L3-4 RORB CUX2",0.0363200602126078,7.33041369524168,8.06343812877289,0.00487371074224252,0.0162443605195346,0.0162443605195346,"gpath_trio"
"5942","ZCCHC10","Exc L3-4 RORB CUX2",-0.0159453660151765,4.32795573431901,0.502210296389616,0.47916542927603,0.622904783011567,0.622904783011567,"gpath_trio"
"5943","HSPA4","Exc L3-4 RORB CUX2",-0.00181913605735436,5.78731529480804,0.00585672175263984,0.939056920786115,0.970815065820062,0.970815065820062,"gpath_trio"
"5944","AC010307.2","Exc L3-4 RORB CUX2",-0.287478286804607,1.30095620180222,15.3424375752494,0.000114672873396692,0.000656878256893314,0.000656878256893314,"gpath_trio"
"5945","FSTL4","Exc L3-4 RORB CUX2",0.0342277659326437,8.78927543670496,1.17974009331126,0.278414867275394,0.418961732474161,0.418961732474161,"gpath_trio"
"5946","AC010307.3","Exc L3-4 RORB CUX2",-0.386402871460676,0.161507980593045,13.175891391231,0.000341411907535048,0.00169279558479223,0.00169279558479223,"gpath_trio"
"5947","AC010307.4","Exc L3-4 RORB CUX2",-0.520019552505416,1.4663930617459,46.3264042776827,6.88492604848543e-11,2.05444176061281e-09,2.05444176061281e-09,"gpath_trio"
"5948","C5orf15","Exc L3-4 RORB CUX2",-0.0418488754585144,3.82703762284617,2.53184123097245,0.112785019578378,0.209795110639293,0.209795110639293,"gpath_trio"
"5949","VDAC1","Exc L3-4 RORB CUX2",-0.209384453236652,5.91101196012788,89.6706621966478,1.80152482591812e-18,3.5985904319701e-16,3.5985904319701e-16,"gpath_trio"
"5950","AC008608.2","Exc L3-4 RORB CUX2",-0.202024108561151,-0.00965994826288128,4.6016319015523,0.032868117279176,0.0784771507058782,0.0784771507058782,"gpath_trio"
"5951","TCF7","Exc L3-4 RORB CUX2",-0.207091017798426,2.36071568720526,12.5367013270423,0.000472695907732425,0.00223497537813491,0.00223497537813491,"gpath_trio"
"5952","SKP1","Exc L3-4 RORB CUX2",-0.15967962020852,6.51443536652633,64.6096589142834,3.21846094984469e-14,2.15722424129956e-12,2.15722424129956e-12,"gpath_trio"
"5953","AC104109.3","Exc L3-4 RORB CUX2",-0.111836319174472,2.90071909152209,9.53272579126944,0.00223692320701752,0.00839782763334171,0.00839782763334171,"gpath_trio"
"5954","CDKL3","Exc L3-4 RORB CUX2",0.0342328250245894,5.47452087121435,3.12178216843251,0.111812486938682,0.208524396745046,0.208524396745046,"gpath_trio"
"5955","UBE2B","Exc L3-4 RORB CUX2",-0.0121874428615372,7.06950175749511,0.623608549860985,0.430429043224832,0.578057852121143,0.578057852121143,"gpath_trio"
"5956","AC109454.2","Exc L3-4 RORB CUX2",-0.100397628615882,0.158511298019946,1.58302302298212,0.209454471223297,0.33738474706028,0.33738474706028,"gpath_trio"
"5957","CDKN2AIPNL","Exc L3-4 RORB CUX2",-0.0894401278084454,3.55630667750245,11.76727476884,0.000700945623185046,0.00312936002384561,0.00312936002384561,"gpath_trio"
"5958","AC109454.3","Exc L3-4 RORB CUX2",-0.0694742617286257,-0.87017713619125,0.344531646887692,0.557734389653868,0.693986142300899,0.693986142300899,"gpath_trio"
"5959","AC005355.1","Exc L3-4 RORB CUX2",0.163797674666378,2.31868335053109,11.3915581858521,0.000850467835486578,0.00368134761332534,0.00368134761332534,"gpath_trio"
"5960","JADE2","Exc L3-4 RORB CUX2",0.036776143253582,5.07273868958305,2.63544293156606,0.105714652297348,0.199531584816072,0.199531584816072,"gpath_trio"
"5961","SAR1B","Exc L3-4 RORB CUX2",-0.0394043333590722,5.08652187684694,5.4751797835044,0.0200453887717026,0.0524397975193335,0.0524397975193335,"gpath_trio"
"5962","SEC24A","Exc L3-4 RORB CUX2",-0.00077148533474411,5.39413826452755,0.00236882593207735,0.961219182156496,0.980067569616784,0.980067569616784,"gpath_trio"
"5963","CAMLG","Exc L3-4 RORB CUX2",-0.130077880255798,5.69738882650646,25.4499732827783,8.53179112052244e-07,8.97907594452479e-06,8.97907594452479e-06,"gpath_trio"
"5964","DDX46","Exc L3-4 RORB CUX2",0.0180205455745816,6.29800208943785,0.786092173549252,0.376103713133736,0.524280844004459,0.524280844004459,"gpath_trio"
"5965","C5orf24","Exc L3-4 RORB CUX2",-0.0162009548692851,4.94685040885638,0.438158773467242,0.508598708950475,0.65058197775018,0.65058197775018,"gpath_trio"
"5966","TXNDC15","Exc L3-4 RORB CUX2",-0.166683511610757,4.26146989698959,11.1528874598956,0.000961949410712422,0.00410737129335939,0.00410737129335939,"gpath_trio"
"5967","PCBD2","Exc L3-4 RORB CUX2",-0.0517779645760454,3.77420113408904,2.58066980401544,0.109389618521947,0.205010269733421,0.205010269733421,"gpath_trio"
"5968","C5orf66","Exc L3-4 RORB CUX2",-0.0484351493075659,2.38074242551537,1.1163843069212,0.291679060370468,0.434225578731862,0.434225578731862,"gpath_trio"
"5969","H2AFY","Exc L3-4 RORB CUX2",-0.0191859357403771,6.07083486123473,1.05350680843867,0.305654753783568,0.449623380064418,0.449623380064418,"gpath_trio"
"5970","TGFBI","Exc L3-4 RORB CUX2",-0.146992709751632,-0.253340330046505,0.73459879504077,0.392185870140014,0.540202767124652,0.540202767124652,"gpath_trio"
"5971","SMAD5","Exc L3-4 RORB CUX2",0.0546722061636283,4.93148516859994,6.62977089275222,0.0105825430250499,0.0309963422663155,0.0309963422663155,"gpath_trio"
"5972","TRPC7","Exc L3-4 RORB CUX2",0.0787377121093337,-0.670485010040227,0.567849301480618,0.451796641117225,0.598018451288545,0.598018451288545,"gpath_trio"
"5973","TRPC7-AS1","Exc L3-4 RORB CUX2",0.175267874751905,-0.662181467436557,1.3900573451281,0.239473180148783,0.373032878815449,0.373032878815449,"gpath_trio"
"5974","SPOCK1","Exc L3-4 RORB CUX2",0.0883172554672663,8.65905030846982,17.0367901606582,4.94172545908457e-05,0.000318528150597544,0.000318528150597544,"gpath_trio"
"5975","KLHL3","Exc L3-4 RORB CUX2",0.00274172648217882,6.51001760974975,0.0218908183935042,0.882492592290181,0.937709382706821,0.937709382706821,"gpath_trio"
"5976","HNRNPA0","Exc L3-4 RORB CUX2",-0.126335052729421,4.57251574058997,36.7253301286348,4.75461245110596e-09,9.04946284915686e-08,9.04946284915686e-08,"gpath_trio"
"5977","AC106791.1","Exc L3-4 RORB CUX2",0.0505249894090786,3.90846509834996,1.15971061138534,0.282523728348595,0.423754086642845,0.423754086642845,"gpath_trio"
"5978","MYOT","Exc L3-4 RORB CUX2",-0.142676073556304,1.1964289658328,4.12587888573005,0.0432492825280892,0.0980728644491625,0.0980728644491625,"gpath_trio"
"5979","PKD2L2","Exc L3-4 RORB CUX2",-0.316304632832098,1.96332905619083,39.1365234979005,1.61725973112621e-09,3.39877240369492e-08,3.39877240369492e-08,"gpath_trio"
"5980","FAM13B","Exc L3-4 RORB CUX2",0.0196464158995541,7.14485975724804,1.4430031273029,0.230747085364483,0.362564053522465,0.362564053522465,"gpath_trio"
"5981","AC113382.1","Exc L3-4 RORB CUX2",-0.0557249202738738,0.870957687023905,0.709740930047514,0.400304096925518,0.548613216185879,0.548613216185879,"gpath_trio"
"5982","WNT8A","Exc L3-4 RORB CUX2",-0.135044336356215,1.18846379116994,3.91432958053358,0.0489314694195748,0.108387395206403,0.108387395206403,"gpath_trio"
"5983","NME5","Exc L3-4 RORB CUX2",0.196767907228589,6.48678787412296,41.1190114398154,6.71463880798407e-10,1.54291387188017e-08,1.54291387188017e-08,"gpath_trio"
"5984","BRD8","Exc L3-4 RORB CUX2",-0.0249482346754474,5.21231421831217,1.8289467836826,0.177427019677421,0.297061420912197,0.297061420912197,"gpath_trio"
"5985","CDC23","Exc L3-4 RORB CUX2",-0.0391305821688503,4.16011127892818,2.67653068117972,0.103047258531337,0.195613327142429,0.195613327142429,"gpath_trio"
"5986","GFRA3","Exc L3-4 RORB CUX2",-0.0284336498829049,-0.977715253705575,0.0625366595806038,0.802728130017358,0.885700848952704,0.885700848952704,"gpath_trio"
"5987","CDC25C","Exc L3-4 RORB CUX2",-0.0100340979645852,1.43395104976306,0.0353780731208,0.85095234269015,0.917239061482812,0.917239061482812,"gpath_trio"
"5988","FAM53C","Exc L3-4 RORB CUX2",0.0320013012364819,5.16677508914771,2.45385817261548,0.118452609165426,0.217926444456727,0.217926444456727,"gpath_trio"
"5989","KDM3B","Exc L3-4 RORB CUX2",0.0316567173684076,5.95389009655211,3.46448326807465,0.063828576422702,0.134097837064252,0.134097837064252,"gpath_trio"
"5990","REEP2","Exc L3-4 RORB CUX2",-0.00412232831150037,6.21082713735842,0.0487740499166865,0.82538374188503,0.899871223589867,0.899871223589867,"gpath_trio"
"5991","EGR1","Exc L3-4 RORB CUX2",-0.247907783831493,3.790236885043,19.3465256863822,1.59124595001924e-05,0.000118945487371761,0.000118945487371761,"gpath_trio"
"5992","ETF1","Exc L3-4 RORB CUX2",0.0257410350812081,4.4072268102684,1.75927202640797,0.341165141136847,0.487672291514517,0.487672291514517,"gpath_trio"
"5993","HSPA9","Exc L3-4 RORB CUX2",-0.0481815814719029,6.15245787491493,6.56683164558975,0.0109535273968523,0.0318471559636107,0.0318471559636107,"gpath_trio"
"5994","CTNNA1","Exc L3-4 RORB CUX2",0.00670388923852277,5.24026227811799,0.0376514113620257,0.8462962957982,0.913831501162957,0.913831501162957,"gpath_trio"
"5995","AC034243.1","Exc L3-4 RORB CUX2",-0.493500856874889,-0.240239648112212,14.4659351957146,0.000177926575601459,0.00096134672275293,0.00096134672275293,"gpath_trio"
"5996","LRRTM2","Exc L3-4 RORB CUX2",0.0264532027830473,4.84476166844435,0.888305802697943,0.346811726146751,0.493923942892185,0.493923942892185,"gpath_trio"
"5997","SIL1","Exc L3-4 RORB CUX2",0.0336899558579942,6.96350010832771,5.22467393990131,0.0230736486426715,0.0587099081051706,0.0587099081051706,"gpath_trio"
"5998","AC011405.1","Exc L3-4 RORB CUX2",-0.331483026105649,1.60565270764823,32.0312099811485,4.00067479647064e-08,5.96552949141131e-07,5.96552949141131e-07,"gpath_trio"
"5999","MATR3","Exc L3-4 RORB CUX2",0.161494998415796,3.26710821296159,17.9830365604061,3.10049663986673e-05,0.000212258295586397,0.000212258295586397,"gpath_trio"
"6000","PAIP2","Exc L3-4 RORB CUX2",-0.0392997440309341,5.82366657680175,3.6290001671135,0.0578842155524456,0.123761556673441,0.123761556673441,"gpath_trio"
"6001","AC135457.1","Exc L3-4 RORB CUX2",-0.0450038476445626,-0.712061861997875,0.15433409961231,0.766267986128972,0.860723602257782,0.860723602257782,"gpath_trio"
"6002","SLC23A1","Exc L3-4 RORB CUX2",-0.107457444901054,-1.11756728801903,0.682726469232361,0.409407015891918,0.557754510474674,0.557754510474674,"gpath_trio"
"6003","PROB1","Exc L3-4 RORB CUX2",0.0183516399905318,-0.601932221460619,0.0297504373896236,0.863191890106291,0.925567381487004,0.925567381487004,"gpath_trio"
"6004","SPATA24","Exc L3-4 RORB CUX2",-0.0490238780827299,0.966394432819812,0.746834149113829,0.503137321105466,0.64578810031567,0.64578810031567,"gpath_trio"
"6005","DNAJC18","Exc L3-4 RORB CUX2",-0.00558761901386239,5.75469422679996,0.120188579263562,0.729110457272658,0.832520429875821,0.832520429875821,"gpath_trio"
"6006","UBE2D2","Exc L3-4 RORB CUX2",0.0121198908060723,6.58755469042529,0.553601778129384,0.45752160796764,0.603182280647399,0.603182280647399,"gpath_trio"
"6007","CXXC5","Exc L3-4 RORB CUX2",-0.0288930742283639,5.80143860416261,1.04377302782048,0.307895217624148,0.45201352251787,0.45201352251787,"gpath_trio"
"6008","AC008667.1","Exc L3-4 RORB CUX2",-0.00652142638729369,2.4074680391467,0.0199942064207258,0.887662760122434,0.941269640779465,0.941269640779465,"gpath_trio"
"6009","PSD2","Exc L3-4 RORB CUX2",0.0241795201237675,2.81468929532095,0.357828687063112,0.550235311689536,0.688259312598893,0.688259312598893,"gpath_trio"
"6010","NRG2","Exc L3-4 RORB CUX2",0.0981212366505953,6.49480123146427,25.931507346214,6.79894840398566e-07,7.31176887262317e-06,7.31176887262317e-06,"gpath_trio"
"6011","MALINC1","Exc L3-4 RORB CUX2",-0.0163617569591143,1.90213529486953,0.10376640189682,0.824393572373388,0.899277660050452,0.899277660050452,"gpath_trio"
"6012","PURA","Exc L3-4 RORB CUX2",0.0246152376298922,6.98420104862691,1.14726597061671,0.285115446111811,0.426602773407936,0.426602773407936,"gpath_trio"
"6013","IGIP","Exc L3-4 RORB CUX2",-0.0325530401300423,4.86314595079514,1.85774831300238,0.174064104637887,0.292718455536331,0.292718455536331,"gpath_trio"
"6014","CYSTM1","Exc L3-4 RORB CUX2",-0.152131677001913,4.50602579365052,36.5318120337301,5.18678935902849e-09,9.7524208125256e-08,9.7524208125256e-08,"gpath_trio"
"6015","PFDN1","Exc L3-4 RORB CUX2",-0.160657143532518,5.13098805084589,54.6768245311199,1.95254879717252e-12,8.69595408012266e-11,8.69595408012266e-11,"gpath_trio"
"6016","HBEGF","Exc L3-4 RORB CUX2",0.175207597273079,1.72949885730792,9.12376938194964,0.00277445111544477,0.0100852838441859,0.0100852838441859,"gpath_trio"
"6017","AC008438.2","Exc L3-4 RORB CUX2",0.114613517394562,2.07390235499416,5.36016757724746,0.021380735231576,0.0552335702975469,0.0552335702975469,"gpath_trio"
"6018","SLC4A9","Exc L3-4 RORB CUX2",0.0603632750224949,1.05317514290524,0.73072903316881,0.791270674713248,0.878149835653214,0.878149835653214,"gpath_trio"
"6019","AC008438.1","Exc L3-4 RORB CUX2",0.0916829251468493,3.91722222075698,12.1354966990117,0.000580308015430871,0.00266084413893587,0.00266084413893587,"gpath_trio"
"6020","ANKHD1-EIF4EBP3","Exc L3-4 RORB CUX2",-0.0189474448475927,3.30841546746473,0.28459109492894,0.594163446517454,0.724436304676959,0.724436304676959,"gpath_trio"
"6021","SRA1","Exc L3-4 RORB CUX2",0.0330748772052682,4.12457312700098,0.993900773722848,0.319717751956099,0.46503784416296,0.46503784416296,"gpath_trio"
"6022","APBB3","Exc L3-4 RORB CUX2",-0.0865711071694889,4.01911707961845,11.3882984113676,0.000851898240958321,0.00368662527055644,0.00368662527055644,"gpath_trio"
"6023","SLC35A4","Exc L3-4 RORB CUX2",-0.0759148863313322,2.62922225042089,4.32116915392479,0.0386216532756708,0.0896550287465951,0.0896550287465951,"gpath_trio"
"6024","CD14","Exc L3-4 RORB CUX2",-0.248675553839527,-0.232624449467834,4.40843800986474,0.0367255073145814,0.0860454198201928,0.0860454198201928,"gpath_trio"
"6025","NDUFA2","Exc L3-4 RORB CUX2",-0.197011609786207,3.73090919030752,50.8234863103956,9.9740517810795e-12,3.71952855237115e-10,3.71952855237115e-10,"gpath_trio"
"6026","TMCO6","Exc L3-4 RORB CUX2",0.0469359561330141,1.38514618433287,0.763802616058717,0.564592519545406,0.700101664525419,0.700101664525419,"gpath_trio"
"6027","IK","Exc L3-4 RORB CUX2",-0.036553833938658,3.81314386316644,1.25563285457306,0.56798251243564,0.703052161996996,0.703052161996996,"gpath_trio"
"6028","WDR55","Exc L3-4 RORB CUX2",-0.0626845346613854,2.90727794014558,3.96230837939704,0.0475767277132431,0.105909796051493,0.105909796051493,"gpath_trio"
"6029","DND1","Exc L3-4 RORB CUX2",-0.0273178451732914,1.12875170340932,0.155376295254692,0.69377272522488,0.805594420317062,0.805594420317062,"gpath_trio"
"6030","HARS","Exc L3-4 RORB CUX2",-0.0440234666130764,5.92493737965902,5.09798588003227,0.0247832555090902,0.0621506749404467,0.0621506749404467,"gpath_trio"
"6031","HARS2","Exc L3-4 RORB CUX2",-0.0766265958654282,2.81535258473552,4.8720196052737,0.0281692880634141,0.0689368494273872,0.0689368494273872,"gpath_trio"
"6032","ZMAT2","Exc L3-4 RORB CUX2",-0.14754150526579,4.64235142963234,31.6879880216944,4.68256892763002e-08,6.85564790384148e-07,6.85564790384148e-07,"gpath_trio"
"6033","PCDHA1","Exc L3-4 RORB CUX2",-0.164321155711517,-1.11573708073821,1.35748756089088,0.24504118377474,0.379853021568263,0.379853021568263,"gpath_trio"
"6034","AC005609.5","Exc L3-4 RORB CUX2",0.17086961397406,3.65720834018507,17.6313919536496,3.68575828808198e-05,0.000246715903988235,0.000246715903988235,"gpath_trio"
"6035","AC244517.5","Exc L3-4 RORB CUX2",0.0478796650399511,0.451829969104944,0.373764845564606,0.66959942040213,0.786560017852284,0.786560017852284,"gpath_trio"
"6036","PCDHB2","Exc L3-4 RORB CUX2",0.0179508748237794,1.07603711815467,0.0567045649192492,0.811969990367134,0.891509907790854,0.891509907790854,"gpath_trio"
"6037","AC244517.2","Exc L3-4 RORB CUX2",-0.2240181934849,1.1736676878448,11.4225278388261,0.000836999538073469,0.00363697300896667,0.00363697300896667,"gpath_trio"
"6038","PCDHB3","Exc L3-4 RORB CUX2",0.0759637603264727,0.705494858463767,0.920735661990815,0.338173319902151,0.484528565373617,0.484528565373617,"gpath_trio"
"6039","AC244517.1","Exc L3-4 RORB CUX2",0.169026766623808,0.53242365039387,4.55495535687095,0.0337592695441268,0.080204105399524,0.080204105399524,"gpath_trio"
"6040","PCDHB4","Exc L3-4 RORB CUX2",-0.0184521334156258,2.35696345237874,0.0920352217251054,0.76184816816979,0.857844806554701,0.857844806554701,"gpath_trio"
"6041","PCDHB5","Exc L3-4 RORB CUX2",0.0370491844884863,1.05925077108962,0.298583556193314,0.58524035727645,0.717371906437352,0.717371906437352,"gpath_trio"
"6042","AC244517.11","Exc L3-4 RORB CUX2",-0.325444890698179,2.44875488031323,28.8828978082389,1.70978381727357e-07,2.17496144473482e-06,2.17496144473482e-06,"gpath_trio"
"6043","PCDHB6","Exc L3-4 RORB CUX2",0.0198513865482255,1.15223654904534,0.0997041359977753,0.752438280905561,0.850716240299657,0.850716240299657,"gpath_trio"
"6044","PCDHB7","Exc L3-4 RORB CUX2",0.130287253959463,0.783625690920542,2.10040449079753,0.148465199769955,0.259444383313888,0.259444383313888,"gpath_trio"
"6045","PCDHB8","Exc L3-4 RORB CUX2",0.475738898382875,-0.970272532924284,11.4910732720854,0.00080795668620315,0.00352901626848854,0.00352901626848854,"gpath_trio"
"6046","PCDHB16","Exc L3-4 RORB CUX2",0.2482097646448,0.102349031998646,7.86259959131621,0.00542741812525094,0.0178418805384854,0.0178418805384854,"gpath_trio"
"6047","AC244517.6","Exc L3-4 RORB CUX2",0.0289998958026767,0.296302020364958,0.12062625470544,0.728637221443825,0.832215576462249,0.832215576462249,"gpath_trio"
"6048","PCDHB9","Exc L3-4 RORB CUX2",-0.146818215957641,2.50237377483009,7.53137465435398,0.006485765348484,0.0206518806669294,0.0206518806669294,"gpath_trio"
"6049","PCDHB10","Exc L3-4 RORB CUX2",-0.0464245447380556,2.07098754247676,0.924053359202243,0.337306036070462,0.483693746347908,0.483693746347908,"gpath_trio"
"6050","PCDHB11","Exc L3-4 RORB CUX2",0.0526461995318187,0.659462350335435,0.523979740621608,0.469799725141128,0.615208257267362,0.615208257267362,"gpath_trio"
"6051","PCDHB12","Exc L3-4 RORB CUX2",0.0767733619518151,1.80018879721495,1.61428291555853,0.205026480153454,0.331895148607553,0.331895148607553,"gpath_trio"
"6052","PCDHB13","Exc L3-4 RORB CUX2",0.131331625951532,1.58612929181783,5.20458124967704,0.0233363564986083,0.0591842856517187,0.0591842856517187,"gpath_trio"
"6053","PCDHB14","Exc L3-4 RORB CUX2",-0.00953161994128088,1.69672456710396,0.0329308939400708,0.96685778902965,0.982958696335033,0.982958696335033,"gpath_trio"
"6054","AC244517.10","Exc L3-4 RORB CUX2",0.0511450922532364,4.34319476369116,1.96038535614523,0.162664230175694,0.27752649841815,0.27752649841815,"gpath_trio"
"6055","PCDHB15","Exc L3-4 RORB CUX2",0.119770160433557,0.691254265287304,2.47129614176025,0.11715834098009,0.216077294933113,0.216077294933113,"gpath_trio"
"6056","TAF7","Exc L3-4 RORB CUX2",-0.137457305975781,4.71934431516468,24.2973774981068,1.47223613607695e-06,1.46823351682415e-05,1.46823351682415e-05,"gpath_trio"
"6057","AC005618.1","Exc L3-4 RORB CUX2",0.147887089740831,-0.767270295565805,1.33532959327093,0.248920070505025,0.384706788910593,0.384706788910593,"gpath_trio"
"6058","PCDHGA1","Exc L3-4 RORB CUX2",0.199691453880741,1.1491675609883,6.9126694958279,0.00906844986786807,0.0272783623205961,0.0272783623205961,"gpath_trio"
"6059","DIAPH1","Exc L3-4 RORB CUX2",0.0623544542011365,6.27414640906419,16.7296037374461,5.75252694173967e-05,0.000363132762983723,0.000363132762983723,"gpath_trio"
"6060","AC008781.2","Exc L3-4 RORB CUX2",-0.40003207231509,0.212506964786715,4.88989332905825,0.0278846074032946,0.0683894911696412,0.0683894911696412,"gpath_trio"
"6061","AC008781.1","Exc L3-4 RORB CUX2",-0.235572597110171,0.891202098190651,11.9852773326936,0.000626743325796514,0.00284338803641661,0.00284338803641661,"gpath_trio"
"6062","HDAC3","Exc L3-4 RORB CUX2",0.068541090472444,5.76658274048098,10.9408749185745,0.00107342748271354,0.00450049864167616,0.00450049864167616,"gpath_trio"
"6063","RELL2","Exc L3-4 RORB CUX2",-0.221149144506913,4.73294549264116,30.3329466112906,8.73623197280479e-08,1.18529576362701e-06,1.18529576362701e-06,"gpath_trio"
"6064","FCHSD1","Exc L3-4 RORB CUX2",-0.17877935584354,1.40978261602521,4.68918400355738,0.0312625699071063,0.0752797160923121,0.0752797160923121,"gpath_trio"
"6065","ARAP3","Exc L3-4 RORB CUX2",-0.200557637387766,2.6751248745679,9.31688350393544,0.0025058660657199,0.00926440312917335,0.00926440312917335,"gpath_trio"
"6066","PCDH1","Exc L3-4 RORB CUX2",0.0940960810992623,4.3489846444522,6.83223986828384,0.00947468095276015,0.0282894314373148,0.0282894314373148,"gpath_trio"
"6067","DELE1","Exc L3-4 RORB CUX2",0.00960632937839608,5.19255591671496,0.172799150043948,0.677978869205772,0.793216404907589,0.793216404907589,"gpath_trio"
"6068","PCDH12","Exc L3-4 RORB CUX2",-0.00702506787973565,-0.133517903924662,0.00453019825669958,0.946389233047201,0.974048619663859,0.974048619663859,"gpath_trio"
"6069","RNF14","Exc L3-4 RORB CUX2",-0.0320188491048201,4.69089560839094,2.4168060197024,0.121255798393573,0.222010684507698,0.222010684507698,"gpath_trio"
"6070","AC005740.3","Exc L3-4 RORB CUX2",-0.339130901127423,0.636896130804935,6.28250314604853,0.0128046597833465,0.0363799480536565,0.0363799480536565,"gpath_trio"
"6071","GNPDA1","Exc L3-4 RORB CUX2",-0.0474950723931601,4.44697908322653,4.62142315594858,0.0324977566826703,0.0777564327648096,0.0777564327648096,"gpath_trio"
"6072","NDFIP1","Exc L3-4 RORB CUX2",-0.0881905823865305,7.89727373674843,54.6197611264932,1.99995758012167e-12,8.88747669139971e-11,8.88747669139971e-11,"gpath_trio"
"6073","SPRY4","Exc L3-4 RORB CUX2",-0.212415117224961,2.35525244066645,6.76150695132657,0.00984743711642425,0.0292207742055978,0.0292207742055978,"gpath_trio"
"6074","SPRY4-AS1","Exc L3-4 RORB CUX2",-0.523293886657727,5.58894454315522,32.4499614747889,3.30275585735889e-08,4.9987321397011e-07,4.9987321397011e-07,"gpath_trio"
"6075","FGF1","Exc L3-4 RORB CUX2",-0.904854150918664,1.82202355867868,16.3083348475511,7.0885000595862e-05,0.000432317075883167,0.000432317075883167,"gpath_trio"
"6076","LINC01844","Exc L3-4 RORB CUX2",-0.511464011628895,0.382828361212044,15.3477965931208,0.00011436624339824,0.000655307855881706,0.000655307855881706,"gpath_trio"
"6077","ARHGAP26","Exc L3-4 RORB CUX2",0.0243120325038893,9.80732710671868,1.46891378639741,0.226617371692022,0.357553213262249,0.357553213262249,"gpath_trio"
"6078","ARHGAP26-AS1","Exc L3-4 RORB CUX2",-0.571687855029818,3.3256840707537,75.4857105089597,4.18093745329105e-16,4.30359250612994e-14,4.30359250612994e-14,"gpath_trio"
"6079","NR3C1","Exc L3-4 RORB CUX2",0.0472153613055107,8.24019303875343,4.02814670979577,0.045782129750477,0.102776729466549,0.102776729466549,"gpath_trio"
"6080","AC016598.1","Exc L3-4 RORB CUX2",0.183826925956951,5.76801758784133,24.7444913766018,1.19098709150965e-06,1.21661592765606e-05,1.21661592765606e-05,"gpath_trio"
"6081","YIPF5","Exc L3-4 RORB CUX2",-0.0154268815415143,4.43747789196225,0.388247388927163,0.53376824681881,0.672973249343298,0.672973249343298,"gpath_trio"
"6082","KCTD16","Exc L3-4 RORB CUX2",0.137813527723311,9.74425288339933,53.9331915297213,2.6701793757598e-12,1.14133196834648e-10,1.14133196834648e-10,"gpath_trio"
"6083","AC132803.1","Exc L3-4 RORB CUX2",-0.0426486274497425,-0.210931430085021,0.172391950032167,0.67833711017039,0.793451484095989,0.793451484095989,"gpath_trio"
"6084","AC137770.1","Exc L3-4 RORB CUX2",0.117257848632112,3.36889226584031,4.55899001786117,0.0336812459378868,0.0800658815596637,0.0800658815596637,"gpath_trio"
"6085","AC008700.1","Exc L3-4 RORB CUX2",-0.164637924182115,-0.156040300427125,2.82508726626213,0.0940027085040222,0.181674934770442,0.181674934770442,"gpath_trio"
"6086","PRELID2","Exc L3-4 RORB CUX2",0.0369110102305404,6.35319865012577,0.679456906410424,0.410529313405456,0.558785451119284,0.558785451119284,"gpath_trio"
"6087","GRXCR2","Exc L3-4 RORB CUX2",0.0824674005598588,0.104740011336062,0.865198075065597,0.353150915830793,0.500657867444438,0.500657867444438,"gpath_trio"
"6088","SH3RF2","Exc L3-4 RORB CUX2",-0.0626802162058666,4.82831639826322,2.38982546030111,0.12334351514564,0.224968939373046,0.224968939373046,"gpath_trio"
"6089","PLAC8L1","Exc L3-4 RORB CUX2",0.0618539950223061,3.48874792112452,3.17508439163423,0.0759363805862351,0.154157423860665,0.154157423860665,"gpath_trio"
"6090","AC091887.1","Exc L3-4 RORB CUX2",-0.38486541339074,2.8640512877553,57.5077246622237,5.97449051210525e-13,2.91148178941361e-11,2.91148178941361e-11,"gpath_trio"
"6091","LARS","Exc L3-4 RORB CUX2",-0.000226783737175888,5.91775412795387,0.000192750807714123,0.988933594485268,0.994659456341205,0.994659456341205,"gpath_trio"
"6092","AC091959.3","Exc L3-4 RORB CUX2",-0.10400629399855,1.98397239019504,4.9320043477729,0.0272257349668829,0.0670752476440178,0.0670752476440178,"gpath_trio"
"6093","AC011396.2","Exc L3-4 RORB CUX2",-0.12493299434672,-0.639959671102827,1.3755865353712,0.241927741459812,0.376060727633231,0.376060727633231,"gpath_trio"
"6094","TCERG1","Exc L3-4 RORB CUX2",0.0293142868740416,6.90746458520522,4.24325450381883,0.0404018920724003,0.0930382573405634,0.0930382573405634,"gpath_trio"
"6095","GPR151","Exc L3-4 RORB CUX2",-0.0576798905366705,-0.814574907550535,0.252119543423404,0.616011530279157,0.742586285982905,0.742586285982905,"gpath_trio"
"6096","AC008728.1","Exc L3-4 RORB CUX2",-0.257627262302113,0.754686481486017,14.3073496470941,0.000192702340070156,0.00103041868828927,0.00103041868828927,"gpath_trio"
"6097","PPP2R2B","Exc L3-4 RORB CUX2",0.116856068611642,9.76617138888085,53.6403919897769,3.02107973573495e-12,1.28046814429522e-10,1.28046814429522e-10,"gpath_trio"
"6098","STK32A-AS1","Exc L3-4 RORB CUX2",0.280633440109929,0.260902098536114,6.61744290784626,0.0106541726388115,0.0311563897648966,0.0311563897648966,"gpath_trio"
"6099","STK32A","Exc L3-4 RORB CUX2",0.0384626311568334,1.29130900652822,0.166345432879376,0.683716007586653,0.797569844062488,0.797569844062488,"gpath_trio"
"6100","DPYSL3","Exc L3-4 RORB CUX2",0.0354552471874613,4.92019026211576,1.42213277369077,0.234139858425674,0.366439503819562,0.366439503819562,"gpath_trio"
"6101","JAKMIP2-AS1","Exc L3-4 RORB CUX2",-0.338532566584356,4.0495678253344,68.6521966037255,6.29154115456539e-15,4.99731664540775e-13,4.99731664540775e-13,"gpath_trio"
"6102","JAKMIP2","Exc L3-4 RORB CUX2",0.122709127418757,8.10211071970559,73.6905863312257,8.47452500915549e-16,8.25959140385082e-14,8.25959140385082e-14,"gpath_trio"
"6103","SPINK5","Exc L3-4 RORB CUX2",-0.237340404171601,-0.514390158693874,4.26420457149983,0.0399148560022104,0.0921164744731864,0.0921164744731864,"gpath_trio"
"6104","MARCOL","Exc L3-4 RORB CUX2",0.160630398793184,-0.0796813953620261,2.95013919898024,0.0870608057068612,0.171478253942783,0.171478253942783,"gpath_trio"
"6105","AC091948.1","Exc L3-4 RORB CUX2",0.194445957875293,4.81241824991176,43.2753063656684,2.60068778458182e-10,6.64162988024535e-09,6.64162988024535e-09,"gpath_trio"
"6106","SPINK9","Exc L3-4 RORB CUX2",0.0399413271370132,0.238515851242837,0.0779806681938537,0.780274825050176,0.870929161570529,0.870929161570529,"gpath_trio"
"6107","FBXO38","Exc L3-4 RORB CUX2",0.0146343681312262,5.21936727450412,0.810453294804009,0.368819320220627,0.517377957547709,0.517377957547709,"gpath_trio"
"6108","AC114939.1","Exc L3-4 RORB CUX2",-0.58538085488843,-0.425195322086682,27.593142327803,3.11831584549495e-07,3.7007071872271e-06,3.7007071872271e-06,"gpath_trio"
"6109","HTR4","Exc L3-4 RORB CUX2",-0.00935089044215263,5.7718449035009,0.0733040522478428,0.786800267635746,0.87509940892274,0.87509940892274,"gpath_trio"
"6110","ABLIM3","Exc L3-4 RORB CUX2",0.0769737879732347,5.35341938263297,11.3187247374198,0.000883018419608986,0.00380416327474082,0.00380416327474082,"gpath_trio"
"6111","AC012613.1","Exc L3-4 RORB CUX2",-0.264030282747226,-0.729477027940104,4.40460016850663,0.0368067972673098,0.0861858327376944,0.0861858327376944,"gpath_trio"
"6112","AFAP1L1","Exc L3-4 RORB CUX2",0.21077051063745,2.87484831350358,11.335298278593,0.000875501640555251,0.00377742634692091,0.00377742634692091,"gpath_trio"
"6113","GRPEL2","Exc L3-4 RORB CUX2",-0.19613763674775,2.29017019717797,21.2751782540164,6.24870146078836e-06,5.23221189236296e-05,5.23221189236296e-05,"gpath_trio"
"6114","GRPEL2-AS1","Exc L3-4 RORB CUX2",0.0741035167136449,2.94696516643344,2.55008848890647,0.111502696386154,0.208196844015794,0.208196844015794,"gpath_trio"
"6115","PCYOX1L","Exc L3-4 RORB CUX2",-0.148642193704427,3.71471137706704,17.5104773279709,3.91188631301548e-05,0.000260126256971283,0.000260126256971283,"gpath_trio"
"6116","CSNK1A1","Exc L3-4 RORB CUX2",-0.000727540913474356,7.24610504236801,0.00309445774733658,0.955680998993195,0.977880212744723,0.977880212744723,"gpath_trio"
"6117","ARHGEF37","Exc L3-4 RORB CUX2",0.0647712793514134,3.1827244116532,5.12620019736871,0.0243913918808905,0.0613527951405912,0.0613527951405912,"gpath_trio"
"6118","PPARGC1B","Exc L3-4 RORB CUX2",0.0572809304521169,5.75091066349065,6.90670852103944,0.00909793180533793,0.0273425851590485,0.0273425851590485,"gpath_trio"
"6119","PDE6A","Exc L3-4 RORB CUX2",-0.0744363271200527,0.705956283039279,1.34954726382095,0.246422588098809,0.381489849209137,0.381489849209137,"gpath_trio"
"6120","SLC26A2","Exc L3-4 RORB CUX2",0.01917073962643,2.44501409211693,0.243739081747581,0.709104218318517,0.817682762035669,0.817682762035669,"gpath_trio"
"6121","TIGD6","Exc L3-4 RORB CUX2",-0.055691304706065,1.00062325842269,1.04733993749597,0.307071733393922,0.451214291421878,0.451214291421878,"gpath_trio"
"6122","HMGXB3","Exc L3-4 RORB CUX2",-0.0545064760474849,4.65373219517357,5.95145342545017,0.0153741438589353,0.0423098284482361,0.0423098284482361,"gpath_trio"
"6123","PDGFRB","Exc L3-4 RORB CUX2",0.00941522902064089,4.08954696211247,0.0549469970942549,0.814852915835279,0.893437897160269,0.893437897160269,"gpath_trio"
"6124","SLC6A7","Exc L3-4 RORB CUX2",-0.0531166998066001,6.49077078407029,5.2103442467552,0.0232606887861811,0.0590443377278816,0.0590443377278816,"gpath_trio"
"6125","CAMK2A","Exc L3-4 RORB CUX2",-0.00714514878025411,9.21554636944829,0.115646894939614,0.734079165756747,0.836631294155596,0.836631294155596,"gpath_trio"
"6126","TCOF1","Exc L3-4 RORB CUX2",0.0694987410978969,4.69421014356434,7.35486823131041,0.00713421289366993,0.0223151542836885,0.0223151542836885,"gpath_trio"
"6127","RPS14","Exc L3-4 RORB CUX2",-0.258210756213437,5.24974967289033,70.1350271404445,3.47583020128167e-15,3.04890757873294e-13,3.04890757873294e-13,"gpath_trio"
"6128","NDST1-AS1","Exc L3-4 RORB CUX2",0.0630012864643518,1.06891641515642,0.998294665506402,0.341367663736315,0.487892647767083,0.487892647767083,"gpath_trio"
"6129","NDST1","Exc L3-4 RORB CUX2",0.0230937210383994,4.61695220185835,1.17692055634978,0.278988669099297,0.419640646377186,0.419640646377186,"gpath_trio"
"6130","SYNPO","Exc L3-4 RORB CUX2",-0.0364477128345985,5.95379803929724,2.28241642246211,0.132062214238084,0.237359035390054,0.237359035390054,"gpath_trio"
"6131","AC011383.1","Exc L3-4 RORB CUX2",0.0940818637580068,-0.0554926977251479,1.02974157444737,0.556556519147606,0.693118998382898,0.693118998382898,"gpath_trio"
"6132","MYOZ3","Exc L3-4 RORB CUX2",-0.121081907335346,0.621611035173679,3.28678814375587,0.0709926414762197,0.145927309402214,0.145927309402214,"gpath_trio"
"6133","RBM22","Exc L3-4 RORB CUX2",-0.0991507249356343,3.4957789528887,12.4619657603493,0.000491079662122267,0.00230890985395403,0.00230890985395403,"gpath_trio"
"6134","DCTN4","Exc L3-4 RORB CUX2",-0.0196421746864637,5.50968943232578,1.43538313419827,0.231978870106627,0.364017554981816,0.364017554981816,"gpath_trio"
"6135","GPX3","Exc L3-4 RORB CUX2",-0.181013253304325,4.63306430871671,20.0217439582546,1.14583099483949e-05,8.95319144883299e-05,8.95319144883299e-05,"gpath_trio"
"6136","TNIP1","Exc L3-4 RORB CUX2",-0.00496702099530128,4.21505567712376,0.0402519818619943,0.863337162726395,0.925643155551098,0.925643155551098,"gpath_trio"
"6137","ANXA6","Exc L3-4 RORB CUX2",-0.0443237647684398,6.20611038209881,4.11694595446004,0.0434745064991261,0.0984618509901065,0.0984618509901065,"gpath_trio"
"6138","CCDC69","Exc L3-4 RORB CUX2",0.0499163958657517,2.28585289015176,1.2829296477661,0.258398447454688,0.396016560192173,0.396016560192173,"gpath_trio"
"6139","GM2A","Exc L3-4 RORB CUX2",-0.0843829913740583,1.71542863254526,2.90736922853752,0.206002705557608,0.333101273112506,0.333101273112506,"gpath_trio"
"6140","SLC36A1","Exc L3-4 RORB CUX2",0.0570567771548878,5.92011520759532,4.79911982311167,0.0293622980292092,0.0714146308305359,0.0714146308305359,"gpath_trio"
"6141","FAT2","Exc L3-4 RORB CUX2",-0.298218254567226,1.14137519191075,4.46526189558642,0.0355437911972944,0.083763110314848,0.083763110314848,"gpath_trio"
"6142","AC011337.1","Exc L3-4 RORB CUX2",0.102579071894714,1.08900564607279,2.84873663612051,0.0926448741889703,0.179722147765623,0.179722147765623,"gpath_trio"
"6143","AC011374.1","Exc L3-4 RORB CUX2",-0.0916453547224454,1.72813737424215,1.76348931091913,0.185354469317368,0.307223662379059,0.307223662379059,"gpath_trio"
"6144","SPARC","Exc L3-4 RORB CUX2",0.0275484837225688,3.12092554200228,0.213916087319706,0.644101993175076,0.76552328202104,0.76552328202104,"gpath_trio"
"6145","CLMAT3","Exc L3-4 RORB CUX2",-0.190187675884466,-0.0111404652265371,4.36833818337907,0.0375842946055817,0.0877213261993997,0.0877213261993997,"gpath_trio"
"6146","AC011374.2","Exc L3-4 RORB CUX2",0.129538395596169,0.249472865436958,2.84879690391598,0.0926414414121286,0.179722147765623,0.179722147765623,"gpath_trio"
"6147","ATOX1","Exc L3-4 RORB CUX2",-0.116235533903215,3.98129826965001,20.4373749392481,9.36700948813526e-06,7.46069547663359e-05,7.46069547663359e-05,"gpath_trio"
"6148","AC091982.1","Exc L3-4 RORB CUX2",-0.115622501041177,-0.445254271444155,1.47216290499434,0.290008727342284,0.432217335756118,0.432217335756118,"gpath_trio"
"6149","G3BP1","Exc L3-4 RORB CUX2",0.0311642421578663,5.25746289943071,3.29128140576052,0.0708011871258294,0.145660892367977,0.145660892367977,"gpath_trio"
"6150","GLRA1","Exc L3-4 RORB CUX2",0.170902021190308,1.64314157139324,5.3962420216872,0.0209521982337129,0.0543120389779209,0.0543120389779209,"gpath_trio"
"6151","LINC01933","Exc L3-4 RORB CUX2",0.0837980002297734,3.12852010541182,2.79848526224025,0.0955561427298493,0.184112804849079,0.184112804849079,"gpath_trio"
"6152","NMUR2","Exc L3-4 RORB CUX2",0.139477793824336,1.20012796286491,1.73158347833247,0.189367810732723,0.312208513649807,0.312208513649807,"gpath_trio"
"6153","LINC01470","Exc L3-4 RORB CUX2",-0.0565910751401752,3.25497446551532,1.9430231661571,0.164530805120753,0.28011890238913,0.28011890238913,"gpath_trio"
"6154","GRIA1","Exc L3-4 RORB CUX2",0.138923573346714,8.29237881649922,28.6672095809885,1.89007542834823e-07,2.36846408490221e-06,2.36846408490221e-06,"gpath_trio"
"6155","FAM114A2","Exc L3-4 RORB CUX2",-0.0213040942605939,4.11641823856512,0.319172428105062,0.572592519903957,0.707066598669503,0.707066598669503,"gpath_trio"
"6156","MFAP3","Exc L3-4 RORB CUX2",0.0472942856878149,5.63499003829894,5.12299313416705,0.024435606333799,0.0614392270419235,0.0614392270419235,"gpath_trio"
"6157","GALNT10","Exc L3-4 RORB CUX2",-0.0673789363892621,3.98124859985775,3.18144991375336,0.0756448893312919,0.153704868794321,0.153704868794321,"gpath_trio"
"6158","SAP30L-AS1","Exc L3-4 RORB CUX2",0.0434030163846856,2.02888465062215,0.716463267896215,0.452994996402569,0.599054408260476,0.599054408260476,"gpath_trio"
"6159","SAP30L","Exc L3-4 RORB CUX2",-0.0916060889801772,3.52648866965207,9.92077074237253,0.00182517920440887,0.00705221827363592,0.00705221827363592,"gpath_trio"
"6160","LARP1","Exc L3-4 RORB CUX2",0.0288717060928599,7.10602329045853,3.8081264418264,0.0520782217865113,0.113890027947555,0.113890027947555,"gpath_trio"
"6161","FAXDC2","Exc L3-4 RORB CUX2",0.171098923066024,3.44893877779133,7.48470481005432,0.00665109170886778,0.0211050291328102,0.0211050291328102,"gpath_trio"
"6162","CNOT8","Exc L3-4 RORB CUX2",-0.0418369418990968,4.51420040829267,3.31009063115207,0.0754669484240851,0.153436025844595,0.153436025844595,"gpath_trio"
"6163","GEMIN5","Exc L3-4 RORB CUX2",0.0456168849691013,4.72723150596781,5.96751981817188,0.0152378711760426,0.0420322738551627,0.0420322738551627,"gpath_trio"
"6164","MRPL22","Exc L3-4 RORB CUX2",-0.0858410832501222,3.9564309332129,10.6426722296763,0.00125290452606408,0.00513871697770741,0.00513871697770741,"gpath_trio"
"6165","KIF4B","Exc L3-4 RORB CUX2",0.306417874053794,0.257191581854088,11.8518843702677,0.000671139828840014,0.00302440161868378,0.00302440161868378,"gpath_trio"
"6166","SGCD","Exc L3-4 RORB CUX2",0.129828778712348,9.09810934293914,36.2376488980906,5.92091843476857e-09,1.09792766012368e-07,1.09792766012368e-07,"gpath_trio"
"6167","AC025434.1","Exc L3-4 RORB CUX2",-0.216172444069637,-0.766473821273259,3.09287305238337,0.0798122342504064,0.160156338372981,0.160156338372981,"gpath_trio"
"6168","PPP1R2B","Exc L3-4 RORB CUX2",-0.0740969038888371,-0.776950357624521,0.37190687609219,0.5424992742687,0.68090847694233,0.68090847694233,"gpath_trio"
"6169","TIMD4","Exc L3-4 RORB CUX2",-0.17637139336151,-0.650292281351822,1.98371833621333,0.160193872708339,0.27463514460577,0.27463514460577,"gpath_trio"
"6170","HAVCR1","Exc L3-4 RORB CUX2",-0.147528602501122,0.0741374617133904,2.46302505636894,0.117770261348685,0.216967858890487,0.216967858890487,"gpath_trio"
"6171","HAVCR2","Exc L3-4 RORB CUX2",0.00632243476718432,4.58991700814063,0.0385977474182838,0.844401187447126,0.912468878240266,0.912468878240266,"gpath_trio"
"6172","MED7","Exc L3-4 RORB CUX2",-0.150443483773243,-0.244734670400294,2.8463240520069,0.139655798888818,0.247501382869105,0.247501382869105,"gpath_trio"
"6173","ITK","Exc L3-4 RORB CUX2",0.0862838558577819,-0.0826055961626653,0.86289985109976,0.353790033216038,0.501490474259367,0.501490474259367,"gpath_trio"
"6174","AC010609.1","Exc L3-4 RORB CUX2",-0.451007581902741,0.160018298212338,23.9646426349697,1.72435452109458e-06,1.68182095357864e-05,1.68182095357864e-05,"gpath_trio"
"6175","AC009185.1","Exc L3-4 RORB CUX2",0.0350216180249558,1.02280669220533,0.344307078771499,0.557862702202861,0.694060188513981,0.694060188513981,"gpath_trio"
"6176","CYFIP2","Exc L3-4 RORB CUX2",-0.0173785205403487,7.48431388323534,2.20261518603635,0.138988061037323,0.246621295640104,0.246621295640104,"gpath_trio"
"6177","FNDC9","Exc L3-4 RORB CUX2",-0.0541964242561113,1.80150548612325,0.9914599276025,0.320311570171287,0.465683211659993,0.465683211659993,"gpath_trio"
"6178","AC008676.1","Exc L3-4 RORB CUX2",-0.0221003008413033,-0.227557060780447,0.0565888171810227,0.812158386137805,0.891619711613986,0.891619711613986,"gpath_trio"
"6179","ADAM19","Exc L3-4 RORB CUX2",0.0320410246351525,5.37816398932559,2.43219697803564,0.120082523957231,0.220322382760744,0.220322382760744,"gpath_trio"
"6180","SOX30","Exc L3-4 RORB CUX2",-0.148989846181696,0.205851583755465,2.92732760266193,0.0882842205901043,0.173413898394057,0.173413898394057,"gpath_trio"
"6181","C5orf52","Exc L3-4 RORB CUX2",-0.00957504331094233,-0.973335817230914,0.00491781386288782,0.944146381664265,0.972986323240361,0.972986323240361,"gpath_trio"
"6182","THG1L","Exc L3-4 RORB CUX2",-0.0530214326409381,1.97100408276836,1.2775840943784,0.259390303226206,0.397056097692617,0.397056097692617,"gpath_trio"
"6183","LSM11","Exc L3-4 RORB CUX2",0.0183351770263874,4.33886671718519,0.498843909629345,0.480640939935815,0.623998131480377,0.623998131480377,"gpath_trio"
"6184","CLINT1","Exc L3-4 RORB CUX2",0.0505966970831992,5.2881742497831,9.44141569604343,0.00234690243319359,0.00876341969085334,0.00876341969085334,"gpath_trio"
"6185","LINC02227","Exc L3-4 RORB CUX2",0.120824139854433,-1.05680681202362,0.932223820031139,0.335182904052638,0.481680681619915,0.481680681619915,"gpath_trio"
"6186","AC091979.1","Exc L3-4 RORB CUX2",0.112307711694386,-1.48259498542061,0.435173485639275,0.510045144583153,0.652101444357738,0.652101444357738,"gpath_trio"
"6187","AC091939.1","Exc L3-4 RORB CUX2",-0.0479442867629132,0.178613448883401,0.261077099763354,0.609814715157974,0.737507812578931,0.737507812578931,"gpath_trio"
"6188","EBF1","Exc L3-4 RORB CUX2",-0.522048833667841,-0.808480207600185,6.49101636380081,0.0114183076214341,0.0330076631490936,0.0330076631490936,"gpath_trio"
"6189","RNF145","Exc L3-4 RORB CUX2",-0.0556451560253746,6.54571914863175,13.1637317912758,0.000343526250383965,0.00170118853743164,0.00170118853743164,"gpath_trio"
"6190","AC134043.1","Exc L3-4 RORB CUX2",0.0376827865199833,-0.0591554858542583,0.18648222266261,0.666218583224101,0.783638054835952,0.783638054835952,"gpath_trio"
"6191","UBLCP1","Exc L3-4 RORB CUX2",-0.0318220914001011,4.90750165962792,1.83755193773746,0.176414444023249,0.295783379719857,0.295783379719857,"gpath_trio"
"6192","AC008691.1","Exc L3-4 RORB CUX2",0.107138351525268,4.14870080365927,3.16397602226399,0.076447970312302,0.154837646928089,0.154837646928089,"gpath_trio"
"6193","LINC01847","Exc L3-4 RORB CUX2",-0.202367773825839,0.855844744016018,7.03994836216787,0.00846190548875005,0.0257494635347711,0.0257494635347711,"gpath_trio"
"6194","ADRA1B","Exc L3-4 RORB CUX2",0.0710245312593509,4.14912737772926,2.12505016288352,0.146114797238212,0.256202506021287,0.256202506021287,"gpath_trio"
"6195","TTC1","Exc L3-4 RORB CUX2",-0.0545097892058185,6.33458570927799,13.1937022580942,0.000338338740847274,0.00167987080883971,0.00167987080883971,"gpath_trio"
"6196","PWWP2A","Exc L3-4 RORB CUX2",0.0655551953685313,5.28923447418014,11.6721678859751,0.000736061277348426,0.00326374423527571,0.00326374423527571,"gpath_trio"
"6197","FABP6","Exc L3-4 RORB CUX2",-0.147084082614091,0.584810953550833,3.5546391136333,0.0604941542685688,0.128497532361379,0.128497532361379,"gpath_trio"
"6198","CCNJL","Exc L3-4 RORB CUX2",0.0153502605443933,1.69436396507297,0.0541692956071982,0.816144096475709,0.894000822369282,0.894000822369282,"gpath_trio"
"6199","C1QTNF2","Exc L3-4 RORB CUX2",0.0763455092194453,0.762643231292081,1.17651425866025,0.298332216126552,0.441426656424876,0.441426656424876,"gpath_trio"
"6200","ZBED8","Exc L3-4 RORB CUX2",0.10186996785717,2.3340202151897,5.60420967708334,0.0186500630944438,0.0494175233688473,0.0494175233688473,"gpath_trio"
"6201","SLU7","Exc L3-4 RORB CUX2",-0.0649187202548149,5.10674865639197,12.6444739606638,0.00044740936823259,0.00213089801796329,0.00213089801796329,"gpath_trio"
"6202","PTTG1","Exc L3-4 RORB CUX2",-0.0481988085355005,1.16292442342381,0.59245969752726,0.442168258857735,0.588926426730698,0.588926426730698,"gpath_trio"
"6203","MIR3142HG","Exc L3-4 RORB CUX2",0.142950663196573,0.528555072260497,3.6610682072332,0.0567960702756115,0.121887109649023,0.121887109649023,"gpath_trio"
"6204","AC008456.1","Exc L3-4 RORB CUX2",0.302282723970529,0.174429587546763,11.5854887440401,0.000769623300130064,0.00338798823480777,0.00338798823480777,"gpath_trio"
"6205","GABRB2","Exc L3-4 RORB CUX2",0.0742810989833814,9.42834721165315,23.8571259377808,1.8148193691112e-06,1.75944165169719e-05,1.75944165169719e-05,"gpath_trio"
"6206","GABRA6","Exc L3-4 RORB CUX2",-0.0201025719350637,4.59402486178474,0.411308300762448,0.521871131583611,0.662234689980125,0.662234689980125,"gpath_trio"
"6207","GABRA1","Exc L3-4 RORB CUX2",-0.0664703349507189,7.86921209905561,15.2784613861935,0.000118398457171786,0.000675453725329059,0.000675453725329059,"gpath_trio"
"6208","LINC01202","Exc L3-4 RORB CUX2",0.111821001549618,5.68248582341607,7.22407753434802,0.00765746409092623,0.023694683747613,0.023694683747613,"gpath_trio"
"6209","GABRG2","Exc L3-4 RORB CUX2",0.0324203797972691,8.16586032789121,4.17523880564254,0.0420268403998432,0.0959177083059567,0.0959177083059567,"gpath_trio"
"6210","AC113414.1","Exc L3-4 RORB CUX2",0.0558812466874878,4.42770930830223,2.35717768290013,0.125923566837203,0.228623839114561,0.228623839114561,"gpath_trio"
"6211","CCNG1","Exc L3-4 RORB CUX2",-0.0113410574273477,3.31502110751426,0.12967207346194,0.915483161865151,0.957268259963664,0.957268259963664,"gpath_trio"
"6212","NUDCD2","Exc L3-4 RORB CUX2",-0.102617642134109,4.45604061913649,20.2678896410118,1.01686941908993e-05,8.04207782443723e-05,8.04207782443723e-05,"gpath_trio"
"6213","HMMR","Exc L3-4 RORB CUX2",0.0254761576747153,0.331398255206575,0.120895526903314,0.728346549387303,0.832072006448972,0.832072006448972,"gpath_trio"
"6214","MAT2B","Exc L3-4 RORB CUX2",-0.12616289173782,4.30852040572743,16.8421739304134,5.44082693942245e-05,0.000346601463539147,0.000346601463539147,"gpath_trio"
"6215","AC008662.1","Exc L3-4 RORB CUX2",-0.368091802197873,-0.0283215285567528,13.7778560195804,0.000251687073827929,0.00130433771242704,0.00130433771242704,"gpath_trio"
"6216","AC109466.1","Exc L3-4 RORB CUX2",0.407819412636092,7.27824678049499,21.0843330872255,6.85122134156945e-06,5.65793657659286e-05,5.65793657659286e-05,"gpath_trio"
"6217","LINC02143","Exc L3-4 RORB CUX2",0.023022439044453,0.533404110614479,0.0406377470888618,0.840396401132281,0.90984692207372,0.90984692207372,"gpath_trio"
"6218","AC008415.1","Exc L3-4 RORB CUX2",0.377974657717111,6.29205940795695,17.4255788506594,4.07900805709753e-05,0.000269904846021458,0.000269904846021458,"gpath_trio"
"6219","AC114321.1","Exc L3-4 RORB CUX2",0.11502511517504,1.84438347488392,1.88582106177367,0.170857056942307,0.288407055205074,0.288407055205074,"gpath_trio"
"6220","LINC01947","Exc L3-4 RORB CUX2",-0.117091311586179,-0.436288678493135,1.07838484311101,0.300023902962627,0.443376958853722,0.443376958853722,"gpath_trio"
"6221","TENM2","Exc L3-4 RORB CUX2",0.0728238353570408,11.0442157285612,8.12340885003778,0.00471987286544134,0.0158047195120795,0.0158047195120795,"gpath_trio"
"6222","AC091820.2","Exc L3-4 RORB CUX2",-0.608807129099258,0.276990404855998,36.4723270516908,5.32744153970912e-09,1.00075542889787e-07,1.00075542889787e-07,"gpath_trio"
"6223","AC008708.2","Exc L3-4 RORB CUX2",-0.0974755367164165,3.2046343637011,5.70967701462691,0.0175846953779898,0.0471206307943877,0.0471206307943877,"gpath_trio"
"6224","AC008464.1","Exc L3-4 RORB CUX2",-0.155290989156711,-0.524326492900706,2.17946287753408,0.141073325076657,0.249400134369222,0.249400134369222,"gpath_trio"
"6225","AC011369.1","Exc L3-4 RORB CUX2",-0.506528051613675,3.50251435704523,119.270039387034,4.21536971685863e-23,3.69761234946187e-20,3.69761234946187e-20,"gpath_trio"
"6226","WWC1","Exc L3-4 RORB CUX2",0.0302831362366541,6.03088343322847,1.89325315704048,0.214347335884487,0.342911545592698,0.342911545592698,"gpath_trio"
"6227","RARS","Exc L3-4 RORB CUX2",-0.0659281012701042,5.58705116417672,9.28758725315502,0.00254483532471021,0.00938824043027458,0.00938824043027458,"gpath_trio"
"6228","FBLL1","Exc L3-4 RORB CUX2",-0.0806652107810172,3.81513126462752,4.54125699970788,0.0340255940099241,0.0807607481353199,0.0807607481353199,"gpath_trio"
"6229","PANK3","Exc L3-4 RORB CUX2",0.00644543901275976,5.68001481494503,0.12449012045434,0.724500571400655,0.829368987063562,0.829368987063562,"gpath_trio"
"6230","SLIT3","Exc L3-4 RORB CUX2",0.0823421751459416,6.82023724891082,3.99758211789499,0.0466061513315045,0.104278485428979,0.104278485428979,"gpath_trio"
"6231","AC011365.1","Exc L3-4 RORB CUX2",-0.26442495824066,-1.21201455193453,4.48675494648179,0.0351073151440701,0.0829185299732632,0.0829185299732632,"gpath_trio"
"6232","AC011389.1","Exc L3-4 RORB CUX2",-0.178786242933306,-0.147086821947696,3.29354422532294,0.0707049808876173,0.145543616917425,0.145543616917425,"gpath_trio"
"6233","SPDL1","Exc L3-4 RORB CUX2",0.0870564827189517,2.72872653828754,5.66973972556291,0.0179804767916112,0.0479772674607535,0.0479772674607535,"gpath_trio"
"6234","DOCK2","Exc L3-4 RORB CUX2",-0.296182657618791,2.76498432397832,31.5691046305334,4.94518636354808e-08,7.18876861086137e-07,7.18876861086137e-07,"gpath_trio"
"6235","FAM196B","Exc L3-4 RORB CUX2",0.19149451687728,5.09501483683996,25.6213239438994,7.86916415678726e-07,8.35141435366559e-06,8.35141435366559e-06,"gpath_trio"
"6236","LCP2","Exc L3-4 RORB CUX2",0.158912767491234,2.31532032660607,6.49078581961976,0.0114197516124249,0.0330076631490936,0.0330076631490936,"gpath_trio"
"6237","KCNMB1","Exc L3-4 RORB CUX2",-0.0255053219883083,-0.337196744780799,0.0743592438361301,0.818627415515944,0.89599132577628,0.89599132577628,"gpath_trio"
"6238","RANBP17","Exc L3-4 RORB CUX2",0.104447103337088,5.29157215330115,3.4946414094246,0.0626917629006759,0.132232756562586,0.132232756562586,"gpath_trio"
"6239","NPM1","Exc L3-4 RORB CUX2",-0.173498191331526,4.34140508382674,46.482115548108,6.43602448352434e-11,1.92937286708921e-09,1.92937286708921e-09,"gpath_trio"
"6240","FGF18","Exc L3-4 RORB CUX2",0.00928606324005327,1.23560122228075,0.0137616251479523,0.906705004110137,0.952404367426626,0.952404367426626,"gpath_trio"
"6241","FBXW11","Exc L3-4 RORB CUX2",-0.00675501420647241,6.65429274166856,0.31989342707625,0.57215944839,0.706689595600225,0.706689595600225,"gpath_trio"
"6242","STK10","Exc L3-4 RORB CUX2",-0.0473028911893239,3.93554935303756,1.87664384767231,0.171897897141076,0.289606686832669,0.289606686832669,"gpath_trio"
"6243","UBTD2","Exc L3-4 RORB CUX2",0.0218678452620404,4.3468140686096,0.650119541803259,0.420806797976819,0.568943650260175,0.568943650260175,"gpath_trio"
"6244","SH3PXD2B","Exc L3-4 RORB CUX2",0.154586802315282,3.96538668165251,10.3249650168886,0.0014780003582448,0.0059035155865351,0.0059035155865351,"gpath_trio"
"6245","NEURL1B","Exc L3-4 RORB CUX2",0.163465392024502,4.40135819491548,12.9876025244822,0.000375687489531699,0.00183690665603456,0.00183690665603456,"gpath_trio"
"6246","AC022217.3","Exc L3-4 RORB CUX2",0.21120527529117,-0.470874519255574,4.19386045028627,0.0415751999183693,0.0951860710795621,0.0951860710795621,"gpath_trio"
"6247","DUSP1","Exc L3-4 RORB CUX2",-0.150874292272689,2.73454257575152,7.01332021464607,0.00858524793846878,0.0260423059928744,0.0260423059928744,"gpath_trio"
"6248","ERGIC1","Exc L3-4 RORB CUX2",0.0528614535200895,6.076269634396,7.99558857066673,0.00505397540833127,0.0167511013410684,0.0167511013410684,"gpath_trio"
"6249","AC008429.1","Exc L3-4 RORB CUX2",0.00926536574094874,-0.37236757343251,0.00955110081883688,0.922222199502126,0.960445386953249,0.960445386953249,"gpath_trio"
"6250","RPL26L1","Exc L3-4 RORB CUX2",-0.313488154458426,2.54138770293437,66.661198937151,1.4019201176332e-14,1.0514400882249e-12,1.0514400882249e-12,"gpath_trio"
"6251","ATP6V0E1","Exc L3-4 RORB CUX2",0.0137637932894989,5.25112895422306,0.632297539261176,0.427239088499255,0.57525017421733,0.57525017421733,"gpath_trio"
"6252","CREBRF","Exc L3-4 RORB CUX2",0.0309979187036796,6.3890002845672,3.45997466155406,0.0640004197779289,0.134374905715446,0.134374905715446,"gpath_trio"
"6253","BNIP1","Exc L3-4 RORB CUX2",-0.144164947667032,2.52333288234845,18.0246885985317,3.03771400170744e-05,0.000208810493984489,0.000208810493984489,"gpath_trio"
"6254","STC2","Exc L3-4 RORB CUX2",-0.290279467698258,0.300742092079327,5.30130868549595,0.0220996511189977,0.0567396871119596,0.0567396871119596,"gpath_trio"
"6255","AC016573.1","Exc L3-4 RORB CUX2",-0.0836394623370077,-0.774672753742943,0.49602591604153,0.481881839143561,0.62544815393215,0.62544815393215,"gpath_trio"
"6256","AC008632.1","Exc L3-4 RORB CUX2",-0.0290015698983614,-0.165765844895631,0.0756104540490643,0.783554932143912,0.873092939136388,0.873092939136388,"gpath_trio"
"6257","BOD1","Exc L3-4 RORB CUX2",-0.0890588945508638,3.44255482453821,9.83406892537725,0.00190990684445374,0.00733530755508363,0.00733530755508363,"gpath_trio"
"6258","LINC01942","Exc L3-4 RORB CUX2",-0.372420411653183,-1.06775429613968,6.9905951618424,0.0086919756220624,0.0263067218984562,0.0263067218984562,"gpath_trio"
"6259","LINC01484","Exc L3-4 RORB CUX2",-0.037673125352894,3.27538005974079,0.399572928710124,0.527865324585929,0.668021987023722,0.668021987023722,"gpath_trio"
"6260","LINC01485","Exc L3-4 RORB CUX2",-0.22809915999911,-0.680444161502735,3.96941008679953,0.0473796097644539,0.105575836867446,0.105575836867446,"gpath_trio"
"6261","CPEB4","Exc L3-4 RORB CUX2",0.0430710497597515,7.87460027673898,7.72732238161657,0.00583641720255581,0.0189427175692358,0.0189427175692358,"gpath_trio"
"6262","C5orf47","Exc L3-4 RORB CUX2",-0.109095160020001,1.55499128823053,3.6479268517258,0.0572393220737381,0.122629640314077,0.122629640314077,"gpath_trio"
"6263","NSG2","Exc L3-4 RORB CUX2",-0.0583425977721327,7.19893130478734,8.27017834849176,0.00436403201352593,0.0147775001465065,0.0147775001465065,"gpath_trio"
"6264","LINC01411","Exc L3-4 RORB CUX2",-0.157755019857432,2.44553845416905,4.42534868203637,0.0363695660317479,0.0853800319630571,0.0853800319630571,"gpath_trio"
"6265","AC113346.2","Exc L3-4 RORB CUX2",0.0172015198349745,1.63342864859366,0.0672218255862993,0.795630754271224,0.880566705108451,0.880566705108451,"gpath_trio"
"6266","LINC01951","Exc L3-4 RORB CUX2",0.189541028971077,2.6031176376435,10.0976121079058,0.00166405449156233,0.00652269270784342,0.00652269270784342,"gpath_trio"
"6267","DRD1","Exc L3-4 RORB CUX2",-0.00631919942305845,2.68971437270308,0.0156808496992047,0.900443616747787,0.94928410763895,0.94928410763895,"gpath_trio"
"6268","SFXN1","Exc L3-4 RORB CUX2",-0.0293680887946145,6.48522970445481,3.21369042693284,0.0741869802030722,0.151291046760031,0.151291046760031,"gpath_trio"
"6269","HRH2","Exc L3-4 RORB CUX2",-0.024537770636086,6.548419576206,0.887610412695656,0.347000219148421,0.494108422218852,0.494108422218852,"gpath_trio"
"6270","CPLX2","Exc L3-4 RORB CUX2",-0.0621986608125771,6.76118002967813,4.44342302635873,0.0359931459339101,0.0846440982884527,0.0846440982884527,"gpath_trio"
"6271","THOC3","Exc L3-4 RORB CUX2",0.0171974669016071,5.03906968626388,0.394238913236819,0.530630697239513,0.67047499948689,0.67047499948689,"gpath_trio"
"6272","AC139491.1","Exc L3-4 RORB CUX2",-0.157907844229639,1.88110088727373,6.63440961646947,0.010555719426336,0.0309420212750952,0.0309420212750952,"gpath_trio"
"6273","FAM153B","Exc L3-4 RORB CUX2",-0.235606598598124,6.41798416335205,10.4198893371693,0.00140673070410073,0.00565354421418968,0.00565354421418968,"gpath_trio"
"6274","AC139491.7","Exc L3-4 RORB CUX2",-0.0125821497749381,6.30114734050191,0.163595928310134,0.686199703760621,0.799496363096011,0.799496363096011,"gpath_trio"
"6275","AC139491.4","Exc L3-4 RORB CUX2",-0.359999223277839,1.30397060345086,21.6410708848883,5.23910082979768e-06,4.48636923774058e-05,4.48636923774058e-05,"gpath_trio"
"6276","SIMC1","Exc L3-4 RORB CUX2",0.105746853620718,6.67713394944709,34.0492328688347,1.59315448439931e-08,2.62811870177891e-07,2.62811870177891e-07,"gpath_trio"
"6277","KIAA1191","Exc L3-4 RORB CUX2",-0.0786697341251356,4.89489984785432,18.9057611130648,1.9730180141135e-05,0.000142621420403941,0.000142621420403941,"gpath_trio"
"6278","AC138956.1","Exc L3-4 RORB CUX2",-0.262829695476293,0.25260444188556,7.07427524404656,0.00830559053579185,0.0253387704611524,0.0253387704611524,"gpath_trio"
"6279","ARL10","Exc L3-4 RORB CUX2",-0.0185195316666349,4.93664782591147,0.856946554377056,0.355452996021103,0.503226171181081,0.503226171181081,"gpath_trio"
"6280","NOP16","Exc L3-4 RORB CUX2",-0.141872068864035,1.7884340852,7.44997203190452,0.00677693900215182,0.0213966736100803,0.0213966736100803,"gpath_trio"
"6281","CLTB","Exc L3-4 RORB CUX2",-0.0823582087453875,5.82431044338057,10.8697272887885,0.00111371744615553,0.00464336628976809,0.00464336628976809,"gpath_trio"
"6282","FAF2","Exc L3-4 RORB CUX2",0.0400421561454847,5.60066253955858,8.73904068629892,0.00340077069682673,0.0119948511902936,0.0119948511902936,"gpath_trio"
"6283","RNF44","Exc L3-4 RORB CUX2",-0.0874841774493259,4.39024446309601,13.7714856641545,0.0002524986231019,0.00130720033899944,0.00130720033899944,"gpath_trio"
"6284","CDHR2","Exc L3-4 RORB CUX2",0.0404156551408909,3.11266042054505,1.19871411542332,0.274592012698601,0.414600647821753,0.414600647821753,"gpath_trio"
"6285","GPRIN1","Exc L3-4 RORB CUX2",0.0289133889370158,4.12434480334759,1.14188406721475,0.286245651185802,0.427936718241835,0.427936718241835,"gpath_trio"
"6286","SNCB","Exc L3-4 RORB CUX2",0.0032285134432726,6.83329608092781,0.00870441103098789,0.925739121461589,0.962869865210473,0.962869865210473,"gpath_trio"
"6287","EIF4E1B","Exc L3-4 RORB CUX2",-0.0367243190855191,4.513523360204,1.50280498998027,0.221349433830283,0.351382864704222,0.351382864704222,"gpath_trio"
"6288","TSPAN17","Exc L3-4 RORB CUX2",0.00125232495494916,4.11233295824025,0.00150188907120616,0.969116088909831,0.984013892338191,0.984013892338191,"gpath_trio"
"6289","AC113391.1","Exc L3-4 RORB CUX2",-0.00619862165884943,-0.491111873401785,0.00367518942520966,0.951705756109909,0.976378491813578,0.976378491813578,"gpath_trio"
"6290","AC113391.2","Exc L3-4 RORB CUX2",-0.0139674850388037,-0.99463939607749,0.00732496498030524,0.931861387445747,0.96669598373704,0.96669598373704,"gpath_trio"
"6291","LINC01574","Exc L3-4 RORB CUX2",-0.291269101346646,0.361420320519179,13.8787475323231,0.000239181323428124,0.00124850794312093,0.00124850794312093,"gpath_trio"
"6292","UNC5A","Exc L3-4 RORB CUX2",0.0496114026508663,6.6670425796192,7.52045863977211,0.00652405260341971,0.0207639629711299,0.0207639629711299,"gpath_trio"
"6293","HK3","Exc L3-4 RORB CUX2",-0.0937861023567591,-0.158831626144157,0.933269558757326,0.334912461318336,0.481360611747341,0.481360611747341,"gpath_trio"
"6294","UIMC1","Exc L3-4 RORB CUX2",0.0420706939232755,6.01588318393767,3.42916527698149,0.065188074908606,0.136329367811872,0.136329367811872,"gpath_trio"
"6295","ZNF346","Exc L3-4 RORB CUX2",0.0442271241606653,5.98731280173128,6.26800959341119,0.0129072730766981,0.0366250681184788,0.0366250681184788,"gpath_trio"
"6296","FGFR4","Exc L3-4 RORB CUX2",0.065884685084017,0.252026608867532,0.504067173219819,0.47835472482029,0.622311489118478,0.622311489118478,"gpath_trio"
"6297","NSD1","Exc L3-4 RORB CUX2",0.0759271579160109,7.14526870101764,19.7644750448296,1.29836146548112e-05,9.99025269492051e-05,9.99025269492051e-05,"gpath_trio"
"6298","RAB24","Exc L3-4 RORB CUX2",-0.0970915562344316,2.50234767326194,4.00507461427187,0.0464027088927459,0.103915490277628,0.103915490277628,"gpath_trio"
"6299","MXD3","Exc L3-4 RORB CUX2",-0.0244911418247875,2.46488799811487,0.209681060442505,0.647399941535685,0.76799516790042,0.76799516790042,"gpath_trio"
"6300","PRELID1","Exc L3-4 RORB CUX2",-0.225436781246472,4.10028431509956,38.7249513830724,1.94269598199904e-09,4.00449662034041e-08,4.00449662034041e-08,"gpath_trio"
"6301","LMAN2","Exc L3-4 RORB CUX2",-0.0840789284660967,3.71662551133396,13.3578619574837,0.000311303419960153,0.00156427060963788,0.00156427060963788,"gpath_trio"
"6302","RGS14","Exc L3-4 RORB CUX2",0.0701640873433748,3.39981935802257,2.98230454144522,0.870511063651569,0.930023337702309,0.930023337702309,"gpath_trio"
"6303","F12","Exc L3-4 RORB CUX2",-0.175163561334379,2.60351766973967,12.1652285418,0.000571540408226018,0.00262661224053757,0.00262661224053757,"gpath_trio"
"6304","GRK6","Exc L3-4 RORB CUX2",0.110339529508819,4.39426290588912,21.1598768071193,6.60599439027563e-06,5.49184932010798e-05,5.49184932010798e-05,"gpath_trio"
"6305","PRR7-AS1","Exc L3-4 RORB CUX2",0.164695699269284,-0.000275024775031897,3.24335091142444,0.0728725144558885,0.14903223306108,0.14903223306108,"gpath_trio"
"6306","PRR7","Exc L3-4 RORB CUX2",-0.0560204184006425,4.05390702507072,3.87381453685332,0.0501073788735351,0.110470589965421,0.110470589965421,"gpath_trio"
"6307","DBN1","Exc L3-4 RORB CUX2",-0.0113005403721925,4.86721411094588,0.241524490437133,0.623521807885134,0.748560099618125,0.748560099618125,"gpath_trio"
"6308","PDLIM7","Exc L3-4 RORB CUX2",-0.0320419510294715,4.58413079812217,1.31749085807755,0.252097856163918,0.38854654301811,0.38854654301811,"gpath_trio"
"6309","DOK3","Exc L3-4 RORB CUX2",0.101820571951123,2.42937261927646,3.87085884421416,0.05019433255843,0.110626027896693,0.110626027896693,"gpath_trio"
"6310","DDX41","Exc L3-4 RORB CUX2",-0.104231030659203,3.63582045678281,12.0141912599093,0.000617520753915705,0.0028072287539994,0.0028072287539994,"gpath_trio"
"6311","FAM193B","Exc L3-4 RORB CUX2",0.0366457924912761,5.96734312128103,4.72497227897314,0.0306301822479391,0.0740353695136566,0.0740353695136566,"gpath_trio"
"6312","AC139795.3","Exc L3-4 RORB CUX2",-0.176208707735859,0.610321831238529,5.50198266102579,0.0197468592796645,0.0517743351173958,0.0517743351173958,"gpath_trio"
"6313","TMED9","Exc L3-4 RORB CUX2",-0.146424394481304,3.88500925530331,33.1775340317503,2.36902885983017e-08,3.7369161256508e-07,3.7369161256508e-07,"gpath_trio"
"6314","B4GALT7","Exc L3-4 RORB CUX2",-0.149782501002007,2.97150898735447,20.5556006148292,8.84591689286201e-06,7.09043994094124e-05,7.09043994094124e-05,"gpath_trio"
"6315","AC139795.2","Exc L3-4 RORB CUX2",-0.0215913964233028,1.15437987056228,0.116557418434621,0.73307440694179,0.835958408323005,0.835958408323005,"gpath_trio"
"6316","AC138819.1","Exc L3-4 RORB CUX2",-0.282190118861487,1.39694527173277,16.618295861101,6.07852620522549e-05,0.000381444062800697,0.000381444062800697,"gpath_trio"
"6317","FAM153A","Exc L3-4 RORB CUX2",-0.132240242297632,6.96130555202348,7.15595243366283,0.00794549832759139,0.0244214599105289,0.0244214599105289,"gpath_trio"
"6318","AC140125.2","Exc L3-4 RORB CUX2",-0.208380433283367,1.93183372838192,6.49307907556902,0.0114053964193735,0.0329756194842162,0.0329756194842162,"gpath_trio"
"6319","AC106795.3","Exc L3-4 RORB CUX2",0.142730613170912,4.40916105630135,6.61115572962111,0.0106908957515256,0.0312301885694125,0.0312301885694125,"gpath_trio"
"6320","FAM153C","Exc L3-4 RORB CUX2",-0.132290575315568,7.20722209132968,10.0931288588158,0.00166795443768775,0.0065354400427948,0.0065354400427948,"gpath_trio"
"6321","N4BP3","Exc L3-4 RORB CUX2",0.0314441418969852,2.39786717386288,0.500710671834081,0.4798218050722,0.623301457449025,0.623301457449025,"gpath_trio"
"6322","RMND5B","Exc L3-4 RORB CUX2",-0.0302613567769391,4.97612166419364,2.40786815084049,0.121943002423731,0.223036648621999,0.223036648621999,"gpath_trio"
"6323","NHP2","Exc L3-4 RORB CUX2",-0.199435291780337,3.97614094697474,38.6038220739313,2.05051886556541e-09,4.19795251862673e-08,4.19795251862673e-08,"gpath_trio"
"6324","HNRNPAB","Exc L3-4 RORB CUX2",-0.0624175123873817,2.96535700954172,3.08658358706824,0.0801174523768672,0.160656952758503,0.160656952758503,"gpath_trio"
"6325","PHYKPL","Exc L3-4 RORB CUX2",0.0795595408333416,5.08583396902569,10.7805050617024,0.00116642887982598,0.00484134844554061,0.00484134844554061,"gpath_trio"
"6326","COL23A1","Exc L3-4 RORB CUX2",0.00253407350929055,4.9114296703594,0.00536438548533186,0.941669884895405,0.9714917596091,0.9714917596091,"gpath_trio"
"6327","CLK4","Exc L3-4 RORB CUX2",-0.0423183902313344,5.36809959452197,3.13963562449551,0.0775820359173206,0.156708537671675,0.156708537671675,"gpath_trio"
"6328","ZNF354A","Exc L3-4 RORB CUX2",-0.0651279159863949,4.33651047847411,5.65248592735554,0.0181543159152773,0.0483327405810527,0.0483327405810527,"gpath_trio"
"6329","ZNF354B","Exc L3-4 RORB CUX2",0.0351766415253679,3.6340362508583,1.20437138053333,0.273465027424142,0.413222723525574,0.413222723525574,"gpath_trio"
"6330","ZFP2","Exc L3-4 RORB CUX2",0.0274055284223857,3.96078433460734,0.846288990409752,0.618311396966131,0.744164674210564,0.744164674210564,"gpath_trio"
"6331","ZNF454","Exc L3-4 RORB CUX2",-0.00382427629662008,3.22944275249603,0.0129472992823751,0.909495089446993,0.953693525446626,0.953693525446626,"gpath_trio"
"6332","AC104117.3","Exc L3-4 RORB CUX2",0.0503238809863568,3.61148844983997,2.73423581203583,0.0994252809997243,0.1901692305811,0.1901692305811,"gpath_trio"
"6333","GRM6","Exc L3-4 RORB CUX2",-0.095025440187102,-0.527941475060946,0.832368239897835,0.362433760503263,0.510336482283175,0.510336482283175,"gpath_trio"
"6334","ZNF879","Exc L3-4 RORB CUX2",-0.049182047666944,1.28884782266396,0.858940370914829,0.354894860355849,0.502632769931854,0.502632769931854,"gpath_trio"
"6335","ZNF354C","Exc L3-4 RORB CUX2",-0.0815002074809996,2.29893347725544,2.69009109818149,0.102183256279094,0.194424573896557,0.194424573896557,"gpath_trio"
"6336","ADAMTS2","Exc L3-4 RORB CUX2",0.253375428656189,4.89351325518405,22.877617163108,2.89532768270123e-06,2.65032831209153e-05,2.65032831209153e-05,"gpath_trio"
"6337","AC136628.4","Exc L3-4 RORB CUX2",0.0202129003247729,0.112289184508921,0.0402323873143584,0.841183704312215,0.910470195941871,0.910470195941871,"gpath_trio"
"6338","RUFY1","Exc L3-4 RORB CUX2",0.0373551123239234,5.77775379669483,4.20213828049887,0.041376083453086,0.0947947403663423,0.0947947403663423,"gpath_trio"
"6339","AC136604.2","Exc L3-4 RORB CUX2",-0.494791191174825,2.51414172869439,66.7600995843822,1.34705422801439e-14,1.0178583913929e-12,1.0178583913929e-12,"gpath_trio"
"6340","HNRNPH1","Exc L3-4 RORB CUX2",0.0296613896090294,5.9101435583436,1.33652261181279,0.248709311724171,0.384410508238348,0.384410508238348,"gpath_trio"
"6341","AC136604.3","Exc L3-4 RORB CUX2",-0.0563733735682541,1.52362510075109,1.06848374134168,0.302248660095256,0.44597072050321,0.44597072050321,"gpath_trio"
"6342","CBY3","Exc L3-4 RORB CUX2",-0.244109176945012,1.36910198908763,12.9648376278339,0.000380061891169386,0.00185525009783265,0.00185525009783265,"gpath_trio"
"6343","CANX","Exc L3-4 RORB CUX2",-0.00273760454699528,6.11537480914222,0.025788678183389,0.87254218052282,0.931305602161036,0.931305602161036,"gpath_trio"
"6344","MAML1","Exc L3-4 RORB CUX2",0.0647194635852276,5.12352447516067,13.5685122153281,0.000279795895169965,0.00142908409748203,0.00142908409748203,"gpath_trio"
"6345","LTC4S","Exc L3-4 RORB CUX2",0.113310606212628,0.865205981207616,2.34448725581506,0.126942679606523,0.23006365083198,0.23006365083198,"gpath_trio"
"6346","MGAT4B","Exc L3-4 RORB CUX2",-0.0978163196318402,4.13972929943777,15.5664618786502,0.000102538457394534,0.00059683378494105,0.00059683378494105,"gpath_trio"
"6347","SQSTM1","Exc L3-4 RORB CUX2",-0.021220106897346,6.15125980974278,1.57835346518798,0.210125631733142,0.338087935259282,0.338087935259282,"gpath_trio"
"6348","MRNIP","Exc L3-4 RORB CUX2",-0.0500912572396206,5.67114155608078,9.35468767362716,0.00245647927622219,0.00911354714927965,0.00911354714927965,"gpath_trio"
"6349","AC008393.1","Exc L3-4 RORB CUX2",-0.0338574032559534,0.879737802850116,0.212367642580164,0.645303185375861,0.766454242609089,0.766454242609089,"gpath_trio"
"6350","TBC1D9B","Exc L3-4 RORB CUX2",-0.0200084032761545,5.79567725226672,1.32285535579118,0.753673667378419,0.851698103364118,0.851698103364118,"gpath_trio"
"6351","RNF130","Exc L3-4 RORB CUX2",0.0834000447634848,7.3573934471268,30.2026979138132,9.27773509213024e-08,1.24785536989152e-06,1.24785536989152e-06,"gpath_trio"
"6352","RASGEF1C","Exc L3-4 RORB CUX2",0.137376571464536,4.55073956312705,9.74557657938374,0.00200052964837924,0.00764262178679249,0.00764262178679249,"gpath_trio"
"6353","MAPK9","Exc L3-4 RORB CUX2",-0.0517642948202584,6.37321594335507,11.0696682033073,0.0010042290187484,0.00425815898555044,0.00425815898555044,"gpath_trio"
"6354","AC008610.1","Exc L3-4 RORB CUX2",0.026063940096234,3.0862851631955,0.488098615326015,0.485401114189255,0.628963871468736,0.628963871468736,"gpath_trio"
"6355","GFPT2","Exc L3-4 RORB CUX2",0.0531224903618296,4.95815089413548,3.35363723737968,0.0682008898863582,0.141369870898724,0.141369870898724,"gpath_trio"
"6356","CNOT6","Exc L3-4 RORB CUX2",0.03597735605033,5.19121176437238,3.93290316546705,0.0484022237154009,0.107333939703385,0.107333939703385,"gpath_trio"
"6357","SCGB3A1","Exc L3-4 RORB CUX2",-0.410695005502031,-1.02992118966941,6.44950123047755,0.0116814005126631,0.033638631935909,0.033638631935909,"gpath_trio"
"6358","FLT4","Exc L3-4 RORB CUX2",-0.136003744821757,-0.998430402915059,1.04585027407686,0.307415299224399,0.451519681684822,0.451519681684822,"gpath_trio"
"6359","MGAT1","Exc L3-4 RORB CUX2",0.0497077535045306,3.98748996155259,3.1919799933391,0.0751653456810183,0.152884448947933,0.152884448947933,"gpath_trio"
"6360","LINC00847","Exc L3-4 RORB CUX2",-0.142085693046101,1.37475283565135,7.56008746282406,0.0180031895975211,0.0480251686010828,0.0480251686010828,"gpath_trio"
"6361","ZFP62","Exc L3-4 RORB CUX2",0.0395663080783351,3.4594328099285,1.67157001174603,0.197196019280756,0.322120453405677,0.322120453405677,"gpath_trio"
"6362","BTNL8","Exc L3-4 RORB CUX2",0.0726671924114156,0.748857587706299,0.596349594765551,0.440675572627466,0.587460663258829,0.587460663258829,"gpath_trio"
"6363","BTNL9","Exc L3-4 RORB CUX2",0.291868136180174,4.38452124920715,4.95747588263958,0.0268351323787103,0.0663235079922187,0.0663235079922187,"gpath_trio"
"6364","AC008443.5","Exc L3-4 RORB CUX2",-0.153577351472676,1.35494219688868,8.26004975388182,0.00438768092613062,0.0148301998131488,0.0148301998131488,"gpath_trio"
"6365","TRIM7","Exc L3-4 RORB CUX2",-0.0221625131952265,1.9888775286462,0.168544506193388,0.681746714033048,0.795870845713271,0.795870845713271,"gpath_trio"
"6366","AC008443.6","Exc L3-4 RORB CUX2",0.0869848991661362,0.813098615300577,1.66200561720877,0.198478469097785,0.323613691375833,0.323613691375833,"gpath_trio"
"6367","AC008443.4","Exc L3-4 RORB CUX2",-0.222214461955794,-0.773599362689437,2.78624323310451,0.0962804457884332,0.185170382610525,0.185170382610525,"gpath_trio"
"6368","TRIM41","Exc L3-4 RORB CUX2",-0.0743446608303523,3.45228423179048,8.15604949990777,0.00463824443129428,0.0155727377935367,0.0155727377935367,"gpath_trio"
"6369","RACK1","Exc L3-4 RORB CUX2",-0.113734931111787,5.11958638949456,27.0129376508701,4.09096890333469e-07,4.69447506980966e-06,4.69447506980966e-06,"gpath_trio"
"6370","TRIM52","Exc L3-4 RORB CUX2",0.0907449763825469,4.48431809145919,13.0918688726689,0.000356296407756123,0.0017540946867935,0.0017540946867935,"gpath_trio"
"6371","AC138035.1","Exc L3-4 RORB CUX2",0.0435656144530401,1.59088728248659,0.402636999699165,0.52628845097041,0.666700332684166,0.666700332684166,"gpath_trio"
"6372","AC138035.2","Exc L3-4 RORB CUX2",-0.0109739518957757,-0.00505136004039012,0.0154041180971271,0.901321440831495,0.9499225149802,0.9499225149802,"gpath_trio"
"6373","DUSP22","Exc L3-4 RORB CUX2",-0.0557978706921116,3.56793667982047,3.11216522627948,0.0788838489933106,0.158719622363622,0.158719622363622,"gpath_trio"
"6374","IRF4","Exc L3-4 RORB CUX2",0.0214828870400141,-1.05596858078076,0.0323416276417542,0.857419997421538,0.921502687405686,0.921502687405686,"gpath_trio"
"6375","EXOC2","Exc L3-4 RORB CUX2",0.039302732924839,6.78835399399109,6.05600826761832,0.0145094398759094,0.0403317648796463,0.0403317648796463,"gpath_trio"
"6376","AL357054.4","Exc L3-4 RORB CUX2",-0.0881295970264955,-0.821182645006411,0.555518321570983,0.456744857534623,0.602456090199329,0.602456090199329,"gpath_trio"
"6377","AL357054.2","Exc L3-4 RORB CUX2",0.140025027201057,3.56387658251466,19.032292042238,1.85479533630224e-05,0.000135238510697137,0.000135238510697137,"gpath_trio"
"6378","AL357054.3","Exc L3-4 RORB CUX2",0.0998385844717005,2.81877742018095,5.69862098056555,0.0176933469579665,0.0473488890936429,0.0473488890936429,"gpath_trio"
"6379","AL356130.2","Exc L3-4 RORB CUX2",0.260007615475246,-1.39031230373445,2.06891407941261,0.151535739724905,0.263372979751031,0.263372979751031,"gpath_trio"
"6380","FOXQ1","Exc L3-4 RORB CUX2",0.240571840060528,-0.104175327987524,5.3020833905119,0.022090026806104,0.0567221955979571,0.0567221955979571,"gpath_trio"
"6381","FOXF2","Exc L3-4 RORB CUX2",0.266289719125761,-0.415279663277036,3.71250225612985,0.0550961431212594,0.119052737681392,0.119052737681392,"gpath_trio"
"6382","GMDS","Exc L3-4 RORB CUX2",0.0535504123974892,7.2734989120341,7.15016187066934,0.00797048968220878,0.0244867716367538,0.0244867716367538,"gpath_trio"
"6383","GMDS-DT","Exc L3-4 RORB CUX2",0.0348669748053279,6.7859963315893,1.97667208217585,0.160935328223305,0.275461970552742,0.275461970552742,"gpath_trio"
"6384","LINC01600","Exc L3-4 RORB CUX2",0.0340209356831675,1.89625138560132,0.180647180267776,0.671169181821722,0.787871037438454,0.787871037438454,"gpath_trio"
"6385","MYLK4","Exc L3-4 RORB CUX2",0.107241400917801,3.05707273687466,7.69384085995038,0.0059424473354084,0.0192222021792311,0.0192222021792311,"gpath_trio"
"6386","WRNIP1","Exc L3-4 RORB CUX2",-0.00140347909288379,4.97045112662173,0.00538780073608355,0.941542948463779,0.9714917596091,0.9714917596091,"gpath_trio"
"6387","SERPINB1","Exc L3-4 RORB CUX2",-0.0241057864778395,0.483215265112407,0.0984978775427303,0.844140991138594,0.912285434766506,0.912285434766506,"gpath_trio"
"6388","SERPINB9P1","Exc L3-4 RORB CUX2",-0.257301885843876,0.497785301636734,4.70652292497226,0.0309544931313927,0.0747375417575212,0.0747375417575212,"gpath_trio"
"6389","SERPINB9","Exc L3-4 RORB CUX2",-0.00349843912166287,4.96790117367395,0.00377858567019219,0.951031969785732,0.976192825765818,0.976192825765818,"gpath_trio"
"6390","SERPINB6","Exc L3-4 RORB CUX2",0.0776831882307537,4.15418335477877,6.45557430342356,0.0116425259340512,0.0335506300127815,0.0335506300127815,"gpath_trio"
"6391","LINC01011","Exc L3-4 RORB CUX2",-0.091477992424021,2.00694046138094,1.51776678316498,0.2190707348584,0.348725901512404,0.348725901512404,"gpath_trio"
"6392","NQO2","Exc L3-4 RORB CUX2",-0.00999145275731771,6.89033275440752,0.126663621024785,0.722205295450237,0.828036691395569,0.828036691395569,"gpath_trio"
"6393","AL133351.1","Exc L3-4 RORB CUX2",-0.274511648265621,-0.374112417127205,7.19975769754831,0.00775903462780173,0.0239502025116126,0.0239502025116126,"gpath_trio"
"6394","RIPK1","Exc L3-4 RORB CUX2",0.0488385640501858,5.34425607341083,5.76294521373522,0.0170708396727703,0.0460926379012501,0.0460926379012501,"gpath_trio"
"6395","AL031963.3","Exc L3-4 RORB CUX2",-0.385032350930104,-0.00935375867549808,16.3379517819488,6.98505687366606e-05,0.000427429549366736,0.000427429549366736,"gpath_trio"
"6396","BPHL","Exc L3-4 RORB CUX2",-0.0465645974952934,4.04237386838373,2.87116709116959,0.0913768123469567,0.177929465215698,0.177929465215698,"gpath_trio"
"6397","AL031963.1","Exc L3-4 RORB CUX2",-0.408621778830911,0.491030495905172,19.668555577577,1.36035269447413e-05,0.000103958771253847,0.000103958771253847,"gpath_trio"
"6398","TUBB2A","Exc L3-4 RORB CUX2",-0.30385206528634,6.46465732807155,45.3157103187632,1.06750682319171e-10,2.9912430774851e-09,2.9912430774851e-09,"gpath_trio"
"6399","LINC02525","Exc L3-4 RORB CUX2",-0.212154047780019,-0.421751015732543,2.99861933714206,0.0845216019457336,0.167490749362064,0.167490749362064,"gpath_trio"
"6400","TUBB2B","Exc L3-4 RORB CUX2",0.0592939478683307,1.18423269291681,0.462033165229498,0.497280014085783,0.640571081865705,0.640571081865705,"gpath_trio"
"6401","PSMG4","Exc L3-4 RORB CUX2",0.0551700612731132,4.3207904922474,4.48345349859689,0.0351739917729777,0.0830274112577307,0.0830274112577307,"gpath_trio"
"6402","SLC22A23","Exc L3-4 RORB CUX2",0.107075242388301,6.42297946561842,34.2867536256523,1.43025838819194e-08,2.39067630337799e-07,2.39067630337799e-07,"gpath_trio"
"6403","FAM50B","Exc L3-4 RORB CUX2",-0.214683056263269,1.81346307976493,18.0682300486254,2.97345848827547e-05,0.000204812307958203,0.000204812307958203,"gpath_trio"
"6404","AL138831.1","Exc L3-4 RORB CUX2",-0.0608679497991187,1.48186044274298,0.336449351822515,0.56238823551114,0.697925822673716,0.697925822673716,"gpath_trio"
"6405","PRPF4B","Exc L3-4 RORB CUX2",0.0348340751963425,5.90376115547708,1.52626336062497,0.217789221922782,0.34735778077349,0.34735778077349,"gpath_trio"
"6406","FAM217A","Exc L3-4 RORB CUX2",-0.0579467220620866,1.35793605391435,0.520752977721854,0.471169093356578,0.616501488972628,0.616501488972628,"gpath_trio"
"6407","C6orf201","Exc L3-4 RORB CUX2",-0.122408864704213,-0.373761930196691,1.69427359159951,0.334034767331347,0.480475647434045,0.480475647434045,"gpath_trio"
"6408","ECI2","Exc L3-4 RORB CUX2",-0.101214731672571,3.72579892652077,8.51927416680919,0.00382175985298577,0.0132117897590795,0.0132117897590795,"gpath_trio"
"6409","AL162718.1","Exc L3-4 RORB CUX2",-0.0775885898228904,1.41846281992477,1.89981369293545,0.169284038577541,0.286374767591974,0.286374767591974,"gpath_trio"
"6410","AL034376.2","Exc L3-4 RORB CUX2",-0.0375276744238835,-0.811223401321977,0.112764350141776,0.930668807319944,0.965820436645396,0.965820436645396,"gpath_trio"
"6411","CDYL","Exc L3-4 RORB CUX2",0.0387519945415021,5.86536098517724,4.93952171441948,0.0271098421120084,0.0668386978626139,0.0668386978626139,"gpath_trio"
"6412","RPP40","Exc L3-4 RORB CUX2",-0.0999048317968065,1.57778707145616,3.41968072836412,0.0655584358372232,0.137004500001655,0.137004500001655,"gpath_trio"
"6413","AL359643.3","Exc L3-4 RORB CUX2",0.168331070279556,-0.0226987737495754,3.99002954843136,0.046812182687274,0.104616388504027,0.104616388504027,"gpath_trio"
"6414","AL359643.2","Exc L3-4 RORB CUX2",-0.113420738446727,2.12437668498073,6.37099532353323,0.0121961791683711,0.0349018318754449,0.0349018318754449,"gpath_trio"
"6415","PPP1R3G","Exc L3-4 RORB CUX2",-0.23035022602962,-1.17636756810005,2.56133674002575,0.110720271669298,0.207042495219955,0.207042495219955,"gpath_trio"
"6416","LYRM4","Exc L3-4 RORB CUX2",0.0352005712328626,6.48096326631989,2.91306935503085,0.0890584158957492,0.174481699277956,0.174481699277956,"gpath_trio"
"6417","FARS2","Exc L3-4 RORB CUX2",0.0928799156861096,8.08265212452874,28.1960795549575,2.35356911935087e-07,2.87951831309301e-06,2.87951831309301e-06,"gpath_trio"
"6418","AL021328.1","Exc L3-4 RORB CUX2",-0.0222444490334802,-0.76536134441158,0.0455268162278606,0.831205479584093,0.903630269997256,0.903630269997256,"gpath_trio"
"6419","AL022097.1","Exc L3-4 RORB CUX2",-0.25970324411066,1.74810713314892,20.1946531927833,1.05362592614093e-05,8.30023547828713e-05,8.30023547828713e-05,"gpath_trio"
"6420","AL136307.1","Exc L3-4 RORB CUX2",0.0879497803095097,2.47070728615359,4.29712184873842,0.0391620944668414,0.0907112808115414,0.0907112808115414,"gpath_trio"
"6421","NRN1","Exc L3-4 RORB CUX2",-0.235018828480494,6.01214961811559,73.3123077490465,9.84004851706128e-16,9.54437398229382e-14,9.54437398229382e-14,"gpath_trio"
"6422","F13A1","Exc L3-4 RORB CUX2",0.0581119430086642,2.51784848865937,1.93994340796236,0.164864466123667,0.280473952613626,0.280473952613626,"gpath_trio"
"6423","LY86-AS1","Exc L3-4 RORB CUX2",0.0517557956690841,8.02094283791211,2.36345627612876,0.125422744352112,0.227875029431309,0.227875029431309,"gpath_trio"
"6424","LY86","Exc L3-4 RORB CUX2",-0.307738772118268,2.36331168425792,30.1017969450406,9.72042290103997e-08,1.30478730557872e-06,1.30478730557872e-06,"gpath_trio"
"6425","RREB1","Exc L3-4 RORB CUX2",0.340633300517387,-0.377038836385628,2.84303618424474,0.0929701940556054,0.180128076929976,0.180128076929976,"gpath_trio"
"6426","SSR1","Exc L3-4 RORB CUX2",-0.0963784406372703,5.72933343147256,22.5107462297708,3.45096370336126e-06,3.10402107513658e-05,3.10402107513658e-05,"gpath_trio"
"6427","AL139095.4","Exc L3-4 RORB CUX2",-0.347230080271668,2.49178206308449,45.7607339248187,8.79863948991297e-11,2.53589359584277e-09,2.53589359584277e-09,"gpath_trio"
"6428","CAGE1","Exc L3-4 RORB CUX2",0.0641325730550288,-0.214892531811921,0.633505004026209,0.426798629643922,0.574884133075475,0.574884133075475,"gpath_trio"
"6429","RIOK1","Exc L3-4 RORB CUX2",-0.0512458034832204,3.42657354247415,3.05248956442877,0.0817941642696008,0.163224259558773,0.163224259558773,"gpath_trio"
"6430","DSP","Exc L3-4 RORB CUX2",-0.0456203434017579,-0.994315574818149,0.122325352283469,0.726809140599588,0.831099684643761,0.831099684643761,"gpath_trio"
"6431","SNRNP48","Exc L3-4 RORB CUX2",0.056203920753672,4.37561035352922,6.08806644156,0.0142545269158146,0.0397546420412718,0.0397546420412718,"gpath_trio"
"6432","BLOC1S5-TXNDC5","Exc L3-4 RORB CUX2",0.0465510545676145,3.84574653211508,2.06926539482275,0.151496502074167,0.263327468712528,0.263327468712528,"gpath_trio"
"6433","EEF1E1-BLOC1S5","Exc L3-4 RORB CUX2",0.0310642305872271,0.855642900674927,0.246058768818523,0.620283042869022,0.746011686815347,0.746011686815347,"gpath_trio"
"6434","SLC35B3","Exc L3-4 RORB CUX2",-0.0441348896895905,4.14635817491433,2.90954835917898,0.0892507367952526,0.174683121346937,0.174683121346937,"gpath_trio"
"6435","AL137220.1","Exc L3-4 RORB CUX2",-0.0809795726327919,-1.05451942343241,0.355367514732413,0.551608932847002,0.68918599088724,0.68918599088724,"gpath_trio"
"6436","GCNT2","Exc L3-4 RORB CUX2",-0.0618385033591606,-0.0494752339034441,0.159694848613648,0.689765689299742,0.802307453538328,0.802307453538328,"gpath_trio"
"6437","C6orf52","Exc L3-4 RORB CUX2",0.144956111655635,0.384702415036628,4.01257398995263,0.0462000225376645,0.103565050521931,0.103565050521931,"gpath_trio"
"6438","PAK1IP1","Exc L3-4 RORB CUX2",-0.101300057942209,3.60623589637726,14.3795962498469,0.000185822498422728,0.000998659804389592,0.000998659804389592,"gpath_trio"
"6439","TMEM14C","Exc L3-4 RORB CUX2",-0.106528217316173,3.5489753266588,12.4984584601463,0.00048201396295487,0.00227317244100386,0.00227317244100386,"gpath_trio"
"6440","AL024498.1","Exc L3-4 RORB CUX2",0.0343687160964444,0.939463859444705,0.275722706222292,0.599965966659664,0.729219433541703,0.729219433541703,"gpath_trio"
"6441","AL024498.2","Exc L3-4 RORB CUX2",-0.0217962313724893,4.91905530869139,0.5856991700122,0.444781172975543,0.591214927182869,0.591214927182869,"gpath_trio"
"6442","MAK","Exc L3-4 RORB CUX2",-0.362730155308966,4.87441568959532,75.2581808165046,4.57161243329517e-16,4.68184166709289e-14,4.68184166709289e-14,"gpath_trio"
"6443","GCM2","Exc L3-4 RORB CUX2",-0.315654578453407,-0.578983484620828,7.40553430170532,0.00694152901133074,0.0218329962031389,0.0218329962031389,"gpath_trio"
"6444","SYCP2L","Exc L3-4 RORB CUX2",-0.0152498661389492,4.95342829126493,0.184260998043998,0.668092163109144,0.785200943185773,0.785200943185773,"gpath_trio"
"6445","ELOVL2","Exc L3-4 RORB CUX2",-0.0497233945024755,0.805892718466555,0.339497511347029,0.560624368352923,0.696379548794497,0.696379548794497,"gpath_trio"
"6446","ELOVL2-AS1","Exc L3-4 RORB CUX2",-0.074932859121388,0.0216915811743697,0.687659868367838,0.40772213280625,0.555997207473728,0.555997207473728,"gpath_trio"
"6447","SMIM13","Exc L3-4 RORB CUX2",-0.0585538562137777,5.2381092192032,6.90753244482072,0.00909385094525969,0.0273381289460522,0.0273381289460522,"gpath_trio"
"6448","AL139807.1","Exc L3-4 RORB CUX2",0.14296850474295,3.96620417232909,10.8425210556645,0.00112952822193139,0.00470151266298038,0.00470151266298038,"gpath_trio"
"6449","NEDD9","Exc L3-4 RORB CUX2",-0.120855322151399,4.07350821344707,4.58095196269626,0.0332598503256347,0.0792134907708274,0.0792134907708274,"gpath_trio"
"6450","AL445430.1","Exc L3-4 RORB CUX2",-0.0693410045343432,1.03263517095413,0.946459576998413,0.33152631401596,0.477889638844813,0.477889638844813,"gpath_trio"
"6451","AL445430.2","Exc L3-4 RORB CUX2",-0.083050666279895,-0.252781791278069,0.566894855455248,0.452176627080759,0.598327358433981,0.598327358433981,"gpath_trio"
"6452","TMEM170B","Exc L3-4 RORB CUX2",0.0529763270092202,5.85965771321237,5.99665494882606,0.0149939367123631,0.0414671244923818,0.0414671244923818,"gpath_trio"
"6453","ADTRP","Exc L3-4 RORB CUX2",-0.137750760506832,1.1937813975186,2.35041033076775,0.126465880285778,0.229384980200087,0.229384980200087,"gpath_trio"
"6454","HIVEP1","Exc L3-4 RORB CUX2",0.020600498392329,6.41368477438706,0.931754272872033,0.335304430928905,0.481786688554281,0.481786688554281,"gpath_trio"
"6455","EDN1","Exc L3-4 RORB CUX2",0.0787640374508603,1.45712982095457,1.82805257109163,0.17753262846556,0.29721357391857,0.29721357391857,"gpath_trio"
"6456","PHACTR1","Exc L3-4 RORB CUX2",0.0998487738048644,10.4999977306711,45.6083618067451,9.40038038854094e-11,2.69010885586969e-09,2.69010885586969e-09,"gpath_trio"
"6457","TBC1D7","Exc L3-4 RORB CUX2",-0.0200631663733778,3.66691235221882,0.31286106226976,0.576411287886188,0.709828880110433,0.709828880110433,"gpath_trio"
"6458","GFOD1","Exc L3-4 RORB CUX2",0.0543678921670044,7.88187594053592,11.4253291809874,0.000835792028600657,0.00363387148080801,0.00363387148080801,"gpath_trio"
"6459","SIRT5","Exc L3-4 RORB CUX2",0.00624727515718063,5.69652022192597,0.121128824644292,0.728095004119173,0.832025230767346,0.832025230767346,"gpath_trio"
"6460","AL441883.1","Exc L3-4 RORB CUX2",-0.132479364493876,0.141821541121199,2.8128028233151,0.0947166010006715,0.182809473374969,0.182809473374969,"gpath_trio"
"6461","NOL7","Exc L3-4 RORB CUX2",-0.128264117484067,4.37299958117404,23.8049776745261,1.86040956172734e-06,1.7975940089966e-05,1.7975940089966e-05,"gpath_trio"
"6462","RANBP9","Exc L3-4 RORB CUX2",0.0435250761810824,7.15809044248293,6.98884957064509,0.00870023008231493,0.0263277548988606,0.0263277548988606,"gpath_trio"
"6463","MCUR1","Exc L3-4 RORB CUX2",-0.057738549398034,4.7391127779052,8.13081390686887,0.00470122585129844,0.0157501214795659,0.0157501214795659,"gpath_trio"
"6464","RNF182","Exc L3-4 RORB CUX2",-0.229864330874308,-0.961917222870941,0.618817636002846,0.432206158946679,0.579578548138867,0.579578548138867,"gpath_trio"
"6465","CD83","Exc L3-4 RORB CUX2",-0.0618415263127829,3.70695132771825,3.17074673260489,0.0761357071318527,0.154453282190561,0.154453282190561,"gpath_trio"
"6466","AL138720.1","Exc L3-4 RORB CUX2",-0.148371910663964,1.75008417958299,11.1437857375016,0.000966483876053257,0.00412324216523038,0.00412324216523038,"gpath_trio"
"6467","JARID2","Exc L3-4 RORB CUX2",0.0463368244435621,7.08845106533658,9.05335979348474,0.00287954941310207,0.0104168745578867,0.0104168745578867,"gpath_trio"
"6468","DTNBP1","Exc L3-4 RORB CUX2",0.0442119782734417,5.55890137514288,4.18493961644201,0.0417909178309906,0.0955065436384499,0.0955065436384499,"gpath_trio"
"6469","MYLIP","Exc L3-4 RORB CUX2",-0.00368768493441202,4.40053059202378,0.0109949762802656,0.916570176529967,0.957798576507437,0.957798576507437,"gpath_trio"
"6470","GMPR","Exc L3-4 RORB CUX2",-0.0864309397076521,2.01928032394216,1.66902417856299,0.197536423387334,0.32256231252715,0.32256231252715,"gpath_trio"
"6471","ATXN1","Exc L3-4 RORB CUX2",0.0827419182078123,9.07915315860772,19.9042723059966,1.21309102008976e-05,9.4123892278199e-05,9.4123892278199e-05,"gpath_trio"
"6472","AL137003.2","Exc L3-4 RORB CUX2",-0.0336984384681639,2.36871445867549,0.434831730294194,0.523773072955441,0.664264630806891,0.664264630806891,"gpath_trio"
"6473","STMND1","Exc L3-4 RORB CUX2",0.114987793805883,0.430463405873288,1.78834497704063,0.18229664499694,0.303326582500062,0.303326582500062,"gpath_trio"
"6474","RBM24","Exc L3-4 RORB CUX2",0.0376398820505751,3.95217977745965,1.70748972062493,0.192465978656699,0.315922310584892,0.315922310584892,"gpath_trio"
"6475","CAP2","Exc L3-4 RORB CUX2",-0.0340193169107648,7.58170330882836,2.16459151449507,0.142431376241321,0.25120666279121,0.25120666279121,"gpath_trio"
"6476","FAM8A1","Exc L3-4 RORB CUX2",-0.0621978908767734,4.50326023982097,9.27237559226614,0.00256531330311612,0.00944782692412702,0.00944782692412702,"gpath_trio"
"6477","NUP153","Exc L3-4 RORB CUX2",0.0283900629640099,5.90704477224742,4.19095948931607,0.0416452196527619,0.0952707003622261,0.0952707003622261,"gpath_trio"
"6478","KIF13A","Exc L3-4 RORB CUX2",0.117982213465144,7.72012684433417,17.2856177966263,4.37046109445927e-05,0.000286744886441352,0.000286744886441352,"gpath_trio"
"6479","NHLRC1","Exc L3-4 RORB CUX2",-0.10734820833381,0.608431946473331,2.415764713346,0.121335638581944,0.222136706750518,0.222136706750518,"gpath_trio"
"6480","TPMT","Exc L3-4 RORB CUX2",-0.0924327170969272,4.58704672575902,19.5378576368931,1.44967127134316e-05,0.000109621881181965,0.000109621881181965,"gpath_trio"
"6481","KDM1B","Exc L3-4 RORB CUX2",0.00699631852582644,5.01124447640744,0.101244315578229,0.750596904620057,0.849267710768306,0.849267710768306,"gpath_trio"
"6482","DEK","Exc L3-4 RORB CUX2",-0.0715015890435094,4.01558758379992,8.86472061178867,0.00318166036584214,0.011322984279567,0.011322984279567,"gpath_trio"
"6483","MIR548A1HG","Exc L3-4 RORB CUX2",0.0676772348016154,-0.270975418232195,0.416929031326708,0.519042818920073,0.659966526231327,0.659966526231327,"gpath_trio"
"6484","AL357052.1","Exc L3-4 RORB CUX2",-0.132147738917081,-1.20419366062833,0.804483248717196,0.370586039773364,0.518810169483563,0.518810169483563,"gpath_trio"
"6485","AL022068.1","Exc L3-4 RORB CUX2",-0.0797749841084865,3.40446244388571,4.08663239158499,0.0442480970383353,0.0999222473414388,0.0999222473414388,"gpath_trio"
"6486","MBOAT1","Exc L3-4 RORB CUX2",0.0248845426310053,0.487781657755725,0.0942496560635841,0.835537813532001,0.906581444982689,0.906581444982689,"gpath_trio"
"6487","AL158198.1","Exc L3-4 RORB CUX2",-0.145912508055022,1.6097536906663,6.17878957457195,0.0135579707485528,0.038138881741781,0.038138881741781,"gpath_trio"
"6488","E2F3","Exc L3-4 RORB CUX2",0.0566939345743965,6.22964419244168,8.53005526541665,0.00379991229202761,0.0131475270951221,0.0131475270951221,"gpath_trio"
"6489","CDKAL1","Exc L3-4 RORB CUX2",0.080692725081931,7.47178769238478,31.568865080467,4.9457302760226e-08,7.18876861086137e-07,7.18876861086137e-07,"gpath_trio"
"6490","AL513188.1","Exc L3-4 RORB CUX2",-0.343397882878705,1.62810998279261,30.4860119542213,8.14048217068106e-08,1.1126980202811e-06,1.1126980202811e-06,"gpath_trio"
"6491","LINC00581","Exc L3-4 RORB CUX2",-0.25760514099672,-0.0356627471011032,9.41082855330753,0.00238496606231444,0.00888253466996379,0.00888253466996379,"gpath_trio"
"6492","AL512380.1","Exc L3-4 RORB CUX2",0.0486464087528489,-0.371293245312489,0.20908877051045,0.647864382382655,0.768352693325831,0.768352693325831,"gpath_trio"
"6493","AL512380.2","Exc L3-4 RORB CUX2",-0.0889397442751481,2.65418622331262,3.06130253454489,0.0813571332174236,0.16251288739223,0.16251288739223,"gpath_trio"
"6494","SOX4","Exc L3-4 RORB CUX2",-0.0782641134610688,1.41111533984371,0.721544746699612,0.39641910951643,0.544583653445049,0.544583653445049,"gpath_trio"
"6495","CASC15","Exc L3-4 RORB CUX2",-0.0583360074658629,5.8131586682767,4.81114834555931,0.0291618603126749,0.0709870332780182,0.0709870332780182,"gpath_trio"
"6496","NBAT1","Exc L3-4 RORB CUX2",-0.0172679102494887,1.93961514105001,0.120398637929754,0.728883211384992,0.832355170073709,0.832355170073709,"gpath_trio"
"6497","AL035401.1","Exc L3-4 RORB CUX2",-0.12827842517552,2.02465926273586,2.38311487715805,0.123868975050745,0.225689205422991,0.225689205422991,"gpath_trio"
"6498","NRSN1","Exc L3-4 RORB CUX2",0.0296650964240045,6.38543554353191,1.59268996442574,0.208073116418342,0.335752627646789,0.335752627646789,"gpath_trio"
"6499","DCDC2","Exc L3-4 RORB CUX2",-0.0403672178871517,3.64788720840754,0.700168590033109,0.403495445848862,0.551787475089866,0.551787475089866,"gpath_trio"
"6500","MRS2","Exc L3-4 RORB CUX2",-0.00672095611616615,5.16256878080442,0.118945741466678,0.730459560019239,0.833683409141152,0.833683409141152,"gpath_trio"
"6501","GPLD1","Exc L3-4 RORB CUX2",-0.0435054404475511,5.76166394924368,3.34790249985251,0.0684356863628512,0.141743306306495,0.141743306306495,"gpath_trio"
"6502","ALDH5A1","Exc L3-4 RORB CUX2",-0.0803635898746438,4.90142873963294,18.2649669372436,2.6998461512518e-05,0.000187491209431068,0.000187491209431068,"gpath_trio"
"6503","KIAA0319","Exc L3-4 RORB CUX2",0.0829696201744083,7.23171796167334,16.2208339011618,7.40327380447426e-05,0.000449341302663262,0.000449341302663262,"gpath_trio"
"6504","TDP2","Exc L3-4 RORB CUX2",0.0190615989230458,4.92003113632297,0.84072753173978,0.36003846549904,0.507905097852111,0.507905097852111,"gpath_trio"
"6505","ACOT13","Exc L3-4 RORB CUX2",0.0417536419776644,3.80217918237209,2.54616204325082,0.111777257786626,0.208477967629212,0.208477967629212,"gpath_trio"
"6506","AL031775.1","Exc L3-4 RORB CUX2",-0.0641534104353997,0.129912727714658,0.62398934227092,0.43028848892934,0.577997649472756,0.577997649472756,"gpath_trio"
"6507","C6orf62","Exc L3-4 RORB CUX2",-0.0196810879398902,5.86870264717021,0.820407759009951,0.365899547070128,0.513998885946621,0.513998885946621,"gpath_trio"
"6508","GMNN","Exc L3-4 RORB CUX2",-0.0126861091864998,2.25383549938957,0.0887825294083822,0.803505299878419,0.886315988247518,0.886315988247518,"gpath_trio"
"6509","AL512428.1","Exc L3-4 RORB CUX2",0.155236017932873,0.514613352249992,4.23500526244606,0.0405953849144575,0.0933772535228799,0.0933772535228799,"gpath_trio"
"6510","RIPOR2","Exc L3-4 RORB CUX2",0.0908637070949601,6.53645658840362,11.841006647048,0.000674898378792152,0.00303591411195801,0.00303591411195801,"gpath_trio"
"6511","CARMIL1","Exc L3-4 RORB CUX2",0.108669913185204,8.59156591828923,18.7074874486136,2.1738089967748e-05,0.00015480620017625,0.00015480620017625,"gpath_trio"
"6512","SCGN","Exc L3-4 RORB CUX2",-0.115979069949832,-0.623081692231105,0.953898249991564,0.329636834760035,0.475982188754917,0.475982188754917,"gpath_trio"
"6513","U91328.2","Exc L3-4 RORB CUX2",-0.241278844447308,-0.484767482947806,4.80492395183852,0.0292654010534581,0.0712047113185621,0.0712047113185621,"gpath_trio"
"6514","U91328.1","Exc L3-4 RORB CUX2",-0.0592710379782561,1.80254456989225,1.50223107087767,0.22143740766967,0.351439561023883,0.351439561023883,"gpath_trio"
"6515","U91328.3","Exc L3-4 RORB CUX2",0.0354897873034711,-1.14787020207659,0.0927856245583809,0.760908905292237,0.857185614175604,0.857185614175604,"gpath_trio"
"6516","HIST1H4C","Exc L3-4 RORB CUX2",0.0427446410794893,3.34998765384366,0.322223466711808,0.570764292552649,0.705427445091072,0.705427445091072,"gpath_trio"
"6517","HIST1H2AC","Exc L3-4 RORB CUX2",0.0505644486218595,0.662165683875918,0.0575128080682698,0.810660087970955,0.890754391438873,0.890754391438873,"gpath_trio"
"6518","HIST1H1E","Exc L3-4 RORB CUX2",0.130853820886554,-0.393670571889037,0.851060707791631,0.357107698920103,0.504703875706695,0.504703875706695,"gpath_trio"
"6519","HIST1H2BD","Exc L3-4 RORB CUX2",0.0981788939929206,1.15572315229433,2.09443942210083,0.149040505364878,0.26015679146361,0.26015679146361,"gpath_trio"
"6520","AL353759.1","Exc L3-4 RORB CUX2",0.0521721371045363,1.64505555376994,1.05590963344241,0.305104952399712,0.449043800311073,0.449043800311073,"gpath_trio"
"6521","HIST1H2BE","Exc L3-4 RORB CUX2",-0.0157359345405906,2.05022476258358,0.0772685899957574,0.781254548115532,0.871636924638106,0.871636924638106,"gpath_trio"
"6522","HIST1H2BG","Exc L3-4 RORB CUX2",0.134760812083496,-1.09454418447019,0.649226239397733,0.421125733603677,0.569298557722741,0.569298557722741,"gpath_trio"
"6523","HIST1H3E","Exc L3-4 RORB CUX2",-0.0194617464313152,-1.12270129142365,0.0197115012893695,0.888454513795333,0.941515380597796,0.941515380597796,"gpath_trio"
"6524","HIST1H4H","Exc L3-4 RORB CUX2",-0.0365338033929509,-0.00123907475037419,0.164578748407854,0.685309124341409,0.798717124659379,0.798717124659379,"gpath_trio"
"6525","BTN3A2","Exc L3-4 RORB CUX2",0.166428679082489,0.400248230110907,1.5885737791739,0.20865996944529,0.336346666951001,0.336346666951001,"gpath_trio"
"6526","BTN2A2","Exc L3-4 RORB CUX2",0.185185924528936,0.0741961509831809,1.91886164284856,0.167169465073841,0.283558429280709,0.283558429280709,"gpath_trio"
"6527","BTN3A1","Exc L3-4 RORB CUX2",0.189824856466631,0.7879538799537,4.15469287908589,0.0425311778526128,0.0968115488207888,0.0968115488207888,"gpath_trio"
"6528","BTN3A3","Exc L3-4 RORB CUX2",-0.0360133431355718,1.95509816609639,0.365784171045849,0.545838713477023,0.683987803195667,0.683987803195667,"gpath_trio"
"6529","BTN2A1","Exc L3-4 RORB CUX2",-0.0985443395487545,3.69955557590346,12.7950701278336,0.000414358738927436,0.001996581695214,0.001996581695214,"gpath_trio"
"6530","HCG11","Exc L3-4 RORB CUX2",-0.0407772504725971,2.22278975600079,0.689087646429348,0.407236412731411,0.555510116758365,0.555510116758365,"gpath_trio"
"6531","HMGN4","Exc L3-4 RORB CUX2",-0.17837324450397,3.37386961290652,27.0151653482526,4.08670107248213e-07,4.69261207383762e-06,4.69261207383762e-06,"gpath_trio"
"6532","ABT1","Exc L3-4 RORB CUX2",-0.149982079780656,2.53343152205154,15.8925939558173,8.71576774955281e-05,0.0005173304335017,0.0005173304335017,"gpath_trio"
"6533","ZNF322","Exc L3-4 RORB CUX2",0.0674763417386823,3.68581588507677,3.9283496628575,0.0485314086233409,0.107595732854495,0.107595732854495,"gpath_trio"
"6534","AL513548.1","Exc L3-4 RORB CUX2",-0.111393235685925,1.5873129868616,3.7879199320122,0.0527009441272999,0.114957460024681,0.114957460024681,"gpath_trio"
"6535","LINC00240","Exc L3-4 RORB CUX2",-0.0390121234264093,3.3385410082967,0.907077651953603,0.341775525131138,0.48830261451177,0.48830261451177,"gpath_trio"
"6536","PRSS16","Exc L3-4 RORB CUX2",-0.115742631360873,0.506910927371241,2.28476505159369,0.131864340338188,0.237103177550718,0.237103177550718,"gpath_trio"
"6537","POM121L2","Exc L3-4 RORB CUX2",-0.0841226054033003,-0.908329861781435,0.324340374399577,0.569502527686802,0.704458215578248,0.704458215578248,"gpath_trio"
"6538","ZNF391","Exc L3-4 RORB CUX2",0.0290919853857356,4.46954108406521,1.00969984544258,0.315908979511855,0.460943347194017,0.460943347194017,"gpath_trio"
"6539","AL031118.1","Exc L3-4 RORB CUX2",-0.0973318951458769,0.76533454224747,2.12481954197791,0.14613659452663,0.256218457858239,0.256218457858239,"gpath_trio"
"6540","ZNF184","Exc L3-4 RORB CUX2",-0.0888431432825899,4.46118621149612,8.74184982698413,0.00339570825752688,0.0119832804085368,0.0119832804085368,"gpath_trio"
"6541","AL009179.1","Exc L3-4 RORB CUX2",-0.081221283377932,2.0339858927831,2.73950852051275,0.0991013687814746,0.189639582203002,0.189639582203002,"gpath_trio"
"6542","HIST1H2BN","Exc L3-4 RORB CUX2",-0.0396647542188172,1.7180183694409,0.402533335820203,0.526341662096028,0.666725876360104,0.666725876360104,"gpath_trio"
"6543","AL121944.1","Exc L3-4 RORB CUX2",-0.096881162196261,2.19237152166034,2.91550601622435,0.0889255872186549,0.174283439103979,0.174283439103979,"gpath_trio"
"6544","ZNF165","Exc L3-4 RORB CUX2",-0.027960983324951,0.354492194611682,0.130367922430112,0.718344065715184,0.825005024655448,0.825005024655448,"gpath_trio"
"6545","ZSCAN16-AS1","Exc L3-4 RORB CUX2",-0.0183049726353978,3.77624683395311,0.539146254615919,0.814338593384278,0.892992777558855,0.892992777558855,"gpath_trio"
"6546","ZSCAN16","Exc L3-4 RORB CUX2",0.0662101139533123,0.949389901560757,0.944734413144072,0.586597729870672,0.718424646399612,0.718424646399612,"gpath_trio"
"6547","AL358933.1","Exc L3-4 RORB CUX2",0.16378157056288,-0.27663018383372,3.05338030801171,0.0817498771938553,0.163162194810712,0.163162194810712,"gpath_trio"
"6548","ZKSCAN8","Exc L3-4 RORB CUX2",0.155735557049694,3.63750671946521,23.0007686536034,2.72983671503197e-06,2.51711406424908e-05,2.51711406424908e-05,"gpath_trio"
"6549","ZSCAN9","Exc L3-4 RORB CUX2",-0.100942367184579,2.57844650790185,6.16397143764225,0.0136692875786619,0.0383848268244504,0.0383848268244504,"gpath_trio"
"6550","ZKSCAN4","Exc L3-4 RORB CUX2",-0.0471232312668158,2.47563813533668,1.68514294856464,0.195392791923474,0.319763917671649,0.319763917671649,"gpath_trio"
"6551","NKAPL","Exc L3-4 RORB CUX2",-0.0516403323693946,3.18342531886695,0.85390699454366,0.356306194677885,0.504030113422124,0.504030113422124,"gpath_trio"
"6552","AL021997.3","Exc L3-4 RORB CUX2",0.138976184401055,1.41241289434889,6.6604971448863,0.0104061690555867,0.0305685003926124,0.0305685003926124,"gpath_trio"
"6553","PGBD1","Exc L3-4 RORB CUX2",0.0174523692925554,4.98476922379245,0.375125507139976,0.540758875596089,0.679315710781513,0.679315710781513,"gpath_trio"
"6554","ZSCAN31","Exc L3-4 RORB CUX2",0.163514655899406,5.10081387573274,14.8326900454432,0.000148002244903378,0.000818515704749355,0.000818515704749355,"gpath_trio"
"6555","ZKSCAN3","Exc L3-4 RORB CUX2",-0.0305205625737774,2.40933808402155,0.425861606935549,0.514603154876709,0.655892264175729,0.655892264175729,"gpath_trio"
"6556","ZSCAN12","Exc L3-4 RORB CUX2",0.0320390751985674,2.98460473195647,1.00718391121081,0.316511496250696,0.461655540547845,0.461655540547845,"gpath_trio"
"6557","ZSCAN23","Exc L3-4 RORB CUX2",0.0188737597661718,3.68792297816641,0.391608648856187,0.532003957067787,0.671621289896915,0.671621289896915,"gpath_trio"
"6558","ZBED9","Exc L3-4 RORB CUX2",0.110988260228665,2.84899898566123,3.1394836448831,0.0775891738687661,0.156708537671675,0.156708537671675,"gpath_trio"
"6559","AL049543.1","Exc L3-4 RORB CUX2",0.00218011988839751,-0.863972122959123,2.42372900453754e-05,0.996075695022671,0.998004923871792,0.998004923871792,"gpath_trio"
"6560","TRIM27","Exc L3-4 RORB CUX2",0.0334064837777252,4.52443471208202,2.0564630501918,0.152763147301867,0.264991196405266,0.264991196405266,"gpath_trio"
"6561","AL662791.1","Exc L3-4 RORB CUX2",-0.0799101875842786,-1.05236978123671,0.389736891200047,0.532985117596616,0.672481222483535,0.672481222483535,"gpath_trio"
"6562","GABBR1","Exc L3-4 RORB CUX2",-0.0320354800503193,6.69540617801876,2.15576911960123,0.143244017562899,0.252132965828956,0.252132965828956,"gpath_trio"
"6563","OR2H2","Exc L3-4 RORB CUX2",-0.39749633447587,-0.13914569054238,11.5095381758718,0.000800309877188469,0.00350320064488552,0.00350320064488552,"gpath_trio"
"6564","HLA-F","Exc L3-4 RORB CUX2",-0.161556406705329,0.644106837068431,2.29723960904722,0.130818908468253,0.235450210508969,0.235450210508969,"gpath_trio"
"6565","HLA-A","Exc L3-4 RORB CUX2",-0.264114730972052,0.439976274554494,1.98271648450672,0.160299055494741,0.274675848870936,0.274675848870936,"gpath_trio"
"6566","ZNRD1","Exc L3-4 RORB CUX2",-0.193571830646524,1.67076276519672,12.8200771640742,0.00040911571668316,0.00197509202777764,0.00197509202777764,"gpath_trio"
"6567","PPP1R11","Exc L3-4 RORB CUX2",-0.149022419454184,3.87419711097163,20.6754882247769,8.34741069720302e-06,6.7417538357114e-05,6.7417538357114e-05,"gpath_trio"
"6568","TRIM26","Exc L3-4 RORB CUX2",0.0542600588908416,4.53384973464602,3.70313433351016,0.0554016681850356,0.11955595845899,0.11955595845899,"gpath_trio"
"6569","HCG17","Exc L3-4 RORB CUX2",0.136434827622466,6.82915698317347,37.3349395464541,3.61645931143827e-09,7.10438817996758e-08,7.10438817996758e-08,"gpath_trio"
"6570","HCG18","Exc L3-4 RORB CUX2",-0.138082830415991,-0.33806666180093,1.81060286237873,0.179608158209643,0.300065799261308,0.300065799261308,"gpath_trio"
"6571","GNL1","Exc L3-4 RORB CUX2",-0.0481717791507631,5.3264242309654,5.85468238431187,0.0162221180228497,0.0441377250318265,0.0441377250318265,"gpath_trio"
"6572","PRR3","Exc L3-4 RORB CUX2",0.0219452270884619,4.62424951301785,1.08549336106334,0.298439677326626,0.441488523981865,0.441488523981865,"gpath_trio"
"6573","ABCF1","Exc L3-4 RORB CUX2",-0.0318078450908807,4.00661548915594,1.40624292305947,0.236763656902924,0.369714146905302,0.369714146905302,"gpath_trio"
"6574","PPP1R10","Exc L3-4 RORB CUX2",0.0132106360053781,5.30105928567538,0.309944810982849,0.578192919096777,0.711196326227135,0.711196326227135,"gpath_trio"
"6575","MRPS18B","Exc L3-4 RORB CUX2",-0.0425894254946292,3.50204908504986,2.22383657458006,0.137107203134485,0.244315299703077,0.244315299703077,"gpath_trio"
"6576","ATAT1","Exc L3-4 RORB CUX2",0.0114019315466004,4.05459829927623,0.21211531738619,0.813179335010096,0.892157979434916,0.892157979434916,"gpath_trio"
"6577","C6orf136","Exc L3-4 RORB CUX2",-0.103776620024522,4.76271052878172,28.3903767911761,2.14991605934326e-07,2.66428479712839e-06,2.66428479712839e-06,"gpath_trio"
"6578","DHX16","Exc L3-4 RORB CUX2",-0.0228965037508017,2.86170411634101,0.522367354012831,0.470483181710576,0.61572380585177,0.61572380585177,"gpath_trio"
"6579","PPP1R18","Exc L3-4 RORB CUX2",0.0328037188251019,0.116563373463243,0.177075847063292,0.962537211492069,0.980575894491799,0.980575894491799,"gpath_trio"
"6580","NRM","Exc L3-4 RORB CUX2",0.163573450108836,-0.550677659543544,2.24887235937145,0.134925030838378,0.241450460986719,0.241450460986719,"gpath_trio"
"6581","MDC1","Exc L3-4 RORB CUX2",-0.0704126224549529,3.65986624153857,6.62549217469625,0.0106073472681621,0.0310464574401815,0.0310464574401815,"gpath_trio"
"6582","MDC1-AS1","Exc L3-4 RORB CUX2",-0.329660686590347,0.825295606686266,10.4547617335765,0.00138143705447074,0.0055774449817785,0.0055774449817785,"gpath_trio"
"6583","TUBB","Exc L3-4 RORB CUX2",-0.123267800044455,6.19216196800341,9.21441136767244,0.00264490108123811,0.00969316608791625,0.00969316608791625,"gpath_trio"
"6584","FLOT1","Exc L3-4 RORB CUX2",-0.0833234248972048,6.2810897009247,12.0198382420201,0.00061573572885417,0.00280037608873599,0.00280037608873599,"gpath_trio"
"6585","IER3-AS1","Exc L3-4 RORB CUX2",-0.359133259912609,0.713159848266948,27.2545667521568,3.65329877763021e-07,4.23837279118398e-06,4.23837279118398e-06,"gpath_trio"
"6586","IER3","Exc L3-4 RORB CUX2",-0.227355311634607,1.2681844729625,11.3914934471079,0.000850496219366019,0.00368134761332534,0.00368134761332534,"gpath_trio"
"6587","HCG20","Exc L3-4 RORB CUX2",0.102452932427694,0.49313950625909,1.98524682759256,0.160033551100314,0.274430675176272,0.274430675176272,"gpath_trio"
"6588","LINC00243","Exc L3-4 RORB CUX2",-0.345842349985894,-0.302602527139225,12.9804669555322,0.000377053097642331,0.00184249813214765,0.00184249813214765,"gpath_trio"
"6589","VARS2","Exc L3-4 RORB CUX2",0.066743163379739,3.79968127572028,3.39884001824629,0.0663802049122669,0.138406431800846,0.138406431800846,"gpath_trio"
"6590","PSORS1C1","Exc L3-4 RORB CUX2",-0.131171217791596,-0.153833510600758,1.6627352030686,0.198380296336666,0.323576884032035,0.323576884032035,"gpath_trio"
"6591","CCHCR1","Exc L3-4 RORB CUX2",0.0389862503371342,3.36342699865667,1.62481435589403,0.203559761516626,0.33010230651728,0.33010230651728,"gpath_trio"
"6592","TCF19","Exc L3-4 RORB CUX2",0.0149871437994957,-0.748342777200879,0.0140142457042042,0.905856567075363,0.952204253672977,0.952204253672977,"gpath_trio"
"6593","POU5F1","Exc L3-4 RORB CUX2",0.173336295332637,0.580995402784757,3.9160849398534,0.0488811892495881,0.108287909642082,0.108287909642082,"gpath_trio"
"6594","AL662844.4","Exc L3-4 RORB CUX2",-0.0551227079350808,1.70271277063033,0.743506738698546,0.389334434586439,0.53711858710212,0.53711858710212,"gpath_trio"
"6595","HCG27","Exc L3-4 RORB CUX2",0.125811015759212,2.27164829200299,5.3571906253404,0.0214165046595211,0.0552882893801456,0.0552882893801456,"gpath_trio"
"6596","HLA-C","Exc L3-4 RORB CUX2",-0.048921852086858,1.99467421324513,0.126375107623212,0.722508689994584,0.828216637536406,0.828216637536406,"gpath_trio"
"6597","HLA-B","Exc L3-4 RORB CUX2",0.172106586774272,0.54931576005858,2.30094443695243,0.130510217680987,0.234988276815165,0.234988276815165,"gpath_trio"
"6598","AL645933.2","Exc L3-4 RORB CUX2",0.333174376797295,-1.4050407501709,3.98089789098661,0.047062582153877,0.105055055870156,0.105055055870156,"gpath_trio"
"6599","MICA","Exc L3-4 RORB CUX2",0.224874270273438,2.64477700916668,8.26681146767402,0.0043718786974227,0.0147916573403493,0.0147916573403493,"gpath_trio"
"6600","LINC01149","Exc L3-4 RORB CUX2",0.772317543726203,-1.49017456015201,12.2146094654277,0.00055727502667597,0.00256950717321118,0.00256950717321118,"gpath_trio"
"6601","MICB","Exc L3-4 RORB CUX2",0.0526887522833525,-0.111618358230743,0.172427905000015,0.67830545822686,0.793451484095989,0.793451484095989,"gpath_trio"
"6602","ATP6V1G2-DDX39B","Exc L3-4 RORB CUX2",-0.20958941888176,0.664849296458794,7.33773201121059,0.00720062024333127,0.0224706130563354,0.0224706130563354,"gpath_trio"
"6603","ATP6V1G2","Exc L3-4 RORB CUX2",-0.0214623302499017,-1.0732666489482,0.0198129764580353,0.888169656791328,0.941515380597796,0.941515380597796,"gpath_trio"
"6604","NFKBIL1","Exc L3-4 RORB CUX2",-0.186786339589412,2.88421054909625,32.8856427954732,2.70651588030547e-08,4.18100749503544e-07,4.18100749503544e-07,"gpath_trio"
"6605","LTA","Exc L3-4 RORB CUX2",0.248982270468716,-1.3000301507502,2.0839753059902,0.150055853670846,0.261447940496359,0.261447940496359,"gpath_trio"
"6606","LTB","Exc L3-4 RORB CUX2",-0.321853431213453,0.118759310225918,13.9179341382519,0.00023449578550547,0.00122690676155935,0.00122690676155935,"gpath_trio"
"6607","PRRC2A","Exc L3-4 RORB CUX2",0.000194552388907219,5.22264785382657,6.41438206694233e-05,0.993615965373473,0.99676763759079,0.99676763759079,"gpath_trio"
"6608","BAG6","Exc L3-4 RORB CUX2",-0.0432810624951129,3.92727979622547,2.12448364523937,0.146168348624452,0.256229597141222,0.256229597141222,"gpath_trio"
"6609","APOM","Exc L3-4 RORB CUX2",-0.211254568595792,-0.750633668673413,3.49106307438372,0.0628255061594971,0.132417946799818,0.132417946799818,"gpath_trio"
"6610","C6orf47","Exc L3-4 RORB CUX2",-0.132808377888475,1.57641868142075,5.38820658182615,0.0210468722814116,0.0545014309174021,0.0545014309174021,"gpath_trio"
"6611","GPANK1","Exc L3-4 RORB CUX2",-0.108446906320149,2.70733107868323,9.25471315961997,0.00258930196245802,0.00951359808643062,0.00951359808643062,"gpath_trio"
"6612","LY6G5C","Exc L3-4 RORB CUX2",0.0433965076468429,1.03653520847899,0.294720202794644,0.587676530527371,0.719408377270493,0.719408377270493,"gpath_trio"
"6613","ABHD16A","Exc L3-4 RORB CUX2",-0.191155543850168,-0.609499529810294,2.30704187553465,0.130003948000608,0.234348610696235,0.234348610696235,"gpath_trio"
"6614","AL662899.1","Exc L3-4 RORB CUX2",0.254187473613075,-0.626561548770813,4.39056854155119,0.0371056210214588,0.0868132742709431,0.0868132742709431,"gpath_trio"
"6615","DDAH2","Exc L3-4 RORB CUX2",-0.000196589714341212,-0.201019719863616,2.62968080302012e-07,0.999591234737982,0.999888599377202,0.999888599377202,"gpath_trio"
"6616","SAPCD1-AS1","Exc L3-4 RORB CUX2",-0.0443985665069435,3.06636508402172,1.21057886066657,0.351393102787739,0.498863967964439,0.498863967964439,"gpath_trio"
"6617","VWA7","Exc L3-4 RORB CUX2",-0.0553357638376305,1.75873857780639,1.03857260279181,0.487843975635102,0.631196832452908,0.631196832452908,"gpath_trio"
"6618","VARS","Exc L3-4 RORB CUX2",-0.0646243984181694,3.69761391015927,6.48557268103673,0.0114524540175566,0.033073756055569,0.033073756055569,"gpath_trio"
"6619","LSM2","Exc L3-4 RORB CUX2",-0.115476711073206,3.11328645004729,13.2910488176512,0.000322031665642819,0.00161135636268449,0.00161135636268449,"gpath_trio"
"6620","HSPA1L","Exc L3-4 RORB CUX2",-0.00325090716540448,0.389740321146475,0.00168147833552983,0.967322715685375,0.983022373796919,0.983022373796919,"gpath_trio"
"6621","HSPA1A","Exc L3-4 RORB CUX2",0.066003941335302,3.87571663818123,0.638924260540194,0.42483020991351,0.573154305537319,0.573154305537319,"gpath_trio"
"6622","HSPA1B","Exc L3-4 RORB CUX2",0.104531249358395,2.46576970703279,1.72510888653434,0.190194586470499,0.313281260547949,0.313281260547949,"gpath_trio"
"6623","C6orf48","Exc L3-4 RORB CUX2",-0.196699596360004,2.85064284663944,26.8440209415791,4.42804623639827e-07,5.01886701232219e-06,5.01886701232219e-06,"gpath_trio"
"6624","NEU1","Exc L3-4 RORB CUX2",-0.128221951744588,3.22830857772853,17.9033054296131,3.2243648154544e-05,0.00021954627118391,0.00021954627118391,"gpath_trio"
"6625","EHMT2-AS1","Exc L3-4 RORB CUX2",-0.309854725390463,0.454951754991027,12.6159643873751,0.000453961706503997,0.00215853816373277,0.00215853816373277,"gpath_trio"
"6626","EHMT2","Exc L3-4 RORB CUX2",-0.02927609185644,4.92968890388045,1.89220113046839,0.17013774288377,0.287491327396331,0.287491327396331,"gpath_trio"
"6627","C2","Exc L3-4 RORB CUX2",0.0670189013621495,3.88890786455247,3.30898329981426,0.0700523188139041,0.144450688069349,0.144450688069349,"gpath_trio"
"6628","C2-AS1","Exc L3-4 RORB CUX2",0.0244204868242122,-0.805705219108497,0.0322114864635191,0.857704069507636,0.921660697859737,0.921660697859737,"gpath_trio"
"6629","NELFE","Exc L3-4 RORB CUX2",-0.0360579489243223,3.34156609947613,1.23726741763553,0.267025725125742,0.405727067661684,0.405727067661684,"gpath_trio"
"6630","SKIV2L","Exc L3-4 RORB CUX2",-0.146094445959298,3.00569980759521,11.5865943840781,0.000769185538277914,0.00338680013853272,0.00338680013853272,"gpath_trio"
"6631","DXO","Exc L3-4 RORB CUX2",-0.0542920942569027,2.05932114017025,1.33185941791768,0.249534362812341,0.385449488533724,0.385449488533724,"gpath_trio"
"6632","STK19","Exc L3-4 RORB CUX2",-0.033686745861186,3.67315626137318,1.4924959510387,0.222936088358144,0.35314132019989,0.35314132019989,"gpath_trio"
"6633","CYP21A2","Exc L3-4 RORB CUX2",-0.0447369408553832,-0.413773313518042,0.159381330953596,0.690054462262937,0.802597069996238,0.802597069996238,"gpath_trio"
"6634","TNXB","Exc L3-4 RORB CUX2",0.0575357524378992,4.37073719817068,2.70293246109644,0.101372409122643,0.193017480622403,0.193017480622403,"gpath_trio"
"6635","ATF6B","Exc L3-4 RORB CUX2",-0.0495353179019446,5.79444269047226,5.21201509874567,0.0232387985354217,0.059003619488061,0.059003619488061,"gpath_trio"
"6636","FKBPL","Exc L3-4 RORB CUX2",-0.330816172904046,0.795411293673137,24.7078515472866,1.21183754751516e-06,1.23666274765394e-05,1.23666274765394e-05,"gpath_trio"
"6637","PRRT1","Exc L3-4 RORB CUX2",0.0395815502542119,5.42157484031874,2.23641729791893,0.136005715486537,0.242781393553432,0.242781393553432,"gpath_trio"
"6638","AL662884.4","Exc L3-4 RORB CUX2",-0.0059537512955026,0.571853275848796,0.00654555544358724,0.935580056170215,0.969109144570926,0.969109144570926,"gpath_trio"
"6639","AGPAT1","Exc L3-4 RORB CUX2",-0.0472238207150787,4.81076074400949,3.69667062082993,0.0556135289750871,0.119897728902798,0.119897728902798,"gpath_trio"
"6640","RNF5","Exc L3-4 RORB CUX2",-0.208092218408554,2.471114191239,25.9664255587183,6.68806863801313e-07,7.20789448567922e-06,7.20789448567922e-06,"gpath_trio"
"6641","AGER","Exc L3-4 RORB CUX2",-0.103220400858592,0.084119553872275,1.53376773574773,0.216664821471859,0.345911199136703,0.345911199136703,"gpath_trio"
"6642","PBX2","Exc L3-4 RORB CUX2",-0.0186126123383532,3.66747855512666,0.438726248951088,0.888010437332929,0.941512317716438,0.941512317716438,"gpath_trio"
"6643","AL662796.1","Exc L3-4 RORB CUX2",0.17828322746143,6.38031003213544,9.22159430323229,0.00263490309017433,0.00966003449832219,0.00966003449832219,"gpath_trio"
"6644","C6orf10","Exc L3-4 RORB CUX2",-0.131241707323647,1.92426961166827,3.7828570256466,0.0528582113445067,0.115200865709779,0.115200865709779,"gpath_trio"
"6645","BTNL2","Exc L3-4 RORB CUX2",-0.184188429373513,-0.181619845497322,1.61259926470057,0.205262122302704,0.332169994181202,0.332169994181202,"gpath_trio"
"6646","HLA-DRB1","Exc L3-4 RORB CUX2",0.162082479637731,0.0693879656940798,0.476658207999505,0.49055575194609,0.634217385165804,0.634217385165804,"gpath_trio"
"6647","HLA-DQB1","Exc L3-4 RORB CUX2",0.206957012695446,1.05292109544166,1.24401171808293,0.265729104010729,0.40430502816112,0.40430502816112,"gpath_trio"
"6648","HLA-DOB","Exc L3-4 RORB CUX2",-0.361866343303364,-0.834585821799597,3.35855141333275,0.0680003789702156,0.141052267206453,0.141052267206453,"gpath_trio"
"6649","TAP1","Exc L3-4 RORB CUX2",0.120551467280798,0.682592641905392,2.02641179729177,0.155784062040283,0.268967064232169,0.268967064232169,"gpath_trio"
"6650","HLA-DMB","Exc L3-4 RORB CUX2",-0.314738039589658,-0.919297573971733,1.21989522898074,0.270406211936294,0.409814101999303,0.409814101999303,"gpath_trio"
"6651","AL645941.2","Exc L3-4 RORB CUX2",-0.118300752969626,-0.078695537803447,0.196478952985678,0.657946664712803,0.777079613662382,0.777079613662382,"gpath_trio"
"6652","HLA-DMA","Exc L3-4 RORB CUX2",-0.173906575878387,1.93939931374683,0.93103050191179,0.335491871215488,0.481953040570526,0.481953040570526,"gpath_trio"
"6653","BRD2","Exc L3-4 RORB CUX2",-0.0211867992682152,4.90277247422548,0.944183597466695,0.332107321098165,0.478419507544125,0.478419507544125,"gpath_trio"
"6654","HLA-DPB1","Exc L3-4 RORB CUX2",-0.47330812239491,-0.466597000806456,8.50618175352254,0.00384846430593259,0.0132881682991939,0.0132881682991939,"gpath_trio"
"6655","HCG24","Exc L3-4 RORB CUX2",0.370116468880829,0.622209922947674,3.47341448806188,0.0634896268665918,0.133524780781141,0.133524780781141,"gpath_trio"
"6656","COL11A2","Exc L3-4 RORB CUX2",-0.0514423670718674,2.16432754697343,1.23883522221144,0.266723603212775,0.405390138226438,0.405390138226438,"gpath_trio"
"6657","RXRB","Exc L3-4 RORB CUX2",-0.0952219181238672,4.3200418047882,11.1059099361285,0.000985588525990704,0.00419306303901159,0.00419306303901159,"gpath_trio"
"6658","SLC39A7","Exc L3-4 RORB CUX2",-0.138967276402905,2.34843684769919,11.607330265621,0.00076102224664915,0.00336112605651195,0.00336112605651195,"gpath_trio"
"6659","RING1","Exc L3-4 RORB CUX2",-0.0606871361468658,5.24635464916341,5.06876205325783,0.0251960806259432,0.0630448873407423,0.0630448873407423,"gpath_trio"
"6660","AL645940.1","Exc L3-4 RORB CUX2",0.0567336702236145,-0.399110038013374,0.325232021828282,0.568972701402367,0.704061840701224,0.704061840701224,"gpath_trio"
"6661","HCG25","Exc L3-4 RORB CUX2",0.0358057554844801,2.07231858529698,0.713559209543355,0.399041361646949,0.547217850514522,0.547217850514522,"gpath_trio"
"6662","VPS52","Exc L3-4 RORB CUX2",-0.00318552784121559,4.0092488618803,0.0179577802625063,0.89350098861218,0.944828473465629,0.944828473465629,"gpath_trio"
"6663","RPS18","Exc L3-4 RORB CUX2",-0.308627168848478,3.9111617985784,63.7039768473608,4.65330968500461e-14,2.99664702468549e-12,2.99664702468549e-12,"gpath_trio"
"6664","B3GALT4","Exc L3-4 RORB CUX2",-0.115064260957313,2.01131380197246,4.97808213990467,0.0265234300404929,0.0656818707581864,0.0656818707581864,"gpath_trio"
"6665","WDR46","Exc L3-4 RORB CUX2",-0.133773940060287,3.69541401970024,11.4551172941416,0.00082306110323846,0.00358644875979178,0.00358644875979178,"gpath_trio"
"6666","PFDN6","Exc L3-4 RORB CUX2",-0.277099008191668,3.14207670492554,74.4419539518962,6.30190711738738e-16,6.35704880466451e-14,6.35704880466451e-14,"gpath_trio"
"6667","RGL2","Exc L3-4 RORB CUX2",-0.0762058178600608,3.38386726317557,5.03947678504585,0.0256169880535624,0.0639078439446794,0.0639078439446794,"gpath_trio"
"6668","TAPBP","Exc L3-4 RORB CUX2",-0.0745351555931926,5.13091221589261,8.73802662653918,0.00340260006235926,0.0119992057783776,0.0119992057783776,"gpath_trio"
"6669","ZBTB22","Exc L3-4 RORB CUX2",-0.176203255388312,2.15885729322203,12.1803152379801,0.000567143135064115,0.00260937576965074,0.00260937576965074,"gpath_trio"
"6670","DAXX","Exc L3-4 RORB CUX2",0.000817233271751455,2.68843205660516,0.000663946692792376,0.979462818202326,0.989220182080092,0.989220182080092,"gpath_trio"
"6671","KIFC1","Exc L3-4 RORB CUX2",-0.139896337255448,-0.609767371541289,2.02639859321307,0.155785404277249,0.268967064232169,0.268967064232169,"gpath_trio"
"6672","PHF1","Exc L3-4 RORB CUX2",-0.00721871154237336,4.82200725853981,0.101745383389471,0.750001177228412,0.848831692504388,0.848831692504388,"gpath_trio"
"6673","CUTA","Exc L3-4 RORB CUX2",-0.250193287352609,3.98728289549116,50.6798595026518,1.06037248216472e-11,3.94705070621279e-10,3.94705070621279e-10,"gpath_trio"
"6674","SYNGAP1","Exc L3-4 RORB CUX2",0.0915138885969443,6.18466575035177,24.8072842891896,1.15609298110199e-06,1.18276754025013e-05,1.18276754025013e-05,"gpath_trio"
"6675","SYNGAP1-AS1","Exc L3-4 RORB CUX2",-0.338769166120078,2.99520086558857,48.551602730406,2.63652022367678e-11,8.86529925211317e-10,8.86529925211317e-10,"gpath_trio"
"6676","BAK1","Exc L3-4 RORB CUX2",-0.0768255721229215,1.75227525933461,2.01521901149876,0.156926597570693,0.270412889134672,0.270412889134672,"gpath_trio"
"6677","LINC00336","Exc L3-4 RORB CUX2",0.118618362431491,-0.186730119305339,1.68129388699208,0.195902178950621,0.320389628755575,0.320389628755575,"gpath_trio"
"6678","ITPR3","Exc L3-4 RORB CUX2",-0.0940134899699609,0.792257529830632,2.03933076531452,0.15447710718421,0.267058752137226,0.267058752137226,"gpath_trio"
"6679","UQCC2","Exc L3-4 RORB CUX2",-0.0246941412564859,4.33163881047197,0.696203335358338,0.404828324002547,0.553047903355322,0.553047903355322,"gpath_trio"
"6680","LEMD2","Exc L3-4 RORB CUX2",0.0263781704419482,4.60246194567187,1.12726447316329,0.289344761802842,0.431497991254318,0.431497991254318,"gpath_trio"
"6681","GRM4","Exc L3-4 RORB CUX2",0.160078443172039,3.64651087925483,2.4224520808318,0.12082391500274,0.221400770679407,0.221400770679407,"gpath_trio"
"6682","HMGA1","Exc L3-4 RORB CUX2",-0.233890363052519,3.23106649718179,55.7244054575075,1.25804670049535e-12,5.79476990467894e-11,5.79476990467894e-11,"gpath_trio"
"6683","SMIM29","Exc L3-4 RORB CUX2",-0.132544174701068,4.14439058082883,17.3709899205348,4.19026694004931e-05,0.00027614411154225,0.00027614411154225,"gpath_trio"
"6684","NUDT3","Exc L3-4 RORB CUX2",-0.0735090687983315,6.45295908329499,11.4494770355283,0.000825456412918797,0.00359610950780322,0.00359610950780322,"gpath_trio"
"6685","RPS10-NUDT3","Exc L3-4 RORB CUX2",0.0817273331173939,3.99981572765433,6.43722282220865,0.0117604066297559,0.0338371653957967,0.0338371653957967,"gpath_trio"
"6686","PACSIN1","Exc L3-4 RORB CUX2",0.0263274931999713,6.89092625029904,3.01765497134642,0.0835467077686661,0.16599909683207,0.16599909683207,"gpath_trio"
"6687","SPDEF","Exc L3-4 RORB CUX2",-0.139073476521973,0.961875571547087,5.18426658323217,0.0236051416708048,0.0596933734279878,0.0596933734279878,"gpath_trio"
"6688","C6orf106","Exc L3-4 RORB CUX2",-0.0155548701442494,5.87419282788186,0.672893116295766,0.78981323720624,0.87725622443492,0.87725622443492,"gpath_trio"
"6689","AL451165.2","Exc L3-4 RORB CUX2",-0.169336217910663,0.818685540821706,5.56917072491283,0.0190186779849239,0.0502359031612778,0.0502359031612778,"gpath_trio"
"6690","SNRPC","Exc L3-4 RORB CUX2",-0.0598345400889454,3.87487368590605,4.99283943458672,0.0263025315015912,0.0652389443133271,0.0652389443133271,"gpath_trio"
"6691","UHRF1BP1","Exc L3-4 RORB CUX2",0.084929950992088,5.21879526215969,16.775461474192,5.62342292206916e-05,0.000356432791243309,0.000356432791243309,"gpath_trio"
"6692","TAF11","Exc L3-4 RORB CUX2",-0.0956967146654036,4.78399465214505,16.364526341407,6.89354207781113e-05,0.000423241665915519,0.000423241665915519,"gpath_trio"
"6693","ANKS1A","Exc L3-4 RORB CUX2",0.0372194190144422,6.71727529360268,4.118645098142,0.0434315709596159,0.0983866993162196,0.0983866993162196,"gpath_trio"
"6694","TCP11","Exc L3-4 RORB CUX2",-0.183242032621878,-0.534421637617953,2.63963291937522,0.105439187724009,0.199104793366892,0.199104793366892,"gpath_trio"
"6695","SCUBE3","Exc L3-4 RORB CUX2",-0.401439917181111,1.33335368432197,33.3054255602559,2.23485903653268e-08,3.53911154333178e-07,3.53911154333178e-07,"gpath_trio"
"6696","Z97832.2","Exc L3-4 RORB CUX2",0.166606964714687,1.26531858848678,8.32835484538079,0.00423070517801439,0.0144082506695544,0.0144082506695544,"gpath_trio"
"6697","ZNF76","Exc L3-4 RORB CUX2",-0.00869769916823076,5.29843626999275,0.21889795280008,0.64027283014888,0.762134542565097,0.762134542565097,"gpath_trio"
"6698","DEF6","Exc L3-4 RORB CUX2",0.133271029247735,1.70597523294686,5.58560087219797,0.0188448960675871,0.0498486663384776,0.0498486663384776,"gpath_trio"
"6699","PPARD","Exc L3-4 RORB CUX2",0.105678621961473,5.13255965277874,25.4393954435027,8.57449742128632e-07,9.00992111846102e-06,9.00992111846102e-06,"gpath_trio"
"6700","FANCE","Exc L3-4 RORB CUX2",-0.0424766303216629,0.423896916319565,0.294996449209336,0.587501648594453,0.719313373006014,0.719313373006014,"gpath_trio"
"6701","RPL10A","Exc L3-4 RORB CUX2",-0.286863855180697,4.48830173091625,67.1500556334446,1.15100384300853e-14,8.93134712796045e-13,8.93134712796045e-13,"gpath_trio"
"6702","FKBP5","Exc L3-4 RORB CUX2",0.124361864165326,6.81147072937303,6.27807004525567,0.0128359559082399,0.0364534643086627,0.0364534643086627,"gpath_trio"
"6703","CLPSL1","Exc L3-4 RORB CUX2",0.0517286895853051,0.346522703109199,0.311896122215962,0.576999589697627,0.710291459036526,0.710291459036526,"gpath_trio"
"6704","LHFPL5","Exc L3-4 RORB CUX2",0.136079962116467,4.13116482591906,20.9448494219483,7.32846562185018e-06,5.98348012629815e-05,5.98348012629815e-05,"gpath_trio"
"6705","SRPK1","Exc L3-4 RORB CUX2",0.0275030392237868,7.12772369451872,1.85335746358705,0.174571987085329,0.293384316598456,0.293384316598456,"gpath_trio"
"6706","SLC26A8","Exc L3-4 RORB CUX2",0.0372968679462131,4.55173385558707,1.7418239974857,0.188068715603418,0.31062516064666,0.31062516064666,"gpath_trio"
"6707","MAPK14","Exc L3-4 RORB CUX2",0.088829204497919,7.18653004600689,47.3472188915065,4.42832182300299e-11,1.38728870774977e-09,1.38728870774977e-09,"gpath_trio"
"6708","MAPK13","Exc L3-4 RORB CUX2",-0.0274498990568673,3.80335395984057,0.800360641409922,0.371812968044576,0.520130816135024,0.520130816135024,"gpath_trio"
"6709","Z84485.1","Exc L3-4 RORB CUX2",0.142031340336711,4.13281570785289,17.6539324870887,3.645090827279e-05,0.000244155735193738,0.000244155735193738,"gpath_trio"
"6710","BRPF3","Exc L3-4 RORB CUX2",0.0163009976466454,4.33874047930051,0.454417639926435,0.887660678783303,0.941269640779465,0.941269640779465,"gpath_trio"
"6711","PNPLA1","Exc L3-4 RORB CUX2",0.073063582294618,1.15555795779314,1.44868912673838,0.229833092362826,0.361461867772915,0.361461867772915,"gpath_trio"
"6712","C6orf222","Exc L3-4 RORB CUX2",-0.143702646752233,-1.32500588917927,0.947813094115929,0.331181435518001,0.477563109254212,0.477563109254212,"gpath_trio"
"6713","ETV7","Exc L3-4 RORB CUX2",-0.00868890335705192,-0.465155392241341,0.00604500819912001,0.938086996194206,0.970014542246695,0.970014542246695,"gpath_trio"
"6714","PXT1","Exc L3-4 RORB CUX2",0.0193329753706582,0.311412678018878,0.0733152688131305,0.78678435310609,0.87509940892274,0.87509940892274,"gpath_trio"
"6715","KCTD20","Exc L3-4 RORB CUX2",-0.0266952454436538,4.95257084125811,1.63200772859836,0.202565075957074,0.328913513676779,0.328913513676779,"gpath_trio"
"6716","STK38","Exc L3-4 RORB CUX2",0.086891135934374,6.09142717506652,25.3938747906265,8.76075786491162e-07,9.18172934673205e-06,9.18172934673205e-06,"gpath_trio"
"6717","SRSF3","Exc L3-4 RORB CUX2",-0.127243806179254,5.01443676612908,27.9324858750591,2.66137628240063e-07,3.21000795839462e-06,3.21000795839462e-06,"gpath_trio"
"6718","CDKN1A","Exc L3-4 RORB CUX2",0.0507595878545294,0.52011377573651,0.297799945687044,0.585732829488598,0.717651538484301,0.717651538484301,"gpath_trio"
"6719","RAB44","Exc L3-4 RORB CUX2",-0.143455797721393,-0.533327058596786,1.90382068534626,0.168836662292449,0.285857641972991,0.285857641972991,"gpath_trio"
"6720","CPNE5","Exc L3-4 RORB CUX2",0.0291934153897915,6.29715337625587,1.06754824990005,0.302459965983848,0.446127344182201,0.446127344182201,"gpath_trio"
"6721","PPIL1","Exc L3-4 RORB CUX2",-0.0143030864796175,2.72524493761262,0.178178331885307,0.673292268949987,0.789644441533053,0.789644441533053,"gpath_trio"
"6722","C6orf89","Exc L3-4 RORB CUX2",-0.0230584490258561,6.02017263352114,2.67758829800273,0.102979584246052,0.195521655577272,0.195521655577272,"gpath_trio"
"6723","MTCH1","Exc L3-4 RORB CUX2",-0.0729382604691769,6.78289916686859,11.5060661487748,0.000801742092384406,0.00350794767162337,0.00350794767162337,"gpath_trio"
"6724","PIM1","Exc L3-4 RORB CUX2",-0.0329105981698598,2.14523410612033,0.498483160875815,0.538526546884514,0.677270482695117,0.677270482695117,"gpath_trio"
"6725","TMEM217","Exc L3-4 RORB CUX2",0.0555321812288237,2.15504456005702,1.26603641789415,0.261549151815963,0.399723819247561,0.399723819247561,"gpath_trio"
"6726","TBC1D22B","Exc L3-4 RORB CUX2",0.0226019798876182,4.89410218884181,1.36341051096607,0.244016926009661,0.378549902517871,0.378549902517871,"gpath_trio"
"6727","RNF8","Exc L3-4 RORB CUX2",-0.03805595549702,4.8928360811044,1.90620518743111,0.168571081980972,0.285479860569639,0.285479860569639,"gpath_trio"
"6728","CMTR1","Exc L3-4 RORB CUX2",-0.0404235114999316,4.54669892868872,4.3725671669373,0.0374927354370455,0.0875481409076845,0.0875481409076845,"gpath_trio"
"6729","CCDC167","Exc L3-4 RORB CUX2",-0.0948331172236704,1.95307797985931,3.79421103525555,0.0525062198521137,0.11460705241982,0.11460705241982,"gpath_trio"
"6730","MDGA1","Exc L3-4 RORB CUX2",-0.0554853579642659,0.881120452657616,0.280261622912112,0.596981492813446,0.726686473845256,0.726686473845256,"gpath_trio"
"6731","AL121574.1","Exc L3-4 RORB CUX2",0.157482125907054,-0.771901611404936,1.90010134826427,0.169251876690202,0.286344369997889,0.286344369997889,"gpath_trio"
"6732","ZFAND3","Exc L3-4 RORB CUX2",0.0759199227908871,8.42924312470578,21.1007614970689,6.79712037455647e-06,5.61785758118299e-05,5.61785758118299e-05,"gpath_trio"
"6733","BTBD9","Exc L3-4 RORB CUX2",0.127223030736892,8.82778397187015,47.5900212437299,3.98802553935554e-11,1.27106501195099e-09,1.27106501195099e-09,"gpath_trio"
"6734","GLO1","Exc L3-4 RORB CUX2",0.00593746892255521,5.2399176402302,0.0847813744993504,0.976321656731118,0.987481296663674,0.987481296663674,"gpath_trio"
"6735","DNAH8","Exc L3-4 RORB CUX2",-0.151547507314866,1.49450425904154,7.88160138792513,0.00537237174454433,0.0176800545460237,0.0176800545460237,"gpath_trio"
"6736","SAYSD1","Exc L3-4 RORB CUX2",-0.0576450765425798,2.05493268244369,1.7968548381986,0.181263265354477,0.302105442257462,0.302105442257462,"gpath_trio"
"6737","KIF6","Exc L3-4 RORB CUX2",-0.202978907162011,2.5493934669205,1.2841638454491,0.258170114215345,0.395728768750538,0.395728768750538,"gpath_trio"
"6738","AL590999.1","Exc L3-4 RORB CUX2",0.109276649349823,0.0633007583029664,1.15015808060406,0.284510447468039,0.425847487029281,0.425847487029281,"gpath_trio"
"6739","MOCS1","Exc L3-4 RORB CUX2",0.103448321039439,2.84220391428769,9.0241199855733,0.00292438314912662,0.0105563481899498,0.0105563481899498,"gpath_trio"
"6740","TDRG1","Exc L3-4 RORB CUX2",-0.112608409201922,0.31634276565169,1.90064537966379,0.169191069412473,0.286313523351505,0.286313523351505,"gpath_trio"
"6741","LINC00951","Exc L3-4 RORB CUX2",0.0923057460247756,2.54072928796108,2.61147759021407,0.107305549751354,0.201892144570881,0.201892144570881,"gpath_trio"
"6742","AL139275.1","Exc L3-4 RORB CUX2",0.111372458748003,2.0296629306378,3.69679563825045,0.0556094230973709,0.119897728902798,0.119897728902798,"gpath_trio"
"6743","LRFN2","Exc L3-4 RORB CUX2",0.09498838269574,7.54738824022811,20.7624961888187,8.0034972642506e-06,6.48644733965888e-05,6.48644733965888e-05,"gpath_trio"
"6744","OARD1","Exc L3-4 RORB CUX2",-0.0920946079668509,3.37264950426126,7.36140908127518,0.0071090318010253,0.0222536410528604,0.0222536410528604,"gpath_trio"
"6745","APOBEC2","Exc L3-4 RORB CUX2",-0.247151695089482,-0.63618266960856,4.64333032011208,0.0320929074585617,0.0769063318655995,0.0769063318655995,"gpath_trio"
"6746","NFYA","Exc L3-4 RORB CUX2",-0.0105020713617758,2.70838948119103,0.0853101225181194,0.770459165286231,0.863739831387186,0.863739831387186,"gpath_trio"
"6747","FOXP4","Exc L3-4 RORB CUX2",0.0648452768175595,2.8076708857309,3.19472684754839,0.07504079394233,0.152677291023246,0.152677291023246,"gpath_trio"
"6748","TFEB","Exc L3-4 RORB CUX2",0.125896835716009,3.45990316093446,7.57871458744994,0.00632237714449068,0.0202563060012863,0.0202563060012863,"gpath_trio"
"6749","PGC","Exc L3-4 RORB CUX2",0.0112279330551897,-0.026745600743607,0.0128875209364317,0.909703362580766,0.953763204285556,0.953763204285556,"gpath_trio"
"6750","FRS3","Exc L3-4 RORB CUX2",-0.0717762670089339,3.51359139713905,2.76422422169105,0.0975983952647098,0.18718166379512,0.18718166379512,"gpath_trio"
"6751","AL365205.1","Exc L3-4 RORB CUX2",-0.0473741591366036,1.06645860270254,0.621025808181285,0.431384202537698,0.578775353830698,0.578775353830698,"gpath_trio"
"6752","USP49","Exc L3-4 RORB CUX2",0.0545012504553249,5.91340136972081,9.66440973554612,0.00208750915209884,0.00791347184208835,0.00791347184208835,"gpath_trio"
"6753","MED20","Exc L3-4 RORB CUX2",-0.0528493470776791,2.10120849547912,2.02666743336493,0.276986806017481,0.417248473934345,0.417248473934345,"gpath_trio"
"6754","BYSL","Exc L3-4 RORB CUX2",-0.178984617493586,0.966270508847608,9.01755852701791,0.00293454161038623,0.010579767153242,0.010579767153242,"gpath_trio"
"6755","CCND3","Exc L3-4 RORB CUX2",0.161186701421504,6.36336842809354,28.7701307809223,1.8017669718903e-07,2.27289631067374e-06,2.27289631067374e-06,"gpath_trio"
"6756","TAF8","Exc L3-4 RORB CUX2",0.0478653622779815,3.89139389795923,3.39715003115651,0.0664473261152721,0.138490532802176,0.138490532802176,"gpath_trio"
"6757","C6orf132","Exc L3-4 RORB CUX2",-0.157819567789006,0.0942848688398267,4.67265756219083,0.0315592072105939,0.0758293689635567,0.0758293689635567,"gpath_trio"
"6758","GUCA1A","Exc L3-4 RORB CUX2",-0.0217811863024668,-1.36964646832638,0.017459018727381,0.894981619113954,0.945867502341389,0.945867502341389,"gpath_trio"
"6759","GUCA1B","Exc L3-4 RORB CUX2",0.00867538469752542,2.22329155183935,0.0153427395278824,0.901517222965254,0.950068427357083,0.950068427357083,"gpath_trio"
"6760","MRPS10","Exc L3-4 RORB CUX2",-0.0716630419466681,3.66586031161562,8.08552257793282,0.0048164698073247,0.0160748185877214,0.0160748185877214,"gpath_trio"
"6761","TRERF1","Exc L3-4 RORB CUX2",0.090487684796151,7.42538386326242,24.9211116112683,1.09545000553831e-06,1.12586367100027e-05,1.12586367100027e-05,"gpath_trio"
"6762","UBR2","Exc L3-4 RORB CUX2",0.0592491385737906,7.51405138524203,15.1457309299454,0.00012652415296105,0.000714820718563197,0.000714820718563197,"gpath_trio"
"6763","PRPH2","Exc L3-4 RORB CUX2",-0.142215823476732,1.69527521463144,4.94435168344607,0.0270356525263687,0.0667046948415665,0.0667046948415665,"gpath_trio"
"6764","TBCC","Exc L3-4 RORB CUX2",-0.204944035547066,3.31183584895972,39.9636216956726,1.11983044436847e-09,2.43980337096478e-08,2.43980337096478e-08,"gpath_trio"
"6765","BICRAL","Exc L3-4 RORB CUX2",0.05687921465131,7.23452651681189,16.6094100083788,6.10534436577608e-05,0.000382888786383377,0.000382888786383377,"gpath_trio"
"6766","RPL7L1","Exc L3-4 RORB CUX2",-0.0807127829043516,5.55264852448865,17.9325065780261,3.17842758721725e-05,0.000216918441175946,0.000216918441175946,"gpath_trio"
"6767","C6orf226","Exc L3-4 RORB CUX2",-0.202232330987885,1.7090225267275,19.0328898278608,1.8542541594728e-05,0.000135238510697137,0.000135238510697137,"gpath_trio"
"6768","CNPY3","Exc L3-4 RORB CUX2",-0.0910294980498161,3.02056875505777,8.67473892153236,0.00351878759336115,0.0123249007083119,0.0123249007083119,"gpath_trio"
"6769","AL035587.1","Exc L3-4 RORB CUX2",0.147781943436138,4.34889613613281,21.4758659718117,5.67275264936368e-06,4.8006621099376e-05,4.8006621099376e-05,"gpath_trio"
"6770","GNMT","Exc L3-4 RORB CUX2",0.25565778290225,0.0662806998460225,4.74710262110486,0.0302458619228459,0.0732540073643031,0.0732540073643031,"gpath_trio"
"6771","PEX6","Exc L3-4 RORB CUX2",-0.00905388834461435,5.33470494560856,0.106822092760869,0.744054510983845,0.844170300867774,0.844170300867774,"gpath_trio"
"6772","PPP2R5D","Exc L3-4 RORB CUX2",-0.0172291815646679,4.4484861022969,0.653544334131712,0.895872631713994,0.945997610427605,0.945997610427605,"gpath_trio"
"6773","MEA1","Exc L3-4 RORB CUX2",-0.264872976919414,3.04530524299573,42.5203383037971,3.62185694144042e-10,8.8249956272416e-09,8.8249956272416e-09,"gpath_trio"
"6774","KLHDC3","Exc L3-4 RORB CUX2",-0.100061839318699,5.94535920961529,31.1692291610333,5.94269977737068e-08,8.41952022531275e-07,8.41952022531275e-07,"gpath_trio"
"6775","RRP36","Exc L3-4 RORB CUX2",0.0161390886483216,4.21071578225213,0.470007573810768,0.493594477629163,0.637233351846557,0.637233351846557,"gpath_trio"
"6776","AL136304.1","Exc L3-4 RORB CUX2",0.120456335299572,-0.799111736465332,1.25142510150362,0.264312913633738,0.402788203985245,0.402788203985245,"gpath_trio"
"6777","CUL7","Exc L3-4 RORB CUX2",0.0374771812406916,3.29480149757277,1.69644131433762,0.193906530739628,0.317873101297798,0.317873101297798,"gpath_trio"
"6778","KLC4","Exc L3-4 RORB CUX2",0.000145956105384005,4.90873576290817,5.21106833873463e-05,0.994245838058963,0.996963706900575,0.996963706900575,"gpath_trio"
"6779","MRPL2","Exc L3-4 RORB CUX2",-0.149632090861275,3.03729317726918,20.7915886112795,7.89173009731905e-06,6.40964793532253e-05,6.40964793532253e-05,"gpath_trio"
"6780","PTK7","Exc L3-4 RORB CUX2",0.103003971741462,2.30279476784784,2.82346582468258,0.0940965980547956,0.181821555957811,0.181821555957811,"gpath_trio"
"6781","SRF","Exc L3-4 RORB CUX2",0.0200223737510275,3.30225244362555,0.449796959976309,0.712550945422922,0.820461051482239,0.820461051482239,"gpath_trio"
"6782","CUL9","Exc L3-4 RORB CUX2",0.000350500468277358,4.99539755488541,0.000238120864944616,0.987700034134002,0.993857765020124,0.993857765020124,"gpath_trio"
"6783","AL133375.1","Exc L3-4 RORB CUX2",0.052617100085989,-0.628088280024449,0.257112936803752,0.935543381845673,0.969109144570926,0.969109144570926,"gpath_trio"
"6784","DNPH1","Exc L3-4 RORB CUX2",-0.404345341624814,2.60131979156597,92.9448283789388,5.29471393468643e-19,1.25671592508587e-16,1.25671592508587e-16,"gpath_trio"
"6785","TTBK1","Exc L3-4 RORB CUX2",0.0220219627562407,5.20819480011358,1.86496302463532,0.173233297668105,0.291540021726227,0.291540021726227,"gpath_trio"
"6786","SLC22A7","Exc L3-4 RORB CUX2",0.0779201777805514,0.00313274784586193,0.816969508950638,0.366904374880812,0.515085642141839,0.515085642141839,"gpath_trio"
"6787","CRIP3","Exc L3-4 RORB CUX2",0.020780943661461,1.85621450961447,0.187741555876436,0.701234266106741,0.811716181003127,0.811716181003127,"gpath_trio"
"6788","ZNF318","Exc L3-4 RORB CUX2",0.0276962146166055,5.59798157540625,2.54012408188466,0.112200930923142,0.209027133976146,0.209027133976146,"gpath_trio"
"6789","ABCC10","Exc L3-4 RORB CUX2",0.0444331645678961,4.71958547314807,4.87914837057215,0.028055382721965,0.0686997628857439,0.0686997628857439,"gpath_trio"
"6790","DLK2","Exc L3-4 RORB CUX2",-0.173585037061991,2.61311811171651,18.6564702841612,2.22874010615395e-05,0.000158163073461476,0.000158163073461476,"gpath_trio"
"6791","TJAP1","Exc L3-4 RORB CUX2",0.026131493381189,3.88749082723252,1.05776740813764,0.304680747160079,0.44861582790502,0.44861582790502,"gpath_trio"
"6792","LRRC73","Exc L3-4 RORB CUX2",-0.154691447952174,2.92070299703359,14.8647342959684,0.000145643426862115,0.000806797401686757,0.000806797401686757,"gpath_trio"
"6793","POLR1C","Exc L3-4 RORB CUX2",-0.0800285383670639,4.11276131404756,8.97433467133389,0.00300236905558733,0.0107857542194577,0.0107857542194577,"gpath_trio"
"6794","YIPF3","Exc L3-4 RORB CUX2",-0.0982027187209283,4.314491556205,14.7100626748971,0.000157392592552994,0.00086287922683605,0.00086287922683605,"gpath_trio"
"6795","XPO5","Exc L3-4 RORB CUX2",-0.0198381602115669,5.59943606045007,1.24201488017859,0.266112182785315,0.404713063756808,0.404713063756808,"gpath_trio"
"6796","POLH","Exc L3-4 RORB CUX2",0.00334652267377767,3.96801971587284,0.0208394185949161,0.885329100495227,0.939733498315947,0.939733498315947,"gpath_trio"
"6797","POLH-AS1","Exc L3-4 RORB CUX2",-0.419463787540204,-0.42894737148693,16.3623835588321,6.90087593895722e-05,0.000423305479077111,0.000423305479077111,"gpath_trio"
"6798","GTPBP2","Exc L3-4 RORB CUX2",-0.0550519630888704,3.2919188518955,2.25634121131196,0.134281616885016,0.240544877571424,0.240544877571424,"gpath_trio"
"6799","MAD2L1BP","Exc L3-4 RORB CUX2",-0.164147244090881,2.16239433423462,16.819929298973,5.50103464910766e-05,0.000349994872424305,0.000349994872424305,"gpath_trio"
"6800","RSPH9","Exc L3-4 RORB CUX2",-0.0266847662139756,1.98243097712395,0.267775901771224,0.605267593622531,0.733674219017939,0.733674219017939,"gpath_trio"
"6801","MRPS18A","Exc L3-4 RORB CUX2",-0.0965726723028681,3.10685431035409,9.7699735853674,0.0019751155496883,0.00755698012800331,0.00755698012800331,"gpath_trio"
"6802","VEGFA","Exc L3-4 RORB CUX2",-0.07499201960396,2.97498095172987,1.05446173058326,0.305436099595603,0.449367265320593,0.449367265320593,"gpath_trio"
"6803","AL109615.3","Exc L3-4 RORB CUX2",0.0655309528422107,2.95317745474306,0.834630924737247,0.361783231901892,0.509705077068483,0.509705077068483,"gpath_trio"
"6804","MRPL14","Exc L3-4 RORB CUX2",-0.227702784284543,2.98534302377352,51.0552130680167,9.03660451967342e-12,3.39503717289406e-10,3.39503717289406e-10,"gpath_trio"
"6805","TMEM63B","Exc L3-4 RORB CUX2",0.0180134854867599,5.77525029652237,0.769025698711547,0.38132815239475,0.529549523304246,0.529549523304246,"gpath_trio"
"6806","CAPN11","Exc L3-4 RORB CUX2",0.128925887243779,-0.264803579677074,1.4675108156313,0.226838682436841,0.357732386317772,0.357732386317772,"gpath_trio"
"6807","SLC29A1","Exc L3-4 RORB CUX2",-0.0304361027967337,4.39473710141416,0.820228226243278,0.365951920581773,0.513998885946621,0.513998885946621,"gpath_trio"
"6808","HSP90AB1","Exc L3-4 RORB CUX2",-0.0667815765127205,8.12824926662313,6.94314266299651,0.00891926602206084,0.0269138785514624,0.0269138785514624,"gpath_trio"
"6809","SLC35B2","Exc L3-4 RORB CUX2",-0.120006229037933,2.05975647929825,5.68609349683135,0.0178173023365646,0.0476426871623844,0.0476426871623844,"gpath_trio"
"6810","NFKBIE","Exc L3-4 RORB CUX2",-0.183893865780914,0.772233984730547,8.0855549633846,0.00481638637539524,0.0160748185877214,0.0160748185877214,"gpath_trio"
"6811","TMEM151B","Exc L3-4 RORB CUX2",0.215672173555763,1.27024016791552,10.2060671752685,0.00157249191789906,0.00622669763368275,0.00622669763368275,"gpath_trio"
"6812","AL353588.1","Exc L3-4 RORB CUX2",0.0463712503538072,1.36708307281292,0.542330273481206,0.68079707172372,0.795268422327952,0.795268422327952,"gpath_trio"
"6813","TCTE1","Exc L3-4 RORB CUX2",-0.111060042454223,1.54064234208922,3.70970661542185,0.0551871314449083,0.119220513641827,0.119220513641827,"gpath_trio"
"6814","AARS2","Exc L3-4 RORB CUX2",-0.0244500944195833,2.67858631229468,0.439616077231302,0.962168055778871,0.980341423430065,0.980341423430065,"gpath_trio"
"6815","CDC5L","Exc L3-4 RORB CUX2",-0.0171219636643651,5.0488269515374,0.653304495906694,0.572832336136038,0.707231340159328,0.707231340159328,"gpath_trio"
"6816","SUPT3H","Exc L3-4 RORB CUX2",0.0860121265831487,8.07229015144294,26.3927291012708,5.47285229821203e-07,6.05676330863564e-06,6.05676330863564e-06,"gpath_trio"
"6817","RUNX2","Exc L3-4 RORB CUX2",-0.0100095910223067,1.05817187777516,0.00170290423186126,0.967115300728481,0.982999205227268,0.982999205227268,"gpath_trio"
"6818","CLIC5","Exc L3-4 RORB CUX2",0.0860904493938855,4.13770155823376,3.71068546279132,0.0551552551658737,0.119164411326997,0.119164411326997,"gpath_trio"
"6819","AL035701.1","Exc L3-4 RORB CUX2",0.0975621749662038,3.10242540777605,4.64725213249289,0.0320209923087026,0.0767613497894577,0.0767613497894577,"gpath_trio"
"6820","ENPP4","Exc L3-4 RORB CUX2",-0.0595005002720406,4.50970196757102,6.66772262322268,0.0103651360091192,0.0304657078939364,0.0304657078939364,"gpath_trio"
"6821","ENPP5","Exc L3-4 RORB CUX2",-0.042882766734121,4.63136290849864,2.34552984658866,0.126858606918991,0.229952596099789,0.229952596099789,"gpath_trio"
"6822","RCAN2","Exc L3-4 RORB CUX2",0.0329463922869256,8.70218898969987,3.42862879576554,0.0652089638380953,0.136358918473629,0.136358918473629,"gpath_trio"
"6823","AL359633.2","Exc L3-4 RORB CUX2",0.0388009439250162,2.35097434861542,0.379156170080046,0.538593821746135,0.677289211659313,0.677289211659313,"gpath_trio"
"6824","CYP39A1","Exc L3-4 RORB CUX2",0.123331358945846,3.08519604015438,5.49257363212954,0.0198511261120292,0.0520125284818427,0.0520125284818427,"gpath_trio"
"6825","SLC25A27","Exc L3-4 RORB CUX2",0.0386511255967934,6.23946858386482,2.92535966962529,0.0883906377712428,0.173552659729847,0.173552659729847,"gpath_trio"
"6826","AL591242.1","Exc L3-4 RORB CUX2",-0.0759353407267705,2.41411578810822,2.022617305378,0.156170328087304,0.269408838748299,0.269408838748299,"gpath_trio"
"6827","TDRD6","Exc L3-4 RORB CUX2",0.0197127387305554,3.82492398126893,0.176745800008342,0.674532134524052,0.790421433119751,0.790421433119751,"gpath_trio"
"6828","PLA2G7","Exc L3-4 RORB CUX2",-0.00820301801489298,2.9769245003143,0.022587950640066,0.880650072219891,0.936789271659817,0.936789271659817,"gpath_trio"
"6829","ADGRF5","Exc L3-4 RORB CUX2",0.0149968462698314,5.21455132997887,0.186530553567521,0.666177964149738,0.783638054835952,0.783638054835952,"gpath_trio"
"6830","TNFRSF21","Exc L3-4 RORB CUX2",0.040271640881503,5.58620856923344,4.90236194912906,0.0276878005231037,0.0680060111460455,0.0680060111460455,"gpath_trio"
"6831","AL355353.1","Exc L3-4 RORB CUX2",-0.339792919860796,-0.164181550478451,13.7547070204079,0.000254648868051305,0.00131664298127501,0.00131664298127501,"gpath_trio"
"6832","CD2AP","Exc L3-4 RORB CUX2",0.0483206154430492,5.37098218702019,6.40936634420514,0.0119417053481971,0.0342903366638024,0.0342903366638024,"gpath_trio"
"6833","ADGRF4","Exc L3-4 RORB CUX2",0.0935122419233846,-1.46150247738967,0.307405981818938,0.579752939216258,0.712463638221844,0.712463638221844,"gpath_trio"
"6834","OPN5","Exc L3-4 RORB CUX2",0.053654973644063,-1.10144014394207,0.12576508005671,0.723151469252734,0.828576833948995,0.828576833948995,"gpath_trio"
"6835","PTCHD4","Exc L3-4 RORB CUX2",0.221331108792218,5.47682683172427,15.2193062255243,0.000121952446457149,0.000692287734179228,0.000692287734179228,"gpath_trio"
"6836","MUT","Exc L3-4 RORB CUX2",-0.0483770690863473,4.30193786923595,5.37518132273371,0.0212012844998286,0.0548520024088283,0.0548520024088283,"gpath_trio"
"6837","CENPQ","Exc L3-4 RORB CUX2",-0.0389029934499979,2.0475865729441,0.717447533731279,0.39776140035284,0.545944367107868,0.545944367107868,"gpath_trio"
"6838","C6orf141","Exc L3-4 RORB CUX2",0.275624259765917,-1.04990345054621,2.76018718867628,0.0978421710295534,0.187525003988205,0.187525003988205,"gpath_trio"
"6839","AL135908.1","Exc L3-4 RORB CUX2",-0.0512219473157232,-1.49086293252624,0.108879341307957,0.741689308302156,0.842828759434268,0.842828759434268,"gpath_trio"
"6840","TFAP2D","Exc L3-4 RORB CUX2",-0.048932368463372,-0.0566991662370415,0.140867193238201,0.707726415671649,0.816700820006607,0.816700820006607,"gpath_trio"
"6841","PKHD1","Exc L3-4 RORB CUX2",-0.191770978480303,1.33935098892288,11.2380769206404,0.000920544187676343,0.00394477038792911,0.00394477038792911,"gpath_trio"
"6842","MCM3","Exc L3-4 RORB CUX2",-0.0763671345850083,1.98674812648384,3.59195128607728,0.0591691779535347,0.126091084057994,0.126091084057994,"gpath_trio"
"6843","EFHC1","Exc L3-4 RORB CUX2",0.0505985287431054,4.84633919357068,5.64183246658939,0.0182625253535717,0.0485692656219758,0.0485692656219758,"gpath_trio"
"6844","TRAM2","Exc L3-4 RORB CUX2",0.00231613437372402,4.29703446512839,0.0053976138643291,0.941489832987653,0.9714917596091,0.9714917596091,"gpath_trio"
"6845","TRAM2-AS1","Exc L3-4 RORB CUX2",-0.0254260227204466,1.35773368883342,0.191486044421769,0.662045930635082,0.780568908807614,0.780568908807614,"gpath_trio"
"6846","TMEM14A","Exc L3-4 RORB CUX2",-0.187277478702578,5.59977201779455,61.5182344726376,1.13806235743442e-13,6.73325749596465e-12,6.73325749596465e-12,"gpath_trio"
"6847","GSTA4","Exc L3-4 RORB CUX2",-0.0430323245736974,6.0562466804021,5.34545830945898,0.021558082025548,0.0556253107642193,0.0556253107642193,"gpath_trio"
"6848","ICK","Exc L3-4 RORB CUX2",0.11606288018358,3.47187112341112,16.0388823482051,8.10394136608845e-05,0.000486781563102261,0.000486781563102261,"gpath_trio"
"6849","FBXO9","Exc L3-4 RORB CUX2",0.00733115134070738,5.93691848877587,0.185015231717519,0.667454480743715,0.784694095258998,0.784694095258998,"gpath_trio"
"6850","ELOVL5","Exc L3-4 RORB CUX2",0.123815752600254,4.5452678458014,19.3023631611318,1.62586404049806e-05,0.000121225893552951,0.000121225893552951,"gpath_trio"
"6851","GCLC","Exc L3-4 RORB CUX2",-0.0161521002896776,4.59595186120448,0.405224325714288,0.854275946915036,0.919544215387656,0.919544215387656,"gpath_trio"
"6852","KLHL31","Exc L3-4 RORB CUX2",0.105880956653606,-0.840178087193743,0.946834559255898,0.331430719824931,0.477820120942402,0.477820120942402,"gpath_trio"
"6853","LRRC1","Exc L3-4 RORB CUX2",-0.370006055596453,2.16705181570553,3.42131031331217,0.0654946419640491,0.136913729315583,0.136913729315583,"gpath_trio"
"6854","MLIP","Exc L3-4 RORB CUX2",-0.0219593068317662,8.17899807498955,0.454387867126938,0.500857398957128,0.643453771265923,0.643453771265923,"gpath_trio"
"6855","MLIP-AS1","Exc L3-4 RORB CUX2",-0.105253027861505,0.0451255571975496,1.43710183258792,0.231700345056366,0.363693648293175,0.363693648293175,"gpath_trio"
"6856","TINAG","Exc L3-4 RORB CUX2",-0.0529194576948067,2.13697525687092,0.760494717697873,0.383978312560119,0.531948256259041,0.531948256259041,"gpath_trio"
"6857","HCRTR2","Exc L3-4 RORB CUX2",-0.11610717203789,2.49904398633676,2.13981905697865,0.144726547051981,0.254099563725848,0.254099563725848,"gpath_trio"
"6858","GFRAL","Exc L3-4 RORB CUX2",-0.0573789729894044,0.0876368751596995,0.355981063934727,0.551265898234676,0.68894075739514,0.68894075739514,"gpath_trio"
"6859","HMGCLL1","Exc L3-4 RORB CUX2",0.110241815410785,6.49784644999468,23.9923088728456,1.70182229075611e-06,1.66428815879809e-05,1.66428815879809e-05,"gpath_trio"
"6860","BMP5","Exc L3-4 RORB CUX2",0.231361032678462,-1.06126496228686,3.03054458664678,0.0828935179549311,0.165010036974912,0.165010036974912,"gpath_trio"
"6861","COL21A1","Exc L3-4 RORB CUX2",0.256480019648293,4.81062018298759,10.3855860520343,0.00143207236285296,0.00574851968176649,0.00574851968176649,"gpath_trio"
"6862","DST","Exc L3-4 RORB CUX2",0.112796212084981,8.97979131192269,75.5612487836401,4.05882095520828e-16,4.1993186036578e-14,4.1993186036578e-14,"gpath_trio"
"6863","AL512422.1","Exc L3-4 RORB CUX2",-0.424062643807562,3.23696596135276,66.2402959901791,1.6617824746714e-14,1.20598782109696e-12,1.20598782109696e-12,"gpath_trio"
"6864","BEND6","Exc L3-4 RORB CUX2",0.0442018132312005,6.4045680833382,3.47583998114485,0.0633979104482193,0.133373602011765,0.133373602011765,"gpath_trio"
"6865","KIAA1586","Exc L3-4 RORB CUX2",-0.00272594558364216,4.29893999755644,0.00997382318047093,0.920525262797103,0.959655628876122,0.959655628876122,"gpath_trio"
"6866","ZNF451","Exc L3-4 RORB CUX2",0.0191504883443361,6.78878934521794,1.65036274977925,0.200052908997752,0.325769485234201,0.325769485234201,"gpath_trio"
"6867","ZNF451-AS1","Exc L3-4 RORB CUX2",-0.487199381730855,3.11945110210953,107.082909792845,3.05307367527393e-21,1.58770985282406e-18,1.58770985282406e-18,"gpath_trio"
"6868","BAG2","Exc L3-4 RORB CUX2",0.0864504249028972,3.88300165552924,9.71916381690157,0.00202842015487954,0.00772576489044641,0.00772576489044641,"gpath_trio"
"6869","RAB23","Exc L3-4 RORB CUX2",0.0529968261172048,4.08898947657106,4.26681755066474,0.0398545471420256,0.0920193967258373,0.0920193967258373,"gpath_trio"
"6870","PRIM2","Exc L3-4 RORB CUX2",0.0701839575532598,5.45481252712915,10.5105213354752,0.00134195294126623,0.00544417868289687,0.00544417868289687,"gpath_trio"
"6871","AL021368.3","Exc L3-4 RORB CUX2",-0.111307341757663,3.26849189706829,6.85122356960145,0.0093771371590909,0.028045860151158,0.028045860151158,"gpath_trio"
"6872","AL021368.1","Exc L3-4 RORB CUX2",0.10129192078678,1.95886281765488,4.35341378054775,0.0379093023454276,0.0882756434463299,0.0882756434463299,"gpath_trio"
"6873","AL021368.2","Exc L3-4 RORB CUX2",0.094853356678534,4.04911493861218,10.6189214329183,0.00126845289908375,0.00519449913998278,0.00519449913998278,"gpath_trio"
"6874","AL445250.1","Exc L3-4 RORB CUX2",0.172985835562805,6.39554772994804,9.76403543192191,0.00198127075131004,0.00757755364272586,0.00757755364272586,"gpath_trio"
"6875","KHDRBS2","Exc L3-4 RORB CUX2",0.161301686624996,10.5175882020461,54.4000325288042,2.19360869267055e-12,9.68403837519221e-11,9.68403837519221e-11,"gpath_trio"
"6876","FKBP1C","Exc L3-4 RORB CUX2",-0.140648655654014,-0.115004930976652,2.24477066221594,0.135279851138009,0.24189231558179,0.24189231558179,"gpath_trio"
"6877","PTP4A1","Exc L3-4 RORB CUX2",-0.111281687592922,4.03755282978445,17.4864088493627,3.95854810962893e-05,0.000262796012213767,0.000262796012213767,"gpath_trio"
"6878","AL135905.1","Exc L3-4 RORB CUX2",-0.0287208718492355,-0.845216292644635,0.0529647550729247,0.818163377620538,0.895668072605761,0.895668072605761,"gpath_trio"
"6879","PHF3","Exc L3-4 RORB CUX2",0.119231232852414,6.77176903833796,46.5441870221559,6.26541423300389e-11,1.88382611253135e-09,1.88382611253135e-09,"gpath_trio"
"6880","EYS","Exc L3-4 RORB CUX2",0.0123920911097235,4.0124623437504,0.0486821509851348,0.825545658861173,0.899901862304094,0.899901862304094,"gpath_trio"
"6881","AL354719.2","Exc L3-4 RORB CUX2",0.163520403680914,-1.39420499977117,0.792488384141197,0.3741717108389,0.522416212192028,0.522416212192028,"gpath_trio"
"6882","AL357375.1","Exc L3-4 RORB CUX2",0.0656265495123885,-0.496578907412478,0.33184715574748,0.56507172302155,0.700523658102481,0.700523658102481,"gpath_trio"
"6883","LINC02549","Exc L3-4 RORB CUX2",-0.012438579561054,-0.788993892724227,0.0114736595190438,0.914780216420398,0.956997192962486,0.956997192962486,"gpath_trio"
"6884","AL391807.1","Exc L3-4 RORB CUX2",-0.102793070355366,6.39600395293716,11.6853651350353,0.000731083555266975,0.00324595306503328,0.00324595306503328,"gpath_trio"
"6885","ADGRB3","Exc L3-4 RORB CUX2",0.126902615060089,12.0190611782636,65.7063398062169,2.06256617949282e-14,1.45497456892545e-12,1.45497456892545e-12,"gpath_trio"
"6886","LMBRD1","Exc L3-4 RORB CUX2",-0.0147004236579486,6.82897068841895,1.14070969861376,0.286493028243942,0.428147914431224,0.428147914431224,"gpath_trio"
"6887","COL19A1","Exc L3-4 RORB CUX2",0.0892436770763833,6.4736891688272,4.68611569019019,0.0313174217848658,0.0753792632438163,0.0753792632438163,"gpath_trio"
"6888","AL160262.1","Exc L3-4 RORB CUX2",0.0478228010246406,-0.727281807558239,0.12310688262194,0.725973067057471,0.830470710384505,0.830470710384505,"gpath_trio"
"6889","FAM135A","Exc L3-4 RORB CUX2",0.0522399767435261,7.18273377450984,11.0552144396836,0.00101176292716255,0.00428200483648092,0.00428200483648092,"gpath_trio"
"6890","SDHAF4","Exc L3-4 RORB CUX2",-0.108497400309094,3.48435927962523,10.7705315356836,0.00117247695875725,0.00486022655494709,0.00486022655494709,"gpath_trio"
"6891","AL583856.2","Exc L3-4 RORB CUX2",-0.0175885184940841,0.451661309593263,0.0588647153676121,0.808490662400799,0.889241935967519,0.889241935967519,"gpath_trio"
"6892","SMAP1","Exc L3-4 RORB CUX2",0.095350962070898,7.40985407170425,25.4034733790486,8.72114543815744e-07,9.1449640964047e-06,9.1449640964047e-06,"gpath_trio"
"6893","B3GAT2","Exc L3-4 RORB CUX2",-0.220922957437804,3.63526478448503,23.7930825140473,1.87096989040557e-06,1.80693238577944e-05,1.80693238577944e-05,"gpath_trio"
"6894","OGFRL1","Exc L3-4 RORB CUX2",0.0403684139763394,5.62913012898267,1.89560228846349,0.169755710844894,0.287028282458576,0.287028282458576,"gpath_trio"
"6895","AL136164.2","Exc L3-4 RORB CUX2",0.0614221364431516,0.893452397930725,0.488238807000989,0.48533850799194,0.628923142060337,0.628923142060337,"gpath_trio"
"6896","LINC00472","Exc L3-4 RORB CUX2",-0.131558705910113,0.059777428873908,2.24159358936952,0.135555407545182,0.242277670732109,0.242277670732109,"gpath_trio"
"6897","RIMS1","Exc L3-4 RORB CUX2",0.112007845268089,8.91489748213717,54.7643631443043,1.88201350343953e-12,8.41898501815797e-11,8.41898501815797e-11,"gpath_trio"
"6898","KCNQ5","Exc L3-4 RORB CUX2",0.158180264066782,10.9911318832903,47.4047569494834,4.31974006990829e-11,1.3617305611e-09,1.3617305611e-09,"gpath_trio"
"6899","KCNQ5-AS1","Exc L3-4 RORB CUX2",-0.100656919793826,-1.07028043932113,0.491802065666663,0.483751721670066,0.627471453304204,0.627471453304204,"gpath_trio"
"6900","AL365232.1","Exc L3-4 RORB CUX2",0.0750937645861629,1.67184942786962,2.01577495501884,0.156869622706912,0.270402331269806,0.270402331269806,"gpath_trio"
"6901","KHDC1","Exc L3-4 RORB CUX2",-0.0701027553016114,4.92115824913011,10.6372863585333,0.00125641325254098,0.00515101348709904,0.00515101348709904,"gpath_trio"
"6902","AC019205.1","Exc L3-4 RORB CUX2",0.0284982557148232,5.74437330536102,1.65714759795473,0.199133624844281,0.324543249150446,0.324543249150446,"gpath_trio"
"6903","OOEP","Exc L3-4 RORB CUX2",-0.315129722324084,3.4569306437681,34.660792145168,1.20709275507972e-08,2.06032963906373e-07,2.06032963906373e-07,"gpath_trio"
"6904","DDX43","Exc L3-4 RORB CUX2",-0.0423872397669682,-0.811740270249073,0.0891373444599756,0.765515187913556,0.860269127372439,0.860269127372439,"gpath_trio"
"6905","CGAS","Exc L3-4 RORB CUX2",-0.027655849455332,0.953598906849197,0.234220654674021,0.695269850346754,0.806895376826148,0.806895376826148,"gpath_trio"
"6906","MTO1","Exc L3-4 RORB CUX2",-0.00540632062672349,4.40066836713848,0.0583483089409862,0.809316203186904,0.88966549429746,0.88966549429746,"gpath_trio"
"6907","EEF1A1","Exc L3-4 RORB CUX2",-0.195915245611231,5.9504095441497,32.7386334795259,2.89446587231939e-08,4.44751325011757e-07,4.44751325011757e-07,"gpath_trio"
"6908","AL121972.1","Exc L3-4 RORB CUX2",-0.0592950686851417,0.293253302758746,0.60572702876785,0.437108878399886,0.58448247757938,0.58448247757938,"gpath_trio"
"6909","SLC17A5","Exc L3-4 RORB CUX2",-0.0064168635757437,6.32319150232722,0.170206835973584,0.680268025413758,0.794978167301853,0.794978167301853,"gpath_trio"
"6910","AL590428.1","Exc L3-4 RORB CUX2",0.0983556684729256,0.957064647516735,1.79649534097869,0.181306782124199,0.302128052313183,0.302128052313183,"gpath_trio"
"6911","CD109","Exc L3-4 RORB CUX2",-0.0800779917316115,2.66730147711474,3.48662549794343,0.0629917892954901,0.132685252561757,0.132685252561757,"gpath_trio"
"6912","AL357507.1","Exc L3-4 RORB CUX2",-0.0947298903055521,1.89428543627261,3.35072173093913,0.091468991533546,0.178057401021738,0.178057401021738,"gpath_trio"
"6913","AL356277.3","Exc L3-4 RORB CUX2",-0.18622789324906,0.817762439102714,8.0143440776195,0.00500347160598092,0.0166109987906311,0.0166109987906311,"gpath_trio"
"6914","COL12A1","Exc L3-4 RORB CUX2",-0.0903058781219798,4.5796528638636,1.9848779379771,0.160072226659865,0.274473667589901,0.274473667589901,"gpath_trio"
"6915","COX7A2","Exc L3-4 RORB CUX2",-0.246639866620679,4.4555811387704,69.1589701770527,5.13507634924337e-15,4.1943386779751e-13,4.1943386779751e-13,"gpath_trio"
"6916","TMEM30A","Exc L3-4 RORB CUX2",-0.139210434745803,5.86396173291764,52.4160803409675,5.06960807128028e-12,2.01337289051338e-10,2.01337289051338e-10,"gpath_trio"
"6917","AL080250.1","Exc L3-4 RORB CUX2",0.171233323973069,2.15142767905106,11.329141461719,0.000878286374783947,0.00378703773945033,0.00378703773945033,"gpath_trio"
"6918","FILIP1","Exc L3-4 RORB CUX2",0.0532321017902788,3.02140252413724,1.55366182075451,0.213717471932812,0.342283876815471,0.342283876815471,"gpath_trio"
"6919","SENP6","Exc L3-4 RORB CUX2",0.0643525017655011,7.34296439628999,27.2741471427346,3.61997411064476e-07,4.20454678654335e-06,4.20454678654335e-06,"gpath_trio"
"6920","MYO6","Exc L3-4 RORB CUX2",0.0377300458836719,7.20500369876019,5.16937587447727,0.0238042130713924,0.0600838231847044,0.0600838231847044,"gpath_trio"
"6921","IMPG1","Exc L3-4 RORB CUX2",0.0520611374118411,1.39974475447123,0.766222298308026,0.449361405768171,0.595537434235884,0.595537434235884,"gpath_trio"
"6922","LINC02540","Exc L3-4 RORB CUX2",0.279643873732793,1.50738968605383,5.48488733984903,0.0199367274741461,0.0521961428485462,0.0521961428485462,"gpath_trio"
"6923","HTR1B","Exc L3-4 RORB CUX2",0.394754768888965,-0.921287731348907,8.83373792967803,0.00323429692152626,0.0114819532626768,0.0114819532626768,"gpath_trio"
"6924","MEI4","Exc L3-4 RORB CUX2",-0.0415386435755032,2.00382017882851,0.365900144395822,0.545775105334264,0.683956317169934,0.683956317169934,"gpath_trio"
"6925","IRAK1BP1","Exc L3-4 RORB CUX2",0.161593561141043,6.99160967472695,61.2539843332691,1.26857338574882e-13,7.3756392096491e-12,7.3756392096491e-12,"gpath_trio"
"6926","PHIP","Exc L3-4 RORB CUX2",0.0218077380614297,7.37524809185886,2.04257311113294,0.15415105960152,0.266723638718753,0.266723638718753,"gpath_trio"
"6927","HMGN3","Exc L3-4 RORB CUX2",-0.113652609909574,6.66187289596782,27.2864138447304,3.5992534780351e-07,4.18529907316186e-06,4.18529907316186e-06,"gpath_trio"
"6928","HMGN3-AS1","Exc L3-4 RORB CUX2",-0.00329932913306872,0.323922266791488,0.00156772851788519,0.976815032366626,0.987831743257979,0.987831743257979,"gpath_trio"
"6929","LCA5","Exc L3-4 RORB CUX2",0.0632399208832587,5.00476134671437,8.72709764303107,0.00342238001180494,0.0120584206668119,0.0120584206668119,"gpath_trio"
"6930","AL451064.1","Exc L3-4 RORB CUX2",0.122504015988478,-0.117262095311736,1.7199406759334,0.190857578859303,0.314048744269345,0.314048744269345,"gpath_trio"
"6931","SH3BGRL2","Exc L3-4 RORB CUX2",0.0718868782662062,6.95566037046428,23.2676438571386,2.40325373330798e-06,2.24782772691185e-05,2.24782772691185e-05,"gpath_trio"
"6932","ELOVL4","Exc L3-4 RORB CUX2",-0.00932005530075861,5.83667749870838,0.233202381298109,0.629565762374606,0.753439865696267,0.753439865696267,"gpath_trio"
"6933","TTK","Exc L3-4 RORB CUX2",0.0769737893385353,-1.0765562960448,0.318195982996512,0.573180056873776,0.707488996477725,0.707488996477725,"gpath_trio"
"6934","BCKDHB","Exc L3-4 RORB CUX2",0.0895686365984568,6.39102467030423,22.236125839086,3.936463988056e-06,3.48019986674101e-05,3.48019986674101e-05,"gpath_trio"
"6935","AL359715.3","Exc L3-4 RORB CUX2",-0.130224909488599,0.393443555283895,3.3730775680115,0.0674113729323633,0.140093165318338,0.140093165318338,"gpath_trio"
"6936","AL359715.1","Exc L3-4 RORB CUX2",0.179769422376651,1.7114578037381,12.4186316508913,0.000502070379022947,0.00235072404195589,0.00235072404195589,"gpath_trio"
"6937","AL359715.2","Exc L3-4 RORB CUX2",0.043044993548148,-0.081294913564774,0.227871725209048,0.633507434833825,0.756541523485996,0.756541523485996,"gpath_trio"
"6938","TENT5A","Exc L3-4 RORB CUX2",0.119992908456199,0.197914613630064,0.62737395167746,0.429042250318513,0.576869536832789,0.576869536832789,"gpath_trio"
"6939","LINC02542","Exc L3-4 RORB CUX2",-0.153796121160724,-0.000906012321481944,2.73354702264264,0.0994676803664943,0.190232292292542,0.190232292292542,"gpath_trio"
"6940","IBTK","Exc L3-4 RORB CUX2",-0.00809532050900474,6.76218691833262,0.300482959531226,0.584050123058146,0.716478853988695,0.716478853988695,"gpath_trio"
"6941","TPBG","Exc L3-4 RORB CUX2",-0.0939517119639365,4.55888242689095,3.73263727910059,0.0544455256722893,0.117896155461891,0.117896155461891,"gpath_trio"
"6942","UBE3D","Exc L3-4 RORB CUX2",0.11899053003136,6.82916723051214,53.4769420033865,3.23682699213107e-12,1.36331909324101e-10,1.36331909324101e-10,"gpath_trio"
"6943","DOPEY1","Exc L3-4 RORB CUX2",0.076654956339716,7.38712447400729,28.6537001629849,1.90198679617105e-07,2.37895744654376e-06,2.37895744654376e-06,"gpath_trio"
"6944","PGM3","Exc L3-4 RORB CUX2",0.0537861830556653,4.56002881225949,5.50929383832461,0.0196662335068593,0.0515950924578527,0.0515950924578527,"gpath_trio"
"6945","RWDD2A","Exc L3-4 RORB CUX2",-0.069816173239068,3.56959927866651,5.91783094969558,0.0156634297778667,0.0429477705583664,0.0429477705583664,"gpath_trio"
"6946","ME1","Exc L3-4 RORB CUX2",0.114508954043265,6.98520156771447,20.3220232242549,9.90536319100389e-06,7.84304169460375e-05,7.84304169460375e-05,"gpath_trio"
"6947","SNAP91","Exc L3-4 RORB CUX2",0.0977310347951853,8.82109640702352,31.5450970127249,4.99999839461837e-08,7.25197466652953e-07,7.25197466652953e-07,"gpath_trio"
"6948","RIPPLY2","Exc L3-4 RORB CUX2",-0.104273288008828,2.96015899726177,7.15942857181785,0.00793053451153849,0.0243825866763622,0.0243825866763622,"gpath_trio"
"6949","CYB5R4","Exc L3-4 RORB CUX2",0.0949950463137705,5.63714693097793,23.7860228254283,1.87726598844675e-06,1.81041306486201e-05,1.81041306486201e-05,"gpath_trio"
"6950","AL034347.1","Exc L3-4 RORB CUX2",0.194393251992276,2.57877008444248,12.9677243325303,0.000379504342464756,0.00185297679313322,0.00185297679313322,"gpath_trio"
"6951","MRAP2","Exc L3-4 RORB CUX2",0.037154579794748,5.03379794533376,1.55078003726764,0.214141433350916,0.342752206159927,0.342752206159927,"gpath_trio"
"6952","CEP162","Exc L3-4 RORB CUX2",0.141105972046343,5.07411462572925,44.1457944161079,1.77722822918404e-10,4.72405527322634e-09,4.72405527322634e-09,"gpath_trio"
"6953","LINC01611","Exc L3-4 RORB CUX2",-0.523345231937577,-0.485026228822583,16.4662138953471,6.55443497043245e-05,0.000406378996707052,0.000406378996707052,"gpath_trio"
"6954","NT5E","Exc L3-4 RORB CUX2",0.0251310921110967,1.90142804000156,0.206786339647897,0.649677416285425,0.76981485960555,0.76981485960555,"gpath_trio"
"6955","SNX14","Exc L3-4 RORB CUX2",0.0145866197289773,6.32259125647265,0.940676498587481,0.333005276040889,0.479439195327549,0.479439195327549,"gpath_trio"
"6956","AL589666.1","Exc L3-4 RORB CUX2",0.00776728519012913,2.0496528018653,0.0321475203043332,0.857843911954977,0.921663698140998,0.921663698140998,"gpath_trio"
"6957","SYNCRIP","Exc L3-4 RORB CUX2",0.0268700799692883,3.67828050351826,0.920195016312764,0.441379809662112,0.588243999202875,0.588243999202875,"gpath_trio"
"6958","HTR1E","Exc L3-4 RORB CUX2",0.181122088106125,7.32412687811163,34.8430898917315,1.11141149960925e-08,1.91320196285124e-07,1.91320196285124e-07,"gpath_trio"
"6959","AL139274.2","Exc L3-4 RORB CUX2",0.111315976518231,0.580879512914245,2.18884168373644,0.14022437637088,0.248290924458707,0.248290924458707,"gpath_trio"
"6960","ZNF292","Exc L3-4 RORB CUX2",0.0811186222802131,7.85944843830204,33.5464840789625,2.00245050724444e-08,3.21539306567595e-07,3.21539306567595e-07,"gpath_trio"
"6961","GJB7","Exc L3-4 RORB CUX2",0.0848769561094696,0.106156555468561,0.950915314234308,0.330392791244714,0.476800755605301,0.476800755605301,"gpath_trio"
"6962","SMIM8","Exc L3-4 RORB CUX2",0.0344071922819697,5.76335093652053,2.29619477288967,0.130906113438236,0.235553945648983,0.235553945648983,"gpath_trio"
"6963","AL049697.1","Exc L3-4 RORB CUX2",0.120334903196991,-0.524593743184361,1.29465581218727,0.256239115176049,0.393426495333089,0.393426495333089,"gpath_trio"
"6964","SLC35A1","Exc L3-4 RORB CUX2",-0.0536417595403614,4.17235431812471,2.83708661445625,0.0933110633057671,0.180598835027763,0.180598835027763,"gpath_trio"
"6965","RARS2","Exc L3-4 RORB CUX2",0.04416251943903,5.48314316988142,6.34144575324908,0.012395967451988,0.0354183038300324,0.0354183038300324,"gpath_trio"
"6966","ORC3","Exc L3-4 RORB CUX2",0.0116903459788326,6.08375911749989,0.454892383712719,0.500619979081115,0.643360235438246,0.643360235438246,"gpath_trio"
"6967","AKIRIN2","Exc L3-4 RORB CUX2",-0.0152604702420308,3.99957299563654,0.362245280109243,0.656326727899526,0.775574985964561,0.775574985964561,"gpath_trio"
"6968","CNR1","Exc L3-4 RORB CUX2",0.0372940618363,5.34654127433202,1.19421133784534,0.275493198320813,0.415619178652688,0.415619178652688,"gpath_trio"
"6969","AL139042.1","Exc L3-4 RORB CUX2",-0.0224699656455339,-0.89062536820846,0.0311557630606708,0.860030738208538,0.923324826700577,0.923324826700577,"gpath_trio"
"6970","RNGTT","Exc L3-4 RORB CUX2",0.0486973789225525,6.80553231956597,11.962235894927,0.000634192990686639,0.00287459977243382,0.00287459977243382,"gpath_trio"
"6971","PNRC1","Exc L3-4 RORB CUX2",-0.0847954116738186,3.96913143065088,8.29405637999651,0.00430879569432449,0.0146445338835911,0.0146445338835911,"gpath_trio"
"6972","SRSF12","Exc L3-4 RORB CUX2",-0.016074813654218,4.96353970767542,0.458918206145015,0.959374345177102,0.979750116174416,0.979750116174416,"gpath_trio"
"6973","PM20D2","Exc L3-4 RORB CUX2",0.00828198377927029,4.03343444874742,0.0851333338500151,0.770690423949404,0.863739831387186,0.863739831387186,"gpath_trio"
"6974","GABRR1","Exc L3-4 RORB CUX2",-0.132174184089694,1.88104722993018,5.71611092351771,0.0175217863287973,0.0470075637166326,0.0470075637166326,"gpath_trio"
"6975","GABRR2","Exc L3-4 RORB CUX2",0.218154702392785,-0.663575980021013,3.04335645404898,0.0822497607549512,0.163969873329363,0.163969873329363,"gpath_trio"
"6976","UBE2J1","Exc L3-4 RORB CUX2",-0.0319187261971928,4.87693599128093,2.34591819084702,0.437180825369361,0.584539939812238,0.584539939812238,"gpath_trio"
"6977","RRAGD","Exc L3-4 RORB CUX2",0.0233480372225574,4.71794108681257,1.17802830129474,0.278763054460412,0.41942312057117,0.41942312057117,"gpath_trio"
"6978","ANKRD6","Exc L3-4 RORB CUX2",0.138721906560742,5.55863625853977,8.83230218089225,0.00323675761162937,0.0114886672791384,0.0114886672791384,"gpath_trio"
"6979","AL159174.1","Exc L3-4 RORB CUX2",-0.08680389439762,-1.20568372123156,0.289941444226657,0.590718728918535,0.721544490884026,0.721544490884026,"gpath_trio"
"6980","LYRM2","Exc L3-4 RORB CUX2",-0.040901110266952,5.05553372529631,2.95610380110346,0.0867439705540532,0.170954342671488,0.170954342671488,"gpath_trio"
"6981","MDN1","Exc L3-4 RORB CUX2",0.0244409364438301,6.82690970668205,3.35928740767725,0.067970403160863,0.141022509643193,0.141022509643193,"gpath_trio"
"6982","CASP8AP2","Exc L3-4 RORB CUX2",0.0551050182878429,5.67643444080505,7.53823399794655,0.00646182485205219,0.0206055220124578,0.0206055220124578,"gpath_trio"
"6983","BACH2","Exc L3-4 RORB CUX2",0.0121613759253133,5.65528194165063,0.123083430486884,0.725998112468477,0.830470710384505,0.830470710384505,"gpath_trio"
"6984","AL132996.1","Exc L3-4 RORB CUX2",-0.178298101166042,-0.120847330815,3.5294390060858,0.0614069697731933,0.130080387985529,0.130080387985529,"gpath_trio"
"6985","MAP3K7","Exc L3-4 RORB CUX2",0.0178935913181774,6.41344862120013,1.61228530017319,0.205306099984035,0.332214514531433,0.332214514531433,"gpath_trio"
"6986","EPHA7","Exc L3-4 RORB CUX2",0.301202298230508,5.53117305903016,26.5148396985514,5.1677408046397e-07,5.74747357958136e-06,5.74747357958136e-06,"gpath_trio"
"6987","AL157378.1","Exc L3-4 RORB CUX2",0.116269967172111,-0.213786200484317,1.63075943114443,0.223398653787426,0.353550975852002,0.353550975852002,"gpath_trio"
"6988","MANEA-DT","Exc L3-4 RORB CUX2",0.0646958104323068,0.999263828487001,1.04142374191323,0.308439164296558,0.452696067196497,0.452696067196497,"gpath_trio"
"6989","MANEA","Exc L3-4 RORB CUX2",0.00259170760687329,2.40401720826572,0.00434400999001682,0.947500841280843,0.974448147491389,0.974448147491389,"gpath_trio"
"6990","FUT9","Exc L3-4 RORB CUX2",0.156623674788456,7.9417475105372,69.6660138923794,4.19212502537537e-15,3.59898393135949e-13,3.59898393135949e-13,"gpath_trio"
"6991","UFL1-AS1","Exc L3-4 RORB CUX2",0.0540203597248969,3.37595898896383,1.26009922243297,0.262667819882489,0.401099248117562,0.401099248117562,"gpath_trio"
"6992","UFL1","Exc L3-4 RORB CUX2",-0.0229392022304084,4.65426858257151,1.12388747270039,0.290066717021917,0.432271828624403,0.432271828624403,"gpath_trio"
"6993","FHL5","Exc L3-4 RORB CUX2",-0.105458170267843,-1.73078453088817,0.356820348120937,0.55079730451822,0.688581956788641,0.688581956788641,"gpath_trio"
"6994","AL033379.1","Exc L3-4 RORB CUX2",-0.349684570611896,0.818581374297012,18.8968473378888,1.98162857255264e-05,0.000143038842401608,0.000143038842401608,"gpath_trio"
"6995","GPR63","Exc L3-4 RORB CUX2",0.12704075947432,5.38267343557452,21.3958851329264,5.89556247003261e-06,4.97253230906806e-05,4.97253230906806e-05,"gpath_trio"
"6996","NDUFAF4","Exc L3-4 RORB CUX2",-0.126813424937715,4.41009803509947,24.0663109217913,1.6430038623265e-06,1.61932598546346e-05,1.61932598546346e-05,"gpath_trio"
"6997","KLHL32","Exc L3-4 RORB CUX2",0.0973496260262715,7.2553726895664,15.6626993291943,9.77333946716004e-05,0.000572357398403349,0.000572357398403349,"gpath_trio"
"6998","MMS22L","Exc L3-4 RORB CUX2",0.0337103561542674,4.02988105396773,0.539371156424174,0.463355262738521,0.609042440924468,0.609042440924468,"gpath_trio"
"6999","AL589740.1","Exc L3-4 RORB CUX2",0.141199376453213,7.61550037191041,8.01088453513472,0.00501274817433997,0.01663358460811,0.01663358460811,"gpath_trio"
"7000","AL590727.1","Exc L3-4 RORB CUX2",-0.19402362407781,-0.803248729410019,2.61514676077349,0.1070602751589,0.20146824469087,0.20146824469087,"gpath_trio"
"7001","AL589826.2","Exc L3-4 RORB CUX2",0.216895126511535,-0.243143945603514,6.78721353256565,0.00971024636879799,0.0288859068844735,0.0288859068844735,"gpath_trio"
"7002","POU3F2","Exc L3-4 RORB CUX2",0.178937308020134,4.15631573395619,19.5793331422342,1.42070219167004e-05,0.000107717448383258,0.000107717448383258,"gpath_trio"
"7003","FBXL4","Exc L3-4 RORB CUX2",-0.0184564148941585,5.63344031469111,0.534370251012524,0.465433524653537,0.610770379806925,0.610770379806925,"gpath_trio"
"7004","FAXC","Exc L3-4 RORB CUX2",0.0024295945189829,6.33637885390885,0.0347738707187872,0.852215707487999,0.918376582682008,0.918376582682008,"gpath_trio"
"7005","COQ3","Exc L3-4 RORB CUX2",-0.0761155346246981,3.57962213704711,7.07687040575446,0.00829389449978643,0.0253107429334732,0.0253107429334732,"gpath_trio"
"7006","PNISR","Exc L3-4 RORB CUX2",0.056163000765209,8.6098681521302,5.96666047480357,0.0152451281973377,0.0420465429092671,0.0420465429092671,"gpath_trio"
"7007","AL513550.1","Exc L3-4 RORB CUX2",0.0370224469073264,2.68701866345608,0.991020170696014,0.351803409209112,0.499270806189775,0.499270806189775,"gpath_trio"
"7008","USP45","Exc L3-4 RORB CUX2",0.0337785244636752,5.7837013502051,2.97270042089198,0.085868957578136,0.169660779467133,0.169660779467133,"gpath_trio"
"7009","TSTD3","Exc L3-4 RORB CUX2",-0.0814600981251247,2.50551361633822,4.2403705139022,0.0404694274666373,0.0931512491887517,0.0931512491887517,"gpath_trio"
"7010","CCNC","Exc L3-4 RORB CUX2",-0.00719143309979969,5.78782240544217,0.131321842882469,0.717359800001337,0.824093723096855,0.824093723096855,"gpath_trio"
"7011","MCHR2","Exc L3-4 RORB CUX2",0.0755801557262523,6.68300151242352,4.84548524952371,0.028597536009118,0.0698070525086455,0.0698070525086455,"gpath_trio"
"7012","MCHR2-AS1","Exc L3-4 RORB CUX2",0.140872676216039,1.03854719062826,3.65593006795633,0.0569689393186068,0.122193105544641,0.122193105544641,"gpath_trio"
"7013","ASCC3","Exc L3-4 RORB CUX2",0.0622628671011544,7.3287766467162,17.911283372972,3.21174814036085e-05,0.000218834916351841,0.000218834916351841,"gpath_trio"
"7014","AL133338.1","Exc L3-4 RORB CUX2",-0.258485996568378,0.878180707355482,14.1945646267499,0.000203963141645946,0.00108602702103641,0.00108602702103641,"gpath_trio"
"7015","GRIK2","Exc L3-4 RORB CUX2",0.115314943059182,9.39607793543787,32.1174645728046,3.84566848064991e-08,5.75993775776629e-07,5.75993775776629e-07,"gpath_trio"
"7016","HACE1","Exc L3-4 RORB CUX2",0.0265490456199946,6.72600705882099,3.51167784028055,0.0620591836914704,0.131186507855764,0.131186507855764,"gpath_trio"
"7017","LIN28B-AS1","Exc L3-4 RORB CUX2",0.0124566417333566,3.7199583000172,0.0933075301298561,0.760258092942893,0.856716212929405,0.856716212929405,"gpath_trio"
"7018","LIN28B","Exc L3-4 RORB CUX2",0.000977306332129473,5.53473015951671,0.000971669131730192,0.975156596805305,0.986818873187856,0.986818873187856,"gpath_trio"
"7019","BVES","Exc L3-4 RORB CUX2",0.0489146186481045,2.1699332800013,0.658502608444954,0.417831313732303,0.566207320256372,0.566207320256372,"gpath_trio"
"7020","BVES-AS1","Exc L3-4 RORB CUX2",0.0970119551888175,2.59081998278312,3.10945751850614,0.0790134414818026,0.158932819730346,0.158932819730346,"gpath_trio"
"7021","POPDC3","Exc L3-4 RORB CUX2",-0.0262344674238046,3.71608334141409,0.593101753781174,0.441921342499971,0.588771935109895,0.588771935109895,"gpath_trio"
"7022","AL133406.3","Exc L3-4 RORB CUX2",-0.166629294017188,0.421140067279459,4.95526835343623,0.0268687512925716,0.0663903315771748,0.0663903315771748,"gpath_trio"
"7023","PREP","Exc L3-4 RORB CUX2",0.00720745860548064,6.92223008972746,0.0920823624686682,0.761789040244858,0.857844806554701,0.857844806554701,"gpath_trio"
"7024","Z97206.2","Exc L3-4 RORB CUX2",-0.16106115764547,-0.694002342474631,1.90997298982374,0.168152413398491,0.284890404796318,0.284890404796318,"gpath_trio"
"7025","AL591518.1","Exc L3-4 RORB CUX2",-0.308440761657201,1.60253248021383,21.2747051908102,6.25012672148438e-06,5.23221189236296e-05,5.23221189236296e-05,"gpath_trio"
"7026","ATG5","Exc L3-4 RORB CUX2",0.0304188672186226,6.47818534649643,2.73317272994831,0.099490728786073,0.190242064839274,0.190242064839274,"gpath_trio"
"7027","PRDM1","Exc L3-4 RORB CUX2",-0.390750585222416,-1.65260672538352,3.90693255619381,0.0491439527403516,0.108774464787339,0.108774464787339,"gpath_trio"
"7028","CRYBG1","Exc L3-4 RORB CUX2",-0.217974985920406,2.08540695410478,21.1336273644584,6.69018158806706e-06,5.54537442642781e-05,5.54537442642781e-05,"gpath_trio"
"7029","RTN4IP1","Exc L3-4 RORB CUX2",-0.0268338099916456,4.68895589744091,1.28691276469384,0.543319042565717,0.681725336386798,0.681725336386798,"gpath_trio"
"7030","QRSL1","Exc L3-4 RORB CUX2",-0.0139127805320426,4.28717354358635,0.315655287799583,0.870780787930487,0.930262239687455,0.930262239687455,"gpath_trio"
"7031","LINC02526","Exc L3-4 RORB CUX2",0.0221133329078755,-0.757090727910429,0.0292113261752788,0.864424936161949,0.926419781740139,0.926419781740139,"gpath_trio"
"7032","CD24","Exc L3-4 RORB CUX2",0.626301908197532,-1.32950495207534,6.19627820311838,0.0134277990810268,0.0378307284540867,0.0378307284540867,"gpath_trio"
"7033","C6orf203","Exc L3-4 RORB CUX2",-0.0454029377213104,4.15026000262684,3.46286261119714,0.0638902899217302,0.134185571431491,0.134185571431491,"gpath_trio"
"7034","BEND3","Exc L3-4 RORB CUX2",0.133779709800161,1.62041404975121,6.30494816783608,0.0126474131082494,0.0360092519699311,0.0360092519699311,"gpath_trio"
"7035","PDSS2","Exc L3-4 RORB CUX2",0.102189480586394,6.2257559399845,46.791188571626,5.63048740629359e-11,1.71076932864417e-09,1.71076932864417e-09,"gpath_trio"
"7036","SOBP","Exc L3-4 RORB CUX2",0.0417786911823861,8.08204084118909,5.85080776485249,0.0162570637085463,0.0442192165401899,0.0442192165401899,"gpath_trio"
"7037","SCML4","Exc L3-4 RORB CUX2",-0.027832713682855,1.17684511845535,0.109907348540264,0.740516698047864,0.841828161554947,0.841828161554947,"gpath_trio"
"7038","SEC63","Exc L3-4 RORB CUX2",0.0202686052161612,6.07967477275669,2.3255614630671,0.128479710099378,0.232244256899468,0.232244256899468,"gpath_trio"
"7039","AL024507.2","Exc L3-4 RORB CUX2",-0.0212852017516509,-0.116043117107488,0.0478779319810677,0.826969506989995,0.900969714316311,0.900969714316311,"gpath_trio"
"7040","OSTM1","Exc L3-4 RORB CUX2",-0.0215415659538795,5.34181613192952,1.47210531415966,0.226114895831504,0.356953679452315,0.356953679452315,"gpath_trio"
"7041","SNX3","Exc L3-4 RORB CUX2",-0.069371237701784,6.48018703456322,16.0925068199762,7.89072764374071e-05,0.000475778332972112,0.000475778332972112,"gpath_trio"
"7042","AFG1L","Exc L3-4 RORB CUX2",0.0670658450483706,6.11599634479498,10.7186575511762,0.00120445329835975,0.00496973009333835,0.00496973009333835,"gpath_trio"
"7043","FOXO3","Exc L3-4 RORB CUX2",0.0237636629552527,7.09439982824485,1.9389576965644,0.164971422281029,0.280584930409691,0.280584930409691,"gpath_trio"
"7044","LINC00222","Exc L3-4 RORB CUX2",0.221656507934976,1.9146752239521,18.4372376084417,2.48124812543856e-05,0.000173997848212454,0.000173997848212454,"gpath_trio"
"7045","ARMC2","Exc L3-4 RORB CUX2",0.0256482296682733,6.65772830586943,2.73851961986846,0.0991620304100107,0.189701684384787,0.189701684384787,"gpath_trio"
"7046","SESN1","Exc L3-4 RORB CUX2",0.0577473701508126,7.63028111784148,14.0729034017765,0.000216860588819227,0.00114593042939442,0.00114593042939442,"gpath_trio"
"7047","AL390208.1","Exc L3-4 RORB CUX2",-0.0216992079966565,0.131985512810104,0.0719995735132588,0.788660110505174,0.876361408319117,0.876361408319117,"gpath_trio"
"7048","CEP57L1","Exc L3-4 RORB CUX2",0.051174202596743,5.29985464068964,6.99995470019485,0.00864785415238391,0.0261967653940459,0.0261967653940459,"gpath_trio"
"7049","CD164","Exc L3-4 RORB CUX2",-0.0516959455785754,4.47321240060195,5.66990139610911,0.0179788560999228,0.0479772674607535,0.0479772674607535,"gpath_trio"
"7050","PPIL6","Exc L3-4 RORB CUX2",0.086597592384726,5.00576251656789,10.6780410883561,0.00123010959254151,0.00505641649379913,0.00505641649379913,"gpath_trio"
"7051","SMPD2","Exc L3-4 RORB CUX2",-0.036768847465312,1.69330395124812,0.511961512352314,0.474933002132247,0.619457804371483,0.619457804371483,"gpath_trio"
"7052","MICAL1","Exc L3-4 RORB CUX2",0.0112942995805435,4.87352216422294,0.183162207588406,0.669023931271775,0.786021302900539,0.786021302900539,"gpath_trio"
"7053","ZBTB24","Exc L3-4 RORB CUX2",0.00831141873946064,2.91412150600877,0.0425456524927637,0.836744577186798,0.907549155676773,0.907549155676773,"gpath_trio"
"7054","AL109947.1","Exc L3-4 RORB CUX2",-0.00542634989774519,-0.319224903438287,0.00302803272900346,0.956158763868764,0.978220236361679,0.978220236361679,"gpath_trio"
"7055","AK9","Exc L3-4 RORB CUX2",0.135504468008203,5.85963439608835,34.7284567170473,1.17064439033484e-08,2.00480602085069e-07,2.00480602085069e-07,"gpath_trio"
"7056","FIG4","Exc L3-4 RORB CUX2",0.106506117570944,6.37190206374318,47.3190550776561,4.48246983939534e-11,1.40173303187716e-09,1.40173303187716e-09,"gpath_trio"
"7057","AL512303.1","Exc L3-4 RORB CUX2",0.208474226317891,-0.364140940530621,5.1878022076865,0.023558130284226,0.0595969001234181,0.0595969001234181,"gpath_trio"
"7058","GPR6","Exc L3-4 RORB CUX2",0.141158720703973,2.33999899902461,4.28180682325399,0.0395104411458835,0.0913922437649851,0.0913922437649851,"gpath_trio"
"7059","WASF1","Exc L3-4 RORB CUX2",0.0290106776611904,7.88737850163616,4.35665710447237,0.0378384215298309,0.0881610336525256,0.0881610336525256,"gpath_trio"
"7060","CDC40","Exc L3-4 RORB CUX2",-0.0379035538950366,6.50252999784741,3.81003408848707,0.0520198381445588,0.113819400136961,0.113819400136961,"gpath_trio"
"7061","METTL24","Exc L3-4 RORB CUX2",0.0513896179358716,4.70624178008892,1.14166934628801,0.28629086112491,0.427972593597737,0.427972593597737,"gpath_trio"
"7062","SLC22A16","Exc L3-4 RORB CUX2",0.0653341422437508,-1.30464443053783,0.21652174231604,0.642092544321148,0.76380996943863,0.76380996943863,"gpath_trio"
"7063","CDK19","Exc L3-4 RORB CUX2",0.0258945528275929,7.03562654908523,2.06736164959468,0.151684096969252,0.263562712630666,0.263562712630666,"gpath_trio"
"7064","AMD1","Exc L3-4 RORB CUX2",-0.0608887426701494,5.9877978574799,9.54260555331478,0.00222534344247509,0.00836002570899337,0.00836002570899337,"gpath_trio"
"7065","GTF3C6","Exc L3-4 RORB CUX2",-0.184789010220251,2.79264225538946,24.7007699996131,1.21590974238713e-06,1.23893833599295e-05,1.23893833599295e-05,"gpath_trio"
"7066","RPF2","Exc L3-4 RORB CUX2",0.0125728200346074,4.50327868730502,0.293190039315232,0.588647150907023,0.720096451360389,0.720096451360389,"gpath_trio"
"7067","SLC16A10","Exc L3-4 RORB CUX2",0.0993021518133936,6.03998693726472,21.8225198984776,4.8012970947855e-06,4.14312099603497e-05,4.14312099603497e-05,"gpath_trio"
"7068","AL360227.1","Exc L3-4 RORB CUX2",-0.312624431821857,0.748660400842338,23.5203095770229,2.1304817348166e-06,2.02080249176892e-05,2.02080249176892e-05,"gpath_trio"
"7069","MFSD4B","Exc L3-4 RORB CUX2",0.0204127748682611,3.90008318523198,0.752825228490312,0.475975362251182,0.620376182790723,0.620376182790723,"gpath_trio"
"7070","AL080317.1","Exc L3-4 RORB CUX2",-0.0245728542255504,1.90318037159134,0.310557449569665,0.577817729105986,0.710951557279579,0.710951557279579,"gpath_trio"
"7071","AL080317.2","Exc L3-4 RORB CUX2",0.121955256071171,1.77732659059842,5.477415866966,0.0200203047019835,0.0523857737441246,0.0523857737441246,"gpath_trio"
"7072","REV3L","Exc L3-4 RORB CUX2",0.0738788410022314,7.11186450131104,21.0255236567568,7.04848335682486e-06,5.79474945900332e-05,5.79474945900332e-05,"gpath_trio"
"7073","AL080317.3","Exc L3-4 RORB CUX2",0.0628118202976214,1.606644113979,1.63709848064349,0.2056212448983,0.332644424330303,0.332644424330303,"gpath_trio"
"7074","TRAF3IP2-AS1","Exc L3-4 RORB CUX2",0.144042615499755,7.21720679515234,86.1673359406437,6.76753140455521e-18,1.11913890235165e-15,1.11913890235165e-15,"gpath_trio"
"7075","TRAF3IP2","Exc L3-4 RORB CUX2",-0.175902094041897,2.26655529451145,14.1812364219495,0.000205337262060868,0.00109144493556508,0.00109144493556508,"gpath_trio"
"7076","Z97989.1","Exc L3-4 RORB CUX2",-0.0209473395224961,1.07578693748382,0.0930962946369528,0.804608264049681,0.88695070086342,0.88695070086342,"gpath_trio"
"7077","FYN","Exc L3-4 RORB CUX2",0.0396894364885944,7.24119374282471,6.89329998835646,0.00916460970477492,0.0275020081502059,0.0275020081502059,"gpath_trio"
"7078","TUBE1","Exc L3-4 RORB CUX2",0.0540122589312239,5.26980125520412,5.87797642756625,0.0160136624973339,0.0436706732743594,0.0436706732743594,"gpath_trio"
"7079","FAM229B","Exc L3-4 RORB CUX2",0.0367721064059928,4.04733168534618,1.62998807508794,0.244801113689955,0.379562132546483,0.379562132546483,"gpath_trio"
"7080","LAMA4","Exc L3-4 RORB CUX2",0.100977476174316,4.64448986169357,6.20131548750308,0.0133905459705829,0.0377574094977652,0.0377574094977652,"gpath_trio"
"7081","AL513123.1","Exc L3-4 RORB CUX2",-0.0503126855348377,0.302961864131952,0.346020718363935,0.799179955101607,0.882751469705717,0.882751469705717,"gpath_trio"
"7082","FO393415.3","Exc L3-4 RORB CUX2",-0.00899317376589295,-1.43175224779359,0.00237935785610434,0.961133135460056,0.98004163727146,0.98004163727146,"gpath_trio"
"7083","MARCKS","Exc L3-4 RORB CUX2",-0.042504986273046,5.72196013137457,1.99585343467529,0.158926082498028,0.273166650854384,0.273166650854384,"gpath_trio"
"7084","FO393415.1","Exc L3-4 RORB CUX2",0.0416786002101923,1.06792386866976,0.392950964171618,0.531302334400368,0.67111348588326,0.67111348588326,"gpath_trio"
"7085","HDAC2","Exc L3-4 RORB CUX2",0.0050803333482563,5.055866303031,0.0905764477150242,0.763686125195605,0.859162860414952,0.859162860414952,"gpath_trio"
"7086","HDAC2-AS2","Exc L3-4 RORB CUX2",0.133632422932424,4.47472273497196,12.53611727198,0.000472836829851569,0.0022351178636962,0.0022351178636962,"gpath_trio"
"7087","HS3ST5","Exc L3-4 RORB CUX2",0.306196701446568,5.42504405381638,38.3655118841081,2.28060287961671e-09,4.64759223194618e-08,4.64759223194618e-08,"gpath_trio"
"7088","FRK","Exc L3-4 RORB CUX2",0.154074364001498,2.19406064667027,7.62652376354219,0.0061616590584028,0.0198263909893583,0.0198263909893583,"gpath_trio"
"7089","NT5DC1","Exc L3-4 RORB CUX2",0.0920641841281883,6.00531617408728,13.4674898193111,0.00029448049681264,0.00149087679377541,0.00149087679377541,"gpath_trio"
"7090","COL10A1","Exc L3-4 RORB CUX2",0.174421161698346,4.07322609866822,12.1052602761394,0.000589364734772957,0.0026974667704275,0.0026974667704275,"gpath_trio"
"7091","TSPYL4","Exc L3-4 RORB CUX2",-0.0574948429180361,5.70997823192725,3.13091762371201,0.07799264140499,0.157350154034567,0.157350154034567,"gpath_trio"
"7092","DSE","Exc L3-4 RORB CUX2",0.1268839643499,5.99190466798407,16.5121374257582,6.40687750698405e-05,0.000398489450689188,0.000398489450689188,"gpath_trio"
"7093","TSPYL1","Exc L3-4 RORB CUX2",-0.0819712339182633,7.24174394876871,6.51151851139293,0.0112906457816509,0.0326906972796794,0.0326906972796794,"gpath_trio"
"7094","Z84488.2","Exc L3-4 RORB CUX2",0.172890016339629,0.876126332486867,6.06828255702664,0.014411286512359,0.0401141977630853,0.0401141977630853,"gpath_trio"
"7095","TRAPPC3L","Exc L3-4 RORB CUX2",-0.0517626034079542,-1.37101837183235,0.110948059178846,0.739335783226387,0.84091213364485,0.84091213364485,"gpath_trio"
"7096","CALHM4","Exc L3-4 RORB CUX2",-0.1244744367426,-1.43207219655969,0.534593160406137,0.465340571009966,0.610770379806925,0.610770379806925,"gpath_trio"
"7097","RWDD1","Exc L3-4 RORB CUX2",-0.117918415752204,4.51654075483155,27.8778339241004,2.73011955817523e-07,3.2844461589854e-06,3.2844461589854e-06,"gpath_trio"
"7098","RSPH4A","Exc L3-4 RORB CUX2",-0.0626033503121144,-0.438463596674545,0.342759963702526,0.558748217477036,0.694990461627571,0.694990461627571,"gpath_trio"
"7099","ZUP1","Exc L3-4 RORB CUX2",-0.0511345447203872,4.52030777627623,6.33285241137603,0.0124547010699215,0.0355659722697332,0.0355659722697332,"gpath_trio"
"7100","KPNA5","Exc L3-4 RORB CUX2",0.0197866874135577,6.20807260397695,1.74005959782621,0.188291799157969,0.310866370541082,0.310866370541082,"gpath_trio"
"7101","FAM162B","Exc L3-4 RORB CUX2",0.0353101004279292,5.19493008146405,0.999988256241287,0.318243081641281,0.463568940968867,0.463568940968867,"gpath_trio"
"7102","RFX6","Exc L3-4 RORB CUX2",-0.0663330443716678,0.317573180514421,0.641923256751168,0.423746767862503,0.571998597726883,0.571998597726883,"gpath_trio"
"7103","ROS1","Exc L3-4 RORB CUX2",0.0963489164446591,3.60713093153201,3.15032316789213,0.0770818570906596,0.155918033567682,0.155918033567682,"gpath_trio"
"7104","AL132671.2","Exc L3-4 RORB CUX2",-0.060452581042405,1.82148763274475,1.57361636241108,0.210809117696089,0.338971383559305,0.338971383559305,"gpath_trio"
"7105","DCBLD1","Exc L3-4 RORB CUX2",0.0195192079658515,5.03589268310037,0.657242656401157,0.41827651063217,0.566585779643079,0.566585779643079,"gpath_trio"
"7106","GOPC","Exc L3-4 RORB CUX2",0.0366894550771427,5.46838457611291,2.93284474153796,0.0879866216797704,0.172913509876229,0.172913509876229,"gpath_trio"
"7107","NUS1","Exc L3-4 RORB CUX2",0.0328197984006307,5.28102798832544,2.30124907320483,0.130484871377172,0.234977947823104,0.234977947823104,"gpath_trio"
"7108","SLC35F1","Exc L3-4 RORB CUX2",0.305757726084549,6.96672450720736,55.8754537663737,1.18093977646775e-12,5.46455504363228e-11,5.46455504363228e-11,"gpath_trio"
"7109","CEP85L","Exc L3-4 RORB CUX2",0.0470320485013648,6.81877147050125,6.99912530688861,0.00865175463057318,0.0262046464002123,0.0262046464002123,"gpath_trio"
"7110","PLN","Exc L3-4 RORB CUX2",-0.302329363200619,-0.143222797270915,10.4502268377423,0.00138469990079337,0.00558734102793011,0.00558734102793011,"gpath_trio"
"7111","MCM9","Exc L3-4 RORB CUX2",0.114814712896046,4.28971362347776,18.9929480349248,1.89076726581159e-05,0.000137463890406302,0.000137463890406302,"gpath_trio"
"7112","ASF1A","Exc L3-4 RORB CUX2",-0.0361709755474168,2.72091513747751,1.0299230078564,0.311120183600616,0.455636592925553,0.455636592925553,"gpath_trio"
"7113","AL365275.1","Exc L3-4 RORB CUX2",0.0391643604779395,1.83257697894986,0.354270156162926,0.552223467451975,0.689742518964084,0.689742518964084,"gpath_trio"
"7114","FAM184A","Exc L3-4 RORB CUX2",0.0414686576287272,5.84345396109661,3.68449048191037,0.0560151097953172,0.120586061547058,0.120586061547058,"gpath_trio"
"7115","MAN1A1","Exc L3-4 RORB CUX2",0.0797186727273622,6.64204850435153,3.95555161949418,0.047765079333808,0.106235307635275,0.106235307635275,"gpath_trio"
"7116","TBC1D32","Exc L3-4 RORB CUX2",0.0815570396552181,7.07056440997644,12.4419869216957,0.000496116129947251,0.00232554435912774,0.00232554435912774,"gpath_trio"
"7117","HSF2","Exc L3-4 RORB CUX2",-0.0101726848575397,5.09089052251605,0.360340225598508,0.548840181326937,0.687031178349391,0.687031178349391,"gpath_trio"
"7118","SERINC1","Exc L3-4 RORB CUX2",-0.09916017720958,7.32841239147604,21.5423539705643,5.49402307973439e-06,4.668993918856e-05,4.668993918856e-05,"gpath_trio"
"7119","PKIB","Exc L3-4 RORB CUX2",-0.199344287188469,2.43686191172814,3.90696074883544,0.0491431410337543,0.108774464787339,0.108774464787339,"gpath_trio"
"7120","FABP7","Exc L3-4 RORB CUX2",-0.143559944364214,3.35928871884274,4.67059236171673,0.0315964831801836,0.0758970172830341,0.0758970172830341,"gpath_trio"
"7121","SMPDL3A","Exc L3-4 RORB CUX2",-0.0475491090496525,3.00182901705434,1.8163366831229,0.194656378916751,0.3187138812405,0.3187138812405,"gpath_trio"
"7122","CLVS2","Exc L3-4 RORB CUX2",0.0789127095059593,7.22339507717317,21.6053740484392,5.3298726202101e-06,4.54865398108032e-05,4.54865398108032e-05,"gpath_trio"
"7123","TRDN","Exc L3-4 RORB CUX2",0.0501740434987449,0.105483729729776,0.334430861423776,0.745106110517722,0.844808125193607,0.844808125193607,"gpath_trio"
"7124","TRDN-AS1","Exc L3-4 RORB CUX2",-0.157479632067898,0.748304611975007,6.77177956938987,0.00979237596276543,0.0290959035417957,0.0290959035417957,"gpath_trio"
"7125","NKAIN2","Exc L3-4 RORB CUX2",0.136275759927996,10.4792652952705,33.3464840571049,2.19343199628516e-08,3.48994404771712e-07,3.48994404771712e-07,"gpath_trio"
"7126","RNF217-AS1","Exc L3-4 RORB CUX2",-0.00356978579539753,2.81318429382999,0.00777106695731943,0.929822409252718,0.965524067459652,0.965524067459652,"gpath_trio"
"7127","RNF217","Exc L3-4 RORB CUX2",0.089987742726219,5.64743825964758,26.7762141932795,4.57112415758195e-07,5.1549709267309e-06,5.1549709267309e-06,"gpath_trio"
"7128","TPD52L1","Exc L3-4 RORB CUX2",-0.0979402490867158,3.58873742526861,1.85153309130619,0.174783513445519,0.293659009307407,0.293659009307407,"gpath_trio"
"7129","HDDC2","Exc L3-4 RORB CUX2",-0.174348361311001,4.05451104372761,19.5907111589989,1.4128579310782e-05,0.000107240063053058,0.000107240063053058,"gpath_trio"
"7130","AL450332.1","Exc L3-4 RORB CUX2",-0.160449623293435,0.734541639942656,4.1286490981702,0.0431796889044745,0.0980031751206855,0.0980031751206855,"gpath_trio"
"7131","NCOA7","Exc L3-4 RORB CUX2",-0.0105863414124736,7.38341801853036,0.624521870192057,0.430092044364554,0.577909516596963,0.577909516596963,"gpath_trio"
"7132","NCOA7-AS1","Exc L3-4 RORB CUX2",-0.341100345949965,1.11576359321173,27.6141024508972,3.08792396763006e-07,3.66895559758165e-06,3.66895559758165e-06,"gpath_trio"
"7133","HINT3","Exc L3-4 RORB CUX2",0.0150372108600295,5.16202594767831,0.572162464324909,0.831791935974572,0.903986274527839,0.903986274527839,"gpath_trio"
"7134","TRMT11","Exc L3-4 RORB CUX2",0.0392388607139137,5.68600665743139,4.0387875389182,0.0454988897032539,0.102300937434357,0.102300937434357,"gpath_trio"
"7135","AC020559.1","Exc L3-4 RORB CUX2",0.176241610278015,3.87773609157535,27.9574523755551,2.63055668419224e-07,3.17983709428271e-06,3.17983709428271e-06,"gpath_trio"
"7136","CENPW","Exc L3-4 RORB CUX2",-0.0164385337085925,1.04671021830218,0.0678169096430322,0.794748402831129,0.880258294248471,0.880258294248471,"gpath_trio"
"7137","RSPO3","Exc L3-4 RORB CUX2",-0.577019888556502,-1.65929558925906,3.52927234787878,0.0614173786159284,0.130088778328226,0.130088778328226,"gpath_trio"
"7138","RNF146","Exc L3-4 RORB CUX2",-0.0347693994041989,5.42133306803917,2.52989991602665,0.112922403537724,0.209979757116067,0.209979757116067,"gpath_trio"
"7139","ECHDC1","Exc L3-4 RORB CUX2",0.011480708040472,5.39151514325987,0.307158975971476,0.579905164996956,0.712477114902478,0.712477114902478,"gpath_trio"
"7140","AL096711.2","Exc L3-4 RORB CUX2",0.071539420433563,4.83628247294737,12.2324659436401,0.000552206150420222,0.00255229303201099,0.00255229303201099,"gpath_trio"
"7141","C6orf58","Exc L3-4 RORB CUX2",0.00985492936623721,-0.0521836818190441,0.010989550908776,0.916590687317427,0.957798576507437,0.957798576507437,"gpath_trio"
"7142","THEMIS","Exc L3-4 RORB CUX2",-0.01241805221375,0.340449204653746,6.66033958172193e-06,0.997942829989177,0.999007436259013,0.999007436259013,"gpath_trio"
"7143","PTPRK","Exc L3-4 RORB CUX2",0.122895508075056,10.2938884470073,18.9008199828843,1.97778637629036e-05,0.000142812598932205,0.000142812598932205,"gpath_trio"
"7144","AL590006.1","Exc L3-4 RORB CUX2",-0.154622612804791,2.35998288274544,8.14724948240686,0.00466010811863895,0.0156305372059087,0.0156305372059087,"gpath_trio"
"7145","LAMA2","Exc L3-4 RORB CUX2",0.162621353583037,9.14818062095767,10.8606613664706,0.00111896086029878,0.00466426350341484,0.00466426350341484,"gpath_trio"
"7146","AL356124.1","Exc L3-4 RORB CUX2",0.147401339143637,3.23499937170072,11.7138505357716,0.000720455885970841,0.00320370233622696,0.00320370233622696,"gpath_trio"
"7147","ARHGAP18","Exc L3-4 RORB CUX2",0.141613467928321,3.59948231482749,5.61635997849795,0.0185239814377777,0.0491479912555451,0.0491479912555451,"gpath_trio"
"7148","TMEM244","Exc L3-4 RORB CUX2",0.0451105761408856,1.95729391816118,0.360068559497332,0.548990769049024,0.68717513125475,0.68717513125475,"gpath_trio"
"7149","L3MBTL3","Exc L3-4 RORB CUX2",0.029266354752544,4.98288684866966,0.946914214561638,0.331410418051399,0.477820120942402,0.477820120942402,"gpath_trio"
"7150","AL355581.1","Exc L3-4 RORB CUX2",-0.220098702077113,-0.523398543401712,4.17093168960737,0.0421320400318242,0.0960921104379964,0.0960921104379964,"gpath_trio"
"7151","SAMD3","Exc L3-4 RORB CUX2",0.0692073186868673,3.29138640869813,0.949602715102312,0.330726172755685,0.47707711535435,0.47707711535435,"gpath_trio"
"7152","TMEM200A","Exc L3-4 RORB CUX2",0.0186124943019987,2.0158124060724,0.0771573037847502,0.781408101800661,0.871760033943172,0.871760033943172,"gpath_trio"
"7153","EPB41L2","Exc L3-4 RORB CUX2",0.0620690034305758,8.53776605851883,12.2377467155494,0.000550716110350106,0.0025471567002094,0.0025471567002094,"gpath_trio"
"7154","AKAP7","Exc L3-4 RORB CUX2",0.0622374392769104,5.40169440059908,7.82201769037457,0.0055469271620954,0.0181818449220592,0.0181818449220592,"gpath_trio"
"7155","ARG1","Exc L3-4 RORB CUX2",-0.0252728166347351,-0.534384943736276,0.050246069486103,0.822811685669442,0.898475089758659,0.898475089758659,"gpath_trio"
"7156","MED23","Exc L3-4 RORB CUX2",-0.00498933973592088,5.90645206520509,0.0726162854707853,0.787778608580781,0.87576776659231,0.87576776659231,"gpath_trio"
"7157","ENPP3","Exc L3-4 RORB CUX2",-0.00629517022283891,1.61984697634071,0.0124197383063128,0.911350347132656,0.954735655551373,0.954735655551373,"gpath_trio"
"7158","ENPP1","Exc L3-4 RORB CUX2",0.0383754229647841,1.57222255756169,0.410693411688095,0.559315249809574,0.695414238752983,0.695414238752983,"gpath_trio"
"7159","AL133346.1","Exc L3-4 RORB CUX2",-0.318196119911837,-1.72211795496393,0.771848420471016,0.380460119493257,0.528635186692594,0.528635186692594,"gpath_trio"
"7160","MOXD1","Exc L3-4 RORB CUX2",-0.0664775427591529,4.77842175266107,1.36436037873243,0.243853153603864,0.378354023991229,0.378354023991229,"gpath_trio"
"7161","STX7","Exc L3-4 RORB CUX2",-0.00134323423868931,6.25287934528327,0.00918248734917501,0.923733140811923,0.961378184982231,0.961378184982231,"gpath_trio"
"7162","SLC18B1","Exc L3-4 RORB CUX2",0.0146179230731673,4.36943463593452,0.251234874206971,0.616630995587239,0.742980948393107,0.742980948393107,"gpath_trio"
"7163","RPS12","Exc L3-4 RORB CUX2",-0.296158116702863,3.36390595124284,43.5380763549596,2.31803097618061e-10,5.98034206450689e-09,5.98034206450689e-09,"gpath_trio"
"7164","LINC00326","Exc L3-4 RORB CUX2",0.178060980717132,4.19732140647958,3.44938909320747,0.0644058375111006,0.13498730228407,0.13498730228407,"gpath_trio"
"7165","EYA4","Exc L3-4 RORB CUX2",0.0869451110651423,1.69077981213708,0.998531203809736,0.318595229451741,0.463956890009303,0.463956890009303,"gpath_trio"
"7166","TARID","Exc L3-4 RORB CUX2",-0.0351024227406705,1.26360297967765,0.28631226303467,0.601932545665108,0.730967730094023,0.730967730094023,"gpath_trio"
"7167","TBPL1","Exc L3-4 RORB CUX2",0.00617597963575358,5.37625184441263,0.123677217324475,0.725364808686225,0.830012933508259,0.830012933508259,"gpath_trio"
"7168","SLC2A12","Exc L3-4 RORB CUX2",0.1889837086097,3.86308060163961,14.1593274704092,0.000207616490928226,0.00110112058477312,0.00110112058477312,"gpath_trio"
"7169","SGK1","Exc L3-4 RORB CUX2",0.135327171782356,4.83645371755473,7.76863599391599,0.00570825696899194,0.0186168904541565,0.0186168904541565,"gpath_trio"
"7170","AL078590.3","Exc L3-4 RORB CUX2",-1.58153141121806,-1.16506425795924,35.7812174123453,7.27324912819849e-09,1.31367771854436e-07,1.31367771854436e-07,"gpath_trio"
"7171","ALDH8A1","Exc L3-4 RORB CUX2",0.038739531356142,4.18055291162977,0.81289359756244,0.368100548784589,0.516522366960772,0.516522366960772,"gpath_trio"
"7172","HBS1L","Exc L3-4 RORB CUX2",-0.00763317637451718,5.87566062940814,0.163956423717584,0.685872681099642,0.799207655145274,0.799207655145274,"gpath_trio"
"7173","MYB","Exc L3-4 RORB CUX2",-0.069285924861099,-0.477219625636649,0.368406930732542,0.544403559871502,0.68278887357998,0.68278887357998,"gpath_trio"
"7174","AHI1","Exc L3-4 RORB CUX2",-0.0670346733428032,9.5164452129972,7.84548690293398,0.00547748739416275,0.0179863782840549,0.0179863782840549,"gpath_trio"
"7175","AL049552.1","Exc L3-4 RORB CUX2",-0.265406535975224,0.847705959678155,11.6638283952476,0.000739224523610832,0.00327345363561206,0.00327345363561206,"gpath_trio"
"7176","LINC00271","Exc L3-4 RORB CUX2",0.0241230870742453,3.80174383021503,0.270654688823388,0.603335624437642,0.731904858767998,0.731904858767998,"gpath_trio"
"7177","PDE7B","Exc L3-4 RORB CUX2",0.0149534720931183,7.74270274355228,0.134699244368062,0.713907129135113,0.821436998420264,0.821436998420264,"gpath_trio"
"7178","AL138828.1","Exc L3-4 RORB CUX2",-0.384626779709746,4.19270840030819,60.4869699146748,1.73944065882275e-13,9.74811535881916e-12,9.74811535881916e-12,"gpath_trio"
"7179","MTFR2","Exc L3-4 RORB CUX2",0.106218648803731,-1.22754657676132,0.555589820242911,0.45671592040311,0.602456090199329,0.602456090199329,"gpath_trio"
"7180","BCLAF1","Exc L3-4 RORB CUX2",-0.0170355539631487,6.59740716591301,1.07449762449957,0.300894818026579,0.444371052901416,0.444371052901416,"gpath_trio"
"7181","AL023284.4","Exc L3-4 RORB CUX2",0.0765636170549207,3.59551562976831,5.27725573052636,0.0224006512150243,0.0573592001856981,0.0573592001856981,"gpath_trio"
"7182","MAP7","Exc L3-4 RORB CUX2",0.097267968310474,8.56970670129532,48.7820102147398,2.38813747897279e-11,8.16621587089424e-10,8.16621587089424e-10,"gpath_trio"
"7183","AL024508.2","Exc L3-4 RORB CUX2",-0.195887009868426,1.48319011839795,8.75246378422671,0.0303828705291611,0.0735069448286156,0.0735069448286156,"gpath_trio"
"7184","MAP3K5","Exc L3-4 RORB CUX2",0.0661700006120412,8.24697581571453,14.8228853460437,0.000148731694551567,0.000822002907780471,0.000822002907780471,"gpath_trio"
"7185","AL024508.1","Exc L3-4 RORB CUX2",-0.341335122938319,1.73298931748664,35.8492575677711,7.05342674205735e-09,1.27625905400006e-07,1.27625905400006e-07,"gpath_trio"
"7186","PEX7","Exc L3-4 RORB CUX2",-0.0231651226546655,4.12133773103445,0.853387081597437,0.356452415333562,0.504184069754923,0.504184069754923,"gpath_trio"
"7187","IFNGR1","Exc L3-4 RORB CUX2",-0.0732040514480092,4.44595286513662,9.49699717656482,0.00227931587586391,0.0085363277882967,0.0085363277882967,"gpath_trio"
"7188","AL356234.2","Exc L3-4 RORB CUX2",-0.22864780905289,-0.633601939123489,5.17541579975661,0.0237232558900946,0.0599094614573362,0.0599094614573362,"gpath_trio"
"7189","AL357060.1","Exc L3-4 RORB CUX2",0.18271169176991,-0.646857781379039,1.62968534843371,0.202885580169665,0.329327908916485,0.329327908916485,"gpath_trio"
"7190","PERP","Exc L3-4 RORB CUX2",-0.0844076677077375,0.695869625822986,1.33418008537388,0.249123350629246,0.384932495898372,0.384932495898372,"gpath_trio"
"7191","ARFGEF3","Exc L3-4 RORB CUX2",0.0231906878943504,7.76146471260931,1.71972834028344,0.190884875729787,0.314068045004767,0.314068045004767,"gpath_trio"
"7192","HEBP2","Exc L3-4 RORB CUX2",0.0594990558867907,1.8863121868634,1.08882306987974,0.495344186345814,0.638852455381116,0.638852455381116,"gpath_trio"
"7193","NHSL1","Exc L3-4 RORB CUX2",-1.20900408477634,-1.27355564479564,24.3791702565428,1.41618327508441e-06,1.42076069491935e-05,1.42076069491935e-05,"gpath_trio"
"7194","GVQW2","Exc L3-4 RORB CUX2",0.0614091024667196,1.99614239858644,1.52125347076327,0.218543757973331,0.348326774933794,0.348326774933794,"gpath_trio"
"7195","CCDC28A","Exc L3-4 RORB CUX2",-0.0366947232014255,4.68137544430429,1.84746982282287,0.175255695249666,0.294231809242075,0.294231809242075,"gpath_trio"
"7196","ECT2L","Exc L3-4 RORB CUX2",-0.0903873950240955,2.62797676927297,3.7086161881087,0.0552226644786129,0.119258965516593,0.119258965516593,"gpath_trio"
"7197","REPS1","Exc L3-4 RORB CUX2",0.0105075460279515,6.94131074107498,0.575020248825823,0.897180844353787,0.946784367341649,0.946784367341649,"gpath_trio"
"7198","ABRACL","Exc L3-4 RORB CUX2",-0.237345161651642,3.30161638063373,44.5381606249866,1.49758527050885e-10,4.03388288818638e-09,4.03388288818638e-09,"gpath_trio"
"7199","HECA","Exc L3-4 RORB CUX2",-0.0544637371331489,4.26645711029283,4.87701083672943,0.028089486096318,0.0687498946977091,0.0687498946977091,"gpath_trio"
"7200","AL031772.1","Exc L3-4 RORB CUX2",-0.0568750977389976,3.69923697185572,2.39672100647532,0.122806161203375,0.224218488893945,0.224218488893945,"gpath_trio"
"7201","TXLNB","Exc L3-4 RORB CUX2",0.0182931299029094,2.60368180652456,0.128525560318985,0.720256624674374,0.826574368760267,0.826574368760267,"gpath_trio"
"7202","AL158850.1","Exc L3-4 RORB CUX2",-0.124758870722437,-0.429248001641584,1.66217491506306,0.198455683348251,0.323613691375833,0.323613691375833,"gpath_trio"
"7203","CITED2","Exc L3-4 RORB CUX2",-0.183488434892118,3.81328865713622,15.4811292433334,0.000106999111689738,0.000618540710126207,0.000618540710126207,"gpath_trio"
"7204","FILNC1","Exc L3-4 RORB CUX2",-0.0595370184784777,-0.416311068594968,0.39087562610322,0.532387812236692,0.671895665699691,0.671895665699691,"gpath_trio"
"7205","AL050338.1","Exc L3-4 RORB CUX2",-0.284600022515227,-0.506398508435191,7.78898529733871,0.00564619664174971,0.0184472902424778,0.0184472902424778,"gpath_trio"
"7206","NMBR","Exc L3-4 RORB CUX2",-0.0952566329981951,0.337048606408739,1.43083488228168,0.311001550494192,0.455528988036905,0.455528988036905,"gpath_trio"
"7207","VTA1","Exc L3-4 RORB CUX2",-0.0158413828760071,5.46407412621731,0.70532924235467,0.584030425801266,0.716478853988695,0.716478853988695,"gpath_trio"
"7208","AL359313.1","Exc L3-4 RORB CUX2",-0.00358208182652371,-0.709498031063935,0.000622027479581476,0.980121570368419,0.98976553589035,0.98976553589035,"gpath_trio"
"7209","HIVEP2","Exc L3-4 RORB CUX2",0.0706285313392119,7.74231376890865,13.6708515020777,0.000265677168069173,0.00136700761688232,0.00136700761688232,"gpath_trio"
"7210","AL023584.2","Exc L3-4 RORB CUX2",-0.510294439319156,-0.620445059733179,16.3970164058651,6.78330459682543e-05,0.000417872275544895,0.000417872275544895,"gpath_trio"
"7211","AL355304.1","Exc L3-4 RORB CUX2",-0.0964530414846352,0.737915592771683,2.08110110510013,0.150336116101319,0.261829345851529,0.261829345851529,"gpath_trio"
"7212","LINC01277","Exc L3-4 RORB CUX2",0.0536177837261807,3.71911882644332,2.28382197576861,0.131943755231189,0.23720952252622,0.23720952252622,"gpath_trio"
"7213","AL023581.2","Exc L3-4 RORB CUX2",0.114900634865641,0.561748603237799,3.12104606238746,0.0805285767304388,0.161243649957519,0.161243649957519,"gpath_trio"
"7214","AIG1","Exc L3-4 RORB CUX2",0.0530417680327289,7.69678248946651,10.0181926206132,0.00173453937591157,0.00675696696447499,0.00675696696447499,"gpath_trio"
"7215","AL023581.1","Exc L3-4 RORB CUX2",-0.561897425601636,0.263121916399629,37.2981544927289,3.6765958564055e-09,7.18753114369971e-08,7.18753114369971e-08,"gpath_trio"
"7216","ADAT2","Exc L3-4 RORB CUX2",-0.0278271118851363,3.08701179092496,0.559126476157028,0.455288162110758,0.601219967966,0.601219967966,"gpath_trio"
"7217","PEX3","Exc L3-4 RORB CUX2",0.0560487988631156,5.7284445923882,6.75525065788063,0.00988112720041162,0.0293078125945758,0.0293078125945758,"gpath_trio"
"7218","FUCA2","Exc L3-4 RORB CUX2",-0.0688747238081935,3.03230120506743,4.37105929549916,0.0375253544475918,0.0876040298519053,0.0876040298519053,"gpath_trio"
"7219","PHACTR2","Exc L3-4 RORB CUX2",0.22272752806133,5.77926472435348,34.4933376486288,1.30229644220257e-08,2.20788493457453e-07,2.20788493457453e-07,"gpath_trio"
"7220","PHACTR2-AS1","Exc L3-4 RORB CUX2",-0.117688069283825,-0.722033357270049,1.01013024074569,0.375997791392319,0.524240182539049,0.524240182539049,"gpath_trio"
"7221","AL049844.1","Exc L3-4 RORB CUX2",0.0611937098911577,-0.881525478325998,0.284300542969095,0.594351701398156,0.72457825703715,0.72457825703715,"gpath_trio"
"7222","LTV1","Exc L3-4 RORB CUX2",0.125351343741286,1.16168051986672,4.98266137395586,0.0504388501355479,0.111031511345846,0.111031511345846,"gpath_trio"
"7223","PLAGL1","Exc L3-4 RORB CUX2",0.21293612401712,4.69083655832533,16.4520313141008,6.60069747976631e-05,0.000408619428211983,0.000408619428211983,"gpath_trio"
"7224","SF3B5","Exc L3-4 RORB CUX2",-0.195099208436444,2.95080636847535,29.0384918360882,1.59059567749386e-07,2.03877177849039e-06,2.03877177849039e-06,"gpath_trio"
"7225","UTRN","Exc L3-4 RORB CUX2",0.180489498201427,5.73879800379415,14.6246123727517,0.000164291328333309,0.000895347798250813,0.000895347798250813,"gpath_trio"
"7226","EPM2A","Exc L3-4 RORB CUX2",0.0585306282678059,4.99013525667991,4.48870811742987,0.0350679311972385,0.082854609662055,0.082854609662055,"gpath_trio"
"7227","FBXO30","Exc L3-4 RORB CUX2",0.0777686316155375,3.02731839488446,5.05576367584868,0.0253820027411307,0.0634314263969171,0.0634314263969171,"gpath_trio"
"7228","AL356599.1","Exc L3-4 RORB CUX2",-0.0370279669040037,4.7149955220308,0.973231642055674,0.32479267158182,0.470367679934191,0.470367679934191,"gpath_trio"
"7229","SHPRH","Exc L3-4 RORB CUX2",0.0657721692075254,7.23334070643322,24.2217897374737,1.52602849566803e-06,1.5158850270853e-05,1.5158850270853e-05,"gpath_trio"
"7230","GRM1","Exc L3-4 RORB CUX2",0.150768462994809,7.51321016460026,23.7239657826761,1.93354038305297e-06,1.85710784333144e-05,1.85710784333144e-05,"gpath_trio"
"7231","RAB32","Exc L3-4 RORB CUX2",-0.0709487726967466,1.74007600435964,1.81170538251368,0.179476189703939,0.299870155468072,0.299870155468072,"gpath_trio"
"7232","ADGB","Exc L3-4 RORB CUX2",-0.0865116208969894,0.160936163617179,1.01113933950156,0.315564927016438,0.460574578785838,0.460574578785838,"gpath_trio"
"7233","STXBP5-AS1","Exc L3-4 RORB CUX2",0.0251720725976426,8.03049150812749,0.744105665794028,0.389143786972117,0.537002455688267,0.537002455688267,"gpath_trio"
"7234","STXBP5","Exc L3-4 RORB CUX2",0.112647389763603,8.73032636678693,68.9426695304487,5.59988341300523e-15,4.55555031682986e-13,4.55555031682986e-13,"gpath_trio"
"7235","SAMD5","Exc L3-4 RORB CUX2",0.298210234066494,3.42690678636519,9.63220103430139,0.00212308601358466,0.0080287273334715,0.0080287273334715,"gpath_trio"
"7236","AL033504.1","Exc L3-4 RORB CUX2",0.216695579482352,3.31905113960021,5.5862628152341,0.0188379293885577,0.0498421985040848,0.0498421985040848,"gpath_trio"
"7237","AL513164.1","Exc L3-4 RORB CUX2",-0.202717754027064,0.260777885449153,5.58203382824916,0.018882483890148,0.0499286749441688,0.0499286749441688,"gpath_trio"
"7238","SASH1","Exc L3-4 RORB CUX2",0.109449560617736,5.25686471528034,3.3661136904159,0.0676930564062649,0.140548256971946,0.140548256971946,"gpath_trio"
"7239","UST","Exc L3-4 RORB CUX2",-0.00335086264893971,4.07752061527255,0.00281803694203499,0.957704798166262,0.97890841539185,0.97890841539185,"gpath_trio"
"7240","TAB2","Exc L3-4 RORB CUX2",0.0819380301653328,6.60866510133408,29.1732732931295,1.49414825797679e-07,1.9298617864713e-06,1.9298617864713e-06,"gpath_trio"
"7241","ZC3H12D","Exc L3-4 RORB CUX2",0.105985800030705,1.07243278666045,2.52199839972661,0.113483498261357,0.210722478370507,0.210722478370507,"gpath_trio"
"7242","PPIL4","Exc L3-4 RORB CUX2",0.0136698817961189,5.26195901772746,0.617826175834013,0.806364408716364,0.888110161909195,0.888110161909195,"gpath_trio"
"7243","GINM1","Exc L3-4 RORB CUX2",0.0184329949763771,4.86291536973216,0.932841174863794,0.335023211982252,0.481485489510039,0.481485489510039,"gpath_trio"
"7244","AL078581.3","Exc L3-4 RORB CUX2",-0.332373836799532,0.942750097418803,23.3170930749501,2.3472236227123e-06,2.20052214629278e-05,2.20052214629278e-05,"gpath_trio"
"7245","KATNA1","Exc L3-4 RORB CUX2",0.0414404565237606,3.64925351516587,2.35008304470756,0.126492174030209,0.22939142571321,0.22939142571321,"gpath_trio"
"7246","LATS1","Exc L3-4 RORB CUX2",0.0582392446275904,6.01813890402368,10.4788196803766,0.00136425804506882,0.00551802447058207,0.00551802447058207,"gpath_trio"
"7247","NUP43","Exc L3-4 RORB CUX2",-0.00171294950000411,3.00128321880611,0.00277892448588644,0.957999063468826,0.978961206781318,0.978961206781318,"gpath_trio"
"7248","PCMT1","Exc L3-4 RORB CUX2",-0.106083917239081,6.72141006072668,30.3550930241966,8.64738476536347e-08,1.1756131242669e-06,1.1756131242669e-06,"gpath_trio"
"7249","AL355312.2","Exc L3-4 RORB CUX2",-0.143681898089775,1.57528799224343,7.39179313502382,0.00699325183060362,0.0219627733005025,0.0219627733005025,"gpath_trio"
"7250","LRP11","Exc L3-4 RORB CUX2",0.0979656730965266,5.21165748943787,26.4842190656063,5.24259853628616e-07,5.81790019084561e-06,5.81790019084561e-06,"gpath_trio"
"7251","AL355312.3","Exc L3-4 RORB CUX2",0.141345144254006,3.2643468302232,12.5497916889829,0.000469548611225795,0.00222374254260104,0.00222374254260104,"gpath_trio"
"7252","RAET1E","Exc L3-4 RORB CUX2",0.0251057053788515,-0.680354545102882,0.0372626372115704,0.920059500884225,0.959599542197158,0.959599542197158,"gpath_trio"
"7253","ULBP2","Exc L3-4 RORB CUX2",-0.00370851411612554,1.91578049418181,0.00469364921750427,0.94543214763196,0.973416360218157,0.973416360218157,"gpath_trio"
"7254","PPP1R14C","Exc L3-4 RORB CUX2",-0.0353470033423259,5.61582954537097,1.89383202085168,0.169954430969263,0.287307894210028,0.287307894210028,"gpath_trio"
"7255","IYD","Exc L3-4 RORB CUX2",0.0696859509763616,-1.30895584598371,0.212283510449215,0.645368602111819,0.766486816248069,0.766486816248069,"gpath_trio"
"7256","PLEKHG1","Exc L3-4 RORB CUX2",-0.064631825213197,4.72270287051916,1.78210711975451,0.183058485165256,0.304402726818861,0.304402726818861,"gpath_trio"
"7257","MTHFD1L","Exc L3-4 RORB CUX2",0.0385703789448225,6.84535806168788,2.04482456543034,0.153925116778347,0.266446952467022,0.266446952467022,"gpath_trio"
"7258","AL138733.1","Exc L3-4 RORB CUX2",-0.319142784077687,2.11683263109136,57.6031771080817,5.74178456546215e-13,2.81850373742576e-11,2.81850373742576e-11,"gpath_trio"
"7259","AKAP12","Exc L3-4 RORB CUX2",0.0340139154980744,6.90798463180823,2.80172005888293,0.0953657533394698,0.183833754407014,0.183833754407014,"gpath_trio"
"7260","ZBTB2","Exc L3-4 RORB CUX2",0.0595439910227462,2.95516238672888,2.89285855745275,0.0901685368758476,0.176171821757721,0.176171821757721,"gpath_trio"
"7261","RMND1","Exc L3-4 RORB CUX2",0.00374929207363515,5.05891909713261,0.0504844506469618,0.82239890294422,0.898218810464467,0.898218810464467,"gpath_trio"
"7262","ARMT1","Exc L3-4 RORB CUX2",-0.0481873590670891,3.56249675983146,2.8365059609988,0.0933444038581955,0.180636272479768,0.180636272479768,"gpath_trio"
"7263","CCDC170","Exc L3-4 RORB CUX2",0.0247315653985728,3.02911624946196,0.293143665324131,0.588676618205051,0.720096451360389,0.720096451360389,"gpath_trio"
"7264","ESR1","Exc L3-4 RORB CUX2",0.0850465346269854,2.99979518602771,2.54913534984865,0.111569277098669,0.208224807166109,0.208224807166109,"gpath_trio"
"7265","SYNE1","Exc L3-4 RORB CUX2",0.0821160268115056,9.69208388467256,20.5950931652691,8.67846181699207e-06,6.97561622142689e-05,6.97561622142689e-05,"gpath_trio"
"7266","AL160162.1","Exc L3-4 RORB CUX2",-0.301832605289684,-1.23076906676658,2.72991545700596,0.0996915548356386,0.19053402034947,0.19053402034947,"gpath_trio"
"7267","FBXO5","Exc L3-4 RORB CUX2",0.0381009691749061,0.677141093091751,0.356840516831759,0.550786053022652,0.688581956788641,0.688581956788641,"gpath_trio"
"7268","AL080276.2","Exc L3-4 RORB CUX2",0.122001943248736,2.39276844762382,8.53353619569087,0.00379288564642445,0.0131277179476091,0.0131277179476091,"gpath_trio"
"7269","MTRF1L","Exc L3-4 RORB CUX2",-0.0619187904253427,3.86957117008312,3.70177133832983,0.0554462712589597,0.119626619896216,0.119626619896216,"gpath_trio"
"7270","RGS17","Exc L3-4 RORB CUX2",0.0528118243475915,5.93641245149384,7.79693142078572,0.00562215141049359,0.0183895759900629,0.0183895759900629,"gpath_trio"
"7271","AL590867.1","Exc L3-4 RORB CUX2",0.0280185498943653,0.788734572159217,0.112562150192165,0.737516356944909,0.839363259511679,0.839363259511679,"gpath_trio"
"7272","OPRM1","Exc L3-4 RORB CUX2",0.112465522682768,6.56463650828507,12.3436062770214,0.000521693626497718,0.00243131645058708,0.00243131645058708,"gpath_trio"
"7273","IPCEF1","Exc L3-4 RORB CUX2",-0.0400939396107836,6.82204077109767,2.70417205222843,0.101294512325024,0.192903226935752,0.192903226935752,"gpath_trio"
"7274","CNKSR3","Exc L3-4 RORB CUX2",0.0994572693184248,3.99656031098257,2.75845146089775,0.0979471879578922,0.187680170676273,0.187680170676273,"gpath_trio"
"7275","SCAF8","Exc L3-4 RORB CUX2",0.0261487248076,6.5877958221576,2.41793375132309,0.12116939772112,0.221912908408097,0.221912908408097,"gpath_trio"
"7276","TIAM2","Exc L3-4 RORB CUX2",0.0852290760251899,8.16700812317222,22.4576760919358,3.53982101233462e-06,3.17262945019329e-05,3.17262945019329e-05,"gpath_trio"
"7277","AL596202.1","Exc L3-4 RORB CUX2",-0.0290550497164361,0.854156917891336,0.212602515220572,0.645120643871708,0.766372783967009,0.766372783967009,"gpath_trio"
"7278","TFB1M","Exc L3-4 RORB CUX2",0.0172443424694953,5.03525060831518,0.657537327663797,0.418172326846723,0.566482689460326,0.566482689460326,"gpath_trio"
"7279","CLDN20","Exc L3-4 RORB CUX2",-0.0973367102213846,1.29888209047437,3.60890314921619,0.0585774940839843,0.125005388528071,0.125005388528071,"gpath_trio"
"7280","AL355297.3","Exc L3-4 RORB CUX2",-0.0500057257418086,0.301760974850999,0.449184014869355,0.503317526559012,0.645948487238395,0.645948487238395,"gpath_trio"
"7281","AL355297.4","Exc L3-4 RORB CUX2",0.210911277831354,0.789842274067722,8.28731783293807,0.00432431079580438,0.014675016031178,0.014675016031178,"gpath_trio"
"7282","ARID1B","Exc L3-4 RORB CUX2",0.0881002998482214,8.73108190130774,32.5288013818737,3.18579610794675e-08,4.82895841305978e-07,4.82895841305978e-07,"gpath_trio"
"7283","AL049820.1","Exc L3-4 RORB CUX2",-0.423960305465047,-0.325163287821063,16.5231916647582,6.37186434870615e-05,0.00039664413216645,0.00039664413216645,"gpath_trio"
"7284","TMEM242","Exc L3-4 RORB CUX2",-0.0139379441528008,4.62393822273359,0.513057104516808,0.474461284004946,0.618962586795977,0.618962586795977,"gpath_trio"
"7285","ZDHHC14","Exc L3-4 RORB CUX2",0.120996248911648,7.83916406322957,27.5273510231341,3.21568868845774e-07,3.80507444513988e-06,3.80507444513988e-06,"gpath_trio"
"7286","SNX9","Exc L3-4 RORB CUX2",0.0586929920440869,7.0121537669904,10.7366679934036,0.00119325174576245,0.00493215610955899,0.00493215610955899,"gpath_trio"
"7287","AL035634.1","Exc L3-4 RORB CUX2",-0.551294758080078,0.359433037957053,38.786494529343,1.89012341596431e-09,3.91914079312229e-08,3.91914079312229e-08,"gpath_trio"
"7288","SYNJ2","Exc L3-4 RORB CUX2",-0.0497503757603699,6.21236090290161,2.44107926674175,0.119411169607699,0.219290037032161,0.219290037032161,"gpath_trio"
"7289","SERAC1","Exc L3-4 RORB CUX2",-0.0683933277435416,4.79428203138813,8.11160817718897,0.0047497455823668,0.0158836593940411,0.0158836593940411,"gpath_trio"
"7290","GTF2H5","Exc L3-4 RORB CUX2",-0.0620585913828036,4.25772606851544,5.24288976777108,0.022838146862244,0.0582281831095377,0.0582281831095377,"gpath_trio"
"7291","TULP4","Exc L3-4 RORB CUX2",0.0428972958774918,7.65441058810792,9.83451089087146,0.00190946491395192,0.00733500659538841,0.00733500659538841,"gpath_trio"
"7292","TMEM181","Exc L3-4 RORB CUX2",0.0499411912122793,6.67587372790437,11.9862218555309,0.000626439852511432,0.0028432899942448,0.0028432899942448,"gpath_trio"
"7293","DYNLT1","Exc L3-4 RORB CUX2",-0.102410834389365,4.41345412577194,16.6934071917003,5.85654902496161e-05,0.000368661081368488,0.000368661081368488,"gpath_trio"
"7294","SYTL3","Exc L3-4 RORB CUX2",0.0041513814893597,2.68377168424082,0.0120946579539952,0.912513469588266,0.955478438808525,0.955478438808525,"gpath_trio"
"7295","C6orf99","Exc L3-4 RORB CUX2",-0.258682511069802,2.69314142728974,30.5621950479713,7.85942580260828e-08,1.07940037826836e-06,1.07940037826836e-06,"gpath_trio"
"7296","RSPH3","Exc L3-4 RORB CUX2",0.0165470469639808,6.40453539165103,0.629779484946136,0.428159837694941,0.576105423869244,0.576105423869244,"gpath_trio"
"7297","AL035530.2","Exc L3-4 RORB CUX2",-0.0429147171066141,6.03917040417376,3.43517162932788,0.0649546958610015,0.135925836427311,0.135925836427311,"gpath_trio"
"7298","TAGAP","Exc L3-4 RORB CUX2",-0.231158228975354,0.38466103494481,8.26840843366382,0.00436815508702618,0.0147859854732249,0.0147859854732249,"gpath_trio"
"7299","AL356417.3","Exc L3-4 RORB CUX2",-0.277559988890498,-0.683397424773876,6.51200503235745,0.011287634309928,0.0326866688966265,0.0326866688966265,"gpath_trio"
"7300","FNDC1","Exc L3-4 RORB CUX2",-0.296932258879793,-0.745994596096833,4.97362553065369,0.0265905208364666,0.0657995532780221,0.0657995532780221,"gpath_trio"
"7301","SOD2","Exc L3-4 RORB CUX2",-0.0369398265196889,0.528122251956242,0.26056050488845,0.626002646986886,0.750422067912087,0.750422067912087,"gpath_trio"
"7302","SOD2-1","Exc L3-4 RORB CUX2",-0.295877852893959,2.59925586476029,29.9537438039368,1.04088917125566e-07,1.38980403905247e-06,1.38980403905247e-06,"gpath_trio"
"7303","WTAP","Exc L3-4 RORB CUX2",-0.000805402909050841,5.50658989011775,0.00264989247172267,0.95898486934198,0.979670856193957,0.979670856193957,"gpath_trio"
"7304","ACAT2","Exc L3-4 RORB CUX2",-0.0556916614720655,4.23595704889443,1.07644584204876,0.300457919947982,0.443855790799629,0.443855790799629,"gpath_trio"
"7305","TCP1","Exc L3-4 RORB CUX2",-0.0993906893204426,4.91575770073383,21.7851119531081,4.8884230305604e-06,4.21649998467534e-05,4.21649998467534e-05,"gpath_trio"
"7306","MRPL18","Exc L3-4 RORB CUX2",-0.11527818991423,4.23025197420967,17.5600305305319,3.81756298181676e-05,0.000254693562030929,0.000254693562030929,"gpath_trio"
"7307","PNLDC1","Exc L3-4 RORB CUX2",-0.0587818725521503,2.51655476275942,1.0602775659646,0.30410879240491,0.448035262652918,0.448035262652918,"gpath_trio"
"7308","AL035691.1","Exc L3-4 RORB CUX2",-0.0158506387873889,-0.0689873831547172,0.0260721534324084,0.871849628424172,0.930812629171703,0.930812629171703,"gpath_trio"
"7309","MAS1","Exc L3-4 RORB CUX2",-0.271338100843233,1.91934962945103,22.6026891786575,3.30232185725444e-06,2.98362487550866e-05,2.98362487550866e-05,"gpath_trio"
"7310","IGF2R","Exc L3-4 RORB CUX2",0.0688258956724479,5.99335508414721,18.6259392302542,2.26228323970326e-05,0.000160370921858796,0.000160370921858796,"gpath_trio"
"7311","AIRN","Exc L3-4 RORB CUX2",0.10924815168165,-0.547443370212026,0.778763029263275,0.378334850945937,0.52651621837858,0.52651621837858,"gpath_trio"
"7312","SLC22A1","Exc L3-4 RORB CUX2",0.144026146102472,2.9159048704716,9.9850458164069,0.00176485138872384,0.00685123663026813,0.00685123663026813,"gpath_trio"
"7313","SLC22A2","Exc L3-4 RORB CUX2",-0.143870267130421,0.0944190735292049,2.62098254482185,0.215981837424304,0.345033935389606,0.345033935389606,"gpath_trio"
"7314","LPA","Exc L3-4 RORB CUX2",0.152282194517831,0.603133850800697,2.9552712050906,0.0867881219289557,0.171024649337437,0.171024649337437,"gpath_trio"
"7315","AL109933.1","Exc L3-4 RORB CUX2",0.142718686296785,0.325674113344765,2.9799285786441,0.0854908788597988,0.169095929509455,0.169095929509455,"gpath_trio"
"7316","PLG","Exc L3-4 RORB CUX2",-0.164339576532656,-0.554985464774153,1.87459487250186,0.172131281901295,0.289975669034622,0.289975669034622,"gpath_trio"
"7317","AL391361.2","Exc L3-4 RORB CUX2",-0.0513437715861154,-0.0743459504371557,0.317210392706846,0.573774303673596,0.707876021318095,0.707876021318095,"gpath_trio"
"7318","AL139393.1","Exc L3-4 RORB CUX2",0.0516728646981964,4.5461793243342,3.02244822973452,0.0833031555006405,0.165629364563459,0.165629364563459,"gpath_trio"
"7319","AL139393.2","Exc L3-4 RORB CUX2",-0.0699741428520192,0.880789479775314,1.38499431544053,0.240328504512953,0.37397821662544,0.37397821662544,"gpath_trio"
"7320","MAP3K4","Exc L3-4 RORB CUX2",0.0669381657630899,6.4407624116998,21.4766715287773,5.67055238803842e-06,4.8006621099376e-05,4.8006621099376e-05,"gpath_trio"
"7321","AGPAT4","Exc L3-4 RORB CUX2",0.0627382758105855,6.90826876232366,9.18898964143337,0.00268059838758815,0.00979479981584903,0.00979479981584903,"gpath_trio"
"7322","PRKN","Exc L3-4 RORB CUX2",0.0542491373346322,8.32417607513774,8.79369883594921,0.00330364202722416,0.0116993115498065,0.0116993115498065,"gpath_trio"
"7323","PACRG","Exc L3-4 RORB CUX2",0.0761285558953829,7.03734350631492,6.40865191562584,0.0119463928893037,0.0342989151190695,0.0342989151190695,"gpath_trio"
"7324","PACRG-AS2","Exc L3-4 RORB CUX2",-0.352397735132318,-0.724147657678815,9.62509245430828,0.00213102101440463,0.00805269694055317,0.00805269694055317,"gpath_trio"
"7325","PACRG-AS3","Exc L3-4 RORB CUX2",-0.239366682201414,1.11315502568159,8.17649133435506,0.00458786162209615,0.0154266847042983,0.0154266847042983,"gpath_trio"
"7326","QKI","Exc L3-4 RORB CUX2",-0.142024283128759,2.38462922317432,0.218432052210192,0.64062866713599,0.762428230265963,0.762428230265963,"gpath_trio"
"7327","C6orf118","Exc L3-4 RORB CUX2",0.21272248461541,-0.159397563610374,4.14489931651066,0.042773828148637,0.097278997057688,0.097278997057688,"gpath_trio"
"7328","PDE10A","Exc L3-4 RORB CUX2",-0.0455460109289305,8.49150261775756,1.08655209329196,0.298204649987671,0.441404979543796,0.441404979543796,"gpath_trio"
"7329","AL590302.2","Exc L3-4 RORB CUX2",-0.329795617962389,0.449934561452334,11.0933702291263,0.000991997969593146,0.00421338084979826,0.00421338084979826,"gpath_trio"
"7330","LINC00473","Exc L3-4 RORB CUX2",-0.306362723263066,1.26427659280012,7.89227916106517,0.00534169107959258,0.0175920041676102,0.0175920041676102,"gpath_trio"
"7331","AL627443.1","Exc L3-4 RORB CUX2",0.187055349336094,-1.19561173810391,1.93478984717839,0.165424543575962,0.281118612419562,0.281118612419562,"gpath_trio"
"7332","SFT2D1","Exc L3-4 RORB CUX2",-0.0560713497658758,4.36313378044979,5.31723035679836,0.0219027283951972,0.056341648013911,0.056341648013911,"gpath_trio"
"7333","MPC1","Exc L3-4 RORB CUX2",-0.0322650119865543,5.56990665299252,2.86090752036841,0.0919544482960469,0.178778162703358,0.178778162703358,"gpath_trio"
"7334","AL022069.1","Exc L3-4 RORB CUX2",0.0438945089325629,1.69280530007768,0.535760388601576,0.54506869849373,0.683368194886342,0.683368194886342,"gpath_trio"
"7335","RPS6KA2","Exc L3-4 RORB CUX2",0.137123901580349,7.38397022895872,15.9183199323703,8.60487676204072e-05,0.000511500850542639,0.000511500850542639,"gpath_trio"
"7336","AL159163.1","Exc L3-4 RORB CUX2",-0.0502907341925504,3.43626536014625,1.87110478256355,0.17252965755283,0.290501238618623,0.290501238618623,"gpath_trio"
"7337","Z94721.1","Exc L3-4 RORB CUX2",0.0213832663331778,4.99882690298789,0.393924683442477,0.530794419905672,0.670597872227249,0.670597872227249,"gpath_trio"
"7338","FGFR1OP","Exc L3-4 RORB CUX2",0.0332191242736958,6.09551765301096,3.79648571511903,0.0524360019340516,0.114466169554154,0.114466169554154,"gpath_trio"
"7339","CCR6","Exc L3-4 RORB CUX2",-0.0433364350990082,1.31762342237687,0.475259519011587,0.491192215127921,0.634877502735974,0.634877502735974,"gpath_trio"
"7340","AL121935.1","Exc L3-4 RORB CUX2",-0.325101945592501,-0.641387515179328,7.91027596224735,0.00529038686819976,0.017445824626664,0.017445824626664,"gpath_trio"
"7341","TCP10L2","Exc L3-4 RORB CUX2",-0.0846475553841245,-1.26902708772769,0.317454229394906,0.573627172832189,0.707737782038247,0.707737782038247,"gpath_trio"
"7342","AFDN","Exc L3-4 RORB CUX2",0.0359656521558082,6.56573675389686,4.77517738895255,0.0297655738900126,0.0722474077515646,0.0722474077515646,"gpath_trio"
"7343","KIF25","Exc L3-4 RORB CUX2",0.221648059116912,1.07935735335056,1.9164921984527,0.16743084098067,0.283861691092395,0.283861691092395,"gpath_trio"
"7344","DACT2","Exc L3-4 RORB CUX2",0.0530450053713247,-1.16730344010319,0.132177322938816,0.716480541531021,0.823279915151684,0.823279915151684,"gpath_trio"
"7345","SMOC2","Exc L3-4 RORB CUX2",-0.0467015361459678,-0.92189453596082,0.067605362205916,0.795062390183972,0.880386571798815,0.880386571798815,"gpath_trio"
"7346","BX322234.1","Exc L3-4 RORB CUX2",0.0784443834498563,2.40262417796059,2.37066688385549,0.124850321579287,0.227067090765538,0.227067090765538,"gpath_trio"
"7347","LINC02519","Exc L3-4 RORB CUX2",0.128594597776376,1.62225978016576,3.15008334851196,0.0770930423283713,0.155925025461142,0.155925025461142,"gpath_trio"
"7348","AL009176.1","Exc L3-4 RORB CUX2",-0.0967646806760687,-0.761527696689101,0.723286986259186,0.395850320413597,0.544111072549733,0.544111072549733,"gpath_trio"
"7349","WDR27","Exc L3-4 RORB CUX2",0.0806932590175975,5.90562427371238,15.0010474482646,0.000136027696087655,0.000759999658977693,0.000759999658977693,"gpath_trio"
"7350","C6orf120","Exc L3-4 RORB CUX2",-0.104857684503239,2.49448646241903,7.73171456431743,0.00582265282080968,0.0189013709830789,0.0189013709830789,"gpath_trio"
"7351","PHF10","Exc L3-4 RORB CUX2",0.0337262005783426,4.2349018170847,1.67646662950671,0.19654323138824,0.321281777123459,0.321281777123459,"gpath_trio"
"7352","AL354892.1","Exc L3-4 RORB CUX2",0.0728451748345033,1.19424288306982,1.39689908836881,0.23832326087481,0.371717958109725,0.371717958109725,"gpath_trio"
"7353","TCTE3","Exc L3-4 RORB CUX2",-0.00276670081072805,2.1229525801693,0.00405824807216372,0.949254564535103,0.975112568202429,0.975112568202429,"gpath_trio"
"7354","ERMARD","Exc L3-4 RORB CUX2",-0.0149093173268052,3.44372972302903,0.194198147971862,0.659811430968703,0.778788367485736,0.778788367485736,"gpath_trio"
"7355","LINC00574","Exc L3-4 RORB CUX2",0.0306087934491858,1.91499596610382,0.39246633014516,0.7057097601618,0.815414268429242,0.815414268429242,"gpath_trio"
"7356","LINC01624","Exc L3-4 RORB CUX2",-0.0478703081362241,0.120631948627703,0.347065910618281,0.556290262193012,0.692872949731079,0.692872949731079,"gpath_trio"
"7357","DLL1","Exc L3-4 RORB CUX2",0.0904329263891179,3.43544056826459,6.97206259344047,0.00878002502902227,0.0265305971070036,0.0265305971070036,"gpath_trio"
"7358","FAM120B","Exc L3-4 RORB CUX2",0.0972152647289363,7.05841787903119,35.2407902823963,9.28374920355147e-09,1.62727749940618e-07,1.62727749940618e-07,"gpath_trio"
"7359","PSMB1","Exc L3-4 RORB CUX2",-0.0695361654895023,4.83159131482209,8.65935084407522,0.00354764683764011,0.0124109198802478,0.0124109198802478,"gpath_trio"
"7360","TBP","Exc L3-4 RORB CUX2",-0.0812142889563587,3.94493355308945,10.9923976704847,0.00104518031887881,0.00440219476688519,0.00440219476688519,"gpath_trio"
"7361","PDCD2","Exc L3-4 RORB CUX2",-0.104018894225106,3.65014628934042,13.6205311954689,0.0002725266297179,0.00139808345594146,0.00139808345594146,"gpath_trio"
"7362","AL731661.1","Exc L3-4 RORB CUX2",-0.293475368784466,-1.06915286207478,3.31713993743582,0.0697101324008699,0.143906878255147,0.143906878255147,"gpath_trio"
"7363","AC093627.4","Exc L3-4 RORB CUX2",-0.131361216184637,-0.474171967297501,1.47495245450855,0.225667774326916,0.356375238545213,0.356375238545213,"gpath_trio"
"7364","AC093627.3","Exc L3-4 RORB CUX2",0.0811485131630491,0.754508438059362,1.21673955004082,0.271021363760781,0.410468884758933,0.410468884758933,"gpath_trio"
"7365","FAM20C","Exc L3-4 RORB CUX2",0.000529755213860702,3.90457173129131,0.000350087693831642,0.98508629776862,0.992465221347411,0.992465221347411,"gpath_trio"
"7366","PDGFA","Exc L3-4 RORB CUX2",-0.0596878911846318,3.93472787575501,4.07501964073603,0.0587028371902125,0.125193418637689,0.125193418637689,"gpath_trio"
"7367","AC147651.1","Exc L3-4 RORB CUX2",0.0012715355982594,1.38705899178198,0.000195143293146973,0.988865130844925,0.994659456341205,0.994659456341205,"gpath_trio"
"7368","PRKAR1B","Exc L3-4 RORB CUX2",0.0297233842066199,8.12341806162253,3.19631309615917,0.0749689696124005,0.152561928780531,0.152561928780531,"gpath_trio"
"7369","DNAAF5","Exc L3-4 RORB CUX2",0.074574594936499,5.07149655394332,9.93549161357878,0.00181117910220555,0.00700547131652547,0.00700547131652547,"gpath_trio"
"7370","SUN1","Exc L3-4 RORB CUX2",-0.0257282771464806,6.77824647260709,2.77889020288641,0.0967183797578539,0.185854646576511,0.185854646576511,"gpath_trio"
"7371","AC073957.3","Exc L3-4 RORB CUX2",0.139983360011075,0.224958084890908,2.68609867660354,0.102436802780381,0.194744031833063,0.194744031833063,"gpath_trio"
"7372","ADAP1","Exc L3-4 RORB CUX2",-0.0990851838612995,4.56429753186897,12.3003835025632,0.000533350970858451,0.00247820263405556,0.00247820263405556,"gpath_trio"
"7373","COX19","Exc L3-4 RORB CUX2",0.119720139850295,5.29185881953181,20.9540538933074,7.295961019416e-06,5.96418207320575e-05,5.96418207320575e-05,"gpath_trio"
"7374","C7orf50","Exc L3-4 RORB CUX2",-0.00331455458769554,6.13316728539052,0.0320222540990852,0.85811818482538,0.921811105843781,0.921811105843781,"gpath_trio"
"7375","AC073957.1","Exc L3-4 RORB CUX2",-0.0991408194130728,1.30034288272249,2.13587719986609,0.145095607293351,0.254690037637259,0.254690037637259,"gpath_trio"
"7376","GPR146","Exc L3-4 RORB CUX2",0.0653527765083815,1.23210647460008,1.48233581532678,0.224513230801111,0.35495293718458,0.35495293718458,"gpath_trio"
"7377","GPER1","Exc L3-4 RORB CUX2",-0.0305694877062754,0.846654405621708,0.132187786545654,0.716469807059208,0.823279915151684,0.823279915151684,"gpath_trio"
"7378","ZFAND2A","Exc L3-4 RORB CUX2",-0.109673158530114,3.24696561292671,10.8993330657471,0.00109676817761378,0.00458501823111437,0.00458501823111437,"gpath_trio"
"7379","AC091729.3","Exc L3-4 RORB CUX2",-0.136742395073438,1.33790887468182,4.82379945705796,0.0289525946232052,0.0705883500330108,0.0705883500330108,"gpath_trio"
"7380","MICALL2","Exc L3-4 RORB CUX2",0.00958760773613375,4.40624844423216,0.134013966379858,0.714603675986358,0.821863479821273,0.821863479821273,"gpath_trio"
"7381","AC102953.2","Exc L3-4 RORB CUX2",0.0912361067344227,2.17703213766651,3.40381056697364,0.0661832115575977,0.138081312634388,0.138081312634388,"gpath_trio"
"7382","INTS1","Exc L3-4 RORB CUX2",-0.0036423855243658,5.49048349427203,0.0119780056387728,0.912934696792086,0.955611575582667,0.955611575582667,"gpath_trio"
"7383","MAFK","Exc L3-4 RORB CUX2",-0.250886815709988,3.20115889511073,32.6548515441097,3.00741846578579e-08,4.60703626022993e-07,4.60703626022993e-07,"gpath_trio"
"7384","PSMG3","Exc L3-4 RORB CUX2",-0.135381725429179,3.60067548366802,18.3956225683492,2.53235597050507e-05,0.000177089364661837,0.000177089364661837,"gpath_trio"
"7385","PSMG3-AS1","Exc L3-4 RORB CUX2",-0.0330759860617565,3.12974275482454,0.836022662628958,0.361383906322653,0.509212437561294,0.509212437561294,"gpath_trio"
"7386","MAD1L1","Exc L3-4 RORB CUX2",0.0704363759181636,5.55529564049496,12.3780265005218,0.000512595849952784,0.00239444808353726,0.00239444808353726,"gpath_trio"
"7387","MRM2","Exc L3-4 RORB CUX2",0.00973167144868143,2.8960349041483,0.083745352385839,0.838933511200586,0.909100666819745,0.909100666819745,"gpath_trio"
"7388","SNX8","Exc L3-4 RORB CUX2",-0.053134676910214,4.90798148127044,1.85776406773429,0.174062285394289,0.292718455536331,0.292718455536331,"gpath_trio"
"7389","EIF3B","Exc L3-4 RORB CUX2",-0.0105936041461185,5.23634549336183,0.334796288302245,0.563349281150553,0.698860711259448,0.698860711259448,"gpath_trio"
"7390","CHST12","Exc L3-4 RORB CUX2",0.0267727055148686,4.83469086605694,1.71450264758032,0.191558110572703,0.314713752508492,0.314713752508492,"gpath_trio"
"7391","BRAT1","Exc L3-4 RORB CUX2",-0.0332961701630311,4.34204689087712,1.88576335940645,0.352357875196384,0.499776443481935,0.499776443481935,"gpath_trio"
"7392","IQCE","Exc L3-4 RORB CUX2",-0.0244465616913354,5.08299800279571,1.37038614397584,0.242817344952392,0.377123936444534,0.377123936444534,"gpath_trio"
"7393","TTYH3","Exc L3-4 RORB CUX2",-0.0199628033225843,4.92267333229417,0.469962870421605,0.493615009797175,0.637233351846557,0.637233351846557,"gpath_trio"
"7394","AMZ1","Exc L3-4 RORB CUX2",-0.0454213700874102,3.20466153718176,0.782496388726116,0.377196013632049,0.525438760962962,0.525438760962962,"gpath_trio"
"7395","GNA12","Exc L3-4 RORB CUX2",0.0947922325573365,5.57071850496731,26.3741660539362,5.52080252735032e-07,6.10647976914982e-06,6.10647976914982e-06,"gpath_trio"
"7396","CARD11","Exc L3-4 RORB CUX2",-0.327095923399094,0.746302274489813,12.3391621392587,0.000522880183804397,0.00243628353539346,0.00243628353539346,"gpath_trio"
"7397","AC073316.3","Exc L3-4 RORB CUX2",0.152330211325118,-0.912183613513337,1.75177383149416,0.186816467999395,0.309012235950462,0.309012235950462,"gpath_trio"
"7398","SDK1","Exc L3-4 RORB CUX2",0.0275426464537041,5.4203495909411,0.162040486686731,0.68761554874642,0.80065452310609,0.80065452310609,"gpath_trio"
"7399","FOXK1","Exc L3-4 RORB CUX2",0.036595133065734,6.21986676023564,5.01986149015735,0.025903017300788,0.0644460937283757,0.0644460937283757,"gpath_trio"
"7400","AP5Z1","Exc L3-4 RORB CUX2",-0.0365190893392985,4.42830078535519,1.9772495991902,0.160874410221633,0.275427802632505,0.275427802632505,"gpath_trio"
"7401","RADIL","Exc L3-4 RORB CUX2",0.0912346092716745,2.84887391291351,5.31338852877222,0.0219500769149981,0.0564327147254188,0.0564327147254188,"gpath_trio"
"7402","MMD2","Exc L3-4 RORB CUX2",0.186015070198564,3.64439015323611,12.4117513636232,0.000503838270418472,0.00235790700665569,0.00235790700665569,"gpath_trio"
"7403","RBAK-RBAKDN","Exc L3-4 RORB CUX2",0.080130211326423,5.78392568711049,15.2894129733164,0.00011775210570392,0.000672607228928818,0.000672607228928818,"gpath_trio"
"7404","WIPI2","Exc L3-4 RORB CUX2",-0.0583729173399498,5.42494842635259,12.8207200215849,0.000408981826271305,0.00197491822523302,0.00197491822523302,"gpath_trio"
"7405","SLC29A4","Exc L3-4 RORB CUX2",0.0973562722527059,2.65983567910432,2.76360878116349,0.0976355154994632,0.187207424938383,0.187207424938383,"gpath_trio"
"7406","TNRC18","Exc L3-4 RORB CUX2",0.0892525498238112,6.71654130957513,27.8495205154479,2.76643551975546e-07,3.32337398889409e-06,3.32337398889409e-06,"gpath_trio"
"7407","AC092171.4","Exc L3-4 RORB CUX2",-0.0494865813519536,1.92905865279933,0.889795075204349,0.346408511076703,0.493558736650599,0.493558736650599,"gpath_trio"
"7408","AC092171.3","Exc L3-4 RORB CUX2",0.0960269482887041,0.305477441838828,1.42249664594253,0.264036606236447,0.402579997794763,0.402579997794763,"gpath_trio"
"7409","AC092171.5","Exc L3-4 RORB CUX2",-0.0193986675457753,0.171284021913231,0.0587904929958032,0.808609079610816,0.889320114541442,0.889320114541442,"gpath_trio"
"7410","FBXL18","Exc L3-4 RORB CUX2",0.00549090198134295,5.01461615135232,0.0447775914247275,0.832579292128658,0.904538891690666,0.904538891690666,"gpath_trio"
"7411","ACTB","Exc L3-4 RORB CUX2",-0.107277327087338,8.20335164784045,8.21571558642526,0.00449275146204605,0.0151396794298946,0.0151396794298946,"gpath_trio"
"7412","FSCN1","Exc L3-4 RORB CUX2",-0.0663025748697116,4.71364861137027,5.59783408486915,0.0187165781665939,0.0495672770907201,0.0495672770907201,"gpath_trio"
"7413","RNF216","Exc L3-4 RORB CUX2",0.104552485238196,6.82770937529513,52.27492426792,5.38215689507329e-12,2.12495137687091e-10,2.12495137687091e-10,"gpath_trio"
"7414","OCM","Exc L3-4 RORB CUX2",-0.06051048654328,1.31586921742876,0.843118514479612,0.359357374684701,0.507243758081848,0.507243758081848,"gpath_trio"
"7415","CCZ1","Exc L3-4 RORB CUX2",-0.106402980009571,4.74133224803812,9.38462836052295,0.00241807175078734,0.00899255254785891,0.00899255254785891,"gpath_trio"
"7416","RSPH10B","Exc L3-4 RORB CUX2",0.122238773789996,0.525581953135946,2.7420675469629,0.0989445807237819,0.189393445550503,0.189393445550503,"gpath_trio"
"7417","PMS2","Exc L3-4 RORB CUX2",-0.0230204377328003,4.81038412298235,1.16133863503244,0.282186895045748,0.423374775604072,0.423374775604072,"gpath_trio"
"7418","AIMP2","Exc L3-4 RORB CUX2",-0.0326431828890129,3.24612072694706,0.734181128812033,0.392320301333929,0.540314156557582,0.540314156557582,"gpath_trio"
"7419","EIF2AK1","Exc L3-4 RORB CUX2",-0.0508748807216147,5.07570111549374,8.32259791101063,0.00424371051606351,0.0144452268705216,0.0144452268705216,"gpath_trio"
"7420","USP42","Exc L3-4 RORB CUX2",0.0112215072863648,5.45737042684634,0.4136256235858,0.520701778368378,0.661462119812689,0.661462119812689,"gpath_trio"
"7421","CYTH3","Exc L3-4 RORB CUX2",0.0578404479550876,6.66361475365535,15.3147294503056,0.000116271611875748,0.000664903562809871,0.000664903562809871,"gpath_trio"
"7422","FAM220A","Exc L3-4 RORB CUX2",-0.0605753544431452,3.39187032516786,3.99936928504424,0.280712603848412,0.421633173216328,0.421633173216328,"gpath_trio"
"7423","RAC1","Exc L3-4 RORB CUX2",-0.0761209415131344,6.79817319581723,14.3459653459392,0.000188993520473117,0.00101300326130317,0.00101300326130317,"gpath_trio"
"7424","DAGLB","Exc L3-4 RORB CUX2",0.0323276143847909,5.10163862760444,2.46264546411729,0.117798429870475,0.216983156438145,0.216983156438145,"gpath_trio"
"7425","GRID2IP","Exc L3-4 RORB CUX2",0.0313461886170012,2.30241665891023,0.148176572526816,0.700598705531168,0.811166650450004,0.811166650450004,"gpath_trio"
"7426","ZDHHC4","Exc L3-4 RORB CUX2",-0.220050518237418,2.85304305214536,36.3314382619686,5.67612190718401e-09,1.05739390099204e-07,1.05739390099204e-07,"gpath_trio"
"7427","AC079742.1","Exc L3-4 RORB CUX2",-0.343400831715881,-0.909472676595829,8.36695818132801,0.00414454612983147,0.0141722403676864,0.0141722403676864,"gpath_trio"
"7428","C7orf26","Exc L3-4 RORB CUX2",-0.060306479295256,3.98899543720117,5.08882241561259,0.0346979400203606,0.0821150662651936,0.0821150662651936,"gpath_trio"
"7429","ZNF853","Exc L3-4 RORB CUX2",-0.049466886686626,1.5892127520019,0.826534801314011,0.364118391395464,0.512065282755017,0.512065282755017,"gpath_trio"
"7430","ZNF316","Exc L3-4 RORB CUX2",-0.073597481923573,3.8037290959726,7.42376603489022,0.00687350998157184,0.0216586267569029,0.0216586267569029,"gpath_trio"
"7431","AC073343.2","Exc L3-4 RORB CUX2",-0.146427672133698,3.49251027111918,16.8880086719472,5.31886569495578e-05,0.000340214272951979,0.000340214272951979,"gpath_trio"
"7432","ZNF12","Exc L3-4 RORB CUX2",-0.0619962854387433,4.11147613449381,7.27608025395735,0.00744484313892302,0.0231218765898664,0.0231218765898664,"gpath_trio"
"7433","RSPH10B2","Exc L3-4 RORB CUX2",0.170411479954794,0.470903940405773,4.06306228272639,0.044859666785012,0.101043181577271,0.101043181577271,"gpath_trio"
"7434","CCZ1B","Exc L3-4 RORB CUX2",-0.086321374853998,4.90275546877362,5.1164098656298,0.0245266296173072,0.0616296864527554,0.0616296864527554,"gpath_trio"
"7435","C1GALT1","Exc L3-4 RORB CUX2",0.0530994433870448,5.63949996366334,5.92076526862792,0.0156379597018304,0.0429012560490113,0.0429012560490113,"gpath_trio"
"7436","COL28A1","Exc L3-4 RORB CUX2",0.0314678725753,4.98384737723901,0.939187521523974,0.33338749581592,0.479852516807176,0.479852516807176,"gpath_trio"
"7437","AC004982.1","Exc L3-4 RORB CUX2",0.131967583190898,1.03774476775923,4.3778732573723,0.0373781889519088,0.0873716790759772,0.0873716790759772,"gpath_trio"
"7438","AC004982.2","Exc L3-4 RORB CUX2",-0.0815701414112215,2.5876317862506,3.6145724409978,0.0583810286330087,0.12466524689574,0.12466524689574,"gpath_trio"
"7439","MIOS","Exc L3-4 RORB CUX2",0.0416831019622196,5.31381349125135,3.61172592883761,0.0584795843789394,0.12486248437349,0.12486248437349,"gpath_trio"
"7440","AC004948.1","Exc L3-4 RORB CUX2",-0.177196359017839,-0.38392168326704,2.8388310035879,0.0932109804866387,0.180473275558343,0.180473275558343,"gpath_trio"
"7441","RPA3","Exc L3-4 RORB CUX2",-0.264878114452856,2.4935060863293,53.4224469470723,3.31215934103148e-12,1.3921419730273e-10,1.3921419730273e-10,"gpath_trio"
"7442","UMAD1","Exc L3-4 RORB CUX2",0.119050239819822,7.00977787917457,58.3374403065715,4.23164941172423e-13,2.14506348948584e-11,2.14506348948584e-11,"gpath_trio"
"7443","AC006042.2","Exc L3-4 RORB CUX2",-0.165397424311514,0.473967364372488,5.0617215067581,0.0252966076413704,0.0632571962276459,0.0632571962276459,"gpath_trio"
"7444","GLCCI1","Exc L3-4 RORB CUX2",0.0968122910098207,7.61406603772421,22.3105443398623,3.79845537098011e-06,3.37593996077197e-05,3.37593996077197e-05,"gpath_trio"
"7445","ICA1","Exc L3-4 RORB CUX2",-0.0426107411925393,7.48858527888767,5.88714826779902,0.0159323491642671,0.0435018465812815,0.0435018465812815,"gpath_trio"
"7446","AC007128.1","Exc L3-4 RORB CUX2",0.0518240543314359,1.78480434037643,0.58257792346826,0.445995607508701,0.592360854607507,0.592360854607507,"gpath_trio"
"7447","NXPH1","Exc L3-4 RORB CUX2",1.21562780630268,-2.10931771960357,13.7797731117425,0.000286125659818428,0.00145625256983773,0.00145625256983773,"gpath_trio"
"7448","AC060834.2","Exc L3-4 RORB CUX2",0.118175823360523,-1.32711062863226,0.386922258283751,0.534466711174125,0.673550246607406,0.673550246607406,"gpath_trio"
"7449","AC004949.1","Exc L3-4 RORB CUX2",-0.0129105456950422,2.84648897938467,0.0184697670397291,0.892002712078934,0.944035813680559,0.944035813680559,"gpath_trio"
"7450","NDUFA4","Exc L3-4 RORB CUX2",-0.290089267672698,6.24743592718233,75.7795950174456,3.7256747404342e-16,3.91486916084688e-14,3.91486916084688e-14,"gpath_trio"
"7451","PHF14","Exc L3-4 RORB CUX2",0.0609649531396879,7.89137247856067,22.8308913804326,2.96073976090164e-06,2.70247899418852e-05,2.70247899418852e-05,"gpath_trio"
"7452","THSD7A","Exc L3-4 RORB CUX2",0.176455605170186,4.7350899624898,6.04772863942675,0.0145760402677695,0.0404831475997666,0.0404831475997666,"gpath_trio"
"7453","AC004160.2","Exc L3-4 RORB CUX2",0.169812908877153,-0.531149720010897,2.01167435206848,0.157290421945671,0.270924123858441,0.270924123858441,"gpath_trio"
"7454","TMEM106B","Exc L3-4 RORB CUX2",0.0244527279802966,5.95811905870147,1.92820390336033,0.166143475685073,0.282197728737696,0.282197728737696,"gpath_trio"
"7455","VWDE","Exc L3-4 RORB CUX2",0.191433409309143,3.18816444739729,9.18878589336444,0.00268088647252136,0.00979479981584903,0.00979479981584903,"gpath_trio"
"7456","AC013470.2","Exc L3-4 RORB CUX2",0.132169885424175,1.3172140760866,3.68172100259644,0.0561068510304417,0.120754823932063,0.120754823932063,"gpath_trio"
"7457","ARL4A","Exc L3-4 RORB CUX2",-0.15176563360317,4.80607031298617,19.5626668265053,1.43227193645977e-05,0.000108387420547921,0.000108387420547921,"gpath_trio"
"7458","AC011287.1","Exc L3-4 RORB CUX2",0.115774677120497,9.03226893651162,8.15356493635375,0.00464440666382031,0.015585646114866,0.015585646114866,"gpath_trio"
"7459","AC011287.2","Exc L3-4 RORB CUX2",-0.397375822717604,0.235217321316969,17.7722538743051,3.43894857042536e-05,0.000232198083695889,0.000232198083695889,"gpath_trio"
"7460","ETV1","Exc L3-4 RORB CUX2",-0.538486475594451,1.22546000899183,5.02855145277242,0.0257758909507662,0.0642010617199641,0.0642010617199641,"gpath_trio"
"7461","DGKB","Exc L3-4 RORB CUX2",0.0981164944394552,10.2589606426367,36.7011801251097,4.80649715064647e-09,9.13959283829337e-08,9.13959283829337e-08,"gpath_trio"
"7462","AC006150.1","Exc L3-4 RORB CUX2",-0.568373098649043,-1.17196098902475,16.7687026830497,5.64226505579995e-05,0.000357066177856851,0.000357066177856851,"gpath_trio"
"7463","AGMO","Exc L3-4 RORB CUX2",-0.527207601164767,-1.20687557968273,4.37033253357835,0.0375410867994935,0.087630617399026,0.087630617399026,"gpath_trio"
"7464","MEOX2","Exc L3-4 RORB CUX2",0.165076440420834,2.55316038669986,7.53367832193641,0.0064777149316613,0.0206425365260254,0.0206425365260254,"gpath_trio"
"7465","ISPD","Exc L3-4 RORB CUX2",0.127279160376168,7.04736740000862,38.1915494875392,2.46485891174989e-09,4.97783068514055e-08,4.97783068514055e-08,"gpath_trio"
"7466","ISPD-AS1","Exc L3-4 RORB CUX2",-0.174449868532023,0.724311622534095,4.90992040166044,0.0275692050643804,0.0677642193194293,0.0677642193194293,"gpath_trio"
"7467","SOSTDC1","Exc L3-4 RORB CUX2",-0.195653439086602,2.1334195369834,9.34309531013609,0.00247151671004711,0.00916428039426583,0.00916428039426583,"gpath_trio"
"7468","LRRC72","Exc L3-4 RORB CUX2",0.0604416942448288,-0.557892983748777,0.351208851374762,0.553944679668204,0.690847123218521,0.690847123218521,"gpath_trio"
"7469","AC005014.2","Exc L3-4 RORB CUX2",0.00790715089536846,0.977140678555661,0.0135033521097557,0.907580627466549,0.952738576564357,0.952738576564357,"gpath_trio"
"7470","ANKMY2","Exc L3-4 RORB CUX2",0.028877585359501,5.96992565828983,1.84672013046764,0.485432529585287,0.628964182414948,0.628964182414948,"gpath_trio"
"7471","BZW2","Exc L3-4 RORB CUX2",0.0354040461179625,6.05245080091127,3.67353283729986,0.0563790298991572,0.121172571451528,0.121172571451528,"gpath_trio"
"7472","AC073333.1","Exc L3-4 RORB CUX2",-0.481451246228007,1.23715524432014,49.1135550747863,2.07151412267713e-11,7.20565472845017e-10,7.20565472845017e-10,"gpath_trio"
"7473","TSPAN13","Exc L3-4 RORB CUX2",-0.0629123858024678,6.17145876166728,7.53640074715826,0.00646821436039631,0.0206220329837224,0.0206220329837224,"gpath_trio"
"7474","AHR","Exc L3-4 RORB CUX2",-0.195861231949967,2.15393044009835,15.4688342655066,0.000107657835668264,0.000620925338652723,0.000620925338652723,"gpath_trio"
"7475","AC073332.1","Exc L3-4 RORB CUX2",0.17757970798287,5.19655028795581,17.4211066387409,4.08800939297341e-05,0.000270323138325921,0.000270323138325921,"gpath_trio"
"7476","AC019117.3","Exc L3-4 RORB CUX2",0.158157517450001,1.43124901503913,7.92216330435947,0.00525677673707735,0.0173520076358861,0.0173520076358861,"gpath_trio"
"7477","AC019117.1","Exc L3-4 RORB CUX2",-0.112415353848357,-0.455539979499324,1.30316327721115,0.254686477615202,0.391608847335318,0.391608847335318,"gpath_trio"
"7478","SNX13","Exc L3-4 RORB CUX2",0.0537866798243721,6.6217057754882,16.1844340987145,7.53835489257919e-05,0.000456852838563488,0.000456852838563488,"gpath_trio"
"7479","HDAC9","Exc L3-4 RORB CUX2",0.0716769076937087,9.41976914466413,16.351778694973,6.93728855712338e-05,0.000425280451655923,0.000425280451655923,"gpath_trio"
"7480","TWIST1","Exc L3-4 RORB CUX2",0.0360073887552682,3.98325400132093,0.1910240725605,0.662428426481844,0.780745589212471,0.780745589212471,"gpath_trio"
"7481","AC003986.1","Exc L3-4 RORB CUX2",0.298092508181652,-0.72933501780198,4.31617075043334,0.0387333364170417,0.0898647226336287,0.0898647226336287,"gpath_trio"
"7482","AC007091.1","Exc L3-4 RORB CUX2",0.200639818253943,5.08973329354006,5.75087042100904,0.0171859368869336,0.0463351966716405,0.0463351966716405,"gpath_trio"
"7483","TWISTNB","Exc L3-4 RORB CUX2",-0.146054702219046,3.6516428358943,26.9802568164885,4.15409887166874e-07,4.75107396462113e-06,4.75107396462113e-06,"gpath_trio"
"7484","TMEM196","Exc L3-4 RORB CUX2",0.141780391838721,5.37400241855682,12.9150888141448,0.000389802387290615,0.00189591686682453,0.00189591686682453,"gpath_trio"
"7485","AC004543.1","Exc L3-4 RORB CUX2",0.0090086454620679,-0.946819928051186,0.00672293185686513,0.934714976188774,0.968660090641489,0.968660090641489,"gpath_trio"
"7486","AC007001.1","Exc L3-4 RORB CUX2",0.00487403679160579,-0.358298054972926,0.00161024305506129,0.96802200642452,0.983474870561723,0.983474870561723,"gpath_trio"
"7487","MACC1","Exc L3-4 RORB CUX2",-0.0357099352145408,1.65323759508932,0.439792373403993,0.507810193860409,0.64994421500563,0.64994421500563,"gpath_trio"
"7488","AC004130.1","Exc L3-4 RORB CUX2",-0.0911437096804463,0.0217283743517842,0.886180084049614,0.347388363835223,0.49443105752209,0.49443105752209,"gpath_trio"
"7489","ITGB8","Exc L3-4 RORB CUX2",0.187459812059019,5.39049125897301,28.7678579800258,1.80367137218769e-07,2.27289631067374e-06,2.27289631067374e-06,"gpath_trio"
"7490","ABCB5","Exc L3-4 RORB CUX2",-0.146147421630158,0.308766455147112,4.84648599694522,0.0285812614327629,0.0697757683211511,0.0697757683211511,"gpath_trio"
"7491","LINC01162","Exc L3-4 RORB CUX2",-0.136810944135392,-0.110676363724952,2.80567238935026,0.0951336958578134,0.183491617010649,0.183491617010649,"gpath_trio"
"7492","SP4","Exc L3-4 RORB CUX2",0.0212057212805839,5.09656146055174,1.25243057023467,0.264121563799027,0.402618250823224,0.402618250823224,"gpath_trio"
"7493","DNAH11","Exc L3-4 RORB CUX2",0.0844355081709941,2.29959011997226,1.96207451520313,0.162483932758084,0.277312692952741,0.277312692952741,"gpath_trio"
"7494","RAPGEF5","Exc L3-4 RORB CUX2",0.0427367409932599,9.60933338993359,4.57382034959783,0.0333960774097857,0.0794910171947175,0.0794910171947175,"gpath_trio"
"7495","STEAP1B","Exc L3-4 RORB CUX2",-0.0223185296988075,4.46000108622181,0.500073981759971,0.4801009266311,0.623497209896793,0.623497209896793,"gpath_trio"
"7496","TOMM7","Exc L3-4 RORB CUX2",-0.281944299228251,4.19926164099027,56.9739618752312,7.46256273909309e-13,3.56770623841713e-11,3.56770623841713e-11,"gpath_trio"
"7497","FAM126A","Exc L3-4 RORB CUX2",0.213253754698993,2.52066926977974,6.6860701597509,0.0102616902082764,0.0302369165558656,0.0302369165558656,"gpath_trio"
"7498","KLHL7","Exc L3-4 RORB CUX2",0.0517373092259729,6.56291555289565,14.1835944123206,0.000205093474186094,0.00109096438283311,0.00109096438283311,"gpath_trio"
"7499","NUPL2","Exc L3-4 RORB CUX2",-0.0730248046065647,5.26467575916587,8.71807198654036,0.00343880391922478,0.0121014946921961,0.0121014946921961,"gpath_trio"
"7500","AC005082.1","Exc L3-4 RORB CUX2",-0.236872489568929,-1.35181619570378,2.18587229238509,0.140492533468052,0.248634812519118,0.248634812519118,"gpath_trio"
"7501","MALSU1","Exc L3-4 RORB CUX2",-0.0783784607492015,4.46946814761706,13.6660256248406,0.000266326406970621,0.00136930052513565,0.00136930052513565,"gpath_trio"
"7502","IGF2BP3","Exc L3-4 RORB CUX2",-0.179142671658431,1.36989324009532,13.4398285196263,0.00029863616635785,0.00150850892745859,0.00150850892745859,"gpath_trio"
"7503","TRA2A","Exc L3-4 RORB CUX2",0.0876367729922118,7.19728825530951,24.882502452438,1.11565069036552e-06,1.14371202632745e-05,1.14371202632745e-05,"gpath_trio"
"7504","CCDC126","Exc L3-4 RORB CUX2",0.0224484726463723,4.29372507157244,0.959041804235712,0.328338729807774,0.474503103442129,0.474503103442129,"gpath_trio"
"7505","FAM221A","Exc L3-4 RORB CUX2",-0.00305809911380846,3.52152985149739,0.0104432736733189,0.918682777834109,0.959116641125855,0.959116641125855,"gpath_trio"
"7506","STK31","Exc L3-4 RORB CUX2",0.0406279654958001,1.57880688085813,0.341704292098483,0.559353990004458,0.695414238752983,0.695414238752983,"gpath_trio"
"7507","AC004485.1","Exc L3-4 RORB CUX2",0.207750206914019,1.38767759287257,7.21589826893783,0.0076914707368015,0.0237743867190088,0.0237743867190088,"gpath_trio"
"7508","MPP6","Exc L3-4 RORB CUX2",0.136800388877778,6.84803562068915,58.5936390751926,3.80489772238682e-13,1.95327764756117e-11,1.95327764756117e-11,"gpath_trio"
"7509","GSDME","Exc L3-4 RORB CUX2",0.0156899803952667,3.71990475313399,0.174650220955596,0.676356572700012,0.792119641056783,0.792119641056783,"gpath_trio"
"7510","OSBPL3","Exc L3-4 RORB CUX2",0.130121686242296,6.75611400531223,17.3601507600555,4.21272155427695e-05,0.000277206971159613,0.000277206971159613,"gpath_trio"
"7511","CYCS","Exc L3-4 RORB CUX2",-0.287883380679039,5.49162920796778,87.785986960274,3.66529177413218e-18,6.78415243514833e-16,6.78415243514833e-16,"gpath_trio"
"7512","C7orf31","Exc L3-4 RORB CUX2",-0.0398373246782926,0.849806537025857,0.260346663060401,0.610314971566844,0.737930273963866,0.737930273963866,"gpath_trio"
"7513","AC005165.1","Exc L3-4 RORB CUX2",0.0531220180830006,3.32663187701102,0.562883809365342,0.453779012940777,0.599824021572429,0.599824021572429,"gpath_trio"
"7514","NFE2L3","Exc L3-4 RORB CUX2",-0.368056304078134,1.67201802864422,20.2422374423766,1.0295940140207e-05,8.1299644747036e-05,8.1299644747036e-05,"gpath_trio"
"7515","AC004520.1","Exc L3-4 RORB CUX2",0.179580572470645,-0.356336008798932,2.63181869313958,0.105953562532631,0.199871164830258,0.199871164830258,"gpath_trio"
"7516","HNRNPA2B1","Exc L3-4 RORB CUX2",-0.0462123332886921,6.78755086152971,4.9741619288156,0.0265824363890869,0.0657876170448758,0.0657876170448758,"gpath_trio"
"7517","CBX3","Exc L3-4 RORB CUX2",-0.107303147429642,5.22973574884598,30.6572558568682,7.52241786009523e-08,1.03948479676316e-06,1.03948479676316e-06,"gpath_trio"
"7518","SNX10","Exc L3-4 RORB CUX2",-0.0260580478084128,6.79350961151248,2.78305829168932,0.0964698681587894,0.185465941500245,0.185465941500245,"gpath_trio"
"7519","AC004540.2","Exc L3-4 RORB CUX2",-0.110871064876159,-0.72874863924406,1.05897837547426,0.325626422265252,0.471236860282725,0.471236860282725,"gpath_trio"
"7520","AC004540.1","Exc L3-4 RORB CUX2",0.103429159125027,4.54624868531686,2.38465850640955,0.12374788314889,0.225550053530477,0.225550053530477,"gpath_trio"
"7521","SKAP2","Exc L3-4 RORB CUX2",0.0342492402320958,6.63223659493998,3.56287339317866,0.0601990440681031,0.127951508014536,0.127951508014536,"gpath_trio"
"7522","HIBADH","Exc L3-4 RORB CUX2",0.0846716403570965,5.98637957556918,13.1516001349939,0.000345648989010797,0.00171044109720207,0.00171044109720207,"gpath_trio"
"7523","AC005091.1","Exc L3-4 RORB CUX2",0.0230259798986882,-0.0753135698632368,0.0600968423891529,0.965456492294108,0.982154332998872,0.982154332998872,"gpath_trio"
"7524","TAX1BP1","Exc L3-4 RORB CUX2",-0.0292608024733442,7.13453755344442,4.67265583528904,0.0315592383611254,0.0758293689635567,0.0758293689635567,"gpath_trio"
"7525","JAZF1","Exc L3-4 RORB CUX2",0.110090029164258,8.29396018610185,80.2438379641673,6.5502985288089e-17,8.43146114333149e-15,8.43146114333149e-15,"gpath_trio"
"7526","JAZF1-AS1","Exc L3-4 RORB CUX2",0.0837157022753852,5.61250680638076,5.0298945535501,0.0257563008670822,0.0641601889113944,0.0641601889113944,"gpath_trio"
"7527","CREB5","Exc L3-4 RORB CUX2",-0.411774395346098,2.62898476842162,1.80972789094719,0.179712970027328,0.300179114312338,0.300179114312338,"gpath_trio"
"7528","TRIL","Exc L3-4 RORB CUX2",-0.0286919119537255,-0.47879357373834,0.0653373755014991,0.798452726354413,0.882382983906676,0.882382983906676,"gpath_trio"
"7529","AC005162.3","Exc L3-4 RORB CUX2",0.11573766374513,3.90653321314827,1.55997909629734,0.212791588835648,0.341397240935126,0.341397240935126,"gpath_trio"
"7530","CPVL","Exc L3-4 RORB CUX2",-0.366159231818645,0.371658774142783,9.68211778782528,0.00206820926433772,0.00785859402901728,0.00785859402901728,"gpath_trio"
"7531","AC007255.1","Exc L3-4 RORB CUX2",0.040584240697174,1.82780459765773,0.267994188658198,0.605120639509542,0.73354016115514,0.73354016115514,"gpath_trio"
"7532","WIPF3","Exc L3-4 RORB CUX2",0.109960914674589,7.1748870060635,13.7901971501199,0.000250122404629923,0.00129743995049379,0.00129743995049379,"gpath_trio"
"7533","SCRN1","Exc L3-4 RORB CUX2",-0.0296584273198688,6.48754091507018,4.0709256955421,0.0446546467969542,0.10068255466345,0.10068255466345,"gpath_trio"
"7534","AC007285.1","Exc L3-4 RORB CUX2",0.0621258213806793,3.62160566509618,3.24449917575154,0.0728221348039588,0.148959400757363,0.148959400757363,"gpath_trio"
"7535","FKBP14","Exc L3-4 RORB CUX2",0.062791465265696,4.24235803566511,4.73113116164377,0.0305227140125485,0.0738010253119805,0.0738010253119805,"gpath_trio"
"7536","PLEKHA8","Exc L3-4 RORB CUX2",0.0486347567547298,5.35359272991734,6.82048162409493,0.00953562244681371,0.028437721044267,0.028437721044267,"gpath_trio"
"7537","AC007285.2","Exc L3-4 RORB CUX2",-0.354598236473238,-1.03341870549066,7.53205043603878,0.00648340269059131,0.0206508344914958,0.0206508344914958,"gpath_trio"
"7538","MTURN","Exc L3-4 RORB CUX2",-0.0411534705203587,6.95337041205022,4.68131698403207,0.0314034103270632,0.0755411712589125,0.0755411712589125,"gpath_trio"
"7539","ZNRF2","Exc L3-4 RORB CUX2",0.00575759593523185,5.43370537147614,0.0860483084459544,0.769496338661896,0.86305251459327,0.86305251459327,"gpath_trio"
"7540","AC006978.2","Exc L3-4 RORB CUX2",0.0814285792444844,5.3194823222614,13.973996238385,0.000227953907242426,0.00119702500744819,0.00119702500744819,"gpath_trio"
"7541","NOD1","Exc L3-4 RORB CUX2",0.0504089864074367,3.49170329349556,2.028143323155,0.155608161181346,0.268737771942618,0.268737771942618,"gpath_trio"
"7542","GGCT","Exc L3-4 RORB CUX2",-0.143878186336515,3.65526859587991,14.5286126867661,0.000172408519036609,0.000934451415369738,0.000934451415369738,"gpath_trio"
"7543","AC005154.6","Exc L3-4 RORB CUX2",0.0914034161668545,5.97347034739775,27.4629090341385,3.31404146131803e-07,3.90086268857008e-06,3.90086268857008e-06,"gpath_trio"
"7544","AC005154.5","Exc L3-4 RORB CUX2",-0.212498683928144,0.374702994394189,6.92457318487531,0.00900987062524185,0.0271385697020386,0.0271385697020386,"gpath_trio"
"7545","GARS","Exc L3-4 RORB CUX2",0.025877269036114,5.50039856953675,0.911977706290042,0.340477236965082,0.487172216721314,0.487172216721314,"gpath_trio"
"7546","CRHR2","Exc L3-4 RORB CUX2",0.169249917569381,3.619365708157,5.54921272759961,0.0192320184645777,0.0506737098221042,0.0506737098221042,"gpath_trio"
"7547","INMT","Exc L3-4 RORB CUX2",-0.00621837621252366,-0.518874722983192,0.00391421767422331,0.950161996680196,0.975639335814786,0.975639335814786,"gpath_trio"
"7548","AC004691.2","Exc L3-4 RORB CUX2",0.148340319043506,0.698787724660236,3.66158668643439,0.0567786575515975,0.121862703840796,0.121862703840796,"gpath_trio"
"7549","AQP1","Exc L3-4 RORB CUX2",0.0297369876792886,1.78809062698754,0.312858717688513,0.576412715878524,0.709828880110433,0.709828880110433,"gpath_trio"
"7550","ADCYAP1R1","Exc L3-4 RORB CUX2",0.084334904454288,4.12939197042481,6.76691571097694,0.00981840650894903,0.0291560717277078,0.0291560717277078,"gpath_trio"
"7551","NEUROD6","Exc L3-4 RORB CUX2",-0.254144259930527,4.303863186034,21.2369388484468,6.36497755817171e-06,5.31292603376559e-05,5.31292603376559e-05,"gpath_trio"
"7552","CCDC129","Exc L3-4 RORB CUX2",-0.100714796174913,1.32725304027715,2.77657682498937,0.0968566116695272,0.186085338580393,0.186085338580393,"gpath_trio"
"7553","PPP1R17","Exc L3-4 RORB CUX2",0.0371265661226065,-0.719140639860807,0.0872972868036545,0.767877442532379,0.862003527881747,0.862003527881747,"gpath_trio"
"7554","PDE1C","Exc L3-4 RORB CUX2",0.0408065402516169,6.60507134836379,0.634936652413721,0.426277281211986,0.57436225000097,0.57436225000097,"gpath_trio"
"7555","LSM5","Exc L3-4 RORB CUX2",-0.195256992369012,4.24648097484306,64.0320965437509,4.0709791666682e-14,2.67530959894237e-12,2.67530959894237e-12,"gpath_trio"
"7556","AVL9","Exc L3-4 RORB CUX2",0.0452847404282712,6.95937977594742,13.5216977581045,0.000286506082517535,0.00145782098733701,0.00145782098733701,"gpath_trio"
"7557","AC018645.2","Exc L3-4 RORB CUX2",-0.146600541257922,-0.251235586864346,2.53874011524553,0.112298291706103,0.209101802969139,0.209101802969139,"gpath_trio"
"7558","LINC00997","Exc L3-4 RORB CUX2",0.350719404782603,0.341407711616474,21.2956895717513,6.18721926371551e-06,5.19031803099627e-05,5.19031803099627e-05,"gpath_trio"
"7559","AC018648.1","Exc L3-4 RORB CUX2",0.070921953458981,0.276291471296758,0.824738654962581,0.364639286994745,0.512690613639903,0.512690613639903,"gpath_trio"
"7560","KBTBD2","Exc L3-4 RORB CUX2",-0.0515589520114774,4.27207158434343,4.16070361613348,0.0423829742155705,0.0965533542004442,0.0965533542004442,"gpath_trio"
"7561","FKBP9","Exc L3-4 RORB CUX2",-0.0461092085870413,3.91954196179422,2.68998872940141,0.102189748778146,0.194424573896557,0.194424573896557,"gpath_trio"
"7562","NT5C3A","Exc L3-4 RORB CUX2",-0.0250824897263222,5.43724229949377,1.52578347676641,0.217861361594229,0.347431267896891,0.347431267896891,"gpath_trio"
"7563","RP9","Exc L3-4 RORB CUX2",-0.041811243619961,3.49211453689814,2.12021438534947,0.185220194032141,0.307061317290022,0.307061317290022,"gpath_trio"
"7564","BBS9","Exc L3-4 RORB CUX2",0.110442993909024,7.03624958995032,46.5567292209666,6.23149843700762e-11,1.87642508905416e-09,1.87642508905416e-09,"gpath_trio"
"7565","BMPER","Exc L3-4 RORB CUX2",0.0592355556360783,7.52198031671891,5.25496594548236,0.0226834043191454,0.0579141587115614,0.0579141587115614,"gpath_trio"
"7566","AC009262.1","Exc L3-4 RORB CUX2",0.0534103946717742,4.09317154730327,0.954907660841886,0.32938154555696,0.475749762429243,0.475749762429243,"gpath_trio"
"7567","NPSR1","Exc L3-4 RORB CUX2",-0.0337624363591791,0.718279386398811,0.232278190390772,0.686105330910987,0.799432575866541,0.799432575866541,"gpath_trio"
"7568","DPY19L1","Exc L3-4 RORB CUX2",0.111112885771866,6.01362504610132,11.8661129173883,0.000666255597093432,0.00300642063774547,0.00300642063774547,"gpath_trio"
"7569","HERPUD2","Exc L3-4 RORB CUX2",0.0433953363735388,4.99051749673176,5.24433829406704,0.0228195276619709,0.0581954203741958,0.0581954203741958,"gpath_trio"
"7570","AC018647.2","Exc L3-4 RORB CUX2",-0.0794943772117449,1.20107967775662,2.12283446040933,0.146324368318375,0.256369442537838,0.256369442537838,"gpath_trio"
"7571","SEPT7-AS1","Exc L3-4 RORB CUX2",0.00637842613660936,2.5562461191755,0.0224004023201403,0.881142869668803,0.937043151195992,0.937043151195992,"gpath_trio"
"7572","SEPT7","Exc L3-4 RORB CUX2",-0.037921567600162,7.64402071416401,4.92189652276073,0.0273823820247559,0.0673969876802984,0.0673969876802984,"gpath_trio"
"7573","EEPD1","Exc L3-4 RORB CUX2",0.0775366248730163,4.77675324294682,5.46197869210656,0.0201941449574953,0.0527604138082432,0.0527604138082432,"gpath_trio"
"7574","KIAA0895","Exc L3-4 RORB CUX2",0.103764389897053,4.68614636762994,23.6505936815429,2.00227944559195e-06,1.91379671918687e-05,1.91379671918687e-05,"gpath_trio"
"7575","AOAH","Exc L3-4 RORB CUX2",-0.105821658792568,3.87133858350628,5.91269611625193,0.0157081040363535,0.0430527100846939,0.0430527100846939,"gpath_trio"
"7576","ELMO1","Exc L3-4 RORB CUX2",0.015280354464036,7.64724898683234,0.653931442244302,0.419449890260834,0.567717800618028,0.567717800618028,"gpath_trio"
"7577","ELMO1-AS1","Exc L3-4 RORB CUX2",-0.439253946630447,-0.285874040240935,6.45661354256579,0.011635887029419,0.033536382202678,0.033536382202678,"gpath_trio"
"7578","EPDR1","Exc L3-4 RORB CUX2",-0.0817888761752673,5.58410753695644,8.98893163602121,0.00297928579723019,0.0107189568442668,0.0107189568442668,"gpath_trio"
"7579","SFRP4","Exc L3-4 RORB CUX2",-0.299160014223285,1.25681114968894,17.2014291511912,4.55584450129161e-05,0.000297264433420305,0.000297264433420305,"gpath_trio"
"7580","STARD3NL","Exc L3-4 RORB CUX2",-0.0529038725217794,4.66970817825681,4.95369497218818,0.0268927395330178,0.0664251983445929,0.0664251983445929,"gpath_trio"
"7581","TRGC2","Exc L3-4 RORB CUX2",-0.354774877811926,-0.592500221176776,9.293480579401,0.00253694668461636,0.0093638674281257,0.0093638674281257,"gpath_trio"
"7582","AC006033.2","Exc L3-4 RORB CUX2",0.0733784387290127,-1.75843987087444,0.109645831640978,0.740814421567923,0.842024279162414,0.842024279162414,"gpath_trio"
"7583","AMPH","Exc L3-4 RORB CUX2",0.0857240581611527,8.21693018743539,25.2075256128424,9.56686797172659e-07,9.94802489530324e-06,9.94802489530324e-06,"gpath_trio"
"7584","VPS41","Exc L3-4 RORB CUX2",0.0214056812132866,7.1352322367133,2.23502333861756,0.136127269562809,0.242976547229581,0.242976547229581,"gpath_trio"
"7585","POU6F2","Exc L3-4 RORB CUX2",0.185781322967197,8.56144697267041,22.1670882217063,4.06902376542934e-06,3.58169958409847e-05,3.58169958409847e-05,"gpath_trio"
"7586","POU6F2-AS2","Exc L3-4 RORB CUX2",-0.176322555791142,1.38738526384763,8.94378638960085,0.00305127121326936,0.0109283502090732,0.0109283502090732,"gpath_trio"
"7587","AC011290.1","Exc L3-4 RORB CUX2",-0.00936729900884566,1.1671986853311,0.0143703113667076,0.904673766410232,0.951704726109419,0.951704726109419,"gpath_trio"
"7588","YAE1D1","Exc L3-4 RORB CUX2",0.0733992093823769,4.48553493486968,10.96482473113,0.00106020161916991,0.00445615993057352,0.00445615993057352,"gpath_trio"
"7589","RALA","Exc L3-4 RORB CUX2",-0.0117198815330668,5.70486655347741,0.43920330131064,0.508094286957774,0.650101613354458,0.650101613354458,"gpath_trio"
"7590","LINC00265","Exc L3-4 RORB CUX2",-0.0248831397835158,2.87814482012061,0.459708235181912,0.498363293606544,0.641597820720568,0.641597820720568,"gpath_trio"
"7591","AC072061.1","Exc L3-4 RORB CUX2",0.0475204482670198,-0.151341053969741,0.272802469016306,0.601902728783871,0.730967730094023,0.730967730094023,"gpath_trio"
"7592","CDK13","Exc L3-4 RORB CUX2",0.0480308681863761,7.67605073142998,16.0374271802136,8.10980785902002e-05,0.000486950516534908,0.000486950516534908,"gpath_trio"
"7593","MPLKIP","Exc L3-4 RORB CUX2",0.0278830921620066,4.05835893861784,1.46193079552925,0.227721485758377,0.358834255276936,0.358834255276936,"gpath_trio"
"7594","SUGCT","Exc L3-4 RORB CUX2",0.0122454394984556,4.49380955891203,0.194212584668049,0.659799586593932,0.778788367485736,0.778788367485736,"gpath_trio"
"7595","LINC01449","Exc L3-4 RORB CUX2",0.135494834372507,-0.893774420299047,1.22317365970475,0.269760980913261,0.409051318295756,0.409051318295756,"gpath_trio"
"7596","INHBA","Exc L3-4 RORB CUX2",-0.165752950588684,1.37623973773099,4.56523934246853,0.0335607684839088,0.0798171052885607,0.0798171052885607,"gpath_trio"
"7597","INHBA-AS1","Exc L3-4 RORB CUX2",-0.180728442636849,2.24803607738044,3.21183689040696,0.074269969063399,0.151414372054777,0.151414372054777,"gpath_trio"
"7598","AC010132.1","Exc L3-4 RORB CUX2",0.043674161112078,-1.5177269774828,0.0411031176994469,0.839497565465787,0.909312970217559,0.909312970217559,"gpath_trio"
"7599","AC010132.4","Exc L3-4 RORB CUX2",0.0943936376152265,0.00129297679377011,1.26533077858421,0.261681795105316,0.399865955938025,0.399865955938025,"gpath_trio"
"7600","C7orf25","Exc L3-4 RORB CUX2",0.044462736757037,0.293417341928749,0.365079441677226,0.720421059126372,0.826669028999805,0.826669028999805,"gpath_trio"
"7601","AC010132.3","Exc L3-4 RORB CUX2",0.0723503236295052,0.147503793423978,0.820611754941599,0.365840049798411,0.513998885946621,0.513998885946621,"gpath_trio"
"7602","MRPL32","Exc L3-4 RORB CUX2",-0.177010732907113,4.19658053722891,33.7638581919107,1.81384471866659e-08,2.95571646295815e-07,2.95571646295815e-07,"gpath_trio"
"7603","AC005537.1","Exc L3-4 RORB CUX2",0.0841157997733667,5.88229765428918,6.28923267802509,0.0127573024584259,0.0362658274057689,0.0362658274057689,"gpath_trio"
"7604","HECW1","Exc L3-4 RORB CUX2",0.116472704286859,9.78073225855069,80.2029635183558,6.6546619830161e-17,8.4973294624905e-15,8.4973294624905e-15,"gpath_trio"
"7605","AC004692.2","Exc L3-4 RORB CUX2",-0.334643716518098,-0.131021097085429,11.326635916943,0.000879422214974551,0.00379109897160504,0.00379109897160504,"gpath_trio"
"7606","LUARIS","Exc L3-4 RORB CUX2",-0.375464504510466,0.569078494514673,20.963713802758,7.26200485365506e-06,5.94361459041485e-05,5.94361459041485e-05,"gpath_trio"
"7607","STK17A","Exc L3-4 RORB CUX2",-0.00424183813747967,3.35429946303756,0.0181875044175115,0.892826070378982,0.94446130295176,0.94446130295176,"gpath_trio"
"7608","COA1","Exc L3-4 RORB CUX2",0.0442496550181729,6.37011320976159,7.80011918248228,0.0056125347128498,0.0183700337170254,0.0183700337170254,"gpath_trio"
"7609","BLVRA","Exc L3-4 RORB CUX2",-0.0535282740943789,3.90041602234987,4.17111427460504,0.0421275748167986,0.0960921104379964,0.0960921104379964,"gpath_trio"
"7610","URGCP-MRPS24","Exc L3-4 RORB CUX2",0.165846642066526,-0.138685695358162,3.54656666661983,0.0607849681859636,0.128993029678323,0.128993029678323,"gpath_trio"
"7611","URGCP","Exc L3-4 RORB CUX2",0.0324565735609455,5.48542126311128,2.14319619656021,0.144411204365437,0.253785447639861,0.253785447639861,"gpath_trio"
"7612","UBE2D4","Exc L3-4 RORB CUX2",-0.0228329083938642,4.46329786034901,1.28353277383563,0.34807608528521,0.495165351898823,0.495165351898823,"gpath_trio"
"7613","SPDYE1","Exc L3-4 RORB CUX2",-0.449410546788781,2.89131174622764,45.9197691973262,8.21195471958716e-11,2.38383002111757e-09,2.38383002111757e-09,"gpath_trio"
"7614","AC004951.1","Exc L3-4 RORB CUX2",0.0846247945380403,3.27963103550863,5.67303931040581,0.0179474296362245,0.047927120173505,0.047927120173505,"gpath_trio"
"7615","LINC00957","Exc L3-4 RORB CUX2",-0.0374335371389459,2.06305996815554,0.743383870502818,0.389373561961376,0.537135836756974,0.537135836756974,"gpath_trio"
"7616","DBNL","Exc L3-4 RORB CUX2",-0.0792656916408827,4.62950074158801,11.108460978734,0.000984289777903565,0.00418857757207433,0.00418857757207433,"gpath_trio"
"7617","POLM","Exc L3-4 RORB CUX2",-0.105902232041837,2.61503449577906,7.73172725824864,0.0058226130884602,0.0189013709830789,0.0189013709830789,"gpath_trio"
"7618","POLD2","Exc L3-4 RORB CUX2",-0.0013317339030393,3.29587111047404,0.00160085681034934,0.968115293812845,0.983520119476013,0.983520119476013,"gpath_trio"
"7619","MYL7","Exc L3-4 RORB CUX2",0.171043928176293,-0.406723836661446,2.54396588567655,0.111931153014963,0.208687830337019,0.208687830337019,"gpath_trio"
"7620","GCK","Exc L3-4 RORB CUX2",-0.0905236978020531,1.27788513175424,2.05828081601775,0.152582567904515,0.264759035647509,0.264759035647509,"gpath_trio"
"7621","YKT6","Exc L3-4 RORB CUX2",-0.0145302779651535,3.75926194899691,0.317574559551163,0.573554593171055,0.707694259769548,0.707694259769548,"gpath_trio"
"7622","CAMK2B","Exc L3-4 RORB CUX2",-0.0197762274494826,8.18192716910079,1.1590056559632,0.2826697399755,0.423878549428105,0.423878549428105,"gpath_trio"
"7623","NUDCD3","Exc L3-4 RORB CUX2",-0.0188738226613652,6.75744335945224,1.83605319356226,0.176590319705683,0.296014880824286,0.296014880824286,"gpath_trio"
"7624","NPC1L1","Exc L3-4 RORB CUX2",0.281772615767051,0.215837112466055,5.66458449616516,0.0180322358819054,0.0480892620773904,0.0480892620773904,"gpath_trio"
"7625","DDX56","Exc L3-4 RORB CUX2",0.0209626048147231,3.8956287062246,0.603541896678875,0.437936015196037,0.584917943336787,0.584917943336787,"gpath_trio"
"7626","TMED4","Exc L3-4 RORB CUX2",-0.0900453051110254,4.98354070648342,15.0547756369926,0.000132416837998291,0.000742086029615423,0.000742086029615423,"gpath_trio"
"7627","OGDH","Exc L3-4 RORB CUX2",0.0226548229615157,6.32969198711833,2.35235719316496,0.126309598072897,0.229142715683904,0.229142715683904,"gpath_trio"
"7628","ZMIZ2","Exc L3-4 RORB CUX2",-0.0279459980356381,5.37252808161276,2.08875048072953,0.149591539769564,0.260847823236902,0.260847823236902,"gpath_trio"
"7629","PPIA","Exc L3-4 RORB CUX2",-0.221184254568239,6.99455539736189,59.2457932609918,2.90407038059315e-13,1.53685115296942e-11,1.53685115296942e-11,"gpath_trio"
"7630","H2AFV","Exc L3-4 RORB CUX2",0.0209884797420007,5.37904986189717,0.747154725007563,0.388175296547053,0.536069313973358,0.536069313973358,"gpath_trio"
"7631","PURB","Exc L3-4 RORB CUX2",-0.036326136382951,4.98708983209745,2.40288064064518,0.122328362217904,0.223548433672664,0.223548433672664,"gpath_trio"
"7632","AC004854.2","Exc L3-4 RORB CUX2",0.0812813926544198,-0.464942118053037,0.680561356493088,0.410149697203168,0.558389239562313,0.558389239562313,"gpath_trio"
"7633","SNHG15","Exc L3-4 RORB CUX2",-0.154983340540447,2.31426523677349,11.4484435838575,0.000825896068550662,0.00359649310918532,0.00359649310918532,"gpath_trio"
"7634","CCM2","Exc L3-4 RORB CUX2",-0.0790436137901197,5.68506257560024,22.0447467784832,4.31511854358467e-06,3.77239443525818e-05,3.77239443525818e-05,"gpath_trio"
"7635","NACAD","Exc L3-4 RORB CUX2",-0.157397790771363,3.12763657099921,21.9853130916638,4.44004926689513e-06,3.86445185330497e-05,3.86445185330497e-05,"gpath_trio"
"7636","TBRG4","Exc L3-4 RORB CUX2",-0.105902551325172,3.47331289802368,13.5618515321897,0.000280740786385819,0.0014328219998315,0.0014328219998315,"gpath_trio"
"7637","RAMP3","Exc L3-4 RORB CUX2",0.0843126512328843,1.00630860734031,0.93769438262328,0.333771374461967,0.480199492246322,0.480199492246322,"gpath_trio"
"7638","AC073325.1","Exc L3-4 RORB CUX2",-0.0689169674522402,-0.535322503450675,0.320967266841923,0.571515634758585,0.706039307528899,0.706039307528899,"gpath_trio"
"7639","ADCY1","Exc L3-4 RORB CUX2",0.0164605019919853,7.98081007527104,0.99754589787454,0.318833654342041,0.464136588235131,0.464136588235131,"gpath_trio"
"7640","IGFBP3","Exc L3-4 RORB CUX2",0.0143863680250062,2.39308962939484,0.0845465683769146,0.771459850060866,0.864437793667203,0.864437793667203,"gpath_trio"
"7641","AC011294.1","Exc L3-4 RORB CUX2",0.0806956355532481,-0.763185382909185,0.463059145460127,0.4968032355559,0.640161287433115,0.640161287433115,"gpath_trio"
"7642","TNS3","Exc L3-4 RORB CUX2",0.276493938791071,0.874385820909023,3.47393377667286,0.0634699787742468,0.13349737508032,0.13349737508032,"gpath_trio"
"7643","HUS1","Exc L3-4 RORB CUX2",0.0566007160110833,4.80702469634407,4.50832825878579,0.0346748781648968,0.0820797450401024,0.0820797450401024,"gpath_trio"
"7644","SUN3","Exc L3-4 RORB CUX2",-0.211580647859722,2.25949026002052,14.5340797751615,0.000171935511805208,0.000932472836201632,0.000932472836201632,"gpath_trio"
"7645","C7orf57","Exc L3-4 RORB CUX2",-0.287286350523272,-0.748416411872019,5.46027917669095,0.0202133792331554,0.0527971162647476,0.0527971162647476,"gpath_trio"
"7646","UPP1","Exc L3-4 RORB CUX2",-0.0580171618199037,4.72337800292277,3.37450293067057,0.0673538736486192,0.140002513997619,0.140002513997619,"gpath_trio"
"7647","ABCA13","Exc L3-4 RORB CUX2",-0.149835926372434,-0.300108293066418,2.83467942422753,0.0934493667784788,0.180781374494977,0.180781374494977,"gpath_trio"
"7648","VWC2","Exc L3-4 RORB CUX2",0.0610667942749496,5.31475651605022,2.01333880027351,0.157119462852182,0.270675874224471,0.270675874224471,"gpath_trio"
"7649","ZPBP","Exc L3-4 RORB CUX2",-0.250317442368182,1.82821180153954,24.1269805223985,1.59631740749188e-06,1.57562151155327e-05,1.57562151155327e-05,"gpath_trio"
"7650","SPATA48","Exc L3-4 RORB CUX2",-0.0967956777859254,0.021550868653284,1.20836997847762,0.272671977046368,0.412256979684539,0.412256979684539,"gpath_trio"
"7651","FIGNL1","Exc L3-4 RORB CUX2",-0.0096256459391208,3.17397397583703,0.0446926738841133,0.83273575631537,0.904660162816358,0.904660162816358,"gpath_trio"
"7652","GRB10","Exc L3-4 RORB CUX2",0.0681236675430184,6.88179149545376,15.9887480087374,8.30855745925321e-05,0.00049681430569186,0.00049681430569186,"gpath_trio"
"7653","AC004830.1","Exc L3-4 RORB CUX2",-0.141346144654216,1.59237214231876,3.56880302392062,0.0599874851059962,0.127582491251684,0.127582491251684,"gpath_trio"
"7654","COBL","Exc L3-4 RORB CUX2",0.165130253237022,8.11292080455618,78.103982456448,1.50252409955108e-16,1.7223536197979e-14,1.7223536197979e-14,"gpath_trio"
"7655","AC005999.1","Exc L3-4 RORB CUX2",0.135649046759435,0.365412918749229,1.95194668899286,0.163568401388868,0.278833333166067,0.278833333166067,"gpath_trio"
"7656","LINC01446","Exc L3-4 RORB CUX2",0.234654150580385,0.0452194674079137,0.722556110484001,0.396088785599839,0.544241044028928,0.544241044028928,"gpath_trio"
"7657","AC073521.1","Exc L3-4 RORB CUX2",0.120605907931885,-1.854163527177,0.348515088750901,0.555467651875977,0.692147481724282,0.692147481724282,"gpath_trio"
"7658","LINC01445","Exc L3-4 RORB CUX2",0.715901332869175,-1.26790817778198,8.06077247073074,0.00488066692999795,0.0162648588227137,0.0162648588227137,"gpath_trio"
"7659","VSTM2A","Exc L3-4 RORB CUX2",0.043359259732535,7.16421635043634,2.47154342332376,0.117140100797076,0.216063405885995,0.216063405885995,"gpath_trio"
"7660","SEC61G","Exc L3-4 RORB CUX2",-0.217790034884433,2.88303042951125,29.2752251711989,1.42513323623461e-07,1.85138847656363e-06,1.85138847656363e-06,"gpath_trio"
"7661","AC074351.1","Exc L3-4 RORB CUX2",0.0202807166565229,0.217849446770584,0.0543513301215568,0.815841001541054,0.893862941571128,0.893862941571128,"gpath_trio"
"7662","ELDR","Exc L3-4 RORB CUX2",-0.386651274752963,0.73970989795999,25.2764388563713,9.26037891456148e-07,9.65021408064451e-06,9.65021408064451e-06,"gpath_trio"
"7663","LANCL2","Exc L3-4 RORB CUX2",0.0286861943337877,6.14867451151278,3.66564576628554,0.0566425333279655,0.121648191387237,0.121648191387237,"gpath_trio"
"7664","VOPP1","Exc L3-4 RORB CUX2",-0.0125084248983307,6.06976608159829,0.284970559343275,0.59391776925754,0.724268072701334,0.724268072701334,"gpath_trio"
"7665","AC099681.1","Exc L3-4 RORB CUX2",0.0516860668892128,-0.494131748221077,0.238716425596672,0.625546548280565,0.750009010017258,0.750009010017258,"gpath_trio"
"7666","SEPT14","Exc L3-4 RORB CUX2",-0.150142686689481,0.834375886992682,5.71300422130105,0.0175521335951748,0.0470521253365202,0.0470521253365202,"gpath_trio"
"7667","AC092647.5","Exc L3-4 RORB CUX2",0.0998459819974199,2.3916902002541,5.32222945559584,0.021841276470895,0.0562152371763736,0.0562152371763736,"gpath_trio"
"7668","NIPSNAP2","Exc L3-4 RORB CUX2",-0.0230913329363963,5.87775627817984,1.40255529341197,0.237377679389555,0.370558239065636,0.370558239065636,"gpath_trio"
"7669","PSPH","Exc L3-4 RORB CUX2",0.0878072586269129,4.15572722495614,9.5530482654988,0.00221317040841826,0.00832259328794752,0.00832259328794752,"gpath_trio"
"7670","CCT6A","Exc L3-4 RORB CUX2",-0.100661473702341,4.63284688414857,22.3638872582835,3.70254978529956e-06,3.30088121601496e-05,3.30088121601496e-05,"gpath_trio"
"7671","SUMF2","Exc L3-4 RORB CUX2",-0.0825125345635966,5.17780351535909,14.7374833836964,0.000155241665817534,0.000852245063365646,0.000852245063365646,"gpath_trio"
"7672","PHKG1","Exc L3-4 RORB CUX2",-0.112722364197008,2.07366751375051,5.28049598579258,0.0223598545608317,0.0572692732975473,0.0572692732975473,"gpath_trio"
"7673","CHCHD2","Exc L3-4 RORB CUX2",-0.234527521885666,5.40211569573903,54.0914684043881,2.49791309281383e-12,1.0831410010032e-10,1.0831410010032e-10,"gpath_trio"
"7674","NUPR2","Exc L3-4 RORB CUX2",-0.220496307089564,0.32260970226455,4.53709857027878,0.0341068789743365,0.0809156024585182,0.0809156024585182,"gpath_trio"
"7675","AC118758.3","Exc L3-4 RORB CUX2",0.181961561350801,-0.236298450504368,2.88299657691894,0.0907157007090264,0.176932449903771,0.176932449903771,"gpath_trio"
"7676","AC092634.3","Exc L3-4 RORB CUX2",0.010229907176873,1.6986262568713,0.0141887225277872,0.905275098663254,0.951989841831178,0.951989841831178,"gpath_trio"
"7677","ZNF727","Exc L3-4 RORB CUX2",-0.0248533833549537,2.63936301610531,0.0732828189436445,0.786830397911202,0.87509940892274,0.87509940892274,"gpath_trio"
"7678","AC091685.1","Exc L3-4 RORB CUX2",-0.0494062035430896,-0.902160410681646,0.126387471499716,0.722495680406373,0.828216637536406,0.828216637536406,"gpath_trio"
"7679","ZNF679","Exc L3-4 RORB CUX2",-0.166392344266635,-1.26232679807383,1.00293873818668,0.317531563394815,0.462799486465209,0.462799486465209,"gpath_trio"
"7680","ZNF736","Exc L3-4 RORB CUX2",0.0587372808224988,5.21591605442187,5.54521048592404,0.0192750991357285,0.0507603609272058,0.0507603609272058,"gpath_trio"
"7681","ZNF680","Exc L3-4 RORB CUX2",0.0360911555056368,5.55446395493032,2.10842793844225,0.147695344313492,0.258390007936585,0.258390007936585,"gpath_trio"
"7682","ZNF107","Exc L3-4 RORB CUX2",0.0108834627399358,3.14842421792558,0.0741877867283614,0.785550370408337,0.87454357813642,0.87454357813642,"gpath_trio"
"7683","ZNF138","Exc L3-4 RORB CUX2",0.0686480078842313,5.69385749738681,8.61176773221273,0.0036384282993205,0.012669582623858,0.012669582623858,"gpath_trio"
"7684","ZNF273","Exc L3-4 RORB CUX2",0.0972343705211514,6.01994457994353,15.3134995109244,0.000116343100005541,0.000664935422836202,0.000664935422836202,"gpath_trio"
"7685","AC073349.1","Exc L3-4 RORB CUX2",-0.13519668091187,0.646213029110004,1.72023224673653,0.190820103344535,0.314012690454811,0.314012690454811,"gpath_trio"
"7686","ZNF117","Exc L3-4 RORB CUX2",0.163068793228946,3.80973033501947,18.0647313238829,2.97857044391165e-05,0.000205024424107531,0.000205024424107531,"gpath_trio"
"7687","ZNF92","Exc L3-4 RORB CUX2",0.017405961960316,3.36445086311174,0.277780478001739,0.59860905790403,0.728100132330833,0.728100132330833,"gpath_trio"
"7688","VKORC1L1","Exc L3-4 RORB CUX2",0.0202136311423097,6.08651230252282,1.60767604054276,0.205953016566355,0.333047620168822,0.333047620168822,"gpath_trio"
"7689","GUSB","Exc L3-4 RORB CUX2",-0.047310426686567,4.41976282980296,3.99333578208754,0.0467218711843397,0.104479466985597,0.104479466985597,"gpath_trio"
"7690","ASL","Exc L3-4 RORB CUX2",0.0163983734923954,3.24850203087315,0.253130592568784,0.615305235971558,0.741941798969118,0.741941798969118,"gpath_trio"
"7691","AC068533.4","Exc L3-4 RORB CUX2",0.0988937158751684,4.03729444118088,12.506198483041,0.000480113117594209,0.00226473746725816,0.00226473746725816,"gpath_trio"
"7692","CRCP","Exc L3-4 RORB CUX2",-0.0663121275514155,3.24712911430067,5.19729538904491,0.0234323871188255,0.0593532216098312,0.0593532216098312,"gpath_trio"
"7693","AC068533.3","Exc L3-4 RORB CUX2",-0.263910225987796,2.44174284418225,30.9956643179338,6.43671328432875e-08,9.03693044616093e-07,9.03693044616093e-07,"gpath_trio"
"7694","TPST1","Exc L3-4 RORB CUX2",0.0520490658841759,7.464028403349,8.74192746019676,0.00339556846189588,0.0119832804085368,0.0119832804085368,"gpath_trio"
"7695","AC008267.5","Exc L3-4 RORB CUX2",-0.0309289986095621,2.57533449591462,0.584019237731229,0.445434172589983,0.591809972473027,0.591809972473027,"gpath_trio"
"7696","AC027644.4","Exc L3-4 RORB CUX2",0.0939907135857804,5.57142723900272,13.6263661122392,0.000271723294368224,0.00139456053520196,0.00139456053520196,"gpath_trio"
"7697","RABGEF1","Exc L3-4 RORB CUX2",-0.167141207420196,2.74861809854128,14.652513378319,0.000162005682996223,0.000885043231640619,0.000885043231640619,"gpath_trio"
"7698","AC027644.3","Exc L3-4 RORB CUX2",-0.135939832592689,1.49899725882243,5.95737242814857,0.0153237933663241,0.0422058063024693,0.0422058063024693,"gpath_trio"
"7699","AC073335.2","Exc L3-4 RORB CUX2",-0.0976479247754458,-0.699268916057512,0.616418208814527,0.43309622825099,0.580502019994932,0.580502019994932,"gpath_trio"
"7700","TMEM248","Exc L3-4 RORB CUX2",-0.0772456422296844,5.48260584178277,14.3495970103113,0.000188648466888632,0.00101169133957421,0.00101169133957421,"gpath_trio"
"7701","SBDS","Exc L3-4 RORB CUX2",-0.100536500256217,4.56895481093887,8.44979374204559,0.00396568075160419,0.0136392105631801,0.0136392105631801,"gpath_trio"
"7702","TYW1","Exc L3-4 RORB CUX2",0.0283933485842408,6.13367997041789,2.54484320727048,0.111869646792813,0.208611713101488,0.208611713101488,"gpath_trio"
"7703","AC006480.2","Exc L3-4 RORB CUX2",-0.181184237336654,3.52789137424466,13.7893661502089,0.000250227452162148,0.00129743995049379,0.00129743995049379,"gpath_trio"
"7704","LINC01372","Exc L3-4 RORB CUX2",0.217997172233174,1.42516145360404,13.8703047661955,0.000240203203387074,0.00125351775176778,0.00125351775176778,"gpath_trio"
"7705","AC005482.1","Exc L3-4 RORB CUX2",-0.0387339532145373,-0.0672083447529023,0.0545055307336109,0.815585378569595,0.893648021925343,0.893648021925343,"gpath_trio"
"7706","AC093655.1","Exc L3-4 RORB CUX2",-0.0580071498741633,0.852984470128571,0.892222927079791,0.345752544719991,0.492832951089856,0.492832951089856,"gpath_trio"
"7707","AC092100.1","Exc L3-4 RORB CUX2",-0.131278533948883,1.41834550149721,5.72696970574542,0.0174161417475155,0.0468057359472659,0.0468057359472659,"gpath_trio"
"7708","AUTS2","Exc L3-4 RORB CUX2",0.0855015290509785,9.97866783937164,17.5459148348212,3.84419486375805e-05,0.000256131543514923,0.000256131543514923,"gpath_trio"
"7709","GALNT17","Exc L3-4 RORB CUX2",0.0734354276243906,9.18811966310789,15.0781445085084,0.000130876786066399,0.000735088852697548,0.000735088852697548,"gpath_trio"
"7710","CALN1","Exc L3-4 RORB CUX2",0.127905757802036,6.95962852511584,9.14164510374135,0.0027483983613602,0.0100052213894699,0.0100052213894699,"gpath_trio"
"7711","TYW1B","Exc L3-4 RORB CUX2",0.0840792249324484,5.81125963892541,8.66566120852901,0.00353578300037526,0.012375853926539,0.012375853926539,"gpath_trio"
"7712","POM121","Exc L3-4 RORB CUX2",0.0171170394486798,6.17370694995113,1.64845098454179,0.200312839440732,0.326096307247379,0.326096307247379,"gpath_trio"
"7713","AC211476.2","Exc L3-4 RORB CUX2",-0.399167790584924,0.37642053599744,30.3175895367904,8.79838218113012e-08,1.19132456714295e-06,1.19132456714295e-06,"gpath_trio"
"7714","NSUN5","Exc L3-4 RORB CUX2",-0.112926551100646,4.02862943521053,13.5845135502515,0.000277539103156729,0.0014197138453821,0.0014197138453821,"gpath_trio"
"7715","FZD9","Exc L3-4 RORB CUX2",-0.0599855115033257,-0.55383522438615,0.295937238684481,0.586906862612556,0.718672369094945,0.718672369094945,"gpath_trio"
"7716","BAZ1B","Exc L3-4 RORB CUX2",0.0675536434866528,6.06833953446559,16.6078894021165,6.10994566435733e-05,0.000383058277745212,0.000383058277745212,"gpath_trio"
"7717","BCL7B","Exc L3-4 RORB CUX2",-0.114779926844604,4.24282410380249,23.8835083890297,1.79218644378079e-06,1.74000777205377e-05,1.74000777205377e-05,"gpath_trio"
"7718","TBL2","Exc L3-4 RORB CUX2",0.0166747320609413,2.50917047675611,0.197851367727756,0.656830826376979,0.775988869365554,0.775988869365554,"gpath_trio"
"7719","MLXIPL","Exc L3-4 RORB CUX2",0.140935839505919,6.31301383164151,40.0803664169839,1.06331591243359e-09,2.3292506550866e-08,2.3292506550866e-08,"gpath_trio"
"7720","VPS37D","Exc L3-4 RORB CUX2",-0.017228887563249,1.91822649584262,0.141610457888758,0.706992104541832,0.816040145839662,0.816040145839662,"gpath_trio"
"7721","DNAJC30","Exc L3-4 RORB CUX2",-0.116330070545344,3.34572886539809,16.0018151901862,8.2547264300557e-05,0.000494328007498884,0.000494328007498884,"gpath_trio"
"7722","BUD23","Exc L3-4 RORB CUX2",-0.0173484394164666,4.45560957880934,0.568565991554166,0.451511640208011,0.597719641810802,0.597719641810802,"gpath_trio"
"7723","STX1A","Exc L3-4 RORB CUX2",-0.0695212577607272,6.22607972340782,7.39825090417159,0.00696889509833691,0.0219010672522539,0.0219010672522539,"gpath_trio"
"7724","ABHD11","Exc L3-4 RORB CUX2",-0.113850659501117,2.99824387536653,7.12462183532054,0.0080816868255008,0.0247604613268268,0.0247604613268268,"gpath_trio"
"7725","CLDN4","Exc L3-4 RORB CUX2",0.0137559392143215,2.52780925976301,0.0661252826777914,0.797267621130966,0.881656764099622,0.881656764099622,"gpath_trio"
"7726","METTL27","Exc L3-4 RORB CUX2",0.105336988917698,1.84334341837601,2.52187250075372,0.113492463443565,0.210722478370507,0.210722478370507,"gpath_trio"
"7727","ELN","Exc L3-4 RORB CUX2",-0.0547222851512569,2.5212285965795,0.785284710922771,0.376348609167813,0.524545071456242,0.524545071456242,"gpath_trio"
"7728","LIMK1","Exc L3-4 RORB CUX2",-0.0256288347675176,5.17517461555594,1.13656897794465,0.870199289336906,0.929932632332879,0.929932632332879,"gpath_trio"
"7729","EIF4H","Exc L3-4 RORB CUX2",-0.124549133056814,5.49922771643517,23.9566784810546,1.73089647926991e-06,1.68699693088263e-05,1.68699693088263e-05,"gpath_trio"
"7730","LAT2","Exc L3-4 RORB CUX2",-0.010819105771042,2.11596443302508,0.0692352152484781,0.958376240336078,0.979247437264137,0.979247437264137,"gpath_trio"
"7731","RFC2","Exc L3-4 RORB CUX2",-0.0467323354190715,2.62023885003138,1.80662207003946,0.180085587042359,0.300664243510393,0.300664243510393,"gpath_trio"
"7732","CLIP2","Exc L3-4 RORB CUX2",0.0826748124570359,6.95319254376535,16.7677554904226,5.64491074024086e-05,0.000357121587282406,0.000357121587282406,"gpath_trio"
"7733","GTF2IRD1","Exc L3-4 RORB CUX2",0.168778162299822,6.30371998753472,76.8900945968331,2.41227459985051e-16,2.68881989237481e-14,2.68881989237481e-14,"gpath_trio"
"7734","GTF2I","Exc L3-4 RORB CUX2",-0.0100180929013315,8.34710384083141,0.588080431390191,0.443858104052246,0.590338008389087,0.590338008389087,"gpath_trio"
"7735","GTF2IRD2","Exc L3-4 RORB CUX2",0.0754494597627324,2.72454020016664,2.10051657936027,0.148454413466989,0.259444383313888,0.259444383313888,"gpath_trio"
"7736","CASTOR2","Exc L3-4 RORB CUX2",0.119984417698622,5.97376757656882,22.4645446217543,3.52819172693352e-06,3.16361191515039e-05,3.16361191515039e-05,"gpath_trio"
"7737","RCC1L","Exc L3-4 RORB CUX2",0.00210110036203704,4.32284512592616,0.0089474513748316,0.924712578625124,0.962248621506183,0.962248621506183,"gpath_trio"
"7738","GTF2IRD2B","Exc L3-4 RORB CUX2",-0.0431047092580051,2.99896818204341,1.0380067430899,0.309232565263958,0.453563577186503,0.453563577186503,"gpath_trio"
"7739","AC211486.5","Exc L3-4 RORB CUX2",-0.328599866673374,2.73814894845052,33.0419062188996,2.52021204347099e-08,3.92324675748667e-07,3.92324675748667e-07,"gpath_trio"
"7740","TRIM73","Exc L3-4 RORB CUX2",0.0169474819731183,3.01875157207653,0.113406556054062,0.736570311188461,0.838523080252071,0.838523080252071,"gpath_trio"
"7741","POM121C","Exc L3-4 RORB CUX2",0.0322357647783702,6.2746333164447,4.53337637258833,0.0341798101246136,0.08105567755617,0.08105567755617,"gpath_trio"
"7742","SPDYE5","Exc L3-4 RORB CUX2",-0.536505400946394,3.98650579499334,103.824385084097,9.83561328393505e-21,3.96866996006779e-18,3.96866996006779e-18,"gpath_trio"
"7743","HIP1","Exc L3-4 RORB CUX2",-0.0585333185114892,-1.42087708324961,0.00579001733363583,0.939404516615081,0.970827073184574,0.970827073184574,"gpath_trio"
"7744","RHBDD2","Exc L3-4 RORB CUX2",-0.0312719645969511,6.09474704860358,1.03360533912739,0.310258467704162,0.454737710565308,0.454737710565308,"gpath_trio"
"7745","POR","Exc L3-4 RORB CUX2",0.0312017090306304,4.72585906177257,1.80476409773609,0.180308924187735,0.300862835620507,0.300862835620507,"gpath_trio"
"7746","TMEM120A","Exc L3-4 RORB CUX2",0.0372030999924444,3.15291593032653,1.16102819442314,0.462232144185485,0.607843404311183,0.607843404311183,"gpath_trio"
"7747","STYXL1","Exc L3-4 RORB CUX2",0.0838274733311336,5.08837835425191,7.74304309009168,0.00578730475201882,0.0188108383070694,0.0188108383070694,"gpath_trio"
"7748","MDH2","Exc L3-4 RORB CUX2",-0.144922731423167,4.71049905046352,32.6069148877133,3.07403575918043e-08,4.68065444841247e-07,4.68065444841247e-07,"gpath_trio"
"7749","SRRM3","Exc L3-4 RORB CUX2",0.136692070469545,8.21474150772473,79.8229666117046,7.70882807632168e-17,9.54144824783986e-15,9.54144824783986e-15,"gpath_trio"
"7750","HSPB1","Exc L3-4 RORB CUX2",0.0809479894074011,5.11498134672833,2.26239262437019,0.133762838820452,0.239860036725858,0.239860036725858,"gpath_trio"
"7751","YWHAG","Exc L3-4 RORB CUX2",-0.0975694166421889,7.67102581102693,22.8542612531055,2.92783932432861e-06,2.67644578016899e-05,2.67644578016899e-05,"gpath_trio"
"7752","SSC4D","Exc L3-4 RORB CUX2",-0.203324909691215,0.963331536131149,7.4503981751219,0.00677538021356825,0.021395100298754,0.021395100298754,"gpath_trio"
"7753","ZP3","Exc L3-4 RORB CUX2",-0.0571855251327661,2.4786084014835,1.34358006787968,0.247467020397642,0.382701011001121,0.382701011001121,"gpath_trio"
"7754","DTX2","Exc L3-4 RORB CUX2",0.080068389387567,3.41961574340197,7.05243056706571,0.00840471736929363,0.025598607023777,0.025598607023777,"gpath_trio"
"7755","SPDYE16","Exc L3-4 RORB CUX2",-0.334601210362888,2.58176029422053,59.1475958319536,3.02453233534555e-13,1.58493350300251e-11,1.58493350300251e-11,"gpath_trio"
"7756","POMZP3","Exc L3-4 RORB CUX2",-0.0323512299076515,3.53615046549108,0.599545923148773,0.439454840415251,0.586143157832718,0.586143157832718,"gpath_trio"
"7757","CCDC146","Exc L3-4 RORB CUX2",0.0770454447018051,5.55273399410286,9.65289640600593,0.00210015601786868,0.00795095658857209,0.00795095658857209,"gpath_trio"
"7758","AC098851.1","Exc L3-4 RORB CUX2",0.037853082428648,-1.20518087062383,0.0752729330021064,0.985153969000412,0.992483837240753,0.992483837240753,"gpath_trio"
"7759","GSAP","Exc L3-4 RORB CUX2",-0.0367520879029646,5.32051917130358,1.79603307817032,0.181362756425758,0.302171410594572,0.302171410594572,"gpath_trio"
"7760","PTPN12","Exc L3-4 RORB CUX2",0.00588196695448611,6.52538990911468,0.0928058831901555,0.760883605653875,0.857185614175604,0.857185614175604,"gpath_trio"
"7761","APTR","Exc L3-4 RORB CUX2",0.101437860872027,4.47753825507292,14.7903473348814,0.000151178689365909,0.000833797172760312,0.000833797172760312,"gpath_trio"
"7762","RSBN1L","Exc L3-4 RORB CUX2",-0.0321238010168122,6.41521153423878,3.02262069495765,0.0832944066860234,0.165629364563459,0.165629364563459,"gpath_trio"
"7763","TMEM60","Exc L3-4 RORB CUX2",-0.24157127385853,2.66082105948786,47.6020202403648,3.96744896236934e-11,1.26851478313473e-09,1.26851478313473e-09,"gpath_trio"
"7764","PHTF2","Exc L3-4 RORB CUX2",0.038268056413509,6.88301808735395,6.30972482641381,0.0126142070851772,0.0359502229048522,0.0359502229048522,"gpath_trio"
"7765","AC004990.1","Exc L3-4 RORB CUX2",-0.258127078924625,-0.715791412915457,4.58212480938524,0.0332375027585925,0.0791696125330112,0.0791696125330112,"gpath_trio"
"7766","MAGI2","Exc L3-4 RORB CUX2",0.146839898483069,11.7145734976111,71.4422426968282,2.06489388100503e-15,1.89360154769439e-13,1.89360154769439e-13,"gpath_trio"
"7767","AC006355.2","Exc L3-4 RORB CUX2",-0.229473528472129,3.314210649626,16.3061231489089,7.09628687201391e-05,0.000432661189612816,0.000432661189612816,"gpath_trio"
"7768","GNAI1","Exc L3-4 RORB CUX2",0.00219798628522527,5.95623389496069,0.0164580818092589,0.898019397753053,0.947471046421287,0.947471046421287,"gpath_trio"
"7769","CD36","Exc L3-4 RORB CUX2",-0.0278970481980459,2.46549962401587,0.278087977450214,0.598406842880296,0.727982275392546,0.727982275392546,"gpath_trio"
"7770","SEMA3C","Exc L3-4 RORB CUX2",0.0811094719673435,4.33381767515227,1.13197892974375,0.288340715285459,0.430335399532781,0.430335399532781,"gpath_trio"
"7771","CACNA2D1","Exc L3-4 RORB CUX2",0.0926246568466711,9.37416797130239,52.3881058187781,5.13006067167261e-12,2.03337866504902e-10,2.03337866504902e-10,"gpath_trio"
"7772","AC006145.1","Exc L3-4 RORB CUX2",-0.336094118139165,0.355562216612323,16.3442866203739,6.96313046022309e-05,0.000426346455341429,0.000426346455341429,"gpath_trio"
"7773","PCLO","Exc L3-4 RORB CUX2",0.120285317055374,8.96188324106152,44.0892492284252,1.82165978977687e-10,4.82309530954703e-09,4.82309530954703e-09,"gpath_trio"
"7774","SEMA3E","Exc L3-4 RORB CUX2",-0.466235714917825,-0.87324201589071,1.54245988942353,0.215371123377275,0.3442491217031,0.3442491217031,"gpath_trio"
"7775","SEMA3A","Exc L3-4 RORB CUX2",0.15571487163951,6.96264474789905,9.96502848655444,0.00178341803826383,0.00690869026919602,0.00690869026919602,"gpath_trio"
"7776","AC003984.1","Exc L3-4 RORB CUX2",0.152681508123526,-0.917423983163524,1.31519935692017,0.252509680140615,0.389032668716068,0.389032668716068,"gpath_trio"
"7777","SEMA3D","Exc L3-4 RORB CUX2",0.210760623724338,1.47201195212316,3.71698619754957,0.0549505404895707,0.118811183622022,0.118811183622022,"gpath_trio"
"7778","LINC00972","Exc L3-4 RORB CUX2",-0.263485945466096,-0.729283235981172,3.6640741790219,0.0566951962748466,0.121721394047899,0.121721394047899,"gpath_trio"
"7779","GRM3","Exc L3-4 RORB CUX2",0.204164226960494,7.77920338674358,51.7899169550824,6.61193280543373e-12,2.53122854553369e-10,2.53122854553369e-10,"gpath_trio"
"7780","AC005009.2","Exc L3-4 RORB CUX2",-0.442885852560645,2.15647300281734,54.1023372971185,2.48650313936588e-12,1.08114656975661e-10,1.08114656975661e-10,"gpath_trio"
"7781","KIAA1324L","Exc L3-4 RORB CUX2",0.0670300324370239,5.98988617524838,10.148937344963,0.00162006427855553,0.00637684242202842,0.00637684242202842,"gpath_trio"
"7782","AC004023.1","Exc L3-4 RORB CUX2",0.0599351961984765,-0.604976295987026,0.346951702009127,0.704496579395948,0.814744539370206,0.814744539370206,"gpath_trio"
"7783","AC005076.1","Exc L3-4 RORB CUX2",-0.245072607459807,-0.571925491468734,4.94100000934648,0.0270871125178442,0.0667989848487358,0.0667989848487358,"gpath_trio"
"7784","DMTF1","Exc L3-4 RORB CUX2",0.0676702050381184,6.29476956473077,20.5167866548324,9.01367900280071e-06,7.21058580021825e-05,7.21058580021825e-05,"gpath_trio"
"7785","TMEM243","Exc L3-4 RORB CUX2",-0.0446744878596659,4.76879237851298,3.26666325443872,0.0718570203742868,0.147313828477923,0.147313828477923,"gpath_trio"
"7786","TP53TG1","Exc L3-4 RORB CUX2",0.0173728631115774,1.50758138056863,0.121193816542228,0.72802497723103,0.832025230767346,0.832025230767346,"gpath_trio"
"7787","CROT","Exc L3-4 RORB CUX2",-0.0120526927129218,5.02293203855889,0.219241834130186,0.640010482908912,0.762052141919694,0.762052141919694,"gpath_trio"
"7788","ABCB4","Exc L3-4 RORB CUX2",-0.214579282945288,-0.528884838629496,4.21487427241776,0.0410716955206953,0.0942364900636902,0.0942364900636902,"gpath_trio"
"7789","ABCB1","Exc L3-4 RORB CUX2",-0.0858497927978227,3.00244074400726,3.00788979637853,0.0840452874554501,0.166792610113487,0.166792610113487,"gpath_trio"
"7790","RUNDC3B","Exc L3-4 RORB CUX2",0.0632761684225984,7.658570346731,20.4565931222823,9.2802365883461e-06,7.39742288304554e-05,7.39742288304554e-05,"gpath_trio"
"7791","SLC25A40","Exc L3-4 RORB CUX2",0.00535716386184958,5.17473361973576,0.0813629079930908,0.775685952119085,0.867581099597545,0.867581099597545,"gpath_trio"
"7792","DBF4","Exc L3-4 RORB CUX2",0.037315399100893,3.89183107697199,1.78208331813556,0.229329347433554,0.36087041451306,0.36087041451306,"gpath_trio"
"7793","ADAM22","Exc L3-4 RORB CUX2",0.0504461801943633,8.29808997060829,12.4538777737641,0.000493112272683899,0.00231511941381751,0.00231511941381751,"gpath_trio"
"7794","SRI","Exc L3-4 RORB CUX2",-0.0578881938394628,5.53869412892425,5.28180147051425,0.022343439670017,0.0572344966153623,0.0572344966153623,"gpath_trio"
"7795","AC003991.1","Exc L3-4 RORB CUX2",0.119742627003785,4.24078162261126,5.51186026201291,0.0196380129431127,0.0515344577428848,0.0515344577428848,"gpath_trio"
"7796","STEAP4","Exc L3-4 RORB CUX2",-0.231419215169473,-0.882738998473339,3.79763944673301,0.0524004251993812,0.11444178052332,0.11444178052332,"gpath_trio"
"7797","AC002127.2","Exc L3-4 RORB CUX2",0.0887940906541423,0.911782194373497,1.40714225514485,0.236614203688558,0.369537974873561,0.369537974873561,"gpath_trio"
"7798","ZNF804B","Exc L3-4 RORB CUX2",0.0768965074882548,8.1584896577138,2.30918983805471,0.129826127495146,0.234195468724479,0.234195468724479,"gpath_trio"
"7799","AC002383.1","Exc L3-4 RORB CUX2",-0.12800636197945,2.66345611954672,4.13589199751129,0.0429982912661551,0.0976793746531561,0.0976793746531561,"gpath_trio"
"7800","AC004969.1","Exc L3-4 RORB CUX2",-0.0650083008886603,0.319555570327487,0.580828681811589,0.446678468441665,0.592955527096367,0.592955527096367,"gpath_trio"
"7801","STEAP1","Exc L3-4 RORB CUX2",-0.172723654250429,2.50309120307617,10.2245192975401,0.00155743309454934,0.00617555280710159,0.00617555280710159,"gpath_trio"
"7802","STEAP2","Exc L3-4 RORB CUX2",-0.0353510743983283,6.49621297760928,2.66541757117736,0.103761326094651,0.196728197909931,0.196728197909931,"gpath_trio"
"7803","CFAP69","Exc L3-4 RORB CUX2",-0.00352683917649456,5.68672378646813,0.0273615311590918,0.868747292839294,0.929073767984774,0.929073767984774,"gpath_trio"
"7804","AC002064.1","Exc L3-4 RORB CUX2",0.119167632671133,2.71357536894998,7.16166052345337,0.00792094187384062,0.0243568057163138,0.0243568057163138,"gpath_trio"
"7805","GTPBP10","Exc L3-4 RORB CUX2",0.0332158720633828,4.31806846211417,1.77815659752408,0.183542887272837,0.305074200582598,0.305074200582598,"gpath_trio"
"7806","CLDN12","Exc L3-4 RORB CUX2",0.0789494387057471,5.84754817458105,19.2465869091144,1.67067721887932e-05,0.000123918797392979,0.000123918797392979,"gpath_trio"
"7807","CDK14","Exc L3-4 RORB CUX2",0.0679329673414679,8.81753664309224,14.109200590216,0.000212928336312923,0.00112751422181449,0.00112751422181449,"gpath_trio"
"7808","AC002456.1","Exc L3-4 RORB CUX2",0.0376017401059084,-0.53845002204805,0.108010124796521,0.742685592049871,0.84348580385083,0.84348580385083,"gpath_trio"
"7809","FZD1","Exc L3-4 RORB CUX2",0.131998533421586,1.27935366215857,3.59286145944153,0.0591372476564888,0.126039929375624,0.126039929375624,"gpath_trio"
"7810","AC079760.2","Exc L3-4 RORB CUX2",-0.0051241316916625,2.14869141697165,0.00962006497795714,0.921942804955349,0.960208357336955,0.960208357336955,"gpath_trio"
"7811","AC079760.1","Exc L3-4 RORB CUX2",0.0582040919779349,5.78785900055765,3.16695889037701,0.0763102309615378,0.154636290643735,0.154636290643735,"gpath_trio"
"7812","AC000058.1","Exc L3-4 RORB CUX2",0.120364795956263,-0.0179090465404717,1.80882813362313,0.179820825040865,0.300321617980087,0.300321617980087,"gpath_trio"
"7813","MTERF1","Exc L3-4 RORB CUX2",0.0686792494595301,6.56149601691041,6.38202298742077,0.0121224755347878,0.0347204633609233,0.0347204633609233,"gpath_trio"
"7814","AKAP9","Exc L3-4 RORB CUX2",0.0576682348887215,7.70468899063957,11.4424455299568,0.000828452497675351,0.0036060472795254,0.0036060472795254,"gpath_trio"
"7815","CYP51A1","Exc L3-4 RORB CUX2",-0.201752427929994,-0.578683866391416,2.31021809986746,0.129741098642602,0.234063012171554,0.234063012171554,"gpath_trio"
"7816","LRRD1","Exc L3-4 RORB CUX2",0.155100932822475,2.28348864667588,9.98901417104528,0.00176119411605906,0.00684230527469507,0.00684230527469507,"gpath_trio"
"7817","CYP51A1-AS1","Exc L3-4 RORB CUX2",-0.0901342746569768,1.19956458030143,2.45309302616372,0.118509762192073,0.218011712612845,0.218011712612845,"gpath_trio"
"7818","KRIT1","Exc L3-4 RORB CUX2",0.0514882590092821,6.49687800459375,13.6784255982791,0.000264661441538247,0.00136282403854878,0.00136282403854878,"gpath_trio"
"7819","ANKIB1","Exc L3-4 RORB CUX2",0.0729040878022877,7.67128312428027,29.0166297988749,1.60682204549989e-07,2.05826252494986e-06,2.05826252494986e-06,"gpath_trio"
"7820","GATAD1","Exc L3-4 RORB CUX2",0.0322177633401097,4.84295030785646,1.61683958513726,0.204669263961219,0.331476471093971,0.331476471093971,"gpath_trio"
"7821","AC007566.1","Exc L3-4 RORB CUX2",0.0524139069202049,5.29801213592779,5.87553283741629,0.0160353987979114,0.0437181311821437,0.0437181311821437,"gpath_trio"
"7822","PEX1","Exc L3-4 RORB CUX2",0.0110907589255468,5.22614211368167,0.31791222007038,0.573351022903582,0.707570154580363,0.707570154580363,"gpath_trio"
"7823","RBM48","Exc L3-4 RORB CUX2",0.0544936334180245,4.96171294101695,2.52985031062044,0.112925916466385,0.209979757116067,0.209979757116067,"gpath_trio"
"7824","FAM133B","Exc L3-4 RORB CUX2",-0.0291304593268073,5.39004108777061,1.79356879762183,0.480162386625352,0.623497209896793,0.623497209896793,"gpath_trio"
"7825","CDK6","Exc L3-4 RORB CUX2",0.0671623571076935,6.81574130560099,13.8630313808684,0.00024108709867927,0.00125747989034495,0.00125747989034495,"gpath_trio"
"7826","AC002454.1","Exc L3-4 RORB CUX2",-0.0421223456859647,1.83741193609251,0.643311701191169,0.423246574015924,0.571476350607098,0.571476350607098,"gpath_trio"
"7827","VPS50","Exc L3-4 RORB CUX2",0.0767799360979805,6.78549944489857,23.8373696345514,1.83195680949402e-06,1.77435087045328e-05,1.77435087045328e-05,"gpath_trio"
"7828","GNGT1","Exc L3-4 RORB CUX2",0.190441242361634,2.44291237899652,10.3271995363554,0.00147628105539626,0.00589955926663661,0.00589955926663661,"gpath_trio"
"7829","BET1","Exc L3-4 RORB CUX2",-0.0118176869576473,4.00714506083034,0.16249131954982,0.687204366404677,0.800435776930568,0.800435776930568,"gpath_trio"
"7830","AC006378.1","Exc L3-4 RORB CUX2",-0.451649578410721,-0.975532712034189,12.2205182564645,0.000555592496040049,0.00256392811750336,0.00256392811750336,"gpath_trio"
"7831","AC002074.1","Exc L3-4 RORB CUX2",-0.0145607860181343,-1.43502249789949,0.00972443555600414,0.921521884470262,0.959869070121716,0.959869070121716,"gpath_trio"
"7832","CASD1","Exc L3-4 RORB CUX2",-0.0265291599601725,5.71403855508437,2.53972136953206,0.112229251722457,0.209031125692446,0.209031125692446,"gpath_trio"
"7833","SGCE","Exc L3-4 RORB CUX2",0.0565735415416291,6.24633366980334,10.9427265880354,0.0010723989625481,0.00449712098719767,0.00449712098719767,"gpath_trio"
"7834","PEG10","Exc L3-4 RORB CUX2",0.0169624979401467,4.35365370115113,0.13888420974554,0.709696392895015,0.818131805420086,0.818131805420086,"gpath_trio"
"7835","PPP1R9A","Exc L3-4 RORB CUX2",0.109298185932355,8.00346050698378,101.13861153595,2.60079336558235e-20,8.74516769177064e-18,8.74516769177064e-18,"gpath_trio"
"7836","AC002429.2","Exc L3-4 RORB CUX2",-0.334626277442373,3.18277076024731,55.9115522062776,1.16322884943645e-12,5.394975181007e-11,5.394975181007e-11,"gpath_trio"
"7837","AC002451.1","Exc L3-4 RORB CUX2",0.0306258701617961,-0.622509077388163,0.0549327955194334,0.814876407316999,0.893437897160269,0.893437897160269,"gpath_trio"
"7838","DYNC1I1","Exc L3-4 RORB CUX2",0.066461754245936,8.99828545678773,19.0932530415059,1.8004217036268e-05,0.000131941546933057,0.000131941546933057,"gpath_trio"
"7839","SLC25A13","Exc L3-4 RORB CUX2",0.0252057377928951,4.69593091837964,0.839958771520444,0.360257832067446,0.508088204261497,0.508088204261497,"gpath_trio"
"7840","SEM1","Exc L3-4 RORB CUX2",0.105225366478375,6.03710491059907,19.1895133756957,1.71782707776147e-05,0.000126485990123495,0.000126485990123495,"gpath_trio"
"7841","SDHAF3","Exc L3-4 RORB CUX2",-0.0213275498832078,3.68169176346873,0.414767927030303,0.989669045777265,0.995144188524537,0.995144188524537,"gpath_trio"
"7842","ASNS","Exc L3-4 RORB CUX2",0.00181444404719373,5.67068497105042,0.00690910191030865,0.933819278608384,0.968030209943693,0.968030209943693,"gpath_trio"
"7843","LMTK2","Exc L3-4 RORB CUX2",0.0419853663092595,7.40850737250955,8.35708524676432,0.00416640900806435,0.0142253006833133,0.0142253006833133,"gpath_trio"
"7844","TECPR1","Exc L3-4 RORB CUX2",-0.0326859987461928,5.41652213416502,2.34302638827885,0.7126086424501,0.820461051482239,0.820461051482239,"gpath_trio"
"7845","BRI3","Exc L3-4 RORB CUX2",0.00635126372189752,5.38812758590737,0.0943988129251186,0.758903675226861,0.855852908188162,0.855852908188162,"gpath_trio"
"7846","BAIAP2L1","Exc L3-4 RORB CUX2",-0.323339981995571,4.17157815252101,34.9049960272507,1.08069071848862e-08,1.86190736511597e-07,1.86190736511597e-07,"gpath_trio"
"7847","NPTX2","Exc L3-4 RORB CUX2",-0.504710445642757,3.25633426558637,41.4075246512179,5.91165169036895e-10,1.37722370500223e-08,1.37722370500223e-08,"gpath_trio"
"7848","TMEM130","Exc L3-4 RORB CUX2",-0.0276275470476911,6.95386442553406,1.98071385447399,0.160509545520956,0.274873107621194,0.274873107621194,"gpath_trio"
"7849","TRRAP","Exc L3-4 RORB CUX2",0.0731932794113621,6.3759813488523,22.2775001829507,3.85912142997995e-06,3.42231977361958e-05,3.42231977361958e-05,"gpath_trio"
"7850","SMURF1","Exc L3-4 RORB CUX2",0.0113391875863371,5.77941927694357,0.314313062629606,0.57552827868058,0.709215918786996,0.709215918786996,"gpath_trio"
"7851","KPNA7","Exc L3-4 RORB CUX2",-0.108877705649111,-0.195260500739316,1.25689968172087,0.263273139666337,0.401758824853568,0.401758824853568,"gpath_trio"
"7852","AC004834.1","Exc L3-4 RORB CUX2",2.92242313906155e-05,2.43493221438981,8.5497402946431e-09,0.999926294661835,0.999975859760212,0.999975859760212,"gpath_trio"
"7853","AC004922.1","Exc L3-4 RORB CUX2",0.044582220625077,0.979681796669466,0.62557941953382,0.456609869703448,0.60241329592382,0.60241329592382,"gpath_trio"
"7854","ARPC1B","Exc L3-4 RORB CUX2",-0.213168723592766,0.760048722896406,10.6526572484049,0.00124642599411697,0.00511526534404188,0.00511526534404188,"gpath_trio"
"7855","PDAP1","Exc L3-4 RORB CUX2",-0.105882500453426,4.3481788009364,23.6273189780964,2.02459638876033e-06,1.93035123550282e-05,1.93035123550282e-05,"gpath_trio"
"7856","BUD31","Exc L3-4 RORB CUX2",-0.092863172665722,3.0130634186248,7.79832474774572,0.00561794600406373,0.01837880016734,0.01837880016734,"gpath_trio"
"7857","PTCD1","Exc L3-4 RORB CUX2",-0.0882843241348411,2.00825384300312,4.3364007470282,0.0382834122264706,0.0890233957408854,0.0890233957408854,"gpath_trio"
"7858","CPSF4","Exc L3-4 RORB CUX2",-0.111403028581578,3.89774631019682,13.9379785417255,0.000232135201342586,0.00121644874989264,0.00121644874989264,"gpath_trio"
"7859","ZNF789","Exc L3-4 RORB CUX2",0.0826407308011509,4.67895392333513,12.8936647231283,0.000394074854995274,0.00191300774772128,0.00191300774772128,"gpath_trio"
"7860","ZNF394","Exc L3-4 RORB CUX2",0.0119841591357372,3.45280351883974,0.242812186209137,0.622598208444682,0.748060637070233,0.748060637070233,"gpath_trio"
"7861","ZKSCAN5","Exc L3-4 RORB CUX2",0.029822863337493,3.84420756469257,1.51946864846765,0.218813325382675,0.348508631846173,0.348508631846173,"gpath_trio"
"7862","FAM200A","Exc L3-4 RORB CUX2",-0.0453693689538541,3.91379310196765,3.16815448865243,0.0762550974077384,0.154586675060402,0.154586675060402,"gpath_trio"
"7863","AC005020.2","Exc L3-4 RORB CUX2",0.0601031649213407,0.427538294541437,0.751332407745539,0.386853909340713,0.534917112215706,0.534917112215706,"gpath_trio"
"7864","TMEM225B","Exc L3-4 RORB CUX2",-0.398868768663543,-0.581743235778517,13.2767357958521,0.00032437833043966,0.00161988436054954,0.00161988436054954,"gpath_trio"
"7865","ZSCAN25","Exc L3-4 RORB CUX2",0.100785550125722,3.49066953259425,13.5907962019983,0.000276658072673501,0.0014159250675261,0.0014159250675261,"gpath_trio"
"7866","CYP3A5","Exc L3-4 RORB CUX2",-0.307709481429096,1.79934096433718,28.4369767528231,2.10377691640021e-07,2.61191995620764e-06,2.61191995620764e-06,"gpath_trio"
"7867","CYP3A4","Exc L3-4 RORB CUX2",-0.346781627243494,-0.434645255397327,10.3296609784118,0.00147438951236195,0.0058949283416374,0.0058949283416374,"gpath_trio"
"7868","AC069294.1","Exc L3-4 RORB CUX2",0.154617663181268,-0.0563603736815636,2.64635176832584,0.104999116945042,0.19854238733967,0.19854238733967,"gpath_trio"
"7869","CYP3A43","Exc L3-4 RORB CUX2",-0.0343808839377,3.09337834122621,0.434511813058736,0.510366703628464,0.652371236529567,0.652371236529567,"gpath_trio"
"7870","TRIM4","Exc L3-4 RORB CUX2",0.06651924261495,4.77425430795517,7.49065140257093,0.00662978750210436,0.0210506708931312,0.0210506708931312,"gpath_trio"
"7871","AC004522.2","Exc L3-4 RORB CUX2",-0.0428726767142362,2.74497298724374,0.852608903940711,0.356671424879872,0.504369944413781,0.504369944413781,"gpath_trio"
"7872","ZKSCAN1","Exc L3-4 RORB CUX2",-0.0400384014371089,6.69383429007687,4.4750755405638,0.0353437934930238,0.0833696987865958,0.0833696987865958,"gpath_trio"
"7873","ZSCAN21","Exc L3-4 RORB CUX2",-0.055322950803252,2.81412589380462,2.318898703155,0.12902576513764,0.23300168382133,0.23300168382133,"gpath_trio"
"7874","ZNF3","Exc L3-4 RORB CUX2",-0.0043713303307928,3.46741843789195,0.0273821246785187,0.86869835949423,0.929070685050683,0.929070685050683,"gpath_trio"
"7875","COPS6","Exc L3-4 RORB CUX2",-0.120821837692776,5.03651192214406,26.4612615528299,5.29943996159138e-07,5.87451655083001e-06,5.87451655083001e-06,"gpath_trio"
"7876","MCM7","Exc L3-4 RORB CUX2",0.000952134532614166,1.88192608968998,0.000401461512032506,0.984029619240125,0.992119419395513,0.992119419395513,"gpath_trio"
"7877","AP4M1","Exc L3-4 RORB CUX2",-0.110910081237551,3.67753914347304,16.3946621050814,6.79123228119234e-05,0.000418105313619333,0.000418105313619333,"gpath_trio"
"7878","TAF6","Exc L3-4 RORB CUX2",-0.0840721794786529,4.3196781678463,9.3090620620845,0.00251620992146734,0.00929412947008489,0.00929412947008489,"gpath_trio"
"7879","AC073842.2","Exc L3-4 RORB CUX2",-0.156490062544601,1.0337950975003,5.96337060464792,0.0327789899607448,0.0782900582997546,0.0782900582997546,"gpath_trio"
"7880","CNPY4","Exc L3-4 RORB CUX2",-0.0255218103953794,2.8119887588624,0.735131857842044,0.417562865840795,0.565999114373693,0.565999114373693,"gpath_trio"
"7881","MBLAC1","Exc L3-4 RORB CUX2",-0.110048612790989,1.83750193422245,5.09830981587831,0.0247787192951153,0.0621470240898745,0.0621470240898745,"gpath_trio"
"7882","AC073842.1","Exc L3-4 RORB CUX2",0.121190222954345,2.4623157533844,8.5200603676715,0.00382016230122378,0.013208530321712,0.013208530321712,"gpath_trio"
"7883","LAMTOR4","Exc L3-4 RORB CUX2",-0.096101474686647,4.45531053206271,11.1530599008232,0.00096186371030421,0.00410737129335939,0.00410737129335939,"gpath_trio"
"7884","C7orf43","Exc L3-4 RORB CUX2",-0.0796381593888604,2.53947496146967,3.8671106378958,0.0503048320413512,0.110821138505597,0.110821138505597,"gpath_trio"
"7885","STAG3","Exc L3-4 RORB CUX2",-0.158463603497534,3.54160953847837,17.2468198121835,4.45492594476581e-05,0.000291433628196013,0.000291433628196013,"gpath_trio"
"7886","CASTOR3","Exc L3-4 RORB CUX2",0.100245724845119,6.72482750441238,26.285466704161,5.75584663403911e-07,6.31796549737427e-06,6.31796549737427e-06,"gpath_trio"
"7887","SPDYE3","Exc L3-4 RORB CUX2",-0.46988001586425,4.59844377236008,95.9492567224358,1.73918195309156e-19,4.49846101328489e-17,4.49846101328489e-17,"gpath_trio"
"7888","PILRB","Exc L3-4 RORB CUX2",0.0490072493663822,5.68764189953106,1.16226333908615,0.281995803550982,0.42316716861598,0.42316716861598,"gpath_trio"
"7889","PILRA","Exc L3-4 RORB CUX2",0.105295834041843,4.95548128282009,10.8963618709746,0.00109845725446407,0.00459112805237468,0.00459112805237468,"gpath_trio"
"7890","ZCWPW1","Exc L3-4 RORB CUX2",-0.0305945839715907,3.35711385081132,0.845923383043433,0.358560651091419,0.50618998920785,0.50618998920785,"gpath_trio"
"7891","MEPCE","Exc L3-4 RORB CUX2",-0.105105010601017,2.81286317322448,7.37356912134976,0.00706246052608694,0.0221318951714514,0.0221318951714514,"gpath_trio"
"7892","PPP1R35","Exc L3-4 RORB CUX2",-0.0529158347885187,3.31886045567325,1.90573995314293,0.168622860877818,0.285543580511161,0.285543580511161,"gpath_trio"
"7893","C7orf61","Exc L3-4 RORB CUX2",0.163941808268101,0.497404504457455,3.91679522153316,0.0488608596796833,0.108266649537354,0.108266649537354,"gpath_trio"
"7894","TSC22D4","Exc L3-4 RORB CUX2",0.145034561790777,1.89958702593622,1.44422110093787,0.230550933032283,0.362284062148634,0.362284062148634,"gpath_trio"
"7895","NYAP1","Exc L3-4 RORB CUX2",-0.125302747329605,4.35788636907086,24.2537523753341,1.50304392148688e-06,1.495261889349e-05,1.495261889349e-05,"gpath_trio"
"7896","AC069281.1","Exc L3-4 RORB CUX2",0.188823951507911,-0.14395530814625,3.31151075626529,0.0699460942058112,0.144282179873108,0.144282179873108,"gpath_trio"
"7897","AGFG2","Exc L3-4 RORB CUX2",0.00947468608638391,4.10365189049273,0.145270581785737,0.703407813992181,0.813811942154619,0.813811942154619,"gpath_trio"
"7898","SAP25","Exc L3-4 RORB CUX2",0.143890040775763,0.518373826808649,2.72909063037777,0.09974247984021,0.19059523875509,0.19059523875509,"gpath_trio"
"7899","LRCH4","Exc L3-4 RORB CUX2",0.00630930663027358,4.0872303978793,0.0467928298310154,0.82891066190178,0.902115977442549,0.902115977442549,"gpath_trio"
"7900","FBXO24","Exc L3-4 RORB CUX2",-0.130607582964625,-0.0721646555998784,2.57327067339383,0.109896784756841,0.205750522686457,0.205750522686457,"gpath_trio"
"7901","PCOLCE-AS1","Exc L3-4 RORB CUX2",0.00676897208134097,-0.769199869910493,0.00270056607875133,0.958594913411026,0.979355939332764,0.979355939332764,"gpath_trio"
"7902","MOSPD3","Exc L3-4 RORB CUX2",-0.0945300372980526,2.71699574200717,7.49584191022538,0.00661124938212524,0.0209984188105127,0.0209984188105127,"gpath_trio"
"7903","TFR2","Exc L3-4 RORB CUX2",-0.120809852761438,3.69180838685119,15.0902947587266,0.000130083251160773,0.000731242572351239,0.000731242572351239,"gpath_trio"
"7904","ACTL6B","Exc L3-4 RORB CUX2",0.0253906877346303,5.67878610307993,1.27659736736028,0.259573904965563,0.397214346605844,0.397214346605844,"gpath_trio"
"7905","GNB2","Exc L3-4 RORB CUX2",-0.0897057776030453,5.01252572998657,14.7875581590422,0.000151390337849593,0.000834508214785664,0.000834508214785664,"gpath_trio"
"7906","GIGYF1","Exc L3-4 RORB CUX2",0.108129199279102,5.35441845154617,20.1797601340299,1.06126348013762e-05,8.35387854536733e-05,8.35387854536733e-05,"gpath_trio"
"7907","POP7","Exc L3-4 RORB CUX2",-0.270596916749273,3.31197806063415,52.5314221084666,4.82784765086998e-12,1.9325759197679e-10,1.9325759197679e-10,"gpath_trio"
"7908","ZAN","Exc L3-4 RORB CUX2",-0.112723342660711,1.02622364229295,4.03287594019806,0.0456560159419799,0.10255067041076,0.10255067041076,"gpath_trio"
"7909","SLC12A9","Exc L3-4 RORB CUX2",0.0434048868321623,3.23962606964394,2.20663223618938,0.138629808338214,0.246093830464009,0.246093830464009,"gpath_trio"
"7910","SLC12A9-AS1","Exc L3-4 RORB CUX2",-0.153405433992536,-0.43743210356833,2.15410139389663,0.143398222390949,0.252382372567163,0.252382372567163,"gpath_trio"
"7911","SRRT","Exc L3-4 RORB CUX2",-0.0304952219478508,3.84362198546039,1.25418785915939,0.263787550625658,0.402352297109901,0.402352297109901,"gpath_trio"
"7912","UFSP1","Exc L3-4 RORB CUX2",-0.0181121776780724,-0.730356180135325,0.0183026215921665,0.892489494096868,0.944154766053396,0.944154766053396,"gpath_trio"
"7913","ACHE","Exc L3-4 RORB CUX2",-0.00296588592020755,3.37537767379847,0.0063548356151301,0.93652348208176,0.969296122019222,0.969296122019222,"gpath_trio"
"7914","AC254629.1","Exc L3-4 RORB CUX2",0.0636776881362005,-1.01760288760499,0.228019930758696,0.688762381165039,0.801510125166099,0.801510125166099,"gpath_trio"
"7915","MUC12","Exc L3-4 RORB CUX2",-0.10182301542611,1.75399843696576,3.58762220598483,0.0593213014358836,0.126298781813946,0.126298781813946,"gpath_trio"
"7916","AC105446.1","Exc L3-4 RORB CUX2",-0.128159747367746,1.20616446999799,3.88126589570318,0.228834059459479,0.360203413403682,0.360203413403682,"gpath_trio"
"7917","MUC17","Exc L3-4 RORB CUX2",0.0384176734172455,-0.898656285840764,0.0586906603056873,0.808768481415015,0.889398458113373,0.889398458113373,"gpath_trio"
"7918","SERPINE1","Exc L3-4 RORB CUX2",-0.284581531834639,-0.480334386700635,8.29444471660304,0.00430790331322844,0.0146439678760545,0.0146439678760545,"gpath_trio"
"7919","AP1S1","Exc L3-4 RORB CUX2",-0.194415092331711,5.35559140454434,33.5703263169918,1.98083235351204e-08,3.18940883735876e-07,3.18940883735876e-07,"gpath_trio"
"7920","VGF","Exc L3-4 RORB CUX2",-0.609146782122125,5.00706754783613,49.171094600959,2.02104049570247e-11,7.04222659771974e-10,7.04222659771974e-10,"gpath_trio"
"7921","NAT16","Exc L3-4 RORB CUX2",-0.512831624237498,0.390491630412084,18.7124619225836,2.16852674307274e-05,0.000154484558762333,0.000154484558762333,"gpath_trio"
"7922","PLOD3","Exc L3-4 RORB CUX2",0.0695505337737077,4.47958877021691,6.62696096854693,0.010598825734964,0.0310345443744794,0.0310345443744794,"gpath_trio"
"7923","ZNHIT1","Exc L3-4 RORB CUX2",-0.196721969650132,3.37798481394306,36.5337647727817,5.18223616810953e-09,9.7524208125256e-08,9.7524208125256e-08,"gpath_trio"
"7924","CLDN15","Exc L3-4 RORB CUX2",0.0421798433952439,1.6531554114999,0.671303039549512,0.413348054032729,0.561604258024565,0.561604258024565,"gpath_trio"
"7925","FIS1","Exc L3-4 RORB CUX2",-0.180148376234091,4.58481329066056,49.6669027288829,1.63439106691628e-11,5.81549202381588e-10,5.81549202381588e-10,"gpath_trio"
"7926","IFT22","Exc L3-4 RORB CUX2",-0.0991375340847621,3.52772261105919,12.2476858185064,0.000547922738167996,0.00253656292853128,0.00253656292853128,"gpath_trio"
"7927","COL26A1","Exc L3-4 RORB CUX2",0.11686062348368,7.52020977089923,24.9602017557319,1.07537402191707e-06,1.10692198429474e-05,1.10692198429474e-05,"gpath_trio"
"7928","LINC01007","Exc L3-4 RORB CUX2",-0.139096518154592,2.50856977393004,7.1825059156147,0.00783192579760251,0.0241272107140984,0.0241272107140984,"gpath_trio"
"7929","CUX1","Exc L3-4 RORB CUX2",0.0686161587034168,8.20579639481164,6.59481048041538,0.0107869804103568,0.0314522900937159,0.0314522900937159,"gpath_trio"
"7930","SH2B2","Exc L3-4 RORB CUX2",0.0866713464955836,2.59592393799688,3.10561843264604,0.0791975778850127,0.159255570002007,0.159255570002007,"gpath_trio"
"7931","SPDYE6","Exc L3-4 RORB CUX2",-0.347278464886206,0.230285963962784,10.847009413175,0.00112690416846053,0.00469155831586695,0.00469155831586695,"gpath_trio"
"7932","PRKRIP1","Exc L3-4 RORB CUX2",0.0443158736919636,6.53712466602492,8.06701201043189,0.00486440044711725,0.01621600776943,0.01621600776943,"gpath_trio"
"7933","ORAI2","Exc L3-4 RORB CUX2",0.0433112957528127,4.46701567413041,1.24808540412797,0.264949731626146,0.403545284278838,0.403545284278838,"gpath_trio"
"7934","ALKBH4","Exc L3-4 RORB CUX2",-0.116625508167527,3.6294416048265,16.6818110701465,5.89027551089375e-05,0.000370321933413155,0.000370321933413155,"gpath_trio"
"7935","LRWD1","Exc L3-4 RORB CUX2",-0.156098871538197,2.59822578872739,14.4262538441149,0.000181512372719757,0.000978101527676577,0.000978101527676577,"gpath_trio"
"7936","POLR2J","Exc L3-4 RORB CUX2",-0.175307525537366,3.28940456497097,26.0043911837964,6.56958329252848e-07,7.08398412222138e-06,7.08398412222138e-06,"gpath_trio"
"7937","AC093668.2","Exc L3-4 RORB CUX2",0.116418910738467,3.70920185873029,4.30686663697459,0.0389421337874683,0.090274336339443,0.090274336339443,"gpath_trio"
"7938","AC093668.1","Exc L3-4 RORB CUX2",0.00893380415532435,1.05536847537307,0.0187723488823686,0.891127168262694,0.943470174840032,0.943470174840032,"gpath_trio"
"7939","SPDYE2","Exc L3-4 RORB CUX2",-0.579937895609095,4.13144352999056,31.9779466733993,4.09952740233492e-08,6.09491270022897e-07,6.09491270022897e-07,"gpath_trio"
"7940","AC105052.1","Exc L3-4 RORB CUX2",0.0898432080331564,4.04502882108569,2.27060451882496,0.133062443874777,0.23883761611865,0.23883761611865,"gpath_trio"
"7941","AC105052.3","Exc L3-4 RORB CUX2",0.0273515195192249,5.51880948283365,0.235005748474681,0.62824487584974,0.752439321476314,0.752439321476314,"gpath_trio"
"7942","SPDYE2B","Exc L3-4 RORB CUX2",-0.469835562468979,0.153022435623862,15.8905997815556,8.72442382192978e-05,0.000517691913551274,0.000517691913551274,"gpath_trio"
"7943","FAM185A","Exc L3-4 RORB CUX2",0.0632898288862559,6.55849033233457,10.4248047226867,0.00140313708483585,0.00564247372664206,0.00564247372664206,"gpath_trio"
"7944","FBXL13","Exc L3-4 RORB CUX2",0.041666811037843,5.34753307917645,2.23768163828679,0.13589556989589,0.242735114887081,0.242735114887081,"gpath_trio"
"7945","LRRC17","Exc L3-4 RORB CUX2",0.0564942018679934,3.02437205863511,2.09407204786194,0.149076019736554,0.26017376281877,0.26017376281877,"gpath_trio"
"7946","NFE4","Exc L3-4 RORB CUX2",-0.29362782963497,-1.13550653927843,4.80174112166004,0.0293184952087289,0.0713211191749972,0.0713211191749972,"gpath_trio"
"7947","ARMC10","Exc L3-4 RORB CUX2",-0.0351431831749308,4.77867052593676,2.3962375114554,0.122843753607069,0.224246537189887,0.224246537189887,"gpath_trio"
"7948","NAPEPLD","Exc L3-4 RORB CUX2",0.0665987958306307,7.08149825581221,9.57872423824917,0.00218352837585468,0.00822645844684748,0.00822645844684748,"gpath_trio"
"7949","PMPCB","Exc L3-4 RORB CUX2",0.0373690013398336,5.3202385957896,3.52348752697006,0.0616246943170582,0.130445725301296,0.130445725301296,"gpath_trio"
"7950","DNAJC2","Exc L3-4 RORB CUX2",-0.000398614272282378,5.02975456339211,0.000395283658539041,0.984152958630106,0.992119419395513,0.992119419395513,"gpath_trio"
"7951","PSMC2","Exc L3-4 RORB CUX2",-0.103118200150225,5.13994241642001,29.7174403662881,1.16112476023269e-07,1.53711890011119e-06,1.53711890011119e-06,"gpath_trio"
"7952","SLC26A5","Exc L3-4 RORB CUX2",-0.364839080138989,1.95205457031818,48.8690363453393,2.3005833736683e-11,7.90703059007803e-10,7.90703059007803e-10,"gpath_trio"
"7953","AC005064.1","Exc L3-4 RORB CUX2",-0.117404853982149,-1.344869477244,0.424176503653735,0.515435577860161,0.656640591057278,0.656640591057278,"gpath_trio"
"7954","ORC5","Exc L3-4 RORB CUX2",-0.00121941079697929,5.7935004416397,0.00572925534193146,0.939722470880971,0.970927133447907,0.970927133447907,"gpath_trio"
"7955","LINC01004","Exc L3-4 RORB CUX2",0.156530900252795,5.87022959287219,57.162846217309,6.89744381257636e-13,3.33707263594072e-11,3.33707263594072e-11,"gpath_trio"
"7956","KMT2E-AS1","Exc L3-4 RORB CUX2",-0.183513600317701,1.83048761561853,10.0355477733628,0.00171888089314914,0.00670762514879767,0.00670762514879767,"gpath_trio"
"7957","KMT2E","Exc L3-4 RORB CUX2",0.0114036486144437,7.56419478972907,0.621506294261209,0.431206263609957,0.578660793423631,0.578660793423631,"gpath_trio"
"7958","AC005070.3","Exc L3-4 RORB CUX2",-0.0892931885331698,2.30930053292588,3.96859754653924,0.0474021189942936,0.10560266681867,0.10560266681867,"gpath_trio"
"7959","SRPK2","Exc L3-4 RORB CUX2",0.0537038879745624,8.58945250593028,20.5749377284839,8.76351983983337e-06,7.02718651703649e-05,7.02718651703649e-05,"gpath_trio"
"7960","PUS7","Exc L3-4 RORB CUX2",0.0751046428188645,5.66031137230547,14.1728956877379,0.00020620195586336,0.00109476959461666,0.00109476959461666,"gpath_trio"
"7961","RINT1","Exc L3-4 RORB CUX2",-0.0388662216233043,4.48452042387797,3.21638757200792,0.0740663990784305,0.151108713907692,0.151108713907692,"gpath_trio"
"7962","EFCAB10","Exc L3-4 RORB CUX2",-0.0207414947576882,2.460795748378,0.242537957606734,0.622794643254178,0.748092528284757,0.748092528284757,"gpath_trio"
"7963","AC073073.2","Exc L3-4 RORB CUX2",0.00546823112326528,0.690132189688644,0.00845904999720404,0.926790238719863,0.96351608091174,0.96351608091174,"gpath_trio"
"7964","ATXN7L1","Exc L3-4 RORB CUX2",0.12172365044312,7.2726146830889,88.0493499847467,3.31817204363121e-18,6.24694161301884e-16,6.24694161301884e-16,"gpath_trio"
"7965","CDHR3","Exc L3-4 RORB CUX2",0.166732442029696,6.42670160301147,24.1440919231986,1.58339382334904e-06,1.5651626842757e-05,1.5651626842757e-05,"gpath_trio"
"7966","SYPL1","Exc L3-4 RORB CUX2",0.111132571516283,2.9905914036107,10.4338714469629,0.00139653297322456,0.00562508737062528,0.00562508737062528,"gpath_trio"
"7967","NAMPT","Exc L3-4 RORB CUX2",-0.00413045243036865,4.51362411955298,0.0441990566019898,0.894942001291195,0.945867502341389,0.945867502341389,"gpath_trio"
"7968","AC007032.1","Exc L3-4 RORB CUX2",-0.239297876942271,-0.572524443065038,4.97247687002722,0.0266078417899177,0.0658181961882774,0.0658181961882774,"gpath_trio"
"7969","CCDC71L","Exc L3-4 RORB CUX2",-0.0340489760285138,1.56851681665046,0.356348387558612,0.551060719948798,0.688825899935997,0.688825899935997,"gpath_trio"
"7970","PIK3CG","Exc L3-4 RORB CUX2",0.60881421111351,0.397217907799114,17.8643955945701,3.28662145681451e-05,0.000223182725988666,0.000223182725988666,"gpath_trio"
"7971","PRKAR2B","Exc L3-4 RORB CUX2",0.0392821728783878,7.70196648756533,5.27555130724993,0.0224221420187283,0.0573850964388994,0.0573850964388994,"gpath_trio"
"7972","HBP1","Exc L3-4 RORB CUX2",0.0373655078373898,4.80937725816279,2.37073935602867,0.124844583119698,0.227067090765538,0.227067090765538,"gpath_trio"
"7973","COG5","Exc L3-4 RORB CUX2",0.0993080553266439,7.50720314311997,44.8417333841855,1.31202054738243e-10,3.56738740477634e-09,3.56738740477634e-09,"gpath_trio"
"7974","GPR22","Exc L3-4 RORB CUX2",-0.103968448783946,5.54298468408169,11.8071587048314,0.000686731315458886,0.00307966320188396,0.00307966320188396,"gpath_trio"
"7975","DUS4L","Exc L3-4 RORB CUX2",-0.0066988817028363,2.40179889017185,0.0251839105295245,0.874032845942685,0.932354077454326,0.932354077454326,"gpath_trio"
"7976","AC004839.1","Exc L3-4 RORB CUX2",-0.0552783067949728,0.799241934524645,0.596392418099299,0.440659183147449,0.587460663258829,0.587460663258829,"gpath_trio"
"7977","BCAP29","Exc L3-4 RORB CUX2",0.0215196528141159,6.67166375941471,1.9466043356856,0.164143796198961,0.279554371797572,0.279554371797572,"gpath_trio"
"7978","SLC26A4-AS1","Exc L3-4 RORB CUX2",-0.0430376624140669,4.07406717071141,1.28043579787057,0.258860588693629,0.396516010697287,0.396516010697287,"gpath_trio"
"7979","SLC26A4","Exc L3-4 RORB CUX2",0.0654404557649956,5.76338883951545,3.5186838260536,0.0618010324617336,0.130777829863171,0.130777829863171,"gpath_trio"
"7980","AC002467.1","Exc L3-4 RORB CUX2",-0.180689467586851,-0.0713518824276677,3.86602131500385,0.0503369944528917,0.110855677664784,0.110855677664784,"gpath_trio"
"7981","CBLL1","Exc L3-4 RORB CUX2",-0.0533796134639811,3.76310945373639,4.91523535426683,0.027486129637976,0.0676012026631921,0.0676012026631921,"gpath_trio"
"7982","SLC26A3","Exc L3-4 RORB CUX2",-0.117215537158541,7.03973209484198,1.08693200144014,0.298120372630322,0.441374622738631,0.441374622738631,"gpath_trio"
"7983","DLD","Exc L3-4 RORB CUX2",-0.0766608598498742,5.14388953745487,20.0065617167448,1.15430700601744e-05,9.01243956904099e-05,9.01243956904099e-05,"gpath_trio"
"7984","LAMB1","Exc L3-4 RORB CUX2",-0.0340493206962375,6.45542269483443,1.97418234902895,0.161198254528539,0.275654753781427,0.275654753781427,"gpath_trio"
"7985","AC005046.1","Exc L3-4 RORB CUX2",-0.0469461765066264,0.135003857084905,0.308125763813274,0.579309804825046,0.712038765546745,0.712038765546745,"gpath_trio"
"7986","LAMB4","Exc L3-4 RORB CUX2",0.149609908203083,1.25397030610553,4.15898848497858,0.0424252075396152,0.0966168373531704,0.0966168373531704,"gpath_trio"
"7987","NRCAM","Exc L3-4 RORB CUX2",0.0692355802851655,9.60248587270372,26.6070693494867,4.94872696854985e-07,5.52215523177506e-06,5.52215523177506e-06,"gpath_trio"
"7988","PNPLA8","Exc L3-4 RORB CUX2",-0.0279197134491729,5.54754027854789,2.05723208945967,0.152686720180156,0.264894193794363,0.264894193794363,"gpath_trio"
"7989","DNAJB9","Exc L3-4 RORB CUX2",-0.213100477403028,3.67406785110227,49.0431767796328,2.13498175658852e-11,7.40090325415352e-10,7.40090325415352e-10,"gpath_trio"
"7990","AC005487.1","Exc L3-4 RORB CUX2",0.338862950144195,0.700744579998274,14.7571640010255,0.000153716283949065,0.00084525102989163,0.00084525102989163,"gpath_trio"
"7991","AC004014.1","Exc L3-4 RORB CUX2",-0.146778188017399,-0.98655552345016,1.10629058922283,0.293866254480415,0.436611803825199,0.436611803825199,"gpath_trio"
"7992","AC073071.1","Exc L3-4 RORB CUX2",-0.0139167633986021,-0.506856253102094,0.0138323474394057,0.906466690067766,0.952400115291598,0.952400115291598,"gpath_trio"
"7993","AC092167.1","Exc L3-4 RORB CUX2",-0.120345438041588,1.10161788931544,2.31254980289955,0.129548516936915,0.233799206476632,0.233799206476632,"gpath_trio"
"7994","IMMP2L","Exc L3-4 RORB CUX2",0.155385427434193,8.57093879701212,38.8819278793091,1.81142386609783e-09,3.77552698403457e-08,3.77552698403457e-08,"gpath_trio"
"7995","LRRN3","Exc L3-4 RORB CUX2",0.0811619399751089,5.92133832124846,8.77776111145221,0.0033316668213264,0.0117923470386421,0.0117923470386421,"gpath_trio"
"7996","DOCK4","Exc L3-4 RORB CUX2",0.0922184217175766,8.83279698383829,14.7455275324002,0.00015461634294135,0.000849169160396751,0.000849169160396751,"gpath_trio"
"7997","DOCK4-AS1","Exc L3-4 RORB CUX2",-0.266714492236557,-0.0676459804707892,7.25873321755635,0.00751508537758135,0.0233041573152019,0.0233041573152019,"gpath_trio"
"7998","ZNF277","Exc L3-4 RORB CUX2",0.0598722244801886,5.71792444379679,13.9686879139324,0.000228565314905374,0.00119929914908087,0.00119929914908087,"gpath_trio"
"7999","AC004112.1","Exc L3-4 RORB CUX2",-0.175138765760202,1.78628301134071,8.30932505803887,0.00427385122907241,0.0145404634985727,0.0145404634985727,"gpath_trio"
"8000","IFRD1","Exc L3-4 RORB CUX2",0.0260154339508971,5.38626778157437,0.960338250479234,0.328012614529154,0.474179886652742,0.474179886652742,"gpath_trio"
"8001","LSMEM1","Exc L3-4 RORB CUX2",0.101322815709688,3.01066428049079,6.15163934492155,0.0137626500580431,0.0386123577973883,0.0386123577973883,"gpath_trio"
"8002","AC002463.1","Exc L3-4 RORB CUX2",-0.201945539826626,-0.503918823335157,3.39051762393353,0.0667114510028806,0.138874614584271,0.138874614584271,"gpath_trio"
"8003","TMEM168","Exc L3-4 RORB CUX2",0.0552135090212094,4.73211373366926,4.37604088712216,0.0374177039213052,0.0874235294281797,0.0874235294281797,"gpath_trio"
"8004","BMT2","Exc L3-4 RORB CUX2",0.157271650943277,6.21868556240264,74.849472875024,5.36818401075905e-16,5.46985416247797e-14,5.46985416247797e-14,"gpath_trio"
"8005","GPR85","Exc L3-4 RORB CUX2",-0.0324609745528389,3.52822717052769,1.07446678318895,0.407058763935865,0.555452194078344,0.555452194078344,"gpath_trio"
"8006","SMIM30","Exc L3-4 RORB CUX2",-0.0603692732404892,1.38033145970325,1.25867543393698,0.262936971372004,0.401327991937524,0.401327991937524,"gpath_trio"
"8007","PPP1R3A","Exc L3-4 RORB CUX2",0.0259485117513329,-0.250663660039933,0.0831834618148502,0.773258545054199,0.865876180633206,0.865876180633206,"gpath_trio"
"8008","FOXP2","Exc L3-4 RORB CUX2",0.986281393454895,4.59139184553174,24.6431357283919,1.24957029847998e-06,1.27066939374161e-05,1.27066939374161e-05,"gpath_trio"
"8009","MDFIC","Exc L3-4 RORB CUX2",0.616230735882768,1.64367499142059,22.5152529598593,3.44352257089635e-06,3.1000922743344e-05,3.1000922743344e-05,"gpath_trio"
"8010","LINC01392","Exc L3-4 RORB CUX2",0.0669101809349796,0.189935945463307,0.458938242804104,0.498722946623945,0.641978909470942,0.641978909470942,"gpath_trio"
"8011","TFEC","Exc L3-4 RORB CUX2",0.188981848340102,-0.156851378226143,2.91301575446956,0.0890613402311966,0.174481699277956,0.174481699277956,"gpath_trio"
"8012","AC002066.1","Exc L3-4 RORB CUX2",0.266539263283921,5.32236456184717,30.05563741103,9.92999157658296e-08,1.33026281578726e-06,1.33026281578726e-06,"gpath_trio"
"8013","CAV2","Exc L3-4 RORB CUX2",-0.0145171162485881,4.05719508236879,0.103793353057169,0.74758297590062,0.846854943222628,0.846854943222628,"gpath_trio"
"8014","CAV1","Exc L3-4 RORB CUX2",0.165052047619557,1.85024797905109,3.03155880350148,0.0828423577555228,0.164924468888659,0.164924468888659,"gpath_trio"
"8015","AC006159.2","Exc L3-4 RORB CUX2",0.149337530336193,-1.1062610617119,0.897369568286332,0.344367575367745,0.491240601926342,0.491240601926342,"gpath_trio"
"8016","LINC01510","Exc L3-4 RORB CUX2",0.0807339314207174,-0.476982765421233,0.471917967371066,0.492718377743377,0.636320142809667,0.636320142809667,"gpath_trio"
"8017","MET","Exc L3-4 RORB CUX2",0.0323254078831724,5.06598136711301,0.23693786952672,0.626836613869658,0.751287868164936,0.751287868164936,"gpath_trio"
"8018","CAPZA2","Exc L3-4 RORB CUX2",-0.107917303513907,6.34445392652108,45.343851684685,1.05452673699439e-10,2.95898149080137e-09,2.95898149080137e-09,"gpath_trio"
"8019","ST7-AS1","Exc L3-4 RORB CUX2",-0.353521980133518,-0.609918713930183,8.63889323447357,0.00358638927578066,0.0125139058524515,0.0125139058524515,"gpath_trio"
"8020","ST7","Exc L3-4 RORB CUX2",0.0705531438873841,8.034536781926,25.317442267128,9.08274395831504e-07,9.48469768938954e-06,9.48469768938954e-06,"gpath_trio"
"8021","ST7-AS2","Exc L3-4 RORB CUX2",-0.334489371099496,3.42568744278189,40.2834039580017,9.71791293988747e-10,2.15212835962931e-08,2.15212835962931e-08,"gpath_trio"
"8022","WNT2","Exc L3-4 RORB CUX2",0.0490114735200106,1.71869976285044,0.619427989108854,0.950902413686225,0.976109504229143,0.976109504229143,"gpath_trio"
"8023","ASZ1","Exc L3-4 RORB CUX2",-0.190497973606752,-1.01040286340973,1.75942013070773,0.185860751384993,0.307860481050265,0.307860481050265,"gpath_trio"
"8024","CFTR","Exc L3-4 RORB CUX2",-0.336931177096923,2.46770264174718,24.345357455184,1.43908906308859e-06,1.44087453339019e-05,1.44087453339019e-05,"gpath_trio"
"8025","CTTNBP2","Exc L3-4 RORB CUX2",0.110935679403497,7.2201545745123,28.2335367583905,2.3128466485069e-07,2.84165295931108e-06,2.84165295931108e-06,"gpath_trio"
"8026","LSM8","Exc L3-4 RORB CUX2",-0.081131062781659,3.3791016951896,7.62001039054235,0.00618330541412128,0.0198833577828972,0.0198833577828972,"gpath_trio"
"8027","ANKRD7","Exc L3-4 RORB CUX2",0.0491979424034526,5.91382254238688,3.18327151817164,0.0755616968260191,0.153582231862274,0.153582231862274,"gpath_trio"
"8028","LINC02476","Exc L3-4 RORB CUX2",-0.0370699237434979,-0.516485488394766,0.11582079838009,0.733886923803203,0.836553968457519,0.836553968457519,"gpath_trio"
"8029","AC004946.1","Exc L3-4 RORB CUX2",-0.448132873949375,-0.812137720831456,9.25895735056655,0.00258351676361744,0.00949926202040856,0.00949926202040856,"gpath_trio"
"8030","KCND2","Exc L3-4 RORB CUX2",0.153057264929089,9.54974004181917,70.4809777451823,3.02770396755565e-15,2.70282865245289e-13,2.70282865245289e-13,"gpath_trio"
"8031","TSPAN12","Exc L3-4 RORB CUX2",0.336277032289162,-0.714868802084371,7.57367341373609,0.0063395730531538,0.0203049509997425,0.0203049509997425,"gpath_trio"
"8032","ING3","Exc L3-4 RORB CUX2",-0.058385228539598,3.80041338549641,5.40804631456501,0.0208139230448649,0.0540160660445265,0.0540160660445265,"gpath_trio"
"8033","FAM3C","Exc L3-4 RORB CUX2",-0.0687192830581344,5.4905149056457,9.26132005204671,0.00258030192371276,0.00948917085506836,0.00948917085506836,"gpath_trio"
"8034","PTPRZ1","Exc L3-4 RORB CUX2",3.101264596162,-1.71801912451934,57.5695023086478,5.8798375505751e-13,2.87229352500854e-11,2.87229352500854e-11,"gpath_trio"
"8035","CADPS2","Exc L3-4 RORB CUX2",0.0943506489684522,9.65258375500954,11.5312482331326,0.000791413303633078,0.00346877327846998,0.00346877327846998,"gpath_trio"
"8036","AC004594.1","Exc L3-4 RORB CUX2",-0.426437018330597,4.83139600306066,74.1689484317446,7.01743730191648e-16,7.04362176946095e-14,7.04362176946095e-14,"gpath_trio"
"8037","AC073311.1","Exc L3-4 RORB CUX2",0.262381257089245,0.734339727677332,5.48114916337473,0.0199784978932886,0.0522987148043464,0.0522987148043464,"gpath_trio"
"8038","SLC13A1","Exc L3-4 RORB CUX2",-0.298062519334405,-0.527365523136244,3.81976303217115,0.0517231649932611,0.113312086174876,0.113312086174876,"gpath_trio"
"8039","IQUB","Exc L3-4 RORB CUX2",0.0668974935248551,4.29666649592803,5.44120857129844,0.0204305233727975,0.0532196009097726,0.0532196009097726,"gpath_trio"
"8040","NDUFA5","Exc L3-4 RORB CUX2",-0.133530988558398,5.89025878179966,37.0612878896384,4.08875181136381e-09,7.93905752842475e-08,7.93905752842475e-08,"gpath_trio"
"8041","ASB15","Exc L3-4 RORB CUX2",-0.0831763423819384,-0.604484991807295,0.657886037387625,0.436395056372426,0.583837550551305,0.583837550551305,"gpath_trio"
"8042","AC006333.1","Exc L3-4 RORB CUX2",0.16544240300156,0.0372851785229988,2.97043082248126,0.085988047062723,0.169812925752784,0.169812925752784,"gpath_trio"
"8043","WASL","Exc L3-4 RORB CUX2",0.000524058751841008,6.31372265580048,0.00124280185912628,0.971904734917505,0.985434617899319,0.985434617899319,"gpath_trio"
"8044","AC006333.2","Exc L3-4 RORB CUX2",-0.0957878199388822,0.879894181278698,2.59749249574006,0.108246120865902,0.203263727519505,0.203263727519505,"gpath_trio"
"8045","HYAL4","Exc L3-4 RORB CUX2",0.618820054775711,-1.48052260340273,11.5953820105429,0.000765715205139072,0.00337520302898859,0.00337520302898859,"gpath_trio"
"8046","SPAM1","Exc L3-4 RORB CUX2",-0.272134108333309,-1.41554252954493,3.17624434777988,0.0758831732957703,0.154095925640882,0.154095925640882,"gpath_trio"
"8047","TMEM229A","Exc L3-4 RORB CUX2",0.086486229841063,1.55284722864831,1.88836949952784,0.170569315961699,0.28804184728612,0.28804184728612,"gpath_trio"
"8048","AC006148.1","Exc L3-4 RORB CUX2",0.178835836977015,7.84083078241738,34.1497515765586,1.52204730781107e-08,2.52828089617089e-07,2.52828089617089e-07,"gpath_trio"
"8049","AC004930.1","Exc L3-4 RORB CUX2",0.101927522047315,-0.674824528462704,0.671941639420816,0.413126262135436,0.56141872144567,0.56141872144567,"gpath_trio"
"8050","GPR37","Exc L3-4 RORB CUX2",-0.125893149674456,0.463125621351275,0.24234058429111,0.622936110721349,0.74815625160578,0.74815625160578,"gpath_trio"
"8051","POT1","Exc L3-4 RORB CUX2",0.0437061994905618,5.11960266363107,5.43828088012611,0.0204640734601677,0.0532726041366301,0.0532726041366301,"gpath_trio"
"8052","POT1-AS1","Exc L3-4 RORB CUX2",0.150237531571764,4.53039267590575,13.4877399103275,0.000291475510019425,0.00147820241676888,0.00147820241676888,"gpath_trio"
"8053","AC010099.4","Exc L3-4 RORB CUX2",0.197546523342661,4.63122695583001,19.2058594911748,1.70418719482915e-05,0.000125711066382735,0.000125711066382735,"gpath_trio"
"8054","AC073486.1","Exc L3-4 RORB CUX2",0.179189961738053,0.0947676386883169,3.88123230565243,0.0498898596241005,0.110122285121188,0.110122285121188,"gpath_trio"
"8055","GRM8","Exc L3-4 RORB CUX2",0.143326728934894,6.9403675203994,14.023065664749,0.000222380131198288,0.00117068385438337,0.00117068385438337,"gpath_trio"
"8056","AC000099.1","Exc L3-4 RORB CUX2",-0.0736797340612401,-0.702622314977312,0.395590487432127,0.529927524878902,0.669922163947105,0.669922163947105,"gpath_trio"
"8057","ZNF800","Exc L3-4 RORB CUX2",0.101594811322467,5.94053813006409,27.7795093106721,2.85834348055992e-07,3.42034873785862e-06,3.42034873785862e-06,"gpath_trio"
"8058","GCC1","Exc L3-4 RORB CUX2",-0.0497926303684481,1.56686339833839,1.10170729712179,0.514959902954099,0.656222589824339,0.656222589824339,"gpath_trio"
"8059","ARF5","Exc L3-4 RORB CUX2",-0.185052271544879,4.64005013242522,11.7197916113914,0.000718259204370066,0.00319604751834276,0.00319604751834276,"gpath_trio"
"8060","FSCN3","Exc L3-4 RORB CUX2",0.197906505709114,1.00493669996614,10.4727281247548,0.00136858713188223,0.00553331570856192,0.00553331570856192,"gpath_trio"
"8061","AC073934.1","Exc L3-4 RORB CUX2",0.00856238248442561,-0.150826129144777,0.00769396939303259,0.990625008470083,0.995676743977727,0.995676743977727,"gpath_trio"
"8062","SND1","Exc L3-4 RORB CUX2",0.0792107173899459,7.57310028595741,32.5822697592161,3.10886263456222e-08,4.7301133976088e-07,4.7301133976088e-07,"gpath_trio"
"8063","LRRC4","Exc L3-4 RORB CUX2",-0.000916450489951055,5.25567269316367,0.00122137698225459,0.972147857466946,0.985619232108723,0.985619232108723,"gpath_trio"
"8064","LEP","Exc L3-4 RORB CUX2",-0.127786826852353,-0.884100640811259,1.29220277433563,0.349434874247964,0.496679255797065,0.496679255797065,"gpath_trio"
"8065","AC018635.2","Exc L3-4 RORB CUX2",-0.0897830703978382,-0.0403843854006975,1.22761290830897,0.268895658560065,0.407953820984307,0.407953820984307,"gpath_trio"
"8066","RBM28","Exc L3-4 RORB CUX2",0.0750557858847792,5.03625807306438,16.683492880251,5.88537191570902e-05,0.000370182525074849,0.000370182525074849,"gpath_trio"
"8067","IMPDH1","Exc L3-4 RORB CUX2",-0.0387125154222744,3.95875645680738,2.45914810327822,0.118058312264636,0.21731993156378,0.21731993156378,"gpath_trio"
"8068","HILPDA","Exc L3-4 RORB CUX2",0.00302775418528955,2.34658569254309,0.00520564917138239,0.942537857121615,0.972073472417369,0.972073472417369,"gpath_trio"
"8069","METTL2B","Exc L3-4 RORB CUX2",0.0578510525641607,4.87294257791311,5.53930439371159,0.0193388565780918,0.0508663703629104,0.0508663703629104,"gpath_trio"
"8070","AC090114.2","Exc L3-4 RORB CUX2",0.0527694075084578,2.54410242508562,1.56663359086864,0.211821451271691,0.340219550943903,0.340219550943903,"gpath_trio"
"8071","AC018638.7","Exc L3-4 RORB CUX2",0.175332662711571,1.96176129291179,12.1378721575243,0.000579602517945475,0.00265821341203682,0.00265821341203682,"gpath_trio"
"8072","FAM71F2","Exc L3-4 RORB CUX2",0.0602328357429108,3.27628410474609,2.54130898292025,0.112117648485064,0.208958296368237,0.208958296368237,"gpath_trio"
"8073","AC018638.6","Exc L3-4 RORB CUX2",0.266441477898453,2.29984701001853,27.6338091166118,3.05962243418442e-07,3.63961571990982e-06,3.63961571990982e-06,"gpath_trio"
"8074","FAM71F1","Exc L3-4 RORB CUX2",-0.0117441077003494,0.256434769659639,0.0236202202884176,0.877974401203998,0.934878004132087,0.934878004132087,"gpath_trio"
"8075","CALU","Exc L3-4 RORB CUX2",-0.0379610552686897,5.0029402851579,3.36421056534296,0.0677702563816742,0.140682476384814,0.140682476384814,"gpath_trio"
"8076","CCDC136","Exc L3-4 RORB CUX2",0.033228412678598,5.4018453566267,2.12460749474612,0.146156639564444,0.256229597141222,0.256229597141222,"gpath_trio"
"8077","FLNC-AS1","Exc L3-4 RORB CUX2",0.121832611370803,0.277111711454302,2.60836182251672,0.107546436473603,0.202269912916468,0.202269912916468,"gpath_trio"
"8078","KCP","Exc L3-4 RORB CUX2",-0.166268982069934,1.17616281522627,2.95444840950814,0.0868317776403308,0.171077257216179,0.171077257216179,"gpath_trio"
"8079","ATP6V1F","Exc L3-4 RORB CUX2",-0.235104054739249,5.71557360028988,58.7589464728904,3.55284437182662e-13,1.837913723118e-11,1.837913723118e-11,"gpath_trio"
"8080","ATP6V1FNB","Exc L3-4 RORB CUX2",0.109490209549625,0.586345308115661,2.84043119597168,0.0931192740452319,0.180313019854358,0.180313019854358,"gpath_trio"
"8081","IRF5","Exc L3-4 RORB CUX2",0.00648853888525427,0.588483747798686,0.00592413114188926,0.938707895172001,0.970554593609139,0.970554593609139,"gpath_trio"
"8082","TNPO3","Exc L3-4 RORB CUX2",-0.0132880059479617,6.24880472417774,0.65086113655705,0.420542301208686,0.56876915969495,0.56876915969495,"gpath_trio"
"8083","TSPAN33","Exc L3-4 RORB CUX2",0.00643584556340792,3.91441016263371,0.027772574020868,0.867774145297552,0.928574487184582,0.928574487184582,"gpath_trio"
"8084","SMO","Exc L3-4 RORB CUX2",-0.0334255979108664,2.30955935139101,0.28997357033617,0.590698169395893,0.721544490884026,0.721544490884026,"gpath_trio"
"8085","AHCYL2","Exc L3-4 RORB CUX2",0.096609814704625,7.46177949842973,51.3615433984543,7.93217996887676e-12,2.99684889273574e-10,2.99684889273574e-10,"gpath_trio"
"8086","STRIP2","Exc L3-4 RORB CUX2",0.0388406245725756,4.66472854517021,2.24656052673462,0.135124888704403,0.241710221034073,0.241710221034073,"gpath_trio"
"8087","SMKR1","Exc L3-4 RORB CUX2",-0.224808067272786,1.92961537015454,23.1149508740849,2.58494673659368e-06,2.40107276292715e-05,2.40107276292715e-05,"gpath_trio"
"8088","AC078846.1","Exc L3-4 RORB CUX2",-0.0335668815293006,1.79425386005761,0.439036432736481,0.855761984989619,0.920156931466969,0.920156931466969,"gpath_trio"
"8089","NRF1","Exc L3-4 RORB CUX2",0.0508535986033858,6.93309993004452,9.49993917370331,0.00227579434172528,0.00852472165694534,0.00852472165694534,"gpath_trio"
"8090","UBE2H","Exc L3-4 RORB CUX2",0.065949685352444,7.07318634401304,16.1411998734696,7.70204818376955e-05,0.000465654246651336,0.000465654246651336,"gpath_trio"
"8091","AC073320.1","Exc L3-4 RORB CUX2",-0.173423524074343,2.33069147584683,18.9583893476157,1.922946049432e-05,0.000139451605130448,0.000139451605130448,"gpath_trio"
"8092","ZC3HC1","Exc L3-4 RORB CUX2",0.0176886091984858,4.35633774356475,0.707154205939144,0.447552573188385,0.593847627607061,0.593847627607061,"gpath_trio"
"8093","KLHDC10","Exc L3-4 RORB CUX2",0.00714340272609555,6.89909865326011,0.207935526826424,0.64877098006654,0.769214534722757,0.769214534722757,"gpath_trio"
"8094","TMEM209","Exc L3-4 RORB CUX2",-0.0138206631615257,3.52780514923856,0.257333349292235,0.61238811256866,0.739420234185522,0.739420234185522,"gpath_trio"
"8095","AC087071.2","Exc L3-4 RORB CUX2",-0.361181939717941,1.38852682053749,29.1820689023174,1.48806344263615e-07,1.92323382160053e-06,1.92323382160053e-06,"gpath_trio"
"8096","CPA4","Exc L3-4 RORB CUX2",-0.129212206978961,0.178266802031662,2.01554201028106,0.156893492749381,0.270402331269806,0.270402331269806,"gpath_trio"
"8097","CEP41","Exc L3-4 RORB CUX2",-0.0967656705362821,4.20553618836358,16.4562402448124,6.58693385045363e-05,0.00040801777842463,0.00040801777842463,"gpath_trio"
"8098","AC007938.1","Exc L3-4 RORB CUX2",-0.0921895865615286,-0.984869047045072,0.559861719934728,0.454992226458772,0.600883292477052,0.600883292477052,"gpath_trio"
"8099","MESTIT1","Exc L3-4 RORB CUX2",-0.00629236067653681,-1.01346938092578,0.00250130386165794,0.960150397534279,0.979750116174416,0.979750116174416,"gpath_trio"
"8100","MEST","Exc L3-4 RORB CUX2",-0.0475603076975768,5.89249710470014,2.99870518098233,0.0845171778672038,0.167490749362064,0.167490749362064,"gpath_trio"
"8101","AC007938.2","Exc L3-4 RORB CUX2",-0.187592235880099,-0.923853207124593,2.37859958785171,0.124223942373812,0.226152141977229,0.226152141977229,"gpath_trio"
"8102","COPG2","Exc L3-4 RORB CUX2",-0.0370750042401542,5.58544897770479,3.53562204550166,0.0611816463241291,0.129712033899675,0.129712033899675,"gpath_trio"
"8103","AC007938.3","Exc L3-4 RORB CUX2",0.0867698717382369,3.818883490068,6.17485096998082,0.0135874664521246,0.0382165252574396,0.0382165252574396,"gpath_trio"
"8104","AC016831.7","Exc L3-4 RORB CUX2",0.178213479254524,10.3837204384769,68.2976307557844,7.25370191766825e-15,5.71654047613113e-13,5.71654047613113e-13,"gpath_trio"
"8105","LINC00513","Exc L3-4 RORB CUX2",-0.332132302990347,6.84013190731492,63.7799372557066,4.51143404819695e-14,2.92662964380622e-12,2.92662964380622e-12,"gpath_trio"
"8106","AC058791.1","Exc L3-4 RORB CUX2",-0.230184364849861,4.68953800682145,20.2083957987911,1.04662767885721e-05,8.25215583199816e-05,8.25215583199816e-05,"gpath_trio"
"8107","MKLN1","Exc L3-4 RORB CUX2",0.111469803516325,8.68361698414235,54.0877511087463,2.50182754135064e-12,1.0831410010032e-10,1.0831410010032e-10,"gpath_trio"
"8108","AC008264.2","Exc L3-4 RORB CUX2",0.260334590089927,-0.938457653774005,3.80801108451218,0.0520817545399821,0.113890027947555,0.113890027947555,"gpath_trio"
"8109","PODXL","Exc L3-4 RORB CUX2",0.0375892786566442,4.26561220212747,1.00344950147857,0.317408603975032,0.462663000158678,0.462663000158678,"gpath_trio"
"8110","AC009518.1","Exc L3-4 RORB CUX2",-0.192053721010754,-0.418928341738965,1.96888757345129,0.161759043411895,0.276379463146593,0.276379463146593,"gpath_trio"
"8111","PLXNA4","Exc L3-4 RORB CUX2",0.0652210392399308,8.17734381754373,6.62172805486453,0.0106292179508013,0.0310924274550406,0.0310924274550406,"gpath_trio"
"8112","AC018643.1","Exc L3-4 RORB CUX2",-0.159339591909883,-0.597532917565586,2.09415582536539,0.149067920049962,0.26017376281877,0.26017376281877,"gpath_trio"
"8113","AC011625.1","Exc L3-4 RORB CUX2",-0.344956828998875,-0.393464973797254,12.0632536242208,0.000602186109823504,0.00275053311426063,0.00275053311426063,"gpath_trio"
"8114","AC009365.1","Exc L3-4 RORB CUX2",0.00769313828937674,0.147760400051234,0.00928890415524494,0.923293845541481,0.961119309313213,0.961119309313213,"gpath_trio"
"8115","CHCHD3","Exc L3-4 RORB CUX2",0.0143203841719807,7.37126834613793,0.698593260438271,0.404024206436847,0.552398235623704,0.552398235623704,"gpath_trio"
"8116","AC009365.3","Exc L3-4 RORB CUX2",-0.403454112956183,0.150392650773592,19.0955116640612,1.79843842274461e-05,0.000131844095853462,0.000131844095853462,"gpath_trio"
"8117","EXOC4","Exc L3-4 RORB CUX2",0.103938290000859,8.2661881077525,58.8400066511249,3.43546750891385e-13,1.78176239054851e-11,1.78176239054851e-11,"gpath_trio"
"8118","LRGUK","Exc L3-4 RORB CUX2",0.158296981733543,4.5582423032258,23.0099666043946,2.71786705270334e-06,2.50951797658077e-05,2.50951797658077e-05,"gpath_trio"
"8119","SLC35B4","Exc L3-4 RORB CUX2",-0.0428706566258177,5.26815410697979,3.97619464542059,0.0471921040940377,0.105285933882253,0.105285933882253,"gpath_trio"
"8120","AC009275.1","Exc L3-4 RORB CUX2",0.0769854176802404,0.322692477615203,0.78758131472569,0.375652659106303,0.523903801843611,0.523903801843611,"gpath_trio"
"8121","AKR1B1","Exc L3-4 RORB CUX2",-0.0573150889952603,4.02547064476642,3.8509437519826,0.0507844146294014,0.111609538687165,0.111609538687165,"gpath_trio"
"8122","BPGM","Exc L3-4 RORB CUX2",-0.159759161763359,2.70676160735372,16.1047094450444,7.8430086123235e-05,0.00047318390775606,0.00047318390775606,"gpath_trio"
"8123","CALD1","Exc L3-4 RORB CUX2",0.092598294734093,6.00012446473125,7.83467881902286,0.00550935438113659,0.0180763090973216,0.0180763090973216,"gpath_trio"
"8124","AGBL3","Exc L3-4 RORB CUX2",0.0558552904947062,4.9343262827332,1.96315232243152,0.162369009590204,0.277139997333533,0.277139997333533,"gpath_trio"
"8125","CYREN","Exc L3-4 RORB CUX2",0.000341316379097804,4.38319228352966,8.90210277110516e-05,0.992479229851885,0.996546168170677,0.996546168170677,"gpath_trio"
"8126","TMEM140","Exc L3-4 RORB CUX2",-0.248267319612173,-0.30643386013416,3.13249825167986,0.0779180218217116,0.15723105523635,0.15723105523635,"gpath_trio"
"8127","WDR91","Exc L3-4 RORB CUX2",-0.0754076366915759,3.58581942013251,8.88419481786046,0.00314902497998114,0.0112306132174508,0.0112306132174508,"gpath_trio"
"8128","AC009542.1","Exc L3-4 RORB CUX2",-0.416383112539216,-0.205675075676214,16.4663096873095,6.55412362369018e-05,0.000406378996707052,0.000406378996707052,"gpath_trio"
"8129","CNOT4","Exc L3-4 RORB CUX2",0.0578872137168554,6.68742551650382,22.376645424507,3.67997681450187e-06,3.28626852918939e-05,3.28626852918939e-05,"gpath_trio"
"8130","NUP205","Exc L3-4 RORB CUX2",0.012838565011377,4.77569389823571,0.457763993995015,0.499272271256917,0.642515256766636,0.642515256766636,"gpath_trio"
"8131","STMP1","Exc L3-4 RORB CUX2",-0.0055304399404493,4.09058692797076,0.0405637034380481,0.920419114353796,0.959655628876122,0.959655628876122,"gpath_trio"
"8132","SLC13A4","Exc L3-4 RORB CUX2",-0.114296501551159,1.04312538428528,2.90489070689949,0.0895058393925525,0.175122655894675,0.175122655894675,"gpath_trio"
"8133","MTPN","Exc L3-4 RORB CUX2",-0.0736322633129291,6.17190244989989,12.2180773208368,0.00055628692642334,0.00256645066100866,0.00256645066100866,"gpath_trio"
"8134","AC024084.1","Exc L3-4 RORB CUX2",0.140135562099612,-0.483205373762927,2.05017439826329,0.153389751185892,0.265816717932947,0.265816717932947,"gpath_trio"
"8135","AC078845.1","Exc L3-4 RORB CUX2",-0.0854180587018368,0.105762217599026,0.983268123892766,0.322315187945147,0.467870853024605,0.467870853024605,"gpath_trio"
"8136","AC009264.1","Exc L3-4 RORB CUX2",-0.10642433313652,2.28930371841477,4.54364754754247,0.0339789581357842,0.0806690374663976,0.0806690374663976,"gpath_trio"
"8137","CHRM2","Exc L3-4 RORB CUX2",0.360089092637437,3.88217801879877,14.0308184774199,0.000221512230949727,0.00116775784149745,0.00116775784149745,"gpath_trio"
"8138","PTN","Exc L3-4 RORB CUX2",0.578948682782733,-1.39374896518458,9.20593933477598,0.00326483450648003,0.0115761047747337,0.0115761047747337,"gpath_trio"
"8139","DGKI","Exc L3-4 RORB CUX2",0.0661059423707756,9.24493941827058,22.0428541509669,4.31904157064904e-06,3.77378361575766e-05,3.77378361575766e-05,"gpath_trio"
"8140","CREB3L2","Exc L3-4 RORB CUX2",0.0799441179127777,2.69260504744059,2.96490502224053,0.0862787469443544,0.170270343304544,0.170270343304544,"gpath_trio"
"8141","AKR1D1","Exc L3-4 RORB CUX2",-0.262682402619533,-0.353213432672276,8.42088426419163,0.00402718824120493,0.0138083825231661,0.0138083825231661,"gpath_trio"
"8142","TRIM24","Exc L3-4 RORB CUX2",0.0365244556072324,5.83292402020672,2.8543841428144,0.0923238024197823,0.179323453722837,0.179323453722837,"gpath_trio"
"8143","SVOPL","Exc L3-4 RORB CUX2",-0.0630504898697953,1.16854298652352,1.19224770077092,0.275887368513032,0.416058279245808,0.416058279245808,"gpath_trio"
"8144","ATP6V0A4","Exc L3-4 RORB CUX2",0.111455564084538,1.9626026541046,2.7874898977495,0.0962064122043365,0.185082899420472,0.185082899420472,"gpath_trio"
"8145","TMEM213","Exc L3-4 RORB CUX2",-0.169601971935571,1.14508590554653,4.88137098071432,0.0280199679736857,0.068629701817301,0.068629701817301,"gpath_trio"
"8146","KIAA1549","Exc L3-4 RORB CUX2",0.0933565114748881,6.92839452129837,22.8842555469466,2.88615375795363e-06,2.64312991678232e-05,2.64312991678232e-05,"gpath_trio"
"8147","ZC3HAV1L","Exc L3-4 RORB CUX2",0.00690862312870809,0.515270002066973,0.0088028002791999,0.941789408430963,0.971549895950027,0.971549895950027,"gpath_trio"
"8148","ZC3HAV1","Exc L3-4 RORB CUX2",0.190286882212227,1.86570931787009,5.04345425714996,0.02555939249166,0.0638036059786242,0.0638036059786242,"gpath_trio"
"8149","TTC26","Exc L3-4 RORB CUX2",0.0483290507993688,5.22790802105479,5.75219182855184,0.0171733020237751,0.0463073200119838,0.0463073200119838,"gpath_trio"
"8150","UBN2","Exc L3-4 RORB CUX2",0.0790628191144302,6.82279657407688,39.4797254316178,1.38829003126371e-09,2.95139635202797e-08,2.95139635202797e-08,"gpath_trio"
"8151","LUC7L2","Exc L3-4 RORB CUX2",-0.0648486167877152,4.90054427355348,5.41837411410088,0.0206937230490071,0.0537594466280863,0.0537594466280863,"gpath_trio"
"8152","AC083880.1","Exc L3-4 RORB CUX2",-0.105435046196542,-0.227827289945148,1.4705198893069,0.22636433777906,0.357236600992791,0.357236600992791,"gpath_trio"
"8153","KLRG2","Exc L3-4 RORB CUX2",-0.335097349781955,-0.491070344769167,15.2570682159274,0.000119671455929213,0.000681256101402901,0.000681256101402901,"gpath_trio"
"8154","CLEC2L","Exc L3-4 RORB CUX2",0.0169488603875344,5.93846596233905,0.269715379208851,0.603964559496446,0.732440586751692,0.732440586751692,"gpath_trio"
"8155","HIPK2","Exc L3-4 RORB CUX2",0.029583416893588,4.34218799675265,0.477794070142575,0.490039900611343,0.633631673065042,0.633631673065042,"gpath_trio"
"8156","PARP12","Exc L3-4 RORB CUX2",0.105291423094547,1.19218209058193,2.40009578163553,0.122544124789559,0.223886363444814,0.223886363444814,"gpath_trio"
"8157","KDM7A","Exc L3-4 RORB CUX2",0.0589346936094491,5.29765032852991,5.76597953258683,0.0170420425138445,0.0460272031749414,0.0460272031749414,"gpath_trio"
"8158","SLC37A3","Exc L3-4 RORB CUX2",-0.0275745831943046,5.46590493589746,2.39651594023877,0.122822103818679,0.224227304727341,0.224227304727341,"gpath_trio"
"8159","RAB19","Exc L3-4 RORB CUX2",-0.1908854075048,0.446532405338613,9.33865831631067,0.00247729717311052,0.00917923558115363,0.00917923558115363,"gpath_trio"
"8160","MKRN1","Exc L3-4 RORB CUX2",-0.0921951974607479,5.23740667096005,31.2046254576075,5.84674799099717e-08,8.30691131819492e-07,8.30691131819492e-07,"gpath_trio"
"8161","DENND2A","Exc L3-4 RORB CUX2",0.205325302431723,4.37562255537344,23.6671508260905,1.98655509889383e-06,1.90126893359502e-05,1.90126893359502e-05,"gpath_trio"
"8162","ADCK2","Exc L3-4 RORB CUX2",0.133032400236249,2.11010802945413,8.32917672750989,0.00422885182066911,0.0144058886362981,0.0144058886362981,"gpath_trio"
"8163","NDUFB2","Exc L3-4 RORB CUX2",-0.179052895767918,4.59445577746978,37.5718537214197,3.2522199991916e-09,6.45802544130813e-08,6.45802544130813e-08,"gpath_trio"
"8164","NDUFB2-AS1","Exc L3-4 RORB CUX2",0.00936177141673822,0.236371493711073,0.0137623957537538,0.906702404046231,0.952404367426626,0.952404367426626,"gpath_trio"
"8165","BRAF","Exc L3-4 RORB CUX2",0.0497379755646016,8.08245274024519,15.364218900671,0.000113431765433696,0.000650692598130459,0.000650692598130459,"gpath_trio"
"8166","MRPS33","Exc L3-4 RORB CUX2",-0.116111357955301,3.46689178138354,15.6263887477903,9.95189505478443e-05,0.000581331074221134,0.000581331074221134,"gpath_trio"
"8167","TMEM178B","Exc L3-4 RORB CUX2",0.0640433910504038,9.84875308924405,11.3102666386255,0.000886879800649145,0.00381835253480506,0.00381835253480506,"gpath_trio"
"8168","AC073878.1","Exc L3-4 RORB CUX2",0.0268092708016074,1.10545688495919,0.209171097829549,0.964840153274211,0.9818984997722,0.9818984997722,"gpath_trio"
"8169","AGK","Exc L3-4 RORB CUX2",0.0455801753327042,5.79915300305172,6.93321661225511,0.0089675799911658,0.0270232899659104,0.0270232899659104,"gpath_trio"
"8170","AC004918.1","Exc L3-4 RORB CUX2",0.0625906708420795,3.42024126589226,3.59132683608036,0.059191095294721,0.126108097861785,0.126108097861785,"gpath_trio"
"8171","KIAA1147","Exc L3-4 RORB CUX2",0.0396896172050447,5.21076627844244,2.91612865970137,0.08889167998137,0.174262678072381,0.174262678072381,"gpath_trio"
"8172","WEE2-AS1","Exc L3-4 RORB CUX2",-0.0164604912226534,1.05210380550316,0.0172986139088359,0.895462361949424,0.945932424252224,0.945932424252224,"gpath_trio"
"8173","WEE2","Exc L3-4 RORB CUX2",-0.0169411837463555,-0.93546687875851,0.0198136259929488,0.888167835842342,0.941515380597796,0.941515380597796,"gpath_trio"
"8174","SSBP1","Exc L3-4 RORB CUX2",-0.062246055323892,4.99387492604801,6.88153724568183,0.00922351821408413,0.0276582164044512,0.0276582164044512,"gpath_trio"
"8175","MGAM","Exc L3-4 RORB CUX2",0.0513055826798313,1.17060478187157,0.206761513576038,0.649697031697829,0.76981485960555,0.76981485960555,"gpath_trio"
"8176","MGAM2","Exc L3-4 RORB CUX2",-0.041903285796287,-0.0488637299520273,0.179122105734549,0.672478633529374,0.78893158291883,0.78893158291883,"gpath_trio"
"8177","EPHB6","Exc L3-4 RORB CUX2",-0.0292501424481526,6.53850824155679,1.8609721104523,0.17369230141616,0.292190626287921,0.292190626287921,"gpath_trio"
"8178","KEL","Exc L3-4 RORB CUX2",0.0860643580719222,0.802710648670897,1.25478054951947,0.263675015046238,0.402211056143796,0.402211056143796,"gpath_trio"
"8179","GSTK1","Exc L3-4 RORB CUX2",-0.0721966300875034,4.78330300234986,7.93947996941395,0.00520820746724359,0.017219960481271,0.017219960481271,"gpath_trio"
"8180","AC073342.1","Exc L3-4 RORB CUX2",-0.203505488712042,1.72573438020896,13.4390757352802,0.000298750088806139,0.00150870664372061,0.00150870664372061,"gpath_trio"
"8181","CASP2","Exc L3-4 RORB CUX2",0.029523586969452,3.67887797531425,1.29054261741155,0.256993988953297,0.394285454534811,0.394285454534811,"gpath_trio"
"8182","CLCN1","Exc L3-4 RORB CUX2",0.0480713914344258,-0.674804840968377,0.185160875547357,0.667331520756986,0.784626926468453,0.784626926468453,"gpath_trio"
"8183","FAM131B","Exc L3-4 RORB CUX2",-0.104780676657288,4.62350720456834,14.8135590006153,0.000149428939332554,0.000825048946643208,0.000825048946643208,"gpath_trio"
"8184","AC093673.2","Exc L3-4 RORB CUX2",-0.0712590798341278,1.76763830440493,1.99895217522836,0.15860419047733,0.272844802752462,0.272844802752462,"gpath_trio"
"8185","AC093673.1","Exc L3-4 RORB CUX2",-0.135248586994018,1.58278718768713,7.33505882643985,0.00721103672765146,0.0224961598856298,0.0224961598856298,"gpath_trio"
"8186","ZYX","Exc L3-4 RORB CUX2",-0.080781332872076,5.12255198400382,9.29750902462175,0.00253156870647347,0.00934743752802019,0.00934743752802019,"gpath_trio"
"8187","EPHA1-AS1","Exc L3-4 RORB CUX2",0.0743360228407086,1.40657053693843,1.30711640428684,0.25396898211358,0.390773658796635,0.390773658796635,"gpath_trio"
"8188","TCAF2","Exc L3-4 RORB CUX2",0.135731719703174,3.9504397299981,9.29465072669423,0.00253538333472418,0.00935980947448498,0.00935980947448498,"gpath_trio"
"8189","TCAF1","Exc L3-4 RORB CUX2",0.0178137067682933,6.74942617126959,1.50094171588459,0.221635201159134,0.351642826626733,0.351642826626733,"gpath_trio"
"8190","OR2F1","Exc L3-4 RORB CUX2",0.103885656907697,-1.34395524349846,0.415632248767456,0.519692944757773,0.660522517960668,0.660522517960668,"gpath_trio"
"8191","NOBOX","Exc L3-4 RORB CUX2",0.0078965299818525,-1.54104496673208,0.0018542960080168,0.965685529928697,0.982284082236269,0.982284082236269,"gpath_trio"
"8192","TPK1","Exc L3-4 RORB CUX2",0.0222370433098878,6.67619016081419,0.926598124522561,0.336642833134626,0.483159220209937,0.483159220209937,"gpath_trio"
"8193","CNTNAP2","Exc L3-4 RORB CUX2",0.156212346341708,12.0795258951983,60.8651982304967,1.48854483574972e-13,8.48344408509904e-12,8.48344408509904e-12,"gpath_trio"
"8194","AC006004.1","Exc L3-4 RORB CUX2",-0.38746581092986,1.10637885144699,29.7517205050702,1.14284881569483e-07,1.51391824403435e-06,1.51391824403435e-06,"gpath_trio"
"8195","AC006974.1","Exc L3-4 RORB CUX2",0.0624089139338887,0.13494943557941,0.651031955467515,0.420481412297609,0.56876915969495,0.56876915969495,"gpath_trio"
"8196","AC005229.4","Exc L3-4 RORB CUX2",-0.218380837624322,-0.0487111502581183,6.56941782677438,0.0109380220998543,0.0318112434574833,0.0318112434574833,"gpath_trio"
"8197","CUL1","Exc L3-4 RORB CUX2",0.00399212197713337,6.75928334997683,0.0797568017150251,0.777851935975018,0.869120747333705,0.869120747333705,"gpath_trio"
"8198","EZH2","Exc L3-4 RORB CUX2",0.0817817370925524,2.98774376944663,4.20772408108324,0.0412422913239352,0.0945633853233768,0.0945633853233768,"gpath_trio"
"8199","GHET1","Exc L3-4 RORB CUX2",-0.0442163011018751,-0.463519816653333,0.156557103667879,0.692670757062596,0.80485126554961,0.80485126554961,"gpath_trio"
"8200","PDIA4","Exc L3-4 RORB CUX2",-0.0613319716423812,2.14347019204532,1.87166433660744,0.254639228585117,0.391603302804319,0.391603302804319,"gpath_trio"
"8201","ZNF786","Exc L3-4 RORB CUX2",0.0398255424550788,4.71022704160087,1.50396272120977,0.221172097431026,0.351223611958342,0.351223611958342,"gpath_trio"
"8202","ZNF425","Exc L3-4 RORB CUX2",0.0701126394935524,3.84727119707797,7.16255436333387,0.00791710361708203,0.02435242650932,0.02435242650932,"gpath_trio"
"8203","ZNF398","Exc L3-4 RORB CUX2",0.0366867159758939,5.55139013807249,4.21298653204569,0.0411166623791169,0.0943228894968112,0.0943228894968112,"gpath_trio"
"8204","ZNF282","Exc L3-4 RORB CUX2",0.0212513122355476,3.70063839197371,0.700948985822677,0.403233880016474,0.551504544053445,0.551504544053445,"gpath_trio"
"8205","ZNF212","Exc L3-4 RORB CUX2",0.0374674804256292,3.22944406346277,1.3700691782913,0.269727257833342,0.409030925044172,0.409030925044172,"gpath_trio"
"8206","ZNF783","Exc L3-4 RORB CUX2",0.0436960120449649,4.81380803734328,3.50445406883353,0.0623265700098057,0.131641389232394,0.131641389232394,"gpath_trio"
"8207","ZNF777","Exc L3-4 RORB CUX2",0.0497437526711469,3.84640102560861,2.89442970736332,0.146219139499059,0.256274097766789,0.256274097766789,"gpath_trio"
"8208","ZNF746","Exc L3-4 RORB CUX2",-0.0276543239026942,4.56311989449448,1.87969447845276,0.216330498009771,0.345463218868854,0.345463218868854,"gpath_trio"
"8209","KRBA1","Exc L3-4 RORB CUX2",-0.0889593968123388,3.26223793315425,7.78175950314437,0.00566815380176804,0.0185010520871494,0.0185010520871494,"gpath_trio"
"8210","ZNF862","Exc L3-4 RORB CUX2",0.00776723894865592,5.33609341996439,0.0836155002937767,0.772686728239291,0.865428009894393,0.865428009894393,"gpath_trio"
"8211","ATP6V0E2-AS1","Exc L3-4 RORB CUX2",-0.045116883118039,2.80627472996994,1.79044083091775,0.182041503789016,0.303012014450399,0.303012014450399,"gpath_trio"
"8212","ATP6V0E2","Exc L3-4 RORB CUX2",-0.193376664188804,5.72104998997498,47.0005098240647,5.14344455251877e-11,1.57225748253131e-09,1.57225748253131e-09,"gpath_trio"
"8213","AC092681.3","Exc L3-4 RORB CUX2",0.197453620847752,0.287160809380048,6.24295100044846,0.0130866980266845,0.0370508185080493,0.0370508185080493,"gpath_trio"
"8214","AC092666.1","Exc L3-4 RORB CUX2",-0.251661303360336,0.458046662143823,9.85641477194272,0.00188769303208629,0.00726104993752924,0.00726104993752924,"gpath_trio"
"8215","ACTR3C","Exc L3-4 RORB CUX2",0.193980384836646,4.05292508274232,33.1779963822116,2.36852945426324e-08,3.7369161256508e-07,3.7369161256508e-07,"gpath_trio"
"8216","LRRC61","Exc L3-4 RORB CUX2",0.0103067769044454,2.08158283507706,0.0624067387779933,0.862334164950161,0.924862674917309,0.924862674917309,"gpath_trio"
"8217","AC073111.3","Exc L3-4 RORB CUX2",-0.00971096672139416,0.494149963082429,0.0201935785308504,0.951242643688136,0.976241576151737,0.976241576151737,"gpath_trio"
"8218","ZNF775","Exc L3-4 RORB CUX2",-0.0603957878105427,0.566101496440004,0.68302210170549,0.40930576128237,0.557654222978917,0.557654222978917,"gpath_trio"
"8219","AC073111.5","Exc L3-4 RORB CUX2",-0.0494981858203244,3.29620270435294,2.09589273496233,0.148900106578602,0.260001700729036,0.260001700729036,"gpath_trio"
"8220","KCNH2","Exc L3-4 RORB CUX2",-0.0335459101973557,3.31355802011512,1.24582456199523,0.265381919836166,0.403929100920003,0.403929100920003,"gpath_trio"
"8221","ATG9B","Exc L3-4 RORB CUX2",0.014392076038208,1.99618498410011,0.0827494455969301,0.773834601754069,0.86623276315754,0.86623276315754,"gpath_trio"
"8222","ABCB8","Exc L3-4 RORB CUX2",0.0439781451863903,4.79649763328832,3.85947288411954,0.0505307991836313,0.11114902676949,0.11114902676949,"gpath_trio"
"8223","ASIC3","Exc L3-4 RORB CUX2",-0.108202918552593,2.4604258634502,6.31051976364842,0.0126086896579756,0.0359395752825172,0.0359395752825172,"gpath_trio"
"8224","CDK5","Exc L3-4 RORB CUX2",-0.106983593223088,3.67250075145442,8.87530410332348,0.00316388157036724,0.0112756245684789,0.0112756245684789,"gpath_trio"
"8225","FASTK","Exc L3-4 RORB CUX2",0.0256005886880687,4.72304507906255,1.11713792060511,0.556105205827835,0.692685221187663,0.692685221187663,"gpath_trio"
"8226","TMUB1","Exc L3-4 RORB CUX2",-0.0500886287847214,3.35225369392319,2.65575201462093,0.104386813060397,0.197672606860663,0.197672606860663,"gpath_trio"
"8227","AGAP3","Exc L3-4 RORB CUX2",0.115838865781821,6.95237804236232,67.7742085275714,8.95210159019086e-15,7.00033525512018e-13,7.00033525512018e-13,"gpath_trio"
"8228","GBX1","Exc L3-4 RORB CUX2",0.0994516752386223,-1.70223049467641,0.229500086258094,0.716169680844048,0.823148368428683,0.823148368428683,"gpath_trio"
"8229","ABCF2","Exc L3-4 RORB CUX2",-0.0735124471090623,0.0311608578217166,0.727139495237254,0.394596774482685,0.54274542713309,0.54274542713309,"gpath_trio"
"8230","CHPF2","Exc L3-4 RORB CUX2",-0.0272755375823186,3.38177976658449,0.764534639568439,0.382720052334053,0.530934267746649,0.530934267746649,"gpath_trio"
"8231","SMARCD3","Exc L3-4 RORB CUX2",0.168398416615966,4.97146057838219,45.5982731025973,9.44165733500915e-11,2.69809400472818e-09,2.69809400472818e-09,"gpath_trio"
"8232","AC021097.1","Exc L3-4 RORB CUX2",-0.141257106736913,2.95147024280596,13.9214715985234,0.000234077423319036,0.00122565271318013,0.00122565271318013,"gpath_trio"
"8233","NUB1","Exc L3-4 RORB CUX2",-0.0247702336910905,4.59250953253766,1.47183306793053,0.322491205531111,0.467975262288007,0.467975262288007,"gpath_trio"
"8234","WDR86","Exc L3-4 RORB CUX2",-0.0493976603284435,3.36788314668451,0.596652551538462,0.440559644256982,0.587460663258829,0.587460663258829,"gpath_trio"
"8235","RHEB","Exc L3-4 RORB CUX2",-0.0783884440726722,6.48267537057487,14.3760936913152,0.000186150217248747,0.00100015462929253,0.00100015462929253,"gpath_trio"
"8236","PRKAG2","Exc L3-4 RORB CUX2",0.108844074301145,8.09039030821207,21.1365766865415,6.68066867740137e-06,5.53976533360348e-05,5.53976533360348e-05,"gpath_trio"
"8237","PRKAG2-AS1","Exc L3-4 RORB CUX2",-0.210169239421795,4.25098616820364,38.2713731050307,2.37851719172452e-09,4.83248583515027e-08,4.83248583515027e-08,"gpath_trio"
"8238","GALNTL5","Exc L3-4 RORB CUX2",-0.0664786810709947,1.64689502583049,1.27912925410009,0.259103117117647,0.396797129789626,0.396797129789626,"gpath_trio"
"8239","GALNT11","Exc L3-4 RORB CUX2",0.0268048303089063,7.1989086588062,3.03800877919269,0.0825178026185047,0.164456288564509,0.164456288564509,"gpath_trio"
"8240","KMT2C","Exc L3-4 RORB CUX2",0.0562595605012698,7.64608503729285,18.8208576694588,2.05659472680372e-05,0.000147552626647458,0.000147552626647458,"gpath_trio"
"8241","LINC01003","Exc L3-4 RORB CUX2",-0.192276327651536,2.10213560154297,14.6449620805938,0.00016262108169727,0.000887924309402551,0.000887924309402551,"gpath_trio"
"8242","XRCC2","Exc L3-4 RORB CUX2",-0.0231426867743253,2.09865073497197,0.23288015727865,0.629802440360877,0.753607989715778,0.753607989715778,"gpath_trio"
"8243","ACTR3B","Exc L3-4 RORB CUX2",-0.0373963231775444,6.46222776755537,5.51411850536887,0.0196132160030331,0.0514760807676849,0.0514760807676849,"gpath_trio"
"8244","DPP6","Exc L3-4 RORB CUX2",0.0384465883428678,9.8616223344027,3.5897414603747,0.0592467788298306,0.126180065754442,0.126180065754442,"gpath_trio"
"8245","AC073336.1","Exc L3-4 RORB CUX2",-0.248845497972471,-0.304540012406883,6.06439437546263,0.0144423043270628,0.0401672856077325,0.0401672856077325,"gpath_trio"
"8246","PAXIP1","Exc L3-4 RORB CUX2",0.0595317178669725,4.63144716784426,9.33170105434142,0.0024863888421339,0.00920757982563354,0.00920757982563354,"gpath_trio"
"8247","PAXIP1-AS1","Exc L3-4 RORB CUX2",-0.10141789991977,3.32763061486109,8.32897902545903,0.00422929756593774,0.0144058886362981,0.0144058886362981,"gpath_trio"
"8248","HTR5A-AS1","Exc L3-4 RORB CUX2",-0.101379994467033,2.93809389168462,6.57883366138123,0.0108817612509473,0.0316841583544325,0.0316841583544325,"gpath_trio"
"8249","HTR5A","Exc L3-4 RORB CUX2",-0.0372725459327357,3.18445947664109,0.979983657471014,0.32312318606822,0.468656382381477,0.468656382381477,"gpath_trio"
"8250","AC144652.1","Exc L3-4 RORB CUX2",0.0767408833038651,0.881917257210168,1.04450518157705,0.307725952511909,0.451879401115639,0.451879401115639,"gpath_trio"
"8251","INSIG1","Exc L3-4 RORB CUX2",0.0208645043064575,3.56744541558531,0.156231706423921,0.692973947037436,0.805028765461642,0.805028765461642,"gpath_trio"
"8252","BLACE","Exc L3-4 RORB CUX2",-0.267060178224817,0.196626268848353,7.13088377660914,0.00805427638372534,0.0246952927114983,0.0246952927114983,"gpath_trio"
"8253","AC008060.1","Exc L3-4 RORB CUX2",-0.0838041343359782,-0.141679279706644,0.25878931842335,0.61138451692006,0.738692216364967,0.738692216364967,"gpath_trio"
"8254","CNPY1","Exc L3-4 RORB CUX2",-0.21264377180748,0.469098176265937,4.97335818469688,0.0265945511624906,0.065801455690857,0.065801455690857,"gpath_trio"
"8255","AC009403.1","Exc L3-4 RORB CUX2",0.0635046148691119,4.35034852049459,4.5065079769685,0.0347111482653775,0.0821270571424874,0.0821270571424874,"gpath_trio"
"8256","RBM33","Exc L3-4 RORB CUX2",0.0640509728804522,6.66388851342845,22.9294610016324,2.82445831667122e-06,2.59337524771054e-05,2.59337524771054e-05,"gpath_trio"
"8257","SHH","Exc L3-4 RORB CUX2",-0.00761038724565177,0.533213623416805,0.0102615244938708,0.919391036764247,0.959599542197158,0.959599542197158,"gpath_trio"
"8258","LINC01006","Exc L3-4 RORB CUX2",0.00585665145968492,4.01767544310978,0.0231971211697616,0.879063703167372,0.935790956701231,0.935790956701231,"gpath_trio"
"8259","RNF32","Exc L3-4 RORB CUX2",-0.0200498254100447,1.01231125137439,0.085191337412778,0.770614520322086,0.863739831387186,0.863739831387186,"gpath_trio"
"8260","AC005534.1","Exc L3-4 RORB CUX2",0.0583660606317623,-0.179385593371027,0.369506596293694,0.543803911778517,0.682206437018504,0.682206437018504,"gpath_trio"
"8261","LMBR1","Exc L3-4 RORB CUX2",-0.0242530336012184,6.84380274108382,2.14947461056112,0.143827018179996,0.252938466856818,0.252938466856818,"gpath_trio"
"8262","NOM1","Exc L3-4 RORB CUX2",0.0260918123837105,4.24680894405868,0.922097612583666,0.337816927600762,0.484121076455844,0.484121076455844,"gpath_trio"
"8263","MNX1","Exc L3-4 RORB CUX2",-0.217284895218658,-1.0403450412451,3.05814712332598,0.105732149237946,0.199533143796986,0.199533143796986,"gpath_trio"
"8264","UBE3C","Exc L3-4 RORB CUX2",0.0285035862766209,7.12889812470234,4.75152400512381,0.0301696873025098,0.0730875890163467,0.0730875890163467,"gpath_trio"
"8265","DNAJB6","Exc L3-4 RORB CUX2",-0.0510616437877656,6.31862504456261,7.17161016175101,0.00787832472511782,0.0242553336379143,0.0242553336379143,"gpath_trio"
"8266","AC006372.3","Exc L3-4 RORB CUX2",0.270056907558141,-0.390582917836399,6.41590336419632,0.0118989025458597,0.0341917616953024,0.0341917616953024,"gpath_trio"
"8267","PTPRN2","Exc L3-4 RORB CUX2",0.133225205165863,9.45430794998118,80.8061257420712,5.27123023199407e-17,6.95078888434513e-15,6.95078888434513e-15,"gpath_trio"
"8268","NCAPG2","Exc L3-4 RORB CUX2",0.0334830141679266,3.86230232643004,1.59446148278281,0.20782115121771,0.335401126570885,0.335401126570885,"gpath_trio"
"8269","ESYT2","Exc L3-4 RORB CUX2",0.0186185084533834,7.13110615195608,1.18988114717158,0.276363364296646,0.41662040459425,0.41662040459425,"gpath_trio"
"8270","WDR60","Exc L3-4 RORB CUX2",0.00509964740539242,7.46996339136092,0.059985820858485,0.806711538323294,0.888244445203849,0.888244445203849,"gpath_trio"
"8271","VIPR2","Exc L3-4 RORB CUX2",0.0296131464657986,4.56043903723417,0.121085297719106,0.728141914902284,0.832026684025463,0.832026684025463,"gpath_trio"
"8272","PLCXD1","Exc L3-4 RORB CUX2",-0.083089587408106,3.36056539073542,4.00027043713705,0.0465330472608262,0.104149570500019,0.104149570500019,"gpath_trio"
"8273","GTPBP6","Exc L3-4 RORB CUX2",-0.0112300577311971,4.26526529216708,0.173061748343722,0.677748106600978,0.793096349814062,0.793096349814062,"gpath_trio"
"8274","LINC00685","Exc L3-4 RORB CUX2",-0.0144268514541393,4.61109513085761,0.10648339085448,0.744446325578206,0.844297297124083,0.844297297124083,"gpath_trio"
"8275","PPP2R3B","Exc L3-4 RORB CUX2",-0.0343972023390194,2.5929565963686,0.457144511567589,0.499562485230175,0.64264956574117,0.64264956574117,"gpath_trio"
"8276","AL732314.6","Exc L3-4 RORB CUX2",0.0895339548472067,1.12967745604992,2.06215369799048,0.152198640418297,0.26433065599277,0.26433065599277,"gpath_trio"
"8277","AL732314.4","Exc L3-4 RORB CUX2",0.041813990939049,-0.30574489467298,0.193008324788003,0.660789417330274,0.779524412035918,0.779524412035918,"gpath_trio"
"8278","SHOX","Exc L3-4 RORB CUX2",-0.118904859155486,-0.343501979744765,1.62237196321066,0.223676875524318,0.353895950632116,0.353895950632116,"gpath_trio"
"8279","AL672277.1","Exc L3-4 RORB CUX2",-0.0216783417187089,0.15358453898339,0.0282794832095916,0.866584171105793,0.927694770882913,0.927694770882913,"gpath_trio"
"8280","CRLF2","Exc L3-4 RORB CUX2",-0.159377243676071,0.373216061640199,2.64613285596838,0.105013423311109,0.19854238733967,0.19854238733967,"gpath_trio"
"8281","CSF2RA","Exc L3-4 RORB CUX2",-0.124970883635955,1.06670319540484,4.18534521477657,0.0417810842769394,0.0954948878766571,0.0954948878766571,"gpath_trio"
"8282","IL3RA","Exc L3-4 RORB CUX2",-0.141358355266859,2.58775647158885,8.74303824742913,0.00339356889078979,0.0119799216748353,0.0119799216748353,"gpath_trio"
"8283","SLC25A6","Exc L3-4 RORB CUX2",-0.150029335007882,5.16939438011135,28.624944234113,1.92759413833098e-07,2.40502237110869e-06,2.40502237110869e-06,"gpath_trio"
"8284","LINC00106","Exc L3-4 RORB CUX2",0.0726008898542072,3.66402791299581,3.2501400145342,0.0725751903388459,0.148635109642292,0.148635109642292,"gpath_trio"
"8285","ASMTL-AS1","Exc L3-4 RORB CUX2",-0.0292401320069632,3.30094684053693,0.439133609101078,0.508127915722485,0.650103411738293,0.650103411738293,"gpath_trio"
"8286","ASMTL","Exc L3-4 RORB CUX2",-0.113611231897674,4.1141111910199,15.5385392193613,0.000103976938427371,0.000603894692046101,0.000603894692046101,"gpath_trio"
"8287","P2RY8","Exc L3-4 RORB CUX2",-0.226933817596626,0.598267675445218,11.1050375862155,0.000986033043838259,0.00419334246615448,0.00419334246615448,"gpath_trio"
"8288","AKAP17A","Exc L3-4 RORB CUX2",-0.112814783921886,3.90651402029672,11.7242391661171,0.000716619205401844,0.00319015720851328,0.00319015720851328,"gpath_trio"
"8289","ASMT","Exc L3-4 RORB CUX2",-0.0421067320308918,0.33330629978165,0.391106696845612,0.532266755542876,0.671784910420864,0.671784910420864,"gpath_trio"
"8290","AL683807.1","Exc L3-4 RORB CUX2",-0.104529162454806,0.0574567699711076,1.81337492131159,0.179276565060193,0.299611058655517,0.299611058655517,"gpath_trio"
"8291","DHRSX","Exc L3-4 RORB CUX2",0.106595968105639,6.07337231400011,25.2782204108889,9.25258842197358e-07,9.64707862601121e-06,9.64707862601121e-06,"gpath_trio"
"8292","CD99","Exc L3-4 RORB CUX2",-0.0698804279397392,1.68188490743512,0.750154129188819,0.387225942610651,0.535226998367038,0.535226998367038,"gpath_trio"
"8293","XG","Exc L3-4 RORB CUX2",-0.00909834327311203,0.608645534869014,0.0155638207615243,0.900813877987381,0.949575212309703,0.949575212309703,"gpath_trio"
"8294","GYG2","Exc L3-4 RORB CUX2",-0.0252396426365368,4.12104257384078,0.259008926376932,0.611233450512836,0.738686645746763,0.738686645746763,"gpath_trio"
"8295","ARSD","Exc L3-4 RORB CUX2",-0.174778641540556,1.46189685220641,6.37465805342277,0.0121716479818696,0.0348415150445828,0.0348415150445828,"gpath_trio"
"8296","ARSE","Exc L3-4 RORB CUX2",0.0546476995678586,1.66485937991535,0.77945684065194,0.378122840993885,0.526257472202789,0.526257472202789,"gpath_trio"
"8297","ARSH","Exc L3-4 RORB CUX2",-0.151364902625944,-0.456639236182305,1.68591662258422,0.195290591604022,0.319622591515466,0.319622591515466,"gpath_trio"
"8298","ARSF","Exc L3-4 RORB CUX2",-0.0590205437578045,0.754314626286235,0.72930678108735,0.393894092689448,0.542000635657455,0.542000635657455,"gpath_trio"
"8299","MXRA5","Exc L3-4 RORB CUX2",0.00537584690854758,0.243364907647046,0.00320551312417567,0.954893576034087,0.977669520248044,0.977669520248044,"gpath_trio"
"8300","PRKX","Exc L3-4 RORB CUX2",0.00320832337245348,0.930981414832142,0.000452279769402527,0.983049082845386,0.991452471825917,0.991452471825917,"gpath_trio"
"8301","BX890604.1","Exc L3-4 RORB CUX2",0.0988464134968698,2.43279738491617,5.25000124811429,0.0227468884850859,0.0580321794621407,0.0580321794621407,"gpath_trio"
"8302","FAM239A","Exc L3-4 RORB CUX2",-0.151082206675978,0.121037686952959,0.433950689362469,0.510639673534513,0.652572079151124,0.652572079151124,"gpath_trio"
"8303","FAM239B","Exc L3-4 RORB CUX2",0.264227984599939,-0.769061146577518,0.912438286947354,0.340355547225364,0.487032638149636,0.487032638149636,"gpath_trio"
"8304","AC110995.1","Exc L3-4 RORB CUX2",-0.0738545664986558,0.571009320578591,0.749106897012922,0.387557028544027,0.535545414443544,0.535545414443544,"gpath_trio"
"8305","NLGN4X","Exc L3-4 RORB CUX2",0.0978045432961813,7.56662496164396,37.5427307897642,3.29492027366978e-09,6.5363831387697e-08,6.5363831387697e-08,"gpath_trio"
"8306","AC097347.1","Exc L3-4 RORB CUX2",0.0162178205752083,2.45742784101253,0.115115795518603,0.84048241960312,0.909891222123468,0.909891222123468,"gpath_trio"
"8307","PUDP","Exc L3-4 RORB CUX2",0.014246845051984,4.04849809622959,0.16525093981401,0.684701802804289,0.798350509829309,0.798350509829309,"gpath_trio"
"8308","STS","Exc L3-4 RORB CUX2",-0.0774964308948375,5.19360330353056,6.67284611696275,0.0103361412280637,0.0304070646363642,0.0304070646363642,"gpath_trio"
"8309","VCX","Exc L3-4 RORB CUX2",-0.0463436027167872,-1.12373321927297,0.0662527983200123,0.797076531663885,0.881586482447173,0.881586482447173,"gpath_trio"
"8310","PNPLA4","Exc L3-4 RORB CUX2",-0.0799072549825537,2.14237124259518,2.31622458197377,0.129245656690898,0.233336118455379,0.233336118455379,"gpath_trio"
"8311","AC078960.1","Exc L3-4 RORB CUX2",-0.00213422483468836,-0.0655599422831611,0.000798511783015049,0.977478094624873,0.98820507912692,0.98820507912692,"gpath_trio"
"8312","ANOS1","Exc L3-4 RORB CUX2",0.0507911175987381,2.6096053893637,0.687552056545903,0.407758844202294,0.555997207473728,0.555997207473728,"gpath_trio"
"8313","FAM9B","Exc L3-4 RORB CUX2",-0.10231787671578,-0.87058564809287,0.58576820665542,0.444754369814467,0.591214927182869,0.591214927182869,"gpath_trio"
"8314","AC003684.1","Exc L3-4 RORB CUX2",0.0712482654119832,2.09533208827812,0.76126659735345,0.383737451024486,0.531797161314672,0.531797161314672,"gpath_trio"
"8315","TBL1X","Exc L3-4 RORB CUX2",0.210537209083562,1.22200342385365,0.502245517869425,0.479150030776077,0.622904783011567,0.622904783011567,"gpath_trio"
"8316","GPR143","Exc L3-4 RORB CUX2",0.0617299875142469,-0.150215393327279,0.442968915247096,0.506282945242362,0.648565522907146,0.648565522907146,"gpath_trio"
"8317","SHROOM2","Exc L3-4 RORB CUX2",-0.0137990868269328,4.15471980527821,0.289629171130826,0.590918648793436,0.721744989672332,0.721744989672332,"gpath_trio"
"8318","WWC3","Exc L3-4 RORB CUX2",0.0302321463934326,5.57489419957588,2.00911957457917,0.157553242375374,0.271284173843405,0.271284173843405,"gpath_trio"
"8319","WWC3-AS1","Exc L3-4 RORB CUX2",-0.415052438522905,0.783361049549445,29.7089111236951,1.16571765898146e-07,1.5421871324558e-06,1.5421871324558e-06,"gpath_trio"
"8320","CLCN4","Exc L3-4 RORB CUX2",-0.0573783850443861,5.90395505088127,13.5581241231903,0.000281270973513458,0.00143516486864795,0.00143516486864795,"gpath_trio"
"8321","AC003666.1","Exc L3-4 RORB CUX2",0.0751943046857,0.734966026754606,1.05249697903676,0.30588620188057,0.449852612990943,0.449852612990943,"gpath_trio"
"8322","MID1","Exc L3-4 RORB CUX2",0.0631237102814123,2.45931799281218,0.806147066454229,0.370092477262068,0.518514981164043,0.518514981164043,"gpath_trio"
"8323","AC073529.1","Exc L3-4 RORB CUX2",0.129893041834101,2.52965407242827,6.63360854763938,0.0105603466187806,0.030949301719044,0.030949301719044,"gpath_trio"
"8324","HCCS","Exc L3-4 RORB CUX2",-0.172057738634363,2.11911231015093,21.1653976957823,6.58842458784156e-06,5.48355883084586e-05,5.48355883084586e-05,"gpath_trio"
"8325","ARHGAP6","Exc L3-4 RORB CUX2",0.0843047668648218,2.19089625136766,1.61362348763094,0.2051187348285,0.331964581675356,0.331964581675356,"gpath_trio"
"8326","AC004554.2","Exc L3-4 RORB CUX2",-0.163845735388655,0.0375991496306205,3.63339350703712,0.0577338314821448,0.123492371729461,0.123492371729461,"gpath_trio"
"8327","MSL3","Exc L3-4 RORB CUX2",-0.0763690326913491,3.82755280515455,8.5949946369147,0.00367099295416874,0.0127715611054241,0.0127715611054241,"gpath_trio"
"8328","FRMPD4","Exc L3-4 RORB CUX2",0.119668986249999,9.91805970562541,45.5774292747928,9.52751772217541e-11,2.71877892567028e-09,2.71877892567028e-09,"gpath_trio"
"8329","PRPS2","Exc L3-4 RORB CUX2",0.0031139385056367,4.70459212405802,0.0178281615100827,0.893883742489037,0.945035083829394,0.945035083829394,"gpath_trio"
"8330","TMSB4X","Exc L3-4 RORB CUX2",-0.280013549214541,7.64224102101458,51.2699888602972,8.24719435718851e-12,3.11004011507062e-10,3.11004011507062e-10,"gpath_trio"
"8331","FAM9C","Exc L3-4 RORB CUX2",0.285542801132455,-1.49628694550233,2.26930976341926,0.133172599874026,0.239003826705316,0.239003826705316,"gpath_trio"
"8332","LINC02154","Exc L3-4 RORB CUX2",-0.138151409188051,-1.57909949463372,0.529784273227122,0.467352518487093,0.612620171559815,0.612620171559815,"gpath_trio"
"8333","LINC01203","Exc L3-4 RORB CUX2",0.0952468344081326,1.13284310922687,2.03352002350981,0.155063400146761,0.267911629524785,0.267911629524785,"gpath_trio"
"8334","AC135371.1","Exc L3-4 RORB CUX2",0.0742556734899636,0.173036537065544,0.830438106240084,0.76872048004031,0.862532533017252,0.862532533017252,"gpath_trio"
"8335","TCEANC","Exc L3-4 RORB CUX2",0.0787724895351413,2.1050712973427,2.52677161299505,0.113144179116422,0.210288697712927,0.210288697712927,"gpath_trio"
"8336","RAB9A","Exc L3-4 RORB CUX2",0.0109048890342159,3.59035284057694,0.193235288329939,0.833282599443893,0.905010575138918,0.905010575138918,"gpath_trio"
"8337","TRAPPC2","Exc L3-4 RORB CUX2",0.0129828912893662,4.72156158890523,0.375348990795965,0.540638413854438,0.679228099434662,0.679228099434662,"gpath_trio"
"8338","OFD1","Exc L3-4 RORB CUX2",0.0321801655407484,5.26106747358844,2.33240014745703,0.127921926146267,0.23153452041665,0.23153452041665,"gpath_trio"
"8339","GPM6B","Exc L3-4 RORB CUX2",0.036923370692953,8.57420589367354,3.99011392351109,0.046809875636573,0.104616388504027,0.104616388504027,"gpath_trio"
"8340","GEMIN8","Exc L3-4 RORB CUX2",0.009784324137229,3.45030137300229,0.0608948267486761,0.805281901931287,0.887305427168963,0.887305427168963,"gpath_trio"
"8341","GLRA2","Exc L3-4 RORB CUX2",0.0404551731961477,0.850278209409299,0.107340755454159,0.743455846202312,0.843792078752511,0.843792078752511,"gpath_trio"
"8342","FANCB","Exc L3-4 RORB CUX2",0.0406774098593726,2.2772819658766,0.975523061990511,0.461413592818389,0.607202350473615,0.607202350473615,"gpath_trio"
"8343","MOSPD2","Exc L3-4 RORB CUX2",-0.00890677531789499,4.01902447328998,0.141015171044273,0.799921834780845,0.883377470945511,0.883377470945511,"gpath_trio"
"8344","ASB9","Exc L3-4 RORB CUX2",-0.757108787462578,-0.70060055988924,14.5291984930618,0.000172357772557917,0.000934451415369738,0.000934451415369738,"gpath_trio"
"8345","PIGA","Exc L3-4 RORB CUX2",-0.0621897083527592,1.28901350309634,1.53213251379905,0.216909237837415,0.346250454696648,0.346250454696648,"gpath_trio"
"8346","VEGFD","Exc L3-4 RORB CUX2",0.137601756280607,4.268287884846,19.6835016574109,1.35049985803434e-05,0.00010328405851343,0.00010328405851343,"gpath_trio"
"8347","PIR","Exc L3-4 RORB CUX2",0.0627707646180376,5.71000861684822,5.80280571071913,0.0166965377168471,0.0452272621425068,0.0452272621425068,"gpath_trio"
"8348","BMX","Exc L3-4 RORB CUX2",0.0171346224950181,2.18236912135444,0.0548488461608316,0.815015337327697,0.893437897160269,0.893437897160269,"gpath_trio"
"8349","ACE2","Exc L3-4 RORB CUX2",0.0540483267421616,-0.84420563186582,0.155358366060414,0.693789494572935,0.805594420317062,0.805594420317062,"gpath_trio"
"8350","CLTRN","Exc L3-4 RORB CUX2",0.0860460509324234,-0.385766160373836,0.483923425101977,0.487271814178686,0.630731944807803,0.630731944807803,"gpath_trio"
"8351","CA5B","Exc L3-4 RORB CUX2",0.0172291164981205,5.61849227739634,1.06736822921754,0.506559256449967,0.648837762149541,0.648837762149541,"gpath_trio"
"8352","ZRSR2","Exc L3-4 RORB CUX2",0.0402191577924187,4.71552383551832,2.84838274720655,0.0926650340558683,0.179726693143352,0.179726693143352,"gpath_trio"
"8353","AP1S2","Exc L3-4 RORB CUX2",-0.150158696872792,3.56592181179551,18.9101116165391,1.96882925861696e-05,0.000142369642625796,0.000142369642625796,"gpath_trio"
"8354","CTPS2","Exc L3-4 RORB CUX2",0.0919930792287685,4.00451485872473,11.5033340522819,0.000802870919058695,0.00351136370951857,0.00351136370951857,"gpath_trio"
"8355","SYAP1","Exc L3-4 RORB CUX2",-0.00179567016623144,4.46869065311551,0.00950427887267021,0.922412470081915,0.960470091407967,0.960470091407967,"gpath_trio"
"8356","TXLNG","Exc L3-4 RORB CUX2",0.00110537239942251,5.54225428185512,0.00449416134383014,0.946602569057513,0.974083052803376,0.974083052803376,"gpath_trio"
"8357","RBBP7","Exc L3-4 RORB CUX2",-0.0557221472143645,5.11720740043661,5.78652524210381,0.0168483761063772,0.0455651458372869,0.0455651458372869,"gpath_trio"
"8358","REPS2","Exc L3-4 RORB CUX2",0.0439580538983314,7.2311758643683,8.51337517296259,0.00383376839497819,0.0132487628243722,0.0132487628243722,"gpath_trio"
"8359","NHS","Exc L3-4 RORB CUX2",0.113025578604369,5.28180732412986,10.3079942516815,0.0014911249698056,0.00594318535490782,0.00594318535490782,"gpath_trio"
"8360","SCML1","Exc L3-4 RORB CUX2",-0.070855302890547,3.98308198374652,3.95139371061151,0.0478813785912676,0.106411854271737,0.106411854271737,"gpath_trio"
"8361","RAI2","Exc L3-4 RORB CUX2",0.0984898173377552,4.30573128256028,15.0802720507132,0.000130737482264065,0.000734510917481905,0.000734510917481905,"gpath_trio"
"8362","LINC01456","Exc L3-4 RORB CUX2",0.0579399913041138,-0.148838795361975,0.233565462960651,0.629299315515958,0.753275395597233,0.753275395597233,"gpath_trio"
"8363","BEND2","Exc L3-4 RORB CUX2",-0.206253208229362,-1.13660423367709,2.617791902497,0.106883838017099,0.201230070174969,0.201230070174969,"gpath_trio"
"8364","SCML2","Exc L3-4 RORB CUX2",0.152530065257115,2.830779225888,17.4716604339674,3.98741909304908e-05,0.000264364706547043,0.000264364706547043,"gpath_trio"
"8365","CDKL5","Exc L3-4 RORB CUX2",0.0803185410432823,8.15543008423965,25.5917540604482,7.97968480894483e-07,8.45536454939401e-06,8.45536454939401e-06,"gpath_trio"
"8366","RS1","Exc L3-4 RORB CUX2",-0.0659508048168906,-0.731173181038503,0.390696773703765,0.532481546223444,0.671929897113959,0.671929897113959,"gpath_trio"
"8367","PPEF1","Exc L3-4 RORB CUX2",-0.066832205237049,3.4735660449176,2.09976795984183,0.148526470137686,0.259506498227057,0.259506498227057,"gpath_trio"
"8368","PHKA2","Exc L3-4 RORB CUX2",0.102471325896774,4.67689029528586,28.356036983582,2.18456903483754e-07,2.69563793748302e-06,2.69563793748302e-06,"gpath_trio"
"8369","ADGRG2","Exc L3-4 RORB CUX2",-0.269721661713553,1.87675005068954,29.7987959326688,1.11822347114256e-07,1.48519805992767e-06,1.48519805992767e-06,"gpath_trio"
"8370","PDHA1","Exc L3-4 RORB CUX2",-0.103270553999555,4.89376928915108,13.695989485436,0.000262321174185122,0.00135284501257281,0.00135284501257281,"gpath_trio"
"8371","MAP3K15","Exc L3-4 RORB CUX2",-0.156642832661191,1.50242706730137,9.18206561192632,0.00269040622113083,0.00982424353145965,0.00982424353145965,"gpath_trio"
"8372","SH3KBP1","Exc L3-4 RORB CUX2",0.0471871492477239,7.07128598277499,8.5667633996483,0.00372647888599042,0.0129311509330679,0.0129311509330679,"gpath_trio"
"8373","BCLAF3","Exc L3-4 RORB CUX2",0.0575377533354112,5.24998246645426,8.55698742593361,0.00374589225085654,0.0129873476819094,0.0129873476819094,"gpath_trio"
"8374","MAP7D2","Exc L3-4 RORB CUX2",0.0144832216916781,6.34138540132938,0.985849683510336,0.321681985209813,0.46713697916994,0.46713697916994,"gpath_trio"
"8375","EIF1AX","Exc L3-4 RORB CUX2",-0.0978554433948764,6.24252975874243,17.0567789036929,4.89316345426692e-05,0.000315801576103119,0.000315801576103119,"gpath_trio"
"8376","RPS6KA3","Exc L3-4 RORB CUX2",0.0221072770205948,6.9004550213243,1.55963267597568,0.212842237285296,0.341431002673239,0.341431002673239,"gpath_trio"
"8377","AL807740.1","Exc L3-4 RORB CUX2",-0.134130804672727,-1.36451094004878,0.74178267577364,0.389883978562085,0.537588936420705,0.537588936420705,"gpath_trio"
"8378","CNKSR2","Exc L3-4 RORB CUX2",0.111681748865226,9.39424140392088,53.0723375065179,3.84016460814447e-12,1.58112899937377e-10,1.58112899937377e-10,"gpath_trio"
"8379","KLHL34","Exc L3-4 RORB CUX2",-0.324405376585756,1.96537868650444,16.8147573378998,5.51512959710433e-05,0.000350781020244577,0.000350781020244577,"gpath_trio"
"8380","SMPX","Exc L3-4 RORB CUX2",-0.117544821537291,1.48543342435762,2.60598785521369,0.10767368328341,0.202452615120484,0.202452615120484,"gpath_trio"
"8381","MBTPS2","Exc L3-4 RORB CUX2",-0.0733878209450901,4.51460106045006,9.77586288210662,0.00196903027118023,0.00753512627485984,0.00753512627485984,"gpath_trio"
"8382","SMS","Exc L3-4 RORB CUX2",0.00878181733334924,5.97684192832768,0.189301033837855,0.663859919898551,0.7818209026883,0.7818209026883,"gpath_trio"
"8383","PHEX","Exc L3-4 RORB CUX2",-0.105482168078537,1.54442735106461,3.00197381403389,0.0843489115878921,0.167263543472157,0.167263543472157,"gpath_trio"
"8384","PHEX-AS1","Exc L3-4 RORB CUX2",-0.0785363812177928,1.61744681027174,1.92261922859212,0.166755924122983,0.282952125246525,0.282952125246525,"gpath_trio"
"8385","PTCHD1-AS","Exc L3-4 RORB CUX2",-0.0223751205536128,7.15965050174005,0.411689492245938,0.521678457748146,0.662107629911226,0.662107629911226,"gpath_trio"
"8386","AC092832.2","Exc L3-4 RORB CUX2",-0.481623387170442,0.542356139940859,39.3961893319049,1.44081912841067e-09,3.05341658778206e-08,3.05341658778206e-08,"gpath_trio"
"8387","AC004470.1","Exc L3-4 RORB CUX2",-0.227599511081097,1.41910689026471,6.59036537229163,0.0108132646466202,0.0315074543971062,0.0315074543971062,"gpath_trio"
"8388","PTCHD1","Exc L3-4 RORB CUX2",0.0309199568856847,4.87390973417699,1.05035006662494,0.306379021992523,0.450458881263602,0.450458881263602,"gpath_trio"
"8389","PRDX4","Exc L3-4 RORB CUX2",-0.0938715960481379,1.47165284116636,3.07281905950968,0.0807898484348742,0.161571688359793,0.161571688359793,"gpath_trio"
"8390","ACOT9","Exc L3-4 RORB CUX2",0.0354948639560786,3.94136815806489,1.77375083911762,0.560330647195679,0.696090581563737,0.696090581563737,"gpath_trio"
"8391","AC131011.1","Exc L3-4 RORB CUX2",0.0300378594016292,0.382287448796878,0.142628570517046,0.705989819770237,0.815577030847762,0.815577030847762,"gpath_trio"
"8392","SAT1","Exc L3-4 RORB CUX2",-0.0350005282503785,6.05860211885914,0.727931056046534,0.394339923430969,0.54246610904267,0.54246610904267,"gpath_trio"
"8393","APOO","Exc L3-4 RORB CUX2",-0.173041020601328,6.17135696990883,43.2361601654719,2.64567562128292e-10,6.73945778527563e-09,6.73945778527563e-09,"gpath_trio"
"8394","CXorf58","Exc L3-4 RORB CUX2",-0.0871685573803302,0.0722595891027641,1.28110233205769,0.296831262685839,0.439947893379871,0.439947893379871,"gpath_trio"
"8395","KLHL15","Exc L3-4 RORB CUX2",0.0168875298851778,2.80456514916446,0.258830439502188,0.611356223944595,0.738692216364967,0.738692216364967,"gpath_trio"
"8396","EIF2S3","Exc L3-4 RORB CUX2",-0.028563463023666,4.3923042253565,1.59764641923376,0.207369064821547,0.33485440073433,0.33485440073433,"gpath_trio"
"8397","ZFX-AS1","Exc L3-4 RORB CUX2",0.260451709221733,-0.0328835306722415,8.07238715470336,0.00485043203480205,0.0161747878185341,0.0161747878185341,"gpath_trio"
"8398","ZFX","Exc L3-4 RORB CUX2",0.00882197666901583,5.04903660119489,0.158277165119941,0.691074111672269,0.803458779633955,0.803458779633955,"gpath_trio"
"8399","PDK3","Exc L3-4 RORB CUX2",-0.00751209645836659,6.78662994881115,0.0966503177328435,0.756136115352707,0.853799192755688,0.853799192755688,"gpath_trio"
"8400","PCYT1B","Exc L3-4 RORB CUX2",0.100354414310052,3.42666834924912,8.94247860391069,0.00305338283259844,0.0109339720709396,0.0109339720709396,"gpath_trio"
"8401","POLA1","Exc L3-4 RORB CUX2",0.0385367684556776,5.18311422355961,4.32598456378515,0.127059033902532,0.230253840742261,0.230253840742261,"gpath_trio"
"8402","AC112493.1","Exc L3-4 RORB CUX2",-0.0336133690826767,0.0671933803837752,0.0721769291428431,0.788406192490583,0.876192069510745,0.876192069510745,"gpath_trio"
"8403","AC107419.1","Exc L3-4 RORB CUX2",-0.00898041987797697,-0.412408644243423,0.0063693725168802,0.936451075637791,0.969296122019222,0.969296122019222,"gpath_trio"
"8404","DCAF8L2","Exc L3-4 RORB CUX2",-0.0237031637735448,-0.299012438047595,0.067119847044626,0.795782379255736,0.880589595298622,0.880589595298622,"gpath_trio"
"8405","IL1RAPL1","Exc L3-4 RORB CUX2",0.136136841812904,10.4807864211804,79.3562333837184,9.23698684537971e-17,1.1092631524139e-14,1.1092631524139e-14,"gpath_trio"
"8406","GK","Exc L3-4 RORB CUX2",0.0335636783356826,5.33973358170866,3.47941419306217,0.063263015800626,0.133159242960629,0.133159242960629,"gpath_trio"
"8407","GK-AS1","Exc L3-4 RORB CUX2",-0.503494987278862,1.83594968489281,59.2092172639676,2.9483634916566e-13,1.55308703509587e-11,1.55308703509587e-11,"gpath_trio"
"8408","TAB3","Exc L3-4 RORB CUX2",0.0131961460019611,4.53823888650222,0.578415085026389,0.517427760324936,0.658327871889738,0.658327871889738,"gpath_trio"
"8409","DMD","Exc L3-4 RORB CUX2",0.129154943549839,9.84894911265223,47.7138108147991,3.78081503612745e-11,1.21461693238649e-09,1.21461693238649e-09,"gpath_trio"
"8410","AL591501.1","Exc L3-4 RORB CUX2",0.148568891496564,6.24602479615514,27.9997726912994,2.57913573448077e-07,3.12516897556454e-06,3.12516897556454e-06,"gpath_trio"
"8411","AL592043.1","Exc L3-4 RORB CUX2",-0.322565059897277,3.00717034202755,35.8876139613232,6.93247316045646e-09,1.25662754727951e-07,1.25662754727951e-07,"gpath_trio"
"8412","TMEM47","Exc L3-4 RORB CUX2",0.0433403951127597,3.54889116415483,1.07662188765001,0.300418481224551,0.443830027731789,0.443830027731789,"gpath_trio"
"8413","CFAP47","Exc L3-4 RORB CUX2",0.131205496502807,2.06149224150043,3.08116449239506,0.0803814477001484,0.161030737945961,0.161030737945961,"gpath_trio"
"8414","AL606516.1","Exc L3-4 RORB CUX2",-0.0738975708867668,0.313789401007633,0.422110605576219,0.516459330591861,0.657593372968809,0.657593372968809,"gpath_trio"
"8415","PRRG1","Exc L3-4 RORB CUX2",0.0335256045970816,-0.342955236546573,0.0743649291908039,0.785301630541405,0.874314905147224,0.874314905147224,"gpath_trio"
"8416","AF241726.2","Exc L3-4 RORB CUX2",0.0838751290182355,5.5702869018229,8.64071874770715,0.00358291460092132,0.0125061076251882,0.0125061076251882,"gpath_trio"
"8417","DYNLT3","Exc L3-4 RORB CUX2",-0.153011905291966,5.16907042630273,31.6722019665375,4.71661372544912e-08,6.90048454756607e-07,6.90048454756607e-07,"gpath_trio"
"8418","SRPX","Exc L3-4 RORB CUX2",0.0836852544977975,1.77750643549168,1.50998227693999,0.220252792325191,0.350303514793909,0.350303514793909,"gpath_trio"
"8419","RPGR","Exc L3-4 RORB CUX2",0.0764512281240203,4.67571653981967,10.8141833751776,0.00114623978473439,0.00476517363631079,0.00476517363631079,"gpath_trio"
"8420","TSPAN7","Exc L3-4 RORB CUX2",-0.159260258603057,7.06030006276987,21.5518272808975,5.46902498030971e-06,4.65011521601738e-05,4.65011521601738e-05,"gpath_trio"
"8421","MID1IP1","Exc L3-4 RORB CUX2",0.107829684220024,0.447557907394328,0.339960761051972,0.56035723098769,0.696090581563737,0.696090581563737,"gpath_trio"
"8422","AC108879.1","Exc L3-4 RORB CUX2",0.146775500297452,-1.32355370062165,0.922343881997537,0.337752538360425,0.484063185438771,0.484063185438771,"gpath_trio"
"8423","AC091808.1","Exc L3-4 RORB CUX2",-0.113806168275225,-1.01438759680892,0.676325336378695,0.411608506282401,0.55980865675121,0.55980865675121,"gpath_trio"
"8424","BCOR","Exc L3-4 RORB CUX2",-0.0636630251673982,4.69109155753933,1.25255245617621,0.264098379547081,0.402613329859631,0.402613329859631,"gpath_trio"
"8425","ATP6AP2","Exc L3-4 RORB CUX2",-0.192132392339138,5.87799071662477,76.0335271754699,3.37271806079543e-16,3.56254381552606e-14,3.56254381552606e-14,"gpath_trio"
"8426","CXorf38","Exc L3-4 RORB CUX2",-0.0815185968049739,4.1596195822986,3.50558419382082,0.062284657348039,0.131580414868763,0.131580414868763,"gpath_trio"
"8427","MED14","Exc L3-4 RORB CUX2",0.0226447318915947,4.98337302075939,1.47772355792178,0.319821310820926,0.465138043959933,0.465138043959933,"gpath_trio"
"8428","USP9X","Exc L3-4 RORB CUX2",-0.00353695016177695,6.57781716216747,0.0793875843251971,0.778353182754095,0.869457696808808,0.869457696808808,"gpath_trio"
"8429","DDX3X","Exc L3-4 RORB CUX2",-0.052173092581151,5.61722997678495,7.56269438460596,0.00637719006595534,0.020389827191862,0.020389827191862,"gpath_trio"
"8430","CASK","Exc L3-4 RORB CUX2",0.0973468320660326,7.015217250612,53.7627937986088,2.86905902195206e-12,1.22374769065292e-10,1.22374769065292e-10,"gpath_trio"
"8431","GPR34","Exc L3-4 RORB CUX2",-0.346195603630895,0.0461588617633842,16.7267779514558,5.76057994016232e-05,0.0003635273703246,0.0003635273703246,"gpath_trio"
"8432","GPR82","Exc L3-4 RORB CUX2",-0.540952848771738,0.517329194553967,39.63144457974,1.29777538483987e-09,2.78824610886826e-08,2.78824610886826e-08,"gpath_trio"
"8433","Z93403.1","Exc L3-4 RORB CUX2",0.0380003273027557,0.987243977074355,0.323138726862465,0.570218088113285,0.704993182171966,0.704993182171966,"gpath_trio"
"8434","MAOA","Exc L3-4 RORB CUX2",0.0118213360824368,2.76898260220267,0.0916281723171297,0.762359413593072,0.858148812656377,0.858148812656377,"gpath_trio"
"8435","MAOB","Exc L3-4 RORB CUX2",0.0353006151693609,6.34731830478769,3.51808493875137,0.0618230547707409,0.130810711064467,0.130810711064467,"gpath_trio"
"8436","NDP","Exc L3-4 RORB CUX2",-0.0909026320640817,2.25065772017248,2.29716512256866,0.130825123162604,0.235450210508969,0.235450210508969,"gpath_trio"
"8437","NDP-AS1","Exc L3-4 RORB CUX2",-0.276951017504222,-1.20405857280297,3.33147686236956,0.0691130253880325,0.142937497406823,0.142937497406823,"gpath_trio"
"8438","EFHC2","Exc L3-4 RORB CUX2",0.156835388948263,3.40978042222963,13.6849096648733,0.000263795026179372,0.00135905634657018,0.00135905634657018,"gpath_trio"
"8439","FUNDC1","Exc L3-4 RORB CUX2",-0.195946543154225,3.17982296588352,33.5455028684606,2.00334527065907e-08,3.21539306567595e-07,3.21539306567595e-07,"gpath_trio"
"8440","KDM6A","Exc L3-4 RORB CUX2",0.0743351804408707,6.50745663734456,16.0802016704439,7.9391455555047e-05,0.000477983472343502,0.000477983472343502,"gpath_trio"
"8441","AC136489.1","Exc L3-4 RORB CUX2",-0.278366687914027,-0.322843125574282,7.12434642427148,0.00808289458728531,0.0247604613268268,0.0247604613268268,"gpath_trio"
"8442","LINC01204","Exc L3-4 RORB CUX2",-0.0874817740510765,-0.918253959953991,0.511782046459719,0.475010345747355,0.619478586002125,0.619478586002125,"gpath_trio"
"8443","MIR222HG","Exc L3-4 RORB CUX2",0.117734601080389,5.51881359780475,18.1738692964014,2.8232214618399e-05,0.000195330908753841,0.000195330908753841,"gpath_trio"
"8444","AC234772.2","Exc L3-4 RORB CUX2",0.0950344152316884,1.97616460002344,3.11018539874256,0.204997036209033,0.331895148607553,0.331895148607553,"gpath_trio"
"8445","KRBOX4","Exc L3-4 RORB CUX2",0.0246269653288831,4.78503011297393,1.1608382007093,0.282290379123201,0.423479419348866,0.423479419348866,"gpath_trio"
"8446","ZNF674","Exc L3-4 RORB CUX2",0.0505472751127289,3.38001590519951,3.23929198925454,0.0730508997477867,0.149321368025491,0.149321368025491,"gpath_trio"
"8447","ZNF674-AS1","Exc L3-4 RORB CUX2",-0.141183043005444,0.862398979418221,5.74485885156203,0.0172435395096664,0.0464654103123229,0.0464654103123229,"gpath_trio"
"8448","CHST7","Exc L3-4 RORB CUX2",0.0407229706928689,0.643834456521218,0.321734267253628,0.670959523603914,0.787790746011114,0.787790746011114,"gpath_trio"
"8449","SLC9A7","Exc L3-4 RORB CUX2",-0.0133522744081363,5.6644751241049,0.42112742238709,0.516947798285703,0.658068255420018,0.658068255420018,"gpath_trio"
"8450","RP2","Exc L3-4 RORB CUX2",0.0273957159562058,1.97912324769153,0.442938502340259,0.677693167574762,0.793096349814062,0.793096349814062,"gpath_trio"
"8451","JADE3","Exc L3-4 RORB CUX2",0.103372966268397,3.07639079627419,6.16796429740303,0.0136391995955792,0.0383299696114794,0.0383299696114794,"gpath_trio"
"8452","RGN","Exc L3-4 RORB CUX2",0.0851754854559468,4.03371418303082,1.01168961950142,0.315433535058458,0.460482747453284,0.460482747453284,"gpath_trio"
"8453","NDUFB11","Exc L3-4 RORB CUX2",-0.196747372796533,3.66914712317233,15.1300137138979,0.000127523078102987,0.000719255829110359,0.000719255829110359,"gpath_trio"
"8454","RBM10","Exc L3-4 RORB CUX2",0.0205064378677754,4.91415478031882,1.00377192850073,0.317331016264155,0.462595480878973,0.462595480878973,"gpath_trio"
"8455","UBA1","Exc L3-4 RORB CUX2",-0.0649922208965722,5.46157069683621,9.24638612186173,0.00260069094035007,0.0095502256500842,0.0095502256500842,"gpath_trio"
"8456","CDK16","Exc L3-4 RORB CUX2",-0.0963174505894585,4.45612106747104,16.6034959774545,6.12325975306879e-05,0.000383773735688607,0.000383773735688607,"gpath_trio"
"8457","USP11","Exc L3-4 RORB CUX2",-0.0602965730448819,6.71600095802881,8.71846887855994,0.00343808000521556,0.0121014946921961,0.0121014946921961,"gpath_trio"
"8458","ZNF157","Exc L3-4 RORB CUX2",-0.00157703544491334,1.93728004779274,0.00120198701881202,0.972369735599646,0.985690707924104,0.985690707924104,"gpath_trio"
"8459","ZNF41","Exc L3-4 RORB CUX2",0.0789240252312123,3.901223223687,8.44126969091539,0.00398371571926791,0.013691901982322,0.013691901982322,"gpath_trio"
"8460","LINC01560","Exc L3-4 RORB CUX2",-0.0263595249585348,1.40479711277976,0.292887943237649,0.588839165179715,0.720207951348939,0.720207951348939,"gpath_trio"
"8461","ARAF","Exc L3-4 RORB CUX2",-0.115787247951796,2.65146450688225,9.10650493237966,0.00279985270922174,0.0101613650671971,0.0101613650671971,"gpath_trio"
"8462","SYN1","Exc L3-4 RORB CUX2",0.0190837674578713,6.98801340759426,0.686699573721239,0.408049297463976,0.556318054894967,0.556318054894967,"gpath_trio"
"8463","TIMP1","Exc L3-4 RORB CUX2",-0.474461124118799,-0.749292373951855,9.73949028598124,0.00200692154697447,0.00766558921056605,0.00766558921056605,"gpath_trio"
"8464","CFP","Exc L3-4 RORB CUX2",0.0934119378946806,1.10880865645967,2.222325999025,0.454779719569413,0.600703024919942,0.600703024919942,"gpath_trio"
"8465","ELK1","Exc L3-4 RORB CUX2",0.208689120647966,5.11739709076777,18.933058017663,1.94688442519328e-05,0.000141035523440842,0.000141035523440842,"gpath_trio"
"8466","UXT","Exc L3-4 RORB CUX2",-0.133451917347577,2.17228318900715,10.7523749338481,0.00118356952711668,0.00490016729111001,0.00490016729111001,"gpath_trio"
"8467","ZNF81","Exc L3-4 RORB CUX2",0.0265639927632225,4.79893938330086,2.09269264410641,0.149209453674074,0.260341965308896,0.260341965308896,"gpath_trio"
"8468","ZNF182","Exc L3-4 RORB CUX2",0.0580548405440887,2.62201206782276,2.26923766354133,0.133178737041941,0.239003826705316,0.239003826705316,"gpath_trio"
"8469","ZNF630","Exc L3-4 RORB CUX2",0.100280058901865,4.06942082115154,7.16186039454206,0.00792008343689901,0.0243568057163138,0.0243568057163138,"gpath_trio"
"8470","SPACA5","Exc L3-4 RORB CUX2",-0.0541032012638493,-0.781439160814993,0.187625143078333,0.665259699006878,0.78296665660155,0.78296665660155,"gpath_trio"
"8471","ZNF630-AS1","Exc L3-4 RORB CUX2",-0.378388803149848,-0.893812542632048,8.14342415094918,0.00466964510265734,0.0156573192531347,0.0156573192531347,"gpath_trio"
"8472","SLC38A5","Exc L3-4 RORB CUX2",0.0461783825718158,-0.362121833879554,0.209053903244244,0.647891748146668,0.768352693325831,0.768352693325831,"gpath_trio"
"8473","FTSJ1","Exc L3-4 RORB CUX2",-0.0868407097125315,2.30133673256392,5.25108829742789,0.0227329724293115,0.0580040114786087,0.0580040114786087,"gpath_trio"
"8474","AF196972.1","Exc L3-4 RORB CUX2",0.0561575898086309,-0.598957639299846,0.280049251939041,0.597120440732559,0.726767910942288,0.726767910942288,"gpath_trio"
"8475","PORCN","Exc L3-4 RORB CUX2",-0.0473069918287594,3.57181112153291,3.23126183599102,0.0734052063795417,0.1499695091277,0.1499695091277,"gpath_trio"
"8476","EBP","Exc L3-4 RORB CUX2",-0.0781951785907394,3.26564265840051,5.31560137594122,0.0219227917171699,0.0563716955001151,0.0563716955001151,"gpath_trio"
"8477","TBC1D25","Exc L3-4 RORB CUX2",-0.00155832429700651,3.93542964981537,0.00431288384442441,0.94768899333742,0.974492018133529,0.974492018133529,"gpath_trio"
"8478","AC115618.1","Exc L3-4 RORB CUX2",0.0292806075530597,-0.289244096671272,0.100882794497131,0.751027731922968,0.849676041665583,0.849676041665583,"gpath_trio"
"8479","RBM3","Exc L3-4 RORB CUX2",-0.182364800819719,3.79308303513931,19.1261076273493,1.7717890902246e-05,0.000130079493796511,0.000130079493796511,"gpath_trio"
"8480","WDR13","Exc L3-4 RORB CUX2",-0.0803439213676943,4.5483844792837,15.3296944404015,0.000115405356341093,0.000660544945424213,0.000660544945424213,"gpath_trio"
"8481","WAS","Exc L3-4 RORB CUX2",-0.0496442548940131,0.523864314948818,0.478009749940615,0.489942052152337,0.633545757093539,0.633545757093539,"gpath_trio"
"8482","SUV39H1","Exc L3-4 RORB CUX2",-0.0338001307475831,0.823154966339708,0.270896390444971,0.603174012380066,0.731840010811151,0.731840010811151,"gpath_trio"
"8483","AC231533.1","Exc L3-4 RORB CUX2",0.077451488633089,3.59871597402771,7.10242197141666,0.00817963884401334,0.0250074577478359,0.0250074577478359,"gpath_trio"
"8484","HDAC6","Exc L3-4 RORB CUX2",0.0190730376092981,4.51844592586887,0.679392370593897,0.410551511372547,0.558785451119284,0.558785451119284,"gpath_trio"
"8485","ERAS","Exc L3-4 RORB CUX2",0.0489899771102598,-0.693738314369786,0.218500737734514,0.640576178709805,0.762410737152398,0.762410737152398,"gpath_trio"
"8486","PCSK1N","Exc L3-4 RORB CUX2",-0.0911934107798206,7.34314342059995,3.81395701954688,0.0518999954460331,0.113652709011583,0.113652709011583,"gpath_trio"
"8487","TIMM17B","Exc L3-4 RORB CUX2",-0.185183522823109,2.82037156245131,30.4502998828508,8.27570363687162e-08,1.12888655087143e-06,1.12888655087143e-06,"gpath_trio"
"8488","PQBP1","Exc L3-4 RORB CUX2",-0.139226566957965,2.76740393483888,13.6351904781172,0.000270512944382526,0.00138870194730724,0.00138870194730724,"gpath_trio"
"8489","SLC35A2","Exc L3-4 RORB CUX2",-0.154588852674393,2.19848640946077,15.0705608334809,0.000131374563394825,0.000737257974512759,0.000737257974512759,"gpath_trio"
"8490","PIM2","Exc L3-4 RORB CUX2",-0.149383454939636,1.81077764805325,9.0843502355164,0.00283279820947499,0.0102664514311572,0.0102664514311572,"gpath_trio"
"8491","OTUD5","Exc L3-4 RORB CUX2",-0.0440686146426885,5.0370231381613,5.28758594326862,0.0242461551762944,0.0610389544149913,0.0610389544149913,"gpath_trio"
"8492","KCND1","Exc L3-4 RORB CUX2",0.153638754158051,-0.229713471049547,2.74615252721257,0.107772487141268,0.202562877592238,0.202562877592238,"gpath_trio"
"8493","GRIPAP1","Exc L3-4 RORB CUX2",0.000766925238133025,5.90055002220555,0.00210832587266782,0.963412041249943,0.981212475754334,0.981212475754334,"gpath_trio"
"8494","TFE3","Exc L3-4 RORB CUX2",-0.019541977621398,3.72540793858943,0.500706132228392,0.479823794267928,0.623301457449025,0.623301457449025,"gpath_trio"
"8495","CCDC120","Exc L3-4 RORB CUX2",0.0646406775644834,3.11519912667087,5.09301297978025,0.0248530021794971,0.0622946103828245,0.0622946103828245,"gpath_trio"
"8496","PRAF2","Exc L3-4 RORB CUX2",-0.163083287359869,3.20661557849383,19.9649161478483,1.17788413405547e-05,9.17876106781351e-05,9.17876106781351e-05,"gpath_trio"
"8497","WDR45","Exc L3-4 RORB CUX2",-0.0334248539929509,3.95051327118605,1.51335203691432,0.219740165986064,0.349598442454762,0.349598442454762,"gpath_trio"
"8498","GPKOW","Exc L3-4 RORB CUX2",-0.0777117792694804,2.48136441326622,4.83953123774096,0.0613201089676815,0.129910028186808,0.129910028186808,"gpath_trio"
"8499","MAGIX","Exc L3-4 RORB CUX2",-0.0154857034501594,1.66762010858766,0.0973636049710554,0.858433471944496,0.922100697288905,0.922100697288905,"gpath_trio"
"8500","PLP2","Exc L3-4 RORB CUX2",-0.294815635513707,0.277155778650365,16.9159426839949,5.24589810304941e-05,0.000336521444289418,0.000336521444289418,"gpath_trio"
"8501","SYP","Exc L3-4 RORB CUX2",-0.0621441605449655,7.74954044613915,8.29642826239476,0.0043033481628982,0.0146326479825943,0.0146326479825943,"gpath_trio"
"8502","CACNA1F","Exc L3-4 RORB CUX2",-0.00310259326562475,0.68348168560895,0.0027855107073254,0.957949366846408,0.978960007908332,0.978960007908332,"gpath_trio"
"8503","CCDC22","Exc L3-4 RORB CUX2",-0.0455373537312025,2.7637133866691,1.98030679072383,0.261669651485856,0.399865955938025,0.399865955938025,"gpath_trio"
"8504","FOXP3","Exc L3-4 RORB CUX2",-0.0625750213992424,-1.16043363976701,0.241673869016171,0.834621998422774,0.905782615286684,0.905782615286684,"gpath_trio"
"8505","PPP1R3F","Exc L3-4 RORB CUX2",-0.0738025697833651,4.2608418194265,11.5044820881214,0.000802396385503618,0.00351004923623927,0.00351004923623927,"gpath_trio"
"8506","GAGE10","Exc L3-4 RORB CUX2",0.159725671955865,0.666262500861859,4.05951838227619,0.044952391430636,0.101218135838513,0.101218135838513,"gpath_trio"
"8507","USP27X-AS1","Exc L3-4 RORB CUX2",0.119453225429498,-0.505447392939566,1.40015403216043,0.303280679308221,0.447076406915341,0.447076406915341,"gpath_trio"
"8508","USP27X","Exc L3-4 RORB CUX2",-0.00270456833945096,2.61410902646971,0.00346907002051055,0.953077946611614,0.977050181549254,0.977050181549254,"gpath_trio"
"8509","CLCN5","Exc L3-4 RORB CUX2",-0.0790167362942126,3.76623672762514,6.73954782238657,0.00996621163745967,0.0295081185479526,0.0295081185479526,"gpath_trio"
"8510","CCNB3","Exc L3-4 RORB CUX2",-0.139131185246728,0.156681829650266,2.96408769530582,0.0863218354023719,0.170338715692767,0.170338715692767,"gpath_trio"
"8511","DGKK","Exc L3-4 RORB CUX2",-0.23111195465499,1.19510753553652,11.4289469794461,0.000834235211456244,0.0036280869564841,0.0036280869564841,"gpath_trio"
"8512","LINC01284","Exc L3-4 RORB CUX2",0.14919574668376,5.4316295604179,22.6815884951389,3.17993514263962e-06,2.88597352688954e-05,2.88597352688954e-05,"gpath_trio"
"8513","NUDT10","Exc L3-4 RORB CUX2",-0.156229737229558,2.43216875845163,13.9691384153407,0.000228513362022363,0.00119929914908087,0.00119929914908087,"gpath_trio"
"8514","AC233976.1","Exc L3-4 RORB CUX2",0.109626603046564,1.62918139097304,4.27692071119696,0.0396222648372992,0.0915981746275569,0.0915981746275569,"gpath_trio"
"8515","AL158055.1","Exc L3-4 RORB CUX2",0.128734852412379,4.01489892324034,20.5903321003854,8.69847838279548e-06,6.98335859024667e-05,6.98335859024667e-05,"gpath_trio"
"8516","NUDT11","Exc L3-4 RORB CUX2",-0.126538881856226,3.84332808422052,11.8760200246418,0.000662876151831251,0.00299317957994527,0.00299317957994527,"gpath_trio"
"8517","LINC01496","Exc L3-4 RORB CUX2",0.0456061991044298,-0.825159691096027,0.130354895708237,0.718357534975081,0.825005024655448,0.825005024655448,"gpath_trio"
"8518","CENPVL3","Exc L3-4 RORB CUX2",-0.0732055672173199,-0.181696033588132,0.643317783544985,0.423244384771167,0.571476350607098,0.571476350607098,"gpath_trio"
"8519","GSPT2","Exc L3-4 RORB CUX2",-0.102156908240367,3.01465428896146,10.0834122426979,0.00167643888933704,0.00656598704045618,0.00656598704045618,"gpath_trio"
"8520","MAGED1","Exc L3-4 RORB CUX2",-0.0142997933316434,6.69493068490297,0.921897597480827,0.337869235421977,0.484161646753205,0.484161646753205,"gpath_trio"
"8521","AC239585.2","Exc L3-4 RORB CUX2",-0.0324346595031157,-0.847709352612595,0.0728442377861168,0.78745380010063,0.875585349623872,0.875585349623872,"gpath_trio"
"8522","FAM156A","Exc L3-4 RORB CUX2",0.106282926325707,4.87713306689951,27.7958811028747,2.83657871624506e-07,3.39631902672072e-06,3.39631902672072e-06,"gpath_trio"
"8523","GPR173","Exc L3-4 RORB CUX2",0.0446062163858998,4.9881822405111,3.36417629344083,0.0677716474837178,0.140682476384814,0.140682476384814,"gpath_trio"
"8524","TSPYL2","Exc L3-4 RORB CUX2",-0.0242760904486519,6.54758377708366,0.914819077242775,0.339727455528523,0.486306330019012,0.486306330019012,"gpath_trio"
"8525","KANTR","Exc L3-4 RORB CUX2",0.129222495582499,6.93560523762721,60.8799343717882,1.47954454082303e-13,8.45603714195599e-12,8.45603714195599e-12,"gpath_trio"
"8526","KDM5C","Exc L3-4 RORB CUX2",0.0402715602812967,5.23160340605311,4.94740898578434,0.0269888013955345,0.0666216894842663,0.0666216894842663,"gpath_trio"
"8527","IQSEC2","Exc L3-4 RORB CUX2",0.0381418068257893,6.72885523029968,6.01992995437122,0.0148019764194145,0.0410262225939947,0.0410262225939947,"gpath_trio"
"8528","SMC1A","Exc L3-4 RORB CUX2",0.0597999315065756,4.15984273621241,5.93993017930965,0.0154726600099621,0.0425229417928056,0.0425229417928056,"gpath_trio"
"8529","RIBC1","Exc L3-4 RORB CUX2",0.0158657416456716,-1.05979294492397,0.0153310924764345,0.940769382015182,0.97138476114903,0.97138476114903,"gpath_trio"
"8530","HSD17B10","Exc L3-4 RORB CUX2",-0.202708375097011,1.79790500554252,20.5018824662236,9.07894985792914e-06,7.25704490426784e-05,7.25704490426784e-05,"gpath_trio"
"8531","HUWE1","Exc L3-4 RORB CUX2",0.0264867282245429,6.63787929343111,4.29147262656771,0.0392902095411082,0.0909711781593053,0.0909711781593053,"gpath_trio"
"8532","PHF8","Exc L3-4 RORB CUX2",0.0553687002727908,4.85328468118212,5.75555070135461,0.0741327687637382,0.151211061551756,0.151211061551756,"gpath_trio"
"8533","FAM120C","Exc L3-4 RORB CUX2",0.000882937489697688,4.81504020777163,0.00156220942238403,0.968502316885393,0.983671350252197,0.983671350252197,"gpath_trio"
"8534","WNK3","Exc L3-4 RORB CUX2",-0.0155822857115174,4.31563451111968,0.413252360337062,0.986048014234688,0.992802079096215,0.992802079096215,"gpath_trio"
"8535","TSR2","Exc L3-4 RORB CUX2",-0.188790912802432,3.80404651661769,41.9292734016826,4.69714890543824e-10,1.11226501369973e-08,1.11226501369973e-08,"gpath_trio"
"8536","FGD1","Exc L3-4 RORB CUX2",0.0505155620935729,4.84789914445201,7.98291860646589,0.00508838813837589,0.0168513182356752,0.0168513182356752,"gpath_trio"
"8537","GNL3L","Exc L3-4 RORB CUX2",0.0563417471788917,2.60623841337927,2.33687364328442,0.127558520632032,0.230978822401028,0.230978822401028,"gpath_trio"
"8538","ITIH6","Exc L3-4 RORB CUX2",-0.0405449961252682,-0.202421657603701,0.184384826578288,0.892258825232219,0.944059251052025,0.944059251052025,"gpath_trio"
"8539","MAGED2","Exc L3-4 RORB CUX2",-0.198816793602589,4.00747358394613,61.4891842160407,1.15172125936366e-13,6.79414514843914e-12,6.79414514843914e-12,"gpath_trio"
"8540","TRO","Exc L3-4 RORB CUX2",-0.0133886457328997,4.53378904969569,0.156255015207411,0.692952216861887,0.805028765461642,0.805028765461642,"gpath_trio"
"8541","PFKFB1","Exc L3-4 RORB CUX2",-0.00136255551792154,0.805808334555229,0.000549883078170549,0.988252963327055,0.994364547160906,0.994364547160906,"gpath_trio"
"8542","APEX2","Exc L3-4 RORB CUX2",-0.0452692836851075,1.38407947486843,0.8636105602766,0.353592221471647,0.501245297090393,0.501245297090393,"gpath_trio"
"8543","FAM104B","Exc L3-4 RORB CUX2",-0.0547171101602054,3.05826203287969,2.86508959234989,0.0917185084777045,0.178439817602477,0.178439817602477,"gpath_trio"
"8544","MTRNR2L10","Exc L3-4 RORB CUX2",0.174185204791639,-0.94150921824744,1.39157231578918,0.239217970601664,0.372882836814384,0.372882836814384,"gpath_trio"
"8545","MAGEH1","Exc L3-4 RORB CUX2",-0.2179517847337,4.15804003342512,63.9606976663124,4.19110013927124e-14,2.74530666590251e-12,2.74530666590251e-12,"gpath_trio"
"8546","USP51","Exc L3-4 RORB CUX2",0.0189223239162767,2.02361739357465,0.19803507671435,0.782228422063813,0.872048318237135,0.872048318237135,"gpath_trio"
"8547","RRAGB","Exc L3-4 RORB CUX2",0.00238133125795695,5.13105564297179,0.0172225079556808,0.895691249175942,0.945932424252224,0.945932424252224,"gpath_trio"
"8548","AL445472.1","Exc L3-4 RORB CUX2",0.110818341064913,3.27485420075481,5.7608671087243,0.0170905910474014,0.0461330442608553,0.0461330442608553,"gpath_trio"
"8549","KLF8","Exc L3-4 RORB CUX2",-0.0329296603163226,3.68843666906125,1.19879679033329,0.829282380284125,0.902298830304426,0.902298830304426,"gpath_trio"
"8550","UBQLN2","Exc L3-4 RORB CUX2",-0.0469993051670305,4.81093343457185,2.88402017409634,0.0906587411385756,0.176855550422623,0.176855550422623,"gpath_trio"
"8551","NBDY","Exc L3-4 RORB CUX2",0.0650190520569911,5.66230564952191,6.19696535523021,0.013422710952224,0.0378216750644022,0.0378216750644022,"gpath_trio"
"8552","SPIN3","Exc L3-4 RORB CUX2",0.0570370820687626,5.40757689974605,12.5558370900501,0.000468102321604406,0.00221830908118318,0.00221830908118318,"gpath_trio"
"8553","SPIN2B","Exc L3-4 RORB CUX2",-0.167508852352895,2.44604515587669,19.2971523333248,1.62999864664974e-05,0.000121392479498555,0.000121392479498555,"gpath_trio"
"8554","AL022157.1","Exc L3-4 RORB CUX2",-0.0762749541318952,0.72049345988868,1.34607701259992,0.925131046899407,0.962491756795456,0.962491756795456,"gpath_trio"
"8555","SPIN2A","Exc L3-4 RORB CUX2",-0.280826116273107,-0.690444619279437,5.36292686919263,0.0213476366748426,0.055166974499161,0.055166974499161,"gpath_trio"
"8556","FAAH2","Exc L3-4 RORB CUX2",0.125015827676463,5.89057942885325,17.4018013861066,4.12709696948826e-05,0.000272461326437911,0.000272461326437911,"gpath_trio"
"8557","ZXDB","Exc L3-4 RORB CUX2",-0.162306467892026,1.78421312313923,11.7479413954605,0.000707943236687209,0.00315501541863584,0.00315501541863584,"gpath_trio"
"8558","ZXDA","Exc L3-4 RORB CUX2",-0.0731131573792641,0.56074124665414,1.09553665656061,0.296219746780312,0.439364313431319,0.439364313431319,"gpath_trio"
"8559","SPIN4","Exc L3-4 RORB CUX2",0.10019061925995,1.51003169256383,3.30321561340226,0.0702953759110065,0.144833456801936,0.144833456801936,"gpath_trio"
"8560","ARHGEF9","Exc L3-4 RORB CUX2",0.0161482896788508,7.3020656333429,1.8100175919917,0.179678259206253,0.300158059078094,0.300158059078094,"gpath_trio"
"8561","AMER1","Exc L3-4 RORB CUX2",-0.00748138473950063,1.01536118009794,0.0146567184073145,0.90373310872169,0.951332569861525,0.951332569861525,"gpath_trio"
"8562","MTMR8","Exc L3-4 RORB CUX2",0.114513484745626,3.58979183930365,13.6182874120831,0.000272836189169029,0.0013988488224867,0.0013988488224867,"gpath_trio"
"8563","ZC4H2","Exc L3-4 RORB CUX2",0.15766620818904,5.6756409956621,45.775817764625,8.74122567873155e-11,2.52295033002016e-09,2.52295033002016e-09,"gpath_trio"
"8564","ZC3H12B","Exc L3-4 RORB CUX2",0.0536042940942838,5.94203548222846,8.91114477693364,0.0031044255665053,0.0111009900397456,0.0111009900397456,"gpath_trio"
"8565","LAS1L","Exc L3-4 RORB CUX2",-0.0251344671552962,4.7030359364827,1.37900211349413,0.801099684797466,0.884194219639416,0.884194219639416,"gpath_trio"
"8566","MSN","Exc L3-4 RORB CUX2",-0.115372464772981,1.41889314867431,4.26525940289793,0.0398904983778458,0.0920707933615192,0.0920707933615192,"gpath_trio"
"8567","AR","Exc L3-4 RORB CUX2",0.0121197098057329,3.04043809603558,0.0219606623523808,0.882306655591102,0.937699100893316,0.937699100893316,"gpath_trio"
"8568","AL157700.1","Exc L3-4 RORB CUX2",-0.0563666492425381,0.910115762677822,0.694438704456837,0.405423558903939,0.553786073181244,0.553786073181244,"gpath_trio"
"8569","OPHN1","Exc L3-4 RORB CUX2",0.0882811388561511,6.66242317216275,29.370625720429,1.36346960767014e-07,1.77700254100421e-06,1.77700254100421e-06,"gpath_trio"
"8570","YIPF6","Exc L3-4 RORB CUX2",-0.0158519480143699,4.58582221293854,0.611188818211403,0.435051871873287,0.582426776048014,0.582426776048014,"gpath_trio"
"8571","STARD8","Exc L3-4 RORB CUX2",-0.0420088181435121,-0.709525306802756,0.154978126265198,0.694145400205182,0.805914913341747,0.805914913341747,"gpath_trio"
"8572","EFNB1","Exc L3-4 RORB CUX2",0.00124349962707694,0.858873151953502,0.000269060982090999,0.986925403524972,0.993375574541823,0.993375574541823,"gpath_trio"
"8573","PJA1","Exc L3-4 RORB CUX2",-0.11039453644313,3.9878228261043,14.6604528863079,0.000161361193972074,0.000882478202327621,0.000882478202327621,"gpath_trio"
"8574","LINC00269","Exc L3-4 RORB CUX2",-0.0404911690682291,-0.502757707425337,0.14322894160646,0.705400697661639,0.815340027275655,0.815340027275655,"gpath_trio"
"8575","FAM155B","Exc L3-4 RORB CUX2",-0.0271925567778177,0.5880360028845,0.167459885190991,0.682716116133565,0.796725916415703,0.796725916415703,"gpath_trio"
"8576","EDA","Exc L3-4 RORB CUX2",0.0762164602599638,3.46686978636835,2.2965775830454,0.13087415545933,0.235517445936312,0.235517445936312,"gpath_trio"
"8577","IGBP1","Exc L3-4 RORB CUX2",-0.0200415166024292,4.80426425240154,1.03131455890269,0.310794174313985,0.455352140956271,0.455352140956271,"gpath_trio"
"8578","DGAT2L6","Exc L3-4 RORB CUX2",-0.200623887707936,-1.01619044187884,2.31409185968634,0.129421330221028,0.233590565146649,0.233590565146649,"gpath_trio"
"8579","PDZD11","Exc L3-4 RORB CUX2",-0.199931280833521,2.43149486962485,24.894628299714,1.10926611592187e-06,1.13883720613484e-05,1.13883720613484e-05,"gpath_trio"
"8580","KIF4A","Exc L3-4 RORB CUX2",-0.179766042396117,1.71542776256394,16.4241266442763,6.69268851199117e-05,0.000413173166246701,0.000413173166246701,"gpath_trio"
"8581","DLG3","Exc L3-4 RORB CUX2",-0.0316816914270361,5.04888365401631,2.813962686131,0.194225312989855,0.318292233739771,0.318292233739771,"gpath_trio"
"8582","TEX11","Exc L3-4 RORB CUX2",-0.0688320277633752,2.24279643602834,1.99000706162471,0.15953543152012,0.273855809658677,0.273855809658677,"gpath_trio"
"8583","SLC7A3","Exc L3-4 RORB CUX2",0.232301652120943,-0.258653485600722,5.01827724609864,0.0259262639298834,0.0644880254944394,0.0644880254944394,"gpath_trio"
"8584","SNX12","Exc L3-4 RORB CUX2",-0.0706021399026629,3.80081948738107,6.09711851409787,0.0141833919384444,0.0395836121673974,0.0395836121673974,"gpath_trio"
"8585","FOXO4","Exc L3-4 RORB CUX2",0.00170796723148572,1.5916118953314,0.000831784653403167,0.977013783164352,0.987884181593785,0.987884181593785,"gpath_trio"
"8586","MED12","Exc L3-4 RORB CUX2",0.0464736093928395,3.09724694640184,2.53465388618839,0.112586300493414,0.209502731272332,0.209502731272332,"gpath_trio"
"8587","NLGN3","Exc L3-4 RORB CUX2",0.0344187996920973,4.49104146913683,2.44739478775475,0.118936361059448,0.218696781295513,0.218696781295513,"gpath_trio"
"8588","AL590764.1","Exc L3-4 RORB CUX2",-0.119883461463913,-0.0583859196980743,1.87842663767074,0.171695129036276,0.289385250640455,0.289385250640455,"gpath_trio"
"8589","ZMYM3","Exc L3-4 RORB CUX2",-0.170244223049177,4.98184705937055,33.1297863891579,2.42117962731677e-08,3.80430677423021e-07,3.80430677423021e-07,"gpath_trio"
"8590","NONO","Exc L3-4 RORB CUX2",-0.105014059045209,4.65990782297106,35.0981786991979,9.90223253019878e-09,1.72668575018808e-07,1.72668575018808e-07,"gpath_trio"
"8591","TAF1","Exc L3-4 RORB CUX2",0.015878638774007,6.12220260711543,1.62348513039139,0.47313965167035,0.618003175379732,0.618003175379732,"gpath_trio"
"8592","OGT","Exc L3-4 RORB CUX2",0.0293586698974013,6.80390923170807,3.39789615921809,0.0664176831663626,0.13847026535924,0.13847026535924,"gpath_trio"
"8593","GCNA","Exc L3-4 RORB CUX2",0.129514286271409,5.10427150148678,21.7180619564565,5.048607956695e-06,4.3416737223496e-05,4.3416737223496e-05,"gpath_trio"
"8594","BX276092.9","Exc L3-4 RORB CUX2",-0.456962139468826,-0.242448551240206,16.7472409317419,5.7086374103442e-05,0.000360813783689518,0.000360813783689518,"gpath_trio"
"8595","NHSL2","Exc L3-4 RORB CUX2",0.0219284351042705,4.47564290148852,0.223809843384118,0.636549130536994,0.759275080323038,0.759275080323038,"gpath_trio"
"8596","RTL5","Exc L3-4 RORB CUX2",-0.212464782864251,3.29896172936534,31.3034279417833,5.58710811128614e-08,7.98054595377904e-07,7.98054595377904e-07,"gpath_trio"
"8597","PIN4","Exc L3-4 RORB CUX2",0.016004491428512,4.99245141166413,0.458030115244124,0.951387226997248,0.976241576151737,0.976241576151737,"gpath_trio"
"8598","ERCC6L","Exc L3-4 RORB CUX2",-0.216803104759264,0.0190608336757485,5.96638811929589,0.0152474289450375,0.042047140372626,0.042047140372626,"gpath_trio"
"8599","RPS4X","Exc L3-4 RORB CUX2",-0.30770231938421,4.84814450061074,78.118902484982,1.49382307693758e-16,1.72216460441233e-14,1.72216460441233e-14,"gpath_trio"
"8600","CITED1","Exc L3-4 RORB CUX2",-0.396078623291789,0.470872791105366,23.0732262379156,2.63696907413016e-06,2.44489205287574e-05,2.44489205287574e-05,"gpath_trio"
"8601","HDAC8","Exc L3-4 RORB CUX2",0.0838272984928008,7.91700639057263,35.5338206158339,8.13245817722322e-09,1.44684606459858e-07,1.44684606459858e-07,"gpath_trio"
"8602","PHKA1","Exc L3-4 RORB CUX2",0.0617280112358252,2.20585518204286,1.27109507415538,0.260600691714484,0.398546009349584,0.398546009349584,"gpath_trio"
"8603","PHKA1-AS1","Exc L3-4 RORB CUX2",0.283481841289815,0.399130376932656,8.13408239809616,0.00469301936246019,0.0157252392688315,0.0157252392688315,"gpath_trio"
"8604","DMRTC1B","Exc L3-4 RORB CUX2",0.134500391606693,1.33483096787236,5.63669402122682,0.0183149570687252,0.0486638033532899,0.0486638033532899,"gpath_trio"
"8605","DMRTC1","Exc L3-4 RORB CUX2",-0.0143547097822395,0.697223294947229,0.0425087279690151,0.83681443333473,0.907576131197086,0.907576131197086,"gpath_trio"
"8606","PABPC1L2B","Exc L3-4 RORB CUX2",-0.0187189382642349,1.8583832142875,0.135979095379182,0.712611598766953,0.820461051482239,0.820461051482239,"gpath_trio"
"8607","PABPC1L2A","Exc L3-4 RORB CUX2",-0.109035538610025,1.68685479710394,3.37785323677896,0.0672189294702456,0.13975081430979,0.13975081430979,"gpath_trio"
"8608","NAP1L2","Exc L3-4 RORB CUX2",-0.1052630072255,5.95276447662267,16.8874531057583,5.32032729201236e-05,0.000340214272951979,0.000340214272951979,"gpath_trio"
"8609","CHIC1","Exc L3-4 RORB CUX2",0.0389476398294657,6.27914416654933,6.20547229252835,0.0133598849953199,0.0377025709582569,0.0377025709582569,"gpath_trio"
"8610","TSIX","Exc L3-4 RORB CUX2",-0.0239529054537351,0.722873202560887,0.0373968464480968,0.846810288974906,0.91419688840699,0.91419688840699,"gpath_trio"
"8611","XIST","Exc L3-4 RORB CUX2",0.611075578885943,8.52780932692526,7.83395317558958,0.00551150070364979,0.018077471418653,0.018077471418653,"gpath_trio"
"8612","JPX","Exc L3-4 RORB CUX2",0.0901710195996495,6.7143920047661,17.1285123291274,4.72283389171326e-05,0.000306669142902788,0.000306669142902788,"gpath_trio"
"8613","FTX","Exc L3-4 RORB CUX2",0.0738819315366816,10.5509609727337,32.7308623219058,2.90476009719258e-08,4.45692616513987e-07,4.45692616513987e-07,"gpath_trio"
"8614","SLC16A2","Exc L3-4 RORB CUX2",0.111209843445247,4.29332743342487,13.2768263087383,0.000324363436135619,0.00161988436054954,0.00161988436054954,"gpath_trio"
"8615","RLIM","Exc L3-4 RORB CUX2",-0.0709387633063157,4.65383574101693,10.5363858977279,0.00132403036305615,0.00538554689005199,0.00538554689005199,"gpath_trio"
"8616","NEXMIF","Exc L3-4 RORB CUX2",0.0714078002541827,6.62654063423509,16.0832340717531,7.92718587609842e-05,0.000477405895672494,0.000477405895672494,"gpath_trio"
"8617","ABCB7","Exc L3-4 RORB CUX2",0.0152283472862417,4.87940213090769,0.450669598529521,0.502613113331508,0.645298432064603,0.645298432064603,"gpath_trio"
"8618","UPRT","Exc L3-4 RORB CUX2",0.157474036225507,3.47832062323058,27.4964035378594,3.26254805477496e-07,3.85374162793236e-06,3.85374162793236e-06,"gpath_trio"
"8619","ZDHHC15","Exc L3-4 RORB CUX2",0.0434295009027749,4.39055921742806,3.66034912021094,0.25855486316445,0.396193110185577,0.396193110185577,"gpath_trio"
"8620","MAGEE2","Exc L3-4 RORB CUX2",-0.0490699016580814,0.317525293224913,0.328139748328507,0.56725156563266,0.702276652960169,0.702276652960169,"gpath_trio"
"8621","PBDC1","Exc L3-4 RORB CUX2",-0.154986589885645,1.83049952055441,13.0780926384245,0.000358799016566976,0.00176383288480476,0.00176383288480476,"gpath_trio"
"8622","MAGEE1","Exc L3-4 RORB CUX2",-0.195046723949939,4.48681076370826,60.8042452479236,1.52636285982746e-13,8.65010412837615e-12,8.65010412837615e-12,"gpath_trio"
"8623","AC233296.1","Exc L3-4 RORB CUX2",0.20055762321238,3.79431201541524,8.10297570622444,0.00477172093418363,0.0159453144667758,0.0159453144667758,"gpath_trio"
"8624","ATRX","Exc L3-4 RORB CUX2",0.0396466875924549,7.96727233995869,9.71107309494792,0.00203704272554481,0.00775421452601254,0.00775421452601254,"gpath_trio"
"8625","MAGT1","Exc L3-4 RORB CUX2",0.0200221515164101,3.08121292668236,0.364475607466846,0.546557380621592,0.684723991184837,0.684723991184837,"gpath_trio"
"8626","COX7B","Exc L3-4 RORB CUX2",-0.275720243399385,4.324702282356,77.9067009790107,1.62249577363522e-16,1.84937018266049e-14,1.84937018266049e-14,"gpath_trio"
"8627","PGK1","Exc L3-4 RORB CUX2",-0.106741675573566,5.72831660937612,23.9301761746889,1.75284728149412e-06,1.70509613809758e-05,1.70509613809758e-05,"gpath_trio"
"8628","TAF9B","Exc L3-4 RORB CUX2",-0.0341928038559013,2.65911699447294,0.746802792759886,0.388286906430463,0.536150047035425,0.536150047035425,"gpath_trio"
"8629","CYSLTR1","Exc L3-4 RORB CUX2",0.0325822535486057,-0.486236206800621,0.0802373154566266,0.777201467074597,0.868700254749585,0.868700254749585,"gpath_trio"
"8630","ITM2A","Exc L3-4 RORB CUX2",-0.256917598155572,1.66076669452435,14.0000314067129,0.000224979149287232,0.00118263531445282,0.00118263531445282,"gpath_trio"
"8631","TENT5D","Exc L3-4 RORB CUX2",-0.0223951013439006,0.722955678224345,0.102357617118081,0.7492754732593,0.848203515893236,0.848203515893236,"gpath_trio"
"8632","BRWD3","Exc L3-4 RORB CUX2",0.0414013898787998,5.68599800559981,5.12811883478382,0.0243649803742163,0.0613074930219274,0.0613074930219274,"gpath_trio"
"8633","HMGN5","Exc L3-4 RORB CUX2",-0.104911208379966,3.99495726212922,5.71200526714961,0.0175619032974351,0.0470696344362774,0.0470696344362774,"gpath_trio"
"8634","SH3BGRL","Exc L3-4 RORB CUX2",0.0635567220018464,6.75528313169699,6.83574350600032,0.00945659982032419,0.0282479865820315,0.0282479865820315,"gpath_trio"
"8635","RPS6KA6","Exc L3-4 RORB CUX2",0.0450121172098878,6.14956539220286,7.30411976918088,0.00733272978609268,0.0228263884330226,0.0228263884330226,"gpath_trio"
"8636","HDX","Exc L3-4 RORB CUX2",0.116441477792375,5.85503491208765,23.9938883074666,1.70054496455612e-06,1.66428815879809e-05,1.66428815879809e-05,"gpath_trio"
"8637","APOOL","Exc L3-4 RORB CUX2",0.0527498325832653,5.25942612960996,10.6415946931021,0.00125360570742604,0.00514054779417082,0.00514054779417082,"gpath_trio"
"8638","SATL1","Exc L3-4 RORB CUX2",0.097395451063834,4.38163195849159,7.357395544278,0.00712447233578577,0.0222915988483992,0.0222915988483992,"gpath_trio"
"8639","ZNF711","Exc L3-4 RORB CUX2",-0.0622791607029817,4.52993523522436,7.22688282056326,0.00764583632317999,0.0236659631512974,0.0236659631512974,"gpath_trio"
"8640","POF1B","Exc L3-4 RORB CUX2",-0.0150387463023964,-0.343307265482454,0.024343809139119,0.87613436375778,0.933805842295589,0.933805842295589,"gpath_trio"
"8641","CHM","Exc L3-4 RORB CUX2",-0.00767833881517622,6.41981960971071,0.291994722282075,0.589407652688565,0.720728492211152,0.720728492211152,"gpath_trio"
"8642","DACH2","Exc L3-4 RORB CUX2",-0.00100526940191512,5.15664376087881,0.00252156195297994,0.959989487302669,0.979750116174416,0.979750116174416,"gpath_trio"
"8643","KLHL4","Exc L3-4 RORB CUX2",0.182460307649991,5.54278643697108,25.1669830305186,9.75194697894943e-07,1.01258636284254e-05,1.01258636284254e-05,"gpath_trio"
"8644","PABPC5-AS1","Exc L3-4 RORB CUX2",0.0977220354662056,0.0662252449441686,1.22783544872695,0.268852371451411,0.407918823346034,0.407918823346034,"gpath_trio"
"8645","PABPC5","Exc L3-4 RORB CUX2",0.033836430471545,1.08163500602921,0.28750781330303,0.9046428066429,0.951704726109419,0.951704726109419,"gpath_trio"
"8646","PCDH11X","Exc L3-4 RORB CUX2",0.0287832946590512,6.45791861210736,0.116041937695126,0.733642697377255,0.836417349660156,0.836417349660156,"gpath_trio"
"8647","NAP1L3","Exc L3-4 RORB CUX2",-0.109866257215811,5.71636814888125,12.8763811597133,0.000397556257651728,0.00192572170728937,0.00192572170728937,"gpath_trio"
"8648","FAM133A","Exc L3-4 RORB CUX2",-0.0275190852085041,4.17089536114457,0.776772448652974,0.378944052268996,0.527133131353746,0.527133131353746,"gpath_trio"
"8649","DIAPH2","Exc L3-4 RORB CUX2",0.0684926912809255,7.7807777191485,9.04470124597697,0.00289275191898788,0.0104571349158897,0.0104571349158897,"gpath_trio"
"8650","DIAPH2-AS1","Exc L3-4 RORB CUX2",-0.184167513704201,3.4300323216253,21.8929289079147,4.64154369458214e-06,4.0224718229465e-05,4.0224718229465e-05,"gpath_trio"
"8651","AL157778.1","Exc L3-4 RORB CUX2",-0.0218080808917339,0.145955943930407,0.0685544043947811,0.816254782747457,0.894018708181825,0.894018708181825,"gpath_trio"
"8652","PCDH19","Exc L3-4 RORB CUX2",0.0228309423294549,5.87239381043276,0.617910814922031,0.432540495795711,0.579911250842536,0.579911250842536,"gpath_trio"
"8653","TSPAN6","Exc L3-4 RORB CUX2",-0.137073640287488,-0.147142366966676,2.47111418296703,0.117171764787171,0.216082299321862,0.216082299321862,"gpath_trio"
"8654","CSTF2","Exc L3-4 RORB CUX2",-0.191807007721488,3.36480363373126,33.5086338278299,2.03726010338405e-08,3.26273648809442e-07,3.26273648809442e-07,"gpath_trio"
"8655","NOX1","Exc L3-4 RORB CUX2",-0.288404242850919,-0.0399512917254371,12.6853499873754,0.000438182140476585,0.00209536020007469,0.00209536020007469,"gpath_trio"
"8656","XKRX","Exc L3-4 RORB CUX2",-0.111999806264703,0.630465004246745,1.62999268690013,0.202843130949701,0.329311995405989,0.329311995405989,"gpath_trio"
"8657","ARL13A","Exc L3-4 RORB CUX2",-0.0144683188421235,-0.884211340976581,0.0159781046680625,0.899509410604939,0.948596642044569,0.948596642044569,"gpath_trio"
"8658","TRMT2B","Exc L3-4 RORB CUX2",0.00614854003687165,3.76078666926558,0.0440113951605254,0.833996702931103,0.905347510445789,0.905347510445789,"gpath_trio"
"8659","TMEM35A","Exc L3-4 RORB CUX2",-0.113636947410571,4.67464138471734,16.5781757496963,6.20056648284157e-05,0.000387655496719333,0.000387655496719333,"gpath_trio"
"8660","CENPI","Exc L3-4 RORB CUX2",0.0841769919598068,1.99577241859436,3.29415705084658,0.070678950190165,0.145504879600671,0.145504879600671,"gpath_trio"
"8661","DRP2","Exc L3-4 RORB CUX2",-0.0131380986909568,5.88195722076115,0.350422128394771,0.554388651043104,0.69118718544028,0.69118718544028,"gpath_trio"
"8662","TAF7L","Exc L3-4 RORB CUX2",0.0402129561503672,2.26196201023805,0.643770845700931,0.443514544986309,0.590085432266914,0.590085432266914,"gpath_trio"
"8663","TIMM8A","Exc L3-4 RORB CUX2",-0.122450772668081,1.70638084872457,7.2620799091532,0.00750148093450805,0.023272701499877,0.023272701499877,"gpath_trio"
"8664","BTK","Exc L3-4 RORB CUX2",-0.0944026895583925,-0.362792500787592,0.798441428151335,0.37238608793106,0.520752015249819,0.520752015249819,"gpath_trio"
"8665","RPL36A-HNRNPH2","Exc L3-4 RORB CUX2",0.0176731537986628,-0.0491037840386484,0.0512667626154401,0.821051392686482,0.897378614629707,0.897378614629707,"gpath_trio"
"8666","GLA","Exc L3-4 RORB CUX2",-0.220955048041012,1.46701535435955,17.6378836023062,3.6739992281971e-05,0.000246010403016517,0.000246010403016517,"gpath_trio"
"8667","HNRNPH2","Exc L3-4 RORB CUX2",-0.0709003710290525,4.51798087373466,4.70341323283784,0.0310095105655293,0.0748296282827349,0.0748296282827349,"gpath_trio"
"8668","ARMCX4","Exc L3-4 RORB CUX2",0.0735219526673447,5.95181069221,12.0653039114993,0.00060155378043351,0.00274826710150499,0.00274826710150499,"gpath_trio"
"8669","ARMCX1","Exc L3-4 RORB CUX2",-0.111858398728865,3.62220314166769,10.9439564730933,0.00107171637087083,0.00449519288613701,0.00449519288613701,"gpath_trio"
"8670","ARMCX6","Exc L3-4 RORB CUX2",-0.00451502029121941,1.94235339615054,0.0089575960348925,0.942141119220931,0.971813338119653,0.971813338119653,"gpath_trio"
"8671","ARMCX3","Exc L3-4 RORB CUX2",-0.213243120953843,5.22267031923163,84.3475680110584,1.3533155464805e-17,2.0394702143605e-15,2.0394702143605e-15,"gpath_trio"
"8672","ARMCX2","Exc L3-4 RORB CUX2",-0.0631718019571274,4.21940604194971,6.68752203762071,0.0102535499615494,0.0302213835608853,0.0302213835608853,"gpath_trio"
"8673","NXF5","Exc L3-4 RORB CUX2",0.00126586846724094,1.64061370868161,0.000269948422865106,0.986903861323084,0.993375574541823,0.993375574541823,"gpath_trio"
"8674","ZMAT1","Exc L3-4 RORB CUX2",0.115064125340687,5.40386065595518,13.1676166225521,0.000342849304006309,0.00169898579915806,0.00169898579915806,"gpath_trio"
"8675","TCEAL2","Exc L3-4 RORB CUX2",-0.188729821328377,5.88130134221921,50.6151769981477,1.09002463734047e-11,4.04250865043088e-10,4.04250865043088e-10,"gpath_trio"
"8676","TCEAL6","Exc L3-4 RORB CUX2",-0.0638034768820529,4.352837961848,3.45051580377611,0.0643625547538533,0.134924619925082,0.134924619925082,"gpath_trio"
"8677","BEX5","Exc L3-4 RORB CUX2",-0.381356413302086,4.9132348604036,130.081462850652,1.06045463512358e-24,1.64574402027832e-21,1.64574402027832e-21,"gpath_trio"
"8678","AC235565.2","Exc L3-4 RORB CUX2",-0.0256875645182196,-0.628827069808761,0.0494596319698209,0.824180829902025,0.899175389870584,0.899175389870584,"gpath_trio"
"8679","ARMCX5","Exc L3-4 RORB CUX2",-0.113079747223535,3.28519954082895,8.49076491882267,0.00388015504087371,0.0133838481705637,0.0133838481705637,"gpath_trio"
"8680","AL035427.1","Exc L3-4 RORB CUX2",-0.318164803452469,1.58692097182511,26.9233685885984,4.2663469469507e-07,4.86016655306214e-06,4.86016655306214e-06,"gpath_trio"
"8681","GPRASP1","Exc L3-4 RORB CUX2",-0.0523035588662475,6.01314688800131,4.86446880078471,0.0282904652042288,0.069183046726705,0.069183046726705,"gpath_trio"
"8682","GPRASP2","Exc L3-4 RORB CUX2",-0.136102884491628,4.7437920481076,31.4591451828296,5.20131324813623e-08,7.48477138239289e-07,7.48477138239289e-07,"gpath_trio"
"8683","BHLHB9","Exc L3-4 RORB CUX2",0.0876273773933972,5.39249667334538,16.4033851893992,6.76190581939995e-05,0.00041668127643981,0.00041668127643981,"gpath_trio"
"8684","LINC00630","Exc L3-4 RORB CUX2",0.112639637285787,5.28429683777973,38.349981314116,2.29647166938728e-09,4.67520846921175e-08,4.67520846921175e-08,"gpath_trio"
"8685","Z68871.1","Exc L3-4 RORB CUX2",0.0509315742218773,3.40459104169977,3.75334461728879,0.0537849514749692,0.116728850689275,0.116728850689275,"gpath_trio"
"8686","BEX1","Exc L3-4 RORB CUX2",-0.344394707341614,7.02207037432288,132.319637652751,5.01263136029833e-25,8.42748647450157e-22,8.42748647450157e-22,"gpath_trio"
"8687","BEX4","Exc L3-4 RORB CUX2",-0.246686701389636,6.19746646584582,93.1541966214774,4.89791245206662e-19,1.17637361571957e-16,1.17637361571957e-16,"gpath_trio"
"8688","TCEAL8","Exc L3-4 RORB CUX2",-0.286490311539731,3.67194868801341,83.6912618630123,1.73921244016394e-17,2.56121248031441e-15,2.56121248031441e-15,"gpath_trio"
"8689","TCEAL5","Exc L3-4 RORB CUX2",-0.199674751079782,4.28959340934183,30.3270856944863,8.7598986874394e-08,1.1877080377627e-06,1.1877080377627e-06,"gpath_trio"
"8690","BEX2","Exc L3-4 RORB CUX2",-0.273952995916867,6.30151213837724,144.502924605564,9.14576313704603e-27,2.63593958985577e-23,2.63593958985577e-23,"gpath_trio"
"8691","TCEAL7","Exc L3-4 RORB CUX2",-0.296893262106532,4.34174587294516,86.8369198349197,5.2493354531798e-18,9.28994234806162e-16,9.28994234806162e-16,"gpath_trio"
"8692","TCEAL9","Exc L3-4 RORB CUX2",-0.104906203784713,3.5702567816171,10.7388122591688,0.00119192521504012,0.00492869260369632,0.00492869260369632,"gpath_trio"
"8693","BEX3","Exc L3-4 RORB CUX2",-0.338114909726546,7.30089445847923,138.706579500795,6.04973988941532e-26,1.22053502268954e-22,1.22053502268954e-22,"gpath_trio"
"8694","RAB40A","Exc L3-4 RORB CUX2",0.0595726824310385,3.10909015060836,2.99393233899805,0.0847635353399754,0.167871240353785,0.167871240353785,"gpath_trio"
"8695","TCEAL4","Exc L3-4 RORB CUX2",-0.129662478450471,5.16895576489272,18.5324499871292,2.36820773094952e-05,0.000166777241705251,0.000166777241705251,"gpath_trio"
"8696","TCEAL3","Exc L3-4 RORB CUX2",-0.0528231357423684,4.66357500908691,3.21060459666504,0.074325198347219,0.151511657740239,0.151511657740239,"gpath_trio"
"8697","TCEAL1","Exc L3-4 RORB CUX2",-0.149954255001014,4.8413157808658,29.7046937951782,1.16799541391819e-07,1.54418790798162e-06,1.54418790798162e-06,"gpath_trio"
"8698","MORF4L2","Exc L3-4 RORB CUX2",-0.0646888428196227,6.95428627738842,12.6782825764844,0.00043976357665442,0.00210142827072547,0.00210142827072547,"gpath_trio"
"8699","MORF4L2-AS1","Exc L3-4 RORB CUX2",0.113548381093016,-0.00120470577184021,1.62826032592445,0.203082539980395,0.329541562302297,0.329541562302297,"gpath_trio"
"8700","GLRA4","Exc L3-4 RORB CUX2",-0.146215630444907,0.327245473694847,3.42068342099266,0.0769236590725339,0.155664017824911,0.155664017824911,"gpath_trio"
"8701","TMEM31","Exc L3-4 RORB CUX2",-0.081952042804261,-0.432774697060836,0.660378159708792,0.417169905780574,0.565732530021044,0.565732530021044,"gpath_trio"
"8702","RAB9B","Exc L3-4 RORB CUX2",-0.00803760114049818,5.24694280930536,0.183859190789659,0.907141222378929,0.952616039933231,0.952616039933231,"gpath_trio"
"8703","TMSB15B-AS1","Exc L3-4 RORB CUX2",0.0540817365248368,-0.427357629580467,0.293851939896869,0.915175428563768,0.957203614478059,0.957203614478059,"gpath_trio"
"8704","TMSB15B","Exc L3-4 RORB CUX2",0.208813755852698,1.42991657118028,14.3968733582723,0.000184214500533619,0.000991867506876374,0.000991867506876374,"gpath_trio"
"8705","TMSB15B-1","Exc L3-4 RORB CUX2",0.0556866959215401,2.89466238978879,2.34651867244699,0.126778927271152,0.229828812803979,0.229828812803979,"gpath_trio"
"8706","SLC25A53","Exc L3-4 RORB CUX2",0.0635531597805521,4.57987931014477,6.41904084777829,0.0118784154279728,0.034142617361355,0.034142617361355,"gpath_trio"
"8707","ZCCHC18","Exc L3-4 RORB CUX2",0.0511901013620297,2.16860006361854,1.11002902687191,0.954057499102573,0.97734499279298,0.97734499279298,"gpath_trio"
"8708","FAM199X","Exc L3-4 RORB CUX2",-0.0198068841737003,5.14216925451104,1.14433264571408,0.285730740861205,0.427356935048915,0.427356935048915,"gpath_trio"
"8709","IL1RAPL2","Exc L3-4 RORB CUX2",0.898686555354542,3.20376844725395,6.537656216132,0.0111300278031902,0.0322905250114124,0.0322905250114124,"gpath_trio"
"8710","NRK","Exc L3-4 RORB CUX2",-0.156494673080699,-0.621831094685218,2.44361144784079,0.119220544373048,0.219039657838653,0.219039657838653,"gpath_trio"
"8711","MUM1L1","Exc L3-4 RORB CUX2",0.0629416368287657,4.67758030222767,1.57654906590245,0.210385665338355,0.338478532456012,0.338478532456012,"gpath_trio"
"8712","CXorf57","Exc L3-4 RORB CUX2",-0.072293045022336,1.893437211436,1.74227029197011,0.188012336923907,0.31062516064666,0.31062516064666,"gpath_trio"
"8713","RNF128","Exc L3-4 RORB CUX2",-0.0366744088178388,4.15238740498653,1.36780881920962,0.243259717736491,0.377520369641054,0.377520369641054,"gpath_trio"
"8714","TBC1D8B","Exc L3-4 RORB CUX2",0.168511356375486,2.62866211245039,13.1182702349078,0.00035154973690672,0.00173368759278736,0.00173368759278736,"gpath_trio"
"8715","MORC4","Exc L3-4 RORB CUX2",0.0991332228771912,3.24358919504535,7.44962948933171,0.00677819225540255,0.0213972819203171,0.0213972819203171,"gpath_trio"
"8716","CLDN2","Exc L3-4 RORB CUX2",0.00634275257724244,-0.96704540536308,0.00169959076854047,0.967147291161211,0.982999205227268,0.982999205227268,"gpath_trio"
"8717","RBM41","Exc L3-4 RORB CUX2",0.158664972178038,5.42634431976107,52.0245382553544,5.98515918752424e-12,2.32660089804049e-10,2.32660089804049e-10,"gpath_trio"
"8718","NUP62CL","Exc L3-4 RORB CUX2",0.0726100107334032,-0.923827172296131,0.352230518460698,0.553369124702279,0.690570482599941,0.690570482599941,"gpath_trio"
"8719","FRMPD3","Exc L3-4 RORB CUX2",0.0681213063907828,1.33964322751504,0.990308394613822,0.320592225111224,0.465956929732652,0.465956929732652,"gpath_trio"
"8720","PRPS1","Exc L3-4 RORB CUX2",-0.224057583385068,3.01612757610898,33.756985056053,1.81952451182459e-08,2.96039572790815e-07,2.96039572790815e-07,"gpath_trio"
"8721","TSC22D3","Exc L3-4 RORB CUX2",0.0042492015503479,4.70407002721883,0.0187513614154365,0.89118766403601,0.943470174840032,0.943470174840032,"gpath_trio"
"8722","NCBP2L","Exc L3-4 RORB CUX2",-0.181998810079534,-1.07457041370636,2.24448960076615,0.197884516108772,0.322950987906041,0.322950987906041,"gpath_trio"
"8723","MID2","Exc L3-4 RORB CUX2",0.176324049441901,3.74606636423974,36.5432368660837,5.16020729920394e-09,9.73760483509045e-08,9.73760483509045e-08,"gpath_trio"
"8724","AL034399.2","Exc L3-4 RORB CUX2",0.129156796581255,3.10217558014139,7.56634266617027,0.00636466472124752,0.020359459450003,0.020359459450003,"gpath_trio"
"8725","VSIG1","Exc L3-4 RORB CUX2",0.029355301810667,1.41171431243066,0.17417075351505,0.676775809844135,0.792268304723537,0.792268304723537,"gpath_trio"
"8726","PSMD10","Exc L3-4 RORB CUX2",-0.0828442744462585,3.16213119614071,4.99976049998206,0.0580517625349145,0.124067193765032,0.124067193765032,"gpath_trio"
"8727","ATG4A","Exc L3-4 RORB CUX2",0.0229424268056855,3.10127683977218,0.405652185643281,0.524744934782622,0.665254688856128,0.665254688856128,"gpath_trio"
"8728","COL4A6","Exc L3-4 RORB CUX2",-0.00927898989037084,-0.373747260781629,0.00967623961423577,0.923560334089237,0.961287463512282,0.961287463512282,"gpath_trio"
"8729","GUCY2F","Exc L3-4 RORB CUX2",-0.23057541449741,-0.612317800452812,4.17721821239845,0.0419785873529172,0.0958485739978615,0.0958485739978615,"gpath_trio"
"8730","NXT2","Exc L3-4 RORB CUX2",0.0742740983006496,-0.252420388870238,0.545374473468658,0.460879935328622,0.606697944359582,0.606697944359582,"gpath_trio"
"8731","ACSL4","Exc L3-4 RORB CUX2",0.0874818350167891,6.45731243180152,30.652371438392,7.53937308905003e-08,1.04040254494928e-06,1.04040254494928e-06,"gpath_trio"
"8732","TMEM164","Exc L3-4 RORB CUX2",0.0605672902975567,5.1862532055989,6.4328952562397,0.0117883840525884,0.0339031572716994,0.0339031572716994,"gpath_trio"
"8733","AMMECR1","Exc L3-4 RORB CUX2",0.177901304613162,7.01457432927301,95.3141726817671,2.19884312978934e-19,5.54520751793749e-17,5.54520751793749e-17,"gpath_trio"
"8734","RTL9","Exc L3-4 RORB CUX2",-0.153924071883422,1.75243730725228,6.02916195243402,0.0147265427927765,0.0408508182104037,0.0408508182104037,"gpath_trio"
"8735","CHRDL1","Exc L3-4 RORB CUX2",0.0634163933576249,3.89413854852145,3.05018382358447,0.0819089248908777,0.163388625635106,0.163388625635106,"gpath_trio"
"8736","PAK3","Exc L3-4 RORB CUX2",0.0663563971600105,8.82152764128678,17.0268213669252,4.96612645401473e-05,0.000319998726316663,0.000319998726316663,"gpath_trio"
"8737","DCX","Exc L3-4 RORB CUX2",-0.022238183457103,6.01040927240007,0.696671513613251,0.404670615707736,0.552907332514126,0.552907332514126,"gpath_trio"
"8738","ALG13","Exc L3-4 RORB CUX2",0.043218281055208,6.05671113631776,8.28892115970515,0.00432061404802218,0.014670801520013,0.014670801520013,"gpath_trio"
"8739","ALG13-AS1","Exc L3-4 RORB CUX2",-0.47372384392365,1.20066778634659,41.9398350335343,4.67535562635525e-10,1.10840540260537e-08,1.10840540260537e-08,"gpath_trio"
"8740","TRPC5","Exc L3-4 RORB CUX2",0.243678522749617,6.33630330150457,74.0188911977299,7.44505520945602e-16,7.3992112734372e-14,7.3992112734372e-14,"gpath_trio"
"8741","TRPC5OS","Exc L3-4 RORB CUX2",-0.379584678824046,0.433253193384278,17.444634701043,4.04087824407308e-05,0.000267469549127869,0.000267469549127869,"gpath_trio"
"8742","LHFPL1","Exc L3-4 RORB CUX2",-0.100513902895665,-0.162866049368164,1.03877320036243,0.309054368317309,0.453434068853299,0.453434068853299,"gpath_trio"
"8743","AMOT","Exc L3-4 RORB CUX2",0.0118540137182046,4.25958407944701,0.168814955652914,0.767496426519555,0.86171965078925,0.86171965078925,"gpath_trio"
"8744","XACT","Exc L3-4 RORB CUX2",-0.208247562941276,0.0623146358995302,4.62054025924704,0.0325141848452631,0.0777865147934523,0.0777865147934523,"gpath_trio"
"8745","IL13RA2","Exc L3-4 RORB CUX2",-0.0633200455697611,-1.11997839021345,0.197949965510048,0.656750840455026,0.775939810621935,0.775939810621935,"gpath_trio"
"8746","LRCH2","Exc L3-4 RORB CUX2",0.0401853159186734,5.20246306881765,2.25675089576787,0.134246424007906,0.2405347783623,0.2405347783623,"gpath_trio"
"8747","PLS3-AS1","Exc L3-4 RORB CUX2",0.183660039410794,2.83845896443432,9.45197848277112,0.00233390241363996,0.00871971873984931,0.00871971873984931,"gpath_trio"
"8748","PLS3","Exc L3-4 RORB CUX2",-0.0725972853525945,5.25384080496756,5.89208620969901,0.0158887491313706,0.0434203343780382,0.0434203343780382,"gpath_trio"
"8749","DANT2","Exc L3-4 RORB CUX2",0.0795133967509365,8.83580735182469,21.377958875243,5.94670323529731e-06,5.01147609741534e-05,5.01147609741534e-05,"gpath_trio"
"8750","KLHL13","Exc L3-4 RORB CUX2",0.129585648330364,2.1029319002396,4.34287635469293,0.0381405592607765,0.0887322166842903,0.0887322166842903,"gpath_trio"
"8751","WDR44","Exc L3-4 RORB CUX2",0.0308294968661829,5.44596470870865,3.52209554809643,0.40423927447271,0.552556404754119,0.552556404754119,"gpath_trio"
"8752","DOCK11","Exc L3-4 RORB CUX2",-0.0865591009162951,2.21174121155915,2.0528062121677,0.15312716057267,0.265452866863175,0.265452866863175,"gpath_trio"
"8753","ZCCHC12","Exc L3-4 RORB CUX2",-0.152449524134847,1.82826472995056,4.62458136102629,0.0324390629391271,0.0776323363081822,0.0776323363081822,"gpath_trio"
"8754","LINC01285","Exc L3-4 RORB CUX2",-0.0569533848091279,2.31819807493712,0.999918636672857,0.31825989597818,0.463568940968867,0.463568940968867,"gpath_trio"
"8755","LONRF3","Exc L3-4 RORB CUX2",0.343371684408695,2.67950454337011,14.7562795324424,0.000153784508937916,0.000845395767799032,0.000845395767799032,"gpath_trio"
"8756","PGRMC1","Exc L3-4 RORB CUX2",-0.119507543963546,5.81316226218141,17.5494647966991,3.83747954661541e-05,0.000255853105925201,0.000255853105925201,"gpath_trio"
"8757","AC004835.1","Exc L3-4 RORB CUX2",-0.0392458684987785,0.514411902371663,0.355344021479069,0.551622075878421,0.68918599088724,0.68918599088724,"gpath_trio"
"8758","AC004973.1","Exc L3-4 RORB CUX2",-0.0581848881027545,-0.448192849209884,0.337977435954663,0.691405523607038,0.803751451384154,0.803751451384154,"gpath_trio"
"8759","SLC25A43","Exc L3-4 RORB CUX2",0.101127351369546,4.633386456225,9.45585122787907,0.00232915453207911,0.00870359190307391,0.00870359190307391,"gpath_trio"
"8760","SLC25A5","Exc L3-4 RORB CUX2",-0.287937075128008,3.9285622938475,57.0936067803382,7.09940976414748e-13,3.42656918640372e-11,3.42656918640372e-11,"gpath_trio"
"8761","CXorf56","Exc L3-4 RORB CUX2",-0.175634576118779,3.70361729954871,30.6328829190363,7.60740829602362e-08,1.04835698341719e-06,1.04835698341719e-06,"gpath_trio"
"8762","UBE2A","Exc L3-4 RORB CUX2",-0.0105049854198554,3.32521277816871,0.132310100010009,0.748844305485633,0.847858630706098,0.847858630706098,"gpath_trio"
"8763","NKRF","Exc L3-4 RORB CUX2",-0.0222611469360498,4.60419277401078,1.36876746986087,0.243095059514778,0.377382086844237,0.377382086844237,"gpath_trio"
"8764","SEPT6","Exc L3-4 RORB CUX2",0.0679197973449067,5.47080500066733,8.84202818772321,0.00322012586762448,0.0114396970204831,0.0114396970204831,"gpath_trio"
"8765","RPL39","Exc L3-4 RORB CUX2",-0.215997512318035,0.541395736122892,7.96613712511413,0.00513433857827723,0.0169951240060284,0.0169951240060284,"gpath_trio"
"8766","UPF3B","Exc L3-4 RORB CUX2",-0.0925565425423565,5.26641000181626,15.8431161563645,8.93312875862654e-05,0.000528676657979731,0.000528676657979731,"gpath_trio"
"8767","RNF113A","Exc L3-4 RORB CUX2",-0.241688033691052,1.94097354464459,24.0023401758924,1.69372618188775e-06,1.66039483574273e-05,1.66039483574273e-05,"gpath_trio"
"8768","NDUFA1","Exc L3-4 RORB CUX2",-0.371392958744923,4.1250500944413,88.7685292448978,2.52974863396879e-18,4.86073130384004e-16,4.86073130384004e-16,"gpath_trio"
"8769","AKAP14","Exc L3-4 RORB CUX2",-0.165333216793224,0.30885281313517,5.30719394015349,0.0220266468353529,0.0566026748061706,0.0566026748061706,"gpath_trio"
"8770","NKAP","Exc L3-4 RORB CUX2",-0.0525387266218256,3.90376118485928,3.09185064723065,0.114246038740605,0.211790299696012,0.211790299696012,"gpath_trio"
"8771","RHOXF1-AS1","Exc L3-4 RORB CUX2",0.104498469582281,4.61265539337209,13.534140038108,0.000284706874851933,0.00145012905835338,0.00145012905835338,"gpath_trio"
"8772","RHOXF1","Exc L3-4 RORB CUX2",0.00613863804823942,1.33531117550275,0.00409034049036093,0.949054586885734,0.97505608241685,0.97505608241685,"gpath_trio"
"8773","LINC01402","Exc L3-4 RORB CUX2",0.061197113512545,-0.0847659690747841,0.274336950224499,0.600883390020462,0.729982681619969,0.729982681619969,"gpath_trio"
"8774","ZBTB33","Exc L3-4 RORB CUX2",0.0229977904108126,2.66377978851626,0.446286376766204,0.796595246648994,0.881150781355526,0.881150781355526,"gpath_trio"
"8775","LAMP2","Exc L3-4 RORB CUX2",-0.0331941171985431,4.16738958183639,0.574699307852652,0.449084121512982,0.59528007507628,0.59528007507628,"gpath_trio"
"8776","CUL4B","Exc L3-4 RORB CUX2",-0.0314462350500568,4.72871674197475,2.06412434552904,0.45140707773033,0.597620433966101,0.597620433966101,"gpath_trio"
"8777","MCTS1","Exc L3-4 RORB CUX2",-0.0690822744156816,4.78804291100234,9.08481425813146,0.00283210412856826,0.0102664514311572,0.0102664514311572,"gpath_trio"
"8778","C1GALT1C1","Exc L3-4 RORB CUX2",-0.146909777747399,1.84729641599506,9.88162667644463,0.0018629464754909,0.00717543817163592,0.00717543817163592,"gpath_trio"
"8779","GLUD2","Exc L3-4 RORB CUX2",0.156628667146614,1.40923062868498,5.86269708543738,0.0161500795632551,0.0439654372134223,0.0439654372134223,"gpath_trio"
"8780","AL359851.1","Exc L3-4 RORB CUX2",0.00232385484951574,3.72703634397814,0.0048402590442107,0.944587824169983,0.973030715322151,0.973030715322151,"gpath_trio"
"8781","GRIA3","Exc L3-4 RORB CUX2",0.0510711955258137,9.20380700575045,9.67929427751963,0.00207127433623232,0.0078652286341967,0.0078652286341967,"gpath_trio"
"8782","THOC2","Exc L3-4 RORB CUX2",-0.0124362224121238,6.36265800888787,0.737381866918469,0.391291793232265,0.539118481763364,0.539118481763364,"gpath_trio"
"8783","XIAP","Exc L3-4 RORB CUX2",-0.0287020629458967,5.81307311624964,2.45092509364658,0.740633066281347,0.841913010605486,0.841913010605486,"gpath_trio"
"8784","AL121601.1","Exc L3-4 RORB CUX2",0.0702631420115733,-0.177742587292741,0.56603768562472,0.452518312950539,0.598661243048616,0.598661243048616,"gpath_trio"
"8785","STAG2","Exc L3-4 RORB CUX2",0.0244610813849181,5.85507593472278,2.8586272349611,0.0920833743572575,0.178908135367649,0.178908135367649,"gpath_trio"
"8786","TENM1","Exc L3-4 RORB CUX2",0.238036128967872,4.52051349678073,29.7933118563357,1.12106442409982e-07,1.48799176027723e-06,1.48799176027723e-06,"gpath_trio"
"8787","DCAF12L2","Exc L3-4 RORB CUX2",-0.145405094024627,-0.319768240394625,2.23710992829151,0.135945363140013,0.242773378867161,0.242773378867161,"gpath_trio"
"8788","AL442647.1","Exc L3-4 RORB CUX2",0.125775883085836,5.18348204420216,10.614995153849,0.00127104210197491,0.00520253081909996,0.00520253081909996,"gpath_trio"
"8789","SMARCA1","Exc L3-4 RORB CUX2",0.0844281589535117,5.39711015401336,17.8737991689289,3.27146488304486e-05,0.00022238541972586,0.00022238541972586,"gpath_trio"
"8790","OCRL","Exc L3-4 RORB CUX2",0.00731909192928487,4.98064853776614,0.139509918759336,0.709073066137166,0.817682762035669,0.817682762035669,"gpath_trio"
"8791","ZDHHC9","Exc L3-4 RORB CUX2",0.0219868157414608,3.81894175299342,0.7962850228453,0.373031518855712,0.52140161375322,0.52140161375322,"gpath_trio"
"8792","AL034405.1","Exc L3-4 RORB CUX2",-0.117491096741373,1.50642818579903,3.22586647812319,0.0736443020528828,0.150381962947056,0.150381962947056,"gpath_trio"
"8793","UTP14A","Exc L3-4 RORB CUX2",0.0437905951405229,3.69492777606636,3.25535861852649,0.0723475348323418,0.148229056082309,0.148229056082309,"gpath_trio"
"8794","BCORL1","Exc L3-4 RORB CUX2",-0.0588752556260699,3.3615906634798,4.40009814455183,0.104634240392553,0.198048203388662,0.198048203388662,"gpath_trio"
"8795","AIFM1","Exc L3-4 RORB CUX2",-0.0670576591660684,3.72858898537102,7.50523000458677,0.00657785463893085,0.0209121048440639,0.0209121048440639,"gpath_trio"
"8796","RAB33A","Exc L3-4 RORB CUX2",-0.131225195631062,2.67955834240114,13.6902793545307,0.000263079696254675,0.00135606358506338,0.00135606358506338,"gpath_trio"
"8797","ZNF280C","Exc L3-4 RORB CUX2",0.0306176715373613,4.08012316051774,1.39001311100355,0.239480636749328,0.373032878815449,0.373032878815449,"gpath_trio"
"8798","SLC25A14","Exc L3-4 RORB CUX2",-0.112119572329416,3.85341052389644,19.2917314994912,1.63431117582798e-05,0.000121623858252783,0.000121623858252783,"gpath_trio"
"8799","RBMX2","Exc L3-4 RORB CUX2",-0.120888484931794,4.04330985106073,17.1911705432044,4.57897174142437e-05,0.000298291103917458,0.000298291103917458,"gpath_trio"
"8800","ENOX2","Exc L3-4 RORB CUX2",0.0474800908800592,4.15677833133063,1.92342542951823,0.166667351163747,0.282825621139591,0.282825621139591,"gpath_trio"
"8801","IGSF1","Exc L3-4 RORB CUX2",0.0651207097443414,1.81713217239802,0.925203810066761,0.337005994302849,0.483472099090254,0.483472099090254,"gpath_trio"
"8802","STK26","Exc L3-4 RORB CUX2",0.0894748740260442,0.431468736922196,1.0114682333425,0.315486387432941,0.460493261934567,0.460493261934567,"gpath_trio"
"8803","RAP2C","Exc L3-4 RORB CUX2",-0.0852464682912623,1.98864444190527,3.8471487613738,0.0508976943279006,0.111846311193268,0.111846311193268,"gpath_trio"
"8804","RAP2C-AS1","Exc L3-4 RORB CUX2",0.0233020986661907,3.84664792474248,0.472934069242724,0.925044746641851,0.962491756795456,0.962491756795456,"gpath_trio"
"8805","HS6ST2","Exc L3-4 RORB CUX2",0.0512170671759659,5.45254155917568,1.97109761797887,0.161524698140242,0.276072584291712,0.276072584291712,"gpath_trio"
"8806","USP26","Exc L3-4 RORB CUX2",-0.296262431519398,-0.784091843524236,7.76221193817071,0.00572799387503344,0.0186631583379844,0.0186631583379844,"gpath_trio"
"8807","GPC4","Exc L3-4 RORB CUX2",0.0964715489220115,2.97690644683845,4.01148676653018,0.0462293487476938,0.10361927685643,0.10361927685643,"gpath_trio"
"8808","GPC3","Exc L3-4 RORB CUX2",-0.18943757006419,1.61214087257071,12.7773298874436,0.000418119542541391,0.0020127801886835,0.0020127801886835,"gpath_trio"
"8809","PHF6","Exc L3-4 RORB CUX2",-0.0444297556113422,4.94737828949174,5.97707505807745,0.0334883414675485,0.0796636350793292,0.0796636350793292,"gpath_trio"
"8810","HPRT1","Exc L3-4 RORB CUX2",0.0192221292658905,7.12389589165078,1.41458253976959,0.235382152038784,0.368021854325414,0.368021854325414,"gpath_trio"
"8811","MIR503HG","Exc L3-4 RORB CUX2",0.111654587937211,0.807567693807076,1.02067530794999,0.313298121538214,0.458061424888286,0.458061424888286,"gpath_trio"
"8812","LINC00629","Exc L3-4 RORB CUX2",0.0655273576198567,1.99595522639237,0.975832907680081,0.324148138082362,0.469670258963778,0.469670258963778,"gpath_trio"
"8813","PLAC1","Exc L3-4 RORB CUX2",-0.254425465303656,1.10490799095515,18.6626340343654,2.22202956574944e-05,0.000157905764314882,0.000157905764314882,"gpath_trio"
"8814","AL672032.1","Exc L3-4 RORB CUX2",0.0781700632975162,-1.296711664297,0.311445506312187,0.577274729172195,0.710370092165236,0.710370092165236,"gpath_trio"
"8815","FAM122B","Exc L3-4 RORB CUX2",-0.088549711071517,3.99782977444322,13.4959058810269,0.000290272557341104,0.00147289960874164,0.00147289960874164,"gpath_trio"
"8816","FAM122C","Exc L3-4 RORB CUX2",0.0125513460736482,3.55239544386057,0.161064209569512,0.688508247400424,0.801260607481747,0.801260607481747,"gpath_trio"
"8817","MOSPD1","Exc L3-4 RORB CUX2",-0.0710609955614336,3.36780755363884,6.08572817007289,0.0142729620263172,0.0397840575961521,0.0397840575961521,"gpath_trio"
"8818","SMIM10","Exc L3-4 RORB CUX2",0.0510152359993203,-0.128870071953057,0.283243579369466,0.595037575406388,0.725239115799184,0.725239115799184,"gpath_trio"
"8819","RTL8B","Exc L3-4 RORB CUX2",-0.0875678094200327,0.966811881731482,2.97383821752872,0.0858093231076674,0.169576167469604,0.169576167469604,"gpath_trio"
"8820","RTL8C","Exc L3-4 RORB CUX2",-0.121707105077132,6.09590166570984,18.6590318493555,2.2259488157817e-05,0.000158072922768024,0.000158072922768024,"gpath_trio"
"8821","RTL8A","Exc L3-4 RORB CUX2",-0.151413662437937,3.69780157836777,20.82298769564,7.77287133007799e-06,6.33095192104656e-05,6.33095192104656e-05,"gpath_trio"
"8822","SMIM10L2B-AS1","Exc L3-4 RORB CUX2",0.127879631627775,-0.0861708563492,2.49789713948699,0.151134042234927,0.262810662134946,0.262810662134946,"gpath_trio"
"8823","SMIM10L2B","Exc L3-4 RORB CUX2",-0.0767665106948044,4.24530092856666,6.22335488573236,0.0132288077829321,0.0373967203460737,0.0373967203460737,"gpath_trio"
"8824","CT55","Exc L3-4 RORB CUX2",-0.131571912191238,0.0358249019416379,0.613719883928765,0.434103645299811,0.58158184766078,0.58158184766078,"gpath_trio"
"8825","ZNF75D","Exc L3-4 RORB CUX2",0.121346532081894,4.78297081016764,17.0807224987137,4.83562897308854e-05,0.000313190415833263,0.000313190415833263,"gpath_trio"
"8826","ZNF449","Exc L3-4 RORB CUX2",-0.117695594939043,3.77090747728847,8.53867539014109,0.00378253592824366,0.0130986375475997,0.0130986375475997,"gpath_trio"
"8827","SMIM10L2A","Exc L3-4 RORB CUX2",-0.116190957611161,4.20343962180632,14.3713924577716,0.000186591012711679,0.00100225603872687,0.00100225603872687,"gpath_trio"
"8828","INTS6L","Exc L3-4 RORB CUX2",0.0202393868749057,5.62736358422938,0.59053568083122,0.442909458781269,0.589645077321729,0.589645077321729,"gpath_trio"
"8829","MMGT1","Exc L3-4 RORB CUX2",-0.0588959346393176,2.80754371038731,2.79776574006218,0.0955985479799083,0.18415933404895,0.18415933404895,"gpath_trio"
"8830","SLC9A6","Exc L3-4 RORB CUX2",-0.0524620149606107,6.23799204365397,6.78891475826194,0.00970123712368738,0.0288718777062093,0.0288718777062093,"gpath_trio"
"8831","FHL1","Exc L3-4 RORB CUX2",0.013909897110843,6.00926161512175,0.562963663795172,0.453747024586815,0.599824021572429,0.599824021572429,"gpath_trio"
"8832","MAP7D3","Exc L3-4 RORB CUX2",-0.0381502215732382,0.770098397870052,0.336389971984027,0.562422702603682,0.697925822673716,0.697925822673716,"gpath_trio"
"8833","ADGRG4","Exc L3-4 RORB CUX2",0.00704417174110208,-1.28318481700166,0.00268695449257847,0.999662244372075,0.999910053555112,0.999910053555112,"gpath_trio"
"8834","HTATSF1","Exc L3-4 RORB CUX2",-0.113735309043215,4.05555309948638,20.4161161028551,9.46395257094101e-06,7.526024561243e-05,7.526024561243e-05,"gpath_trio"
"8835","ARHGEF6","Exc L3-4 RORB CUX2",0.0220935937263424,4.46430220066936,0.529932617871627,0.467290245149846,0.612620171559815,0.612620171559815,"gpath_trio"
"8836","AL683813.1","Exc L3-4 RORB CUX2",0.0617251101229502,4.5148968823094,6.83033337779429,0.00948453470306837,0.0283020984520639,0.0283020984520639,"gpath_trio"
"8837","RBMX","Exc L3-4 RORB CUX2",-0.148043211944546,5.58306904556411,34.5501820116929,1.2691574992931e-08,2.15895889951419e-07,2.15895889951419e-07,"gpath_trio"
"8838","Z96074.1","Exc L3-4 RORB CUX2",-0.123125483906954,1.71379078228198,6.02468738821138,0.014763054078585,0.0409408406921584,0.0409408406921584,"gpath_trio"
"8839","FGF13","Exc L3-4 RORB CUX2",0.0209645404191895,5.74648174203065,0.423518336269141,0.515761345589674,0.65687047202018,0.65687047202018,"gpath_trio"
"8840","FGF13-AS1","Exc L3-4 RORB CUX2",0.0873823727102398,0.473853173721332,1.76831339090373,0.184756347036862,0.306584907177882,0.306584907177882,"gpath_trio"
"8841","MCF2","Exc L3-4 RORB CUX2",-0.00219427887356939,4.6523980629833,0.00694512023293332,0.933647396649228,0.967951501921798,0.967951501921798,"gpath_trio"
"8842","ATP11C","Exc L3-4 RORB CUX2",-0.294068535227997,-0.288498980206108,1.32150513815117,0.251378413596446,0.387793201889303,0.387793201889303,"gpath_trio"
"8843","LINC00632","Exc L3-4 RORB CUX2",0.0640652151300189,9.02149325948661,7.3954243955233,0.00697954507101372,0.0219299675763435,0.0219299675763435,"gpath_trio"
"8844","CDR1","Exc L3-4 RORB CUX2",-0.168728803082069,0.428870320139739,2.11155391548983,0.147396631803091,0.258010510896127,0.258010510896127,"gpath_trio"
"8845","AL078639.1","Exc L3-4 RORB CUX2",0.193597641986476,4.68123258135834,10.1400209187043,0.00162762040726741,0.00640140210331835,0.00640140210331835,"gpath_trio"
"8846","AL451048.1","Exc L3-4 RORB CUX2",-0.140099645530013,-0.504534650613849,1.0883795194595,0.297799542249865,0.441123771284217,0.441123771284217,"gpath_trio"
"8847","LDOC1","Exc L3-4 RORB CUX2",-0.160383078811627,4.03553918749546,23.65037219297,2.00249064396703e-06,1.91379671918687e-05,1.91379671918687e-05,"gpath_trio"
"8848","SPANXA2-OT1","Exc L3-4 RORB CUX2",0.233619973669152,4.0052017777887,30.5880732180252,7.76620107501183e-08,1.06805117033649e-06,1.06805117033649e-06,"gpath_trio"
"8849","MAGEC3","Exc L3-4 RORB CUX2",0.233351847745348,3.16604225290865,3.45581594597832,0.0641593673255436,0.134666587161136,0.134666587161136,"gpath_trio"
"8850","AC239727.1","Exc L3-4 RORB CUX2",-0.0692344185702034,0.706300548191136,0.551275877427154,0.458467077896912,0.604191867304866,0.604191867304866,"gpath_trio"
"8851","SLITRK4","Exc L3-4 RORB CUX2",-0.0416685812765629,6.08320185494354,3.27606295615156,0.071451892500184,0.146602454102635,0.146602454102635,"gpath_trio"
"8852","AL500522.1","Exc L3-4 RORB CUX2",-0.00946303288860056,-0.721031572401936,0.00773675804590202,0.929977094555978,0.965634991387898,0.965634991387898,"gpath_trio"
"8853","SLITRK2","Exc L3-4 RORB CUX2",-0.0335532824752319,3.91765552814341,1.25686885563774,0.263278980093632,0.401758824853568,0.401758824853568,"gpath_trio"
"8854","AL589669.1","Exc L3-4 RORB CUX2",-0.137723694987964,0.374519706373412,2.73875211667823,0.0991477648126431,0.189692380758186,0.189692380758186,"gpath_trio"
"8855","L29074.1","Exc L3-4 RORB CUX2",0.0622861386700608,-0.458250271579313,0.386976775918021,0.53443794269839,0.673550246607406,0.673550246607406,"gpath_trio"
"8856","FMR1","Exc L3-4 RORB CUX2",-0.0270816591356851,5.21694981969945,2.41229915111849,0.213504501820637,0.342099333984415,0.342099333984415,"gpath_trio"
"8857","FMR1NB","Exc L3-4 RORB CUX2",0.0189189680398459,-0.275058968774888,0.0322631198716103,0.857591293365745,0.921588598255775,0.921588598255775,"gpath_trio"
"8858","AFF2","Exc L3-4 RORB CUX2",0.161016038377029,5.86196572815456,17.9925499778746,3.08604216269619e-05,0.00021148403747417,0.00021148403747417,"gpath_trio"
"8859","IDS","Exc L3-4 RORB CUX2",-0.000832426243504036,8.29180727320001,0.00107947828904102,0.973815094655769,0.985984117970498,0.985984117970498,"gpath_trio"
"8860","LINC00893","Exc L3-4 RORB CUX2",0.00130590746772832,1.97353324180096,0.000573839350349742,0.980906921797478,0.990232531762027,0.990232531762027,"gpath_trio"
"8861","CXorf40A","Exc L3-4 RORB CUX2",-0.221530091617816,0.554148703463775,10.8409194934916,0.00113046605837223,0.0047044456946493,0.0047044456946493,"gpath_trio"
"8862","TMEM185A","Exc L3-4 RORB CUX2",-0.0162215215329185,4.26371258422016,0.605172420148373,0.437318586938511,0.584594862129093,0.584594862129093,"gpath_trio"
"8863","CXorf40B","Exc L3-4 RORB CUX2",-0.35226568759827,0.974530707799424,26.7677588542139,4.58929004735279e-07,5.1696776496562e-06,5.1696776496562e-06,"gpath_trio"
"8864","LINC00894","Exc L3-4 RORB CUX2",0.0946091749186435,6.48887050426958,11.2474788116666,0.000916087119612547,0.00392960165251994,0.00392960165251994,"gpath_trio"
"8865","MAMLD1","Exc L3-4 RORB CUX2",0.0809350713746259,5.55675035003238,8.71231465314634,0.00344932261341919,0.0121279337270359,0.0121279337270359,"gpath_trio"
"8866","MTM1","Exc L3-4 RORB CUX2",0.0749925264465667,5.72130327947859,26.4984193765243,5.20774805528017e-07,5.78240599974009e-06,5.78240599974009e-06,"gpath_trio"
"8867","MTMR1","Exc L3-4 RORB CUX2",0.0370848577126663,6.23101968008802,3.97304243721714,0.0472791239273173,0.105398488976091,0.105398488976091,"gpath_trio"
"8868","CD99L2","Exc L3-4 RORB CUX2",-0.111264383535457,6.52356290411907,27.2958634893343,3.58337306058581e-07,4.17164174825844e-06,4.17164174825844e-06,"gpath_trio"
"8869","HMGB3","Exc L3-4 RORB CUX2",-0.211486177181095,2.1781624310887,15.8015001190609,9.12020169955686e-05,0.00053879961724322,0.00053879961724322,"gpath_trio"
"8870","VMA21","Exc L3-4 RORB CUX2",-0.0888683584843162,4.51190370664199,11.857103939497,0.000669343892002643,0.00301765654103985,0.00301765654103985,"gpath_trio"
"8871","PRRG3","Exc L3-4 RORB CUX2",0.00959236908435198,4.57534083212919,0.140365585314622,0.708223231565653,0.816993750176514,0.816993750176514,"gpath_trio"
"8872","FATE1","Exc L3-4 RORB CUX2",-0.266165791951679,-0.50854915815368,4.70180827674738,0.0310379459818719,0.0748763075671727,0.0748763075671727,"gpath_trio"
"8873","AC116666.1","Exc L3-4 RORB CUX2",-0.406041847553093,-0.23516038677578,14.7452318741146,0.000154639281055646,0.000849169160396751,0.000849169160396751,"gpath_trio"
"8874","GABRA3","Exc L3-4 RORB CUX2",0.0665386534996607,6.11477120273052,7.98564497353658,0.00508096284110289,0.0168294902839026,0.0168294902839026,"gpath_trio"
"8875","CETN2","Exc L3-4 RORB CUX2",-0.146980467960273,3.44064391229937,18.8739343136869,2.00393709482567e-05,0.000144390824600385,0.000144390824600385,"gpath_trio"
"8876","NSDHL","Exc L3-4 RORB CUX2",0.0289559176471539,2.184376936068,0.502445613819415,0.4790625661075,0.622904783011567,0.622904783011567,"gpath_trio"
"8877","ZNF185","Exc L3-4 RORB CUX2",0.0203264031633764,1.32769246385366,0.118965010572491,0.730438583290467,0.833683409141152,0.833683409141152,"gpath_trio"
"8878","PNMA5","Exc L3-4 RORB CUX2",-0.0351499730995705,2.95334100817408,0.332981656169484,0.564407913895129,0.700001823497524,0.700001823497524,"gpath_trio"
"8879","PNMA3","Exc L3-4 RORB CUX2",-0.157631673039166,6.09306312882357,29.1454871626914,1.51353627625273e-07,1.94991024095778e-06,1.94991024095778e-06,"gpath_trio"
"8880","PNMA6A","Exc L3-4 RORB CUX2",-0.127419170511373,4.39370146686769,16.8377602583312,5.45271975103664e-05,0.000347139857927309,0.000347139857927309,"gpath_trio"
"8881","PNMA6F","Exc L3-4 RORB CUX2",0.0744984887288229,2.53117867182113,0.296807534636052,0.586357734658955,0.718221869369574,0.718221869369574,"gpath_trio"
"8882","ZNF275","Exc L3-4 RORB CUX2",-0.148112847111413,1.9897899689059,8.3629742490219,0.00415335406840527,0.0141951411706041,0.0141951411706041,"gpath_trio"
"8883","ZFP92","Exc L3-4 RORB CUX2",-0.192063560335204,1.04927683491699,10.5528527556672,0.00131274712869376,0.00534574284996718,0.00534574284996718,"gpath_trio"
"8884","HAUS7","Exc L3-4 RORB CUX2",0.100275731786387,-1.14047973211354,0.500448923723346,0.479936521788486,0.623404540759896,0.623404540759896,"gpath_trio"
"8885","ATP2B3","Exc L3-4 RORB CUX2",0.0184062995102199,5.51488301315214,0.679652886803424,0.410461914154074,0.558738891981542,0.558738891981542,"gpath_trio"
"8886","CCNQ","Exc L3-4 RORB CUX2",-0.167480342583716,3.01598790909531,19.6705427315805,1.35903853185992e-05,0.000103897697537984,0.000103897697537984,"gpath_trio"
"8887","DUSP9","Exc L3-4 RORB CUX2",0.0350059068776824,0.532233398168022,0.170228327733483,0.680248963348077,0.794978167301853,0.794978167301853,"gpath_trio"
"8888","PNCK","Exc L3-4 RORB CUX2",-0.0838035455870292,6.07836574683453,9.39213345165153,0.00240854086250506,0.00895875956877572,0.00895875956877572,"gpath_trio"
"8889","SLC6A8","Exc L3-4 RORB CUX2",-0.0226477882296248,4.13821171335867,0.737803871791451,0.391156477913384,0.539042482370391,0.539042482370391,"gpath_trio"
"8890","BCAP31","Exc L3-4 RORB CUX2",-0.0649669566769414,5.02899493333393,5.63684411024371,0.0183134233727557,0.0486638033532899,0.0486638033532899,"gpath_trio"
"8891","ABCD1","Exc L3-4 RORB CUX2",0.102242733697876,0.496097261744127,2.33682910153441,0.127562133293296,0.230978822401028,0.230978822401028,"gpath_trio"
"8892","U52111.1","Exc L3-4 RORB CUX2",-0.142078481285267,0.706885972867501,1.85058741804972,0.17489327602324,0.293818956097,0.293818956097,"gpath_trio"
"8893","SRPK3","Exc L3-4 RORB CUX2",0.0700168106491967,1.39072806214418,0.97273700652592,0.32491542321432,0.470510082165899,0.470510082165899,"gpath_trio"
"8894","IDH3G","Exc L3-4 RORB CUX2",-0.131288981403711,3.79390061733239,16.9180062846181,5.24054807159245e-05,0.000336307738905146,0.000336307738905146,"gpath_trio"
"8895","SSR4","Exc L3-4 RORB CUX2",-0.26592516228077,2.65719578265087,37.1261157577679,3.9715226521242e-09,7.72666051172669e-08,7.72666051172669e-08,"gpath_trio"
"8896","PDZD4","Exc L3-4 RORB CUX2",-0.0247411266517464,5.37107842674047,1.00667010499734,0.316634728507831,0.461783685708034,0.461783685708034,"gpath_trio"
"8897","L1CAM","Exc L3-4 RORB CUX2",0.0171158202150721,5.44311746418587,0.324231162758052,0.56956748872146,0.704495376430352,0.704495376430352,"gpath_trio"
"8898","U52112.2","Exc L3-4 RORB CUX2",0.167500374340338,-0.194272545075511,2.57930243191188,0.10948314851161,0.205112882475679,0.205112882475679,"gpath_trio"
"8899","ARHGAP4","Exc L3-4 RORB CUX2",0.0407758786750896,0.445241685097264,0.32229058629461,0.66612684356875,0.783638054835952,0.783638054835952,"gpath_trio"
"8900","HCFC1","Exc L3-4 RORB CUX2",0.0146022840494549,3.75044135809771,0.317061880072045,0.845090668385248,0.912969436930248,0.912969436930248,"gpath_trio"
"8901","TMEM187","Exc L3-4 RORB CUX2",-0.0179336700519292,1.56534313122708,0.13635426095965,0.801626390162448,0.884704833826602,0.884704833826602,"gpath_trio"
"8902","IRAK1","Exc L3-4 RORB CUX2",-0.0833800080243905,2.70427073592694,4.18564671679458,0.0417737760776981,0.0954890020810741,0.0954890020810741,"gpath_trio"
"8903","MECP2","Exc L3-4 RORB CUX2",0.0243000715224138,6.22808465716673,3.68504571871948,0.0559967364025166,0.120569280354405,0.120569280354405,"gpath_trio"
"8904","TKTL1","Exc L3-4 RORB CUX2",-0.202117652131731,-0.0935969933716869,5.54381242286819,0.0192901717240332,0.050793423979688,0.050793423979688,"gpath_trio"
"8905","FLNA","Exc L3-4 RORB CUX2",0.0041159408449929,4.08832254309965,0.013747545238149,0.906752523455238,0.952404367426626,0.952404367426626,"gpath_trio"
"8906","AC245140.3","Exc L3-4 RORB CUX2",0.071185193373247,0.302779334995443,0.880017290480323,0.426853249738321,0.574884133075475,0.574884133075475,"gpath_trio"
"8907","EMD","Exc L3-4 RORB CUX2",-0.112696969495445,3.62789560345566,17.0729532710437,4.85422230554118e-05,0.0003135926175803,0.0003135926175803,"gpath_trio"
"8908","RPL10","Exc L3-4 RORB CUX2",-0.261881633503565,5.41829368239721,39.4996043704221,1.37607697834609e-09,2.93161066928536e-08,2.93161066928536e-08,"gpath_trio"
"8909","AC245140.2","Exc L3-4 RORB CUX2",0.121245893676525,1.28985604897791,3.07778310246662,0.0805466524732133,0.161245159123544,0.161245159123544,"gpath_trio"
"8910","DNASE1L1","Exc L3-4 RORB CUX2",-0.0735869132375935,2.57120589091715,2.14161577072839,0.144558680745255,0.253959542322841,0.253959542322841,"gpath_trio"
"8911","TAZ","Exc L3-4 RORB CUX2",-0.047422760450794,5.26247248326918,4.82086578574352,0.0290009807684459,0.0706721569034179,0.0706721569034179,"gpath_trio"
"8912","AC244090.1","Exc L3-4 RORB CUX2",-0.177630482245753,1.72458504809177,13.4859756519043,0.000291736072253584,0.00147883800445127,0.00147883800445127,"gpath_trio"
"8913","ATP6AP1","Exc L3-4 RORB CUX2",-0.187143235368986,5.35884109846907,27.9327532678143,2.66104427850527e-07,3.21000795839462e-06,3.21000795839462e-06,"gpath_trio"
"8914","GDI1","Exc L3-4 RORB CUX2",-0.0957269670821117,7.21609008849519,15.4919592385913,0.000106422261741507,0.000615911970922232,0.000615911970922232,"gpath_trio"
"8915","FAM50A","Exc L3-4 RORB CUX2",-0.0551792605349267,3.90743429245338,3.96415846826783,0.0475252921812477,0.105806970840507,0.105806970840507,"gpath_trio"
"8916","PLXNA3","Exc L3-4 RORB CUX2",0.110126593333095,3.41756967581963,3.07334404516436,0.0807640909774123,0.161552204587477,0.161552204587477,"gpath_trio"
"8917","LAGE3","Exc L3-4 RORB CUX2",-0.295002866890451,3.99849975020211,54.9200217018762,1.76287326038011e-12,7.92115100850084e-11,7.92115100850084e-11,"gpath_trio"
"8918","UBL4A","Exc L3-4 RORB CUX2",-0.0819633788538426,3.92686197911633,6.66864495914757,0.0103599101532455,0.0304547846920775,0.0304547846920775,"gpath_trio"
"8919","SLC10A3","Exc L3-4 RORB CUX2",-0.134575289894678,1.09916501812365,5.7722799478683,0.0169824095052432,0.0458845736933551,0.0458845736933551,"gpath_trio"
"8920","FAM3A","Exc L3-4 RORB CUX2",-0.0279516202052299,3.39618324745453,0.981516786458341,0.322745693902284,0.468294403039969,0.468294403039969,"gpath_trio"
"8921","G6PD","Exc L3-4 RORB CUX2",-0.0301780097620135,2.82299105624533,0.783252240557923,0.376966035398162,0.525227193657315,0.525227193657315,"gpath_trio"
"8922","IKBKG","Exc L3-4 RORB CUX2",-0.144380396376317,3.00424435872101,21.9208587789759,4.57967103689027e-06,3.97397260943059e-05,3.97397260943059e-05,"gpath_trio"
"8923","CTAG2","Exc L3-4 RORB CUX2",-0.746074397694943,-1.81697007427293,3.94212092841369,0.0481418281551593,0.106861192983864,0.106861192983864,"gpath_trio"
"8924","DKC1","Exc L3-4 RORB CUX2",-0.0605229665576958,3.30073654648761,6.06658015665517,0.0144248588412165,0.0401269763812752,0.0401269763812752,"gpath_trio"
"8925","MPP1","Exc L3-4 RORB CUX2",0.00448746325715246,4.49347388988775,0.0376822953488372,0.846234060601401,0.913813208405142,0.913813208405142,"gpath_trio"
"8926","F8","Exc L3-4 RORB CUX2",-0.0299015714767805,3.64882917461092,1.02506399303106,0.312262056268913,0.456940812941085,0.456940812941085,"gpath_trio"
"8927","F8A1","Exc L3-4 RORB CUX2",-0.177138701316107,2.37951900391297,7.60273665395453,0.00624109165510202,0.020040430390209,0.020040430390209,"gpath_trio"
"8928","FUNDC2","Exc L3-4 RORB CUX2",-0.133377003681844,3.2443876424335,18.5313079770208,2.36953221291176e-05,0.000166801508707239,0.000166801508707239,"gpath_trio"
"8929","MTCP1","Exc L3-4 RORB CUX2",-0.4017636989777,2.56299105649096,52.5401149087119,4.81010533304594e-12,1.92930169173364e-10,1.92930169173364e-10,"gpath_trio"
"8930","BRCC3","Exc L3-4 RORB CUX2",0.0374370111916097,5.1402602436233,3.12930812048085,0.204589999229422,0.331401303448702,0.331401303448702,"gpath_trio"
"8931","VBP1","Exc L3-4 RORB CUX2",-0.106598478138794,3.88260132846412,19.1885585371347,1.7186272412575e-05,0.000126498739848121,0.000126498739848121,"gpath_trio"
"8932","RAB39B","Exc L3-4 RORB CUX2",-0.0392977719085335,3.52687665121912,1.91647562986526,0.167432670334548,0.283861691092395,0.283861691092395,"gpath_trio"
"8933","CLIC2","Exc L3-4 RORB CUX2",0.0869305439997788,3.24551740813595,6.06238081950884,0.0144583945670996,0.0402064935067172,0.0402064935067172,"gpath_trio"
"8934","AC234781.1","Exc L3-4 RORB CUX2",-0.15991355093539,-0.122575594096491,3.30303854148865,0.0703028522877529,0.144834069734036,0.144834069734036,"gpath_trio"
"8935","F8A3","Exc L3-4 RORB CUX2",-0.0712794962584395,-1.21843984742447,0.0570076766672194,0.811477594085062,0.891232359740966,0.891232359740966,"gpath_trio"
"8936","TMLHE-AS1","Exc L3-4 RORB CUX2",0.0474915911698339,3.55555240775958,1.20119078992973,0.274097915096753,0.413947558730218,0.413947558730218,"gpath_trio"
"8937","TMLHE","Exc L3-4 RORB CUX2",0.0388548963656195,4.42226739075604,2.97303278876232,0.0858515327721624,0.169642965100722,0.169642965100722,"gpath_trio"
"8938","SPRY3","Exc L3-4 RORB CUX2",0.0542875091498531,1.95049500640439,1.33258956790802,0.249404956390512,0.385298812650717,0.385298812650717,"gpath_trio"
"8939","VAMP7","Exc L3-4 RORB CUX2",-0.0631951285075835,4.04931502894979,6.03786297537435,0.0146558123553263,0.040682583140989,0.040682583140989,"gpath_trio"
"8940","ZNF596","Exc L3-4 RORB CUX2",-0.0223520193258855,3.86905615915106,0.636009033479455,0.425887392831008,0.574043168784446,0.574043168784446,"gpath_trio"
"8941","AC136777.1","Exc L3-4 RORB CUX2",0.0469710699386478,2.2109610748473,1.02415474213033,0.312476339998214,0.457116983454011,0.457116983454011,"gpath_trio"
"8942","FAM87A","Exc L3-4 RORB CUX2",-0.0482132838800513,-0.533181497029524,0.189877761490363,0.663379916525553,0.781438069475275,0.781438069475275,"gpath_trio"
"8943","FBXO25","Exc L3-4 RORB CUX2",0.00174577304324552,5.35532590912014,0.00997022854897582,0.920539537973417,0.959655628876122,0.959655628876122,"gpath_trio"
"8944","TDRP","Exc L3-4 RORB CUX2",0.0543573281699916,5.15192776978408,5.83194992830449,0.016428263720811,0.0446083742351766,0.0446083742351766,"gpath_trio"
"8945","ERICH1","Exc L3-4 RORB CUX2",0.0449639316488155,5.84030164561777,2.33203026390674,0.127952025545638,0.231545287824277,0.231545287824277,"gpath_trio"
"8946","DLGAP2","Exc L3-4 RORB CUX2",0.125630880692115,10.7610293613367,49.9079681270746,1.47427279308245e-11,5.3303680287524e-10,5.3303680287524e-10,"gpath_trio"
"8947","DLGAP2-AS1","Exc L3-4 RORB CUX2",-0.26056174763265,1.01650759898112,13.2155925928056,0.000334600136800091,0.00166392845943846,0.00166392845943846,"gpath_trio"
"8948","CLN8","Exc L3-4 RORB CUX2",-0.0961961930241116,-1.1805507627201,0.463462434958947,0.643857922760445,0.765413563826055,0.765413563826055,"gpath_trio"
"8949","AC100810.1","Exc L3-4 RORB CUX2",-0.115420020252272,1.48942811699346,3.66287801763948,0.0567353139636997,0.121782632111676,0.121782632111676,"gpath_trio"
"8950","AC019257.8","Exc L3-4 RORB CUX2",-0.0197397522327079,1.40662630726809,0.105290077670643,0.745832287360191,0.845393920865884,0.845393920865884,"gpath_trio"
"8951","KBTBD11-OT1","Exc L3-4 RORB CUX2",-0.232153333991451,-0.909749207572952,3.16634615154116,0.0763385033708033,0.154678046149036,0.154678046149036,"gpath_trio"
"8952","AC019257.1","Exc L3-4 RORB CUX2",0.00793669002234204,-0.116770376093858,0.0128050233393775,0.909991596839743,0.953916682232247,0.953916682232247,"gpath_trio"
"8953","KBTBD11","Exc L3-4 RORB CUX2",-0.115210291101214,5.4918282455745,20.7556359076526,8.03008549381215e-06,6.49847472273005e-05,6.49847472273005e-05,"gpath_trio"
"8954","AC245164.1","Exc L3-4 RORB CUX2",0.282307502211335,0.823674971153845,11.4596209848201,0.000821153552705756,0.0035812306368004,0.0035812306368004,"gpath_trio"
"8955","MYOM2","Exc L3-4 RORB CUX2",0.0160637464149872,5.16981369693831,0.0979796967832475,0.754518612248168,0.852414212235793,0.852414212235793,"gpath_trio"
"8956","AC245519.1","Exc L3-4 RORB CUX2",0.0806597696354042,-0.694031801855601,0.248718055928982,0.61840082792753,0.744227911204839,0.744227911204839,"gpath_trio"
"8957","AC245187.2","Exc L3-4 RORB CUX2",0.0615009285089527,0.604723112506656,0.221718259886174,0.638128590714996,0.760439711616954,0.760439711616954,"gpath_trio"
"8958","AC245123.1","Exc L3-4 RORB CUX2",0.0294858224736182,0.840887781625776,0.0720364276511785,0.788607319280853,0.876351014403261,0.876351014403261,"gpath_trio"
"8959","AC246817.2","Exc L3-4 RORB CUX2",0.318902499137569,2.68394020453226,18.6590816128036,2.22589462451677e-05,0.000158072922768024,0.000158072922768024,"gpath_trio"
"8960","AC246817.1","Exc L3-4 RORB CUX2",0.189937717169766,5.63324948220965,7.46623539018832,0.00671770996089952,0.0212629115878801,0.0212629115878801,"gpath_trio"
"8961","CSMD1","Exc L3-4 RORB CUX2",0.153750290178891,12.5117100990413,84.3450985362916,1.35459236046745e-17,2.0394702143605e-15,2.0394702143605e-15,"gpath_trio"
"8962","AC009435.1","Exc L3-4 RORB CUX2",0.355201413798849,3.6155633595899,14.9538438675251,0.000139282396688648,0.000775648771593512,0.000775648771593512,"gpath_trio"
"8963","AC016065.1","Exc L3-4 RORB CUX2",-0.101344495553517,1.28687556193249,3.46606725760158,0.080055053571226,0.160547783876688,0.160547783876688,"gpath_trio"
"8964","MCPH1","Exc L3-4 RORB CUX2",0.0822150517791413,7.08377692112558,25.1559758010762,9.80281704002413e-07,1.01682176751921e-05,1.01682176751921e-05,"gpath_trio"
"8965","ANGPT2","Exc L3-4 RORB CUX2",-0.399837101196394,3.12260643475946,90.0101995365902,1.58581176102488e-18,3.1993752278677e-16,3.1993752278677e-16,"gpath_trio"
"8966","AF287957.1","Exc L3-4 RORB CUX2",-0.0772206602372072,-0.521403866126829,0.507914423154724,0.47668216064574,0.620816124913034,0.620816124913034,"gpath_trio"
"8967","MCPH1-AS1","Exc L3-4 RORB CUX2",0.0155618747851811,5.04278755786306,0.331127645872559,0.565493500528796,0.700831216485561,0.700831216485561,"gpath_trio"
"8968","AGPAT5","Exc L3-4 RORB CUX2",-0.00775760949870401,5.42035840886987,0.140570287838008,0.708020362493382,0.816853137376565,0.816853137376565,"gpath_trio"
"8969","AF233439.1","Exc L3-4 RORB CUX2",-0.0415340721125164,-0.766584213105622,0.114911354886564,0.734894059201083,0.837184651029562,0.837184651029562,"gpath_trio"
"8970","FAM66B","Exc L3-4 RORB CUX2",0.0496098868990444,4.29166141517291,1.06840977812559,0.302265359710577,0.44597072050321,0.44597072050321,"gpath_trio"
"8971","FAM66E","Exc L3-4 RORB CUX2",0.0721008148449267,1.04515767198252,0.809798914381606,0.369012395999979,0.517576827676556,0.517576827676556,"gpath_trio"
"8972","FAM85B","Exc L3-4 RORB CUX2",0.163490496153387,7.47614184193418,14.9231382708393,0.000141441843670364,0.000786112726184459,0.000786112726184459,"gpath_trio"
"8973","PRAG1","Exc L3-4 RORB CUX2",0.00926035028796104,6.6417026360302,0.135473906117898,0.7131221463303,0.820745696726152,0.820745696726152,"gpath_trio"
"8974","AC103957.1","Exc L3-4 RORB CUX2",0.11271249754587,-1.47631532162445,0.291234468736449,0.589892399762299,0.721139842475832,0.721139842475832,"gpath_trio"
"8975","AC114550.3","Exc L3-4 RORB CUX2",0.0035709647050173,-0.40424045148188,0.00147307212940123,0.969413663316353,0.98414535588021,0.98414535588021,"gpath_trio"
"8976","AC087269.1","Exc L3-4 RORB CUX2",-0.118540339858332,-0.151055122905362,1.46185802349518,0.227733026248619,0.358834255276936,0.358834255276936,"gpath_trio"
"8977","MFHAS1","Exc L3-4 RORB CUX2",0.0325599010900783,5.61021564742589,2.97168242407158,0.0859223512986299,0.169749651140801,0.169749651140801,"gpath_trio"
"8978","ERI1","Exc L3-4 RORB CUX2",-0.000713729426225131,4.09748607889643,0.000574033764646805,0.980903688366197,0.990232531762027,0.990232531762027,"gpath_trio"
"8979","PPP1R3B","Exc L3-4 RORB CUX2",-0.031784135014085,-0.142270940183718,0.0866678717715866,0.768691690549687,0.862532533017252,0.862532533017252,"gpath_trio"
"8980","AC022784.7","Exc L3-4 RORB CUX2",-0.00214101688274925,-0.895955846180712,9.25641551387935e-05,0.992331027555193,0.9965295411113,0.9965295411113,"gpath_trio"
"8981","AC022784.3","Exc L3-4 RORB CUX2",-0.135942758338857,-0.742290804389415,1.2783978895156,0.259239000569481,0.396884719721451,0.396884719721451,"gpath_trio"
"8982","AC022784.6","Exc L3-4 RORB CUX2",-0.109263934976806,0.369095925948825,2.35015319526299,0.126486537709513,0.22939142571321,0.22939142571321,"gpath_trio"
"8983","AC021736.1","Exc L3-4 RORB CUX2",-0.00143963692360369,0.512756503539213,0.000504940546012625,0.982089573952546,0.990930590372223,0.990930590372223,"gpath_trio"
"8984","AC021242.2","Exc L3-4 RORB CUX2",-0.0870300576697268,0.566063458998258,1.88312411776476,0.171162175916192,0.288824330930337,0.288824330930337,"gpath_trio"
"8985","TNKS","Exc L3-4 RORB CUX2",0.0498888298807954,7.7892187533739,13.4298355555307,0.000300152049808625,0.00151464922583517,0.00151464922583517,"gpath_trio"
"8986","LINC00599","Exc L3-4 RORB CUX2",-0.0496052528266786,7.05016367792526,3.70117811755207,0.0554656959626441,0.119655733110174,0.119655733110174,"gpath_trio"
"8987","AC034111.1","Exc L3-4 RORB CUX2",0.149153109896514,1.91976956606312,9.8023547908571,0.00194189257041921,0.00744256888453789,0.00744256888453789,"gpath_trio"
"8988","MSRA","Exc L3-4 RORB CUX2",0.0586722302812113,9.47355745093351,7.78343593302664,0.00566305180302788,0.0184910304604833,0.0184910304604833,"gpath_trio"
"8989","AC104964.1","Exc L3-4 RORB CUX2",0.041321472527633,5.41857039110749,1.41303201773901,0.235638261206017,0.368298878201998,0.368298878201998,"gpath_trio"
"8990","AC104964.2","Exc L3-4 RORB CUX2",-0.0357063084619906,-0.741050449401629,0.0865228278285196,0.768879783153971,0.8626487390241,0.8626487390241,"gpath_trio"
"8991","PRSS51","Exc L3-4 RORB CUX2",-0.221496754457688,2.84288967286165,17.3380779863768,4.25882538954032e-05,0.000279966771697543,0.000279966771697543,"gpath_trio"
"8992","AC104964.4","Exc L3-4 RORB CUX2",-0.00733069789315968,3.51563803139507,0.0317609812629993,0.858692034338028,0.922329329328101,0.922329329328101,"gpath_trio"
"8993","PRSS55","Exc L3-4 RORB CUX2",0.0345008788105734,2.51358803512706,0.0834307794913115,0.772931015773748,0.865605508922308,0.865605508922308,"gpath_trio"
"8994","RP1L1","Exc L3-4 RORB CUX2",-0.24053588542826,-0.217565428788977,5.31017695331015,0.0219897397794742,0.0565222321379656,0.0565222321379656,"gpath_trio"
"8995","SOX7","Exc L3-4 RORB CUX2",-0.0504787905525619,1.58854793081644,0.72323256883362,0.395868068204005,0.544111072549733,0.544111072549733,"gpath_trio"
"8996","PINX1","Exc L3-4 RORB CUX2",0.0783165876664847,3.4116698413615,4.12663423516912,0.0432302947820314,0.0980518522045108,0.0980518522045108,"gpath_trio"
"8997","AC105001.1","Exc L3-4 RORB CUX2",-0.157014734658941,0.829848207702508,4.32507592089531,0.0385345979665154,0.0894914520267261,0.0894914520267261,"gpath_trio"
"8998","XKR6","Exc L3-4 RORB CUX2",0.119179981778905,8.82927797932786,43.0648558081053,2.85196222079077e-10,7.18331308420148e-09,7.18331308420148e-09,"gpath_trio"
"8999","AF131215.7","Exc L3-4 RORB CUX2",-0.0236539994611105,-0.903301759179946,0.0407164030723945,0.840244106971097,0.909828513210707,0.909828513210707,"gpath_trio"
"9000","AF131216.4","Exc L3-4 RORB CUX2",0.0108819589404383,-1.33328175074019,0.0074523001111718,0.931273150668869,0.966284499832567,0.966284499832567,"gpath_trio"
"9001","MTMR9","Exc L3-4 RORB CUX2",-0.0681546403429994,5.55520364615703,13.0850079063731,0.000357540555849809,0.00175893214198242,0.00175893214198242,"gpath_trio"
"9002","SLC35G5","Exc L3-4 RORB CUX2",-0.097002760838704,-0.169009310534915,0.766784865901344,0.382021746148893,0.530283980910821,0.530283980910821,"gpath_trio"
"9003","AF131216.3","Exc L3-4 RORB CUX2",-0.207466430533731,-0.712413990049832,2.03985336591136,0.154424501789924,0.26699858904121,0.26699858904121,"gpath_trio"
"9004","FAM167A-AS1","Exc L3-4 RORB CUX2",0.0923008395338403,-0.0155939305705148,0.910415691590382,0.340890373873914,0.487467606015247,0.487467606015247,"gpath_trio"
"9005","FAM167A","Exc L3-4 RORB CUX2",0.186581492294273,0.0846021229329443,5.31843646548856,0.0235730060786516,0.0596270558722161,0.0596270558722161,"gpath_trio"
"9006","NEIL2","Exc L3-4 RORB CUX2",-0.0783328323990432,3.06974982835283,5.25728288338464,0.0226538406369602,0.0578679709864108,0.0578679709864108,"gpath_trio"
"9007","FDFT1","Exc L3-4 RORB CUX2",-0.00731315260311627,5.49205094853484,0.0411844738675076,0.839340975858754,0.909279898433369,0.909279898433369,"gpath_trio"
"9008","AC069185.1","Exc L3-4 RORB CUX2",0.0623464913404921,1.07519013337857,0.495164087566934,0.482262397938909,0.625898775087375,0.625898775087375,"gpath_trio"
"9009","CTSB","Exc L3-4 RORB CUX2",-0.0734306676836945,5.9747142882419,12.6611751061069,0.0004436156785004,0.00211632686539266,0.00211632686539266,"gpath_trio"
"9010","FAM66D","Exc L3-4 RORB CUX2",0.156740845517812,7.33656947075554,9.16084958768017,0.00272068760137044,0.0099153422212372,0.0099153422212372,"gpath_trio"
"9011","FAM86B1","Exc L3-4 RORB CUX2",-0.105886259906762,0.356953628256716,1.51381366723666,0.219670051797756,0.349514455443195,0.349514455443195,"gpath_trio"
"9012","AC145124.1","Exc L3-4 RORB CUX2",0.185370986554142,3.13701533261435,6.37781194643057,0.012150565617241,0.0347910390757647,0.0347910390757647,"gpath_trio"
"9013","FAM66A","Exc L3-4 RORB CUX2",0.0543068753320038,4.63480021431075,0.190852678349918,0.66257047480291,0.780849309489381,0.780849309489381,"gpath_trio"
"9014","AC130352.1","Exc L3-4 RORB CUX2",0.134320476545023,-0.437620436127188,1.44689396775337,0.230121180099155,0.361777823462982,0.361777823462982,"gpath_trio"
"9015","LONRF1","Exc L3-4 RORB CUX2",-0.00222168470519611,5.79969778277855,0.0116240778118033,0.914225580048264,0.956714615772277,0.956714615772277,"gpath_trio"
"9016","AC123777.1","Exc L3-4 RORB CUX2",-0.0236459123746983,0.484266690521179,0.0669063457997343,0.7961002184171,0.880796375462846,0.880796375462846,"gpath_trio"
"9017","LINC00681","Exc L3-4 RORB CUX2",-0.24310102079226,-0.967533252845548,3.97892325198044,0.0471169154307988,0.105156370584171,0.105156370584171,"gpath_trio"
"9018","TRMT9B","Exc L3-4 RORB CUX2",0.0550343120397452,5.27763248179285,2.17250783955133,0.141706628531487,0.250232057390822,0.250232057390822,"gpath_trio"
"9019","DLC1","Exc L3-4 RORB CUX2",-0.255451622814107,3.9694223448262,0.788088769168785,0.375499127641874,0.52379830603435,0.52379830603435,"gpath_trio"
"9020","SGCZ","Exc L3-4 RORB CUX2",0.927517394885462,4.5869720694131,8.15881015627437,0.00463140726391756,0.0155523704310148,0.0155523704310148,"gpath_trio"
"9021","TUSC3","Exc L3-4 RORB CUX2",0.0750635072846107,6.83408347682963,24.5090358322382,1.33158001320667e-06,1.34659783290449e-05,1.34659783290449e-05,"gpath_trio"
"9022","AC018437.2","Exc L3-4 RORB CUX2",0.231083019933897,-1.49311313116483,1.40064968266751,0.237695740212246,0.370968636093607,0.370968636093607,"gpath_trio"
"9023","MSR1","Exc L3-4 RORB CUX2",-0.0285882699603316,-0.24679885166885,0.0173809288718299,0.895215377130067,0.945932424252224,0.945932424252224,"gpath_trio"
"9024","AC068992.1","Exc L3-4 RORB CUX2",-0.0560666453625348,0.107969993748421,0.487285259131562,0.492792918591229,0.636375672571084,0.636375672571084,"gpath_trio"
"9025","FGF20","Exc L3-4 RORB CUX2",-0.255006916871322,0.71712344316187,13.4591967617772,0.000295720196193612,0.00149586698046118,0.00149586698046118,"gpath_trio"
"9026","MICU3","Exc L3-4 RORB CUX2",0.0214974344651898,7.38146268755305,2.67664750818382,0.103039780656212,0.195613327142429,0.195613327142429,"gpath_trio"
"9027","AC079193.2","Exc L3-4 RORB CUX2",0.0904168713827294,2.04102245063264,1.85029845529911,0.174926831320069,0.293826394295428,0.293826394295428,"gpath_trio"
"9028","ZDHHC2","Exc L3-4 RORB CUX2",0.0549077529955669,5.61005375430305,3.91906384036186,0.0487959877639544,0.10814666078631,0.10814666078631,"gpath_trio"
"9029","CNOT7","Exc L3-4 RORB CUX2",-0.112950182337309,5.42003540385333,34.0751247041363,1.57452409181875e-08,2.60163993058503e-07,2.60163993058503e-07,"gpath_trio"
"9030","VPS37A","Exc L3-4 RORB CUX2",0.0394717171500261,5.19814076278844,5.9736521267341,0.0151861886429482,0.0419126341821449,0.0419126341821449,"gpath_trio"
"9031","MTMR7","Exc L3-4 RORB CUX2",0.0413904957562762,6.65914087484042,6.1455771188344,0.0138087871322947,0.0386961802466056,0.0386961802466056,"gpath_trio"
"9032","PDGFRL","Exc L3-4 RORB CUX2",0.207674586914025,1.65942930506848,6.59998364864973,0.0107564741511553,0.0313918510052883,0.0313918510052883,"gpath_trio"
"9033","MTUS1","Exc L3-4 RORB CUX2",-0.450140017824421,1.43937762957681,2.4070219671647,0.122008287349142,0.223125199172312,0.223125199172312,"gpath_trio"
"9034","PCM1","Exc L3-4 RORB CUX2",0.0603094111511536,7.76690137526517,13.449476416644,0.000297180003419585,0.00150190545315384,0.00150190545315384,"gpath_trio"
"9035","ASAH1","Exc L3-4 RORB CUX2",-0.0752795241844273,5.60324412907215,16.0710334070418,7.97541617742235e-05,0.000479880767609591,0.000479880767609591,"gpath_trio"
"9036","AC124242.1","Exc L3-4 RORB CUX2",-0.00324309012621243,2.06441666188171,0.00453528185804695,0.946359207181763,0.974048619663859,0.974048619663859,"gpath_trio"
"9037","NAT1","Exc L3-4 RORB CUX2",-0.0967781243193572,-0.849480543365292,0.486962908546225,0.485908787322846,0.629459983577656,0.629459983577656,"gpath_trio"
"9038","PSD3","Exc L3-4 RORB CUX2",0.00529893912962174,8.77186112360799,0.0938832259770649,0.759542509217199,0.856315737549985,0.856315737549985,"gpath_trio"
"9039","AC100800.1","Exc L3-4 RORB CUX2",-0.318085913970707,-0.378821229907045,9.37450635006951,0.002430986996157,0.00902893274069727,0.00902893274069727,"gpath_trio"
"9040","AC100849.1","Exc L3-4 RORB CUX2",-0.166148990770532,0.782392087084314,4.41654529476392,0.0365544067945437,0.0857142209530357,0.0857142209530357,"gpath_trio"
"9041","SH2D4A","Exc L3-4 RORB CUX2",-0.145979397234145,0.403268379258193,3.28892349855914,0.0709015862156161,0.145829289621782,0.145829289621782,"gpath_trio"
"9042","CSGALNACT1","Exc L3-4 RORB CUX2",0.0832457201731887,6.69023523333413,6.60995753494786,0.0106979091640158,0.031239271780729,0.031239271780729,"gpath_trio"
"9043","INTS10","Exc L3-4 RORB CUX2",-0.0494597210553317,6.72495149727805,6.16539710717917,0.0136585366412767,0.0383731497567672,0.0383731497567672,"gpath_trio"
"9044","LPL","Exc L3-4 RORB CUX2",-0.123270796438236,3.66545984025756,2.38416073411337,0.123786917073419,0.225560066108763,0.225560066108763,"gpath_trio"
"9045","ATP6V1B2","Exc L3-4 RORB CUX2",-0.141947992629691,6.79162579695408,54.0259851650927,2.56778211389939e-12,1.10231937579433e-10,1.10231937579433e-10,"gpath_trio"
"9046","LZTS1","Exc L3-4 RORB CUX2",-0.0258835735182264,5.9757737368878,1.11758917306026,0.291419376265264,0.433903019642192,0.433903019642192,"gpath_trio"
"9047","LZTS1-AS1","Exc L3-4 RORB CUX2",-0.520461441259922,1.8804127250161,63.0968307046254,5.96166506572004e-14,3.70081823695082e-12,3.70081823695082e-12,"gpath_trio"
"9048","AC018541.1","Exc L3-4 RORB CUX2",0.12982472759427,-0.442173661434402,1.591337751397,0.208265687610692,0.335928650046116,0.335928650046116,"gpath_trio"
"9049","AC015468.3","Exc L3-4 RORB CUX2",-0.0429142516154891,1.46831199744834,0.301343505756064,0.583512484605603,0.715949910412822,0.715949910412822,"gpath_trio"
"9050","LINC02153","Exc L3-4 RORB CUX2",-0.430214243402034,1.47234900974319,21.176051211222,6.55465404319761e-06,5.45995645423253e-05,5.45995645423253e-05,"gpath_trio"
"9051","GFRA2","Exc L3-4 RORB CUX2",0.00521615676552355,5.79463464365297,0.0374092535626664,0.846785195711149,0.91419688840699,0.91419688840699,"gpath_trio"
"9052","XPO7","Exc L3-4 RORB CUX2",0.0537450699992974,6.12228258731697,14.3626776995643,0.000187410925941038,0.00100585672542177,0.00100585672542177,"gpath_trio"
"9053","NPM2","Exc L3-4 RORB CUX2",0.039457514699616,5.7852775775185,3.28600152775713,0.0710262159135364,0.145966579001283,0.145966579001283,"gpath_trio"
"9054","FGF17","Exc L3-4 RORB CUX2",0.144529404415746,4.90578901565069,19.3972038151393,1.55243811176412e-05,0.000116606250576475,0.000116606250576475,"gpath_trio"
"9055","DMTN","Exc L3-4 RORB CUX2",-0.0238828756276151,6.80856917182408,1.47601159209876,0.225501717030827,0.356180782987312,0.356180782987312,"gpath_trio"
"9056","FAM160B2","Exc L3-4 RORB CUX2",7.61071327691939e-05,4.36217951566464,9.12256998436127e-06,0.99759242169427,0.998951165286077,0.998951165286077,"gpath_trio"
"9057","NUDT18","Exc L3-4 RORB CUX2",-0.373165581880047,1.34037874448882,34.1489408290307,1.52260782594678e-08,2.52828089617089e-07,2.52828089617089e-07,"gpath_trio"
"9058","HR","Exc L3-4 RORB CUX2",-0.133889581525632,3.47477980554005,15.5984006360221,0.000100917792561822,0.000588104120431763,0.000588104120431763,"gpath_trio"
"9059","REEP4","Exc L3-4 RORB CUX2",0.0225630504113014,0.11222978493736,0.0827368176570149,0.962240716548162,0.980365945680192,0.980365945680192,"gpath_trio"
"9060","LGI3","Exc L3-4 RORB CUX2",-0.10286605367873,5.20115492158356,11.3528189583136,0.00086762610139452,0.00374604789348274,0.00374604789348274,"gpath_trio"
"9061","SFTPC","Exc L3-4 RORB CUX2",0.148608297591083,2.145888191784,11.0269909720626,0.00102664055976353,0.00433769074203755,0.00433769074203755,"gpath_trio"
"9062","BMP1","Exc L3-4 RORB CUX2",0.00418337035172277,2.615171913015,0.0105284522289134,0.91835298904835,0.958862827944849,0.958862827944849,"gpath_trio"
"9063","PHYHIP","Exc L3-4 RORB CUX2",-0.0603916389748334,7.66072093246044,3.72727639225199,0.0546179463234736,0.118168050088588,0.118168050088588,"gpath_trio"
"9064","POLR3D","Exc L3-4 RORB CUX2",-0.00752993720323072,2.19893485568564,0.0316599405297633,0.858914609110682,0.922421070946876,0.922421070946876,"gpath_trio"
"9065","AC105206.2","Exc L3-4 RORB CUX2",-0.310293433081814,0.659886333064805,21.9091134978345,4.6055879579815e-06,3.99302694681035e-05,3.99302694681035e-05,"gpath_trio"
"9066","PIWIL2","Exc L3-4 RORB CUX2",-0.0268458974667615,1.63453628773842,0.143624637350705,0.705013187633871,0.815201803101407,0.815201803101407,"gpath_trio"
"9067","SLC39A14","Exc L3-4 RORB CUX2",0.0585680192126078,5.37556473788028,8.55456934988318,0.00375071008261573,0.0129995835624072,0.0129995835624072,"gpath_trio"
"9068","PPP3CC","Exc L3-4 RORB CUX2",0.0142894117887682,6.54451571655056,0.892479140374752,0.345683418549876,0.492769234031212,0.492769234031212,"gpath_trio"
"9069","AC037459.2","Exc L3-4 RORB CUX2",0.0265404655896372,-0.451682270656477,0.0451246099859088,0.831941501464533,0.904040708394213,0.904040708394213,"gpath_trio"
"9070","SORBS3","Exc L3-4 RORB CUX2",-0.0339341496481275,2.54423412408105,0.491601583124805,0.483840772303871,0.627546614029611,0.627546614029611,"gpath_trio"
"9071","C8orf58","Exc L3-4 RORB CUX2",-0.139966649777316,0.506138207686897,3.27247910523137,0.071606065532234,0.146888904129418,0.146888904129418,"gpath_trio"
"9072","CCAR2","Exc L3-4 RORB CUX2",-0.122738327020738,4.15451879552426,17.668696071702,3.61870099835297e-05,0.000242468590640223,0.000242468590640223,"gpath_trio"
"9073","AC037459.3","Exc L3-4 RORB CUX2",0.216473295326892,1.112939028394,12.6039144251402,0.000456760384397726,0.00217031105869621,0.00217031105869621,"gpath_trio"
"9074","BIN3","Exc L3-4 RORB CUX2",0.129588670201585,5.25628712588356,29.8773089591412,1.07833863903047e-07,1.43790363796694e-06,1.43790363796694e-06,"gpath_trio"
"9075","EGR3","Exc L3-4 RORB CUX2",-0.16868024905532,4.28068503250218,18.4015402082732,2.52502397545937e-05,0.000176637859587007,0.000176637859587007,"gpath_trio"
"9076","PEBP4","Exc L3-4 RORB CUX2",-0.0593598586126817,4.23859617218822,2.26064183624572,0.133912699178564,0.240107421429749,0.240107421429749,"gpath_trio"
"9077","AC037441.1","Exc L3-4 RORB CUX2",0.0748036900735395,1.66438627825907,1.08256815362888,0.299090286473511,0.442288831606178,0.442288831606178,"gpath_trio"
"9078","AC107959.1","Exc L3-4 RORB CUX2",-0.15799321730292,0.826678286849984,4.62537342427354,0.0324243602930347,0.0776210709971264,0.0776210709971264,"gpath_trio"
"9079","RHOBTB2","Exc L3-4 RORB CUX2",-0.0457772729408238,6.34106441005856,3.24670282478277,0.0727255557911969,0.148798817508483,0.148798817508483,"gpath_trio"
"9080","TNFRSF10B","Exc L3-4 RORB CUX2",0.0412731104070289,2.17287480664436,0.592540857329443,0.442137035364514,0.588926426730698,0.588926426730698,"gpath_trio"
"9081","TNFRSF10A","Exc L3-4 RORB CUX2",-0.515832818712722,-0.656125656625843,19.5665107640352,1.42959504855501e-05,0.000108225441293048,0.000108225441293048,"gpath_trio"
"9082","CHMP7","Exc L3-4 RORB CUX2",-0.0646245343318888,3.9333814558092,7.93159975231805,0.00523025230822137,0.0172785885571256,0.0172785885571256,"gpath_trio"
"9083","R3HCC1","Exc L3-4 RORB CUX2",-0.0483800203381594,3.05966070016114,2.53186348156382,0.11278344601086,0.209795110639293,0.209795110639293,"gpath_trio"
"9084","LOXL2","Exc L3-4 RORB CUX2",0.0787258935673413,2.97776405236437,2.62228350095534,0.106584972307365,0.200817315679967,0.200817315679967,"gpath_trio"
"9085","ENTPD4","Exc L3-4 RORB CUX2",0.0199980642796435,5.41693386054322,1.23481360206277,0.379357401954197,0.527429921054781,0.527429921054781,"gpath_trio"
"9086","AC104561.1","Exc L3-4 RORB CUX2",-0.174353215236838,-0.749726610336357,2.53887653326861,0.11228869066849,0.209101802969139,0.209101802969139,"gpath_trio"
"9087","SLC25A37","Exc L3-4 RORB CUX2",-0.0220025301520434,6.49370062046154,0.658125007821111,0.417964662574557,0.56631545113779,0.56631545113779,"gpath_trio"
"9088","NKX3-1","Exc L3-4 RORB CUX2",0.0925361643725534,-0.272862595016935,0.616868501864308,0.432928458964452,0.580345324832874,0.580345324832874,"gpath_trio"
"9089","AC012574.1","Exc L3-4 RORB CUX2",-0.143271539438151,-0.795685962987853,1.26361431581561,0.262004798834891,0.400298888034376,0.400298888034376,"gpath_trio"
"9090","AC023202.1","Exc L3-4 RORB CUX2",0.0830746309007418,1.86257067710789,1.31278605549011,0.252944292161715,0.389613001554635,0.389613001554635,"gpath_trio"
"9091","ADAM28","Exc L3-4 RORB CUX2",-0.510699567327615,0.172501657722928,5.45183881678672,0.0203121435915817,0.0529864878407243,0.0529864878407243,"gpath_trio"
"9092","AC120193.1","Exc L3-4 RORB CUX2",0.184444407630293,8.27492381411304,15.9022767107992,8.67386157607735e-05,0.000515297871900355,0.000515297871900355,"gpath_trio"
"9093","ADAM7","Exc L3-4 RORB CUX2",-0.25671426116702,0.833266418086726,6.06645940383448,0.0144258220418037,0.0401269763812752,0.0401269763812752,"gpath_trio"
"9094","AF106564.1","Exc L3-4 RORB CUX2",-0.0359613537275884,3.21023227253269,0.678549740752791,0.410841507964252,0.559077782749737,0.559077782749737,"gpath_trio"
"9095","NEFM","Exc L3-4 RORB CUX2",-0.155153962798438,7.07298072657681,21.5006340725712,5.60549528054637e-06,4.75171711281609e-05,4.75171711281609e-05,"gpath_trio"
"9096","NEFL","Exc L3-4 RORB CUX2",-0.214685790034851,7.33141170089077,48.4650338008027,2.73643906586187e-11,9.12523275268815e-10,9.12523275268815e-10,"gpath_trio"
"9097","AC107373.2","Exc L3-4 RORB CUX2",-0.208020813822196,1.378722277078,15.7030215212245,9.5788585863757e-05,0.000562601082911586,0.000562601082911586,"gpath_trio"
"9098","AC107373.1","Exc L3-4 RORB CUX2",-0.203426514686645,0.0120212304560141,4.06331224840742,0.0448531341946837,0.101043181577271,0.101043181577271,"gpath_trio"
"9099","GNRH1","Exc L3-4 RORB CUX2",-0.0158453252772408,1.3462259714552,0.0808786361485016,0.776336585044643,0.868118313007187,0.868118313007187,"gpath_trio"
"9100","KCTD9","Exc L3-4 RORB CUX2",-0.0952439219567031,3.87683479700832,13.1591109965254,0.000344333209137505,0.00170434801137124,0.00170434801137124,"gpath_trio"
"9101","CDCA2","Exc L3-4 RORB CUX2",-0.00490542381583823,-0.959228471652617,0.00183119754741282,0.965899790936746,0.982407152760075,0.982407152760075,"gpath_trio"
"9102","EBF2","Exc L3-4 RORB CUX2",-0.0555313789631464,0.492873319011986,0.415522481003173,0.519748041399769,0.660522517960668,0.660522517960668,"gpath_trio"
"9103","PPP2R2A","Exc L3-4 RORB CUX2",0.0743347666696873,6.75532689220166,21.0308207099074,7.03048272688266e-06,5.78466513111165e-05,5.78466513111165e-05,"gpath_trio"
"9104","BNIP3L","Exc L3-4 RORB CUX2",0.0641147456992082,7.4536114933486,8.79695932374853,0.00329793859566367,0.0116838214205646,0.0116838214205646,"gpath_trio"
"9105","PNMA2","Exc L3-4 RORB CUX2",-0.0745184393244182,7.03022456439774,9.68841272887328,0.00206139243011851,0.00783655403761842,0.00783655403761842,"gpath_trio"
"9106","DPYSL2","Exc L3-4 RORB CUX2",-0.0133413917888937,8.18517745213596,0.841794184597143,0.359734400625831,0.507630535390447,0.507630535390447,"gpath_trio"
"9107","STMN4","Exc L3-4 RORB CUX2",-0.0827500759571214,5.62595026989954,9.93807445527064,0.00180873404703376,0.00699735558943551,0.00699735558943551,"gpath_trio"
"9108","TRIM35","Exc L3-4 RORB CUX2",-0.0414870474383324,3.91636229954195,2.36828824071413,0.125038829853419,0.227348449197254,0.227348449197254,"gpath_trio"
"9109","PTK2B","Exc L3-4 RORB CUX2",-0.00758050943281494,8.28890867649044,0.133468673527679,0.715159380567846,0.82245570899825,0.82245570899825,"gpath_trio"
"9110","EPHX2","Exc L3-4 RORB CUX2",-0.0918531007896998,2.480574229953,3.62381142019578,0.0580623657307518,0.124076711007088,0.124076711007088,"gpath_trio"
"9111","CLU","Exc L3-4 RORB CUX2",-0.00310671929510855,8.04407856672236,0.00726856400305949,0.932123582334847,0.966869271443036,0.966869271443036,"gpath_trio"
"9112","SCARA3","Exc L3-4 RORB CUX2",-0.0418912208054068,2.94562343296644,0.588251379263481,0.44379195231623,0.590288939740239,0.590288939740239,"gpath_trio"
"9113","CCDC25","Exc L3-4 RORB CUX2",-0.122212495972285,5.14486235846214,33.7637501105811,1.81393389584803e-08,2.95571646295815e-07,2.95571646295815e-07,"gpath_trio"
"9114","AC013643.2","Exc L3-4 RORB CUX2",0.0678634438912294,1.84599616059978,1.09257663887385,0.296871798959169,0.439975651509677,0.439975651509677,"gpath_trio"
"9115","ESCO2","Exc L3-4 RORB CUX2",0.0608190893279805,-0.683641033925467,0.314681878383469,0.575304416923144,0.70898336151881,0.70898336151881,"gpath_trio"
"9116","NUGGC","Exc L3-4 RORB CUX2",0.00595558176341185,-0.184427458374183,0.00420523968016118,0.948344997068797,0.974773808633737,0.974773808633737,"gpath_trio"
"9117","ELP3","Exc L3-4 RORB CUX2",0.0287029120525041,5.3109348135753,2.38254850734099,0.123913437786659,0.225749829090288,0.225749829090288,"gpath_trio"
"9118","AC021678.2","Exc L3-4 RORB CUX2",-0.0670131311204967,0.100375758312461,0.643977046977867,0.423007194403789,0.571267832324549,0.571267832324549,"gpath_trio"
"9119","ZNF395","Exc L3-4 RORB CUX2",-0.0738908979443644,3.11020898431003,5.01077310727801,0.026036673727882,0.0647227565869911,0.0647227565869911,"gpath_trio"
"9120","FBXO16","Exc L3-4 RORB CUX2",0.00891857062537575,6.56907780742093,0.190433538234164,0.662918170743708,0.781056212107231,0.781056212107231,"gpath_trio"
"9121","AC025871.1","Exc L3-4 RORB CUX2",-0.340021193630002,1.74145501012966,34.3237399573198,1.40644994089886e-08,2.35673816923875e-07,2.35673816923875e-07,"gpath_trio"
"9122","FZD3","Exc L3-4 RORB CUX2",-0.00482501849421094,7.21125178379613,0.0703282558037994,0.791069566968417,0.878149835653214,0.878149835653214,"gpath_trio"
"9123","EXTL3","Exc L3-4 RORB CUX2",0.0340554771519692,5.77729876270236,2.27989417654212,0.132275086698796,0.237678114904543,0.237678114904543,"gpath_trio"
"9124","EXTL3-AS1","Exc L3-4 RORB CUX2",-0.0392480076215297,0.549938096582411,0.306417441131602,0.915658731468473,0.957270955921673,0.957270955921673,"gpath_trio"
"9125","INTS9","Exc L3-4 RORB CUX2",0.0313341925052122,5.25982596861643,3.33468738726601,0.0689800687988275,0.142706407712915,0.142706407712915,"gpath_trio"
"9126","HMBOX1","Exc L3-4 RORB CUX2",0.072112691205794,6.480790255041,19.8621937025272,1.23814366263478e-05,9.57437654030535e-05,9.57437654030535e-05,"gpath_trio"
"9127","KIF13B","Exc L3-4 RORB CUX2",0.0195003810440386,5.47085150310307,0.5443057895478,0.461319037915466,0.607140736445623,0.607140736445623,"gpath_trio"
"9128","AC108449.1","Exc L3-4 RORB CUX2",-0.333488467153119,1.01297674469322,20.4075353303533,9.50336889927004e-06,7.55141660270866e-05,7.55141660270866e-05,"gpath_trio"
"9129","DUSP4","Exc L3-4 RORB CUX2",-0.767196822645962,1.40168184413512,40.6178270848297,8.38023186987475e-10,1.88275253869402e-08,1.88275253869402e-08,"gpath_trio"
"9130","LINC00589","Exc L3-4 RORB CUX2",-0.546523035693992,-0.629421667172074,25.7253193306213,7.49260536623035e-07,7.99805890284113e-06,7.99805890284113e-06,"gpath_trio"
"9131","LINC02099","Exc L3-4 RORB CUX2",-0.129304701960759,-0.577487081674016,1.67047575196072,0.197342248336076,0.322291252764432,0.322291252764432,"gpath_trio"
"9132","SARAF","Exc L3-4 RORB CUX2",-0.13933383960042,7.20500418330955,71.8034037507169,1.78887595357168e-15,1.66316001674233e-13,1.66316001674233e-13,"gpath_trio"
"9133","AC044849.1","Exc L3-4 RORB CUX2",-0.0372574456261423,1.06280216057162,0.281567251645993,0.596128738030707,0.72599887056438,0.72599887056438,"gpath_trio"
"9134","LEPROTL1","Exc L3-4 RORB CUX2",-0.0395623882950329,4.71724227345996,3.57695961321481,0.0596977709847904,0.127019882895818,0.127019882895818,"gpath_trio"
"9135","AC026979.2","Exc L3-4 RORB CUX2",-0.192118860986471,1.50839214859268,13.0414620657801,0.000365540591604233,0.00179217045822975,0.00179217045822975,"gpath_trio"
"9136","DCTN6","Exc L3-4 RORB CUX2",-0.175889284441658,3.86085000842248,34.6199578695378,1.22964056957484e-08,2.0952701428355e-07,2.0952701428355e-07,"gpath_trio"
"9137","AC026979.3","Exc L3-4 RORB CUX2",0.0670941228798541,0.432342513733305,0.941109637023065,0.332894199804709,0.479347689748055,0.479347689748055,"gpath_trio"
"9138","RBPMS","Exc L3-4 RORB CUX2",-0.263863320150702,2.080038434022,19.6533376378479,1.37045947396251e-05,0.000104572692462911,0.000104572692462911,"gpath_trio"
"9139","GTF2E2","Exc L3-4 RORB CUX2",0.0336169158895109,5.12793103251862,2.51665715075916,0.113864535711368,0.211277201138311,0.211277201138311,"gpath_trio"
"9140","SMIM18","Exc L3-4 RORB CUX2",-0.174263164954642,0.974484203770992,7.38173684773312,0.00703135553987305,0.0220618348393373,0.0220618348393373,"gpath_trio"
"9141","GSR","Exc L3-4 RORB CUX2",0.00480805485351301,4.95776296266964,0.0428281231968539,0.836211223824051,0.907107123416881,0.907107123416881,"gpath_trio"
"9142","UBXN8","Exc L3-4 RORB CUX2",-0.112203073149933,2.31108881323302,9.5847838630416,0.00217659208143108,0.00820645584804187,0.00820645584804187,"gpath_trio"
"9143","PPP2CB","Exc L3-4 RORB CUX2",-0.0533605605153405,6.13740628675191,9.2114486790358,0.00264903616222675,0.00970655731437064,0.00970655731437064,"gpath_trio"
"9144","TEX15","Exc L3-4 RORB CUX2",0.263831793782811,2.52195710514216,20.1315136086166,1.08639228201324e-05,8.53835772871723e-05,8.53835772871723e-05,"gpath_trio"
"9145","PURG","Exc L3-4 RORB CUX2",0.0202462554158558,5.9158239448236,0.857175830448071,0.355388752655196,0.503190966721775,0.503190966721775,"gpath_trio"
"9146","WRN","Exc L3-4 RORB CUX2",0.0238552243221549,5.99847650245292,2.50895186539439,0.114416721466926,0.212055035848442,0.212055035848442,"gpath_trio"
"9147","AC068672.2","Exc L3-4 RORB CUX2",0.0479881746048518,-0.636842942810934,0.185494925186019,0.846475185828718,0.913975749215648,0.913975749215648,"gpath_trio"
"9148","NRG1","Exc L3-4 RORB CUX2",0.13608768530371,9.92366628811232,9.40513613609239,0.00239211921334217,0.00890588764147968,0.00890588764147968,"gpath_trio"
"9149","AC067838.1","Exc L3-4 RORB CUX2",-0.0202528754496928,-0.444675681514595,0.0453533642367514,0.831522471446187,0.903828773311073,0.903828773311073,"gpath_trio"
"9150","FUT10","Exc L3-4 RORB CUX2",0.0683101626965288,4.15351132101492,4.36512774171539,0.0376539593260831,0.0878148752009859,0.0878148752009859,"gpath_trio"
"9151","TTI2","Exc L3-4 RORB CUX2",-0.0341820054024023,4.15043989636883,1.69227796344098,0.194452653898464,0.318509563400302,0.318509563400302,"gpath_trio"
"9152","MAK16","Exc L3-4 RORB CUX2",-0.0717830695301175,2.52628081848571,3.69017804497339,0.0558272063016435,0.120229919634464,0.120229919634464,"gpath_trio"
"9153","RNF122","Exc L3-4 RORB CUX2",-0.133241234641011,0.281058781253227,2.78279453038172,0.102977966719682,0.195521655577272,0.195521655577272,"gpath_trio"
"9154","DUSP26","Exc L3-4 RORB CUX2",-0.0332111771021365,4.78717041695647,2.16615953858319,0.142287489912162,0.251040674156351,0.251040674156351,"gpath_trio"
"9155","AF279873.3","Exc L3-4 RORB CUX2",0.0647334960700629,4.20726397018575,2.18594289639716,0.140486150710065,0.248634812519118,0.248634812519118,"gpath_trio"
"9156","AF279873.4","Exc L3-4 RORB CUX2",-0.243720615958928,-1.01851442037053,3.13983872962366,0.07757249788857,0.156708537671675,0.156708537671675,"gpath_trio"
"9157","AC087855.2","Exc L3-4 RORB CUX2",0.323220641339014,-0.565673729799746,7.49984263604863,0.00659699699042183,0.02096635385661,0.02096635385661,"gpath_trio"
"9158","AC090993.1","Exc L3-4 RORB CUX2",0.0161936986366792,1.26361067107506,0.0474275781603083,0.827772324936744,0.901501034040422,0.901501034040422,"gpath_trio"
"9159","UNC5D","Exc L3-4 RORB CUX2",0.105358806993921,10.3090801630985,18.1476160896029,2.85982503390956e-05,0.000197592363216183,0.000197592363216183,"gpath_trio"
"9160","AC100818.1","Exc L3-4 RORB CUX2",0.0952446340911507,5.77396294804891,2.63739746514761,0.105586055771668,0.199326160306298,0.199326160306298,"gpath_trio"
"9161","AC124290.1","Exc L3-4 RORB CUX2",0.0988409277609556,1.52379989011444,1.63285252578743,0.202448636807899,0.328777368397276,0.328777368397276,"gpath_trio"
"9162","AC090809.1","Exc L3-4 RORB CUX2",-0.132090414058937,0.3438755079857,3.12796547149596,0.123778924084648,0.225560066108763,0.225560066108763,"gpath_trio"
"9163","KCNU1","Exc L3-4 RORB CUX2",0.0892881224429038,-0.867529959788536,0.685888972710035,0.40832576330996,0.556582141394395,0.556582141394395,"gpath_trio"
"9164","LINC01605","Exc L3-4 RORB CUX2",0.0106966540722721,3.51212609782584,0.0337507405438887,0.854381213458386,0.919608460388548,0.919608460388548,"gpath_trio"
"9165","AC137579.2","Exc L3-4 RORB CUX2",0.15712078001112,-0.568936645351297,1.06187861240764,0.303748405718088,0.447620899286017,0.447620899286017,"gpath_trio"
"9166","AC137579.1","Exc L3-4 RORB CUX2",0.108702165522072,0.571982357651087,1.20874616645834,0.272601438194811,0.41218121978418,0.41218121978418,"gpath_trio"
"9167","ZNF703","Exc L3-4 RORB CUX2",-0.0273334194370102,1.68178739259641,0.169908405513351,0.680532863341981,0.795097898883742,0.795097898883742,"gpath_trio"
"9168","AC138356.1","Exc L3-4 RORB CUX2",0.186560720045881,-0.957693898304802,2.26447912521704,0.13358448887384,0.239561516713753,0.239561516713753,"gpath_trio"
"9169","ERLIN2","Exc L3-4 RORB CUX2",0.0702674786013004,2.63179968902554,4.07547043041508,0.0445366063518322,0.100450087551505,0.100450087551505,"gpath_trio"
"9170","PLPBP","Exc L3-4 RORB CUX2",-0.11253687793993,4.24318838422542,15.5648909813838,0.000102618846586917,0.00059683378494105,0.00059683378494105,"gpath_trio"
"9171","ADGRA2","Exc L3-4 RORB CUX2",0.125112000058158,3.80177821714567,20.808569167937,7.82722508989717e-06,6.3700793137828e-05,6.3700793137828e-05,"gpath_trio"
"9172","BRF2","Exc L3-4 RORB CUX2",-0.0395901840563266,2.31631985159951,1.03143594282662,0.310765757958295,0.455352140956271,0.455352140956271,"gpath_trio"
"9173","RAB11FIP1","Exc L3-4 RORB CUX2",0.120565989356273,4.71906120942163,23.9126135656085,1.76754845115597e-06,1.71691333664284e-05,1.71691333664284e-05,"gpath_trio"
"9174","EIF4EBP1","Exc L3-4 RORB CUX2",0.0172423641532768,0.687388286961547,0.0521760060444161,0.819498760086683,0.896410078331643,0.896410078331643,"gpath_trio"
"9175","AP006545.2","Exc L3-4 RORB CUX2",-0.269532704346819,-0.728198824759272,6.26366827018269,0.0129381746320811,0.0366869533664422,0.0366869533664422,"gpath_trio"
"9176","ASH2L","Exc L3-4 RORB CUX2",-0.0285433597933074,5.09602583137953,3.34105713869787,0.0687170942173738,0.142249884653757,0.142249884653757,"gpath_trio"
"9177","STAR","Exc L3-4 RORB CUX2",-0.122575791197932,1.22164925847902,3.96083490355578,0.047617735046367,0.105977694932207,0.105977694932207,"gpath_trio"
"9178","AC084024.3","Exc L3-4 RORB CUX2",0.101688291153542,1.04566823354254,2.67015991001077,0.103455945307008,0.196241415623251,0.196241415623251,"gpath_trio"
"9179","LSM1","Exc L3-4 RORB CUX2",-0.123726119752174,3.69374750621706,28.0440592434876,2.5264119902715e-07,3.06680877880431e-06,3.06680877880431e-06,"gpath_trio"
"9180","BAG4","Exc L3-4 RORB CUX2",0.0133472748843496,6.02579607031282,0.78066776811959,0.377753216504154,0.525987018301402,0.525987018301402,"gpath_trio"
"9181","DDHD2","Exc L3-4 RORB CUX2",-0.0523693693519518,5.86565257996764,8.26469751154066,0.00437681276714716,0.0148033860146176,0.0148033860146176,"gpath_trio"
"9182","PLPP5","Exc L3-4 RORB CUX2",-0.044691232672676,3.30331806346238,1.69263869063615,0.194405264435261,0.318457795548993,0.318457795548993,"gpath_trio"
"9183","NSD3","Exc L3-4 RORB CUX2",0.00746900982554417,8.12880060351232,0.312284130337512,0.576762886592414,0.710130064506405,0.710130064506405,"gpath_trio"
"9184","AC087623.3","Exc L3-4 RORB CUX2",-0.00506173900494652,-0.668267625869639,0.0017732610248163,0.966443242798747,0.982613134277313,0.982613134277313,"gpath_trio"
"9185","LETM2","Exc L3-4 RORB CUX2",-0.0155664115321069,2.60555227219158,0.179176150219624,0.672432117930975,0.788922887837719,0.788922887837719,"gpath_trio"
"9186","AC087623.4","Exc L3-4 RORB CUX2",-0.0929552317740139,-0.524132625723523,0.599976157912496,0.439290924140938,0.586002009689462,0.586002009689462,"gpath_trio"
"9187","FGFR1","Exc L3-4 RORB CUX2",0.101900153170855,4.11261468647852,2.92533788434495,0.0883918166057386,0.173552659729847,0.173552659729847,"gpath_trio"
"9188","C8orf86","Exc L3-4 RORB CUX2",-0.0457942799915091,0.526906774646968,0.338069349477299,0.561449471776614,0.69723273994172,0.69723273994172,"gpath_trio"
"9189","AC069120.1","Exc L3-4 RORB CUX2",0.159364448477567,4.78456807777191,11.5703124920886,0.00077565780137985,0.00341195246570537,0.00341195246570537,"gpath_trio"
"9190","TACC1","Exc L3-4 RORB CUX2",0.021211873293464,7.55235767689231,1.52016687913463,0.218707821940516,0.348434470188518,0.348434470188518,"gpath_trio"
"9191","AC067817.2","Exc L3-4 RORB CUX2",0.0186483307019723,-0.396580741821013,0.0331944075301028,0.877762563006957,0.934865309662635,0.934865309662635,"gpath_trio"
"9192","PLEKHA2","Exc L3-4 RORB CUX2",-0.00878517481336593,5.74163631927787,0.126641462731943,0.722228582824676,0.828036691395569,0.828036691395569,"gpath_trio"
"9193","AC108863.1","Exc L3-4 RORB CUX2",-0.225185579404635,-0.194047653933477,4.94493951398361,0.0270266378089717,0.0666906088302354,0.0666906088302354,"gpath_trio"
"9194","HTRA4","Exc L3-4 RORB CUX2",0.0594726601870175,-0.14676118515059,0.366156865664383,0.545634349881721,0.683864882205611,0.683864882205611,"gpath_trio"
"9195","TM2D2","Exc L3-4 RORB CUX2",-0.187130965394623,3.11150708551746,30.5935310467748,7.74668251455976e-08,1.06609358616128e-06,1.06609358616128e-06,"gpath_trio"
"9196","ADAM9","Exc L3-4 RORB CUX2",-0.0882447288594618,5.92962112860404,18.3148714199354,2.63458781768483e-05,0.000183602104393062,0.000183602104393062,"gpath_trio"
"9197","ADAM32","Exc L3-4 RORB CUX2",0.0955217475302665,5.57185267194182,13.4589127538963,0.000295762745232201,0.00149586698046118,0.00149586698046118,"gpath_trio"
"9198","ADAM18","Exc L3-4 RORB CUX2",-0.264774538668464,-0.0861545831465984,6.46434691182437,0.0115866071547928,0.0334181271405212,0.0334181271405212,"gpath_trio"
"9199","ADAM2","Exc L3-4 RORB CUX2",0.11450747912814,-1.32398725489728,0.588902120275428,0.443540274601239,0.590085432266914,0.590085432266914,"gpath_trio"
"9200","IDO1","Exc L3-4 RORB CUX2",-0.207825228403753,0.111147331649932,6.35362792673056,0.0123131953819211,0.0352167163070964,0.0352167163070964,"gpath_trio"
"9201","AC007991.3","Exc L3-4 RORB CUX2",-0.0770987557042671,0.297716978394183,1.00882638676612,0.316117984647669,0.461181599556491,0.461181599556491,"gpath_trio"
"9202","IDO2","Exc L3-4 RORB CUX2",-0.0104857527563779,-0.407083609884119,0.00882111466767823,0.925244413758679,0.962504179002854,0.962504179002854,"gpath_trio"
"9203","TCIM","Exc L3-4 RORB CUX2",0.229886284999643,-0.0211167308556057,2.96276003907314,0.086391877720744,0.170426922168379,0.170426922168379,"gpath_trio"
"9204","AC105999.2","Exc L3-4 RORB CUX2",-0.250930213422682,-1.39279097194915,2.93779938373216,0.0877202957951204,0.172490932521107,0.172490932521107,"gpath_trio"
"9205","AC105999.1","Exc L3-4 RORB CUX2",-0.0526812177066839,0.607839698615038,0.558472302074843,0.455551722512159,0.60139750151634,0.60139750151634,"gpath_trio"
"9206","AC010857.1","Exc L3-4 RORB CUX2",-0.0274826353585943,1.81713149501511,0.277599585947975,0.780125131135331,0.870810253438935,0.870810253438935,"gpath_trio"
"9207","ZMAT4","Exc L3-4 RORB CUX2",0.152858456756454,8.02670220335816,42.664134658281,3.40018244938617e-10,8.39641137287221e-09,8.39641137287221e-09,"gpath_trio"
"9208","GOLGA7","Exc L3-4 RORB CUX2",-0.0631772565187102,4.31402426911858,8.01651654910677,0.00499765525055728,0.0165971513876532,0.0165971513876532,"gpath_trio"
"9209","AC009630.1","Exc L3-4 RORB CUX2",0.0273508064923359,2.6408497135867,0.474280074970508,0.491638727570844,0.635373219444096,0.635373219444096,"gpath_trio"
"9210","GPAT4","Exc L3-4 RORB CUX2",-0.00806782238441455,4.63605092526383,0.183252259074626,0.833771002224927,0.90521563778528,0.90521563778528,"gpath_trio"
"9211","ANK1","Exc L3-4 RORB CUX2",-0.124383577534191,1.77343499883854,0.142324102128392,0.706289125179956,0.815648717830888,0.815648717830888,"gpath_trio"
"9212","KAT6A","Exc L3-4 RORB CUX2",0.0773442344313631,6.28713467065545,34.0660930575871,1.5809976845157e-08,2.61019871400199e-07,2.61019871400199e-07,"gpath_trio"
"9213","AP3M2","Exc L3-4 RORB CUX2",-0.0457530096310272,5.18647686860615,5.38565204899506,0.021077063212773,0.0545586028121241,0.0545586028121241,"gpath_trio"
"9214","PLAT","Exc L3-4 RORB CUX2",-0.148559418429721,0.903840999465753,3.42428374773032,0.065378411720231,0.136684917767426,0.136684917767426,"gpath_trio"
"9215","AC083973.1","Exc L3-4 RORB CUX2",-0.156850071024712,-0.427093792489929,2.4865722307558,0.116037432263765,0.214618188111611,0.214618188111611,"gpath_trio"
"9216","IKBKB","Exc L3-4 RORB CUX2",0.0648005626681425,4.96059042949947,10.7578319799979,0.00118022441305251,0.0048903322105842,0.0048903322105842,"gpath_trio"
"9217","POLB","Exc L3-4 RORB CUX2",0.0524581954200197,4.57942074206946,5.03349777753231,0.0257038221277119,0.0640769320927453,0.0640769320927453,"gpath_trio"
"9218","VDAC3","Exc L3-4 RORB CUX2",-0.163571611000295,6.35279423578659,49.3440516724881,1.8766649017728e-11,6.57321430438648e-10,6.57321430438648e-10,"gpath_trio"
"9219","SLC20A2","Exc L3-4 RORB CUX2",0.103531437134725,7.21829512516461,38.7549754948033,1.91686641910951e-09,3.9664389749266e-08,3.9664389749266e-08,"gpath_trio"
"9220","SMIM19","Exc L3-4 RORB CUX2",-0.0440374509825586,4.42266390929519,2.81969265241279,0.0943154809542205,0.182192151307104,0.182192151307104,"gpath_trio"
"9221","CHRNB3","Exc L3-4 RORB CUX2",-0.0771000831179696,0.602533900676902,1.234332704252,0.267592407555816,0.406419206764582,0.406419206764582,"gpath_trio"
"9222","AC103843.1","Exc L3-4 RORB CUX2",-0.119557719056269,0.878875833416009,1.68225842774684,0.195774384525588,0.320232544819502,0.320232544819502,"gpath_trio"
"9223","CHRNA6","Exc L3-4 RORB CUX2",-0.0298026174433257,1.1767160440805,0.193167947346837,0.660658005405673,0.779460541465465,0.779460541465465,"gpath_trio"
"9224","THAP1","Exc L3-4 RORB CUX2",-0.00102066650249434,2.66152643409376,0.000922466731863611,0.975793565995765,0.987179014319753,0.987179014319753,"gpath_trio"
"9225","RNF170","Exc L3-4 RORB CUX2",0.0394730087324366,5.74705999782486,5.92685956754183,0.0196925533649853,0.05165071036643,0.05165071036643,"gpath_trio"
"9226","HOOK3","Exc L3-4 RORB CUX2",0.0367701961032717,6.71659761927371,8.4836380650184,0.00389489517578207,0.0134186322014008,0.0134186322014008,"gpath_trio"
"9227","FNTA","Exc L3-4 RORB CUX2",-0.0609799192255587,3.75835523135059,4.8672000897652,0.028246569912878,0.0691008303616241,0.0691008303616241,"gpath_trio"
"9228","POMK","Exc L3-4 RORB CUX2",0.0568481040005703,3.61314144011099,5.75535394818824,0.0171431060247424,0.0462506237027517,0.0462506237027517,"gpath_trio"
"9229","HGSNAT","Exc L3-4 RORB CUX2",-0.0659557216038772,6.52816422530617,12.0388098314391,0.000609777099975127,0.00277765928922966,0.00277765928922966,"gpath_trio"
"9230","LINC00293","Exc L3-4 RORB CUX2",0.21139347614355,-0.807254305482347,2.77280472304205,0.0970824717555898,0.186395019762945,0.186395019762945,"gpath_trio"
"9231","AC120036.4","Exc L3-4 RORB CUX2",-0.0657419892431063,2.30485538783344,2.4283506921383,0.120374542320905,0.22073771962591,0.22073771962591,"gpath_trio"
"9232","SPIDR","Exc L3-4 RORB CUX2",0.0918069453093184,8.70878194661346,40.3673442854518,9.36314157426586e-10,2.07812300616957e-08,2.07812300616957e-08,"gpath_trio"
"9233","CEBPD","Exc L3-4 RORB CUX2",-0.0579260212741986,5.01688926312013,2.91899956661233,0.0887355215074699,0.174012340753767,0.174012340753767,"gpath_trio"
"9234","PRKDC","Exc L3-4 RORB CUX2",0.0309828690671883,7.09009338226658,2.78139790575056,0.0965687804590535,0.185620762532165,0.185620762532165,"gpath_trio"
"9235","MCM4","Exc L3-4 RORB CUX2",-0.147776048286727,3.23032117706461,18.7466144353701,2.13261017273575e-05,0.000152410238168416,0.000152410238168416,"gpath_trio"
"9236","UBE2V2","Exc L3-4 RORB CUX2",-0.121730664653186,5.93948250822312,42.0651365770743,4.42445444683766e-10,1.05512255868735e-08,1.05512255868735e-08,"gpath_trio"
"9237","AC022915.2","Exc L3-4 RORB CUX2",-0.00580729652091133,1.63738502092795,0.00903466104068686,0.981955352830621,0.990844715582564,0.990844715582564,"gpath_trio"
"9238","EFCAB1","Exc L3-4 RORB CUX2",0.118790181024443,1.86745940625332,0.831294552127903,0.362743016201136,0.51062938542129,0.51062938542129,"gpath_trio"
"9239","SNAI2","Exc L3-4 RORB CUX2",0.13036255973038,-0.622211264860453,1.31186645521536,0.253110146242073,0.389779192461172,0.389779192461172,"gpath_trio"
"9240","AC023762.1","Exc L3-4 RORB CUX2",-0.148682994186808,-0.909892889144217,1.63741127836409,0.201821664251372,0.328023207626796,0.328023207626796,"gpath_trio"
"9241","SNTG1","Exc L3-4 RORB CUX2",0.15469554787132,10.9747942776207,44.5300723427617,1.50287601030931e-10,4.04273646773205e-09,4.04273646773205e-09,"gpath_trio"
"9242","PXDNL","Exc L3-4 RORB CUX2",0.0851596370253856,4.86491560942445,7.08253734019813,0.00826841333753863,0.0252482577697657,0.0252482577697657,"gpath_trio"
"9243","AC090186.1","Exc L3-4 RORB CUX2",0.197955859593133,-0.217366358933354,4.93281658955528,0.0272131879463031,0.0670525240372087,0.0670525240372087,"gpath_trio"
"9244","PCMTD1","Exc L3-4 RORB CUX2",0.0207305859304486,7.05385869381597,2.09570914120063,0.296414002750194,0.439555494706737,0.439555494706737,"gpath_trio"
"9245","AC064807.1","Exc L3-4 RORB CUX2",-0.0122167117780971,3.09016109626884,0.0845582198180407,0.771444543372526,0.864437793667203,0.864437793667203,"gpath_trio"
"9246","AC064807.4","Exc L3-4 RORB CUX2",-0.194644495850297,-0.737711929284024,3.31868357391139,0.0696455767159282,0.143803040655394,0.143803040655394,"gpath_trio"
"9247","AC064807.2","Exc L3-4 RORB CUX2",-0.142555330566596,0.828022223071234,3.98340059686105,0.04699381433081,0.104947996914334,0.104947996914334,"gpath_trio"
"9248","ALKAL1","Exc L3-4 RORB CUX2",-0.129165229668022,-1.17316432743544,0.870871523892774,0.351579934725128,0.499058972988072,0.499058972988072,"gpath_trio"
"9249","RB1CC1","Exc L3-4 RORB CUX2",0.0608197793302708,7.11009889452105,16.2647594789375,7.24352499927297e-05,0.000440629725753064,0.000440629725753064,"gpath_trio"
"9250","AC009646.2","Exc L3-4 RORB CUX2",-0.383768660530748,-0.527574706072058,8.87375037991344,0.00316648523046119,0.0112789264697307,0.0112789264697307,"gpath_trio"
"9251","OPRK1","Exc L3-4 RORB CUX2",0.150837128922757,1.64773954686163,3.40107990439444,0.0662913556185051,0.138264044205866,0.138264044205866,"gpath_trio"
"9252","AC022034.2","Exc L3-4 RORB CUX2",0.0254504208642014,-0.993705869424469,0.0413090301809108,0.839101548856146,0.909128067674816,0.909128067674816,"gpath_trio"
"9253","ATP6V1H","Exc L3-4 RORB CUX2",0.0341092497078591,7.86642556703292,2.59301490366816,0.108549183492781,0.203775916717861,0.203775916717861,"gpath_trio"
"9254","RGS20","Exc L3-4 RORB CUX2",0.0210609905346359,1.84716290239931,0.0563621686219556,0.812527879239159,0.891676571642046,0.891676571642046,"gpath_trio"
"9255","TCEA1","Exc L3-4 RORB CUX2",0.00217756562161585,4.61583706465049,0.0128165003028184,0.909951441845721,0.953916682232247,0.953916682232247,"gpath_trio"
"9256","AC100821.2","Exc L3-4 RORB CUX2",0.0728649850192721,0.0505593153199659,0.797315149794143,0.372722997104836,0.52107868246068,0.52107868246068,"gpath_trio"
"9257","LYPLA1","Exc L3-4 RORB CUX2",0.0224429729700859,5.09275540775893,1.15442453832413,0.283620929099319,0.424941409939547,0.424941409939547,"gpath_trio"
"9258","MRPL15","Exc L3-4 RORB CUX2",-0.161420024752303,3.84690582518821,46.2744426731277,7.04164986329775e-11,2.08919538223577e-09,2.08919538223577e-09,"gpath_trio"
"9259","RP1","Exc L3-4 RORB CUX2",-0.100053556493176,0.772421406676663,2.28262536226713,0.132044597393316,0.237348516786364,0.237348516786364,"gpath_trio"
"9260","XKR4","Exc L3-4 RORB CUX2",0.12646303167721,7.6564534953481,30.3855470261935,8.52669657933846e-08,1.15998721165309e-06,1.15998721165309e-06,"gpath_trio"
"9261","AC022679.2","Exc L3-4 RORB CUX2",-0.279764541719703,-0.133625034101933,7.47064233203141,0.00670175228448227,0.0212290551639865,0.0212290551639865,"gpath_trio"
"9262","TMEM68","Exc L3-4 RORB CUX2",-0.0198777159756494,4.26186793674887,0.88088266495526,0.928980170641653,0.9650965469977,0.9650965469977,"gpath_trio"
"9263","TGS1","Exc L3-4 RORB CUX2",-0.00375140698712063,5.14440624578363,0.0270029739890658,0.869602331276525,0.929675076145828,0.929675076145828,"gpath_trio"
"9264","LYN","Exc L3-4 RORB CUX2",-0.229706197355164,-0.494807597836832,1.18141173362365,0.278075377941415,0.418575747964489,0.418575747964489,"gpath_trio"
"9265","RPS20","Exc L3-4 RORB CUX2",-0.184802405959491,4.9250497547071,42.4122809526517,3.79798314513244e-10,9.16558731495777e-09,9.16558731495777e-09,"gpath_trio"
"9266","PLAG1","Exc L3-4 RORB CUX2",-0.0422681231906684,4.40698365310745,1.87769804728314,0.171777962882472,0.289477146771957,0.289477146771957,"gpath_trio"
"9267","CHCHD7","Exc L3-4 RORB CUX2",-0.186405854059099,3.17060831914307,32.1406517957971,3.80504272300713e-08,5.70332369514628e-07,5.70332369514628e-07,"gpath_trio"
"9268","AC107952.2","Exc L3-4 RORB CUX2",-0.0192595943356394,1.6897880917292,0.154823310600113,0.694290452669665,0.806036936506531,0.806036936506531,"gpath_trio"
"9269","SDR16C5","Exc L3-4 RORB CUX2",-0.059389462687541,3.41726374633269,2.64925803030028,0.104809390212261,0.198286707383005,0.198286707383005,"gpath_trio"
"9270","PENK","Exc L3-4 RORB CUX2",-0.503060361032426,-0.766910640312143,7.68618052204857,0.0059669831907555,0.0192922894028032,0.0192922894028032,"gpath_trio"
"9271","AC012349.1","Exc L3-4 RORB CUX2",-0.116284863702605,0.239513421003997,1.74490386248077,0.187680050104869,0.310160960916262,0.310160960916262,"gpath_trio"
"9272","LINC00968","Exc L3-4 RORB CUX2",0.173637947189361,0.542131512678956,2.51925107464172,0.113679311890554,0.210991731130813,0.210991731130813,"gpath_trio"
"9273","IMPAD1","Exc L3-4 RORB CUX2",-0.0426997080082125,4.9203469259021,4.92163842184728,0.0273863943000291,0.0673969876802984,0.0673969876802984,"gpath_trio"
"9274","LINC01606","Exc L3-4 RORB CUX2",0.373154455121227,1.41032189781672,16.531214612784,6.34657394427175e-05,0.000395191757178033,0.000395191757178033,"gpath_trio"
"9275","AC104051.1","Exc L3-4 RORB CUX2",0.02982498216592,-0.176133658836824,0.0891438836052686,0.765506840577309,0.860269127372439,0.860269127372439,"gpath_trio"
"9276","FAM110B","Exc L3-4 RORB CUX2",0.100501558011759,5.43875102811786,20.8646801341214,7.61784046015594e-06,6.20969419327863e-05,6.20969419327863e-05,"gpath_trio"
"9277","AC027698.1","Exc L3-4 RORB CUX2",-0.216958702431058,0.747485981841038,7.76644879916498,0.00571496892965592,0.0186297460261445,0.0186297460261445,"gpath_trio"
"9278","UBXN2B","Exc L3-4 RORB CUX2",-6.95479420859826e-05,5.86789420134338,1.89842737524547e-05,0.996526893532349,0.998407413071219,0.998407413071219,"gpath_trio"
"9279","SDCBP","Exc L3-4 RORB CUX2",-0.0406276903770977,5.14674919643057,2.00268713618944,0.158217199498949,0.27228798088299,0.27228798088299,"gpath_trio"
"9280","NSMAF","Exc L3-4 RORB CUX2",-0.00766685057829062,6.49372251235122,0.136425507459434,0.712161348031409,0.820317167943687,0.820317167943687,"gpath_trio"
"9281","TOX","Exc L3-4 RORB CUX2",0.158509268359575,7.41054604918881,12.3270679085236,0.000526123180540086,0.00244913132611819,0.00244913132611819,"gpath_trio"
"9282","AC090152.1","Exc L3-4 RORB CUX2",-0.0753002347361914,2.02764888356675,2.57492454302335,0.109783196711785,0.205595098269772,0.205595098269772,"gpath_trio"
"9283","AC087664.1","Exc L3-4 RORB CUX2",-0.0109558032065342,-1.56983468547428,0.00553559529894138,0.940748280144804,0.97138476114903,0.97138476114903,"gpath_trio"
"9284","CA8","Exc L3-4 RORB CUX2",0.378885861335768,1.91572165015915,6.15784624574183,0.0137155772750206,0.0385017074611854,0.0385017074611854,"gpath_trio"
"9285","LINC01301","Exc L3-4 RORB CUX2",0.057838030238747,4.83248311481697,3.78037728424226,0.0529354209419599,0.115325912345274,0.115325912345274,"gpath_trio"
"9286","RAB2A","Exc L3-4 RORB CUX2",-0.0200158691992055,7.20951345667192,2.37679828821491,0.124365867414247,0.226328826906227,0.226328826906227,"gpath_trio"
"9287","AC068389.4","Exc L3-4 RORB CUX2",-0.458979601445969,-0.355887147861843,15.5595636673879,0.000102891942877441,0.000598226209669271,0.000598226209669271,"gpath_trio"
"9288","CHD7","Exc L3-4 RORB CUX2",-0.332428662109303,-1.21914620364571,7.69194106305163,0.042027883094159,0.0959177083059567,0.0959177083059567,"gpath_trio"
"9289","CLVS1","Exc L3-4 RORB CUX2",0.135537885305574,6.86831079847787,65.3025180908232,2.42930497127184e-14,1.67273815001397e-12,1.67273815001397e-12,"gpath_trio"
"9290","AC023866.2","Exc L3-4 RORB CUX2",0.0246995676154088,1.68528880860478,0.246131569139519,0.620231347077017,0.746011686815347,0.746011686815347,"gpath_trio"
"9291","ASPH","Exc L3-4 RORB CUX2",0.0669088514270003,6.6992805073227,8.48384033963081,0.00389447603089497,0.0134186322014008,0.0134186322014008,"gpath_trio"
"9292","AC025524.2","Exc L3-4 RORB CUX2",0.0924023091285805,-0.725428092672796,0.51419119621716,0.473973792053448,0.618726706870159,0.618726706870159,"gpath_trio"
"9293","NKAIN3","Exc L3-4 RORB CUX2",1.54052343158602,-0.462212916189093,15.7529864943195,9.34330030201236e-05,0.000550528865634052,0.000550528865634052,"gpath_trio"
"9294","GGH","Exc L3-4 RORB CUX2",-0.127770094129591,3.619527800312,17.7106835338413,3.54470109180551e-05,0.000238222333534897,0.000238222333534897,"gpath_trio"
"9295","TTPA","Exc L3-4 RORB CUX2",0.119687615766252,0.6681667874465,2.33780005833492,0.127483407549133,0.230877715197825,0.230877715197825,"gpath_trio"
"9296","YTHDF3","Exc L3-4 RORB CUX2",0.00973245961755344,5.51553479981346,0.430682170252655,0.512234761278229,0.653823630822995,0.653823630822995,"gpath_trio"
"9297","AC011978.2","Exc L3-4 RORB CUX2",0.00340634054644528,1.04196422144526,0.00341424368370917,0.953449782384454,0.977183101834207,0.977183101834207,"gpath_trio"
"9298","AC011124.1","Exc L3-4 RORB CUX2",-0.0980586509636553,0.201454941435438,1.14127257953806,0.286374425146469,0.428034081147579,0.428034081147579,"gpath_trio"
"9299","AC011124.2","Exc L3-4 RORB CUX2",-0.0672238816623691,0.109836508302383,0.472876036269848,0.49227999349685,0.63590238891716,0.63590238891716,"gpath_trio"
"9300","AC022639.1","Exc L3-4 RORB CUX2",0.131197493844866,6.80470469607846,15.106511145019,0.000129031751228243,0.000726141026786558,0.000726141026786558,"gpath_trio"
"9301","AC069133.1","Exc L3-4 RORB CUX2",0.201015842679669,4.82719434587177,14.7636736702151,0.000153215093051915,0.000842954595670137,0.000842954595670137,"gpath_trio"
"9302","LINC01289","Exc L3-4 RORB CUX2",0.149055631740335,1.53521658894741,4.59251044243609,0.0330403008842237,0.0787742933513605,0.0787742933513605,"gpath_trio"
"9303","MIR124-2HG","Exc L3-4 RORB CUX2",0.0337189511444291,7.35121386984797,2.2651552346,0.133526753715757,0.239500556206916,0.239500556206916,"gpath_trio"
"9304","AC090136.3","Exc L3-4 RORB CUX2",0.0780582477801454,0.34336719904811,0.837424393676153,0.360982329998679,0.508860991316612,0.508860991316612,"gpath_trio"
"9305","BHLHE22","Exc L3-4 RORB CUX2",-0.0902873650584219,2.23689178039771,1.74055671521844,0.188228914346978,0.310838859535916,0.310838859535916,"gpath_trio"
"9306","CYP7B1","Exc L3-4 RORB CUX2",0.16341312141899,5.14026246504541,28.75794010547,1.81200546183514e-07,2.28197317056953e-06,2.28197317056953e-06,"gpath_trio"
"9307","AC100814.1","Exc L3-4 RORB CUX2",-0.0870478724853172,1.61566799420699,2.76295965641342,0.0976746841716365,0.187264729940394,0.187264729940394,"gpath_trio"
"9308","ARMC1","Exc L3-4 RORB CUX2",-0.0237814199311831,5.13387468622949,1.5118519426839,0.219968191527922,0.349906036748075,0.349906036748075,"gpath_trio"
"9309","MTFR1","Exc L3-4 RORB CUX2",0.0399914618310107,3.80103115716234,1.65058339949318,0.305682309803607,0.449631131546207,0.449631131546207,"gpath_trio"
"9310","AC055822.1","Exc L3-4 RORB CUX2",0.0682717020113964,-0.433430552881491,0.439342472678175,0.50802714372915,0.650056930597806,0.650056930597806,"gpath_trio"
"9311","PDE7A","Exc L3-4 RORB CUX2",0.0121840482160027,6.4409001010814,0.416345556725858,0.51933515909094,0.660213411131677,0.660213411131677,"gpath_trio"
"9312","RRS1-AS1","Exc L3-4 RORB CUX2",0.206670376629561,-0.6554461850682,3.52213852497999,0.0616741600815021,0.130536737268601,0.130536737268601,"gpath_trio"
"9313","ADHFE1","Exc L3-4 RORB CUX2",-0.0662324811338505,3.57958120414328,2.63099879536151,0.106007692827014,0.199935047469852,0.199935047469852,"gpath_trio"
"9314","VXN","Exc L3-4 RORB CUX2",-0.096111469825108,5.90998292135628,18.0036813268188,3.06921601328658e-05,0.000210617119279105,0.000210617119279105,"gpath_trio"
"9315","MYBL1","Exc L3-4 RORB CUX2",0.0193397121345506,2.19642465501554,0.224233495959451,0.636230310489089,0.759009554315895,0.759009554315895,"gpath_trio"
"9316","VCPIP1","Exc L3-4 RORB CUX2",-0.0746649933142036,4.73948022094025,14.5623560020602,0.000169510008394678,0.000920803559332966,0.000920803559332966,"gpath_trio"
"9317","SGK3","Exc L3-4 RORB CUX2",0.0814516996103092,6.28700185355834,13.9512054320793,0.000230590722352222,0.00120898332210397,0.00120898332210397,"gpath_trio"
"9318","MCMDC2","Exc L3-4 RORB CUX2",-0.36533284157499,2.85309409472826,43.9234337096121,1.9585204356694e-10,5.1449413788581e-09,5.1449413788581e-09,"gpath_trio"
"9319","TCF24","Exc L3-4 RORB CUX2",-0.0641702196057089,2.6514804431355,0.851889883761529,0.356873949891872,0.504585600887836,0.504585600887836,"gpath_trio"
"9320","PPP1R42","Exc L3-4 RORB CUX2",0.113557864817425,3.24095713262433,9.19527906390876,0.00267172115128994,0.00977724908893061,0.00977724908893061,"gpath_trio"
"9321","COPS5","Exc L3-4 RORB CUX2",0.0093391396042562,2.39910349330564,0.0628013853100472,0.872631085127942,0.931337433510599,0.931337433510599,"gpath_trio"
"9322","CSPP1","Exc L3-4 RORB CUX2",0.0525903055539971,6.94450994946508,14.8586816715349,0.000146086029118564,0.00080880505967811,0.00080880505967811,"gpath_trio"
"9323","ARFGEF1","Exc L3-4 RORB CUX2",0.0399777065879059,6.92650408633379,12.3706197484351,0.000514539849114925,0.00240241644431697,0.00240241644431697,"gpath_trio"
"9324","AC021321.1","Exc L3-4 RORB CUX2",0.0718017219201099,-0.349401049600395,0.456911332422795,0.499671798841125,0.642734266229002,0.642734266229002,"gpath_trio"
"9325","CPA6","Exc L3-4 RORB CUX2",-0.157635987928837,1.11456050944101,7.74400110591742,0.00578432560799266,0.0188072150106772,0.0188072150106772,"gpath_trio"
"9326","C8orf34-AS1","Exc L3-4 RORB CUX2",0.296018922250358,-0.7908979390994,5.01740570754912,0.0259390618740114,0.0645119049936119,0.0645119049936119,"gpath_trio"
"9327","C8orf34","Exc L3-4 RORB CUX2",0.0926890955130631,4.56208761813504,4.48698892447548,0.035102594733636,0.0829170880167552,0.0829170880167552,"gpath_trio"
"9328","LINC01592","Exc L3-4 RORB CUX2",-0.0939965414369899,-0.243937281378105,1.10893878715116,0.293290389010186,0.435866680995747,0.435866680995747,"gpath_trio"
"9329","SLCO5A1","Exc L3-4 RORB CUX2",0.00958557642005565,3.12937028060688,0.047876611711757,0.826971854756354,0.900969714316311,0.900969714316311,"gpath_trio"
"9330","AC079089.1","Exc L3-4 RORB CUX2",0.0784931194221315,1.58345265030304,1.99349615048971,0.159171453815177,0.273393843071786,0.273393843071786,"gpath_trio"
"9331","NCOA2","Exc L3-4 RORB CUX2",0.0880443678593536,7.13643741335593,34.6228810394236,1.22801242678689e-08,2.09426464162515e-07,2.09426464162515e-07,"gpath_trio"
"9332","AC022730.4","Exc L3-4 RORB CUX2",-0.120287529912291,-0.805763396093092,0.290368507709936,0.590445544115904,0.72142047952117,0.72142047952117,"gpath_trio"
"9333","TRAM1","Exc L3-4 RORB CUX2",-0.0446463902871233,4.91093693648438,6.05182875988749,0.0905915679914076,0.176741599867194,0.176741599867194,"gpath_trio"
"9334","LACTB2-AS1","Exc L3-4 RORB CUX2",0.0347650417217668,0.864338827608418,0.285392147466282,0.593645066281238,0.724110593242078,0.724110593242078,"gpath_trio"
"9335","LACTB2","Exc L3-4 RORB CUX2",0.0249375500366236,3.18104588111235,0.481331284077754,0.54281816312189,0.681223963733773,0.681223963733773,"gpath_trio"
"9336","XKR9","Exc L3-4 RORB CUX2",0.138936598718589,5.71383459066911,3.7207843084259,0.0548275291894357,0.118570629370443,0.118570629370443,"gpath_trio"
"9337","AC022858.1","Exc L3-4 RORB CUX2",0.0849890947886353,3.68020017536691,0.889636230293243,0.346451487363925,0.493585111049162,0.493585111049162,"gpath_trio"
"9338","EYA1","Exc L3-4 RORB CUX2",0.395836921286068,0.544985969532904,5.89481219548852,0.0158647328207144,0.0433818087093946,0.0433818087093946,"gpath_trio"
"9339","MSC-AS1","Exc L3-4 RORB CUX2",0.288370317706517,5.65017943183361,10.5159976706839,0.00133813764518212,0.00543288459943928,0.00543288459943928,"gpath_trio"
"9340","MSC","Exc L3-4 RORB CUX2",0.102052149705918,-0.128768033105076,0.692836355710687,0.405965165455878,0.554375742051735,0.554375742051735,"gpath_trio"
"9341","TRPA1","Exc L3-4 RORB CUX2",0.336190966813317,-0.971269922737591,4.81555702255269,0.0290887557435547,0.0708603775810453,0.0708603775810453,"gpath_trio"
"9342","KCNB2","Exc L3-4 RORB CUX2",0.118534366525672,9.02280925699577,18.6993471472512,2.1824810580557e-05,0.000155314128205551,0.000155314128205551,"gpath_trio"
"9343","AC090735.1","Exc L3-4 RORB CUX2",-0.688010121076967,-0.836570099884451,14.1838642251311,0.000205065597515393,0.00109096438283311,0.00109096438283311,"gpath_trio"
"9344","AC022893.2","Exc L3-4 RORB CUX2",-0.0988451677196252,2.70920574822527,5.55996312642023,0.0191167948450819,0.0504422359402992,0.0504422359402992,"gpath_trio"
"9345","TERF1","Exc L3-4 RORB CUX2",-0.00967272606262185,6.18413331814124,0.382810423092465,0.665511080414274,0.783083947966449,0.783083947966449,"gpath_trio"
"9346","AC022893.1","Exc L3-4 RORB CUX2",0.155549803267473,4.66066484876834,24.0990894213925,1.61761135003958e-06,1.59585863017352e-05,1.59585863017352e-05,"gpath_trio"
"9347","SBSPON","Exc L3-4 RORB CUX2",-0.198813253498966,-0.023301853676983,5.79440395249973,0.0167747177913573,0.0453902805043768,0.0453902805043768,"gpath_trio"
"9348","C8orf89","Exc L3-4 RORB CUX2",-0.263976849942242,-0.90536028062129,4.69714929754791,0.0311206454277235,0.0750219884698675,0.0750219884698675,"gpath_trio"
"9349","RPL7","Exc L3-4 RORB CUX2",-0.335974446488699,4.90927996262176,54.0258016146819,2.5679807019744e-12,1.10231937579433e-10,1.10231937579433e-10,"gpath_trio"
"9350","RDH10","Exc L3-4 RORB CUX2",0.0862893703389426,0.940070271793926,1.45082719728556,0.465452595145902,0.610770379806925,0.610770379806925,"gpath_trio"
"9351","RDH10-AS1","Exc L3-4 RORB CUX2",-0.286997082428388,0.727232529532106,15.2902591675613,0.000117702313317924,0.000672513217555683,0.000672513217555683,"gpath_trio"
"9352","STAU2","Exc L3-4 RORB CUX2",0.0416803780583295,7.51894413333874,10.7175677875527,0.00120513450234739,0.00497085772520353,0.00497085772520353,"gpath_trio"
"9353","AC027018.1","Exc L3-4 RORB CUX2",-0.268734419785951,3.74692496380508,30.9616082912836,6.53840826655269e-08,9.16694835147328e-07,9.16694835147328e-07,"gpath_trio"
"9354","AC022826.2","Exc L3-4 RORB CUX2",0.172238947220903,2.28816889246306,10.6776927456664,0.0012303320232,0.00505641649379913,0.00505641649379913,"gpath_trio"
"9355","ELOC","Exc L3-4 RORB CUX2",-0.180519610089637,5.18710172747861,90.4491879229507,1.34500043175437e-18,2.82660246985879e-16,2.82660246985879e-16,"gpath_trio"
"9356","TMEM70","Exc L3-4 RORB CUX2",-0.184330389849623,4.05586784826956,40.8675321619821,7.50388946995004e-10,1.70485326639912e-08,1.70485326639912e-08,"gpath_trio"
"9357","LY96","Exc L3-4 RORB CUX2",0.0951107178102973,0.221446724346867,0.926882134028273,0.336568924955033,0.483090662227174,0.483090662227174,"gpath_trio"
"9358","AC087672.2","Exc L3-4 RORB CUX2",-0.0115482658326896,-1.3194808032286,0.00518967011895254,0.942625963374505,0.972114645559507,0.972114645559507,"gpath_trio"
"9359","JPH1","Exc L3-4 RORB CUX2",0.139673781209819,6.53431069048206,38.7243717089798,1.9431981121751e-09,4.00449662034041e-08,4.00449662034041e-08,"gpath_trio"
"9360","GDAP1","Exc L3-4 RORB CUX2",0.109992124559641,8.42726516894952,15.1935304936744,0.000123534682394316,0.000699694614628109,0.000699694614628109,"gpath_trio"
"9361","AC103952.1","Exc L3-4 RORB CUX2",-0.0985832486269984,0.617551866637791,2.06667390974246,0.218714950704704,0.348434470188518,0.348434470188518,"gpath_trio"
"9362","MIR2052HG","Exc L3-4 RORB CUX2",0.150803571590763,7.33791981902081,6.97198172539402,0.00878041124577263,0.0265305971070036,0.0265305971070036,"gpath_trio"
"9363","AC115837.2","Exc L3-4 RORB CUX2",-0.291564709259966,-0.144080722549567,7.46411930328832,0.00672538625673435,0.021280531325222,0.021280531325222,"gpath_trio"
"9364","AC011632.1","Exc L3-4 RORB CUX2",-0.593760185437678,0.865306584610281,41.9887407787417,4.57576355961265e-10,1.08607093900218e-08,1.08607093900218e-08,"gpath_trio"
"9365","PI15","Exc L3-4 RORB CUX2",0.0633395032398688,2.61375691658601,0.820524709966658,0.365865435610852,0.513998885946621,0.513998885946621,"gpath_trio"
"9366","CRISPLD1","Exc L3-4 RORB CUX2",0.0394971427789443,3.92901734129005,0.636961687585743,0.425541484913769,0.57376859307193,0.57376859307193,"gpath_trio"
"9367","CASC9","Exc L3-4 RORB CUX2",-0.309713338515986,-0.994922412551936,6.55366776774754,0.0110328032361078,0.032049935966663,0.032049935966663,"gpath_trio"
"9368","LINC01111","Exc L3-4 RORB CUX2",-0.112373618088467,-0.135804490405433,1.38868447589404,0.239704738522445,0.373295492064094,0.373295492064094,"gpath_trio"
"9369","ZFHX4","Exc L3-4 RORB CUX2",0.351575916709124,1.11645124247355,6.24226032334304,0.0130916798154884,0.0370561444737167,0.0370561444737167,"gpath_trio"
"9370","PEX2","Exc L3-4 RORB CUX2",0.030990754809019,3.26686361100443,0.902814726575435,0.34291045637082,0.489542772238983,0.489542772238983,"gpath_trio"
"9371","AC062004.1","Exc L3-4 RORB CUX2",-0.469908819769407,0.510777493362161,28.2612300167085,2.28319735515581e-07,2.80875040489442e-06,2.80875040489442e-06,"gpath_trio"
"9372","PKIA-AS1","Exc L3-4 RORB CUX2",-0.0308240785224159,1.43701398995101,0.2049276846735,0.651149912732747,0.771122269735415,0.771122269735415,"gpath_trio"
"9373","PKIA","Exc L3-4 RORB CUX2",0.0266368880808738,6.48431438570491,1.23393397335319,0.267669517152884,0.406490967900597,0.406490967900597,"gpath_trio"
"9374","ZC2HC1A","Exc L3-4 RORB CUX2",-0.0408240348564329,6.39632900917489,3.80595583640793,0.052144738149065,0.114015399605222,0.114015399605222,"gpath_trio"
"9375","IL7","Exc L3-4 RORB CUX2",-0.299082573573631,3.14613519763392,55.2921546181073,1.50793819950651e-12,6.85194891329818e-11,6.85194891329818e-11,"gpath_trio"
"9376","AC138646.1","Exc L3-4 RORB CUX2",0.0668096887293516,-0.529149588925207,0.176750197210493,0.674528319679885,0.790421433119751,0.790421433119751,"gpath_trio"
"9377","STMN2","Exc L3-4 RORB CUX2",-0.0993247999477667,7.96442672183114,23.993160831118,1.7011331715316e-06,1.66428815879809e-05,1.66428815879809e-05,"gpath_trio"
"9378","HEY1","Exc L3-4 RORB CUX2",-0.201135032445187,3.55543693156444,34.3378221697658,1.39749056768654e-08,2.34367183732968e-07,2.34367183732968e-07,"gpath_trio"
"9379","LINC01607","Exc L3-4 RORB CUX2",0.0569069891632282,1.70028731038731,1.23563574818912,0.271310411109333,0.410752479673629,0.410752479673629,"gpath_trio"
"9380","AC036214.1","Exc L3-4 RORB CUX2",-0.0576620838025387,1.63415712983441,1.17991311024653,0.278379705376689,0.418940068325728,0.418940068325728,"gpath_trio"
"9381","MRPS28","Exc L3-4 RORB CUX2",-0.325632495248015,1.13475801720398,27.8487588039522,2.76741923238765e-07,3.32337398889409e-06,3.32337398889409e-06,"gpath_trio"
"9382","AC036214.3","Exc L3-4 RORB CUX2",-0.0249468083225848,-0.927260551155324,0.0438354735645458,0.834323960722487,0.905556590680878,0.905556590680878,"gpath_trio"
"9383","TPD52","Exc L3-4 RORB CUX2",0.0629342948083331,6.27669047119688,8.91649029821473,0.00309565636164289,0.011071594947021,0.011071594947021,"gpath_trio"
"9384","AC009686.1","Exc L3-4 RORB CUX2",-0.222349678518026,-0.842706423536911,2.76951113437047,0.097280152343546,0.186721251406245,0.186721251406245,"gpath_trio"
"9385","AC034114.2","Exc L3-4 RORB CUX2",-0.143056632705983,2.2069057519875,12.9203811408388,0.000388754240428952,0.00189218740667168,0.00189218740667168,"gpath_trio"
"9386","AC009812.1","Exc L3-4 RORB CUX2",-0.0646761766820284,2.13162535350042,2.12438492768428,0.227666388337914,0.358785297978239,0.358785297978239,"gpath_trio"
"9387","ZBTB10","Exc L3-4 RORB CUX2",0.0240750205140826,3.8515012958724,0.810791697963833,0.368719529303103,0.517273938091239,0.517273938091239,"gpath_trio"
"9388","AC009812.4","Exc L3-4 RORB CUX2",-0.0120360703885891,0.572254710468728,0.0316430227307975,0.955641711921528,0.977880212744723,0.977880212744723,"gpath_trio"
"9389","ZNF704","Exc L3-4 RORB CUX2",0.140484048031067,6.9579356140198,60.4321284194195,1.77920259929461e-13,9.94332754591931e-12,9.94332754591931e-12,"gpath_trio"
"9390","PAG1","Exc L3-4 RORB CUX2",0.118490541670549,6.55071438036432,44.7741934835556,1.3511914436703e-10,3.65909897665078e-09,3.65909897665078e-09,"gpath_trio"
"9391","AC079209.2","Exc L3-4 RORB CUX2",-0.102730868681122,-0.717544442432739,0.766313600855932,0.382167842471443,0.530387027712827,0.530387027712827,"gpath_trio"
"9392","AC009902.3","Exc L3-4 RORB CUX2",0.152079689882645,-0.768388964165732,1.8775484590764,0.171794975359094,0.289481636003485,0.289481636003485,"gpath_trio"
"9393","FABP5","Exc L3-4 RORB CUX2",-0.215483468636642,2.99758941031728,26.1094207502851,6.25272778450962e-07,6.80132258149915e-06,6.80132258149915e-06,"gpath_trio"
"9394","AC018616.1","Exc L3-4 RORB CUX2",0.136261897041044,-1.1493220315455,1.0327907679645,0.310448819531962,0.454983650592571,0.454983650592571,"gpath_trio"
"9395","IMPA1","Exc L3-4 RORB CUX2",0.0322924131305547,4.41286753730389,2.14573094693462,0.574640603563904,0.708659642361815,0.708659642361815,"gpath_trio"
"9396","SLC10A5","Exc L3-4 RORB CUX2",0.0917320664904826,0.681235664849258,1.71506589274057,0.191485413045376,0.314708372687462,0.314708372687462,"gpath_trio"
"9397","ZFAND1","Exc L3-4 RORB CUX2",-0.036765195443063,5.02305845087647,3.01644117627125,0.0836085051090827,0.166105523444189,0.166105523444189,"gpath_trio"
"9398","AC132219.1","Exc L3-4 RORB CUX2",-0.15876315511549,-0.506167787764288,2.20967208805223,0.138359397167215,0.245808457013786,0.245808457013786,"gpath_trio"
"9399","SNX16","Exc L3-4 RORB CUX2",0.0110513213409132,4.10796445958259,0.154876561251171,0.908472773197637,0.953166477677587,0.953166477677587,"gpath_trio"
"9400","LINC02235","Exc L3-4 RORB CUX2",0.0160440241709007,-0.336515201615494,0.0248243346629085,0.920339549819081,0.959655628876122,0.959655628876122,"gpath_trio"
"9401","AC027701.1","Exc L3-4 RORB CUX2",-0.413761499379373,-0.350987935973736,10.4996955083876,0.00134952782465592,0.00547039853218838,0.00547039853218838,"gpath_trio"
"9402","AC060765.1","Exc L3-4 RORB CUX2",-0.0719255775112717,5.30976030749197,0.80900677070603,0.369246308044465,0.51779691838445,0.51779691838445,"gpath_trio"
"9403","AC105031.2","Exc L3-4 RORB CUX2",-0.157468024674796,-0.182480513602442,2.89519125735154,0.0900396410705937,0.175971109037996,0.175971109037996,"gpath_trio"
"9404","AC105031.3","Exc L3-4 RORB CUX2",0.375356926132461,0.0424295131250304,4.55286928663187,0.0337996851703979,0.0802812159539413,0.0802812159539413,"gpath_trio"
"9405","AC015522.1","Exc L3-4 RORB CUX2",-0.0768131952407275,-0.0417068199941213,0.519528196300771,0.471690555249746,0.616903730854637,0.616903730854637,"gpath_trio"
"9406","RALYL","Exc L3-4 RORB CUX2",0.168739864124344,11.1080665734819,119.083881425012,4.49553512842893e-23,3.77905921733557e-20,3.77905921733557e-20,"gpath_trio"
"9407","LRRCC1","Exc L3-4 RORB CUX2",0.114346912978657,2.47208505649319,6.90775991578465,0.00909272462349435,0.0273381289460522,0.0273381289460522,"gpath_trio"
"9408","AC011773.4","Exc L3-4 RORB CUX2",0.049115430111938,-0.0794649169091485,0.302792036278088,0.582609747928911,0.715190244263206,0.715190244263206,"gpath_trio"
"9409","E2F5","Exc L3-4 RORB CUX2",0.0135035760941316,3.2810837766534,0.130627805693385,0.718075512687107,0.824775033786643,0.824775033786643,"gpath_trio"
"9410","C8orf59","Exc L3-4 RORB CUX2",-0.189850478290438,4.22743277739511,31.651920518666,4.76072042675063e-08,6.94989396596918e-07,6.94989396596918e-07,"gpath_trio"
"9411","CA13","Exc L3-4 RORB CUX2",0.111923232431471,4.5111874918249,18.3138803929716,2.63586808286942e-05,0.000183624049732026,0.000183624049732026,"gpath_trio"
"9412","AC011773.3","Exc L3-4 RORB CUX2",0.0126851815122041,-0.599793233942727,0.0122157587468869,0.912078348563996,0.95516120852731,0.95516120852731,"gpath_trio"
"9413","CA1","Exc L3-4 RORB CUX2",-0.368857153974508,2.98057979064982,36.5370760341671,5.17452453336292e-09,9.74752870780551e-08,9.74752870780551e-08,"gpath_trio"
"9414","CA3","Exc L3-4 RORB CUX2",0.177092529670157,5.2319821998912,29.6912546414934,1.17528384040086e-07,1.55179001833033e-06,1.55179001833033e-06,"gpath_trio"
"9415","ATP6V0D2","Exc L3-4 RORB CUX2",0.238417278275838,0.00184771467554725,4.73136700011295,0.0305186066668366,0.0737999388113903,0.0737999388113903,"gpath_trio"
"9416","SLC7A13","Exc L3-4 RORB CUX2",-0.0158880910663682,-0.472628361901931,0.026244123377634,0.871431374048771,0.930661583369538,0.930661583369538,"gpath_trio"
"9417","WWP1","Exc L3-4 RORB CUX2",0.0382388093276402,5.723236678889,4.51387533440663,0.0345645953787508,0.0818667189206736,0.0818667189206736,"gpath_trio"
"9418","RMDN1","Exc L3-4 RORB CUX2",0.0643234903449569,4.5409989804501,5.54767083488625,0.0192486037333642,0.0507038229952505,0.0507038229952505,"gpath_trio"
"9419","CPNE3","Exc L3-4 RORB CUX2",0.0167143858922638,5.15170422279822,0.85272929404826,0.479413540833634,0.623025818912214,0.623025818912214,"gpath_trio"
"9420","CNGB3","Exc L3-4 RORB CUX2",0.173562973741747,3.22937200146081,13.6987484498457,0.000261955474890707,0.00135165005266496,0.00135165005266496,"gpath_trio"
"9421","AC090572.3","Exc L3-4 RORB CUX2",-0.0758663713201661,-0.305502487259268,0.34583562448837,0.556990439720024,0.693396360429567,0.693396360429567,"gpath_trio"
"9422","AC090572.2","Exc L3-4 RORB CUX2",-0.198084943070406,-0.58945305603623,2.98808388356833,0.0850664774416314,0.168405081187804,0.168405081187804,"gpath_trio"
"9423","CNBD1","Exc L3-4 RORB CUX2",-0.0385260371485733,1.84289224056083,0.882452447744057,0.498022313124,0.641281603732238,0.641281603732238,"gpath_trio"
"9424","AF121898.1","Exc L3-4 RORB CUX2",0.0595706472799894,1.71942677119416,0.66740079687092,0.414707183381121,0.562998279033316,0.562998279033316,"gpath_trio"
"9425","AC037450.1","Exc L3-4 RORB CUX2",-0.0963556825923522,-1.03719335622538,0.514911235986509,0.473664703847761,0.618403248568471,0.618403248568471,"gpath_trio"
"9426","MMP16","Exc L3-4 RORB CUX2",0.166095591287552,8.26624245922598,86.4096735313221,6.17269932219372e-18,1.02920833739883e-15,1.02920833739883e-15,"gpath_trio"
"9427","AC090568.2","Exc L3-4 RORB CUX2",0.176107700672628,7.40868723248062,45.833924113877,8.52356356945054e-11,2.46718644208988e-09,2.46718644208988e-09,"gpath_trio"
"9428","AF117829.1","Exc L3-4 RORB CUX2",0.139686321754123,6.6389728944231,25.2182497121005,9.51850806936957e-07,9.90386283133218e-06,9.90386283133218e-06,"gpath_trio"
"9429","RIPK2","Exc L3-4 RORB CUX2",0.0630719065123816,3.97706476683497,3.46797992467894,0.0636956438532755,0.133874321777251,0.133874321777251,"gpath_trio"
"9430","OSGIN2","Exc L3-4 RORB CUX2",-0.00823600478151771,4.10528790216963,0.12329433969052,0.737350932748677,0.839222332630292,0.839222332630292,"gpath_trio"
"9431","NBN","Exc L3-4 RORB CUX2",-0.0143978496516297,5.70267150688295,0.559833888702139,0.455003423007283,0.600883292477052,0.600883292477052,"gpath_trio"
"9432","DECR1","Exc L3-4 RORB CUX2",0.0341749902782966,5.69273610946555,1.36179493328005,0.244295787105837,0.378953368050151,0.378953368050151,"gpath_trio"
"9433","CALB1","Exc L3-4 RORB CUX2",0.118484636434971,4.23643964551766,4.50662207742389,0.0347088735797982,0.0821270571424874,0.0821270571424874,"gpath_trio"
"9434","LINC00534","Exc L3-4 RORB CUX2",0.0267584099779086,3.37080468735981,0.297042939367012,0.586209381574277,0.718123399918698,0.718123399918698,"gpath_trio"
"9435","AB015752.1","Exc L3-4 RORB CUX2",0.108210806329025,2.82065931396078,10.0576795152344,0.00169912180470841,0.00664208145901805,0.00664208145901805,"gpath_trio"
"9436","TMEM64","Exc L3-4 RORB CUX2",0.125399896492567,6.17357271107563,45.1216266445656,1.16152512136124e-10,3.21450882352032e-09,3.21450882352032e-09,"gpath_trio"
"9437","AC106038.1","Exc L3-4 RORB CUX2",0.132798044150645,-0.407447262604168,1.94051474455985,0.164802508828101,0.28039219224211,0.28039219224211,"gpath_trio"
"9438","NECAB1","Exc L3-4 RORB CUX2",0.0184292320478511,9.55223018546556,1.25311007365414,0.263992346008583,0.402579997794763,0.402579997794763,"gpath_trio"
"9439","AC103770.1","Exc L3-4 RORB CUX2",-0.341114906319661,2.50520318744966,41.1621412288931,6.58794406406405e-10,1.51725766543941e-08,1.51725766543941e-08,"gpath_trio"
"9440","C8orf88","Exc L3-4 RORB CUX2",0.139900704831457,1.5227118466279,3.5041449708859,0.062338038711067,0.131651829895926,0.131651829895926,"gpath_trio"
"9441","PIP4P2","Exc L3-4 RORB CUX2",-0.0231159111006263,5.13649662219825,0.742797770337806,0.389560283192698,0.537352275511385,0.537352275511385,"gpath_trio"
"9442","OTUD6B-AS1","Exc L3-4 RORB CUX2",-0.138368871950839,4.94510456010472,23.6181697820885,2.03343776786955e-06,1.9369502817171e-05,1.9369502817171e-05,"gpath_trio"
"9443","OTUD6B","Exc L3-4 RORB CUX2",-0.065943477695029,3.92270326744245,6.10377887992188,0.0141312868767182,0.0394600294446769,0.0394600294446769,"gpath_trio"
"9444","LRRC69","Exc L3-4 RORB CUX2",0.0219764561168209,2.68794769907391,0.126823676478109,0.722037152474219,0.827958369396804,0.827958369396804,"gpath_trio"
"9445","SLC26A7","Exc L3-4 RORB CUX2",-0.0122233871781009,-0.188420200421628,0.00865691153770217,0.925941429559528,0.962931357802241,0.962931357802241,"gpath_trio"
"9446","AC103409.1","Exc L3-4 RORB CUX2",-0.0836740235900889,0.813930864916756,1.92643039073726,0.16633768874692,0.282432492044193,0.282432492044193,"gpath_trio"
"9447","RUNX1T1","Exc L3-4 RORB CUX2",0.0928380598503016,7.46160146425706,22.1232556462468,4.15552027671456e-06,3.64828640481794e-05,3.64828640481794e-05,"gpath_trio"
"9448","AC091096.2","Exc L3-4 RORB CUX2",-0.115249781057112,-0.738656760200702,0.860351611192148,0.35450053464814,0.502250581918977,0.502250581918977,"gpath_trio"
"9449","AC117834.1","Exc L3-4 RORB CUX2",0.00722643769697002,3.36911015533634,0.0196704940267227,0.888569839824097,0.941588135850158,0.941588135850158,"gpath_trio"
"9450","TRIQK","Exc L3-4 RORB CUX2",0.0105750617566315,5.47048978980397,0.284864970193941,0.593986109884861,0.724307631727233,0.724307631727233,"gpath_trio"
"9451","C8orf87","Exc L3-4 RORB CUX2",0.0521864339010936,0.0740215505159589,0.317550279344974,0.789065344522953,0.876715129736236,0.876715129736236,"gpath_trio"
"9452","LINC00535","Exc L3-4 RORB CUX2",0.0999778467027386,5.40362030755411,15.4095746790156,0.000110890897188966,0.000637385712475042,0.000637385712475042,"gpath_trio"
"9453","AC016885.2","Exc L3-4 RORB CUX2",0.103421636000754,-0.0839858025409159,0.898740266310101,0.343999988476204,0.49082035130887,0.49082035130887,"gpath_trio"
"9454","FAM92A","Exc L3-4 RORB CUX2",0.0391772319155659,5.37288690108032,4.23170053463164,0.134790979691673,0.241253372540765,0.241253372540765,"gpath_trio"
"9455","AC120053.1","Exc L3-4 RORB CUX2",0.0253480397817366,0.897195215180369,0.157761126865493,0.69155206419713,0.803875483704603,0.803875483704603,"gpath_trio"
"9456","RBM12B","Exc L3-4 RORB CUX2",0.0907895710826223,4.74680356562455,19.0007395583508,1.88358790414876e-05,0.000137040699481433,0.000137040699481433,"gpath_trio"
"9457","TMEM67","Exc L3-4 RORB CUX2",-0.019776972785735,5.91630110789114,1.1824119654438,0.277872493638179,0.418301563882275,0.418301563882275,"gpath_trio"
"9458","AC084346.1","Exc L3-4 RORB CUX2",-0.056386204695092,-0.952092035880305,0.232247936696091,0.63026740265562,0.753893860564835,0.753893860564835,"gpath_trio"
"9459","PDP1","Exc L3-4 RORB CUX2",-0.0759367816277986,6.83945472625811,12.5519120009242,0.000469040835655029,0.00222185932363001,0.00222185932363001,"gpath_trio"
"9460","CDH17","Exc L3-4 RORB CUX2",-0.181808858310688,-0.59718109609399,2.56336369129109,0.110579924514119,0.206837565091077,0.206837565091077,"gpath_trio"
"9461","GEM","Exc L3-4 RORB CUX2",0.21491678419145,-1.15981830986358,1.55714820587231,0.213205901451365,0.34180909367115,0.34180909367115,"gpath_trio"
"9462","RAD54B","Exc L3-4 RORB CUX2",0.0260168560945708,2.86451095629606,0.570089135802256,0.450906877718996,0.597193347205458,0.597193347205458,"gpath_trio"
"9463","VIRMA","Exc L3-4 RORB CUX2",-0.0240765830098646,5.35272505966797,2.04547076236317,0.153860337961692,0.266380530196271,0.266380530196271,"gpath_trio"
"9464","AC023632.2","Exc L3-4 RORB CUX2",0.0397962596406181,2.67941562767968,0.991923337636108,0.353879706831695,0.501547108207197,0.501547108207197,"gpath_trio"
"9465","ESRP1","Exc L3-4 RORB CUX2",0.00736930179837897,1.58937543219046,0.0160344798686551,0.89933323474379,0.948498555331129,0.948498555331129,"gpath_trio"
"9466","DPY19L4","Exc L3-4 RORB CUX2",-0.00759165696880892,4.0893168527998,0.0736604590889039,0.786295220353375,0.874986545539401,0.874986545539401,"gpath_trio"
"9467","INTS8","Exc L3-4 RORB CUX2",-0.00493533213374299,5.74999336663468,0.106578768772423,0.744335921522663,0.844267004931676,0.844267004931676,"gpath_trio"
"9468","CCNE2","Exc L3-4 RORB CUX2",-0.156573486532624,1.04919676851088,5.73248755489528,0.0173627125841707,0.0466870220426022,0.0466870220426022,"gpath_trio"
"9469","AC087752.4","Exc L3-4 RORB CUX2",0.172343471387486,-0.428217837260058,3.28101295955904,0.0712395373790034,0.146270879973681,0.146270879973681,"gpath_trio"
"9470","NDUFAF6","Exc L3-4 RORB CUX2",0.100243532713375,5.75156537190469,23.6462919560042,2.00638534578842e-06,1.91570394468914e-05,1.91570394468914e-05,"gpath_trio"
"9471","TP53INP1","Exc L3-4 RORB CUX2",0.0594452526700299,-0.798336161713368,0.218968655464857,0.640218870535554,0.762134542565097,0.762134542565097,"gpath_trio"
"9472","AC068189.1","Exc L3-4 RORB CUX2",-0.369167048231091,0.238230693497595,24.0270460418213,1.67395202027028e-06,1.64500643005129e-05,1.64500643005129e-05,"gpath_trio"
"9473","PLEKHF2","Exc L3-4 RORB CUX2",0.0314377321550098,2.53345393914477,0.632730790607339,0.593850674309541,0.724268072701334,0.724268072701334,"gpath_trio"
"9474","C8orf37-AS1","Exc L3-4 RORB CUX2",-0.00899521709244082,4.03986163416859,0.036012290952887,0.849638176965009,0.916287166171745,0.916287166171745,"gpath_trio"
"9475","C8orf37","Exc L3-4 RORB CUX2",-0.0666384800471792,3.09097640664846,2.17814564610404,0.141193022115475,0.249568617239911,0.249568617239911,"gpath_trio"
"9476","GDF6","Exc L3-4 RORB CUX2",0.25565353986373,-1.09083898919852,1.53209419787565,0.216914968867952,0.346250454696648,0.346250454696648,"gpath_trio"
"9477","UQCRB","Exc L3-4 RORB CUX2",-0.237223328087795,5.43298174931107,48.9579563660784,2.21446534116153e-11,7.6370663688776e-10,7.6370663688776e-10,"gpath_trio"
"9478","MTERF3","Exc L3-4 RORB CUX2",-0.0236971312150403,3.65707060172788,0.400545581966916,0.527363849200811,0.667621559197017,0.667621559197017,"gpath_trio"
"9479","PTDSS1","Exc L3-4 RORB CUX2",-0.0403935307364118,5.61904199834451,4.45091215725949,0.0358383800169614,0.0843292881784693,0.0843292881784693,"gpath_trio"
"9480","SDC2","Exc L3-4 RORB CUX2",0.0815690222918316,2.37855150407606,1.82996815511763,0.17730648224086,0.296906845177325,0.296906845177325,"gpath_trio"
"9481","CPQ","Exc L3-4 RORB CUX2",-0.00274255672827183,4.56882278580503,0.00492709796787491,0.944093771620666,0.972981806418418,0.972981806418418,"gpath_trio"
"9482","TSPYL5","Exc L3-4 RORB CUX2",-0.148057180678786,3.55971791266277,21.8572050146893,4.72191581408516e-06,4.08160460793351e-05,4.08160460793351e-05,"gpath_trio"
"9483","MTDH","Exc L3-4 RORB CUX2",-0.00316793192845002,7.02893201348962,0.0640290082433581,0.800437606053779,0.883770116480211,0.883770116480211,"gpath_trio"
"9484","LAPTM4B","Exc L3-4 RORB CUX2",-0.0985698815665391,4.27117680346052,10.29938671687,0.00149782711057094,0.00596617215316262,0.00596617215316262,"gpath_trio"
"9485","MATN2","Exc L3-4 RORB CUX2",0.0833185910522301,3.37675512572859,2.06075901815517,0.152336771294575,0.26446900962637,0.26446900962637,"gpath_trio"
"9486","RPL30","Exc L3-4 RORB CUX2",-0.163839067975601,4.77394037816433,40.9449848123038,7.25131501596198e-10,1.65492398695739e-08,1.65492398695739e-08,"gpath_trio"
"9487","ERICH5","Exc L3-4 RORB CUX2",0.0565688490071791,1.27831898523061,0.854777200136178,0.356061642107098,0.50375481272866,0.50375481272866,"gpath_trio"
"9488","RIDA","Exc L3-4 RORB CUX2",-0.0149406796615379,3.81710285800127,0.299068530041962,0.859694856154595,0.923062465296378,0.923062465296378,"gpath_trio"
"9489","POP1","Exc L3-4 RORB CUX2",0.0183856452371505,4.39557788524595,0.554494651880313,0.457159477931001,0.602823037075682,0.602823037075682,"gpath_trio"
"9490","NIPAL2","Exc L3-4 RORB CUX2",0.00238134108238845,8.0012740847236,0.0064920882532167,0.93584312854175,0.969109144570926,0.969109144570926,"gpath_trio"
"9491","AP003438.1","Exc L3-4 RORB CUX2",0.0363087985632879,2.78378562013294,0.410155480443413,0.522454594633931,0.662800820394866,0.662800820394866,"gpath_trio"
"9492","STK3","Exc L3-4 RORB CUX2",0.0490115089758144,5.38458604290999,2.65381481001526,0.104512674246461,0.197855231577588,0.197855231577588,"gpath_trio"
"9493","KCNS2","Exc L3-4 RORB CUX2",-0.113984027443496,3.23566066856327,8.44232683268774,0.00398147448939093,0.0136865305543469,0.0136865305543469,"gpath_trio"
"9494","AP003355.2","Exc L3-4 RORB CUX2",-0.146160541990488,2.69366007689008,9.96585479132252,0.00178264768675518,0.00690703227967846,0.00690703227967846,"gpath_trio"
"9495","AC104986.2","Exc L3-4 RORB CUX2",0.0776608078174855,4.25355129987348,8.82756179746269,0.0032448956364043,0.011511476958758,0.011511476958758,"gpath_trio"
"9496","VPS13B","Exc L3-4 RORB CUX2",0.0620400826593704,7.83505784463972,29.1931316842967,1.48044570251469e-07,1.91707266034877e-06,1.91707266034877e-06,"gpath_trio"
"9497","AC018442.2","Exc L3-4 RORB CUX2",0.114585124782913,-1.60199830832054,0.48910176971741,0.484953424355128,0.628582397944829,0.628582397944829,"gpath_trio"
"9498","COX6C","Exc L3-4 RORB CUX2",-0.24415198366687,5.39521577700793,81.0596882507725,4.77990051554655e-17,6.49268743982068e-15,6.49268743982068e-15,"gpath_trio"
"9499","RGS22","Exc L3-4 RORB CUX2",0.0435798907099246,2.86274054940383,0.450038675888218,0.50291206928191,0.645600088938822,0.645600088938822,"gpath_trio"
"9500","FBXO43","Exc L3-4 RORB CUX2",-0.135872429685183,-0.626322744594787,1.45261642138989,0.229204358875757,0.360704346406909,0.360704346406909,"gpath_trio"
"9501","POLR2K","Exc L3-4 RORB CUX2",-0.302656124766494,4.13348561424416,101.194981501602,2.5480567026452e-20,8.71305830099439e-18,8.71305830099439e-18,"gpath_trio"
"9502","SPAG1","Exc L3-4 RORB CUX2",0.0246929631248309,5.18631147568672,1.16566475008784,0.28129430847562,0.422255407254139,0.422255407254139,"gpath_trio"
"9503","RNF19A","Exc L3-4 RORB CUX2",0.0308625170355245,6.61875988225021,4.73320727775165,0.0304865764328294,0.0737313209700711,0.0737313209700711,"gpath_trio"
"9504","ANKRD46","Exc L3-4 RORB CUX2",0.0371344989062466,5.77923067121201,3.88929934255332,0.0496544400957969,0.109675753112842,0.109675753112842,"gpath_trio"
"9505","SNX31","Exc L3-4 RORB CUX2",0.221591317033664,4.76569016983701,16.0640660762783,8.00309193068652e-05,0.000481115553342075,0.000481115553342075,"gpath_trio"
"9506","PABPC1","Exc L3-4 RORB CUX2",-0.0222736815793016,6.0132553612137,1.7152303528023,0.279037477688516,0.419679522317416,0.419679522317416,"gpath_trio"
"9507","YWHAZ","Exc L3-4 RORB CUX2",-0.0819335711709333,7.63746542095341,15.487515692864,0.000106658560849666,0.00061692559207053,0.00061692559207053,"gpath_trio"
"9508","AC018781.1","Exc L3-4 RORB CUX2",-0.193841929696609,-0.605910779962466,3.59405232180456,0.0590954981787037,0.125977565062907,0.125977565062907,"gpath_trio"
"9509","AP003469.2","Exc L3-4 RORB CUX2",0.01921614433398,-0.254115890720032,0.036561741082992,0.848509319917554,0.915731011519025,0.915731011519025,"gpath_trio"
"9510","AP003469.4","Exc L3-4 RORB CUX2",0.094019024262044,4.3215563298992,10.7872468090412,0.00116235860936048,0.00482720974554295,0.00482720974554295,"gpath_trio"
"9511","ZNF706","Exc L3-4 RORB CUX2",0.0953126013854901,6.60952408050364,23.6846630462437,1.97005947422342e-06,1.88816864097185e-05,1.88816864097185e-05,"gpath_trio"
"9512","AP001330.5","Exc L3-4 RORB CUX2",-0.190964959493151,-0.697894387604887,2.94957742526937,0.0870907115730784,0.171520412532883,0.171520412532883,"gpath_trio"
"9513","AP001330.1","Exc L3-4 RORB CUX2",0.129032780001714,1.03102648673109,3.3859388816815,0.0668944502446804,0.139190958507263,0.139190958507263,"gpath_trio"
"9514","GRHL2","Exc L3-4 RORB CUX2",-0.151033579729782,-0.106349964710364,3.05804487168621,0.0815183832745899,0.162766898023966,0.162766898023966,"gpath_trio"
"9515","NCALD","Exc L3-4 RORB CUX2",0.0453308267179745,8.38246741007484,3.38447759173331,0.0669529673473867,0.139255269714796,0.139255269714796,"gpath_trio"
"9516","AP000426.1","Exc L3-4 RORB CUX2",-0.240205227835895,-0.614451227904867,3.43842097999981,0.0648288151482094,0.13570464262452,0.13570464262452,"gpath_trio"
"9517","RRM2B","Exc L3-4 RORB CUX2",-0.0120217882075685,4.10421760446021,0.239635208410172,0.624882446264803,0.749613708728291,0.749613708728291,"gpath_trio"
"9518","UBR5-AS1","Exc L3-4 RORB CUX2",0.0960820926669046,3.13925587673551,6.45222397440116,0.0116639552902037,0.0335979865762222,0.0335979865762222,"gpath_trio"
"9519","UBR5","Exc L3-4 RORB CUX2",0.104860425962983,7.91214917540082,65.5169429661939,2.22705376491336e-14,1.549338265763e-12,1.549338265763e-12,"gpath_trio"
"9520","AP002852.1","Exc L3-4 RORB CUX2",-0.210289172586635,1.9413179116797,12.8687502442808,0.000399103269957269,0.00193230344885719,0.00193230344885719,"gpath_trio"
"9521","ODF1","Exc L3-4 RORB CUX2",-0.0406588309568928,-1.3764100940407,0.080500689922556,0.776845831090275,0.868483929457206,0.868483929457206,"gpath_trio"
"9522","KLF10","Exc L3-4 RORB CUX2",-0.162919095044923,1.85496053348776,5.43428324226043,0.0205099773508039,0.0533714424161575,0.0533714424161575,"gpath_trio"
"9523","AZIN1","Exc L3-4 RORB CUX2",-0.0445118649615409,5.74584076775371,6.61301241836819,0.0106800373412338,0.0312139292132975,0.0312139292132975,"gpath_trio"
"9524","AZIN1-AS1","Exc L3-4 RORB CUX2",0.108146115735425,5.43159052946075,10.9443340221079,0.0010715069182832,0.00449519288613701,0.00449519288613701,"gpath_trio"
"9525","AP003354.2","Exc L3-4 RORB CUX2",-0.117913036786163,2.97551919683548,7.37776853290387,0.00704645035495253,0.022096028375612,0.022096028375612,"gpath_trio"
"9526","ATP6V1C1","Exc L3-4 RORB CUX2",-0.0148477214833353,6.48055784878544,0.910169229823509,0.340955622350959,0.487467606015247,0.487467606015247,"gpath_trio"
"9527","BAALC-AS2","Exc L3-4 RORB CUX2",-0.13889102170343,0.923947230354164,3.87122826719782,0.0501834557159736,0.110614139524721,0.110614139524721,"gpath_trio"
"9528","BAALC","Exc L3-4 RORB CUX2",0.0243764183267518,6.9371795905087,1.03069010284509,0.310940415128887,0.455505581994285,0.455505581994285,"gpath_trio"
"9529","BAALC-AS1","Exc L3-4 RORB CUX2",-0.0227086321735184,3.98549349427385,0.209940464417725,0.647196781329093,0.767844461235781,0.767844461235781,"gpath_trio"
"9530","FZD6","Exc L3-4 RORB CUX2",-0.019507273233721,3.58778435876547,0.187377844247505,0.665466882387428,0.783083947966449,0.783083947966449,"gpath_trio"
"9531","CTHRC1","Exc L3-4 RORB CUX2",-0.08783712248369,0.834973265869397,1.39669156086462,0.238358041701127,0.371743467170705,0.371743467170705,"gpath_trio"
"9532","AC012213.3","Exc L3-4 RORB CUX2",0.151052674506773,-0.25169693587985,2.21534678380426,0.137856191896748,0.245195157499505,0.245195157499505,"gpath_trio"
"9533","SLC25A32","Exc L3-4 RORB CUX2",-0.0107563615629901,4.81836813455007,0.253863315894748,0.614794477814682,0.741613069650894,0.741613069650894,"gpath_trio"
"9534","DCAF13","Exc L3-4 RORB CUX2",-0.00665458561612058,2.98047115716001,0.0356831064706846,0.850318771949167,0.916654086244961,0.916654086244961,"gpath_trio"
"9535","AC012213.2","Exc L3-4 RORB CUX2",0.0462297590246216,-0.654599664262191,0.162396613823194,0.930280040320742,0.965701045200462,0.965701045200462,"gpath_trio"
"9536","AC012213.4","Exc L3-4 RORB CUX2",-0.0415433273094105,1.4283315785081,0.451886654889341,0.502037281392482,0.644723243290473,0.644723243290473,"gpath_trio"
"9537","AC012213.1","Exc L3-4 RORB CUX2",0.0627448042286488,3.30333872492462,3.60830360767763,0.0585983120754533,0.12502336570667,0.12502336570667,"gpath_trio"
"9538","RIMS2","Exc L3-4 RORB CUX2",0.101556283247715,10.6929282545536,54.3531855405886,2.23728233928436e-12,9.855277553507e-11,9.855277553507e-11,"gpath_trio"
"9539","DPYS","Exc L3-4 RORB CUX2",0.137110130216293,4.93527558765881,15.1619417511691,0.000125502166341229,0.000709841941669275,0.000709841941669275,"gpath_trio"
"9540","DCSTAMP","Exc L3-4 RORB CUX2",-0.183497158018919,0.206453678069863,1.95644301273467,0.163085921580634,0.278081344480164,0.278081344480164,"gpath_trio"
"9541","LRP12","Exc L3-4 RORB CUX2",0.0488996061034383,6.01224687037734,8.03724485468563,0.00494250699523481,0.0164383578352889,0.0164383578352889,"gpath_trio"
"9542","ZFPM2","Exc L3-4 RORB CUX2",0.0780356589871799,9.01103142346611,14.624983627264,0.000164260701510586,0.000895347798250813,0.000895347798250813,"gpath_trio"
"9543","AC021546.1","Exc L3-4 RORB CUX2",-0.119180620074242,-0.733828734354904,1.03125904869474,0.310807170558923,0.455352140956271,0.455352140956271,"gpath_trio"
"9544","AC103853.1","Exc L3-4 RORB CUX2",-0.317341167986137,1.46135644367122,18.0163188801773,3.05022562097878e-05,0.000209456439425619,0.000209456439425619,"gpath_trio"
"9545","AC090802.1","Exc L3-4 RORB CUX2",-0.0476626444428038,-1.6445702927699,0.0568536855517673,0.811727574817774,0.891340762093756,0.891340762093756,"gpath_trio"
"9546","AC027031.2","Exc L3-4 RORB CUX2",-0.00195720387647967,4.47592229806468,0.00367077796097891,0.951734713880832,0.976378491813578,0.976378491813578,"gpath_trio"
"9547","OXR1","Exc L3-4 RORB CUX2",0.0947207422252817,10.3444163729885,41.3241227323884,6.13327408454231e-10,1.42556226561798e-08,1.42556226561798e-08,"gpath_trio"
"9548","AC090579.1","Exc L3-4 RORB CUX2",-0.395283491373217,5.58388214323503,128.412759994027,1.85935560225289e-24,2.34453120471576e-21,2.34453120471576e-21,"gpath_trio"
"9549","ABRA","Exc L3-4 RORB CUX2",-0.173724391919489,-1.06145014730381,1.45075585390254,0.229501963513062,0.361076198566025,0.361076198566025,"gpath_trio"
"9550","ANGPT1","Exc L3-4 RORB CUX2",-0.755234355792503,-1.19626068201064,8.77129750280017,0.00334310162760599,0.0118224496646715,0.0118224496646715,"gpath_trio"
"9551","RSPO2","Exc L3-4 RORB CUX2",0.106450145406891,6.86165599135213,9.24340988118323,0.00260477398651855,0.00956320665906034,0.00956320665906034,"gpath_trio"
"9552","EIF3E","Exc L3-4 RORB CUX2",0.0479109524724231,5.37498710054539,5.91150611895917,0.0157184761424655,0.0430752860872375,0.0430752860872375,"gpath_trio"
"9553","EMC2","Exc L3-4 RORB CUX2",-0.0253275685623448,4.50331820323873,1.04644987328807,0.307276951572809,0.451450079957867,0.451450079957867,"gpath_trio"
"9554","TMEM74","Exc L3-4 RORB CUX2",-0.0457197708111945,3.64778586974096,1.5359699740955,0.21633617383837,0.345463218868854,0.345463218868854,"gpath_trio"
"9555","AC104248.1","Exc L3-4 RORB CUX2",-0.0491126087918013,2.14198790451506,0.251099875424859,0.616725644817953,0.742980948393107,0.742980948393107,"gpath_trio"
"9556","NUDCD1","Exc L3-4 RORB CUX2",0.0842952080950904,4.67245725003641,24.1820881550974,1.55507343337508e-06,1.5417005660119e-05,1.5417005660119e-05,"gpath_trio"
"9557","AC021237.1","Exc L3-4 RORB CUX2",-0.166444519766054,-1.03333201605566,1.87972854641622,0.171547229137702,0.289209798240199,0.289209798240199,"gpath_trio"
"9558","ENY2","Exc L3-4 RORB CUX2",-0.183431484718805,4.99457354630897,57.6153263961781,5.71282858506442e-13,2.81800285339058e-11,2.81800285339058e-11,"gpath_trio"
"9559","PKHD1L1","Exc L3-4 RORB CUX2",-0.180563712872302,-0.92202850302145,2.14985692045934,0.143791531960888,0.252898104551558,0.252898104551558,"gpath_trio"
"9560","EBAG9","Exc L3-4 RORB CUX2",-0.0392277420158384,4.29764792882478,2.98598304391054,0.0851755853915837,0.168587995219778,0.168587995219778,"gpath_trio"
"9561","SYBU","Exc L3-4 RORB CUX2",0.063198156632321,8.13882241515175,27.3276051992761,3.53054632036231e-07,4.12466663162208e-06,4.12466663162208e-06,"gpath_trio"
"9562","AC079061.1","Exc L3-4 RORB CUX2",0.108409356312374,-0.193035766583084,1.17788489023498,0.751987339248134,0.850507039428809,0.850507039428809,"gpath_trio"
"9563","KCNV1","Exc L3-4 RORB CUX2",-0.0968921120749622,5.26169846792519,12.3252285794658,0.000526618174114284,0.00245030481152114,0.00245030481152114,"gpath_trio"
"9564","AC025366.1","Exc L3-4 RORB CUX2",0.108436559031725,2.63015191707059,6.57476187801611,0.0109060539270684,0.0317365697358439,0.0317365697358439,"gpath_trio"
"9565","AP005357.1","Exc L3-4 RORB CUX2",0.189736688363854,0.710869416750804,7.40636777698544,0.00693840442946808,0.0218278979205549,0.0218278979205549,"gpath_trio"
"9566","LINC01609","Exc L3-4 RORB CUX2",-0.239491383241141,3.85272992842188,13.6879142858747,0.000263394518865174,0.00135733957039716,0.00135733957039716,"gpath_trio"
"9567","LINC02237","Exc L3-4 RORB CUX2",-0.251230116260489,0.969581053078941,17.2618798589705,4.42194502155544e-05,0.000289557743621814,0.000289557743621814,"gpath_trio"
"9568","CSMD3","Exc L3-4 RORB CUX2",0.114280075744162,9.93693851493291,61.8793851275542,9.81283091480868e-14,5.87459536220372e-12,5.87459536220372e-12,"gpath_trio"
"9569","AC103993.1","Exc L3-4 RORB CUX2",0.359532562403472,-0.984531344624095,7.08702800444891,0.00824827850104586,0.0251944010232551,0.0251944010232551,"gpath_trio"
"9570","TRPS1","Exc L3-4 RORB CUX2",0.163382310027619,6.98652678427477,27.4793875055341,3.28860620462823e-07,3.87771070592487e-06,3.87771070592487e-06,"gpath_trio"
"9571","LINC00536","Exc L3-4 RORB CUX2",0.0600257247734422,2.11919253059235,1.22172251203067,0.270044603769259,0.409392234182719,0.409392234182719,"gpath_trio"
"9572","EIF3H","Exc L3-4 RORB CUX2",0.00636991436041363,5.57924676105227,0.155499566249103,0.693657458943402,0.805580199987516,0.805580199987516,"gpath_trio"
"9573","UTP23","Exc L3-4 RORB CUX2",0.098162604832194,6.26644024731748,21.1471080561976,6.64681167760599e-06,5.51849488048152e-05,5.51849488048152e-05,"gpath_trio"
"9574","RAD21","Exc L3-4 RORB CUX2",-0.0735850391789166,5.72112390877404,21.0560872668646,6.94525860782943e-06,5.7238804090261e-05,5.7238804090261e-05,"gpath_trio"
"9575","AARD","Exc L3-4 RORB CUX2",-0.0778425885234079,0.129523541539187,0.472936966242586,0.492252135866762,0.63590238891716,0.63590238891716,"gpath_trio"
"9576","SLC30A8","Exc L3-4 RORB CUX2",0.136062203550312,1.43179926669147,1.70405720594432,0.19291217927772,0.316474485032362,0.316474485032362,"gpath_trio"
"9577","MED30","Exc L3-4 RORB CUX2",0.0215415298758941,3.51721302909605,0.505314232678255,0.477811524452121,0.621850302407603,0.621850302407603,"gpath_trio"
"9578","EXT1","Exc L3-4 RORB CUX2",0.0749014323335979,7.7685540939277,16.3411413151202,6.97400839503489e-05,0.000426882947117199,0.000426882947117199,"gpath_trio"
"9579","SAMD12","Exc L3-4 RORB CUX2",0.116815297239402,9.29669857699744,84.799215212159,1.13906112921059e-17,1.78143862649796e-15,1.78143862649796e-15,"gpath_trio"
"9580","AC023590.1","Exc L3-4 RORB CUX2",-0.376496871950891,4.32405937686625,60.2589068492061,1.91091486679646e-13,1.06499191816626e-11,1.06499191816626e-11,"gpath_trio"
"9581","SAMD12-AS1","Exc L3-4 RORB CUX2",0.049047444495158,3.7645833967721,1.59191139246995,0.208183968456142,0.335874575258111,0.335874575258111,"gpath_trio"
"9582","TNFRSF11B","Exc L3-4 RORB CUX2",0.145470021252612,-1.30559576466735,0.980432892342002,0.323012513404017,0.468529546187795,0.468529546187795,"gpath_trio"
"9583","COLEC10","Exc L3-4 RORB CUX2",0.0265155318329243,2.02941486648439,0.227096762216245,0.687627183098227,0.80065452310609,0.80065452310609,"gpath_trio"
"9584","MAL2","Exc L3-4 RORB CUX2",-0.0582350644378652,5.76515218440329,5.44066618071498,0.0204367346116054,0.0532283290746934,0.0532283290746934,"gpath_trio"
"9585","MAL2-AS1","Exc L3-4 RORB CUX2",-0.0824121227319211,1.21953648677439,1.62761415398608,0.203171925340134,0.329660092788901,0.329660092788901,"gpath_trio"
"9586","NOV","Exc L3-4 RORB CUX2",-0.0715861447828463,2.34187801537572,1.59267604195419,0.208075098065319,0.335752627646789,0.335752627646789,"gpath_trio"
"9587","AC021733.1","Exc L3-4 RORB CUX2",-0.181132482381268,0.0274023675086793,4.69048481045043,0.031239345981563,0.0752362188346704,0.0752362188346704,"gpath_trio"
"9588","TAF2","Exc L3-4 RORB CUX2",0.0289584382757561,5.88261916177179,3.31108634404683,0.0699639193882534,0.144283151758971,0.144283151758971,"gpath_trio"
"9589","DSCC1","Exc L3-4 RORB CUX2",-0.10719478512566,2.71892016444309,2.41769782683769,0.121187467299272,0.221922753185266,0.221922753185266,"gpath_trio"
"9590","AP005717.1","Exc L3-4 RORB CUX2",0.188914705473059,-0.870969686123034,2.56723536872304,0.110312394097717,0.206394560968325,0.206394560968325,"gpath_trio"
"9591","DEPTOR","Exc L3-4 RORB CUX2",0.139884528465695,4.77194619884112,16.5425281425103,6.31108347795496e-05,0.000393467580864467,0.000393467580864467,"gpath_trio"
"9592","AC091563.1","Exc L3-4 RORB CUX2",0.0652376006936515,2.09815329781707,1.75061266686474,0.186962104328288,0.309177086460918,0.309177086460918,"gpath_trio"
"9593","COL14A1","Exc L3-4 RORB CUX2",0.107284850731688,2.64774640329751,3.10155670121514,0.079392899463809,0.159537026561987,0.159537026561987,"gpath_trio"
"9594","MRPL13","Exc L3-4 RORB CUX2",-0.0286581781299129,3.85731117732283,1.21618443923787,0.27113045100442,0.410562003897444,0.410562003897444,"gpath_trio"
"9595","MTBP","Exc L3-4 RORB CUX2",0.0112189973693503,4.32024539826537,0.140175707259627,0.708411559872515,0.817164277897541,0.817164277897541,"gpath_trio"
"9596","SNTB1","Exc L3-4 RORB CUX2",-0.0957033130403566,0.823015086351396,0.842420433737757,0.359556044522874,0.507443393505189,0.507443393505189,"gpath_trio"
"9597","AC068413.1","Exc L3-4 RORB CUX2",-0.0880556732322652,0.331184199690781,1.55371495277901,0.601948310164668,0.730967730094023,0.730967730094023,"gpath_trio"
"9598","AC037486.1","Exc L3-4 RORB CUX2",-0.240831293003515,-0.591314340350196,2.88737908318446,0.090472103769793,0.176576830178541,0.176576830178541,"gpath_trio"
"9599","ZHX2","Exc L3-4 RORB CUX2",0.221923205459631,2.81714618723035,1.91050308432901,0.168093606816506,0.28481667395233,0.28481667395233,"gpath_trio"
"9600","AC104316.1","Exc L3-4 RORB CUX2",-0.642320945046954,1.84863728685216,83.0685854001625,2.20762193350009e-17,3.15877819208257e-15,3.15877819208257e-15,"gpath_trio"
"9601","DERL1","Exc L3-4 RORB CUX2",-0.0465832632468801,4.01917618233345,3.98442835356925,0.046965605146822,0.104896610631809,0.104896610631809,"gpath_trio"
"9602","TBC1D31","Exc L3-4 RORB CUX2",0.0138784360608912,4.6902144317928,0.379351497338534,0.538489306432263,0.677270482695117,0.677270482695117,"gpath_trio"
"9603","FAM83A","Exc L3-4 RORB CUX2",-0.273945924768562,0.33908735527702,14.5544059130642,0.000170188429456073,0.000923991271333767,0.000923991271333767,"gpath_trio"
"9604","C8orf76","Exc L3-4 RORB CUX2",-0.109403699983262,2.714380289283,10.7778176990827,0.00116805539679129,0.00484488438122211,0.00484488438122211,"gpath_trio"
"9605","ZHX1-C8orf76","Exc L3-4 RORB CUX2",-0.0936609188998185,1.64873181650375,3.77088724763071,0.0532320155720894,0.115802880544199,0.115802880544199,"gpath_trio"
"9606","ATAD2","Exc L3-4 RORB CUX2",-0.000750878779624511,5.42270144944733,0.00157079055475208,0.9684159731508,0.983671350252197,0.983671350252197,"gpath_trio"
"9607","WDYHV1","Exc L3-4 RORB CUX2",-0.13274200798788,2.99421330815165,14.272559358695,0.000196106961331232,0.00104668199599408,0.00104668199599408,"gpath_trio"
"9608","FBXO32","Exc L3-4 RORB CUX2",0.0772666449572707,6.46555965603001,8.23988658007596,0.00443515109507611,0.0149705827912265,0.0149705827912265,"gpath_trio"
"9609","AC090193.1","Exc L3-4 RORB CUX2",-0.359152221135036,-0.147239242534394,16.3667908422046,6.88580020727736e-05,0.000422895035561098,0.000422895035561098,"gpath_trio"
"9610","ANXA13","Exc L3-4 RORB CUX2",-0.112654412812888,0.865071852201703,3.50780764363009,0.0622022849668308,0.131447690290752,0.131447690290752,"gpath_trio"
"9611","FAM91A1","Exc L3-4 RORB CUX2",-0.0275861422027633,4.52619519964591,2.01540955146326,0.15690706776583,0.270402331269806,0.270402331269806,"gpath_trio"
"9612","FER1L6","Exc L3-4 RORB CUX2",-0.157609242089676,0.71552426033563,5.03906724961127,0.0256229260072851,0.063914754228113,0.063914754228113,"gpath_trio"
"9613","FER1L6-AS1","Exc L3-4 RORB CUX2",-0.0164601027855596,-0.0244428990032261,0.0254490620230707,0.873377050968019,0.931900888686259,0.931900888686259,"gpath_trio"
"9614","FER1L6-AS2","Exc L3-4 RORB CUX2",0.0545107413007785,2.18479279179048,0.765780771504066,0.382333119912718,0.530543413868841,0.530543413868841,"gpath_trio"
"9615","AC090921.1","Exc L3-4 RORB CUX2",-0.00416759688381261,3.3212590105695,0.00816402700790809,0.928074676561506,0.964354480821404,0.964354480821404,"gpath_trio"
"9616","TMEM65","Exc L3-4 RORB CUX2",0.00261393806959366,6.55487852193897,0.0114397137932765,0.914905891997006,0.957079040290346,0.957079040290346,"gpath_trio"
"9617","TRMT12","Exc L3-4 RORB CUX2",0.0589023981214038,3.46209888403468,4.31408156520842,0.0387801176036849,0.0899504337381401,0.0899504337381401,"gpath_trio"
"9618","RNF139-AS1","Exc L3-4 RORB CUX2",0.0899738413597584,3.25552983615111,4.53977866695103,0.0340544676665322,0.0808197723999868,0.0808197723999868,"gpath_trio"
"9619","RNF139","Exc L3-4 RORB CUX2",-0.0750953743738413,3.59146626035917,8.2688227122378,0.00436718965397309,0.0147857109026527,0.0147857109026527,"gpath_trio"
"9620","TATDN1","Exc L3-4 RORB CUX2",0.0773902229287139,5.59957601304934,16.3883241918351,6.81262074567501e-05,0.000419166281012483,0.000419166281012483,"gpath_trio"
"9621","AC090198.1","Exc L3-4 RORB CUX2",0.0286416370837934,0.0531358798232083,0.131482498639032,0.717404757930565,0.8240984450976,0.8240984450976,"gpath_trio"
"9622","NDUFB9","Exc L3-4 RORB CUX2",-0.191209112738551,3.8305405837276,44.9120895601613,1.27243340697442e-10,3.48322170769457e-09,3.48322170769457e-09,"gpath_trio"
"9623","MTSS1","Exc L3-4 RORB CUX2",0.151918849382431,5.20584386881449,26.7461784972158,4.63598563341271e-07,5.2135457165051e-06,5.2135457165051e-06,"gpath_trio"
"9624","AC090922.1","Exc L3-4 RORB CUX2",-0.337327193737219,-0.699690461729618,8.33675429752896,0.00421180343003182,0.0143632748818276,0.0143632748818276,"gpath_trio"
"9625","AC100858.3","Exc L3-4 RORB CUX2",-0.23984547452213,-0.875407469021987,4.03095433973149,0.045707214551935,0.102654241743882,0.102654241743882,"gpath_trio"
"9626","LINC00964","Exc L3-4 RORB CUX2",0.0943901028357795,1.50402066094427,1.45998154778902,0.228030849657875,0.359163275185231,0.359163275185231,"gpath_trio"
"9627","SQLE","Exc L3-4 RORB CUX2",0.0157355707343824,4.15316659580768,0.149572020757622,0.699261017056726,0.810106597875269,0.810106597875269,"gpath_trio"
"9628","WASHC5","Exc L3-4 RORB CUX2",0.039650675238611,4.97861601836346,4.73977375874027,0.0303725732281918,0.0734908449123014,0.0734908449123014,"gpath_trio"
"9629","NSMCE2","Exc L3-4 RORB CUX2",0.0883758289666682,7.43262195993358,39.6877784825537,1.26570332351135e-09,2.73107642265684e-08,2.73107642265684e-08,"gpath_trio"
"9630","TRIB1","Exc L3-4 RORB CUX2",-0.254960810025441,-1.08192249090167,2.7921073369667,0.0959327468549975,0.184662071157292,0.184662071157292,"gpath_trio"
"9631","PCAT1","Exc L3-4 RORB CUX2",-0.104788350484846,2.64646308205715,5.32168394400037,0.0218479734824282,0.0562223042102026,0.0562223042102026,"gpath_trio"
"9632","CASC8","Exc L3-4 RORB CUX2",-0.147114932162757,0.128067717326963,2.61126628341138,0.107319693939297,0.2018999277532,0.2018999277532,"gpath_trio"
"9633","CASC11","Exc L3-4 RORB CUX2",-0.29097062319127,-0.0544725370500942,10.120657807798,0.00164415352072847,0.00645723131802548,0.00645723131802548,"gpath_trio"
"9634","MYC","Exc L3-4 RORB CUX2",-0.0888177520929982,0.0181958957847808,0.912914647000438,0.340229750205597,0.486954230196452,0.486954230196452,"gpath_trio"
"9635","PVT1","Exc L3-4 RORB CUX2",0.140797527476907,6.3400595886515,19.9380727972479,1.19333877877575e-05,9.27769166158024e-05,9.27769166158024e-05,"gpath_trio"
"9636","CCDC26","Exc L3-4 RORB CUX2",-0.102948435255052,2.84734999362298,4.69735830325976,0.0311169305111484,0.0750219884698675,0.0750219884698675,"gpath_trio"
"9637","FAM49B","Exc L3-4 RORB CUX2",-0.00960473487709447,8.10264859594098,0.374884961606155,0.540888589185855,0.679436354325672,0.679436354325672,"gpath_trio"
"9638","AC022973.3","Exc L3-4 RORB CUX2",-0.386293439539844,-0.0167120803180834,19.4138262415287,1.53991881076517e-05,0.000115752093916495,0.000115752093916495,"gpath_trio"
"9639","AC022973.2","Exc L3-4 RORB CUX2",-0.510498981068247,1.32174908519347,63.7254454419963,4.61276157446923e-14,2.98277130656784e-12,2.98277130656784e-12,"gpath_trio"
"9640","ASAP1","Exc L3-4 RORB CUX2",0.0435801803465915,8.41736784270606,6.03388098666492,0.0146881380682989,0.0407667059468882,0.0407667059468882,"gpath_trio"
"9641","ADCY8","Exc L3-4 RORB CUX2",0.131969995635565,6.17479592129654,14.0880392840209,0.000215211963767308,0.00113811307182318,0.00113811307182318,"gpath_trio"
"9642","AC103726.2","Exc L3-4 RORB CUX2",-0.235409498195504,-0.0402779871063947,5.10509044126926,0.0246839660937153,0.0619401761120282,0.0619401761120282,"gpath_trio"
"9643","EFR3A","Exc L3-4 RORB CUX2",0.0779976560979231,7.02436529624043,34.7046914249362,1.18331758235427e-08,2.0214591214223e-07,2.0214591214223e-07,"gpath_trio"
"9644","HHLA1","Exc L3-4 RORB CUX2",0.0883485847953643,0.286346044632392,0.836235556776846,0.36132287531505,0.509163163335973,0.509163163335973,"gpath_trio"
"9645","KCNQ3","Exc L3-4 RORB CUX2",0.082631199842345,9.31598454927685,9.56194528652001,0.00220285284821085,0.00828688350040163,0.00828688350040163,"gpath_trio"
"9646","LRRC6","Exc L3-4 RORB CUX2",0.0600071988706262,6.4525841317256,12.1753909199959,0.000568574616389899,0.00261417340147361,0.00261417340147361,"gpath_trio"
"9647","TMEM71","Exc L3-4 RORB CUX2",-0.0545336044456901,-0.468019586439573,0.283023947833033,0.595180302613358,0.725325436739625,0.725325436739625,"gpath_trio"
"9648","PHF20L1","Exc L3-4 RORB CUX2",0.0374887052420374,6.82288184592373,5.71374939548547,0.0175448495200555,0.0470391075059582,0.0470391075059582,"gpath_trio"
"9649","TG","Exc L3-4 RORB CUX2",-0.0624866325689983,1.20104909755577,0.332455625270567,0.564715512792848,0.700211140716348,0.700211140716348,"gpath_trio"
"9650","SLA","Exc L3-4 RORB CUX2",-0.179440469208073,0.03720899284431,2.94923761982692,0.0871088064507436,0.171539304064788,0.171539304064788,"gpath_trio"
"9651","NDRG1","Exc L3-4 RORB CUX2",-0.0297037560902345,4.40913703028026,0.550777989276973,0.458669869890017,0.604419635860946,0.604419635860946,"gpath_trio"
"9652","ST3GAL1","Exc L3-4 RORB CUX2",0.0670737935898644,4.99322982892822,2.55808286334274,0.110945984002567,0.207406896520737,0.207406896520737,"gpath_trio"
"9653","AC103706.1","Exc L3-4 RORB CUX2",-0.118950386487547,2.4289070848391,6.03216499164441,0.0147020912578625,0.0407885988899032,0.0407885988899032,"gpath_trio"
"9654","AC105180.1","Exc L3-4 RORB CUX2",0.102563868301632,1.98348985400534,0.895466196124502,0.344878896576493,0.4918135488451,0.4918135488451,"gpath_trio"
"9655","ZFAT","Exc L3-4 RORB CUX2",0.0874588738553108,5.18445645830035,11.0685863999198,0.00100479091680391,0.00425964630101257,0.00425964630101257,"gpath_trio"
"9656","AC083843.3","Exc L3-4 RORB CUX2",0.186879267434634,1.56783462355138,9.96941462851065,0.00177933278476106,0.00689773716827686,0.00689773716827686,"gpath_trio"
"9657","AC103764.1","Exc L3-4 RORB CUX2",-0.105805236950808,-1.29235547506145,0.412945018402554,0.521044739887542,0.66171960387959,0.66171960387959,"gpath_trio"
"9658","LINC01591","Exc L3-4 RORB CUX2",-0.000120255348373453,1.98932845140505,8.79565470909983e-08,0.999763595052167,0.999912280893192,0.999912280893192,"gpath_trio"
"9659","KHDRBS3","Exc L3-4 RORB CUX2",0.0965506301435218,9.60425005691023,17.6829214234612,3.59345624880275e-05,0.000240937121367881,0.000240937121367881,"gpath_trio"
"9660","AC079098.1","Exc L3-4 RORB CUX2",0.0128349982693585,0.468754248346661,0.0201542221395901,0.887217143817395,0.940945480550699,0.940945480550699,"gpath_trio"
"9661","AC013546.1","Exc L3-4 RORB CUX2",0.197532725740687,2.39957763402102,6.84565103457896,0.00940566262012077,0.0281166459269427,0.0281166459269427,"gpath_trio"
"9662","LINC02055","Exc L3-4 RORB CUX2",0.177273002919368,8.01741869327602,5.99553023254406,0.0150032778965567,0.0414872713216873,0.0414872713216873,"gpath_trio"
"9663","AC046195.1","Exc L3-4 RORB CUX2",-0.0100909081142969,3.49647227672061,0.0538904799132485,0.816609378959554,0.89419592989927,0.89419592989927,"gpath_trio"
"9664","FAM135B","Exc L3-4 RORB CUX2",0.0428132341337267,8.04601735134452,3.09797230968657,0.0795657002125091,0.159804679122685,0.159804679122685,"gpath_trio"
"9665","COL22A1","Exc L3-4 RORB CUX2",-0.0737641544435834,0.582830671821216,0.545964789310358,0.460637670527427,0.606458170379199,0.606458170379199,"gpath_trio"
"9666","KCNK9","Exc L3-4 RORB CUX2",0.0126646638610911,4.33164439927116,0.177986082903342,0.673458319679743,0.789713548360291,0.789713548360291,"gpath_trio"
"9667","TRAPPC9","Exc L3-4 RORB CUX2",-0.014038012113346,7.30616770271399,0.75298845354137,0.386331887518192,0.534445551816696,0.534445551816696,"gpath_trio"
"9668","AC107375.1","Exc L3-4 RORB CUX2",0.109989173292223,2.46924028519018,7.07015213688882,0.00832420775910271,0.0253917283852279,0.0253917283852279,"gpath_trio"
"9669","CHRAC1","Exc L3-4 RORB CUX2",0.00822534851059681,1.62021463005108,0.0293243710644143,0.86416541743122,0.926285054546534,0.926285054546534,"gpath_trio"
"9670","AGO2","Exc L3-4 RORB CUX2",0.0109059015185739,5.67371839450788,0.314793949605052,0.575236426737297,0.708942877790163,0.708942877790163,"gpath_trio"
"9671","PTK2","Exc L3-4 RORB CUX2",0.0689399021234872,9.32425940623511,12.8069058178121,0.00041186878945485,0.00198600688987849,0.00198600688987849,"gpath_trio"
"9672","DENND3","Exc L3-4 RORB CUX2",-0.0360012788713578,6.3753639365977,2.52903738722099,0.11298350288548,0.21006747495296,0.21006747495296,"gpath_trio"
"9673","AC040970.1","Exc L3-4 RORB CUX2",-0.00431778330751773,1.27425923544649,0.00293117640463168,0.95686492860773,0.978600861478262,0.978600861478262,"gpath_trio"
"9674","SLC45A4","Exc L3-4 RORB CUX2",0.124955316389861,5.75459604214322,42.466991501392,3.70775453512732e-10,8.99085910410983e-09,8.99085910410983e-09,"gpath_trio"
"9675","GPR20","Exc L3-4 RORB CUX2",0.197954596216668,-0.487525736563168,2.23224732947188,0.136369703608524,0.243323496091092,0.243323496091092,"gpath_trio"
"9676","PTP4A3","Exc L3-4 RORB CUX2",-0.117736633801542,2.64367722902548,7.58632595703059,0.00629650483120336,0.0201798228704572,0.0201798228704572,"gpath_trio"
"9677","AC138647.1","Exc L3-4 RORB CUX2",-0.112447211792344,2.18030978864683,4.42252531763024,0.0364287394557361,0.0854727135114692,0.0854727135114692,"gpath_trio"
"9678","LINC00051","Exc L3-4 RORB CUX2",-0.408141467103823,-0.799613046341439,8.98035318510551,0.00299282945173721,0.0107572303917332,0.0107572303917332,"gpath_trio"
"9679","TSNARE1","Exc L3-4 RORB CUX2",0.0405630182944015,5.6118228241153,3.94883570165067,0.0479530769951881,0.106559459012878,0.106559459012878,"gpath_trio"
"9680","ADGRB1","Exc L3-4 RORB CUX2",0.0186704551888067,6.09687357219684,0.6028694909742,0.438191024043399,0.585010629155288,0.585010629155288,"gpath_trio"
"9681","ARC","Exc L3-4 RORB CUX2",-0.0635010222313128,2.84215713891051,0.879853956542658,0.349112180673665,0.496324307313875,0.496324307313875,"gpath_trio"
"9682","AC108002.3","Exc L3-4 RORB CUX2",-0.481187844754152,-0.140168601782375,15.0156904091255,0.000135033815161648,0.000755283399192195,0.000755283399192195,"gpath_trio"
"9683","JRK","Exc L3-4 RORB CUX2",0.0167951737510881,4.07749028568214,0.445077923520406,0.505273316956904,0.647683408704844,0.647683408704844,"gpath_trio"
"9684","PSCA","Exc L3-4 RORB CUX2",0.105752948836224,-0.317490658104214,0.721278463760153,0.396506147133464,0.544629052179849,0.544629052179849,"gpath_trio"
"9685","AC108002.1","Exc L3-4 RORB CUX2",0.0631997309219999,2.54153178311992,1.55366743331115,0.21371664720453,0.342283876815471,0.342283876815471,"gpath_trio"
"9686","THEM6","Exc L3-4 RORB CUX2",-0.16671318955537,3.75911813648383,25.3490852417185,8.94801652483369e-07,9.35472444780398e-06,9.35472444780398e-06,"gpath_trio"
"9687","AC083841.1","Exc L3-4 RORB CUX2",-0.447842247054964,-1.36600679390622,10.1242682293929,0.00180255450154726,0.0069747865494277,0.0069747865494277,"gpath_trio"
"9688","LY6D","Exc L3-4 RORB CUX2",-0.12604109415071,-0.411122164623686,0.969430535376851,0.325737560463501,0.471363884833678,0.471363884833678,"gpath_trio"
"9689","GML","Exc L3-4 RORB CUX2",0.151047209259213,2.8121155318774,4.69433150392072,0.0311707750188922,0.0751248818547544,0.0751248818547544,"gpath_trio"
"9690","LY6E-DT","Exc L3-4 RORB CUX2",0.168038225644925,5.34909363736172,31.5929037356708,4.89144896620933e-08,7.12012863587831e-07,7.12012863587831e-07,"gpath_trio"
"9691","LY6E","Exc L3-4 RORB CUX2",-0.122778986074611,5.32526615502878,10.8147067689279,0.0011459288518818,0.00476486285793803,0.00476486285793803,"gpath_trio"
"9692","LY6H","Exc L3-4 RORB CUX2",-0.0638993372325676,6.23133840962164,1.71245503307219,0.19182266710799,0.315071424644118,0.315071424644118,"gpath_trio"
"9693","AC138696.1","Exc L3-4 RORB CUX2",0.133296777276404,2.70986746759692,10.2147813256271,0.00156536185857624,0.0062049942603348,0.0062049942603348,"gpath_trio"
"9694","GLI4","Exc L3-4 RORB CUX2",0.0392841646201858,3.86736446628894,1.58750125957006,0.208813203741426,0.336566780017838,0.336566780017838,"gpath_trio"
"9695","MINCR","Exc L3-4 RORB CUX2",-0.32869908397456,0.770921376604355,19.3596437279653,1.58110735382968e-05,0.000118363045875747,0.000118363045875747,"gpath_trio"
"9696","ZNF696","Exc L3-4 RORB CUX2",-0.0613775300901887,1.92816766641784,1.88089011954029,0.171415395869819,0.289155987598126,0.289155987598126,"gpath_trio"
"9697","AC138696.2","Exc L3-4 RORB CUX2",0.0164577263338161,-0.678735777135858,0.0207107748858796,0.885681132067619,0.940008250800369,0.940008250800369,"gpath_trio"
"9698","TOP1MT","Exc L3-4 RORB CUX2",0.0318959770077158,3.47617739139385,0.8578754239787,0.355192824517264,0.502948851392181,0.502948851392181,"gpath_trio"
"9699","RHPN1","Exc L3-4 RORB CUX2",-0.0327034755840856,5.20974779721795,1.76489573454148,0.185179858337854,0.307060379877225,0.307060379877225,"gpath_trio"
"9700","ZC3H3","Exc L3-4 RORB CUX2",0.0941475396911538,4.74634830810301,19.1212401966872,1.77600178173203e-05,0.000130341345749159,0.000130341345749159,"gpath_trio"
"9701","MROH6","Exc L3-4 RORB CUX2",0.0394615535501919,1.96481218662534,0.391979081512733,0.531810166307316,0.671418654896753,0.671418654896753,"gpath_trio"
"9702","NAPRT","Exc L3-4 RORB CUX2",-0.108375001439778,3.0005231355299,2.3453049010626,0.126876740861266,0.229964805217504,0.229964805217504,"gpath_trio"
"9703","EEF1D","Exc L3-4 RORB CUX2",0.024427381218602,4.7880677412565,1.22000265126611,0.270381230608585,0.409814101999303,0.409814101999303,"gpath_trio"
"9704","TIGD5","Exc L3-4 RORB CUX2",0.0256670114292529,2.08114039997024,0.350127539134901,0.799759715411394,0.883246784455052,0.883246784455052,"gpath_trio"
"9705","PYCR3","Exc L3-4 RORB CUX2",-0.0800940636916571,2.33848245540403,2.9054889344335,0.0894730296194188,0.175084226243625,0.175084226243625,"gpath_trio"
"9706","TSTA3","Exc L3-4 RORB CUX2",-0.112031781012974,3.08008806056395,10.0643891106817,0.0016931774131169,0.00662141002318927,0.00662141002318927,"gpath_trio"
"9707","ZNF623","Exc L3-4 RORB CUX2",0.044756756972639,4.91749575122998,3.03896697505729,0.0824697052452964,0.164377228148968,0.164377228148968,"gpath_trio"
"9708","ZNF707","Exc L3-4 RORB CUX2",-0.0760540524850668,2.69212104396972,5.28357773103626,0.0223211255207059,0.0571888417156646,0.0571888417156646,"gpath_trio"
"9709","MAPK15","Exc L3-4 RORB CUX2",0.131967057561516,0.552555889624969,1.50187061430963,0.221492682139932,0.351444346218886,0.351444346218886,"gpath_trio"
"9710","FAM83H","Exc L3-4 RORB CUX2",-0.0287986757512811,1.78776837203843,0.209482760643897,0.647555348726759,0.768089197516748,0.768089197516748,"gpath_trio"
"9711","IQANK1","Exc L3-4 RORB CUX2",0.152033818166668,3.60595119849544,13.620373937759,0.000272548313864573,0.00139808345594146,0.00139808345594146,"gpath_trio"
"9712","AC105219.4","Exc L3-4 RORB CUX2",0.141157830910206,0.983412716352276,4.18386349674517,0.0418170197425234,0.0955445496382118,0.0955445496382118,"gpath_trio"
"9713","SCRIB","Exc L3-4 RORB CUX2",0.0372347300371509,3.11681525439542,1.61491678838383,0.256343908711637,0.393533172475838,0.393533172475838,"gpath_trio"
"9714","PUF60","Exc L3-4 RORB CUX2",-0.111877172349177,3.94628388284598,15.3257195608296,0.000115634803965717,0.000661637030631975,0.000661637030631975,"gpath_trio"
"9715","NRBP2","Exc L3-4 RORB CUX2",-0.0610743106906217,5.18280141216749,5.44224958317372,0.0204186076294268,0.0532023000030591,0.0532023000030591,"gpath_trio"
"9716","PLEC","Exc L3-4 RORB CUX2",0.0119076188384723,6.43454899947633,0.365730717942674,0.545868035650728,0.683987803195667,0.683987803195667,"gpath_trio"
"9717","PARP10","Exc L3-4 RORB CUX2",0.0246140595193004,1.29807980678134,0.17787478131206,0.836105225755337,0.907050757090602,0.907050757090602,"gpath_trio"
"9718","GRINA","Exc L3-4 RORB CUX2",-0.131768631075593,5.58465668241409,15.7523294894498,9.34635932076824e-05,0.000550548319113866,0.000550548319113866,"gpath_trio"
"9719","SPATC1","Exc L3-4 RORB CUX2",-0.133838933248484,0.0587284314379148,2.75881700363019,0.0979250612137188,0.187655595553455,0.187655595553455,"gpath_trio"
"9720","AC109322.1","Exc L3-4 RORB CUX2",-0.245711240563896,-0.545128549790009,5.48071261987049,0.019983381770869,0.0523047129251793,0.0523047129251793,"gpath_trio"
"9721","EXOSC4","Exc L3-4 RORB CUX2",-0.263458944183555,2.08410049228984,26.7160276840934,4.7020307112563e-07,5.27312226790417e-06,5.27312226790417e-06,"gpath_trio"
"9722","GPAA1","Exc L3-4 RORB CUX2",-0.182454331508975,3.98427509896531,30.0151596451592,1.01175155155406e-07,1.35179387765584e-06,1.35179387765584e-06,"gpath_trio"
"9723","CYC1","Exc L3-4 RORB CUX2",-0.242619048566241,4.09080409342778,41.8552361120091,4.85282469325708e-10,1.14509635305803e-08,1.14509635305803e-08,"gpath_trio"
"9724","SHARPIN","Exc L3-4 RORB CUX2",-0.0403809920900056,3.86598995281137,3.0318358504505,0.0828283886240387,0.164912932052697,0.164912932052697,"gpath_trio"
"9725","MAF1","Exc L3-4 RORB CUX2",-0.0416317003924472,3.95187811389286,2.0742344963558,0.151008089690591,0.262676507687418,0.262676507687418,"gpath_trio"
"9726","WDR97","Exc L3-4 RORB CUX2",0.16030508142009,2.61082469564621,2.30374177159276,0.130277681422669,0.234676933287,0.234676933287,"gpath_trio"
"9727","HGH1","Exc L3-4 RORB CUX2",-0.0685717515690847,0.968198388477302,1.29146651602061,0.256824190784441,0.394084883562222,0.394084883562222,"gpath_trio"
"9728","MROH1","Exc L3-4 RORB CUX2",0.0706432659066596,7.06230342446274,15.1392505189272,0.000126935057870136,0.000716740775966975,0.000716740775966975,"gpath_trio"
"9729","BOP1","Exc L3-4 RORB CUX2",-0.0268272264137788,3.09268004055673,0.505234766812266,0.477846108462209,0.621850302407603,0.621850302407603,"gpath_trio"
"9730","SCX","Exc L3-4 RORB CUX2",0.104135945160823,3.96511981257719,5.66321214466137,0.0180460405260215,0.0480967344980528,0.0480967344980528,"gpath_trio"
"9731","HSF1","Exc L3-4 RORB CUX2",-0.0152061117867702,4.75020138406167,0.769217218589986,0.593493318026171,0.724013042156126,0.724013042156126,"gpath_trio"
"9732","DGAT1","Exc L3-4 RORB CUX2",0.0285667485548891,3.92575134411117,0.988190589795795,0.340973623597877,0.487467606015247,0.487467606015247,"gpath_trio"
"9733","SCRT1","Exc L3-4 RORB CUX2",-0.03211570054531,4.30482768368364,0.988027620287444,0.321149061764012,0.46656457990127,0.46656457990127,"gpath_trio"
"9734","TMEM249","Exc L3-4 RORB CUX2",0.120796663989319,0.0989960732348349,1.83885473271273,0.1762617276442,0.295625601065901,0.295625601065901,"gpath_trio"
"9735","SLC52A2","Exc L3-4 RORB CUX2",-0.139253866810238,2.15541998579003,11.633664570417,0.000750781896897888,0.00331953205564648,0.00331953205564648,"gpath_trio"
"9736","FBXL6","Exc L3-4 RORB CUX2",0.00390459625524056,3.00843425533958,0.00866722313969574,0.925897463279346,0.962931357802241,0.962931357802241,"gpath_trio"
"9737","ADCK5","Exc L3-4 RORB CUX2",-0.014065593486629,4.08204651062558,0.319096085422986,0.961121996062114,0.98004163727146,0.98004163727146,"gpath_trio"
"9738","CPSF1","Exc L3-4 RORB CUX2",-0.00289896907864372,4.16143396863878,0.00550283178066185,0.940923343191947,0.97145122813047,0.97145122813047,"gpath_trio"
"9739","AC233992.3","Exc L3-4 RORB CUX2",-0.0717219914936884,-0.878898929565284,0.358874114734634,0.549653782452064,0.687749011471743,0.687749011471743,"gpath_trio"
"9740","SLC39A4","Exc L3-4 RORB CUX2",-0.231137939145534,0.898810346153011,13.5186622631271,0.000286946777317394,0.00145895948396634,0.00145895948396634,"gpath_trio"
"9741","VPS28","Exc L3-4 RORB CUX2",-0.10614517483951,5.07796238603172,17.5652986995025,3.80767154029891e-05,0.000254285909717082,0.000254285909717082,"gpath_trio"
"9742","TONSL","Exc L3-4 RORB CUX2",0.0744184035872009,2.48667113214375,3.20038322623365,0.0747850162926301,0.152279744015322,0.152279744015322,"gpath_trio"
"9743","CYHR1","Exc L3-4 RORB CUX2",-0.0400939211998798,5.74616923084707,3.61556570284478,0.0583466803932539,0.124605089121827,0.124605089121827,"gpath_trio"
"9744","KIFC2","Exc L3-4 RORB CUX2",-0.00453148357427472,6.74734988768283,0.0416347597681311,0.838477190118145,0.909037417950109,0.909037417950109,"gpath_trio"
"9745","FOXH1","Exc L3-4 RORB CUX2",-0.079538193193125,-0.469562843987238,0.681060608976126,0.409978266503257,0.558231188952097,0.558231188952097,"gpath_trio"
"9746","PPP1R16A","Exc L3-4 RORB CUX2",-0.00549104036969696,3.88139557911128,0.0385708209412767,0.844454774112685,0.912477910541665,0.912477910541665,"gpath_trio"
"9747","GPT","Exc L3-4 RORB CUX2",-0.0815211387094354,1.00371574654583,1.35785756144688,0.244977045301699,0.37980572419594,0.37980572419594,"gpath_trio"
"9748","MFSD3","Exc L3-4 RORB CUX2",-0.215546078055012,2.81042626730489,28.2247344127412,2.32235191422913e-07,2.8465036372766e-06,2.8465036372766e-06,"gpath_trio"
"9749","RECQL4","Exc L3-4 RORB CUX2",0.023645906964094,1.74631678174353,0.189932216720652,0.663334638960396,0.781430359746934,0.781430359746934,"gpath_trio"
"9750","AC084125.4","Exc L3-4 RORB CUX2",-0.0256877426130576,2.58394266454918,0.232280969243928,0.63024308978592,0.753893860564835,0.753893860564835,"gpath_trio"
"9751","LRRC14","Exc L3-4 RORB CUX2",-0.0552172907077618,3.0508159958232,2.9104311206268,0.089202476831344,0.174622547066987,0.174622547066987,"gpath_trio"
"9752","LRRC24","Exc L3-4 RORB CUX2",-0.128052453332025,2.88268536795982,8.43667236310437,0.00399347748541287,0.0137193955855869,0.0137193955855869,"gpath_trio"
"9753","ARHGAP39","Exc L3-4 RORB CUX2",0.0899805788904055,5.80427789662754,15.5901530936409,0.000101333793382113,0.00059001710865343,0.00059001710865343,"gpath_trio"
"9754","ZNF251","Exc L3-4 RORB CUX2",0.0866599395363183,6.20280617815579,21.6709006804188,5.16444771894854e-06,4.4337333076505e-05,4.4337333076505e-05,"gpath_trio"
"9755","ZNF34","Exc L3-4 RORB CUX2",0.0298875184537895,3.05951914417384,0.881837540888538,0.34857041810868,0.495693817251189,0.495693817251189,"gpath_trio"
"9756","RPL8","Exc L3-4 RORB CUX2",-0.211021038093197,4.91423594993393,50.3339838802233,1.22896548772296e-11,4.51628027592182e-10,4.51628027592182e-10,"gpath_trio"
"9757","ZNF517","Exc L3-4 RORB CUX2",-0.0556190754781262,1.95789534927644,1.50329088218996,0.450068106100113,0.596287851291805,0.596287851291805,"gpath_trio"
"9758","ZNF7","Exc L3-4 RORB CUX2",-0.0542069042565581,3.9921542965448,3.54989467920836,0.0606648939662282,0.128792406163175,0.128792406163175,"gpath_trio"
"9759","COMMD5","Exc L3-4 RORB CUX2",-0.0639147136543466,2.71582908166346,3.85783578236863,0.0505793740693455,0.111207374874569,0.111207374874569,"gpath_trio"
"9760","ZNF250","Exc L3-4 RORB CUX2",-0.00274750141324223,4.02043893238803,0.0148527978650109,0.903094485405451,0.951230418331171,0.951230418331171,"gpath_trio"
"9761","ZNF16","Exc L3-4 RORB CUX2",0.0201092468423144,3.41180325014984,0.331709727529729,0.779738300914427,0.870520890434768,0.870520890434768,"gpath_trio"
"9762","ZNF252P-AS1","Exc L3-4 RORB CUX2",0.0172214470133885,-0.189249381576802,0.0448939616995416,0.832365126523354,0.904354915590967,0.904354915590967,"gpath_trio"
"9763","C8orf33","Exc L3-4 RORB CUX2",-0.149055732506493,3.1095524331696,16.3115982453154,7.07702629768398e-05,0.000431747824480721,0.000431747824480721,"gpath_trio"
"9764","WASHC1","Exc L3-4 RORB CUX2",-0.00943187736403176,6.35541593788407,0.118198298809503,0.731274712997191,0.834377747693606,0.834377747693606,"gpath_trio"
"9765","AL928970.1","Exc L3-4 RORB CUX2",-0.013984773270931,-0.00831936440876503,0.0191257958351619,0.890113497034099,0.942823844659542,0.942823844659542,"gpath_trio"
"9766","CBWD1","Exc L3-4 RORB CUX2",0.0282495474654758,4.08600783385718,0.686309797514999,0.408182201244775,0.556445579526466,0.556445579526466,"gpath_trio"
"9767","KANK1","Exc L3-4 RORB CUX2",-0.37200588409882,-1.67560329513138,1.62549729531872,0.203465078009012,0.33001063893229,0.33001063893229,"gpath_trio"
"9768","DMRT1","Exc L3-4 RORB CUX2",-0.140196131468589,0.055119329851354,3.40152253867644,0.0662738128230211,0.138241746660923,0.138241746660923,"gpath_trio"
"9769","DMRT3","Exc L3-4 RORB CUX2",0.273386911674201,0.288207838970857,3.76757045763294,0.0533360931592637,0.115919920711729,0.115919920711729,"gpath_trio"
"9770","SMARCA2","Exc L3-4 RORB CUX2",0.0962831243298659,8.03108397890618,49.2016641749735,1.99473121913701e-11,6.97464512063936e-10,6.97464512063936e-10,"gpath_trio"
"9771","AL359076.1","Exc L3-4 RORB CUX2",-0.221296214419629,-0.44838427055557,4.02067052148555,0.0459822502976938,0.103168583157915,0.103168583157915,"gpath_trio"
"9772","VLDLR-AS1","Exc L3-4 RORB CUX2",0.0952838117105383,6.84765690483848,11.8070743201342,0.000686761077832761,0.00307966320188396,0.00307966320188396,"gpath_trio"
"9773","VLDLR","Exc L3-4 RORB CUX2",0.00521602598962458,4.44672954146672,0.0327614631813832,0.856507581263105,0.920732690586511,0.920732690586511,"gpath_trio"
"9774","KCNV2","Exc L3-4 RORB CUX2",-0.259042523691445,1.81800893495622,10.6263653766101,0.00126355870333603,0.00517715207957037,0.00517715207957037,"gpath_trio"
"9775","PUM3","Exc L3-4 RORB CUX2",0.0465918016296411,7.0399159543227,4.72706325453326,0.0305936517329016,0.0739636816909874,0.0739636816909874,"gpath_trio"
"9776","LINC01231","Exc L3-4 RORB CUX2",0.253806601713897,0.839185778445408,9.61064339647886,0.00214724335257437,0.00811247839666442,0.00811247839666442,"gpath_trio"
"9777","RFX3","Exc L3-4 RORB CUX2",0.153454043234287,9.32113833284617,50.9025685931667,9.64358415730723e-12,3.60963470081027e-10,3.60963470081027e-10,"gpath_trio"
"9778","RFX3-AS1","Exc L3-4 RORB CUX2",-0.0346546626124472,5.17941267066959,0.680061868845561,0.410321314485895,0.558585190266729,0.558585190266729,"gpath_trio"
"9779","AL354977.1","Exc L3-4 RORB CUX2",0.021441462296194,-0.597432360235107,0.0406795985030981,0.840315349109405,0.909840415919977,0.909840415919977,"gpath_trio"
"9780","GLIS3","Exc L3-4 RORB CUX2",0.0802313733767605,8.86962475598676,4.14427277775493,0.0427894013545022,0.0973034459340715,0.0973034459340715,"gpath_trio"
"9781","AL162419.1","Exc L3-4 RORB CUX2",0.259480551030069,-0.957966173818326,3.94593892470031,0.0480344083692058,0.106705076191036,0.106705076191036,"gpath_trio"
"9782","SLC1A1","Exc L3-4 RORB CUX2",0.0602992678729585,6.10947029471692,5.18079018872703,0.0236514609874156,0.0597805343799936,0.0597805343799936,"gpath_trio"
"9783","SPATA6L","Exc L3-4 RORB CUX2",0.178168101807029,5.64947343168389,33.5081659831464,2.03769416356827e-08,3.26273648809442e-07,3.26273648809442e-07,"gpath_trio"
"9784","PLPP6","Exc L3-4 RORB CUX2",-0.192610124979766,1.90457260949977,14.0650896218214,0.000217716688669327,0.00114985188322085,0.00114985188322085,"gpath_trio"
"9785","CDC37L1-DT","Exc L3-4 RORB CUX2",-0.0877827530879253,-0.0973986217176802,0.9466721238162,0.331472124950886,0.477845667801652,0.477845667801652,"gpath_trio"
"9786","CDC37L1","Exc L3-4 RORB CUX2",-0.00772798807726524,5.01477722107357,0.136221324018548,0.712367183157866,0.820460576594733,0.820460576594733,"gpath_trio"
"9787","AK3","Exc L3-4 RORB CUX2",0.0773715835802086,5.01714244803575,9.50883087954541,0.00226518482513045,0.00849128648216404,0.00849128648216404,"gpath_trio"
"9788","RCL1","Exc L3-4 RORB CUX2",0.0220447886106878,5.11406865938249,0.507842196994049,0.476713472344823,0.620816828334418,0.620816828334418,"gpath_trio"
"9789","JAK2","Exc L3-4 RORB CUX2",0.0423442131120681,6.9952496056042,4.0791513283478,0.0444412446106018,0.100302283255274,0.100302283255274,"gpath_trio"
"9790","INSL6","Exc L3-4 RORB CUX2",-0.0426866352518869,-0.461076609554991,0.185592011991288,0.666967869052163,0.784290771004685,0.784290771004685,"gpath_trio"
"9791","PLGRKT","Exc L3-4 RORB CUX2",-0.00595758361839885,4.04306891031121,0.0472794651122474,0.828037228931428,0.901594856370638,0.901594856370638,"gpath_trio"
"9792","CD274","Exc L3-4 RORB CUX2",0.11645707932218,1.16045889569918,3.3779084456158,0.0672167081955632,0.13975081430979,0.13975081430979,"gpath_trio"
"9793","PDCD1LG2","Exc L3-4 RORB CUX2",-0.257014672615801,0.686182306301246,11.9131023236851,0.000650380909687191,0.00294004814092294,0.00294004814092294,"gpath_trio"
"9794","RIC1","Exc L3-4 RORB CUX2",0.0157963811439169,6.05583366639124,0.663996655978628,0.415898251380811,0.564311468263358,0.564311468263358,"gpath_trio"
"9795","ERMP1","Exc L3-4 RORB CUX2",0.0835980019656303,4.62547713535307,15.807729900434,9.09194680010012e-05,0.000537287717316988,0.000537287717316988,"gpath_trio"
"9796","KIAA2026","Exc L3-4 RORB CUX2",0.073659480713936,6.85147049563897,20.671038953323,8.36539356139218e-06,6.75087260404349e-05,6.75087260404349e-05,"gpath_trio"
"9797","MLANA","Exc L3-4 RORB CUX2",-0.102918422788885,-0.324906624070053,0.85993826274333,0.354615969242011,0.502343573898158,0.502343573898158,"gpath_trio"
"9798","RANBP6","Exc L3-4 RORB CUX2",-0.119146535476467,4.17328912946164,24.2805887243893,1.48401601649919e-06,1.47851966088253e-05,1.47851966088253e-05,"gpath_trio"
"9799","IL33","Exc L3-4 RORB CUX2",-0.0350603589081362,-1.59875115329638,0.0229238444879808,0.879772686855703,0.936199902806784,0.936199902806784,"gpath_trio"
"9800","UHRF2","Exc L3-4 RORB CUX2",0.123557235803752,5.93521946857502,23.2691644889612,2.40151074781671e-06,2.24723930135446e-05,2.24723930135446e-05,"gpath_trio"
"9801","AL133480.1","Exc L3-4 RORB CUX2",-0.385597636093221,2.3147760595819,47.2050312611868,4.70860457595305e-11,1.45923344577347e-09,1.45923344577347e-09,"gpath_trio"
"9802","GLDC","Exc L3-4 RORB CUX2",0.0460148320203183,5.12338501230336,1.51849655363088,0.218960311631,0.348660164732078,0.348660164732078,"gpath_trio"
"9803","AL162411.1","Exc L3-4 RORB CUX2",0.196901906474315,2.83626545657983,11.5370398020782,0.000789057025268094,0.00346145368227524,0.00346145368227524,"gpath_trio"
"9804","AL354707.1","Exc L3-4 RORB CUX2",-0.00773176878932263,-0.704833567034573,0.00374075895776513,0.951277382991243,0.976241576151737,0.976241576151737,"gpath_trio"
"9805","KDM4C","Exc L3-4 RORB CUX2",0.0368026939779796,7.64501593251632,4.49545551330617,0.0349322333725622,0.0825823539127539,0.0825823539127539,"gpath_trio"
"9806","AL354694.1","Exc L3-4 RORB CUX2",-0.160270679031775,-0.92423921876696,1.5729152632174,0.210910499505523,0.339051805919855,0.339051805919855,"gpath_trio"
"9807","DMAC1","Exc L3-4 RORB CUX2",-0.0848263667780402,4.10572113209953,8.36376233520433,0.00415161019520705,0.0141915851725351,0.0141915851725351,"gpath_trio"
"9808","AL135923.1","Exc L3-4 RORB CUX2",0.0100596978620199,-0.768885899973232,0.00515616325313639,0.942811159343271,0.972202458117157,0.972202458117157,"gpath_trio"
"9809","PTPRD","Exc L3-4 RORB CUX2",0.136893293897741,12.1867861271622,73.7830217359729,8.17095433366131e-16,8.00237881949597e-14,8.00237881949597e-14,"gpath_trio"
"9810","PTPRD-AS1","Exc L3-4 RORB CUX2",-0.084350805885314,1.39898512218266,1.65097836889553,0.199969291993221,0.32569471752347,0.32569471752347,"gpath_trio"
"9811","AL596451.1","Exc L3-4 RORB CUX2",-0.496113812387816,4.20087549279368,86.613436358462,5.71350363178332e-18,9.93706342855419e-16,9.93706342855419e-16,"gpath_trio"
"9812","PTPRD-AS2","Exc L3-4 RORB CUX2",0.0416768355613626,2.56483659114772,0.919012743947219,0.582400234016218,0.715063578461368,0.715063578461368,"gpath_trio"
"9813","AL589678.1","Exc L3-4 RORB CUX2",-0.036970265192797,-1.45958138237374,0.0435155480216063,0.834920863311523,0.906058222651282,0.906058222651282,"gpath_trio"
"9814","TYRP1","Exc L3-4 RORB CUX2",0.0333618294290742,0.949650175965782,0.188259705060847,0.664728813390904,0.782433127780716,0.782433127780716,"gpath_trio"
"9815","LURAP1L-AS1","Exc L3-4 RORB CUX2",0.106580841296726,2.49201017010134,0.990719726148146,0.320491936926444,0.465844728205403,0.465844728205403,"gpath_trio"
"9816","LURAP1L","Exc L3-4 RORB CUX2",-0.044089527911296,4.62180313317826,2.74569554014737,0.104096826440113,0.197214662448016,0.197214662448016,"gpath_trio"
"9817","MPDZ","Exc L3-4 RORB CUX2",0.0663964666658057,8.00914659428645,21.256365710883,6.30563464662822e-06,5.27211682535119e-05,5.27211682535119e-05,"gpath_trio"
"9818","NFIB","Exc L3-4 RORB CUX2",0.139372374974313,7.36036232571461,21.2086081595645,6.45253266907491e-06,5.37933250407382e-05,5.37933250407382e-05,"gpath_trio"
"9819","AL136366.1","Exc L3-4 RORB CUX2",0.111209700724816,0.750949207335263,2.36490619310409,0.125307405870109,0.227703020442096,0.227703020442096,"gpath_trio"
"9820","AL159169.3","Exc L3-4 RORB CUX2",-0.151170690304746,-0.0604396592816487,2.72461779023315,0.100019132087275,0.191033417576518,0.191033417576518,"gpath_trio"
"9821","AL159169.2","Exc L3-4 RORB CUX2",0.0187027047484872,2.49334925718552,0.170338981522909,0.680150841524069,0.79497382699427,0.79497382699427,"gpath_trio"
"9822","ZDHHC21","Exc L3-4 RORB CUX2",0.0359661524026722,7.41280906641452,2.97871361429423,0.0855543023993613,0.169204788835125,0.169204788835125,"gpath_trio"
"9823","FREM1","Exc L3-4 RORB CUX2",-0.0096544433404782,3.87286218411153,0.0175115413825049,0.894824694296744,0.945831624007796,0.945831624007796,"gpath_trio"
"9824","TTC39B","Exc L3-4 RORB CUX2",0.0329732703440214,6.11003292219295,2.9248535913086,0.463088210190632,0.608731081612979,0.608731081612979,"gpath_trio"
"9825","SNAPC3","Exc L3-4 RORB CUX2",0.000765823031017842,5.81614027353797,0.00238639830127888,0.992678376618899,0.996573188501436,0.996573188501436,"gpath_trio"
"9826","PSIP1","Exc L3-4 RORB CUX2",0.0114514110356125,6.74442128854646,0.503804935700227,0.478469080233874,0.622379993147544,0.622379993147544,"gpath_trio"
"9827","CCDC171","Exc L3-4 RORB CUX2",0.178331913562362,7.4358359981086,42.6288849608735,3.4532235581092e-10,8.50656718984776e-09,8.50656718984776e-09,"gpath_trio"
"9828","C9orf92","Exc L3-4 RORB CUX2",-0.284721289605453,0.357889411640265,8.67143631722081,0.00352496107049386,0.0123401161890011,0.0123401161890011,"gpath_trio"
"9829","BNC2","Exc L3-4 RORB CUX2",-0.278590242796438,0.791562957702288,4.63674469728203,0.032214051339297,0.0771691386571261,0.0771691386571261,"gpath_trio"
"9830","AL162725.2","Exc L3-4 RORB CUX2",-0.147623719708006,-0.417190727786394,2.42724058306809,0.120458971167209,0.220872465990952,0.220872465990952,"gpath_trio"
"9831","CNTLN","Exc L3-4 RORB CUX2",0.148536399907639,4.58257239962026,16.9137664844917,5.25154604832927e-05,0.000336776673633322,0.000336776673633322,"gpath_trio"
"9832","SH3GL2","Exc L3-4 RORB CUX2",0.0718298980833632,9.03950321041215,12.2209722841867,0.000555463425345589,0.00256392811750336,0.00256392811750336,"gpath_trio"
"9833","ADAMTSL1","Exc L3-4 RORB CUX2",0.0414849970735439,6.90182628759666,0.272547072288083,0.602072740243579,0.730967730094023,0.730967730094023,"gpath_trio"
"9834","SAXO1","Exc L3-4 RORB CUX2",0.0676953211399821,0.999838206370191,1.19810989221647,0.27471272576508,0.414720835252206,0.414720835252206,"gpath_trio"
"9835","RRAGA","Exc L3-4 RORB CUX2",-0.265487241838022,4.61554374753777,76.1001818946526,3.28578868177891e-16,3.48898877130997e-14,3.48898877130997e-14,"gpath_trio"
"9836","HAUS6","Exc L3-4 RORB CUX2",-0.0379779989062332,3.81723890809788,2.55211399349783,0.111361352464408,0.20797142330551,0.20797142330551,"gpath_trio"
"9837","PLIN2","Exc L3-4 RORB CUX2",-0.130400821211921,1.34995130514301,3.85953256121296,0.050529029426019,0.11114902676949,0.11114902676949,"gpath_trio"
"9838","DENND4C","Exc L3-4 RORB CUX2",0.0325165856570044,6.45271584893312,3.35295615598128,0.0682287298904328,0.141398523424703,0.141398523424703,"gpath_trio"
"9839","AL391834.2","Exc L3-4 RORB CUX2",-0.0150006211952444,-0.0212714256719857,0.0365249955202486,0.848584538971104,0.915763202660712,0.915763202660712,"gpath_trio"
"9840","RPS6","Exc L3-4 RORB CUX2",-0.266719656063682,4.58091461254135,49.6723527731667,1.6305840888965e-11,5.81219681863727e-10,5.81219681863727e-10,"gpath_trio"
"9841","ACER2","Exc L3-4 RORB CUX2",0.225367017297786,4.90295046941344,53.2451764405509,3.56966293895532e-12,1.4849061813077e-10,1.4849061813077e-10,"gpath_trio"
"9842","SLC24A2","Exc L3-4 RORB CUX2",0.150208926712817,8.49749521768469,33.8621231482226,1.73457012050245e-08,2.84511806350706e-07,2.84511806350706e-07,"gpath_trio"
"9843","AL591222.1","Exc L3-4 RORB CUX2",-0.107691994633812,1.08556751430085,2.36483779187844,0.125312844409843,0.227703020442096,0.227703020442096,"gpath_trio"
"9844","MLLT3","Exc L3-4 RORB CUX2",0.144791453913493,8.61016868260098,113.101135879206,3.61809958608702e-22,2.35468255320341e-19,2.35468255320341e-19,"gpath_trio"
"9845","FOCAD","Exc L3-4 RORB CUX2",0.027931598759936,9.03271536668667,2.09294269134121,0.149185255777221,0.260341885243961,0.260341885243961,"gpath_trio"
"9846","HACD4","Exc L3-4 RORB CUX2",-0.0179015685662482,1.71980666390648,0.0835246407062476,0.772806850639821,0.865514500480647,0.865514500480647,"gpath_trio"
"9847","KLHL9","Exc L3-4 RORB CUX2",0.00722332675191876,4.32030675133975,0.0815433084042464,0.775444114596212,0.867400596675742,0.867400596675742,"gpath_trio"
"9848","IFNE","Exc L3-4 RORB CUX2",-0.0172635450616771,-0.911793482724675,0.0258166505615965,0.872473668724039,0.931281745225516,0.931281745225516,"gpath_trio"
"9849","AL359922.1","Exc L3-4 RORB CUX2",0.145719450037168,1.77026625013392,5.16802200524367,0.0238223994281264,0.060122205211715,0.060122205211715,"gpath_trio"
"9850","CDKN2A","Exc L3-4 RORB CUX2",0.0304874105857307,0.861523331650731,0.0577650844422977,0.810253224745745,0.890448785774344,0.890448785774344,"gpath_trio"
"9851","CDKN2B-AS1","Exc L3-4 RORB CUX2",-0.0342825223925439,1.25340465963407,0.0844593633735565,0.771574449043538,0.864518188906663,0.864518188906663,"gpath_trio"
"9852","LINC01239","Exc L3-4 RORB CUX2",-0.135006291711106,0.477984996941386,3.16749748569717,0.0762853889625534,0.15461701048016,0.15461701048016,"gpath_trio"
"9853","AL391117.1","Exc L3-4 RORB CUX2",0.0657259913890795,3.1447106318784,0.754672421482391,0.385802095312598,0.533998166364685,0.533998166364685,"gpath_trio"
"9854","AL445623.2","Exc L3-4 RORB CUX2",0.0568268569461144,6.02840771080992,3.96642000295661,0.0474624979278209,0.105702163118864,0.105702163118864,"gpath_trio"
"9855","ELAVL2","Exc L3-4 RORB CUX2",-0.00424151376748179,7.07354094211718,0.0362493779048781,0.849149989747216,0.916030426860768,0.916030426860768,"gpath_trio"
"9856","AL365204.1","Exc L3-4 RORB CUX2",0.0426047819061305,-0.203627490939018,0.209564740535877,0.647491090445795,0.768058134392281,0.768058134392281,"gpath_trio"
"9857","IZUMO3","Exc L3-4 RORB CUX2",-0.290870135510755,-1.16005023321758,2.43711455181609,0.119710319065914,0.219739394700647,0.219739394700647,"gpath_trio"
"9858","AL353811.1","Exc L3-4 RORB CUX2",0.50777850632848,0.0518063920848902,12.2503890407403,0.000547165495815503,0.00253363871427078,0.00253363871427078,"gpath_trio"
"9859","TUSC1","Exc L3-4 RORB CUX2",-0.185910789865339,2.72877695360046,19.7549230744689,1.30440445556594e-05,0.000100291005682328,0.000100291005682328,"gpath_trio"
"9860","CAAP1","Exc L3-4 RORB CUX2",-0.00365028016708567,5.01178725166311,0.0440503431758706,0.833924342347854,0.905317671484501,0.905317671484501,"gpath_trio"
"9861","PLAA","Exc L3-4 RORB CUX2",-0.0243394676112369,5.12933196011539,1.49426557398063,0.222662757555422,0.352856895269864,0.352856895269864,"gpath_trio"
"9862","IFT74","Exc L3-4 RORB CUX2",0.101115707447422,4.51470004979856,18.1971890567653,2.79110569317458e-05,0.000193175153892958,0.000193175153892958,"gpath_trio"
"9863","LRRC19","Exc L3-4 RORB CUX2",-0.354307651079628,-0.267851031428842,13.1871607433136,0.000339464165160016,0.00168396595330792,0.00168396595330792,"gpath_trio"
"9864","AL355432.1","Exc L3-4 RORB CUX2",0.150142495201016,-0.490145014827327,1.70478390650162,0.192817612545745,0.316370798073391,0.316370798073391,"gpath_trio"
"9865","TEK","Exc L3-4 RORB CUX2",0.0489282867877573,3.97240114443745,1.04901591234664,0.306685795407768,0.450811360462785,0.450811360462785,"gpath_trio"
"9866","EQTN","Exc L3-4 RORB CUX2",-0.106500251960075,-0.666855130438171,0.887556890090108,0.347014732808868,0.494108422218852,0.494108422218852,"gpath_trio"
"9867","MOB3B","Exc L3-4 RORB CUX2",0.0598834931102439,6.46178592124813,5.28925031047165,0.0222500196068265,0.0570692037382253,0.0570692037382253,"gpath_trio"
"9868","C9orf72","Exc L3-4 RORB CUX2",-0.00338708655605057,5.95452995532463,0.0139633236362575,0.906026963108791,0.952299161029401,0.952299161029401,"gpath_trio"
"9869","LINGO2","Exc L3-4 RORB CUX2",0.16355439220786,10.255504707395,66.9370711021477,1.25422176550021e-14,9.54865061093088e-13,9.54865061093088e-13,"gpath_trio"
"9870","LINC01242","Exc L3-4 RORB CUX2",-0.170027951115532,2.22646514481441,6.51519398763434,0.0112679158206177,0.0326436245951983,0.0326436245951983,"gpath_trio"
"9871","ACO1","Exc L3-4 RORB CUX2",0.157764952868626,4.37917984446903,15.0617052738561,0.000131958255092359,0.000739721532783645,0.000739721532783645,"gpath_trio"
"9872","DDX58","Exc L3-4 RORB CUX2",-0.000280802957042713,3.43848245110725,5.0720557232806e-05,0.994323105739481,0.996991633531834,0.996991633531834,"gpath_trio"
"9873","TOPORS","Exc L3-4 RORB CUX2",0.0572519067584904,4.38968687756481,5.21350949375388,0.0232192383026364,0.0589808288051346,0.0589808288051346,"gpath_trio"
"9874","SMIM27","Exc L3-4 RORB CUX2",-0.141745609072792,1.98954728057289,12.2341033481656,0.000551743697014581,0.00255073993750439,0.00255073993750439,"gpath_trio"
"9875","NDUFB6","Exc L3-4 RORB CUX2",-0.0922628886917967,5.06318286878242,19.719498851761,1.32706485909808e-05,0.00010180050772739,0.00010180050772739,"gpath_trio"
"9876","AL157884.2","Exc L3-4 RORB CUX2",0.016014586087391,-0.404309619511583,0.018617871178229,0.891573255871727,0.94368031253408,0.94368031253408,"gpath_trio"
"9877","APTX","Exc L3-4 RORB CUX2",0.0537564581041121,5.49697925641824,5.10427664815576,0.024695318112113,0.0619532507972992,0.0619532507972992,"gpath_trio"
"9878","DNAJA1","Exc L3-4 RORB CUX2",-0.0763373999702616,5.61287446518333,6.27011903699075,0.012892285626059,0.0365928337796483,0.0365928337796483,"gpath_trio"
"9879","SMU1","Exc L3-4 RORB CUX2",-0.0100362394730667,4.74821348925791,0.308216123012901,0.579254222980443,0.712024245941049,0.712024245941049,"gpath_trio"
"9880","B4GALT1","Exc L3-4 RORB CUX2",0.0702706626197876,3.33100490801453,3.64134868822195,0.0574625868101215,0.122990418936368,0.122990418936368,"gpath_trio"
"9881","B4GALT1-AS1","Exc L3-4 RORB CUX2",-0.184858721922041,-0.263026350359684,4.45645185854742,0.0357243508152686,0.0841100219043114,0.0841100219043114,"gpath_trio"
"9882","BAG1","Exc L3-4 RORB CUX2",-0.160852233716309,3.05566178694466,22.0226928280012,4.36105628716821e-06,3.80508633994214e-05,3.80508633994214e-05,"gpath_trio"
"9883","CHMP5","Exc L3-4 RORB CUX2",-0.151919934421267,4.73618262405994,40.2399733054997,9.90676349933998e-10,2.18436014862496e-08,2.18436014862496e-08,"gpath_trio"
"9884","NFX1","Exc L3-4 RORB CUX2",0.0369822311854044,6.64854396035154,5.71754312005189,0.0175078145326384,0.0469832612657595,0.0469832612657595,"gpath_trio"
"9885","AQP7","Exc L3-4 RORB CUX2",0.00900480037435371,0.130280884404141,0.00430566406284297,0.947732732976356,0.974492018133529,0.974492018133529,"gpath_trio"
"9886","AQP3","Exc L3-4 RORB CUX2",-0.403360386668599,-0.919513589761554,6.81462367007416,0.00956613420627085,0.0285202833769047,0.0285202833769047,"gpath_trio"
"9887","NOL6","Exc L3-4 RORB CUX2",-0.0715547023568797,3.35301332466686,1.92524276615809,0.166467888615907,0.282605995693867,0.282605995693867,"gpath_trio"
"9888","ANKRD18B","Exc L3-4 RORB CUX2",0.0542472572634846,5.63712021952409,2.28287630865048,0.13202344223295,0.237331635663348,0.237331635663348,"gpath_trio"
"9889","CYP4F26P","Exc L3-4 RORB CUX2",0.0697749038846168,4.01665063347891,2.72850160329383,0.099778864004926,0.190646707197593,0.190646707197593,"gpath_trio"
"9890","AL356489.3","Exc L3-4 RORB CUX2",0.102541540908506,1.98194300964604,4.49475201332476,0.0376807398128352,0.0878651093069753,0.0878651093069753,"gpath_trio"
"9891","AL356489.2","Exc L3-4 RORB CUX2",0.114679450205322,0.626142073345837,2.35948125307908,0.125739559633623,0.228354992853393,0.228354992853393,"gpath_trio"
"9892","PRSS3","Exc L3-4 RORB CUX2",0.0751090748143274,5.78864234713158,5.0313537214759,0.0257350355015191,0.0641230506660674,0.0641230506660674,"gpath_trio"
"9893","UBE2R2-AS1","Exc L3-4 RORB CUX2",0.0763282049410072,0.646358956498526,1.4380782835701,0.231542286058551,0.363502110437418,0.363502110437418,"gpath_trio"
"9894","UBE2R2","Exc L3-4 RORB CUX2",0.0345267176629432,7.02943461710982,5.80219561846519,0.0167022019931895,0.0452365317777686,0.0452365317777686,"gpath_trio"
"9895","UBAP2","Exc L3-4 RORB CUX2",0.0767813464366314,6.18289831068262,19.5948042616883,1.4100467827838e-05,0.000107107281034123,0.000107107281034123,"gpath_trio"
"9896","AL354989.1","Exc L3-4 RORB CUX2",-0.234144286662469,0.927898259279358,10.4502003717808,0.00138471896602977,0.00558734102793011,0.00558734102793011,"gpath_trio"
"9897","DCAF12","Exc L3-4 RORB CUX2",0.0364723865613753,4.00575832314598,2.08631094349047,0.149828543738872,0.261148239302957,0.261148239302957,"gpath_trio"
"9898","UBAP1","Exc L3-4 RORB CUX2",0.0817407151063064,5.88753603637815,25.1350634005425,9.90020366415675e-07,1.02534193492999e-05,1.02534193492999e-05,"gpath_trio"
"9899","KIF24","Exc L3-4 RORB CUX2",-0.0366991742351457,2.3616380836871,0.777349707734083,0.378767243961568,0.527008906684457,0.527008906684457,"gpath_trio"
"9900","NUDT2","Exc L3-4 RORB CUX2",0.00128426256122042,3.55181427741525,0.00190568966671819,0.965213549188074,0.982154332998872,0.982154332998872,"gpath_trio"
"9901","MYORG","Exc L3-4 RORB CUX2",0.0409734105298196,0.71327832741267,0.435268935370592,0.69760906606716,0.808772721980517,0.808772721980517,"gpath_trio"
"9902","C9orf24","Exc L3-4 RORB CUX2",0.0768033343612111,4.07538655206589,5.2848236936154,0.0223054870702664,0.0571590501260795,0.0571590501260795,"gpath_trio"
"9903","FAM219A","Exc L3-4 RORB CUX2",-0.0348244216251264,6.12504466390093,4.05128391347113,0.0676483461147742,0.140484342034541,0.140484342034541,"gpath_trio"
"9904","DNAI1","Exc L3-4 RORB CUX2",0.00602694202771884,2.67154961252596,0.0129197982875926,0.90959084476072,0.953730422113795,0.953730422113795,"gpath_trio"
"9905","ENHO","Exc L3-4 RORB CUX2",0.00917259096384235,2.96948891517924,0.039965334946267,0.841704639084327,0.910814500304536,0.910814500304536,"gpath_trio"
"9906","CNTFR","Exc L3-4 RORB CUX2",0.132759613370792,3.27474505078701,15.8724890815127,8.80343654034682e-05,0.000521919871294438,0.000521919871294438,"gpath_trio"
"9907","RPP25L","Exc L3-4 RORB CUX2",-0.197829533676488,1.86414433772915,16.1053900640109,7.84035564095144e-05,0.000473165345666154,0.000473165345666154,"gpath_trio"
"9908","DCTN3","Exc L3-4 RORB CUX2",-0.164837575713094,4.38572795564534,26.7217076119956,4.68951664098097e-07,5.26201324982153e-06,5.26201324982153e-06,"gpath_trio"
"9909","SIGMAR1","Exc L3-4 RORB CUX2",-0.0529285666733454,3.2603109690818,3.1029881537335,0.0793240039134139,0.15941446149548,0.15941446149548,"gpath_trio"
"9910","GALT","Exc L3-4 RORB CUX2",0.0645195871027638,2.69602131671543,2.20101531167526,0.139131033300513,0.246744778203045,0.246744778203045,"gpath_trio"
"9911","IL11RA","Exc L3-4 RORB CUX2",0.0830977083092886,2.79752635029966,2.89068885509579,0.090288606836952,0.176321037937809,0.176321037937809,"gpath_trio"
"9912","CCL27","Exc L3-4 RORB CUX2",-0.096909740561384,-0.720298911510575,0.809169676462353,0.431254413345977,0.578686916478556,0.578686916478556,"gpath_trio"
"9913","AL162231.1","Exc L3-4 RORB CUX2",-0.301624459229076,3.25484901275549,55.3247692847176,1.48744962643092e-12,6.77410749734621e-11,6.77410749734621e-11,"gpath_trio"
"9914","AL162231.2","Exc L3-4 RORB CUX2",-0.197898653622448,1.96041670419102,12.4449420234886,0.00049536788208416,0.00232257657937437,0.00232257657937437,"gpath_trio"
"9915","PHF24","Exc L3-4 RORB CUX2",-0.0481072717996789,5.20925451987876,4.99661785645505,0.0262462831654409,0.0651630820140071,0.0651630820140071,"gpath_trio"
"9916","DNAJB5-DT","Exc L3-4 RORB CUX2",0.358802154086812,-0.642026586181399,8.68169773241611,0.00350581586545692,0.0122837504490436,0.0122837504490436,"gpath_trio"
"9917","DNAJB5","Exc L3-4 RORB CUX2",-0.196861409608237,1.16758227791709,8.42961084193902,0.00400851936757098,0.013755694085571,0.013755694085571,"gpath_trio"
"9918","VCP","Exc L3-4 RORB CUX2",-0.0321801763590379,5.68739670516812,2.57592292132284,0.109714690746556,0.205485878742274,0.205485878742274,"gpath_trio"
"9919","FANCG","Exc L3-4 RORB CUX2",0.0356108581697677,1.9575223338307,0.568867859382551,0.536306697014806,0.675362812076257,0.675362812076257,"gpath_trio"
"9920","PIGO","Exc L3-4 RORB CUX2",0.0492262563650555,1.31633729831617,0.62698082496635,0.429186721372596,0.57698687970228,0.57698687970228,"gpath_trio"
"9921","AL353795.2","Exc L3-4 RORB CUX2",0.210095635488788,-0.789433706982794,3.24724197831924,0.0727019474341464,0.148798817508483,0.148798817508483,"gpath_trio"
"9922","STOML2","Exc L3-4 RORB CUX2",-0.170985078576828,3.62618818280805,33.8669858078913,1.73073926568814e-08,2.84114440075331e-07,2.84114440075331e-07,"gpath_trio"
"9923","FAM214B","Exc L3-4 RORB CUX2",0.00739683945338637,3.70363628409358,0.0638574855622267,0.800699412306073,0.883850625125063,0.883850625125063,"gpath_trio"
"9924","UNC13B","Exc L3-4 RORB CUX2",0.024799484796865,6.18804617200346,1.32698467193922,0.250400449212415,0.386426708621654,0.386426708621654,"gpath_trio"
"9925","RUSC2","Exc L3-4 RORB CUX2",0.0599742336059127,6.41994184479128,17.7318987921426,3.50789523269122e-05,0.00023622091561931,0.00023622091561931,"gpath_trio"
"9926","TESK1","Exc L3-4 RORB CUX2",-0.0490729562439059,4.05039744699156,3.09466573490518,0.0797254691036729,0.160029981013491,0.160029981013491,"gpath_trio"
"9927","CD72","Exc L3-4 RORB CUX2",0.0586473997388512,0.814787461807416,0.326345897266244,0.568312176300843,0.703373913064813,0.703373913064813,"gpath_trio"
"9928","RMRP","Exc L3-4 RORB CUX2",0.503122463119542,-1.0824104854204,9.25568240640424,0.00258797962975702,0.00951047159022729,0.00951047159022729,"gpath_trio"
"9929","CCDC107","Exc L3-4 RORB CUX2",-0.203234979345446,3.66012274426918,48.6649614233484,2.51122046843288e-11,8.54365479774591e-10,8.54365479774591e-10,"gpath_trio"
"9930","ARHGEF39","Exc L3-4 RORB CUX2",-0.108451016038133,-0.359861117938316,1.1671558521933,0.280987486871376,0.421920403961745,0.421920403961745,"gpath_trio"
"9931","TPM2","Exc L3-4 RORB CUX2",0.0169543821826539,2.50301539644315,0.0501461204342185,0.822985064251038,0.898615774815429,0.898615774815429,"gpath_trio"
"9932","TLN1","Exc L3-4 RORB CUX2",0.0147966412717356,3.65786068217339,0.315096354022501,0.575053046633295,0.708836917466079,0.708836917466079,"gpath_trio"
"9933","CREB3","Exc L3-4 RORB CUX2",-0.093472493490758,3.0479486666435,6.56299785270416,0.0109765544557664,0.0319095080900703,0.0319095080900703,"gpath_trio"
"9934","GBA2","Exc L3-4 RORB CUX2",-0.0878072181068808,4.90624060063278,13.7736937990858,0.000252217018143528,0.00130641292453034,0.00130641292453034,"gpath_trio"
"9935","RGP1","Exc L3-4 RORB CUX2",-0.107124649772663,4.44471622938941,17.1919613684488,4.57718466508497e-05,0.000298270996828454,0.000298270996828454,"gpath_trio"
"9936","AL133410.1","Exc L3-4 RORB CUX2",-0.0447717342241673,4.44381952816077,2.66881806803091,0.103542252122937,0.196349744955376,0.196349744955376,"gpath_trio"
"9937","NPR2","Exc L3-4 RORB CUX2",0.0388258949537283,2.91564686964834,1.09368906043364,0.296626530772533,0.43971364331966,0.43971364331966,"gpath_trio"
"9938","SPAG8","Exc L3-4 RORB CUX2",-0.13997400613442,2.09463995413706,12.5261180599628,0.000475256096605198,0.0022439250524245,0.0022439250524245,"gpath_trio"
"9939","HINT2","Exc L3-4 RORB CUX2",-0.352618244975561,1.37318406677744,36.6667516861307,4.88145374678998e-09,9.27338317716458e-08,9.27338317716458e-08,"gpath_trio"
"9940","TMEM8B","Exc L3-4 RORB CUX2",-0.018332353721713,4.61035888784515,0.743802952516086,0.389240128481736,0.537025206326952,0.537025206326952,"gpath_trio"
"9941","HRCT1","Exc L3-4 RORB CUX2",0.0300635000318586,-0.556715136266081,0.0741213442999455,0.785644063368911,0.874599623598067,0.874599623598067,"gpath_trio"
"9942","SPAAR","Exc L3-4 RORB CUX2",-0.128823064096106,1.93082071273703,3.43425579238272,0.0649902230103823,0.13595787528354,0.13595787528354,"gpath_trio"
"9943","RECK","Exc L3-4 RORB CUX2",0.00189365859631135,6.30041607528054,0.0129100471410622,0.909624821923849,0.953730422113795,0.953730422113795,"gpath_trio"
"9944","GLIPR2","Exc L3-4 RORB CUX2",-0.0602848926067747,1.80432826522855,1.13400875282628,0.28790979115231,0.429851257048608,0.429851257048608,"gpath_trio"
"9945","CLTA","Exc L3-4 RORB CUX2",-0.117808596891227,6.1399544129709,45.6397423993822,9.2731495215603e-11,2.65746863064601e-09,2.65746863064601e-09,"gpath_trio"
"9946","GNE","Exc L3-4 RORB CUX2",0.0412768724917463,4.45328867270887,2.72495254868997,0.0999983975975352,0.191011898459598,0.191011898459598,"gpath_trio"
"9947","RNF38","Exc L3-4 RORB CUX2",0.0443586815275946,6.43712510990519,8.70751364436677,0.00345811927583898,0.0121546265487895,0.0121546265487895,"gpath_trio"
"9948","MELK","Exc L3-4 RORB CUX2",-0.0474850074622596,0.674900399664631,0.528409729378169,0.467930171339935,0.613297681204651,0.613297681204651,"gpath_trio"
"9949","PAX5","Exc L3-4 RORB CUX2",-0.114492586382096,0.750753634440685,2.64155524221992,0.105313072294264,0.198959755926283,0.198959755926283,"gpath_trio"
"9950","EBLN3P","Exc L3-4 RORB CUX2",-0.104490754614154,4.71268202918544,17.3826215370047,4.16630544441822e-05,0.000274780033805615,0.000274780033805615,"gpath_trio"
"9951","ZCCHC7","Exc L3-4 RORB CUX2",0.0837610822495473,8.01628701305088,47.9622722755936,3.39708812836499e-11,1.10364336537462e-09,1.10364336537462e-09,"gpath_trio"
"9952","GRHPR","Exc L3-4 RORB CUX2",-0.0785154476462661,3.91702661629148,10.1000296163689,0.00166195538030617,0.0065157306252773,0.0065157306252773,"gpath_trio"
"9953","ZBTB5","Exc L3-4 RORB CUX2",0.0466479734656993,3.53415012133517,2.66369345510211,0.103872595663442,0.196865158995766,0.196865158995766,"gpath_trio"
"9954","POLR1E","Exc L3-4 RORB CUX2",-0.0548855804720195,1.7678953498776,1.38143057459366,0.240932783655298,0.374774010042069,0.374774010042069,"gpath_trio"
"9955","AL513165.1","Exc L3-4 RORB CUX2",0.0858867158010806,-0.344560204030844,0.97143917426348,0.414442808393141,0.562752972091239,0.562752972091239,"gpath_trio"
"9956","FBXO10","Exc L3-4 RORB CUX2",0.040591715649128,3.01836536045703,1.70622895966026,0.192629727041488,0.316165371222097,0.316165371222097,"gpath_trio"
"9957","AL513165.2","Exc L3-4 RORB CUX2",0.155993812278612,1.63207278234062,12.4763448043789,0.000487487035730765,0.00229469224121983,0.00229469224121983,"gpath_trio"
"9958","AL138752.2","Exc L3-4 RORB CUX2",-0.0730828357790755,4.5215970794498,13.0803443689952,0.000358388746800959,0.00176267502845182,0.00176267502845182,"gpath_trio"
"9959","FRMPD1","Exc L3-4 RORB CUX2",0.154826915141116,0.983790742229658,4.43273559640418,0.0362152260229846,0.0850473966958113,0.0850473966958113,"gpath_trio"
"9960","TRMT10B","Exc L3-4 RORB CUX2",-0.145351399754685,4.66790224035624,29.595587533599,1.22851098522926e-07,1.61540912481816e-06,1.61540912481816e-06,"gpath_trio"
"9961","DCAF10","Exc L3-4 RORB CUX2",0.0754552360102727,6.82504806829394,22.048095507457,4.30818614123141e-06,3.76919581089955e-05,3.76919581089955e-05,"gpath_trio"
"9962","ALDH1B1","Exc L3-4 RORB CUX2",-0.0786112266359923,-0.0510020604694827,0.71558297080541,0.398374433645856,0.546633321033842,0.546633321033842,"gpath_trio"
"9963","IGFBPL1","Exc L3-4 RORB CUX2",0.249870134182381,0.0721916046745991,5.87148576412863,0.01607146580805,0.0437987062916937,0.0437987062916937,"gpath_trio"
"9964","FAM95C","Exc L3-4 RORB CUX2",0.375929010429183,2.42624838942442,12.0495390923075,0.000606433229948429,0.00276617463581496,0.00276617463581496,"gpath_trio"
"9965","ANKRD18A","Exc L3-4 RORB CUX2",0.472559594294624,2.5705711924265,15.9823128709193,8.33519798930568e-05,0.000497964523050761,0.000497964523050761,"gpath_trio"
"9966","FAM201A","Exc L3-4 RORB CUX2",0.169613267203387,0.598999486705754,2.42275106247302,0.120801092854016,0.221399435700727,0.221399435700727,"gpath_trio"
"9967","AL845311.1","Exc L3-4 RORB CUX2",-0.232578054417485,1.04235555861324,5.48684090388145,0.019914934504896,0.0521526224865365,0.0521526224865365,"gpath_trio"
"9968","CNTNAP3","Exc L3-4 RORB CUX2",0.495337442653183,2.28017245522009,6.86373322914813,0.00931342542452435,0.0278863695369218,0.0278863695369218,"gpath_trio"
"9969","GLIDR","Exc L3-4 RORB CUX2",0.0969330177393614,5.19853171040513,5.30557357127352,0.0220467217610447,0.0566345803283255,0.0566345803283255,"gpath_trio"
"9970","ANKRD20A2","Exc L3-4 RORB CUX2",0.0204314174100657,0.719437543743366,0.0225423998856938,0.880769567338148,0.936789271659817,0.936789271659817,"gpath_trio"
"9971","FAM95B1","Exc L3-4 RORB CUX2",0.0894302047714192,5.06579389031688,5.62969779766461,0.0183865968765346,0.0488310380433554,0.0488310380433554,"gpath_trio"
"9972","BMS1P14","Exc L3-4 RORB CUX2",0.142952117161592,4.84404921104166,4.32017671905294,0.0386438009425731,0.0896961210327211,0.0896961210327211,"gpath_trio"
"9973","FP325318.1","Exc L3-4 RORB CUX2",-0.335059449217648,1.52140334069441,7.92729351288659,0.00524233941636453,0.017310015994297,0.017310015994297,"gpath_trio"
"9974","AL353626.1","Exc L3-4 RORB CUX2",-0.377226918003353,4.07218508133582,30.2967780118886,8.88331953682328e-08,1.20121294675208e-06,1.20121294675208e-06,"gpath_trio"
"9975","BX255923.2","Exc L3-4 RORB CUX2",-0.363945509444788,1.13850852904042,6.99737013235744,0.0086600148589688,0.0262257279765379,0.0262257279765379,"gpath_trio"
"9976","CBWD6","Exc L3-4 RORB CUX2",-0.0302108170873277,5.4488440897473,0.315117425711877,0.575040272932933,0.708836917466079,0.708836917466079,"gpath_trio"
"9977","AL845472.1","Exc L3-4 RORB CUX2",-0.178045469892591,0.905060235948892,6.71972678939378,0.0100746906102341,0.0297979002800242,0.0297979002800242,"gpath_trio"
"9978","AL591926.2","Exc L3-4 RORB CUX2",-0.369867775891572,1.88485345707801,31.1573369408144,5.97529250590336e-08,8.45382372416552e-07,8.45382372416552e-07,"gpath_trio"
"9979","CNTNAP3B","Exc L3-4 RORB CUX2",0.17414011068138,5.64726370433139,4.76121989003231,0.0300033435493269,0.0727545019360179,0.0727545019360179,"gpath_trio"
"9980","AL445584.2","Exc L3-4 RORB CUX2",-0.119038496277497,1.50983479839872,5.40132977535997,0.0208924834585475,0.0541850949705868,0.0541850949705868,"gpath_trio"
"9981","BX088651.4","Exc L3-4 RORB CUX2",0.0592701315934781,-0.355100138137758,0.308606926998827,0.579013953972919,0.711815643251699,0.711815643251699,"gpath_trio"
"9982","AL591441.2","Exc L3-4 RORB CUX2",0.149780058890479,-0.100204039245077,2.60427109744409,0.107789092510345,0.202575215779805,0.202575215779805,"gpath_trio"
"9983","AL591441.1","Exc L3-4 RORB CUX2",0.1308104942115,2.84699660888277,4.74457053546352,0.0302895772425305,0.0733252004881273,0.0733252004881273,"gpath_trio"
"9984","BX088645.1","Exc L3-4 RORB CUX2",0.268213489629986,-1.05458462474396,1.65232701988276,0.199786254438593,0.325449146814583,0.325449146814583,"gpath_trio"
"9985","FAM27C","Exc L3-4 RORB CUX2",-0.151861834764292,1.19469747304904,4.46156093997721,0.0356195240905169,0.0839023816142649,0.0839023816142649,"gpath_trio"
"9986","AL391987.2","Exc L3-4 RORB CUX2",0.104729604433441,4.05233451562546,6.51375301564108,0.0112768214723726,0.0326647341285165,0.0326647341285165,"gpath_trio"
"9987","AL391987.3","Exc L3-4 RORB CUX2",-0.542782823868485,0.625781678131856,17.2439918056532,4.4611468963978e-05,0.000291651453774548,0.000291651453774548,"gpath_trio"
"9988","CR769775.2","Exc L3-4 RORB CUX2",-0.143630148619061,2.39983677641085,3.07351345231447,0.0807557812274021,0.161551600026062,0.161551600026062,"gpath_trio"
"9989","LINC01410","Exc L3-4 RORB CUX2",0.0671947239464733,1.44137353058793,0.888901555870576,0.346650351580305,0.493798689764361,0.493798689764361,"gpath_trio"
"9990","AL512625.2","Exc L3-4 RORB CUX2",0.00942382323387359,0.240862671608073,0.0108109457352032,0.917268790813586,0.958110165915822,0.958110165915822,"gpath_trio"
"9991","AL512625.3","Exc L3-4 RORB CUX2",0.0599859031471294,3.44068082662731,0.805226127608325,0.370365554994055,0.518644904581843,0.518644904581843,"gpath_trio"
"9992","AL512625.1","Exc L3-4 RORB CUX2",-0.0819053025818045,1.6911670700825,2.3215152455794,0.128811013746846,0.232738868201918,0.232738868201918,"gpath_trio"
"9993","ANKRD20A4","Exc L3-4 RORB CUX2",0.0504074970451131,3.49094680434011,0.63089582919646,0.427751266415421,0.575786082194496,0.575786082194496,"gpath_trio"
"9994","FOXD4L5","Exc L3-4 RORB CUX2",0.289679446180058,-0.538107095064695,5.30551205987469,0.0220474842081124,0.0566345803283255,0.0566345803283255,"gpath_trio"
"9995","CBWD5","Exc L3-4 RORB CUX2",0.0277483550324681,6.82633988072266,0.509986490436026,0.475785299717547,0.620168524473544,0.620168524473544,"gpath_trio"
"9996","AL136317.2","Exc L3-4 RORB CUX2",-0.015504943428687,5.60783938677713,0.139319043841852,0.709263045170889,0.817772427495868,0.817772427495868,"gpath_trio"
"9997","ANKRD20A3","Exc L3-4 RORB CUX2",0.00201440263938048,3.47891390546227,0.00188206786904068,0.965429680966843,0.982154332998872,0.982154332998872,"gpath_trio"
"9998","AL513478.2","Exc L3-4 RORB CUX2",-0.0868729505084037,-0.360044531108389,0.639726697312802,0.424539906802649,0.572877574727004,0.572877574727004,"gpath_trio"
"9999","ZNF658","Exc L3-4 RORB CUX2",0.0244031079904603,4.3544217731622,0.779996685082939,0.377957995326683,0.526153936317942,0.526153936317942,"gpath_trio"
"10000","ANKRD20A1","Exc L3-4 RORB CUX2",0.0339612391356541,3.13309738400562,0.448998532427503,0.503405594620619,0.645948487238395,0.645948487238395,"gpath_trio"
"10001","AL353608.2","Exc L3-4 RORB CUX2",0.244744472933038,1.43968476688105,12.4721596174648,0.000488529946209202,0.00229852883973196,0.00229852883973196,"gpath_trio"
"10002","CBWD3","Exc L3-4 RORB CUX2",-0.0422579030298623,5.02455898227924,0.805707641378955,0.370222740872011,0.51854987294291,0.51854987294291,"gpath_trio"
"10003","AL353608.3","Exc L3-4 RORB CUX2",0.180641817296616,-0.636324025330997,1.64464846075903,0.200831030656564,0.32670263211548,0.32670263211548,"gpath_trio"
"10004","PGM5","Exc L3-4 RORB CUX2",-0.217171034850196,1.94092676056241,10.1019039199708,0.00166032979050375,0.00651062264789371,0.00651062264789371,"gpath_trio"
"10005","AL161457.2","Exc L3-4 RORB CUX2",0.0181437207997324,4.06579436584441,0.239274640366913,0.625142878615524,0.749792377151668,0.749792377151668,"gpath_trio"
"10006","AL353616.2","Exc L3-4 RORB CUX2",-0.0842474824274743,0.179705572142895,1.2115716497122,0.373369946854565,0.52173006495296,0.52173006495296,"gpath_trio"
"10007","PIP5K1B","Exc L3-4 RORB CUX2",0.112830966475857,6.99925458145478,12.3926424023971,0.000508781589492944,0.00237773188974291,0.00237773188974291,"gpath_trio"
"10008","AL354794.1","Exc L3-4 RORB CUX2",-0.24493258975697,-0.308633271053532,4.98781636634782,0.0263775038313276,0.0653847081701725,0.0653847081701725,"gpath_trio"
"10009","APBA1","Exc L3-4 RORB CUX2",0.116898655354182,7.63825780725939,65.2689151609382,2.46263777442331e-14,1.68992235030579e-12,1.68992235030579e-12,"gpath_trio"
"10010","AL353693.1","Exc L3-4 RORB CUX2",-0.307430810077727,1.42007843135378,19.2585447261628,1.66096567080756e-05,0.000123334495430779,0.000123334495430779,"gpath_trio"
"10011","PTAR1","Exc L3-4 RORB CUX2",0.0743416317477125,4.26472429893805,8.18866407341475,0.00455812649683169,0.015336924962238,0.015336924962238,"gpath_trio"
"10012","C9orf135","Exc L3-4 RORB CUX2",0.297583496703452,-0.900786961406085,5.39747417900689,0.0209377201541262,0.054281483437355,0.054281483437355,"gpath_trio"
"10013","MAMDC2-AS1","Exc L3-4 RORB CUX2",0.164977144564791,3.95644940808291,15.6746904733233,9.71508960027084e-05,0.000569773060132163,0.000569773060132163,"gpath_trio"
"10014","MAMDC2","Exc L3-4 RORB CUX2",-0.0642015907660622,5.69444667020442,2.28466396245082,0.131872850324491,0.237103177550718,0.237103177550718,"gpath_trio"
"10015","SMC5-AS1","Exc L3-4 RORB CUX2",0.205905316344578,3.9249782032721,32.6282682512464,3.04417910199272e-08,4.64519343139433e-07,4.64519343139433e-07,"gpath_trio"
"10016","SMC5","Exc L3-4 RORB CUX2",0.0843945627617021,6.42367347700356,27.1500171670315,3.83655179311873e-07,4.4204701556922e-06,4.4204701556922e-06,"gpath_trio"
"10017","KLF9","Exc L3-4 RORB CUX2",-0.0383372947366645,5.5823734354296,2.92707427307947,0.0882979117078075,0.173423906610691,0.173423906610691,"gpath_trio"
"10018","TRPM3","Exc L3-4 RORB CUX2",0.0934184286555994,8.0470742561234,7.76676150112646,0.00571400882824796,0.0186297460261445,0.0186297460261445,"gpath_trio"
"10019","CEMIP2","Exc L3-4 RORB CUX2",0.0943755092043169,5.87864198829003,6.86176830704929,0.00932340315434192,0.0279079612223811,0.0279079612223811,"gpath_trio"
"10020","ABHD17B","Exc L3-4 RORB CUX2",0.0464068645891031,4.88795423510448,4.72460964094908,0.0306365223926915,0.0740407090647521,0.0740407090647521,"gpath_trio"
"10021","C9orf85","Exc L3-4 RORB CUX2",0.0935480617193558,5.00087193255743,20.7687646271675,7.97928066956145e-06,6.47033711850491e-05,6.47033711850491e-05,"gpath_trio"
"10022","C9orf57","Exc L3-4 RORB CUX2",-0.0526189028845356,0.0547484507886716,0.335180626986711,0.563125554820855,0.698626126461121,0.698626126461121,"gpath_trio"
"10023","GDA","Exc L3-4 RORB CUX2",0.00405422994278731,6.69150639659261,0.0456389575391628,0.831000871922561,0.903507881341027,0.903507881341027,"gpath_trio"
"10024","AL135924.2","Exc L3-4 RORB CUX2",0.0855646526114308,-0.233145273549314,0.812120301649822,0.368328104958374,0.516760745308428,0.516760745308428,"gpath_trio"
"10025","LINC01504","Exc L3-4 RORB CUX2",-0.261505760741033,-0.823909830532654,4.48077866608466,0.0352281109015239,0.0831357044611351,0.0831357044611351,"gpath_trio"
"10026","ZFAND5","Exc L3-4 RORB CUX2",-0.0776315807555336,6.11197797149477,13.1326375053484,0.000348993700161679,0.0017231884240729,0.0017231884240729,"gpath_trio"
"10027","TMC1","Exc L3-4 RORB CUX2",-0.112446233598193,1.05654609943907,3.66567215173882,0.0566416496131887,0.121648191387237,0.121648191387237,"gpath_trio"
"10028","ALDH1A1","Exc L3-4 RORB CUX2",0.264482907522412,1.70783426334568,2.54372345151171,0.111948155903061,0.208700244441347,0.208700244441347,"gpath_trio"
"10029","ANXA1","Exc L3-4 RORB CUX2",-0.0813322715703096,0.214732707955253,0.534985451579573,0.465177057085333,0.610760583541364,0.610760583541364,"gpath_trio"
"10030","RORB-AS1","Exc L3-4 RORB CUX2",0.0268722992878578,5.02692304496907,0.509204682724162,0.476123368834347,0.620470527988648,0.620470527988648,"gpath_trio"
"10031","RORB","Exc L3-4 RORB CUX2",0.133627074005866,8.64655115028288,16.0301320876938,8.13928287195431e-05,0.000488178958646361,0.000488178958646361,"gpath_trio"
"10032","TRPM6","Exc L3-4 RORB CUX2",-0.0846455003109438,1.40619826722576,0.991541143571944,0.320291788233971,0.465683211659993,0.465683211659993,"gpath_trio"
"10033","C9orf40","Exc L3-4 RORB CUX2",-0.0407024248742201,3.05921271439315,1.65752341602391,0.199082850831334,0.324526750691671,0.324526750691671,"gpath_trio"
"10034","C9orf41-AS1","Exc L3-4 RORB CUX2",0.00915319904053054,3.29252447124757,0.0734697303508442,0.786565329437733,0.87509940892274,0.87509940892274,"gpath_trio"
"10035","CARNMT1","Exc L3-4 RORB CUX2",0.0459035019232044,6.0167568041538,6.57348923173544,0.0109136581474283,0.0317495390229799,0.0317495390229799,"gpath_trio"
"10036","NMRK1","Exc L3-4 RORB CUX2",0.0474118742796841,5.28900039087124,1.19556910809357,0.275221062042161,0.415301789581196,0.415301789581196,"gpath_trio"
"10037","OSTF1","Exc L3-4 RORB CUX2",0.00156955602482698,5.43058886830933,0.00515008191132384,0.942844836343843,0.972202458117157,0.972202458117157,"gpath_trio"
"10038","PCSK5","Exc L3-4 RORB CUX2",0.206551385481025,-1.10468139140919,0.472831532481116,0.492300342626871,0.63590238891716,0.63590238891716,"gpath_trio"
"10039","RFK","Exc L3-4 RORB CUX2",-0.161711682449168,4.55664521777106,42.0770489077785,4.40132001158176e-10,1.05084770690724e-08,1.05084770690724e-08,"gpath_trio"
"10040","GCNT1","Exc L3-4 RORB CUX2",0.0550656304777642,2.78403267329702,1.82999851611841,0.177302900632663,0.296906845177325,0.296906845177325,"gpath_trio"
"10041","PRUNE2","Exc L3-4 RORB CUX2",0.121721512591491,7.5978606928683,21.5994450167636,5.34510253098834e-06,4.5577955859125e-05,4.5577955859125e-05,"gpath_trio"
"10042","PCA3","Exc L3-4 RORB CUX2",-0.208358599773912,3.07632055390723,20.4441335669744,9.33640014219e-06,7.43925248296537e-05,7.43925248296537e-05,"gpath_trio"
"10043","VPS13A","Exc L3-4 RORB CUX2",0.0592972735419124,8.04210278927269,17.5840137953348,3.77274169332377e-05,0.000252120118127881,0.000252120118127881,"gpath_trio"
"10044","GNA14","Exc L3-4 RORB CUX2",-0.0624508128946374,3.51468722820626,2.54960113954641,0.111536734262552,0.208209386173334,0.208209386173334,"gpath_trio"
"10045","GNAQ","Exc L3-4 RORB CUX2",0.0586058894278962,8.80091483301569,21.584494021735,5.38370283054793e-06,4.58683296479326e-05,4.58683296479326e-05,"gpath_trio"
"10046","CEP78","Exc L3-4 RORB CUX2",0.0215564640777674,5.60198999840949,1.21146682121328,0.522237229550071,0.662607137998967,0.662607137998967,"gpath_trio"
"10047","PSAT1","Exc L3-4 RORB CUX2",0.21588406466463,2.62318209550325,10.0395700580331,0.00171527246725076,0.00669743023549139,0.00669743023549139,"gpath_trio"
"10048","TLE4","Exc L3-4 RORB CUX2",0.00939493179955688,6.58405373179518,0.102162779950925,0.749506160985751,0.848414228686951,0.848414228686951,"gpath_trio"
"10049","AL161782.1","Exc L3-4 RORB CUX2",0.17048819592599,-1.08595227219044,1.56159116392649,0.212556085194825,0.341182195783721,0.341182195783721,"gpath_trio"
"10050","TLE1","Exc L3-4 RORB CUX2",-0.00338861697853237,5.92101194501349,0.0122961588098942,0.911790672122175,0.955008660059438,0.955008660059438,"gpath_trio"
"10051","AL591368.1","Exc L3-4 RORB CUX2",0.0486013134628231,3.5355867468435,0.718552451546989,0.397398769595481,0.545557986975287,0.545557986975287,"gpath_trio"
"10052","AL158154.2","Exc L3-4 RORB CUX2",-0.128471723925758,-0.363962650044569,1.59573035163715,0.357557593104921,0.505198153994802,0.505198153994802,"gpath_trio"
"10053","RASEF","Exc L3-4 RORB CUX2",0.187275899216477,0.72669795479184,5.33438020330167,0.021692660268724,0.0559224918121016,0.0559224918121016,"gpath_trio"
"10054","AL137847.1","Exc L3-4 RORB CUX2",0.223241946954118,-0.800078060741016,3.95321503178772,0.0554145628048346,0.119570995143052,0.119570995143052,"gpath_trio"
"10055","FRMD3","Exc L3-4 RORB CUX2",0.130848288256864,4.81010125464059,17.0029725740693,5.02499841424166e-05,0.000323379084552872,0.000323379084552872,"gpath_trio"
"10056","IDNK","Exc L3-4 RORB CUX2",0.0102893511793278,2.68824748110839,0.047922619364656,0.826890061734739,0.900969714316311,0.900969714316311,"gpath_trio"
"10057","UBQLN1","Exc L3-4 RORB CUX2",-0.0231865522640801,6.25082697313178,2.19277726617863,0.139869855197735,0.247750160545593,0.247750160545593,"gpath_trio"
"10058","AL354920.1","Exc L3-4 RORB CUX2",-0.135851059317443,-0.648877516286513,1.34863930306333,0.246581157836987,0.381647476744243,0.381647476744243,"gpath_trio"
"10059","GKAP1","Exc L3-4 RORB CUX2",0.0632576677387732,5.09096412666989,9.90276204864565,0.0018424564630802,0.00711009164931961,0.00711009164931961,"gpath_trio"
"10060","AL354733.1","Exc L3-4 RORB CUX2",0.219862522755092,-0.253318770722185,5.87521022780762,0.0160382707716663,0.0437189572830073,0.0437189572830073,"gpath_trio"
"10061","AL354733.2","Exc L3-4 RORB CUX2",0.0126065292846833,2.48055060877026,0.109029883934449,0.907776662067685,0.952798787938934,0.952798787938934,"gpath_trio"
"10062","KIF27","Exc L3-4 RORB CUX2",0.0133468543775288,4.98828368955363,0.389468473473737,0.533126088588605,0.672532910478029,0.672532910478029,"gpath_trio"
"10063","C9orf64","Exc L3-4 RORB CUX2",0.074671122225039,1.9353629112476,2.9598340591238,0.0865464603066392,0.170665119410267,0.170665119410267,"gpath_trio"
"10064","HNRNPK","Exc L3-4 RORB CUX2",-0.068990873779249,5.97816159305254,15.3314261999613,0.000115305535928753,0.000660314841715181,0.000660314841715181,"gpath_trio"
"10065","AL354733.3","Exc L3-4 RORB CUX2",-0.106685508831884,0.091125362245179,0.992697293999219,0.320010357213839,0.465364761054453,0.465364761054453,"gpath_trio"
"10066","RMI1","Exc L3-4 RORB CUX2",-0.0324503032231652,3.50477408961235,1.25258990200051,0.264091257386322,0.402613329859631,0.402613329859631,"gpath_trio"
"10067","AL390838.1","Exc L3-4 RORB CUX2",0.023186636022583,0.816568396614741,0.0985548362047167,0.839998406976631,0.909708940939048,0.909708940939048,"gpath_trio"
"10068","SLC28A3","Exc L3-4 RORB CUX2",-0.367724172209247,-0.691244281726592,11.0222573232303,0.00102915757400725,0.00434559523976482,0.00434559523976482,"gpath_trio"
"10069","NTRK2","Exc L3-4 RORB CUX2",0.0169208017006874,9.45104929900351,0.820291067959259,0.365933587134712,0.513998885946621,0.513998885946621,"gpath_trio"
"10070","AGTPBP1","Exc L3-4 RORB CUX2",0.0549272058856885,7.68224522722721,17.9927323694512,3.08576570841932e-05,0.00021148403747417,0.00021148403747417,"gpath_trio"
"10071","AL157882.1","Exc L3-4 RORB CUX2",-0.0468729255174246,-0.900260678466515,0.166034962897354,0.68399525842652,0.797777612566117,0.797777612566117,"gpath_trio"
"10072","AL353743.2","Exc L3-4 RORB CUX2",0.0849422618783836,2.2947229976956,3.39746294262027,0.0664348927138813,0.138490532802176,0.138490532802176,"gpath_trio"
"10073","NAA35","Exc L3-4 RORB CUX2",0.0255652720666268,5.97808220951483,2.47578060891231,0.969363366155831,0.984143816032301,0.984143816032301,"gpath_trio"
"10074","GOLM1","Exc L3-4 RORB CUX2",0.0165391824949113,6.09955252043305,0.705987903531267,0.401550927321968,0.549799114945416,0.549799114945416,"gpath_trio"
"10075","C9orf153","Exc L3-4 RORB CUX2",0.100693299386565,3.4388936104317,2.48973168778352,0.115807090888767,0.214270731720549,0.214270731720549,"gpath_trio"
"10076","ISCA1","Exc L3-4 RORB CUX2",-0.108569369492107,5.00854006051374,33.1550518206554,2.39344156817507e-08,3.76365421963616e-07,3.76365421963616e-07,"gpath_trio"
"10077","TUT7","Exc L3-4 RORB CUX2",0.0599026163153683,5.99535396254402,8.89091635403013,0.00313784052953857,0.011198643672995,0.011198643672995,"gpath_trio"
"10078","AL353613.1","Exc L3-4 RORB CUX2",0.0381610707701615,0.301406653864041,0.170057913272705,0.680400150774166,0.794988882948329,0.794988882948329,"gpath_trio"
"10079","GAS1","Exc L3-4 RORB CUX2",0.0207403173672839,0.749293655260182,0.077100859557715,0.781486029643565,0.87179876406187,0.87179876406187,"gpath_trio"
"10080","GAS1RR","Exc L3-4 RORB CUX2",0.11576474770987,4.40313784136972,8.2475307249221,0.00441709282333432,0.0149146188637272,0.0149146188637272,"gpath_trio"
"10081","C9orf170","Exc L3-4 RORB CUX2",0.0906664336080133,0.0855367349049244,1.11016804228761,0.347102476942478,0.494163606824818,0.494163606824818,"gpath_trio"
"10082","DAPK1","Exc L3-4 RORB CUX2",0.125485383096378,8.22599661453402,45.6550717487704,9.21163034988883e-11,2.64359377395458e-09,2.64359377395458e-09,"gpath_trio"
"10083","CTSL","Exc L3-4 RORB CUX2",-0.136703449122859,4.30326354861157,27.9689838146067,2.61644375147696e-07,3.1665718467935e-06,3.1665718467935e-06,"gpath_trio"
"10084","CDK20","Exc L3-4 RORB CUX2",-0.135925634922267,3.3849319128076,16.595163489074,6.14859179483126e-05,0.000385230062032207,0.000385230062032207,"gpath_trio"
"10085","SPIN1","Exc L3-4 RORB CUX2",0.00812183760877155,7.44433385271046,0.309183618682989,0.578659763532599,0.711450854845627,0.711450854845627,"gpath_trio"
"10086","NXNL2","Exc L3-4 RORB CUX2",-0.0305755046718525,1.90093761566997,0.36554756804881,0.54596852636013,0.684071234586736,0.684071234586736,"gpath_trio"
"10087","S1PR3","Exc L3-4 RORB CUX2",-0.0173236008472421,0.680042317507963,0.0609779975721826,0.805151662177839,0.887261678603486,0.887261678603486,"gpath_trio"
"10088","SHC3","Exc L3-4 RORB CUX2",-0.00173410274027439,7.47123058503517,0.00350281873210637,0.952850525455261,0.977050181549254,0.977050181549254,"gpath_trio"
"10089","CKS2","Exc L3-4 RORB CUX2",-0.224829167961165,0.770007308902784,6.71316252698232,0.0101108842709624,0.0298882183394382,0.0298882183394382,"gpath_trio"
"10090","SECISBP2","Exc L3-4 RORB CUX2",-0.0582062068199451,5.94934228367495,10.4709996182756,0.00136981807870912,0.00553645952345514,0.00553645952345514,"gpath_trio"
"10091","SEMA4D","Exc L3-4 RORB CUX2",0.0597292288982666,6.00797445976876,10.0092943705528,0.00174262408408663,0.00678191375317278,0.00678191375317278,"gpath_trio"
"10092","GADD45G","Exc L3-4 RORB CUX2",-0.0503667676159849,0.769155941611283,0.330494444555252,0.565865189099814,0.701121191753019,0.701121191753019,"gpath_trio"
"10093","LINC01508","Exc L3-4 RORB CUX2",-0.116763605002021,0.454001002218309,2.19664039348973,0.139522844275202,0.247352669881565,0.247352669881565,"gpath_trio"
"10094","LINC01501","Exc L3-4 RORB CUX2",-0.095225958410713,0.712330794174004,1.4706184781874,0.226348816675135,0.357236600992791,0.357236600992791,"gpath_trio"
"10095","DIRAS2","Exc L3-4 RORB CUX2",-0.0859421136584798,6.09835835335941,11.5243405131417,0.000794233050155683,0.00348037614832556,0.00348037614832556,"gpath_trio"
"10096","AL355607.1","Exc L3-4 RORB CUX2",0.0461109198114151,0.0137023908693585,0.248128534859588,0.90571021040461,0.952149627164452,0.952149627164452,"gpath_trio"
"10097","AL158071.1","Exc L3-4 RORB CUX2",0.0334067768075356,2.19445069712352,0.211793182546209,0.645750168563094,0.766714315605016,0.766714315605016,"gpath_trio"
"10098","AL158071.4","Exc L3-4 RORB CUX2",0.147510808074472,3.66464007521128,10.3097441745313,0.00148976616102574,0.00593992733175778,0.00593992733175778,"gpath_trio"
"10099","AL158071.5","Exc L3-4 RORB CUX2",0.0349836936701477,0.482324706194466,0.242303194422966,0.622962918003742,0.74815625160578,0.74815625160578,"gpath_trio"
"10100","AUH","Exc L3-4 RORB CUX2",0.0727773293146676,6.79125015192562,30.6252839608047,7.63410420728509e-08,1.0513177636995e-06,1.0513177636995e-06,"gpath_trio"
"10101","NFIL3","Exc L3-4 RORB CUX2",0.101539526746744,3.01236153962965,5.31635944406657,0.0219134525985596,0.0563620482121291,0.0563620482121291,"gpath_trio"
"10102","ROR2","Exc L3-4 RORB CUX2",0.0772950200738135,2.75838079568992,0.754775164413853,0.3857698050018,0.533990107438169,0.533990107438169,"gpath_trio"
"10103","SPTLC1","Exc L3-4 RORB CUX2",0.025386046620255,5.42018073533133,2.37649434825064,0.12438983279685,0.226352022790336,0.226352022790336,"gpath_trio"
"10104","IARS","Exc L3-4 RORB CUX2",0.0336686277629391,6.33112104523557,2.04533802079413,0.153873642269305,0.26638070471797,0.26638070471797,"gpath_trio"
"10105","NOL8","Exc L3-4 RORB CUX2",0.0679871730938841,4.17193366789469,6.05436204888105,0.0145226567140899,0.0403629424447946,0.0403629424447946,"gpath_trio"
"10106","CENPP","Exc L3-4 RORB CUX2",0.0576416494057111,6.67782514921879,2.44221283951429,0.119325791174238,0.219173146116191,0.219173146116191,"gpath_trio"
"10107","OGN","Exc L3-4 RORB CUX2",-0.305811997415545,0.742754087961965,16.7210400413314,5.77696713985239e-05,0.000364219725145381,0.000364219725145381,"gpath_trio"
"10108","OMD","Exc L3-4 RORB CUX2",-0.476839988473685,0.708755263810233,38.9791301674545,1.73466163142853e-09,3.62285697868226e-08,3.62285697868226e-08,"gpath_trio"
"10109","ASPN","Exc L3-4 RORB CUX2",-0.359505790939997,1.02737590115692,21.6723548073877,5.1608361833247e-06,4.43251894417096e-05,4.43251894417096e-05,"gpath_trio"
"10110","ECM2","Exc L3-4 RORB CUX2",-0.328664333383005,1.24487654534494,21.946805237607,4.52293942398494e-06,3.92981493879828e-05,3.92981493879828e-05,"gpath_trio"
"10111","IPPK","Exc L3-4 RORB CUX2",-0.00238402589021778,4.92061481782236,0.0145671754951325,0.904026188000935,0.95137073407328,0.95137073407328,"gpath_trio"
"10112","BICD2","Exc L3-4 RORB CUX2",0.0241047785982066,4.50539702173364,1.13718555806663,0.287237015954845,0.429132579008718,0.429132579008718,"gpath_trio"
"10113","ZNF484","Exc L3-4 RORB CUX2",-0.0303469317313551,4.11679780362754,1.35062054173519,0.24623530817793,0.381258429968515,0.381258429968515,"gpath_trio"
"10114","FGD3","Exc L3-4 RORB CUX2",-0.195709049022912,0.0849182279853614,6.30580059147573,0.0126414806709667,0.0359974414307345,0.0359974414307345,"gpath_trio"
"10115","CARD19","Exc L3-4 RORB CUX2",-0.127271255239174,4.64632585111171,19.2399901679422,1.67605933568437e-05,0.000124272315683323,0.000124272315683323,"gpath_trio"
"10116","NINJ1","Exc L3-4 RORB CUX2",-0.0161952562544326,2.20477784525245,0.0894875933637859,0.765068557552588,0.859998782517464,0.859998782517464,"gpath_trio"
"10117","WNK2","Exc L3-4 RORB CUX2",0.0931995210633367,7.60002154379388,39.3654643460994,1.4606400748051e-09,3.09217350568657e-08,3.09217350568657e-08,"gpath_trio"
"10118","C9orf129","Exc L3-4 RORB CUX2",0.0553594243957113,4.61109132359079,5.06417852198412,0.0252614781174333,0.0631850137638504,0.0631850137638504,"gpath_trio"
"10119","AL583839.1","Exc L3-4 RORB CUX2",0.073164344373188,1.03838289552577,1.18997483893984,0.276344499941961,0.41662040459425,0.41662040459425,"gpath_trio"
"10120","FAM120AOS","Exc L3-4 RORB CUX2",-0.00751991967237808,4.27488391792279,0.0696599882202792,0.79204154838101,0.878715327939889,0.878715327939889,"gpath_trio"
"10121","FAM120A","Exc L3-4 RORB CUX2",0.0424720907941638,6.75355087082646,9.46970393973562,0.00231225210269917,0.00864844015052943,0.00864844015052943,"gpath_trio"
"10122","PHF2","Exc L3-4 RORB CUX2",0.0751359317563328,4.46015329135474,10.6549805255641,0.00124492349550875,0.005111178575883,0.005111178575883,"gpath_trio"
"10123","PTPDC1","Exc L3-4 RORB CUX2",0.0632695439595409,5.50204248043232,9.1653047210267,0.00271430006876429,0.00990074197926587,0.00990074197926587,"gpath_trio"
"10124","AL158152.2","Exc L3-4 RORB CUX2",0.0748455312953628,4.08052906221601,10.0363284032224,0.00171817997821745,0.00670618708851558,0.00670618708851558,"gpath_trio"
"10125","MIRLET7DHG","Exc L3-4 RORB CUX2",-0.151739608094897,-0.166714207095442,2.22599077530451,0.136917884480147,0.244042611483962,0.244042611483962,"gpath_trio"
"10126","ZNF169","Exc L3-4 RORB CUX2",0.0369276616669403,4.59758338566668,3.62011975492551,0.0581894718924019,0.124333962605926,0.124333962605926,"gpath_trio"
"10127","AL691447.2","Exc L3-4 RORB CUX2",0.154537846460688,1.02254216758116,1.89568113489971,0.169746866229738,0.287028282458576,0.287028282458576,"gpath_trio"
"10128","MFSD14B","Exc L3-4 RORB CUX2",0.00861932484011716,4.79082913022106,0.196854865441301,0.723889290418724,0.828904389250114,0.828904389250114,"gpath_trio"
"10129","PCAT7","Exc L3-4 RORB CUX2",-0.0763018378890664,1.15271576744796,0.746979343487326,0.388230910346983,0.536109419318986,0.536109419318986,"gpath_trio"
"10130","FBP2","Exc L3-4 RORB CUX2",-0.0394303708122114,-0.0467377702304078,0.21398950607054,0.644045170492952,0.765500843330701,0.765500843330701,"gpath_trio"
"10131","FBP1","Exc L3-4 RORB CUX2",-0.467854820515194,0.413225053467193,33.1147546070117,2.43783621006624e-08,3.82154976985908e-07,3.82154976985908e-07,"gpath_trio"
"10132","C9orf3","Exc L3-4 RORB CUX2",0.0713995358323556,7.59822553364043,17.8737317089946,3.27157336181587e-05,0.00022238541972586,0.00022238541972586,"gpath_trio"
"10133","AL353768.1","Exc L3-4 RORB CUX2",-0.429104607809409,0.327290852326465,22.8396557688801,2.94835756444565e-06,2.69398160610013e-05,2.69398160610013e-05,"gpath_trio"
"10134","FANCC","Exc L3-4 RORB CUX2",0.0424122124127642,5.00572634240353,2.15689226735783,0.143140272371424,0.252032501170886,0.252032501170886,"gpath_trio"
"10135","PTCH1","Exc L3-4 RORB CUX2",0.0497111742658553,3.76039081122767,1.0357223191432,0.309764476989182,0.454211666782233,0.454211666782233,"gpath_trio"
"10136","AL354861.2","Exc L3-4 RORB CUX2",-0.116377505021046,1.32353406486939,3.76970455295253,0.053269102517942,0.11584608637485,0.11584608637485,"gpath_trio"
"10137","LINC00476","Exc L3-4 RORB CUX2",0.203481417841395,5.96034617542941,48.9584434465881,2.2140026738097e-11,7.6370663688776e-10,7.6370663688776e-10,"gpath_trio"
"10138","ERCC6L2","Exc L3-4 RORB CUX2",0.103978331218092,6.52081157349029,33.476223485286,2.06755179539098e-08,3.30529773946221e-07,3.30529773946221e-07,"gpath_trio"
"10139","LINC00092","Exc L3-4 RORB CUX2",-0.00969993121773892,-0.518387459994918,0.00980356649506995,0.921204272066312,0.959736441463354,0.959736441463354,"gpath_trio"
"10140","AL449403.1","Exc L3-4 RORB CUX2",-0.201219673306163,-0.320642108222844,4.36601549568025,0.0376346819731541,0.0877983012035596,0.0877983012035596,"gpath_trio"
"10141","ZNF367","Exc L3-4 RORB CUX2",-0.11071834013125,2.44631210165349,8.85817656969,0.0031927045597233,0.0113522760825551,0.0113522760825551,"gpath_trio"
"10142","HABP4","Exc L3-4 RORB CUX2",-0.0151896599991505,6.26843430315226,0.838366031693821,0.360712910574668,0.508587809829054,0.508587809829054,"gpath_trio"
"10143","CDC14B","Exc L3-4 RORB CUX2",-0.0125186928632298,6.59682542356215,0.252653255136518,0.615638471546785,0.74223175352315,0.74223175352315,"gpath_trio"
"10144","AAED1","Exc L3-4 RORB CUX2",-0.0636845754454425,1.9213805004955,1.92488785765163,0.166506820160114,0.282648304310501,0.282648304310501,"gpath_trio"
"10145","AL589843.1","Exc L3-4 RORB CUX2",0.14243479297603,5.21083741369682,13.1886640131216,0.000339205201519451,0.00168309516494218,0.00168309516494218,"gpath_trio"
"10146","ZNF510","Exc L3-4 RORB CUX2",0.0231441127437631,4.39468906006226,1.44169356509329,0.230958213379233,0.362811021951727,0.362811021951727,"gpath_trio"
"10147","ZNF782","Exc L3-4 RORB CUX2",0.130975027830492,5.95068745633208,46.2676461841032,7.06241343195167e-11,2.08921101157808e-09,2.08921101157808e-09,"gpath_trio"
"10148","MFSD14C","Exc L3-4 RORB CUX2",0.0604331320365797,6.42802617562775,19.003747928412,1.88082328173393e-05,0.000136888923914077,0.000136888923914077,"gpath_trio"
"10149","NUTM2G","Exc L3-4 RORB CUX2",-0.0833694363628883,-0.766553146103093,0.597413336825992,0.440268732018265,0.587151088608442,0.587151088608442,"gpath_trio"
"10150","CTSV","Exc L3-4 RORB CUX2",0.110767148204053,-0.572967074093767,0.745132172381147,0.388817345449099,0.536625389549567,0.536625389549567,"gpath_trio"
"10151","AL590705.3","Exc L3-4 RORB CUX2",-0.00714017197866214,-0.219249816125513,0.00445218020588758,0.946852180843966,0.974083052803376,0.974083052803376,"gpath_trio"
"10152","AL590705.1","Exc L3-4 RORB CUX2",0.0972620953798064,5.32459486609747,2.37766793567244,0.124297324993512,0.226244905426208,0.226244905426208,"gpath_trio"
"10153","CCDC180","Exc L3-4 RORB CUX2",0.139210163232106,4.99585499861726,34.4711690262161,1.31545568709757e-08,2.22272349138974e-07,2.22272349138974e-07,"gpath_trio"
"10154","TDRD7","Exc L3-4 RORB CUX2",0.0497513714712988,4.92338984359141,5.30928941096088,0.0220007140735775,0.0565432364884619,0.0565432364884619,"gpath_trio"
"10155","TMOD1","Exc L3-4 RORB CUX2",0.0549371761599929,7.0602726248409,8.27601857895365,0.00435045528593528,0.0147421670371997,0.0147421670371997,"gpath_trio"
"10156","AL162385.1","Exc L3-4 RORB CUX2",-0.152113310576427,-0.747132095171368,1.51790789262425,0.219049378059284,0.348725901512404,0.348725901512404,"gpath_trio"
"10157","TSTD2","Exc L3-4 RORB CUX2",-0.0315089075988919,4.90622479161916,2.35522910603347,0.126079452450704,0.228807497813524,0.228807497813524,"gpath_trio"
"10158","NCBP1","Exc L3-4 RORB CUX2",0.0260752904049703,4.70075562789341,1.91070606002941,0.191236391766387,0.314415630664726,0.314415630664726,"gpath_trio"
"10159","XPA","Exc L3-4 RORB CUX2",-0.0393214564535442,5.3523213705106,4.90385280725681,0.047255271004148,0.105391896142901,0.105391896142901,"gpath_trio"
"10160","TRMO","Exc L3-4 RORB CUX2",-0.125885214958207,2.36254276184615,8.0933412687936,0.00479637012727555,0.016018335924149,0.016018335924149,"gpath_trio"
"10161","HEMGN","Exc L3-4 RORB CUX2",-0.221817148940096,-0.206215621551936,4.06037333814969,0.0449300033046402,0.101179017375948,0.101179017375948,"gpath_trio"
"10162","ANP32B","Exc L3-4 RORB CUX2",0.0431941397137781,3.43326609374639,2.61632268880831,0.123382633947903,0.225006294847596,0.225006294847596,"gpath_trio"
"10163","NANS","Exc L3-4 RORB CUX2",-0.129173715904342,3.0204886071667,12.8431619292263,0.000404335562740056,0.00195435313327279,0.00195435313327279,"gpath_trio"
"10164","TRIM14","Exc L3-4 RORB CUX2",0.193050571418067,5.11349935715088,34.1939026049196,1.49183540621706e-08,2.48126787472623e-07,2.48126787472623e-07,"gpath_trio"
"10165","CORO2A","Exc L3-4 RORB CUX2",0.0506091899555846,4.20059996171609,3.87044813691842,0.0502064278685052,0.110640598825461,0.110640598825461,"gpath_trio"
"10166","TBC1D2","Exc L3-4 RORB CUX2",0.0917256703186279,2.87717990077795,6.62418067268895,0.0106149622156117,0.0310597335315397,0.0310597335315397,"gpath_trio"
"10167","GABBR2","Exc L3-4 RORB CUX2",0.0558294655215519,9.3079431359034,17.0167039609863,4.9910159936315e-05,0.000321397215676717,0.000321397215676717,"gpath_trio"
"10168","ANKS6","Exc L3-4 RORB CUX2",0.0621429758919026,6.38869701919036,10.2142085372392,0.00156582950923082,0.0062049942603348,0.0062049942603348,"gpath_trio"
"10169","GALNT12","Exc L3-4 RORB CUX2",-0.0546332477930788,2.96741672471131,1.39042281003802,0.239411584119898,0.373032878815449,0.373032878815449,"gpath_trio"
"10170","AL136084.2","Exc L3-4 RORB CUX2",-0.277746391053948,-0.589859785116069,5.67062271898905,0.017971626935249,0.0479663412380802,0.0479663412380802,"gpath_trio"
"10171","TGFBR1","Exc L3-4 RORB CUX2",0.190148025555179,3.49294813662112,12.0677613908655,0.000600796758510721,0.00274543026114469,0.00274543026114469,"gpath_trio"
"10172","ALG2","Exc L3-4 RORB CUX2",-0.0512165015086303,3.10220839634299,2.78139759160138,0.0965687991840201,0.185620762532165,0.185620762532165,"gpath_trio"
"10173","SEC61B","Exc L3-4 RORB CUX2",-0.185037257595582,4.12194946428451,53.0847379529734,3.82008685305207e-12,1.57930844795749e-10,1.57930844795749e-10,"gpath_trio"
"10174","AL137067.1","Exc L3-4 RORB CUX2",0.240020452080641,1.48620609318931,14.7678510256212,0.000152894344460388,0.000841648949382901,0.000841648949382901,"gpath_trio"
"10175","AL359710.1","Exc L3-4 RORB CUX2",0.135334888918995,5.24729833849609,18.2757323452136,2.68563156378639e-05,0.000186707845621607,0.000186707845621607,"gpath_trio"
"10176","NR4A3","Exc L3-4 RORB CUX2",-0.0432604859297237,2.15184760179157,0.370147427383547,0.543455029992507,0.681853559085749,0.681853559085749,"gpath_trio"
"10177","STX17-AS1","Exc L3-4 RORB CUX2",0.153608540297226,1.15365820020909,5.66942141167422,0.0659892401019111,0.137747844703162,0.137747844703162,"gpath_trio"
"10178","STX17","Exc L3-4 RORB CUX2",0.0218779090595246,4.92512313340402,1.34356022477869,0.247470502578469,0.382701011001121,0.382701011001121,"gpath_trio"
"10179","AL358937.1","Exc L3-4 RORB CUX2",0.286760150218124,0.9351694148713,10.9202908676593,0.00108492890874887,0.00454117027676524,0.00454117027676524,"gpath_trio"
"10180","ERP44","Exc L3-4 RORB CUX2",0.0520197884719427,6.25528481211599,12.961616596185,0.000380684995366411,0.00185739293386151,0.00185739293386151,"gpath_trio"
"10181","INVS","Exc L3-4 RORB CUX2",0.0585219538994594,7.11905116630203,10.2510033676134,0.00153607601112327,0.00609925871372011,0.00609925871372011,"gpath_trio"
"10182","TEX10","Exc L3-4 RORB CUX2",0.0367681713666613,4.43334696750947,2.03816041234814,0.154594989992447,0.26719385959887,0.26719385959887,"gpath_trio"
"10183","MSANTD3","Exc L3-4 RORB CUX2",0.0545842143017823,2.8437807492933,1.74124258493932,0.188142192889757,0.310721082314247,0.310721082314247,"gpath_trio"
"10184","MSANTD3-TMEFF1","Exc L3-4 RORB CUX2",-0.00421818272900058,3.68516041077286,0.0160229034464395,0.89936938604632,0.948498555331129,0.948498555331129,"gpath_trio"
"10185","CAVIN4","Exc L3-4 RORB CUX2",0.125471678970289,3.47457759207666,11.7652097271779,0.000701689685354935,0.00313198880576014,0.00313198880576014,"gpath_trio"
"10186","PLPPR1","Exc L3-4 RORB CUX2",-0.445202598164469,-0.729060581519569,2.53597078121188,0.112493392834708,0.209349156022529,0.209349156022529,"gpath_trio"
"10187","BAAT","Exc L3-4 RORB CUX2",0.0495060074266031,3.07231491332127,0.997349079653994,0.318881308714477,0.464138980110712,0.464138980110712,"gpath_trio"
"10188","MRPL50","Exc L3-4 RORB CUX2",-0.181372245606115,3.55047676467107,41.141131346567,6.64935700488971e-10,1.52965538852508e-08,1.52965538852508e-08,"gpath_trio"
"10189","ZNF189","Exc L3-4 RORB CUX2",-0.0135592373076213,5.68366814930375,0.167961556235845,0.682267282859889,0.796340320028826,0.796340320028826,"gpath_trio"
"10190","ALDOB","Exc L3-4 RORB CUX2",0.0114000927215354,-0.302155910163546,0.0105241568339571,0.91836958732978,0.958862827944849,0.958862827944849,"gpath_trio"
"10191","TMEM246-AS1","Exc L3-4 RORB CUX2",-0.245456957447015,0.19668327993311,6.77092116989995,0.00979696479262933,0.0291052517584003,0.0291052517584003,"gpath_trio"
"10192","TMEM246","Exc L3-4 RORB CUX2",-0.109313885579707,5.29729066771386,15.6642193101341,9.76593624518135e-05,0.00057208990634882,0.00057208990634882,"gpath_trio"
"10193","RNF20","Exc L3-4 RORB CUX2",-0.00555627288070013,4.29967732943284,0.0766481594328733,0.782112149683677,0.872046476996405,0.872046476996405,"gpath_trio"
"10194","GRIN3A","Exc L3-4 RORB CUX2",-0.202807198518201,0.703619937103783,0.985478261558865,0.321772985849248,0.467235496581876,0.467235496581876,"gpath_trio"
"10195","LINC01492","Exc L3-4 RORB CUX2",-0.132849649650996,0.491398911346428,2.95133521366743,0.0869971734428976,0.171369651846364,0.171369651846364,"gpath_trio"
"10196","SMC2-AS1","Exc L3-4 RORB CUX2",-0.121727864827857,0.195035351377273,2.47815772810806,0.116653379812256,0.215421687662449,0.215421687662449,"gpath_trio"
"10197","SMC2","Exc L3-4 RORB CUX2",-0.0250936957075886,3.34745129591558,0.562221566996569,0.454044433008659,0.600009591665009,0.600009591665009,"gpath_trio"
"10198","NIPSNAP3A","Exc L3-4 RORB CUX2",-0.0899729360252049,3.21928685786817,9.53724706116957,0.00223161634691888,0.00837946394920686,0.00837946394920686,"gpath_trio"
"10199","NIPSNAP3B","Exc L3-4 RORB CUX2",-0.0668273991643082,3.46901650999847,3.64517696295618,0.267007351815275,0.405727067661684,0.405727067661684,"gpath_trio"
"10200","ABCA1","Exc L3-4 RORB CUX2",0.232948162556571,0.907767641247772,5.45312329120395,0.0202945754630021,0.0529543533323936,0.0529543533323936,"gpath_trio"
"10201","SLC44A1","Exc L3-4 RORB CUX2",0.0735340735124809,7.57617277559446,15.6075508412256,0.000100458287223287,0.000586273053147185,0.000586273053147185,"gpath_trio"
"10202","FSD1L","Exc L3-4 RORB CUX2",0.0235636165527782,6.57270762492431,1.92104870786746,0.166928624358029,0.283221343572721,0.283221343572721,"gpath_trio"
"10203","FKTN","Exc L3-4 RORB CUX2",0.0891767698952598,5.75881176274344,17.9156796216717,3.20481708692646e-05,0.000218510255926804,0.000218510255926804,"gpath_trio"
"10204","TMEM38B","Exc L3-4 RORB CUX2",0.0760955551615939,3.90655194014435,6.62507925956679,0.0106097441603877,0.0310489684415176,0.0310489684415176,"gpath_trio"
"10205","LINC01505","Exc L3-4 RORB CUX2",0.111407049376113,5.56249283439727,7.88455882351813,0.00536385601684818,0.0176592354993329,0.0176592354993329,"gpath_trio"
"10206","ZNF462","Exc L3-4 RORB CUX2",0.225459570132469,4.62824384792178,22.0155189861265,4.37610550895977e-06,3.81538153168813e-05,3.81538153168813e-05,"gpath_trio"
"10207","AL807761.4","Exc L3-4 RORB CUX2",-0.297085180329617,-0.0589556408463503,10.7195086332891,0.00120392156548022,0.00496973009333835,0.00496973009333835,"gpath_trio"
"10208","RAD23B","Exc L3-4 RORB CUX2",-0.0443953965581611,6.23917668382933,7.78337064199883,0.00566325041959487,0.0184910304604833,0.0184910304604833,"gpath_trio"
"10209","ELP1","Exc L3-4 RORB CUX2",0.0155263663063198,6.10435684817199,0.716873100705539,0.95471540484532,0.97763594014589,0.97763594014589,"gpath_trio"
"10210","FAM206A","Exc L3-4 RORB CUX2",-0.0604324240795294,4.19418200981322,5.84747552502036,0.0162871800817515,0.0442729531324895,0.0442729531324895,"gpath_trio"
"10211","CTNNAL1","Exc L3-4 RORB CUX2",0.0244453714218037,6.42852193295134,0.775889265405614,0.379214788007145,0.527304317874709,0.527304317874709,"gpath_trio"
"10212","TMEM245","Exc L3-4 RORB CUX2",0.00435938671937667,7.050120772082,0.0878030522574565,0.767225465271034,0.861511313065237,0.861511313065237,"gpath_trio"
"10213","FRRS1L","Exc L3-4 RORB CUX2",0.0658498769848652,7.83719200293982,19.213494071986,1.69785417506601e-05,0.000125423422428957,0.000125423422428957,"gpath_trio"
"10214","EPB41L4B","Exc L3-4 RORB CUX2",0.0224672321586096,7.29995080126587,1.3203324903423,0.251588314317609,0.387998336749561,0.387998336749561,"gpath_trio"
"10215","PTPN3","Exc L3-4 RORB CUX2",0.0196964563909748,5.80967891589408,0.605121610229676,0.437337806895385,0.584594862129093,0.584594862129093,"gpath_trio"
"10216","PALM2","Exc L3-4 RORB CUX2",0.140808309910732,1.88019821984798,0.234230872727464,0.628811668454243,0.752984058111607,0.752984058111607,"gpath_trio"
"10217","PALM2-AKAP2","Exc L3-4 RORB CUX2",0.0290146794984427,5.7433389426865,1.50653530843788,0.22077864986211,0.35086327380607,0.35086327380607,"gpath_trio"
"10218","C9orf152","Exc L3-4 RORB CUX2",-0.128124816574352,0.0153550772354979,2.04164336150518,0.154244474139067,0.266837797749369,0.266837797749369,"gpath_trio"
"10219","TXN","Exc L3-4 RORB CUX2",-0.28953263057066,4.3714841650745,99.7508752892432,4.31105287575145e-20,1.33808448874285e-17,1.33808448874285e-17,"gpath_trio"
"10220","TXNDC8","Exc L3-4 RORB CUX2",-0.2217586539421,-1.0425232902872,3.00099566771679,0.0843992274589784,0.167313983883747,0.167313983883747,"gpath_trio"
"10221","SVEP1","Exc L3-4 RORB CUX2",0.00285680436538636,4.44171376590535,0.00537457526986009,0.941614610886229,0.9714917596091,0.9714917596091,"gpath_trio"
"10222","MUSK","Exc L3-4 RORB CUX2",-0.264674405624107,0.958620751148956,9.40461844602848,0.00239277083456992,0.00890667003458452,0.00890667003458452,"gpath_trio"
"10223","AL162414.1","Exc L3-4 RORB CUX2",-0.0308445574896023,-0.126940297111917,0.121343556876767,0.727863716474048,0.831940192254644,0.831940192254644,"gpath_trio"
"10224","ECPAS","Exc L3-4 RORB CUX2",0.0329722175272367,7.07860263906147,6.6768579329214,0.0103134960801293,0.0303492974644994,0.0303492974644994,"gpath_trio"
"10225","ZNF483","Exc L3-4 RORB CUX2",-0.00951637975984325,7.36573374684562,0.294038732004603,0.588108400311198,0.71970684073022,0.71970684073022,"gpath_trio"
"10226","PTGR1","Exc L3-4 RORB CUX2",-0.0114330548503082,5.62080123335781,0.211723348398725,0.645804556094886,0.766733767975891,0.766733767975891,"gpath_trio"
"10227","DNAJC25-GNG10","Exc L3-4 RORB CUX2",-0.0428863520012174,-0.363541986992191,0.19331770898178,0.839065618398747,0.909128067674816,0.909128067674816,"gpath_trio"
"10228","C9orf84","Exc L3-4 RORB CUX2",-0.287887421948662,2.72687419854747,25.1885275055204,9.65314936617393e-07,1.00284391587312e-05,1.00284391587312e-05,"gpath_trio"
"10229","UGCG","Exc L3-4 RORB CUX2",-0.0515516885810484,5.28545739696237,8.36417291772253,0.00415070195754273,0.0141908849336425,0.0141908849336425,"gpath_trio"
"10230","SUSD1","Exc L3-4 RORB CUX2",-0.022738742823859,5.72900905900971,0.538922320008523,0.463541181952496,0.609152597455566,0.609152597455566,"gpath_trio"
"10231","PTBP3","Exc L3-4 RORB CUX2",0.0314747450618943,5.89524215968312,2.12397870490764,0.146216098025437,0.256274097766789,0.256274097766789,"gpath_trio"
"10232","HSDL2","Exc L3-4 RORB CUX2",-0.0106263726706675,4.14294141659756,0.139349290033193,0.709232931055598,0.817772427495868,0.817772427495868,"gpath_trio"
"10233","C9orf147","Exc L3-4 RORB CUX2",0.122613398950025,2.83327455657352,9.04366091540915,0.00289434236977333,0.0104610099086666,0.0104610099086666,"gpath_trio"
"10234","KIAA1958","Exc L3-4 RORB CUX2",0.10404266825488,6.17806834656308,16.1342526496018,7.72868564644957e-05,0.000467124724137567,0.000467124724137567,"gpath_trio"
"10235","INIP","Exc L3-4 RORB CUX2",-0.00403030579534438,5.19166170088317,0.0412226432853356,0.839267565096655,0.909259108894051,0.909259108894051,"gpath_trio"
"10236","SNX30","Exc L3-4 RORB CUX2",0.0301223102932269,5.75517681518237,2.89757608758253,0.0899080725582626,0.175765054637883,0.175765054637883,"gpath_trio"
"10237","SLC46A2","Exc L3-4 RORB CUX2",0.0718779857193753,1.36043101825266,0.830151006913219,0.363072795608457,0.510951008049708,0.510951008049708,"gpath_trio"
"10238","ZNF883","Exc L3-4 RORB CUX2",-0.132651418593869,3.43028326509761,3.61065353285915,0.0585167604161714,0.124925609840899,0.124925609840899,"gpath_trio"
"10239","ZFP37","Exc L3-4 RORB CUX2",-0.165910997599541,1.72616054911326,4.48595029800135,0.0351235536984413,0.0829459827646056,0.0829459827646056,"gpath_trio"
"10240","SLC31A2","Exc L3-4 RORB CUX2",-0.276041500003965,-0.190037796851005,1.55756021301691,0.213145542684529,0.341747701157146,0.341747701157146,"gpath_trio"
"10241","FKBP15","Exc L3-4 RORB CUX2",0.0124148954707264,5.10242474186387,0.625985281900388,0.8715826076503,0.930724559855227,0.930724559855227,"gpath_trio"
"10242","SLC31A1","Exc L3-4 RORB CUX2",-0.0360037910754288,3.98751847403579,1.78315966929927,0.182929675827448,0.304279512723123,0.304279512723123,"gpath_trio"
"10243","CDC26","Exc L3-4 RORB CUX2",-0.0289258045289311,3.06258647729257,0.929428905653252,0.335907148975488,0.482381285879598,0.482381285879598,"gpath_trio"
"10244","PRPF4","Exc L3-4 RORB CUX2",-0.045600717293503,3.62592294758388,3.08882404587383,0.0800085815029296,0.160486491531279,0.160486491531279,"gpath_trio"
"10245","WDR31","Exc L3-4 RORB CUX2",0.0200207266648048,3.73321974489483,0.382520983629323,0.536798554795288,0.67581346914165,0.67581346914165,"gpath_trio"
"10246","BSPRY","Exc L3-4 RORB CUX2",-0.257236852600375,0.432076359817175,4.10266841631967,0.0438370645078006,0.0991383002404302,0.0991383002404302,"gpath_trio"
"10247","HDHD3","Exc L3-4 RORB CUX2",-0.08664642935375,3.68775607895906,3.61649666471985,0.0583145061755456,0.124549561940677,0.124549561940677,"gpath_trio"
"10248","ALAD","Exc L3-4 RORB CUX2",-0.0705913968378312,4.11614667223461,6.77425088026208,0.00977917721171633,0.0290609663052551,0.0290609663052551,"gpath_trio"
"10249","POLE3","Exc L3-4 RORB CUX2",-0.19124422068006,2.9096264177137,30.8082666816719,7.01677919451561e-08,9.76973914764336e-07,9.76973914764336e-07,"gpath_trio"
"10250","C9orf43","Exc L3-4 RORB CUX2",0.107753501395693,-0.138428485289873,1.30543756772526,0.254273386442148,0.391182367810762,0.391182367810762,"gpath_trio"
"10251","RGS3","Exc L3-4 RORB CUX2",-0.0439026054304251,1.83070112482699,0.690739449374992,0.406675540843629,0.555144763636038,0.555144763636038,"gpath_trio"
"10252","AL157702.2","Exc L3-4 RORB CUX2",-0.155605935559084,-1.35677209233232,0.953945697916611,0.329628330604504,0.475982188754917,0.475982188754917,"gpath_trio"
"10253","ZNF618","Exc L3-4 RORB CUX2",0.191191912371231,4.78495784802242,35.9462353792997,6.75164596751273e-09,1.22536846131747e-07,1.22536846131747e-07,"gpath_trio"
"10254","AMBP","Exc L3-4 RORB CUX2",-0.00494243863556689,-1.46221743263571,1.22218481584264e-05,0.997213301164232,0.998831940226159,0.998831940226159,"gpath_trio"
"10255","KIF12","Exc L3-4 RORB CUX2",0.0016374893647655,1.3591134904255,0.000397700387797562,0.984104595173212,0.992119419395513,0.992119419395513,"gpath_trio"
"10256","COL27A1","Exc L3-4 RORB CUX2",0.171136341170208,3.46893389688387,5.12909250424473,0.0243515884982197,0.0612890840757963,0.0612890840757963,"gpath_trio"
"10257","AKNA","Exc L3-4 RORB CUX2",0.0859409681344173,2.8311107566662,4.6481438329218,0.0320046646259172,0.0767313260639192,0.0767313260639192,"gpath_trio"
"10258","WHRN","Exc L3-4 RORB CUX2",0.113067422474837,1.54450586737723,0.242532411641157,0.622798617351712,0.748092528284757,0.748092528284757,"gpath_trio"
"10259","ATP6V1G1","Exc L3-4 RORB CUX2",-0.15287972874356,5.71121886119685,47.4355907931139,4.26266163312817e-11,1.34584035130455e-09,1.34584035130455e-09,"gpath_trio"
"10260","TMEM268","Exc L3-4 RORB CUX2",0.0429766744214904,5.67726849633393,4.19355058842643,0.0415826730325401,0.0951923781268009,0.0951923781268009,"gpath_trio"
"10261","TEX53","Exc L3-4 RORB CUX2",-0.315375152005062,0.522360400145213,14.4985435918514,0.000175033765847656,0.000947492950355906,0.000947492950355906,"gpath_trio"
"10262","TEX48","Exc L3-4 RORB CUX2",-0.228995587923212,1.35888739222738,8.26184378978928,0.00438348253891004,0.0148184919943884,0.0148184919943884,"gpath_trio"
"10263","TNC","Exc L3-4 RORB CUX2",-0.683988001090653,-1.69931340993306,9.24760307315652,0.00259902331367815,0.00954583931430123,0.00954583931430123,"gpath_trio"
"10264","DEC1","Exc L3-4 RORB CUX2",-0.419878159509251,1.21382631349124,21.683424820049,5.13342577588783e-06,4.41085455828522e-05,4.41085455828522e-05,"gpath_trio"
"10265","AL691420.1","Exc L3-4 RORB CUX2",-0.129185730032341,0.800248355422068,3.9486848222701,0.06071476750461,0.12888472584233,0.12888472584233,"gpath_trio"
"10266","PAPPA","Exc L3-4 RORB CUX2",-0.0682851046668506,0.826097304756418,0.906394984226397,0.341956931550512,0.48852083040598,0.48852083040598,"gpath_trio"
"10267","AL137024.1","Exc L3-4 RORB CUX2",0.078978610472294,-0.519572487881624,0.355458130876059,0.551558244202278,0.68918599088724,0.68918599088724,"gpath_trio"
"10268","ASTN2","Exc L3-4 RORB CUX2",0.165965222681113,7.02462098201922,18.4524210882797,2.46286216001813e-05,0.000172828675055185,0.000172828675055185,"gpath_trio"
"10269","ASTN2-AS1","Exc L3-4 RORB CUX2",-0.220999881164511,0.0669056566219928,6.18218509662889,0.0135325953291039,0.0380834301526951,0.0380834301526951,"gpath_trio"
"10270","TRIM32","Exc L3-4 RORB CUX2",-0.0237316730945033,3.21025602122512,0.614120762099773,0.433953751794923,0.58141964022198,0.58141964022198,"gpath_trio"
"10271","BRINP1","Exc L3-4 RORB CUX2",0.04383331346844,8.09783971980818,3.67391728889672,0.0563662190436515,0.121163378181415,0.121163378181415,"gpath_trio"
"10272","AC006288.1","Exc L3-4 RORB CUX2",0.019059107304606,0.287945908204168,0.0530724685335292,0.954986851722094,0.977684529766621,0.977684529766621,"gpath_trio"
"10273","CDK5RAP2","Exc L3-4 RORB CUX2",0.0703719305440692,6.35142152271619,14.3012355784852,0.000193296297251572,0.00103332082592752,0.00103332082592752,"gpath_trio"
"10274","MEGF9","Exc L3-4 RORB CUX2",0.0840467810878721,6.74579024778005,30.3227215279162,8.77756347072834e-08,1.18930384836766e-06,1.18930384836766e-06,"gpath_trio"
"10275","FBXW2","Exc L3-4 RORB CUX2",-0.02765336994391,5.0598769607759,2.35571763635884,0.126040349910073,0.228757112219837,0.228757112219837,"gpath_trio"
"10276","B3GNT10","Exc L3-4 RORB CUX2",-0.0108197900632481,-0.797819923524255,0.00697593544218544,0.933500700222461,0.967873754951731,0.967873754951731,"gpath_trio"
"10277","PSMD5","Exc L3-4 RORB CUX2",-0.0590085370313,5.08362126941602,5.72289215759931,0.017455734230128,0.0468984977225637,0.0468984977225637,"gpath_trio"
"10278","PHF19","Exc L3-4 RORB CUX2",0.0748764532798206,2.03457934331464,2.69717847843619,0.134330447094079,0.240599855302118,0.240599855302118,"gpath_trio"
"10279","TRAF1","Exc L3-4 RORB CUX2",0.0511343641458794,1.68864208735843,1.02578147168466,0.312093103419762,0.45677121542951,0.45677121542951,"gpath_trio"
"10280","C5","Exc L3-4 RORB CUX2",-0.0729092339721541,2.34078136880674,2.85263352188212,0.0924231983893056,0.179464680221775,0.179464680221775,"gpath_trio"
"10281","CNTRL","Exc L3-4 RORB CUX2",0.106057772834151,5.26641998184017,24.6159948557981,1.26574612374445e-06,1.28582215742922e-05,1.28582215742922e-05,"gpath_trio"
"10282","RAB14","Exc L3-4 RORB CUX2",-0.0540822015514975,5.7613256330562,10.7172628228499,0.00120532520404935,0.00497085772520353,0.00497085772520353,"gpath_trio"
"10283","GSN","Exc L3-4 RORB CUX2",-0.104487519471554,2.10095358433899,0.191092778294754,0.662371505773423,0.780745589212471,0.780745589212471,"gpath_trio"
"10284","STOM","Exc L3-4 RORB CUX2",0.222342225945904,-0.26039223307808,1.8540917973816,0.174486928591168,0.293299543072432,0.293299543072432,"gpath_trio"
"10285","AL359644.1","Exc L3-4 RORB CUX2",0.0589282221891548,0.601994509021907,0.919515534230242,0.338493030591848,0.484883335145593,0.484883335145593,"gpath_trio"
"10286","DAB2IP","Exc L3-4 RORB CUX2",0.00710091708449246,5.69516795664118,0.0801481673322425,0.77732198711635,0.868786831204496,0.868786831204496,"gpath_trio"
"10287","TTLL11","Exc L3-4 RORB CUX2",0.0630226295670059,7.31364678633376,10.9474014958409,0.00106980672300814,0.0044905472326179,0.0044905472326179,"gpath_trio"
"10288","NDUFA8","Exc L3-4 RORB CUX2",-0.186538826783069,4.62624203980509,69.3481025901798,4.76061564424428e-15,3.96881903399291e-13,3.96881903399291e-13,"gpath_trio"
"10289","MORN5","Exc L3-4 RORB CUX2",0.0860955770847582,1.78946453819586,2.92864457701677,0.0882130823937642,0.173324789374191,0.173324789374191,"gpath_trio"
"10290","RBM18","Exc L3-4 RORB CUX2",-0.0256850763633332,3.98054195612766,1.18330864825284,0.277690772008166,0.418071105973416,0.418071105973416,"gpath_trio"
"10291","MRRF","Exc L3-4 RORB CUX2",-0.0341459111262075,4.87235790598046,2.88654656214707,0.0905183235746867,0.176649949518215,0.176649949518215,"gpath_trio"
"10292","AL359636.1","Exc L3-4 RORB CUX2",-0.217993765556108,-0.0961794879774519,3.74680992953913,0.0539924837637907,0.117111692316606,0.117111692316606,"gpath_trio"
"10293","OR1L8","Exc L3-4 RORB CUX2",-0.135272401676833,0.17785678996413,2.68465857292213,0.102528429139345,0.194848441775271,0.194848441775271,"gpath_trio"
"10294","AL162254.1","Exc L3-4 RORB CUX2",-0.453830909624984,0.102001112153858,14.8763829966527,0.000144795431205761,0.000802540611147317,0.000802540611147317,"gpath_trio"
"10295","PDCL","Exc L3-4 RORB CUX2",-0.0693940668226755,3.3859631024949,7.35501501202678,0.00713364680921446,0.0223151542836885,0.0223151542836885,"gpath_trio"
"10296","RC3H2","Exc L3-4 RORB CUX2",0.030406586505338,5.92374204133902,3.87578280765013,0.0500495630486454,0.110391377993487,0.110391377993487,"gpath_trio"
"10297","ZBTB6","Exc L3-4 RORB CUX2",-0.0481415300115475,2.84276821100184,2.3622816612819,0.125516269975677,0.227990523702106,0.227990523702106,"gpath_trio"
"10298","ZBTB26","Exc L3-4 RORB CUX2",0.0460125478270793,3.68664756669153,3.67058605942986,0.0796016231001765,0.159860914398374,0.159860914398374,"gpath_trio"
"10299","RABGAP1","Exc L3-4 RORB CUX2",0.0388413363427746,7.80135223918047,11.5886220525247,0.000768383371226828,0.00338400666110047,0.00338400666110047,"gpath_trio"
"10300","STRBP","Exc L3-4 RORB CUX2",0.00523956452659377,8.43843532567025,0.0600083225097537,0.806676010790072,0.888244445203849,0.888244445203849,"gpath_trio"
"10301","CRB2","Exc L3-4 RORB CUX2",0.266276585784155,1.19056685350294,11.6012308174927,0.000763414280208823,0.00336947781737322,0.00336947781737322,"gpath_trio"
"10302","DENND1A","Exc L3-4 RORB CUX2",0.0696905551532538,8.04924327774087,23.4107538697548,2.24468978785438e-06,2.11718637073221e-05,2.11718637073221e-05,"gpath_trio"
"10303","AL390774.2","Exc L3-4 RORB CUX2",-0.491158164881699,0.834255490655645,36.1845009234357,6.06433899445471e-09,1.11835502022965e-07,1.11835502022965e-07,"gpath_trio"
"10304","LHX2","Exc L3-4 RORB CUX2",0.0661624955246721,5.42499604034954,7.46121510747084,0.0067359361738666,0.0213005505184575,0.0213005505184575,"gpath_trio"
"10305","AC006450.3","Exc L3-4 RORB CUX2",-0.388879519998851,1.04505755125319,35.4631232449854,8.39631141596192e-09,1.4911582994457e-07,1.4911582994457e-07,"gpath_trio"
"10306","NEK6","Exc L3-4 RORB CUX2",0.116803360103702,3.8548333662514,15.9563401527679,8.44360397852091e-05,0.000503844159321678,0.000503844159321678,"gpath_trio"
"10307","PSMB7","Exc L3-4 RORB CUX2",-0.0776278169446844,5.67535233722046,16.0264487772068,8.15420609937797e-05,0.000488743636526888,0.000488743636526888,"gpath_trio"
"10308","NR6A1","Exc L3-4 RORB CUX2",0.0951896718544616,7.10204213208781,23.4557034164771,2.19710120277076e-06,2.07846920852195e-05,2.07846920852195e-05,"gpath_trio"
"10309","MIR181A2HG","Exc L3-4 RORB CUX2",-0.3567681208729,2.83971817995611,46.3233757658675,6.89396318183333e-11,2.05444176061281e-09,2.05444176061281e-09,"gpath_trio"
"10310","OLFML2A","Exc L3-4 RORB CUX2",-0.1053901163194,1.00748889121851,2.19501818987627,0.139668442580595,0.24750204910527,0.24750204910527,"gpath_trio"
"10311","RPL35","Exc L3-4 RORB CUX2",-0.278292339605427,4.27680120921732,63.3758967596092,5.31962766461352e-14,3.3434108452828e-12,3.3434108452828e-12,"gpath_trio"
"10312","ARPC5L","Exc L3-4 RORB CUX2",-0.174912119098241,5.06657549800139,56.1943220876874,1.03344360554623e-12,4.83752314197106e-11,4.83752314197106e-11,"gpath_trio"
"10313","GOLGA1","Exc L3-4 RORB CUX2",0.013490933883675,5.3022248134135,0.371510822202742,0.542714144976414,0.681135793150803,0.681135793150803,"gpath_trio"
"10314","SCAI","Exc L3-4 RORB CUX2",-0.0045368686405788,8.09871795019917,0.044125132400935,0.833785486838358,0.90521563778528,0.90521563778528,"gpath_trio"
"10315","PPP6C","Exc L3-4 RORB CUX2",-0.0300412459439703,5.63387586836663,3.31528198027137,0.0697879186054092,0.144023246508197,0.144023246508197,"gpath_trio"
"10316","RABEPK","Exc L3-4 RORB CUX2",-0.0782860388758807,5.3659351332134,13.5942812466679,0.000276170581882513,0.00141414758616236,0.00141414758616236,"gpath_trio"
"10317","HSPA5","Exc L3-4 RORB CUX2",-0.161280936199378,4.39568791015937,18.5838790106319,2.30933147602887e-05,0.000163247240815986,0.000163247240815986,"gpath_trio"
"10318","AL354710.2","Exc L3-4 RORB CUX2",0.0777947079384408,0.503353973961773,1.30147027544821,0.254994525395612,0.391963013322398,0.391963013322398,"gpath_trio"
"10319","GAPVD1","Exc L3-4 RORB CUX2",-0.0221077905618411,6.45401266644213,2.62324568304681,0.106521069803223,0.200734409049134,0.200734409049134,"gpath_trio"
"10320","MAPKAP1","Exc L3-4 RORB CUX2",0.0389535770474497,6.70217078749197,10.4317349689534,0.00139808630305203,0.00562722776357533,0.00562722776357533,"gpath_trio"
"10321","PBX3","Exc L3-4 RORB CUX2",0.159193930342606,4.8558092505987,17.4548494988114,4.02058773001629e-05,0.000266301239176227,0.000266301239176227,"gpath_trio"
"10322","AL589923.1","Exc L3-4 RORB CUX2",-0.160861705053482,-0.623221658210568,2.17757858510718,0.141244586360738,0.249568617239911,0.249568617239911,"gpath_trio"
"10323","MVB12B","Exc L3-4 RORB CUX2",0.0739025491556697,6.52651621408995,13.5954667292998,0.000276004954494842,0.00141365827797244,0.00141365827797244,"gpath_trio"
"10324","LMX1B","Exc L3-4 RORB CUX2",-0.176290078741523,0.690867909478107,4.49305142674222,0.0349805188155362,0.0826674437277078,0.0826674437277078,"gpath_trio"
"10325","ZBTB43","Exc L3-4 RORB CUX2",-0.0205499026671358,5.8072426571067,1.29093300012839,0.256922225720907,0.394205331501962,0.394205331501962,"gpath_trio"
"10326","ZBTB34","Exc L3-4 RORB CUX2",0.0624105491145059,3.14636481915826,3.88232539728698,0.0498578906713485,0.110088972780394,0.110088972780394,"gpath_trio"
"10327","RALGPS1","Exc L3-4 RORB CUX2",0.0462848369249694,7.15436648282946,7.82518316210668,0.00553750880948436,0.0181539226895267,0.0181539226895267,"gpath_trio"
"10328","GARNL3","Exc L3-4 RORB CUX2",0.0404523189662852,7.87442656097055,3.24963639707528,0.0725972009154738,0.148665096271791,0.148665096271791,"gpath_trio"
"10329","SLC2A8","Exc L3-4 RORB CUX2",-0.086406206146266,3.49926675001883,7.23953392333304,0.00759362348842573,0.023522461873392,0.023522461873392,"gpath_trio"
"10330","ZNF79","Exc L3-4 RORB CUX2",-0.0463066784806754,2.45347175362425,1.56961437499218,0.473019807946216,0.617921174910315,0.617921174910315,"gpath_trio"
"10331","RPL12","Exc L3-4 RORB CUX2",-0.229091670133966,2.9891360210974,34.3759420568036,1.3735258462096e-08,2.30924032893989e-07,2.30924032893989e-07,"gpath_trio"
"10332","LRSAM1","Exc L3-4 RORB CUX2",0.035844418626631,5.99032478375947,3.61014268439222,0.0585344785430788,0.124940023762867,0.124940023762867,"gpath_trio"
"10333","FAM129B","Exc L3-4 RORB CUX2",-0.037862326828461,2.2308762767451,0.556498460761428,0.456348425271964,0.60214712098508,0.60214712098508,"gpath_trio"
"10334","STXBP1","Exc L3-4 RORB CUX2",-0.038528812173153,8.6919037244021,5.25497386621049,0.0226833031836561,0.0579141587115614,0.0579141587115614,"gpath_trio"
"10335","AL162426.1","Exc L3-4 RORB CUX2",-0.027930255837746,0.398842968649033,0.0489391769314979,0.825093205709633,0.899724602020384,0.899724602020384,"gpath_trio"
"10336","PTRH1","Exc L3-4 RORB CUX2",-0.0672063514742151,3.63331741198632,6.37753465949523,0.0121524176416896,0.0347914042743135,0.0347914042743135,"gpath_trio"
"10337","CFAP157","Exc L3-4 RORB CUX2",0.0314404112466898,0.249168229672015,0.208482867271306,0.758619633538085,0.855705641654415,0.855705641654415,"gpath_trio"
"10338","TOR2A","Exc L3-4 RORB CUX2",-0.0847801912583684,2.90889746582377,6.16805744718963,0.0136384984893474,0.0383299696114794,0.0383299696114794,"gpath_trio"
"10339","SH2D3C","Exc L3-4 RORB CUX2",-0.0439738182091395,4.10227664527112,1.43250609589204,0.232446019909136,0.364495449375628,0.364495449375628,"gpath_trio"
"10340","CDK9","Exc L3-4 RORB CUX2",0.0405284358163319,4.73404313161363,1.6111988612961,0.205458366028973,0.332407580965079,0.332407580965079,"gpath_trio"
"10341","FPGS","Exc L3-4 RORB CUX2",0.0547626507818047,4.14914643651752,6.11805758083451,0.0140202494577106,0.0392042318516025,0.0392042318516025,"gpath_trio"
"10342","ENG","Exc L3-4 RORB CUX2",-0.0791875387752717,0.454623349652051,1.36749979386359,0.344160330007406,0.491014401944659,0.491014401944659,"gpath_trio"
"10343","AL162586.1","Exc L3-4 RORB CUX2",0.204201605506374,1.08979347861463,11.0462723392601,0.00101645272309155,0.00429824642388849,0.00429824642388849,"gpath_trio"
"10344","AK1","Exc L3-4 RORB CUX2",-0.038856479272777,3.08305942704743,1.54216201943186,0.215415303795882,0.344292462495596,0.344292462495596,"gpath_trio"
"10345","AL157935.2","Exc L3-4 RORB CUX2",0.157636818299542,0.881765412497317,6.01187317202373,0.014868134709282,0.0411869583632793,0.0411869583632793,"gpath_trio"
"10346","ST6GALNAC4","Exc L3-4 RORB CUX2",-0.102555912068294,1.87981536826004,4.59355047011698,0.0330206207406366,0.0787366769226266,0.0787366769226266,"gpath_trio"
"10347","PIP5KL1","Exc L3-4 RORB CUX2",0.0377951721645418,1.4436066507498,0.542120475711652,0.462219020512148,0.607843404311183,0.607843404311183,"gpath_trio"
"10348","DPM2","Exc L3-4 RORB CUX2",-0.0914491146290964,3.72300498049094,9.95636627053378,0.0017915141684529,0.00693605802121229,0.00693605802121229,"gpath_trio"
"10349","FAM102A","Exc L3-4 RORB CUX2",0.00693591936170722,4.57065304506126,0.0984225593249219,0.753982443600342,0.851964717862451,0.851964717862451,"gpath_trio"
"10350","NAIF1","Exc L3-4 RORB CUX2",-0.0139802292703041,0.909317929062771,0.0716487608798718,0.861569907064469,0.924509988625577,0.924509988625577,"gpath_trio"
"10351","SLC25A25","Exc L3-4 RORB CUX2",-0.0566633475622088,4.46384215165265,3.68110251166151,0.0561273609396135,0.120772171923451,0.120772171923451,"gpath_trio"
"10352","SLC25A25-AS1","Exc L3-4 RORB CUX2",0.0985909248779599,2.49835045857756,4.5973930381103,0.0329480157099497,0.078611201220451,0.078611201220451,"gpath_trio"
"10353","PTGES2","Exc L3-4 RORB CUX2",-0.135375456724351,4.48611158816493,31.0875344402278,6.17026968888535e-08,8.70788463667565e-07,8.70788463667565e-07,"gpath_trio"
"10354","AL590708.1","Exc L3-4 RORB CUX2",-0.260997571591267,-0.617173820281862,5.63865015654756,0.0182949786168424,0.0486363412300428,0.0486363412300428,"gpath_trio"
"10355","C9orf16","Exc L3-4 RORB CUX2",-0.160534570472586,5.81984351879684,21.933589278809,4.55174662092246e-06,3.9531419749079e-05,3.9531419749079e-05,"gpath_trio"
"10356","CIZ1","Exc L3-4 RORB CUX2",0.00757123648727179,5.26155974474961,0.146503262778118,0.702212328770438,0.812708451866888,0.812708451866888,"gpath_trio"
"10357","DNM1","Exc L3-4 RORB CUX2",0.00252679930657499,8.64566662039183,0.0275751119724664,0.868240707983398,0.928975195352411,0.928975195352411,"gpath_trio"
"10358","GOLGA2","Exc L3-4 RORB CUX2",-0.0323452745546026,4.86538801221487,3.10300916801204,0.0793229929826185,0.15941446149548,0.15941446149548,"gpath_trio"
"10359","SWI5","Exc L3-4 RORB CUX2",-0.0485142429978814,2.46873090623981,1.74017160566475,0.188277628143634,0.310866370541082,0.310866370541082,"gpath_trio"
"10360","TRUB2","Exc L3-4 RORB CUX2",-0.0247850551906702,3.7726501885004,0.967130941173508,0.444742041967331,0.591214927182869,0.591214927182869,"gpath_trio"
"10361","AL359091.4","Exc L3-4 RORB CUX2",0.0447671605825051,-1.2236489377137,0.106507879471784,0.744417973726658,0.844297297124083,0.844297297124083,"gpath_trio"
"10362","COQ4","Exc L3-4 RORB CUX2",-0.0492948263493966,5.41383266362442,4.50263875591654,0.034788377260738,0.0822904808577077,0.0822904808577077,"gpath_trio"
"10363","SLC27A4","Exc L3-4 RORB CUX2",-0.0260525535871011,5.61398436990306,2.20936481627039,0.138386703611191,0.245813677175187,0.245813677175187,"gpath_trio"
"10364","URM1","Exc L3-4 RORB CUX2",-0.082980636386202,4.13496778868919,7.315099585845,0.00728930266076376,0.0227080990129328,0.0227080990129328,"gpath_trio"
"10365","ODF2","Exc L3-4 RORB CUX2",-0.0288897813917415,4.97477213123173,1.54720146910255,0.405695039030747,0.554119383416514,0.554119383416514,"gpath_trio"
"10366","GLE1","Exc L3-4 RORB CUX2",-0.0269564579394145,4.58757944258624,1.90716147274682,0.190195812109557,0.313281260547949,0.313281260547949,"gpath_trio"
"10367","AL356481.1","Exc L3-4 RORB CUX2",0.0856175052923798,2.28914956341398,5.07747700583383,0.0468142134034378,0.104616388504027,0.104616388504027,"gpath_trio"
"10368","SPTAN1","Exc L3-4 RORB CUX2",0.0190003425151151,8.15490569043859,1.49696997750588,0.222245821431903,0.352473032575162,0.352473032575162,"gpath_trio"
"10369","WDR34","Exc L3-4 RORB CUX2",-0.0752312361243632,2.56032432454681,3.94450883644334,0.0480746142359537,0.106770733400525,0.106770733400525,"gpath_trio"
"10370","SET","Exc L3-4 RORB CUX2",-0.130599892922821,5.40590798903124,10.3141513430038,0.00148634960245511,0.0059286483253325,0.0059286483253325,"gpath_trio"
"10371","PKN3","Exc L3-4 RORB CUX2",-0.0106558775345023,-0.185801950201609,0.0117464887503975,0.913776888939021,0.956344282530724,0.956344282530724,"gpath_trio"
"10372","ZDHHC12","Exc L3-4 RORB CUX2",-0.178119559466244,0.0599494048416312,4.30894959534064,0.0388952863164625,0.0901864614911656,0.0901864614911656,"gpath_trio"
"10373","AL441992.1","Exc L3-4 RORB CUX2",-0.153346260056821,-0.58564672840615,2.27161426181953,0.132976607361206,0.238726023626297,0.238726023626297,"gpath_trio"
"10374","ZER1","Exc L3-4 RORB CUX2",0.0819617002859058,7.22527560754784,28.6589736729079,1.89732810558482e-07,2.37460263834825e-06,2.37460263834825e-06,"gpath_trio"
"10375","TBC1D13","Exc L3-4 RORB CUX2",0.0213126537660701,4.4403365932097,1.07062093162072,0.40924297136912,0.557606331287363,0.557606331287363,"gpath_trio"
"10376","ENDOG","Exc L3-4 RORB CUX2",-0.142482312623995,3.05457795015079,7.46584769646249,0.00671911568048167,0.0212640249182302,0.0212640249182302,"gpath_trio"
"10377","SPOUT1","Exc L3-4 RORB CUX2",-0.0157615651050737,3.43005513308777,0.358203962720448,0.93153208018392,0.966502590121197,0.966502590121197,"gpath_trio"
"10378","KYAT1","Exc L3-4 RORB CUX2",0.042373454318849,6.18595333773431,3.95272239311956,0.0478441818812126,0.106376060111689,0.106376060111689,"gpath_trio"
"10379","LRRC8A","Exc L3-4 RORB CUX2",-0.0319477446066476,4.9188641062711,1.86990504991344,0.172666846793108,0.290683714456855,0.290683714456855,"gpath_trio"
"10380","PHYHD1","Exc L3-4 RORB CUX2",-0.00506702542896169,1.17206221712092,0.00677027109490885,0.93448604694617,0.968472594500385,0.968472594500385,"gpath_trio"
"10381","DOLK","Exc L3-4 RORB CUX2",-0.2608837983876,1.12063364748597,24.2540951300606,1.50279934896436e-06,1.495261889349e-05,1.495261889349e-05,"gpath_trio"
"10382","NUP188","Exc L3-4 RORB CUX2",-0.0171427194762577,3.93419913523771,0.482357502132441,0.699974220347411,0.810721320503889,0.810721320503889,"gpath_trio"
"10383","AL592211.1","Exc L3-4 RORB CUX2",0.0391335438508627,0.239862075044556,0.264881920010507,0.607223084271031,0.735205288673591,0.735205288673591,"gpath_trio"
"10384","SH3GLB2","Exc L3-4 RORB CUX2",-0.0643193396208937,5.65359261932166,7.13049294132783,0.00805598438559328,0.0246967763226477,0.0246967763226477,"gpath_trio"
"10385","MIGA2","Exc L3-4 RORB CUX2",-0.0519826059316422,4.73991830295074,7.24574737481575,0.00756811423625886,0.0234577822578772,0.0234577822578772,"gpath_trio"
"10386","DOLPP1","Exc L3-4 RORB CUX2",-0.0925713273144735,2.03547351636675,5.39847078660443,0.0209260174512336,0.0542650902414702,0.0542650902414702,"gpath_trio"
"10387","CRAT","Exc L3-4 RORB CUX2",-0.0458021785121628,3.21870214707243,2.64362604474566,0.105177401731413,0.198722052812442,0.198722052812442,"gpath_trio"
"10388","PTPA","Exc L3-4 RORB CUX2",-0.00291637957105821,5.70926225297474,0.0198622458545574,0.888031618033511,0.941512317716438,0.941512317716438,"gpath_trio"
"10389","AL158151.4","Exc L3-4 RORB CUX2",-0.10487741248187,-0.241926101646303,0.526811787380344,0.468603153464812,0.61402017413474,0.61402017413474,"gpath_trio"
"10390","IER5L","Exc L3-4 RORB CUX2",0.0251431768806502,4.02610281337738,0.314835360037118,0.57521130832208,0.708942877790163,0.708942877790163,"gpath_trio"
"10391","AL158151.3","Exc L3-4 RORB CUX2",-0.109007495834697,-0.492635397038492,0.881845155870551,0.348568340491695,0.495693817251189,0.495693817251189,"gpath_trio"
"10392","AL158151.1","Exc L3-4 RORB CUX2",0.0946942051178137,2.85856239040932,5.37024226135224,0.0212601444341838,0.0549690393386721,0.0549690393386721,"gpath_trio"
"10393","AL161785.3","Exc L3-4 RORB CUX2",-0.0369724326519446,-0.222970000742115,0.138193833172926,0.710386000145088,0.818717672767689,0.818717672767689,"gpath_trio"
"10394","C9orf106","Exc L3-4 RORB CUX2",0.0742309901300792,0.580388224750163,0.829590079427386,0.363234709810921,0.511071920666387,0.511071920666387,"gpath_trio"
"10395","LINC01503","Exc L3-4 RORB CUX2",0.0365389892723372,3.4781411222485,0.977846244229429,0.323650443958489,0.46915855900711,0.46915855900711,"gpath_trio"
"10396","AL353803.2","Exc L3-4 RORB CUX2",-0.125912149227058,-0.06594269536994,2.08460286462919,0.149994739648702,0.261370173813487,0.261370173813487,"gpath_trio"
"10397","AL391056.1","Exc L3-4 RORB CUX2",0.106201888709829,-1.18600801772244,0.614320824379973,0.433878975486839,0.581358061396492,0.581358061396492,"gpath_trio"
"10398","NTMT1","Exc L3-4 RORB CUX2",-0.0525987820618922,3.45015691732312,2.88741125277047,0.0904703182994903,0.176576830178541,0.176576830178541,"gpath_trio"
"10399","C9orf50","Exc L3-4 RORB CUX2",-0.0214057590578426,0.579693384444693,0.0890650125950239,0.765607543096513,0.860269127372439,0.860269127372439,"gpath_trio"
"10400","ASB6","Exc L3-4 RORB CUX2",-0.0766555648039951,3.80589450108701,8.89672862627304,0.00312820183928129,0.0111701720544248,0.0111701720544248,"gpath_trio"
"10401","PRRX2","Exc L3-4 RORB CUX2",0.00573957234283062,-0.268543949702692,0.00169741641753792,0.967168300804761,0.982999205227268,0.982999205227268,"gpath_trio"
"10402","PTGES","Exc L3-4 RORB CUX2",0.128916017186143,0.479054441797758,1.96052612986188,0.162649195511456,0.277524316597058,0.277524316597058,"gpath_trio"
"10403","TOR1B","Exc L3-4 RORB CUX2",0.0836671905473324,4.21461908737915,11.3836103648304,0.000853959674072595,0.003693961497516,0.003693961497516,"gpath_trio"
"10404","TOR1A","Exc L3-4 RORB CUX2",-0.111090869997655,3.23155592475048,15.2553986121833,0.000119771387436286,0.000681632649231897,0.000681632649231897,"gpath_trio"
"10405","C9orf78","Exc L3-4 RORB CUX2",-0.0684750878929258,4.4708991250614,8.72836089333854,0.00342008770027507,0.0120524487952925,0.0120524487952925,"gpath_trio"
"10406","USP20","Exc L3-4 RORB CUX2",0.0329236519221679,5.19236091798423,3.70840553267504,0.0552295317802557,0.119261030040315,0.119261030040315,"gpath_trio"
"10407","FNBP1","Exc L3-4 RORB CUX2",0.0540927247176066,6.62395497662639,11.3770713387528,0.000856843505838442,0.00370405350981156,0.00370405350981156,"gpath_trio"
"10408","GPR107","Exc L3-4 RORB CUX2",-0.0326274042085631,5.53039470616305,3.89587087443219,0.0494635364423486,0.10936184632596,0.10936184632596,"gpath_trio"
"10409","NCS1","Exc L3-4 RORB CUX2",-0.00624574800493222,6.75887710585823,0.135452704244189,0.713143596709266,0.820745696726152,0.820745696726152,"gpath_trio"
"10410","HMCN2","Exc L3-4 RORB CUX2",-0.330241248204447,1.79978529570867,26.5037773340168,5.19465940712776e-07,5.77104920367855e-06,5.77104920367855e-06,"gpath_trio"
"10411","ASS1","Exc L3-4 RORB CUX2",-0.0927652115377345,2.80963031197827,3.4071496143917,0.0660512307884669,0.137820206966317,0.137820206966317,"gpath_trio"
"10412","FUBP3","Exc L3-4 RORB CUX2",0.0344222762243705,6.12391008018932,5.82404374486917,0.0165005953110522,0.0447626072879493,0.0447626072879493,"gpath_trio"
"10413","PRDM12","Exc L3-4 RORB CUX2",-0.120002494035504,0.403302127710912,2.72925996805821,0.0997320225591712,0.19059330824394,0.19059330824394,"gpath_trio"
"10414","EXOSC2","Exc L3-4 RORB CUX2",0.0609261592923016,3.11401316075084,5.14880675813577,0.0240820851715581,0.0607016577131665,0.0607016577131665,"gpath_trio"
"10415","ABL1","Exc L3-4 RORB CUX2",0.0899048389403686,6.23385052407455,34.7923786200422,1.13723248879424e-08,1.95431562703781e-07,1.95431562703781e-07,"gpath_trio"
"10416","LAMC3","Exc L3-4 RORB CUX2",-0.109098443360474,1.57339270079199,2.78639221759858,0.096271595012928,0.185170382610525,0.185170382610525,"gpath_trio"
"10417","NUP214","Exc L3-4 RORB CUX2",0.0410603469997781,5.6452411270837,7.40828919803138,0.00693120680112774,0.021808655210972,0.021808655210972,"gpath_trio"
"10418","AL157938.2","Exc L3-4 RORB CUX2",-0.48677872225823,2.55659831624925,84.8120886548041,1.1334829785475e-17,1.78143862649796e-15,1.78143862649796e-15,"gpath_trio"
"10419","AL157938.3","Exc L3-4 RORB CUX2",-0.534123272784896,2.18165695953731,91.9264011549905,7.73938448751215e-19,1.71908334772685e-16,1.71908334772685e-16,"gpath_trio"
"10420","FAM78A","Exc L3-4 RORB CUX2",0.0125798754227379,3.12570554061538,0.110615093226003,0.739712934332006,0.84119883040123,0.84119883040123,"gpath_trio"
"10421","PLPP7","Exc L3-4 RORB CUX2",0.0857707265438063,5.00652471161303,16.3005552305812,7.11592845185542e-05,0.000433596667218916,0.000433596667218916,"gpath_trio"
"10422","PRRC2B","Exc L3-4 RORB CUX2",0.0168930745447761,6.99090929010652,1.44447067427553,0.23051076465022,0.362277376086172,0.362277376086172,"gpath_trio"
"10423","AL358781.1","Exc L3-4 RORB CUX2",0.0358789181218152,-0.461441208338633,0.142895899371724,0.750204243576801,0.848966267341371,0.848966267341371,"gpath_trio"
"10424","POMT1","Exc L3-4 RORB CUX2",-0.0486220347096243,4.78050133386831,3.00235228507926,0.0843294517783882,0.167241392866311,0.167241392866311,"gpath_trio"
"10425","AL358781.2","Exc L3-4 RORB CUX2",-0.320774564567477,-0.973682985402893,6.01659489059962,0.0148293252185038,0.0410963786103453,0.0410963786103453,"gpath_trio"
"10426","UCK1","Exc L3-4 RORB CUX2",-0.0763040096298689,3.27944768526273,6.06658534111485,0.0144248174881911,0.0401269763812752,0.0401269763812752,"gpath_trio"
"10427","RAPGEF1","Exc L3-4 RORB CUX2",0.068155585731446,6.10920641371311,16.8789314876005,5.34279721704396e-05,0.000341434697034723,0.000341434697034723,"gpath_trio"
"10428","MED27","Exc L3-4 RORB CUX2",0.0782656015851513,7.02132910075002,30.086700305647,9.78846710200078e-08,1.31304736557757e-06,1.31304736557757e-06,"gpath_trio"
"10429","NTNG2","Exc L3-4 RORB CUX2",0.179321310806395,3.78185588981236,34.9256341485505,1.07064070048059e-08,1.84774817212968e-07,1.84774817212968e-07,"gpath_trio"
"10430","SETX","Exc L3-4 RORB CUX2",0.0440367828031733,6.56774087946349,11.356924823951,0.000865790969872014,0.00374032822637428,0.00374032822637428,"gpath_trio"
"10431","TTF1","Exc L3-4 RORB CUX2",-0.128307416161064,4.86572598544613,25.0044272428407,1.05310832391142e-06,1.08733164968848e-05,1.08733164968848e-05,"gpath_trio"
"10432","CFAP77","Exc L3-4 RORB CUX2",-0.287189662633923,0.702320132681058,18.2443986391122,2.72721652742774e-05,0.000189207680333063,0.000189207680333063,"gpath_trio"
"10433","DDX31","Exc L3-4 RORB CUX2",0.072363545272231,3.58055216314275,5.43434622223418,0.0205092533366161,0.0533714424161575,0.0533714424161575,"gpath_trio"
"10434","GTF3C4","Exc L3-4 RORB CUX2",0.00433074735746272,3.85879341650653,0.0324682593139306,0.857144151772059,0.921304382631928,0.921304382631928,"gpath_trio"
"10435","AK8","Exc L3-4 RORB CUX2",-0.0529388161999681,3.47367437905994,1.89374859410186,0.16996380259711,0.287307894210028,0.287307894210028,"gpath_trio"
"10436","SPACA9","Exc L3-4 RORB CUX2",-0.134329304073041,2.5835803608584,16.3123548735424,7.07436876098097e-05,0.000431716242446434,0.000431716242446434,"gpath_trio"
"10437","TSC1","Exc L3-4 RORB CUX2",0.0294333801278787,6.21796015283586,4.69322271294717,0.0311905240501188,0.0751455484489069,0.0751455484489069,"gpath_trio"
"10438","GFI1B","Exc L3-4 RORB CUX2",-0.0138880657003623,-0.164519364324565,0.0258385524773799,0.950832179862296,0.97608707213768,0.97608707213768,"gpath_trio"
"10439","GTF3C5","Exc L3-4 RORB CUX2",0.0282869622463001,4.10898655119351,1.35890523129438,0.244795546547031,0.379562132546483,0.379562132546483,"gpath_trio"
"10440","CEL","Exc L3-4 RORB CUX2",0.243658564366095,2.6568842927121,27.2329393108467,3.69046764210321e-07,4.27412081971483e-06,4.27412081971483e-06,"gpath_trio"
"10441","RALGDS","Exc L3-4 RORB CUX2",0.0392159656537574,5.18871130544896,2.90283645463116,0.0896186047485214,0.175250106697821,0.175250106697821,"gpath_trio"
"10442","AL162417.1","Exc L3-4 RORB CUX2",0.128964595722283,0.39636081076113,2.61652105491854,0.106968566448473,0.201347640670385,0.201347640670385,"gpath_trio"
"10443","ABO","Exc L3-4 RORB CUX2",0.151451804620451,1.52409025096085,1.53580617506941,0.216360597592015,0.345474875854285,0.345474875854285,"gpath_trio"
"10444","SURF6","Exc L3-4 RORB CUX2",-0.0884551709707315,3.53119006276748,10.4315538112056,0.00139821809507446,0.00562722776357533,0.00562722776357533,"gpath_trio"
"10445","MED22","Exc L3-4 RORB CUX2",-0.0909922694899354,2.80501595750234,5.8857198789739,0.0159449843912094,0.043524565024036,0.043524565024036,"gpath_trio"
"10446","RPL7A","Exc L3-4 RORB CUX2",-0.249373615192018,5.07012250752298,58.1337415264794,4.60516016079521e-13,2.31693531780657e-11,2.31693531780657e-11,"gpath_trio"
"10447","SURF1","Exc L3-4 RORB CUX2",-0.133577656171863,2.79888888251644,11.0744977411178,0.00100172441555865,0.00425021873478355,0.00425021873478355,"gpath_trio"
"10448","SURF2","Exc L3-4 RORB CUX2",-0.235314332945719,2.27014716990483,31.198225120518,5.86398137754171e-08,8.32154555442155e-07,8.32154555442155e-07,"gpath_trio"
"10449","SURF4","Exc L3-4 RORB CUX2",0.00501713154002566,5.30995186492353,0.0879074183356543,0.767091182471277,0.861408471911278,0.861408471911278,"gpath_trio"
"10450","STKLD1","Exc L3-4 RORB CUX2",0.00252666076689372,2.71680811897601,0.00452288287563921,0.946432470447119,0.974048619663859,0.974048619663859,"gpath_trio"
"10451","REXO4","Exc L3-4 RORB CUX2",-0.082638643397728,3.78655837267321,6.35760038781461,0.012286328145074,0.0351448561359517,0.0351448561359517,"gpath_trio"
"10452","ADAMTS13","Exc L3-4 RORB CUX2",0.0257613398240425,4.42875027964895,0.858366967981762,0.355055251499938,0.502789338036868,0.502789338036868,"gpath_trio"
"10453","CACFD1","Exc L3-4 RORB CUX2",0.00508526777713292,2.37730400559852,0.0150428308487825,0.902479624932076,0.950829563012607,0.950829563012607,"gpath_trio"
"10454","SLC2A6","Exc L3-4 RORB CUX2",-0.00152776551119533,5.00527431988577,0.00359457043521267,0.952237740835894,0.976685125641289,0.976685125641289,"gpath_trio"
"10455","ADAMTSL2","Exc L3-4 RORB CUX2",0.177984805109605,3.07611613762482,16.0283456392543,8.1465173512938e-05,0.000488427897659294,0.000488427897659294,"gpath_trio"
"10456","FAM163B","Exc L3-4 RORB CUX2",0.247986023061507,2.55615943507237,23.781975469707,1.88088522501818e-06,1.81303676133501e-05,1.81303676133501e-05,"gpath_trio"
"10457","DBH","Exc L3-4 RORB CUX2",0.0367065184963191,-0.169656058164447,0.120059251060138,0.729250477944253,0.832586067145341,0.832586067145341,"gpath_trio"
"10458","DBH-AS1","Exc L3-4 RORB CUX2",-0.0606664605915798,0.328101940634949,0.269484984149689,0.604119037953086,0.732538712695777,0.732538712695777,"gpath_trio"
"10459","SARDH","Exc L3-4 RORB CUX2",-0.00575215159098194,0.745412806968013,0.00726841442737981,0.932124279036781,0.966869271443036,0.966869271443036,"gpath_trio"
"10460","VAV2","Exc L3-4 RORB CUX2",-0.0373412289183152,-0.670543383698638,0.000528804146645188,0.981671375513592,0.990619957305282,0.990619957305282,"gpath_trio"
"10461","BRD3OS","Exc L3-4 RORB CUX2",-0.0268974452976358,4.19454096885146,1.13506266813568,0.287686373068979,0.429581272790071,0.429581272790071,"gpath_trio"
"10462","BRD3","Exc L3-4 RORB CUX2",-0.0469767537097238,4.65322515996001,3.20201030028395,0.0747116156558051,0.152160997966472,0.152160997966472,"gpath_trio"
"10463","BX649632.1","Exc L3-4 RORB CUX2",0.257790054040697,-0.291631711034256,6.91517155678245,0.0090561044727051,0.0272452889556853,0.0272452889556853,"gpath_trio"
"10464","WDR5","Exc L3-4 RORB CUX2",-0.0344317915680196,5.00606208217359,3.48926149308747,0.109918169747814,0.205771464661979,0.205771464661979,"gpath_trio"
"10465","RXRA","Exc L3-4 RORB CUX2",0.064225716789675,4.0616872151691,4.16823717174584,0.0421979941535183,0.0962079932249104,0.0962079932249104,"gpath_trio"
"10466","AL669970.1","Exc L3-4 RORB CUX2",-0.110896632586403,1.57507167837495,2.30734387121521,0.129978930604854,0.234324450447049,0.234324450447049,"gpath_trio"
"10467","AL669970.3","Exc L3-4 RORB CUX2",-0.187867520783302,1.92911616484562,5.31605565248355,0.0219171947002981,0.0563644873267705,0.0563644873267705,"gpath_trio"
"10468","COL5A1","Exc L3-4 RORB CUX2",0.0278706405670612,3.87562756530295,0.246126508859483,0.620234940093331,0.746011686815347,0.746011686815347,"gpath_trio"
"10469","AL353611.1","Exc L3-4 RORB CUX2",-0.0293570794939076,-1.13053172781081,0.0479328778874515,0.880897705495021,0.936853516518822,0.936853516518822,"gpath_trio"
"10470","OLFM1","Exc L3-4 RORB CUX2",-0.0727127484149266,8.21130507791639,16.4333264243787,6.6622177094711e-05,0.000411569649637493,0.000411569649637493,"gpath_trio"
"10471","AL390778.1","Exc L3-4 RORB CUX2",-0.0943338172243857,1.25468107639734,1.79255107791672,0.181785030261118,0.302749957529969,0.302749957529969,"gpath_trio"
"10472","PPP1R26-AS1","Exc L3-4 RORB CUX2",0.248927053124455,4.66780500879988,51.4398427035272,7.67241369553232e-12,2.90414533409689e-10,2.90414533409689e-10,"gpath_trio"
"10473","PPP1R26","Exc L3-4 RORB CUX2",-0.0301639714197628,3.12376787344879,0.855715003859044,0.355798350958413,0.503578745209911,0.503578745209911,"gpath_trio"
"10474","C9orf116","Exc L3-4 RORB CUX2",-0.196235745139519,1.65266100591916,16.0967951466012,7.87392447129663e-05,0.000474907103762061,0.000474907103762061,"gpath_trio"
"10475","MRPS2","Exc L3-4 RORB CUX2",-0.0484802364786375,3.17193938056866,2.75309620214644,0.0982719777280507,0.188213133725406,0.188213133725406,"gpath_trio"
"10476","GLT6D1","Exc L3-4 RORB CUX2",0.0418806473209457,-1.45106195511093,0.0390094206244436,0.843584317593257,0.911830356680631,0.911830356680631,"gpath_trio"
"10477","SOHLH1","Exc L3-4 RORB CUX2",-0.114580078968486,3.86298395712965,8.09230771071696,0.00479902217539632,0.0160245402827906,0.0160245402827906,"gpath_trio"
"10478","KCNT1","Exc L3-4 RORB CUX2",0.0549198472362235,6.76591993523071,4.57796102026306,0.033316911639371,0.0793119400972636,0.0793119400972636,"gpath_trio"
"10479","CAMSAP1","Exc L3-4 RORB CUX2",-0.000679686162620529,5.86782860795978,0.00201630740606534,0.96421884390794,0.981439643602376,0.981439643602376,"gpath_trio"
"10480","AL355574.1","Exc L3-4 RORB CUX2",0.151325375733512,2.08615592397759,13.6039627375934,0.00027482089870848,0.0014079511506967,0.0014079511506967,"gpath_trio"
"10481","UBAC1","Exc L3-4 RORB CUX2",-0.0516983388564504,4.69565648481628,3.87931758078318,0.0499459108848426,0.110223009418256,0.110223009418256,"gpath_trio"
"10482","TMEM250","Exc L3-4 RORB CUX2",-0.133867261910703,3.6226896691135,17.0593254404551,4.88701153244194e-05,0.000315505464534452,0.000315505464534452,"gpath_trio"
"10483","QSOX2","Exc L3-4 RORB CUX2",0.0459576848509854,3.90349840200076,3.33549580263101,0.0689466335205144,0.142651864555059,0.142651864555059,"gpath_trio"
"10484","AC174065.1","Exc L3-4 RORB CUX2",0.128509918071721,0.777400066501637,2.47535324359587,0.116859476089174,0.215703561765698,0.215703561765698,"gpath_trio"
"10485","GPSM1","Exc L3-4 RORB CUX2",-0.0269457310605029,4.43702524857463,1.34660231426737,0.786714526652769,0.87509940892274,0.87509940892274,"gpath_trio"
"10486","DNLZ","Exc L3-4 RORB CUX2",0.0346893245616339,-0.586358797395272,0.110495134974852,0.73984896576206,0.841258687045571,0.841258687045571,"gpath_trio"
"10487","CARD9","Exc L3-4 RORB CUX2",-0.0477514029895763,1.40493979870569,0.634167442325968,0.426557276806901,0.574677332860048,0.574677332860048,"gpath_trio"
"10488","SNAPC4","Exc L3-4 RORB CUX2",0.0566154114896312,4.54147961165082,5.95937175686098,0.0153068245652675,0.0421705838596575,0.0421705838596575,"gpath_trio"
"10489","ENTR1","Exc L3-4 RORB CUX2",-0.0565913128027384,4.52073376881779,4.46318664060968,0.0355862363725574,0.0838533425386996,0.0838533425386996,"gpath_trio"
"10490","PMPCA","Exc L3-4 RORB CUX2",-0.0582605318497193,4.35120111948241,6.67235562217983,0.0103389133998374,0.030410785514174,0.030410785514174,"gpath_trio"
"10491","INPP5E","Exc L3-4 RORB CUX2",-0.00552297515952357,4.09395732977939,0.0359211227217795,0.849826345151796,0.916366189603333,0.916366189603333,"gpath_trio"
"10492","SEC16A","Exc L3-4 RORB CUX2",-0.0303430545521502,5.469004036083,3.09530870004761,0.0796943747507864,0.159983483641504,0.159983483641504,"gpath_trio"
"10493","C9orf163","Exc L3-4 RORB CUX2",-0.108173954394471,0.326953130062394,2.14071591406211,0.144642726449505,0.254027731901565,0.254027731901565,"gpath_trio"
"10494","AL590226.1","Exc L3-4 RORB CUX2",0.213626956545428,-1.19419442004077,1.99862532433613,0.158638108000009,0.272849431278788,0.272849431278788,"gpath_trio"
"10495","EGFL7","Exc L3-4 RORB CUX2",-0.112589961918637,4.84269737580105,14.0527332174751,0.000219077497358313,0.00115613092053465,0.00115613092053465,"gpath_trio"
"10496","AGPAT2","Exc L3-4 RORB CUX2",-0.0325371136238148,3.14766905525563,0.757434559655295,0.384935343562022,0.533017883072326,0.533017883072326,"gpath_trio"
"10497","FAM69B","Exc L3-4 RORB CUX2",-0.0442736871413919,4.20389504714907,2.65303067779529,0.104563667241938,0.197933194464824,0.197933194464824,"gpath_trio"
"10498","SNHG7","Exc L3-4 RORB CUX2",-0.0444923894884656,4.41335191379611,2.54070758208954,0.112159910232487,0.209017752534678,0.209017752534678,"gpath_trio"
"10499","LCN8","Exc L3-4 RORB CUX2",-0.0640660993126475,-0.577245586518845,0.224205615737184,0.636251280425795,0.759009554315895,0.759009554315895,"gpath_trio"
"10500","LCN15","Exc L3-4 RORB CUX2",-0.0289880163325844,1.41296989709716,0.0685229600863391,0.793706864150768,0.879884655044159,0.879884655044159,"gpath_trio"
"10501","AL355987.3","Exc L3-4 RORB CUX2",-0.227173663806643,-0.572235818700324,4.70331906005234,0.0310111782935289,0.0748296282827349,0.0748296282827349,"gpath_trio"
"10502","CCDC183","Exc L3-4 RORB CUX2",-0.151296725849479,2.1934694166775,11.2949394726484,0.000893920978185159,0.00384620510447549,0.00384620510447549,"gpath_trio"
"10503","CCDC183-AS1","Exc L3-4 RORB CUX2",-0.0136700321124576,-0.0937875307366293,0.0269632260668157,0.869697474856983,0.929675076145828,0.929675076145828,"gpath_trio"
"10504","RABL6","Exc L3-4 RORB CUX2",0.0192153008084563,6.64425096179331,1.82731821883305,0.177619411872004,0.297309519166819,0.297309519166819,"gpath_trio"
"10505","AJM1","Exc L3-4 RORB CUX2",0.0541889792475798,4.37980583649731,3.13700437092112,0.0777057171406322,0.156896801772644,0.156896801772644,"gpath_trio"
"10506","PHPT1","Exc L3-4 RORB CUX2",-0.199152060868951,3.82807690854565,27.436927066149,3.35454999373854e-07,3.94164508582848e-06,3.94164508582848e-06,"gpath_trio"
"10507","MAMDC4","Exc L3-4 RORB CUX2",-0.100157439450606,0.717533168146959,1.48977373014774,0.22335734316156,0.35351332849176,0.35351332849176,"gpath_trio"
"10508","EDF1","Exc L3-4 RORB CUX2",-0.243589238387491,4.9971427899339,91.2522768267731,9.95651170419946e-19,2.11444866981288e-16,2.11444866981288e-16,"gpath_trio"
"10509","TRAF2","Exc L3-4 RORB CUX2",0.076667756032633,3.49181371585103,8.25237351091845,0.00440569140616861,0.0148786113356966,0.0148786113356966,"gpath_trio"
"10510","FBXW5","Exc L3-4 RORB CUX2",-0.0593192004750133,4.7662479372977,5.15672109367623,0.0239747702047688,0.0604462620446401,0.0604462620446401,"gpath_trio"
"10511","C8G","Exc L3-4 RORB CUX2",-0.0865740718197257,-0.780441080593445,0.554160146147791,0.457295092982367,0.602923049334679,0.602923049334679,"gpath_trio"
"10512","LCN12","Exc L3-4 RORB CUX2",-0.0982141354718237,0.564650587755104,1.54620353982366,0.214816783185087,0.343503934382046,0.343503934382046,"gpath_trio"
"10513","LCNL1","Exc L3-4 RORB CUX2",-0.0109715274479263,3.6571257641943,0.0615204072877496,0.804304588549725,0.886761302475037,0.886761302475037,"gpath_trio"
"10514","PAXX","Exc L3-4 RORB CUX2",-0.104115087626318,3.90487832698506,9.79746479424761,0.00194687288017846,0.00745740656115445,0.00745740656115445,"gpath_trio"
"10515","ABCA2","Exc L3-4 RORB CUX2",-0.0181245802855834,5.48159205968964,0.62392830586907,0.430311013386904,0.577997649472756,0.577997649472756,"gpath_trio"
"10516","C9orf139","Exc L3-4 RORB CUX2",-0.0157146550444505,-0.818994705663206,0.0186324133953322,0.891531181899923,0.94368031253408,0.94368031253408,"gpath_trio"
"10517","AL807752.6","Exc L3-4 RORB CUX2",-0.0735179176770051,3.45122331283124,4.07262757556287,0.0446104050821093,0.100594045214212,0.100594045214212,"gpath_trio"
"10518","NPDC1","Exc L3-4 RORB CUX2",-0.0261344973137824,3.37090945465455,0.418046043616456,0.518483966857114,0.659339050194911,0.659339050194911,"gpath_trio"
"10519","SAPCD2","Exc L3-4 RORB CUX2",-0.211643600487948,0.0556208142378079,3.49347979962146,0.0627351455485288,0.132296598875464,0.132296598875464,"gpath_trio"
"10520","UAP1L1","Exc L3-4 RORB CUX2",-0.0441019819261372,2.54562675696907,0.849775729170632,0.357470357922337,0.505110272522983,0.505110272522983,"gpath_trio"
"10521","MAN1B1-DT","Exc L3-4 RORB CUX2",-0.0702392940816143,1.72832571844707,1.25556920313102,0.263525364282279,0.402013173867296,0.402013173867296,"gpath_trio"
"10522","MAN1B1","Exc L3-4 RORB CUX2",-0.0779771469285129,4.62787322963217,10.1472903276256,0.00162145732616536,0.00638051522437803,0.00638051522437803,"gpath_trio"
"10523","DPP7","Exc L3-4 RORB CUX2",-0.0362346098723842,5.86237309807867,1.41354558184888,0.235553395179901,0.368194758484117,0.368194758484117,"gpath_trio"
"10524","GRIN1","Exc L3-4 RORB CUX2",0.0625766271389543,8.65388819807416,8.68916254554291,0.00349195532565253,0.0122401564370722,0.0122401564370722,"gpath_trio"
"10525","ANAPC2","Exc L3-4 RORB CUX2",-0.107144024543383,2.92628507242111,10.5046659046446,0.00134604461725487,0.00545968036853982,0.00545968036853982,"gpath_trio"
"10526","SSNA1","Exc L3-4 RORB CUX2",-0.205572084296948,4.05529735328354,47.4576020573596,4.22238104554451e-11,1.33521218799154e-09,1.33521218799154e-09,"gpath_trio"
"10527","TPRN","Exc L3-4 RORB CUX2",0.0214749734127967,3.88134964250396,0.646120392396279,0.422237437679206,0.570495600400347,0.570495600400347,"gpath_trio"
"10528","TMEM203","Exc L3-4 RORB CUX2",-0.188703590157995,2.99439014139904,20.8617110420446,7.62877670546088e-06,6.21609733572994e-05,6.21609733572994e-05,"gpath_trio"
"10529","NDOR1","Exc L3-4 RORB CUX2",0.0207939415157279,3.63681009292144,0.570864364915464,0.450599561165839,0.596825508568855,0.596825508568855,"gpath_trio"
"10530","BX255925.3","Exc L3-4 RORB CUX2",0.0825598514988291,2.46992387325942,3.45443947291218,0.0642120698530824,0.134763186235924,0.134763186235924,"gpath_trio"
"10531","RNF208","Exc L3-4 RORB CUX2",0.00791339730558499,5.28420180415708,0.0969137434770412,0.755814630444146,0.853702710127166,0.853702710127166,"gpath_trio"
"10532","CYSRT1","Exc L3-4 RORB CUX2",-0.141114377489631,-0.679275790355604,1.64862528210818,0.200289124806463,0.326084013312652,0.326084013312652,"gpath_trio"
"10533","TUBB4B","Exc L3-4 RORB CUX2",-0.24948547622621,6.01285557315461,43.3833424404788,2.48049193608859e-10,6.35882144988402e-09,6.35882144988402e-09,"gpath_trio"
"10534","NELFB","Exc L3-4 RORB CUX2",-0.0226764005098498,4.40135305935451,0.886816611314325,0.34721555808517,0.494254842614006,0.494254842614006,"gpath_trio"
"10535","NRARP","Exc L3-4 RORB CUX2",-0.0216912879715462,0.0772566074343681,0.0640375269560113,0.803115210423937,0.886031025881934,0.886031025881934,"gpath_trio"
"10536","EXD3","Exc L3-4 RORB CUX2",0.0589798694157495,5.77638652465669,12.7162068948633,0.000431344871031375,0.00206726295211687,0.00206726295211687,"gpath_trio"
"10537","NOXA1","Exc L3-4 RORB CUX2",-0.0695737951534022,5.7236288675859,5.22399385783027,0.0230824899329061,0.0587238390430686,0.0587238390430686,"gpath_trio"
"10538","NSMF","Exc L3-4 RORB CUX2",-0.0699532161159376,5.61809118092796,10.6022872207473,0.00127945939903681,0.00522955700477465,0.00522955700477465,"gpath_trio"
"10539","PNPLA7","Exc L3-4 RORB CUX2",0.115498391799341,5.32096507079501,7.75913369964143,0.0057374761031954,0.0186819852133582,0.0186819852133582,"gpath_trio"
"10540","MRPL41","Exc L3-4 RORB CUX2",0.00287047729102092,5.92538124975495,0.00212778438541305,0.963243706820963,0.981090558618383,0.981090558618383,"gpath_trio"
"10541","DPH7","Exc L3-4 RORB CUX2",-0.0574369064370143,4.41132400429235,6.54664028629208,0.0110753666992222,0.0321458096902327,0.0321458096902327,"gpath_trio"
"10542","ZMYND19","Exc L3-4 RORB CUX2",-0.0383612477104561,2.92282402585066,1.40100463376935,0.23763645686636,0.370904805607212,0.370904805607212,"gpath_trio"
"10543","ARRDC1","Exc L3-4 RORB CUX2",-0.0391072066386086,4.30122706136662,1.99249049970786,0.159276264572529,0.273550577828447,0.273550577828447,"gpath_trio"
"10544","ARRDC1-AS1","Exc L3-4 RORB CUX2",-0.099354780765631,2.49101209392474,7.35946049544056,0.00711652392936382,0.0222701830735094,0.0222701830735094,"gpath_trio"
"10545","EHMT1","Exc L3-4 RORB CUX2",0.0829139242711125,7.03814571053277,37.0123165542947,4.17961710775992e-09,8.07698995680618e-08,8.07698995680618e-08,"gpath_trio"
"10546","AL772363.1","Exc L3-4 RORB CUX2",-0.0179214433402475,-0.553489124081696,0.0279630067810774,0.867325803566224,0.928143960481015,0.928143960481015,"gpath_trio"
"10547","CACNA1B","Exc L3-4 RORB CUX2",0.0899768423604291,9.55771940564444,35.5788402791513,7.96881401381153e-09,1.42275064361635e-07,1.42275064361635e-07,"gpath_trio"
"10548","AC069287.1","Exc L3-4 RORB CUX2",-0.0373759172369315,0.245100803064327,0.0929838302515444,0.760661509162323,0.857050482930295,0.857050482930295,"gpath_trio"
"10549","LINC01001","Exc L3-4 RORB CUX2",-0.04982215986925,2.64826697536168,0.652543401673224,0.419943227080171,0.568156827142064,0.568156827142064,"gpath_trio"
"10550","AC069287.3","Exc L3-4 RORB CUX2",-0.438483791607455,2.48768279057811,52.3298971486367,5.25818909484249e-12,2.08007774487152e-10,2.08007774487152e-10,"gpath_trio"
"10551","BET1L","Exc L3-4 RORB CUX2",-0.00633828324978862,3.85116724119666,0.0553275635920189,0.81422459225532,0.892953357329095,0.892953357329095,"gpath_trio"
"10552","RIC8A","Exc L3-4 RORB CUX2",-0.0653081477649264,4.09576031433943,5.59932466577665,0.0187010052214029,0.0495329894107658,0.0495329894107658,"gpath_trio"
"10553","SIRT3","Exc L3-4 RORB CUX2",0.0565412782935855,4.96012433758293,5.63830718717049,0.0182984798022008,0.0486392397904348,0.0486392397904348,"gpath_trio"
"10554","PSMD13","Exc L3-4 RORB CUX2",-0.088619324529383,4.78259712365226,8.79033954968896,0.00330952884101952,0.011716045686536,0.011716045686536,"gpath_trio"
"10555","AC136475.1","Exc L3-4 RORB CUX2",0.0396645860998929,-0.584592267193349,0.141236434985199,0.83592306534806,0.906950677246416,0.906950677246416,"gpath_trio"
"10556","B4GALNT4","Exc L3-4 RORB CUX2",0.0323699918383694,5.84535245055708,2.01605486841284,0.15684094523404,0.270380763060477,0.270380763060477,"gpath_trio"
"10557","PKP3","Exc L3-4 RORB CUX2",-0.196876666068419,-0.122153682645361,3.47077212589114,0.063589705849843,0.133693446802895,0.133693446802895,"gpath_trio"
"10558","SIGIRR","Exc L3-4 RORB CUX2",0.0515487440381801,1.44022395909883,0.229532949659791,0.63227303695801,0.755469856122467,0.755469856122467,"gpath_trio"
"10559","ANO9","Exc L3-4 RORB CUX2",-0.12300643448448,-0.73794884883573,1.23039258304412,0.268355600562065,0.407348900860708,0.407348900860708,"gpath_trio"
"10560","PTDSS2","Exc L3-4 RORB CUX2",0.00991966259796023,5.25952098473443,0.173050117519002,0.677758323030693,0.793096349814062,0.793096349814062,"gpath_trio"
"10561","RNH1","Exc L3-4 RORB CUX2",-0.103728294244543,4.37433848646228,13.52020247687,0.000286723082308854,0.00145842218247471,0.00145842218247471,"gpath_trio"
"10562","HRAS","Exc L3-4 RORB CUX2",-0.08545738464437,4.00632776711787,7.7071299240498,0.00590012836431224,0.0190962957941229,0.0190962957941229,"gpath_trio"
"10563","LRRC56","Exc L3-4 RORB CUX2",0.0328210063836717,1.37716554105806,0.250843518758022,0.616905467188681,0.743048823912337,0.743048823912337,"gpath_trio"
"10564","AP006284.1","Exc L3-4 RORB CUX2",0.0700884158214042,-1.07787199362159,0.253315857834185,0.615176005959413,0.741938990612662,0.741938990612662,"gpath_trio"
"10565","RASSF7","Exc L3-4 RORB CUX2",-0.173986292396144,2.34571119787609,13.077292992325,0.00035894482843323,0.00176411983279913,0.00176411983279913,"gpath_trio"
"10566","MIR210HG","Exc L3-4 RORB CUX2",-0.477668473067064,-0.933736620915895,7.01376647140107,0.00858316567465343,0.0260399048851328,0.0260399048851328,"gpath_trio"
"10567","PHRF1","Exc L3-4 RORB CUX2",-0.0193835024421072,3.77111477910506,0.557998650584362,0.664626634818036,0.782364960128997,0.782364960128997,"gpath_trio"
"10568","DRD4","Exc L3-4 RORB CUX2",-0.217789306768038,1.05322497130041,9.89092092837908,0.00185390752203243,0.00714447275022248,0.00714447275022248,"gpath_trio"
"10569","DEAF1","Exc L3-4 RORB CUX2",0.0396129149640589,6.28181895540866,3.82449269964637,0.0515795901198231,0.113101385767693,0.113101385767693,"gpath_trio"
"10570","AC131934.1","Exc L3-4 RORB CUX2",-0.342189800400447,2.97687320096378,47.5483027561467,4.06040808740428e-11,1.29209358301863e-09,1.29209358301863e-09,"gpath_trio"
"10571","EPS8L2","Exc L3-4 RORB CUX2",-0.0346116137645389,1.77754160740133,0.187804052211286,0.665109912644775,0.782836035681018,0.782836035681018,"gpath_trio"
"10572","AP006621.4","Exc L3-4 RORB CUX2",0.0124669672113485,-0.705985853538414,0.0104368350644717,0.918707761574084,0.959116641125855,0.959116641125855,"gpath_trio"
"10573","TALDO1","Exc L3-4 RORB CUX2",-0.0998680880473938,4.48634060091036,23.2321254637865,2.44433148996919e-06,2.28307350972817e-05,2.28307350972817e-05,"gpath_trio"
"10574","GATD1","Exc L3-4 RORB CUX2",-0.00426020546025929,4.23525572864325,0.0251079950528515,0.874221257603435,0.932357872397806,0.932357872397806,"gpath_trio"
"10575","AP006621.3","Exc L3-4 RORB CUX2",0.12832509279092,4.94779311321132,8.40689249439554,0.00405730712440485,0.0139022029950523,0.0139022029950523,"gpath_trio"
"10576","CEND1","Exc L3-4 RORB CUX2",-0.0563761078686439,6.67938311449971,3.88106307952786,0.0498948108199642,0.110122285121188,0.110122285121188,"gpath_trio"
"10577","SLC25A22","Exc L3-4 RORB CUX2",-0.0755691053526496,4.79616629444647,6.99213744706011,0.00868468925917925,0.0262925578937487,0.0262925578937487,"gpath_trio"
"10578","PANO1","Exc L3-4 RORB CUX2",-0.193594244923879,0.269727691707713,6.07516445654218,0.0143565555046753,0.0399728825982369,0.0399728825982369,"gpath_trio"
"10579","PIDD1","Exc L3-4 RORB CUX2",-0.0474651923206479,4.25455885512873,2.71317120721934,0.100730967573591,0.192083863024311,0.192083863024311,"gpath_trio"
"10580","RPLP2","Exc L3-4 RORB CUX2",-0.280892881240004,4.86568905552217,124.579370713045,6.81821219175644e-24,8.09161358639331e-21,8.09161358639331e-21,"gpath_trio"
"10581","PNPLA2","Exc L3-4 RORB CUX2",0.00770159301133165,3.99368964659248,0.0544959730181089,0.815600546602792,0.893648021925343,0.893648021925343,"gpath_trio"
"10582","AP006621.1","Exc L3-4 RORB CUX2",0.047830914307787,-1.00678063152253,0.130049010654838,0.718674030406016,0.825199374859276,0.825199374859276,"gpath_trio"
"10583","CD151","Exc L3-4 RORB CUX2",-0.101084786318156,2.89299814557722,6.0474922582813,0.0145779463351824,0.0404831475997666,0.0404831475997666,"gpath_trio"
"10584","POLR2L","Exc L3-4 RORB CUX2",-0.240589632690548,3.25415400451937,31.9075918296223,4.2338904705732e-08,6.27617488933243e-07,6.27617488933243e-07,"gpath_trio"
"10585","TSPAN4","Exc L3-4 RORB CUX2",0.0183618503810578,-0.256837781862648,0.0345942282857289,0.852593520473742,0.918532902846305,0.918532902846305,"gpath_trio"
"10586","AP006623.1","Exc L3-4 RORB CUX2",0.0728658697492483,2.75083249776342,2.62668032039108,0.106293305720636,0.200371818803333,0.200371818803333,"gpath_trio"
"10587","CHID1","Exc L3-4 RORB CUX2",-0.00695067112036546,4.20836773114202,0.0452008108543519,0.831801794316471,0.903986274527839,0.903986274527839,"gpath_trio"
"10588","AP2A2","Exc L3-4 RORB CUX2",-0.00561464657529262,6.5989312933006,0.0753222547603699,0.783957520272005,0.873435459862523,0.873435459862523,"gpath_trio"
"10589","MUC6","Exc L3-4 RORB CUX2",-0.386006022981945,0.919436042619346,13.9209877621985,0.000234134600079119,0.00122565271318013,0.00122565271318013,"gpath_trio"
"10590","AC139749.1","Exc L3-4 RORB CUX2",0.00957806354485475,-0.861349160574693,0.00513725123178463,0.942915955174535,0.972214922862281,0.972214922862281,"gpath_trio"
"10591","MUC5B","Exc L3-4 RORB CUX2",-0.267292346897724,-0.973945254398756,1.71914192651989,0.190964747682097,0.314148221174683,0.314148221174683,"gpath_trio"
"10592","TOLLIP","Exc L3-4 RORB CUX2",-0.087484308133674,6.40829684580444,21.5054991622901,5.59237924288601e-06,4.74259147647017e-05,4.74259147647017e-05,"gpath_trio"
"10593","TOLLIP-AS1","Exc L3-4 RORB CUX2",-0.21032924060464,0.631924520076549,8.71509400264993,0.00344424061384334,0.0121142877238998,0.0121142877238998,"gpath_trio"
"10594","BRSK2","Exc L3-4 RORB CUX2",0.00430427405510661,6.14040388158344,0.0623546244061944,0.803009505619276,0.885962855510713,0.885962855510713,"gpath_trio"
"10595","MOB2","Exc L3-4 RORB CUX2",0.0717528983263797,5.01875033873347,8.89920097684671,0.00312411104363105,0.0111623460496836,0.0111623460496836,"gpath_trio"
"10596","DUSP8","Exc L3-4 RORB CUX2",0.0990049043821136,5.09689989316299,15.7379279491217,9.41366857734693e-05,0.000553543467059091,0.000553543467059091,"gpath_trio"
"10597","KRTAP5-AS1","Exc L3-4 RORB CUX2",0.133777187224979,5.03473104682591,21.0680183955223,6.90537876434274e-06,5.69566707157051e-05,5.69566707157051e-05,"gpath_trio"
"10598","IFITM10","Exc L3-4 RORB CUX2",0.383336775404423,0.0847731732420021,13.0975619333464,0.000355267383218669,0.00174945556661866,0.00174945556661866,"gpath_trio"
"10599","MRPL23","Exc L3-4 RORB CUX2",-0.0909189957571556,3.40562486706179,3.38484189377632,0.0669383737883128,0.139239271180453,0.139239271180453,"gpath_trio"
"10600","LINC01219","Exc L3-4 RORB CUX2",-0.00749024525198999,-0.224911193862929,0.0054157378568358,0.941391860801533,0.9714917596091,0.9714917596091,"gpath_trio"
"10601","CD81-AS1","Exc L3-4 RORB CUX2",-0.0408145048487676,3.2645820016094,0.823388000436868,0.365031669191075,0.513099277219392,0.513099277219392,"gpath_trio"
"10602","CD81","Exc L3-4 RORB CUX2",-0.045044780047361,5.00966036420504,1.08450633067337,0.2986590029804,0.44171581153358,0.44171581153358,"gpath_trio"
"10603","TSSC4","Exc L3-4 RORB CUX2",-0.12063622915826,2.85855166056209,8.6071852853032,0.00364729555804652,0.0126978753897478,0.0126978753897478,"gpath_trio"
"10604","KCNQ1","Exc L3-4 RORB CUX2",-0.100048595199557,3.11929766047909,4.00395236185579,0.0464331211453831,0.103960517046732,0.103960517046732,"gpath_trio"
"10605","KCNQ1OT1","Exc L3-4 RORB CUX2",0.245906195196858,6.77324187415507,31.0051862434949,6.40856644524015e-08,9.00995317301184e-07,9.00995317301184e-07,"gpath_trio"
"10606","SLC22A18AS","Exc L3-4 RORB CUX2",-0.36701902132669,0.27008334235808,15.4798995591372,0.000107064809777447,0.00061869277939799,0.00061869277939799,"gpath_trio"
"10607","SLC22A18","Exc L3-4 RORB CUX2",-0.187345025099735,2.56089212334977,4.23077317823001,0.0406950316979626,0.0935637908269396,0.0935637908269396,"gpath_trio"
"10608","PHLDA2","Exc L3-4 RORB CUX2",-0.554762786198789,1.74813148067105,39.0539902830464,1.67778689646136e-09,3.51864351726694e-08,3.51864351726694e-08,"gpath_trio"
"10609","NAP1L4","Exc L3-4 RORB CUX2",-0.0179505185664556,6.15229656100486,1.31141072616794,0.253192388822589,0.389846328664866,0.389846328664866,"gpath_trio"
"10610","CARS","Exc L3-4 RORB CUX2",0.0454811276415248,5.35574479978518,2.20198207622093,0.13904461887336,0.246699954777067,0.246699954777067,"gpath_trio"
"10611","OSBPL5","Exc L3-4 RORB CUX2",0.0560678672958735,5.31605467878301,5.02393950727586,0.0258432781368727,0.0643291963493408,0.0643291963493408,"gpath_trio"
"10612","ZNF195","Exc L3-4 RORB CUX2",0.0646404327410084,4.66873970748745,5.65247523407198,0.0181544241944593,0.0483327405810527,0.0483327405810527,"gpath_trio"
"10613","AC127526.1","Exc L3-4 RORB CUX2",0.0352970750128988,4.51919479482001,0.875103427594756,0.350414339691711,0.497824752009033,0.497824752009033,"gpath_trio"
"10614","CHRNA10","Exc L3-4 RORB CUX2",0.00838808597534208,0.580499572142039,0.0167424845432971,0.897146920567014,0.946784367341649,0.946784367341649,"gpath_trio"
"10615","NUP98","Exc L3-4 RORB CUX2",0.023177492440731,5.82388642511353,2.1394309861039,0.144762833350821,0.254141155834739,0.254141155834739,"gpath_trio"
"10616","PGAP2","Exc L3-4 RORB CUX2",0.0693545877226535,4.58315915187619,6.1091626357034,0.0140893138546025,0.0393700702239067,0.0393700702239067,"gpath_trio"
"10617","RHOG","Exc L3-4 RORB CUX2",-0.242407410575907,1.00143936016678,11.2537368636078,0.000913132607614063,0.00391883649406801,0.00391883649406801,"gpath_trio"
"10618","STIM1","Exc L3-4 RORB CUX2",0.0436246362435443,6.21461584688583,5.63740009704333,0.0183077431427335,0.0486574519700498,0.0486574519700498,"gpath_trio"
"10619","RRM1","Exc L3-4 RORB CUX2",-0.0341149327932841,3.80322818345323,1.84032431122757,0.176089644389078,0.295451297893382,0.295451297893382,"gpath_trio"
"10620","TRIM68","Exc L3-4 RORB CUX2",-0.0904520129743294,1.17001399124025,2.90007958432191,0.0897701829771011,0.17551249554831,0.17551249554831,"gpath_trio"
"10621","MMP26","Exc L3-4 RORB CUX2",0.015576607885548,0.0241150627475671,0.0360014758890207,0.849660485984684,0.916287166171745,0.916287166171745,"gpath_trio"
"10622","HBB","Exc L3-4 RORB CUX2",0.0354146046085958,-0.816353497737383,0.024759544255884,0.875089833574002,0.933010799527029,0.933010799527029,"gpath_trio"
"10623","AC104389.4","Exc L3-4 RORB CUX2",0.0453924771304773,2.23204458150924,0.0902550877058071,0.764093183662783,0.859477028345041,0.859477028345041,"gpath_trio"
"10624","OR51M1","Exc L3-4 RORB CUX2",-0.0134046732816597,-0.622697161569232,0.00633429827153381,0.936625918154385,0.969296122019222,0.969296122019222,"gpath_trio"
"10625","OR51I2","Exc L3-4 RORB CUX2",-0.330726959840164,-1.2925917635801,3.99699954589049,0.0466220093968645,0.104302399598774,0.104302399598774,"gpath_trio"
"10626","TRIM5","Exc L3-4 RORB CUX2",-0.0786932702959762,2.79964225237064,0.396860441440147,0.529268343338728,0.669298534966707,0.669298534966707,"gpath_trio"
"10627","TRIM22","Exc L3-4 RORB CUX2",0.483983805205773,0.326847581667783,8.36193768172829,0.00415564892238618,0.0141981739219545,0.0141981739219545,"gpath_trio"
"10628","OR56A3","Exc L3-4 RORB CUX2",-0.233373093283194,-1.30654242127081,1.98676377722269,0.159874621694664,0.274228064333434,0.274228064333434,"gpath_trio"
"10629","OR56A1","Exc L3-4 RORB CUX2",-0.13680109411975,-1.27961964926002,0.794769977039292,0.373485925309264,0.52183871104694,0.52183871104694,"gpath_trio"
"10630","AC022762.2","Exc L3-4 RORB CUX2",-0.074636270576832,1.92558836203611,2.17312703028156,0.141650116953509,0.25015678479841,0.25015678479841,"gpath_trio"
"10631","C11orf42","Exc L3-4 RORB CUX2",-0.383931852695823,-0.52899882296963,6.90283140255676,0.00911716036916098,0.0273838480407583,0.0273838480407583,"gpath_trio"
"10632","FAM160A2","Exc L3-4 RORB CUX2",-0.0882047015304393,4.17685614191373,9.44705586189334,0.00233995169002953,0.00873908281124507,0.00873908281124507,"gpath_trio"
"10633","CNGA4","Exc L3-4 RORB CUX2",0.032497431951756,2.1722681942053,0.345333428010023,0.557276730733098,0.693630578230628,0.693630578230628,"gpath_trio"
"10634","CCKBR","Exc L3-4 RORB CUX2",0.0155020692207967,3.96783502807592,0.276159830230789,0.599677184463021,0.728978026076251,0.728978026076251,"gpath_trio"
"10635","CAVIN3","Exc L3-4 RORB CUX2",-0.122067287831129,-0.402746974563227,1.14456188754196,0.28568259416169,0.427348286291398,0.427348286291398,"gpath_trio"
"10636","SMPD1","Exc L3-4 RORB CUX2",-0.0641276825973895,3.38630504779917,4.00406540614378,0.0464300567673208,0.103960517046732,0.103960517046732,"gpath_trio"
"10637","APBB1","Exc L3-4 RORB CUX2",-0.0754440746259279,6.31637869514261,16.4425202011069,6.63190719475335e-05,0.000410299686151944,0.000410299686151944,"gpath_trio"
"10638","HPX","Exc L3-4 RORB CUX2",0.168789268303807,0.0140824035035677,3.04931271471419,0.0819523269261892,0.163442882140754,0.163442882140754,"gpath_trio"
"10639","TRIM3","Exc L3-4 RORB CUX2",0.00189623290053154,4.32842534547622,0.00572495140458757,0.939745072655053,0.970927133447907,0.970927133447907,"gpath_trio"
"10640","ARFIP2","Exc L3-4 RORB CUX2",-0.0600754010216788,3.67390867471927,4.18630562041643,0.0417578094159966,0.095472250780009,0.095472250780009,"gpath_trio"
"10641","AC084337.2","Exc L3-4 RORB CUX2",0.0794379716633133,4.99492972547426,13.2830776719915,0.000323336424775065,0.00161668212387532,0.00161668212387532,"gpath_trio"
"10642","DNHD1","Exc L3-4 RORB CUX2",0.0430360348754616,5.0710545819026,1.80966404652726,0.179720620658177,0.300179114312338,0.300179114312338,"gpath_trio"
"10643","RRP8","Exc L3-4 RORB CUX2",-0.0182364435868998,2.64146205882467,0.251947657746706,0.616131781828576,0.742646338727328,0.742646338727328,"gpath_trio"
"10644","ILK","Exc L3-4 RORB CUX2",-0.033802575041256,4.67460257425523,1.93949847749892,0.164912734130951,0.280518505575186,0.280518505575186,"gpath_trio"
"10645","TAF10","Exc L3-4 RORB CUX2",-0.0942415569486324,2.78347657101778,4.64418561317065,0.0320772093089129,0.0768778448333711,0.0768778448333711,"gpath_trio"
"10646","TPP1","Exc L3-4 RORB CUX2",0.0445399693735455,4.5042843084734,2.68175164241953,0.102713656933326,0.195145308280426,0.195145308280426,"gpath_trio"
"10647","DCHS1","Exc L3-4 RORB CUX2",0.0359386111942019,0.8898402234347,0.265069487058114,0.970206625748077,0.984603555053695,0.984603555053695,"gpath_trio"
"10648","AC091564.5","Exc L3-4 RORB CUX2",0.136287820349897,-1.12872800100779,0.829252315892832,0.363332255083045,0.511137873669927,0.511137873669927,"gpath_trio"
"10649","MRPL17","Exc L3-4 RORB CUX2",-0.194145341063793,2.47383505559056,23.3828676496106,2.27473547935957e-06,2.14152068577132e-05,2.14152068577132e-05,"gpath_trio"
"10650","OR2AG2","Exc L3-4 RORB CUX2",-0.0430523769901832,1.56110479339729,0.648594217393828,0.421351603111432,0.569527575557627,0.569527575557627,"gpath_trio"
"10651","OR2AG1","Exc L3-4 RORB CUX2",-0.166468475760268,-1.33969919620588,1.26723081797841,0.261324823886688,0.399441497228119,0.399441497228119,"gpath_trio"
"10652","OR6A2","Exc L3-4 RORB CUX2",0.00641368122843417,1.80391254297419,0.0179068384698236,0.91541804880662,0.957268259963664,0.957268259963664,"gpath_trio"
"10653","AC087280.2","Exc L3-4 RORB CUX2",-0.000878044380213263,5.96126373404975,0.000972575941072175,0.975145010737303,0.986818873187856,0.986818873187856,"gpath_trio"
"10654","ZNF215","Exc L3-4 RORB CUX2",-0.0112404393896361,3.12203241918633,0.0596321814342771,0.80727082512437,0.888574875709758,0.888574875709758,"gpath_trio"
"10655","ZNF214","Exc L3-4 RORB CUX2",0.0232842035856112,3.11103049897442,0.519297760839693,0.670123434589598,0.787038089000183,0.787038089000183,"gpath_trio"
"10656","NLRP14","Exc L3-4 RORB CUX2",0.0541505684571941,0.379183187782566,0.517136757764458,0.472711431332139,0.617598311561061,0.617598311561061,"gpath_trio"
"10657","SYT9","Exc L3-4 RORB CUX2",0.147345003129612,4.48730490144104,12.5667897673102,0.000465493546787897,0.00220764746272822,0.00220764746272822,"gpath_trio"
"10658","AC107884.1","Exc L3-4 RORB CUX2",0.0846857770522343,1.28966004378542,1.55851838940456,0.428454222691261,0.576270929519746,0.576270929519746,"gpath_trio"
"10659","OLFML1","Exc L3-4 RORB CUX2",0.290776729939378,-1.40485356875219,3.83204586852297,0.0513511831503208,0.112695542266695,0.112695542266695,"gpath_trio"
"10660","PPFIBP2","Exc L3-4 RORB CUX2",0.0467292015667677,0.967786373632824,0.0563468499090507,0.812552880819909,0.891676571642046,0.891676571642046,"gpath_trio"
"10661","OVCH2","Exc L3-4 RORB CUX2",-0.108894704603157,-1.44155582146029,0.309199019938501,0.578650310378395,0.711450854845627,0.711450854845627,"gpath_trio"
"10662","AC044810.3","Exc L3-4 RORB CUX2",-0.14649498455939,0.691861592138012,1.71868961877657,0.191018474830346,0.314185368474011,0.314185368474011,"gpath_trio"
"10663","NLRP10","Exc L3-4 RORB CUX2",-0.0608232336656316,-0.713817308317996,0.300343436202245,0.58413738659821,0.716538261661715,0.716538261661715,"gpath_trio"
"10664","EIF3F","Exc L3-4 RORB CUX2",0.013543822957853,4.85023579690063,0.432894570410963,0.511154131378404,0.652837476874526,0.652837476874526,"gpath_trio"
"10665","TUB","Exc L3-4 RORB CUX2",0.080749495323266,5.55201033252441,18.7276334365145,2.15249662358183e-05,0.000153559474472289,0.000153559474472289,"gpath_trio"
"10666","RIC3","Exc L3-4 RORB CUX2",-0.0790573938977412,6.56956462882136,16.7688847455321,5.6417566654991e-05,0.000357066177856851,0.000357066177856851,"gpath_trio"
"10667","LMO1","Exc L3-4 RORB CUX2",0.0672950265462476,0.335375067617058,0.531185565455651,0.466764804205465,0.61216797275208,0.61216797275208,"gpath_trio"
"10668","STK33","Exc L3-4 RORB CUX2",0.203259817740509,2.3992545814588,3.76745750591109,0.0533396412874275,0.115919920711729,0.115919920711729,"gpath_trio"
"10669","TRIM66","Exc L3-4 RORB CUX2",0.00750566537419493,4.5547447438864,0.105231459910953,0.804513239986612,0.886894411055674,0.886894411055674,"gpath_trio"
"10670","RPL27A","Exc L3-4 RORB CUX2",-0.276882630526742,4.20950982863628,58.0874974972858,4.69448494318011e-13,2.35015468309327e-11,2.35015468309327e-11,"gpath_trio"
"10671","ST5","Exc L3-4 RORB CUX2",0.0399308120835199,5.48268448772047,1.63980168545638,0.201493825299154,0.327543141198166,0.327543141198166,"gpath_trio"
"10672","AC026894.1","Exc L3-4 RORB CUX2",-0.302152336959914,0.593750615599467,13.6701750153032,0.00026576808083029,0.00136712672890135,0.00136712672890135,"gpath_trio"
"10673","AKIP1","Exc L3-4 RORB CUX2",-0.10388981391775,3.81068180610341,14.1593821231036,0.000207610773483266,0.00110112058477312,0.00110112058477312,"gpath_trio"
"10674","TMEM9B","Exc L3-4 RORB CUX2",-0.147765826437481,4.16804914328385,35.4010112097784,8.63524369222346e-09,1.52553451392827e-07,1.52553451392827e-07,"gpath_trio"
"10675","TMEM9B-AS1","Exc L3-4 RORB CUX2",0.183438278385352,1.68671371296587,6.51747026742733,0.0112538625101076,0.032612277526777,0.032612277526777,"gpath_trio"
"10676","NRIP3","Exc L3-4 RORB CUX2",-0.00489049746241046,3.02479809511656,0.00759884627505724,0.930602398782201,0.965820436645396,0.965820436645396,"gpath_trio"
"10677","AC079296.1","Exc L3-4 RORB CUX2",0.0459310377102599,2.29222770107321,0.827003778941231,0.409679504845685,0.557975022632936,0.557975022632936,"gpath_trio"
"10678","SCUBE2","Exc L3-4 RORB CUX2",0.084849428880081,2.05462809623063,2.53939061345865,0.112252518107248,0.209055160418512,0.209055160418512,"gpath_trio"
"10679","DENND5A","Exc L3-4 RORB CUX2",0.0233902355532651,5.81039201742699,1.40042255732125,0.23773368376565,0.370999154546101,0.370999154546101,"gpath_trio"
"10680","TMEM41B","Exc L3-4 RORB CUX2",0.0222673203910673,6.0543720737797,1.31022995149478,0.253405629496806,0.390025829653499,0.390025829653499,"gpath_trio"
"10681","IPO7","Exc L3-4 RORB CUX2",-0.011599194761921,5.89951462641783,0.593345693171877,0.590269837404457,0.721340200927846,0.721340200927846,"gpath_trio"
"10682","AC132192.1","Exc L3-4 RORB CUX2",-0.210012013194383,0.482775426414707,2.39118917466069,0.123237036327011,0.224801736699588,0.224801736699588,"gpath_trio"
"10683","AC132192.2","Exc L3-4 RORB CUX2",-0.134622003822729,1.69431028820508,8.05578184002651,0.00489371766298011,0.0163002730478164,0.0163002730478164,"gpath_trio"
"10684","ZNF143","Exc L3-4 RORB CUX2",-0.0551216532851356,3.71050881639465,3.90708238119644,0.0491396392268841,0.108774464787339,0.108774464787339,"gpath_trio"
"10685","WEE1","Exc L3-4 RORB CUX2",-0.117220080913002,-0.92214657912484,0.928598759208279,0.33612266937807,0.482653014569577,0.482653014569577,"gpath_trio"
"10686","SWAP70","Exc L3-4 RORB CUX2",0.0600711039483058,4.12923994690339,1.61926797578819,0.20433065352216,0.331067672998214,0.331067672998214,"gpath_trio"
"10687","AC026250.1","Exc L3-4 RORB CUX2",0.23975416027593,-0.730894106043948,4.03533672384829,0.0455905402344675,0.102480389267403,0.102480389267403,"gpath_trio"
"10688","SBF2-AS1","Exc L3-4 RORB CUX2",0.0459419960613308,4.28818339993511,2.17191897879056,0.141760395624091,0.250260003772174,0.250260003772174,"gpath_trio"
"10689","SBF2","Exc L3-4 RORB CUX2",0.0549269509315187,8.09431518564609,16.2128393842027,7.43273004965412e-05,0.000450993469930141,0.000450993469930141,"gpath_trio"
"10690","AC011092.2","Exc L3-4 RORB CUX2",-0.385661776077188,3.29218316895333,86.1003532068574,6.94191254631918e-18,1.1386429725365e-15,1.1386429725365e-15,"gpath_trio"
"10691","AC100763.1","Exc L3-4 RORB CUX2",-0.551220725968098,1.00479555786444,47.9788064886466,3.37299208186321e-11,1.09760454474824e-09,1.09760454474824e-09,"gpath_trio"
"10692","AMPD3","Exc L3-4 RORB CUX2",0.0758799632351478,4.80510799651844,6.8793958574268,0.00923428434597961,0.0276863852994707,0.0276863852994707,"gpath_trio"
"10693","MTRNR2L8","Exc L3-4 RORB CUX2",0.384263146322738,4.47537420007517,4.17281589392301,0.0420859848517352,0.0960285845265503,0.0960285845265503,"gpath_trio"
"10694","RNF141","Exc L3-4 RORB CUX2",-0.137860017132936,3.4616505627654,17.7001993709095,3.56303393173885e-05,0.000239215339676643,0.000239215339676643,"gpath_trio"
"10695","MRVI1-AS1","Exc L3-4 RORB CUX2",0.0420518009324956,3.91598204376558,0.500874226602017,0.479750146547068,0.623301457449025,0.623301457449025,"gpath_trio"
"10696","LYVE1","Exc L3-4 RORB CUX2",-0.31048082577948,0.222533214772498,9.46910908465662,0.00231297533561528,0.00864954168601267,0.00864954168601267,"gpath_trio"
"10697","CTR9","Exc L3-4 RORB CUX2",-0.0203885186503251,4.49016265884772,0.902817841015678,0.342909625342899,0.489542772238983,0.489542772238983,"gpath_trio"
"10698","EIF4G2","Exc L3-4 RORB CUX2",-0.0824712788667005,5.86331619689234,23.3894296323688,2.26762897845538e-06,2.13582701402135e-05,2.13582701402135e-05,"gpath_trio"
"10699","AC116535.1","Exc L3-4 RORB CUX2",-0.00160389527088103,2.80503148407694,0.00184947915379055,0.965730100181234,0.982284082236269,0.982284082236269,"gpath_trio"
"10700","ZBED5","Exc L3-4 RORB CUX2",-0.0195271002554408,5.29317799018356,0.726324029062583,0.394861635253006,0.543035684473714,0.543035684473714,"gpath_trio"
"10701","ZBED5-AS1","Exc L3-4 RORB CUX2",-0.00506527535561954,2.59483515000158,0.0125288975372047,0.910963244182641,0.954538457015934,0.954538457015934,"gpath_trio"
"10702","AC111188.1","Exc L3-4 RORB CUX2",-0.239378460379537,-0.802137821441778,3.66390848918607,0.0567007514875912,0.121721394047899,0.121721394047899,"gpath_trio"
"10703","GALNT18","Exc L3-4 RORB CUX2",0.112833676903337,8.05516188216274,17.3694923934441,4.19336201600092e-05,0.000276203325735614,0.000276203325735614,"gpath_trio"
"10704","USP47","Exc L3-4 RORB CUX2",0.110161407398057,7.40396510923609,39.5948668766686,1.31903758809176e-09,2.81902365887195e-08,2.81902365887195e-08,"gpath_trio"
"10705","DKK3","Exc L3-4 RORB CUX2",-0.097220945461637,7.43603719643683,19.9224208880826,1.20244463089646e-05,9.33769069604934e-05,9.33769069604934e-05,"gpath_trio"
"10706","MICAL2","Exc L3-4 RORB CUX2",0.0149474850856587,7.83106854244517,0.351747796525979,0.55364092464242,0.690724485477758,0.690724485477758,"gpath_trio"
"10707","PARVA","Exc L3-4 RORB CUX2",0.145366565485347,3.98470326383213,11.8180366946724,0.000682905628388607,0.00306509923309013,0.00306509923309013,"gpath_trio"
"10708","TEAD1","Exc L3-4 RORB CUX2",0.0907980865058619,6.10925993303459,6.34906207099056,0.0123441510287295,0.0352902433051748,0.0352902433051748,"gpath_trio"
"10709","LINC00958","Exc L3-4 RORB CUX2",-0.268899419096678,0.463509315363953,3.16550221435871,0.0763774620604542,0.154741443770804,0.154741443770804,"gpath_trio"
"10710","ARNTL","Exc L3-4 RORB CUX2",0.0436692508908395,6.53418585738672,5.03977949473868,0.025612599916812,0.0639078439446794,0.0639078439446794,"gpath_trio"
"10711","BTBD10","Exc L3-4 RORB CUX2",0.0425980675468284,6.93445493672724,11.1480956587598,0.000964333972513452,0.00411606792477825,0.00411606792477825,"gpath_trio"
"10712","PTH","Exc L3-4 RORB CUX2",-0.197032002090137,-0.742535832589238,1.97122185447331,0.161511536100937,0.276072584291712,0.276072584291712,"gpath_trio"
"10713","FAR1","Exc L3-4 RORB CUX2",0.0214849692859734,6.92978048140178,1.97439036112476,0.161176268742008,0.275640520629822,0.275640520629822,"gpath_trio"
"10714","LINC02548","Exc L3-4 RORB CUX2",0.209202338457752,-1.35687522650408,1.82985375006942,0.177319979060302,0.296906845177325,0.296906845177325,"gpath_trio"
"10715","SPON1-AS1","Exc L3-4 RORB CUX2",0.200400279913874,1.48567308308515,12.5204778367005,0.000476626270517827,0.00224986780713551,0.00224986780713551,"gpath_trio"
"10716","RRAS2","Exc L3-4 RORB CUX2",0.0923346003706291,5.28345972020691,15.9836488780368,8.32966000392294e-05,0.000497781073990359,0.000497781073990359,"gpath_trio"
"10717","COPB1","Exc L3-4 RORB CUX2",-0.0235577460666093,5.14177792081866,1.72525300215802,0.190176137622505,0.313281260547949,0.313281260547949,"gpath_trio"
"10718","AC018523.2","Exc L3-4 RORB CUX2",0.0978062969017058,1.95857867530607,5.08276810521637,0.024997337346902,0.0626097183083487,0.0626097183083487,"gpath_trio"
"10719","PSMA1","Exc L3-4 RORB CUX2",0.141971075051713,4.53702755372024,27.5703745339988,3.15167121430887e-07,3.7358969887592e-06,3.7358969887592e-06,"gpath_trio"
"10720","PDE3B","Exc L3-4 RORB CUX2",0.0910045599915506,6.900806248323,19.6126601792062,1.39784934926349e-05,0.000106300831592126,0.000106300831592126,"gpath_trio"
"10721","CYP2R1","Exc L3-4 RORB CUX2",-0.0193167791528428,3.80675423879602,0.532299967562807,0.466298261395408,0.611715158570281,0.611715158570281,"gpath_trio"
"10722","CALCB","Exc L3-4 RORB CUX2",0.169732102220996,2.24898936977166,5.70385994621267,0.0176417751000013,0.0472422103321644,0.0472422103321644,"gpath_trio"
"10723","INSC","Exc L3-4 RORB CUX2",-0.157498572450654,-0.965444578027545,0.976211004435408,0.324054595713067,0.469568445630334,0.469568445630334,"gpath_trio"
"10724","C11orf58","Exc L3-4 RORB CUX2",-0.0420373068967392,6.45417925939838,6.92641169007402,0.00900085799121947,0.0271154711024119,0.0271154711024119,"gpath_trio"
"10725","PLEKHA7","Exc L3-4 RORB CUX2",-0.388989806909779,4.22291690487051,75.6614035038686,3.90243356234442e-16,4.05832974846901e-14,4.05832974846901e-14,"gpath_trio"
"10726","RPS13","Exc L3-4 RORB CUX2",-0.284552311575162,3.83292120750349,54.324259001397,2.26468620102161e-12,9.95425797507864e-11,9.95425797507864e-11,"gpath_trio"
"10727","PIK3C2A","Exc L3-4 RORB CUX2",9.39177379928074e-05,6.17562297157564,2.56931774326817e-05,0.995959551985031,0.997938115783363,0.997938115783363,"gpath_trio"
"10728","NUCB2","Exc L3-4 RORB CUX2",0.0639486658486043,5.96000368975985,10.4945812770071,0.00135312142235058,0.00548177202729378,0.00548177202729378,"gpath_trio"
"10729","NCR3LG1","Exc L3-4 RORB CUX2",0.0977209109141237,4.94264360976599,12.1113936630408,0.000587516051272547,0.00269205912660087,0.00269205912660087,"gpath_trio"
"10730","AC124798.1","Exc L3-4 RORB CUX2",-0.0401946739747881,3.84496033375011,1.21368124745484,0.271623049921769,0.411164093050097,0.411164093050097,"gpath_trio"
"10731","KCNJ11","Exc L3-4 RORB CUX2",-0.06167246474989,2.13263215516,2.15147878902405,0.143641099339101,0.252699614507007,0.252699614507007,"gpath_trio"
"10732","ABCC8","Exc L3-4 RORB CUX2",0.0283942341010883,6.31571396681237,1.25991503894888,0.262702618392998,0.401122025738193,0.401122025738193,"gpath_trio"
"10733","USH1C","Exc L3-4 RORB CUX2",0.1435380618624,0.0367473352961639,2.08801716859873,0.149662737109299,0.26092686840478,0.26092686840478,"gpath_trio"
"10734","OTOG","Exc L3-4 RORB CUX2",-0.0892899163360894,-0.842291809548721,0.521147759738713,0.471001210139457,0.6163217936544,0.6163217936544,"gpath_trio"
"10735","KCNC1","Exc L3-4 RORB CUX2",0.0237253699074101,6.66660084321443,2.14785041642668,0.143977887321567,0.25311553474317,0.25311553474317,"gpath_trio"
"10736","SERGEF","Exc L3-4 RORB CUX2",0.0443115138669147,6.90919862340973,5.556708001551,0.0191516075388334,0.050514274035294,0.050514274035294,"gpath_trio"
"10737","TPH1","Exc L3-4 RORB CUX2",-0.130452737130688,-0.0821504382201579,1.66885171591878,0.197559508443786,0.32256231252715,0.32256231252715,"gpath_trio"
"10738","SAAL1","Exc L3-4 RORB CUX2",-0.00327020253373063,3.36069174679057,0.013662224084349,0.907041009427245,0.95260553697005,0.95260553697005,"gpath_trio"
"10739","AC090099.4","Exc L3-4 RORB CUX2",-0.098895828149257,-1.42112010384637,0.404838738335948,0.525160553688664,0.665647683022479,0.665647683022479,"gpath_trio"
"10740","SAA2-SAA4","Exc L3-4 RORB CUX2",0.0391633488491778,-0.866615163727732,0.0939657305202892,0.85585721136408,0.920166226446593,0.920166226446593,"gpath_trio"
"10741","HPS5","Exc L3-4 RORB CUX2",-0.013267186456302,4.62828569273641,0.371032961189569,0.602114547454193,0.730967730094023,0.730967730094023,"gpath_trio"
"10742","GTF2H1","Exc L3-4 RORB CUX2",0.0194685622937109,5.31878261550053,1.06660203672483,0.302673888451776,0.446377609613639,0.446377609613639,"gpath_trio"
"10743","LDHA","Exc L3-4 RORB CUX2",-0.257933251509637,5.31207319917818,56.2607327224728,1.00514208478021e-12,4.72697938471812e-11,4.72697938471812e-11,"gpath_trio"
"10744","LDHC","Exc L3-4 RORB CUX2",-0.155585346406682,0.350052341607019,1.07409614243558,0.300984954617092,0.44447163368466,0.44447163368466,"gpath_trio"
"10745","LDHAL6A","Exc L3-4 RORB CUX2",-0.0665954770116491,1.9638614089486,0.623694646425634,0.430397258021367,0.578057852121143,0.578057852121143,"gpath_trio"
"10746","TSG101","Exc L3-4 RORB CUX2",-0.0205931144818418,5.81148494765358,2.00521038566086,0.210905994042904,0.339051805919855,0.339051805919855,"gpath_trio"
"10747","UEVLD","Exc L3-4 RORB CUX2",-0.0588733979797744,4.24767305014457,5.07073114165375,0.0251680401687943,0.0629825366417049,0.0629825366417049,"gpath_trio"
"10748","SPTY2D1OS","Exc L3-4 RORB CUX2",0.184064874056394,2.62791106082195,23.2607126496356,2.41121466229362e-06,2.25318461379221e-05,2.25318461379221e-05,"gpath_trio"
"10749","SPTY2D1","Exc L3-4 RORB CUX2",0.0265618186085234,3.48407580070637,0.957179711285561,0.879530734246521,0.936094604536814,0.936094604536814,"gpath_trio"
"10750","TMEM86A","Exc L3-4 RORB CUX2",-0.239145329146314,-0.0321508338357243,8.64710401473358,0.00357078799728155,0.0124745710554381,0.0124745710554381,"gpath_trio"
"10751","IGSF22","Exc L3-4 RORB CUX2",-0.0600986611000773,1.96718839124252,1.13153686346476,0.288434673592054,0.430443785762238,0.430443785762238,"gpath_trio"
"10752","AC103974.1","Exc L3-4 RORB CUX2",-0.225216622564538,2.84117867395122,30.8015439145436,7.03854221241161e-08,9.78653267645791e-07,9.78653267645791e-07,"gpath_trio"
"10753","PTPN5","Exc L3-4 RORB CUX2",-0.0507446393936189,6.38551886218756,5.83875491982152,0.0163662701708903,0.0444520060174627,0.0444520060174627,"gpath_trio"
"10754","ZDHHC13","Exc L3-4 RORB CUX2",0.095514744944788,5.17924276118291,22.0250273617374,4.35617021464084e-06,3.80293094246555e-05,3.80293094246555e-05,"gpath_trio"
"10755","CSRP3","Exc L3-4 RORB CUX2",-0.0381675245498737,-0.511609082778895,0.0456461589467013,0.830987741567036,0.903507881341027,0.903507881341027,"gpath_trio"
"10756","AC009652.2","Exc L3-4 RORB CUX2",0.149362781141734,1.81718456402913,5.73256298771056,0.0173619833512942,0.0466870220426022,0.0466870220426022,"gpath_trio"
"10757","NAV2","Exc L3-4 RORB CUX2",0.0872981893916145,8.65687527088156,28.860885483048,1.72735891579137e-07,2.19593359332646e-06,2.19593359332646e-06,"gpath_trio"
"10758","AC009549.1","Exc L3-4 RORB CUX2",-0.215581730216208,1.47463269770228,15.4606866622896,0.000108096620503835,0.000622921827667774,0.000622921827667774,"gpath_trio"
"10759","NAV2-AS3","Exc L3-4 RORB CUX2",-0.432796803280568,0.857875062272289,25.5771500232062,8.03484610803002e-07,8.50488038979568e-06,8.50488038979568e-06,"gpath_trio"
"10760","NAV2-AS2","Exc L3-4 RORB CUX2",0.0825061767576073,-0.787360910030607,0.485226315937744,0.497336438475404,0.640602863196149,0.640602863196149,"gpath_trio"
"10761","HTATIP2","Exc L3-4 RORB CUX2",-0.0423769075881772,3.83039454540505,2.35585966718747,0.126028984139244,0.22875706297879,0.22875706297879,"gpath_trio"
"10762","PRMT3","Exc L3-4 RORB CUX2",0.0081265255362625,5.93110967317713,0.174630296834074,0.67637398049493,0.792119641056783,0.792119641056783,"gpath_trio"
"10763","NELL1","Exc L3-4 RORB CUX2",0.0516124936079701,8.3879259635671,1.42521581270828,0.233634875202263,0.365876240565525,0.365876240565525,"gpath_trio"
"10764","AC090857.2","Exc L3-4 RORB CUX2",-0.161386380151339,-1.08306095463635,1.12722485259817,0.289353218790119,0.431497991254318,0.431497991254318,"gpath_trio"
"10765","ANO5","Exc L3-4 RORB CUX2",0.0923982838580878,7.70663954188418,20.3340735507603,9.84768957201964e-06,7.80043726405561e-05,7.80043726405561e-05,"gpath_trio"
"10766","AC104009.1","Exc L3-4 RORB CUX2",-0.171889399728888,2.00893210386727,10.9036977705697,0.00109429170936084,0.00457656203075351,0.00457656203075351,"gpath_trio"
"10767","SLC17A6","Exc L3-4 RORB CUX2",-0.0411004540861284,4.16432388335137,0.838928616567709,0.360552077745384,0.508432107955065,0.508432107955065,"gpath_trio"
"10768","LINC01495","Exc L3-4 RORB CUX2",-0.0494801212024663,-0.243568636706442,0.224802561230484,0.635802640082186,0.758653788955411,0.758653788955411,"gpath_trio"
"10769","FANCF","Exc L3-4 RORB CUX2",-0.155579048018621,1.77144317142877,11.5696741920759,0.000775912659859045,0.00341195246570537,0.00341195246570537,"gpath_trio"
"10770","GAS2","Exc L3-4 RORB CUX2",0.00642948562460276,6.67251756135741,0.0530634734118929,0.817996982857358,0.895544233185761,0.895544233185761,"gpath_trio"
"10771","SVIP","Exc L3-4 RORB CUX2",-0.0823896150456269,4.97787141728895,9.34517731122308,0.00246880905679668,0.00915592329427814,0.00915592329427814,"gpath_trio"
"10772","AC006299.1","Exc L3-4 RORB CUX2",0.0660600400306091,4.27735666888221,3.86118487135453,0.0504800554123141,0.111097972940268,0.111097972940268,"gpath_trio"
"10773","CCDC179","Exc L3-4 RORB CUX2",-0.353510095682697,-1.04101521182648,6.50562104942717,0.0113272160257658,0.0327871712080093,0.0327871712080093,"gpath_trio"
"10774","AC090092.1","Exc L3-4 RORB CUX2",0.120670745856532,1.99805894317975,5.05246425018031,0.025429423821966,0.0635341951217539,0.0635341951217539,"gpath_trio"
"10775","AC100768.2","Exc L3-4 RORB CUX2",0.179996202707135,1.42750185655832,4.39551426336396,0.0370000040286462,0.0866002050187096,0.0866002050187096,"gpath_trio"
"10776","LUZP2","Exc L3-4 RORB CUX2",0.693341497152601,1.8213521181832,8.04037046457829,0.00493424555021221,0.016416293531585,0.016416293531585,"gpath_trio"
"10777","ANO3","Exc L3-4 RORB CUX2",0.0935843531192448,7.86427975079316,16.0252171565052,8.15920229263507e-05,0.000488897850471971,0.000488897850471971,"gpath_trio"
"10778","MUC15","Exc L3-4 RORB CUX2",0.15173956785592,-0.374173520904522,1.39017300561179,0.239453684458225,0.373032878815449,0.373032878815449,"gpath_trio"
"10779","SLC5A12","Exc L3-4 RORB CUX2",0.0723376862028932,0.463708325661465,0.625165735407124,0.429854710239962,0.577692431327687,0.577692431327687,"gpath_trio"
"10780","FIBIN","Exc L3-4 RORB CUX2",-0.196390333404106,-0.263863467864329,2.63910128818636,0.105474095164706,0.199152070186985,0.199152070186985,"gpath_trio"
"10781","BBOX1-AS1","Exc L3-4 RORB CUX2",0.22709060276734,4.46830654250514,22.2805873623265,3.85341241033633e-06,3.41875969122847e-05,3.41875969122847e-05,"gpath_trio"
"10782","CCDC34","Exc L3-4 RORB CUX2",-0.0446256502411198,5.09969740326806,2.85201283924675,0.0924584673058745,0.179498612191688,0.179498612191688,"gpath_trio"
"10783","LGR4","Exc L3-4 RORB CUX2",0.0754005556273125,5.76333852415546,11.966821989287,0.000632703087841438,0.00286849096566315,0.00286849096566315,"gpath_trio"
"10784","AC100771.2","Exc L3-4 RORB CUX2",-0.0805051021437423,1.24977875750722,2.40793712223499,0.132901266387246,0.238652004626186,0.238652004626186,"gpath_trio"
"10785","LIN7C","Exc L3-4 RORB CUX2",0.0339851208922882,4.80523630236911,1.77521982009212,0.183903954842984,0.305439237036219,0.305439237036219,"gpath_trio"
"10786","BDNF-AS","Exc L3-4 RORB CUX2",-0.0875056385778951,4.80067127173578,7.59390115933335,0.00627086347100815,0.0201104229101239,0.0201104229101239,"gpath_trio"
"10787","BDNF","Exc L3-4 RORB CUX2",-0.144501718530922,3.23278050456653,4.81478209898622,0.0291015915802321,0.070883087061594,0.070883087061594,"gpath_trio"
"10788","KIF18A","Exc L3-4 RORB CUX2",-0.136413032732685,-0.895373331507077,1.30935489293222,0.253563802884953,0.390239508978865,0.390239508978865,"gpath_trio"
"10789","METTL15","Exc L3-4 RORB CUX2",0.0437593264054369,6.42364220605756,6.86422099732204,0.00931095027981807,0.0278832891592683,0.0278832891592683,"gpath_trio"
"10790","AC090833.1","Exc L3-4 RORB CUX2",-0.166920983712716,0.395210169554796,4.02973246770697,0.0457398014352307,0.102704562488122,0.102704562488122,"gpath_trio"
"10791","AC090791.1","Exc L3-4 RORB CUX2",-0.0158555043051903,-1.175442720577,0.0112060135851186,0.993929312865801,0.99689405354549,0.99689405354549,"gpath_trio"
"10792","AC090124.1","Exc L3-4 RORB CUX2",0.251577308019772,1.61123883555718,4.92595649597579,0.0273193491176451,0.0672738095309377,0.0672738095309377,"gpath_trio"
"10793","LINC02546","Exc L3-4 RORB CUX2",-0.124134852758742,-1.37669076319193,0.6211131637704,0.431351843745404,0.578775353830698,0.578775353830698,"gpath_trio"
"10794","AC107973.1","Exc L3-4 RORB CUX2",-0.077591457997647,0.500150817404945,0.910184034307624,0.340951702524041,0.487467606015247,0.487467606015247,"gpath_trio"
"10795","LINC01616","Exc L3-4 RORB CUX2",-0.123905430991929,1.93072824988578,6.59435756643632,0.0107896555012941,0.0314522900937159,0.0314522900937159,"gpath_trio"
"10796","KCNA4","Exc L3-4 RORB CUX2",0.0459010694397869,3.30775860422515,2.07757688105103,0.15068057467564,0.262239448743026,0.262239448743026,"gpath_trio"
"10797","AC124657.1","Exc L3-4 RORB CUX2",0.235151352313132,1.49614413538352,1.77284153381972,0.184196964511396,0.30579994778389,0.30579994778389,"gpath_trio"
"10798","ARL14EP","Exc L3-4 RORB CUX2",0.0444229742055443,5.04494167897779,3.08171336787901,0.0803546659350821,0.161004606737539,0.161004606737539,"gpath_trio"
"10799","MPPED2","Exc L3-4 RORB CUX2",0.0138900350033929,7.12532639246,0.392709801830319,0.531428265780031,0.671230530402061,0.671230530402061,"gpath_trio"
"10800","AL136088.1","Exc L3-4 RORB CUX2",0.113705836596928,1.14377845498604,2.95737151801902,0.13291171866071,0.238652004626186,0.238652004626186,"gpath_trio"
"10801","DCDC1","Exc L3-4 RORB CUX2",0.147602439827759,5.08708669206283,10.13490191685,0.00163197468488757,0.00641689519929969,0.00641689519929969,"gpath_trio"
"10802","DNAJC24","Exc L3-4 RORB CUX2",0.0262181238430481,5.39888490596975,1.03843226618703,0.309133617018312,0.453484383286879,0.453484383286879,"gpath_trio"
"10803","IMMP1L","Exc L3-4 RORB CUX2",0.0132232663438337,5.52184641634496,0.432793741821489,0.511203294159295,0.652837476874526,0.652837476874526,"gpath_trio"
"10804","ELP4","Exc L3-4 RORB CUX2",0.163753965888407,6.85691782393958,104.277516624512,8.35352115006322e-21,3.43943447352093e-18,3.43943447352093e-18,"gpath_trio"
"10805","AC131571.1","Exc L3-4 RORB CUX2",-0.26720193066267,2.46833854134692,34.7668888344194,1.15043905389059e-08,1.97532833295682e-07,1.97532833295682e-07,"gpath_trio"
"10806","PAX6","Exc L3-4 RORB CUX2",-0.270882505462847,-1.30677943601223,0.842514714510123,0.359529203887419,0.507443393505189,0.507443393505189,"gpath_trio"
"10807","AL035078.4","Exc L3-4 RORB CUX2",-0.0381026834896503,0.29988651509418,0.0666474170889032,0.79648641242092,0.881121898748034,0.881121898748034,"gpath_trio"
"10808","RCN1","Exc L3-4 RORB CUX2",-0.0306231640805056,3.18506070333158,0.38477874118923,0.535600061518291,0.674767780762553,0.674767780762553,"gpath_trio"
"10809","AL078612.1","Exc L3-4 RORB CUX2",-0.0416987165436023,2.53033847565725,0.692524362768938,0.406070744923283,0.554482387737884,0.554482387737884,"gpath_trio"
"10810","EIF3M","Exc L3-4 RORB CUX2",0.00806263709779419,5.16338995471685,0.0957576623959587,0.757229100094813,0.854758411817426,0.854758411817426,"gpath_trio"
"10811","CCDC73","Exc L3-4 RORB CUX2",-0.168397167714068,2.27775331340523,18.5913517767044,2.3009007390517e-05,0.000162746028214073,0.000162746028214073,"gpath_trio"
"10812","PRRG4","Exc L3-4 RORB CUX2",0.053898460119748,-0.832463248714066,0.253376249254953,0.615133893309572,0.74193377757641,0.74193377757641,"gpath_trio"
"10813","QSER1","Exc L3-4 RORB CUX2",0.124363893085566,5.9802470421925,69.5822657635659,4.33488727958527e-15,3.69014138673556e-13,3.69014138673556e-13,"gpath_trio"
"10814","TCP11L1","Exc L3-4 RORB CUX2",-0.00415120039030348,5.25125198237285,0.06865512372987,0.79351253947948,0.879815095845158,0.879815095845158,"gpath_trio"
"10815","CSTF3","Exc L3-4 RORB CUX2",-0.00625847036933155,6.32922943452505,0.115087695250529,0.734698429901504,0.837147905978925,0.837147905978925,"gpath_trio"
"10816","CSTF3-DT","Exc L3-4 RORB CUX2",-0.154770177436725,-0.398957264312563,2.84100118485531,0.0930866320218834,0.180268352079989,0.180268352079989,"gpath_trio"
"10817","HIPK3","Exc L3-4 RORB CUX2",0.0509324246382888,5.68208208161848,10.5525997552169,0.00131291974332527,0.00534574284996718,0.00534574284996718,"gpath_trio"
"10818","KIAA1549L","Exc L3-4 RORB CUX2",0.0500813940119629,8.78070014045358,7.11074217679954,0.00814278531475924,0.024915758300745,0.024915758300745,"gpath_trio"
"10819","AL049629.1","Exc L3-4 RORB CUX2",-0.339136835991234,1.18209995537479,24.4818578470654,1.3488526091148e-06,1.36065506944455e-05,1.36065506944455e-05,"gpath_trio"
"10820","CD59","Exc L3-4 RORB CUX2",0.0362475138440681,1.50833987912666,0.459997083586807,0.498228489889336,0.64146520635082,0.64146520635082,"gpath_trio"
"10821","FBXO3","Exc L3-4 RORB CUX2",-0.0259655662688043,5.74121432677273,3.00672518732482,0.0935102676595725,0.180879161076882,0.180879161076882,"gpath_trio"
"10822","CAPRIN1","Exc L3-4 RORB CUX2",-0.0235090505347163,5.54860123428688,2.57724042710666,0.109624359448717,0.205354823758391,0.205354823758391,"gpath_trio"
"10823","NAT10","Exc L3-4 RORB CUX2",0.0172476729153151,5.3434080112598,0.97936785164466,0.323274976483653,0.468809132443767,0.468809132443767,"gpath_trio"
"10824","ABTB2","Exc L3-4 RORB CUX2",0.107733676906653,1.75153972726946,2.33938587488545,0.127354945480291,0.230686480971886,0.230686480971886,"gpath_trio"
"10825","CAT","Exc L3-4 RORB CUX2",0.00992171505181948,3.78589754433824,0.0548251953046384,0.815054498004201,0.893437897160269,0.893437897160269,"gpath_trio"
"10826","EHF","Exc L3-4 RORB CUX2",-0.215789863602539,-0.834334308975,2.97134103889204,0.0859402649685324,0.169762879039289,0.169762879039289,"gpath_trio"
"10827","APIP","Exc L3-4 RORB CUX2",-0.040676134444395,4.67175638260112,1.11361107227881,0.292277902136577,0.434924522466842,0.434924522466842,"gpath_trio"
"10828","PDHX","Exc L3-4 RORB CUX2",0.0215905188838289,6.37738301199665,1.90894336979773,0.295099017723728,0.438185227244883,0.438185227244883,"gpath_trio"
"10829","SLC1A2","Exc L3-4 RORB CUX2",0.210160583547944,3.97450763709403,1.24195848288489,0.266123012215311,0.404713063756808,0.404713063756808,"gpath_trio"
"10830","PAMR1","Exc L3-4 RORB CUX2",-0.142247539805376,4.4844440280863,4.81366086403574,0.0291201742287211,0.0709022528976579,0.0709022528976579,"gpath_trio"
"10831","AL135934.1","Exc L3-4 RORB CUX2",0.0388565294594194,-0.949931286202459,0.0852022507272087,0.770600242263196,0.863739831387186,0.863739831387186,"gpath_trio"
"10832","FJX1","Exc L3-4 RORB CUX2",-0.315402049513828,2.54711730702453,36.8546971985961,4.48614412067011e-09,8.61980548900185e-08,8.61980548900185e-08,"gpath_trio"
"10833","TRIM44","Exc L3-4 RORB CUX2",0.0188472272235332,7.21213238448495,1.52620453632433,0.217798063285485,0.34735778077349,0.34735778077349,"gpath_trio"
"10834","LDLRAD3","Exc L3-4 RORB CUX2",0.0699716215271808,5.24536463111558,2.92467380828832,0.0884277589903477,0.17356066131241,0.17356066131241,"gpath_trio"
"10835","COMMD9","Exc L3-4 RORB CUX2",-0.0979177244673782,3.91970381255783,19.2385208098874,1.67726053534517e-05,0.00012431569177292,0.00012431569177292,"gpath_trio"
"10836","TRAF6","Exc L3-4 RORB CUX2",0.0638787370363114,4.83789537432008,8.1138871380553,0.00474396145518522,0.0158695775755864,0.0158695775755864,"gpath_trio"
"10837","RAG1","Exc L3-4 RORB CUX2",0.234868042626136,1.25779860000968,11.5439475354497,0.000786255973148602,0.00345188267082746,0.00345188267082746,"gpath_trio"
"10838","RAG2","Exc L3-4 RORB CUX2",-0.187654090480671,-0.723263698553796,1.73853658708571,0.18848461138813,0.311031983866802,0.311031983866802,"gpath_trio"
"10839","C11orf74","Exc L3-4 RORB CUX2",0.0923305909407299,4.62136158320592,16.0363879428687,8.11400016641071e-05,0.000487057284609747,0.000487057284609747,"gpath_trio"
"10840","AC022796.1","Exc L3-4 RORB CUX2",0.157533304211352,0.207110780759098,0.510001574492695,0.47577878092356,0.620168524473544,0.620168524473544,"gpath_trio"
"10841","LRRC4C","Exc L3-4 RORB CUX2",0.184039083346872,10.3174145715486,46.6884232281776,5.8863657165302e-11,1.78258585112746e-09,1.78258585112746e-09,"gpath_trio"
"10842","AC090138.1","Exc L3-4 RORB CUX2",-0.194788021589663,1.05111804682587,5.70061660355069,0.0176736838003014,0.0473088192478547,0.0473088192478547,"gpath_trio"
"10843","AC021006.2","Exc L3-4 RORB CUX2",-0.30708020723983,-0.661724006808273,8.25353035003632,0.00440297231565811,0.0148719180425921,0.0148719180425921,"gpath_trio"
"10844","LINC01499","Exc L3-4 RORB CUX2",-0.182280140090545,0.188278066839164,4.56009369394736,0.0336599357282789,0.0800246527596073,0.0800246527596073,"gpath_trio"
"10845","AC079917.1","Exc L3-4 RORB CUX2",-0.0744470643219182,-0.0498116668183037,0.536446238268421,0.464568984110815,0.610121029451614,0.610121029451614,"gpath_trio"
"10846","AC090458.1","Exc L3-4 RORB CUX2",-0.10132473670816,-0.721555253085726,0.622679218559403,0.430772361596179,0.578309315624361,0.578309315624361,"gpath_trio"
"10847","API5","Exc L3-4 RORB CUX2",-0.00738998818164253,5.78805257447334,0.208222199339222,0.973112026767476,0.985690707924104,0.985690707924104,"gpath_trio"
"10848","AC087276.2","Exc L3-4 RORB CUX2",-0.208501630356261,1.4152375957092,12.7930499582092,0.00041478526049352,0.00199815965388175,0.00199815965388175,"gpath_trio"
"10849","TTC17","Exc L3-4 RORB CUX2",0.0855419164615838,7.71277742508059,37.7335084473343,3.02514904071921e-09,6.03086777633498e-08,6.03086777633498e-08,"gpath_trio"
"10850","AC068205.1","Exc L3-4 RORB CUX2",-0.280425673355392,3.69069438082042,14.0934760540965,0.000214622891503096,0.00113559319068318,0.00113559319068318,"gpath_trio"
"10851","HSD17B12","Exc L3-4 RORB CUX2",-0.155102512909299,6.55435968657544,10.0031563996279,0.00174822327793324,0.00680108072354475,0.00680108072354475,"gpath_trio"
"10852","AC087521.2","Exc L3-4 RORB CUX2",-0.34079388006866,0.750126349544168,16.7893336563865,5.58494950972475e-05,0.000354216775726805,0.000354216775726805,"gpath_trio"
"10853","ALKBH3","Exc L3-4 RORB CUX2",0.0157502718988259,4.6732991256269,0.514544034401619,0.473822289854097,0.618568959350744,0.618568959350744,"gpath_trio"
"10854","ALKBH3-AS1","Exc L3-4 RORB CUX2",-0.374678240293782,-0.891242544560223,8.25470561483225,0.00440021167811803,0.0148650821510434,0.0148650821510434,"gpath_trio"
"10855","C11orf96","Exc L3-4 RORB CUX2",-0.225315396835777,0.755665133371503,2.59095234220768,0.108689101677172,0.203945246918635,0.203945246918635,"gpath_trio"
"10856","ACCS","Exc L3-4 RORB CUX2",0.118544701336551,2.80578411464171,6.26491000426783,0.0129293281559727,0.0366721770767257,0.0366721770767257,"gpath_trio"
"10857","EXT2","Exc L3-4 RORB CUX2",0.0817092754369538,6.32540630740767,16.5063148553176,6.4253982036064e-05,0.000399360470603078,0.000399360470603078,"gpath_trio"
"10858","ALX4","Exc L3-4 RORB CUX2",-0.275720312648051,-0.580617089367082,6.61100249138176,0.0106917924386088,0.0312301885694125,0.0312301885694125,"gpath_trio"
"10859","TSPAN18","Exc L3-4 RORB CUX2",-0.236120680449451,0.113840215803697,2.78027712248983,0.0966356104420502,0.185719797451052,0.185719797451052,"gpath_trio"
"10860","TP53I11","Exc L3-4 RORB CUX2",-0.154820315666262,2.98470459422142,11.0484958984948,0.00101528448556251,0.00429420639333828,0.00429420639333828,"gpath_trio"
"10861","PRDM11","Exc L3-4 RORB CUX2",0.0777313915005141,4.68481042137325,12.4614652372261,0.000491205202176415,0.00230896201162842,0.00230896201162842,"gpath_trio"
"10862","AC103681.2","Exc L3-4 RORB CUX2",0.0482323656885971,1.55608857413529,0.526125871583211,0.468892509192013,0.614319525485347,0.614319525485347,"gpath_trio"
"10863","SYT13","Exc L3-4 RORB CUX2",-0.0854466822909245,6.27090431246014,16.4204035363187,6.70506000055732e-05,0.000413683747740807,0.000413683747740807,"gpath_trio"
"10864","AC103736.1","Exc L3-4 RORB CUX2",0.0273517064675685,1.71326125532605,0.297767791933511,0.585753054979974,0.717651538484301,0.717651538484301,"gpath_trio"
"10865","AC018716.2","Exc L3-4 RORB CUX2",0.187552610280584,0.268702539823759,5.17776838824498,0.0236918003882846,0.0598601017121239,0.0598601017121239,"gpath_trio"
"10866","AC103855.3","Exc L3-4 RORB CUX2",0.0252113217706519,5.18212049340461,0.19137345703579,0.662139098157794,0.780568908807614,0.780568908807614,"gpath_trio"
"10867","CHST1","Exc L3-4 RORB CUX2",-0.0271163940798466,6.09304823994326,0.993854841875619,0.31972891300594,0.46503784416296,0.46503784416296,"gpath_trio"
"10868","SLC35C1","Exc L3-4 RORB CUX2",-0.109824925360428,1.65752248642464,5.01937225765852,0.0259101937961779,0.0644559999800109,0.0644559999800109,"gpath_trio"
"10869","AC044839.5","Exc L3-4 RORB CUX2",0.0615306127001119,-0.791866332688764,0.299292619779625,0.80442326445886,0.886843680899317,0.886843680899317,"gpath_trio"
"10870","CRY2","Exc L3-4 RORB CUX2",0.0146230818365606,5.89824231728813,0.486677539889929,0.486036488657629,0.629584986110283,0.629584986110283,"gpath_trio"
"10871","MAPK8IP1","Exc L3-4 RORB CUX2",-0.0316453725383652,4.89627410657915,1.69268237759512,0.194399526112364,0.318457795548993,0.318457795548993,"gpath_trio"
"10872","PEX16","Exc L3-4 RORB CUX2",-0.0738950380682416,3.11923181936201,5.10913070917254,0.0246276869780427,0.0618297143830278,0.0618297143830278,"gpath_trio"
"10873","PHF21A","Exc L3-4 RORB CUX2",0.0777031443990578,7.40400890218528,19.2753545578222,1.64741005696452e-05,0.000122433734228081,0.000122433734228081,"gpath_trio"
"10874","AC024475.4","Exc L3-4 RORB CUX2",0.0262501465971805,0.431103585292948,0.132757932095432,0.715885628454226,0.822996187686549,0.822996187686549,"gpath_trio"
"10875","CREB3L1","Exc L3-4 RORB CUX2",-0.194179487766923,0.846525800919334,6.26019387445617,0.0129629605344959,0.0367365822142794,0.0367365822142794,"gpath_trio"
"10876","DGKZ","Exc L3-4 RORB CUX2",0.0186737400575219,7.33470370600904,0.996244652271174,0.700980586298982,0.811515655510527,0.811515655510527,"gpath_trio"
"10877","MDK","Exc L3-4 RORB CUX2",-0.13963764589627,0.942049264050776,5.90030591782459,0.0158164467168832,0.0432791011139454,0.0432791011139454,"gpath_trio"
"10878","AMBRA1","Exc L3-4 RORB CUX2",-0.006918864448886,7.10689213507157,0.161192286068197,0.68839095662523,0.801216542628016,0.801216542628016,"gpath_trio"
"10879","HARBI1","Exc L3-4 RORB CUX2",-0.0209507286986366,1.78886973557448,0.175656886133706,0.675478559542961,0.791388836601119,0.791388836601119,"gpath_trio"
"10880","ATG13","Exc L3-4 RORB CUX2",-0.0549955307451055,5.44732468386544,10.3105170951309,0.00148916639306591,0.00593870962247572,0.00593870962247572,"gpath_trio"
"10881","ARHGAP1","Exc L3-4 RORB CUX2",0.050951293363254,5.01233885993181,6.44792010748257,0.011691543491478,0.033663035527411,0.033663035527411,"gpath_trio"
"10882","ZNF408","Exc L3-4 RORB CUX2",-0.0918493951447999,1.43401640190398,3.39696835266647,0.0664545461786378,0.138490532802176,0.138490532802176,"gpath_trio"
"10883","F2","Exc L3-4 RORB CUX2",0.0119600003412579,-0.853908212050499,0.0104016995019059,0.961852924218796,0.980168842616133,0.980168842616133,"gpath_trio"
"10884","CKAP5","Exc L3-4 RORB CUX2",0.00219614278774965,6.49261615012867,0.0291320411741057,0.864607260363795,0.926472475034469,0.926472475034469,"gpath_trio"
"10885","LRP4-AS1","Exc L3-4 RORB CUX2",-0.00539060668873518,-0.31090046054372,0.00116037092036762,0.972852077935938,0.985690707924104,0.985690707924104,"gpath_trio"
"10886","LRP4","Exc L3-4 RORB CUX2",-0.405611798974747,5.21181579572021,17.1501849701167,4.67256322306783e-05,0.000303995366092852,0.000303995366092852,"gpath_trio"
"10887","C11orf49","Exc L3-4 RORB CUX2",0.0484316329521357,7.54430771985049,11.2817647280475,0.000900018823641252,0.00386914122458177,0.00386914122458177,"gpath_trio"
"10888","AC090589.2","Exc L3-4 RORB CUX2",-0.327448699538447,0.420763448023221,14.3435279206085,0.000189225465434426,0.0010139770956546,0.0010139770956546,"gpath_trio"
"10889","ARFGAP2","Exc L3-4 RORB CUX2",-0.0703096643756518,4.90516062193284,12.5304485212297,0.000474206819259708,0.00224106876986756,0.00224106876986756,"gpath_trio"
"10890","DDB2","Exc L3-4 RORB CUX2",0.0534134177779803,3.50778542013485,2.12344876286325,0.146266230717265,0.256327742605491,0.256327742605491,"gpath_trio"
"10891","ACP2","Exc L3-4 RORB CUX2",-0.176759484873757,3.06740685610784,24.968939723013,1.07093743067188e-06,1.10439363250693e-05,1.10439363250693e-05,"gpath_trio"
"10892","NR1H3","Exc L3-4 RORB CUX2",0.0296368660246238,4.27717232078814,1.11476935790757,0.292027594810016,0.434680295506276,0.434680295506276,"gpath_trio"
"10893","MADD","Exc L3-4 RORB CUX2",-0.0363956857918838,6.17055357791632,4.42289612025286,0.0364209622150096,0.0854727135114692,0.0854727135114692,"gpath_trio"
"10894","SPI1","Exc L3-4 RORB CUX2",-0.212707421522642,1.0484037619312,12.1884307729939,0.000564791970065768,0.00259974401005633,0.00259974401005633,"gpath_trio"
"10895","AC090559.1","Exc L3-4 RORB CUX2",0.0508599136291652,0.788098866450313,0.604734723506477,0.437484197728451,0.584637185110317,0.584637185110317,"gpath_trio"
"10896","SLC39A13","Exc L3-4 RORB CUX2",-0.0783931467680656,3.28743451260173,7.11249143622506,0.00813505892145419,0.0249013524109146,0.0249013524109146,"gpath_trio"
"10897","PSMC3","Exc L3-4 RORB CUX2",-0.24335142755298,3.53238244847067,75.7295073240534,3.7995752179341e-16,3.97183575242593e-14,3.97183575242593e-14,"gpath_trio"
"10898","CELF1","Exc L3-4 RORB CUX2",0.0246753900369182,7.88376854810739,2.32027302714017,0.128912918244435,0.232860428470004,0.232860428470004,"gpath_trio"
"10899","NDUFS3","Exc L3-4 RORB CUX2",-0.210493611303646,4.33838029436657,64.2884836256301,3.66752668600079e-14,2.44199177855003e-12,2.44199177855003e-12,"gpath_trio"
"10900","KBTBD4","Exc L3-4 RORB CUX2",-0.0869349364095953,2.88826262928034,6.67174577872913,0.0103423611750362,0.0304164922312471,0.0304164922312471,"gpath_trio"
"10901","C1QTNF4","Exc L3-4 RORB CUX2",-0.135676678510148,4.64513946591386,6.41201174630453,0.011924364764543,0.0342516307669419,0.0342516307669419,"gpath_trio"
"10902","MTCH2","Exc L3-4 RORB CUX2",-0.0196862924416238,5.46176032407423,1.09817406937928,0.29564031298072,0.438762933234222,0.438762933234222,"gpath_trio"
"10903","AGBL2","Exc L3-4 RORB CUX2",-0.0366424335767452,0.126047473157423,0.229315802304843,0.752603471469575,0.850808633582522,0.850808633582522,"gpath_trio"
"10904","FNBP4","Exc L3-4 RORB CUX2",-0.0111228421936492,6.72692147063967,0.44899433716792,0.503407586857462,0.645948487238395,0.645948487238395,"gpath_trio"
"10905","NUP160","Exc L3-4 RORB CUX2",0.0413900521429748,5.5021864844356,5.66307073455641,0.0180474636108038,0.0480967344980528,0.0480967344980528,"gpath_trio"
"10906","PTPRJ","Exc L3-4 RORB CUX2",0.0153051108892357,6.7758563399939,0.603647053917714,0.437896155081271,0.584917943336787,0.584917943336787,"gpath_trio"
"10907","LRRC55","Exc L3-4 RORB CUX2",0.416839064477158,-0.64579634118096,10.242037436464,0.00154327260008316,0.00612421807763135,0.00612421807763135,"gpath_trio"
"10908","TNKS1BP1","Exc L3-4 RORB CUX2",-0.0178141261056197,3.72787964479287,0.454654464778325,0.500731917186112,0.643415478582881,0.643415478582881,"gpath_trio"
"10909","SSRP1","Exc L3-4 RORB CUX2",-0.00449318408768593,4.39263332130323,0.0499282493661228,0.823363628593592,0.898794222073889,0.898794222073889,"gpath_trio"
"10910","RTN4RL2","Exc L3-4 RORB CUX2",0.0126338140900073,4.75240352372787,0.167903087636085,0.68231955298757,0.796348015014902,0.796348015014902,"gpath_trio"
"10911","SLC43A1","Exc L3-4 RORB CUX2",0.0983010271246136,3.04640529502202,5.7141900537966,0.0175405435641471,0.0470391075059582,0.0470391075059582,"gpath_trio"
"10912","TIMM10","Exc L3-4 RORB CUX2",-0.314280360067176,2.37761802794109,42.2452532789618,4.08738356467096e-10,9.81701945443293e-09,9.81701945443293e-09,"gpath_trio"
"10913","SMTNL1","Exc L3-4 RORB CUX2",-0.312986248008838,-0.985444054723519,5.7137395312618,0.0175449459222967,0.0470391075059582,0.0470391075059582,"gpath_trio"
"10914","UBE2L6","Exc L3-4 RORB CUX2",-0.103495385180274,2.8060841919412,7.41437881248174,0.00690844584334839,0.0217438213556246,0.0217438213556246,"gpath_trio"
"10915","SERPING1","Exc L3-4 RORB CUX2",-0.0165756438409057,3.22846075925159,0.210383149752272,0.646850429310477,0.767614105719597,0.767614105719597,"gpath_trio"
"10916","YPEL4","Exc L3-4 RORB CUX2",-0.0679958687961053,4.73416090860728,6.46002729147455,0.0116141067160786,0.0334830813085003,0.0334830813085003,"gpath_trio"
"10917","CLP1","Exc L3-4 RORB CUX2",0.00943630551386812,2.33080136954144,0.0620940247801847,0.803413080607186,0.886311182264326,0.886311182264326,"gpath_trio"
"10918","ZDHHC5","Exc L3-4 RORB CUX2",-0.00613528236708205,4.57317141458209,0.102719847845133,0.748847233732439,0.847858630706098,0.847858630706098,"gpath_trio"
"10919","MED19","Exc L3-4 RORB CUX2",-0.164492159132692,4.16065223741712,29.8162248623658,1.10924280868485e-07,1.47424068940823e-06,1.47424068940823e-06,"gpath_trio"
"10920","BTBD18","Exc L3-4 RORB CUX2",-0.37837109101572,0.0977258683616895,17.836289134622,3.3323482699347e-05,0.000225831798273203,0.000225831798273203,"gpath_trio"
"10921","CTNND1","Exc L3-4 RORB CUX2",-0.0410178448970252,6.25065915957137,3.57445706288267,0.0597864996141893,0.127181846237481,0.127181846237481,"gpath_trio"
"10922","OR9Q1","Exc L3-4 RORB CUX2",-0.0162558672034475,1.95156010868226,0.0596811348147757,0.807193299885482,0.888538019706984,0.888538019706984,"gpath_trio"
"10923","AP003557.1","Exc L3-4 RORB CUX2",0.107184140582427,-0.661511636900925,0.953422978627782,0.547298662479495,0.685439848254008,0.685439848254008,"gpath_trio"
"10924","LPXN","Exc L3-4 RORB CUX2",-0.0379207662502203,3.90418481458081,1.66072483215813,0.198650949567832,0.323861245053011,0.323861245053011,"gpath_trio"
"10925","ZFP91-CNTF","Exc L3-4 RORB CUX2",0.0798052394868217,0.382521996948061,1.36882734510546,0.243084779846538,0.377382086844237,0.377382086844237,"gpath_trio"
"10926","GLYAT","Exc L3-4 RORB CUX2",0.163271954683919,1.85214555417611,5.25906193933325,0.0226311675032148,0.0578246966030088,0.0578246966030088,"gpath_trio"
"10927","GLYATL2","Exc L3-4 RORB CUX2",0.144302055857133,4.40229445495165,14.6832712790299,0.000159523352405827,0.000873374120702185,0.000873374120702185,"gpath_trio"
"10928","GLYATL1","Exc L3-4 RORB CUX2",0.118844295294705,0.92386988748121,3.65669470567588,0.0569431780787438,0.122150836548501,0.122150836548501,"gpath_trio"
"10929","AP001636.3","Exc L3-4 RORB CUX2",0.270621590230121,0.677114999742235,8.7182456821963,0.00343848708660538,0.0121014946921961,0.0121014946921961,"gpath_trio"
"10930","FAM111A-DT","Exc L3-4 RORB CUX2",0.044877046456316,0.0274707193044426,0.274014379864858,0.60109736772986,0.730198662930511,0.730198662930511,"gpath_trio"
"10931","DTX4","Exc L3-4 RORB CUX2",-0.00881971760345497,4.32199871644597,0.112722117600509,0.737336831957582,0.839222332630292,0.839222332630292,"gpath_trio"
"10932","AP000442.1","Exc L3-4 RORB CUX2",0.153728623122896,-1.09563545686909,0.846434072988676,0.358415851887082,0.506138374495961,0.506138374495961,"gpath_trio"
"10933","OSBP","Exc L3-4 RORB CUX2",-0.0618540571127733,5.38804655342707,17.4096686106765,4.11112262179921e-05,0.000271673432344576,0.000271673432344576,"gpath_trio"
"10934","AP000442.2","Exc L3-4 RORB CUX2",-0.0558716241179656,0.375730280072414,0.67534726801811,0.411946424572153,0.560132358959137,0.560132358959137,"gpath_trio"
"10935","PATL1","Exc L3-4 RORB CUX2",0.0182458958281835,3.67282848030504,0.534652892648805,0.465315667605912,0.610770379806925,0.610770379806925,"gpath_trio"
"10936","STX3","Exc L3-4 RORB CUX2",0.0077897375633749,5.55812348841595,0.187178193280582,0.665634265601053,0.783133386313345,0.783133386313345,"gpath_trio"
"10937","MRPL16","Exc L3-4 RORB CUX2",-0.101128789052739,3.47433036487031,10.5528608529802,0.00131274160452159,0.00534574284996718,0.00534574284996718,"gpath_trio"
"10938","GIF","Exc L3-4 RORB CUX2",-0.258321393919382,-0.152359466192218,8.0485376884124,0.00491272518391083,0.0163554835949507,0.0163554835949507,"gpath_trio"
"10939","AP002347.1","Exc L3-4 RORB CUX2",0.0128718978760913,1.36686342929707,0.0453986166809499,0.831439709407766,0.903787507397719,0.903787507397719,"gpath_trio"
"10940","AP000790.3","Exc L3-4 RORB CUX2",0.106730008160632,0.87957810626771,2.04381593371936,0.154026290463208,0.266553474875212,0.266553474875212,"gpath_trio"
"10941","AP000790.2","Exc L3-4 RORB CUX2",0.284162526490379,-0.925516968973089,3.46852811222763,0.0636748303218458,0.133844519873228,0.133844519873228,"gpath_trio"
"10942","MS4A4E","Exc L3-4 RORB CUX2",-0.117955564476261,-0.35574666481176,1.33673378623862,0.248672028503089,0.384382330298025,0.384382330298025,"gpath_trio"
"10943","MS4A5","Exc L3-4 RORB CUX2",0.0616220829907188,1.29220573002898,0.760215696266184,0.384065432910486,0.532032416161017,0.532032416161017,"gpath_trio"
"10944","MS4A13","Exc L3-4 RORB CUX2",-0.471365227544426,2.07579168914399,46.8373054640472,5.51933488280605e-11,1.68206316103644e-09,1.68206316103644e-09,"gpath_trio"
"10945","MS4A8","Exc L3-4 RORB CUX2",-0.0237481837778559,0.500124855629115,0.0599616251003573,0.806750493874366,0.888244445203849,0.888244445203849,"gpath_trio"
"10946","AP000777.3","Exc L3-4 RORB CUX2",0.00380237910766041,-1.11221422822244,8.25866546376061e-05,0.992756117141286,0.996573188501436,0.996573188501436,"gpath_trio"
"10947","CCDC86","Exc L3-4 RORB CUX2",-0.0600750142901596,1.2388202155698,1.36672279350853,0.25339467971439,0.390025829653499,0.390025829653499,"gpath_trio"
"10948","PRPF19","Exc L3-4 RORB CUX2",-0.0909308742764806,5.44207422296351,21.0776400986589,6.87338689783861e-06,5.67391901243429e-05,5.67391901243429e-05,"gpath_trio"
"10949","TMEM109","Exc L3-4 RORB CUX2",-0.130957380315601,3.12253249615961,15.8997823436291,8.68463742826414e-05,0.000515704867828005,0.000515704867828005,"gpath_trio"
"10950","AP003721.1","Exc L3-4 RORB CUX2",0.0699418956188789,1.00321762141514,1.32723243203813,0.250356340935144,0.386393755994991,0.386393755994991,"gpath_trio"
"10951","TMEM132A","Exc L3-4 RORB CUX2",0.00769185386722622,5.44399105454132,0.0658481220344943,0.797683640901468,0.881822874256828,0.881822874256828,"gpath_trio"
"10952","CD6","Exc L3-4 RORB CUX2",-0.134548636493778,1.00667408373657,2.8704329377032,0.0914180148399302,0.177992515865238,0.177992515865238,"gpath_trio"
"10953","CD5","Exc L3-4 RORB CUX2",-0.274558027005908,-0.536668835349663,6.07516719127588,0.0143565337984877,0.0399728825982369,0.0399728825982369,"gpath_trio"
"10954","VPS37C","Exc L3-4 RORB CUX2",0.00612953356470939,4.4651091018402,0.0647500517390489,0.799341092375493,0.882881120041365,0.882881120041365,"gpath_trio"
"10955","VWCE","Exc L3-4 RORB CUX2",-0.0640775499510091,3.62121297217492,3.84168611560634,0.0510612253395915,0.112144591903577,0.112144591903577,"gpath_trio"
"10956","DDB1","Exc L3-4 RORB CUX2",-0.0773710054193152,5.64029285907835,23.4727870155776,2.1792831386367e-06,2.06418015596222e-05,2.06418015596222e-05,"gpath_trio"
"10957","TKFC","Exc L3-4 RORB CUX2",-0.0281602153797362,1.57825822949858,0.316268468617268,0.574343360808388,0.708448111048498,0.708448111048498,"gpath_trio"
"10958","CYB561A3","Exc L3-4 RORB CUX2",-0.157343925334411,2.4254399156613,15.4983519709226,0.000106083239287595,0.000614478711635722,0.000614478711635722,"gpath_trio"
"10959","TMEM138","Exc L3-4 RORB CUX2",-0.0808913370633901,3.16699995078805,7.38246461922914,0.00702859082818947,0.0220574980608933,0.0220574980608933,"gpath_trio"
"10960","TMEM216","Exc L3-4 RORB CUX2",-0.0688710487177497,2.16446291433638,2.86358045255077,0.0918035732167039,0.178553657538513,0.178553657538513,"gpath_trio"
"10961","CPSF7","Exc L3-4 RORB CUX2",0.00866405748556607,5.32039181144394,0.289490936669633,0.734898739535177,0.837184651029562,0.837184651029562,"gpath_trio"
"10962","AP003108.2","Exc L3-4 RORB CUX2",0.120812625512214,5.47012932999734,26.7985096425934,4.52357089197182e-07,5.11277550395134e-06,5.11277550395134e-06,"gpath_trio"
"10963","PPP1R32","Exc L3-4 RORB CUX2",-0.0391024609955405,1.55973048053167,0.544915113383479,0.461068596380736,0.606867101512353,0.606867101512353,"gpath_trio"
"10964","AP003108.1","Exc L3-4 RORB CUX2",0.0392321685339844,0.970944105906365,0.17765894935813,0.67374111701513,0.789769742361295,0.789769742361295,"gpath_trio"
"10965","LRRC10B","Exc L3-4 RORB CUX2",-0.107946719029862,2.10158998233098,2.94306736169387,0.0874380902515205,0.172003068528123,0.172003068528123,"gpath_trio"
"10966","SYT7","Exc L3-4 RORB CUX2",0.101100269891913,7.42013518996019,22.9849087582053,2.75060110981884e-06,2.53278764904587e-05,2.53278764904587e-05,"gpath_trio"
"10967","AP002754.1","Exc L3-4 RORB CUX2",-0.0276587126697939,-0.0390602798227912,0.0909402464940355,0.763226260153925,0.85878916891274,0.85878916891274,"gpath_trio"
"10968","DAGLA","Exc L3-4 RORB CUX2",-0.00448284981760028,4.86452316606669,0.0346187407196002,0.973499536581143,0.985813037721456,0.985813037721456,"gpath_trio"
"10969","TMEM258","Exc L3-4 RORB CUX2",-0.202167572500004,3.49136466345813,51.4791038922858,7.54540671635357e-12,2.86682825804959e-10,2.86682825804959e-10,"gpath_trio"
"10970","FADS2","Exc L3-4 RORB CUX2",0.0313855736536955,4.02111924557573,0.786650846586137,0.375934404201992,0.524188029910511,0.524188029910511,"gpath_trio"
"10971","FADS1","Exc L3-4 RORB CUX2",0.0568594638150681,4.27774522447949,3.42996381647973,0.0651569955398675,0.136292626751356,0.136292626751356,"gpath_trio"
"10972","FADS3","Exc L3-4 RORB CUX2",-0.0413204846107812,5.67590429874197,3.1162324079694,0.0786896237407527,0.158392014264161,0.158392014264161,"gpath_trio"
"10973","FTH1","Exc L3-4 RORB CUX2",-0.22643832561525,8.1457483810671,47.3589719843457,4.40592074051546e-11,1.38241758848988e-09,1.38241758848988e-09,"gpath_trio"
"10974","AP003733.3","Exc L3-4 RORB CUX2",0.114073687402357,-1.26965043079822,0.629478874175753,0.42826995927534,0.576138322889911,0.576138322889911,"gpath_trio"
"10975","INCENP","Exc L3-4 RORB CUX2",-0.0353212449373742,3.44640112734003,1.38140285232258,0.532114571073544,0.67167687364129,0.67167687364129,"gpath_trio"
"10976","ASRGL1","Exc L3-4 RORB CUX2",-0.0310501352744337,4.04514329418908,1.29655388148753,0.255891698550059,0.393012714543807,0.393012714543807,"gpath_trio"
"10977","SCGB1A1","Exc L3-4 RORB CUX2",-0.0674738608100563,-0.193738725693963,0.546732259257511,0.460323004683317,0.606162562462367,0.606162562462367,"gpath_trio"
"10978","AHNAK","Exc L3-4 RORB CUX2",-0.214598757216129,0.969254056173408,10.3337762288705,0.00147123258635264,0.00588814073193108,0.00588814073193108,"gpath_trio"
"10979","MTA2","Exc L3-4 RORB CUX2",0.0384238555884639,1.59927450605344,0.537206876214115,0.464252861608314,0.609864662257308,0.609864662257308,"gpath_trio"
"10980","EML3","Exc L3-4 RORB CUX2",0.102820803567814,-0.196609221913942,1.0259046672378,0.475495627360421,0.619911100613667,0.619911100613667,"gpath_trio"
"10981","B3GAT3","Exc L3-4 RORB CUX2",-0.0879453062557213,4.66184006441306,11.3410775190015,0.000872895862956526,0.0037677950438913,0.0037677950438913,"gpath_trio"
"10982","GANAB","Exc L3-4 RORB CUX2",-0.0129530661256921,4.73994784634398,0.359846993904507,0.949796687495512,0.975421133633085,0.975421133633085,"gpath_trio"
"10983","INTS5","Exc L3-4 RORB CUX2",-0.0779679955166223,1.97583178435354,2.86338165877642,0.0918147849234835,0.178558250031934,0.178558250031934,"gpath_trio"
"10984","AP001458.2","Exc L3-4 RORB CUX2",-0.068317729379014,0.575749793349013,1.13648174602426,0.287385894179061,0.42919612221945,0.42919612221945,"gpath_trio"
"10985","LBHD1","Exc L3-4 RORB CUX2",0.0657071523888473,-0.528966260473618,0.382593204298024,0.536760141953596,0.675807280573752,0.675807280573752,"gpath_trio"
"10986","CSKMT","Exc L3-4 RORB CUX2",-0.0965133836536856,2.093141701175,4.1662543859309,0.0422465968341186,0.0963079199015077,0.0963079199015077,"gpath_trio"
"10987","UQCC3","Exc L3-4 RORB CUX2",-0.22187958280725,2.06828871704864,27.3035243053108,3.57055077132924e-07,4.16151714682654e-06,4.16151714682654e-06,"gpath_trio"
"10988","UBXN1","Exc L3-4 RORB CUX2",-0.21340125137614,3.55872721125588,62.5516671984834,7.45029116135111e-14,4.52739831868249e-12,4.52739831868249e-12,"gpath_trio"
"10989","GNG3","Exc L3-4 RORB CUX2",-0.19624768920457,5.54355024689781,22.2998372708282,3.81800626012373e-06,3.38883749661224e-05,3.38883749661224e-05,"gpath_trio"
"10990","TTC9C","Exc L3-4 RORB CUX2",-0.0240113394722005,4.82121416128188,1.02879277853774,0.311385300233612,0.455892484195436,0.455892484195436,"gpath_trio"
"10991","ZBTB3","Exc L3-4 RORB CUX2",0.0730272934446425,1.25595599778618,2.22820345272788,0.1591248832779,0.273375614091941,0.273375614091941,"gpath_trio"
"10992","POLR2G","Exc L3-4 RORB CUX2",-0.138201887501919,1.94917412080592,9.58768514186693,0.00217327903403588,0.00819549617040632,0.00819549617040632,"gpath_trio"
"10993","AP001160.2","Exc L3-4 RORB CUX2",-0.160760612051485,1.59382706672924,9.03258409276317,0.00291133210198488,0.0105148809805845,0.0105148809805845,"gpath_trio"
"10994","TAF6L","Exc L3-4 RORB CUX2",0.00393637146743343,3.21466966516704,0.0205507767976118,0.886120525296386,0.940243063272048,0.940243063272048,"gpath_trio"
"10995","TMEM223","Exc L3-4 RORB CUX2",-0.00143087918933551,4.11456627185154,0.0028547253889383,0.957430625904309,0.978727344832764,0.978727344832764,"gpath_trio"
"10996","TMEM179B","Exc L3-4 RORB CUX2",-0.0828254644559027,3.43273601428634,6.89611209785035,0.00915058403091105,0.0274640036928936,0.0274640036928936,"gpath_trio"
"10997","NXF1","Exc L3-4 RORB CUX2",0.00979625448031226,4.23842556189479,0.0734069179165922,0.786654366483304,0.87509940892274,0.87509940892274,"gpath_trio"
"10998","STX5","Exc L3-4 RORB CUX2",-0.00551319433366635,4.81469386468106,0.0689741645011736,0.976570978726551,0.987683953068386,0.987683953068386,"gpath_trio"
"10999","AP001160.1","Exc L3-4 RORB CUX2",-0.111050268038674,0.36991538085714,1.98706995647646,0.159842565498527,0.274202319240017,0.274202319240017,"gpath_trio"
"11000","WDR74","Exc L3-4 RORB CUX2",-0.0500367043919814,2.81187466499527,1.8189921030822,0.178606816519324,0.298689698547526,0.298689698547526,"gpath_trio"
"11001","SLC3A2","Exc L3-4 RORB CUX2",0.0278292647901757,4.58706698227451,1.1461015438568,0.962543990806225,0.980575894491799,0.980575894491799,"gpath_trio"
"11002","CHRM1","Exc L3-4 RORB CUX2",-0.108573238302292,4.51833435155892,14.7529013710311,0.000154045371955364,0.000846368567320118,0.000846368567320118,"gpath_trio"
"11003","AP000438.1","Exc L3-4 RORB CUX2",-0.344311176428226,0.831561139948311,21.8899831341757,4.64811849738616e-06,4.02644013245023e-05,4.02644013245023e-05,"gpath_trio"
"11004","SLC22A6","Exc L3-4 RORB CUX2",-0.387254289650875,2.24591946560284,36.2587673538156,5.86488453159048e-09,1.08853767640145e-07,1.08853767640145e-07,"gpath_trio"
"11005","SLC22A8","Exc L3-4 RORB CUX2",-0.393257773238398,1.35097799347769,23.6483735976903,2.00439740430257e-06,1.91471200908165e-05,1.91471200908165e-05,"gpath_trio"
"11006","SLC22A24","Exc L3-4 RORB CUX2",-0.213757722092127,2.0135691649429,11.9097183431817,0.000651511172921892,0.00294449774052401,0.00294449774052401,"gpath_trio"
"11007","SLC22A10","Exc L3-4 RORB CUX2",0.0629451351012564,6.42664873765058,1.08007373072174,0.299646530376333,0.443013978480325,0.443013978480325,"gpath_trio"
"11008","SLC22A25","Exc L3-4 RORB CUX2",-0.104030976869875,1.34523203261107,2.18862413001899,0.140244003387563,0.248303884891977,0.248303884891977,"gpath_trio"
"11009","SLC22A9","Exc L3-4 RORB CUX2",0.028121589987687,3.19767009071566,0.191005558600559,0.662443766847043,0.780745589212471,0.780745589212471,"gpath_trio"
"11010","HRASLS5","Exc L3-4 RORB CUX2",-0.0598435528767231,2.32380098552886,1.50790869566988,0.220568950239876,0.350585249435869,0.350585249435869,"gpath_trio"
"11011","PLA2G16","Exc L3-4 RORB CUX2",-0.0189439029409782,4.10724287556005,0.193074037193415,0.660735310648147,0.779506162933534,0.779506162933534,"gpath_trio"
"11012","ATL3","Exc L3-4 RORB CUX2",0.0118845782318669,4.26492917076298,0.29069719524461,0.590235465219741,0.721340200927846,0.721340200927846,"gpath_trio"
"11013","AP000753.2","Exc L3-4 RORB CUX2",-0.108916095960994,0.0116899216751307,1.84011733359825,0.176113869068938,0.295451297893382,0.295451297893382,"gpath_trio"
"11014","RTN3","Exc L3-4 RORB CUX2",0.00405765146494373,9.17668816134209,0.0815166899309965,0.775479780036696,0.867400596675742,0.867400596675742,"gpath_trio"
"11015","C11orf95","Exc L3-4 RORB CUX2",-0.112280821388087,2.7168652834444,6.90995372720454,0.00908186935156208,0.0273146562563752,0.0273146562563752,"gpath_trio"
"11016","SPINDOC","Exc L3-4 RORB CUX2",0.0903988426696642,3.49546636778706,8.38505904384562,0.00410476795132377,0.0140484168810258,0.0140484168810258,"gpath_trio"
"11017","MARK2","Exc L3-4 RORB CUX2",0.047090757375018,6.28797907470294,7.60920252947038,0.00621939650213247,0.0199834885221409,0.0199834885221409,"gpath_trio"
"11018","RCOR2","Exc L3-4 RORB CUX2",-0.00990900472302463,2.95333686329889,0.0456349958292322,0.83100809578626,0.903507881341027,0.903507881341027,"gpath_trio"
"11019","NAA40","Exc L3-4 RORB CUX2",0.0271468637513126,3.97450908937337,0.924974715628093,0.780999753810722,0.871449036730896,0.871449036730896,"gpath_trio"
"11020","AP000721.1","Exc L3-4 RORB CUX2",-0.0617587198962789,0.644427740885117,0.795674646603918,0.373214495029306,0.521585095401513,0.521585095401513,"gpath_trio"
"11021","OTUB1","Exc L3-4 RORB CUX2",-0.126524398649005,5.24257065670988,23.1008435746501,2.60241864661386e-06,2.41507802186912e-05,2.41507802186912e-05,"gpath_trio"
"11022","MACROD1","Exc L3-4 RORB CUX2",0.151714013491247,4.27439586839457,31.0385690725733,6.31086435103663e-08,8.88370773696214e-07,8.88370773696214e-07,"gpath_trio"
"11023","AP000721.2","Exc L3-4 RORB CUX2",0.0141965410310205,2.2840171330203,0.0704382837309868,0.790910008266155,0.878113631274709,0.878113631274709,"gpath_trio"
"11024","FLRT1","Exc L3-4 RORB CUX2",-0.128588876190438,1.10676435129723,3.30616139036878,0.0701711241031643,0.14464639573585,0.14464639573585,"gpath_trio"
"11025","STIP1","Exc L3-4 RORB CUX2",0.0178908967223648,4.65489001589831,0.426565683832805,0.514256044219964,0.655532677837731,0.655532677837731,"gpath_trio"
"11026","FERMT3","Exc L3-4 RORB CUX2",0.0965639021573391,1.00092177534097,2.25758115633041,0.134175134425635,0.24042839835129,0.24042839835129,"gpath_trio"
"11027","TRPT1","Exc L3-4 RORB CUX2",-0.248196354703853,1.05638685778284,13.8395397362828,0.000243964526973921,0.00126986179868392,0.00126986179868392,"gpath_trio"
"11028","NUDT22","Exc L3-4 RORB CUX2",-0.1455974975643,2.90542594903553,17.0778722791765,4.84244173328415e-05,0.000313329897270711,0.000313329897270711,"gpath_trio"
"11029","AP001453.1","Exc L3-4 RORB CUX2",0.0313450961550548,1.02705212158265,0.232228886848534,0.630281424840003,0.753893860564835,0.753893860564835,"gpath_trio"
"11030","DNAJC4","Exc L3-4 RORB CUX2",-0.102171088549086,3.22028052848663,8.59824698403149,0.00366465533961753,0.0127539108981859,0.0127539108981859,"gpath_trio"
"11031","VEGFB","Exc L3-4 RORB CUX2",0.0494993961385827,3.11781408526085,0.84114011690953,0.359920810003049,0.507825885852963,0.507825885852963,"gpath_trio"
"11032","FKBP2","Exc L3-4 RORB CUX2",-0.244728604209424,4.02179131342828,47.6878933854625,3.82328011530944e-11,1.22630645987866e-09,1.22630645987866e-09,"gpath_trio"
"11033","PPP1R14B","Exc L3-4 RORB CUX2",-0.0648180800278307,1.79918337313614,1.35124695089706,0.246126084657051,0.381118563048277,0.381118563048277,"gpath_trio"
"11034","PLCB3","Exc L3-4 RORB CUX2",0.111529961920301,0.291702568917505,1.99472848261458,0.283585586827129,0.424936067605267,0.424936067605267,"gpath_trio"
"11035","BAD","Exc L3-4 RORB CUX2",-0.0607788300319034,4.34063153801665,3.5536635350042,0.0605292207157295,0.128544950309457,0.128544950309457,"gpath_trio"
"11036","GPR137","Exc L3-4 RORB CUX2",-0.0754725569536787,4.13240266214229,7.93335669420871,0.00522532899724914,0.0172651510840978,0.0172651510840978,"gpath_trio"
"11037","KCNK4","Exc L3-4 RORB CUX2",-0.0371021406580035,3.82422231954179,1.75748713431493,0.186101817712924,0.308065110016351,0.308065110016351,"gpath_trio"
"11038","CATSPERZ","Exc L3-4 RORB CUX2",-0.0883690911392353,1.56914914449917,2.2191506813813,0.137520034855022,0.244769890004416,0.244769890004416,"gpath_trio"
"11039","ESRRA","Exc L3-4 RORB CUX2",-0.108997563865294,4.54525513894892,12.1176328279571,0.000585641534715995,0.00268407950088487,0.00268407950088487,"gpath_trio"
"11040","TRMT112","Exc L3-4 RORB CUX2",-0.220367617448497,4.31069245971503,40.2295551082459,9.95261310426486e-10,2.18968341743232e-08,2.18968341743232e-08,"gpath_trio"
"11041","PRDX5","Exc L3-4 RORB CUX2",-0.246757425156356,4.46026493106935,59.4336189880827,2.68696271103533e-13,1.44174129508345e-11,1.44174129508345e-11,"gpath_trio"
"11042","CCDC88B","Exc L3-4 RORB CUX2",-0.0203565913811818,2.19842501982714,0.113744946841915,0.736192289924809,0.838234632272308,0.838234632272308,"gpath_trio"
"11043","RPS6KA4","Exc L3-4 RORB CUX2",-0.0323174194185053,3.60953155734174,0.870156486699063,0.351777401244634,0.499270806189775,0.499270806189775,"gpath_trio"
"11044","NRXN2","Exc L3-4 RORB CUX2",-0.0129705087747492,6.75137732883924,0.347857207086365,0.555840804850363,0.69252690902588,0.69252690902588,"gpath_trio"
"11045","AP001092.1","Exc L3-4 RORB CUX2",-0.178110808018691,-0.491402252239085,2.93730583702107,0.0987398952242489,0.189037520036935,0.189037520036935,"gpath_trio"
"11046","RASGRP2","Exc L3-4 RORB CUX2",0.0157151147307895,3.55275164656734,0.159290463964367,0.690138219054168,0.802648214066861,0.802648214066861,"gpath_trio"
"11047","SF1","Exc L3-4 RORB CUX2",-0.0916384653729098,6.21816487534976,16.0448169157671,8.08006072320549e-05,0.000485597929969231,0.000485597929969231,"gpath_trio"
"11048","AP001462.1","Exc L3-4 RORB CUX2",0.0944670415748136,2.75001421311714,3.12640805947334,0.0782059581836467,0.157670151529437,0.157670151529437,"gpath_trio"
"11049","MAP4K2","Exc L3-4 RORB CUX2",-0.0249734726066175,4.36632373927802,0.978948765649344,0.323378331317365,0.468824219195735,0.468824219195735,"gpath_trio"
"11050","MEN1","Exc L3-4 RORB CUX2",-0.0510869413485869,3.624801542722,4.76567673415448,0.0299272043401927,0.0725960499655389,0.0725960499655389,"gpath_trio"
"11051","EHD1","Exc L3-4 RORB CUX2",-0.00983088509041551,2.25918101896236,0.0564499533787079,0.812384675436866,0.891676571642046,0.891676571642046,"gpath_trio"
"11052","ATG2A","Exc L3-4 RORB CUX2",-0.0978243064867898,3.3957158712179,10.3689683740424,0.00144451561113109,0.00579385734683295,0.00579385734683295,"gpath_trio"
"11053","PPP2R5B","Exc L3-4 RORB CUX2",-0.068468108480414,4.6708506057066,6.86259575519227,0.00931920009083126,0.0278995194884287,0.0278995194884287,"gpath_trio"
"11054","MAJIN","Exc L3-4 RORB CUX2",-0.187506770717669,0.126951539275094,5.59761538844213,0.0187188641464286,0.0495672770907201,0.0495672770907201,"gpath_trio"
"11055","ARL2-SNX15","Exc L3-4 RORB CUX2",0.0930124683286009,-0.509309261469548,0.989677251741441,0.320746186897836,0.466079971237672,0.466079971237672,"gpath_trio"
"11056","SAC3D1","Exc L3-4 RORB CUX2",-0.0871554940028639,2.68044150589583,5.23637581144935,0.0229220726395216,0.0584200120644706,0.0584200120644706,"gpath_trio"
"11057","NAALADL1","Exc L3-4 RORB CUX2",-0.261685355262718,-0.68787551174203,5.96176995079636,0.0152864961933582,0.0421203306065284,0.0421203306065284,"gpath_trio"
"11058","CDCA5","Exc L3-4 RORB CUX2",-0.110064890391353,1.12987823996583,4.01697510285418,0.0460815105655576,0.103356806632588,0.103356806632588,"gpath_trio"
"11059","ZFPL1","Exc L3-4 RORB CUX2",-0.145871309636084,3.11588751426458,22.1607121940216,4.08149180695106e-06,3.59110759726287e-05,3.59110759726287e-05,"gpath_trio"
"11060","VPS51","Exc L3-4 RORB CUX2",-0.0140336195182798,5.14640547628033,0.36743588562,0.544934090894027,0.683241891976073,0.683241891976073,"gpath_trio"
"11061","TM7SF2","Exc L3-4 RORB CUX2",-0.0764453275971721,4.284390073408,5.70898931239649,0.0175914334133458,0.0471324261771913,0.0471324261771913,"gpath_trio"
"11062","ZNHIT2","Exc L3-4 RORB CUX2",-0.223439783035728,1.29358634333878,13.7949836700947,0.000249518206725486,0.00129542712832905,0.00129542712832905,"gpath_trio"
"11063","FAU","Exc L3-4 RORB CUX2",-0.284530685567503,4.1986481613827,62.1242451302888,8.87553525458746e-14,5.34519175406871e-12,5.34519175406871e-12,"gpath_trio"
"11064","SYVN1","Exc L3-4 RORB CUX2",-0.12674271590472,3.56542116060428,16.7535438657093,5.68475765217188e-05,0.000359417065598771,0.000359417065598771,"gpath_trio"
"11065","MRPL49","Exc L3-4 RORB CUX2",-0.0778997655547114,3.05085046848522,5.59521469633632,0.0187439770826797,0.0496207502484009,0.0496207502484009,"gpath_trio"
"11066","AP003068.2","Exc L3-4 RORB CUX2",-0.0814541197968389,1.03952227428455,1.69159468665468,0.194542454575644,0.318579060151268,0.318579060151268,"gpath_trio"
"11067","CAPN1","Exc L3-4 RORB CUX2",-0.121459244780577,4.76870941576244,25.3824527618022,8.80813235875571e-07,9.22179918722867e-06,9.22179918722867e-06,"gpath_trio"
"11068","POLA2","Exc L3-4 RORB CUX2",0.00933630696305888,3.31535312666363,0.0827897746002604,0.773781005420999,0.86623276315754,0.86623276315754,"gpath_trio"
"11069","CDC42EP2","Exc L3-4 RORB CUX2",-0.00662209822383725,0.374452556397319,0.00749254039982253,0.93108831129347,0.9661423998532,0.9661423998532,"gpath_trio"
"11070","DPF2","Exc L3-4 RORB CUX2",-0.0145146133051857,4.82273818915209,0.586184193324709,0.444592917921289,0.591081523496672,0.591081523496672,"gpath_trio"
"11071","TIGD3","Exc L3-4 RORB CUX2",-0.248538534926357,0.585830505777677,12.4084133072165,0.000504698263279161,0.00236028916589176,0.00236028916589176,"gpath_trio"
"11072","SLC25A45","Exc L3-4 RORB CUX2",-0.142993208051449,3.10050843698692,12.2622493928246,0.000543855659826067,0.002520626679759,0.002520626679759,"gpath_trio"
"11073","FRMD8","Exc L3-4 RORB CUX2",0.0254393230521963,4.09830178491983,0.941500298157841,0.332794059217463,0.479271906967828,0.479271906967828,"gpath_trio"
"11074","NEAT1","Exc L3-4 RORB CUX2",3.82565680224927,-0.53394059423577,56.4399778673962,1.08169940068347e-12,5.05168643721969e-11,5.05168643721969e-11,"gpath_trio"
"11075","MALAT1","Exc L3-4 RORB CUX2",-0.131918416059975,15.1576423465972,12.7462829264652,0.000424784946814682,0.00204025554615312,0.00204025554615312,"gpath_trio"
"11076","SCYL1","Exc L3-4 RORB CUX2",-0.0263303407080027,5.10564169369117,1.73002992016462,0.189565808623097,0.312486972428752,0.312486972428752,"gpath_trio"
"11077","LTBP3","Exc L3-4 RORB CUX2",0.0524659549456524,5.71962127101232,6.21343865422631,0.0133013272936817,0.0375583314415715,0.0375583314415715,"gpath_trio"
"11078","SSSCA1","Exc L3-4 RORB CUX2",-0.281222831967709,1.17304360005529,20.7845610309152,7.91858320422449e-06,6.42886986499916e-05,6.42886986499916e-05,"gpath_trio"
"11079","FAM89B","Exc L3-4 RORB CUX2",-0.0803812915637133,4.58467694193562,6.10507558577697,0.0141211656278395,0.0394426853858041,0.0394426853858041,"gpath_trio"
"11080","EHBP1L1","Exc L3-4 RORB CUX2",-0.0367072651229796,3.74108642072418,1.11233319796932,0.292554372097988,0.435187901540453,0.435187901540453,"gpath_trio"
"11081","KCNK7","Exc L3-4 RORB CUX2",-0.143069763320257,0.468225339012489,3.31441387765657,0.0698242950770102,0.144068843646828,0.144068843646828,"gpath_trio"
"11082","MAP3K11","Exc L3-4 RORB CUX2",-0.0854754839809371,3.87352211280353,11.4860762313335,0.00715019155680184,0.0223512728011275,0.0223512728011275,"gpath_trio"
"11083","PCNX3","Exc L3-4 RORB CUX2",-0.00261807709347591,2.82576889536046,0.00509256285802682,0.94316435669813,0.972272285339777,0.972272285339777,"gpath_trio"
"11084","RELA","Exc L3-4 RORB CUX2",-0.0114933408590571,2.92662349447815,0.160175388917136,0.689323713795605,0.801932068148214,0.801932068148214,"gpath_trio"
"11085","KAT5","Exc L3-4 RORB CUX2",-0.0987767298284069,3.71895246689932,11.8450195995625,0.000673509308081318,0.00303101724080762,0.00303101724080762,"gpath_trio"
"11086","RNASEH2C","Exc L3-4 RORB CUX2",-0.0782027403440442,4.16643978123194,10.3863678520657,0.00143148965331307,0.00574846810421799,0.00574846810421799,"gpath_trio"
"11087","AP001266.2","Exc L3-4 RORB CUX2",-0.319250832018065,4.21286973626913,41.4522239819641,5.79621590188254e-10,1.35345666458889e-08,1.35345666458889e-08,"gpath_trio"
"11088","AP5B1","Exc L3-4 RORB CUX2",0.0304121554014542,2.72519948869423,0.567788629539237,0.499298844886608,0.642515256766636,0.642515256766636,"gpath_trio"
"11089","CFL1","Exc L3-4 RORB CUX2",-0.165062219563987,6.79391340081002,38.6099776518375,2.04489662373289e-09,4.19266152274502e-08,4.19266152274502e-08,"gpath_trio"
"11090","SNX32","Exc L3-4 RORB CUX2",0.0887236138097205,6.68117524091451,19.8729453298249,1.23169303259595e-05,9.53545929878103e-05,9.53545929878103e-05,"gpath_trio"
"11091","MUS81","Exc L3-4 RORB CUX2",-0.0665621797421928,3.40535314064348,4.65208870559525,0.0319325359713182,0.0765921259834097,0.0765921259834097,"gpath_trio"
"11092","EFEMP2","Exc L3-4 RORB CUX2",0.0597264455014805,0.797970838385654,0.629970575147266,0.782020327839435,0.872046476996405,0.872046476996405,"gpath_trio"
"11093","FIBP","Exc L3-4 RORB CUX2",-0.209796647103833,3.53224462845333,44.7818351452989,1.34670100048517e-10,3.65184041462209e-09,3.65184041462209e-09,"gpath_trio"
"11094","CCDC85B","Exc L3-4 RORB CUX2",-0.215102575845954,6.00864841949853,30.6594048999176,7.51497010838502e-08,1.03948479676316e-06,1.03948479676316e-06,"gpath_trio"
"11095","C11orf68","Exc L3-4 RORB CUX2",-0.0736553053431981,4.25592498820475,6.97308775167634,0.00877513050524614,0.0265225854596765,0.0265225854596765,"gpath_trio"
"11096","DRAP1","Exc L3-4 RORB CUX2",-0.27451125031554,4.14511442080694,66.0625596505761,1.78562422334386e-14,1.28202735608407e-12,1.28202735608407e-12,"gpath_trio"
"11097","SART1","Exc L3-4 RORB CUX2",0.00714033376212738,3.89006245974889,0.0815473825612172,0.775438656288788,0.867400596675742,0.867400596675742,"gpath_trio"
"11098","EIF1AD","Exc L3-4 RORB CUX2",-0.0751367472398116,2.35298016281927,4.59555678049222,0.0329826907055417,0.0786555301399885,0.0786555301399885,"gpath_trio"
"11099","BANF1","Exc L3-4 RORB CUX2",-0.197409684822091,4.35110859624698,34.9515979375366,1.05813110904856e-08,1.82772218536427e-07,1.82772218536427e-07,"gpath_trio"
"11100","GAL3ST3","Exc L3-4 RORB CUX2",-0.0616520649976337,2.09554070069348,2.43374884230326,0.11996492640741,0.220166687007141,0.220166687007141,"gpath_trio"
"11101","SF3B2","Exc L3-4 RORB CUX2",-0.0561085038949203,5.30955610428938,6.29225994606621,0.0127360579737341,0.0362207456470376,0.0362207456470376,"gpath_trio"
"11102","PACS1","Exc L3-4 RORB CUX2",0.106433575977873,7.45091269339575,46.8235725429149,5.55220107929075e-11,1.68952725150363e-09,1.68952725150363e-09,"gpath_trio"
"11103","KLC2","Exc L3-4 RORB CUX2",-0.0431220713479554,5.85534930347449,3.93910460490585,0.0482268731255438,0.107002877522033,0.107002877522033,"gpath_trio"
"11104","RAB1B","Exc L3-4 RORB CUX2",-0.0285049561410984,4.36328279074077,1.31817342540701,0.251975346803491,0.38844675034465,0.38844675034465,"gpath_trio"
"11105","CNIH2","Exc L3-4 RORB CUX2",-0.0418104830588739,4.91382927256636,1.31484723720476,0.252573035977159,0.389100565122112,0.389100565122112,"gpath_trio"
"11106","YIF1A","Exc L3-4 RORB CUX2",-0.207417881775123,1.48752774535008,13.8049177199869,0.000248268964587978,0.00128960513917674,0.00128960513917674,"gpath_trio"
"11107","TMEM151A","Exc L3-4 RORB CUX2",-0.0568665105459904,4.39013373748841,3.89835579572187,0.0493915526025786,0.109214661744522,0.109214661744522,"gpath_trio"
"11108","RIN1","Exc L3-4 RORB CUX2",-0.00441653277265166,3.76501606113012,0.0169010005739584,0.896663901051554,0.946658605151921,0.946658605151921,"gpath_trio"
"11109","BRMS1","Exc L3-4 RORB CUX2",-0.0316382405500378,2.31968340366008,0.613469889736754,0.434197161366385,0.581629887163324,0.581629887163324,"gpath_trio"
"11110","B4GAT1","Exc L3-4 RORB CUX2",-0.166005241160335,5.46734973841622,18.1480533166558,2.85921151282706e-05,0.000197592363216183,0.000197592363216183,"gpath_trio"
"11111","AP001107.9","Exc L3-4 RORB CUX2",0.0226781327658113,2.19779886546764,0.190361083681745,0.662978321305394,0.781056212107231,0.781056212107231,"gpath_trio"
"11112","SLC29A2","Exc L3-4 RORB CUX2",-0.0674284129045801,3.62024815902313,2.70424275802438,0.101290071106031,0.192903226935752,0.192903226935752,"gpath_trio"
"11113","NPAS4","Exc L3-4 RORB CUX2",-1.28930696970776,-0.988219343260906,33.8297362988481,1.76030404726759e-08,2.88264075922271e-07,2.88264075922271e-07,"gpath_trio"
"11114","MRPL11","Exc L3-4 RORB CUX2",-0.134362109226446,2.78079701848928,15.2841754548958,0.000118060771148658,0.000673798036187888,0.000673798036187888,"gpath_trio"
"11115","PELI3","Exc L3-4 RORB CUX2",-0.19868718615974,4.0939353172034,35.0853995388344,9.959644087113e-09,1.73519705921852e-07,1.73519705921852e-07,"gpath_trio"
"11116","DPP3","Exc L3-4 RORB CUX2",0.134081243340334,2.27107719226973,8.98877999787016,0.00297952465837165,0.0107189568442668,0.0107189568442668,"gpath_trio"
"11117","ZDHHC24","Exc L3-4 RORB CUX2",-0.110624514051847,3.42334185893239,13.5438269969142,0.000283314043991343,0.00144449351466397,0.00144449351466397,"gpath_trio"
"11118","ACTN3","Exc L3-4 RORB CUX2",-0.0299994950201399,-0.830272711691938,0.0679831645017415,0.794502630589015,0.880138950808993,0.880138950808993,"gpath_trio"
"11119","CTSF","Exc L3-4 RORB CUX2",-0.051434821904645,4.95088270162476,3.71413856228324,0.0550429613297265,0.118961839910599,0.118961839910599,"gpath_trio"
"11120","CCS","Exc L3-4 RORB CUX2",-0.0506573151723771,4.66975542422112,4.92593586936975,0.0273196689708537,0.0672738095309377,0.0672738095309377,"gpath_trio"
"11121","RBM14-RBM4","Exc L3-4 RORB CUX2",0.116508796741673,5.14323000566552,20.0180381240561,1.14789407921429e-05,8.96583935274809e-05,8.96583935274809e-05,"gpath_trio"
"11122","RBM4","Exc L3-4 RORB CUX2",-0.00124715525761002,4.6250412418591,0.00136156775247057,0.97059351015269,0.984847561601897,0.984847561601897,"gpath_trio"
"11123","RBM4B","Exc L3-4 RORB CUX2",-0.0450274033914251,4.18348166766881,2.43182406683893,0.120110801631678,0.220354225963363,0.220354225963363,"gpath_trio"
"11124","AP001157.1","Exc L3-4 RORB CUX2",-0.0867987225344017,2.82527979267546,5.23843838859641,0.0228954636539526,0.0583651951851843,0.0583651951851843,"gpath_trio"
"11125","SPTBN2","Exc L3-4 RORB CUX2",0.0130950533284606,5.77606415980261,0.394546441687241,0.530470554280184,0.670356619643139,0.670356619643139,"gpath_trio"
"11126","C11orf80","Exc L3-4 RORB CUX2",0.0779114463316174,7.32400685489172,24.8936753746729,1.10976651661021e-06,1.13883720613484e-05,1.13883720613484e-05,"gpath_trio"
"11127","RCE1","Exc L3-4 RORB CUX2",-0.0237256342779198,3.14869332692126,0.465446057540292,0.495697010285412,0.639062379865051,0.639062379865051,"gpath_trio"
"11128","PC","Exc L3-4 RORB CUX2",0.0473603101242404,4.56964979578354,3.86402899342578,0.0503958746067432,0.110973234030893,0.110973234030893,"gpath_trio"
"11129","LRFN4","Exc L3-4 RORB CUX2",-0.0208318004568237,4.23353355824973,0.569661042451007,0.451076723334106,0.597379079248103,0.597379079248103,"gpath_trio"
"11130","SYT12","Exc L3-4 RORB CUX2",-0.0981636422353182,5.41329419099676,11.777609033196,0.000697234091151935,0.00311692838222697,0.00311692838222697,"gpath_trio"
"11131","RHOD","Exc L3-4 RORB CUX2",0.030284716836179,-0.472021091363801,0.0836382126051768,0.772656712110255,0.865428009894393,0.865428009894393,"gpath_trio"
"11132","KDM2A","Exc L3-4 RORB CUX2",0.0692708887591803,7.09246115371279,30.3906670932986,8.50657353458527e-08,1.15803050647947e-06,1.15803050647947e-06,"gpath_trio"
"11133","GRK2","Exc L3-4 RORB CUX2",0.0438188383924004,5.26692327792891,3.90938651337062,0.0490733531051665,0.108653961687526,0.108653961687526,"gpath_trio"
"11134","ANKRD13D","Exc L3-4 RORB CUX2",0.0615025845433356,5.73479435156726,6.45424515662534,0.0116510225424163,0.0335703198790701,0.0335703198790701,"gpath_trio"
"11135","SSH3","Exc L3-4 RORB CUX2",-0.0487422623429322,2.93006124510469,2.09530523239796,0.148956844772631,0.260078264239536,0.260078264239536,"gpath_trio"
"11136","RAD9A","Exc L3-4 RORB CUX2",0.137712438710204,7.09349510755491,70.3837017172046,3.14747530444095e-15,2.7973706725593e-13,2.7973706725593e-13,"gpath_trio"
"11137","POLD4","Exc L3-4 RORB CUX2",-0.238131500063279,0.0499375094261911,7.60127876051784,0.00624599410486894,0.0200529807552086,0.0200529807552086,"gpath_trio"
"11138","AP003419.1","Exc L3-4 RORB CUX2",-0.248767560888271,1.06636819740282,14.0240683905068,0.000222267685535333,0.00117051698138224,0.00117051698138224,"gpath_trio"
"11139","PPP1CA","Exc L3-4 RORB CUX2",-0.0736111191140463,4.30137618964063,5.91826419480396,0.0156596664769257,0.0429432881843111,0.0429432881843111,"gpath_trio"
"11140","RPS6KB2","Exc L3-4 RORB CUX2",-0.0472232403957225,3.72490121542643,2.37159194552824,0.124777095865913,0.226974836272185,0.226974836272185,"gpath_trio"
"11141","RPS6KB2-AS1","Exc L3-4 RORB CUX2",-0.693697681435217,-0.682487807619771,24.8861805562786,1.11371015999051e-06,1.14230312546053e-05,1.14230312546053e-05,"gpath_trio"
"11142","CORO1B","Exc L3-4 RORB CUX2",-0.18954877823628,1.47329108877553,9.98688641944656,0.00176315410911136,0.00684860110730104,0.00684860110730104,"gpath_trio"
"11143","TMEM134","Exc L3-4 RORB CUX2",-0.146121033329405,3.85517489762097,29.1568179282903,1.50559964939931e-07,1.94092478764416e-06,1.94092478764416e-06,"gpath_trio"
"11144","AIP","Exc L3-4 RORB CUX2",-0.106669519436002,2.89824053281047,9.32619150547751,0.00249361284552647,0.00922755670552028,0.00922755670552028,"gpath_trio"
"11145","PITPNM1","Exc L3-4 RORB CUX2",-0.0773010040765705,2.82725059190414,3.60532717628248,0.0587017804263046,0.125193418637689,0.125193418637689,"gpath_trio"
"11146","CDK2AP2","Exc L3-4 RORB CUX2",-0.0223853053797786,2.75658153567467,0.349956286867875,0.554651856939603,0.691472607906846,0.691472607906846,"gpath_trio"
"11147","GSTP1","Exc L3-4 RORB CUX2",-0.116742950256519,3.37809708911623,5.33054309953417,0.0217394778073532,0.0560074906417334,0.0560074906417334,"gpath_trio"
"11148","NDUFV1","Exc L3-4 RORB CUX2",-0.100880481821689,5.73303302468286,19.282162035005,1.64195233416348e-05,0.00012210242661905,0.00012210242661905,"gpath_trio"
"11149","NUDT8","Exc L3-4 RORB CUX2",-0.297511435167646,0.238262480888916,10.6898740146426,0.0012225780880334,0.00502864687585605,0.00502864687585605,"gpath_trio"
"11150","AP003716.1","Exc L3-4 RORB CUX2",0.00918209684770948,2.70304355621363,0.0338671393318609,0.854133153847803,0.919537693643512,0.919537693643512,"gpath_trio"
"11151","UNC93B1","Exc L3-4 RORB CUX2",0.00971302652278945,1.26211359347278,0.0225575033830545,0.880729932058201,0.936789271659817,0.936789271659817,"gpath_trio"
"11152","AC004923.4","Exc L3-4 RORB CUX2",0.0718139701446972,-0.459335691212449,0.403026742805988,0.52608848010396,0.666532858673228,0.666532858673228,"gpath_trio"
"11153","NDUFS8","Exc L3-4 RORB CUX2",-0.0718346302938986,4.55732274054958,6.5503856551627,0.0110526609951351,0.0320937587186024,0.0320937587186024,"gpath_trio"
"11154","CHKA","Exc L3-4 RORB CUX2",-0.033465012471352,6.27547793416162,1.42172869924168,0.234206141592746,0.366514808147196,0.366514808147196,"gpath_trio"
"11155","AP002992.1","Exc L3-4 RORB CUX2",-0.0621067392936217,-0.909219984820621,0.288384941911189,0.591716598466367,0.722335886897306,0.722335886897306,"gpath_trio"
"11156","KMT5B","Exc L3-4 RORB CUX2",0.0283041137639196,6.29314418112244,2.18272334785406,0.140777538201515,0.248942662215406,0.248942662215406,"gpath_trio"
"11157","C11orf24","Exc L3-4 RORB CUX2",-0.0276312350003997,2.25312445969043,0.502633899802689,0.478980287644157,0.622844170365509,0.622844170365509,"gpath_trio"
"11158","LRP5","Exc L3-4 RORB CUX2",-0.268377217042865,0.722305345623298,15.4716327612834,0.000107507541114943,0.000620590741629177,0.000620590741629177,"gpath_trio"
"11159","PPP6R3","Exc L3-4 RORB CUX2",0.0235689505755811,7.079629315031,2.41557567013266,0.121350139392127,0.222143096110712,0.222143096110712,"gpath_trio"
"11160","AP003096.1","Exc L3-4 RORB CUX2",-0.336189703797102,-0.193397075130337,8.79933696804852,0.00329378583859213,0.0116746537761061,0.0116746537761061,"gpath_trio"
"11161","GAL","Exc L3-4 RORB CUX2",-0.124652918505918,-1.1567517847667,0.353718379192823,0.552532956970249,0.689930969595252,0.689930969595252,"gpath_trio"
"11162","TESMIN","Exc L3-4 RORB CUX2",0.0415151587593962,-0.233776720227106,0.167865882276036,0.682352819606573,0.796348015014902,0.796348015014902,"gpath_trio"
"11163","CPT1A","Exc L3-4 RORB CUX2",-0.0827602995531871,2.89847131047772,2.19300807504581,0.139849095128893,0.247735138662342,0.247735138662342,"gpath_trio"
"11164","MRPL21","Exc L3-4 RORB CUX2",-0.136982519169519,2.93499979339724,16.3459019559644,6.95755055819931e-05,0.00042626353632454,0.00042626353632454,"gpath_trio"
"11165","IGHMBP2","Exc L3-4 RORB CUX2",-0.0463283101139468,3.95519212382219,3.25308996695255,0.0724464073152115,0.148401489246055,0.148401489246055,"gpath_trio"
"11166","MRGPRF","Exc L3-4 RORB CUX2",0.00776455151210527,0.00405894973771292,0.00504711309653361,0.9434181166158,0.97243450174852,0.97243450174852,"gpath_trio"
"11167","TPCN2","Exc L3-4 RORB CUX2",0.0241716171837955,5.58109380768205,0.849102446597419,0.3576605808178,0.505276535728075,0.505276535728075,"gpath_trio"
"11168","AP003071.2","Exc L3-4 RORB CUX2",-0.438595226966342,1.39978517426236,26.7359881986209,4.65820191138204e-07,5.23269618942832e-06,5.23269618942832e-06,"gpath_trio"
"11169","MYEOV","Exc L3-4 RORB CUX2",-0.0413842946083486,-1.09976837189422,0.0813321901322007,0.775727160130861,0.867581099597545,0.867581099597545,"gpath_trio"
"11170","CCND1","Exc L3-4 RORB CUX2",-0.169356707458932,-0.0656381987344672,1.76754388360483,0.18485160467976,0.306642092124171,0.306642092124171,"gpath_trio"
"11171","ORAOV1","Exc L3-4 RORB CUX2",0.056366896119727,5.2643733862318,6.46649617149373,0.0115729496178616,0.0333835085130622,0.0333835085130622,"gpath_trio"
"11172","FADD","Exc L3-4 RORB CUX2",-0.129363442191234,1.49041942700876,5.85886944186389,0.0161844420343729,0.0440470953788578,0.0440470953788578,"gpath_trio"
"11173","PPFIA1","Exc L3-4 RORB CUX2",0.0256353403397978,6.44120816859917,2.82423175147791,0.0940522342963195,0.181753240127227,0.181753240127227,"gpath_trio"
"11174","AP002336.2","Exc L3-4 RORB CUX2",-0.473136089703754,4.2561153878016,109.867779670245,1.1329071346121e-21,6.72247101199971e-19,6.72247101199971e-19,"gpath_trio"
"11175","AP000487.1","Exc L3-4 RORB CUX2",0.132678778179014,4.03339149015962,27.8041810908968,2.82560866380932e-07,3.38519327745564e-06,3.38519327745564e-06,"gpath_trio"
"11176","CTTN","Exc L3-4 RORB CUX2",-0.00707603448678184,7.06601310001715,0.145114295564315,0.703559798958786,0.813884996286385,0.813884996286385,"gpath_trio"
"11177","SHANK2","Exc L3-4 RORB CUX2",0.124436776712784,8.19757024550926,66.9428518672696,1.25130065269135e-14,9.54865061093088e-13,9.54865061093088e-13,"gpath_trio"
"11178","SHANK2-AS1","Exc L3-4 RORB CUX2",-0.0114075284187691,0.722453331228095,0.0227469377943645,0.880233957543022,0.93650669920718,0.93650669920718,"gpath_trio"
"11179","DHCR7","Exc L3-4 RORB CUX2",0.0782615560171728,2.36019754607716,1.39197949465188,0.239149434484176,0.37283361724119,0.37283361724119,"gpath_trio"
"11180","AP002387.2","Exc L3-4 RORB CUX2",0.00888858341597974,1.87453760714159,0.0256712622467753,0.872830180050831,0.931415893500768,0.931415893500768,"gpath_trio"
"11181","NADSYN1","Exc L3-4 RORB CUX2",0.0901834757924658,4.69642769836936,15.197014198799,0.000123319625581479,0.000699261789237309,0.000699261789237309,"gpath_trio"
"11182","KRTAP5-7","Exc L3-4 RORB CUX2",-0.0323127991535989,-0.229585436975412,0.140685904198616,0.810868458363968,0.890882271278824,0.890882271278824,"gpath_trio"
"11183","KRTAP5-8","Exc L3-4 RORB CUX2",0.0169861882988542,-0.284436175534063,0.0362599209001867,0.849128319078072,0.916030426860768,0.916030426860768,"gpath_trio"
"11184","KRTAP5-9","Exc L3-4 RORB CUX2",-0.332557864961582,-0.929364721951608,5.86536427706651,0.0161261797497365,0.0439062991161854,0.0439062991161854,"gpath_trio"
"11185","KRTAP5-11","Exc L3-4 RORB CUX2",0.0514840911636158,2.30627179875734,0.632893336442449,0.427021667881048,0.575072568553511,0.575072568553511,"gpath_trio"
"11186","AP003498.1","Exc L3-4 RORB CUX2",0.0164086766440072,1.54039065479856,0.0792026554277157,0.816293364233824,0.894018708181825,0.894018708181825,"gpath_trio"
"11187","FAM86C1","Exc L3-4 RORB CUX2",-0.165267585152794,1.19497253011802,8.65259328746903,0.00356039661783057,0.0124512050207543,0.0124512050207543,"gpath_trio"
"11188","AP002495.2","Exc L3-4 RORB CUX2",0.0914929760307408,4.08121791988646,10.437389482261,0.00139397901296313,0.00561684173887182,0.00561684173887182,"gpath_trio"
"11189","DEFB131B","Exc L3-4 RORB CUX2",0.0821464147582424,0.396005643221042,1.08610691337802,0.29830344610212,0.441426656424876,0.441426656424876,"gpath_trio"
"11190","RNF121","Exc L3-4 RORB CUX2",-0.0110100027854379,4.66607048840074,0.380024025947811,0.538129735042416,0.676982440885499,0.676982440885499,"gpath_trio"
"11191","IL18BP","Exc L3-4 RORB CUX2",0.033047220838412,0.5013192838533,0.204546727984866,0.651452714364626,0.771306250722203,0.771306250722203,"gpath_trio"
"11192","NUMA1","Exc L3-4 RORB CUX2",0.0331587752684326,5.94976672019835,3.56668296187126,0.0600630337283088,0.127715612786594,0.127715612786594,"gpath_trio"
"11193","AP002490.1","Exc L3-4 RORB CUX2",-0.00479346307364727,-0.608982386932344,0.00131776200028648,0.971070213329498,0.985007513676851,0.985007513676851,"gpath_trio"
"11194","LAMTOR1","Exc L3-4 RORB CUX2",-0.116494702789584,4.22659851573035,16.323036632154,7.03695849280065e-05,0.000430081386826808,0.000430081386826808,"gpath_trio"
"11195","ANAPC15","Exc L3-4 RORB CUX2",-0.266001510333913,2.93990292189047,49.6768933281499,1.62741923855649e-11,5.81219681863727e-10,5.81219681863727e-10,"gpath_trio"
"11196","AP000812.1","Exc L3-4 RORB CUX2",-0.218938866959991,-0.372059374281587,6.02126052795449,0.0147910797997026,0.0410016536079966,0.0410016536079966,"gpath_trio"
"11197","INPPL1","Exc L3-4 RORB CUX2",-0.0565351767001612,2.67081944421828,2.20311377204599,0.138943538928198,0.246585670115798,0.246585670115798,"gpath_trio"
"11198","CLPB","Exc L3-4 RORB CUX2",-0.0350273966454176,4.64246188757867,3.55058884895667,0.143101382776298,0.251991830104897,0.251991830104897,"gpath_trio"
"11199","AP002892.1","Exc L3-4 RORB CUX2",-0.473401174776694,0.140697067636698,29.5946014276369,1.22907212222844e-07,1.61540912481816e-06,1.61540912481816e-06,"gpath_trio"
"11200","PDE2A","Exc L3-4 RORB CUX2",0.0344665290554914,6.81097928664606,2.92778667725986,0.088259415942756,0.173382056148501,0.173382056148501,"gpath_trio"
"11201","ARAP1","Exc L3-4 RORB CUX2",0.0826515505013442,3.59433280503338,6.31831556616387,0.0125547133615232,0.0358208514664631,0.0358208514664631,"gpath_trio"
"11202","STARD10","Exc L3-4 RORB CUX2",-0.32045119973979,1.37108460660268,29.5509112621569,1.25419517877891e-07,1.6462841725351e-06,1.6462841725351e-06,"gpath_trio"
"11203","ATG16L2","Exc L3-4 RORB CUX2",0.0214747890066757,4.32234785585027,0.792175717531183,0.374265827945559,0.522503966218941,0.522503966218941,"gpath_trio"
"11204","FCHSD2","Exc L3-4 RORB CUX2",0.0480753124811532,6.06628345315986,2.51115702171857,0.114258390156098,0.211793735887475,0.211793735887475,"gpath_trio"
"11205","ARHGEF17","Exc L3-4 RORB CUX2",0.0130748584852039,5.56138080808426,0.519881708232346,0.471539948415503,0.616856026054674,0.616856026054674,"gpath_trio"
"11206","RELT","Exc L3-4 RORB CUX2",-0.0801906139854563,1.9124922074422,3.26061222765371,0.0721191301297483,0.147836156306409,0.147836156306409,"gpath_trio"
"11207","FAM168A","Exc L3-4 RORB CUX2",0.0862490135930856,7.81209851880054,42.5363315113151,3.59649827863396e-10,8.77380323717534e-09,8.77380323717534e-09,"gpath_trio"
"11208","AP000763.3","Exc L3-4 RORB CUX2",-0.168882785656789,-0.0485618453386481,3.53749160017741,0.0611136901351362,0.129608819349981,0.129608819349981,"gpath_trio"
"11209","RAB6A","Exc L3-4 RORB CUX2",-0.03127306807842,7.43239700493007,5.54026441808157,0.0778025974630667,0.157060976967918,0.157060976967918,"gpath_trio"
"11210","MRPL48","Exc L3-4 RORB CUX2",0.00898044732179105,4.38677673258251,0.0908011707253144,0.763401942158233,0.858938942783021,0.858938942783021,"gpath_trio"
"11211","COA4","Exc L3-4 RORB CUX2",-0.118455512312731,2.01011765807027,6.22303823017119,0.0132311172158748,0.0373967203460737,0.0373967203460737,"gpath_trio"
"11212","PAAF1","Exc L3-4 RORB CUX2",-0.0667443830250931,5.01071199488858,6.73521712347638,0.00998980987509251,0.029571937220121,0.029571937220121,"gpath_trio"
"11213","DNAJB13","Exc L3-4 RORB CUX2",-0.141564953886722,-0.311380477183304,2.25709789197062,0.208498922055935,0.336137819951433,0.336137819951433,"gpath_trio"
"11214","UCP3","Exc L3-4 RORB CUX2",0.210742439783005,1.6335509861351,16.7995881736501,5.55668088994328e-05,0.000353089880171987,0.000353089880171987,"gpath_trio"
"11215","C2CD3","Exc L3-4 RORB CUX2",0.0154104249963958,5.72664555629178,0.76781821902846,0.38170167514613,0.529958798160703,0.529958798160703,"gpath_trio"
"11216","PPME1","Exc L3-4 RORB CUX2",0.0072897946785354,6.36142950784524,0.222734272878766,0.637360214950365,0.759793331164241,0.759793331164241,"gpath_trio"
"11217","P4HA3","Exc L3-4 RORB CUX2",-0.273118818468002,2.69185709408882,24.4504030615163,1.36912610860236e-06,1.37834926352558e-05,1.37834926352558e-05,"gpath_trio"
"11218","PGM2L1","Exc L3-4 RORB CUX2",-0.0412208919696047,7.06206976736771,3.62473419683796,0.0580306403767309,0.124048333291009,0.124048333291009,"gpath_trio"
"11219","AP001372.1","Exc L3-4 RORB CUX2",-0.0760442920466011,0.815182275398421,1.31055691117898,0.253346560373983,0.390024178217864,0.390024178217864,"gpath_trio"
"11220","POLD3","Exc L3-4 RORB CUX2",0.0475993624590858,5.92212152012141,4.16319222897626,0.0423217737614536,0.0964357110500708,0.0964357110500708,"gpath_trio"
"11221","RNF169","Exc L3-4 RORB CUX2",0.11432980812462,5.97211390599516,33.9497684663545,1.6668165114399e-08,2.74290563770799e-07,2.74290563770799e-07,"gpath_trio"
"11222","XRRA1","Exc L3-4 RORB CUX2",-0.0505337395835909,5.68724897101168,0.976600001266088,0.323958393985882,0.469496487225427,0.469496487225427,"gpath_trio"
"11223","SPCS2","Exc L3-4 RORB CUX2",-0.108837944268616,5.53633131539657,33.8859267788822,1.7158985902022e-08,2.81907606330043e-07,2.81907606330043e-07,"gpath_trio"
"11224","NEU3","Exc L3-4 RORB CUX2",0.0123261076425703,4.45866605308889,0.200250074528038,0.654891651031374,0.774196593200396,0.774196593200396,"gpath_trio"
"11225","OR2AT4","Exc L3-4 RORB CUX2",-0.193142554575605,-1.11771035684006,2.04224253513638,0.154184266102195,0.266758217014989,0.266758217014989,"gpath_trio"
"11226","SLCO2B1","Exc L3-4 RORB CUX2",-0.00730129992130786,1.26634967580846,0.011293410211334,0.985237045659471,0.99250733282676,0.99250733282676,"gpath_trio"
"11227","AP001972.3","Exc L3-4 RORB CUX2",0.0226616839653662,4.09415313159171,0.312688899793162,0.576516163984957,0.709903908940092,0.709903908940092,"gpath_trio"
"11228","TPBGL","Exc L3-4 RORB CUX2",-0.220249238176856,0.292941939061203,7.02375790748571,0.00853668095629498,0.0259300720104263,0.0259300720104263,"gpath_trio"
"11229","ARRB1","Exc L3-4 RORB CUX2",0.0771574767621644,5.27741554620241,12.8243051480018,0.000408235954226121,0.00197178845499449,0.00197178845499449,"gpath_trio"
"11230","RPS3","Exc L3-4 RORB CUX2",-0.0882773626714178,5.37352524854368,11.8463419868338,0.000673052205320278,0.00303097857020068,0.00303097857020068,"gpath_trio"
"11231","KLHL35","Exc L3-4 RORB CUX2",-0.109092871048442,2.89833410775167,6.53993098170216,0.0111161613259905,0.0322549338058189,0.0322549338058189,"gpath_trio"
"11232","GDPD5","Exc L3-4 RORB CUX2",0.0377650044889058,2.52315313375659,0.800673278555433,0.371719724824101,0.520072499883927,0.520072499883927,"gpath_trio"
"11233","SERPINH1","Exc L3-4 RORB CUX2",0.255660791750271,0.0562006365829779,4.83822401377739,0.0287159124573902,0.0700875313123454,0.0700875313123454,"gpath_trio"
"11234","AP001922.5","Exc L3-4 RORB CUX2",-0.193669187162578,0.761101542887106,7.16291251055844,0.00791556622689153,0.0243514102817226,0.0243514102817226,"gpath_trio"
"11235","MAP6","Exc L3-4 RORB CUX2",0.110766274801853,6.64614251956998,58.4012724375982,4.1210078238477e-13,2.09916352127836e-11,2.09916352127836e-11,"gpath_trio"
"11236","AP001922.1","Exc L3-4 RORB CUX2",0.226204058041747,-1.11611901117686,1.93061867148985,0.165884044481447,0.281780803015339,0.281780803015339,"gpath_trio"
"11237","DGAT2","Exc L3-4 RORB CUX2",0.111546721959477,2.69531701391716,8.55489610047137,0.00375005868639191,0.0129995591061781,0.0129995591061781,"gpath_trio"
"11238","AP003031.2","Exc L3-4 RORB CUX2",-0.0232358602511207,-0.590138279016004,0.0496385883066738,0.83103464209031,0.903507881341027,0.903507881341027,"gpath_trio"
"11239","UVRAG","Exc L3-4 RORB CUX2",0.0488844291234464,7.40408490240101,7.1680854850936,0.00789339485798388,0.0242943159816666,0.0242943159816666,"gpath_trio"
"11240","THAP12","Exc L3-4 RORB CUX2",-0.0691934739815915,3.8969890405555,6.51326174453486,0.0112798593413305,0.0326688432689267,0.0326688432689267,"gpath_trio"
"11241","GVQW3","Exc L3-4 RORB CUX2",0.087384406539732,4.89697747070704,17.5138699896565,3.9053538609236e-05,0.000259863173298594,0.000259863173298594,"gpath_trio"
"11242","AP002360.1","Exc L3-4 RORB CUX2",-0.013622776325252,1.68618087607723,0.0861767668162851,0.769329247367654,0.862961056690894,0.862961056690894,"gpath_trio"
"11243","EMSY","Exc L3-4 RORB CUX2",0.0302820746818466,6.17470112100301,3.05064837379413,0.081885789391246,0.163358627604903,0.163358627604903,"gpath_trio"
"11244","ACER3","Exc L3-4 RORB CUX2",0.0223525655835564,5.94887986733764,1.64476201347966,0.715532053067657,0.822716345081979,0.822716345081979,"gpath_trio"
"11245","AP002498.1","Exc L3-4 RORB CUX2",-0.291509219830527,0.147502636400604,12.987234455568,0.000375757807655743,0.00183690665603456,0.00183690665603456,"gpath_trio"
"11246","B3GNT6","Exc L3-4 RORB CUX2",0.101902147109437,-0.915022180967692,0.797586253307583,0.372641861491689,0.521001355204077,0.521001355204077,"gpath_trio"
"11247","CAPN5","Exc L3-4 RORB CUX2",-0.0437708027528535,3.25102246572668,1.6208977058303,0.204103779006503,0.330746485257525,0.330746485257525,"gpath_trio"
"11248","MYO7A","Exc L3-4 RORB CUX2",-0.151278037732377,0.674074572847838,3.59182103447316,0.0591737488902644,0.126091084057994,0.126091084057994,"gpath_trio"
"11249","GDPD4","Exc L3-4 RORB CUX2",-0.00641110746775923,0.448225249720383,0.00701842021264636,0.933298984584211,0.967739477513823,0.967739477513823,"gpath_trio"
"11250","PAK1","Exc L3-4 RORB CUX2",-0.0359810298938846,7.9877544832315,4.35484278488904,0.0378780551105504,0.0882130626636679,0.0882130626636679,"gpath_trio"
"11251","CLNS1A","Exc L3-4 RORB CUX2",0.0520280226799789,6.15441198430005,7.17577288575523,0.00786056469505863,0.0242080434624955,0.0242080434624955,"gpath_trio"
"11252","AQP11","Exc L3-4 RORB CUX2",-0.0957937598019543,3.79562379445071,14.0366558341748,0.000220861028398916,0.00116493365959428,0.00116493365959428,"gpath_trio"
"11253","RSF1","Exc L3-4 RORB CUX2",0.0485719402286489,7.26700230958759,15.514695320113,0.000105221479544546,0.000610012456842303,0.000610012456842303,"gpath_trio"
"11254","AAMDC","Exc L3-4 RORB CUX2",0.0897567751005291,4.31397256729474,9.83469940750943,0.00190927644399753,0.00733500659538841,0.00733500659538841,"gpath_trio"
"11255","AP002812.2","Exc L3-4 RORB CUX2",-0.041665860072244,3.19831935300613,0.601309078984398,0.438783687722225,0.585567255629371,0.585567255629371,"gpath_trio"
"11256","INTS4","Exc L3-4 RORB CUX2",0.0728928924844792,5.14739965046795,12.3675431431221,0.000515349546100167,0.00240564023428294,0.00240564023428294,"gpath_trio"
"11257","KCTD14","Exc L3-4 RORB CUX2",0.0461622415232519,-1.11167864497499,0.135819670288578,0.712772598257819,0.820552762901655,0.820552762901655,"gpath_trio"
"11258","NDUFC2-KCTD14","Exc L3-4 RORB CUX2",0.207114146391583,3.0798619159448,28.7232135927655,1.84149412798678e-07,2.31223711464713e-06,2.31223711464713e-06,"gpath_trio"
"11259","THRSP","Exc L3-4 RORB CUX2",-0.12886010528269,-0.462666969955453,1.50439856379016,0.221105381118822,0.351197590857339,0.351197590857339,"gpath_trio"
"11260","ALG8","Exc L3-4 RORB CUX2",-0.00959112202286269,4.86915790499227,0.172839515068538,0.677943384395455,0.793216404907589,0.793216404907589,"gpath_trio"
"11261","KCTD21-AS1","Exc L3-4 RORB CUX2",0.0670905094522349,3.01410207102388,0.937485241538233,0.333825190898655,0.480242671590158,0.480242671590158,"gpath_trio"
"11262","KCTD21","Exc L3-4 RORB CUX2",0.0580351318617148,2.79467976273779,2.96740278279622,0.0861472131423169,0.170077309437934,0.170077309437934,"gpath_trio"
"11263","USP35","Exc L3-4 RORB CUX2",0.0132523754982334,3.01637739201905,0.173894843120039,0.90759269903298,0.952738576564357,0.952738576564357,"gpath_trio"
"11264","GAB2","Exc L3-4 RORB CUX2",0.121406185982211,6.22155309163383,13.8810963736206,0.000238897814035052,0.00124735077592059,0.00124735077592059,"gpath_trio"
"11265","AP003086.2","Exc L3-4 RORB CUX2",-0.305333803046005,3.25478030345047,43.1547363001039,2.7417806383387e-10,6.95791501616141e-09,6.95791501616141e-09,"gpath_trio"
"11266","AP003086.1","Exc L3-4 RORB CUX2",0.324805342291703,-0.600290752123793,8.43700776118346,0.00431240311224533,0.0146543258867356,0.0146543258867356,"gpath_trio"
"11267","NARS2","Exc L3-4 RORB CUX2",0.111893199234843,5.43458670859977,19.089553049154,1.80367542472194e-05,0.00013213199598317,0.00013213199598317,"gpath_trio"
"11268","AP003110.1","Exc L3-4 RORB CUX2",-0.526437347739035,0.670772954474729,40.0427365692618,1.08121059841451e-09,2.3607601540057e-08,2.3607601540057e-08,"gpath_trio"
"11269","TENM4","Exc L3-4 RORB CUX2",0.148153093111579,8.21012287903916,21.1432477636054,6.65920183301033e-06,5.52650748584876e-05,5.52650748584876e-05,"gpath_trio"
"11270","AP001547.1","Exc L3-4 RORB CUX2",0.026973688060302,-0.110663288982413,0.0902031051547351,0.764159102848351,0.859503255837959,0.859503255837959,"gpath_trio"
"11271","AP001978.1","Exc L3-4 RORB CUX2",0.189620593897492,2.16103165707843,4.36244941481569,0.0377121816276899,0.0879282635315663,0.0879282635315663,"gpath_trio"
"11272","AP006295.1","Exc L3-4 RORB CUX2",0.270455496950086,0.827522224932843,8.01243507348214,0.00500858831301957,0.0166225150872133,0.0166225150872133,"gpath_trio"
"11273","AP002759.1","Exc L3-4 RORB CUX2",0.037969690022888,2.23582442492066,0.184400307058836,0.667974265137301,0.785108115301197,0.785108115301197,"gpath_trio"
"11274","MIR4300HG","Exc L3-4 RORB CUX2",0.0668749551052216,4.35856279244624,1.31689772172875,0.252204373863901,0.388621648415504,0.388621648415504,"gpath_trio"
"11275","FAM181B","Exc L3-4 RORB CUX2",-0.0141609544411542,-0.256247040135548,0.00589123149372856,0.93887798873434,0.970680712448258,0.970680712448258,"gpath_trio"
"11276","PRCP","Exc L3-4 RORB CUX2",-0.0067242205441355,5.27919151574887,0.0728007009149537,0.787515793465773,0.875585349623872,0.875585349623872,"gpath_trio"
"11277","DDIAS","Exc L3-4 RORB CUX2",-0.18456067627373,-0.317899072064822,3.78989838886502,0.0526396235233273,0.114860956584807,0.114860956584807,"gpath_trio"
"11278","RAB30","Exc L3-4 RORB CUX2",0.0687737327225743,5.78722498261353,10.5878399964735,0.0012890977827116,0.00526352611158616,0.00526352611158616,"gpath_trio"
"11279","RAB30-AS1","Exc L3-4 RORB CUX2",0.107876935318756,5.37702735672025,19.7906656233282,1.28193704813263e-05,9.87894573952475e-05,9.87894573952475e-05,"gpath_trio"
"11280","AP001767.3","Exc L3-4 RORB CUX2",-0.31308123143355,1.21090281891041,26.3247612848027,5.65049795182215e-07,6.23284834215483e-06,6.23284834215483e-06,"gpath_trio"
"11281","PCF11","Exc L3-4 RORB CUX2",0.0387684873936027,5.16860465052209,3.35382616138301,0.0681931695605456,0.141369870898724,0.141369870898724,"gpath_trio"
"11282","PCF11-AS1","Exc L3-4 RORB CUX2",0.162465154204553,2.11616306693149,13.2897118098322,0.000322250140335798,0.00161204973500489,0.00161204973500489,"gpath_trio"
"11283","ANKRD42","Exc L3-4 RORB CUX2",0.0333713135339745,5.29094068556447,2.61360261566925,0.119586230494754,0.219551569772651,0.219551569772651,"gpath_trio"
"11284","AP000873.3","Exc L3-4 RORB CUX2",-0.0196939075013725,-0.850833485021847,0.0335882635396516,0.85472821186646,0.919834729525035,0.919834729525035,"gpath_trio"
"11285","CCDC90B","Exc L3-4 RORB CUX2",0.0501681353640424,4.27426167115507,3.67439180709189,0.0563504112363259,0.12115363509997,0.12115363509997,"gpath_trio"
"11286","AP000446.1","Exc L3-4 RORB CUX2",0.0974814428708239,4.22739654972983,10.4262858336529,0.00140205608644735,0.00563925070655409,0.00563925070655409,"gpath_trio"
"11287","DLG2","Exc L3-4 RORB CUX2",0.133147694588598,11.8554115580193,96.4072097484167,1.46899167108946e-19,3.89959302160918e-17,3.89959302160918e-17,"gpath_trio"
"11288","AP002370.2","Exc L3-4 RORB CUX2",-0.53497624412958,5.16008808846674,122.258362929332,1.50712049051377e-23,1.59027975009721e-20,1.59027975009721e-20,"gpath_trio"
"11289","AP001825.1","Exc L3-4 RORB CUX2",-0.486440996485008,5.32092316862963,112.584371924286,4.33919925498383e-22,2.69563869049577e-19,2.69563869049577e-19,"gpath_trio"
"11290","AP000857.2","Exc L3-4 RORB CUX2",-0.216603863965872,0.767039483664704,7.51053284804068,0.00655906838006856,0.0208655320983732,0.0208655320983732,"gpath_trio"
"11291","TMEM126B","Exc L3-4 RORB CUX2",-0.172421336458884,4.30433247429538,32.6927219212494,2.95582182562253e-08,4.53143657537496e-07,4.53143657537496e-07,"gpath_trio"
"11292","TMEM126A","Exc L3-4 RORB CUX2",-0.14536115402637,3.03332565456659,22.9183446671417,2.83950496057092e-06,2.60395511725083e-05,2.60395511725083e-05,"gpath_trio"
"11293","CREBZF","Exc L3-4 RORB CUX2",0.0286110184800725,5.55827725930345,1.56721440024327,0.21173702737776,0.340165195679751,0.340165195679751,"gpath_trio"
"11294","SYTL2","Exc L3-4 RORB CUX2",-0.0141262372398876,7.1573518123683,0.439640287442696,0.50788351443428,0.649996822108068,0.649996822108068,"gpath_trio"
"11295","CCDC83","Exc L3-4 RORB CUX2",-0.245047967572903,0.0874624049647214,7.79008862425411,0.00564285163518611,0.0184393475445222,0.0184393475445222,"gpath_trio"
"11296","PICALM","Exc L3-4 RORB CUX2",0.0304554473396961,7.15929370437595,4.28747159595853,0.0393812138960459,0.0911351216279797,0.0911351216279797,"gpath_trio"
"11297","EED","Exc L3-4 RORB CUX2",-0.00356245580851712,4.51848167759355,0.0240647835157828,0.876840545217211,0.934135914969647,0.934135914969647,"gpath_trio"
"11298","HIKESHI","Exc L3-4 RORB CUX2",-0.000885164366614951,4.43744508873308,0.00121816220346616,0.972184521386051,0.985619232108723,0.985619232108723,"gpath_trio"
"11299","CCDC81","Exc L3-4 RORB CUX2",-0.0424743317955653,1.45194610169513,0.440205464398211,0.507611135021342,0.64981311224972,0.64981311224972,"gpath_trio"
"11300","AP001831.1","Exc L3-4 RORB CUX2",-0.311394369313635,4.49638086799401,76.592308896349,2.71009235243938e-16,2.93957597905723e-14,2.93957597905723e-14,"gpath_trio"
"11301","ME3","Exc L3-4 RORB CUX2",0.0932554851036872,7.29400174762753,38.737230084112,1.93209051988225e-09,3.99384490149839e-08,3.99384490149839e-08,"gpath_trio"
"11302","AP003059.1","Exc L3-4 RORB CUX2",0.140343432675871,1.69901496792488,6.20000093077538,0.0134002574136024,0.0377795127612394,0.0377795127612394,"gpath_trio"
"11303","AP003059.2","Exc L3-4 RORB CUX2",0.0808587375223696,2.38566787908322,3.06103871472232,0.188382500557835,0.310939781457443,0.310939781457443,"gpath_trio"
"11304","PRSS23","Exc L3-4 RORB CUX2",-0.0541636298745052,4.93042378478691,2.59828167763475,0.10819280257801,0.203200218787899,0.203200218787899,"gpath_trio"
"11305","AP001528.2","Exc L3-4 RORB CUX2",0.0595581474014758,5.12162031392155,3.54127355205119,0.0609764674855776,0.129349393336314,0.129349393336314,"gpath_trio"
"11306","FZD4","Exc L3-4 RORB CUX2",0.00220402072005628,3.35088754405436,0.00435889852262939,0.947411082116884,0.974448147491389,0.974448147491389,"gpath_trio"
"11307","AP001528.1","Exc L3-4 RORB CUX2",-0.00433695843285502,1.70876957506273,0.00758131718314918,0.930682285443527,0.965820436645396,0.965820436645396,"gpath_trio"
"11308","TMEM135","Exc L3-4 RORB CUX2",0.0718808507483275,6.71243547081413,21.2475128875585,6.33260752209604e-06,5.29028392373861e-05,5.29028392373861e-05,"gpath_trio"
"11309","RAB38","Exc L3-4 RORB CUX2",-0.0298866092558818,-0.0315785640090543,0.0996798218205459,0.752467475001109,0.850716240299657,0.850716240299657,"gpath_trio"
"11310","CTSC","Exc L3-4 RORB CUX2",-0.0540678374933631,2.25804024334464,1.42668612734151,0.233394512247616,0.365613346113491,0.365613346113491,"gpath_trio"
"11311","GRM5-AS1","Exc L3-4 RORB CUX2",-0.249235975316876,2.35201598839993,16.5899161735264,6.16459889207749e-05,0.000385775802523539,0.000385775802523539,"gpath_trio"
"11312","GRM5","Exc L3-4 RORB CUX2",0.161533314969578,10.2640382634527,71.3682571795697,2.12653557980481e-15,1.93256105056586e-13,1.93256105056586e-13,"gpath_trio"
"11313","TYR","Exc L3-4 RORB CUX2",-0.320735381527074,-0.059453124560687,7.54341118006305,0.0064438156018032,0.0205669956915646,0.0205669956915646,"gpath_trio"
"11314","NOX4","Exc L3-4 RORB CUX2",-0.0546045972070858,2.3628401813451,0.251396185783388,0.616517939887804,0.74289251849946,0.74289251849946,"gpath_trio"
"11315","AP003400.1","Exc L3-4 RORB CUX2",-0.178422538013508,1.56995732217358,2.43286158915945,0.120032145190765,0.220249979920299,0.220249979920299,"gpath_trio"
"11316","NAALAD2","Exc L3-4 RORB CUX2",0.0737958571994744,6.44786226999952,6.93061776979299,0.00898027407501901,0.0270575014133077,0.0270575014133077,"gpath_trio"
"11317","CHORDC1","Exc L3-4 RORB CUX2",0.0872150336109844,5.42686141013012,13.0783897143389,0.00035874486144085,0.00176383288480476,0.00176383288480476,"gpath_trio"
"11318","FAT3","Exc L3-4 RORB CUX2",0.120114611979318,9.31050984767153,45.297924136926,1.07579361096467e-10,3.00611303340888e-09,3.00611303340888e-09,"gpath_trio"
"11319","AP000722.1","Exc L3-4 RORB CUX2",-0.305852240870314,0.460066975900036,14.3205157681078,0.000191429583715598,0.00102415588742036,0.00102415588742036,"gpath_trio"
"11320","AP003718.1","Exc L3-4 RORB CUX2",-0.287833580613636,0.746283196577322,18.2002916540477,2.78686078743384e-05,0.000192947551086059,0.000192947551086059,"gpath_trio"
"11321","SLC36A4","Exc L3-4 RORB CUX2",0.0414862664915147,6.30784307559829,4.6538323326791,0.0319007096470971,0.0765366651361856,0.0765366651361856,"gpath_trio"
"11322","DEUP1","Exc L3-4 RORB CUX2",-0.13209052771166,1.89491382970798,2.84770109883758,0.0927038787959913,0.179769570717462,0.179769570717462,"gpath_trio"
"11323","SMCO4","Exc L3-4 RORB CUX2",0.0410174796706533,4.17111894761593,0.730971998896563,0.393355418363978,0.541407120036379,0.541407120036379,"gpath_trio"
"11324","CEP295","Exc L3-4 RORB CUX2",0.0399856557016744,6.15217627246525,5.07579448558426,0.0250960861446477,0.0628180568198844,0.0628180568198844,"gpath_trio"
"11325","TAF1D","Exc L3-4 RORB CUX2",-0.0499776301416214,7.00949154536314,3.67072815517855,0.0564725827850396,0.121360711300402,0.121360711300402,"gpath_trio"
"11326","AP001273.2","Exc L3-4 RORB CUX2",0.138011451347763,1.8575976492848,11.7936978887979,0.000691495557460041,0.00309745179213062,0.00309745179213062,"gpath_trio"
"11327","MED17","Exc L3-4 RORB CUX2",-0.0220934614628875,0.960315337833621,0.135132951285299,0.833544541039149,0.905100167678408,0.905100167678408,"gpath_trio"
"11328","VSTM5","Exc L3-4 RORB CUX2",0.0369794596426809,3.69491491083552,1.10861951024733,0.293359740693889,0.435923456470443,0.435923456470443,"gpath_trio"
"11329","HEPHL1","Exc L3-4 RORB CUX2",0.00812318003037107,0.991784616195861,0.0132827274122295,0.908335357059927,0.953071865440193,0.953071865440193,"gpath_trio"
"11330","PANX1","Exc L3-4 RORB CUX2",-0.0648428772719961,2.3586557718136,2.96871798780204,0.0860780412643406,0.169957377422986,0.169957377422986,"gpath_trio"
"11331","AP002784.1","Exc L3-4 RORB CUX2",0.0928155108905233,-0.0752494293911053,1.01858118599068,0.313794082276978,0.458487515204087,0.458487515204087,"gpath_trio"
"11332","GPR83","Exc L3-4 RORB CUX2",-0.0373375709861714,2.59727380114205,0.358289665805991,0.549978745688907,0.688062961105001,0.688062961105001,"gpath_trio"
"11333","MRE11","Exc L3-4 RORB CUX2",0.0346599340837891,4.87144375458532,2.73266745913881,0.0995218519556459,0.190273259633116,0.190273259633116,"gpath_trio"
"11334","ANKRD49","Exc L3-4 RORB CUX2",-0.0614774108199218,4.29835122193768,2.22223156992406,0.137248448199582,0.244480614729521,0.244480614729521,"gpath_trio"
"11335","C11orf97","Exc L3-4 RORB CUX2",-0.204437413575115,0.695757815842956,7.90911330972544,0.00529368595678028,0.0174509990486997,0.0174509990486997,"gpath_trio"
"11336","PIWIL4","Exc L3-4 RORB CUX2",0.1202552174487,3.70446644724164,11.9230712847715,0.000647062814595958,0.00292832935946017,0.00292832935946017,"gpath_trio"
"11337","AP000943.3","Exc L3-4 RORB CUX2",0.185324636320673,4.22787249323301,5.67987849998044,0.0178791322308678,0.0477700295004313,0.0477700295004313,"gpath_trio"
"11338","AMOTL1","Exc L3-4 RORB CUX2",0.293002193732397,2.08494959855487,12.1053517843334,0.000589337109575129,0.0026974667704275,0.0026974667704275,"gpath_trio"
"11339","CWC15","Exc L3-4 RORB CUX2",-0.168430738372555,4.11814221059285,46.165635862385,7.38158289884423e-11,2.16773558928941e-09,2.16773558928941e-09,"gpath_trio"
"11340","KDM4D","Exc L3-4 RORB CUX2",0.0359498585106809,1.43524700952667,0.414508318371398,0.752230708147297,0.850635900243616,0.850635900243616,"gpath_trio"
"11341","SRSF8","Exc L3-4 RORB CUX2",-0.077012281147498,4.44558303894457,7.39815357407374,0.0069692615494161,0.0219010672522539,0.0219010672522539,"gpath_trio"
"11342","ENDOD1","Exc L3-4 RORB CUX2",-0.01533359860152,4.3675816115853,0.317570867399181,0.573556819900465,0.707694259769548,0.707694259769548,"gpath_trio"
"11343","AP000787.1","Exc L3-4 RORB CUX2",-0.155737565158331,4.01924592186028,14.6569358749421,0.000161646365666825,0.000883459505516412,0.000883459505516412,"gpath_trio"
"11344","SESN3","Exc L3-4 RORB CUX2",0.0723170619937336,6.9219773678675,9.3083893734982,0.00251710158744465,0.00929572112881123,0.00929572112881123,"gpath_trio"
"11345","AP001790.1","Exc L3-4 RORB CUX2",0.0955175969320477,0.682154170496074,0.53267853617855,0.466139944563422,0.611587005369516,0.611587005369516,"gpath_trio"
"11346","FAM76B","Exc L3-4 RORB CUX2",-0.00845870767561859,4.07905359683786,0.121308669930455,0.727901277505773,0.831940192254644,0.831940192254644,"gpath_trio"
"11347","CEP57","Exc L3-4 RORB CUX2",0.0187528981240621,6.36435206876587,1.24843891004669,0.264882234051235,0.403472938617114,0.403472938617114,"gpath_trio"
"11348","MTMR2","Exc L3-4 RORB CUX2",0.0530694155517511,6.16276834665827,10.0788160458789,0.00168046756945548,0.00657808172560424,0.00657808172560424,"gpath_trio"
"11349","MAML2","Exc L3-4 RORB CUX2",0.112106254433534,5.24987665246703,3.27861491648639,0.0713423283311667,0.146444614786926,0.146444614786926,"gpath_trio"
"11350","CCDC82","Exc L3-4 RORB CUX2",0.00828126400876748,6.01294337892067,0.144642740024937,0.704018945510777,0.814238834308641,0.814238834308641,"gpath_trio"
"11351","JRKL","Exc L3-4 RORB CUX2",0.0409775895758295,2.97802569840133,1.45226794012043,0.673360246450292,0.789644441533053,0.789644441533053,"gpath_trio"
"11352","AP003781.1","Exc L3-4 RORB CUX2",-0.278100347298191,-0.535420234903446,4.04964653725802,0.0452117563953609,0.101711327528591,0.101711327528591,"gpath_trio"
"11353","AP003066.1","Exc L3-4 RORB CUX2",0.504372945081782,-1.19910070229759,3.03346592681094,0.0827462494647724,0.164798181930087,0.164798181930087,"gpath_trio"
"11354","CNTN5","Exc L3-4 RORB CUX2",0.24294979283477,9.42458170132831,20.0669177316,1.12098164460134e-05,8.77942728254347e-05,8.77942728254347e-05,"gpath_trio"
"11355","TRPC6","Exc L3-4 RORB CUX2",0.28809054058765,5.64219214519209,13.7823781829374,0.000251112581685886,0.00130169484468467,0.00130169484468467,"gpath_trio"
"11356","ANGPTL5","Exc L3-4 RORB CUX2",-0.0281289893725808,2.07571094699674,0.173242397615845,0.67758947732965,0.793036762102662,0.793036762102662,"gpath_trio"
"11357","CEP126","Exc L3-4 RORB CUX2",0.135504785557895,7.81615050246907,30.8394575172808,6.91669310369732e-08,9.64369615529326e-07,9.64369615529326e-07,"gpath_trio"
"11358","CFAP300","Exc L3-4 RORB CUX2",0.135633038564801,2.44505883388516,6.40803682674368,0.0119504301620535,0.034302954862891,0.034302954862891,"gpath_trio"
"11359","AP001527.1","Exc L3-4 RORB CUX2",-0.0761256988260675,-1.22782346081424,0.29836637747981,0.585376762443231,0.717424481120911,0.717424481120911,"gpath_trio"
"11360","YAP1","Exc L3-4 RORB CUX2",-0.0565583703002666,0.916465814144719,0.192442233271537,0.661255985136129,0.779938000591722,0.779938000591722,"gpath_trio"
"11361","BIRC3","Exc L3-4 RORB CUX2",-0.0314910076868018,-0.315694432372929,0.0739463114920418,0.785891099882354,0.874778093248358,0.874778093248358,"gpath_trio"
"11362","BIRC2","Exc L3-4 RORB CUX2",-0.0500738763841275,4.46581408326402,6.14396247897066,0.023406976950694,0.0593037498405438,0.0593037498405438,"gpath_trio"
"11363","MMP20","Exc L3-4 RORB CUX2",0.0384615787928082,-0.0254040467087914,0.248770736228284,0.959837653794769,0.979750116174416,0.979750116174416,"gpath_trio"
"11364","DCUN1D5","Exc L3-4 RORB CUX2",0.00224099428775853,4.53760588375811,0.00973212684217645,0.921490956397845,0.959869070121716,0.959869070121716,"gpath_trio"
"11365","DYNC2H1","Exc L3-4 RORB CUX2",0.0740291694345817,7.40577521647576,16.6806020046942,5.89380329790255e-05,0.000370428291386866,0.000370428291386866,"gpath_trio"
"11366","AP002989.1","Exc L3-4 RORB CUX2",-0.0141924299998203,0.982632618079283,0.0274332900028793,0.868576864655375,0.929057261226409,0.929057261226409,"gpath_trio"
"11367","PDGFD","Exc L3-4 RORB CUX2",0.0319283069848936,2.30409151239852,0.166708766098959,0.68338959503537,0.797327381438734,0.797327381438734,"gpath_trio"
"11368","LINC02552","Exc L3-4 RORB CUX2",0.146848175961962,5.4073615279522,6.32686210170556,0.0124958137133528,0.035663183147106,0.035663183147106,"gpath_trio"
"11369","CARD16","Exc L3-4 RORB CUX2",-0.0578563981450878,-1.34240500371233,0.124543426621568,0.72444401001385,0.82935129671619,0.82935129671619,"gpath_trio"
"11370","AP003181.1","Exc L3-4 RORB CUX2",0.145563036844896,2.71320705681583,4.46779651078041,0.0354920230196435,0.0836603744795378,0.0836603744795378,"gpath_trio"
"11371","GRIA4","Exc L3-4 RORB CUX2",0.129873512265847,9.83616448849341,53.6695759080144,2.98411209021772e-12,1.26746234568721e-10,1.26746234568721e-10,"gpath_trio"
"11372","MSANTD4","Exc L3-4 RORB CUX2",0.0842054355189206,4.50421703344087,12.8425260891919,0.000404466462901789,0.00195451757821404,0.00195451757821404,"gpath_trio"
"11373","KBTBD3","Exc L3-4 RORB CUX2",-0.00159146100756858,4.23477888580149,0.00429713439397598,0.947784455798566,0.974495535405976,0.974495535405976,"gpath_trio"
"11374","AASDHPPT","Exc L3-4 RORB CUX2",-0.0540420470245805,5.6945380653935,8.04986479913762,0.00490923739529828,0.0163465694751845,0.0163465694751845,"gpath_trio"
"11375","GUCY1A2","Exc L3-4 RORB CUX2",0.134881770235433,8.36005877361492,67.1105874955589,1.16946283102086e-14,9.0398132627762e-13,9.0398132627762e-13,"gpath_trio"
"11376","AP000766.1","Exc L3-4 RORB CUX2",0.0449204806498288,3.08687535470125,1.47937967471171,0.224974629004114,0.3555135115747,0.3555135115747,"gpath_trio"
"11377","CWF19L2","Exc L3-4 RORB CUX2",0.0371264148485001,5.9744582092452,2.19339443295069,0.139814352006569,0.247709297930962,0.247709297930962,"gpath_trio"
"11378","ALKBH8","Exc L3-4 RORB CUX2",0.0772164235233999,4.57273747535334,14.3878917030312,0.000185048662624462,0.000995561804919604,0.000995561804919604,"gpath_trio"
"11379","ELMOD1","Exc L3-4 RORB CUX2",0.0063361491725776,7.01521794875516,0.103900123150614,0.747457629042378,0.846808045032007,0.846808045032007,"gpath_trio"
"11380","SLN","Exc L3-4 RORB CUX2",-0.261320094055122,-1.45346255021487,2.10637954185388,0.14789145779498,0.258665813698633,0.258665813698633,"gpath_trio"
"11381","SLC35F2","Exc L3-4 RORB CUX2",0.00224410506178701,3.16881920184564,0.0034426552942692,0.953256722047653,0.977100205166292,0.977100205166292,"gpath_trio"
"11382","RAB39A","Exc L3-4 RORB CUX2",0.14940216039384,2.77333888123961,7.67486820278788,0.00600340670513975,0.0193820979798679,0.0193820979798679,"gpath_trio"
"11383","CUL5","Exc L3-4 RORB CUX2",-0.0185969818110502,6.60345524950016,1.42371400695134,0.233880696557525,0.36617593147975,0.36617593147975,"gpath_trio"
"11384","AP002433.1","Exc L3-4 RORB CUX2",-0.420720255359323,0.5237804699104,37.445523199015,3.44158500471183e-09,6.79393125930149e-08,6.79393125930149e-08,"gpath_trio"
"11385","ACAT1","Exc L3-4 RORB CUX2",-0.0387703062429274,5.79477596069077,6.21841844116269,0.0132648577617868,0.0374710872786403,0.0374710872786403,"gpath_trio"
"11386","NPAT","Exc L3-4 RORB CUX2",0.0114408512483746,5.09986702223649,0.413607611947718,0.520710849410911,0.661462119812689,0.661462119812689,"gpath_trio"
"11387","ATM","Exc L3-4 RORB CUX2",0.0606564432827163,6.36212050482781,24.6888241529146,1.22281047563584e-06,1.24471247961418e-05,1.24471247961418e-05,"gpath_trio"
"11388","C11orf65","Exc L3-4 RORB CUX2",-0.0661132892359911,1.8321248463705,1.62219324563681,0.203923639909365,0.330534219906117,0.330534219906117,"gpath_trio"
"11389","KDELC2","Exc L3-4 RORB CUX2",-0.0117308363372542,0.0330306387392874,0.0125550203239977,0.910870860450226,0.95449122783895,0.95449122783895,"gpath_trio"
"11390","EXPH5","Exc L3-4 RORB CUX2",0.0603174272981668,2.64896705285581,0.716129719145003,0.398194531076197,0.546439873450743,0.546439873450743,"gpath_trio"
"11391","DDX10","Exc L3-4 RORB CUX2",0.0499236837963471,6.60146451842283,9.66024557964699,0.00209207428518929,0.00792630961571719,0.00792630961571719,"gpath_trio"
"11392","AP003123.1","Exc L3-4 RORB CUX2",0.0544449185002157,-0.712824682555154,0.232288248251357,0.721619260867688,0.827620293786914,0.827620293786914,"gpath_trio"
"11393","AP003049.2","Exc L3-4 RORB CUX2",-0.175164260437137,3.37021327163236,19.5756732903556,1.42323472998855e-05,0.000107865366932829,0.000107865366932829,"gpath_trio"
"11394","C11orf87","Exc L3-4 RORB CUX2",0.00717016116565594,6.39125799404201,0.0967295060264205,0.756039423447544,0.853797669636395,0.853797669636395,"gpath_trio"
"11395","AP002444.1","Exc L3-4 RORB CUX2",-0.329642637309123,-0.650402307189251,7.15592903517305,0.00794559915007245,0.0244214599105289,0.0244214599105289,"gpath_trio"
"11396","RDX","Exc L3-4 RORB CUX2",-0.0164059233996944,5.55073667976022,0.780630827074999,0.452699403161736,0.598781253444438,0.598781253444438,"gpath_trio"
"11397","ZC3H12C","Exc L3-4 RORB CUX2",0.12555321255,5.08160021857716,32.0003994392774,4.05755968207985e-08,6.04142188826281e-07,6.04142188826281e-07,"gpath_trio"
"11398","FDX1","Exc L3-4 RORB CUX2",0.0375928665195071,4.71099545153708,3.33063210404229,0.0691480549544029,0.142980630183979,0.142980630183979,"gpath_trio"
"11399","ARHGAP20","Exc L3-4 RORB CUX2",0.0714534081078891,6.17757259820684,18.4188939866347,2.5036461820828e-05,0.000175446549925393,0.000175446549925393,"gpath_trio"
"11400","LINC02550","Exc L3-4 RORB CUX2",0.207562496334642,-0.916253954280055,1.93800780755502,0.16507456692044,0.280706707899696,0.280706707899696,"gpath_trio"
"11401","COLCA1","Exc L3-4 RORB CUX2",-0.0528160816199884,-0.0651946039776061,0.370767197386729,0.543118007953387,0.681515475212066,0.681515475212066,"gpath_trio"
"11402","COLCA2","Exc L3-4 RORB CUX2",-0.127203737287621,1.44323729962231,5.11316646218001,0.024571604550362,0.0617119534175965,0.0617119534175965,"gpath_trio"
"11403","SIK2","Exc L3-4 RORB CUX2",0.0369872204315837,7.03975533413278,2.76776160755661,0.0973853380511395,0.186887586338984,0.186887586338984,"gpath_trio"
"11404","PPP2R1B","Exc L3-4 RORB CUX2",0.0930809230594949,2.9661612240845,7.47389662941601,0.00761801813361068,0.0235943377104077,0.0235943377104077,"gpath_trio"
"11405","AP001781.1","Exc L3-4 RORB CUX2",0.175530365758482,0.480088051859376,5.94914810490831,0.0153938006514004,0.0423578215778693,0.0423578215778693,"gpath_trio"
"11406","ALG9","Exc L3-4 RORB CUX2",-0.0595918738201559,2.16292225328066,2.25017320233227,0.134812719170838,0.241270878139951,0.241270878139951,"gpath_trio"
"11407","C11orf1","Exc L3-4 RORB CUX2",-0.0615776192561413,2.3358345425016,2.46597695535284,0.117551464135963,0.216624112983472,0.216624112983472,"gpath_trio"
"11408","CRYAB","Exc L3-4 RORB CUX2",0.906748221195713,-0.462701050014578,5.84855110034921,0.0162774528418531,0.0442644037045944,0.0442644037045944,"gpath_trio"
"11409","DIXDC1","Exc L3-4 RORB CUX2",0.155863290494564,5.1698350124784,28.8054615786504,1.77242269653011e-07,2.24192024467053e-06,2.24192024467053e-06,"gpath_trio"
"11410","DLAT","Exc L3-4 RORB CUX2",-0.0363023423111384,4.29289826966583,3.19240929628746,0.0751458649014649,0.152860236376997,0.152860236376997,"gpath_trio"
"11411","PIH1D2","Exc L3-4 RORB CUX2",0.0692929482128936,0.470296841738141,1.11036928284891,0.329501313404454,0.475854616888681,0.475854616888681,"gpath_trio"
"11412","NKAPD1","Exc L3-4 RORB CUX2",-0.0531961504059356,3.43399812419242,4.02570257563882,0.0458474518765322,0.102889025762963,0.102889025762963,"gpath_trio"
"11413","TIMM8B","Exc L3-4 RORB CUX2",-0.155899292640698,3.25300500456556,18.5108096989667,2.393433644123e-05,0.000168249211742793,0.000168249211742793,"gpath_trio"
"11414","AP002884.3","Exc L3-4 RORB CUX2",0.0587675763964522,4.06945144769447,3.46306259534777,0.0638826712020653,0.134183538938227,0.134183538938227,"gpath_trio"
"11415","IL18","Exc L3-4 RORB CUX2",-0.512498730175472,0.522887603165134,16.5119622752165,6.40743384404325e-05,0.000398489450689188,0.000398489450689188,"gpath_trio"
"11416","BCO2","Exc L3-4 RORB CUX2",-0.00838025947878572,5.20455667428299,0.0794252117092608,0.778302042578693,0.869448710355766,0.869448710355766,"gpath_trio"
"11417","PTS","Exc L3-4 RORB CUX2",-0.0876651131446782,4.97185332590638,11.2342860679803,0.00092234752235467,0.00395165879454352,0.00395165879454352,"gpath_trio"
"11418","PLET1","Exc L3-4 RORB CUX2",-0.48453208973814,0.0591636940422916,26.7623492246873,4.60095060544791e-07,5.17992067326516e-06,5.17992067326516e-06,"gpath_trio"
"11419","AP002884.1","Exc L3-4 RORB CUX2",-0.00548886004523973,3.27408445324327,0.0133903312292323,0.907966470706626,0.952798787938934,0.952798787938934,"gpath_trio"
"11420","AP003063.1","Exc L3-4 RORB CUX2",-0.000633924160895973,2.56471078598214,0.000105682927884319,0.991805598831049,0.996360392754633,0.996360392754633,"gpath_trio"
"11421","NCAM1","Exc L3-4 RORB CUX2",0.0676524151694876,8.70464898275333,18.3024621042745,2.65066438423063e-05,0.000184467588657651,0.000184467588657651,"gpath_trio"
"11422","NCAM1-AS1","Exc L3-4 RORB CUX2",-0.0917032030076702,-0.732618990000577,0.566975139377148,0.452144644970338,0.598327358433981,0.598327358433981,"gpath_trio"
"11423","AP000880.1","Exc L3-4 RORB CUX2",-0.141784117080265,-1.11602587101527,1.01917385445471,0.313653613440645,0.458348663708896,0.458348663708896,"gpath_trio"
"11424","TTC12","Exc L3-4 RORB CUX2",-0.000952568923769709,3.31999403374187,0.000121840633436814,0.991201478422923,0.996039738366413,0.996039738366413,"gpath_trio"
"11425","ANKK1","Exc L3-4 RORB CUX2",-0.0855064124746708,-0.0177022815298145,0.393105862676897,0.531221477115865,0.671053365525802,0.671053365525802,"gpath_trio"
"11426","DRD2","Exc L3-4 RORB CUX2",-0.0373260624046199,1.19371441396716,0.345225237163794,0.557338444609509,0.69363512399924,0.69363512399924,"gpath_trio"
"11427","TMPRSS5","Exc L3-4 RORB CUX2",-0.0184140881527198,2.23359738987312,0.139144000646711,0.709437397220948,0.817926709465262,0.817926709465262,"gpath_trio"
"11428","ZW10","Exc L3-4 RORB CUX2",-0.0135734905382767,3.59464837578863,0.212058203042247,0.723623902961048,0.828842100017883,0.828842100017883,"gpath_trio"
"11429","USP28","Exc L3-4 RORB CUX2",0.0285983803654212,6.35565069474425,2.28060439261159,0.132215106966616,0.237591501117973,0.237591501117973,"gpath_trio"
"11430","AP003170.3","Exc L3-4 RORB CUX2",-0.516135979119038,0.171903358182445,34.0878693420965,1.56543462396753e-08,2.59086493343273e-07,2.59086493343273e-07,"gpath_trio"
"11431","HTR3B","Exc L3-4 RORB CUX2",-0.0133524861742152,3.84530751699269,0.0659826581684901,0.79748158501738,0.881696129862211,0.881696129862211,"gpath_trio"
"11432","HTR3A","Exc L3-4 RORB CUX2",-0.0561343927983002,-0.179166418656134,0.309570963381056,0.578423954786246,0.711361204026646,0.711361204026646,"gpath_trio"
"11433","ZBTB16","Exc L3-4 RORB CUX2",0.0828246609844561,8.09823544508348,16.3637737111335,6.89611712074653e-05,0.000423270955007792,0.000423270955007792,"gpath_trio"
"11434","AP002518.2","Exc L3-4 RORB CUX2",-0.156926052992997,2.2305936073061,9.1351934051897,0.0027577723406728,0.0100357245622427,0.0100357245622427,"gpath_trio"
"11435","NNMT","Exc L3-4 RORB CUX2",-0.0024242031040211,3.23296915935051,0.00206225034796835,0.963813768992053,0.98131894244939,0.98131894244939,"gpath_trio"
"11436","C11orf71","Exc L3-4 RORB CUX2",-0.0707607058902366,2.07698157570823,2.47590152681782,0.116819152006882,0.215668593680349,0.215668593680349,"gpath_trio"
"11437","AP002373.1","Exc L3-4 RORB CUX2",0.172008558600035,0.764344041108915,4.74335852175431,0.0303105255625432,0.0733671089651241,0.0733671089651241,"gpath_trio"
"11438","REXO2","Exc L3-4 RORB CUX2",-0.0481536471724777,3.46280078152747,3.12420279355351,0.208312858808259,0.335956897793988,0.335956897793988,"gpath_trio"
"11439","NXPE1","Exc L3-4 RORB CUX2",-0.0950331169819317,-0.357233646904477,0.869367776852473,0.351995389495864,0.499402741426093,0.499402741426093,"gpath_trio"
"11440","NXPE2","Exc L3-4 RORB CUX2",-0.0356408792374373,-0.56947404691827,0.116834768963551,0.997830931859388,0.999007436259013,0.999007436259013,"gpath_trio"
"11441","CADM1","Exc L3-4 RORB CUX2",0.0772767234461022,8.39610411245871,10.6031582606495,0.00127888064279829,0.00522825065216928,0.00522825065216928,"gpath_trio"
"11442","AP000462.1","Exc L3-4 RORB CUX2",-0.32586269856677,3.36110167523443,36.1907086923865,6.04740804323716e-09,1.11625304000283e-07,1.11625304000283e-07,"gpath_trio"
"11443","AP003174.1","Exc L3-4 RORB CUX2",-0.156183423918248,-0.0892883669845255,1.25211494743047,0.264181611064176,0.402679359566315,0.402679359566315,"gpath_trio"
"11444","AP002991.1","Exc L3-4 RORB CUX2",-0.119043004927247,2.30940639406322,2.68615719322331,0.102433081575088,0.194744031833063,0.194744031833063,"gpath_trio"
"11445","LINC00900","Exc L3-4 RORB CUX2",-0.00574459017048547,0.815834052966275,0.00793352337116512,0.929094587142963,0.965165712147123,0.965165712147123,"gpath_trio"
"11446","BUD13","Exc L3-4 RORB CUX2",-0.0558525934790815,3.18316069343194,3.55850693601519,0.0603553421288384,0.128243183512303,0.128243183512303,"gpath_trio"
"11447","ZPR1","Exc L3-4 RORB CUX2",-0.138188888400513,3.08313740031842,21.4852779591368,5.64709896380241e-06,4.78497360750583e-05,4.78497360750583e-05,"gpath_trio"
"11448","APOA1","Exc L3-4 RORB CUX2",-0.115949598861485,0.604422641586994,2.15172605499889,0.143618180410606,0.252681328140226,0.252681328140226,"gpath_trio"
"11449","APOA1-AS","Exc L3-4 RORB CUX2",-0.255545553777004,0.979489723843403,9.7331592093628,0.00201359264808656,0.00768379642049296,0.00768379642049296,"gpath_trio"
"11450","SIK3","Exc L3-4 RORB CUX2",0.0285159616880499,8.14138363496334,2.16333695525386,0.142546616609166,0.251343994938815,0.251343994938815,"gpath_trio"
"11451","AP000936.1","Exc L3-4 RORB CUX2",-0.0418311059217297,-0.909418916777945,0.128376211424367,0.720412340534473,0.826669028999805,0.826669028999805,"gpath_trio"
"11452","PAFAH1B2","Exc L3-4 RORB CUX2",-0.0954573452016983,5.84599332857961,22.3072072411155,3.80453796540887e-06,3.37985704324632e-05,3.37985704324632e-05,"gpath_trio"
"11453","SIDT2","Exc L3-4 RORB CUX2",0.0467766610056497,3.92862915636968,3.30374393340651,0.106110466518477,0.200091472288089,0.200091472288089,"gpath_trio"
"11454","TAGLN","Exc L3-4 RORB CUX2",0.0775334121741525,3.12971664683974,3.42052248453522,0.065525475016333,0.136963992794708,0.136963992794708,"gpath_trio"
"11455","PCSK7","Exc L3-4 RORB CUX2",0.0379636190601232,6.3921208000166,2.49341025320719,0.115539542939078,0.213854154017973,0.213854154017973,"gpath_trio"
"11456","RNF214","Exc L3-4 RORB CUX2",-0.0340646075729763,4.74834462426788,2.79570447856197,0.095720143157932,0.184340768252318,0.184340768252318,"gpath_trio"
"11457","BACE1","Exc L3-4 RORB CUX2",0.0307424932114544,5.32310458944218,3.80834029226738,0.0520716734106767,0.113890027947555,0.113890027947555,"gpath_trio"
"11458","BACE1-AS","Exc L3-4 RORB CUX2",-0.105093730909199,1.83576539015256,5.64887704808389,0.0181908972269042,0.0484234531670132,0.0484234531670132,"gpath_trio"
"11459","CEP164","Exc L3-4 RORB CUX2",0.00250470530141946,5.32846543395317,0.0164604326178115,0.898012154779189,0.947471046421287,0.947471046421287,"gpath_trio"
"11460","AP000892.1","Exc L3-4 RORB CUX2",-0.343518886146915,2.04711614275878,36.5414180843308,5.16442982579766e-09,9.73760483509045e-08,9.73760483509045e-08,"gpath_trio"
"11461","DSCAML1","Exc L3-4 RORB CUX2",0.150627895631958,6.05537739716721,15.4423008961882,0.000109093449657539,0.000627948743749174,0.000627948743749174,"gpath_trio"
"11462","FXYD6-FXYD2","Exc L3-4 RORB CUX2",0.196299793417238,0.566616733551702,6.35097253594523,0.0123311886538016,0.0352631794600209,0.0352631794600209,"gpath_trio"
"11463","AP000757.1","Exc L3-4 RORB CUX2",-0.141592844616007,0.480745447734003,3.21636041820749,0.0740676119867739,0.151108713907692,0.151108713907692,"gpath_trio"
"11464","TMPRSS13","Exc L3-4 RORB CUX2",0.0497345270247837,-1.47272818186721,0.0984129578719257,0.753994053900078,0.851964717862451,0.851964717862451,"gpath_trio"
"11465","SMIM35","Exc L3-4 RORB CUX2",-0.14094901379878,1.23952527184594,5.03233153041624,0.0257207955530643,0.0641034033703611,0.0641034033703611,"gpath_trio"
"11466","SCN4B","Exc L3-4 RORB CUX2",-0.0562978022984396,4.29820765494536,2.36094680223552,0.125622649226796,0.228163211032644,0.228163211032644,"gpath_trio"
"11467","SCN2B","Exc L3-4 RORB CUX2",-0.0417026800387551,5.40447274433171,1.50791824159437,0.220567493529715,0.350585249435869,0.350585249435869,"gpath_trio"
"11468","MPZL3","Exc L3-4 RORB CUX2",0.0463590966192478,1.02993185765244,0.556885092735942,0.456192195581114,0.602019724349095,0.602019724349095,"gpath_trio"
"11469","UBE4A","Exc L3-4 RORB CUX2",0.0647707113669364,5.63318435932691,16.255090319919,7.27838741145334e-05,0.000442293572367684,0.000442293572367684,"gpath_trio"
"11470","ATP5MG","Exc L3-4 RORB CUX2",-0.112810876569607,5.97719207318088,37.0592459129016,4.09250053509876e-09,7.93905752842475e-08,7.93905752842475e-08,"gpath_trio"
"11471","AP001267.2","Exc L3-4 RORB CUX2",-0.311377358962611,0.519520806226299,17.8508298282175,3.30861194984142e-05,0.000224373936430422,0.000224373936430422,"gpath_trio"
"11472","KMT2A","Exc L3-4 RORB CUX2",0.0968111622388935,7.86551502870823,42.3013881746188,3.98772042157248e-10,9.60050829417957e-09,9.60050829417957e-09,"gpath_trio"
"11473","AP001267.3","Exc L3-4 RORB CUX2",-0.321934449683796,2.19079552266179,60.5355590375541,1.70496090664528e-13,9.60826432725378e-12,9.60826432725378e-12,"gpath_trio"
"11474","TTC36","Exc L3-4 RORB CUX2",-0.0318126506554412,-1.01045772766953,0.0608098588749721,0.805415053235618,0.887391048253423,0.887391048253423,"gpath_trio"
"11475","TMEM25","Exc L3-4 RORB CUX2",-0.0149219074044083,5.09668068361761,0.65939406946414,0.417516747741203,0.565976036969489,0.565976036969489,"gpath_trio"
"11476","IFT46","Exc L3-4 RORB CUX2",0.048897733585099,3.78928594523424,3.48148723165702,0.0631849181220053,0.133036497924385,0.133036497924385,"gpath_trio"
"11477","ARCN1","Exc L3-4 RORB CUX2",-0.0972931050791248,4.37450902267952,19.28228408862,1.64185464788173e-05,0.00012210242661905,0.00012210242661905,"gpath_trio"
"11478","PHLDB1","Exc L3-4 RORB CUX2",-0.0863649298009643,-1.75492064426477,2.58228091240174,0.109375160772497,0.205002217445665,0.205002217445665,"gpath_trio"
"11479","AP002954.1","Exc L3-4 RORB CUX2",-0.417222950465922,3.29796379612043,76.1442203666833,3.22959729685345e-16,3.44746695576816e-14,3.44746695576816e-14,"gpath_trio"
"11480","DDX6","Exc L3-4 RORB CUX2",-0.0270474244883007,6.23266233083252,2.32740828775065,0.128328809580721,0.23203385313596,0.23203385313596,"gpath_trio"
"11481","AP004609.3","Exc L3-4 RORB CUX2",0.0119796405425844,-0.103394752225468,0.0183167855806974,0.892448156392805,0.944154766053396,0.944154766053396,"gpath_trio"
"11482","BCL9L","Exc L3-4 RORB CUX2",0.0776661793143495,2.80524949824192,3.72449922473924,0.0547074964093526,0.118323728565468,0.118323728565468,"gpath_trio"
"11483","UPK2","Exc L3-4 RORB CUX2",0.167576602892682,2.22377304126387,15.195199647956,0.000123431594404583,0.000699432376728542,0.000699432376728542,"gpath_trio"
"11484","AP003392.4","Exc L3-4 RORB CUX2",0.182990144704604,1.00770163802908,7.92148092910759,0.00525870013500487,0.0173555169677283,0.0173555169677283,"gpath_trio"
"11485","CCDC84","Exc L3-4 RORB CUX2",0.0461483428576626,5.98889502605242,4.97910001064163,0.0265081316407436,0.0656681674670925,0.0656681674670925,"gpath_trio"
"11486","AP003392.1","Exc L3-4 RORB CUX2",-0.271100701786233,1.14252895607819,12.7092029607131,0.000432887229929025,0.00207249640812009,0.00207249640812009,"gpath_trio"
"11487","RPS25","Exc L3-4 RORB CUX2",-0.397429661243074,4.91349577978713,98.6999768575379,6.32953204273591e-20,1.90594490988354e-17,1.90594490988354e-17,"gpath_trio"
"11488","TRAPPC4","Exc L3-4 RORB CUX2",-0.175512523609138,3.66856010096903,35.9880535390909,6.62556631501438e-09,1.20641516611385e-07,1.20641516611385e-07,"gpath_trio"
"11489","SLC37A4","Exc L3-4 RORB CUX2",-0.0777348776591524,2.5774750340488,4.08371793316793,0.0443232371803697,0.10006984676729,0.10006984676729,"gpath_trio"
"11490","HYOU1","Exc L3-4 RORB CUX2",-0.122843086606491,4.57602293094648,23.8315064906576,1.83707414345398e-06,1.77845349540231e-05,1.77845349540231e-05,"gpath_trio"
"11491","AP003392.6","Exc L3-4 RORB CUX2",-0.200657821596464,-0.0757531999092777,4.69953468584047,0.0310782746206365,0.0749556713055997,0.0749556713055997,"gpath_trio"
"11492","VPS11","Exc L3-4 RORB CUX2",-0.0289878603751452,3.92779793481557,1.25961304484721,0.262759687761119,0.401148444992855,0.401148444992855,"gpath_trio"
"11493","HMBS","Exc L3-4 RORB CUX2",-0.0825987773937801,2.29360959347708,2.90339122706297,0.0895881360114753,0.175207507176378,0.175207507176378,"gpath_trio"
"11494","H2AFX","Exc L3-4 RORB CUX2",-0.0708599899343223,2.96661648912478,4.12437606571858,0.0432870862177304,0.0981365281989787,0.0981365281989787,"gpath_trio"
"11495","DPAGT1","Exc L3-4 RORB CUX2",-0.127358916133067,2.97371984438275,15.994866396723,8.28330824916625e-05,0.000495598291598248,0.000495598291598248,"gpath_trio"
"11496","C2CD2L","Exc L3-4 RORB CUX2",-0.0947089271725297,4.94154811470047,16.3142596784499,7.06768291164977e-05,0.000431688083510951,0.000431688083510951,"gpath_trio"
"11497","HINFP","Exc L3-4 RORB CUX2",-0.0162759719725397,4.46031173810991,0.507219853211809,0.476983411931234,0.621054724307529,0.621054724307529,"gpath_trio"
"11498","ABCG4","Exc L3-4 RORB CUX2",-0.0811645993147554,3.13605175247126,6.80565945288763,0.00961302033216383,0.0286346796399535,0.0286346796399535,"gpath_trio"
"11499","NLRX1","Exc L3-4 RORB CUX2",0.0467068756956538,3.47863598438079,2.19330681988827,0.139822229731737,0.247709297930962,0.247709297930962,"gpath_trio"
"11500","CCDC153","Exc L3-4 RORB CUX2",-0.231929886468443,-0.673487622910921,4.13605005464682,0.0429943417443746,0.0976793746531561,0.0976793746531561,"gpath_trio"
"11501","CBL","Exc L3-4 RORB CUX2",0.020697254613853,5.89221199587181,1.80593334831781,0.180168337158489,0.30075262304919,0.30075262304919,"gpath_trio"
"11502","MCAM","Exc L3-4 RORB CUX2",0.0873953991285013,1.44126962814611,1.3039304339923,0.254547042245303,0.391520292281381,0.391520292281381,"gpath_trio"
"11503","RNF26","Exc L3-4 RORB CUX2",-0.104989552368504,2.78989867638845,6.78026200366398,0.00974714961769831,0.0289828656650057,0.0289828656650057,"gpath_trio"
"11504","USP2","Exc L3-4 RORB CUX2",0.0174276695011908,4.65585431751825,0.300247401354372,0.584197466006011,0.716538261661715,0.716538261661715,"gpath_trio"
"11505","AP003396.3","Exc L3-4 RORB CUX2",0.029231874893059,-0.208839433739117,0.0913321885440597,0.762731942065347,0.858352330124036,0.858352330124036,"gpath_trio"
"11506","USP2-AS1","Exc L3-4 RORB CUX2",-0.0137133152865869,4.81484233881356,0.116133334152608,0.733541834939419,0.836417349660156,0.836417349660156,"gpath_trio"
"11507","THY1","Exc L3-4 RORB CUX2",-0.101630767074223,7.77042668853275,11.3231609408443,0.000881000003735344,0.00379627831596766,0.00379627831596766,"gpath_trio"
"11508","AP003393.1","Exc L3-4 RORB CUX2",-0.172961510677032,2.86043969802435,7.37597717682904,0.00705327529296523,0.0221134155455437,0.0221134155455437,"gpath_trio"
"11509","NECTIN1","Exc L3-4 RORB CUX2",-0.0116542934028218,5.19226330712637,0.245986406346536,0.620334437192445,0.746011686815347,0.746011686815347,"gpath_trio"
"11510","AP003390.2","Exc L3-4 RORB CUX2",-0.439851681620454,-0.0144186892544361,19.0234392168317,1.86282855666668e-05,0.00013567713404603,0.00013567713404603,"gpath_trio"
"11511","AP003390.1","Exc L3-4 RORB CUX2",-0.0273820829887146,0.274127777816342,0.105170248139048,0.952325516674506,0.976725499410715,0.976725499410715,"gpath_trio"
"11512","POU2F3","Exc L3-4 RORB CUX2",-0.152151739758076,-0.530618714883576,2.05125423290625,0.153281948101266,0.265675541489952,0.265675541489952,"gpath_trio"
"11513","TMEM136","Exc L3-4 RORB CUX2",-0.073535840648438,3.17331646417039,5.77897209966809,0.0169193059742759,0.0457447062491311,0.0457447062491311,"gpath_trio"
"11514","ARHGEF12","Exc L3-4 RORB CUX2",0.0518414324055341,8.09123264606173,18.7855633308766,2.0923835097592e-05,0.000149907092718011,0.000149907092718011,"gpath_trio"
"11515","GRIK4","Exc L3-4 RORB CUX2",0.0925603815713164,5.43410426087972,2.80384716651855,0.0952407852323916,0.183649329476295,0.183649329476295,"gpath_trio"
"11516","AP004147.1","Exc L3-4 RORB CUX2",-0.394126158751342,1.01590810714645,19.2043087504874,1.70547647930287e-05,0.000125760189948594,0.000125760189948594,"gpath_trio"
"11517","AP000646.1","Exc L3-4 RORB CUX2",0.0852102081713312,1.43373496617528,2.72592034715907,0.0999384800067417,0.190933601717426,0.190933601717426,"gpath_trio"
"11518","TECTA","Exc L3-4 RORB CUX2",0.0609198388052316,2.94347443062857,3.04630296538652,0.0821024765826068,0.163709968872711,0.163709968872711,"gpath_trio"
"11519","SC5D","Exc L3-4 RORB CUX2",0.0299461327602705,4.41212067544425,1.02435658763628,0.897715558185508,0.947251203214245,0.947251203214245,"gpath_trio"
"11520","SORL1","Exc L3-4 RORB CUX2",-0.0711694200406027,8.06683213615592,12.5294851326885,0.000474440045943679,0.00224164588452312,0.00224164588452312,"gpath_trio"
"11521","UBASH3B","Exc L3-4 RORB CUX2",-0.113734988415278,3.88140716027785,4.84916342957958,0.0285377675819096,0.0697058274903185,0.0697058274903185,"gpath_trio"
"11522","CRTAM","Exc L3-4 RORB CUX2",-0.0111006456882415,-0.71041888387215,0.00569914195097796,0.939880788510806,0.97097111517259,0.97097111517259,"gpath_trio"
"11523","JHY","Exc L3-4 RORB CUX2",0.0898664163194252,4.40367827665762,9.78109954626287,0.00196363542030878,0.00751733294207393,0.00751733294207393,"gpath_trio"
"11524","HSPA8","Exc L3-4 RORB CUX2",-0.126680487890003,5.24341008384479,6.68209682012503,0.0102840016604913,0.0302934345890512,0.0302934345890512,"gpath_trio"
"11525","CLMP","Exc L3-4 RORB CUX2",0.181211172243451,2.8328736338575,3.01868781776428,0.0834941620581929,0.165911033145281,0.165911033145281,"gpath_trio"
"11526","GRAMD1B","Exc L3-4 RORB CUX2",0.0602843432633193,7.18628295640691,14.4523221636123,0.000179148544188655,0.000967172030774986,0.000967172030774986,"gpath_trio"
"11527","SCN3B","Exc L3-4 RORB CUX2",-0.0498928209634906,7.10936619653769,2.4839550703125,0.116228622482403,0.214893003902353,0.214893003902353,"gpath_trio"
"11528","ZNF202","Exc L3-4 RORB CUX2",0.182650439678587,3.3862460214922,30.0822036153104,9.80882756710594e-08,1.3149042934642e-06,1.3149042934642e-06,"gpath_trio"
"11529","OR8D4","Exc L3-4 RORB CUX2",0.0103439194337808,-0.588675357130754,0.00836677709561845,0.927189503733156,0.963732521268234,0.963732521268234,"gpath_trio"
"11530","VWA5A","Exc L3-4 RORB CUX2",0.131049596328341,-0.815135709407601,0.709991319303059,0.400221113286,0.548536750037028,0.548536750037028,"gpath_trio"
"11531","OR8A1","Exc L3-4 RORB CUX2",0.274053402396962,-0.569492926782879,4.72263225294949,0.0306711180848872,0.0741154398565816,0.0741154398565816,"gpath_trio"
"11532","PANX3","Exc L3-4 RORB CUX2",-0.167935954104818,-1.14585453419797,1.38730456605158,0.239937759859857,0.373543043843862,0.373543043843862,"gpath_trio"
"11533","TBRG1","Exc L3-4 RORB CUX2",-0.0750162232568566,6.80419292712486,15.0953180253325,0.000129756607836601,0.000729813092585289,0.000729813092585289,"gpath_trio"
"11534","SIAE","Exc L3-4 RORB CUX2",-0.0662787864031197,4.42480130917634,3.73900903696783,0.0542413471346889,0.117517093904891,0.117517093904891,"gpath_trio"
"11535","SPA17","Exc L3-4 RORB CUX2",0.022186859407643,2.83439468023869,0.277255804263481,0.598954419763265,0.728340993232709,0.728340993232709,"gpath_trio"
"11536","NRGN","Exc L3-4 RORB CUX2",0.0212067158239724,9.27379088249972,0.377411017507276,0.53952926677574,0.678151078263071,0.678151078263071,"gpath_trio"
"11537","AP000866.5","Exc L3-4 RORB CUX2",-0.304579686170653,0.215506097183515,9.78297542693934,0.00196170654681929,0.00751137399546009,0.00751137399546009,"gpath_trio"
"11538","ESAM","Exc L3-4 RORB CUX2",0.00224685564718936,0.960899664345394,0.000716039174205467,0.978672554130611,0.988775028319947,0.988775028319947,"gpath_trio"
"11539","AP000866.2","Exc L3-4 RORB CUX2",-0.101688867873803,0.295706544597174,1.54983465250836,0.214280734912449,0.342886566216582,0.342886566216582,"gpath_trio"
"11540","MSANTD2","Exc L3-4 RORB CUX2",0.0499990417073186,5.03735804590151,7.18625061792623,0.00781604423677327,0.0240930011423836,0.0240930011423836,"gpath_trio"
"11541","AP000866.1","Exc L3-4 RORB CUX2",-0.0114448472171413,2.25375253350965,0.0498717649843581,0.823461915191007,0.898794222073889,0.898794222073889,"gpath_trio"
"11542","ROBO3","Exc L3-4 RORB CUX2",0.0524029754608818,2.8380513319062,0.754487204106293,0.385860315650886,0.534042112112,0.534042112112,"gpath_trio"
"11543","CCDC15","Exc L3-4 RORB CUX2",0.0447834873963875,0.616913771355734,0.231203324088468,0.631037368434395,0.754529657332065,0.754529657332065,"gpath_trio"
"11544","TMEM218","Exc L3-4 RORB CUX2",0.042457245404138,2.05259383017576,0.953316588950644,0.329784062040934,0.476126624565325,0.476126624565325,"gpath_trio"
"11545","AP001007.2","Exc L3-4 RORB CUX2",0.0883876623063356,-0.560382345096338,0.558589825931637,0.455504355554078,0.601387368189485,0.601387368189485,"gpath_trio"
"11546","PKNOX2-AS1","Exc L3-4 RORB CUX2",-0.0505640491003896,0.549865147560894,0.534773980139444,0.465265190692771,0.610770379806925,0.610770379806925,"gpath_trio"
"11547","PKNOX2","Exc L3-4 RORB CUX2",0.0549694229969101,7.94487885017007,6.63127452201592,0.0105738405312913,0.0309798479115309,0.0309798479115309,"gpath_trio"
"11548","AP001007.1","Exc L3-4 RORB CUX2",-0.238398592660008,-0.197364210781067,4.88735356052733,0.0279248748090996,0.0684716029744268,0.0684716029744268,"gpath_trio"
"11549","FEZ1","Exc L3-4 RORB CUX2",-0.0728938021530979,5.87196049506858,24.7032170817196,1.21450100388639e-06,1.23833124849508e-05,1.23833124849508e-05,"gpath_trio"
"11550","EI24","Exc L3-4 RORB CUX2",-0.0971309486089016,5.27408791904385,14.1566866361099,0.000207892950023648,0.00110229704776008,0.00110229704776008,"gpath_trio"
"11551","STT3A-AS1","Exc L3-4 RORB CUX2",-0.410189644170075,1.9413651544662,63.0296986919181,6.12743679298802e-14,3.79205635885071e-12,3.79205635885071e-12,"gpath_trio"
"11552","STT3A","Exc L3-4 RORB CUX2",-0.0578062313648067,3.38919112111696,5.32282269344426,0.0218339959733907,0.0562078434047668,0.0562078434047668,"gpath_trio"
"11553","CHEK1","Exc L3-4 RORB CUX2",0.106103738052774,2.07100529224669,4.34604055830888,0.0380709609847313,0.0885907310111827,0.0885907310111827,"gpath_trio"
"11554","ACRV1","Exc L3-4 RORB CUX2",0.0233896605667616,1.18997129893622,0.15287605069205,0.696122108699242,0.807635688705677,0.807635688705677,"gpath_trio"
"11555","PATE2","Exc L3-4 RORB CUX2",0.219860183613739,0.661446244029315,11.2421449514006,0.000918612990215079,0.00393791361202613,0.00393791361202613,"gpath_trio"
"11556","AP000842.3","Exc L3-4 RORB CUX2",0.184440074900941,-0.530303185177942,3.03497039745656,0.0826705180398928,0.164663609581877,0.164663609581877,"gpath_trio"
"11557","HYLS1","Exc L3-4 RORB CUX2",-0.0742460039321406,4.01049809116208,10.9652988459054,0.00105994147975682,0.00445599486436629,0.00445599486436629,"gpath_trio"
"11558","PUS3","Exc L3-4 RORB CUX2",0.0136832432915946,2.12048060191725,0.0933729429070922,0.760176664195162,0.856716212929405,0.856716212929405,"gpath_trio"
"11559","AP000842.2","Exc L3-4 RORB CUX2",-0.0457237912127766,2.30248275455409,0.743171508259744,0.472708992002096,0.617598311561061,0.617598311561061,"gpath_trio"
"11560","DDX25","Exc L3-4 RORB CUX2",-0.0369546685371133,4.94917234530652,2.85046263326858,0.0925466185895079,0.179617896108064,0.179617896108064,"gpath_trio"
"11561","AP000842.1","Exc L3-4 RORB CUX2",-0.0944826725767384,-0.433125321632131,0.77840227095359,0.649439642591144,0.769699018303199,0.769699018303199,"gpath_trio"
"11562","CDON","Exc L3-4 RORB CUX2",0.0189908812182226,6.26306685934101,0.513551452098084,0.474248687324233,0.618845305398513,0.618845305398513,"gpath_trio"
"11563","AP001893.3","Exc L3-4 RORB CUX2",-0.260858637449892,-0.81901568845754,4.37339069412652,0.0374749331168907,0.0875167005015938,0.0875167005015938,"gpath_trio"
"11564","RPUSD4","Exc L3-4 RORB CUX2",0.0157895278512401,3.2617172718843,0.257299854282908,0.612411242584613,0.739420234185522,0.739420234185522,"gpath_trio"
"11565","FAM118B","Exc L3-4 RORB CUX2",0.0882488821862514,4.68285348125752,17.0724622546672,4.85539983675056e-05,0.0003135926175803,0.0003135926175803,"gpath_trio"
"11566","SRPRA","Exc L3-4 RORB CUX2",-0.110573271468826,4.10760062843903,12.4530681912509,0.000493316201000935,0.00231511941381751,0.00231511941381751,"gpath_trio"
"11567","FOXRED1","Exc L3-4 RORB CUX2",-0.0455442039611846,5.61218968695582,4.33556387107885,0.0383019149844463,0.0890368613776127,0.0890368613776127,"gpath_trio"
"11568","TIRAP","Exc L3-4 RORB CUX2",-0.053579978484467,2.82849001547421,1.80674700241367,0.180070581114754,0.300664243510393,0.300664243510393,"gpath_trio"
"11569","AP001318.2","Exc L3-4 RORB CUX2",0.141720904378065,2.90411933653476,16.406797470856,6.7504688843882e-05,0.000416230775496736,0.000416230775496736,"gpath_trio"
"11570","DCPS","Exc L3-4 RORB CUX2",0.0801000923730341,3.65233932210179,8.12813139912936,0.00470797205462213,0.0157701039684545,0.0157701039684545,"gpath_trio"
"11571","GSEC","Exc L3-4 RORB CUX2",0.0728019506511965,1.40464700215269,1.81442194640134,0.179151505180131,0.299426859167355,0.299426859167355,"gpath_trio"
"11572","ST3GAL4","Exc L3-4 RORB CUX2",0.115530461940322,4.27802044199236,20.7236141950411,8.15537779823638e-06,6.59193698234852e-05,6.59193698234852e-05,"gpath_trio"
"11573","KIRREL3","Exc L3-4 RORB CUX2",0.0796311870495384,9.15599613930043,9.8193021255725,0.00192473265211205,0.00738381465228383,0.00738381465228383,"gpath_trio"
"11574","KIRREL3-AS1","Exc L3-4 RORB CUX2",-0.0423734262255461,1.28236522299616,0.351861185472704,0.553577057546843,0.690687516141469,0.690687516141469,"gpath_trio"
"11575","AP001783.1","Exc L3-4 RORB CUX2",-0.315375862363296,1.86128025256392,25.1375510494772,9.88856794131455e-07,1.02466285678491e-05,1.02466285678491e-05,"gpath_trio"
"11576","AP001993.1","Exc L3-4 RORB CUX2",-0.0719901496144175,2.95840868619768,1.58977063093136,0.208489129208508,0.336137819951433,0.336137819951433,"gpath_trio"
"11577","AP003121.1","Exc L3-4 RORB CUX2",0.0234814574830454,-0.790419370898548,0.0273050077382905,0.868881698429835,0.929119004919802,0.929119004919802,"gpath_trio"
"11578","AP003481.1","Exc L3-4 RORB CUX2",-0.269779081229649,0.124531042340626,7.141753624381,0.00800692280558777,0.0245824387116081,0.0245824387116081,"gpath_trio"
"11579","LINC02098","Exc L3-4 RORB CUX2",0.0302021784399352,-0.966625327550404,0.0549870870640568,0.966880561525091,0.982958696335033,0.982958696335033,"gpath_trio"
"11580","ETS1","Exc L3-4 RORB CUX2",-0.0880785425325252,3.05565049226285,2.78796299722776,0.0961783333653129,0.185046526382337,0.185046526382337,"gpath_trio"
"11581","KCNJ1","Exc L3-4 RORB CUX2",-0.0232494313751032,0.279538930733065,0.056632872318369,0.812086656206936,0.891589480244609,0.891589480244609,"gpath_trio"
"11582","C11orf45","Exc L3-4 RORB CUX2",-0.0548027811919198,-0.800187288385114,0.227399104825923,0.633859632344819,0.756782937777058,0.756782937777058,"gpath_trio"
"11583","TP53AIP1","Exc L3-4 RORB CUX2",0.128535976779088,-0.139787446280703,1.70935299844613,0.192224274003221,0.315664380117919,0.315664380117919,"gpath_trio"
"11584","ARHGAP32","Exc L3-4 RORB CUX2",0.0983631660205176,9.11046781652217,40.8991594139497,7.39969758726996e-10,1.6868802126912e-08,1.6868802126912e-08,"gpath_trio"
"11585","BARX2","Exc L3-4 RORB CUX2",0.138977437184109,1.32898204832446,2.39714012383845,0.122773584631867,0.224199589966321,0.224199589966321,"gpath_trio"
"11586","TMEM45B","Exc L3-4 RORB CUX2",0.0780036953058874,0.283155278367978,1.02070783790771,0.313290425424179,0.458061424888286,0.458061424888286,"gpath_trio"
"11587","NFRKB","Exc L3-4 RORB CUX2",-0.0238889990753247,3.92705703315112,0.812186582446859,0.368308592952198,0.516760745308428,0.516760745308428,"gpath_trio"
"11588","PRDM10","Exc L3-4 RORB CUX2",0.0160378377190538,4.69987239925271,0.389085034673323,0.733838523237649,0.836553968457519,0.836553968457519,"gpath_trio"
"11589","APLP2","Exc L3-4 RORB CUX2",-0.0721461742622777,6.93021681187901,18.6073918523039,2.282909440563e-05,0.000161719445096062,0.000161719445096062,"gpath_trio"
"11590","ST14","Exc L3-4 RORB CUX2",-0.0763952896412226,1.20461748971579,1.64740379221275,0.200455388492277,0.326275713015869,0.326275713015869,"gpath_trio"
"11591","ZBTB44","Exc L3-4 RORB CUX2",0.0484373039969726,6.09103182872006,8.9451023816996,0.00304914785137556,0.0109246240279705,0.0109246240279705,"gpath_trio"
"11592","AP002986.1","Exc L3-4 RORB CUX2",0.0197923252883026,2.44253227162208,0.226767613718511,0.634330922774799,0.757255998046246,0.757255998046246,"gpath_trio"
"11593","ADAMTS8","Exc L3-4 RORB CUX2",-0.0105141301577262,4.56256008990185,0.073780469893763,0.786125454103514,0.87494240837085,0.87494240837085,"gpath_trio"
"11594","ADAMTS15","Exc L3-4 RORB CUX2",0.0911767623346003,-0.717553118527322,0.788468362288541,0.375384338697882,0.523674390349175,0.523674390349175,"gpath_trio"
"11595","LINC02551","Exc L3-4 RORB CUX2",0.0953674130265842,1.27312293831371,1.97475891410191,0.161137323063906,0.275597278129392,0.275597278129392,"gpath_trio"
"11596","AP003486.1","Exc L3-4 RORB CUX2",-0.0118831781899542,3.28096389466861,0.145081214935236,0.70359198117625,0.813884996286385,0.813884996286385,"gpath_trio"
"11597","SNX19","Exc L3-4 RORB CUX2",0.00204864044704278,5.15429469509703,0.00760985729574723,0.930552264892235,0.965820436645396,0.965820436645396,"gpath_trio"
"11598","AP002856.2","Exc L3-4 RORB CUX2",0.157751112404923,-0.553529099858365,1.96346303520359,0.162335896585866,0.277130370081219,0.277130370081219,"gpath_trio"
"11599","NTM","Exc L3-4 RORB CUX2",0.0482998661350421,9.65016358006122,5.54114656831794,0.0193189464264493,0.0508360172366787,0.0508360172366787,"gpath_trio"
"11600","AP003025.2","Exc L3-4 RORB CUX2",-0.335382504970228,1.15951596004062,18.0150263214874,3.05216246976418e-05,0.000209518128028215,0.000209518128028215,"gpath_trio"
"11601","AP003025.1","Exc L3-4 RORB CUX2",-0.344539183780378,1.10729116183222,17.5634148575642,3.81120563187869e-05,0.000254437702260597,0.000254437702260597,"gpath_trio"
"11602","AP000844.2","Exc L3-4 RORB CUX2",-0.054756576957167,0.89595152654515,0.603217451170569,0.438059032200251,0.584977559878214,0.584977559878214,"gpath_trio"
"11603","AP000844.1","Exc L3-4 RORB CUX2",-0.349151387613546,-0.295880333780046,11.3993525438654,0.000847057535085478,0.00367131115517321,0.00367131115517321,"gpath_trio"
"11604","OPCML","Exc L3-4 RORB CUX2",0.118682355694245,11.6861926644782,83.4337589440212,1.91937668015723e-17,2.80604525522986e-15,2.80604525522986e-15,"gpath_trio"
"11605","AP001979.2","Exc L3-4 RORB CUX2",-0.08259178284367,-0.313720016607452,0.624339705320003,0.430159227958153,0.577909516596963,0.577909516596963,"gpath_trio"
"11606","IGSF9B","Exc L3-4 RORB CUX2",0.0418879747189368,5.98098894215734,1.15100048249208,0.284334533297258,0.42561575970264,0.42561575970264,"gpath_trio"
"11607","AP000911.1","Exc L3-4 RORB CUX2",0.0317196793674982,2.32374288843808,0.398131257150463,0.528610188602198,0.668717742353232,0.668717742353232,"gpath_trio"
"11608","JAM3","Exc L3-4 RORB CUX2",0.15192447701801,6.7139413679029,56.6387761976755,8.58286275777351e-13,4.07202201917264e-11,4.07202201917264e-11,"gpath_trio"
"11609","NCAPD3","Exc L3-4 RORB CUX2",-0.0183978810880154,4.72690052710713,0.840393876045922,0.360133651829545,0.507948575619482,0.507948575619482,"gpath_trio"
"11610","VPS26B","Exc L3-4 RORB CUX2",-0.0162228662630638,5.26333792375967,0.779871245830568,0.37799629011114,0.526153936317942,0.526153936317942,"gpath_trio"
"11611","THYN1","Exc L3-4 RORB CUX2",-0.245084533507189,3.90659586621987,66.5653072269196,1.45726762464281e-14,1.08098885980762e-12,1.08098885980762e-12,"gpath_trio"
"11612","ACAD8","Exc L3-4 RORB CUX2",-0.0758013084970961,4.10781951378736,7.42258913179843,0.00687788001154142,0.0216678996303636,0.0216678996303636,"gpath_trio"
"11613","GLB1L3","Exc L3-4 RORB CUX2",0.053985252129431,5.80437526948886,5.84803647026174,0.0162821062779581,0.0442651252065497,0.0442651252065497,"gpath_trio"
"11614","GLB1L2","Exc L3-4 RORB CUX2",0.107040502549916,1.85015143249651,3.00794028245458,0.0840427014919602,0.166792610113487,0.166792610113487,"gpath_trio"
"11615","B3GAT1","Exc L3-4 RORB CUX2",0.101848609371687,6.28730977416039,18.9819724745318,1.90092750465224e-05,0.000138003643059946,0.000138003643059946,"gpath_trio"
"11616","AP004550.1","Exc L3-4 RORB CUX2",-0.283370908763665,-1.39972936034596,2.79136115586741,0.0959769135203175,0.184694222650935,0.184694222650935,"gpath_trio"
"11617","AP001999.1","Exc L3-4 RORB CUX2",0.0759090583578082,-0.069120262299124,0.251044689271075,0.616764345649564,0.742980948393107,0.742980948393107,"gpath_trio"
"11618","TUBB8","Exc L3-4 RORB CUX2",0.222003179735065,2.44764495657975,10.1841340431869,0.00159058494220922,0.00629093338738893,0.00629093338738893,"gpath_trio"
"11619","ZMYND11","Exc L3-4 RORB CUX2",0.0557545743700808,6.97890468271052,18.9951622161034,1.88872423587987e-05,0.000137364857458098,0.000137364857458098,"gpath_trio"
"11620","DIP2C","Exc L3-4 RORB CUX2",0.0810068217200575,8.22427365937687,29.0683537218272,1.56869865105138e-07,2.01198317132623e-06,2.01198317132623e-06,"gpath_trio"
"11621","PRR26","Exc L3-4 RORB CUX2",0.00440283792489407,-0.473781416749088,0.00296039007356352,0.956650719758243,0.978574672774048,0.978574672774048,"gpath_trio"
"11622","LARP4B","Exc L3-4 RORB CUX2",0.00608043521978496,6.69050729254304,0.199419777757515,0.72573712948272,0.830266321934441,0.830266321934441,"gpath_trio"
"11623","AL359878.2","Exc L3-4 RORB CUX2",0.141605211939967,-0.370192810216203,2.17232881780557,0.269726722827966,0.409030925044172,0.409030925044172,"gpath_trio"
"11624","GTPBP4","Exc L3-4 RORB CUX2",-0.0445505313599975,4.07548078872367,4.59710561537706,0.0329534407311178,0.078611201220451,0.078611201220451,"gpath_trio"
"11625","IDI2-AS1","Exc L3-4 RORB CUX2",0.200740146371591,1.13668420582215,3.16824828687321,0.0762507738400527,0.154586675060402,0.154586675060402,"gpath_trio"
"11626","IDI1","Exc L3-4 RORB CUX2",-0.0601064838305145,5.09924019337612,2.57280929744004,0.109928495309056,0.205771700951957,0.205771700951957,"gpath_trio"
"11627","WDR37","Exc L3-4 RORB CUX2",0.0243365735929268,6.71181716806688,2.97546203498185,0.0857242932348356,0.16949529993462,0.16949529993462,"gpath_trio"
"11628","AC024908.1","Exc L3-4 RORB CUX2",0.395709130518527,-1.28345398950668,4.05412603392185,0.0450938697085544,0.101491390157305,0.101491390157305,"gpath_trio"
"11629","AL713851.1","Exc L3-4 RORB CUX2",0.367007729190421,2.02609320801256,5.67180242050608,0.0179598103665791,0.0479538345878418,0.0479538345878418,"gpath_trio"
"11630","AL731533.2","Exc L3-4 RORB CUX2",-0.109896532797163,1.14398046957921,2.79437187503255,0.0957988444673821,0.184439515901272,0.184439515901272,"gpath_trio"
"11631","PFKP","Exc L3-4 RORB CUX2",0.0723731897914852,5.61753545877049,5.97682042886431,0.015159557719617,0.041844859350564,0.041844859350564,"gpath_trio"
"11632","AL451164.3","Exc L3-4 RORB CUX2",-0.177614616915457,-0.785553347447276,2.04844850988174,0.153562231154078,0.266031600330951,0.266031600330951,"gpath_trio"
"11633","PITRM1","Exc L3-4 RORB CUX2",0.0197176712922873,5.12244324806767,0.755017799425017,0.385693564362742,0.533949024219268,0.533949024219268,"gpath_trio"
"11634","PITRM1-AS1","Exc L3-4 RORB CUX2",-0.434469061487329,0.801866585333991,32.2756566150225,3.57695923681436e-08,5.38948115031589e-07,5.38948115031589e-07,"gpath_trio"
"11635","AL451164.1","Exc L3-4 RORB CUX2",0.16005407697657,1.6870613431234,9.02066637183767,0.00292972554863056,0.0105699593962127,0.0105699593962127,"gpath_trio"
"11636","AL357833.1","Exc L3-4 RORB CUX2",-0.198870641449034,1.56536117524159,9.07205772717884,0.00285124871283807,0.0103256045201055,0.0103256045201055,"gpath_trio"
"11637","AL357833.2","Exc L3-4 RORB CUX2",-0.128031276503958,-0.683547698014223,1.28103197670526,0.258750016103802,0.396406832325477,0.396406832325477,"gpath_trio"
"11638","AL450322.2","Exc L3-4 RORB CUX2",0.127000144838059,3.00806236835911,9.86239992253888,0.00188178814483331,0.00724109781079762,0.00724109781079762,"gpath_trio"
"11639","AL450322.1","Exc L3-4 RORB CUX2",0.135771874714564,1.94974570687177,7.29265289319105,0.00737836756356737,0.0229401395584792,0.0229401395584792,"gpath_trio"
"11640","KLF6","Exc L3-4 RORB CUX2",-0.0098858175767405,4.0124491080204,0.0671539555950448,0.795731651887346,0.880581760563173,0.880581760563173,"gpath_trio"
"11641","AC025822.2","Exc L3-4 RORB CUX2",0.0108603019231798,0.0983329436552714,0.00884654384474234,0.925137058130235,0.962491756795456,0.962491756795456,"gpath_trio"
"11642","LINC00702","Exc L3-4 RORB CUX2",-0.183850281581964,-1.16214166181579,1.24436689390265,0.265661038341886,0.404262441435175,0.404262441435175,"gpath_trio"
"11643","MANCR","Exc L3-4 RORB CUX2",0.550840538117865,-1.27712372791134,12.2074481835288,0.000559321150854341,0.00257682426063857,0.00257682426063857,"gpath_trio"
"11644","AKR1E2","Exc L3-4 RORB CUX2",-0.0142621528227916,3.8329754907685,0.0757024826954195,0.783426550441684,0.873025485143193,0.873025485143193,"gpath_trio"
"11645","AKR1C1","Exc L3-4 RORB CUX2",-0.0220372857241443,1.59859947065462,0.108632669832312,0.74197159013652,0.843007086276077,0.843007086276077,"gpath_trio"
"11646","AKR1C2","Exc L3-4 RORB CUX2",0.111073343374693,0.635558808292539,0.974418883532337,0.324498289861791,0.470008830351183,0.470008830351183,"gpath_trio"
"11647","AKR1C3","Exc L3-4 RORB CUX2",0.0641698801224073,1.64625126324798,0.689536699948258,0.407083823625397,0.555452194078344,0.555452194078344,"gpath_trio"
"11648","AL355303.1","Exc L3-4 RORB CUX2",-0.253650945005323,-0.348353704728523,6.46318165394372,0.011594018783934,0.0334347239802558,0.0334347239802558,"gpath_trio"
"11649","NET1","Exc L3-4 RORB CUX2",-0.0991700743445778,2.39829988839289,7.53547862034272,0.00647143074329866,0.0206257686012718,0.0206257686012718,"gpath_trio"
"11650","CALML3-AS1","Exc L3-4 RORB CUX2",0.117338639347013,-0.284239115849809,1.20349869527036,0.273638494753328,0.413377508921632,0.413377508921632,"gpath_trio"
"11651","ASB13","Exc L3-4 RORB CUX2",-0.0293004304799281,3.699355339082,0.572490138914727,0.44995613519859,0.596208132643607,0.596208132643607,"gpath_trio"
"11652","FAM208B","Exc L3-4 RORB CUX2",0.0625320498122286,6.81934298952055,18.4039873206197,2.52199827020636e-05,0.000176548629775896,0.000176548629775896,"gpath_trio"
"11653","AL365356.1","Exc L3-4 RORB CUX2",-0.50265950977013,2.57150984127517,91.9213534581531,7.75398189061427e-19,1.71908334772685e-16,1.71908334772685e-16,"gpath_trio"
"11654","GDI2","Exc L3-4 RORB CUX2",0.00275053118659973,5.37114395320148,0.0300640540559949,0.955265171437364,0.977684529766621,0.977684529766621,"gpath_trio"
"11655","ANKRD16","Exc L3-4 RORB CUX2",0.140584102582146,5.58666542290385,52.793439132577,4.32094936719171e-12,1.74699706378943e-10,1.74699706378943e-10,"gpath_trio"
"11656","FBH1","Exc L3-4 RORB CUX2",0.0508769423867581,5.29182255816508,7.18577541789132,0.00781805775746981,0.0240955263148416,0.0240955263148416,"gpath_trio"
"11657","IL15RA","Exc L3-4 RORB CUX2",-0.0160948828848934,2.79243515581183,0.0748511817584071,0.784617353954897,0.873794166264079,0.873794166264079,"gpath_trio"
"11658","RBM17","Exc L3-4 RORB CUX2",-0.0153421834665783,5.55142035371364,1.00656560972243,0.538519925530405,0.677270482695117,0.677270482695117,"gpath_trio"
"11659","PFKFB3","Exc L3-4 RORB CUX2",0.00208995429733857,5.95770850766289,0.0105674926174803,0.918202285635742,0.958787387438595,0.958787387438595,"gpath_trio"
"11660","AL157395.1","Exc L3-4 RORB CUX2",-0.602956573765557,1.44328001421091,60.8460860434298,1.50030013232817e-13,8.52635356893544e-12,8.52635356893544e-12,"gpath_trio"
"11661","AL137145.2","Exc L3-4 RORB CUX2",-0.222871151739496,-1.36260020683074,0.918683302443814,0.33871133441208,0.485127159716294,0.485127159716294,"gpath_trio"
"11662","PRKCQ","Exc L3-4 RORB CUX2",0.178151604868475,1.1999675722213,1.03596854890446,0.309707086746045,0.454160522975829,0.454160522975829,"gpath_trio"
"11663","LINC00707","Exc L3-4 RORB CUX2",0.0590471841106512,-0.365310891140273,0.34154560652674,0.559445156611883,0.695414909463208,0.695414909463208,"gpath_trio"
"11664","SFMBT2","Exc L3-4 RORB CUX2",0.34370766616631,4.51180931875853,17.8953287466343,3.2370296625061e-05,0.000220334255874024,0.000220334255874024,"gpath_trio"
"11665","ITIH5","Exc L3-4 RORB CUX2",-0.0330700533358421,0.00858615278418335,0.169666774863075,0.680747494584777,0.795256554907231,0.795256554907231,"gpath_trio"
"11666","ITIH2","Exc L3-4 RORB CUX2",-0.420248150880607,0.906522941377798,27.2471953121209,3.66592465589446e-07,4.25057643291211e-06,4.25057643291211e-06,"gpath_trio"
"11667","KIN","Exc L3-4 RORB CUX2",0.00462458157622711,4.85297292587242,0.0370943505750453,0.847423425341902,0.914803767257363,0.914803767257363,"gpath_trio"
"11668","ATP5F1C","Exc L3-4 RORB CUX2",-0.061912998674996,5.07683282922504,7.20080064487701,0.00775465047892467,0.0239403325803068,0.0239403325803068,"gpath_trio"
"11669","TAF3","Exc L3-4 RORB CUX2",0.117724782280478,5.73959844649463,48.908485942357,2.26196770545955e-11,7.78757652860861e-10,7.78757652860861e-10,"gpath_trio"
"11670","AC025946.1","Exc L3-4 RORB CUX2",-0.0320599481860441,-0.642980442897245,0.0803070255022627,0.77710727591545,0.868691228479288,0.868691228479288,"gpath_trio"
"11671","AL583859.1","Exc L3-4 RORB CUX2",0.118360841550867,-0.673188876101495,1.18785502816006,0.276771710999366,0.417017869261554,0.417017869261554,"gpath_trio"
"11672","AL583859.2","Exc L3-4 RORB CUX2",0.0645997285756107,3.91874153821002,2.93992727259812,0.0876061855299944,0.172313554389399,0.172313554389399,"gpath_trio"
"11673","SFTA1P","Exc L3-4 RORB CUX2",-0.271740606899923,1.89211690510455,22.1550021101542,4.09269040186955e-06,3.59776207007626e-05,3.59776207007626e-05,"gpath_trio"
"11674","CELF2","Exc L3-4 RORB CUX2",0.0809990757413718,11.0153786948862,35.4304530862009,8.52114330080036e-09,1.50669646006702e-07,1.50669646006702e-07,"gpath_trio"
"11675","CELF2-AS2","Exc L3-4 RORB CUX2",-0.320989738725088,3.36776406639456,24.1668394387112,1.56637702023286e-06,1.55138224757968e-05,1.55138224757968e-05,"gpath_trio"
"11676","USP6NL","Exc L3-4 RORB CUX2",0.155426864623271,3.51467077264608,20.6300039088309,8.53310535938673e-06,6.8697286762022e-05,6.8697286762022e-05,"gpath_trio"
"11677","ECHDC3","Exc L3-4 RORB CUX2",0.0939554473103634,-0.230166367168851,0.744306409607969,0.389079917111745,0.536951045059817,0.536951045059817,"gpath_trio"
"11678","PROSER2","Exc L3-4 RORB CUX2",-0.0544476825580961,0.273440351198014,0.603321385932263,0.611484416653031,0.738768675128745,0.738768675128745,"gpath_trio"
"11679","PROSER2-AS1","Exc L3-4 RORB CUX2",-0.078953562145394,0.241796423137583,0.76939898558646,0.381212784524384,0.529462200728311,0.529462200728311,"gpath_trio"
"11680","UPF2","Exc L3-4 RORB CUX2",-0.0383722812818074,5.86935045839667,3.99525341309281,0.046669574792118,0.104374090614231,0.104374090614231,"gpath_trio"
"11681","DHTKD1","Exc L3-4 RORB CUX2",0.0291029131000043,4.76815022531693,1.45051685591983,0.229540225991119,0.361076198566025,0.361076198566025,"gpath_trio"
"11682","SEC61A2","Exc L3-4 RORB CUX2",-0.0401406929124824,5.47715643014096,5.14318195303662,0.0241586599182708,0.0608718576059839,0.0608718576059839,"gpath_trio"
"11683","NUDT5","Exc L3-4 RORB CUX2",0.00554971654452086,5.48817369351346,0.0918656879011148,0.76206094871399,0.857860709759221,0.857860709759221,"gpath_trio"
"11684","CDC123","Exc L3-4 RORB CUX2",-0.0339670428301726,5.65793230353771,4.60743857272994,0.0327589975361281,0.0782701060269285,0.0782701060269285,"gpath_trio"
"11685","AL512770.1","Exc L3-4 RORB CUX2",-0.429127888895913,-0.504673199774826,16.1781732529853,7.56183962724506e-05,0.000458138481920928,0.000458138481920928,"gpath_trio"
"11686","CAMK1D","Exc L3-4 RORB CUX2",0.0258228121899191,9.51683149198462,1.84679411298421,0.175334360873891,0.294339385141516,0.294339385141516,"gpath_trio"
"11687","CCDC3","Exc L3-4 RORB CUX2",0.11471594813748,7.77848410655112,33.009230855678,2.55806802896306e-08,3.96687336543657e-07,3.96687336543657e-07,"gpath_trio"
"11688","OPTN","Exc L3-4 RORB CUX2",-0.0414467550900448,6.66045746187205,5.36601035889175,0.0213107124242957,0.0550856660038649,0.0550856660038649,"gpath_trio"
"11689","MCM10","Exc L3-4 RORB CUX2",0.0979783887786273,-0.193843452520379,0.990165892165514,0.320626978802353,0.465973872449033,0.465973872449033,"gpath_trio"
"11690","PHYH","Exc L3-4 RORB CUX2",-0.10831439457108,3.5663118569631,12.077466377078,0.000597816611182456,0.00273243093126553,0.00273243093126553,"gpath_trio"
"11691","SEPHS1","Exc L3-4 RORB CUX2",0.0471048305679552,3.70259229314868,2.58991474870669,0.108759564319954,0.204056933893339,0.204056933893339,"gpath_trio"
"11692","BEND7","Exc L3-4 RORB CUX2",0.00824474498921295,4.00771779688625,0.0560295850817016,0.81307149634946,0.892088179184814,0.892088179184814,"gpath_trio"
"11693","PRPF18","Exc L3-4 RORB CUX2",-0.00571233002183234,3.77104957173875,0.0432211540453625,0.835472156778812,0.906558961061289,0.906558961061289,"gpath_trio"
"11694","AL157392.5","Exc L3-4 RORB CUX2",0.0586447818628561,4.10867133634057,5.73918572239642,0.0172980831177808,0.0465815305527532,0.0465815305527532,"gpath_trio"
"11695","FRMD4A","Exc L3-4 RORB CUX2",0.146580171028353,11.0376097454148,129.313471851083,1.37276559211272e-24,1.84636972139161e-21,1.84636972139161e-21,"gpath_trio"
"11696","AL157392.2","Exc L3-4 RORB CUX2",-0.256650923135912,1.70003466492669,18.7774659566549,2.10068282069473e-05,0.00015044826378245,0.00015044826378245,"gpath_trio"
"11697","AC044781.1","Exc L3-4 RORB CUX2",-0.392637974620584,3.00077132965924,63.6905877024551,4.67877974114463e-14,2.99664702468549e-12,2.99664702468549e-12,"gpath_trio"
"11698","AL157896.1","Exc L3-4 RORB CUX2",-0.173716874794343,0.160748881262182,4.6308934079563,0.0323220899797594,0.0774095637869949,0.0774095637869949,"gpath_trio"
"11699","FAM107B","Exc L3-4 RORB CUX2",0.127672360394604,-2.14439013024753,-7.53372548647318e-10,1,1,1,"gpath_trio"
"11700","CDNF","Exc L3-4 RORB CUX2",0.0357710793717849,0.561879645741184,0.244805337555477,0.901709081748641,0.950171352986463,0.950171352986463,"gpath_trio"
"11701","HSPA14-1","Exc L3-4 RORB CUX2",-0.0355608857525783,4.03444806582478,1.77815139254938,0.183543526476906,0.305074200582598,0.305074200582598,"gpath_trio"
"11702","AC069544.1","Exc L3-4 RORB CUX2",-0.0206360362131694,2.14559042023256,0.191940610168019,0.661670103273201,0.780347875333476,0.780347875333476,"gpath_trio"
"11703","SUV39H2","Exc L3-4 RORB CUX2",0.0884604860493518,3.01275761690725,8.05743546209668,0.0064086659086073,0.0204677591746323,0.0204677591746323,"gpath_trio"
"11704","DCLRE1C","Exc L3-4 RORB CUX2",-0.135760063913465,4.06428621943462,24.6458525996286,1.24796260039837e-06,1.26967450645674e-05,1.26967450645674e-05,"gpath_trio"
"11705","MEIG1","Exc L3-4 RORB CUX2",0.0753758085285808,0.868943331611399,1.2297762685046,0.268475225843195,0.407438519737209,0.407438519737209,"gpath_trio"
"11706","RPP38","Exc L3-4 RORB CUX2",-0.287025552078968,4.10098415189066,90.0358851064759,1.57059362792579e-18,3.1993752278677e-16,3.1993752278677e-16,"gpath_trio"
"11707","NMT2","Exc L3-4 RORB CUX2",0.0397331253214396,6.48890517115742,5.3347538756769,0.0216881066097848,0.0559224918121016,0.0559224918121016,"gpath_trio"
"11708","FAM171A1","Exc L3-4 RORB CUX2",0.0582241939680855,7.79098681968115,8.91929501596623,0.00309106542711,0.0110571356368695,0.0110571356368695,"gpath_trio"
"11709","AL607028.1","Exc L3-4 RORB CUX2",-0.367980109663632,-0.497586544401744,13.3559438768894,0.000311606289753977,0.00156540261349265,0.00156540261349265,"gpath_trio"
"11710","ITGA8","Exc L3-4 RORB CUX2",1.1090214604345,0.290536259988522,10.5152894212277,0.0013386304507466,0.00543288459943928,0.00543288459943928,"gpath_trio"
"11711","MINDY3","Exc L3-4 RORB CUX2",0.0645256676332997,6.64425414102085,24.1956646308058,1.54507881893234e-06,1.53254499370501e-05,1.53254499370501e-05,"gpath_trio"
"11712","AL355339.1","Exc L3-4 RORB CUX2",0.0903127110012956,-0.383293961912606,0.798221772571781,0.417359756341377,0.565886373641001,0.565886373641001,"gpath_trio"
"11713","PTER","Exc L3-4 RORB CUX2",0.0526927784086734,0.26689200267861,0.433462936048688,0.65436913988234,0.773923296307682,0.773923296307682,"gpath_trio"
"11714","C1QL3","Exc L3-4 RORB CUX2",0.0565020643783994,3.37877749304032,1.93944567755061,0.164918463178552,0.280518505575186,0.280518505575186,"gpath_trio"
"11715","RSU1","Exc L3-4 RORB CUX2",0.0485009573598128,6.18721578951552,5.87622692278987,0.0160292216370041,0.043707196449055,0.043707196449055,"gpath_trio"
"11716","CUBN","Exc L3-4 RORB CUX2",0.117590996969065,2.88877563569738,3.4748110557191,0.0634368003695816,0.133441502184997,0.133441502184997,"gpath_trio"
"11717","TRDMT1","Exc L3-4 RORB CUX2",0.00260768832202636,3.61930780868108,0.00609459503670151,0.937834095824073,0.969954279244247,0.969954279244247,"gpath_trio"
"11718","ST8SIA6","Exc L3-4 RORB CUX2",0.172543211709459,2.40115191831782,7.76044750487823,0.00573342707783928,0.0186718145755298,0.0186718145755298,"gpath_trio"
"11719","ST8SIA6-AS1","Exc L3-4 RORB CUX2",-0.26604761534625,-0.874895595706563,4.58377120886218,0.0332061586820269,0.079113633846232,0.079113633846232,"gpath_trio"
"11720","HACD1","Exc L3-4 RORB CUX2",0.00806415468276742,3.67936669452818,0.0776350889793593,0.78074969029372,0.871314581351687,0.871314581351687,"gpath_trio"
"11721","STAM-AS1","Exc L3-4 RORB CUX2",-0.0984519054756946,1.26373839569924,2.40625515565535,0.615072367666493,0.741903923094075,0.741903923094075,"gpath_trio"
"11722","STAM","Exc L3-4 RORB CUX2",-0.00214464176581564,5.28729346306021,0.014023224021009,0.905826556297531,0.952204253672977,0.952204253672977,"gpath_trio"
"11723","TMEM236","Exc L3-4 RORB CUX2",0.228953902410836,-0.184703747555976,4.71967590442914,0.03072291779976,0.0742228315902476,0.0742228315902476,"gpath_trio"
"11724","MRC1","Exc L3-4 RORB CUX2",0.0446777112496704,0.490340749026203,0.449527399865754,0.503154555086098,0.64578810031567,0.64578810031567,"gpath_trio"
"11725","CACNB2","Exc L3-4 RORB CUX2",0.0739330601659214,9.60082922966082,27.6308708183739,3.06382556776703e-07,3.64246793339422e-06,3.64246793339422e-06,"gpath_trio"
"11726","AL450384.2","Exc L3-4 RORB CUX2",-0.15845317502201,4.94609828255157,33.3498380922306,2.19008228878456e-08,3.4873646547931e-07,3.4873646547931e-07,"gpath_trio"
"11727","NSUN6","Exc L3-4 RORB CUX2",0.0308803992652679,6.06376862230342,2.54721611774557,0.111703476962791,0.208393348873683,0.208393348873683,"gpath_trio"
"11728","ARL5B","Exc L3-4 RORB CUX2",0.00267998872128247,3.87878365207488,0.0117170328286413,0.913884641184953,0.956407440393528,0.956407440393528,"gpath_trio"
"11729","MALRD1","Exc L3-4 RORB CUX2",0.134346370372414,3.61669250437308,2.44488259334792,0.119124978866692,0.218943832434683,0.218943832434683,"gpath_trio"
"11730","PLXDC2","Exc L3-4 RORB CUX2",0.14528227516371,7.23049854644927,15.8995077000316,8.68582473794081e-05,0.000515704867828005,0.000515704867828005,"gpath_trio"
"11731","NEBL","Exc L3-4 RORB CUX2",0.0500882036666094,8.90489873289003,12.2600136346782,0.000544478026069563,0.0025229315976007,0.0025229315976007,"gpath_trio"
"11732","NEBL-AS1","Exc L3-4 RORB CUX2",-0.111155455868942,0.11307284460777,1.73559292142423,0.272172634229043,0.411748867394342,0.411748867394342,"gpath_trio"
"11733","CASC10","Exc L3-4 RORB CUX2",0.0133621667141178,1.68115687634244,0.0723448744692955,0.788166055324326,0.876101937529933,0.876101937529933,"gpath_trio"
"11734","SKIDA1","Exc L3-4 RORB CUX2",-0.0430196280331921,2.01969421396487,0.818848841401116,0.602917778027131,0.73170513544859,0.73170513544859,"gpath_trio"
"11735","MLLT10","Exc L3-4 RORB CUX2",0.0218576098737971,7.93457045912742,2.41995675692281,0.121014577823785,0.221689740088519,0.221689740088519,"gpath_trio"
"11736","DNAJC1","Exc L3-4 RORB CUX2",0.0821958419702215,7.26801165708262,17.0837420943838,4.82842194929562e-05,0.000312824061743864,0.000312824061743864,"gpath_trio"
"11737","AL158211.1","Exc L3-4 RORB CUX2",0.0607431567800152,-0.291520420889008,0.469772094716664,0.493702648805362,0.637239897744932,0.637239897744932,"gpath_trio"
"11738","BMI1","Exc L3-4 RORB CUX2",-0.0803777954176856,3.82060527427563,7.29802454790244,0.00735695228405062,0.0228911956093031,0.0228911956093031,"gpath_trio"
"11739","SPAG6","Exc L3-4 RORB CUX2",0.0092139945129528,4.29191800769815,0.028492211077295,0.866088059435628,0.927360503084269,0.927360503084269,"gpath_trio"
"11740","PIP4K2A","Exc L3-4 RORB CUX2",0.09093968538623,3.38221315229938,0.0898059849088011,0.764663376833328,0.859830767339895,0.859830767339895,"gpath_trio"
"11741","ARMC3","Exc L3-4 RORB CUX2",0.103082938042326,3.16144545577209,4.07296190904424,0.0446017192772825,0.100585701589445,0.100585701589445,"gpath_trio"
"11742","MSRB2","Exc L3-4 RORB CUX2",-0.0757695671512366,3.69807410873248,6.71950711687655,0.010075899663461,0.0297979002800242,0.0297979002800242,"gpath_trio"
"11743","PTF1A","Exc L3-4 RORB CUX2",-0.118593726738016,-0.900503384474273,0.897445988309112,0.344347067408518,0.491240601926342,0.491240601926342,"gpath_trio"
"11744","C10orf67","Exc L3-4 RORB CUX2",0.0505892527737207,3.30236142077048,1.77474888261592,0.304453354874606,0.448411916673616,0.448411916673616,"gpath_trio"
"11745","OTUD1","Exc L3-4 RORB CUX2",-0.125518642836603,2.47604853217679,11.1983445143842,0.000939624919295633,0.00401970584113431,0.00401970584113431,"gpath_trio"
"11746","KIAA1217","Exc L3-4 RORB CUX2",0.114787595843609,7.7274450846543,7.48309248807506,0.00665688011783698,0.02111343442499,0.02111343442499,"gpath_trio"
"11747","ARHGAP21","Exc L3-4 RORB CUX2",0.0705819552372355,8.24921261953221,14.8881400376133,0.000143944625488253,0.000798044193246909,0.000798044193246909,"gpath_trio"
"11748","PRTFDC1","Exc L3-4 RORB CUX2",0.0729630361074738,4.97934058982922,9.1890810455186,0.00268046915915099,0.00979479981584903,0.00979479981584903,"gpath_trio"
"11749","ENKUR","Exc L3-4 RORB CUX2",0.0505718314537412,2.87353651222994,2.01944504956817,0.237948927126742,0.371220198328334,0.371220198328334,"gpath_trio"
"11750","THNSL1","Exc L3-4 RORB CUX2",0.0157556718937315,2.67405391966719,0.168659709374604,0.681643963263231,0.795796942239204,0.795796942239204,"gpath_trio"
"11751","LINC01516","Exc L3-4 RORB CUX2",-0.0497350025552522,-0.86052620598623,0.170201489921251,0.680272767301076,0.794978167301853,0.794978167301853,"gpath_trio"
"11752","GPR158-AS1","Exc L3-4 RORB CUX2",-0.104251652306682,2.37685084613479,4.44466797041687,0.0359673699666331,0.0846032049757283,0.0846032049757283,"gpath_trio"
"11753","GPR158","Exc L3-4 RORB CUX2",0.0568030481033175,8.10831151807618,10.1399070752622,0.00162771711474712,0.00640140210331835,0.00640140210331835,"gpath_trio"
"11754","LINC00836","Exc L3-4 RORB CUX2",-0.0086133224817467,1.59634058515317,0.00851253996835979,0.926559792599312,0.963326143555327,0.963326143555327,"gpath_trio"
"11755","MYO3A","Exc L3-4 RORB CUX2",0.000367263047745522,1.80811958477531,6.83094049258785e-05,0.993411936600501,0.996680753988371,0.996680753988371,"gpath_trio"
"11756","PDSS1","Exc L3-4 RORB CUX2",-0.0116565348171748,4.56541687021026,0.230176292179083,0.63179646759603,0.755168773846194,0.755168773846194,"gpath_trio"
"11757","ABI1","Exc L3-4 RORB CUX2",0.0304497544084645,6.6471737285434,4.24186529820701,0.040434408709494,0.0930918858511972,0.0930918858511972,"gpath_trio"
"11758","ANKRD26","Exc L3-4 RORB CUX2",0.0396672693105105,7.55970708075572,4.94889950310228,0.0269659910198791,0.0665735277564931,0.0665735277564931,"gpath_trio"
"11759","YME1L1","Exc L3-4 RORB CUX2",-0.00300903819245949,6.08470152667316,0.0494425581331748,0.82421068078695,0.899175389870584,0.899175389870584,"gpath_trio"
"11760","MASTL","Exc L3-4 RORB CUX2",-0.0411094712376957,2.85189423369202,1.62432622069104,0.203627469109623,0.330160265955689,0.330160265955689,"gpath_trio"
"11761","ACBD5","Exc L3-4 RORB CUX2",0.00843339533106548,4.65086032027845,0.169138150936931,0.681217675351093,0.795575490605401,0.795575490605401,"gpath_trio"
"11762","AL160291.1","Exc L3-4 RORB CUX2",0.164976662963931,-0.116108050889923,2.09786721720076,0.148709600289242,0.259736489120895,0.259736489120895,"gpath_trio"
"11763","RAB18","Exc L3-4 RORB CUX2",-0.0513915425409772,6.14629263628429,12.2310144608586,0.000552616423320859,0.0025536042923725,0.0025536042923725,"gpath_trio"
"11764","MKX","Exc L3-4 RORB CUX2",0.0417138616771717,4.64402922778347,0.981124837222234,0.322842145361172,0.468316097401614,0.468316097401614,"gpath_trio"
"11765","MKX-AS1","Exc L3-4 RORB CUX2",0.03842353170676,-0.696094667881664,0.0942098104829714,0.759137635022033,0.856050628057097,0.856050628057097,"gpath_trio"
"11766","ARMC4","Exc L3-4 RORB CUX2",0.145114909195804,1.09380365028257,4.46106949441002,0.0356295933429574,0.0839163023224569,0.0839163023224569,"gpath_trio"
"11767","MPP7","Exc L3-4 RORB CUX2",0.0329743667536161,6.84416959537396,1.51786621379194,0.219055685856038,0.348725901512404,0.348725901512404,"gpath_trio"
"11768","AL358234.1","Exc L3-4 RORB CUX2",-0.0424911689791527,2.72074106420358,0.245115003864045,0.620954078577141,0.746543622864776,0.746543622864776,"gpath_trio"
"11769","WAC-AS1","Exc L3-4 RORB CUX2",0.0304283837121159,5.73354494537296,1.19443280097576,0.275448787571034,0.415609386518245,0.415609386518245,"gpath_trio"
"11770","WAC","Exc L3-4 RORB CUX2",-0.0137096028610612,7.17365090176879,0.629610047983296,0.428221901610729,0.576128051822318,0.576128051822318,"gpath_trio"
"11771","SVIL","Exc L3-4 RORB CUX2",-0.0489355131866295,3.4171750598276,0.935083004751823,0.334444172543628,0.480961663772735,0.480961663772735,"gpath_trio"
"11772","JCAD","Exc L3-4 RORB CUX2",-0.0237688507255928,5.13557238699989,0.608594944692734,0.436026918121742,0.583499805857399,0.583499805857399,"gpath_trio"
"11773","MTPAP","Exc L3-4 RORB CUX2",-0.0222444063584531,3.98123796727658,0.808764075725902,0.576544017248248,0.709903908940092,0.709903908940092,"gpath_trio"
"11774","MAP3K8","Exc L3-4 RORB CUX2",0.0748265546294554,2.51521650831654,2.4211419861141,0.12092397502719,0.221543879056807,0.221543879056807,"gpath_trio"
"11775","ZNF438","Exc L3-4 RORB CUX2",0.118260344398968,6.05334894292233,42.8174936530097,3.17881733003848e-10,7.92260956350393e-09,7.92260956350393e-09,"gpath_trio"
"11776","AL356258.1","Exc L3-4 RORB CUX2",0.0396760434470623,2.84016240791619,0.441561618325819,0.506958581346464,0.649183711752771,0.649183711752771,"gpath_trio"
"11777","ZEB1-AS1","Exc L3-4 RORB CUX2",0.23680358048848,4.79475893330883,43.3659532650389,2.49945306992332e-10,6.39929767585064e-09,6.39929767585064e-09,"gpath_trio"
"11778","ZEB1","Exc L3-4 RORB CUX2",0.199044461202089,8.28628211534646,96.7805001472835,1.28032932475622e-19,3.44408588359422e-17,3.44408588359422e-17,"gpath_trio"
"11779","ARHGAP12","Exc L3-4 RORB CUX2",0.0227931297988697,5.2775872108312,0.549684457207426,0.459115769900063,0.604849200583373,0.604849200583373,"gpath_trio"
"11780","KIF5B","Exc L3-4 RORB CUX2",-0.0193952364505981,5.62835973888801,1.31173667698056,0.25313356315009,0.389785501187075,0.389785501187075,"gpath_trio"
"11781","EPC1","Exc L3-4 RORB CUX2",0.0335340474983793,6.98909170316753,6.15005221822644,0.0137747135717341,0.0386300870600134,0.0386300870600134,"gpath_trio"
"11782","AL391839.1","Exc L3-4 RORB CUX2",-0.304656913946726,2.10765292033595,22.801872016339,3.00211425589624e-06,2.73690262596957e-05,2.73690262596957e-05,"gpath_trio"
"11783","CCDC7","Exc L3-4 RORB CUX2",0.0853859773707787,6.55885688455576,11.6182375891094,0.000756763695162912,0.00334524705300433,0.00334524705300433,"gpath_trio"
"11784","AL365203.2","Exc L3-4 RORB CUX2",0.0570366926973043,-0.100499980846593,0.431827667967019,0.560260795202167,0.696090581563737,0.696090581563737,"gpath_trio"
"11785","ITGB1","Exc L3-4 RORB CUX2",0.0327154481824344,4.40909383390725,1.49412492784482,0.222684466597478,0.352863581024515,0.352863581024515,"gpath_trio"
"11786","ITGB1-DT","Exc L3-4 RORB CUX2",0.135313296195532,1.93750830505134,6.70230830201011,0.0101710263293877,0.0300307999700567,0.0300307999700567,"gpath_trio"
"11787","NRP1","Exc L3-4 RORB CUX2",0.0582665388360725,6.24218815590031,2.35646196308273,0.125980799181452,0.228690176667788,0.228690176667788,"gpath_trio"
"11788","PARD3","Exc L3-4 RORB CUX2",0.203604137245469,2.89177859056005,1.57969323544892,0.209932803677875,0.337890251163684,0.337890251163684,"gpath_trio"
"11789","CUL2","Exc L3-4 RORB CUX2",-0.0243354147673132,5.50249183438633,2.21069522198536,0.138268517689545,0.245707980032484,0.245707980032484,"gpath_trio"
"11790","AL392046.1","Exc L3-4 RORB CUX2",0.204523110542108,1.7398449239421,15.6596265758414,9.78832300362928e-05,0.000573068533366862,0.000573068533366862,"gpath_trio"
"11791","CREM","Exc L3-4 RORB CUX2",0.0123441030671509,5.2896229222835,0.290101034954342,0.590616611235922,0.721507122717815,0.721507122717815,"gpath_trio"
"11792","AL117336.1","Exc L3-4 RORB CUX2",0.0541868070805575,0.679332140727923,0.268013613956388,0.605107565777582,0.73354016115514,0.73354016115514,"gpath_trio"
"11793","CCNY","Exc L3-4 RORB CUX2",0.0477411104734184,7.68370040385867,11.9165266641202,0.000649239196289157,0.00293554477479466,0.00293554477479466,"gpath_trio"
"11794","AL117336.3","Exc L3-4 RORB CUX2",0.143192545060592,5.25197469493486,40.2761879965592,9.74903684365747e-10,2.15429154787283e-08,2.15429154787283e-08,"gpath_trio"
"11795","AL121749.1","Exc L3-4 RORB CUX2",0.0087215615139472,0.7915605405063,0.0170764852641894,0.974147759650735,0.986221951573343,0.986221951573343,"gpath_trio"
"11796","GJD4","Exc L3-4 RORB CUX2",-0.000803556287203733,-0.354318094685341,7.90402005407469e-05,0.992913353722811,0.996573188501436,0.996573188501436,"gpath_trio"
"11797","FZD8","Exc L3-4 RORB CUX2",0.148134459898399,0.172618842115078,2.90981744356478,0.0892360231199244,0.174671268695496,0.174671268695496,"gpath_trio"
"11798","PCAT5","Exc L3-4 RORB CUX2",0.0412990045610182,-0.898650110758155,0.089355950483577,0.929388921874134,0.965372058838009,0.965372058838009,"gpath_trio"
"11799","AL390061.1","Exc L3-4 RORB CUX2",-0.396454170420009,-0.487293408147694,12.8062752743404,0.000412001056708369,0.00198616996871956,0.00198616996871956,"gpath_trio"
"11800","ANKRD30A","Exc L3-4 RORB CUX2",0.194837902168844,3.16010151641685,2.81790284746515,0.0944195028529658,0.182358172511831,0.182358172511831,"gpath_trio"
"11801","AL132657.1","Exc L3-4 RORB CUX2",-0.0249815083279323,0.0327301186324597,0.0864698878836503,0.768948478215682,0.862651685070391,0.862651685070391,"gpath_trio"
"11802","ZNF248","Exc L3-4 RORB CUX2",0.0245806070314794,7.22274522141005,1.14713955575503,0.285141928099431,0.426602773407936,0.426602773407936,"gpath_trio"
"11803","AL135791.1","Exc L3-4 RORB CUX2",-0.0245999763144036,-0.101510399448064,0.0687013450766525,0.895523559699605,0.945932424252224,0.945932424252224,"gpath_trio"
"11804","ZNF25","Exc L3-4 RORB CUX2",-0.0554251548568803,5.83431474770201,10.9471589761666,0.00106994104323144,0.0044905472326179,0.0044905472326179,"gpath_trio"
"11805","ZNF33A","Exc L3-4 RORB CUX2",0.0551237922593181,5.77667500326005,9.70238567564459,0.00204634289243512,0.00778667820725736,0.00778667820725736,"gpath_trio"
"11806","AL117339.5","Exc L3-4 RORB CUX2",-0.0776487212108024,4.48764450310609,3.44285499639198,0.0646574624699058,0.135416205266308,0.135416205266308,"gpath_trio"
"11807","AL133216.1","Exc L3-4 RORB CUX2",0.111156612217595,0.352969922955199,2.27071209052675,0.133053296428658,0.23883761611865,0.23883761611865,"gpath_trio"
"11808","LINC00839","Exc L3-4 RORB CUX2",-0.0401400720173957,3.12331781612306,0.348860558119964,0.555271890607246,0.691946287399702,0.691946287399702,"gpath_trio"
"11809","ZNF33B","Exc L3-4 RORB CUX2",0.0783242827020214,5.07280244700387,12.4855545097458,0.000485200022826544,0.00228590604518424,0.00228590604518424,"gpath_trio"
"11810","AL022344.1","Exc L3-4 RORB CUX2",-0.297282430315797,-1.59301177607947,2.13587220938837,0.145100733214506,0.254690037637259,0.254690037637259,"gpath_trio"
"11811","BMS1","Exc L3-4 RORB CUX2",-0.01997965483967,5.35198177737838,1.2080822273907,0.272728950608042,0.412312220196121,0.412312220196121,"gpath_trio"
"11812","RET","Exc L3-4 RORB CUX2",0.0493032549610492,2.7931272555492,1.32689733780599,0.250415999430955,0.386426708621654,0.386426708621654,"gpath_trio"
"11813","AC010864.1","Exc L3-4 RORB CUX2",-0.23568309665832,0.442397383846816,9.52291648955814,0.00224848128495896,0.00843964835796223,0.00843964835796223,"gpath_trio"
"11814","CSGALNACT2","Exc L3-4 RORB CUX2",0.0384804894383673,5.4357447079516,3.4111886071594,0.0658919613872604,0.137573250645553,0.137573250645553,"gpath_trio"
"11815","RASGEF1A","Exc L3-4 RORB CUX2",0.066186824378794,5.53204033997391,13.5176854812535,0.000287088733355722,0.0014593134783199,0.0014593134783199,"gpath_trio"
"11816","HNRNPF","Exc L3-4 RORB CUX2",0.0420872497229219,3.96757799102971,3.38136465082559,0.0670778080665838,0.139486165506424,0.139486165506424,"gpath_trio"
"11817","AL450326.1","Exc L3-4 RORB CUX2",-0.0279547203641977,0.126468766706264,0.0837053224134647,0.772568046954018,0.865428009894393,0.865428009894393,"gpath_trio"
"11818","ZNF487","Exc L3-4 RORB CUX2",0.0353563570855958,4.59283122983176,1.76798950859002,0.184796433589284,0.306600990761826,0.306600990761826,"gpath_trio"
"11819","ZNF239","Exc L3-4 RORB CUX2",0.157827817295467,2.4217318772364,11.9552768442081,0.000636460624226324,0.00288423025466444,0.00288423025466444,"gpath_trio"
"11820","ZNF485","Exc L3-4 RORB CUX2",-0.0741553339741484,1.23675451036967,2.13387249088723,0.145283708958881,0.254966843097201,0.254966843097201,"gpath_trio"
"11821","ZNF32-AS3","Exc L3-4 RORB CUX2",-0.227706289996233,1.290129941931,14.4943442023985,0.000175403616015009,0.000949240330767919,0.000949240330767919,"gpath_trio"
"11822","ZNF32","Exc L3-4 RORB CUX2",-0.0649227309142154,3.71846879726808,5.67419361119181,0.0179358835872806,0.0479026279286982,0.0479026279286982,"gpath_trio"
"11823","AL137026.1","Exc L3-4 RORB CUX2",-0.179221747673269,0.158321596931814,4.59924858410188,0.0329130153945538,0.0785543695238522,0.0785543695238522,"gpath_trio"
"11824","C10orf142","Exc L3-4 RORB CUX2",-0.10621141597078,0.422579643505174,1.61515789322092,0.204904145747962,0.33177697756542,0.33177697756542,"gpath_trio"
"11825","CXCL12","Exc L3-4 RORB CUX2",0.310043722084807,-0.237911616309619,5.65292895816274,0.0181498304169775,0.0483327405810527,0.0483327405810527,"gpath_trio"
"11826","TMEM72-AS1","Exc L3-4 RORB CUX2",0.0830741575328492,5.63883378647592,6.37351219104046,0.0121793169233081,0.0348585216240235,0.0348585216240235,"gpath_trio"
"11827","RASSF4","Exc L3-4 RORB CUX2",0.0257129858382471,3.89234908658061,0.187320896126023,0.665514615704225,0.783083947966449,0.783083947966449,"gpath_trio"
"11828","DEPP1","Exc L3-4 RORB CUX2",0.486867318061308,0.121865939960113,9.25667548620765,0.00258662549783678,0.0095072270757619,0.0095072270757619,"gpath_trio"
"11829","C10orf25","Exc L3-4 RORB CUX2",0.0571429183953719,-0.85142002433408,0.219974891051751,0.63945207010058,0.761567031539504,0.761567031539504,"gpath_trio"
"11830","ZNF22","Exc L3-4 RORB CUX2",-0.0213754275723882,2.9123731805542,0.293246907551235,0.588611019395808,0.720096451360389,0.720096451360389,"gpath_trio"
"11831","AL358394.1","Exc L3-4 RORB CUX2",0.0888259471094729,0.769792125609147,0.307749518321743,0.579541356090464,0.712247006525653,0.712247006525653,"gpath_trio"
"11832","OR13A1","Exc L3-4 RORB CUX2",0.0515494977649224,-1.23111455630127,0.121002504478213,0.728231170737906,0.832072006448972,0.832072006448972,"gpath_trio"
"11833","ALOX5","Exc L3-4 RORB CUX2",-0.0556241361928483,0.650506578612436,0.142465241599961,0.706150333611797,0.815645047421188,0.815645047421188,"gpath_trio"
"11834","AL731567.1","Exc L3-4 RORB CUX2",-0.103671561207265,-0.0538714557718657,1.46323461516026,0.227514840294199,0.358591326852816,0.358591326852816,"gpath_trio"
"11835","MARCH8","Exc L3-4 RORB CUX2",0.0657794155683772,4.74866256243891,9.40239343433973,0.00239557354272391,0.00891545770604221,0.00891545770604221,"gpath_trio"
"11836","ZFAND4","Exc L3-4 RORB CUX2",0.267817136252689,-2.08561895880079,3.72051266113343,0.228678092984613,0.359985996095862,0.359985996095862,"gpath_trio"
"11837","WASHC2C","Exc L3-4 RORB CUX2",0.0473188943674831,4.67019553461393,4.31811418851131,0.0386898722655102,0.0897823985457405,0.0897823985457405,"gpath_trio"
"11838","AGAP4","Exc L3-4 RORB CUX2",0.0348837866827787,5.65016837609306,2.19044552864786,0.140079778136332,0.248078434331153,0.248078434331153,"gpath_trio"
"11839","TIMM23","Exc L3-4 RORB CUX2",-0.0462657327360834,4.5287135808587,4.05258450112093,0.0769866813505936,0.155741130677652,0.155741130677652,"gpath_trio"
"11840","NCOA4","Exc L3-4 RORB CUX2",-0.0515849437266968,4.65889846159358,7.26080538148734,0.00750665895289677,0.0232816055918051,0.0232816055918051,"gpath_trio"
"11841","LINC00842","Exc L3-4 RORB CUX2",0.165090334010458,1.36073591278952,2.55051435296039,0.1114729622317,0.208160589876394,0.208160589876394,"gpath_trio"
"11842","SYT15","Exc L3-4 RORB CUX2",-0.118831747670949,-0.385252150956283,1.37207335019355,0.242528285574687,0.376820035538645,0.376820035538645,"gpath_trio"
"11843","AL356056.2","Exc L3-4 RORB CUX2",0.101523636963706,5.18963384530855,8.14071102966409,0.00467642135099902,0.0156774344892664,0.0156774344892664,"gpath_trio"
"11844","AL356056.1","Exc L3-4 RORB CUX2",0.0886579984432793,2.06580630842403,2.60300307651828,0.107874423039324,0.202716699405586,0.202716699405586,"gpath_trio"
"11845","PTPN20","Exc L3-4 RORB CUX2",0.133518474896635,5.19950089407694,2.50673940059717,0.114575822077179,0.212304115577433,0.212304115577433,"gpath_trio"
"11846","GDF10","Exc L3-4 RORB CUX2",0.0997894507983149,1.25945396908458,1.82353118896586,0.178067733083792,0.29791164399747,0.29791164399747,"gpath_trio"
"11847","ZNF488","Exc L3-4 RORB CUX2",-0.0145093335962968,1.98010011690437,0.0584452555120173,0.809160927850732,0.88964784661157,0.88964784661157,"gpath_trio"
"11848","AL591684.1","Exc L3-4 RORB CUX2",-0.359913749307704,0.114189336070198,15.4695068172655,0.000107621696522527,0.00062089440301458,0.00062089440301458,"gpath_trio"
"11849","AGAP9","Exc L3-4 RORB CUX2",0.0221241935538478,4.88356850361231,0.232330825239021,0.630206398429275,0.753893860564835,0.753893860564835,"gpath_trio"
"11850","BX547991.1","Exc L3-4 RORB CUX2",-0.618682908005464,-0.010713830809072,33.0505528365932,2.51028946070372e-08,3.9119271467486e-07,3.9119271467486e-07,"gpath_trio"
"11851","FO681492.1","Exc L3-4 RORB CUX2",-0.356274385219718,-0.392438880245006,10.1491296070342,0.00161990174285065,0.00637684242202842,0.00637684242202842,"gpath_trio"
"11852","AC245041.2","Exc L3-4 RORB CUX2",0.105887524186646,1.48758398302738,1.18524595551209,0.277298670153602,0.417593541117334,0.417593541117334,"gpath_trio"
"11853","FRMPD2","Exc L3-4 RORB CUX2",-0.0258231399327716,3.48011910209325,0.118469134372273,0.73097901035747,0.83413470214717,0.83413470214717,"gpath_trio"
"11854","MAPK8","Exc L3-4 RORB CUX2",0.128072544681218,7.7467602511967,91.5154081073685,9.02357842649855e-19,1.95753435220009e-16,1.95753435220009e-16,"gpath_trio"
"11855","ARHGAP22","Exc L3-4 RORB CUX2",0.0920270132961556,5.88553298855099,13.5122539606442,0.000287879399710715,0.00146203835421632,0.00146203835421632,"gpath_trio"
"11856","AC068898.1","Exc L3-4 RORB CUX2",-0.278901350076035,-0.255410988791657,7.19190881200245,0.0077921102797955,0.0240302392074097,0.0240302392074097,"gpath_trio"
"11857","WDFY4","Exc L3-4 RORB CUX2",-0.225121240140626,-0.546341457094538,2.81155532692208,0.094789428622208,0.182915038015595,0.182915038015595,"gpath_trio"
"11858","AC060234.1","Exc L3-4 RORB CUX2",-0.124901138008194,-0.94738017175257,0.925093837327582,0.337034660065433,0.483472099090254,0.483472099090254,"gpath_trio"
"11859","VSTM4","Exc L3-4 RORB CUX2",0.101563813813851,4.5435493555422,9.69055013186478,0.00205908304296916,0.00783072580431721,0.00783072580431721,"gpath_trio"
"11860","DRGX","Exc L3-4 RORB CUX2",-0.131656309843768,1.80425851087723,3.73816656969561,0.0542682965166046,0.117550234294878,0.117550234294878,"gpath_trio"
"11861","AL138760.1","Exc L3-4 RORB CUX2",-0.301269620372002,1.22675460267654,17.8651271109512,3.28543986129927e-05,0.000223177606739774,0.000223177606739774,"gpath_trio"
"11862","ERCC6","Exc L3-4 RORB CUX2",0.107429686574969,5.26270479346417,33.0681229904606,2.49024780024696e-08,3.88559546558255e-07,3.88559546558255e-07,"gpath_trio"
"11863","OGDHL","Exc L3-4 RORB CUX2",-0.0906149111136443,4.92365437122732,16.322437357025,7.03905199158423e-05,0.000430081386826808,0.000430081386826808,"gpath_trio"
"11864","PARG","Exc L3-4 RORB CUX2",-0.00768460150117001,6.605197311479,0.257798160515144,0.612067331984688,0.739251581824179,0.739251581824179,"gpath_trio"
"11865","TIMM23B","Exc L3-4 RORB CUX2",0.0751350455832171,6.24761717213241,5.00231961054561,0.0261616407420512,0.064977360823696,0.064977360823696,"gpath_trio"
"11866","LINC00843","Exc L3-4 RORB CUX2",-0.00273856030235423,5.02686081984661,0.0127696379406545,0.91011551626576,0.953997014634058,0.953997014634058,"gpath_trio"
"11867","AGAP6","Exc L3-4 RORB CUX2",0.0280870670731056,5.46053986509612,1.76698497365526,0.184920828303442,0.306706487259286,0.306706487259286,"gpath_trio"
"11868","WASHC2A","Exc L3-4 RORB CUX2",0.0688444649857489,4.73301090234791,7.29449199389795,0.00737102837388235,0.0229260867043291,0.0229260867043291,"gpath_trio"
"11869","ASAH2","Exc L3-4 RORB CUX2",-0.211959859773233,-0.647903330389436,2.96652703886375,0.0861933055614569,0.170151657505127,0.170151657505127,"gpath_trio"
"11870","SGMS1","Exc L3-4 RORB CUX2",0.0519487502862314,7.02687915427828,8.93115205281644,0.00307173393354743,0.0109938321996309,0.0109938321996309,"gpath_trio"
"11871","SGMS1-AS1","Exc L3-4 RORB CUX2",-0.0355887322220728,1.52836161633664,0.404436773285453,0.525366148547442,0.665824615047719,0.665824615047719,"gpath_trio"
"11872","ASAH2B","Exc L3-4 RORB CUX2",-0.0619997723682531,3.15667467121059,2.50237910034336,0.114890094516696,0.212769199272474,0.212769199272474,"gpath_trio"
"11873","A1CF","Exc L3-4 RORB CUX2",-0.378946134525274,-0.9512014343338,7.62614823567504,0.00616290495918286,0.0198272376896052,0.0198272376896052,"gpath_trio"
"11874","PRKG1","Exc L3-4 RORB CUX2",0.182138097332419,8.10029854762973,21.6413631230038,5.23836419765188e-06,4.48636923774058e-05,4.48636923774058e-05,"gpath_trio"
"11875","CSTF2T","Exc L3-4 RORB CUX2",-0.101761646438447,2.4613683193597,9.57382018427933,0.00218915844478936,0.00824612987745058,0.00824612987745058,"gpath_trio"
"11876","PRKG1-AS1","Exc L3-4 RORB CUX2",0.181603870771499,2.36528378367117,7.06205102860785,0.00836091230240368,0.0254844244902545,0.0254844244902545,"gpath_trio"
"11877","DKK1","Exc L3-4 RORB CUX2",-0.0203615413788605,0.384896869940677,0.0422420245336239,0.837319941915982,0.907977953676696,0.907977953676696,"gpath_trio"
"11878","PCDH15","Exc L3-4 RORB CUX2",0.601273564196804,1.7571568344063,3.58336838315642,0.0594711879314095,0.126591181316331,0.126591181316331,"gpath_trio"
"11879","AL353784.1","Exc L3-4 RORB CUX2",0.0124609010650332,0.121628450967474,0.0229480602416131,0.879709687995945,0.936182242605664,0.936182242605664,"gpath_trio"
"11880","ZWINT","Exc L3-4 RORB CUX2",-0.169261333718386,0.511116841806795,5.07680395039316,0.0250817665890379,0.0628055902859426,0.0628055902859426,"gpath_trio"
"11881","IPMK","Exc L3-4 RORB CUX2",0.0419938217947051,4.78939812703829,4.29478215148621,0.231028296369582,0.362868437119032,0.362868437119032,"gpath_trio"
"11882","CISD1","Exc L3-4 RORB CUX2",-0.14356477318023,5.9608125968554,79.6068043476637,8.38204712504671e-17,1.02489576210798e-14,1.02489576210798e-14,"gpath_trio"
"11883","AC016396.1","Exc L3-4 RORB CUX2",0.000666037190754587,-1.35494051559195,2.22593535313401e-06,0.998810735119617,0.999355613025108,0.999355613025108,"gpath_trio"
"11884","UBE2D1","Exc L3-4 RORB CUX2",0.0116151798620932,4.78655690147754,0.34613044221912,0.556822501085123,0.693278885954117,0.693278885954117,"gpath_trio"
"11885","TFAM","Exc L3-4 RORB CUX2",-0.0537754325018509,3.76670900089855,4.32492845095639,0.0385378803077173,0.0894914520267261,0.0894914520267261,"gpath_trio"
"11886","BICC1","Exc L3-4 RORB CUX2",0.0786506925156034,6.9339872207024,5.66419667149728,0.0180361359427425,0.0480892620773904,0.0480892620773904,"gpath_trio"
"11887","PHYHIPL","Exc L3-4 RORB CUX2",-0.0383510513062767,6.18815166687102,1.52062394059573,0.218638792459674,0.348434470188518,0.348434470188518,"gpath_trio"
"11888","FAM13C","Exc L3-4 RORB CUX2",0.0576298436813878,6.3912864095158,6.80718011539574,0.00960505005107211,0.0286151631394536,0.0286151631394536,"gpath_trio"
"11889","AC026391.1","Exc L3-4 RORB CUX2",-0.327287959198148,-0.89488823795741,6.58716958666697,0.0108322024102419,0.0315580770579972,0.0315580770579972,"gpath_trio"
"11890","SLC16A9","Exc L3-4 RORB CUX2",-0.245196921873959,1.48140944824881,9.00767740829035,0.00294990772170946,0.0106294674558829,0.0106294674558829,"gpath_trio"
"11891","MRLN","Exc L3-4 RORB CUX2",-0.0825090796106149,0.89806715914071,0.88619817424482,0.34738345105484,0.49443105752209,0.49443105752209,"gpath_trio"
"11892","CCDC6","Exc L3-4 RORB CUX2",0.0285225498068012,6.72141344103387,1.93379099809252,0.165533349090044,0.281279821266036,0.281279821266036,"gpath_trio"
"11893","ANK3","Exc L3-4 RORB CUX2",0.0943524334058456,9.84911442743273,63.5009708275881,5.05495088030512e-14,3.20703251604263e-12,3.20703251604263e-12,"gpath_trio"
"11894","AL592430.1","Exc L3-4 RORB CUX2",-0.447332566460928,0.725687243418155,28.8569099128575,1.73055248667243e-07,2.19860808681463e-06,2.19860808681463e-06,"gpath_trio"
"11895","CDK1","Exc L3-4 RORB CUX2",-0.229384047420865,-0.786851867439979,3.15870178156365,0.076692176477164,0.155285493820432,0.155285493820432,"gpath_trio"
"11896","RHOBTB1","Exc L3-4 RORB CUX2",0.090977406271663,6.58432697802392,15.87997118575,8.77070633931888e-05,0.000520132276295586,0.000520132276295586,"gpath_trio"
"11897","LINC00845","Exc L3-4 RORB CUX2",0.212297800132467,2.36479873474555,19.3329458660038,1.6018107443597e-05,0.000119602264128264,0.000119602264128264,"gpath_trio"
"11898","TMEM26","Exc L3-4 RORB CUX2",0.277554041237862,1.99053072872592,12.1695981849186,0.000570263247151864,0.00262133994333307,0.00262133994333307,"gpath_trio"
"11899","TMEM26-AS1","Exc L3-4 RORB CUX2",0.259485129383895,1.15937808386213,7.29523718563363,0.00736805672038163,0.0229222119250115,0.0229222119250115,"gpath_trio"
"11900","CABCOCO1","Exc L3-4 RORB CUX2",-0.0400869699287709,4.49821417140002,0.423960130549707,0.515542634528877,0.656674831215361,0.656674831215361,"gpath_trio"
"11901","AC022398.1","Exc L3-4 RORB CUX2",-0.211040848889598,-1.0010438555243,2.62125467793314,0.106653347498754,0.200888705273205,0.200888705273205,"gpath_trio"
"11902","ARID5B","Exc L3-4 RORB CUX2",0.101680478973367,7.83142865220606,46.7221935755018,5.80101162589147e-11,1.75993097071219e-09,1.75993097071219e-09,"gpath_trio"
"11903","RTKN2","Exc L3-4 RORB CUX2",-0.0346916497577057,5.0638692459179,1.27666709246425,0.259560925812526,0.397214346605844,0.397214346605844,"gpath_trio"
"11904","ZNF365","Exc L3-4 RORB CUX2",0.0926758146018692,7.79724723674209,5.08301884415708,0.0249937943697467,0.0626086170113781,0.0626086170113781,"gpath_trio"
"11905","AL133417.1","Exc L3-4 RORB CUX2",0.092705750394786,0.831189335936194,1.67818913255883,0.196314202697154,0.320985415302301,0.320985415302301,"gpath_trio"
"11906","ADO","Exc L3-4 RORB CUX2",-0.119129896300443,3.54527041868991,19.3602328316973,1.58065358725501e-05,0.000118363045875747,0.000118363045875747,"gpath_trio"
"11907","EGR2","Exc L3-4 RORB CUX2",-0.30349350567057,0.37849312545402,13.2813789797845,0.000323615168901188,0.00161727422159561,0.00161727422159561,"gpath_trio"
"11908","NRBF2","Exc L3-4 RORB CUX2",-0.0168163581809722,3.81593504945874,0.513173671719232,0.474411139720462,0.61895273107296,0.61895273107296,"gpath_trio"
"11909","JMJD1C","Exc L3-4 RORB CUX2",0.0800794706310179,9.76980467430005,35.5852103419104,7.94592903119947e-09,1.42136105674452e-07,1.42136105674452e-07,"gpath_trio"
"11910","REEP3","Exc L3-4 RORB CUX2",0.0135207074837858,6.32368632892122,0.320828446962412,0.571598783138078,0.70609879070602,0.70609879070602,"gpath_trio"
"11911","AC022387.1","Exc L3-4 RORB CUX2",0.0655510033752664,2.70365858661654,1.44426105709741,0.230544501590132,0.362284062148634,0.362284062148634,"gpath_trio"
"11912","AC024600.1","Exc L3-4 RORB CUX2",-0.499074347127537,1.53405722739919,48.6373257760338,2.54120251862168e-11,8.61659845599872e-10,8.61659845599872e-10,"gpath_trio"
"11913","LINC01515","Exc L3-4 RORB CUX2",0.180796382983632,1.30877693616186,0.466362271227821,0.495273491173875,0.638842956616132,0.638842956616132,"gpath_trio"
"11914","CTNNA3","Exc L3-4 RORB CUX2",-0.531990589283767,3.86551286964338,3.88137423276313,0.0498857075419155,0.110122285121188,0.110122285121188,"gpath_trio"
"11915","LRRTM3","Exc L3-4 RORB CUX2",0.121882094739343,8.9988485513311,30.6728540042435,7.46852947033433e-08,1.03558475645357e-06,1.03558475645357e-06,"gpath_trio"
"11916","DNAJC12","Exc L3-4 RORB CUX2",-0.0755836065073998,4.2390047480185,7.48207067461274,0.00666055121880175,0.0211184379756916,0.0211184379756916,"gpath_trio"
"11917","AL133551.1","Exc L3-4 RORB CUX2",0.102800574954156,-0.617290188790193,0.891239730786521,0.346017984843853,0.493071962439944,0.493071962439944,"gpath_trio"
"11918","SIRT1","Exc L3-4 RORB CUX2",0.0885953719198957,4.43273947233452,17.2161151544945,4.52294176347564e-05,0.000295404176361674,0.000295404176361674,"gpath_trio"
"11919","HERC4","Exc L3-4 RORB CUX2",0.0801223979988305,7.94692190066868,23.7181885037859,1.93886528991507e-06,1.86092327421677e-05,1.86092327421677e-05,"gpath_trio"
"11920","MYPN","Exc L3-4 RORB CUX2",-0.118253454768203,0.109279271315703,2.0686702681658,0.151555117424752,0.263383968821119,0.263383968821119,"gpath_trio"
"11921","ATOH7","Exc L3-4 RORB CUX2",-0.178656065541389,0.454384646474387,3.96652876403454,0.0474594802646616,0.105702163118864,0.105702163118864,"gpath_trio"
"11922","AC016395.1","Exc L3-4 RORB CUX2",-0.17166530474871,-1.33457570605479,1.34283595825346,0.247597642232205,0.38283893562498,0.38283893562498,"gpath_trio"
"11923","PBLD","Exc L3-4 RORB CUX2",0.0190913712142198,1.99272649734922,0.154052078386523,0.695014299477968,0.806698032755688,0.806698032755688,"gpath_trio"
"11924","HNRNPH3","Exc L3-4 RORB CUX2",-0.0335993933839,5.48216334869411,3.0088014492836,0.0839986047055351,0.1667327676047,0.1667327676047,"gpath_trio"
"11925","RUFY2","Exc L3-4 RORB CUX2",0.0366110547696059,6.96247510562263,5.92158161663023,0.0156308813892675,0.0428876692545181,0.0428876692545181,"gpath_trio"
"11926","DNA2","Exc L3-4 RORB CUX2",0.0909821196097585,4.50361424286261,12.0225828631794,0.000614870043268486,0.00279706947529689,0.00279706947529689,"gpath_trio"
"11927","SLC25A16","Exc L3-4 RORB CUX2",0.0538975353182397,5.85727583826424,7.60302895557414,0.00624010921009546,0.020040430390209,0.020040430390209,"gpath_trio"
"11928","TET1","Exc L3-4 RORB CUX2",0.0333385451128324,4.19258805331591,1.04607406384323,0.307363653930177,0.451511528344972,0.451511528344972,"gpath_trio"
"11929","CCAR1","Exc L3-4 RORB CUX2",0.00317426803672418,6.51345917023726,0.0364336731926685,0.848771648023005,0.915867144400927,0.915867144400927,"gpath_trio"
"11930","STOX1","Exc L3-4 RORB CUX2",0.0928512956872407,4.20137946070709,8.35758190184877,0.00416530638442707,0.0142239431797251,0.0142239431797251,"gpath_trio"
"11931","DDX50","Exc L3-4 RORB CUX2",-0.0434643161346904,5.63721243569666,5.21461299559343,0.0232048055230211,0.0589692595323027,0.0589692595323027,"gpath_trio"
"11932","DDX21","Exc L3-4 RORB CUX2",0.0117458660692778,4.61812250282815,0.249637853144008,0.617752731556146,0.743758510422227,0.743758510422227,"gpath_trio"
"11933","KIF1BP","Exc L3-4 RORB CUX2",-0.104901413037731,5.15344854702158,23.757359494715,1.90304974451627e-06,1.8309026511977e-05,1.8309026511977e-05,"gpath_trio"
"11934","VPS26A","Exc L3-4 RORB CUX2",-0.041648157144806,5.0225798988408,4.82987207895741,0.0288527051778617,0.0703703248263248,0.0703703248263248,"gpath_trio"
"11935","SUPV3L1","Exc L3-4 RORB CUX2",-0.0285124648278805,5.42252626163474,2.28630472522326,0.131734802150742,0.236939434197309,0.236939434197309,"gpath_trio"
"11936","HKDC1","Exc L3-4 RORB CUX2",-0.142646314412314,0.00908685369057295,3.11360277545121,0.0788151406277932,0.158613013682367,0.158613013682367,"gpath_trio"
"11937","HK1","Exc L3-4 RORB CUX2",-0.0474629798273803,6.67260465988231,10.6042664761839,0.00127814468258749,0.00522630096700501,0.00522630096700501,"gpath_trio"
"11938","TACR2","Exc L3-4 RORB CUX2",-0.0470815332350596,-0.595893314619702,0.212470785307099,0.738985869934961,0.840657016264565,0.840657016264565,"gpath_trio"
"11939","TSPAN15","Exc L3-4 RORB CUX2",0.332442219957316,-1.99642774552719,5.14278830215519e-08,0.999825379632884,0.999924504738682,0.999924504738682,"gpath_trio"
"11940","FAM241B","Exc L3-4 RORB CUX2",-0.152811406748975,4.13542901961533,37.9416617614831,2.75614413274341e-09,5.52735664792229e-08,5.52735664792229e-08,"gpath_trio"
"11941","COL13A1","Exc L3-4 RORB CUX2",-0.384841176800885,-0.0405305911352535,6.04791331114119,0.0145745513407963,0.0404831475997666,0.0404831475997666,"gpath_trio"
"11942","AC024601.1","Exc L3-4 RORB CUX2",-0.000700959390739723,2.33849868999263,0.000309939474366417,0.985967391515075,0.992802079096215,0.992802079096215,"gpath_trio"
"11943","H2AFY2","Exc L3-4 RORB CUX2",0.0483654036166728,4.73692413887188,5.11734967178094,0.024513613787706,0.0616046534836781,0.0616046534836781,"gpath_trio"
"11944","AIFM2","Exc L3-4 RORB CUX2",0.0705028219951545,4.10302944741281,2.64025961882947,0.105398054357824,0.199064383698661,0.199064383698661,"gpath_trio"
"11945","TYSND1","Exc L3-4 RORB CUX2",0.0718249981093437,4.07392513449929,5.92818979184309,0.0155737060250287,0.042759869223592,0.042759869223592,"gpath_trio"
"11946","SAR1A","Exc L3-4 RORB CUX2",-0.0342145915993745,4.92832941688533,3.40017981373125,0.0663270440397551,0.13832417960534,0.13832417960534,"gpath_trio"
"11947","PPA1","Exc L3-4 RORB CUX2",-0.0927130975256406,5.67182866274792,22.3061297997539,3.80650394052075e-06,3.38011518485943e-05,3.38011518485943e-05,"gpath_trio"
"11948","NPFFR1","Exc L3-4 RORB CUX2",-0.074614799536501,-1.71412098132383,0.0887222358218447,0.766045765772653,0.860569815939823,0.860569815939823,"gpath_trio"
"11949","LRRC20","Exc L3-4 RORB CUX2",0.00540578746137923,4.64171771702086,0.0576598998300323,0.810422748639118,0.890586576272902,0.890586576272902,"gpath_trio"
"11950","EIF4EBP2","Exc L3-4 RORB CUX2",-0.0416242985612313,4.15488036882738,3.94246765383783,0.0481320624720976,0.106860728680102,0.106860728680102,"gpath_trio"
"11951","NODAL","Exc L3-4 RORB CUX2",-0.204287835699547,-0.701225069739105,3.32099612053284,0.0695489852317783,0.143662411902439,0.143662411902439,"gpath_trio"
"11952","PALD1","Exc L3-4 RORB CUX2",-0.00877916716115236,3.25616729517595,0.0290418564805865,0.864814960261018,0.926538251992249,0.926538251992249,"gpath_trio"
"11953","SGPL1","Exc L3-4 RORB CUX2",-0.0358361850418822,5.77867391991197,3.01379613765098,0.0837433427507218,0.166307898414786,0.166307898414786,"gpath_trio"
"11954","PCBD1","Exc L3-4 RORB CUX2",-0.0845479285114874,3.51452537973202,6.53304077353497,0.0111582174698275,0.0323583494974515,0.0323583494974515,"gpath_trio"
"11955","AC073176.3","Exc L3-4 RORB CUX2",-0.100049184921225,0.811282012721697,0.626328394312873,0.429426647431222,0.577232501294217,0.577232501294217,"gpath_trio"
"11956","UNC5B","Exc L3-4 RORB CUX2",0.139654666305518,3.39789621143184,7.79178557794331,0.00563771087427606,0.0184285186144717,0.0184285186144717,"gpath_trio"
"11957","UNC5B-AS1","Exc L3-4 RORB CUX2",-0.0540988587231058,-0.798319581814934,0.176918283245945,0.674382536538693,0.79033794218229,0.79033794218229,"gpath_trio"
"11958","SLC29A3","Exc L3-4 RORB CUX2",0.0208963084115028,3.47804735656487,0.288191781122804,0.591840675365712,0.722417758154808,0.722417758154808,"gpath_trio"
"11959","CDH23","Exc L3-4 RORB CUX2",-0.173105633233394,1.02634428058431,5.84828125716765,0.0162798926708705,0.0442650720532093,0.0442650720532093,"gpath_trio"
"11960","PSAP","Exc L3-4 RORB CUX2",-0.189621063337073,7.5822437298383,79.0736024285157,1.03073422491764e-16,1.22323899927726e-14,1.22323899927726e-14,"gpath_trio"
"11961","SPOCK2","Exc L3-4 RORB CUX2",-0.0772233376311697,6.37832159486603,12.7160278050389,0.000431384239326495,0.00206726295211687,0.00206726295211687,"gpath_trio"
"11962","ASCC1","Exc L3-4 RORB CUX2",-0.0185537475551829,5.60816796530964,1.13222604316952,0.288288209974258,0.43032070407152,0.43032070407152,"gpath_trio"
"11963","ANAPC16","Exc L3-4 RORB CUX2",0.0645377595810207,6.33278612576959,16.9499319113001,5.15847916704901e-05,0.000331546088547989,0.000331546088547989,"gpath_trio"
"11964","DDIT4","Exc L3-4 RORB CUX2",-0.0189680533570766,2.38773405441922,0.107812051633936,0.742913241862666,0.843547403427995,0.843547403427995,"gpath_trio"
"11965","DNAJB12","Exc L3-4 RORB CUX2",-0.00789898183589299,4.40467479665366,0.164552417040954,0.685332943989021,0.798717124659379,0.798717124659379,"gpath_trio"
"11966","MICU1","Exc L3-4 RORB CUX2",0.105165363008614,7.88434007141173,31.1977370909086,5.86529753575586e-08,8.32154555442155e-07,8.32154555442155e-07,"gpath_trio"
"11967","MCU","Exc L3-4 RORB CUX2",0.100850050578242,6.28388632298276,26.353014531017,5.57595651128034e-07,6.15398920213791e-06,6.15398920213791e-06,"gpath_trio"
"11968","OIT3","Exc L3-4 RORB CUX2",0.24962536808777,0.345297812445109,8.17110982054413,0.00460107072176975,0.0154659449869551,0.0154659449869551,"gpath_trio"
"11969","PLA2G12B","Exc L3-4 RORB CUX2",-0.0359842137221832,-0.509605717249107,0.106383798391802,0.744561666575627,0.844380642111483,0.844380642111483,"gpath_trio"
"11970","P4HA1","Exc L3-4 RORB CUX2",0.0936961770808527,5.69570836474861,15.3906588288389,0.00011194348964186,0.00064288639439924,0.00064288639439924,"gpath_trio"
"11971","AL731563.3","Exc L3-4 RORB CUX2",-0.0603041217677826,0.936974820562598,0.848446203220029,0.784122084214623,0.873435459862523,0.873435459862523,"gpath_trio"
"11972","NUDT13","Exc L3-4 RORB CUX2",-0.211526719697205,1.48971033621925,15.795416738175,9.14787848868421e-05,0.000539960352572276,0.000539960352572276,"gpath_trio"
"11973","AC016394.2","Exc L3-4 RORB CUX2",0.0945248592780824,-0.111739912144432,1.42149538509631,0.234244424128427,0.36654628533243,0.36654628533243,"gpath_trio"
"11974","ECD","Exc L3-4 RORB CUX2",-0.00994260152769195,4.73926294028396,0.253264583787165,0.615211765747669,0.741938990612662,0.741938990612662,"gpath_trio"
"11975","FAM149B1","Exc L3-4 RORB CUX2",-0.0108814787491577,4.69204705023305,0.210517742712276,0.646745212780737,0.767534392226551,0.767534392226551,"gpath_trio"
"11976","DNAJC9","Exc L3-4 RORB CUX2",0.112299517575079,5.50147269742035,34.9998348354384,1.03528030523157e-08,1.79131905300574e-07,1.79131905300574e-07,"gpath_trio"
"11977","DNAJC9-AS1","Exc L3-4 RORB CUX2",-0.28552760905618,1.3121142513045,24.7524047953997,1.18653164425038e-06,1.21267861817383e-05,1.21267861817383e-05,"gpath_trio"
"11978","MRPS16","Exc L3-4 RORB CUX2",-0.0702175580858231,5.23120930733952,10.291936159663,0.00150365318718826,0.00598583327772753,0.00598583327772753,"gpath_trio"
"11979","CFAP70","Exc L3-4 RORB CUX2",0.136420044519442,5.27204553856475,24.5236352175031,1.32239401297022e-06,1.33797889727553e-05,1.33797889727553e-05,"gpath_trio"
"11980","ANXA7","Exc L3-4 RORB CUX2",-0.0524831644814227,6.05692034306033,12.4498415355475,0.000494129825640959,0.00231838819355962,0.00231838819355962,"gpath_trio"
"11981","MSS51","Exc L3-4 RORB CUX2",-0.0284575732837202,3.90472644706975,1.04036573628537,0.935868821000017,0.969109144570926,0.969109144570926,"gpath_trio"
"11982","PPP3CB","Exc L3-4 RORB CUX2",-0.0450140060666848,7.24446361171908,9.32480128119532,0.00249543906474032,0.00923262115003409,0.00923262115003409,"gpath_trio"
"11983","USP54","Exc L3-4 RORB CUX2",0.0470822633090822,5.22780966637284,3.35375472033768,0.0681960888680548,0.141369870898724,0.141369870898724,"gpath_trio"
"11984","AC073389.1","Exc L3-4 RORB CUX2",-0.0463091332010789,0.430159944111349,0.326917844489187,0.567973594273948,0.703052161996996,0.703052161996996,"gpath_trio"
"11985","AC073389.2","Exc L3-4 RORB CUX2",0.0294771500845629,1.02276546520552,0.190602817875908,0.900137902301142,0.949099689117509,0.949099689117509,"gpath_trio"
"11986","AGAP5","Exc L3-4 RORB CUX2",0.056846445762161,3.67058990248439,2.92096475487594,0.0886288006191427,0.173878368047213,0.173878368047213,"gpath_trio"
"11987","AC022400.6","Exc L3-4 RORB CUX2",-0.0134469199361572,2.3521271396639,0.0893743824746755,0.765212817465968,0.860113019799204,0.860113019799204,"gpath_trio"
"11988","SEC24C","Exc L3-4 RORB CUX2",0.0114778114162311,4.72296837941658,0.3071618188748,0.579903412505439,0.712477114902478,0.712477114902478,"gpath_trio"
"11989","FUT11","Exc L3-4 RORB CUX2",-0.0165438579839247,3.99361707897832,0.402065021607017,0.526582169753726,0.666946781014591,0.666946781014591,"gpath_trio"
"11990","CHCHD1","Exc L3-4 RORB CUX2",-0.149656585376122,3.36680248977575,26.8966001415937,4.32021964138459e-07,4.91044683182727e-06,4.91044683182727e-06,"gpath_trio"
"11991","ZSWIM8","Exc L3-4 RORB CUX2",0.0276843337663593,5.81125564498773,2.07305649883975,0.151123712727647,0.262810662134946,0.262810662134946,"gpath_trio"
"11992","CAMK2G","Exc L3-4 RORB CUX2",0.0190126911279336,7.43485901825131,1.05971423734138,0.30423702885465,0.448158736648844,0.448158736648844,"gpath_trio"
"11993","AC022400.2","Exc L3-4 RORB CUX2",0.0316683498843818,-0.186704074867994,0.0984079084260836,0.912512183669067,0.955478438808525,0.955478438808525,"gpath_trio"
"11994","PLAU","Exc L3-4 RORB CUX2",-0.185355954916255,-0.941666473470735,1.94540307663146,0.164273496904717,0.279751650211249,0.279751650211249,"gpath_trio"
"11995","VCL","Exc L3-4 RORB CUX2",0.0303731441114257,6.29322003881752,2.65873513732856,0.104193324403169,0.197361780098952,0.197361780098952,"gpath_trio"
"11996","AP3M1","Exc L3-4 RORB CUX2",-0.0279772797309058,4.39270962898477,2.07413517330002,0.151017834580736,0.262676507687418,0.262676507687418,"gpath_trio"
"11997","ADK","Exc L3-4 RORB CUX2",0.115084615687231,8.15329318339175,18.7487184602079,2.13041725785595e-05,0.000152307470507597,0.000152307470507597,"gpath_trio"
"11998","AC022540.1","Exc L3-4 RORB CUX2",-0.126107637804705,-0.36983772598407,1.27443536009887,0.297714118522135,0.441062001849322,0.441062001849322,"gpath_trio"
"11999","KAT6B","Exc L3-4 RORB CUX2",0.0774502211349877,7.73117088854439,46.0655961038089,7.70871625410098e-11,2.25069971673643e-09,2.25069971673643e-09,"gpath_trio"
"12000","AC018511.2","Exc L3-4 RORB CUX2",-0.224065656934239,0.812970068866084,9.24209525781652,0.00260657957826343,0.00956662597625335,0.00956662597625335,"gpath_trio"
"12001","SAMD8","Exc L3-4 RORB CUX2",0.0272487374055139,6.07645003559054,2.83072295581224,0.0936771702541212,0.181167265133905,0.181167265133905,"gpath_trio"
"12002","VDAC2","Exc L3-4 RORB CUX2",-0.181793503264041,4.68526294654733,59.1483732380009,3.02355915057723e-13,1.58493350300251e-11,1.58493350300251e-11,"gpath_trio"
"12003","COMTD1","Exc L3-4 RORB CUX2",-0.0429817991098734,2.37084613509425,1.00798701819251,0.316319003874855,0.461408134131675,0.461408134131675,"gpath_trio"
"12004","ZNF503-AS1","Exc L3-4 RORB CUX2",-0.112114430171499,1.35060323109607,1.85663852824745,0.174192310003942,0.292909639467372,0.292909639467372,"gpath_trio"
"12005","AC010997.3","Exc L3-4 RORB CUX2",-0.120059464056555,3.78015991597283,2.32069296919931,0.128878458501173,0.232819027602182,0.232819027602182,"gpath_trio"
"12006","ZNF503-AS2","Exc L3-4 RORB CUX2",0.13830001891687,0.56657439605952,3.8237109948526,0.051603290442767,0.113123398493431,0.113123398493431,"gpath_trio"
"12007","AC010997.5","Exc L3-4 RORB CUX2",-0.0304894380335524,-0.740446128771186,0.0579215168677238,0.810001407530941,0.89026903448119,0.89026903448119,"gpath_trio"
"12008","LRMDA","Exc L3-4 RORB CUX2",0.207420654928066,4.72660969950168,8.332407840272,0.00422157367172797,0.014389296980421,0.014389296980421,"gpath_trio"
"12009","KCNMA1","Exc L3-4 RORB CUX2",0.0657701152055668,9.96566951945718,13.1062762063496,0.00035369811598161,0.00174307327041369,0.00174307327041369,"gpath_trio"
"12010","KCNMA1-AS1","Exc L3-4 RORB CUX2",-0.383888133351417,2.57844475865859,42.588289698811,3.51534324340696e-10,8.62798661018679e-09,8.62798661018679e-09,"gpath_trio"
"12011","KCNMA1-AS3","Exc L3-4 RORB CUX2",-0.214108846082672,-0.168432811361516,4.46966521749179,0.0354539065086377,0.0835805753460815,0.0835805753460815,"gpath_trio"
"12012","AL450306.1","Exc L3-4 RORB CUX2",-0.0174465519554861,0.361169601239315,0.055221154182442,0.938089404400261,0.970014542246695,0.970014542246695,"gpath_trio"
"12013","DLG5","Exc L3-4 RORB CUX2",-0.0391687235551635,5.02781479371324,1.51996616884621,0.21873814324544,0.3484439036697,0.3484439036697,"gpath_trio"
"12014","POLR3A","Exc L3-4 RORB CUX2",-0.0283327278699282,5.75251711632864,2.22828167651552,0.136716875047801,0.243792023518595,0.243792023518595,"gpath_trio"
"12015","RPS24","Exc L3-4 RORB CUX2",-0.200402308351432,4.98675681657565,44.2046766302986,1.73212137317465e-10,4.61023069970956e-09,4.61023069970956e-09,"gpath_trio"
"12016","AC012560.1","Exc L3-4 RORB CUX2",-0.0665124230683842,0.359133127768365,0.643711773721839,0.55383638372563,0.690797467799974,0.690797467799974,"gpath_trio"
"12017","ZMIZ1-AS1","Exc L3-4 RORB CUX2",0.0215010769178567,4.83835338611267,0.468426946279926,0.494321330193379,0.637859471483941,0.637859471483941,"gpath_trio"
"12018","ZMIZ1","Exc L3-4 RORB CUX2",0.0405155182586893,5.56988096255468,1.98381481443706,0.160183747788518,0.27463514460577,0.27463514460577,"gpath_trio"
"12019","PPIF","Exc L3-4 RORB CUX2",-0.0382501014025143,2.39299490404337,0.86049704882031,0.354459930984536,0.502228324152891,0.502228324152891,"gpath_trio"
"12020","AL133481.1","Exc L3-4 RORB CUX2",-0.240211061122391,-1.18559213582237,2.88051090592398,0.0908541822154002,0.177134047757605,0.177134047757605,"gpath_trio"
"12021","EIF5AL1","Exc L3-4 RORB CUX2",-0.230343475727182,0.32265370123229,6.14913241599591,0.0137817098624745,0.0386414087247959,0.0386414087247959,"gpath_trio"
"12022","SFTPA2","Exc L3-4 RORB CUX2",-0.124849534729725,-0.819848024582823,0.947273637661469,0.331318832442792,0.477727090089575,0.477727090089575,"gpath_trio"
"12023","BX248123.1","Exc L3-4 RORB CUX2",0.0633592444530198,0.218347544903472,0.538042423482385,0.595893991910016,0.72597592311501,0.72597592311501,"gpath_trio"
"12024","AL132656.2","Exc L3-4 RORB CUX2",-0.124483132398282,-0.47260906993216,1.58669091406883,0.208929069122887,0.336672841018709,0.336672841018709,"gpath_trio"
"12025","NUTM2B-AS1","Exc L3-4 RORB CUX2",0.0120182825968384,6.72590915496891,0.0783419420304608,0.779779605052646,0.870520890434768,0.870520890434768,"gpath_trio"
"12026","AL135925.1","Exc L3-4 RORB CUX2",-0.0653828659474545,2.63647976618275,1.72601952365843,0.190078047193039,0.313225892519771,0.313225892519771,"gpath_trio"
"12027","SFTPD","Exc L3-4 RORB CUX2",0.0742831139647398,2.74287386442155,3.36378207040161,0.0677876512690638,0.140701220612486,0.140701220612486,"gpath_trio"
"12028","SFTPD-AS1","Exc L3-4 RORB CUX2",0.0383300570300126,1.9249079123589,0.49495825479386,0.994234708914168,0.996963706900575,0.996963706900575,"gpath_trio"
"12029","TMEM254-AS1","Exc L3-4 RORB CUX2",-0.0770935884922421,2.61079905724255,2.87322206681792,0.0912615898652315,0.177722256325391,0.177722256325391,"gpath_trio"
"12030","TMEM254","Exc L3-4 RORB CUX2",0.000661527085047593,4.41269997671996,0.000719175045274007,0.978625914924174,0.988775028319947,0.988775028319947,"gpath_trio"
"12031","PLAC9","Exc L3-4 RORB CUX2",-0.180725006662924,-0.127205948062885,2.14093759442667,0.144622016592345,0.254026570150667,0.254026570150667,"gpath_trio"
"12032","ANXA11","Exc L3-4 RORB CUX2",0.099231182969798,6.17756622856617,21.0101775031301,7.10089672258066e-06,5.83308596816225e-05,5.83308596816225e-05,"gpath_trio"
"12033","LINC00857","Exc L3-4 RORB CUX2",-0.121287714194553,-0.578311672707219,1.32971462176359,0.249914969154469,0.385948752502404,0.385948752502404,"gpath_trio"
"12034","DYDC1","Exc L3-4 RORB CUX2",-0.333204086830582,-0.0884734854138103,14.2072084821842,0.000202668201428135,0.00107941683310787,0.00107941683310787,"gpath_trio"
"12035","DYDC2","Exc L3-4 RORB CUX2",-0.242507810661706,0.41705619450894,8.56257620589938,0.00373478127067339,0.0129532769702313,0.0129532769702313,"gpath_trio"
"12036","FAM213A","Exc L3-4 RORB CUX2",-0.0768852445076198,6.3850229628972,13.843429092014,0.000243485733390493,0.00126802392130955,0.00126802392130955,"gpath_trio"
"12037","TSPAN14","Exc L3-4 RORB CUX2",0.0427319682912524,5.06660387644725,3.26788229523083,0.0718043401299392,0.147220788833488,0.147220788833488,"gpath_trio"
"12038","SH2D4B","Exc L3-4 RORB CUX2",-0.0822432103706984,1.50782755220392,1.88006338439112,0.171509214543765,0.289209798240199,0.289209798240199,"gpath_trio"
"12039","NRG3","Exc L3-4 RORB CUX2",0.130662431313481,11.9451707752949,49.7857071209472,1.55339928951621e-11,5.56657738294662e-10,5.56657738294662e-10,"gpath_trio"
"12040","AC010157.1","Exc L3-4 RORB CUX2",-0.246190769202783,-0.88001001876464,3.74648292033511,0.0540028915046123,0.117113655391331,0.117113655391331,"gpath_trio"
"12041","GHITM","Exc L3-4 RORB CUX2",-0.163618216821751,5.79108760981426,56.2454001047946,1.01160605391232e-12,4.7463144506235e-11,4.7463144506235e-11,"gpath_trio"
"12042","CDHR1","Exc L3-4 RORB CUX2",0.0347468728470247,2.85140206070542,0.311540073366352,0.577216966264943,0.710370092165236,0.710370092165236,"gpath_trio"
"12043","LINC00858","Exc L3-4 RORB CUX2",-0.20371297004708,0.0404296017990709,3.70541468854685,0.0553271307172456,0.119433432722066,0.119433432722066,"gpath_trio"
"12044","CCSER2","Exc L3-4 RORB CUX2",0.0202023562803577,7.24851543190028,2.90481434088936,0.0895100286287923,0.175122655894675,0.175122655894675,"gpath_trio"
"12045","GRID1-AS1","Exc L3-4 RORB CUX2",-0.274597525651471,1.33446259468569,9.89537678511684,0.0018495899469799,0.00713080014911512,0.00713080014911512,"gpath_trio"
"12046","GRID1","Exc L3-4 RORB CUX2",0.118069811094408,8.30357731259447,26.1316272259411,6.1877367831978e-07,6.75420713484344e-06,6.75420713484344e-06,"gpath_trio"
"12047","WAPL","Exc L3-4 RORB CUX2",0.0208950856941993,5.71883911228018,1.87988475018092,0.171529493909058,0.289209798240199,0.289209798240199,"gpath_trio"
"12048","AL731569.1","Exc L3-4 RORB CUX2",-0.0450943317309251,2.07376167143536,1.13312612763444,0.288097068164775,0.430067210523443,0.430067210523443,"gpath_trio"
"12049","OPN4","Exc L3-4 RORB CUX2",0.024986396231024,2.12206095813494,0.0396285630839514,0.842364162202488,0.911238568582132,0.911238568582132,"gpath_trio"
"12050","LDB3","Exc L3-4 RORB CUX2",0.188836081896353,0.537336960578481,0.832141182889678,0.362499129544927,0.510360189159297,0.510360189159297,"gpath_trio"
"12051","AC067750.1","Exc L3-4 RORB CUX2",-0.0205368830657039,1.03915888412946,0.105327789504442,0.745788354782521,0.845391620279659,0.845391620279659,"gpath_trio"
"12052","BMPR1A","Exc L3-4 RORB CUX2",0.0936062809891805,6.37141234415545,39.1648771707356,1.59697841997968e-09,3.3596495957341e-08,3.3596495957341e-08,"gpath_trio"
"12053","MMRN2","Exc L3-4 RORB CUX2",0.00853785567934694,0.676446655792473,0.0108783674182787,0.91701215290463,0.957990896067259,0.957990896067259,"gpath_trio"
"12054","SNCG","Exc L3-4 RORB CUX2",-0.282801712661589,4.9667512927467,21.5690005111248,5.42400119917188e-06,4.61726684359885e-05,4.61726684359885e-05,"gpath_trio"
"12055","ADIRF","Exc L3-4 RORB CUX2",0.138662724569961,-0.106795697125843,1.98154902972029,0.160421724471774,0.274769359981156,0.274769359981156,"gpath_trio"
"12056","AL136982.2","Exc L3-4 RORB CUX2",-0.216272615782579,-0.36798744757027,4.37490990225704,0.037442115527213,0.0874603080654766,0.0874603080654766,"gpath_trio"
"12057","GLUD1","Exc L3-4 RORB CUX2",0.0217740330008031,5.39565058638315,1.09876530314673,0.29551062043595,0.438602719583263,0.438602719583263,"gpath_trio"
"12058","SHLD2","Exc L3-4 RORB CUX2",0.0153754677379955,5.86259075245388,0.571860160220513,0.450205288587168,0.596420756270675,0.596420756270675,"gpath_trio"
"12059","NUTM2A-AS1","Exc L3-4 RORB CUX2",0.0477916735914598,6.82478836260627,1.24135439822157,0.266239043350831,0.404821290700529,0.404821290700529,"gpath_trio"
"12060","MINPP1","Exc L3-4 RORB CUX2",0.0902241796617292,4.3625181727025,14.296404701531,0.000193766910921575,0.00103528798406853,0.00103528798406853,"gpath_trio"
"12061","AL138767.3","Exc L3-4 RORB CUX2",-0.126404542007182,-0.196146141250935,1.7511541831901,0.18689416942369,0.309115417947446,0.309115417947446,"gpath_trio"
"12062","AL138767.1","Exc L3-4 RORB CUX2",-0.0603873365039946,-1.00547433684482,0.256868097668469,0.612709562283649,0.739584505149732,0.739584505149732,"gpath_trio"
"12063","PAPSS2","Exc L3-4 RORB CUX2",-0.0175423850042503,4.45234481629458,0.0859690703509258,0.769599474613378,0.863120206811101,0.863120206811101,"gpath_trio"
"12064","ATAD1","Exc L3-4 RORB CUX2",-0.00585621436472959,5.86690639664813,0.18213045563871,0.669901867741525,0.786823670121981,0.786823670121981,"gpath_trio"
"12065","KLLN","Exc L3-4 RORB CUX2",-0.0358715325075403,-0.366250718677616,0.124608677756835,0.873827124161123,0.932183916558305,0.932183916558305,"gpath_trio"
"12066","PTEN","Exc L3-4 RORB CUX2",0.0510581269725616,7.00418674438415,16.6493857022526,5.98563037483336e-05,0.000375965419714393,0.000375965419714393,"gpath_trio"
"12067","RNLS","Exc L3-4 RORB CUX2",0.197003938169056,6.33709458872424,77.4372053312727,1.94832827038935e-16,2.18375126972806e-14,2.18375126972806e-14,"gpath_trio"
"12068","LIPJ","Exc L3-4 RORB CUX2",-0.0375976441334786,-0.650626613413026,0.134108109221956,0.714507865488954,0.821811857037886,0.821811857037886,"gpath_trio"
"12069","STAMBPL1","Exc L3-4 RORB CUX2",0.112114886204193,6.3398188326069,25.4630037863528,8.4794778315396e-07,8.9333402220006e-06,8.9333402220006e-06,"gpath_trio"
"12070","ACTA2","Exc L3-4 RORB CUX2",-0.186304672225921,1.94263228185354,7.35370208606614,0.00713871197063915,0.0223246215321497,0.0223246215321497,"gpath_trio"
"12071","FAS","Exc L3-4 RORB CUX2",0.139514098038398,1.75942967296376,5.12719525948604,0.0243776903619354,0.0613318247976114,0.0613318247976114,"gpath_trio"
"12072","CH25H","Exc L3-4 RORB CUX2",0.0192972295803745,0.83973937461601,0.090632664804034,0.76361499744598,0.859130748018773,0.859130748018773,"gpath_trio"
"12073","LIPA","Exc L3-4 RORB CUX2",0.0213688856856419,6.43612956902479,0.74665846415924,0.388332691308826,0.536176570432217,0.536176570432217,"gpath_trio"
"12074","IFIT2","Exc L3-4 RORB CUX2",0.0996452458281951,0.922304689234834,1.28765210413616,0.257526119904048,0.394921668369123,0.394921668369123,"gpath_trio"
"12075","IFIT3","Exc L3-4 RORB CUX2",-0.219200688458736,3.46221784799192,16.4623566847604,6.56698428266901e-05,0.000407031975123955,0.000407031975123955,"gpath_trio"
"12076","IFIT1","Exc L3-4 RORB CUX2",-0.0384996014055642,4.3334642305665,0.889454654854734,0.346500622392375,0.493620255385268,0.493620255385268,"gpath_trio"
"12077","IFIT5","Exc L3-4 RORB CUX2",-0.0219770046221049,2.23100634733136,0.276472019350881,0.599471118014014,0.728872531654032,0.728872531654032,"gpath_trio"
"12078","SLC16A12","Exc L3-4 RORB CUX2",-0.109348152940566,-0.682920870467212,0.95291727110568,0.329885186281897,0.476238542628785,0.476238542628785,"gpath_trio"
"12079","PANK1","Exc L3-4 RORB CUX2",0.044207317417695,4.70034764676135,3.12513203113429,0.0782664329987471,0.157744783791181,0.157744783791181,"gpath_trio"
"12080","AL157400.1","Exc L3-4 RORB CUX2",0.174926078388012,-1.21131832654228,1.61618397955584,0.217942967721921,0.34750647070179,0.34750647070179,"gpath_trio"
"12081","AL157400.3","Exc L3-4 RORB CUX2",0.109267811384403,2.78537289990821,7.50341710660813,0.00658428982986258,0.0209292653722196,0.0209292653722196,"gpath_trio"
"12082","KIF20B","Exc L3-4 RORB CUX2",-0.00793652102673708,3.11516305109451,0.0394645829008216,0.842686350576155,0.911396865169611,0.911396865169611,"gpath_trio"
"12083","LINC00865","Exc L3-4 RORB CUX2",0.056834428476662,2.13116959291237,0.826969668070198,0.363992432311982,0.511923828643725,0.511923828643725,"gpath_trio"
"12084","LINC01374","Exc L3-4 RORB CUX2",0.277288704855768,0.352171530798795,6.17072385752766,0.0136184451536616,0.038287643669889,0.038287643669889,"gpath_trio"
"12085","AL391704.2","Exc L3-4 RORB CUX2",-0.0195521000013649,0.682851280862358,0.0242467002257204,0.876379662534853,0.934017944619158,0.934017944619158,"gpath_trio"
"12086","HTR7","Exc L3-4 RORB CUX2",0.193023255508222,1.38888653941435,3.01977458317376,0.083438912001874,0.165819018983723,0.165819018983723,"gpath_trio"
"12087","RPP30","Exc L3-4 RORB CUX2",-0.00405520221799502,4.25027754641158,0.0332186099352704,0.855520918809622,0.920002100552925,0.920002100552925,"gpath_trio"
"12088","PCGF5","Exc L3-4 RORB CUX2",0.103706509206513,6.74823427690715,55.9672607530719,1.13642068059887e-12,5.29498550371412e-11,5.29498550371412e-11,"gpath_trio"
"12089","HECTD2","Exc L3-4 RORB CUX2",0.0190856220069378,6.44416745464918,0.659817389027125,0.417367496395445,0.565886373641001,0.565886373641001,"gpath_trio"
"12090","PPP1R3C","Exc L3-4 RORB CUX2",-0.0250622329599752,1.00897342052589,0.132525400847492,0.716123711074407,0.823142426556868,0.823142426556868,"gpath_trio"
"12091","TNKS2","Exc L3-4 RORB CUX2",0.0252866204223211,6.40471166853855,3.12048429038064,0.0784871318802898,0.158083805071784,0.158083805071784,"gpath_trio"
"12092","FGFBP3","Exc L3-4 RORB CUX2",-0.134809906572597,1.24953654304515,4.99628275701167,0.0262512666118359,0.0651630820140071,0.0651630820140071,"gpath_trio"
"12093","BTAF1","Exc L3-4 RORB CUX2",0.00258895153322505,6.34169690117002,0.0358229696510728,0.850029206576516,0.916390896798184,0.916390896798184,"gpath_trio"
"12094","CPEB3","Exc L3-4 RORB CUX2",0.0595010951875877,8.1713717373036,21.4578745069526,5.7221192718907e-06,4.83432815370163e-05,4.83432815370163e-05,"gpath_trio"
"12095","MARCH5","Exc L3-4 RORB CUX2",0.0058852986439917,4.75247232138192,0.0956547901691138,0.757355417185306,0.854800031731499,0.854800031731499,"gpath_trio"
"12096","IDE","Exc L3-4 RORB CUX2",0.0537752449609353,5.87764408000239,9.222677973139,0.00263339807791435,0.00965627157795747,0.00965627157795747,"gpath_trio"
"12097","KIF11","Exc L3-4 RORB CUX2",-0.00271844543862587,1.99870514267506,0.00333099995149718,0.954020121722549,0.97734499279298,0.97734499279298,"gpath_trio"
"12098","EXOC6","Exc L3-4 RORB CUX2",0.0366317171181161,7.65260298084602,6.33049517928739,0.0124708624862259,0.0356020448082082,0.0356020448082082,"gpath_trio"
"12099","MYOF","Exc L3-4 RORB CUX2",-0.227681925593075,0.944478509180304,11.1261417859449,0.000975336161748261,0.00415485791031908,0.00415485791031908,"gpath_trio"
"12100","FFAR4","Exc L3-4 RORB CUX2",0.030572425170316,3.83932999253968,0.604786008779207,0.437464788000315,0.584637185110317,0.584637185110317,"gpath_trio"
"12101","RBP4","Exc L3-4 RORB CUX2",-0.13510251685714,4.04867125328201,15.5080376989216,0.000105571665830047,0.000611691085043425,0.000611691085043425,"gpath_trio"
"12102","PDE6C","Exc L3-4 RORB CUX2",-0.312101596541734,1.06871985898123,16.8959623053428,5.29798561516072e-05,0.00033910805769628,0.00033910805769628,"gpath_trio"
"12103","FRA10AC1","Exc L3-4 RORB CUX2",-0.0397668293248821,5.61464524711392,2.39930944382057,0.122605124695896,0.223973052403088,0.223973052403088,"gpath_trio"
"12104","LGI1","Exc L3-4 RORB CUX2",0.133288998728497,6.01189536797828,46.1052338867566,7.57738557010422e-11,2.2187772696205e-09,2.2187772696205e-09,"gpath_trio"
"12105","AL358154.1","Exc L3-4 RORB CUX2",-0.0384906888732439,-0.281549949205588,0.148399581441001,0.700384442793264,0.810965113254941,0.810965113254941,"gpath_trio"
"12106","SLC35G1","Exc L3-4 RORB CUX2",0.141496346290305,1.82737854898023,6.29524192667162,0.0127151670824985,0.0361715307232665,0.0361715307232665,"gpath_trio"
"12107","NOC3L","Exc L3-4 RORB CUX2",0.0407510020117205,2.91841988065265,1.26037098037284,0.262616486075296,0.401068691937091,0.401068691937091,"gpath_trio"
"12108","TBC1D12","Exc L3-4 RORB CUX2",0.0122376551497881,4.96832547321786,0.318018897676835,0.573286738271773,0.707570154580363,0.707570154580363,"gpath_trio"
"12109","HELLS","Exc L3-4 RORB CUX2",0.105658856504112,4.04636824257799,14.6106873736565,0.000165444270898069,0.000901387568287483,0.000901387568287483,"gpath_trio"
"12110","AL583836.1","Exc L3-4 RORB CUX2",0.229701167047696,0.0934338337129373,4.95162330247275,0.0269243590111301,0.0664817486050848,0.0664817486050848,"gpath_trio"
"12111","CYP2C8","Exc L3-4 RORB CUX2",0.0759922545671277,2.12092303648964,1.27260614854534,0.260318206871886,0.398204551038008,0.398204551038008,"gpath_trio"
"12112","AL157834.1","Exc L3-4 RORB CUX2",0.0807671347269694,2.46405106192067,1.76145347002439,0.185607564489286,0.307542100326161,0.307542100326161,"gpath_trio"
"12113","ACSM6","Exc L3-4 RORB CUX2",-0.300052680303154,1.6628349590745,19.5856346829667,1.41635233974281e-05,0.000107464868199741,0.000107464868199741,"gpath_trio"
"12114","AL157834.2","Exc L3-4 RORB CUX2",0.0307990755948999,0.729331147225265,0.115100419441056,0.734684320347952,0.837147905978925,0.837147905978925,"gpath_trio"
"12115","PDLIM1","Exc L3-4 RORB CUX2",-0.093116589078681,-0.726158052616878,0.702085342564395,0.402853449266765,0.551058942230455,0.551058942230455,"gpath_trio"
"12116","SORBS1","Exc L3-4 RORB CUX2",0.040395283386576,8.92267720179071,3.51347261955467,0.0619929411416419,0.131101424269667,0.131101424269667,"gpath_trio"
"12117","ALDH18A1","Exc L3-4 RORB CUX2",0.00837346150495432,4.61540668574538,0.164160128734122,0.685688075605156,0.799038694930632,0.799038694930632,"gpath_trio"
"12118","TCTN3","Exc L3-4 RORB CUX2",-0.0684943134119424,4.58542683705915,7.01209409245213,0.00859097178641981,0.0260557510208989,0.0260557510208989,"gpath_trio"
"12119","ENTPD1","Exc L3-4 RORB CUX2",-0.235501361520611,0.560008096897869,4.51157869403662,0.0346102106238897,0.0819458982909254,0.0819458982909254,"gpath_trio"
"12120","ENTPD1-AS1","Exc L3-4 RORB CUX2",0.0445724340638225,6.04746445612366,4.4067960155872,0.0367602634890668,0.0861068519554073,0.0861068519554073,"gpath_trio"
"12121","AL365273.2","Exc L3-4 RORB CUX2",-0.38125245938301,1.83308783000261,37.3925062160346,3.52433398725579e-09,6.94369513602397e-08,6.94369513602397e-08,"gpath_trio"
"12122","CC2D2B","Exc L3-4 RORB CUX2",0.10637025836038,2.39717055867977,4.30089377365666,0.0390767989327822,0.0905241036248571,0.0905241036248571,"gpath_trio"
"12123","CCNJ","Exc L3-4 RORB CUX2",0.0359953153570367,1.86598832540555,0.613530343507167,0.434174544426054,0.581629887163324,0.581629887163324,"gpath_trio"
"12124","ZNF518A","Exc L3-4 RORB CUX2",0.0616522757140449,6.28319492116474,7.85332383147385,0.00545449907653387,0.0179167240099431,0.0179167240099431,"gpath_trio"
"12125","TLL2","Exc L3-4 RORB CUX2",-0.091902674344392,1.68790296590435,3.34752183128567,0.0684513027679891,0.141743306306495,0.141743306306495,"gpath_trio"
"12126","TM9SF3","Exc L3-4 RORB CUX2",-0.0407379388724776,6.02105133548803,7.19775201297697,0.00776747292592991,0.0239689150016268,0.0239689150016268,"gpath_trio"
"12127","PIK3AP1","Exc L3-4 RORB CUX2",-0.153672425757048,0.176921607707605,2.3058797745296,0.13010026708331,0.234480336645148,0.234480336645148,"gpath_trio"
"12128","LCOR","Exc L3-4 RORB CUX2",0.0839926046848126,7.3198618786405,32.0816898450951,3.90920905939835e-08,5.85076355885472e-07,5.85076355885472e-07,"gpath_trio"
"12129","SLIT1","Exc L3-4 RORB CUX2",0.10381134827816,6.54017672759448,8.64591395582999,0.00357304491176775,0.0124788326097423,0.0124788326097423,"gpath_trio"
"12130","ARHGAP19-SLIT1","Exc L3-4 RORB CUX2",0.142757911032232,0.272766990987974,3.19764447963709,0.0749087427496397,0.152470125602702,0.152470125602702,"gpath_trio"
"12131","FRAT1","Exc L3-4 RORB CUX2",-0.120729196967192,1.08510693449545,3.59953704203407,0.0589036202922031,0.125581796406552,0.125581796406552,"gpath_trio"
"12132","FRAT2","Exc L3-4 RORB CUX2",-0.0758352995637438,1.68789438161236,2.02455873863586,0.155972560531464,0.269168189993307,0.269168189993307,"gpath_trio"
"12133","RRP12","Exc L3-4 RORB CUX2",0.0777851854913558,5.40391508292034,13.3829551666801,0.000307368563991978,0.00154603858851612,0.00154603858851612,"gpath_trio"
"12134","AL355490.2","Exc L3-4 RORB CUX2",-0.0129025846524279,1.88464934012209,0.0684641910316299,0.793793338610099,0.879884655044159,0.879884655044159,"gpath_trio"
"12135","PGAM1","Exc L3-4 RORB CUX2",-0.19875777739476,6.38537257544736,59.9235854626305,2.1944889313322e-13,1.20637095884542e-11,1.20637095884542e-11,"gpath_trio"
"12136","EXOSC1","Exc L3-4 RORB CUX2",0.0448096504841063,4.9419310564706,5.19489329973363,0.0234641379612527,0.0594153962352556,0.0594153962352556,"gpath_trio"
"12137","ZDHHC16","Exc L3-4 RORB CUX2",-0.0285505531339674,3.80552663849507,1.37355798246506,0.242274280207845,0.376483370807462,0.376483370807462,"gpath_trio"
"12138","MMS19","Exc L3-4 RORB CUX2",0.00185626042497529,5.66902539816734,0.014265301932134,0.905021032480973,0.951871511328518,0.951871511328518,"gpath_trio"
"12139","UBTD1","Exc L3-4 RORB CUX2",0.00980454913582895,3.40456639603725,0.094415293954103,0.75888328607091,0.855852908188162,0.855852908188162,"gpath_trio"
"12140","ANKRD2","Exc L3-4 RORB CUX2",-0.0924407950218825,1.80581416842399,0.967094441496373,0.326320085002637,0.47207139788672,0.47207139788672,"gpath_trio"
"12141","AL355315.1","Exc L3-4 RORB CUX2",-0.263758292596186,2.34972728057692,30.5465333042224,7.91639430477981e-08,1.08648472856417e-06,1.08648472856417e-06,"gpath_trio"
"12142","MORN4","Exc L3-4 RORB CUX2",0.0223963910091677,5.29629198254892,1.29116948322968,0.534936907490024,0.674016494417389,0.674016494417389,"gpath_trio"
"12143","PI4K2A","Exc L3-4 RORB CUX2",-0.0992539445670128,3.53608830552319,11.3168819221879,0.000883858260362718,0.00380696848907298,0.00380696848907298,"gpath_trio"
"12144","AVPI1","Exc L3-4 RORB CUX2",-0.102867820012696,3.14376197821959,7.86558084523937,0.00541874357516623,0.0178224896688912,0.0178224896688912,"gpath_trio"
"12145","MARVELD1","Exc L3-4 RORB CUX2",0.0969738463868485,1.44456577053532,3.02679062437746,0.0830831780630657,0.165306027359206,0.165306027359206,"gpath_trio"
"12146","ZFYVE27","Exc L3-4 RORB CUX2",-0.0357469734351139,5.44235625939125,5.44554238407051,0.0203809648330284,0.0531153252634293,0.0531153252634293,"gpath_trio"
"12147","LINC00866","Exc L3-4 RORB CUX2",-0.0247523644629383,1.57754627992892,0.215736164293586,0.642696816787908,0.7643485191403,0.7643485191403,"gpath_trio"
"12148","GOLGA7B","Exc L3-4 RORB CUX2",-0.00992239372895449,5.51517966738038,0.214057896814357,0.81829304485869,0.895722542456951,0.895722542456951,"gpath_trio"
"12149","CRTAC1","Exc L3-4 RORB CUX2",0.20444667127127,4.88237990585853,26.2417200816979,5.87546705768346e-07,6.43526318614353e-06,6.43526318614353e-06,"gpath_trio"
"12150","R3HCC1L","Exc L3-4 RORB CUX2",0.0608525758552938,5.32622329512194,12.0404447134841,0.000609266365969368,0.00277595956039566,0.00277595956039566,"gpath_trio"
"12151","PYROXD2","Exc L3-4 RORB CUX2",0.103886111239582,2.15867924230728,3.17963754083451,0.0757277585027254,0.153826774848216,0.153826774848216,"gpath_trio"
"12152","HPS1","Exc L3-4 RORB CUX2",-0.0314357939269051,4.03500115438735,1.46694307512232,0.226928314439405,0.357845767063857,0.357845767063857,"gpath_trio"
"12153","CNNM1","Exc L3-4 RORB CUX2",0.0951369390818536,6.55472303687271,31.5240835460261,5.0484775376194e-08,7.30653043912994e-07,7.30653043912994e-07,"gpath_trio"
"12154","GOT1","Exc L3-4 RORB CUX2",-0.149575070847602,5.89416386220237,66.5010599860148,1.49557771150899e-14,1.10121461057277e-12,1.10121461057277e-12,"gpath_trio"
"12155","AL391684.1","Exc L3-4 RORB CUX2",0.112583334929126,3.8334116348802,14.3465485817018,0.000188938062643522,0.00101297512990515,0.00101297512990515,"gpath_trio"
"12156","SLC25A28","Exc L3-4 RORB CUX2",0.024787373962073,5.03300587704161,1.19673540838432,0.274987572487831,0.41501154061505,0.41501154061505,"gpath_trio"
"12157","AL133353.1","Exc L3-4 RORB CUX2",0.0271090105106909,0.539217278231431,0.151527771729496,0.69739824112027,0.808574766657172,0.808574766657172,"gpath_trio"
"12158","ENTPD7","Exc L3-4 RORB CUX2",0.00394161986765734,2.47831157963301,0.0113565036111657,0.915214757039988,0.957203614478059,0.957203614478059,"gpath_trio"
"12159","CUTC","Exc L3-4 RORB CUX2",-0.0408364536529555,4.02780633023545,3.23550940635685,0.0732175644833581,0.14963172239179,0.14963172239179,"gpath_trio"
"12160","COX15","Exc L3-4 RORB CUX2",-0.0179517642756508,4.3373011321049,0.507475552691902,0.79957685360719,0.883093174660593,0.883093174660593,"gpath_trio"
"12161","ABCC2","Exc L3-4 RORB CUX2",-0.00376119156523385,0.815545207992385,0.00363078228574423,0.951998054901112,0.97653857828096,0.97653857828096,"gpath_trio"
"12162","DNMBP","Exc L3-4 RORB CUX2",0.0614956165616792,4.7824447996611,7.47482940364373,0.00668662686941562,0.0211877959934758,0.0211877959934758,"gpath_trio"
"12163","DNMBP-AS1","Exc L3-4 RORB CUX2",0.0240267622577803,0.771222116549717,0.10312335249455,0.789961594461528,0.877372704005579,0.877372704005579,"gpath_trio"
"12164","CPN1","Exc L3-4 RORB CUX2",-0.306117274633668,0.138557443523625,15.091432532803,0.000130009193211077,0.000731029953465296,0.000731029953465296,"gpath_trio"
"12165","ERLIN1","Exc L3-4 RORB CUX2",0.0264845242850459,4.32475397904888,1.45860205356684,0.228250095187781,0.359424420107203,0.359424420107203,"gpath_trio"
"12166","CHUK","Exc L3-4 RORB CUX2",-0.0126074603874923,4.52248901615761,0.257445819898485,0.612310459719664,0.739420234185522,0.739420234185522,"gpath_trio"
"12167","AL138921.1","Exc L3-4 RORB CUX2",-0.162467682128033,-0.420268449371595,2.15129869385406,0.1436577948525,0.252706950139436,0.252706950139436,"gpath_trio"
"12168","CWF19L1","Exc L3-4 RORB CUX2",-0.0216741450453764,5.27490846610454,0.707753011327483,0.400963819728689,0.54921889218727,0.54921889218727,"gpath_trio"
"12169","BLOC1S2","Exc L3-4 RORB CUX2",-0.0987939687269452,4.34554432164956,18.9911893720158,1.89239158138945e-05,0.000137532421305952,0.000137532421305952,"gpath_trio"
"12170","PKD2L1","Exc L3-4 RORB CUX2",0.327745105301295,-1.50722620204241,1.63416454677486,0.202267956696313,0.328510386922243,0.328510386922243,"gpath_trio"
"12171","AL139819.1","Exc L3-4 RORB CUX2",0.117631324973594,-0.993019729267778,0.904132954717212,0.342558956388485,0.489179427034095,0.489179427034095,"gpath_trio"
"12172","OLMALINC","Exc L3-4 RORB CUX2",0.252555403079218,3.11463348352926,20.1723954269244,1.06506096490714e-05,8.38050115717687e-05,8.38050115717687e-05,"gpath_trio"
"12173","SEC31B","Exc L3-4 RORB CUX2",0.0100680720621547,4.72984343881227,0.174410844566499,0.676565794193625,0.792183824493641,0.792183824493641,"gpath_trio"
"12174","AL133352.1","Exc L3-4 RORB CUX2",0.058906886321906,2.73235941925162,2.71463611887026,0.100639558439842,0.191963987096891,0.191963987096891,"gpath_trio"
"12175","HIF1AN","Exc L3-4 RORB CUX2",-0.0754116869042977,4.51011953402657,13.7703464982182,0.000252644026489947,0.00130761755629417,0.00130761755629417,"gpath_trio"
"12176","PAX2","Exc L3-4 RORB CUX2",-0.175469775974904,-0.389505115777173,2.58902319602624,0.108820149687982,0.204130991821692,0.204130991821692,"gpath_trio"
"12177","AL138762.1","Exc L3-4 RORB CUX2",-0.0740022264888028,0.414705495421385,0.990419196033158,0.400626148032756,0.548946324959879,0.548946324959879,"gpath_trio"
"12178","SLF2","Exc L3-4 RORB CUX2",0.0539619275743394,5.86995558401259,7.05633163529231,0.00838692612043758,0.0255521344729429,0.0255521344729429,"gpath_trio"
"12179","MRPL43","Exc L3-4 RORB CUX2",-0.158377199304712,3.44692189169732,27.0181256280763,4.08103671424798e-07,4.68877652106794e-06,4.68877652106794e-06,"gpath_trio"
"12180","SEMA4G","Exc L3-4 RORB CUX2",-0.0275672721200874,2.05603985748474,0.278420209143238,0.598188524286402,0.72780445528152,0.72780445528152,"gpath_trio"
"12181","TWNK","Exc L3-4 RORB CUX2",-0.0438293841589436,0.767495657203152,0.476301511511852,0.490717932912882,0.634386408850275,0.634386408850275,"gpath_trio"
"12182","LZTS2","Exc L3-4 RORB CUX2",0.00144552574016209,3.70602608575073,0.00269624019754428,0.958628058981086,0.979355939332764,0.979355939332764,"gpath_trio"
"12183","PDZD7","Exc L3-4 RORB CUX2",0.00182268379639097,4.89593600468465,0.00231356172801016,0.961673871691169,0.980168842616133,0.980168842616133,"gpath_trio"
"12184","SFXN3","Exc L3-4 RORB CUX2",0.0179406875184625,4.63222023572536,0.44022410225281,0.507602157051111,0.64981311224972,0.64981311224972,"gpath_trio"
"12185","KAZALD1","Exc L3-4 RORB CUX2",-0.433420308935294,-0.797432063063414,12.9000739030856,0.000392791749706203,0.00190815640508612,0.00190815640508612,"gpath_trio"
"12186","AL133387.2","Exc L3-4 RORB CUX2",-0.12702288927298,-0.00197525817103722,2.20124053000575,0.139110896707933,0.246730755260005,0.246730755260005,"gpath_trio"
"12187","BTRC","Exc L3-4 RORB CUX2",0.0533244393639133,7.39785873290881,16.4841750118032,6.49631824340265e-05,0.000403519767735987,0.000403519767735987,"gpath_trio"
"12188","DPCD","Exc L3-4 RORB CUX2",-0.0390212616590416,3.75367768019873,2.24251686035177,0.135475264639872,0.242177340431457,0.242177340431457,"gpath_trio"
"12189","POLL","Exc L3-4 RORB CUX2",-0.00700701505745967,4.36308267426283,0.129383477023893,0.719364106358677,0.825831958904421,0.825831958904421,"gpath_trio"
"12190","FBXW4","Exc L3-4 RORB CUX2",0.0503542564012998,6.01012531782055,11.6475413772215,0.000745442286704167,0.00329778582856042,0.00329778582856042,"gpath_trio"
"12191","FGF8","Exc L3-4 RORB CUX2",0.0309819947212383,-0.439339946560714,0.0802645591036558,0.777164650609856,0.868700254749585,0.868700254749585,"gpath_trio"
"12192","NPM3","Exc L3-4 RORB CUX2",-0.228040155858407,1.6890140050326,20.7333059280206,8.11724943512517e-06,6.56374778972546e-05,6.56374778972546e-05,"gpath_trio"
"12193","OGA","Exc L3-4 RORB CUX2",-3.20494751132571e-05,7.70432617022269,2.97976210600694e-06,0.99862401701931,0.999218347635004,0.999218347635004,"gpath_trio"
"12194","KCNIP2-AS1","Exc L3-4 RORB CUX2",-0.240984919411076,2.1052048809091,18.6117610865388,2.27803342198308e-05,0.000161430714044638,0.000161430714044638,"gpath_trio"
"12195","KCNIP2","Exc L3-4 RORB CUX2",0.0458736777638268,5.03227259953609,2.0080935823687,0.15765893161775,0.271396667695231,0.271396667695231,"gpath_trio"
"12196","ARMH3","Exc L3-4 RORB CUX2",0.0352899892060114,6.63018378734118,5.06310258003344,0.0252768552713165,0.0632156384156204,0.0632156384156204,"gpath_trio"
"12197","HPS6","Exc L3-4 RORB CUX2",-0.206219528655989,1.25276762431224,11.881909973178,0.000660875282348563,0.00298548115122755,0.00298548115122755,"gpath_trio"
"12198","LDB1","Exc L3-4 RORB CUX2",0.0567952428260967,3.92148439913957,3.28446898807208,0.0710916771127496,0.146048973063461,0.146048973063461,"gpath_trio"
"12199","PPRC1","Exc L3-4 RORB CUX2",0.00330578230912622,3.2743626994954,0.0131231263996496,0.908885299311913,0.953353938041072,0.953353938041072,"gpath_trio"
"12200","NOLC1","Exc L3-4 RORB CUX2",-0.0496490914871369,3.83548098807041,3.66847820426345,0.0565477518774626,0.121509308140144,0.121509308140144,"gpath_trio"
"12201","ELOVL3","Exc L3-4 RORB CUX2",0.0460937480421765,-0.766583609804844,0.155751093035996,0.693422429002099,0.805394691310391,0.805394691310391,"gpath_trio"
"12202","GBF1","Exc L3-4 RORB CUX2",0.0408251665765228,6.62909862324111,12.4709504602052,0.00048883167924311,0.002299412247314,0.002299412247314,"gpath_trio"
"12203","PSD","Exc L3-4 RORB CUX2",0.0110520618337251,6.68898163130727,0.342198412983677,0.559070294034662,0.695262478095871,0.695262478095871,"gpath_trio"
"12204","FBXL15","Exc L3-4 RORB CUX2",-0.114038442324965,4.64954165531528,20.1205045063353,1.09221011673636e-05,8.58073952692993e-05,8.58073952692993e-05,"gpath_trio"
"12205","CUEDC2","Exc L3-4 RORB CUX2",-0.104052599687082,4.00109862845431,16.3126731563953,7.07325114506563e-05,0.000431716242446434,0.000431716242446434,"gpath_trio"
"12206","C10orf95","Exc L3-4 RORB CUX2",-0.116364010319087,0.288898971476952,1.63235368643068,0.202517382705534,0.328862539929503,0.328862539929503,"gpath_trio"
"12207","MFSD13A","Exc L3-4 RORB CUX2",-0.0262508237578539,4.34625395182268,0.581197537134302,0.44653434114264,0.592806840751563,0.592806840751563,"gpath_trio"
"12208","ACTR1A","Exc L3-4 RORB CUX2",-0.0601883690569687,5.26924257731547,10.5850608041979,0.00129096037582236,0.00526696169508922,0.00526696169508922,"gpath_trio"
"12209","SUFU","Exc L3-4 RORB CUX2",0.159185761192458,5.73516474056762,81.0786359936644,4.74509423301497e-17,6.49268743982068e-15,6.49268743982068e-15,"gpath_trio"
"12210","TRIM8","Exc L3-4 RORB CUX2",0.0156279229149615,4.43349200185216,0.369824846252898,0.543630598086874,0.682031423195242,0.682031423195242,"gpath_trio"
"12211","AL391121.1","Exc L3-4 RORB CUX2",0.0980501292967317,1.51553342196665,2.92960359729945,0.0915706174480853,0.178203646861688,0.178203646861688,"gpath_trio"
"12212","ARL3","Exc L3-4 RORB CUX2",-0.0343740961762792,5.74838797728269,4.37737813862735,0.0373888618228966,0.0873802711900651,0.0873802711900651,"gpath_trio"
"12213","SFXN2","Exc L3-4 RORB CUX2",0.0855238657966997,3.41965869997973,7.49739014647171,0.00660573011470089,0.0209852979653482,0.0209852979653482,"gpath_trio"
"12214","WBP1L","Exc L3-4 RORB CUX2",0.0461409151049677,5.2903891262725,6.97535061198384,0.00876433663711662,0.0265058449488574,0.0265058449488574,"gpath_trio"
"12215","CYP17A1-AS1","Exc L3-4 RORB CUX2",-0.263039486971612,0.378414087962307,12.2070696954061,0.000559429504911868,0.00257682426063857,0.00257682426063857,"gpath_trio"
"12216","AL358790.1","Exc L3-4 RORB CUX2",0.00339184986184582,1.13489106198509,0.00314210084058521,0.955341484451239,0.977684529766621,0.977684529766621,"gpath_trio"
"12217","BORCS7-ASMT","Exc L3-4 RORB CUX2",0.136183911720447,2.32767184142743,11.714178184558,0.000720334561647845,0.00320370233622696,0.00320370233622696,"gpath_trio"
"12218","CNNM2","Exc L3-4 RORB CUX2",0.0705972993070519,7.2619377959993,34.2374532565478,1.46262716031502e-08,2.43469496364319e-07,2.43469496364319e-07,"gpath_trio"
"12219","NT5C2","Exc L3-4 RORB CUX2",0.0500323710929376,6.81000556311336,10.6464469726721,0.00125045135269009,0.00512969825956133,0.00512969825956133,"gpath_trio"
"12220","RPEL1","Exc L3-4 RORB CUX2",-0.226241487074743,-0.724516243087631,3.32137487469546,0.0695331790095389,0.143644469231768,0.143644469231768,"gpath_trio"
"12221","INA","Exc L3-4 RORB CUX2",-0.128899790107835,6.28346474572057,26.5460641006181,5.09251847957936e-07,5.67006403562437e-06,5.67006403562437e-06,"gpath_trio"
"12222","PCGF6","Exc L3-4 RORB CUX2",0.00338515649333223,5.14080743090354,0.0215564075101582,0.883387081193822,0.938363310855861,0.938363310855861,"gpath_trio"
"12223","TAF5","Exc L3-4 RORB CUX2",-0.0901338000436937,2.89909244287539,7.19629529812943,0.00777360752521633,0.0239768432688028,0.0239768432688028,"gpath_trio"
"12224","ATP5MD","Exc L3-4 RORB CUX2",-0.279435000200985,4.95997283556359,81.044913667963,4.80721934384266e-17,6.49268743982068e-15,6.49268743982068e-15,"gpath_trio"
"12225","PDCD11","Exc L3-4 RORB CUX2",-0.00149039105254588,4.15881373164888,0.00373286951191798,0.951328725104286,0.976241576151737,0.976241576151737,"gpath_trio"
"12226","CALHM2","Exc L3-4 RORB CUX2",0.0122828285073268,1.88713095554711,0.0607059767171352,0.805577978877081,0.887486251506859,0.887486251506859,"gpath_trio"
"12227","AL139339.1","Exc L3-4 RORB CUX2",-0.0936390642717403,-0.344779661825201,1.09784478197702,0.295712576948349,0.438812542706115,0.438812542706115,"gpath_trio"
"12228","CALHM1","Exc L3-4 RORB CUX2",-0.0100403225433671,1.03026361304425,0.024130827283477,0.876673018904071,0.934120259765088,0.934120259765088,"gpath_trio"
"12229","NEURL1-AS1","Exc L3-4 RORB CUX2",-0.191572006099872,0.858409169660619,8.1855628960597,0.00456568313115457,0.0153572286047088,0.0153572286047088,"gpath_trio"
"12230","NEURL1","Exc L3-4 RORB CUX2",0.00842862900194905,6.2999019334478,0.177768651602643,0.673646248483127,0.789769742361295,0.789769742361295,"gpath_trio"
"12231","SH3PXD2A","Exc L3-4 RORB CUX2",0.0782268764470193,6.9328517847103,16.9516225202407,5.15416971027546e-05,0.000331374677835588,0.000331374677835588,"gpath_trio"
"12232","AL121929.2","Exc L3-4 RORB CUX2",-0.17903005843158,1.81837300263448,9.32662661348209,0.00249304156187704,0.00922713511481733,0.00922713511481733,"gpath_trio"
"12233","STN1","Exc L3-4 RORB CUX2",-0.01753741730092,3.14401618923489,0.287569276621197,0.592240906380472,0.722774525798277,0.722774525798277,"gpath_trio"
"12234","SLK","Exc L3-4 RORB CUX2",-0.036778743602991,5.32227884526513,4.16029053039242,0.042393141956094,0.0965547804257996,0.0965547804257996,"gpath_trio"
"12235","SFR1","Exc L3-4 RORB CUX2",-0.10345027811955,0.70308650068058,2.22179384124346,0.137286998033048,0.244484525140502,0.244484525140502,"gpath_trio"
"12236","CFAP43","Exc L3-4 RORB CUX2",0.0660617963128233,4.43121500814447,3.76209718002906,0.0535083135499888,0.116241006339079,0.116241006339079,"gpath_trio"
"12237","GSTO1","Exc L3-4 RORB CUX2",-0.0566820218939008,4.19179001198218,4.10761129641161,0.0437111861020743,0.0989090600728297,0.0989090600728297,"gpath_trio"
"12238","GSTO2","Exc L3-4 RORB CUX2",0.0914172366062003,5.15457741089321,6.71627387301305,0.0100937124094185,0.0298462037021865,0.0298462037021865,"gpath_trio"
"12239","ITPRIP","Exc L3-4 RORB CUX2",-0.112826556336618,-0.841117267127637,0.931138112997371,0.335463993477139,0.481947309577816,0.481947309577816,"gpath_trio"
"12240","CFAP58","Exc L3-4 RORB CUX2",-0.0142015548897198,1.50611915559764,0.0507698232098014,0.821906093849775,0.897839805398704,0.897839805398704,"gpath_trio"
"12241","SORCS3","Exc L3-4 RORB CUX2",0.0410270437357942,7.28410942948651,1.53694583142107,0.216190733992536,0.345312964792924,0.345312964792924,"gpath_trio"
"12242","AL353148.1","Exc L3-4 RORB CUX2",-0.0993392856896237,-1.41365621446486,0.223621009382662,0.636691356757632,0.759354937490259,0.759354937490259,"gpath_trio"
"12243","SORCS1","Exc L3-4 RORB CUX2",0.125762425008081,8.75105936848432,18.1246168608702,2.89228635200667e-05,0.0001996300963111,0.0001996300963111,"gpath_trio"
"12244","LINC01435","Exc L3-4 RORB CUX2",0.165115637503971,4.69081357791032,15.870977382713,8.81006443037063e-05,0.000522159370983336,0.000522159370983336,"gpath_trio"
"12245","AL356476.1","Exc L3-4 RORB CUX2",0.231377367761316,-0.738613240267055,3.52776060714033,0.0614682875491436,0.130182941560358,0.130182941560358,"gpath_trio"
"12246","XPNPEP1","Exc L3-4 RORB CUX2",-0.0298811485095044,4.92439141120014,2.8013256758741,0.0953889431643336,0.183860889303567,0.183860889303567,"gpath_trio"
"12247","ADD3","Exc L3-4 RORB CUX2",0.0912208792349236,6.94761596260934,12.5443030654026,0.000470865631846279,0.00222841053776652,0.00222841053776652,"gpath_trio"
"12248","MXI1","Exc L3-4 RORB CUX2",0.0888180034550722,6.30816428911212,19.3039390621816,1.62461571021707e-05,0.000121215317875848,0.000121215317875848,"gpath_trio"
"12249","SMNDC1","Exc L3-4 RORB CUX2",0.0276123957071889,3.46348001403752,1.32131286089894,0.251412815885228,0.387816619044612,0.387816619044612,"gpath_trio"
"12250","AL355512.1","Exc L3-4 RORB CUX2",0.0264340975232743,1.75322240101707,0.25874057734648,0.638928099573188,0.761122721356228,0.761122721356228,"gpath_trio"
"12251","DUSP5","Exc L3-4 RORB CUX2",-0.173719239305662,1.7069116169765,7.8310653924675,0.00552005075506592,0.0181025721689621,0.0181025721689621,"gpath_trio"
"12252","SMC3","Exc L3-4 RORB CUX2",-0.00949096047828486,5.00192465065636,0.25625864425629,0.613131197657234,0.739921473436734,0.739921473436734,"gpath_trio"
"12253","RBM20","Exc L3-4 RORB CUX2",-0.383555936475658,-0.968727329342593,1.47154913341667,0.226202364446883,0.35706382150973,0.35706382150973,"gpath_trio"
"12254","PDCD4","Exc L3-4 RORB CUX2",0.0646285074212576,5.02619052454279,7.5381796259242,0.00646201426383249,0.0206055220124578,0.0206055220124578,"gpath_trio"
"12255","BBIP1","Exc L3-4 RORB CUX2",-0.0490872884317524,5.50645029765223,5.48606923762014,0.0199235398581305,0.0521683863254747,0.0521683863254747,"gpath_trio"
"12256","SHOC2","Exc L3-4 RORB CUX2",0.0499806848795837,6.32106902850368,10.16066334026,0.00161018165142047,0.00634728699050566,0.00634728699050566,"gpath_trio"
"12257","ADRA2A","Exc L3-4 RORB CUX2",-0.00230718685201288,-0.200367752935329,0.000440435634239142,0.983272474315647,0.991628201415555,0.991628201415555,"gpath_trio"
"12258","GPAM","Exc L3-4 RORB CUX2",0.0517604699016442,3.06033330576423,1.93699143662306,0.165185012646239,0.280806170385732,0.280806170385732,"gpath_trio"
"12259","ACSL5","Exc L3-4 RORB CUX2",-0.20895340678201,0.587153626449304,7.4190773444108,0.00689093683169211,0.0216954823001542,0.0216954823001542,"gpath_trio"
"12260","AL157786.1","Exc L3-4 RORB CUX2",0.0601690071604371,2.32402520216203,1.58549096538251,0.209100781460677,0.336922631257021,0.336922631257021,"gpath_trio"
"12261","ZDHHC6","Exc L3-4 RORB CUX2",0.00283626543026374,3.84520916443621,0.0140683289123825,0.905675936609581,0.952149627164452,0.952149627164452,"gpath_trio"
"12262","VTI1A","Exc L3-4 RORB CUX2",0.13478678958832,8.06565031373277,122.127124307476,1.5764855019551e-23,1.59027975009721e-20,1.59027975009721e-20,"gpath_trio"
"12263","TCF7L2","Exc L3-4 RORB CUX2",0.002257419154153,5.61077888252504,0.00479087182015345,0.944870790780017,0.973134126541775,0.973134126541775,"gpath_trio"
"12264","HABP2","Exc L3-4 RORB CUX2",0.224397318802341,1.76843905102911,10.3512066885636,0.00145793742331347,0.00583840562035514,0.00583840562035514,"gpath_trio"
"12265","NRAP","Exc L3-4 RORB CUX2",-0.185303230308464,0.0872641597765404,1.19741720194123,0.274851195291616,0.414836752076632,0.414836752076632,"gpath_trio"
"12266","CASP7","Exc L3-4 RORB CUX2",-0.0122664411487119,1.83524676966872,0.0264745084115852,0.870873244311766,0.930311749655294,0.930311749655294,"gpath_trio"
"12267","AL592546.1","Exc L3-4 RORB CUX2",-0.275252800876622,0.284939701599194,1.4608732689199,0.227893497190343,0.359002991006104,0.359002991006104,"gpath_trio"
"12268","PLEKHS1","Exc L3-4 RORB CUX2",-0.373824424351965,0.15606302154258,7.05178578302317,0.0084076617192733,0.0256037094620889,0.0256037094620889,"gpath_trio"
"12269","DCLRE1A","Exc L3-4 RORB CUX2",0.0324833367916842,2.50384040335212,0.642416817770739,0.599590648712603,0.72893891761234,0.72893891761234,"gpath_trio"
"12270","NHLRC2","Exc L3-4 RORB CUX2",0.0421808307274677,5.96086197040563,4.83576375061549,0.028756137296326,0.0701687312473848,0.0701687312473848,"gpath_trio"
"12271","ADRB1","Exc L3-4 RORB CUX2",-0.0216322798914355,4.19758428959197,0.464220149959606,0.496264642261868,0.639623548110377,0.639623548110377,"gpath_trio"
"12272","CCDC186","Exc L3-4 RORB CUX2",-0.0267555223601055,5.98440838183701,2.22744993455775,0.136789815730979,0.243870513010587,0.243870513010587,"gpath_trio"
"12273","TDRD1","Exc L3-4 RORB CUX2",0.0430959476984496,0.244327247160756,0.145412832705439,0.703269559461406,0.813698650119508,0.813698650119508,"gpath_trio"
"12274","VWA2","Exc L3-4 RORB CUX2",0.0322226695928684,-0.425957675653845,0.0784544071278793,0.779625693769789,0.870445399657193,0.870445399657193,"gpath_trio"
"12275","AFAP1L2","Exc L3-4 RORB CUX2",0.10337449230676,3.23932976097838,4.91533402410788,0.0274845898578418,0.0676012026631921,0.0676012026631921,"gpath_trio"
"12276","ABLIM1","Exc L3-4 RORB CUX2",0.0719598306718349,7.34271877305854,10.5319686146314,0.00132707390614877,0.00539466372285945,0.00539466372285945,"gpath_trio"
"12277","AL137025.1","Exc L3-4 RORB CUX2",0.00677571034792973,-0.0147426635631955,0.00435276033054643,0.947448069028534,0.974448147491389,0.974448147491389,"gpath_trio"
"12278","FAM160B1","Exc L3-4 RORB CUX2",-0.0195125185814272,4.9222611535111,1.22530537070659,0.894245774524686,0.945368292864994,0.945368292864994,"gpath_trio"
"12279","TRUB1","Exc L3-4 RORB CUX2",-0.0267775929478084,4.80298436984831,1.35781262960794,0.405278926365836,0.553625996305149,0.553625996305149,"gpath_trio"
"12280","ATRNL1","Exc L3-4 RORB CUX2",0.0993875662425183,10.9956342487665,16.1298771217426,7.74551045161188e-05,0.000467861297488832,0.000467861297488832,"gpath_trio"
"12281","GFRA1","Exc L3-4 RORB CUX2",0.215487330678041,3.88925626902585,5.16686847755961,0.0238379060658213,0.0601538154944272,0.0601538154944272,"gpath_trio"
"12282","CCDC172","Exc L3-4 RORB CUX2",0.0964855762853187,-0.827455023690488,0.583930992847969,0.445468515041325,0.591816626561223,0.591816626561223,"gpath_trio"
"12283","PNLIPRP3","Exc L3-4 RORB CUX2",-0.00592494955206101,-0.717871314910689,0.00326546054521289,0.954474210662045,0.977524981108105,0.977524981108105,"gpath_trio"
"12284","C10orf82","Exc L3-4 RORB CUX2",0.199478447514051,-0.401147155474813,3.15453385070206,0.0768857555385059,0.155646208909227,0.155646208909227,"gpath_trio"
"12285","HSPA12A","Exc L3-4 RORB CUX2",0.126038793447786,8.61699507242791,39.3025787001102,1.5020700723987e-09,3.17322133095746e-08,3.17322133095746e-08,"gpath_trio"
"12286","ENO4","Exc L3-4 RORB CUX2",-0.0926739309969674,3.44929066126208,5.83060428735346,0.0164405513583326,0.0446297260030085,0.0446297260030085,"gpath_trio"
"12287","SHTN1","Exc L3-4 RORB CUX2",0.0385059700860516,6.85612841439946,3.40976436275724,0.0659480764072415,0.137676163236351,0.137676163236351,"gpath_trio"
"12288","SLC18A2","Exc L3-4 RORB CUX2",-0.6297800974278,0.295963201758972,47.0437978758875,5.04814912942325e-11,1.5454690240685e-09,1.5454690240685e-09,"gpath_trio"
"12289","AL391988.1","Exc L3-4 RORB CUX2",-0.114170895133636,-0.164375735483138,1.46850523451076,0.22668179155093,0.357596774144969,0.357596774144969,"gpath_trio"
"12290","PDZD8","Exc L3-4 RORB CUX2",-0.0118480270400991,5.55252422359929,0.518621900513613,0.472077020989934,0.617169122503364,0.617169122503364,"gpath_trio"
"12291","AC005871.2","Exc L3-4 RORB CUX2",-0.180212663791807,-0.688157135618301,2.89231776399081,0.0901984477335964,0.176196135072164,0.176196135072164,"gpath_trio"
"12292","RAB11FIP2","Exc L3-4 RORB CUX2",0.0186655001208166,5.99500742641875,1.24130254308843,0.266249006508318,0.404821290700529,0.404821290700529,"gpath_trio"
"12293","AC022395.1","Exc L3-4 RORB CUX2",-0.287431425609128,1.28843753969641,19.4992484443092,1.47717529237825e-05,0.000111441867436189,0.000111441867436189,"gpath_trio"
"12294","CASC2","Exc L3-4 RORB CUX2",0.114860598725781,5.30744679481786,17.7348213853713,3.50285530538803e-05,0.000236086768171048,0.000236086768171048,"gpath_trio"
"12295","FAM204A","Exc L3-4 RORB CUX2",-0.0183848020173345,5.53698444979113,1.20979807182757,0.272389441721466,0.411984180727984,0.411984180727984,"gpath_trio"
"12296","LINC00867","Exc L3-4 RORB CUX2",0.0649685263708611,-0.743400018062018,0.349157979497627,0.555103460651111,0.691821166050628,0.691821166050628,"gpath_trio"
"12297","CACUL1","Exc L3-4 RORB CUX2",0.0532523012036761,6.35643259670714,18.5809643047826,2.3126283016249e-05,0.000163423033223406,0.000163423033223406,"gpath_trio"
"12298","NANOS1","Exc L3-4 RORB CUX2",-0.0999574809058339,-0.221252723256849,1.00502393931147,0.31702997333952,0.462212375829058,0.462212375829058,"gpath_trio"
"12299","EIF3A","Exc L3-4 RORB CUX2",0.0128479709341711,5.78203698643384,0.662497556203037,0.416424381716322,0.564873388094319,0.564873388094319,"gpath_trio"
"12300","FAM45A","Exc L3-4 RORB CUX2",-0.0772215225607496,5.0836388964033,10.5333156565811,0.00132614502853182,0.00539306106644414,0.00539306106644414,"gpath_trio"
"12301","SFXN4","Exc L3-4 RORB CUX2",-0.00890187896421961,4.9172619428731,0.0910173737533442,0.763128895357713,0.858727506489032,0.858727506489032,"gpath_trio"
"12302","PRDX3","Exc L3-4 RORB CUX2",-0.149715712465211,4.62389326120526,35.9631004869212,6.70050979412725e-09,1.21786292879745e-07,1.21786292879745e-07,"gpath_trio"
"12303","GRK5","Exc L3-4 RORB CUX2",-0.0134012653223863,4.94396831032405,0.136999408315848,0.711583740964071,0.819839071095319,0.819839071095319,"gpath_trio"
"12304","TIAL1","Exc L3-4 RORB CUX2",0.0190988170763437,5.32516789678552,0.80786153599036,0.369584850931708,0.518076587076319,0.518076587076319,"gpath_trio"
"12305","BAG3","Exc L3-4 RORB CUX2",0.442681696117443,0.0637513600952567,5.6711423701588,0.017966420815082,0.0479630365580842,0.0479630365580842,"gpath_trio"
"12306","INPP5F","Exc L3-4 RORB CUX2",-0.0347759754041099,6.7282045082454,3.4113255244417,0.0658865695694345,0.137573250645553,0.137573250645553,"gpath_trio"
"12307","MCMBP","Exc L3-4 RORB CUX2",-0.031586512236122,4.16951373426382,2.12411538781633,0.17756613334974,0.297245000027464,0.297245000027464,"gpath_trio"
"12308","SEC23IP","Exc L3-4 RORB CUX2",-0.0257845755503261,5.01261945347474,2.12757304850002,0.145876585524677,0.255873770905961,0.255873770905961,"gpath_trio"
"12309","PLPP4","Exc L3-4 RORB CUX2",-0.85192730586149,-1.7127347222848,22.6186876179758,3.2771264297811e-06,2.96351527211267e-05,2.96351527211267e-05,"gpath_trio"
"12310","WDR11-AS1","Exc L3-4 RORB CUX2",0.0338239617879832,5.37064039548271,1.45661729095957,0.228565984218579,0.359837591229795,0.359837591229795,"gpath_trio"
"12311","WDR11","Exc L3-4 RORB CUX2",-0.0239040490657941,5.75289803676456,1.54537672676588,0.214939066497136,0.343640198635369,0.343640198635369,"gpath_trio"
"12312","AC010998.1","Exc L3-4 RORB CUX2",-0.0134933465949763,-0.404900852173308,0.0178619831053935,0.893783733810117,0.945035083829394,0.945035083829394,"gpath_trio"
"12313","FGFR2","Exc L3-4 RORB CUX2",0.0708108923476042,4.3459512838111,2.06468646901909,0.151948155959202,0.263930610975196,0.263930610975196,"gpath_trio"
"12314","ATE1","Exc L3-4 RORB CUX2",0.0268878709430284,6.77632742000563,3.19114162215115,0.0752034047727931,0.152946440654345,0.152946440654345,"gpath_trio"
"12315","NSMCE4A","Exc L3-4 RORB CUX2",-0.0357223881996205,2.54567405785206,0.872521361411795,0.351124889625896,0.498588446523258,0.498588446523258,"gpath_trio"
"12316","AL731566.1","Exc L3-4 RORB CUX2",0.305666683991671,-1.14867463280223,4.58310641972714,0.0332188111652332,0.0791344332575959,0.0791344332575959,"gpath_trio"
"12317","TACC2","Exc L3-4 RORB CUX2",0.00106748950661972,5.32123904658431,0.00408016234961855,0.949117924415636,0.975071500411725,0.975071500411725,"gpath_trio"
"12318","BTBD16","Exc L3-4 RORB CUX2",0.14015743844189,-0.288702764860236,1.1832696063929,0.277698681097881,0.418071105973416,0.418071105973416,"gpath_trio"
"12319","PLEKHA1","Exc L3-4 RORB CUX2",0.0495780908584736,8.03130839014718,7.71961919589911,0.0058606384841421,0.0189971692508944,0.0189971692508944,"gpath_trio"
"12320","CUZD1","Exc L3-4 RORB CUX2",0.120227295574075,1.43973132659088,4.67521044724746,0.0315131925458562,0.0757510615527998,0.0757510615527998,"gpath_trio"
"12321","FAM24B","Exc L3-4 RORB CUX2",0.105556142201209,2.30517659691169,5.95352324400473,0.0153565172973296,0.0422731156479167,0.0422731156479167,"gpath_trio"
"12322","C10orf88","Exc L3-4 RORB CUX2",-0.0216394919832292,3.34100928891612,0.529101559876087,0.673275354016063,0.789644441533053,0.789644441533053,"gpath_trio"
"12323","PSTK","Exc L3-4 RORB CUX2",0.0508412555866352,4.70350510430499,4.44407926434386,0.0359795564187966,0.0846220040509702,0.0846220040509702,"gpath_trio"
"12324","IKZF5","Exc L3-4 RORB CUX2",0.0375986788478932,3.82953429363087,2.23712363948153,0.135944168719754,0.242773378867161,0.242773378867161,"gpath_trio"
"12325","ACADSB","Exc L3-4 RORB CUX2",0.0320145644883539,5.63176921140653,3.88137116832013,0.108375193426153,0.203487159364601,0.203487159364601,"gpath_trio"
"12326","BUB3","Exc L3-4 RORB CUX2",-0.0395908394903576,4.05232868996167,3.58681067576612,0.0593498650644451,0.126346262285025,0.126346262285025,"gpath_trio"
"12327","AL160290.2","Exc L3-4 RORB CUX2",0.298690092300401,3.49082565686845,30.3350303076853,8.72783345071298e-08,1.18495316196591e-06,1.18495316196591e-06,"gpath_trio"
"12328","GPR26","Exc L3-4 RORB CUX2",0.185055503640843,2.96925612050599,9.91224036631814,0.0018333424067447,0.00708033749159157,0.00708033749159157,"gpath_trio"
"12329","CPXM2","Exc L3-4 RORB CUX2",0.047811865655267,2.7793236340888,0.511829157101795,0.47499004069852,0.619478586002125,0.619478586002125,"gpath_trio"
"12330","CHST15","Exc L3-4 RORB CUX2",0.174315068087825,5.83458356621821,42.2869803004703,4.01306424423331e-10,9.65000847764089e-09,9.65000847764089e-09,"gpath_trio"
"12331","OAT","Exc L3-4 RORB CUX2",-0.124940824785552,5.72540485463955,27.9773365250882,2.60626892467209e-07,3.15615099371305e-06,3.15615099371305e-06,"gpath_trio"
"12332","NKX1-2","Exc L3-4 RORB CUX2",-0.0223782504209942,-1.04252451843788,0.0296881988376359,0.880234511035864,0.93650669920718,0.93650669920718,"gpath_trio"
"12333","LHPP","Exc L3-4 RORB CUX2",0.0383034901809658,5.86718651664816,4.29489519215699,0.0392125386552485,0.0908176980105198,0.0908176980105198,"gpath_trio"
"12334","AC068896.1","Exc L3-4 RORB CUX2",0.0421020701715306,1.66723817004629,0.691438614076475,0.915503581037417,0.957268259963664,0.957268259963664,"gpath_trio"
"12335","FAM53B-AS1","Exc L3-4 RORB CUX2",-0.410621667753793,0.2761809855945,16.8736751314163,5.3567051595504e-05,0.000342215093710986,0.000342215093710986,"gpath_trio"
"12336","EEF1AKMT2","Exc L3-4 RORB CUX2",0.0930706367545898,-0.745345544561814,0.509111361419219,0.476163748994363,0.620470527988648,0.620470527988648,"gpath_trio"
"12337","ABRAXAS2","Exc L3-4 RORB CUX2",-0.0449163172783279,4.91580350057844,5.37437660531128,0.0212108629133795,0.0548556464899816,0.0548556464899816,"gpath_trio"
"12338","ZRANB1","Exc L3-4 RORB CUX2",-0.0214385557304309,5.54119113756492,1.62509748363554,0.203520502032352,0.330066409043625,0.330066409043625,"gpath_trio"
"12339","AL731577.1","Exc L3-4 RORB CUX2",-0.440261541941965,0.363547329837311,4.11541580884156,0.0435132100863723,0.0985384457843261,0.0985384457843261,"gpath_trio"
"12340","CTBP2","Exc L3-4 RORB CUX2",0.0848688797840339,5.47893192261421,9.63945264652395,0.00211502243887911,0.00800123339665966,0.00800123339665966,"gpath_trio"
"12341","TEX36","Exc L3-4 RORB CUX2",0.0647324900040851,1.08326903659353,0.70151410778892,0.403044622304661,0.551283068135359,0.551283068135359,"gpath_trio"
"12342","AL158835.1","Exc L3-4 RORB CUX2",-0.0918571597134505,0.853568607603255,2.36366789908206,0.171480431180842,0.289201372299024,0.289201372299024,"gpath_trio"
"12343","EDRF1","Exc L3-4 RORB CUX2",0.0175260995269366,5.4569819215708,0.808667604688953,0.369346523721789,0.517901453717479,0.517901453717479,"gpath_trio"
"12344","UROS","Exc L3-4 RORB CUX2",-0.0791518553604589,5.51497105224749,13.3348633103834,0.00031495474723972,0.00157947104786511,0.00157947104786511,"gpath_trio"
"12345","BCCIP","Exc L3-4 RORB CUX2",0.00470870384273055,4.77142148570816,0.0377250630979793,0.846147921786996,0.913769099778002,0.913769099778002,"gpath_trio"
"12346","DHX32","Exc L3-4 RORB CUX2",0.0419914349943253,5.42462521047816,5.33547282483004,0.021679348129488,0.0559096060989927,0.0559096060989927,"gpath_trio"
"12347","FANK1","Exc L3-4 RORB CUX2",0.131325435669953,4.35487003855252,22.9171745129409,2.8410935418629e-06,2.60422817842271e-05,2.60422817842271e-05,"gpath_trio"
"12348","ADAM12","Exc L3-4 RORB CUX2",-0.403445970964621,1.62275957200326,5.70689179799813,0.0176120012134692,0.0471761947907386,0.0471761947907386,"gpath_trio"
"12349","FAM196A","Exc L3-4 RORB CUX2",0.237109455450976,0.935041653202768,3.66544198252469,0.0566493590513778,0.12164990089,0.12164990089,"gpath_trio"
"12350","CLRN3","Exc L3-4 RORB CUX2",0.00541901407196725,-0.42131925705544,0.00256366965642362,0.959657085663338,0.979750116174416,0.979750116174416,"gpath_trio"
"12351","PTPRE","Exc L3-4 RORB CUX2",0.0457893206737643,6.78235645639171,4.88332668855102,0.0279888447273049,0.0685784481871964,0.0685784481871964,"gpath_trio"
"12352","AL158166.2","Exc L3-4 RORB CUX2",-0.128181675454598,-0.703551915561652,1.37624186042925,0.241815921507755,0.375915874281011,0.375915874281011,"gpath_trio"
"12353","AL390763.2","Exc L3-4 RORB CUX2",0.0325906506424948,-0.0968702421347361,0.141923410207959,0.921130383763718,0.95970965316548,0.95970965316548,"gpath_trio"
"12354","MGMT","Exc L3-4 RORB CUX2",0.0811603673928103,5.33040167743689,4.27672679492782,0.0396267096976117,0.0915981746275569,0.0915981746275569,"gpath_trio"
"12355","AL157832.1","Exc L3-4 RORB CUX2",0.204346716246109,0.279587382505112,5.66267236023666,0.0180514732896781,0.0480967344980528,0.0480967344980528,"gpath_trio"
"12356","AL157832.3","Exc L3-4 RORB CUX2",0.0894996550354691,4.69275113524465,3.70517664578342,0.0553349065657159,0.119437438746477,0.119437438746477,"gpath_trio"
"12357","EBF3","Exc L3-4 RORB CUX2",-0.211647066296433,-0.143327915614733,4.03348669640685,0.0456397558510886,0.102536979320235,0.102536979320235,"gpath_trio"
"12358","AL354950.2","Exc L3-4 RORB CUX2",-0.11069953911225,-1.23064231273246,0.583244947561846,0.445735645111258,0.592132523876976,0.592132523876976,"gpath_trio"
"12359","AL354950.1","Exc L3-4 RORB CUX2",0.0866912167584229,0.652706378015689,1.29165183184018,0.256790149369337,0.394070614001583,0.394070614001583,"gpath_trio"
"12360","C10orf143","Exc L3-4 RORB CUX2",-0.033685995395977,3.23398365100685,0.853342313818038,0.356465009714212,0.504184069754923,0.504184069754923,"gpath_trio"
"12361","GLRX3","Exc L3-4 RORB CUX2",-0.0471721565909857,5.26987930318968,7.06058288474938,0.0496348429026773,0.109658580183115,0.109658580183115,"gpath_trio"
"12362","AL355500.1","Exc L3-4 RORB CUX2",-0.104545685299481,0.717148622876313,1.21351651504526,0.271655506761309,0.411177377338659,0.411177377338659,"gpath_trio"
"12363","TCERG1L","Exc L3-4 RORB CUX2",0.109114778229873,7.36046955954959,19.8341908537842,1.25510535517232e-05,9.70182013049871e-05,9.70182013049871e-05,"gpath_trio"
"12364","LINC01164","Exc L3-4 RORB CUX2",-0.117922354341388,1.7981580988389,1.91833509346874,0.167227508677069,0.283609195322787,0.283609195322787,"gpath_trio"
"12365","PPP2R2D","Exc L3-4 RORB CUX2",0.0254129661126596,6.34013225131645,2.82271093301151,0.0941403450430253,0.181888667041087,0.181888667041087,"gpath_trio"
"12366","BNIP3","Exc L3-4 RORB CUX2",-0.0483676857230565,6.18380270165586,4.42279329606815,0.0364231186815351,0.0854727135114692,0.0854727135114692,"gpath_trio"
"12367","AL162274.2","Exc L3-4 RORB CUX2",-0.0330400665970569,0.191815106025866,0.168833084068632,0.681489406098281,0.795677288765182,0.795677288765182,"gpath_trio"
"12368","JAKMIP3","Exc L3-4 RORB CUX2",0.0888605334029165,5.50755292601726,13.9716788071105,0.000228220622323459,0.00119811372765438,0.00119811372765438,"gpath_trio"
"12369","AL512622.1","Exc L3-4 RORB CUX2",-0.108882813950439,-0.743974402091786,0.682016225083737,0.409650426602279,0.557975022632936,0.557975022632936,"gpath_trio"
"12370","DPYSL4","Exc L3-4 RORB CUX2",-0.0405097547704285,4.27134492542997,2.53989915641112,0.112216747860998,0.209027133976146,0.209027133976146,"gpath_trio"
"12371","STK32C","Exc L3-4 RORB CUX2",-0.0225462216658307,5.06949737372525,0.669684304689516,0.413911047423938,0.562182266175977,0.562182266175977,"gpath_trio"
"12372","LRRC27","Exc L3-4 RORB CUX2",0.0522502705869426,4.51474501500063,5.4564954056751,0.0202562706140115,0.0528886061392109,0.0528886061392109,"gpath_trio"
"12373","PWWP2B","Exc L3-4 RORB CUX2",-0.0299376015455375,3.25769368036846,1.06477777592599,0.303086876226004,0.446823363380317,0.446823363380317,"gpath_trio"
"12374","AL451069.2","Exc L3-4 RORB CUX2",0.127057605971412,0.244686281478583,2.24050284383263,0.135650156522447,0.242382597452872,0.242382597452872,"gpath_trio"
"12375","AL451069.1","Exc L3-4 RORB CUX2",0.273654290550754,-1.15525651327078,2.78610600464918,0.0962885989574728,0.185170382610525,0.185170382610525,"gpath_trio"
"12376","INPP5A","Exc L3-4 RORB CUX2",0.0880628709159034,5.65999019850768,11.6166924946739,0.000757365469782278,0.00334717379033022,0.00334717379033022,"gpath_trio"
"12377","CFAP46","Exc L3-4 RORB CUX2",0.149017803130257,6.08876750945038,16.791976618496,5.57764975369927e-05,0.000353942240483971,0.000353942240483971,"gpath_trio"
"12378","LINC01166","Exc L3-4 RORB CUX2",0.26345533365336,1.77815317960155,2.48104097463577,0.116441916206844,0.215169047396325,0.215169047396325,"gpath_trio"
"12379","ADGRA1","Exc L3-4 RORB CUX2",0.0170474756230878,5.20989817989178,0.457903356726995,0.499207022333207,0.642479055599161,0.642479055599161,"gpath_trio"
"12380","ADGRA1-AS1","Exc L3-4 RORB CUX2",-0.0495494806977839,2.46452258595253,1.22773108450798,0.498839476260957,0.642046981407643,0.642046981407643,"gpath_trio"
"12381","KNDC1","Exc L3-4 RORB CUX2",0.0737742271567041,6.87520843470362,12.0322252600666,0.000611838519609016,0.00278516293617146,0.00278516293617146,"gpath_trio"
"12382","ADAM8","Exc L3-4 RORB CUX2",-0.0314211289322267,2.06400010683595,0.502853345365997,0.478884422095687,0.622790274392361,0.622790274392361,"gpath_trio"
"12383","TUBGCP2","Exc L3-4 RORB CUX2",-0.0560094725395228,5.2500384525525,8.23784634042545,0.0044399836725679,0.0149793763535213,0.0149793763535213,"gpath_trio"
"12384","ZNF511-PRAP1","Exc L3-4 RORB CUX2",-0.105726367355797,3.21024084469486,5.96233761080156,0.0152816885024779,0.042112835068637,0.042112835068637,"gpath_trio"
"12385","CALY","Exc L3-4 RORB CUX2",0.02297960381557,7.00049183975512,0.548283491166884,0.459688035584244,0.605405451916713,0.605405451916713,"gpath_trio"
"12386","ECHS1","Exc L3-4 RORB CUX2",-0.106421185270706,4.43097388947024,18.7291513919494,2.15089937595115e-05,0.000153499805128456,0.000153499805128456,"gpath_trio"
"12387","PAOX","Exc L3-4 RORB CUX2",0.049464757188259,2.56402332930899,1.35611166650909,0.245279871636244,0.380070768837267,0.380070768837267,"gpath_trio"
"12388","AL360181.3","Exc L3-4 RORB CUX2",0.0613434248521666,0.780440029875881,0.953701939939793,0.329686514021125,0.476019854031074,0.476019854031074,"gpath_trio"
"12389","SPRN","Exc L3-4 RORB CUX2",-0.0620589314758358,3.68342663469661,2.55260165814748,0.111327351834967,0.207928078252604,0.207928078252604,"gpath_trio"
"12390","SCART1","Exc L3-4 RORB CUX2",0.078490035499333,3.92882293836949,0.882206753076926,0.348469704340443,0.495655406448705,0.495655406448705,"gpath_trio"
"12391","CYP2E1","Exc L3-4 RORB CUX2",-0.0295163274171521,4.02436182422637,0.445372138734329,0.505132744701856,0.647544359153637,0.647544359153637,"gpath_trio"
"12392","AL161645.1","Exc L3-4 RORB CUX2",-0.11939673501824,0.019261676781695,1.57062869733137,0.211241550058955,0.339450280560686,0.339450280560686,"gpath_trio"
"12393","SYCE1","Exc L3-4 RORB CUX2",0.0354715995247908,4.87273930902058,0.377510310125944,0.539475963550566,0.678126328014497,0.678126328014497,"gpath_trio"
"12394","IQSEC3","Exc L3-4 RORB CUX2",0.0553326001037675,6.82580614043887,4.21674032507666,0.0410272963480745,0.0941667467374747,0.0941667467374747,"gpath_trio"
"12395","AC026369.3","Exc L3-4 RORB CUX2",-0.580238268065917,1.09084858452967,53.6132094977286,3.05592742237199e-12,1.29252276197809e-10,1.29252276197809e-10,"gpath_trio"
"12396","AC026369.1","Exc L3-4 RORB CUX2",-0.0270747406177528,-0.573239530130261,0.0544288030810843,0.998080237177158,0.999007436259013,0.999007436259013,"gpath_trio"
"12397","AC007406.3","Exc L3-4 RORB CUX2",-0.193475688910696,-0.498864734360912,3.42026687520349,0.0655354820819534,0.136970719051426,0.136970719051426,"gpath_trio"
"12398","SLC6A12","Exc L3-4 RORB CUX2",0.2701908132305,-0.525937589970429,3.8839945570318,0.0498091158288994,0.110005354334761,0.110005354334761,"gpath_trio"
"12399","SLC6A13","Exc L3-4 RORB CUX2",0.121116588553777,2.38240677840584,4.03500621185553,0.0455993285974462,0.102480389267403,0.102480389267403,"gpath_trio"
"12400","KDM5A","Exc L3-4 RORB CUX2",0.113435347028287,6.74514889594707,57.0053704728942,7.36545440668064e-13,3.53804863463766e-11,3.53804863463766e-11,"gpath_trio"
"12401","CCDC77","Exc L3-4 RORB CUX2",-0.0101044988487694,3.27721712114471,0.0891025480851718,0.765559611721164,0.860269127372439,0.860269127372439,"gpath_trio"
"12402","B4GALNT3","Exc L3-4 RORB CUX2",0.17311828110511,5.95242671766878,27.8440573611587,2.77349873589588e-07,3.32869345607968e-06,3.32869345607968e-06,"gpath_trio"
"12403","AC021054.1","Exc L3-4 RORB CUX2",0.0753957081836327,1.38686840607667,1.76190991061309,0.185550784863238,0.307473271837029,0.307473271837029,"gpath_trio"
"12404","WNK1","Exc L3-4 RORB CUX2",0.0522141040575582,7.75784165869427,18.4298779009662,2.49021006313569e-05,0.000174565628991531,0.000174565628991531,"gpath_trio"
"12405","RAD52","Exc L3-4 RORB CUX2",0.0908935908451184,5.21170105224057,20.7805026243368,7.93413286330504e-06,6.43890307792354e-05,6.43890307792354e-05,"gpath_trio"
"12406","AC004803.1","Exc L3-4 RORB CUX2",-0.23227199223231,0.359312185218134,8.29621050848591,0.00430384798655338,0.0146326479825943,0.0146326479825943,"gpath_trio"
"12407","ERC1","Exc L3-4 RORB CUX2",0.0594340728030461,8.08562953005741,12.398016930161,0.000507386284105049,0.00237231014642395,0.00237231014642395,"gpath_trio"
"12408","AC004672.1","Exc L3-4 RORB CUX2",-0.0975360921519159,-0.831565547426907,0.705507809340311,0.401710832292208,0.549943410564925,0.549943410564925,"gpath_trio"
"12409","LINC00942","Exc L3-4 RORB CUX2",0.047482804231515,-1.22792284263753,0.0966452970730621,0.75614224723303,0.853799192755688,0.853799192755688,"gpath_trio"
"12410","WNT5B","Exc L3-4 RORB CUX2",0.0178211296967487,3.25136843444557,0.192580408126684,0.66114202713485,0.779885348009137,0.779885348009137,"gpath_trio"
"12411","FBXL14","Exc L3-4 RORB CUX2",0.0866743573272579,4.37123783707303,7.77977954849874,0.00567418561868239,0.0185177442343768,0.0185177442343768,"gpath_trio"
"12412","ADIPOR2","Exc L3-4 RORB CUX2",0.0935513703092258,4.93431114859369,12.9251551644067,0.00038781120017839,0.00188895001151425,0.00188895001151425,"gpath_trio"
"12413","CACNA2D4","Exc L3-4 RORB CUX2",0.0274980966543575,0.738242703871254,0.0470722945273971,0.828408489021692,0.901901746587482,0.901901746587482,"gpath_trio"
"12414","LRTM2","Exc L3-4 RORB CUX2",-0.138246774592887,3.83010263256288,19.5613642443812,1.43318019430196e-05,0.000108415487139265,0.000108415487139265,"gpath_trio"
"12415","DCP1B","Exc L3-4 RORB CUX2",0.0935114235016616,4.69205290547717,14.0800358450607,0.000216082120676599,0.00114211600331422,0.00114211600331422,"gpath_trio"
"12416","CACNA1C","Exc L3-4 RORB CUX2",0.127756443397399,10.1044430825118,49.8125784747904,1.53564889950751e-11,5.5359444936492e-10,5.5359444936492e-10,"gpath_trio"
"12417","CACNA1C-AS2","Exc L3-4 RORB CUX2",-0.229701537260498,-0.186940968671032,5.52184953234395,0.019528570844005,0.0512872841418641,0.0512872841418641,"gpath_trio"
"12418","CACNA1C-AS1","Exc L3-4 RORB CUX2",-0.255579991977844,1.2051882478438,14.4404797940563,0.000180218493276839,0.00097216794167386,0.00097216794167386,"gpath_trio"
"12419","FKBP4","Exc L3-4 RORB CUX2",-0.107814377826011,4.50281997846685,13.2921233761851,0.000321856185690381,0.00161087783336726,0.00161087783336726,"gpath_trio"
"12420","ITFG2-AS1","Exc L3-4 RORB CUX2",-0.0229163359698702,2.54740604107412,0.341561571917188,0.828769340374807,0.902051221518221,0.902051221518221,"gpath_trio"
"12421","ITFG2","Exc L3-4 RORB CUX2",0.0205553067247618,5.13290761312929,0.771518027231287,0.38055881204457,0.528735902003939,0.528735902003939,"gpath_trio"
"12422","NRIP2","Exc L3-4 RORB CUX2",0.0297264914853043,0.852533622119233,0.138865089834746,0.93254064418672,0.967151981517867,0.967151981517867,"gpath_trio"
"12423","TEX52","Exc L3-4 RORB CUX2",-0.343006285522451,-0.317021807173167,13.4336380987968,0.000299574303975485,0.0015121119796611,0.0015121119796611,"gpath_trio"
"12424","FOXM1","Exc L3-4 RORB CUX2",-0.160034818206911,0.325297523559325,3.70335172647349,0.0553945576911236,0.119553401948911,0.119553401948911,"gpath_trio"
"12425","TULP3","Exc L3-4 RORB CUX2",0.163549996169866,3.74850760722278,32.7306739281741,2.90501011507258e-08,4.45692616513987e-07,4.45692616513987e-07,"gpath_trio"
"12426","TEAD4","Exc L3-4 RORB CUX2",0.0506889253086971,2.00273544832652,0.628026795177242,0.42880249808444,0.576646424416864,0.576646424416864,"gpath_trio"
"12427","TSPAN9","Exc L3-4 RORB CUX2",0.0390228308373303,5.43328772161226,0.973742378244301,0.324665988892904,0.470217970273822,0.470217970273822,"gpath_trio"
"12428","LINC02417","Exc L3-4 RORB CUX2",0.0906980057080862,-0.450117387540249,0.79291264846263,0.374044054453376,0.522310271220713,0.522310271220713,"gpath_trio"
"12429","PRMT8","Exc L3-4 RORB CUX2",0.0579172744981399,6.57045199629151,3.82421443915634,0.0515880253057778,0.113104587105419,0.113104587105419,"gpath_trio"
"12430","CRACR2A","Exc L3-4 RORB CUX2",0.0803180728148002,2.68489996312893,2.47903197044978,0.116589215950451,0.215322906609333,0.215322906609333,"gpath_trio"
"12431","PARP11","Exc L3-4 RORB CUX2",0.0995204825253833,5.38034331194766,23.3411982120577,2.32039094797032e-06,2.17840332132625e-05,2.17840332132625e-05,"gpath_trio"
"12432","AC005842.1","Exc L3-4 RORB CUX2",-0.0246052522290327,1.66670513396408,0.102880396164907,0.748657695300592,0.847786764856839,0.847786764856839,"gpath_trio"
"12433","CCND2","Exc L3-4 RORB CUX2",-0.0134565578380189,5.6899168114093,0.323799198375188,0.569824571000805,0.70477015203171,0.70477015203171,"gpath_trio"
"12434","TIGAR","Exc L3-4 RORB CUX2",0.0610541128466439,5.20704219171103,4.37730090622618,0.0373905269483931,0.0873802711900651,0.0873802711900651,"gpath_trio"
"12435","FGF23","Exc L3-4 RORB CUX2",-0.194064768877774,-0.472260996455371,2.95768389839423,0.086660247485962,0.170839407175033,0.170839407175033,"gpath_trio"
"12436","C12orf4","Exc L3-4 RORB CUX2",0.0391253122351093,5.34008416463098,3.82038477911523,0.0517042668433705,0.11329256642405,0.11329256642405,"gpath_trio"
"12437","RAD51AP1","Exc L3-4 RORB CUX2",-0.0686476453449076,1.75443551730189,1.56786558179302,0.211642422173085,0.340067367580598,0.340067367580598,"gpath_trio"
"12438","DYRK4","Exc L3-4 RORB CUX2",0.0180413345264955,0.32715843938837,0.0673206169402066,0.795483985130072,0.880500872332211,0.880500872332211,"gpath_trio"
"12439","AC005832.4","Exc L3-4 RORB CUX2",0.167743051562243,0.947725895431836,4.48956530051611,0.0350506615500833,0.0828235062980711,0.0828235062980711,"gpath_trio"
"12440","AKAP3","Exc L3-4 RORB CUX2",0.023730699050006,-0.220573844923249,0.0756310127826955,0.811540504624599,0.891232359740966,0.891232359740966,"gpath_trio"
"12441","AC005833.2","Exc L3-4 RORB CUX2",-0.0227428166176349,3.97618519228154,0.636979163128791,0.425535143516088,0.57376859307193,0.57376859307193,"gpath_trio"
"12442","AC005833.1","Exc L3-4 RORB CUX2",-0.290511615894274,-0.867399761067254,5.28573390432168,0.0222940699642638,0.057144309684795,0.057144309684795,"gpath_trio"
"12443","GALNT8","Exc L3-4 RORB CUX2",0.0366478177708635,5.24673007123679,2.28586184724414,0.131772048405641,0.236985298322678,0.236985298322678,"gpath_trio"
"12444","KCNA1","Exc L3-4 RORB CUX2",-0.165880691344794,4.67742403334243,16.6938590236789,5.85523887081994e-05,0.000368661081368488,0.000368661081368488,"gpath_trio"
"12445","AC006063.2","Exc L3-4 RORB CUX2",0.0160737716868232,2.92473418547931,0.0987394581898569,0.75359959079037,0.851662096358711,0.851662096358711,"gpath_trio"
"12446","KCNA5","Exc L3-4 RORB CUX2",-0.208273641571203,0.764955512420243,5.64335210290192,0.0182470491862726,0.0485345045923598,0.0485345045923598,"gpath_trio"
"12447","AC006206.2","Exc L3-4 RORB CUX2",-0.198773428472788,0.184695482455196,2.9910865813158,0.0849107949397374,0.168129874169124,0.168129874169124,"gpath_trio"
"12448","AC007848.1","Exc L3-4 RORB CUX2",-0.512463824691758,1.19499069252362,23.7073036254987,1.94893815742835e-06,1.86970172734746e-05,1.86970172734746e-05,"gpath_trio"
"12449","NTF3","Exc L3-4 RORB CUX2",-0.236978096487002,-1.6867915347337,1.35307356898096,0.245807926659633,0.380655121304735,0.380655121304735,"gpath_trio"
"12450","ANO2","Exc L3-4 RORB CUX2",0.118781813663065,3.38800507196342,2.10615368018871,0.147913099873362,0.258681240459871,0.258681240459871,"gpath_trio"
"12451","VWF","Exc L3-4 RORB CUX2",-0.0185659860146836,2.27738125108255,0.130622363429379,0.91056087557652,0.954315099467859,0.954315099467859,"gpath_trio"
"12452","TNFRSF1A","Exc L3-4 RORB CUX2",-0.0732465224101788,2.11363886673118,1.23183869491635,0.268075175519974,0.407015101303092,0.407015101303092,"gpath_trio"
"12453","SCNN1A","Exc L3-4 RORB CUX2",-0.270006791524186,-0.368462688703972,6.38027781894561,0.0121341086635062,0.0347488491534759,0.0347488491534759,"gpath_trio"
"12454","LTBR","Exc L3-4 RORB CUX2",-0.432443578984293,-0.487946588704104,15.8432600378133,8.9324887727868e-05,0.000528676657979731,0.000528676657979731,"gpath_trio"
"12455","CD27","Exc L3-4 RORB CUX2",-0.224229871252905,-0.710227438617839,4.00633103813696,0.0463686857509599,0.103860481764932,0.103860481764932,"gpath_trio"
"12456","TAPBPL","Exc L3-4 RORB CUX2",-0.104564287371856,0.795194017448692,2.30772569697154,0.129947307789192,0.234304435140085,0.234304435140085,"gpath_trio"
"12457","VAMP1","Exc L3-4 RORB CUX2",-0.197593758105967,5.06482876897149,19.5792652991081,1.42074909614795e-05,0.000107717448383258,0.000107717448383258,"gpath_trio"
"12458","MRPL51","Exc L3-4 RORB CUX2",-0.305675275305377,3.70937520837346,61.3279143789039,1.2306093676358e-13,7.17559074914808e-12,7.17559074914808e-12,"gpath_trio"
"12459","NCAPD2","Exc L3-4 RORB CUX2",0.0110199925418627,3.29816487009635,0.127256039616897,0.721583539331674,0.827620293786914,0.827620293786914,"gpath_trio"
"12460","GAPDH","Exc L3-4 RORB CUX2",-0.204007961362731,7.74771511232456,21.1628904471237,6.59639784907022e-06,5.48793099402027e-05,5.48793099402027e-05,"gpath_trio"
"12461","IFFO1","Exc L3-4 RORB CUX2",-0.122127159105277,5.09294401201122,21.6365364999614,5.25054388883674e-06,4.49426062610442e-05,4.49426062610442e-05,"gpath_trio"
"12462","NOP2","Exc L3-4 RORB CUX2",-0.140656101406461,0.331201557961404,2.51612337394539,0.113902692496888,0.211289704038683,0.211289704038683,"gpath_trio"
"12463","CHD4","Exc L3-4 RORB CUX2",0.0394080229060204,2.82684037476539,0.950954464472452,0.330382854535703,0.476800755605301,0.476800755605301,"gpath_trio"
"12464","AC006064.2","Exc L3-4 RORB CUX2",-0.374196260789022,1.02544048364419,24.9974235676222,1.05660309643967e-06,1.09038196780923e-05,1.09038196780923e-05,"gpath_trio"
"12465","ACRBP","Exc L3-4 RORB CUX2",0.156939935156148,-0.877255229029238,1.32281902975652,0.251143487126922,0.387460415445871,0.387460415445871,"gpath_trio"
"12466","ING4","Exc L3-4 RORB CUX2",-0.0683648494203716,5.18280461479881,12.2631253037798,0.000543612030411866,0.00252007645072596,0.00252007645072596,"gpath_trio"
"12467","ZNF384","Exc L3-4 RORB CUX2",0.0132311835129497,3.45067650806342,0.152688998142008,0.696298763392939,0.807744074437264,0.807744074437264,"gpath_trio"
"12468","PIANP","Exc L3-4 RORB CUX2",-0.0891735813468099,5.56930682931684,15.7498616694656,9.35785857609287e-05,0.00055074328113382,0.00055074328113382,"gpath_trio"
"12469","COPS7A","Exc L3-4 RORB CUX2",-0.125402529263528,4.4630040883658,22.1916210285014,4.02140893452007e-06,3.54442661659862e-05,3.54442661659862e-05,"gpath_trio"
"12470","MLF2","Exc L3-4 RORB CUX2",-0.0632460959626363,6.31824396608835,5.80729024267503,0.0166549631514977,0.0451388879072362,0.0451388879072362,"gpath_trio"
"12471","PTMS","Exc L3-4 RORB CUX2",-0.00217628065085427,5.70497901795467,0.00425737016455941,0.948026264231451,0.974644816595472,0.974644816595472,"gpath_trio"
"12472","LAG3","Exc L3-4 RORB CUX2",-0.261770051762844,-0.631982990687271,5.22967948674889,0.0230086834976383,0.0585889422649064,0.0585889422649064,"gpath_trio"
"12473","CD4","Exc L3-4 RORB CUX2",-0.343137149275586,0.0651647989504784,16.3361096197498,6.9914461638947e-05,0.00042769080156633,0.00042769080156633,"gpath_trio"
"12474","GPR162","Exc L3-4 RORB CUX2",-0.0825974781914014,5.74638522233826,10.9288383330736,0.00108013781184239,0.00452572396622556,0.00452572396622556,"gpath_trio"
"12475","P3H3","Exc L3-4 RORB CUX2",-0.0224863241934337,4.20445481598197,0.637249259137136,0.425437151159763,0.573742949508571,0.573742949508571,"gpath_trio"
"12476","GNB3","Exc L3-4 RORB CUX2",0.0473003751325994,3.76046779390224,1.06558323542898,0.302904441158806,0.44661968138412,0.44661968138412,"gpath_trio"
"12477","CDCA3","Exc L3-4 RORB CUX2",-0.122784160731829,-0.239926937640035,1.69212402846747,0.194472880781068,0.318516834693785,0.318516834693785,"gpath_trio"
"12478","USP5","Exc L3-4 RORB CUX2",-0.027012649857756,4.69284093121763,1.20432326681287,0.27347458758431,0.413222723525574,0.413222723525574,"gpath_trio"
"12479","TPI1","Exc L3-4 RORB CUX2",-0.17721309608117,6.3462244006644,29.6528667930332,1.19635654153946e-07,1.5775485768339e-06,1.5775485768339e-06,"gpath_trio"
"12480","SPSB2","Exc L3-4 RORB CUX2",-0.068666224141892,0.595404013663236,1.02408173833101,0.312493553199391,0.457116983454011,0.457116983454011,"gpath_trio"
"12481","LRRC23","Exc L3-4 RORB CUX2",0.10580669600921,4.17048203926438,18.3682905647378,2.56650112946801e-05,0.000179104670657271,0.000179104670657271,"gpath_trio"
"12482","ENO2","Exc L3-4 RORB CUX2",-0.173871972015564,7.45807798370018,73.2161712829607,1.02211287465411e-15,9.8665680603573e-14,9.8665680603573e-14,"gpath_trio"
"12483","ATN1","Exc L3-4 RORB CUX2",0.0442210204386442,5.6820729020353,2.755437034329,0.0981298640634808,0.187994493161212,0.187994493161212,"gpath_trio"
"12484","C12orf57","Exc L3-4 RORB CUX2",-0.171508416223442,3.19657321113507,17.1722198897498,4.62200768876891e-05,0.000300900306940667,0.000300900306940667,"gpath_trio"
"12485","U47924.2","Exc L3-4 RORB CUX2",-0.057540067187247,-0.282883161320664,0.355215297783596,0.551694099335898,0.689233293337156,0.689233293337156,"gpath_trio"
"12486","PTPN6","Exc L3-4 RORB CUX2",0.239332955199589,0.975110815005962,10.7804155598909,0.00116648301332208,0.00484134844554061,0.00484134844554061,"gpath_trio"
"12487","PHB2","Exc L3-4 RORB CUX2",-0.0542895134956918,3.97162631433119,4.96093629792971,0.0267825215468948,0.0662340490571958,0.0662340490571958,"gpath_trio"
"12488","EMG1-1","Exc L3-4 RORB CUX2",-0.204175094637534,2.31552431996226,23.9408268617882,1.74399213430808e-06,1.69730059380924e-05,1.69730059380924e-05,"gpath_trio"
"12489","LPCAT3","Exc L3-4 RORB CUX2",0.0727045099641255,4.96592468462215,9.03622701479801,0.0029057333277961,0.010498418676269,0.010498418676269,"gpath_trio"
"12490","C1S","Exc L3-4 RORB CUX2",-0.0341651819523579,3.72046022433194,1.1542458064969,0.283658122045272,0.424941409939547,0.424941409939547,"gpath_trio"
"12491","C1R","Exc L3-4 RORB CUX2",0.249008651703969,0.633893683829566,7.54624814550897,0.00643396887418569,0.0205388167779583,0.0205388167779583,"gpath_trio"
"12492","C1RL","Exc L3-4 RORB CUX2",-0.0103623382733018,3.81875562291898,0.0794612702450934,0.778253046929374,0.869442118710898,0.869442118710898,"gpath_trio"
"12493","C1RL-AS1","Exc L3-4 RORB CUX2",0.136354986220613,2.33478205492018,10.0493057686327,0.00170657043786173,0.0066663444487798,0.0066663444487798,"gpath_trio"
"12494","RBP5","Exc L3-4 RORB CUX2",-0.341799975421475,1.06234659075557,26.0046235190555,6.56886477252155e-07,7.08398412222138e-06,7.08398412222138e-06,"gpath_trio"
"12495","AC018653.3","Exc L3-4 RORB CUX2",-0.177018009676981,-0.288848500345427,3.93199482066486,0.0484279646752341,0.107378194012842,0.107378194012842,"gpath_trio"
"12496","CLSTN3","Exc L3-4 RORB CUX2",-0.0728516988628703,6.96236302946717,10.8530901949781,0.00112335903044646,0.00467873006590779,0.00467873006590779,"gpath_trio"
"12497","AC018653.1","Exc L3-4 RORB CUX2",0.130398012083673,-0.598090785890963,1.56025358242528,0.212751467746816,0.341371435083064,0.341371435083064,"gpath_trio"
"12498","PEX5","Exc L3-4 RORB CUX2",-0.00417491123924994,4.82994283711761,0.0420779541496104,0.905567637734264,0.952132250387207,0.952132250387207,"gpath_trio"
"12499","ACSM4","Exc L3-4 RORB CUX2",-0.000963756050403487,0.0751465071729611,0.000120073638812744,0.991265509159403,0.996054469931814,0.996054469931814,"gpath_trio"
"12500","CD163L1","Exc L3-4 RORB CUX2",0.0396954631278222,4.41961896472714,0.71206259347549,0.39953561336762,0.547746058690659,0.547746058690659,"gpath_trio"
"12501","APOBEC1","Exc L3-4 RORB CUX2",-0.148072389842147,-0.408868927051598,1.75071847201882,0.186948828475521,0.309177086460918,0.309177086460918,"gpath_trio"
"12502","CLEC4C","Exc L3-4 RORB CUX2",-0.111010847831623,-0.518131075553919,1.26231652848964,0.279198281235377,0.419733806622028,0.419733806622028,"gpath_trio"
"12503","NANOG","Exc L3-4 RORB CUX2",-0.230531609621692,0.318718230066378,8.7471073501364,0.00338625422993412,0.0119582844545634,0.0119582844545634,"gpath_trio"
"12504","SLC2A14","Exc L3-4 RORB CUX2",-0.0146151760812994,1.32558095064425,0.0566536878427488,0.831931607397959,0.904040708394213,0.904040708394213,"gpath_trio"
"12505","SLC2A3","Exc L3-4 RORB CUX2",-0.0534481262141276,4.88698480863294,3.78352018668361,0.0528375833979077,0.115168349724804,0.115168349724804,"gpath_trio"
"12506","AC006511.4","Exc L3-4 RORB CUX2",-0.0761853590797151,2.75379212167942,3.81038252079425,0.0520091818799528,0.113817887370445,0.113817887370445,"gpath_trio"
"12507","FOXJ2","Exc L3-4 RORB CUX2",-0.0630491191829145,3.10885615930177,3.65143286489915,0.0571207056885793,0.122456136952071,0.122456136952071,"gpath_trio"
"12508","NECAP1","Exc L3-4 RORB CUX2",-0.158289598083288,5.14348493533909,51.5573207090989,7.29866403384024e-12,2.77831220533447e-10,2.77831220533447e-10,"gpath_trio"
"12509","CLEC4A","Exc L3-4 RORB CUX2",-0.0210301383238403,0.528757891292742,0.0928556795060399,0.795257680615309,0.880395286787416,0.880395286787416,"gpath_trio"
"12510","AC092111.3","Exc L3-4 RORB CUX2",0.104082790393666,-1.02397515455625,0.663397606521007,0.428819147733641,0.576646424416864,0.576646424416864,"gpath_trio"
"12511","FAM66C","Exc L3-4 RORB CUX2",0.144818895297171,6.16457815074745,30.5731695080898,7.81975372397934e-08,1.07468345627577e-06,1.07468345627577e-06,"gpath_trio"
"12512","AC092111.1","Exc L3-4 RORB CUX2",0.242161307568807,2.84537647518143,22.4999911323785,3.46878735700312e-06,3.11576498135511e-05,3.11576498135511e-05,"gpath_trio"
"12513","FAM90A1","Exc L3-4 RORB CUX2",-0.283193611205763,1.57100118290111,12.3467660523253,0.000520851651350732,0.00242851445944096,0.00242851445944096,"gpath_trio"
"12514","LINC02449","Exc L3-4 RORB CUX2",0.0370185765370992,2.81750318812263,0.450251270512029,0.50281129963754,0.645511802111827,0.645511802111827,"gpath_trio"
"12515","LINC00937","Exc L3-4 RORB CUX2",0.0598872305430188,6.96429851682354,3.77030739828545,0.0532501950524511,0.115820521392966,0.115820521392966,"gpath_trio"
"12516","AC092745.1","Exc L3-4 RORB CUX2",0.0766182553735937,3.08466331587528,2.68880626770111,0.102264776529161,0.194527623181894,0.194527623181894,"gpath_trio"
"12517","CLEC6A","Exc L3-4 RORB CUX2",0.127341952964714,-1.6578271710236,0.513696689245043,0.474186256805339,0.618838513687076,0.618838513687076,"gpath_trio"
"12518","MFAP5","Exc L3-4 RORB CUX2",-0.126149619625271,-0.345441173703272,1.74668644377258,0.187455525200391,0.309876912728093,0.309876912728093,"gpath_trio"
"12519","RIMKLB","Exc L3-4 RORB CUX2",-0.0276411576356004,4.83281015218159,1.38609893789386,0.240141577139869,0.373744991035783,0.373744991035783,"gpath_trio"
"12520","A2ML1-AS1","Exc L3-4 RORB CUX2",0.0665706311050097,3.40963079862614,3.12559628830498,0.383794735860878,0.531836234676651,0.531836234676651,"gpath_trio"
"12521","A2ML1","Exc L3-4 RORB CUX2",-0.195412952355618,1.99188507309102,16.3476223104222,6.95161286796414e-05,0.000426029130046101,0.000426029130046101,"gpath_trio"
"12522","AC006581.2","Exc L3-4 RORB CUX2",0.17229030678368,4.66317355573085,40.0365967393895,1.08415905906631e-09,2.36463881261221e-08,2.36463881261221e-08,"gpath_trio"
"12523","PHC1","Exc L3-4 RORB CUX2",-0.048168514055078,5.08867791770383,6.46977212915105,0.0115521644386459,0.0333378511728909,0.0333378511728909,"gpath_trio"
"12524","M6PR","Exc L3-4 RORB CUX2",-0.0879164431859284,5.09546090019388,11.061871902615,0.00100828565335411,0.00427013289098619,0.00427013289098619,"gpath_trio"
"12525","KLRG1","Exc L3-4 RORB CUX2",0.174673540478567,3.81356766836835,36.2061681665571,6.00545115123127e-09,1.11054057723273e-07,1.11054057723273e-07,"gpath_trio"
"12526","A2M-AS1","Exc L3-4 RORB CUX2",0.136469929723455,1.73813246363771,7.72644874313387,0.0058391590248502,0.0189427614289038,0.0189427614289038,"gpath_trio"
"12527","A2M","Exc L3-4 RORB CUX2",0.282526223922142,2.57786075299201,17.1159522930988,4.75221780777975e-05,0.00030828293978121,0.00030828293978121,"gpath_trio"
"12528","PZP","Exc L3-4 RORB CUX2",-0.308641312877109,1.74388785309444,17.7220779983458,3.52488475539725e-05,0.000237048499800465,0.000237048499800465,"gpath_trio"
"12529","LINC00987","Exc L3-4 RORB CUX2",0.014573067018418,1.80196132609606,0.0592314175825914,0.807906768759197,0.889080841090754,0.889080841090754,"gpath_trio"
"12530","AC010175.1","Exc L3-4 RORB CUX2",0.167489510455658,2.5677585533733,8.23942598590382,0.00443624160184242,0.0149717588352577,0.0149717588352577,"gpath_trio"
"12531","LINC02367","Exc L3-4 RORB CUX2",0.0922056870817492,-1.14363402889992,0.191447160956798,0.662078103515148,0.780568908807614,0.780568908807614,"gpath_trio"
"12532","KLRB1","Exc L3-4 RORB CUX2",-0.158870609080804,-0.764142382445575,0.899386423822563,0.343826889770624,0.490608069957022,0.490608069957022,"gpath_trio"
"12533","CLEC2D","Exc L3-4 RORB CUX2",0.136373504381274,2.8826339340384,7.06560546525594,0.00834478736025215,0.0254429628219869,0.0254429628219869,"gpath_trio"
"12534","CLEC2A","Exc L3-4 RORB CUX2",0.0486915169892151,-0.765223781284237,0.0526093525021539,0.818763782891872,0.896033306913563,0.896033306913563,"gpath_trio"
"12535","LINC02470","Exc L3-4 RORB CUX2",-0.123192271492942,0.867843410185865,0.293558314413702,0.588413245872763,0.720036224630496,0.720036224630496,"gpath_trio"
"12536","CLEC12A","Exc L3-4 RORB CUX2",-0.362793845040976,0.326386480140087,12.9709309217197,0.000378885984152196,0.00185040540553632,0.00185040540553632,"gpath_trio"
"12537","OLR1","Exc L3-4 RORB CUX2",-0.125245095515638,-0.246042449367083,0.914418138824128,0.339833120059155,0.486423071812234,0.486423071812234,"gpath_trio"
"12538","TMEM52B","Exc L3-4 RORB CUX2",-0.0338804301082403,-0.486840951034792,0.104898654641479,0.746288792057912,0.845680272827259,0.845680272827259,"gpath_trio"
"12539","GABARAPL1","Exc L3-4 RORB CUX2",-0.155293941079522,5.97176127236755,47.1720995552127,4.77603213863433e-11,1.47559645324575e-09,1.47559645324575e-09,"gpath_trio"
"12540","KLRD1","Exc L3-4 RORB CUX2",0.138259160533549,4.48407253202634,4.85021454292669,0.0285207116132711,0.0696785367882956,0.0696785367882956,"gpath_trio"
"12541","AC022075.1","Exc L3-4 RORB CUX2",0.176074785616797,0.203203665774798,2.15679272424765,0.14314946373815,0.252032501170886,0.252032501170886,"gpath_trio"
"12542","KLRC1","Exc L3-4 RORB CUX2",0.0338844074973731,-0.519442346162626,0.0335412981785952,0.854828676270393,0.919844714051692,0.919844714051692,"gpath_trio"
"12543","EIF2S3B","Exc L3-4 RORB CUX2",-0.0336428021493433,1.12933321269434,0.364211005966307,0.559919903575917,0.695804376633455,0.695804376633455,"gpath_trio"
"12544","MAGOHB","Exc L3-4 RORB CUX2",-0.0831477453634413,3.01274950920318,7.40535820051763,0.00694218937512447,0.0218329962031389,0.0218329962031389,"gpath_trio"
"12545","STYK1","Exc L3-4 RORB CUX2",0.111064430713796,5.58400818692922,18.8549385691355,2.02262426706421e-05,0.000145529402952997,0.000145529402952997,"gpath_trio"
"12546","YBX3","Exc L3-4 RORB CUX2",0.0921497399212728,1.71383619723992,0.861655550085836,0.354136725390667,0.501805621207804,0.501805621207804,"gpath_trio"
"12547","PRH1","Exc L3-4 RORB CUX2",0.117870495985682,4.71337283938522,13.9548834658551,0.000230163101448191,0.00120705499654725,0.00120705499654725,"gpath_trio"
"12548","SMIM10L1","Exc L3-4 RORB CUX2",-0.100278552240828,3.67958904105878,12.7218331225886,0.000430109946622164,0.00206262614050444,0.00206262614050444,"gpath_trio"
"12549","AC244131.2","Exc L3-4 RORB CUX2",0.053061240189142,4.75100048108353,0.363547537531052,0.547068147920706,0.685193685392367,0.685193685392367,"gpath_trio"
"12550","PRB1","Exc L3-4 RORB CUX2",0.0282664093954016,3.15132814099763,0.120089986990381,0.729217193207317,0.832586067145341,0.832586067145341,"gpath_trio"
"12551","PRB2","Exc L3-4 RORB CUX2",0.149807981735654,7.08440313775313,20.5914414322097,8.69381033923626e-06,6.98238947428708e-05,6.98238947428708e-05,"gpath_trio"
"12552","AC007450.1","Exc L3-4 RORB CUX2",-0.435237893779387,2.46451637262403,44.9558292813657,1.24843196578743e-10,3.42681835506958e-09,3.42681835506958e-09,"gpath_trio"
"12553","LINC01252","Exc L3-4 RORB CUX2",-0.022088484592033,6.44414694152265,0.519829105386128,0.471562353895476,0.616856026054674,0.616856026054674,"gpath_trio"
"12554","ETV6","Exc L3-4 RORB CUX2",0.0752150474139555,6.94908280594672,8.02908774198306,0.00496413434565217,0.0164966908949979,0.0164966908949979,"gpath_trio"
"12555","BCL2L14","Exc L3-4 RORB CUX2",-0.329268678848271,3.50455821071605,83.3018069082436,2.01887340242073e-17,2.9302712873265e-15,2.9302712873265e-15,"gpath_trio"
"12556","LRP6","Exc L3-4 RORB CUX2",0.0110168740411495,5.79999047476639,0.462727918551116,0.496957073908611,0.640236843301803,0.640236843301803,"gpath_trio"
"12557","MANSC1","Exc L3-4 RORB CUX2",-0.0623727333531255,4.50856629748995,7.67619917050366,0.00599910941364105,0.0193713240109168,0.0193713240109168,"gpath_trio"
"12558","LOH12CR2","Exc L3-4 RORB CUX2",-0.0148071440889893,1.7784306550377,0.0800978040700723,0.777390105615802,0.868814833857678,0.868814833857678,"gpath_trio"
"12559","BORCS5","Exc L3-4 RORB CUX2",-0.00638889108803384,5.69467718284434,0.0889451383988929,0.765760691549455,0.860345377959027,0.860345377959027,"gpath_trio"
"12560","DUSP16","Exc L3-4 RORB CUX2",-0.0118384536436947,3.88659721670479,0.0849980296009757,0.770867592640173,0.863870115065016,0.863870115065016,"gpath_trio"
"12561","AC007619.1","Exc L3-4 RORB CUX2",-0.0520259029256026,2.69437189961834,0.813223086065396,0.368003650514573,0.516449196517217,0.516449196517217,"gpath_trio"
"12562","CREBL2","Exc L3-4 RORB CUX2",-0.0678243193503989,4.4185359286996,12.7121116241425,0.00043224602451395,0.0020699177651481,0.0020699177651481,"gpath_trio"
"12563","AC008115.4","Exc L3-4 RORB CUX2",0.0583091456093241,-0.47977385816337,0.35713096374616,0.591256597696894,0.722070330419785,0.722070330419785,"gpath_trio"
"12564","GPR19","Exc L3-4 RORB CUX2",0.0550018137768576,3.78894327572037,3.29557001529456,0.0706189717161493,0.145411079237938,0.145411079237938,"gpath_trio"
"12565","AC008115.2","Exc L3-4 RORB CUX2",-0.359720327720726,2.54897153261457,53.314082087953,3.46725457638511e-12,1.44827869727887e-10,1.44827869727887e-10,"gpath_trio"
"12566","CDKN1B","Exc L3-4 RORB CUX2",-0.0897119108008712,3.90055685196327,10.2559247488115,0.00153214037698206,0.00608722570019949,0.00608722570019949,"gpath_trio"
"12567","APOLD1","Exc L3-4 RORB CUX2",0.145419778811549,3.29517416712712,6.40574475359135,0.0119654871191095,0.034339075765012,0.034339075765012,"gpath_trio"
"12568","GPRC5D-AS1","Exc L3-4 RORB CUX2",0.059657584807701,0.919332876254914,0.36776866029761,0.544752171314309,0.683141164611275,0.683141164611275,"gpath_trio"
"12569","HEBP1","Exc L3-4 RORB CUX2",0.00648125272618526,2.73363676062854,0.030060213784348,0.957916232586509,0.978960007908332,0.978960007908332,"gpath_trio"
"12570","AC023790.2","Exc L3-4 RORB CUX2",-0.109289716337917,2.45752840934758,2.65072263187606,0.104713921191459,0.19818042777089,0.19818042777089,"gpath_trio"
"12571","FAM234B","Exc L3-4 RORB CUX2",-0.0426093184226561,5.0411792088765,2.58888726359628,0.108829390237131,0.204130991821692,0.204130991821692,"gpath_trio"
"12572","GSG1","Exc L3-4 RORB CUX2",-0.473922404268145,0.102594296926235,24.4043756777666,1.39934832007974e-06,1.40526890779536e-05,1.40526890779536e-05,"gpath_trio"
"12573","EMP1","Exc L3-4 RORB CUX2",-0.110248467012186,-1.09432052441396,0.306993569321354,0.580007147249586,0.712559018131798,0.712559018131798,"gpath_trio"
"12574","GRIN2B","Exc L3-4 RORB CUX2",0.095503404107602,9.25846726432815,33.4634190289281,2.07964412806616e-08,3.31936869333345e-07,3.31936869333345e-07,"gpath_trio"
"12575","ATF7IP","Exc L3-4 RORB CUX2",0.0647615074823379,6.05385391552085,10.0055118172059,0.00174607244610645,0.00679402345230428,0.00679402345230428,"gpath_trio"
"12576","PLBD1","Exc L3-4 RORB CUX2",0.0348700581372329,-0.00905775308399927,0.0951144191373838,0.758020165915391,0.855268544675522,0.855268544675522,"gpath_trio"
"12577","PLBD1-AS1","Exc L3-4 RORB CUX2",0.00745142695275947,-1.19399434041805,0.00263508824140032,0.959099498744175,0.979688744223772,0.979688744223772,"gpath_trio"
"12578","GUCY2C","Exc L3-4 RORB CUX2",-0.13943863055348,0.713936134848222,2.68391752633773,0.102575613238168,0.194918705518998,0.194918705518998,"gpath_trio"
"12579","AC010168.1","Exc L3-4 RORB CUX2",-0.231700207543782,1.86598956705353,19.5690096584194,1.42785755340839e-05,0.000108175088772115,0.000108175088772115,"gpath_trio"
"12580","HIST4H4","Exc L3-4 RORB CUX2",0.0878169026791946,0.0508998200329084,1.0666078358904,0.302672576763369,0.446377609613639,0.446377609613639,"gpath_trio"
"12581","H2AFJ","Exc L3-4 RORB CUX2",0.0507098517677037,0.0813181289647117,0.376383145838897,0.540081627364234,0.67863395815106,0.67863395815106,"gpath_trio"
"12582","WBP11","Exc L3-4 RORB CUX2",-0.0669716247617044,4.43056107775504,10.1284711976065,0.00163746156895486,0.00643470727574295,0.00643470727574295,"gpath_trio"
"12583","C12orf60","Exc L3-4 RORB CUX2",0.0479422563771072,2.10477146103018,0.624339062083521,0.430159465216188,0.577909516596963,0.577909516596963,"gpath_trio"
"12584","MGP","Exc L3-4 RORB CUX2",-0.447843131932471,-1.13498970779954,5.26424171327549,0.0225683838249452,0.0577081297424929,0.0577081297424929,"gpath_trio"
"12585","ARHGDIB","Exc L3-4 RORB CUX2",-0.133541984746449,0.0110381273712078,2.01553408443186,0.156894304990773,0.270402331269806,0.270402331269806,"gpath_trio"
"12586","PDE6H","Exc L3-4 RORB CUX2",-0.0215875512094704,0.0625641398880343,0.0556991699205282,0.813613259324628,0.892488446437276,0.892488446437276,"gpath_trio"
"12587","RERG","Exc L3-4 RORB CUX2",0.0263515429878417,3.3200983175223,0.125175029848515,0.723774871079448,0.828867458933295,0.828867458933295,"gpath_trio"
"12588","PTPRO","Exc L3-4 RORB CUX2",0.0839386408938143,8.06247165917293,10.1771468172323,0.00159639331466675,0.00630707890702407,0.00630707890702407,"gpath_trio"
"12589","EPS8","Exc L3-4 RORB CUX2",0.727586833769217,-1.81660266337012,9.54866913955355,0.00221826683858723,0.00833864979849029,0.00833864979849029,"gpath_trio"
"12590","STRAP","Exc L3-4 RORB CUX2",-0.12344662712715,5.45287463831281,52.2293298699551,5.48720873468302e-12,2.16219601996543e-10,2.16219601996543e-10,"gpath_trio"
"12591","DERA","Exc L3-4 RORB CUX2",0.103590895243829,3.77250354487261,5.03668718160168,0.0256574636825728,0.0639850840291601,0.0639850840291601,"gpath_trio"
"12592","SLC15A5","Exc L3-4 RORB CUX2",0.00440846953471436,-0.307836168365702,0.00205731572512302,0.963857058913363,0.98131894244939,0.98131894244939,"gpath_trio"
"12593","MGST1","Exc L3-4 RORB CUX2",-0.216017151249909,4.89561632808056,24.3226781021298,1.45466212281061e-06,1.45430170107552e-05,1.45430170107552e-05,"gpath_trio"
"12594","LMO3","Exc L3-4 RORB CUX2",0.0827699306708457,7.65983322166451,8.86827373479632,0.0031756802428624,0.0113076860041915,0.0113076860041915,"gpath_trio"
"12595","AC007529.2","Exc L3-4 RORB CUX2",-0.0779600611279391,1.05546702067661,1.4278607743163,0.233202699881129,0.365391796382546,0.365391796382546,"gpath_trio"
"12596","LINC02378","Exc L3-4 RORB CUX2",0.0928056928494724,1.81573425299705,0.663669750776941,0.416012899066546,0.564396379957461,0.564396379957461,"gpath_trio"
"12597","RERGL","Exc L3-4 RORB CUX2",-0.0277301821866201,3.02830352233829,0.0959776033243556,0.756959283280963,0.854533719157634,0.854533719157634,"gpath_trio"
"12598","PIK3C2G","Exc L3-4 RORB CUX2",0.0792830741253597,3.81414935943903,1.68034978771217,0.196027360099963,0.320568370755999,0.320568370755999,"gpath_trio"
"12599","PLCZ1","Exc L3-4 RORB CUX2",-0.0422692592816419,-0.923621947548274,0.108732234751391,0.741858633459984,0.842926218182877,0.842926218182877,"gpath_trio"
"12600","AC087242.1","Exc L3-4 RORB CUX2",0.158589392939305,-0.488113220640758,1.66720230844435,0.197780451193873,0.322859503425552,0.322859503425552,"gpath_trio"
"12601","PLEKHA5","Exc L3-4 RORB CUX2",0.0953941975084923,9.95728741756121,23.2888500007741,2.37906171034449e-06,2.22933441738041e-05,2.22933441738041e-05,"gpath_trio"
"12602","AEBP2","Exc L3-4 RORB CUX2",0.0381232136222262,8.7271001054876,2.6484331756129,0.104863199995092,0.198351308822518,0.198351308822518,"gpath_trio"
"12603","AC024901.1","Exc L3-4 RORB CUX2",0.00783080404727873,7.53856900229644,0.0395863716255026,0.8424469936843,0.911238568582132,0.911238568582132,"gpath_trio"
"12604","LINC02398","Exc L3-4 RORB CUX2",0.00475714204241521,6.36380934831008,0.00738592256421764,0.931579150805294,0.966502590121197,0.966502590121197,"gpath_trio"
"12605","PDE3A","Exc L3-4 RORB CUX2",-0.0825409036030203,0.934588733487014,0.213274946300521,0.644598710348417,0.76606850737979,0.76606850737979,"gpath_trio"
"12606","PYROXD1","Exc L3-4 RORB CUX2",-0.0317053232720659,3.95965518540268,1.51731395104783,0.250633174380305,0.386702683781176,0.386702683781176,"gpath_trio"
"12607","RECQL","Exc L3-4 RORB CUX2",-0.0346891566165357,3.88527098679644,1.87334678906559,0.172273621946919,0.29015952942111,0.29015952942111,"gpath_trio"
"12608","GOLT1B","Exc L3-4 RORB CUX2",-0.190934025413239,5.99745744048447,32.644733462803,3.02135712248274e-08,4.61786969288554e-07,4.61786969288554e-07,"gpath_trio"
"12609","SPX","Exc L3-4 RORB CUX2",-0.0301154129998585,-0.627972228452635,0.0688803196658929,0.793181886303416,0.879641851152783,0.879641851152783,"gpath_trio"
"12610","GYS2","Exc L3-4 RORB CUX2",0.192307409141683,1.36705053545127,10.1254685863342,0.00164002992888887,0.00644354504680292,0.00644354504680292,"gpath_trio"
"12611","LDHB","Exc L3-4 RORB CUX2",-0.165639583605003,5.64036015145917,37.9345242611474,2.76495591082553e-09,5.53952189681281e-08,5.53952189681281e-08,"gpath_trio"
"12612","AC010197.1","Exc L3-4 RORB CUX2",-0.0255607581601451,0.0609491535630256,0.112784962292086,0.737266342683538,0.839220743829856,0.839220743829856,"gpath_trio"
"12613","ABCC9","Exc L3-4 RORB CUX2",0.251092165603782,-1.10490149058066,0.868733139949016,0.352170928449796,0.499546402409803,0.499546402409803,"gpath_trio"
"12614","CMAS","Exc L3-4 RORB CUX2",-0.0872249615221664,5.55222807449942,27.2040495375069,3.7407140654782e-07,4.32734554306323e-06,4.32734554306323e-06,"gpath_trio"
"12615","ST8SIA1","Exc L3-4 RORB CUX2",0.0599348110616107,6.90233734809528,7.71294561913081,0.00588170580364037,0.0190593341773923,0.0190593341773923,"gpath_trio"
"12616","C2CD5","Exc L3-4 RORB CUX2",0.0621365576578012,7.77098258126185,23.3209860995383,2.34286895739236e-06,2.19746077244959e-05,2.19746077244959e-05,"gpath_trio"
"12617","AC087241.3","Exc L3-4 RORB CUX2",0.0906805717806367,-0.308575980849427,0.840968651059681,0.3599696998765,0.507859349301286,0.507859349301286,"gpath_trio"
"12618","ETNK1","Exc L3-4 RORB CUX2",0.0276978089006614,6.58765831996856,3.86284887705725,0.0504307857565259,0.111031511345846,0.111031511345846,"gpath_trio"
"12619","AC084816.1","Exc L3-4 RORB CUX2",0.229895151901825,4.3917352400038,17.7757296321358,3.43307479172414e-05,0.000232001265229489,0.000232001265229489,"gpath_trio"
"12620","AC087258.1","Exc L3-4 RORB CUX2",0.248405517041721,0.463501749598826,7.66274041243563,0.00604270965163717,0.0194871590827653,0.0194871590827653,"gpath_trio"
"12621","AC087235.1","Exc L3-4 RORB CUX2",-0.135574373748393,-0.714798757461231,1.5151555483408,0.219466394074253,0.349245504058057,0.349245504058057,"gpath_trio"
"12622","SOX5","Exc L3-4 RORB CUX2",0.22460631629893,9.03075030211793,74.5059805885986,6.14502951641599e-16,6.2299482660147e-14,6.2299482660147e-14,"gpath_trio"
"12623","BCAT1","Exc L3-4 RORB CUX2",0.0763398460131962,5.09340170672682,8.28460277343094,0.00433057823116288,0.014690327821877,0.014690327821877,"gpath_trio"
"12624","LRMP","Exc L3-4 RORB CUX2",0.12627149436662,4.77332168642578,7.02778109047245,0.00851803659127776,0.025886511277713,0.025886511277713,"gpath_trio"
"12625","AC023510.1","Exc L3-4 RORB CUX2",0.0584500603420054,-0.325929910593298,0.336867499398173,0.562145636397799,0.697765847057203,0.697765847057203,"gpath_trio"
"12626","AC023510.2","Exc L3-4 RORB CUX2",-0.271617334349694,-0.743591884245849,4.93072534074033,0.0272455045697853,0.0671157575940683,0.0671157575940683,"gpath_trio"
"12627","CASC1","Exc L3-4 RORB CUX2",0.00920583035073102,4.44025639369318,0.100003297097401,0.960526167687908,0.97984437173106,0.97984437173106,"gpath_trio"
"12628","ETFRF1","Exc L3-4 RORB CUX2",-0.0293979356025707,5.12290178347307,1.85044926869064,0.174909317447531,0.293821438759695,0.293821438759695,"gpath_trio"
"12629","KRAS","Exc L3-4 RORB CUX2",-0.100591850569181,5.44887853730115,29.1230650864279,1.52936652617142e-07,1.96779143274927e-06,1.96779143274927e-06,"gpath_trio"
"12630","AC092794.1","Exc L3-4 RORB CUX2",-0.133652087490442,1.56179912138036,6.11827315948632,0.0140185799657659,0.0392042318516025,0.0392042318516025,"gpath_trio"
"12631","AC092794.2","Exc L3-4 RORB CUX2",0.0711897190076782,-0.986627691333209,0.35091040192354,0.554113024440793,0.690886241152771,0.690886241152771,"gpath_trio"
"12632","AC087239.1","Exc L3-4 RORB CUX2",-0.111040332245447,0.569626473900455,2.15604207643498,0.143218796710873,0.252110568331024,0.252110568331024,"gpath_trio"
"12633","LMNTD1","Exc L3-4 RORB CUX2",-0.047342757578978,1.12326034172513,0.676657460189968,0.411493852166324,0.559773382440213,0.559773382440213,"gpath_trio"
"12634","AC019209.3","Exc L3-4 RORB CUX2",-0.0281015973482262,-0.496839310080859,0.0498249688326395,0.823543387898063,0.898794222073889,0.898794222073889,"gpath_trio"
"12635","RASSF8-AS1","Exc L3-4 RORB CUX2",-0.0145723718937271,4.2293600849527,0.191443956606039,0.662080755026444,0.780568908807614,0.780568908807614,"gpath_trio"
"12636","RASSF8","Exc L3-4 RORB CUX2",0.226518391021437,2.87190057372497,9.23593569311942,0.00261505659240861,0.00959424745441783,0.00959424745441783,"gpath_trio"
"12637","BHLHE41","Exc L3-4 RORB CUX2",-0.0159578457978115,4.32563950957767,0.245212353642801,0.620884786559813,0.746504801480586,0.746504801480586,"gpath_trio"
"12638","SSPN","Exc L3-4 RORB CUX2",-0.00680036682578196,2.05183237827195,0.0161696368662065,0.985073896091067,0.992465221347411,0.992465221347411,"gpath_trio"
"12639","AC022509.2","Exc L3-4 RORB CUX2",0.198080661286841,2.8359287370573,5.34304515245858,0.0215873230541591,0.0556865161255159,0.0556865161255159,"gpath_trio"
"12640","AC024145.1","Exc L3-4 RORB CUX2",-0.279181978450841,1.40697578195149,12.6535589122558,0.00044534163673145,0.00212305470724409,0.00212305470724409,"gpath_trio"
"12641","ITPR2","Exc L3-4 RORB CUX2",0.115989831669439,7.53735262358999,3.22662143194719,0.0736107956908478,0.150328758281491,0.150328758281491,"gpath_trio"
"12642","AC023051.1","Exc L3-4 RORB CUX2",-0.448598284235875,1.17959585916234,19.0558567961877,1.83358264716624e-05,0.000134009960325431,0.000134009960325431,"gpath_trio"
"12643","INTS13","Exc L3-4 RORB CUX2",0.0343132130296365,3.11088918657286,1.35374544030748,0.245691027950962,0.380503299985465,0.380503299985465,"gpath_trio"
"12644","FGFR1OP2","Exc L3-4 RORB CUX2",0.0300705142693377,6.824075555188,2.61754763271057,0.106900117930151,0.201241940770812,0.201241940770812,"gpath_trio"
"12645","AC024896.1","Exc L3-4 RORB CUX2",-0.188722193184901,-0.899766644071763,2.06183886060072,0.152229809850595,0.264351559109636,0.264351559109636,"gpath_trio"
"12646","TM7SF3","Exc L3-4 RORB CUX2",-0.000198966526246027,6.56153634418185,9.77180076984952e-05,0.992120426988697,0.996417244847519,0.996417244847519,"gpath_trio"
"12647","MED21","Exc L3-4 RORB CUX2",-0.0285546044060058,5.19261753548221,1.18081702453844,0.278196095919682,0.418726218679467,0.418726218679467,"gpath_trio"
"12648","AC092747.1","Exc L3-4 RORB CUX2",-0.179262682636301,1.21245762295079,7.40065583096105,0.00695984675979313,0.0218782967246535,0.0218782967246535,"gpath_trio"
"12649","STK38L","Exc L3-4 RORB CUX2",0.0491690480085273,6.29332733145937,9.16079909981964,0.00272076007617195,0.0099153422212372,0.0099153422212372,"gpath_trio"
"12650","ARNTL2","Exc L3-4 RORB CUX2",0.0822090687744439,6.25437901423666,18.5323179471222,2.36836083016379e-05,0.000166777241705251,0.000166777241705251,"gpath_trio"
"12651","ARNTL2-AS1","Exc L3-4 RORB CUX2",-0.247883710907854,1.59199850685437,17.0799220290186,4.83754132135353e-05,0.000313213723229485,0.000313213723229485,"gpath_trio"
"12652","SMCO2","Exc L3-4 RORB CUX2",0.0537794603002788,2.63129788645676,1.49121725751871,0.223133842849162,0.353325899025338,0.353325899025338,"gpath_trio"
"12653","PPFIBP1","Exc L3-4 RORB CUX2",0.0701740452792894,7.75913525342192,9.16316767882498,0.00271736213036247,0.00990832838967338,0.00990832838967338,"gpath_trio"
"12654","REP15","Exc L3-4 RORB CUX2",0.140763861698664,1.60317245120683,7.88916455435043,0.00535062171926605,0.0176185397725139,0.0176185397725139,"gpath_trio"
"12655","AC009509.4","Exc L3-4 RORB CUX2",0.136442363125148,-0.269653117301542,1.75784546826671,0.186057101899395,0.308065110016351,0.308065110016351,"gpath_trio"
"12656","AC009509.2","Exc L3-4 RORB CUX2",0.26436072343188,-0.798179217001515,4.62650406989069,0.0324033848509811,0.077585840181408,0.077585840181408,"gpath_trio"
"12657","MRPS35","Exc L3-4 RORB CUX2",-0.0134227584610779,5.23541194984218,0.484150713768847,0.487169669090386,0.630688403099238,0.630688403099238,"gpath_trio"
"12658","MANSC4","Exc L3-4 RORB CUX2",0.0439897704295769,-0.360990341147965,0.171074330027635,0.803911164677354,0.886569790497738,0.886569790497738,"gpath_trio"
"12659","KLHL42","Exc L3-4 RORB CUX2",-0.0929668570888259,6.11654791285711,22.3480392922988,3.73078454847394e-06,3.32458384564761e-05,3.32458384564761e-05,"gpath_trio"
"12660","AC008011.2","Exc L3-4 RORB CUX2",0.0234008767687274,0.28539589232115,0.0487157831198013,0.825486383729406,0.899887752726089,0.899887752726089,"gpath_trio"
"12661","CCDC91","Exc L3-4 RORB CUX2",0.054047980927399,7.6519337718266,9.38027746533961,0.00242361469059124,0.00900514400872167,0.00900514400872167,"gpath_trio"
"12662","AC022364.1","Exc L3-4 RORB CUX2",0.0601546493760621,1.27890951800295,1.40920106156334,0.383718578669056,0.531797161314672,0.531797161314672,"gpath_trio"
"12663","AC012150.1","Exc L3-4 RORB CUX2",0.20551684561538,-0.32771020265507,4.45120143845861,0.0358324159792994,0.0843250895115322,0.0843250895115322,"gpath_trio"
"12664","FAR2","Exc L3-4 RORB CUX2",0.0792919609361494,6.80888689706991,9.97864057244553,0.00177077087880753,0.00686892952892559,0.00686892952892559,"gpath_trio"
"12665","AC009318.1","Exc L3-4 RORB CUX2",0.0605365610679367,2.35890830852024,1.75588224111167,0.484480127660559,0.628271590582066,0.628271590582066,"gpath_trio"
"12666","AC009318.3","Exc L3-4 RORB CUX2",-0.0760433870579747,0.227756419249623,0.925450708388067,0.336941649131728,0.483427803429218,0.483427803429218,"gpath_trio"
"12667","AC009318.2","Exc L3-4 RORB CUX2",-0.283633044259544,-0.0611271925159517,12.7858942502312,0.000416299648206622,0.00200449770944358,0.00200449770944358,"gpath_trio"
"12668","ERGIC2","Exc L3-4 RORB CUX2",-0.0748733816643677,5.40819025957595,19.9036404168719,1.2134634142037e-05,9.4123892278199e-05,9.4123892278199e-05,"gpath_trio"
"12669","OVCH1-AS1","Exc L3-4 RORB CUX2",-0.157643489514299,1.95263353988783,4.47182782910398,0.0354098489266866,0.0834864674647544,0.0834864674647544,"gpath_trio"
"12670","OVCH1","Exc L3-4 RORB CUX2",0.164739083038376,4.07254969407949,10.4948322378524,0.00135294485324774,0.00548177202729378,0.00548177202729378,"gpath_trio"
"12671","TMTC1","Exc L3-4 RORB CUX2",0.1054199206275,7.29658249531481,10.1818570498843,0.00159247539979783,0.00629470830543128,0.00629470830543128,"gpath_trio"
"12672","IPO8","Exc L3-4 RORB CUX2",0.0250158177458909,5.14333661782192,1.79116752023773,0.197845979863826,0.322914217599926,0.322914217599926,"gpath_trio"
"12673","CAPRIN2","Exc L3-4 RORB CUX2",-0.000128531608420462,6.07506007004476,5.43511630888425e-05,0.994123442983243,0.996955701451657,0.996955701451657,"gpath_trio"
"12674","AC010198.1","Exc L3-4 RORB CUX2",-0.00675412581123699,2.63128854728685,0.0236429593481675,0.877916141604376,0.934865309662635,0.934865309662635,"gpath_trio"
"12675","LINC00941","Exc L3-4 RORB CUX2",-0.00925050411832249,0.309164846208998,0.0146174273254806,0.90386159860072,0.951332569861525,0.951332569861525,"gpath_trio"
"12676","TSPAN11","Exc L3-4 RORB CUX2",-0.0905723473646476,0.272669742315055,0.839274617039219,0.360453211730464,0.508328222190837,0.508328222190837,"gpath_trio"
"12677","DDX11-AS1","Exc L3-4 RORB CUX2",0.156219394036158,2.27788023326127,8.57217299793357,0.00371578068751651,0.0129029045388374,0.0129029045388374,"gpath_trio"
"12678","DDX11","Exc L3-4 RORB CUX2",-0.001855089503302,3.1063133065934,0.000578920040494487,0.980822600695434,0.990232531762027,0.990232531762027,"gpath_trio"
"12679","SINHCAF","Exc L3-4 RORB CUX2",-0.195603837122169,-0.547446765411509,3.84675943937658,0.0509093307020528,0.111859697986704,0.111859697986704,"gpath_trio"
"12680","DENND5B","Exc L3-4 RORB CUX2",0.11026131851286,8.18608067863198,84.7757721753866,1.149290329753e-17,1.78301568944602e-15,1.78301568944602e-15,"gpath_trio"
"12681","DENND5B-AS1","Exc L3-4 RORB CUX2",-0.0124749231122252,1.96405213876651,0.0651652477536458,0.798712638752122,0.882561829157056,0.882561829157056,"gpath_trio"
"12682","ETFBKMT","Exc L3-4 RORB CUX2",-0.078982473216169,1.8704787171681,3.28471512164335,0.0710811593338338,0.146048973063461,0.146048973063461,"gpath_trio"
"12683","AMN1","Exc L3-4 RORB CUX2",-0.0106339340102994,5.95867028586544,0.295387961855677,0.948310129212397,0.974773808633737,0.974773808633737,"gpath_trio"
"12684","AC023157.3","Exc L3-4 RORB CUX2",0.0175913391788276,1.79207287050969,0.111808777959633,0.820774390530705,0.897270296881982,0.897270296881982,"gpath_trio"
"12685","KIAA1551","Exc L3-4 RORB CUX2",0.133046567646691,5.18971048770635,27.3274785517068,3.53075552555704e-07,4.12466663162208e-06,4.12466663162208e-06,"gpath_trio"
"12686","AC016957.2","Exc L3-4 RORB CUX2",-0.0247014008970116,-0.219235018204028,0.0795227323781045,0.778169561016796,0.8693969926633,0.8693969926633,"gpath_trio"
"12687","BICD1","Exc L3-4 RORB CUX2",0.0995615237605337,8.0318619266287,54.2850980977164,2.30232578655977e-12,1.00539876068925e-10,1.00539876068925e-10,"gpath_trio"
"12688","FGD4","Exc L3-4 RORB CUX2",0.146506439015533,4.62426710690687,13.4217217096612,0.000301388626352352,0.00151974894692794,0.00151974894692794,"gpath_trio"
"12689","DNM1L","Exc L3-4 RORB CUX2",-0.0305715212326995,7.11249907494258,4.69379155546338,0.0311803905738803,0.0751390802470181,0.0751390802470181,"gpath_trio"
"12690","YARS2","Exc L3-4 RORB CUX2",0.0128284073011749,4.47310632746581,0.359458979248276,0.549328948135119,0.687385196838431,0.687385196838431,"gpath_trio"
"12691","PKP2","Exc L3-4 RORB CUX2",-0.0454478940745396,-0.159629809220009,0.0684991154137892,0.793741945100706,0.879884655044159,0.879884655044159,"gpath_trio"
"12692","SYT10","Exc L3-4 RORB CUX2",0.041992881350898,4.74662216004517,0.339357036386571,0.560705422850965,0.696437351844993,0.696437351844993,"gpath_trio"
"12693","ALG10","Exc L3-4 RORB CUX2",0.0987297823315658,1.48999964155258,3.55984137812764,0.0637131216868621,0.133897107295046,0.133897107295046,"gpath_trio"
"12694","AC046130.1","Exc L3-4 RORB CUX2",-0.178478822222716,0.00534251737006584,3.69530083842409,0.0556585371723769,0.119969122591101,0.119969122591101,"gpath_trio"
"12695","AC046130.2","Exc L3-4 RORB CUX2",0.229246196488648,1.82087317200503,14.602587147326,0.000166118714314731,0.000904573565802888,0.000904573565802888,"gpath_trio"
"12696","AC140847.2","Exc L3-4 RORB CUX2",-0.0607310342903214,2.05708809302647,0.562370967896685,0.453984533293472,0.599989684194132,0.599989684194132,"gpath_trio"
"12697","ALG10B","Exc L3-4 RORB CUX2",0.00498382420942921,2.54276682611551,0.0137969756275129,0.906585805624692,0.952404367426626,0.952404367426626,"gpath_trio"
"12698","AC087897.2","Exc L3-4 RORB CUX2",0.0662858465791206,-0.182556808016147,0.424080232308141,0.515483206005709,0.656640591057278,0.656640591057278,"gpath_trio"
"12699","CPNE8","Exc L3-4 RORB CUX2",0.0550433638755973,7.63856032689156,4.91493218471476,0.02749086127833,0.0676045985239284,0.0676045985239284,"gpath_trio"
"12700","AC067735.1","Exc L3-4 RORB CUX2",-0.218501102110298,-0.431100637468598,4.91115411295054,0.0275498981295121,0.0677272946904723,0.0677272946904723,"gpath_trio"
"12701","KIF21A","Exc L3-4 RORB CUX2",-0.0121322222189471,7.50187649194789,0.934734540194116,0.334534088825852,0.48098811588238,0.48098811588238,"gpath_trio"
"12702","ABCD2","Exc L3-4 RORB CUX2",0.124338888984867,5.20393628872009,27.4117007938319,3.3943587431553e-07,3.97915093801036e-06,3.97915093801036e-06,"gpath_trio"
"12703","C12orf40","Exc L3-4 RORB CUX2",-0.229395982859168,4.3683054604734,55.3276404580218,1.48565944956636e-12,6.77410749734621e-11,6.77410749734621e-11,"gpath_trio"
"12704","SLC2A13","Exc L3-4 RORB CUX2",0.0674683571360366,9.12773716493272,20.4731995838291,9.20591096720205e-06,7.3410772238459e-05,7.3410772238459e-05,"gpath_trio"
"12705","LINC02471","Exc L3-4 RORB CUX2",-0.0364232896932145,2.01936037350754,0.448316250858358,0.866724072829894,0.927764702928399,0.927764702928399,"gpath_trio"
"12706","AC079630.1","Exc L3-4 RORB CUX2",-0.139538545862769,2.4246459152877,10.0338929590198,0.00172036768909192,0.00671212881984712,0.00671212881984712,"gpath_trio"
"12707","LRRK2","Exc L3-4 RORB CUX2",0.0305731798846514,6.5918748864989,1.62163342161959,0.204001457858425,0.330633789548017,0.330633789548017,"gpath_trio"
"12708","MUC19","Exc L3-4 RORB CUX2",0.0986383528223692,0.247778103559204,1.08496185909477,0.298557755261073,0.441630816950814,0.441630816950814,"gpath_trio"
"12709","AC107023.1","Exc L3-4 RORB CUX2",-0.140198356654643,-1.36587036669278,0.910220086527083,0.340942157126317,0.487467606015247,0.487467606015247,"gpath_trio"
"12710","CNTN1","Exc L3-4 RORB CUX2",0.140278046989839,9.75382832555797,102.421982156495,1.63270847045493e-20,5.98907152571422e-18,5.98907152571422e-18,"gpath_trio"
"12711","PDZRN4","Exc L3-4 RORB CUX2",0.369641095675053,6.92847762905806,23.9442041135063,1.74119368454446e-06,1.69539491243651e-05,1.69539491243651e-05,"gpath_trio"
"12712","AC090531.1","Exc L3-4 RORB CUX2",-0.0970081926308861,1.72209957971074,1.24598302996192,0.265351598018043,0.403913421609628,0.403913421609628,"gpath_trio"
"12713","AC090630.1","Exc L3-4 RORB CUX2",0.144672989140044,3.72383686453777,2.35339589340828,0.126226305897753,0.22901220516971,0.22901220516971,"gpath_trio"
"12714","GXYLT1","Exc L3-4 RORB CUX2",0.0468697808817731,4.45188416287157,3.81606942822154,0.0518355846539981,0.113523981805733,0.113523981805733,"gpath_trio"
"12715","YAF2","Exc L3-4 RORB CUX2",0.0383389843398449,6.64350823096019,6.75651642821113,0.00987430145629053,0.0292918735304604,0.0292918735304604,"gpath_trio"
"12716","PPHLN1","Exc L3-4 RORB CUX2",0.0512844711517311,7.29171807130027,13.8607192555939,0.00024136876976646,0.00125830652863161,0.00125830652863161,"gpath_trio"
"12717","ZCRB1","Exc L3-4 RORB CUX2",-0.113324889721142,4.19701430991997,19.100758729184,1.79383953972803e-05,0.000131554753595104,0.000131554753595104,"gpath_trio"
"12718","PRICKLE1","Exc L3-4 RORB CUX2",0.0970791019335905,8.00910647903687,26.1296660507968,6.19344892166561e-07,6.75420713484344e-06,6.75420713484344e-06,"gpath_trio"
"12719","AC079601.1","Exc L3-4 RORB CUX2",-0.0997515094098906,-0.699019044088717,0.773313548407134,0.38000592790978,0.528185986605567,0.528185986605567,"gpath_trio"
"12720","LINC02451","Exc L3-4 RORB CUX2",-0.136283709951478,-1.28266359818937,0.91510168392608,0.33965300314366,0.486268758048776,0.486268758048776,"gpath_trio"
"12721","LINC02450","Exc L3-4 RORB CUX2",0.106759898749939,-0.846152715721161,0.666430579589694,0.415046133908699,0.563344708800323,0.563344708800323,"gpath_trio"
"12722","ADAMTS20","Exc L3-4 RORB CUX2",-0.123068785651405,0.52407962900422,2.2530195674441,0.134567337296365,0.240938589807788,0.240938589807788,"gpath_trio"
"12723","PUS7L","Exc L3-4 RORB CUX2",0.0573210180958195,5.84144497873485,5.74462864578301,0.0172457493144324,0.0464654103123229,0.0464654103123229,"gpath_trio"
"12724","IRAK4","Exc L3-4 RORB CUX2",-0.0542379611167405,2.02601697086016,1.47488840267681,0.225677821445038,0.356375238545213,0.356375238545213,"gpath_trio"
"12725","TWF1","Exc L3-4 RORB CUX2",-0.0404014361596345,3.37048622693148,1.88027403202183,0.171485304426926,0.289201372299024,0.289201372299024,"gpath_trio"
"12726","TMEM117","Exc L3-4 RORB CUX2",0.127256996532736,7.8588545769787,68.7802312332612,5.97664401143216e-15,4.82315171722575e-13,4.82315171722575e-13,"gpath_trio"
"12727","AC025253.1","Exc L3-4 RORB CUX2",0.0401023121975273,0.962755677535179,0.397131369250126,0.529127906531995,0.669162885619194,0.669162885619194,"gpath_trio"
"12728","NELL2","Exc L3-4 RORB CUX2",0.0499369833389764,9.60123241788178,13.2186010766779,0.000334089613824642,0.00166196510182142,0.00166196510182142,"gpath_trio"
"12729","AC008127.1","Exc L3-4 RORB CUX2",0.147861521610986,3.18232121365061,4.16898036198666,0.0421797920759139,0.0961882338794577,0.0961882338794577,"gpath_trio"
"12730","ANO6","Exc L3-4 RORB CUX2",0.0981452906914316,5.28634998059149,14.1806252916628,0.000205400493557013,0.00109144493556508,0.00109144493556508,"gpath_trio"
"12731","AC079950.1","Exc L3-4 RORB CUX2",-0.0766016345695195,3.15951235337893,1.78925979735134,0.182185227121966,0.303166195742796,0.303166195742796,"gpath_trio"
"12732","AC008124.1","Exc L3-4 RORB CUX2",0.01664841273461,3.44780853200848,0.311765936513017,0.577079052370586,0.710302597863252,0.710302597863252,"gpath_trio"
"12733","ARID2","Exc L3-4 RORB CUX2",0.05473388823901,5.83065078193637,11.3988714078107,0.000847267645030307,0.00367131115517321,0.00367131115517321,"gpath_trio"
"12734","SCAF11","Exc L3-4 RORB CUX2",0.0541126370076246,6.49633891096016,11.7540218338615,0.000705734825686477,0.00314795492111976,0.00314795492111976,"gpath_trio"
"12735","SLC38A1","Exc L3-4 RORB CUX2",0.0249236125133097,6.86992558323417,1.31926651526901,0.251779308535293,0.388203863179178,0.388203863179178,"gpath_trio"
"12736","SLC38A2","Exc L3-4 RORB CUX2",-0.011298273975388,5.46935193420381,0.180128166425605,0.671614079789143,0.788284022325089,0.788284022325089,"gpath_trio"
"12737","AC008014.1","Exc L3-4 RORB CUX2",0.190204667765393,5.68180025283328,21.2825650060671,6.22648898659265e-06,5.2178585417941e-05,5.2178585417941e-05,"gpath_trio"
"12738","AC025031.1","Exc L3-4 RORB CUX2",-0.369216996286754,-0.271575637170059,11.4767570446964,0.000813936565524418,0.00355282782549873,0.00355282782549873,"gpath_trio"
"12739","SLC38A4","Exc L3-4 RORB CUX2",-0.259381292015662,-1.06661574202977,3.34775646491224,0.0684416767924589,0.141743306306495,0.141743306306495,"gpath_trio"
"12740","AMIGO2","Exc L3-4 RORB CUX2",-0.120790604402964,1.83830260168905,3.11800729279319,0.0786050278236891,0.158262134664944,0.158262134664944,"gpath_trio"
"12741","PCED1B","Exc L3-4 RORB CUX2",-0.0437849038700794,5.67626970317127,0.776183806374445,0.379124467419276,0.527251404851719,0.527251404851719,"gpath_trio"
"12742","AC008083.1","Exc L3-4 RORB CUX2",-0.438014712786342,0.330902790448061,19.1337780483265,1.76517096180144e-05,0.000129640786874205,0.000129640786874205,"gpath_trio"
"12743","AC008083.2","Exc L3-4 RORB CUX2",-0.182054257432504,1.50211545427557,5.52055407660466,0.0195427279247565,0.0513080448075183,0.0513080448075183,"gpath_trio"
"12744","LINC02416","Exc L3-4 RORB CUX2",-0.262369962667553,-0.175005477627717,3.25485038366842,0.0723696720901059,0.148259355647633,0.148259355647633,"gpath_trio"
"12745","RPAP3","Exc L3-4 RORB CUX2",0.0248803335625977,4.26517522427479,1.16946616892736,0.280512934536074,0.421427392528505,0.421427392528505,"gpath_trio"
"12746","AC004241.1","Exc L3-4 RORB CUX2",0.0663037292895862,0.776101977998711,0.977731787156123,0.323678710424781,0.46915855900711,0.46915855900711,"gpath_trio"
"12747","ENDOU","Exc L3-4 RORB CUX2",0.285613220135548,-1.41496981909775,2.44551708331012,0.11907730940509,0.218896101799334,0.218896101799334,"gpath_trio"
"12748","RAPGEF3","Exc L3-4 RORB CUX2",0.195240889815721,2.03033497309897,7.56237046859224,0.00637830336387793,0.0203901553424556,0.0203901553424556,"gpath_trio"
"12749","SLC48A1","Exc L3-4 RORB CUX2",-0.00930174244098954,4.13056970982346,0.126559565350389,0.722314673240839,0.82808833575599,0.82808833575599,"gpath_trio"
"12750","HDAC7","Exc L3-4 RORB CUX2",0.0730510453302889,5.07202358243989,11.2784748974749,0.000901548097204979,0.00387323953601159,0.00387323953601159,"gpath_trio"
"12751","AC004466.1","Exc L3-4 RORB CUX2",0.00617599579391202,0.336906121671428,0.00572363939269701,0.939751964277197,0.970927133447907,0.970927133447907,"gpath_trio"
"12752","VDR","Exc L3-4 RORB CUX2",-0.27469260240704,-0.0581581318659305,11.701884272284,0.000724901121254611,0.00322275895136884,0.00322275895136884,"gpath_trio"
"12753","TMEM106C","Exc L3-4 RORB CUX2",-0.00297826628217845,4.01111323118536,0.0129597201834997,0.909451875064743,0.953693525446626,0.953693525446626,"gpath_trio"
"12754","SENP1","Exc L3-4 RORB CUX2",0.0889757980680149,4.2949060131719,18.3706037990928,2.56359330213494e-05,0.000179025596644418,0.000179025596644418,"gpath_trio"
"12755","PFKM","Exc L3-4 RORB CUX2",-0.0974739376645562,4.80128355583586,21.2995408238454,6.17574360986949e-06,5.18340096747085e-05,5.18340096747085e-05,"gpath_trio"
"12756","ASB8","Exc L3-4 RORB CUX2",-0.0785238954601462,4.79287160986136,14.1291888516224,0.00021079388225426,0.00111679794497891,0.00111679794497891,"gpath_trio"
"12757","CCDC184","Exc L3-4 RORB CUX2",-0.260734211847115,3.4463294812568,38.28961442845,2.35921851151792e-09,4.79810821268891e-08,4.79810821268891e-08,"gpath_trio"
"12758","AC024257.3","Exc L3-4 RORB CUX2",0.0797511242874628,0.561919403139364,1.0543516362667,0.564561733213668,0.700101664525419,0.700101664525419,"gpath_trio"
"12759","AC024257.1","Exc L3-4 RORB CUX2",-0.184094137781851,0.410473599420136,3.67911271270686,0.0561933993903,0.120888709556946,0.120888709556946,"gpath_trio"
"12760","AC024257.5","Exc L3-4 RORB CUX2",-0.0910554715112743,-0.522645473915495,0.64471772069541,0.422740952275454,0.571099418250789,0.571099418250789,"gpath_trio"
"12761","ZNF641","Exc L3-4 RORB CUX2",-0.0159277729518772,4.11193239702309,0.227872658620437,0.633506739698205,0.756541523485996,0.756541523485996,"gpath_trio"
"12762","AC090115.1","Exc L3-4 RORB CUX2",0.0638607197802554,5.28257842777833,4.16028931012887,0.0423931719956249,0.0965547804257996,0.0965547804257996,"gpath_trio"
"12763","C12orf54","Exc L3-4 RORB CUX2",-0.0278899448916467,0.913834182730853,0.207991642480237,0.662932538284991,0.781056212107231,0.781056212107231,"gpath_trio"
"12764","OR8S1","Exc L3-4 RORB CUX2",0.0524357036348946,-0.791162647328657,0.172471209620272,0.678267341362015,0.793451484095989,0.793451484095989,"gpath_trio"
"12765","KANSL2","Exc L3-4 RORB CUX2",0.00786577549914784,3.4588489316488,0.0699260784065228,0.791653930411234,0.878381897709215,0.878381897709215,"gpath_trio"
"12766","CCNT1","Exc L3-4 RORB CUX2",-0.0415128880602344,4.56406759838686,4.5969536565301,0.0329563092898426,0.078611201220451,0.078611201220451,"gpath_trio"
"12767","TEX49","Exc L3-4 RORB CUX2",-0.337492131986121,-0.342026851879228,12.5652211329375,0.000465866265088325,0.00220889586325663,0.00220889586325663,"gpath_trio"
"12768","ADCY6","Exc L3-4 RORB CUX2",0.00654663290993456,4.87412020536054,0.0578422554976391,0.810128953554216,0.890360714602403,0.890360714602403,"gpath_trio"
"12769","CACNB3","Exc L3-4 RORB CUX2",-0.120778917154515,4.95687374077188,23.9774918496784,1.71385247751447e-06,1.67361925139664e-05,1.67361925139664e-05,"gpath_trio"
"12770","DDX23","Exc L3-4 RORB CUX2",-0.0444668644218703,3.49629692524496,2.64495810331019,0.105090232479106,0.198631763187743,0.198631763187743,"gpath_trio"
"12771","RND1","Exc L3-4 RORB CUX2",-0.0358191945000758,4.38543688531837,1.29162347099799,0.256795358725096,0.394070614001583,0.394070614001583,"gpath_trio"
"12772","AC073610.3","Exc L3-4 RORB CUX2",0.0214614393254276,4.9273930486484,0.424196717646819,0.515425578407023,0.656640591057278,0.656640591057278,"gpath_trio"
"12773","CCDC65","Exc L3-4 RORB CUX2",-0.3645614102713,4.75464296916075,86.5830638852766,5.77970227105826e-18,9.94544169311071e-16,9.94544169311071e-16,"gpath_trio"
"12774","ARF3","Exc L3-4 RORB CUX2",-0.303588669097041,-0.821610256997248,5.52150915309632,0.0195322895640329,0.0512903738063729,0.0512903738063729,"gpath_trio"
"12775","WNT10B","Exc L3-4 RORB CUX2",-0.00961465736320831,4.25120415300249,0.126277202167579,0.722611733958877,0.828274310342469,0.828274310342469,"gpath_trio"
"12776","DDN","Exc L3-4 RORB CUX2",-0.0375609172009106,4.46717117865662,1.01982481559741,0.31349942360899,0.458200767678103,0.458200767678103,"gpath_trio"
"12777","DDN-AS1","Exc L3-4 RORB CUX2",0.0690442347111271,3.71748479242558,5.89207463037852,0.0158888512271833,0.0434203343780382,0.0434203343780382,"gpath_trio"
"12778","PRKAG1","Exc L3-4 RORB CUX2",-0.0375470003257698,4.74691266201848,2.80381331766548,0.0952427724565292,0.183649329476295,0.183649329476295,"gpath_trio"
"12779","KMT2D","Exc L3-4 RORB CUX2",0.0359892470172139,4.83887865025534,2.96178859877474,0.0864431665741706,0.170494758591641,0.170494758591641,"gpath_trio"
"12780","RHEBL1","Exc L3-4 RORB CUX2",-0.110148703362704,3.1555714251781,7.99882080916654,0.00504523465663885,0.0167276268196695,0.0167276268196695,"gpath_trio"
"12781","LMBR1L","Exc L3-4 RORB CUX2",0.0555854154720049,4.87610083343425,6.29469374810872,0.0127190048015149,0.0361773469435447,0.0361773469435447,"gpath_trio"
"12782","AC011603.2","Exc L3-4 RORB CUX2",0.0618345658072913,4.63245549264501,6.19959477914872,0.0134032593806951,0.0377826963819372,0.0377826963819372,"gpath_trio"
"12783","TUBA1B","Exc L3-4 RORB CUX2",-0.181972234249724,8.71486070819795,24.2777832575716,1.48599374500114e-06,1.47975931912132e-05,1.47975931912132e-05,"gpath_trio"
"12784","TUBA1A","Exc L3-4 RORB CUX2",-0.193897787921352,6.30417955094888,34.5194574398742,1.28696213581406e-08,2.18556069781555e-07,2.18556069781555e-07,"gpath_trio"
"12785","TUBA1C","Exc L3-4 RORB CUX2",0.0811569291501399,3.30944438430314,4.95993430469315,0.0267977443599708,0.0662554525076484,0.0662554525076484,"gpath_trio"
"12786","AC010173.1","Exc L3-4 RORB CUX2",-0.185844106418771,0.123898182516528,6.45003836924988,0.0116779568118968,0.0336335158715228,0.0336335158715228,"gpath_trio"
"12787","AC125611.4","Exc L3-4 RORB CUX2",-0.228288043650714,-0.172445966873935,8.28925599415499,0.00431984243811706,0.014670801520013,0.014670801520013,"gpath_trio"
"12788","DNAJC22","Exc L3-4 RORB CUX2",-0.340716701963012,-0.478130861096484,5.86646062779462,0.0161163663622151,0.0438914270191265,0.0438914270191265,"gpath_trio"
"12789","SPATS2","Exc L3-4 RORB CUX2",0.0500369702352677,7.53478796897883,9.99693615100193,0.00175391625714679,0.00682059762681889,0.00682059762681889,"gpath_trio"
"12790","KCNH3","Exc L3-4 RORB CUX2",-0.00809439696571952,6.3553252771383,0.149023956791262,0.699785536951995,0.810550764037576,0.810550764037576,"gpath_trio"
"12791","MCRS1","Exc L3-4 RORB CUX2",-0.0224489817677653,4.50430062245824,0.873100698682548,0.350965292512439,0.498467073314921,0.498467073314921,"gpath_trio"
"12792","PRPF40B","Exc L3-4 RORB CUX2",0.109752771347987,6.1397369313929,59.3156632745999,2.82131454781578e-13,1.49789528953114e-11,1.49789528953114e-11,"gpath_trio"
"12793","FAM186B","Exc L3-4 RORB CUX2",-0.229365118881129,-0.621159526923664,4.31152686445999,0.0388374036827421,0.0900729531324661,0.0900729531324661,"gpath_trio"
"12794","FMNL3","Exc L3-4 RORB CUX2",0.0443190472874974,5.40318602942538,1.77653863963083,0.183741707808008,0.30530505500579,0.30530505500579,"gpath_trio"
"12795","TMBIM6","Exc L3-4 RORB CUX2",-0.0260996188781255,6.67054006911862,3.02093304969126,0.0833800604689293,0.165733272902527,0.165733272902527,"gpath_trio"
"12796","NCKAP5L","Exc L3-4 RORB CUX2",0.0657406695881705,4.0755700151795,6.94990843815924,0.0891841645790567,0.17460364098811,0.17460364098811,"gpath_trio"
"12797","BCDIN3D-AS1","Exc L3-4 RORB CUX2",0.00523523325723746,1.32841838778673,0.00939671928123678,0.922851360422471,0.960857005549019,0.960857005549019,"gpath_trio"
"12798","BCDIN3D","Exc L3-4 RORB CUX2",-0.0258463433404099,2.1842235987684,0.334224078708607,0.844215108629022,0.912316664877097,0.912316664877097,"gpath_trio"
"12799","AC131157.1","Exc L3-4 RORB CUX2",-0.352882971988758,-0.839940305393723,6.48492834593242,0.0114565026930612,0.0330807130145284,0.0330807130145284,"gpath_trio"
"12800","FAIM2","Exc L3-4 RORB CUX2",-0.0403818649667626,7.83906786757482,2.43944937383104,0.119534049033191,0.21947574073941,0.21947574073941,"gpath_trio"
"12801","LINC02395","Exc L3-4 RORB CUX2",-0.102530885483801,-0.172022449048786,1.06566187648333,0.302886636737633,0.44661968138412,0.44661968138412,"gpath_trio"
"12802","RACGAP1","Exc L3-4 RORB CUX2",0.0407180175714949,3.44811986694102,1.67729827308694,0.196432614549339,0.321152998260366,0.321152998260366,"gpath_trio"
"12803","ASIC1","Exc L3-4 RORB CUX2",0.0926063977538716,3.54377971421236,9.83808814785113,0.00190589177950499,0.00732686102353528,0.00732686102353528,"gpath_trio"
"12804","SMARCD1","Exc L3-4 RORB CUX2",-0.00268224303735828,4.32022583861701,0.013742912629064,0.906768163788945,0.952404367426626,0.952404367426626,"gpath_trio"
"12805","GPD1","Exc L3-4 RORB CUX2",0.180520136919175,0.406886319076382,5.65313833306753,0.0572959283351505,0.122724849151891,0.122724849151891,"gpath_trio"
"12806","AC074032.1","Exc L3-4 RORB CUX2",-0.0780767696139851,5.40065825244361,8.69658726785517,0.00347822486783737,0.0122061552806782,0.0122061552806782,"gpath_trio"
"12807","CERS5","Exc L3-4 RORB CUX2",0.105111670783638,5.83659753121369,17.3161768204487,4.3050758297427e-05,0.000282730810107614,0.000282730810107614,"gpath_trio"
"12808","LIMA1","Exc L3-4 RORB CUX2",-0.0138101702963096,4.38305646603347,0.204886468015374,0.651182657223408,0.771122269735415,0.771122269735415,"gpath_trio"
"12809","FAM186A","Exc L3-4 RORB CUX2",-0.270777737787201,1.17753339455473,25.7128938086747,7.53662227656861e-07,8.04079082124652e-06,8.04079082124652e-06,"gpath_trio"
"12810","LARP4","Exc L3-4 RORB CUX2",0.0769241733104039,5.70104466892676,17.4227378071142,4.08472397057868e-05,0.000270194446250573,0.000270194446250573,"gpath_trio"
"12811","DIP2B","Exc L3-4 RORB CUX2",0.0775828131546323,6.89851759543677,25.5100506854453,8.29328173967778e-07,8.74631255086248e-06,8.74631255086248e-06,"gpath_trio"
"12812","ATF1","Exc L3-4 RORB CUX2",0.0603628286391431,5.36908093602499,12.473091042156,0.000488297647628992,0.00229797178467808,0.00229797178467808,"gpath_trio"
"12813","TMPRSS12","Exc L3-4 RORB CUX2",-0.217828598359333,-0.160595661408157,6.00695331394963,0.0149086847839207,0.0412879499678244,0.0412879499678244,"gpath_trio"
"12814","METTL7A","Exc L3-4 RORB CUX2",-0.228718272865238,-0.865773531927403,0.657669925079993,0.418125458417294,0.566480468145247,0.566480468145247,"gpath_trio"
"12815","HIGD1C","Exc L3-4 RORB CUX2",-0.364695762886427,0.894264837224499,19.1933913167964,1.71458119979578e-05,0.00012629308399372,0.00012629308399372,"gpath_trio"
"12816","SLC11A2","Exc L3-4 RORB CUX2",0.016574751682379,5.4119073901283,1.03816009717768,0.309196900584621,0.453544239442687,0.453544239442687,"gpath_trio"
"12817","LETMD1","Exc L3-4 RORB CUX2",0.0360249752286498,5.13851026998287,3.01976031329788,0.0834396372105456,0.165819018983723,0.165819018983723,"gpath_trio"
"12818","CSRNP2","Exc L3-4 RORB CUX2",-0.00166438631589306,5.40491142409399,0.00660580823461996,0.935284889687934,0.969001830711964,0.969001830711964,"gpath_trio"
"12819","TFCP2","Exc L3-4 RORB CUX2",0.0400268618342423,6.75645804078971,5.75244808276599,0.017170852922429,0.0463069051878098,0.0463069051878098,"gpath_trio"
"12820","POU6F1","Exc L3-4 RORB CUX2",0.0349556117412684,5.15648495165293,4.03508110677376,0.0455973369731042,0.102480389267403,0.102480389267403,"gpath_trio"
"12821","DAZAP2","Exc L3-4 RORB CUX2",-0.104868351045918,4.76900389830258,23.0019000866633,2.72836146674809e-06,2.51690409655431e-05,2.51690409655431e-05,"gpath_trio"
"12822","SMAGP","Exc L3-4 RORB CUX2",-0.188874834394314,0.357034179715802,6.284162619396,0.0127929648038854,0.0363518401293503,0.0363518401293503,"gpath_trio"
"12823","BIN2","Exc L3-4 RORB CUX2",-0.191553581762375,0.015536394966354,5.27088944737313,0.0224810325744339,0.0575212215839193,0.0575212215839193,"gpath_trio"
"12824","GALNT6","Exc L3-4 RORB CUX2",0.0308158438337458,1.16557453535158,0.0990930735396284,0.75317317623613,0.851227876901233,0.851227876901233,"gpath_trio"
"12825","SLC4A8","Exc L3-4 RORB CUX2",0.00166050208548635,7.28616609563763,0.00547422814568094,0.941076801241416,0.9714917596091,0.9714917596091,"gpath_trio"
"12826","AC107031.1","Exc L3-4 RORB CUX2",0.200517037634273,-0.713224594798807,3.0696279098947,0.0840728367680112,0.166830872606927,0.166830872606927,"gpath_trio"
"12827","SCN8A","Exc L3-4 RORB CUX2",0.0572702222598191,8.70482483896221,29.8699500666579,1.0820151766082e-07,1.4418531167814e-06,1.4418531167814e-06,"gpath_trio"
"12828","AC068987.2","Exc L3-4 RORB CUX2",0.0279906045349261,-0.662626116889778,0.0692253551534508,0.792676392847203,0.879274589052799,0.879274589052799,"gpath_trio"
"12829","AC068987.3","Exc L3-4 RORB CUX2",0.180453040089157,1.72910136178784,10.1487674802362,0.00162020789369604,0.00637684242202842,0.00637684242202842,"gpath_trio"
"12830","FIGNL2","Exc L3-4 RORB CUX2",0.0181080287068506,2.417614087771,0.149647410082193,0.699188952861928,0.810106597875269,0.810106597875269,"gpath_trio"
"12831","AC068987.1","Exc L3-4 RORB CUX2",0.199582689814155,0.327124553484318,5.39533294269029,0.0209628867673956,0.0543188081854877,0.0543188081854877,"gpath_trio"
"12832","ANKRD33","Exc L3-4 RORB CUX2",-0.354875577045321,-1.37015857870437,4.89747212502222,0.0277648084583396,0.0681702580804432,0.0681702580804432,"gpath_trio"
"12833","ACVR1B","Exc L3-4 RORB CUX2",0.086725057824255,6.33537153010445,18.5923273571449,2.29980239527419e-05,0.000162744697736432,0.000162744697736432,"gpath_trio"
"12834","GRASP","Exc L3-4 RORB CUX2",-0.134287272507761,4.77918237596342,14.6088825003993,0.000165594307890687,0.000901961436742607,0.000901961436742607,"gpath_trio"
"12835","NR4A1","Exc L3-4 RORB CUX2",-0.167484731495837,3.66040732049975,15.3295931308042,0.000115411198642892,0.000660544945424213,0.000660544945424213,"gpath_trio"
"12836","ATG101","Exc L3-4 RORB CUX2",-0.053345927299413,2.74258505943896,1.79996064567195,0.180887815991234,0.301604271704392,0.301604271704392,"gpath_trio"
"12837","AC078864.2","Exc L3-4 RORB CUX2",0.0575910185860441,-0.580115555792075,0.171381995842367,0.679227781046327,0.794227530663857,0.794227530663857,"gpath_trio"
"12838","LINC00592","Exc L3-4 RORB CUX2",-0.138021571707761,-0.380675522000178,1.23154387278928,0.268132316612092,0.407071223391449,0.407071223391449,"gpath_trio"
"12839","KRT80","Exc L3-4 RORB CUX2",0.103376979049572,-1.33077237046782,0.372643429129955,0.542100090234693,0.680696518736413,0.680696518736413,"gpath_trio"
"12840","KRT86","Exc L3-4 RORB CUX2",0.0364186686615428,0.0306614725889909,0.235116877059744,0.761889658646411,0.857844806554701,0.857844806554701,"gpath_trio"
"12841","KRT81","Exc L3-4 RORB CUX2",-0.0685019224214068,-0.204373231503983,0.454813611541492,0.500657035756156,0.643360235438246,0.643360235438246,"gpath_trio"
"12842","AC121757.1","Exc L3-4 RORB CUX2",0.245752717962094,0.67458046443328,10.0670782886614,0.00169080088581773,0.00661464876994284,0.00661464876994284,"gpath_trio"
"12843","KRT5","Exc L3-4 RORB CUX2",-0.476836884573738,0.076765483508038,19.036782898436,1.8507336592403e-05,0.000135039969530463,0.000135039969530463,"gpath_trio"
"12844","KRT8","Exc L3-4 RORB CUX2",-0.206127251378011,0.0504864188936558,5.53606113321169,0.0193739615027462,0.0509409192386165,0.0509409192386165,"gpath_trio"
"12845","EIF4B","Exc L3-4 RORB CUX2",-0.0404024097288844,5.38947602658123,4.83514866252109,0.0287662030926714,0.070184804377149,0.070184804377149,"gpath_trio"
"12846","AC068888.1","Exc L3-4 RORB CUX2",-0.334469201285118,3.62947972406081,72.6896292432378,1.25883299817647e-15,1.19796961029294e-13,1.19796961029294e-13,"gpath_trio"
"12847","TNS2","Exc L3-4 RORB CUX2",0.080249234591635,1.65227835024099,1.42595897183379,0.233513348073846,0.365742706108985,0.365742706108985,"gpath_trio"
"12848","SPRYD3","Exc L3-4 RORB CUX2",-0.148959593436238,5.32530454606096,32.2269823494268,3.65755639712116e-08,5.49450486313622e-07,5.49450486313622e-07,"gpath_trio"
"12849","IGFBP6","Exc L3-4 RORB CUX2",-0.365538523814944,2.10666729231473,57.1817875323512,6.84320953453748e-13,3.31879212402148e-11,3.31879212402148e-11,"gpath_trio"
"12850","CSAD","Exc L3-4 RORB CUX2",0.0536108722265218,6.07630675035521,6.73433872239959,0.00999460336372278,0.0295791584073797,0.0295791584073797,"gpath_trio"
"12851","ZNF740","Exc L3-4 RORB CUX2",0.00555228997001652,3.03530415486322,0.032944553113453,0.922265600071638,0.960445386953249,0.960445386953249,"gpath_trio"
"12852","RARG","Exc L3-4 RORB CUX2",0.175507199292956,1.84979026488539,8.74897191137603,0.0033829078688813,0.0119485585179762,0.0119485585179762,"gpath_trio"
"12853","MFSD5","Exc L3-4 RORB CUX2",-0.115266509900291,1.83067415527045,5.43534512142165,0.0204977736062555,0.0533534489106185,0.0533534489106185,"gpath_trio"
"12854","ESPL1","Exc L3-4 RORB CUX2",-0.233534435069393,-0.0658324744162318,7.4236709194188,0.00687386305449563,0.0216586267569029,0.0216586267569029,"gpath_trio"
"12855","PFDN5","Exc L3-4 RORB CUX2",-0.282661686575064,4.83762948828794,97.7795308939019,8.8689385746032e-20,2.55615479632314e-17,2.55615479632314e-17,"gpath_trio"
"12856","AC073611.1","Exc L3-4 RORB CUX2",-0.191433748549216,-0.745252213954178,2.96158305424868,0.0864540228973086,0.170499502634722,0.170499502634722,"gpath_trio"
"12857","C12orf10","Exc L3-4 RORB CUX2",-0.209289758573465,3.51794939583377,51.645021017876,7.03166469206392e-12,2.6817360144119e-10,2.6817360144119e-10,"gpath_trio"
"12858","AAAS","Exc L3-4 RORB CUX2",0.00301698014211119,3.51770274913356,0.00804808096786052,0.928585863211704,0.964786269970961,0.964786269970961,"gpath_trio"
"12859","SP1","Exc L3-4 RORB CUX2",0.0819607402862805,3.55861407517097,8.54571704265891,0.00376840183588606,0.0130564154283018,0.0130564154283018,"gpath_trio"
"12860","PRR13","Exc L3-4 RORB CUX2",-0.118528443003182,3.56260373340133,14.4812060696542,0.00017656585066303,0.000954761736029654,0.000954761736029654,"gpath_trio"
"12861","PCBP2","Exc L3-4 RORB CUX2",-0.0648034594244074,6.0854740916135,10.7724574915302,0.00117130654915452,0.00485637271458948,0.00485637271458948,"gpath_trio"
"12862","MAP3K12","Exc L3-4 RORB CUX2",-0.0209065773952453,4.55359072622973,0.757994545350525,0.623812737270483,0.748706611606327,0.748706611606327,"gpath_trio"
"12863","AC023509.4","Exc L3-4 RORB CUX2",0.0355196628653559,1.2106757874829,0.398924710276592,0.528200004480809,0.668324558820968,0.668324558820968,"gpath_trio"
"12864","TARBP2","Exc L3-4 RORB CUX2",-0.0434413226962864,1.5867715570468,0.909619524001013,0.455355970229088,0.601270155073752,0.601270155073752,"gpath_trio"
"12865","ATP5MC2","Exc L3-4 RORB CUX2",-0.109300730316739,5.18040964622229,14.8911780823169,0.000143725600940188,0.000797048927698816,0.000797048927698816,"gpath_trio"
"12866","CALCOCO1","Exc L3-4 RORB CUX2",0.024647988438486,5.63543948347658,1.57239272553992,0.210986098357929,0.339120820137924,0.339120820137924,"gpath_trio"
"12867","CISTR","Exc L3-4 RORB CUX2",0.0252634852911993,-0.84427932116556,0.0388942626402763,0.843812368857638,0.911979136535214,0.911979136535214,"gpath_trio"
"12868","AC023794.1","Exc L3-4 RORB CUX2",-0.0880142820092051,2.57789982363792,2.50335984670899,0.114819323113626,0.212677179931823,0.212677179931823,"gpath_trio"
"12869","AC023794.4","Exc L3-4 RORB CUX2",-0.229575851175269,-0.199656902325951,6.29081630065009,0.0127461844876589,0.036244435805288,0.036244435805288,"gpath_trio"
"12870","SMUG1","Exc L3-4 RORB CUX2",-0.0665531996818991,3.53402753558482,2.84944907264051,0.0926043036030691,0.17971256494728,0.17971256494728,"gpath_trio"
"12871","CBX5","Exc L3-4 RORB CUX2",-0.0466035499904642,5.64474781218223,7.71192541470481,0.00588493325905737,0.019060608203802,0.019060608203802,"gpath_trio"
"12872","AC078778.1","Exc L3-4 RORB CUX2",-0.39104395008153,1.09471370917084,37.3879878362503,3.53147844310299e-09,6.95098317947346e-08,6.95098317947346e-08,"gpath_trio"
"12873","HNRNPA1","Exc L3-4 RORB CUX2",-0.174496894185294,4.57265544331234,31.8969712394902,4.2545562401954e-08,6.29755481628336e-07,6.29755481628336e-07,"gpath_trio"
"12874","COPZ1","Exc L3-4 RORB CUX2",-0.0504423796705697,4.54923135213128,6.75488561583597,0.00988309661624399,0.029309345029064,0.029309345029064,"gpath_trio"
"12875","AC079313.2","Exc L3-4 RORB CUX2",-0.129392738882924,0.511291927595149,2.46715665369255,0.117464150280276,0.216497050163519,0.216497050163519,"gpath_trio"
"12876","ZNF385A","Exc L3-4 RORB CUX2",0.083862291487611,3.14785407821321,6.05988135194898,0.0144783935467463,0.0402565586832423,0.0402565586832423,"gpath_trio"
"12877","ITGA5","Exc L3-4 RORB CUX2",-0.15861212646448,0.589407018011057,3.70881749628057,0.0552161027459356,0.119258965516593,0.119258965516593,"gpath_trio"
"12878","NCKAP1L","Exc L3-4 RORB CUX2",-0.176795390153373,-0.257012845366725,2.40975334797373,0.121797695282812,0.222861282634748,0.222861282634748,"gpath_trio"
"12879","PDE1B","Exc L3-4 RORB CUX2",-0.0157250646721164,5.50113213636964,0.634572385393147,0.437823546655412,0.584917943336787,0.584917943336787,"gpath_trio"
"12880","PPP1R1A","Exc L3-4 RORB CUX2",-0.0895564425451555,1.89349704557702,2.77369117982302,0.0970293420216738,0.186310742865449,0.186310742865449,"gpath_trio"
"12881","MUCL1","Exc L3-4 RORB CUX2",-0.186519068382788,0.233525834659366,3.93288685948119,0.0484026856714449,0.107333939703385,0.107333939703385,"gpath_trio"
"12882","TESPA1","Exc L3-4 RORB CUX2",-0.0792844635935159,8.0316738281884,8.47192365459659,0.00391924828069127,0.0134956193997178,0.0134956193997178,"gpath_trio"
"12883","AC122685.1","Exc L3-4 RORB CUX2",-0.085423203356221,0.562084773970203,1.43723566105471,0.267947266263415,0.406851516283917,0.406851516283917,"gpath_trio"
"12884","METTL7B","Exc L3-4 RORB CUX2",-0.0805487361806546,-0.897053824519523,0.258046049954326,0.611896404606312,0.739177891319821,0.739177891319821,"gpath_trio"
"12885","ITGA7","Exc L3-4 RORB CUX2",0.0496084362129873,3.24700442238974,0.951601770154379,0.330218619924077,0.476617588851642,0.476617588851642,"gpath_trio"
"12886","CD63","Exc L3-4 RORB CUX2",-0.213973173211135,4.1021652912278,41.8819221228273,4.79612186668896e-10,1.13436997257268e-08,1.13436997257268e-08,"gpath_trio"
"12887","AC009779.2","Exc L3-4 RORB CUX2",-0.0895141540699398,0.955490876235269,1.73870511821961,0.188463264088989,0.31102541255132,0.31102541255132,"gpath_trio"
"12888","GDF11","Exc L3-4 RORB CUX2",0.0112275418593041,2.70999946430595,0.0727765189302298,0.787550235461017,0.875585349623872,0.875585349623872,"gpath_trio"
"12889","SARNP","Exc L3-4 RORB CUX2",-0.124750221178442,0.472159221298011,2.91228449134995,0.0891012468908693,0.174492104059725,0.174492104059725,"gpath_trio"
"12890","AC023055.1","Exc L3-4 RORB CUX2",0.235123364999611,-0.753504999874017,5.28273549733571,0.0258176269292765,0.0642812073674137,0.0642812073674137,"gpath_trio"
"12891","ORMDL2","Exc L3-4 RORB CUX2",-0.17441235546595,0.239916295350738,5.12614823849673,0.024392107550071,0.0613527951405912,0.0613527951405912,"gpath_trio"
"12892","PYM1","Exc L3-4 RORB CUX2",-0.0970026331699358,2.75818750858421,8.48993667454363,0.00388186512086772,0.0133874579168387,0.0133874579168387,"gpath_trio"
"12893","DGKA","Exc L3-4 RORB CUX2",0.0427954228995997,4.67271827467122,2.97123412571516,0.0859458759111422,0.169762879039289,0.169762879039289,"gpath_trio"
"12894","PMEL","Exc L3-4 RORB CUX2",-0.10894862540599,0.14826837750215,2.04068845030571,0.419361596487872,0.567636377668086,0.567636377668086,"gpath_trio"
"12895","RAB5B","Exc L3-4 RORB CUX2",-0.0168481591595802,5.48012068484911,0.691526640085164,0.406408648151735,0.55483113252546,0.55483113252546,"gpath_trio"
"12896","SUOX","Exc L3-4 RORB CUX2",-0.0446980125052146,2.60998402198166,1.47722716781752,0.225311314043707,0.355963646110555,0.355963646110555,"gpath_trio"
"12897","IKZF4","Exc L3-4 RORB CUX2",0.0534725407275324,4.42126766385034,8.09755693723221,0.00478556853460778,0.0159849081433298,0.0159849081433298,"gpath_trio"
"12898","AC034102.3","Exc L3-4 RORB CUX2",0.0711545304027642,-0.170251781610479,0.636268893376127,0.425792995870346,0.573992629405601,0.573992629405601,"gpath_trio"
"12899","RPS26","Exc L3-4 RORB CUX2",-0.315340638087371,2.61848613736629,37.624302260727,3.17672251681737e-09,6.32054997798722e-08,6.32054997798722e-08,"gpath_trio"
"12900","PA2G4","Exc L3-4 RORB CUX2",-0.0829596871252247,3.83334534713988,8.64782397130166,0.00356942332779117,0.012471963221023,0.012471963221023,"gpath_trio"
"12901","AC034102.4","Exc L3-4 RORB CUX2",-0.000160686355091736,-0.0597919008205138,4.53209037813135e-06,0.99830304067014,0.999130236836126,0.999130236836126,"gpath_trio"
"12902","RPL41","Exc L3-4 RORB CUX2",-0.353636083460124,5.13170218019794,62.1057579220006,8.94303929291765e-14,5.36981600400636e-12,5.36981600400636e-12,"gpath_trio"
"12903","ESYT1","Exc L3-4 RORB CUX2",-0.0979892218127602,4.32787625985669,10.9284744400402,0.00108034134430445,0.00452572396622556,0.00452572396622556,"gpath_trio"
"12904","AC034102.6","Exc L3-4 RORB CUX2",0.0932720539832188,1.92906653980106,4.3383331065506,0.0382407250791529,0.0889344816682317,0.0889344816682317,"gpath_trio"
"12905","AC034102.5","Exc L3-4 RORB CUX2",0.100982954151189,1.13427122421435,2.68061580083664,0.169721337359314,0.287018271686853,0.287018271686853,"gpath_trio"
"12906","MYL6B","Exc L3-4 RORB CUX2",-0.0593375160486515,4.74935831486895,9.28271618958853,0.00255137451523087,0.0094067947450261,0.0094067947450261,"gpath_trio"
"12907","MYL6","Exc L3-4 RORB CUX2",-0.169205815449981,4.19347976834839,26.4676169684836,5.28364231186363e-07,5.86022449927701e-06,5.86022449927701e-06,"gpath_trio"
"12908","SMARCC2","Exc L3-4 RORB CUX2",0.0750977597485913,5.98504470424214,13.8607065136082,0.000241370322964279,0.00125830652863161,0.00125830652863161,"gpath_trio"
"12909","RNF41","Exc L3-4 RORB CUX2",-0.0313444375384115,4.8363137943403,2.95910264193451,0.0865851488684382,0.17070804049846,0.17070804049846,"gpath_trio"
"12910","NABP2","Exc L3-4 RORB CUX2",-0.133786824581507,3.6316581513592,28.924394704682,1.67714127691713e-07,2.13885922176824e-06,2.13885922176824e-06,"gpath_trio"
"12911","ANKRD52","Exc L3-4 RORB CUX2",-0.0339547434325839,4.7378582752684,2.20760411982066,0.138543289320649,0.245983530937613,0.245983530937613,"gpath_trio"
"12912","COQ10A","Exc L3-4 RORB CUX2",-0.104243844334584,1.93893576873627,5.61747707638116,0.0185124340681441,0.0491238139319753,0.0491238139319753,"gpath_trio"
"12913","CS","Exc L3-4 RORB CUX2",-0.052575479335975,4.58667255496033,5.88495415339972,0.0159517621181011,0.0435369923808789,0.0435369923808789,"gpath_trio"
"12914","AC073896.1","Exc L3-4 RORB CUX2",0.0317188828184337,4.02955264846208,1.21856898847533,0.270662242809441,0.410109706998158,0.410109706998158,"gpath_trio"
"12915","AC073896.2","Exc L3-4 RORB CUX2",-0.240087029872435,2.55203072391928,38.221944692064,2.43161505238566e-09,4.92054500319765e-08,4.92054500319765e-08,"gpath_trio"
"12916","PAN2","Exc L3-4 RORB CUX2",0.0387926443690297,3.98855611323802,1.76040914853406,0.185737550758941,0.307706937638499,0.307706937638499,"gpath_trio"
"12917","IL23A","Exc L3-4 RORB CUX2",0.0327097253407685,-0.477661874619635,0.110168389467995,0.740219908335531,0.841585610068714,0.841585610068714,"gpath_trio"
"12918","STAT2","Exc L3-4 RORB CUX2",0.0300584029648937,5.21341948396309,2.14008665834437,0.305354594908241,0.449312883981749,0.449312883981749,"gpath_trio"
"12919","TIMELESS","Exc L3-4 RORB CUX2",0.0904463701726056,0.774552303460406,1.87179706764556,0.340518559516111,0.487190110069417,0.487190110069417,"gpath_trio"
"12920","MIP","Exc L3-4 RORB CUX2",-0.111289302284058,-0.245747916754509,1.6453272328607,0.200738414601267,0.326604638272625,0.326604638272625,"gpath_trio"
"12921","SPRYD4","Exc L3-4 RORB CUX2",-0.161844504825709,2.16519298136626,11.7789483875734,0.000696754530229933,0.00311616551704476,0.00311616551704476,"gpath_trio"
"12922","GLS2","Exc L3-4 RORB CUX2",0.0159645392670602,6.01224475000023,0.824435368323592,0.364727344522475,0.512778688204943,0.512778688204943,"gpath_trio"
"12923","RBMS2","Exc L3-4 RORB CUX2",-0.0170773521842215,3.18314569126297,0.186287044139381,0.666382682046542,0.783741734860473,0.783741734860473,"gpath_trio"
"12924","BAZ2A","Exc L3-4 RORB CUX2",0.0733915913536154,5.68678328472205,19.053640226581,1.83556747172838e-05,0.000134078833244461,0.000134078833244461,"gpath_trio"
"12925","ATP5F1B","Exc L3-4 RORB CUX2",-0.172759494047798,6.19814883797055,52.4168734319986,5.06790472199887e-12,2.01337289051338e-10,2.01337289051338e-10,"gpath_trio"
"12926","PTGES3","Exc L3-4 RORB CUX2",0.0108890392728717,5.99504986362055,0.251129292103956,0.616705017725356,0.742980948393107,0.742980948393107,"gpath_trio"
"12927","NACA","Exc L3-4 RORB CUX2",-0.18892457653188,5.32275467974379,48.076308689764,3.23436169909994e-11,1.05587778769161e-09,1.05587778769161e-09,"gpath_trio"
"12928","PRIM1","Exc L3-4 RORB CUX2",0.0315538575396627,2.80034195579765,0.609786673470135,0.43557852827577,0.582977100170071,0.582977100170071,"gpath_trio"
"12929","HSD17B6","Exc L3-4 RORB CUX2",-0.00398943288592562,0.907346390054933,0.00432867272309567,0.947593467441565,0.974448147491389,0.974448147491389,"gpath_trio"
"12930","SDR9C7","Exc L3-4 RORB CUX2",0.0317044836907532,0.199668248540517,0.16481396241577,0.685096445559693,0.798717124659379,0.798717124659379,"gpath_trio"
"12931","RDH16","Exc L3-4 RORB CUX2",0.115688251224133,-0.987477553995878,1.12791936937932,0.289205020351606,0.431401943481971,0.431401943481971,"gpath_trio"
"12932","ZBTB39","Exc L3-4 RORB CUX2",0.0225358763178339,1.57938318360383,0.204573537639886,0.651431393724651,0.771306250722203,0.771306250722203,"gpath_trio"
"12933","NEMP1","Exc L3-4 RORB CUX2",0.0770020575872727,3.41039139250377,4.55826666332683,0.0336952204450701,0.0800802300010943,0.0800802300010943,"gpath_trio"
"12934","NAB2","Exc L3-4 RORB CUX2",-0.0989224539604314,4.14297412679966,12.6545909892537,0.000445107351508528,0.00212243933270729,0.00212243933270729,"gpath_trio"
"12935","STAT6","Exc L3-4 RORB CUX2",-0.0451291348334601,4.38651314330817,1.59684909459905,0.207482131517777,0.335010164335426,0.335010164335426,"gpath_trio"
"12936","LRP1","Exc L3-4 RORB CUX2",0.0217767953269107,6.29420581995441,1.96067432607489,0.162633369845294,0.277520784625628,0.277520784625628,"gpath_trio"
"12937","SHMT2","Exc L3-4 RORB CUX2",0.000778832850313137,2.44361889759488,0.000376993919676334,0.984523873775772,0.992134637067724,0.992134637067724,"gpath_trio"
"12938","NDUFA4L2","Exc L3-4 RORB CUX2",0.00233935701268842,2.18836708371498,0.00207198142448387,0.963728553085243,0.98131894244939,0.98131894244939,"gpath_trio"
"12939","STAC3","Exc L3-4 RORB CUX2",-0.087739486236237,2.38387315910573,3.16900045659697,0.0762161126529512,0.154554233870066,0.154554233870066,"gpath_trio"
"12940","AC137834.1","Exc L3-4 RORB CUX2",-0.0451606020763025,0.760936034704615,0.563198283671584,0.648649485971686,0.769115684953204,0.769115684953204,"gpath_trio"
"12941","R3HDM2","Exc L3-4 RORB CUX2",0.0915698256390159,7.95833664440439,25.7843987905125,7.28684480003134e-07,7.79809984604267e-06,7.79809984604267e-06,"gpath_trio"
"12942","ARHGAP9","Exc L3-4 RORB CUX2",-0.21620087903173,2.2916541566551,19.2105643620866,1.70028160076212e-05,0.000125514750440453,0.000125514750440453,"gpath_trio"
"12943","MARS","Exc L3-4 RORB CUX2",0.0366277558394948,5.87024096112875,3.08368006432212,0.0802587825967748,0.160876397306501,0.160876397306501,"gpath_trio"
"12944","DDIT3","Exc L3-4 RORB CUX2",-0.183447102604587,2.94633266389926,17.8472411554928,3.31445416549397e-05,0.000224694599424868,0.000224694599424868,"gpath_trio"
"12945","MBD6","Exc L3-4 RORB CUX2",0.00869398637330832,3.05348881067454,0.0647460966898276,0.816632466339234,0.89419592989927,0.89419592989927,"gpath_trio"
"12946","DCTN2","Exc L3-4 RORB CUX2",-0.101111450088035,5.22406714471215,21.4244930247928,5.81486807876593e-06,4.90857587820513e-05,4.90857587820513e-05,"gpath_trio"
"12947","KIF5A","Exc L3-4 RORB CUX2",-0.0273001788195878,6.91993713161108,2.12289910693316,0.1463182489364,0.256369442537838,0.256369442537838,"gpath_trio"
"12948","PIP4K2C","Exc L3-4 RORB CUX2",-0.0431529017076475,5.65978978371499,3.79717529969985,0.052414734653546,0.114456897027307,0.114456897027307,"gpath_trio"
"12949","DTX3","Exc L3-4 RORB CUX2",-0.0296658569580903,5.51090291855068,2.33162768002266,0.127984794954405,0.23157786889732,0.23157786889732,"gpath_trio"
"12950","ARHGEF25","Exc L3-4 RORB CUX2",-0.0211362993144304,5.45930799891068,0.589000591774258,0.443502209457602,0.590085432266914,0.590085432266914,"gpath_trio"
"12951","SLC26A10","Exc L3-4 RORB CUX2",-0.0633717708986802,2.74623750614754,1.39016037262102,0.239455813776499,0.373032878815449,0.373032878815449,"gpath_trio"
"12952","B4GALNT1","Exc L3-4 RORB CUX2",-0.0650083620865431,5.48666558170453,10.9549262348214,0.0010656476476947,0.0044771847755603,0.0044771847755603,"gpath_trio"
"12953","OS9","Exc L3-4 RORB CUX2",-0.0724788227739954,4.79862246866057,14.175294052912,0.000205952936704755,0.00109373532456395,0.00109373532456395,"gpath_trio"
"12954","AC025165.2","Exc L3-4 RORB CUX2",-0.307868028450167,1.79509561485686,28.9976269866159,1.62106197210623e-07,2.07386970749798e-06,2.07386970749798e-06,"gpath_trio"
"12955","AGAP2","Exc L3-4 RORB CUX2",-0.0412407258632631,5.38912726919864,3.77513945464589,0.0530989019142828,0.115575611837378,0.115575611837378,"gpath_trio"
"12956","TSPAN31","Exc L3-4 RORB CUX2",-0.0317159571970922,3.67678481794599,1.07144932587527,0.301580065863035,0.44518751948392,0.44518751948392,"gpath_trio"
"12957","CDK4","Exc L3-4 RORB CUX2",-0.01034377322328,2.79333122105158,0.113317581788909,0.749943519920909,0.84881405410403,0.84881405410403,"gpath_trio"
"12958","MARCH9","Exc L3-4 RORB CUX2",-0.0460573195856627,3.59328442704641,2.12780410422753,0.145854791174695,0.255857787318449,0.255857787318449,"gpath_trio"
"12959","TSFM","Exc L3-4 RORB CUX2",-0.101037326872451,3.60959434677524,12.2984698073505,0.000533873181394576,0.00248005789422877,0.00248005789422877,"gpath_trio"
"12960","AVIL","Exc L3-4 RORB CUX2",0.233787675762586,4.2720673585634,14.7661666011808,0.000153023597082012,0.000842130679522527,0.000842130679522527,"gpath_trio"
"12961","AC025165.4","Exc L3-4 RORB CUX2",-0.199706663130343,0.219784926089041,7.12985042668887,0.00805879307012869,0.0247015598034456,0.0247015598034456,"gpath_trio"
"12962","CTDSP2","Exc L3-4 RORB CUX2",0.0825928474845329,4.82331244398802,13.5566467972454,0.000281481389741244,0.00143587535727676,0.00143587535727676,"gpath_trio"
"12963","AC083805.1","Exc L3-4 RORB CUX2",0.0938029412110305,-0.686068990134637,0.735086966420862,0.392028829996898,0.540048194184095,0.540048194184095,"gpath_trio"
"12964","AC084033.3","Exc L3-4 RORB CUX2",-0.0801586630842107,3.37866121201232,6.51561274206693,0.0112653291517136,0.0326408179858999,0.0326408179858999,"gpath_trio"
"12965","ATP23","Exc L3-4 RORB CUX2",-0.0318389598719062,3.12787557252545,1.16278077439359,0.982184460987065,0.990976770374777,0.990976770374777,"gpath_trio"
"12966","AC020637.1","Exc L3-4 RORB CUX2",0.13029473981109,2.307070561836,2.31465612871123,0.129374825055712,0.233527520398943,0.233527520398943,"gpath_trio"
"12967","LINC02388","Exc L3-4 RORB CUX2",-0.124800660699622,1.97846803088984,0.824846487483369,0.364607985565174,0.512682332644088,0.512682332644088,"gpath_trio"
"12968","LRIG3","Exc L3-4 RORB CUX2",0.218069939013409,2.19455561563467,8.27048961145154,0.00436330732902403,0.0147775001465065,0.0147775001465065,"gpath_trio"
"12969","AC068305.2","Exc L3-4 RORB CUX2",0.206601403851288,-0.305774295501897,2.96538502120196,0.0862534529088852,0.170253733728281,0.170253733728281,"gpath_trio"
"12970","SLC16A7","Exc L3-4 RORB CUX2",0.100193098183392,7.04704915867708,37.589263308379,3.22696099692759e-09,6.41418109487824e-08,6.41418109487824e-08,"gpath_trio"
"12971","FAM19A2","Exc L3-4 RORB CUX2",0.157080968380235,9.70407242721014,31.4707200773033,5.1737330983933e-08,7.45604801806809e-07,7.45604801806809e-07,"gpath_trio"
"12972","USP15","Exc L3-4 RORB CUX2",0.0378522615207804,6.92617684490126,7.36863340916252,0.00708132566938582,0.0221875672278085,0.0221875672278085,"gpath_trio"
"12973","MON2","Exc L3-4 RORB CUX2",0.063294586690678,7.79582496805934,28.1682698714754,2.38427072490158e-07,2.90826250755075e-06,2.90826250755075e-06,"gpath_trio"
"12974","AC048341.1","Exc L3-4 RORB CUX2",0.0575082868328456,3.4600482714706,2.15663644703779,0.143163895025303,0.252035914671508,0.252035914671508,"gpath_trio"
"12975","PPM1H","Exc L3-4 RORB CUX2",0.0528123013323496,7.58020322907816,13.3860285358015,0.000306890114567298,0.00154401697291652,0.00154401697291652,"gpath_trio"
"12976","AC026116.1","Exc L3-4 RORB CUX2",0.215501683031145,-1.41016254541381,0.998102664872854,0.318698898651907,0.463994468589499,0.463994468589499,"gpath_trio"
"12977","DPY19L2","Exc L3-4 RORB CUX2",0.0915216796402887,7.15696307092256,15.2775684615865,0.000118451315004422,0.000675453725329059,0.000675453725329059,"gpath_trio"
"12978","AC084357.2","Exc L3-4 RORB CUX2",-0.0809917114949821,1.52375712932984,1.52689600798888,0.217694161435775,0.347246972404077,0.347246972404077,"gpath_trio"
"12979","RXYLT1","Exc L3-4 RORB CUX2",-0.008451755739995,3.27537742176929,0.0666212658299038,0.796525461678644,0.881121898748034,0.881121898748034,"gpath_trio"
"12980","RXYLT1-AS1","Exc L3-4 RORB CUX2",-0.0491963569278302,-1.22797636784698,0.109886046806852,0.842108420087615,0.91106485281358,0.91106485281358,"gpath_trio"
"12981","SRGAP1","Exc L3-4 RORB CUX2",0.198844790061999,3.56259207086284,21.9102624748447,4.60304611698095e-06,3.99253892562728e-05,3.99253892562728e-05,"gpath_trio"
"12982","AC020611.2","Exc L3-4 RORB CUX2",-0.274180590608708,1.2654425187421,16.1597219800149,7.63148334180071e-05,0.000461664696914031,0.000461664696914031,"gpath_trio"
"12983","AC025576.2","Exc L3-4 RORB CUX2",0.209400433287955,-0.47741345801646,3.80279338630426,0.0825852104726797,0.164509934961129,0.164509934961129,"gpath_trio"
"12984","C12orf66","Exc L3-4 RORB CUX2",0.0381458384364564,2.70328455682149,1.20981851133491,0.272385400623725,0.411984180727984,0.411984180727984,"gpath_trio"
"12985","C12orf56","Exc L3-4 RORB CUX2",-0.00736213865063508,1.22382835348751,0.0172621146448219,0.973391860696151,0.985813037721456,0.985813037721456,"gpath_trio"
"12986","XPOT","Exc L3-4 RORB CUX2",-0.0203165215715304,4.88919310149238,0.780052901171731,0.377940835149318,0.526153936317942,0.526153936317942,"gpath_trio"
"12987","TBK1","Exc L3-4 RORB CUX2",-0.0194110413433744,5.92641661613319,1.50933066981864,0.220352083894612,0.350378569717354,0.350378569717354,"gpath_trio"
"12988","RASSF3","Exc L3-4 RORB CUX2",0.0215197344023411,3.92101504096173,0.274619892918605,0.600695831422402,0.729806500950098,0.729806500950098,"gpath_trio"
"12989","AC078962.2","Exc L3-4 RORB CUX2",0.129760937664225,-1.12558964659251,0.911374747433959,0.340636633209156,0.487262058635474,0.487262058635474,"gpath_trio"
"12990","AC078962.4","Exc L3-4 RORB CUX2",-0.147502143858752,-0.905339203999641,1.37908661085372,0.241331245687772,0.375278085536519,0.375278085536519,"gpath_trio"
"12991","GNS","Exc L3-4 RORB CUX2",-0.00477029420711231,5.28160164267965,0.0682878761110608,0.794053011662101,0.880109105026142,0.880109105026142,"gpath_trio"
"12992","AC025262.1","Exc L3-4 RORB CUX2",0.11106834368932,3.26116091961949,7.45623006366164,0.00675408476471559,0.0213456587108659,0.0213456587108659,"gpath_trio"
"12993","TBC1D30","Exc L3-4 RORB CUX2",0.0121298972231033,5.46036657651583,0.310477306786285,0.577866782268989,0.710954209751396,0.710954209751396,"gpath_trio"
"12994","LINC02389","Exc L3-4 RORB CUX2",0.139936761730113,6.74549872025016,13.8489403288844,0.000242808913220564,0.00126515233063659,0.00126515233063659,"gpath_trio"
"12995","LINC02231","Exc L3-4 RORB CUX2",-0.242087044164564,2.65910500363096,15.2164650148662,0.00012212584098474,0.000693077030061077,0.000693077030061077,"gpath_trio"
"12996","LEMD3","Exc L3-4 RORB CUX2",0.0480486970945785,5.49908587302447,9.28884095987159,0.00254315505153231,0.00938506551393167,0.00938506551393167,"gpath_trio"
"12997","MSRB3","Exc L3-4 RORB CUX2",0.151924093880228,5.49018764654593,27.9320800846609,2.66188020539985e-07,3.21000795839462e-06,3.21000795839462e-06,"gpath_trio"
"12998","AC025419.1","Exc L3-4 RORB CUX2",-0.281847382514632,0.146031048484897,9.31197899500431,0.00251234718530793,0.00928496143315397,0.00928496143315397,"gpath_trio"
"12999","AC090023.2","Exc L3-4 RORB CUX2",-0.312464964293314,-1.51387663609626,2.90890272335907,0.0892860512918291,0.174735288079605,0.174735288079605,"gpath_trio"
"13000","HMGA2","Exc L3-4 RORB CUX2",-0.0743231062272368,0.275618186504833,1.05409658117013,0.305519686002451,0.44945746427734,0.44945746427734,"gpath_trio"
"13001","AC090673.1","Exc L3-4 RORB CUX2",0.0401316851313452,-0.0763605162906111,0.145832407368714,0.702862223115648,0.813273993539699,0.813273993539699,"gpath_trio"
"13002","LLPH","Exc L3-4 RORB CUX2",-0.126133132067107,2.7287415296168,12.6136681652688,0.000454493670913514,0.00216055839082944,0.00216055839082944,"gpath_trio"
"13003","LLPH-DT","Exc L3-4 RORB CUX2",0.142888499246451,0.338794574554552,3.13185107683684,0.077948564834866,0.157276957250067,0.157276957250067,"gpath_trio"
"13004","HELB","Exc L3-4 RORB CUX2",0.00737391045386246,2.69370009539823,0.0110789766600673,0.916253260903144,0.957743616326663,0.957743616326663,"gpath_trio"
"13005","GRIP1","Exc L3-4 RORB CUX2",0.301585190742354,6.9976644971969,44.6001400732637,1.45766157447187e-10,3.93685706358368e-09,3.93685706358368e-09,"gpath_trio"
"13006","CAND1","Exc L3-4 RORB CUX2",-0.0687482896173465,6.01921007269959,22.1967778675371,4.01147207105204e-06,3.53721368153299e-05,3.53721368153299e-05,"gpath_trio"
"13007","LINC02408","Exc L3-4 RORB CUX2",-0.0591983576452281,-1.27034217256888,0.18006447778914,0.795106827845017,0.880386571798815,0.880386571798815,"gpath_trio"
"13008","DYRK2","Exc L3-4 RORB CUX2",0.0418871807650271,3.14889686055754,1.24641044704247,0.265269836108215,0.403819432844129,0.403819432844129,"gpath_trio"
"13009","AC078777.1","Exc L3-4 RORB CUX2",-0.0194498887790813,-0.946264817824244,0.0168610558229839,0.896785400186602,0.946664161195307,0.946664161195307,"gpath_trio"
"13010","LINC01479","Exc L3-4 RORB CUX2",-0.0371915005975598,-0.953344306473864,0.0889744983242078,0.765723171609669,0.860345377959027,0.860345377959027,"gpath_trio"
"13011","MDM1","Exc L3-4 RORB CUX2",0.0434578039543267,3.97578931772627,2.62653280785622,0.106303076800331,0.200371818803333,0.200371818803333,"gpath_trio"
"13012","LINC02384","Exc L3-4 RORB CUX2",-0.146115208274319,0.149333991198815,3.39187803967384,0.0666571828094455,0.138783143775084,0.138783143775084,"gpath_trio"
"13013","RAP1B","Exc L3-4 RORB CUX2",0.0220627563615342,5.27607436014124,1.48752777695357,0.223705618413885,0.353897973143584,0.353897973143584,"gpath_trio"
"13014","NUP107","Exc L3-4 RORB CUX2",-0.0214099429243656,5.09710896301643,0.9296921378644,0.335838848110957,0.482348455943514,0.482348455943514,"gpath_trio"
"13015","SLC35E3","Exc L3-4 RORB CUX2",0.0933680948859251,6.0086617600422,23.2630394874161,2.40853917503198e-06,2.25172742614783e-05,2.25172742614783e-05,"gpath_trio"
"13016","MDM2","Exc L3-4 RORB CUX2",0.00740936273313988,5.23382743530556,0.210882418268854,0.646460336344772,0.767286579936215,0.767286579936215,"gpath_trio"
"13017","AC127894.1","Exc L3-4 RORB CUX2",-0.372043044207097,-1.55474908540535,5.91803318227903,0.0158955486429949,0.0434248739163739,0.0434248739163739,"gpath_trio"
"13018","CPSF6","Exc L3-4 RORB CUX2",0.0158844276088615,6.29710626581736,0.931485955718453,0.537472809510901,0.67628252038683,0.67628252038683,"gpath_trio"
"13019","YEATS4","Exc L3-4 RORB CUX2",-0.10648984376084,2.97765666901331,9.60778874012216,0.00215046324097648,0.00811905275245386,0.00811905275245386,"gpath_trio"
"13020","LINC02373","Exc L3-4 RORB CUX2",0.117806903386722,0.336093298310681,2.54141249190344,0.112110376461755,0.208958296368237,0.208958296368237,"gpath_trio"
"13021","FRS2","Exc L3-4 RORB CUX2",0.0729799416336992,6.13273045207003,23.5058793676177,2.14518235973599e-06,2.0337901366388e-05,2.0337901366388e-05,"gpath_trio"
"13022","CCT2","Exc L3-4 RORB CUX2",-0.103186261600182,4.87578903804631,26.6086621300735,4.94502816269883e-07,5.52108152642218e-06,5.52108152642218e-06,"gpath_trio"
"13023","AC025263.1","Exc L3-4 RORB CUX2",0.0400549983970568,-0.743046073111761,0.0687886275987957,0.79331644710311,0.87964601925283,0.87964601925283,"gpath_trio"
"13024","RAB3IP","Exc L3-4 RORB CUX2",0.243417079822535,2.64351915799979,18.9119716072091,1.9670411679777e-05,0.000142291343004482,0.000142291343004482,"gpath_trio"
"13025","MYRFL","Exc L3-4 RORB CUX2",0.109005794469193,2.16540270610915,1.80457393633276,0.180331800653361,0.300876122906183,0.300876122906183,"gpath_trio"
"13026","AC025159.1","Exc L3-4 RORB CUX2",0.0529827156780507,7.29012344473489,0.592473012106078,0.442163136289494,0.588926426730698,0.588926426730698,"gpath_trio"
"13027","CNOT2","Exc L3-4 RORB CUX2",0.0478348330699217,6.50958438765816,11.5343070607422,0.000790167940045904,0.00346482029785397,0.00346482029785397,"gpath_trio"
"13028","KCNMB4","Exc L3-4 RORB CUX2",0.0305909064429561,6.92557626258527,1.72502898517331,0.19020481588361,0.313281260547949,0.313281260547949,"gpath_trio"
"13029","AC025569.1","Exc L3-4 RORB CUX2",0.122066148546009,2.90270627113406,3.80310365561946,0.0522322783463088,0.114132591317749,0.114132591317749,"gpath_trio"
"13030","PTPRB","Exc L3-4 RORB CUX2",0.0364768037947145,5.451515828492,1.57525694962861,0.2105721087727,0.338654456455106,0.338654456455106,"gpath_trio"
"13031","AC083809.1","Exc L3-4 RORB CUX2",-0.0301159743117,-1.08367738190718,0.0489643709623268,0.825048922783699,0.899724602020384,0.899724602020384,"gpath_trio"
"13032","PTPRR","Exc L3-4 RORB CUX2",0.0982198844585029,7.18624673589214,17.6268030465793,3.69409367917218e-05,0.000247131033678355,0.000247131033678355,"gpath_trio"
"13033","TSPAN8","Exc L3-4 RORB CUX2",-0.095267900982813,-0.192630405530772,1.1263543391307,0.299793807758189,0.443069377446448,0.443069377446448,"gpath_trio"
"13034","ZFC3H1","Exc L3-4 RORB CUX2",0.0678522764082527,6.14234063750632,15.9355158066196,8.53155280715233e-05,0.000508190368716558,0.000508190368716558,"gpath_trio"
"13035","THAP2","Exc L3-4 RORB CUX2",0.0197271323081521,3.16511916933871,0.430713949123764,0.584213826356393,0.716538261661715,0.716538261661715,"gpath_trio"
"13036","AC073612.1","Exc L3-4 RORB CUX2",0.0142934792864787,0.0567114142424181,0.0221954276306286,0.881683874839362,0.937195583502852,0.937195583502852,"gpath_trio"
"13037","TMEM19","Exc L3-4 RORB CUX2",-0.120374292752271,2.74789629284965,10.9068278442792,0.00109251926021325,0.00457040967863826,0.00457040967863826,"gpath_trio"
"13038","RAB21","Exc L3-4 RORB CUX2",0.0409818919986945,5.52951586236544,6.12420018090527,0.013972760268399,0.0390985351477045,0.0390985351477045,"gpath_trio"
"13039","TBC1D15","Exc L3-4 RORB CUX2",0.0273642257050272,6.22253411889897,3.87021665401792,0.0502132463942443,0.110643539318903,0.110643539318903,"gpath_trio"
"13040","TPH2","Exc L3-4 RORB CUX2",0.0519455574977851,2.1822784125951,0.833633957795151,0.362069663297099,0.509929680357806,0.509929680357806,"gpath_trio"
"13041","TRHDE","Exc L3-4 RORB CUX2",0.172983859552571,8.63794627228872,27.3147249552257,3.55188703175293e-07,4.1421572754691e-06,4.1421572754691e-06,"gpath_trio"
"13042","LINC02444","Exc L3-4 RORB CUX2",0.205016731611632,2.47145810981487,4.62529619104875,0.0324257936239792,0.0776210709971264,0.0776210709971264,"gpath_trio"
"13043","LINC02394","Exc L3-4 RORB CUX2",-0.259987296051709,-1.2461105422489,2.58768932228339,0.108910862569812,0.204245831227548,0.204245831227548,"gpath_trio"
"13044","AC090502.1","Exc L3-4 RORB CUX2",0.252185998095857,-0.464679664792701,0.657629496708011,0.418142608754351,0.566480468145247,0.566480468145247,"gpath_trio"
"13045","ATXN7L3B","Exc L3-4 RORB CUX2",-0.155641934236157,5.41843960567853,33.0778065932637,2.47927115819254e-08,3.8804728949988e-07,3.8804728949988e-07,"gpath_trio"
"13046","AC073525.1","Exc L3-4 RORB CUX2",-0.287521151330483,0.0133902208781913,8.70395345206395,0.00346465727474689,0.0121648904486631,0.0121648904486631,"gpath_trio"
"13047","KCNC2","Exc L3-4 RORB CUX2",0.162493043771656,8.21676896183991,41.9936756935771,4.56583367273829e-10,1.0849905105712e-08,1.0849905105712e-08,"gpath_trio"
"13048","AC091534.1","Exc L3-4 RORB CUX2",-0.226938562562069,-0.313427925883978,4.49429611638267,0.0349555107907197,0.082624016468181,0.082624016468181,"gpath_trio"
"13049","CAPS2","Exc L3-4 RORB CUX2",0.0110073943725303,7.05752076940795,0.141886817074959,0.706719635783147,0.815865681616216,0.815865681616216,"gpath_trio"
"13050","GLIPR1L1","Exc L3-4 RORB CUX2",-0.280106408618302,1.56953659051099,16.8464358476268,5.42936797127619e-05,0.00034598072906032,0.00034598072906032,"gpath_trio"
"13051","GLIPR1L2","Exc L3-4 RORB CUX2",0.159510117207241,2.76014785580555,4.29137909518429,0.0392923343980266,0.0909711781593053,0.0909711781593053,"gpath_trio"
"13052","GLIPR1","Exc L3-4 RORB CUX2",0.0382528719569233,3.30799197632536,0.620029054200098,0.431753687800405,0.579126565228887,0.579126565228887,"gpath_trio"
"13053","AC121761.1","Exc L3-4 RORB CUX2",-0.0184766677591648,-0.556402852837645,0.0203539505560626,0.886663459156393,0.940577254219397,0.940577254219397,"gpath_trio"
"13054","KRR1","Exc L3-4 RORB CUX2",-0.0346823155149916,5.34546482471889,3.40349074212447,0.0661958679664239,0.138093437723359,0.138093437723359,"gpath_trio"
"13055","AC078923.1","Exc L3-4 RORB CUX2",-0.0492065541595489,3.43514906062984,0.561152904116424,0.454473258046049,0.600419274778263,0.600419274778263,"gpath_trio"
"13056","PHLDA1","Exc L3-4 RORB CUX2",-0.0730928599777744,3.0963004346042,3.8458338525477,0.0509370067608193,0.111896267597731,0.111896267597731,"gpath_trio"
"13057","AC011611.4","Exc L3-4 RORB CUX2",-0.137339469788133,-0.724427645600408,1.45260656555194,0.22920593412325,0.360704346406909,0.360704346406909,"gpath_trio"
"13058","NAP1L1","Exc L3-4 RORB CUX2",-0.0590629128985234,7.70783884071148,12.2305634885393,0.000552743957250695,0.00255360873311948,0.00255360873311948,"gpath_trio"
"13059","LINC02407","Exc L3-4 RORB CUX2",-0.138160911281189,-0.0707667704779216,2.16338989897689,0.207032384283252,0.334481188634179,0.334481188634179,"gpath_trio"
"13060","BBS10","Exc L3-4 RORB CUX2",0.0313875262482468,2.61902155511366,0.535978676156987,0.464763474813173,0.610336724881584,0.610336724881584,"gpath_trio"
"13061","OSBPL8","Exc L3-4 RORB CUX2",0.0685578311552547,7.81018436960803,14.6913522922019,0.000158877593597045,0.000870311010268908,0.000870311010268908,"gpath_trio"
"13062","AC107032.2","Exc L3-4 RORB CUX2",-0.0361108811304751,1.69685988698892,0.349251891339015,0.555050298420062,0.691798342535662,0.691798342535662,"gpath_trio"
"13063","ZDHHC17","Exc L3-4 RORB CUX2",-0.000325754480263693,6.5817055197063,0.000725887508762885,0.978526422555544,0.988769436795457,0.988769436795457,"gpath_trio"
"13064","CSRP2","Exc L3-4 RORB CUX2",0.0543886415222752,2.57178595477815,0.984203293042423,0.322085620112781,0.467622149235417,0.467622149235417,"gpath_trio"
"13065","E2F7","Exc L3-4 RORB CUX2",0.0367866624435748,-0.259103015657288,0.0999219127317685,0.75217697024907,0.8506261420838,0.8506261420838,"gpath_trio"
"13066","NAV3","Exc L3-4 RORB CUX2",0.134541604159958,10.50698280453,86.705326808979,5.51783971225624e-18,9.68021010389302e-16,9.68021010389302e-16,"gpath_trio"
"13067","AC073571.1","Exc L3-4 RORB CUX2",-0.290801772471067,1.60612797248701,24.0894878686298,1.62500804265447e-06,1.60237230012483e-05,1.60237230012483e-05,"gpath_trio"
"13068","LINC02424","Exc L3-4 RORB CUX2",0.00777763319790781,1.95569904785282,0.00984818809715217,0.921025742384356,0.959699119543662,0.959699119543662,"gpath_trio"
"13069","AC128707.1","Exc L3-4 RORB CUX2",-0.00504893045992116,2.65518770392493,0.00817567768631345,0.928023513588936,0.964350985663497,0.964350985663497,"gpath_trio"
"13070","AC130415.1","Exc L3-4 RORB CUX2",0.124328630679672,-0.608982574494163,0.891406887008882,0.34597283701454,0.493071962439944,0.493071962439944,"gpath_trio"
"13071","AC079362.1","Exc L3-4 RORB CUX2",0.0780369682506434,0.17464432467223,0.747456569806886,0.388079607720298,0.536047246731276,0.536047246731276,"gpath_trio"
"13072","SYT1","Exc L3-4 RORB CUX2",0.0515504231154159,11.8608532635608,13.1493813392716,0.000346038661954339,0.00171158418244441,0.00171158418244441,"gpath_trio"
"13073","AC090709.1","Exc L3-4 RORB CUX2",-0.223042197708515,5.10544195747921,44.0478366554772,1.85490986104252e-10,4.88548387030456e-09,4.88548387030456e-09,"gpath_trio"
"13074","AC027288.3","Exc L3-4 RORB CUX2",-0.425674491598788,5.35431142511746,112.538887933329,4.4092231368704e-22,2.69563869049577e-19,2.69563869049577e-19,"gpath_trio"
"13075","PAWR","Exc L3-4 RORB CUX2",-0.268415657350912,-0.752882016742173,1.49242931733518,0.222946388288138,0.35314132019989,0.35314132019989,"gpath_trio"
"13076","AC073569.2","Exc L3-4 RORB CUX2",-0.149905073765905,1.02288019065941,4.38698764393158,0.0371822901742357,0.0869641437821941,0.0869641437821941,"gpath_trio"
"13077","PPP1R12A","Exc L3-4 RORB CUX2",0.00337176447608399,8.32227391388672,0.061145357942191,0.804889872785354,0.887115716112784,0.887115716112784,"gpath_trio"
"13078","OTOGL","Exc L3-4 RORB CUX2",-0.0234727377137694,6.1396808273285,0.259195503283474,0.611105169251809,0.738664357417486,0.738664357417486,"gpath_trio"
"13079","PTPRQ","Exc L3-4 RORB CUX2",0.0269689037893877,4.78228263703352,0.565721110959671,0.452644608775621,0.59874803186783,0.59874803186783,"gpath_trio"
"13080","AC074031.1","Exc L3-4 RORB CUX2",-0.400842672150276,0.1093295192045,19.765889389365,1.29746910015655e-05,9.98719538178498e-05,9.98719538178498e-05,"gpath_trio"
"13081","LIN7A","Exc L3-4 RORB CUX2",0.0877002304125321,7.04437038365386,22.6013896300473,3.30437705280588e-06,2.9841453464798e-05,2.9841453464798e-05,"gpath_trio"
"13082","ACSS3","Exc L3-4 RORB CUX2",-0.00156385032234494,3.29087280310024,0.00163442362118764,0.967782929156687,0.983305398343986,0.983305398343986,"gpath_trio"
"13083","PPFIA2","Exc L3-4 RORB CUX2",0.108924047264912,9.67962285609695,52.4395903875974,5.01935895349682e-12,2.00129578827665e-10,2.00129578827665e-10,"gpath_trio"
"13084","PPFIA2-AS1","Exc L3-4 RORB CUX2",-0.350412716161813,2.65162781266758,50.19450329937,1.30437976576121e-11,4.76736626344788e-10,4.76736626344788e-10,"gpath_trio"
"13085","AC069228.1","Exc L3-4 RORB CUX2",-0.439787870666725,4.7670084769647,105.355020765681,5.66976674188853e-21,2.71170131440412e-18,2.71170131440412e-18,"gpath_trio"
"13086","LINC02426","Exc L3-4 RORB CUX2",-0.229010669634637,0.331002287357427,5.05996391101793,0.0253217684370841,0.0633044210927104,0.0633044210927104,"gpath_trio"
"13087","CCDC59","Exc L3-4 RORB CUX2",0.0297361899463862,5.60708421548942,0.653613970650763,0.419562649437073,0.567822545687851,0.567822545687851,"gpath_trio"
"13088","METTL25","Exc L3-4 RORB CUX2",0.0902049193588853,5.99601980125993,29.694157504268,1.17370565925084e-07,1.55072113132847e-06,1.55072113132847e-06,"gpath_trio"
"13089","AC089998.4","Exc L3-4 RORB CUX2",-0.632024330703527,-0.562484897362191,32.998076112951,2.57112231250908e-08,3.98251301416423e-07,3.98251301416423e-07,"gpath_trio"
"13090","AC089998.1","Exc L3-4 RORB CUX2",0.0325978270190432,-1.16805764409391,0.0548057769988903,0.971602344935191,0.985227046093058,0.985227046093058,"gpath_trio"
"13091","TMTC2","Exc L3-4 RORB CUX2",0.238550157049461,5.00130922095072,0.761619221745366,0.383627487770415,0.531797161314672,0.531797161314672,"gpath_trio"
"13092","SLC6A15","Exc L3-4 RORB CUX2",0.0652840732982717,5.80148825240952,10.632644668355,0.00125944520211331,0.00516239474860543,0.00516239474860543,"gpath_trio"
"13093","TSPAN19","Exc L3-4 RORB CUX2",-0.0621292314503925,1.13152310390899,0.972840855122592,0.500407318898334,0.64335297998671,0.64335297998671,"gpath_trio"
"13094","LRRIQ1","Exc L3-4 RORB CUX2",0.196636472241939,5.26788491847328,22.0498551938291,4.30454782377467e-06,3.76764652254464e-05,3.76764652254464e-05,"gpath_trio"
"13095","AC133794.1","Exc L3-4 RORB CUX2",0.0966262777380629,-0.826659016161352,0.549220444459601,0.459305184200468,0.605059228941851,0.605059228941851,"gpath_trio"
"13096","RASSF9","Exc L3-4 RORB CUX2",-0.0528356953485578,-0.852389624466121,0.0995415767581343,0.752633540696271,0.850808633582522,0.850808633582522,"gpath_trio"
"13097","MGAT4C","Exc L3-4 RORB CUX2",0.112370331794899,8.58275380327122,9.73792817935934,0.00200856545017438,0.00766896441280624,0.00766896441280624,"gpath_trio"
"13098","C12orf50","Exc L3-4 RORB CUX2",0.0677470091816998,-0.47972781934227,0.432508907857086,0.51134222007075,0.652964012848719,0.652964012848719,"gpath_trio"
"13099","C12orf29","Exc L3-4 RORB CUX2",0.00163008351216377,4.265229885593,0.00370844529898629,0.951488016668574,0.976263578105501,0.976263578105501,"gpath_trio"
"13100","CEP290","Exc L3-4 RORB CUX2",0.0742189177523413,6.91401484912557,15.5510559843712,0.000103329604345773,0.00060059774349639,0.00060059774349639,"gpath_trio"
"13101","TMTC3","Exc L3-4 RORB CUX2",0.067845542830577,5.7757872699303,14.1124695210789,0.000212577767974235,0.00112595339167241,0.00112595339167241,"gpath_trio"
"13102","KITLG","Exc L3-4 RORB CUX2",0.110557852097084,5.63818694715254,13.5827931424451,0.000277780856274333,0.00142059031060448,0.00142059031060448,"gpath_trio"
"13103","AC024941.2","Exc L3-4 RORB CUX2",-0.197644664494068,1.17193728980218,10.2777024019721,0.00216561149038592,0.00817116360922684,0.00817116360922684,"gpath_trio"
"13104","AC024941.1","Exc L3-4 RORB CUX2",-0.0881696595536103,-0.933334729085775,0.611586271951623,0.434902762306235,0.582304435195666,0.582304435195666,"gpath_trio"
"13105","LINC02458","Exc L3-4 RORB CUX2",-0.259248569206125,0.140744252934465,9.73662068838676,0.00200994246218114,0.00767131842120781,0.00767131842120781,"gpath_trio"
"13106","AC024909.1","Exc L3-4 RORB CUX2",0.00960987744802194,3.4456612542306,0.0338358558381243,0.854199779312911,0.919544215387656,0.919544215387656,"gpath_trio"
"13107","DUSP6","Exc L3-4 RORB CUX2",-0.359397108120326,3.56486693832715,25.9335560896947,6.79239181568916e-07,7.30861359368153e-06,7.30861359368153e-06,"gpath_trio"
"13108","AC024909.2","Exc L3-4 RORB CUX2",-0.0757949177501524,0.0939990552926625,0.657389492039279,0.628212567074986,0.752439321476314,0.752439321476314,"gpath_trio"
"13109","AC010201.2","Exc L3-4 RORB CUX2",0.229373257618511,-0.417733285624344,5.49479686896292,0.0198264375661282,0.0519613377366376,0.0519613377366376,"gpath_trio"
"13110","AC010201.1","Exc L3-4 RORB CUX2",-0.0092572705168956,-0.507610128939692,0.00625552406473296,0.937020386077584,0.969603109545422,0.969603109545422,"gpath_trio"
"13111","POC1B","Exc L3-4 RORB CUX2",0.0156957602030963,5.3282635099755,0.54150033802061,0.462474923125276,0.608043765008306,0.608043765008306,"gpath_trio"
"13112","POC1B-AS1","Exc L3-4 RORB CUX2",0.0996670034179058,4.76342378050177,12.1399774827558,0.000578977977535523,0.00265655690170097,0.00265655690170097,"gpath_trio"
"13113","AC025034.1","Exc L3-4 RORB CUX2",0.168828808283663,3.87200060152319,27.1643803500139,3.81083627939333e-07,4.39586174595543e-06,4.39586174595543e-06,"gpath_trio"
"13114","ATP2B1","Exc L3-4 RORB CUX2",0.000311523064658981,9.38452997056602,0.000485960780197369,0.982429351796062,0.991025608624278,0.991025608624278,"gpath_trio"
"13115","ATP2B1-AS1","Exc L3-4 RORB CUX2",-0.0788831039300752,4.95211317661207,4.1388102073831,0.0429254330681925,0.0975578024277103,0.0975578024277103,"gpath_trio"
"13116","AC084200.1","Exc L3-4 RORB CUX2",-0.0470458799952763,2.72032114874326,0.788970435757523,0.375232587614837,0.523535093715721,0.523535093715721,"gpath_trio"
"13117","AC126178.1","Exc L3-4 RORB CUX2",-0.0694637465082399,1.55582396169389,1.36944344201244,0.242979036285256,0.377316968677267,0.377316968677267,"gpath_trio"
"13118","LINC02392","Exc L3-4 RORB CUX2",-0.124760519820863,0.366597113469163,2.33120743504762,0.128019011955934,0.231598239437855,0.231598239437855,"gpath_trio"
"13119","LINC00615","Exc L3-4 RORB CUX2",0.212412625419689,-0.56360147057185,2.30902510345251,0.129839755503768,0.234199111961423,0.234199111961423,"gpath_trio"
"13120","BTG1","Exc L3-4 RORB CUX2",-0.130913319670727,4.56980655073878,10.7184882277412,0.00120455911556007,0.00496973009333835,0.00496973009333835,"gpath_trio"
"13121","AC025164.1","Exc L3-4 RORB CUX2",0.11894525742063,0.78852782522304,3.02344953954623,0.0832523749869093,0.165593676955624,0.165593676955624,"gpath_trio"
"13122","EEA1","Exc L3-4 RORB CUX2",-0.0105768021614651,6.23010957900377,0.443151456930907,0.506195421465594,0.648494578871498,0.648494578871498,"gpath_trio"
"13123","AC138123.1","Exc L3-4 RORB CUX2",-0.0440400141017361,3.74495410853953,0.456090689242506,0.500056837296813,0.643114750576738,0.643114750576738,"gpath_trio"
"13124","AC138123.2","Exc L3-4 RORB CUX2",-0.296943943735847,-0.843303696669055,5.62078556549307,0.0184782783096516,0.0490525348548974,0.0490525348548974,"gpath_trio"
"13125","AC124947.1","Exc L3-4 RORB CUX2",-0.0150965091249868,2.52773333126984,0.0618787445094323,0.803747151320398,0.886534294346347,0.886534294346347,"gpath_trio"
"13126","NUDT4","Exc L3-4 RORB CUX2",0.0360152474810608,5.89581538087293,3.29878100172823,0.0704828734036243,0.145175290548047,0.145175290548047,"gpath_trio"
"13127","UBE2N","Exc L3-4 RORB CUX2",-0.100006548508056,5.66904121003854,35.7454812989928,7.39146023076248e-09,1.33264262873667e-07,1.33264262873667e-07,"gpath_trio"
"13128","MRPL42","Exc L3-4 RORB CUX2",-0.0194606164545592,4.73004296854743,0.884629164250173,0.347809901376802,0.494856471105571,0.494856471105571,"gpath_trio"
"13129","SOCS2","Exc L3-4 RORB CUX2",0.0449625934886575,2.18693881147586,0.544974933315822,0.461044021130756,0.606867101512353,0.606867101512353,"gpath_trio"
"13130","CRADD","Exc L3-4 RORB CUX2",0.117063512188479,5.92203264934085,19.2240897087357,1.68910434274626e-05,0.000125055706843691,0.000125055706843691,"gpath_trio"
"13131","AC012085.2","Exc L3-4 RORB CUX2",-0.379536571054863,0.842769586060098,17.2825511562963,4.37707787152755e-05,0.000287085650383838,0.000287085650383838,"gpath_trio"
"13132","AC012464.1","Exc L3-4 RORB CUX2",-0.257895510840229,0.226078234398281,9.54237684617845,0.00222561080956646,0.00836002570899337,0.00836002570899337,"gpath_trio"
"13133","PLXNC1","Exc L3-4 RORB CUX2",-0.0194313767004119,6.15145261904243,0.655275835802045,0.418972891729489,0.567262471689312,0.567262471689312,"gpath_trio"
"13134","AC123567.2","Exc L3-4 RORB CUX2",0.135321256004526,0.61999776930153,4.16012686742956,0.0681413436483749,0.141289990555597,0.141289990555597,"gpath_trio"
"13135","AC073655.1","Exc L3-4 RORB CUX2",0.0167759909271359,-0.462154480752082,0.0288410014814791,0.865278735376433,0.926821157289596,0.926821157289596,"gpath_trio"
"13136","AC073655.2","Exc L3-4 RORB CUX2",-0.0305770737443879,0.359617445588073,0.160082259848143,0.983708652788506,0.991968914380372,0.991968914380372,"gpath_trio"
"13137","CEP83","Exc L3-4 RORB CUX2",0.0773185373811123,5.90003481782673,12.3568118301148,0.00051818395158621,0.0024177523643043,0.0024177523643043,"gpath_trio"
"13138","CEP83-DT","Exc L3-4 RORB CUX2",-0.172786317638404,-0.845152072707035,2.16568461479913,0.142331052908172,0.251095574713394,0.251095574713394,"gpath_trio"
"13139","NDUFA12","Exc L3-4 RORB CUX2",-0.24141873795558,4.65959533305728,97.2998607996338,1.05772225448794e-19,2.92322554579373e-17,2.92322554579373e-17,"gpath_trio"
"13140","NR2C1","Exc L3-4 RORB CUX2",-0.0237887466943657,6.03292560182306,1.58959810481113,0.208513745560951,0.336137819951433,0.336137819951433,"gpath_trio"
"13141","FGD6","Exc L3-4 RORB CUX2",0.0684969112273084,4.9745235634453,5.550656529946,0.0192165017751396,0.050658947251201,0.050658947251201,"gpath_trio"
"13142","VEZT","Exc L3-4 RORB CUX2",-0.0150707844642507,7.36655992921992,1.26273425257194,0.262170601566933,0.400521875406094,0.400521875406094,"gpath_trio"
"13143","METAP2","Exc L3-4 RORB CUX2",-0.0460500858547112,5.70544527224647,6.56135352921903,0.0462471844365025,0.103647738947616,0.103647738947616,"gpath_trio"
"13144","USP44","Exc L3-4 RORB CUX2",-0.0537092721208941,1.47889508461364,0.42285633973061,0.516089372531348,0.657205269887013,0.657205269887013,"gpath_trio"
"13145","NTN4","Exc L3-4 RORB CUX2",0.13571644166091,4.79229988155739,6.83365077627383,0.00946739543259722,0.0282760477946186,0.0282760477946186,"gpath_trio"
"13146","AC090001.1","Exc L3-4 RORB CUX2",-0.0509682502819408,0.378223756248848,0.332237774809188,0.564842996834138,0.700326171406634,0.700326171406634,"gpath_trio"
"13147","LINC02410","Exc L3-4 RORB CUX2",-0.33957504573799,-0.95701012269795,6.78040500861974,0.00974638899851858,0.0289828656650057,0.0289828656650057,"gpath_trio"
"13148","SNRPF","Exc L3-4 RORB CUX2",-0.0110516164854355,4.24943756628102,0.105163187221575,0.745980172893701,0.84551404427699,0.84551404427699,"gpath_trio"
"13149","CCDC38","Exc L3-4 RORB CUX2",-0.0788797458363519,1.0673712037861,1.38559770990964,0.240226374363839,0.373848125793771,0.373848125793771,"gpath_trio"
"13150","AMDHD1","Exc L3-4 RORB CUX2",-0.138600943706092,0.691455421828388,3.39371774224394,0.0665838708851545,0.138659124185383,0.138659124185383,"gpath_trio"
"13151","HAL","Exc L3-4 RORB CUX2",0.00204825289041607,-1.37691249926336,9.85243206476791e-05,0.992087985983478,0.996417244847519,0.996417244847519,"gpath_trio"
"13152","LTA4H","Exc L3-4 RORB CUX2",0.0242888969621093,4.82770845776978,1.0016523196551,0.889562638122897,0.942442168992776,0.942442168992776,"gpath_trio"
"13153","ELK3","Exc L3-4 RORB CUX2",-0.0745168161033234,1.50993569285406,1.9013664665865,0.169110511155061,0.286223885103577,0.286223885103577,"gpath_trio"
"13154","CDK17","Exc L3-4 RORB CUX2",0.0212673353537086,6.71521945766185,1.82884066945489,0.585672848790741,0.717640432696824,0.717640432696824,"gpath_trio"
"13155","AC007513.1","Exc L3-4 RORB CUX2",-0.208194305264481,0.427512976708815,9.41974129861814,0.00237381008283823,0.00884588445165522,0.00884588445165522,"gpath_trio"
"13156","CFAP54","Exc L3-4 RORB CUX2",0.145669810028242,5.15436649522262,13.3388151804582,0.000314324257190385,0.00157709323273216,0.00157709323273216,"gpath_trio"
"13157","NEDD1","Exc L3-4 RORB CUX2",0.0360253839656118,2.07483216160754,0.602230283589478,0.653216871919071,0.77293731558648,0.77293731558648,"gpath_trio"
"13158","AC007656.1","Exc L3-4 RORB CUX2",0.0255481303084848,3.45381632847826,0.156069400000248,0.693125313127261,0.80514758131866,0.80514758131866,"gpath_trio"
"13159","AC016152.1","Exc L3-4 RORB CUX2",0.095572982550714,3.9247042150235,2.47189195592583,0.117114397409658,0.21603574725609,0.21603574725609,"gpath_trio"
"13160","TMPO-AS1","Exc L3-4 RORB CUX2",0.0984428745411429,-0.588842534652633,0.940170730906845,0.444307329845635,0.590818638257031,0.590818638257031,"gpath_trio"
"13161","TMPO","Exc L3-4 RORB CUX2",-0.0618547188938882,4.97929236988471,6.7905916745132,0.00969236505292229,0.0288497506182716,0.0288497506182716,"gpath_trio"
"13162","SLC25A3","Exc L3-4 RORB CUX2",-0.182396155622506,5.92289898422361,80.5042313068406,5.92308625420694e-17,7.75962760900162e-15,7.75962760900162e-15,"gpath_trio"
"13163","IKBIP","Exc L3-4 RORB CUX2",0.0640265628100557,3.50012467603421,3.10585704147053,0.0791861198057408,0.159248401822251,0.159248401822251,"gpath_trio"
"13164","APAF1","Exc L3-4 RORB CUX2",0.015721376822445,4.06863733166877,0.415059737099791,0.842410881416275,0.911238568582132,0.911238568582132,"gpath_trio"
"13165","ANKS1B","Exc L3-4 RORB CUX2",0.0817183942477114,11.4854937740031,31.313975773393,5.56008652193353e-08,7.95001740467818e-07,7.95001740467818e-07,"gpath_trio"
"13166","AC069437.1","Exc L3-4 RORB CUX2",-0.33414183486441,5.05999222949236,80.8327583058451,5.21731699218954e-17,6.95078888434513e-15,6.95078888434513e-15,"gpath_trio"
"13167","AC117377.1","Exc L3-4 RORB CUX2",-0.187008914076869,-0.0529262100368283,4.16138090198987,0.0423663090037868,0.0965262884417164,0.0965262884417164,"gpath_trio"
"13168","UHRF1BP1L","Exc L3-4 RORB CUX2",0.00484356778294263,6.43204541957335,0.104931247069234,0.74625074461197,0.845680272827259,0.845680272827259,"gpath_trio"
"13169","AC010203.2","Exc L3-4 RORB CUX2",0.204123153880312,-0.282471094734137,5.45409007352144,0.0356062160270476,0.0838906234200264,0.0838906234200264,"gpath_trio"
"13170","ACTR6","Exc L3-4 RORB CUX2",-0.0802439695281298,4.71052192629846,17.8345441148218,3.33520841347947e-05,0.000225949730496804,0.000225949730496804,"gpath_trio"
"13171","DEPDC4","Exc L3-4 RORB CUX2",-0.0530406880369259,2.10450928501317,1.50834598676972,0.220502231375056,0.350563688922916,0.350563688922916,"gpath_trio"
"13172","SCYL2","Exc L3-4 RORB CUX2",0.000801478972667647,5.72807080877348,0.00189361733554194,0.965323838363694,0.982154332998872,0.982154332998872,"gpath_trio"
"13173","NR1H4","Exc L3-4 RORB CUX2",-0.10275442722741,-0.355497691725172,1.21513319353726,0.351337298692199,0.498819845257925,0.498819845257925,"gpath_trio"
"13174","GAS2L3","Exc L3-4 RORB CUX2",0.305710470317072,0.297521761339728,11.740941440414,0.000710494323448462,0.00316428763257676,0.00316428763257676,"gpath_trio"
"13175","ANO4","Exc L3-4 RORB CUX2",0.0370936775881141,5.91374230739465,1.09962018772353,0.295323223091037,0.438389082912344,0.438389082912344,"gpath_trio"
"13176","SLC5A8","Exc L3-4 RORB CUX2",-0.0433120637792676,2.17873374412026,0.169497510072975,0.680897952554462,0.795340214959835,0.795340214959835,"gpath_trio"
"13177","UTP20","Exc L3-4 RORB CUX2",0.00138884639314723,4.19190438903076,0.00294930731762103,0.956731858584764,0.978577498551641,0.978577498551641,"gpath_trio"
"13178","ARL1","Exc L3-4 RORB CUX2",-0.119866174945567,4.29462941108696,28.9202998019995,1.68033425597035e-07,2.14155044941263e-06,2.14155044941263e-06,"gpath_trio"
"13179","MYBPC1","Exc L3-4 RORB CUX2",0.189731997150059,3.55081398858049,1.71467603963379,0.191535727574795,0.314708372687462,0.314708372687462,"gpath_trio"
"13180","AC010205.1","Exc L3-4 RORB CUX2",0.0855388275518331,-0.52021429228358,0.689987047394034,0.406930879168198,0.555379782678559,0.555379782678559,"gpath_trio"
"13181","CHPT1","Exc L3-4 RORB CUX2",0.0608530843115144,6.77430874238951,6.62865269918142,0.0105890195422373,0.0310108098801913,0.0310108098801913,"gpath_trio"
"13182","SYCP3","Exc L3-4 RORB CUX2",-0.100701135395433,2.06977005957279,4.1147079014446,0.0435311282732613,0.0985679588005663,0.0985679588005663,"gpath_trio"
"13183","GNPTAB","Exc L3-4 RORB CUX2",-0.0175047206250653,6.48537251211825,1.41880039890007,0.234687173019927,0.367125200874391,0.367125200874391,"gpath_trio"
"13184","DRAM1","Exc L3-4 RORB CUX2",-0.101728835145936,0.796235133016983,2.2273662762002,0.13679715468356,0.243870513010587,0.243870513010587,"gpath_trio"
"13185","AC079907.2","Exc L3-4 RORB CUX2",-0.0105679189492789,-0.219043689716535,0.0148206673698252,0.903198838847917,0.951244339828604,0.951244339828604,"gpath_trio"
"13186","WASHC3","Exc L3-4 RORB CUX2",-0.0407529787247272,4.24961700921996,2.13410393281669,0.145261978685048,0.254950884729956,0.254950884729956,"gpath_trio"
"13187","NUP37","Exc L3-4 RORB CUX2",-0.0603586989043555,2.72235645675024,3.13010446622802,0.078031059746077,0.157380448903039,0.157380448903039,"gpath_trio"
"13188","PARPBP","Exc L3-4 RORB CUX2",-0.134735281374477,2.51973419357252,6.0582529694193,0.014491438134335,0.0402872763346022,0.0402872763346022,"gpath_trio"
"13189","LINC02456","Exc L3-4 RORB CUX2",-0.455443082277979,-0.0303720457701584,20.2428627995994,1.02928190274022e-05,8.1299644747036e-05,8.1299644747036e-05,"gpath_trio"
"13190","PAH","Exc L3-4 RORB CUX2",0.243572239045782,3.25826080832866,10.3821337074214,0.00143464843885633,0.00575771479091437,0.00575771479091437,"gpath_trio"
"13191","ASCL1","Exc L3-4 RORB CUX2",0.589168497053152,0.492343989093326,14.2283100670512,0.000200525599842942,0.0010685694603358,0.0010685694603358,"gpath_trio"
"13192","AC068643.1","Exc L3-4 RORB CUX2",0.165985705670339,-0.132114377154327,2.25490385766422,0.134405171055918,0.240712323662063,0.240712323662063,"gpath_trio"
"13193","C12orf42","Exc L3-4 RORB CUX2",0.10360847104752,3.17487271216341,2.70671096464707,0.101135170555302,0.192717275630721,0.192717275630721,"gpath_trio"
"13194","STAB2","Exc L3-4 RORB CUX2",-0.29359386441501,2.33817934057875,22.7250431865134,3.11449755344444e-06,2.83423491839159e-05,2.83423491839159e-05,"gpath_trio"
"13195","AC025265.2","Exc L3-4 RORB CUX2",-0.709584801317753,0.408304474321532,42.6140748928006,3.47575689627515e-10,8.55163358321356e-09,8.55163358321356e-09,"gpath_trio"
"13196","AC025265.1","Exc L3-4 RORB CUX2",0.257977131915121,2.98304935781933,32.7697794779073,2.85357583725237e-08,4.39137242689295e-07,4.39137242689295e-07,"gpath_trio"
"13197","NT5DC3","Exc L3-4 RORB CUX2",0.0165634779548082,6.35184792162897,0.421807829718214,0.516609670185495,0.65774328511879,0.65774328511879,"gpath_trio"
"13198","HSP90B1","Exc L3-4 RORB CUX2",-0.117638846779085,5.78680674404397,19.7011132741192,1.33898243710586e-05,0.000102442057901444,0.000102442057901444,"gpath_trio"
"13199","C12orf73","Exc L3-4 RORB CUX2",0.045331710787334,3.58983665679585,1.98063236167898,0.281191967974502,0.422164604396902,0.422164604396902,"gpath_trio"
"13200","TDG","Exc L3-4 RORB CUX2",-0.168588161251496,5.02809529107574,18.9839669279481,1.89907711069376e-05,0.000137918937034725,0.000137918937034725,"gpath_trio"
"13201","GLT8D2","Exc L3-4 RORB CUX2",0.0325223167942197,4.14413191161457,1.03977452107051,0.5526232065079,0.68996677958394,0.68996677958394,"gpath_trio"
"13202","HCFC2","Exc L3-4 RORB CUX2",-0.0535483228037209,4.98473901102755,7.57143938913167,0.00634720888003648,0.0203197301102405,0.0203197301102405,"gpath_trio"
"13203","NFYB","Exc L3-4 RORB CUX2",-0.0816713351506155,4.01822710408908,8.62533615629189,0.00361230195658301,0.0125956087061981,0.0125956087061981,"gpath_trio"
"13204","TXNRD1","Exc L3-4 RORB CUX2",-0.1356114771579,6.09280222762423,46.3187545695107,6.90777597422115e-11,2.05552183303705e-09,2.05552183303705e-09,"gpath_trio"
"13205","AC089983.1","Exc L3-4 RORB CUX2",-0.173733323793754,-0.362218124412553,2.83515466365552,0.0934220444720099,0.180760501316083,0.180760501316083,"gpath_trio"
"13206","CHST11","Exc L3-4 RORB CUX2",0.163891725012742,5.04355062165974,19.9685097495391,1.17583059635052e-05,9.16984239712862e-05,9.16984239712862e-05,"gpath_trio"
"13207","SLC41A2","Exc L3-4 RORB CUX2",0.0935278252249832,7.0108839450497,52.4558760035667,4.98484566409465e-12,1.99147052025959e-10,1.99147052025959e-10,"gpath_trio"
"13208","C12orf45","Exc L3-4 RORB CUX2",-0.0177250785801102,4.57454761984128,0.567171334249963,0.452066503211149,0.598297146568154,0.598297146568154,"gpath_trio"
"13209","ALDH1L2","Exc L3-4 RORB CUX2",0.133864091701955,4.88206394768263,17.9319351692149,3.17932010189479e-05,0.000216918441175946,0.000216918441175946,"gpath_trio"
"13210","AC016257.1","Exc L3-4 RORB CUX2",0.173820762732303,0.186967696593934,4.20625240821309,0.0412774966799069,0.0946333517633093,0.0946333517633093,"gpath_trio"
"13211","WASHC4","Exc L3-4 RORB CUX2",0.041072776160185,5.19230868978591,4.78531832508901,0.0295940600983257,0.0718916511118268,0.0718916511118268,"gpath_trio"
"13212","APPL2","Exc L3-4 RORB CUX2",0.055940288081983,5.91432346063928,6.58328755658772,0.0108552528386341,0.0316206650331277,0.0316206650331277,"gpath_trio"
"13213","C12orf75","Exc L3-4 RORB CUX2",0.0825045988884743,2.34255384141969,3.33071260618724,0.0691447159508485,0.142980630183979,0.142980630183979,"gpath_trio"
"13214","CASC18","Exc L3-4 RORB CUX2",-0.147508817020907,0.329389178648376,3.07130625948926,0.0808641210317844,0.161672147638118,0.161672147638118,"gpath_trio"
"13215","AC011595.2","Exc L3-4 RORB CUX2",0.131404746750674,-0.68305791383062,1.11269959144868,0.292475068047587,0.435153724030978,0.435153724030978,"gpath_trio"
"13216","NUAK1","Exc L3-4 RORB CUX2",-0.0542527759720562,7.56197347631842,7.6693960733628,0.00602110780653034,0.0194330267152055,0.0194330267152055,"gpath_trio"
"13217","AC011595.1","Exc L3-4 RORB CUX2",-0.111823792647958,-0.888010852796241,0.65939112184734,0.417517787272214,0.565976036969489,0.565976036969489,"gpath_trio"
"13218","CKAP4","Exc L3-4 RORB CUX2",-0.0294960063531723,3.7955307605025,1.23214485077345,0.591391676463269,0.722191578757125,0.722191578757125,"gpath_trio"
"13219","AC079174.2","Exc L3-4 RORB CUX2",-0.00390934339662913,1.92329562721228,0.0078008597662213,0.988940472602143,0.994659456341205,0.994659456341205,"gpath_trio"
"13220","TCP11L2","Exc L3-4 RORB CUX2",0.167583858172451,2.9786578328424,14.6393816999684,0.000163077382203296,0.000889633561693412,0.000889633561693412,"gpath_trio"
"13221","POLR3B","Exc L3-4 RORB CUX2",0.032224899862497,4.88292970790524,2.1654043118926,0.14235677112863,0.25111898727989,0.25111898727989,"gpath_trio"
"13222","AC079385.1","Exc L3-4 RORB CUX2",0.0781001109697418,6.21183249417232,9.82058213264037,0.00192344289275208,0.00738167402725381,0.00738167402725381,"gpath_trio"
"13223","RFX4","Exc L3-4 RORB CUX2",-0.577588456509705,2.82534290783209,23.2209141416019,2.45744439785807e-06,2.29319799846376e-05,2.29319799846376e-05,"gpath_trio"
"13224","RIC8B","Exc L3-4 RORB CUX2",0.0323469978949454,6.7998188058747,5.4679502803336,0.0201267124267132,0.0526116122323063,0.0526116122323063,"gpath_trio"
"13225","AC007541.1","Exc L3-4 RORB CUX2",-0.0275674513787812,1.73140802676856,0.227927902685836,0.727714721358495,0.831868349674635,0.831868349674635,"gpath_trio"
"13226","TMEM263","Exc L3-4 RORB CUX2",0.0460370025434429,4.20872537082114,2.72191861402823,0.100186488080782,0.191316838336941,0.191316838336941,"gpath_trio"
"13227","MTERF2","Exc L3-4 RORB CUX2",0.0473098280620635,4.23801257097685,3.15380004794295,0.0769198916124786,0.155664017824911,0.155664017824911,"gpath_trio"
"13228","CRY1","Exc L3-4 RORB CUX2",0.0225694145528238,4.06126904461545,0.308082174431144,0.579336621385369,0.712038765546745,0.712038765546745,"gpath_trio"
"13229","AC078929.1","Exc L3-4 RORB CUX2",0.0305561045568262,-1.30604895499799,0.0347209178312019,0.852326969582468,0.918404887877048,0.918404887877048,"gpath_trio"
"13230","PWP1","Exc L3-4 RORB CUX2",-0.148468440635848,4.73089451183992,42.8846491336757,3.08651416384629e-10,7.72585896471449e-09,7.72585896471449e-09,"gpath_trio"
"13231","PRDM4","Exc L3-4 RORB CUX2",0.0195303675598677,4.22185771737461,0.813463138710805,0.795206170899123,0.880386571798815,0.880386571798815,"gpath_trio"
"13232","AC007622.2","Exc L3-4 RORB CUX2",-0.1200011073101,0.043968054942254,1.49107741840782,0.223155482263642,0.353332432480693,0.353332432480693,"gpath_trio"
"13233","AC126177.4","Exc L3-4 RORB CUX2",0.0506673716303593,-0.200119871383427,0.238266109825824,0.625872617938805,0.750310777046491,0.750310777046491,"gpath_trio"
"13234","WSCD2","Exc L3-4 RORB CUX2",0.0808322512065422,5.82281707081337,9.58233246396717,0.00217939541947811,0.00821549002017392,0.00821549002017392,"gpath_trio"
"13235","CMKLR1","Exc L3-4 RORB CUX2",-0.598616405167301,-1.44643057308038,9.57227727566178,0.00219093283598083,0.00824973310300734,0.00824973310300734,"gpath_trio"
"13236","LINC01498","Exc L3-4 RORB CUX2",-0.0602880397265973,0.0954595272931552,0.524748529096264,0.469474416309834,0.614962105509084,0.614962105509084,"gpath_trio"
"13237","FICD","Exc L3-4 RORB CUX2",0.0324682680294256,1.91135972915982,0.405639171403933,0.524751579601309,0.665254688856128,0.665254688856128,"gpath_trio"
"13238","SART3","Exc L3-4 RORB CUX2",-0.0390596415666076,5.00493007444414,4.29111246064255,0.0392983924985305,0.0909747640456515,0.0909747640456515,"gpath_trio"
"13239","ISCU","Exc L3-4 RORB CUX2",-0.245011862961373,5.90165353773157,61.6114310658648,1.09533552896567e-13,6.51870038256119e-12,6.51870038256119e-12,"gpath_trio"
"13240","SELPLG","Exc L3-4 RORB CUX2",0.229974720957654,-0.801119483904122,3.31143143628188,0.0699494252490072,0.144282179873108,0.144282179873108,"gpath_trio"
"13241","AC007569.1","Exc L3-4 RORB CUX2",-0.325439546090272,-0.194788584672614,12.0950940814429,0.000592441998002958,0.00271093611016323,0.00271093611016323,"gpath_trio"
"13242","CORO1C","Exc L3-4 RORB CUX2",-0.0705117830788485,5.18065854437695,8.55835977042259,0.00374316077893896,0.0129801080637837,0.0129801080637837,"gpath_trio"
"13243","SSH1","Exc L3-4 RORB CUX2",0.103920944969462,5.80046916308588,53.0442912444122,3.88596811811079e-12,1.59348387770092e-10,1.59348387770092e-10,"gpath_trio"
"13244","DAO","Exc L3-4 RORB CUX2",-0.327303470030074,0.746160615851622,26.8791044613233,4.35580123755925e-07,4.94810191259898e-06,4.94810191259898e-06,"gpath_trio"
"13245","SVOP","Exc L3-4 RORB CUX2",-0.0495430150385141,6.62270540523073,4.00821728512601,0.0463176570723662,0.103771097327594,0.103771097327594,"gpath_trio"
"13246","USP30","Exc L3-4 RORB CUX2",-0.0194370458350102,4.69277318038546,1.03608045572786,0.30968100854235,0.454155291658205,0.454155291658205,"gpath_trio"
"13247","ALKBH2","Exc L3-4 RORB CUX2",-0.166463227342716,1.99947153348445,13.0062314277965,0.000372145914822428,0.0018214565336105,0.0018214565336105,"gpath_trio"
"13248","UNG","Exc L3-4 RORB CUX2",0.00429413592505763,3.35428025970722,0.0212691253419058,0.884161186119686,0.939037267317575,0.939037267317575,"gpath_trio"
"13249","ACACB","Exc L3-4 RORB CUX2",0.232640069498951,1.1293826396004,1.73786409738468,0.188569821673233,0.311052181241916,0.311052181241916,"gpath_trio"
"13250","MYO1H","Exc L3-4 RORB CUX2",-0.242918573076416,1.23315191740658,13.0230413263671,0.000368979268700086,0.00180815077629931,0.00180815077629931,"gpath_trio"
"13251","KCTD10","Exc L3-4 RORB CUX2",-0.0668340259116277,3.80898178353255,7.2638622277257,0.00749424607927938,0.0232538318439652,0.0232538318439652,"gpath_trio"
"13252","UBE3B","Exc L3-4 RORB CUX2",-0.0413924485183378,5.3133408071408,5.89223925197824,0.0158873998090557,0.0434203343780382,0.0434203343780382,"gpath_trio"
"13253","MMAB","Exc L3-4 RORB CUX2",0.0340904798773822,3.66799768303531,1.24986947142986,0.591716931619169,0.722335886897306,0.722335886897306,"gpath_trio"
"13254","MVK","Exc L3-4 RORB CUX2",0.0978057949413858,3.32396769569858,7.91063883341141,0.005289357634043,0.0174452820445999,0.0174452820445999,"gpath_trio"
"13255","FAM222A","Exc L3-4 RORB CUX2",-0.0612805009331728,0.456571273246049,0.0602703153590593,0.806262872789947,0.888046812171053,0.888046812171053,"gpath_trio"
"13256","TRPV4","Exc L3-4 RORB CUX2",-0.0697034546835741,-0.0400840656344155,0.669087436223316,0.431811693716885,0.579126565228887,0.579126565228887,"gpath_trio"
"13257","GLTP","Exc L3-4 RORB CUX2",0.0886434180518605,3.83618426538469,12.8995977812988,0.00118385640247647,0.00490034938858491,0.00490034938858491,"gpath_trio"
"13258","TCHP","Exc L3-4 RORB CUX2",-0.111920918997414,4.78164929893643,20.0400592801255,1.13568956690492e-05,8.88427181555127e-05,8.88427181555127e-05,"gpath_trio"
"13259","GIT2","Exc L3-4 RORB CUX2",0.00190248668686524,6.48540319566877,0.0135022591666731,0.907584350823958,0.952738576564357,0.952738576564357,"gpath_trio"
"13260","ANKRD13A","Exc L3-4 RORB CUX2",0.0730529113342642,4.65632956350302,9.01517891030508,0.00293823464872743,0.0105911888579732,0.0105911888579732,"gpath_trio"
"13261","C12orf76","Exc L3-4 RORB CUX2",-0.0689433975631463,5.29199895882261,11.5983006502254,0.000764566129353837,0.00337161129174069,0.00337161129174069,"gpath_trio"
"13262","IFT81","Exc L3-4 RORB CUX2",-0.0262689885248789,5.22255858663264,1.70960603678108,0.490470320047132,0.634147571581062,0.634147571581062,"gpath_trio"
"13263","ATP2A2","Exc L3-4 RORB CUX2",-0.0933105891315361,7.38093566659773,26.8635899057753,4.3876012822427e-07,4.97582101569683e-06,4.97582101569683e-06,"gpath_trio"
"13264","ANAPC7","Exc L3-4 RORB CUX2",-0.0210976575372714,5.00715506499231,0.966269415002066,0.326526143108726,0.472234045678748,0.472234045678748,"gpath_trio"
"13265","ARPC3","Exc L3-4 RORB CUX2",-0.107383746189803,5.3657782500567,16.3782572524954,6.84673388722858e-05,0.000421136756630599,0.000421136756630599,"gpath_trio"
"13266","GPN3","Exc L3-4 RORB CUX2",-0.0831134745739782,2.71707962623296,5.68154328699164,0.0178625482679679,0.0477383641947611,0.0477383641947611,"gpath_trio"
"13267","FAM216A","Exc L3-4 RORB CUX2",-0.0563596068377636,4.77388556195181,7.31948103008052,0.00727204721407429,0.0226654646290667,0.0226654646290667,"gpath_trio"
"13268","VPS29","Exc L3-4 RORB CUX2",-0.0626115136428156,5.4574609655896,11.7360597369015,0.000712278961560532,0.00317153565426699,0.00317153565426699,"gpath_trio"
"13269","RAD9B","Exc L3-4 RORB CUX2",-0.269392316279892,0.606591536520286,12.6549164131819,0.000445033505072468,0.00212243933270729,0.00212243933270729,"gpath_trio"
"13270","PPTC7","Exc L3-4 RORB CUX2",-0.0554524336584047,4.41351626323816,6.18286118173587,0.0135275486813149,0.0380745388735391,0.0380745388735391,"gpath_trio"
"13271","TCTN1","Exc L3-4 RORB CUX2",0.0618498763844293,4.4828422135298,4.92167946881183,0.0273857561684583,0.0673969876802984,0.0673969876802984,"gpath_trio"
"13272","HVCN1","Exc L3-4 RORB CUX2",-0.277876195429363,1.29793851097584,20.0773342355148,1.11532946050341e-05,8.73855218083738e-05,8.73855218083738e-05,"gpath_trio"
"13273","PPP1CC","Exc L3-4 RORB CUX2",-0.0311728518318176,4.20967153171853,1.85631212496844,0.174230037792175,0.292948663426713,0.292948663426713,"gpath_trio"
"13274","AC002375.1","Exc L3-4 RORB CUX2",0.157353578135096,-0.176250711585062,1.35623176970274,0.245259024978757,0.380067657189218,0.380067657189218,"gpath_trio"
"13275","AC002351.1","Exc L3-4 RORB CUX2",0.105768528506155,-0.568894905736478,0.790222849289649,0.374854423514942,0.523115998783562,0.523115998783562,"gpath_trio"
"13276","CUX2","Exc L3-4 RORB CUX2",0.131240156126081,9.4046684390191,54.7311702323171,1.90845157197175e-12,8.51836514701992e-11,8.51836514701992e-11,"gpath_trio"
"13277","PHETA1","Exc L3-4 RORB CUX2",0.00837424533074293,1.15605979291329,0.0188327167600645,0.960683895709019,0.97984437173106,0.97984437173106,"gpath_trio"
"13278","LINC02356","Exc L3-4 RORB CUX2",0.0797816214829026,1.77313165801767,1.43653272185785,0.231792527841724,0.363810039614656,0.363810039614656,"gpath_trio"
"13279","SH2B3","Exc L3-4 RORB CUX2",0.137361071305502,4.79281827587879,42.773764976024,3.24041293420421e-10,8.05114913147413e-09,8.05114913147413e-09,"gpath_trio"
"13280","ATXN2","Exc L3-4 RORB CUX2",0.0274386149058858,7.67228481053404,4.21290095848637,0.0411187020136037,0.0943228894968112,0.0943228894968112,"gpath_trio"
"13281","BRAP","Exc L3-4 RORB CUX2",-0.0257679613436768,5.26175757169919,2.47777682582379,0.116681347896874,0.215453614664052,0.215453614664052,"gpath_trio"
"13282","ACAD10","Exc L3-4 RORB CUX2",0.06605926144211,4.4508136519106,9.40832306694769,0.00238811178606161,0.00889260894865135,0.00889260894865135,"gpath_trio"
"13283","AC002996.1","Exc L3-4 RORB CUX2",0.125748159110623,0.978035304321074,4.86590129283604,0.0282674343308827,0.0691434878304507,0.0691434878304507,"gpath_trio"
"13284","ALDH2","Exc L3-4 RORB CUX2",0.0268727929583583,4.55638017897589,1.50197119227675,0.22147725727234,0.351444346218886,0.351444346218886,"gpath_trio"
"13285","MAPKAPK5-AS1","Exc L3-4 RORB CUX2",-0.155191432119275,3.75395021017272,22.0906661309694,4.22103319181086e-06,3.6993633642391e-05,3.6993633642391e-05,"gpath_trio"
"13286","MAPKAPK5","Exc L3-4 RORB CUX2",0.0271644935984488,5.28026109163215,2.23075487576425,0.136500243236549,0.24347159378863,0.24347159378863,"gpath_trio"
"13287","TMEM116","Exc L3-4 RORB CUX2",-0.000920334779235189,4.51773811526588,0.00137032827865587,0.970499102239103,0.984801297036209,0.984801297036209,"gpath_trio"
"13288","ERP29","Exc L3-4 RORB CUX2",-0.213603445486631,4.08003349951167,52.0547370005232,5.9089612352028e-12,2.3014149212397e-10,2.3014149212397e-10,"gpath_trio"
"13289","NAA25","Exc L3-4 RORB CUX2",0.00734553259526171,6.38251645051317,0.227159733440478,0.634038183806388,0.756951320095501,0.756951320095501,"gpath_trio"
"13290","AC073575.1","Exc L3-4 RORB CUX2",-0.513151956575244,-0.178750752027802,27.7182857486105,2.94123975776908e-07,3.51537394034307e-06,3.51537394034307e-06,"gpath_trio"
"13291","TRAFD1","Exc L3-4 RORB CUX2",-0.00132523075699173,3.6065154379996,0.0025377422779851,0.959861431734713,0.979750116174416,0.979750116174416,"gpath_trio"
"13292","HECTD4","Exc L3-4 RORB CUX2",0.0579952030589017,8.1470402687676,17.5841502317395,3.77248824330029e-05,0.000252120118127881,0.000252120118127881,"gpath_trio"
"13293","RPL6","Exc L3-4 RORB CUX2",-0.166743102071376,5.37384782816282,37.8674016867943,2.84922702664942e-09,5.69140151115367e-08,5.69140151115367e-08,"gpath_trio"
"13294","PTPN11","Exc L3-4 RORB CUX2",-0.0303959190301608,6.6690193084722,3.77324196160284,0.0531582583174723,0.115679847001942,0.115679847001942,"gpath_trio"
"13295","RPH3A","Exc L3-4 RORB CUX2",-0.0403997324792058,7.40024006960283,2.15874448120703,0.142969368911982,0.251827961845887,0.251827961845887,"gpath_trio"
"13296","OAS1","Exc L3-4 RORB CUX2",0.125489432894177,-0.420470071071506,0.793416754908703,0.373892454073107,0.522207010102107,0.522207010102107,"gpath_trio"
"13297","AC004551.1","Exc L3-4 RORB CUX2",0.0433966344976152,0.364136073275369,0.329943969529658,0.812354636602029,0.891676571642046,0.891676571642046,"gpath_trio"
"13298","OAS3","Exc L3-4 RORB CUX2",0.0433369895843582,-0.472450104429132,0.0993804008628612,0.752827312075398,0.850932322321763,0.850932322321763,"gpath_trio"
"13299","DTX1","Exc L3-4 RORB CUX2",0.00983782166751859,4.25975938633757,0.158729984812115,0.690655455092212,0.803203470514491,0.803203470514491,"gpath_trio"
"13300","RASAL1","Exc L3-4 RORB CUX2",-0.0765018814585946,4.21767977907323,1.94275414260335,0.164559920189145,0.280121193875802,0.280121193875802,"gpath_trio"
"13301","CFAP73","Exc L3-4 RORB CUX2",-0.00113448132774117,1.11240218684507,0.000302474631281005,0.98613739072191,0.992802079096215,0.992802079096215,"gpath_trio"
"13302","DDX54","Exc L3-4 RORB CUX2",-0.160459406224623,3.27150156991598,32.5305131449789,3.18330359691363e-08,4.82880827576936e-07,4.82880827576936e-07,"gpath_trio"
"13303","RITA1","Exc L3-4 RORB CUX2",-0.0834614871397253,3.48275109674165,9.89062077802621,0.00185419872714572,0.00714447275022248,0.00714447275022248,"gpath_trio"
"13304","AC089999.1","Exc L3-4 RORB CUX2",-0.30292985411748,-0.142848897884252,8.94971619277401,0.00304171536907225,0.0108999302968087,0.0108999302968087,"gpath_trio"
"13305","IQCD","Exc L3-4 RORB CUX2",0.0581597739261756,1.11761575408699,1.07095593247663,0.740378513169765,0.841718500123973,0.841718500123973,"gpath_trio"
"13306","TPCN1","Exc L3-4 RORB CUX2",0.0117694183164935,5.43037252306379,0.426958966297606,0.514062333509586,0.655397072442287,0.655397072442287,"gpath_trio"
"13307","SLC8B1","Exc L3-4 RORB CUX2",0.0912255752720269,4.37050661499472,4.52087429436487,0.0344259736024628,0.0815720275032141,0.0815720275032141,"gpath_trio"
"13308","PLBD2","Exc L3-4 RORB CUX2",0.104852476047203,4.55187311268818,13.1238673737771,0.000350551713909215,0.00172918846653262,0.00172918846653262,"gpath_trio"
"13309","SDS","Exc L3-4 RORB CUX2",-0.255888109068404,-0.431008033005971,6.20803614034937,0.0133410100598911,0.0376598402068425,0.0376598402068425,"gpath_trio"
"13310","SDSL","Exc L3-4 RORB CUX2",-0.101287523052716,-0.163260688784216,0.76155688338942,0.383646924251433,0.531797161314672,0.531797161314672,"gpath_trio"
"13311","LINC01234","Exc L3-4 RORB CUX2",0.0892042613328665,3.42964892950257,4.54148092192155,0.0340212227794652,0.0807598740529134,0.0807598740529134,"gpath_trio"
"13312","RBM19","Exc L3-4 RORB CUX2",0.0693808952654056,4.37184890489511,8.964046397539,0.00301874850449421,0.0108317670451739,0.0108317670451739,"gpath_trio"
"13313","TBX5","Exc L3-4 RORB CUX2",0.0016641909166523,-1.60779115698653,0.000116623837526891,0.991391892690758,0.996131850940587,0.996131850940587,"gpath_trio"
"13314","AC026765.2","Exc L3-4 RORB CUX2",-0.208777200921665,-0.181299770311778,6.49447392474964,0.0113966741420694,0.032955124095779,0.032955124095779,"gpath_trio"
"13315","AC009803.1","Exc L3-4 RORB CUX2",-0.107626896175353,-1.65988014587459,0.314111758030497,0.575650538317165,0.709236617438095,0.709236617438095,"gpath_trio"
"13316","LINC02463","Exc L3-4 RORB CUX2",-0.175011824056331,-0.562731933943024,2.40006421303284,0.122546573061764,0.223886363444814,0.223886363444814,"gpath_trio"
"13317","MED13L","Exc L3-4 RORB CUX2",0.0648991048661264,8.27311226485102,24.601838125341,1.27426725449985e-06,1.29382696827048e-05,1.29382696827048e-05,"gpath_trio"
"13318","MAP1LC3B2","Exc L3-4 RORB CUX2",-0.0598973727986208,3.12328663309934,1.45310649482562,0.2291260474987,0.360634889084591,0.360634889084591,"gpath_trio"
"13319","AC125603.2","Exc L3-4 RORB CUX2",-0.344584976498963,-0.700950509670392,9.83167845862213,0.00191229893207875,0.00734309686994455,0.00734309686994455,"gpath_trio"
"13320","C12orf49","Exc L3-4 RORB CUX2",-0.057315558445176,3.70105837643884,4.00190651652005,0.0464886165257303,0.104073217754839,0.104073217754839,"gpath_trio"
"13321","RNFT2","Exc L3-4 RORB CUX2",0.0352465149810664,5.34732270965792,4.15492276387438,0.0425254996319896,0.0968115488207888,0.0968115488207888,"gpath_trio"
"13322","HRK","Exc L3-4 RORB CUX2",0.156518332519929,3.17400665211356,9.42363377159747,0.0023689546607472,0.00883268532259743,0.00883268532259743,"gpath_trio"
"13323","FBXW8","Exc L3-4 RORB CUX2",0.0624453423122447,5.32230872619402,12.2704464355409,0.000541580035932312,0.00251181085630676,0.00251181085630676,"gpath_trio"
"13324","AC127164.1","Exc L3-4 RORB CUX2",-0.0970174963057496,1.93634414107073,2.14908758862645,0.143862951867797,0.252957560914486,0.252957560914486,"gpath_trio"
"13325","TESC","Exc L3-4 RORB CUX2",-0.0413833830206523,5.68097851661816,1.29403173989802,0.256353471019228,0.393533172475838,0.393533172475838,"gpath_trio"
"13326","TESC-AS1","Exc L3-4 RORB CUX2",-0.388154431699725,0.070847835060379,16.5945979726542,6.15031489370875e-05,0.000385230062032207,0.000385230062032207,"gpath_trio"
"13327","FBXO21","Exc L3-4 RORB CUX2",-0.0570878689228253,6.47897166905429,11.9953911874963,0.000623501521067115,0.00283186474280258,0.00283186474280258,"gpath_trio"
"13328","NOS1","Exc L3-4 RORB CUX2",0.137569430730913,2.69652924419457,12.1581384526083,0.000573618893866527,0.00263436402999253,0.00263436402999253,"gpath_trio"
"13329","KSR2","Exc L3-4 RORB CUX2",0.111320440655808,8.96130081110994,76.406229813805,2.91474175574285e-16,3.14464785679743e-14,3.14464785679743e-14,"gpath_trio"
"13330","RFC5","Exc L3-4 RORB CUX2",-0.0310812136819914,3.77321955927753,1.24449190094391,0.265637087255699,0.404256486036337,0.404256486036337,"gpath_trio"
"13331","WSB2","Exc L3-4 RORB CUX2",-0.0594513850967718,5.86996886076064,6.32630261675923,0.0124996607258683,0.0356691167106639,0.0356691167106639,"gpath_trio"
"13332","VSIG10","Exc L3-4 RORB CUX2",0.0776362729234663,4.67777724471296,7.72496449508086,0.00584382021425332,0.0189508820158801,0.0189508820158801,"gpath_trio"
"13333","AC131238.1","Exc L3-4 RORB CUX2",0.039950584042205,-0.891083254241645,0.127936860143974,0.720871015662061,0.826997198964067,0.826997198964067,"gpath_trio"
"13334","PEBP1","Exc L3-4 RORB CUX2",-0.167555360120561,8.05203822757899,33.737888607769,1.83539974736369e-08,2.98381868678989e-07,2.98381868678989e-07,"gpath_trio"
"13335","TAOK3","Exc L3-4 RORB CUX2",0.104836733806026,7.25628581990817,41.0494811144078,6.92408203544766e-10,1.58742448937678e-08,1.58742448937678e-08,"gpath_trio"
"13336","SUDS3","Exc L3-4 RORB CUX2",-0.0210299211430073,5.06643645106295,1.10912696748084,0.293249523307545,0.435855984435665,0.435855984435665,"gpath_trio"
"13337","AC026367.3","Exc L3-4 RORB CUX2",0.0639316468421207,0.0126601829642639,0.493382766693836,0.712581493481783,0.820461051482239,0.820461051482239,"gpath_trio"
"13338","AC026367.2","Exc L3-4 RORB CUX2",-0.0356714219647344,0.921549069041826,0.292048152590249,0.589373615554527,0.720728492211152,0.720728492211152,"gpath_trio"
"13339","LINC02440","Exc L3-4 RORB CUX2",-0.311546423888231,-0.843955898288133,4.67312671548692,0.0315507456350329,0.0758293689635567,0.0758293689635567,"gpath_trio"
"13340","SRRM4","Exc L3-4 RORB CUX2",0.0543378999079318,8.27426854395526,10.7013240842391,0.00121533500021267,0.00500293483560304,0.00500293483560304,"gpath_trio"
"13341","AC084361.1","Exc L3-4 RORB CUX2",-0.234230904038327,2.18853616658509,18.8573150324428,2.02027679024457e-05,0.000145412359055241,0.000145412359055241,"gpath_trio"
"13342","HSPB8","Exc L3-4 RORB CUX2",0.0228024098493018,4.47655668533789,0.407606922076559,0.523748582791105,0.664264630806891,0.664264630806891,"gpath_trio"
"13343","AC084880.2","Exc L3-4 RORB CUX2",0.0370434788356891,0.287187590081508,0.193030730686407,0.72271033316735,0.828274310342469,0.828274310342469,"gpath_trio"
"13344","LINC00934","Exc L3-4 RORB CUX2",0.0581034690459726,0.033997236512089,0.479483304437553,0.7942312971481,0.880128332415848,0.880128332415848,"gpath_trio"
"13345","CCDC60","Exc L3-4 RORB CUX2",-0.277974077326019,2.40176122401386,28.1735625680297,2.37839664311054e-07,2.90460970186169e-06,2.90460970186169e-06,"gpath_trio"
"13346","AC002070.1","Exc L3-4 RORB CUX2",0.13265884361253,5.35678624316738,11.5984210738453,0.000764518755983213,0.00337161129174069,0.00337161129174069,"gpath_trio"
"13347","TMEM233","Exc L3-4 RORB CUX2",-0.217398030039249,1.98692799073964,6.2019995350744,0.0133854953704842,0.0377546854844394,0.0377546854844394,"gpath_trio"
"13348","PRKAB1","Exc L3-4 RORB CUX2",0.046880667036123,3.61619227782783,2.5209293036706,0.113559652853274,0.210808428074605,0.210808428074605,"gpath_trio"
"13349","CIT","Exc L3-4 RORB CUX2",0.0202858516945355,8.68772107712205,1.0806032297391,0.29952834306649,0.442871698158039,0.442871698158039,"gpath_trio"
"13350","AC002563.1","Exc L3-4 RORB CUX2",-0.408101652965704,-0.327786351431811,16.962895615221,5.12552703051469e-05,0.000329638214346936,0.000329638214346936,"gpath_trio"
"13351","BICDL1","Exc L3-4 RORB CUX2",0.0485171270869076,7.07581903932468,8.56569242158585,0.00372860062504887,0.0129362884970526,0.0129362884970526,"gpath_trio"
"13352","RAB35","Exc L3-4 RORB CUX2",-0.0378929507028717,4.07454863625677,3.41975956001685,0.0879747106575186,0.172906944716555,0.172906944716555,"gpath_trio"
"13353","AC004812.2","Exc L3-4 RORB CUX2",-0.106443422202003,1.88473356115937,5.23414243575864,0.0229509214531992,0.058471897656796,0.058471897656796,"gpath_trio"
"13354","GCN1","Exc L3-4 RORB CUX2",0.0148548699154228,4.41262285346601,0.522881973712685,0.470264870858475,0.615640416545657,0.615640416545657,"gpath_trio"
"13355","RPLP0","Exc L3-4 RORB CUX2",-0.138099217046027,4.26939257327052,27.7217298070803,2.93651272706526e-07,3.51180463951047e-06,3.51180463951047e-06,"gpath_trio"
"13356","PXN-AS1","Exc L3-4 RORB CUX2",0.00128336202399435,2.44557160129489,0.000897797020430685,0.97611933966487,0.987425174375188,0.987425174375188,"gpath_trio"
"13357","PXN","Exc L3-4 RORB CUX2",0.0775797761351088,2.38324585659671,1.93712067846974,0.165170963643008,0.280805948554622,0.280805948554622,"gpath_trio"
"13358","SIRT4","Exc L3-4 RORB CUX2",7.21217591250494e-05,3.16498636888034,5.87034592138017e-06,0.998068681491265,0.999007436259013,0.999007436259013,"gpath_trio"
"13359","MSI1","Exc L3-4 RORB CUX2",-0.00797643338762712,1.27226971890927,0.0184731365741974,0.891992922014134,0.944035813680559,0.944035813680559,"gpath_trio"
"13360","COX6A1","Exc L3-4 RORB CUX2",-0.143937608772062,-0.758856511663788,0.667839941912395,0.414553900830711,0.562865936419651,0.562865936419651,"gpath_trio"
"13361","AL021546.1","Exc L3-4 RORB CUX2",0.074200910059131,-0.752442139576759,0.486444836094744,0.486140663910847,0.629679500154169,0.629679500154169,"gpath_trio"
"13362","TRIAP1","Exc L3-4 RORB CUX2",-0.209549852368375,1.87375779443637,20.7563371459039,8.02736362765325e-06,6.49847472273005e-05,6.49847472273005e-05,"gpath_trio"
"13363","GATC","Exc L3-4 RORB CUX2",0.0211617649482353,3.74268517419061,0.502105220211119,0.479211372416856,0.622904783011567,0.622904783011567,"gpath_trio"
"13364","SRSF9","Exc L3-4 RORB CUX2",-0.125292745067597,4.27221515834738,14.8229746500428,0.000148725034088727,0.000822002907780471,0.000822002907780471,"gpath_trio"
"13365","DYNLL1","Exc L3-4 RORB CUX2",-0.25832169724,7.2837088769022,100.723373824144,3.02472750110166e-20,1.00039143171682e-17,1.00039143171682e-17,"gpath_trio"
"13366","NRAV","Exc L3-4 RORB CUX2",-0.108711762462074,2.03188262004397,6.62123776565548,0.0126980536984598,0.0361381342031917,0.0361381342031917,"gpath_trio"
"13367","COQ5","Exc L3-4 RORB CUX2",0.0118151835241426,3.37686114781415,0.19449885995847,0.831718115880877,0.903986274527839,0.903986274527839,"gpath_trio"
"13368","RNF10","Exc L3-4 RORB CUX2",0.0028723304302781,5.86298112216256,0.030303908380479,0.861937912400483,0.924535987169959,0.924535987169959,"gpath_trio"
"13369","POP5","Exc L3-4 RORB CUX2",-0.0903731445713851,3.00416765908648,5.39575748872693,0.0209578944432145,0.0543157293156392,0.0543157293156392,"gpath_trio"
"13370","AC125616.1","Exc L3-4 RORB CUX2",-0.0122183495640109,3.84297748108836,0.165639068131962,0.684351786365556,0.798022604675824,0.798022604675824,"gpath_trio"
"13371","CABP1","Exc L3-4 RORB CUX2",-0.0473355430728432,9.07386866578743,3.83672760182933,0.0512101485389622,0.112422714556427,0.112422714556427,"gpath_trio"
"13372","MLEC","Exc L3-4 RORB CUX2",-0.0391734332619505,5.09070930968273,3.74447592695499,0.0540668150542214,0.117189298852483,0.117189298852483,"gpath_trio"
"13373","AC069234.4","Exc L3-4 RORB CUX2",0.131526535586054,-1.20000722898765,0.859812252106679,0.354651170124527,0.502358165924478,0.502358165924478,"gpath_trio"
"13374","UNC119B","Exc L3-4 RORB CUX2",-0.105375344618558,2.9837412639992,11.5023023982957,0.000803297590539674,0.00351246833314649,0.00351246833314649,"gpath_trio"
"13375","ACADS","Exc L3-4 RORB CUX2",-0.0506443874069438,1.56099759587271,0.488937785907827,0.485026560600599,0.628583592000819,0.628583592000819,"gpath_trio"
"13376","AC069234.1","Exc L3-4 RORB CUX2",0.191518490697418,1.2574524546966,8.70677653570638,0.00345947187747018,0.0121552372417966,0.0121552372417966,"gpath_trio"
"13377","SPPL3","Exc L3-4 RORB CUX2",0.0176497372479302,7.05656578138719,1.38986701184361,0.239505266876966,0.373042442618913,0.373042442618913,"gpath_trio"
"13378","C12orf43","Exc L3-4 RORB CUX2",-0.00983689994711408,4.24583577208161,0.220320897911105,0.639188890693744,0.761343480325084,0.761343480325084,"gpath_trio"
"13379","P2RX7","Exc L3-4 RORB CUX2",0.0888336918753194,6.6098375053051,5.47441911985939,0.0200539292447352,0.0524485380493302,0.0524485380493302,"gpath_trio"
"13380","AC069209.1","Exc L3-4 RORB CUX2",0.0731278517914969,0.714557259635996,0.898729718387565,0.358515083193657,0.506161077916868,0.506161077916868,"gpath_trio"
"13381","P2RX4","Exc L3-4 RORB CUX2",0.000682021169386442,3.72179470499602,0.000309079090150044,0.985986880118564,0.992802079096215,0.992802079096215,"gpath_trio"
"13382","CAMKK2","Exc L3-4 RORB CUX2",-0.0402016823043639,7.25723458500373,2.74660976035333,0.0986669555440092,0.188915804128346,0.188915804128346,"gpath_trio"
"13383","ANAPC5","Exc L3-4 RORB CUX2",-0.0494894067373397,6.2572888420706,9.04121293104787,0.00289808836171015,0.0104726728815157,0.0104726728815157,"gpath_trio"
"13384","RNF34","Exc L3-4 RORB CUX2",-0.0805117831724465,5.75024674475654,18.3651441185732,2.57046169653853e-05,0.000179319034328025,0.000179319034328025,"gpath_trio"
"13385","KDM2B","Exc L3-4 RORB CUX2",0.0357076547107033,6.03657647336676,4.25457615014683,0.0401379178970457,0.0925465706940453,0.0925465706940453,"gpath_trio"
"13386","AC145422.1","Exc L3-4 RORB CUX2",0.0104387147276125,4.06751570489941,0.107258346332115,0.743550859467154,0.84385096415311,0.84385096415311,"gpath_trio"
"13387","MORN3","Exc L3-4 RORB CUX2",-0.0363845826203361,2.99807819916206,0.794423641173391,0.37358991075561,0.52192898341489,0.52192898341489,"gpath_trio"
"13388","TMEM120B","Exc L3-4 RORB CUX2",0.077087449451197,6.03252351535308,16.5458917197459,6.30057078188664e-05,0.000393055088202112,0.000393055088202112,"gpath_trio"
"13389","RHOF","Exc L3-4 RORB CUX2",-0.00899035882957006,3.15355647204057,0.110796278554408,0.739507627295355,0.841012761030653,0.841012761030653,"gpath_trio"
"13390","SETD1B","Exc L3-4 RORB CUX2",0.00760007111177703,4.07453208862065,0.0870142274115378,0.768243228406953,0.862270216028388,0.862270216028388,"gpath_trio"
"13391","HPD","Exc L3-4 RORB CUX2",-0.0857267142974764,0.213859103119624,1.55640170732275,0.213315314944374,0.341911216255085,0.341911216255085,"gpath_trio"
"13392","WDR66","Exc L3-4 RORB CUX2",-0.0360139838010237,4.26699689231987,1.31693970994065,0.252196831633127,0.388621648415504,0.388621648415504,"gpath_trio"
"13393","AC069503.1","Exc L3-4 RORB CUX2",-0.045300716922379,1.72895500913778,0.923381423258457,0.337481445730046,0.483768732626101,0.483768732626101,"gpath_trio"
"13394","BCL7A","Exc L3-4 RORB CUX2",-0.0120805382850556,5.50865322300883,0.394719737913969,0.530380350031135,0.670284612996626,0.670284612996626,"gpath_trio"
"13395","MLXIP","Exc L3-4 RORB CUX2",0.0720186163305516,5.90777496817214,13.6683368538292,0.000266015270073915,0.00136804947074719,0.00136804947074719,"gpath_trio"
"13396","LRRC43","Exc L3-4 RORB CUX2",0.0134279376626068,2.34883230924037,0.119089306843401,0.730303317591901,0.833599402116923,0.833599402116923,"gpath_trio"
"13397","B3GNT4","Exc L3-4 RORB CUX2",-0.0558089039691858,2.61781852009454,2.10540176215426,0.147985174610775,0.258784857222188,0.258784857222188,"gpath_trio"
"13398","CLIP1","Exc L3-4 RORB CUX2",0.0922265292969841,7.65511110441736,30.4037690925699,8.45529768052879e-08,1.15182735114563e-06,1.15182735114563e-06,"gpath_trio"
"13399","CLIP1-AS1","Exc L3-4 RORB CUX2",-0.0542253365504312,-0.0525226147903544,0.407217079393839,0.523947021247895,0.664359949322876,0.664359949322876,"gpath_trio"
"13400","ZCCHC8","Exc L3-4 RORB CUX2",0.11217393948054,4.98761326758203,27.1723680571407,3.79661066301318e-07,4.38195767312877e-06,4.38195767312877e-06,"gpath_trio"
"13401","RSRC2","Exc L3-4 RORB CUX2",-0.0947020746358289,5.50062139527015,25.6947533818213,7.60135350401085e-07,8.09700670239804e-06,8.09700670239804e-06,"gpath_trio"
"13402","KNTC1","Exc L3-4 RORB CUX2",0.122363435598132,3.55556996451839,18.0785564146792,2.9584224550324e-05,0.000203846219365706,0.000203846219365706,"gpath_trio"
"13403","AC026333.4","Exc L3-4 RORB CUX2",0.276426480463931,0.275918631105839,15.4150961454848,0.000110585545305959,0.00063599298077187,0.00063599298077187,"gpath_trio"
"13404","AC026333.3","Exc L3-4 RORB CUX2",0.110731912641477,0.45512270126029,1.7952657010693,0.18145572068395,0.302290857214523,0.302290857214523,"gpath_trio"
"13405","DENR","Exc L3-4 RORB CUX2",-0.0468818264394509,5.5543764995767,6.9160492589289,0.0090517779165159,0.0272441489639583,0.0272441489639583,"gpath_trio"
"13406","CCDC62","Exc L3-4 RORB CUX2",0.0172519281698513,4.59154918904431,0.342623579990663,0.558826407540692,0.69504486604608,0.69504486604608,"gpath_trio"
"13407","HIP1R","Exc L3-4 RORB CUX2",0.0260247091206798,3.84156469107017,0.615628997822735,0.944377873938193,0.973030715322151,0.973030715322151,"gpath_trio"
"13408","VPS37B","Exc L3-4 RORB CUX2",0.0939755882425758,5.11199884211484,17.0747730236656,4.84986078634847e-05,0.0003135926175803,0.0003135926175803,"gpath_trio"
"13409","ABCB9","Exc L3-4 RORB CUX2",0.116178971395441,6.25709375362546,43.2603803507034,2.61774942169343e-10,6.6767502632952e-09,6.6767502632952e-09,"gpath_trio"
"13410","OGFOD2","Exc L3-4 RORB CUX2",-0.154077211734064,2.19486732653169,14.9639814455034,0.00013857681215303,0.000772103613694389,0.000772103613694389,"gpath_trio"
"13411","ARL6IP4","Exc L3-4 RORB CUX2",-0.113121626521984,5.30551131042671,20.6042763188472,8.63998529263578e-06,6.94745728493132e-05,6.94745728493132e-05,"gpath_trio"
"13412","PITPNM2","Exc L3-4 RORB CUX2",0.0876733359756238,6.74757987434242,25.3905821425096,8.77438812633313e-07,9.19123989869007e-06,9.19123989869007e-06,"gpath_trio"
"13413","MPHOSPH9","Exc L3-4 RORB CUX2",0.0323574189473555,7.07668631485376,4.24229997039766,0.0404242315229961,0.0930790768062596,0.0930790768062596,"gpath_trio"
"13414","C12orf65","Exc L3-4 RORB CUX2",-0.00209570194542235,4.8727218764717,0.00522698983380312,0.942420399429336,0.972002022314138,0.972002022314138,"gpath_trio"
"13415","AC068768.1","Exc L3-4 RORB CUX2",0.00827470005521039,0.486956769729836,0.0100409495954573,0.920259162825292,0.959655628876122,0.959655628876122,"gpath_trio"
"13416","CDK2AP1","Exc L3-4 RORB CUX2",0.0826617239109845,-0.0114882501414326,0.713650199461437,0.399011341230346,0.547217850514522,0.547217850514522,"gpath_trio"
"13417","SBNO1","Exc L3-4 RORB CUX2",-0.025946565573365,6.41081342290882,3.03690377000157,0.0825733072175818,0.164502465993356,0.164502465993356,"gpath_trio"
"13418","AC137767.1","Exc L3-4 RORB CUX2",-0.222464242825865,1.32334897749939,13.8444061835424,0.000243365599905518,0.00126772553010427,0.00126772553010427,"gpath_trio"
"13419","KMT5A","Exc L3-4 RORB CUX2",0.115817103299058,4.64763957303397,19.5068965229827,1.47168541440265e-05,0.000111078388460806,0.000111078388460806,"gpath_trio"
"13420","RILPL2","Exc L3-4 RORB CUX2",0.0659344026758024,4.48638719834815,5.86074014241388,0.0161676384494181,0.0440072997459538,0.0440072997459538,"gpath_trio"
"13421","SNRNP35","Exc L3-4 RORB CUX2",-0.0728304062185133,3.84283901272351,6.48200431301484,0.0114748944275947,0.0331290777156158,0.0331290777156158,"gpath_trio"
"13422","RILPL1","Exc L3-4 RORB CUX2",0.0999557296813238,6.09769233739214,24.5597696218321,1.29993245111169e-06,1.31789634176776e-05,1.31789634176776e-05,"gpath_trio"
"13423","AC055713.1","Exc L3-4 RORB CUX2",0.0116838842649271,1.20611648242023,0.0347739107171893,0.852215623478402,0.918376582682008,0.918376582682008,"gpath_trio"
"13424","TMED2","Exc L3-4 RORB CUX2",-0.121285580785703,4.32820075319813,24.1442870943141,1.58324702949711e-06,1.5651626842757e-05,1.5651626842757e-05,"gpath_trio"
"13425","DDX55","Exc L3-4 RORB CUX2",0.0631914005001866,4.47217482043651,5.43315367339101,0.0205229673303921,0.0533983577367372,0.0533983577367372,"gpath_trio"
"13426","EIF2B1","Exc L3-4 RORB CUX2",-0.0804228976387744,4.75228555531026,12.1779244615287,0.000567837666821745,0.00261197558780864,0.00261197558780864,"gpath_trio"
"13427","GTF2H3","Exc L3-4 RORB CUX2",0.00852347094052626,5.122786110501,0.180685206536988,0.980339990829374,0.989858331163736,0.989858331163736,"gpath_trio"
"13428","TCTN2","Exc L3-4 RORB CUX2",0.0400878193574618,4.202734889482,2.48419350427207,0.234940063258552,0.367463817058787,0.367463817058787,"gpath_trio"
"13429","AC117503.1","Exc L3-4 RORB CUX2",-0.228379172045995,0.908055362199037,6.95722389810674,0.00885118694036992,0.0267284498173228,0.0267284498173228,"gpath_trio"
"13430","ATP6V0A2","Exc L3-4 RORB CUX2",0.0303731245501675,5.41500730378428,2.08329747028039,0.150121895661581,0.261501402605111,0.261501402605111,"gpath_trio"
"13431","DNAH10","Exc L3-4 RORB CUX2",0.0265813518052265,3.30044527071367,0.381066645466132,0.537573160000478,0.676366604490779,0.676366604490779,"gpath_trio"
"13432","CCDC92","Exc L3-4 RORB CUX2",0.0689071236069562,7.52392214718567,13.5112550941029,0.000288025045203438,0.00146223082208842,0.00146223082208842,"gpath_trio"
"13433","ZNF664","Exc L3-4 RORB CUX2",-0.0411762872470756,-0.218711045468633,0.103447524407417,0.747989464127911,0.847172707504666,0.847172707504666,"gpath_trio"
"13434","RFLNA","Exc L3-4 RORB CUX2",-0.0196489104872064,5.54572471963918,0.443748142345215,0.505909508535266,0.648234327726141,0.648234327726141,"gpath_trio"
"13435","NCOR2","Exc L3-4 RORB CUX2",0.0598120075100151,6.51138978575508,6.46700734638371,0.0115697037907746,0.0333789180578976,0.0333789180578976,"gpath_trio"
"13436","SCARB1","Exc L3-4 RORB CUX2",0.0755244650695829,5.45709867209789,13.997228483497,0.000225297507568702,0.00118380399908273,0.00118380399908273,"gpath_trio"
"13437","UBC","Exc L3-4 RORB CUX2",-0.154388825452851,6.69628541556868,18.6492094589653,2.23667135988434e-05,0.000158666823789264,0.000158666823789264,"gpath_trio"
"13438","DHX37","Exc L3-4 RORB CUX2",0.036730365697214,2.9490304978535,1.48108180733008,0.224708818603933,0.355206488704407,0.355206488704407,"gpath_trio"
"13439","BRI3BP","Exc L3-4 RORB CUX2",0.0187671607248908,5.53448443669487,0.967574524488257,0.326200259333567,0.471931891864806,0.471931891864806,"gpath_trio"
"13440","AACS","Exc L3-4 RORB CUX2",0.0595436483690763,6.89977461688356,6.91851753018326,0.00903962220602808,0.0272241197203488,0.0272241197203488,"gpath_trio"
"13441","TMEM132B","Exc L3-4 RORB CUX2",0.112931316141861,9.260587339478,57.6035260754831,5.74095079418105e-13,2.81850373742576e-11,2.81850373742576e-11,"gpath_trio"
"13442","LINC00939","Exc L3-4 RORB CUX2",0.0226299225980529,-0.307289897704339,0.0355630823315886,0.85056773262104,0.916873477539511,0.916873477539511,"gpath_trio"
"13443","AC005186.1","Exc L3-4 RORB CUX2",-0.0767841504802809,2.48692593173949,0.6125777082975,0.434531153262744,0.581922735949277,0.581922735949277,"gpath_trio"
"13444","LINC02359","Exc L3-4 RORB CUX2",0.117807830832963,4.40362606560445,5.89050972822736,0.0159026553598997,0.0434384066999698,0.0434384066999698,"gpath_trio"
"13445","AC007368.2","Exc L3-4 RORB CUX2",-0.467376688481267,-0.374364643705681,11.6037805090264,0.000762413432978116,0.00336579671998545,0.00336579671998545,"gpath_trio"
"13446","LINC02347","Exc L3-4 RORB CUX2",0.0236587513242789,4.36714477109357,0.212754792529476,0.645002360285541,0.766322514502137,0.766322514502137,"gpath_trio"
"13447","LINC02405","Exc L3-4 RORB CUX2",-0.0981935547996303,0.793552174233841,1.58005342035709,0.397500617710543,0.545660676485691,0.545660676485691,"gpath_trio"
"13448","AC079949.2","Exc L3-4 RORB CUX2",0.0330538726412391,-0.696328776377321,0.0940478173219157,0.759338365447322,0.856212471721547,0.856212471721547,"gpath_trio"
"13449","AC087894.2","Exc L3-4 RORB CUX2",0.000629791719927248,1.89526285937213,0.000183787831063787,0.989193936766452,0.994765610321163,0.994765610321163,"gpath_trio"
"13450","LINC00507","Exc L3-4 RORB CUX2",-0.0793674691241943,5.91334038520316,2.78022477973902,0.0966387327703169,0.185719797451052,0.185719797451052,"gpath_trio"
"13451","LINC00508","Exc L3-4 RORB CUX2",-0.624471716733587,3.01290336830791,39.6315747920976,1.30429765415416e-09,2.79047774894594e-08,2.79047774894594e-08,"gpath_trio"
"13452","TMEM132C","Exc L3-4 RORB CUX2",0.245754173399395,5.74644869905991,18.0647624558411,2.97852491807813e-05,0.000205024424107531,0.000205024424107531,"gpath_trio"
"13453","SLC15A4","Exc L3-4 RORB CUX2",-0.0348645116700664,5.02507393075308,3.60084603680682,0.0588579248583813,0.125505560262615,0.125505560262615,"gpath_trio"
"13454","GLT1D1","Exc L3-4 RORB CUX2",0.0355355352763471,5.83472803119252,4.28065973758121,0.0395366634185216,0.0914319331119523,0.0914319331119523,"gpath_trio"
"13455","TMEM132D","Exc L3-4 RORB CUX2",0.123519462807438,9.8729485398622,47.079548767491,4.97078998664658e-11,1.52641838631042e-09,1.52641838631042e-09,"gpath_trio"
"13456","RIMBP2","Exc L3-4 RORB CUX2",0.0935695718710703,7.46982673189925,28.2291754879189,2.31755127247807e-07,2.8423463174617e-06,2.8423463174617e-06,"gpath_trio"
"13457","AC095350.1","Exc L3-4 RORB CUX2",-0.142200046889063,0.0362175328942907,1.92762588782708,0.166206744099112,0.282257665168315,0.282257665168315,"gpath_trio"
"13458","STX2","Exc L3-4 RORB CUX2",0.0139205262539405,5.33007571632946,0.486992588546164,0.485895508837778,0.629459983577656,0.629459983577656,"gpath_trio"
"13459","AC073912.1","Exc L3-4 RORB CUX2",-0.41478126010464,-0.0465586779829284,18.8902740746565,1.98800258733174e-05,0.000143396325346507,0.000143396325346507,"gpath_trio"
"13460","RAN","Exc L3-4 RORB CUX2",-0.21044448703277,5.24962325537753,65.6187165229008,2.13708554752174e-14,1.49707294865455e-12,1.49707294865455e-12,"gpath_trio"
"13461","ADGRD1","Exc L3-4 RORB CUX2",0.128070997131331,0.949662599929931,2.27764100232617,0.132465575818447,0.237999197803649,0.237999197803649,"gpath_trio"
"13462","AC073578.2","Exc L3-4 RORB CUX2",0.349380206403906,0.733796900170221,3.9657555691818,0.0474809375972992,0.105731558060211,0.105731558060211,"gpath_trio"
"13463","SFSWAP","Exc L3-4 RORB CUX2",0.0630240801507944,6.36037410467044,13.8378244604048,0.000244175987119494,0.00127063465053799,0.00127063465053799,"gpath_trio"
"13464","MMP17","Exc L3-4 RORB CUX2",0.0300100692964639,6.01217336401286,1.1364881933597,0.287384529919429,0.42919612221945,0.42919612221945,"gpath_trio"
"13465","AC131009.2","Exc L3-4 RORB CUX2",0.213779774114572,3.49949984706176,12.5475740965352,0.000470080281442701,0.00222521578557168,0.00222521578557168,"gpath_trio"
"13466","ULK1","Exc L3-4 RORB CUX2",0.0129488382658429,5.92573994570315,0.439460227551389,0.507970344850093,0.650056930597806,0.650056930597806,"gpath_trio"
"13467","AC131009.1","Exc L3-4 RORB CUX2",0.0468983916545057,0.377371597617625,0.420549934838538,0.517235085339601,0.658215873136045,0.658215873136045,"gpath_trio"
"13468","PUS1","Exc L3-4 RORB CUX2",0.00849440627877929,4.66636451857889,0.121407605870511,0.727794773887488,0.83191272312635,0.83191272312635,"gpath_trio"
"13469","EP400","Exc L3-4 RORB CUX2",0.04917140573932,6.36969614137579,10.6287035818523,0.00126202537077905,0.00517191993814082,0.00517191993814082,"gpath_trio"
"13470","DDX51","Exc L3-4 RORB CUX2",0.0197043702074739,4.97077765567623,0.425162259232488,0.514948339561886,0.656222589824339,0.656222589824339,"gpath_trio"
"13471","NOC4L","Exc L3-4 RORB CUX2",-0.118755070940083,1.78716236927119,6.26252156399714,0.0129463496639861,0.0366998179669691,0.0366998179669691,"gpath_trio"
"13472","LINC02361","Exc L3-4 RORB CUX2",-0.122459548007709,0.247746071513077,1.73789218836048,0.188566261400876,0.311052181241916,0.311052181241916,"gpath_trio"
"13473","GALNT9","Exc L3-4 RORB CUX2",-0.00138858948183747,6.03760188238599,0.00332636065165312,0.954052116811613,0.97734499279298,0.97734499279298,"gpath_trio"
"13474","AC148477.2","Exc L3-4 RORB CUX2",-0.171086701944035,-0.503058642415223,2.46999446121124,0.117254408632661,0.216175426680429,0.216175426680429,"gpath_trio"
"13475","AC148477.1","Exc L3-4 RORB CUX2",-0.124043197594468,-0.604997397402798,1.12189214666898,0.290494373138571,0.43279029111931,0.43279029111931,"gpath_trio"
"13476","FBRSL1","Exc L3-4 RORB CUX2",0.106356603721113,5.17122586059137,30.7357612670466,7.25512344733241e-08,1.00668580158137e-06,1.00668580158137e-06,"gpath_trio"
"13477","LRCOL1","Exc L3-4 RORB CUX2",-0.146106088191344,-1.35881192907238,0.689116760288697,0.40722651724838,0.555510116758365,0.555510116758365,"gpath_trio"
"13478","P2RX2","Exc L3-4 RORB CUX2",0.252614191142635,-1.93117082647513,1.02298460681213,0.312756016848852,0.457434583146701,0.457434583146701,"gpath_trio"
"13479","POLE","Exc L3-4 RORB CUX2",0.0668285260825596,4.18413399192851,2.17445744418093,0.14152878040098,0.249986267255276,0.249986267255276,"gpath_trio"
"13480","PXMP2","Exc L3-4 RORB CUX2",-0.24944771950896,-0.724230828170845,4.76132389364863,0.0300015644739651,0.0727545019360179,0.0727545019360179,"gpath_trio"
"13481","AC135586.2","Exc L3-4 RORB CUX2",0.0152913608749006,1.4534564702756,0.0885061417979943,0.836247107233238,0.907107123416881,0.907107123416881,"gpath_trio"
"13482","PGAM5","Exc L3-4 RORB CUX2",-0.0871279802196584,3.15529619687572,6.48934240433295,0.0114287965929678,0.033024344208411,0.033024344208411,"gpath_trio"
"13483","ANKLE2","Exc L3-4 RORB CUX2",0.00682358107070622,5.04396525235063,0.119270702040941,0.730106055599347,0.833421391406407,0.833421391406407,"gpath_trio"
"13484","GOLGA3","Exc L3-4 RORB CUX2",0.0667680868546189,5.95032872457133,15.1633221766335,0.000125415527177804,0.000709604422660072,0.000709604422660072,"gpath_trio"
"13485","CHFR","Exc L3-4 RORB CUX2",0.0152325331127774,6.27980634755756,1.16221121065198,0.282006571600587,0.42316716861598,0.42316716861598,"gpath_trio"
"13486","AC127070.2","Exc L3-4 RORB CUX2",-0.174775056281839,0.619676491723428,8.05557671630551,0.00791387650536257,0.0243499250412826,0.0243499250412826,"gpath_trio"
"13487","ZNF26","Exc L3-4 RORB CUX2",-0.0217790424125357,4.9603431960456,0.876065022945042,0.350150223757215,0.497554638984491,0.497554638984491,"gpath_trio"
"13488","AC073911.1","Exc L3-4 RORB CUX2",0.0495624880370195,-0.796482277622422,0.172307334889024,0.67841161400873,0.793492626391451,0.793492626391451,"gpath_trio"
"13489","ZNF84","Exc L3-4 RORB CUX2",0.00633032617083859,5.4394315263451,0.116044897832132,0.733639429962519,0.836417349660156,0.836417349660156,"gpath_trio"
"13490","ZNF140","Exc L3-4 RORB CUX2",0.00802324492280489,3.81500215772619,0.0733302769480015,0.996791589268326,0.99852384873329,0.99852384873329,"gpath_trio"
"13491","ZNF891","Exc L3-4 RORB CUX2",0.121395874752911,4.13930475877276,20.9582049397618,7.28134978117708e-06,5.95465066215028e-05,5.95465066215028e-05,"gpath_trio"
"13492","AC026786.2","Exc L3-4 RORB CUX2",-0.19291800298959,-0.797162851089978,2.84768209053298,0.0927049622673843,0.179769570717462,0.179769570717462,"gpath_trio"
"13493","ZNF10","Exc L3-4 RORB CUX2",0.0496266367310054,-0.313333385069958,0.234067719171804,0.628931156690832,0.75308244324515,0.75308244324515,"gpath_trio"
"13494","AC026786.1","Exc L3-4 RORB CUX2",0.0773273734414468,1.57459157905086,1.79456878309138,0.534165294203145,0.67329656444761,0.67329656444761,"gpath_trio"
"13495","ZNF268","Exc L3-4 RORB CUX2",0.0270067254748003,3.09927763040079,0.375830463673298,0.540379058859737,0.678965405274659,0.678965405274659,"gpath_trio"
"13496","LINC00349","Exc L3-4 RORB CUX2",0.244645035279298,-0.561863509802507,3.07734927247673,0.0805678747670125,0.161253844838875,0.161253844838875,"gpath_trio"
"13497","LINC00387","Exc L3-4 RORB CUX2",-0.199096563573584,-0.226228399673439,3.8592580828364,0.050537169781587,0.111150921219178,0.111150921219178,"gpath_trio"
"13498","TPTE2","Exc L3-4 RORB CUX2",-0.160944815828148,2.95344219563577,8.97034572424311,0.00300870884226348,0.010802758656819,0.010802758656819,"gpath_trio"
"13499","MPHOSPH8","Exc L3-4 RORB CUX2",-0.00719373162831673,8.20482051214251,0.0721666785866186,0.788420858978839,0.876192069510745,0.876192069510745,"gpath_trio"
"13500","PSPC1","Exc L3-4 RORB CUX2",0.0397823057424989,7.3207885754979,7.33161488408199,0.00722447944467327,0.0225346123680092,0.0225346123680092,"gpath_trio"
"13501","ZMYM5","Exc L3-4 RORB CUX2",0.0585975742844692,5.62019362133672,6.99603963311309,0.00866628188858429,0.0262407679877214,0.0262407679877214,"gpath_trio"
"13502","AL355001.1","Exc L3-4 RORB CUX2",-0.335986709021122,1.39959702780383,28.3615614897108,2.17895631361422e-07,2.69200512107574e-06,2.69200512107574e-06,"gpath_trio"
"13503","AL355001.2","Exc L3-4 RORB CUX2",-0.215218715825454,0.119550368905882,5.85354326583896,0.0162323837802829,0.0441597010203893,0.0441597010203893,"gpath_trio"
"13504","ZMYM2","Exc L3-4 RORB CUX2",0.0437313945232672,7.65203704120638,8.75137156093587,0.00337860615588687,0.0119354542453191,0.0119354542453191,"gpath_trio"
"13505","CRYL1","Exc L3-4 RORB CUX2",0.0208574861895611,6.33034684661104,0.933659958101484,0.334811573645005,0.481249893009972,0.481249893009972,"gpath_trio"
"13506","IFT88","Exc L3-4 RORB CUX2",0.0249278996169069,5.38230016289166,0.781673594994822,0.377446585108162,0.52567892134179,0.52567892134179,"gpath_trio"
"13507","AL161772.1","Exc L3-4 RORB CUX2",-0.215437614647721,3.72404839884582,33.8193441531446,1.76864281533787e-08,2.89394718568059e-07,2.89394718568059e-07,"gpath_trio"
"13508","IL17D","Exc L3-4 RORB CUX2",0.0155212971496454,4.66153026916877,0.283932940281344,0.594590056330395,0.724781245028441,0.724781245028441,"gpath_trio"
"13509","EEF1AKMT1","Exc L3-4 RORB CUX2",0.0184311351993677,4.1875227041855,0.458087617612916,0.935272255594053,0.969001830711964,0.969001830711964,"gpath_trio"
"13510","XPO4","Exc L3-4 RORB CUX2",0.0225246384118148,6.2433302193978,1.89564179319402,0.992299988716343,0.9965295411113,0.9965295411113,"gpath_trio"
"13511","LATS2","Exc L3-4 RORB CUX2",-0.711762187454986,-1.04916909470849,11.8114273844089,0.000685227468439797,0.00307415258522858,0.00307415258522858,"gpath_trio"
"13512","SAP18","Exc L3-4 RORB CUX2",-0.213888686889554,5.09827266677084,79.8736361896513,7.55907213686306e-17,9.48340274019574e-15,9.48340274019574e-15,"gpath_trio"
"13513","SKA3","Exc L3-4 RORB CUX2",-0.0598491908071404,0.333603294049267,0.538208566908959,0.463837081919322,0.609397833271837,0.609397833271837,"gpath_trio"
"13514","MRPL57","Exc L3-4 RORB CUX2",-0.16175853255805,4.32612221117167,48.6065598962956,2.57500543933726e-11,8.69089049673302e-10,8.69089049673302e-10,"gpath_trio"
"13515","LINC00539","Exc L3-4 RORB CUX2",0.145306941447947,1.0269585461699,4.43952362469607,0.0360740071359545,0.084788069915987,0.084788069915987,"gpath_trio"
"13516","ZDHHC20","Exc L3-4 RORB CUX2",0.0635228842227003,6.58177996482536,16.7380790997969,5.72844196004828e-05,0.000361838811972367,0.000361838811972367,"gpath_trio"
"13517","MICU2","Exc L3-4 RORB CUX2",0.00513774780086915,7.13371007624437,0.142423064928884,0.706191800424624,0.815645047421188,0.815645047421188,"gpath_trio"
"13518","FGF9","Exc L3-4 RORB CUX2",-0.147066601178949,5.41602281301631,27.3736301388524,3.45534202358269e-07,4.04828834644487e-06,4.04828834644487e-06,"gpath_trio"
"13519","AL136962.1","Exc L3-4 RORB CUX2",0.0258094215977425,0.601879784419239,0.129967965255478,0.937516195680985,0.969819476381268,0.969819476381268,"gpath_trio"
"13520","LINC00621","Exc L3-4 RORB CUX2",0.0410757700296664,2.52671399612914,0.771844393975065,0.380458231117999,0.528635186692594,0.528635186692594,"gpath_trio"
"13521","AL157931.1","Exc L3-4 RORB CUX2",0.180751505544881,0.338948236936098,4.7731898922435,0.0297993104213386,0.0723118941244295,0.0723118941244295,"gpath_trio"
"13522","SGCG","Exc L3-4 RORB CUX2",0.329271248998292,2.96566604008429,11.2972855442835,0.000892839533855793,0.00384237150075525,0.00384237150075525,"gpath_trio"
"13523","SACS","Exc L3-4 RORB CUX2",0.093464694682799,6.82339813569675,27.9188110123785,2.67841134219915e-07,3.22801366958589e-06,3.22801366958589e-06,"gpath_trio"
"13524","SACS-AS1","Exc L3-4 RORB CUX2",-0.162888780252173,-0.790262691547722,1.60896256386388,0.205772208172209,0.33280858584851,0.33280858584851,"gpath_trio"
"13525","LINC00327","Exc L3-4 RORB CUX2",0.193308761980945,1.33677435777403,6.83687330533521,0.00945077688434582,0.0282347732328857,0.0282347732328857,"gpath_trio"
"13526","TNFRSF19","Exc L3-4 RORB CUX2",0.239911480497706,2.96629072211693,17.2099445447458,4.53673707402929e-05,0.000296209289542204,0.000296209289542204,"gpath_trio"
"13527","MIPEP","Exc L3-4 RORB CUX2",0.0509641798889112,5.87055410288387,5.9884449023514,0.0150622630516805,0.0416275557626922,0.0416275557626922,"gpath_trio"
"13528","C1QTNF9B","Exc L3-4 RORB CUX2",-0.0659644121376236,-0.755016471052545,0.121930328614336,0.72723287424665,0.831438512807529,0.831438512807529,"gpath_trio"
"13529","ATP12A","Exc L3-4 RORB CUX2",-0.0533904942971221,0.540893611530485,0.53776879356973,0.797303063463593,0.881656764099622,0.881656764099622,"gpath_trio"
"13530","RNF17","Exc L3-4 RORB CUX2",-0.425884199777133,0.599319094844899,7.58963908260919,0.00628527697645059,0.0201502404258526,0.0201502404258526,"gpath_trio"
"13531","CENPJ","Exc L3-4 RORB CUX2",0.152664171628177,4.7023748303714,17.2983040012069,4.34319598458096e-05,0.000285048728005598,0.000285048728005598,"gpath_trio"
"13532","PABPC3","Exc L3-4 RORB CUX2",0.240799024930791,1.11829655409972,11.2802042421508,0.000900743884003071,0.0038706087028247,0.0038706087028247,"gpath_trio"
"13533","AMER2","Exc L3-4 RORB CUX2",0.00791999271325493,4.39711973760155,0.0610964136892199,0.804966393262319,0.887151588772385,0.887151588772385,"gpath_trio"
"13534","MTMR6","Exc L3-4 RORB CUX2",-0.0569925899406343,5.06697877741895,8.7751223577247,0.00333633021242654,0.0118047109848659,0.0118047109848659,"gpath_trio"
"13535","NUP58","Exc L3-4 RORB CUX2",-0.0128751944601832,6.01576833738207,0.824109872008795,0.364821883392996,0.512840126634176,0.512840126634176,"gpath_trio"
"13536","ATP8A2","Exc L3-4 RORB CUX2",0.0900420787417538,9.47347895961677,24.0434114547307,1.66098201529375e-06,1.63305614807755e-05,1.63305614807755e-05,"gpath_trio"
"13537","RNF6","Exc L3-4 RORB CUX2",-0.0524821113158355,3.94789393450034,3.24700494016209,0.0727123257992024,0.148798817508483,0.148798817508483,"gpath_trio"
"13538","AL138966.2","Exc L3-4 RORB CUX2",-0.227507638983276,-1.12405075417051,2.48343611144966,0.116266575281589,0.21491833955356,0.21491833955356,"gpath_trio"
"13539","CDK8","Exc L3-4 RORB CUX2",0.0449964097870261,6.50779668280546,7.6644268859778,0.0060372284543682,0.0194791311748461,0.0194791311748461,"gpath_trio"
"13540","WASF3","Exc L3-4 RORB CUX2",-0.0119779484105489,5.21831276406007,0.488861424933279,0.618241399939543,0.744124820652684,0.744124820652684,"gpath_trio"
"13541","WASF3-AS1","Exc L3-4 RORB CUX2",-0.241034983093592,-0.0553620884796878,8.46540184189722,0.00393287402502297,0.0135379173272203,0.0135379173272203,"gpath_trio"
"13542","GPR12","Exc L3-4 RORB CUX2",0.0265466621519408,3.22106036564533,0.602944344733858,0.438162624588009,0.585010629155288,0.585010629155288,"gpath_trio"
"13543","AL160035.1","Exc L3-4 RORB CUX2",-0.356826257538969,-0.454240141347882,13.9145369797915,0.000234898269078692,0.00122837547399238,0.00122837547399238,"gpath_trio"
"13544","USP12","Exc L3-4 RORB CUX2",0.0412889324904664,5.11516361730843,4.54543618135088,0.0339441086349399,0.0805957857726152,0.0805957857726152,"gpath_trio"
"13545","USP12-AS1","Exc L3-4 RORB CUX2",-0.154700322863349,-0.724152464252057,1.35746434875932,0.245045208213677,0.379853021568263,0.379853021568263,"gpath_trio"
"13546","USP12-AS2","Exc L3-4 RORB CUX2",0.0346748057211613,-0.347186187646868,0.115842967679986,0.733862428280127,0.836553968457519,0.836553968457519,"gpath_trio"
"13547","LINC02340","Exc L3-4 RORB CUX2",5.59969586328706e-05,3.18892759402751,4.11759333368209e-07,0.999488501719092,0.999835408676253,0.999835408676253,"gpath_trio"
"13548","RPL21","Exc L3-4 RORB CUX2",-0.263989315440457,3.61122713866985,26.1073865538969,6.2587155683523e-07,6.80331824307692e-06,6.80331824307692e-06,"gpath_trio"
"13549","GTF3A","Exc L3-4 RORB CUX2",-0.072060056721478,5.33690294750105,10.1947099115365,0.00158183436408909,0.00626000555031334,0.00626000555031334,"gpath_trio"
"13550","MTIF3","Exc L3-4 RORB CUX2",-0.0377136931412121,4.92713264914087,1.94464531174711,0.164355373804126,0.279867460035301,0.279867460035301,"gpath_trio"
"13551","LNX2","Exc L3-4 RORB CUX2",0.015160445533368,4.05533272519978,0.222231010937845,0.637740546213688,0.760156889983526,0.760156889983526,"gpath_trio"
"13552","POLR1D","Exc L3-4 RORB CUX2",0.040540406717683,5.15867356152686,4.2083830660486,0.0412265373746177,0.0945380076759392,0.0945380076759392,"gpath_trio"
"13553","PLUT","Exc L3-4 RORB CUX2",-0.261703652237821,0.215236006962352,8.50850254463309,0.00384371671440553,0.0132740473661643,0.0132740473661643,"gpath_trio"
"13554","FLT3","Exc L3-4 RORB CUX2",-0.0241143257377157,3.41458952541477,0.0752963751970293,0.783993712169702,0.873435459862523,0.873435459862523,"gpath_trio"
"13555","PAN3-AS1","Exc L3-4 RORB CUX2",-0.0497552566139359,0.500941677713992,0.507108393502002,0.477031783587847,0.621071001154156,0.621071001154156,"gpath_trio"
"13556","PAN3","Exc L3-4 RORB CUX2",0.0529817999356817,7.16505124798707,17.2655465304637,4.4139526492186e-05,0.000289128229538913,0.000289128229538913,"gpath_trio"
"13557","FLT1","Exc L3-4 RORB CUX2",-0.0674469426416098,-0.662166601502537,0.106666722167701,0.744234160126394,0.844246510011245,0.844246510011245,"gpath_trio"
"13558","POMP","Exc L3-4 RORB CUX2",-0.251318021664437,4.72119911275938,129.836755762213,1.15129783075337e-24,1.65910240967495e-21,1.65910240967495e-21,"gpath_trio"
"13559","SLC46A3","Exc L3-4 RORB CUX2",0.0486273488705702,4.521057436745,1.59641874581783,0.207543188670315,0.335081932732362,0.335081932732362,"gpath_trio"
"13560","MTUS2","Exc L3-4 RORB CUX2",0.174884625759477,9.54457706742712,100.505347192865,3.27454870485573e-20,1.04863524000737e-17,1.04863524000737e-17,"gpath_trio"
"13561","MTUS2-AS2","Exc L3-4 RORB CUX2",-0.123594613665362,0.285328691527952,1.89424139887828,0.169908452695097,0.287262468207792,0.287262468207792,"gpath_trio"
"13562","MTUS2-AS1","Exc L3-4 RORB CUX2",-0.198338150259244,-0.342019929607315,3.56552365347996,0.0601043888532755,0.127777243953091,0.127777243953091,"gpath_trio"
"13563","SLC7A1","Exc L3-4 RORB CUX2",0.0180523670007961,5.30646741343106,0.332726286204769,0.56455720211401,0.700101664525419,0.700101664525419,"gpath_trio"
"13564","UBL3","Exc L3-4 RORB CUX2",0.0060595224073578,6.37922021957401,0.106272070679182,0.744691132906746,0.844432531834173,0.844432531834173,"gpath_trio"
"13565","LINC00365","Exc L3-4 RORB CUX2",-0.0646671603535659,-1.06377870830853,0.219698516439768,0.724889166576228,0.829703154272407,0.829703154272407,"gpath_trio"
"13566","LINC00384","Exc L3-4 RORB CUX2",0.0577239639841892,-0.693507543261014,0.270830351302861,0.60321815987405,0.731849562538875,0.731849562538875,"gpath_trio"
"13567","KATNAL1","Exc L3-4 RORB CUX2",0.0249215869962484,6.42500876467277,2.16284160136228,0.142592147483906,0.25140230494519,0.25140230494519,"gpath_trio"
"13568","LINC00426","Exc L3-4 RORB CUX2",0.161796887037468,2.26790157185079,5.61273133924962,0.0185615421458395,0.0492217550988843,0.0492217550988843,"gpath_trio"
"13569","UBE2L5","Exc L3-4 RORB CUX2",0.00147415748511146,1.86668687747242,0.000958588651447217,0.975324328692235,0.986818873187856,0.986818873187856,"gpath_trio"
"13570","HMGB1","Exc L3-4 RORB CUX2",0.109565560760757,7.87276756595432,48.4673415719057,2.73372649321589e-11,9.12523275268815e-10,9.12523275268815e-10,"gpath_trio"
"13571","USPL1","Exc L3-4 RORB CUX2",0.029842859121296,4.35078481530944,1.26031039084784,0.262627930070925,0.401068691937091,0.401068691937091,"gpath_trio"
"13572","LINC00398","Exc L3-4 RORB CUX2",0.148747295030553,-0.600810233604472,1.85781170155005,0.174056785116218,0.292718455536331,0.292718455536331,"gpath_trio"
"13573","TEX26-AS1","Exc L3-4 RORB CUX2",-0.340522179744674,-1.02013754892249,7.68462790024564,0.00597196886666642,0.019305315155423,0.019305315155423,"gpath_trio"
"13574","MEDAG","Exc L3-4 RORB CUX2",-0.162806476220595,-0.628331557727826,2.04411329527934,0.153996454884845,0.266529868754512,0.266529868754512,"gpath_trio"
"13575","TEX26","Exc L3-4 RORB CUX2",0.180998845765119,0.109363187534094,1.98343807162543,0.160223289268905,0.274639144908525,0.274639144908525,"gpath_trio"
"13576","HSPH1","Exc L3-4 RORB CUX2",0.0192681968048235,7.14020230918328,0.519863567921268,0.471547674844045,0.616856026054674,0.616856026054674,"gpath_trio"
"13577","B3GLCT","Exc L3-4 RORB CUX2",0.151103589404858,5.4082754681111,17.4520930054268,4.02605300009302e-05,0.000266575711443639,0.000266575711443639,"gpath_trio"
"13578","FRY","Exc L3-4 RORB CUX2",0.0617695376064182,8.65774844590075,20.7492644815903,8.05485907928014e-06,6.51590945968231e-05,6.51590945968231e-05,"gpath_trio"
"13579","FRY-AS1","Exc L3-4 RORB CUX2",-0.0802562304584972,3.0231202842565,4.95334563252866,0.0268980687092306,0.066430228450083,0.066430228450083,"gpath_trio"
"13580","BRCA2","Exc L3-4 RORB CUX2",-0.0331918549670059,1.0904246718306,0.203321233485245,0.652429103693037,0.772145079310554,0.772145079310554,"gpath_trio"
"13581","N4BP2L1","Exc L3-4 RORB CUX2",0.0621960680297972,6.77039880328164,9.98419169224267,0.00176563957050973,0.00685185614255611,0.00685185614255611,"gpath_trio"
"13582","N4BP2L2","Exc L3-4 RORB CUX2",0.0104653675028302,8.61038689959985,0.439370594853244,0.508013578045551,0.650056930597806,0.650056930597806,"gpath_trio"
"13583","PDS5B","Exc L3-4 RORB CUX2",0.0261744080953398,7.87065053351479,2.21672691718547,0.137734120202903,0.245042846128181,0.245042846128181,"gpath_trio"
"13584","AL138820.1","Exc L3-4 RORB CUX2",0.0194114363463721,0.757564687670207,0.101317849667361,0.750509377256084,0.849216303204795,0.849216303204795,"gpath_trio"
"13585","KL","Exc L3-4 RORB CUX2",-0.0856476609385622,-0.228946006193907,0.742228372010075,0.389741806552994,0.537496817773371,0.537496817773371,"gpath_trio"
"13586","STARD13","Exc L3-4 RORB CUX2",0.113587443181559,6.86260344855719,15.1955988784742,0.000123406950612166,0.000699432376728542,0.000699432376728542,"gpath_trio"
"13587","AL139383.1","Exc L3-4 RORB CUX2",-0.020343823397449,3.30671065916662,0.12507126243065,0.723884674683609,0.828904389250114,0.828904389250114,"gpath_trio"
"13588","RFC3","Exc L3-4 RORB CUX2",-0.0225399035753845,4.90291240461174,0.251676982643542,0.616321250861273,0.742744234880006,0.742744234880006,"gpath_trio"
"13589","LINC02343","Exc L3-4 RORB CUX2",-0.186423422067787,2.11230606008051,6.67624623421273,0.0103169455711925,0.0303550206940073,0.0303550206940073,"gpath_trio"
"13590","LINC00457","Exc L3-4 RORB CUX2",-0.14934985461547,1.80065100591144,3.55935509903125,0.060324948037773,0.128192103082165,0.128192103082165,"gpath_trio"
"13591","AL161716.1","Exc L3-4 RORB CUX2",-0.187146268268488,0.513927688019209,3.34217892734488,0.0686708931196152,0.142168832087043,0.142168832087043,"gpath_trio"
"13592","AL138690.1","Exc L3-4 RORB CUX2",0.0768979270558895,1.2620012244812,2.28551999515772,0.169307485869002,0.286390418999506,0.286390418999506,"gpath_trio"
"13593","NBEA","Exc L3-4 RORB CUX2",0.0793180586384287,9.91377809974466,28.9686262708168,1.64303992898806e-07,2.10065466206174e-06,2.10065466206174e-06,"gpath_trio"
"13594","DCLK1","Exc L3-4 RORB CUX2",0.0552935775312289,10.0053139184137,11.1291423744708,0.000973824906687481,0.0041501726853443,0.0041501726853443,"gpath_trio"
"13595","SOHLH2","Exc L3-4 RORB CUX2",-0.0914855734312731,-0.570735082149696,0.603411642004602,0.437985396281975,0.584917943336787,0.584917943336787,"gpath_trio"
"13596","CCDC169-SOHLH2","Exc L3-4 RORB CUX2",-0.0451182039998861,-0.715446662682938,0.13216989108726,0.71648816605865,0.823279915151684,0.823279915151684,"gpath_trio"
"13597","SPART","Exc L3-4 RORB CUX2",0.0595037748443479,6.32641890336641,7.28425169692238,0.00741198946525465,0.0230304770462826,0.0230304770462826,"gpath_trio"
"13598","SPART-AS1","Exc L3-4 RORB CUX2",0.144269190206863,1.97536749529467,8.28848709289651,0.0043216145444083,0.014670801520013,0.014670801520013,"gpath_trio"
"13599","CCNA1","Exc L3-4 RORB CUX2",-0.141444797498562,2.14159286300661,12.6494700939981,0.000446271045696971,0.00212698283650754,0.00212698283650754,"gpath_trio"
"13600","SERTM1","Exc L3-4 RORB CUX2",-0.00849601969008386,3.52096207508554,0.0395354871865475,0.842546952551718,0.911294953505115,0.911294953505115,"gpath_trio"
"13601","RFXAP","Exc L3-4 RORB CUX2",0.0598379831824287,4.68178031049415,6.05061667628082,0.0145527733246672,0.0404299369078989,0.0404299369078989,"gpath_trio"
"13602","SMAD9","Exc L3-4 RORB CUX2",0.0626632375405011,3.22851229408981,0.903394919009817,0.342755690349596,0.489425723887261,0.489425723887261,"gpath_trio"
"13603","ALG5","Exc L3-4 RORB CUX2",0.00773008909566816,4.43170723875205,0.122274550890813,0.978414267608206,0.988705627297548,0.988705627297548,"gpath_trio"
"13604","EXOSC8","Exc L3-4 RORB CUX2",-0.0415784207604882,3.01973981037431,1.56568022757827,0.211960114956371,0.340415166314662,0.340415166314662,"gpath_trio"
"13605","SUPT20H","Exc L3-4 RORB CUX2",0.0476099349379743,5.42546303876997,7.4618329784001,0.00673369024306276,0.0213001255336769,0.0213001255336769,"gpath_trio"
"13606","TRPC4","Exc L3-4 RORB CUX2",0.396298474121361,2.87838039986036,22.4918479994511,3.48234426285622e-06,3.12528004907136e-05,3.12528004907136e-05,"gpath_trio"
"13607","LINC02334","Exc L3-4 RORB CUX2",-0.138224755421591,-0.372862171353381,2.08050526543295,0.461336678548273,0.607140736445623,0.607140736445623,"gpath_trio"
"13608","LINC00571","Exc L3-4 RORB CUX2",0.0471153733962664,1.60819747044439,0.870120942828576,0.351787221091353,0.499270806189775,0.499270806189775,"gpath_trio"
"13609","UFM1","Exc L3-4 RORB CUX2",-0.02765764011419,4.68297583459443,1.66675393753429,0.197840562056426,0.322914217599926,0.322914217599926,"gpath_trio"
"13610","PROSER1","Exc L3-4 RORB CUX2",0.0294744380865474,3.92098966447958,1.7147336485377,0.191528291580693,0.314708372687462,0.314708372687462,"gpath_trio"
"13611","NHLRC3","Exc L3-4 RORB CUX2",-0.0251926150601895,5.46826971876066,1.10031163094176,0.295171765182871,0.438222864990742,0.438222864990742,"gpath_trio"
"13612","AL354809.1","Exc L3-4 RORB CUX2",-0.308816019957767,1.48633356574909,2.88212607502615,0.0907641718061501,0.176992766884697,0.176992766884697,"gpath_trio"
"13613","LHFPL6","Exc L3-4 RORB CUX2",0.114081809715734,8.10079779038399,16.3309830298927,7.0092582334701e-05,0.000428650454259652,0.000428650454259652,"gpath_trio"
"13614","COG6","Exc L3-4 RORB CUX2",0.0760407744325231,6.95266061219602,25.4139642191826,8.67805768188051e-07,9.10451449464063e-06,9.10451449464063e-06,"gpath_trio"
"13615","LINC00598","Exc L3-4 RORB CUX2",-0.160683855426525,-0.363135359008506,1.49701744674363,0.222238511517789,0.352473032575162,0.352473032575162,"gpath_trio"
"13616","FOXO1","Exc L3-4 RORB CUX2",0.529041505486849,-2.05967961818169,22.750416337695,0.00182536227137184,0.00705221827363592,0.00705221827363592,"gpath_trio"
"13617","MRPS31","Exc L3-4 RORB CUX2",0.0563274540890758,5.1714663283782,7.47892769423205,0.00667185615458566,0.0211509581896238,0.0211509581896238,"gpath_trio"
"13618","SLC25A15","Exc L3-4 RORB CUX2",-0.115750793702151,0.997511321844334,2.75749817411599,0.0980049173631866,0.187772954207245,0.187772954207245,"gpath_trio"
"13619","ELF1","Exc L3-4 RORB CUX2",-0.0379300697339822,3.25660407811354,0.815963115935149,0.367199220424142,0.515427834972313,0.515427834972313,"gpath_trio"
"13620","WBP4","Exc L3-4 RORB CUX2",-0.119243152367179,4.8891339543054,33.1655434251075,2.38201763603447e-08,3.75153831436342e-07,3.75153831436342e-07,"gpath_trio"
"13621","KBTBD6","Exc L3-4 RORB CUX2",-0.00869606161230497,4.31459681672461,0.0853443184645936,0.770414463329173,0.863739831387186,0.863739831387186,"gpath_trio"
"13622","AL354696.2","Exc L3-4 RORB CUX2",-0.0667895939673939,2.10025065425305,2.10460915031125,0.148061193192679,0.258895352111484,0.258895352111484,"gpath_trio"
"13623","KBTBD7","Exc L3-4 RORB CUX2",-0.143280506326397,3.21393220020343,17.5748153302986,3.78986897516082e-05,0.000253180816469767,0.000253180816469767,"gpath_trio"
"13624","MTRF1","Exc L3-4 RORB CUX2",0.0996586665710394,3.81794137521963,13.7226826182784,0.000258804652161674,0.00133744463559472,0.00133744463559472,"gpath_trio"
"13625","NAA16","Exc L3-4 RORB CUX2",0.0856934733064085,6.12732861088933,13.487320585663,0.000291537418405124,0.00147820241676888,0.00147820241676888,"gpath_trio"
"13626","RGCC","Exc L3-4 RORB CUX2",-0.378259613527976,0.268877024168792,2.40821505259879,0.12191624944643,0.223036648621999,0.223036648621999,"gpath_trio"
"13627","VWA8","Exc L3-4 RORB CUX2",0.0770600427188375,7.64729509081472,26.8724149500633,4.36948402474917e-07,4.96085200896536e-06,4.96085200896536e-06,"gpath_trio"
"13628","VWA8-AS1","Exc L3-4 RORB CUX2",-0.156349253613645,-0.25276263236411,2.85919737672461,0.0920511203546872,0.17887992228432,0.17887992228432,"gpath_trio"
"13629","DGKH","Exc L3-4 RORB CUX2",0.0174017554554409,6.42155830323188,0.576180867681685,0.44850079119702,0.594729909010839,0.594729909010839,"gpath_trio"
"13630","AKAP11","Exc L3-4 RORB CUX2",-0.00360387482808079,6.85985064488596,0.0358999763195054,0.849870025956281,0.916366189603333,0.916366189603333,"gpath_trio"
"13631","LINC02341","Exc L3-4 RORB CUX2",0.0938212954476586,1.87455345126978,0.763939205376029,0.382905135284331,0.53107991064113,0.53107991064113,"gpath_trio"
"13632","TNFSF11","Exc L3-4 RORB CUX2",-0.0451899816725138,-0.629838066551823,0.173000615978052,0.677801809322529,0.793101235534278,0.793101235534278,"gpath_trio"
"13633","DNAJC15","Exc L3-4 RORB CUX2",-0.00121503809570942,4.64359870696346,0.00169282087426812,0.967212749589417,0.982999205227268,0.982999205227268,"gpath_trio"
"13634","ENOX1","Exc L3-4 RORB CUX2",0.12755692317801,9.09748198987489,47.5909697082979,3.98639514717396e-11,1.27106501195099e-09,1.27106501195099e-09,"gpath_trio"
"13635","CCDC122","Exc L3-4 RORB CUX2",-0.0949965321106662,3.88714238151254,3.13954227513946,0.0775864201262434,0.156708537671675,0.156708537671675,"gpath_trio"
"13636","AL512506.3","Exc L3-4 RORB CUX2",0.0474899051108669,0.378113013583075,0.248106189280182,0.618832783770516,0.744621238573389,0.744621238573389,"gpath_trio"
"13637","LINC00390","Exc L3-4 RORB CUX2",0.0808276767815444,3.20361158033973,1.60099778872265,0.206894614483413,0.334329102699469,0.334329102699469,"gpath_trio"
"13638","SMIM2-AS1","Exc L3-4 RORB CUX2",0.00194005834559462,2.2249123370255,0.00114885454096248,0.972987079856386,0.985690707924104,0.985690707924104,"gpath_trio"
"13639","SMIM2","Exc L3-4 RORB CUX2",0.0829329925121623,0.321356002524292,0.963085494683841,0.327322981641576,0.473250763553017,0.473250763553017,"gpath_trio"
"13640","AL138960.1","Exc L3-4 RORB CUX2",0.0636675849764623,0.405548709889666,0.791867383422612,0.466182922524607,0.611603619582126,0.611603619582126,"gpath_trio"
"13641","SERP2","Exc L3-4 RORB CUX2",-0.0591177636264918,5.81397936916344,11.9370375141608,0.000642443194038627,0.00291068750050063,0.00291068750050063,"gpath_trio"
"13642","TUSC8","Exc L3-4 RORB CUX2",0.0320500545962983,-0.322091687875905,0.0890890254898388,0.765576878286978,0.860269127372439,0.860269127372439,"gpath_trio"
"13643","TSC22D1","Exc L3-4 RORB CUX2",-0.0710145470808085,8.67349481105884,13.140679248656,0.000347571266301957,0.00171784671671778,0.00171784671671778,"gpath_trio"
"13644","TSC22D1-AS1","Exc L3-4 RORB CUX2",0.168624098697427,3.64250251837933,32.2522803595634,3.61544056768618e-08,5.43559793866794e-07,5.43559793866794e-07,"gpath_trio"
"13645","LINC00407","Exc L3-4 RORB CUX2",0.0449939324267108,5.41542309509466,2.07130758657251,0.151295558095476,0.263000851678116,0.263000851678116,"gpath_trio"
"13646","AL356515.1","Exc L3-4 RORB CUX2",-0.399574494302216,1.47852616204065,40.5308547808358,8.70912901557807e-10,1.94581038637085e-08,1.94581038637085e-08,"gpath_trio"
"13647","NUFIP1","Exc L3-4 RORB CUX2",0.0531064241498425,4.30778899283475,5.88353249984948,0.0458197090253671,0.102849647261547,0.102849647261547,"gpath_trio"
"13648","AL359706.1","Exc L3-4 RORB CUX2",-0.353294655886747,3.56999915960428,83.715776966662,1.72297495038066e-17,2.55595732528896e-15,2.55595732528896e-15,"gpath_trio"
"13649","GPALPP1","Exc L3-4 RORB CUX2",-0.0200737256763814,6.60530319582201,1.95942963361628,0.7133300312746,0.820913432260856,0.820913432260856,"gpath_trio"
"13650","GTF2F2","Exc L3-4 RORB CUX2",0.0509544784282446,4.79046828036211,5.45613257713781,0.0202603884749498,0.052892512614145,0.052892512614145,"gpath_trio"
"13651","KCTD4","Exc L3-4 RORB CUX2",-0.0786078114686242,1.02328152706481,0.881651968686141,0.348621053515043,0.495730882059909,0.495730882059909,"gpath_trio"
"13652","TPT1","Exc L3-4 RORB CUX2",-0.22431877873713,5.75127763560128,79.9006901422586,7.48031748530676e-17,9.48340274019574e-15,9.48340274019574e-15,"gpath_trio"
"13653","AL138963.1","Exc L3-4 RORB CUX2",0.155394708604338,1.88786039220322,10.6508530067505,0.00124759409936387,0.00511901788787187,0.00511901788787187,"gpath_trio"
"13654","SLC25A30","Exc L3-4 RORB CUX2",0.0298141077685622,2.34068312014831,0.525304908628106,0.469239213903677,0.614733840292642,0.614733840292642,"gpath_trio"
"13655","SLC25A30-AS1","Exc L3-4 RORB CUX2",0.0329979624975795,0.0972362191389728,0.131073461575505,0.717615692084455,0.824293816203819,0.824293816203819,"gpath_trio"
"13656","COG3","Exc L3-4 RORB CUX2",0.00796350300097166,5.19112088478117,0.225335302680386,0.814162489574954,0.892945269213085,0.892945269213085,"gpath_trio"
"13657","ERICH6B","Exc L3-4 RORB CUX2",0.133615211250537,0.149936140767606,1.87125193786583,0.172512839041465,0.290497164482226,0.290497164482226,"gpath_trio"
"13658","SIAH3","Exc L3-4 RORB CUX2",0.145253846054248,2.93177859363519,7.6401221168645,0.00611671728514989,0.0197006339763568,0.0197006339763568,"gpath_trio"
"13659","ZC3H13","Exc L3-4 RORB CUX2",0.0743351250154332,6.73796818866465,11.185464135962,0.000945896525570543,0.00404567784680638,0.00404567784680638,"gpath_trio"
"13660","CPB2-AS1","Exc L3-4 RORB CUX2",0.153111726456906,4.25494666734155,14.5411938166602,0.000171321982152269,0.000929395264835177,0.000929395264835177,"gpath_trio"
"13661","CPB2","Exc L3-4 RORB CUX2",-0.182376620619722,1.20269547460074,6.52591467277844,0.0112018863683155,0.0324756513120802,0.0324756513120802,"gpath_trio"
"13662","LCP1","Exc L3-4 RORB CUX2",0.073366530185302,-0.0739279688896697,0.704779015943483,0.401953749014903,0.550171206763464,0.550171206763464,"gpath_trio"
"13663","RUBCNL","Exc L3-4 RORB CUX2",0.0671572527115837,4.00806344779688,2.16180335975507,0.142687631705885,0.251504715155184,0.251504715155184,"gpath_trio"
"13664","LINC01198","Exc L3-4 RORB CUX2",-0.164820236176934,-0.396422550073407,3.07088634984826,0.0808847500909151,0.161681346783336,0.161681346783336,"gpath_trio"
"13665","AL138686.1","Exc L3-4 RORB CUX2",-0.400739637654264,1.86134056868287,31.6370055199367,4.79342199714704e-08,6.99257330386417e-07,6.99257330386417e-07,"gpath_trio"
"13666","LRCH1","Exc L3-4 RORB CUX2",0.0484687351537018,6.537315571933,4.7899893157554,0.029515408405196,0.0717178567475405,0.0717178567475405,"gpath_trio"
"13667","ESD","Exc L3-4 RORB CUX2",-0.013440029177383,4.75581847907224,0.325549085060975,0.56878453120192,0.703872165674951,0.703872165674951,"gpath_trio"
"13668","HTR2A","Exc L3-4 RORB CUX2",0.0213103551071874,6.87836646467597,0.848133394808509,0.357934612550887,0.505583470282856,0.505583470282856,"gpath_trio"
"13669","HTR2A-AS1","Exc L3-4 RORB CUX2",0.110003925251939,-1.11716538769188,0.384710060437448,0.535636447647319,0.674771484938162,0.674771484938162,"gpath_trio"
"13670","SUCLA2","Exc L3-4 RORB CUX2",-0.0138575710997622,6.14978831073858,0.48750146105434,0.485667938834171,0.629228786667057,0.629228786667057,"gpath_trio"
"13671","SUCLA2-AS1","Exc L3-4 RORB CUX2",-0.151897096896704,1.6700402760849,8.54339383675846,0.00377305901476759,0.0130703065973448,0.0130703065973448,"gpath_trio"
"13672","NUDT15","Exc L3-4 RORB CUX2",-0.158186931628914,2.26795980589543,16.478895994426,6.5133451647098e-05,0.000404283814560404,0.000404283814560404,"gpath_trio"
"13673","AL158196.1","Exc L3-4 RORB CUX2",-0.0985053855706928,0.0980173021763185,1.09711723956907,0.295872320831639,0.438978090364636,0.438978090364636,"gpath_trio"
"13674","MED4","Exc L3-4 RORB CUX2",-0.00218126244403712,5.94352607789537,0.0113572719253032,0.915211899935676,0.957203614478059,0.957203614478059,"gpath_trio"
"13675","ITM2B","Exc L3-4 RORB CUX2",-0.0744779479563112,7.15291947580533,17.3359881399617,4.26321688470633e-05,0.000280164171494952,0.000280164171494952,"gpath_trio"
"13676","RB1-DT","Exc L3-4 RORB CUX2",-0.135711738668701,-0.682948463628665,1.61923786484699,0.204334848072286,0.331067672998214,0.331067672998214,"gpath_trio"
"13677","RB1","Exc L3-4 RORB CUX2",0.0720188188461104,7.06250488984126,17.8846889878554,3.25400119078187e-05,0.000221340101227324,0.000221340101227324,"gpath_trio"
"13678","LPAR6","Exc L3-4 RORB CUX2",-0.272893875209943,1.35845969513505,15.7488148819704,9.36274060282247e-05,0.000550869908608759,0.000550869908608759,"gpath_trio"
"13679","RCBTB2","Exc L3-4 RORB CUX2",0.0986025124927881,3.48147507022006,7.72692260032314,0.00583767170987328,0.0189427175692358,0.0189427175692358,"gpath_trio"
"13680","FNDC3A","Exc L3-4 RORB CUX2",0.0386646585854432,7.15532845653587,4.00636135474821,0.0463678651237904,0.103860481764932,0.103860481764932,"gpath_trio"
"13681","CDADC1","Exc L3-4 RORB CUX2",-0.0202366782417001,4.07540067957472,0.734210289145815,0.392310913555132,0.540314156557582,0.540314156557582,"gpath_trio"
"13682","CAB39L","Exc L3-4 RORB CUX2",0.0190005194562149,5.66615448800883,0.746382788492844,0.388420164469965,0.536223950881452,0.536223950881452,"gpath_trio"
"13683","SETDB2","Exc L3-4 RORB CUX2",0.055166754901709,5.3938057919266,8.53676531114541,0.00378637921555304,0.0131077008667777,0.0131077008667777,"gpath_trio"
"13684","PHF11","Exc L3-4 RORB CUX2",-0.245206522121831,4.36138313782476,37.3931580141045,3.52330456926898e-09,6.94369513602397e-08,6.94369513602397e-08,"gpath_trio"
"13685","RCBTB1","Exc L3-4 RORB CUX2",0.0287907074236365,3.80664355906582,0.998044271213225,0.318713028288143,0.463994468589499,0.463994468589499,"gpath_trio"
"13686","EBPL","Exc L3-4 RORB CUX2",-0.00412164390491548,3.74914872126188,0.0087049239954039,0.925736939705484,0.962869865210473,0.962869865210473,"gpath_trio"
"13687","KPNA3","Exc L3-4 RORB CUX2",0.0053254823780486,6.63804374367174,0.15656631384265,0.692662180758825,0.80485126554961,0.80485126554961,"gpath_trio"
"13688","SPRYD7","Exc L3-4 RORB CUX2",-0.0720827292478422,4.8037225381552,11.0060199248706,0.00103783931202734,0.0043767575501989,0.0043767575501989,"gpath_trio"
"13689","DLEU2","Exc L3-4 RORB CUX2",0.104586162040595,7.13758495181766,18.6564280020308,2.2287862099181e-05,0.000158163073461476,0.000158163073461476,"gpath_trio"
"13690","TRIM13","Exc L3-4 RORB CUX2",-0.0175355130120816,5.28361465980097,1.04828175073622,0.306854777962281,0.450961184833116,0.450961184833116,"gpath_trio"
"13691","KCNRG","Exc L3-4 RORB CUX2",0.0109930093395035,-0.768207628769929,0.00843159210603086,0.926908818550795,0.963589705480615,0.963589705480615,"gpath_trio"
"13692","DLEU7","Exc L3-4 RORB CUX2",0.0392430388233471,5.23363746656313,1.60312787649311,0.206593729671252,0.333923128995154,0.333923128995154,"gpath_trio"
"13693","DLEU7-AS1","Exc L3-4 RORB CUX2",-0.222773837255107,0.949496150678014,8.68405072434679,0.00350144080142645,0.0122705520529405,0.0122705520529405,"gpath_trio"
"13694","RNASEH2B-AS1","Exc L3-4 RORB CUX2",0.052405991886557,2.69375777513218,0.563063074057841,0.453707207449531,0.599824021572429,0.599824021572429,"gpath_trio"
"13695","RNASEH2B","Exc L3-4 RORB CUX2",0.0200103704840928,5.68680660847534,0.318447672221569,0.573028499247176,0.707345201438557,0.707345201438557,"gpath_trio"
"13696","C13orf42","Exc L3-4 RORB CUX2",-0.0787254755761361,-0.42482361949439,0.594608152049039,0.441342860415481,0.588233613588051,0.588233613588051,"gpath_trio"
"13697","FAM124A","Exc L3-4 RORB CUX2",0.0770616464968211,4.76818710490415,8.71046635083468,0.00345270645586403,0.0121377161085654,0.0121377161085654,"gpath_trio"
"13698","SERPINE3","Exc L3-4 RORB CUX2",-0.250911393590085,1.14696452165131,12.4192407576746,0.000501914173043431,0.00235053817111217,0.00235053817111217,"gpath_trio"
"13699","INTS6","Exc L3-4 RORB CUX2",0.0542487529266122,6.39789022910012,6.95004120665025,0.00888584619686743,0.026829085157408,0.026829085157408,"gpath_trio"
"13700","INTS6-AS1","Exc L3-4 RORB CUX2",0.0722955492724002,4.42093918409465,8.16011757272632,0.0046281728638322,0.0155440964754145,0.0155440964754145,"gpath_trio"
"13701","WDFY2","Exc L3-4 RORB CUX2",0.0280094481296337,5.94457001361689,2.24836420498419,0.148314293106282,0.25922557943509,0.25922557943509,"gpath_trio"
"13702","AL162377.3","Exc L3-4 RORB CUX2",0.025519216113421,1.62642520499526,0.175488306018684,0.675625388482095,0.791472663606217,0.791472663606217,"gpath_trio"
"13703","AL162377.1","Exc L3-4 RORB CUX2",-0.116894153226844,0.0906716752066957,2.22228356554816,0.137243869865868,0.244480614729521,0.244480614729521,"gpath_trio"
"13704","ATP7B","Exc L3-4 RORB CUX2",-0.000385370660610208,4.70666563838042,0.00012899344609075,0.990946908033636,0.99585607165519,0.99585607165519,"gpath_trio"
"13705","ALG11","Exc L3-4 RORB CUX2",-0.042261795326656,3.29351569820163,1.51756272165262,0.219101623814449,0.348747555065602,0.348747555065602,"gpath_trio"
"13706","UTP14C","Exc L3-4 RORB CUX2",-0.0279313200498949,3.68874874537042,0.869954047569026,0.506837900697267,0.649070372385894,0.649070372385894,"gpath_trio"
"13707","NEK5","Exc L3-4 RORB CUX2",-0.171667506116671,2.57772367410386,15.3811555717679,0.000112476125454272,0.000645394149897591,0.000645394149897591,"gpath_trio"
"13708","THSD1","Exc L3-4 RORB CUX2",0.0429218668343052,2.44869377554298,1.15417238119955,0.283673403175506,0.424941409939547,0.424941409939547,"gpath_trio"
"13709","VPS36","Exc L3-4 RORB CUX2",-0.0464797037921863,6.13250182431945,7.62336802850077,0.00617213699688589,0.0198506079885498,0.0198506079885498,"gpath_trio"
"13710","AL359513.1","Exc L3-4 RORB CUX2",-0.13450041019633,1.80836111993359,5.97864289345658,0.0203514255658817,0.0530683741491099,0.0530683741491099,"gpath_trio"
"13711","CKAP2","Exc L3-4 RORB CUX2",-0.0336893990675213,3.8896194095495,1.53763145505959,0.2160886199536,0.345177189830869,0.345177189830869,"gpath_trio"
"13712","HNRNPA1L2","Exc L3-4 RORB CUX2",0.00195510709219586,0.927602941944061,0.00113221788524661,0.973183306624051,0.985690707924104,0.985690707924104,"gpath_trio"
"13713","AL139089.1","Exc L3-4 RORB CUX2",-0.225100449495215,1.51872589940961,15.5476294058459,0.000103506410773382,0.000601452142094755,0.000601452142094755,"gpath_trio"
"13714","SUGT1","Exc L3-4 RORB CUX2",0.0563121130299405,5.68546526829196,9.81787003604688,0.00192617669907311,0.00738794960148289,0.00738794960148289,"gpath_trio"
"13715","CNMD","Exc L3-4 RORB CUX2",-0.0315798652913249,1.52337154738338,0.235448883051068,0.627921258296448,0.752230353668478,0.752230353668478,"gpath_trio"
"13716","PCDH8","Exc L3-4 RORB CUX2",-0.154329366830311,5.13679168579189,16.5434326835385,6.30825463365307e-05,0.000393412788976664,0.000393412788976664,"gpath_trio"
"13717","OLFM4","Exc L3-4 RORB CUX2",-0.147159143022976,1.19377652571336,6.50562464997274,0.011327193661438,0.0327871712080093,0.0327871712080093,"gpath_trio"
"13718","AL450423.1","Exc L3-4 RORB CUX2",0.153281476197662,3.07521097905657,2.3086631013664,0.129869708502996,0.234232198198458,0.234232198198458,"gpath_trio"
"13719","LINC00558","Exc L3-4 RORB CUX2",0.358613230338106,0.215634821371745,9.10024705449332,0.00280911868634886,0.0101913270090071,0.0101913270090071,"gpath_trio"
"13720","AL390964.1","Exc L3-4 RORB CUX2",0.135196899204424,0.197345738824731,0.387147509495061,0.534347866285111,0.673484613125639,0.673484613125639,"gpath_trio"
"13721","LINC02335","Exc L3-4 RORB CUX2",0.0475005708216191,0.925327602707633,0.104785149377325,0.746421345795719,0.845776503871308,0.845776503871308,"gpath_trio"
"13722","PCDH17","Exc L3-4 RORB CUX2",0.0806454944244607,4.70947632293575,1.23569305695492,0.26732954145621,0.406096942916876,0.406096942916876,"gpath_trio"
"13723","LINC02338","Exc L3-4 RORB CUX2",0.0957723652163018,-0.483593879531554,0.462800165543608,0.496923511918697,0.640234488342788,0.640234488342788,"gpath_trio"
"13724","DIAPH3","Exc L3-4 RORB CUX2",-0.0463999736786433,2.55759825266247,1.29228489510151,0.841291565027271,0.910474054523398,0.910474054523398,"gpath_trio"
"13725","TDRD3","Exc L3-4 RORB CUX2",0.0775052735293799,6.44854212651206,21.1579825773286,6.61203354058591e-06,5.49414236743496e-05,5.49414236743496e-05,"gpath_trio"
"13726","LINC01442","Exc L3-4 RORB CUX2",0.168451208073415,-1.21380966195229,1.13680525178504,0.287317450382746,0.429157441435693,0.429157441435693,"gpath_trio"
"13727","PCDH20","Exc L3-4 RORB CUX2",0.0429012939515389,-0.465136184095413,0.154046187252661,0.695019836696871,0.806698032755688,0.806698032755688,"gpath_trio"
"13728","LINC00376","Exc L3-4 RORB CUX2",-0.330509715973678,-1.15156148645311,4.8240494188597,0.0289484758220796,0.0705868382536205,0.0705868382536205,"gpath_trio"
"13729","LINC00395","Exc L3-4 RORB CUX2",-0.216434354932213,-1.29125306162174,0.869208716155323,0.3520393740288,0.499421510939655,0.499421510939655,"gpath_trio"
"13730","PCDH9","Exc L3-4 RORB CUX2",0.135488513449498,11.9298946812698,64.5671553205119,3.27455017169892e-14,2.18755131503397e-12,2.18755131503397e-12,"gpath_trio"
"13731","PCDH9-AS1","Exc L3-4 RORB CUX2",-0.53368382043402,3.95049842038452,93.9665843530912,3.62189158137453e-19,8.9111783724672e-17,8.9111783724672e-17,"gpath_trio"
"13732","PCDH9-AS2","Exc L3-4 RORB CUX2",-0.505603677150929,5.66997187674112,106.002926641229,4.49375735878386e-21,2.21125743203572e-18,2.21125743203572e-18,"gpath_trio"
"13733","PCDH9-AS3","Exc L3-4 RORB CUX2",-0.303262721142716,1.98557248804139,12.1586894952109,0.000573457078598008,0.0026342205283959,0.0026342205283959,"gpath_trio"
"13734","PCDH9-AS4","Exc L3-4 RORB CUX2",-0.334573200487412,1.76847202722237,20.7929575140943,7.88651010464219e-06,6.40964793532253e-05,6.40964793532253e-05,"gpath_trio"
"13735","KLHL1","Exc L3-4 RORB CUX2",0.147421102980608,1.66937438046399,1.95795534141267,0.162924007749739,0.277903318787753,0.277903318787753,"gpath_trio"
"13736","DACH1","Exc L3-4 RORB CUX2",0.348875196631347,3.68005451290324,26.9846815607771,4.14549428449908e-07,4.74930989152578e-06,4.74930989152578e-06,"gpath_trio"
"13737","MZT1","Exc L3-4 RORB CUX2",-0.0819645437235383,4.16505159160241,7.86113526707556,0.00543168408640251,0.0178505011309937,0.0178505011309937,"gpath_trio"
"13738","BORA","Exc L3-4 RORB CUX2",-0.00712550639684236,2.0179751073123,0.0209629531533473,0.88499209260936,0.939631645028335,0.939631645028335,"gpath_trio"
"13739","DIS3","Exc L3-4 RORB CUX2",-0.0105001671248786,4.7885223849361,0.299894298767719,0.584418474545986,0.716625704975704,0.716625704975704,"gpath_trio"
"13740","PIBF1","Exc L3-4 RORB CUX2",0.0586004737125787,7.06724356240628,16.776489200881,5.62056341710259e-05,0.000356363503897061,0.000356363503897061,"gpath_trio"
"13741","KLF5","Exc L3-4 RORB CUX2",0.0556037168936336,3.0847302214131,1.34561716608416,0.247109858905967,0.382289809326576,0.382289809326576,"gpath_trio"
"13742","LINC00393","Exc L3-4 RORB CUX2",-0.100453777759541,1.54075658060374,2.70101256117032,0.101493187027342,0.193220159601934,0.193220159601934,"gpath_trio"
"13743","KLF12","Exc L3-4 RORB CUX2",0.0865565711056147,7.84947580282796,13.5120120519418,0.000287914665739847,0.00146203835421632,0.00146203835421632,"gpath_trio"
"13744","AL355390.2","Exc L3-4 RORB CUX2",0.0065844830017366,-0.0771553964918569,0.0069279342304947,0.933729353331824,0.967986727479038,0.967986727479038,"gpath_trio"
"13745","TBC1D4","Exc L3-4 RORB CUX2",0.049256400797458,5.84680307329758,4.25475559942537,0.0401337485735106,0.0925465706940453,0.0925465706940453,"gpath_trio"
"13746","COMMD6","Exc L3-4 RORB CUX2",-0.0207612979553012,4.01014636031199,0.160060378471315,0.689429424197142,0.802008800852064,0.802008800852064,"gpath_trio"
"13747","UCHL3","Exc L3-4 RORB CUX2",-0.0149468830280538,4.4311703510043,0.275197959844083,0.600313022008147,0.729465471241003,0.729465471241003,"gpath_trio"
"13748","LMO7-AS1","Exc L3-4 RORB CUX2",-0.13263929855965,2.1565159523362,4.83035820756908,0.0288447244041323,0.0703593658388791,0.0703593658388791,"gpath_trio"
"13749","LMO7","Exc L3-4 RORB CUX2",0.0369881680686525,6.98014824505379,4.74512772901193,0.030279951862649,0.0733194945786057,0.0733194945786057,"gpath_trio"
"13750","LMO7DN","Exc L3-4 RORB CUX2",0.344454470127004,0.0407960983328089,8.31571309510193,0.00425931763748877,0.0144959064332551,0.0144959064332551,"gpath_trio"
"13751","KCTD12","Exc L3-4 RORB CUX2",-0.0485686987138658,2.87843333171414,1.09276688068834,0.296829835674479,0.439947893379871,0.439947893379871,"gpath_trio"
"13752","AC000403.1","Exc L3-4 RORB CUX2",-0.203506190223824,0.350865345796462,5.75474464637085,0.0171489201333691,0.0462601235045758,0.0462601235045758,"gpath_trio"
"13753","AC001226.2","Exc L3-4 RORB CUX2",-0.269709508375251,3.75316906159127,62.5779237930956,7.370666850226e-14,4.49254391852899e-12,4.49254391852899e-12,"gpath_trio"
"13754","FBXL3","Exc L3-4 RORB CUX2",0.0300855744136213,5.39640083931656,2.30563695763309,0.130120402715672,0.234495678855622,0.234495678855622,"gpath_trio"
"13755","MYCBP2","Exc L3-4 RORB CUX2",0.0343092755256692,9.13321356524286,7.66057996980831,0.00604973876315704,0.0195067092131522,0.0195067092131522,"gpath_trio"
"13756","SLAIN1","Exc L3-4 RORB CUX2",0.0869282042254035,6.53801489300862,24.727666329755,1.20051625791107e-06,1.22572952952206e-05,1.22572952952206e-05,"gpath_trio"
"13757","EDNRB","Exc L3-4 RORB CUX2",-0.00414506086976807,3.34653069506943,0.00220354819753718,0.962595515670114,0.980578870418811,0.980578870418811,"gpath_trio"
"13758","RNF219-AS1","Exc L3-4 RORB CUX2",0.107970264791509,3.11732915495571,2.07206135467369,0.151221466783915,0.262894708519215,0.262894708519215,"gpath_trio"
"13759","RNF219","Exc L3-4 RORB CUX2",-0.0346052218513617,4.44601088824832,2.08779093498544,0.149684709922523,0.260934131126323,0.260934131126323,"gpath_trio"
"13760","RBM26","Exc L3-4 RORB CUX2",0.0418596520504497,7.92549923717088,8.30150049437898,0.00429172238162272,0.0145963417143018,0.0145963417143018,"gpath_trio"
"13761","RBM26-AS1","Exc L3-4 RORB CUX2",0.0562224553637242,2.40755962107621,1.28283075417622,0.258416754147705,0.396016560192173,0.396016560192173,"gpath_trio"
"13762","NDFIP2","Exc L3-4 RORB CUX2",0.00744779883214619,7.18953895186419,0.294704903821046,0.587686218874597,0.719408377270493,0.719408377270493,"gpath_trio"
"13763","LINC01068","Exc L3-4 RORB CUX2",0.113215475528992,0.162097070142595,0.742004217890577,0.389813299855726,0.537558668803094,0.537558668803094,"gpath_trio"
"13764","LINC00382","Exc L3-4 RORB CUX2",-0.0189029879514955,0.0175208995413622,0.00689440874127183,0.933889524964754,0.968035435093156,0.968035435093156,"gpath_trio"
"13765","LINC01080","Exc L3-4 RORB CUX2",-0.410779416460315,-1.15877019233972,3.48743602265898,0.0629613824439081,0.132635051770476,0.132635051770476,"gpath_trio"
"13766","SPRY2","Exc L3-4 RORB CUX2",-0.116604099541386,3.80920616137033,6.9414336789367,0.00892756515688996,0.0269228142063161,0.0269228142063161,"gpath_trio"
"13767","SLITRK1","Exc L3-4 RORB CUX2",-0.00109786848617541,4.03346148847169,0.00119428111879431,0.972458410873434,0.985690707924104,0.985690707924104,"gpath_trio"
"13768","LINC00333","Exc L3-4 RORB CUX2",-0.111523910054524,-1.08459884675603,0.534521464200976,0.465370465217934,0.610770379806925,0.610770379806925,"gpath_trio"
"13769","LINC00351","Exc L3-4 RORB CUX2",-0.45313220104246,0.113307646754618,30.5123999279544,8.04200057633834e-08,1.10147563901986e-06,1.10147563901986e-06,"gpath_trio"
"13770","AL354994.1","Exc L3-4 RORB CUX2",0.0809254343486349,-1.03109340250461,0.337079795841931,0.562022544214109,0.697729667683199,0.697729667683199,"gpath_trio"
"13771","LINC00430","Exc L3-4 RORB CUX2",0.229539417993965,0.206150423823745,5.72269699080818,0.0174576316181637,0.0468984977225637,0.0468984977225637,"gpath_trio"
"13772","MIR4500HG","Exc L3-4 RORB CUX2",0.166745800371721,5.80430104323798,12.5693915741085,0.000464876007717228,0.00220523711631674,0.00220523711631674,"gpath_trio"
"13773","SLITRK5","Exc L3-4 RORB CUX2",0.06186934752592,6.67829729921733,9.0136061558627,0.00294067808854118,0.0105981029718325,0.0105981029718325,"gpath_trio"
"13774","LINC00397","Exc L3-4 RORB CUX2",-0.263244261123612,-1.00447642259971,3.49260102021676,0.0627679867094148,0.132338189138096,0.132338189138096,"gpath_trio"
"13775","AL354896.1","Exc L3-4 RORB CUX2",-0.0955597682432452,-0.695747573927477,0.290323738605644,0.590474169929769,0.72142047952117,0.72142047952117,"gpath_trio"
"13776","GPC5","Exc L3-4 RORB CUX2",0.212228448470039,6.0051183490325,9.39676953745568,0.00240267257783921,0.00894022856103027,0.00894022856103027,"gpath_trio"
"13777","GPC6","Exc L3-4 RORB CUX2",0.07138751476822,8.60605568940812,3.36967988993877,0.0675486486017993,0.140304918134881,0.140304918134881,"gpath_trio"
"13778","GPC6-AS1","Exc L3-4 RORB CUX2",-0.420859694889234,-0.551940987956966,10.0106439987609,0.00174139537924373,0.00677843947062363,0.00677843947062363,"gpath_trio"
"13779","DCT","Exc L3-4 RORB CUX2",-0.0408318087539398,2.74320827721572,0.671651299755959,0.41322707804054,0.561517902570748,0.561517902570748,"gpath_trio"
"13780","TGDS","Exc L3-4 RORB CUX2",0.0175558584654615,3.10214652964065,0.306045286896763,0.711107080635759,0.819336684855879,0.819336684855879,"gpath_trio"
"13781","GPR180","Exc L3-4 RORB CUX2",0.0459163276971031,5.7132137662461,9.35529048152243,0.00245569988528953,0.00911233128300833,0.00911233128300833,"gpath_trio"
"13782","ABCC4","Exc L3-4 RORB CUX2",0.0290402579140476,4.24115954155466,0.719732452646165,0.397012025682609,0.54517544365278,0.54517544365278,"gpath_trio"
"13783","CLDN10-AS1","Exc L3-4 RORB CUX2",-0.0605147890998229,-0.294372836562294,0.412727793607441,0.521154285046641,0.661817064317743,0.661817064317743,"gpath_trio"
"13784","DZIP1","Exc L3-4 RORB CUX2",0.0843156436854427,6.76367681024107,42.384562790425,3.84453795034575e-10,9.26685222798394e-09,9.26685222798394e-09,"gpath_trio"
"13785","DNAJC3-DT","Exc L3-4 RORB CUX2",0.0705400917678421,4.04108986710678,4.69852045523674,0.031096282636174,0.0749901389176203,0.0749901389176203,"gpath_trio"
"13786","DNAJC3","Exc L3-4 RORB CUX2",0.0455108903638913,4.96083495329776,5.25421980073178,0.0226929335468307,0.0579311570678614,0.0579311570678614,"gpath_trio"
"13787","UGGT2","Exc L3-4 RORB CUX2",0.0388803498159594,7.87286331945958,4.50980348105896,0.0346455128167262,0.0820198569675488,0.0820198569675488,"gpath_trio"
"13788","HS6ST3","Exc L3-4 RORB CUX2",0.128604374300223,10.8079776327577,47.4599381815608,4.21812853612326e-11,1.33521218799154e-09,1.33521218799154e-09,"gpath_trio"
"13789","OXGR1","Exc L3-4 RORB CUX2",-0.0952335823595357,0.501610020146839,1.73209394608405,0.189302805485522,0.312126847063615,0.312126847063615,"gpath_trio"
"13790","MBNL2","Exc L3-4 RORB CUX2",0.0901381342311871,8.55926120244726,44.3272286932479,1.64190735656989e-10,4.39559007895704e-09,4.39559007895704e-09,"gpath_trio"
"13791","RAP2A","Exc L3-4 RORB CUX2",-0.0650795157376902,6.76190714181222,9.6689530964867,0.00208253990186108,0.00789908676819839,0.00789908676819839,"gpath_trio"
"13792","AL359502.1","Exc L3-4 RORB CUX2",0.161307733625989,-0.383499669783837,2.97471977721321,0.085763149574587,0.169543413984289,0.169543413984289,"gpath_trio"
"13793","AL356580.1","Exc L3-4 RORB CUX2",-0.191069968442556,1.85161001502486,10.1559404637038,0.00161415465757086,0.00635922089757706,0.00635922089757706,"gpath_trio"
"13794","IPO5","Exc L3-4 RORB CUX2",-0.0493336615335847,6.39472389868524,5.6641355437939,0.018036750738023,0.0480892620773904,0.0480892620773904,"gpath_trio"
"13795","FARP1","Exc L3-4 RORB CUX2",0.0604148132554017,7.14423658814902,7.14166172036454,0.00800732197376706,0.0245824387116081,0.0245824387116081,"gpath_trio"
"13796","STK24","Exc L3-4 RORB CUX2",-0.0037810385095738,5.60046345432621,0.0443565676789628,0.833356575239044,0.905042197634048,0.905042197634048,"gpath_trio"
"13797","SLC15A1","Exc L3-4 RORB CUX2",-0.262496860496753,-0.907574055990058,5.17063401623253,0.0251186030667813,0.0628666191381111,0.0628666191381111,"gpath_trio"
"13798","DOCK9","Exc L3-4 RORB CUX2",0.112663324564789,7.59381229770288,52.8459289169099,4.22604160629274e-12,1.7155007928965e-10,1.7155007928965e-10,"gpath_trio"
"13799","DOCK9-DT","Exc L3-4 RORB CUX2",-0.222346288443857,0.429741050367797,8.19639212720016,0.00453935130403467,0.015278847607424,0.015278847607424,"gpath_trio"
"13800","UBAC2-AS1","Exc L3-4 RORB CUX2",0.0643930577434063,0.503754791094367,0.661745353747937,0.416688751044738,0.565186348035163,0.565186348035163,"gpath_trio"
"13801","UBAC2","Exc L3-4 RORB CUX2",0.0521442442694646,6.97653809846046,11.312960546169,0.000885648087335416,0.00381386342838677,0.00381386342838677,"gpath_trio"
"13802","GPR18","Exc L3-4 RORB CUX2",-0.346275891987439,-0.928199382839236,6.23222272237127,0.0131643020069176,0.0372443967170892,0.0372443967170892,"gpath_trio"
"13803","TM9SF2","Exc L3-4 RORB CUX2",-0.0444492595210334,5.42832535188096,6.3876671636815,0.0120849308769799,0.034627677949591,0.034627677949591,"gpath_trio"
"13804","CLYBL","Exc L3-4 RORB CUX2",0.0552534160100692,5.32514174878986,5.43929523370321,0.0204524429125318,0.053255041202608,0.053255041202608,"gpath_trio"
"13805","AL355338.1","Exc L3-4 RORB CUX2",0.0128191866322211,1.21423158010666,0.0427800747687988,0.92057121788487,0.959655628876122,0.959655628876122,"gpath_trio"
"13806","PCCA","Exc L3-4 RORB CUX2",0.0548037041613849,7.22879140481725,10.8840349294544,0.00110549327562682,0.00461575472594601,0.00461575472594601,"gpath_trio"
"13807","PCCA-AS1","Exc L3-4 RORB CUX2",-0.360513395413288,-0.21104096595908,11.5151263865871,0.000798010199599724,0.00349389231270061,0.00349389231270061,"gpath_trio"
"13808","GGACT","Exc L3-4 RORB CUX2",-0.27468910734336,2.22052437414044,26.7376617357349,4.65454600051035e-07,5.23150225962654e-06,5.23150225962654e-06,"gpath_trio"
"13809","TMTC4","Exc L3-4 RORB CUX2",-0.192563133272517,3.24076374910263,7.47658747057476,0.00668028647885003,0.0211743565924272,0.0211743565924272,"gpath_trio"
"13810","NALCN-AS1","Exc L3-4 RORB CUX2",-0.0742061263609385,1.1812126804629,1.07087727424623,0.301708886304834,0.445279940102416,0.445279940102416,"gpath_trio"
"13811","NALCN","Exc L3-4 RORB CUX2",0.0726786667526585,8.30899469216062,26.2878133993915,5.74949980963878e-07,6.31796549737427e-06,6.31796549737427e-06,"gpath_trio"
"13812","ITGBL1","Exc L3-4 RORB CUX2",-0.199579274321621,1.7889574169286,12.8839842090128,0.000396020953381185,0.00191968350179371,0.00191968350179371,"gpath_trio"
"13813","FGF14","Exc L3-4 RORB CUX2",0.150978798272137,11.368166419569,118.453699936297,5.59097776186511e-23,4.22490913291228e-20,4.22490913291228e-20,"gpath_trio"
"13814","FGF14-AS1","Exc L3-4 RORB CUX2",-0.311007257538238,1.10244301051871,12.6173977760352,0.000453629955038301,0.00215746919917438,0.00215746919917438,"gpath_trio"
"13815","FGF14-AS2","Exc L3-4 RORB CUX2",-0.132707875238163,-0.816905303680244,1.06521424352931,0.302987999453726,0.446710237429036,0.446710237429036,"gpath_trio"
"13816","TPP2","Exc L3-4 RORB CUX2",0.0900465252235385,6.07166414657595,18.5286856080935,2.37257642537264e-05,0.00016695754929157,0.00016695754929157,"gpath_trio"
"13817","METTL21C","Exc L3-4 RORB CUX2",-0.06174969486909,0.984861181073413,0.311478307852467,0.577254692219498,0.710370092165236,0.710370092165236,"gpath_trio"
"13818","CCDC168","Exc L3-4 RORB CUX2",0.0756157504760028,1.13696763298809,0.741768376339922,0.389888541150323,0.537588936420705,0.537588936420705,"gpath_trio"
"13819","TEX30","Exc L3-4 RORB CUX2",-0.0372570895478006,3.03939145977095,0.683953498563387,0.408986997418144,0.557332838426954,0.557332838426954,"gpath_trio"
"13820","KDELC1","Exc L3-4 RORB CUX2",0.0408666004431345,2.75659609790878,1.3683386373869,0.243168699080891,0.377437182947912,0.377437182947912,"gpath_trio"
"13821","AL137246.1","Exc L3-4 RORB CUX2",0.205888710891635,-0.0569121934117465,5.77375642340947,0.0169684661257988,0.0458530409975877,0.0458530409975877,"gpath_trio"
"13822","AL137246.2","Exc L3-4 RORB CUX2",0.0866767638946666,0.599833825910919,1.17426259258555,0.279530960569239,0.420171146586529,0.420171146586529,"gpath_trio"
"13823","DAOA-AS1","Exc L3-4 RORB CUX2",-0.162677249493654,-1.09335581143647,1.29496655893598,0.256182197092946,0.393369040745124,0.393369040745124,"gpath_trio"
"13824","LINC00460","Exc L3-4 RORB CUX2",-0.506240532016755,-0.666554830888622,21.9856797558982,4.43926742857271e-06,3.86445185330497e-05,3.86445185330497e-05,"gpath_trio"
"13825","EFNB2","Exc L3-4 RORB CUX2",0.0464333532494154,5.60842983591499,4.33461486575961,0.0383229082599605,0.0890742712148275,0.0890742712148275,"gpath_trio"
"13826","AL138689.2","Exc L3-4 RORB CUX2",-0.11857270242805,1.3543959760062,3.8126766020587,0.051939078932157,0.113718154026614,0.113718154026614,"gpath_trio"
"13827","ARGLU1","Exc L3-4 RORB CUX2",0.0253020386712763,7.53465401042104,0.752971439850313,0.386337245486726,0.534445551816696,0.534445551816696,"gpath_trio"
"13828","LINC00551","Exc L3-4 RORB CUX2",-0.0674796676916111,1.03390147816645,0.244235663394148,0.621580757117489,0.747074453404345,0.747074453404345,"gpath_trio"
"13829","LINC00443","Exc L3-4 RORB CUX2",-0.0738789445851736,2.35995460009514,0.314140915289368,0.575632826858841,0.709236617438095,0.709236617438095,"gpath_trio"
"13830","AL162574.1","Exc L3-4 RORB CUX2",-0.00210562438766471,-0.915360440756174,0.00024830322139848,0.987439827104492,0.993645494131035,0.993645494131035,"gpath_trio"
"13831","FAM155A","Exc L3-4 RORB CUX2",0.152515308439696,11.5374528033369,147.605581031594,3.36452336300983e-27,1.35758517697447e-23,1.35758517697447e-23,"gpath_trio"
"13832","AL136964.1","Exc L3-4 RORB CUX2",0.201377555974287,0.539800217998592,6.90454062034052,0.00910867834767973,0.0273626542085227,0.0273626542085227,"gpath_trio"
"13833","LIG4","Exc L3-4 RORB CUX2",-0.0216129248828673,3.95601624173355,0.527040016483098,0.667148785486115,0.784457789205173,0.784457789205173,"gpath_trio"
"13834","ABHD13","Exc L3-4 RORB CUX2",0.0737742056521909,4.68132456741264,12.665436846829,0.000442652863661795,0.00211223309469648,0.00211223309469648,"gpath_trio"
"13835","TNFSF13B","Exc L3-4 RORB CUX2",0.141978908031292,5.48389449259453,25.5073990160065,8.30366548839353e-07,8.75268815195087e-06,8.75268815195087e-06,"gpath_trio"
"13836","AL138694.1","Exc L3-4 RORB CUX2",0.0916751652964119,4.89092943759318,2.31051637968589,0.129716445016017,0.23403946326222,0.23403946326222,"gpath_trio"
"13837","MYO16","Exc L3-4 RORB CUX2",0.113523027712331,4.98945220806381,3.24662694012254,0.0727288792788672,0.148798817508483,0.148798817508483,"gpath_trio"
"13838","MYO16-AS1","Exc L3-4 RORB CUX2",-0.179727843007592,-0.00788389561438308,4.03421576318711,0.0456203540286212,0.102504804825419,0.102504804825419,"gpath_trio"
"13839","IRS2","Exc L3-4 RORB CUX2",0.0486836218938521,6.56657055402752,6.31608165425958,0.0125701559649919,0.0358435687054527,0.0358435687054527,"gpath_trio"
"13840","AL162497.1","Exc L3-4 RORB CUX2",0.054964099823525,2.84693828040239,2.21153945008926,0.636964262136954,0.759525302993599,0.759525302993599,"gpath_trio"
"13841","AL355974.1","Exc L3-4 RORB CUX2",-0.272495068445393,-1.20038727112215,3.20236146517644,0.0746957841032911,0.152144113506703,0.152144113506703,"gpath_trio"
"13842","AL355974.2","Exc L3-4 RORB CUX2",0.0336680615941281,2.70133377571084,0.179249610587637,0.672368904526347,0.788894600105789,0.788894600105789,"gpath_trio"
"13843","COL4A1","Exc L3-4 RORB CUX2",0.121402338318945,4.28463457108656,9.02330292830168,0.00292564615563281,0.0105590181019485,0.0105590181019485,"gpath_trio"
"13844","COL4A2","Exc L3-4 RORB CUX2",0.105751818667434,5.39220655531145,7.63965787188935,0.00611824602168764,0.0197024123683237,0.0197024123683237,"gpath_trio"
"13845","NAXD","Exc L3-4 RORB CUX2",-0.000132240860161038,4.80021055240028,3.80101878302687e-05,0.995085608758589,0.997310092235695,0.997310092235695,"gpath_trio"
"13846","CARS2","Exc L3-4 RORB CUX2",0.0442824185359847,5.76783368337914,9.86361800016386,0.00188058871291504,0.00723786289260986,0.00723786289260986,"gpath_trio"
"13847","ING1","Exc L3-4 RORB CUX2",0.000512490778657634,2.99225782899993,0.00021303487316817,0.988365911739127,0.99442859910916,0.99442859910916,"gpath_trio"
"13848","ANKRD10","Exc L3-4 RORB CUX2",0.026602158073878,6.81259377382141,1.34884216837833,0.246545717795559,0.381647476744243,0.381647476744243,"gpath_trio"
"13849","AL442128.2","Exc L3-4 RORB CUX2",0.0654107828886806,1.03709245531087,1.16167929642227,0.282116477732093,0.423300605253977,0.423300605253977,"gpath_trio"
"13850","ARHGEF7-AS2","Exc L3-4 RORB CUX2",-0.00619013986151547,0.784718472877937,0.00641412860304874,0.936228671903447,0.969256646372725,0.969256646372725,"gpath_trio"
"13851","ARHGEF7","Exc L3-4 RORB CUX2",0.00833861965507475,8.32473790515221,0.31856674703335,0.572956824481296,0.707300002074903,0.707300002074903,"gpath_trio"
"13852","TEX29","Exc L3-4 RORB CUX2",0.0185419204765499,3.42097630537303,0.19583680127981,0.658470367123942,0.777594192765317,0.777594192765317,"gpath_trio"
"13853","AL359649.1","Exc L3-4 RORB CUX2",-0.0493469918725747,0.343298074065919,0.306915232131314,0.580055458953245,0.712574979259679,0.712574979259679,"gpath_trio"
"13854","TUBGCP3","Exc L3-4 RORB CUX2",0.0270764363654401,5.72379124155871,3.0569595439515,0.159461978361607,0.273770303236158,0.273770303236158,"gpath_trio"
"13855","AL139384.2","Exc L3-4 RORB CUX2",-0.0111106690758796,0.229287908127279,0.018764914628414,0.891148593344599,0.943470174840032,0.943470174840032,"gpath_trio"
"13856","ATP11AUN","Exc L3-4 RORB CUX2",-0.105751670000896,-0.767058021800134,0.851220489655872,0.35706263918224,0.504693330886344,0.504693330886344,"gpath_trio"
"13857","ATP11A","Exc L3-4 RORB CUX2",0.0776634384423963,5.97578979416434,11.5761136547607,0.000773345432657886,0.00340288857227325,0.00340288857227325,"gpath_trio"
"13858","MCF2L","Exc L3-4 RORB CUX2",0.0841739297279014,6.82317116398255,19.8685568763468,1.23432184708951e-05,9.54859177126383e-05,9.54859177126383e-05,"gpath_trio"
"13859","AL356740.1","Exc L3-4 RORB CUX2",-0.152312607968193,0.502347612797939,3.49057218772292,0.0628438773028899,0.132442831357548,0.132442831357548,"gpath_trio"
"13860","MCF2L-AS1","Exc L3-4 RORB CUX2",-0.259946634874253,0.366009197571423,9.9920775265767,0.00175837618891094,0.00683398952249627,0.00683398952249627,"gpath_trio"
"13861","F7","Exc L3-4 RORB CUX2",-0.0745552219743131,-0.431384668827668,0.49334403130911,0.705243999463983,0.815340027275655,0.815340027275655,"gpath_trio"
"13862","F10","Exc L3-4 RORB CUX2",-0.060204153983517,0.261096429988061,0.48386719107288,0.487297091634162,0.630731944807803,0.630731944807803,"gpath_trio"
"13863","PCID2","Exc L3-4 RORB CUX2",0.055877680627743,5.88379722323543,12.8989270086118,0.000393021043532417,0.00190881067724278,0.00190881067724278,"gpath_trio"
"13864","CUL4A","Exc L3-4 RORB CUX2",0.0173387606188228,6.09697205889212,1.28286943562393,0.677110031990467,0.792521604421167,0.792521604421167,"gpath_trio"
"13865","LAMP1","Exc L3-4 RORB CUX2",-0.00227812629676305,5.19160302114356,0.0180934847648531,0.893101767839375,0.944653883095281,0.944653883095281,"gpath_trio"
"13866","GRTP1","Exc L3-4 RORB CUX2",-0.162365202557853,-0.140899501486701,4.0833944147263,0.0443315864147934,0.100077179805131,0.100077179805131,"gpath_trio"
"13867","ADPRHL1","Exc L3-4 RORB CUX2",0.136151826761984,4.15998806745261,21.8418675628739,4.75685256581577e-06,4.10973515356431e-05,4.10973515356431e-05,"gpath_trio"
"13868","DCUN1D2","Exc L3-4 RORB CUX2",0.0657314106806675,5.83105482507338,10.4338025595663,0.00139658303045661,0.00562508737062528,0.00562508737062528,"gpath_trio"
"13869","TMCO3","Exc L3-4 RORB CUX2",0.0082081607696584,5.93189651705974,0.166034008383531,0.683996117429189,0.797777612566117,0.797777612566117,"gpath_trio"
"13870","TFDP1","Exc L3-4 RORB CUX2",0.0380353672239999,5.15867305627649,3.36137525153073,0.0678854461190188,0.140860729759457,0.140860729759457,"gpath_trio"
"13871","TMEM255B","Exc L3-4 RORB CUX2",-0.0161489705528907,0.418451319985633,0.0321492326210906,0.85784016662813,0.921663698140998,0.921663698140998,"gpath_trio"
"13872","GAS6-AS1","Exc L3-4 RORB CUX2",-0.27946645912264,1.29586500142625,14.2733956815519,0.000196024406009774,0.00104651823002043,0.00104651823002043,"gpath_trio"
"13873","GAS6","Exc L3-4 RORB CUX2",-0.0217684525286144,5.13058454153289,0.901560332241131,0.343245389118129,0.489985414443126,0.489985414443126,"gpath_trio"
"13874","GAS6-DT","Exc L3-4 RORB CUX2",-0.0131336194471792,0.918067096010316,0.0496794379311031,0.823797016133124,0.898956386305928,0.898956386305928,"gpath_trio"
"13875","C13orf46","Exc L3-4 RORB CUX2",0.326165953247525,0.501317030157539,16.1914213716519,7.51223254411612e-05,0.00045554340720632,0.00045554340720632,"gpath_trio"
"13876","RASA3","Exc L3-4 RORB CUX2",0.065086762971378,5.7019223802766,8.77023617617977,0.00334498306212161,0.0118270300172281,0.0118270300172281,"gpath_trio"
"13877","CFAP97D2","Exc L3-4 RORB CUX2",0.156638482722821,2.50743957243559,3.61051589883974,0.0585215335120862,0.124925609840899,0.124925609840899,"gpath_trio"
"13878","AL160396.1","Exc L3-4 RORB CUX2",0.446175101080747,-0.281329163140167,4.92686759490585,0.0273052247737534,0.0672546587486844,0.0672546587486844,"gpath_trio"
"13879","CDC16","Exc L3-4 RORB CUX2",-0.0487374791738429,5.67551376536947,6.12043078873816,0.0140018821139166,0.0391691585757443,0.0391691585757443,"gpath_trio"
"13880","UPF3A","Exc L3-4 RORB CUX2",0.0401079453661324,6.7501483916652,2.43951510601513,0.119529090689396,0.21947574073941,0.21947574073941,"gpath_trio"
"13881","CHAMP1","Exc L3-4 RORB CUX2",-0.125960553020842,3.32042729603449,17.7595281032482,3.46054115894921e-05,0.000233499725357191,0.000233499725357191,"gpath_trio"
"13882","CR383656.10","Exc L3-4 RORB CUX2",0.0347373568503041,-1.01807700920583,0.058345945123111,0.809319990921501,0.88966549429746,0.88966549429746,"gpath_trio"
"13883","AL589743.5","Exc L3-4 RORB CUX2",-0.23480697702603,-0.58861021425256,3.05327774274409,0.0817549753329114,0.163162194810712,0.163162194810712,"gpath_trio"
"13884","LINC01297","Exc L3-4 RORB CUX2",0.402276990619416,-1.56919412280942,3.49858667827526,0.0625489996283155,0.132000634675865,0.132000634675865,"gpath_trio"
"13885","TTC5","Exc L3-4 RORB CUX2",0.0313249978236787,5.15552685914959,1.75217058284875,0.186766736781585,0.308955306212568,0.308955306212568,"gpath_trio"
"13886","CCNB1IP1","Exc L3-4 RORB CUX2",0.00341048195332229,4.34639795812001,0.0120743498908714,0.912586652969073,0.955495133304844,0.955495133304844,"gpath_trio"
"13887","AL355075.4","Exc L3-4 RORB CUX2",0.48390298891821,-0.112596812382009,13.130656988522,0.000349344923022296,0.00172450056813673,0.00172450056813673,"gpath_trio"
"13888","PARP2","Exc L3-4 RORB CUX2",-0.0543145684051744,4.43428010993061,3.45186469573038,0.0643107779141691,0.134831725845874,0.134831725845874,"gpath_trio"
"13889","TEP1","Exc L3-4 RORB CUX2",0.0818873071078469,1.3004855710625,2.22718863084066,0.136812740142333,0.243876747868137,0.243876747868137,"gpath_trio"
"13890","OSGEP","Exc L3-4 RORB CUX2",-0.0377362094742383,5.13158921479308,1.79901220879138,0.181002372938,0.301745403571654,0.301745403571654,"gpath_trio"
"13891","APEX1","Exc L3-4 RORB CUX2",-0.16053626838506,4.08642780750927,32.5325095477275,3.18039910614648e-08,4.82803250312304e-07,4.82803250312304e-07,"gpath_trio"
"13892","PIP4P1","Exc L3-4 RORB CUX2",-0.105268339947647,3.96027814098872,17.4837702251293,3.96369779724126e-05,0.0002630513258531,0.0002630513258531,"gpath_trio"
"13893","RNASE10","Exc L3-4 RORB CUX2",-0.22495771673121,0.928505643960986,4.28513160605651,0.0394345405915239,0.0912375982149076,0.0912375982149076,"gpath_trio"
"13894","AL163195.2","Exc L3-4 RORB CUX2",-0.0156868341481518,-0.67437639290133,0.0219118999466579,0.8824364376486,0.937699100893316,0.937699100893316,"gpath_trio"
"13895","AL355922.5","Exc L3-4 RORB CUX2",-0.12726911506134,-1.46775229620165,0.523944132207997,0.469814801473024,0.615208257267362,0.615208257267362,"gpath_trio"
"13896","METTL17","Exc L3-4 RORB CUX2",-0.0739043487994694,3.59397705797282,5.70660816230203,0.0176147844043932,0.0471761947907386,0.0471761947907386,"gpath_trio"
"13897","ZNF219","Exc L3-4 RORB CUX2",-0.0848853860256463,2.88294645951199,3.09267075670218,0.0798220317083254,0.160160068594278,0.160160068594278,"gpath_trio"
"13898","HNRNPC","Exc L3-4 RORB CUX2",0.00751900227862699,6.46218360475786,0.179482950160604,0.672168214727451,0.788750871408499,0.788750871408499,"gpath_trio"
"13899","RPGRIP1","Exc L3-4 RORB CUX2",-0.164708644529835,1.12264817616718,8.96154930568739,0.00302273776698529,0.0108357737116077,0.0108357737116077,"gpath_trio"
"13900","SUPT16H","Exc L3-4 RORB CUX2",-0.0582476340956541,5.36184463041178,9.91851870192142,0.00182733069942396,0.00705847154142799,0.00705847154142799,"gpath_trio"
"13901","CHD8","Exc L3-4 RORB CUX2",0.0345378574968096,6.16085318312446,6.59343565011155,0.0107951028240543,0.0314590783584135,0.0314590783584135,"gpath_trio"
"13902","RAB2B","Exc L3-4 RORB CUX2",-0.00965358860528735,4.24052535026421,0.174200355520041,0.676749906795912,0.792268304723537,0.792268304723537,"gpath_trio"
"13903","TOX4","Exc L3-4 RORB CUX2",-0.128328906748735,5.09729461643329,38.2539974598587,2.39704811189775e-09,4.86523598164357e-08,4.86523598164357e-08,"gpath_trio"
"13904","METTL3","Exc L3-4 RORB CUX2",-0.112643265278184,3.87287346939222,15.1248586113685,0.000127852454989658,0.000720912040082825,0.000720912040082825,"gpath_trio"
"13905","SALL2","Exc L3-4 RORB CUX2",-0.257759384646213,1.97891556256551,29.5370938923034,1.26224797202292e-07,1.65577716746179e-06,1.65577716746179e-06,"gpath_trio"
"13906","DAD1","Exc L3-4 RORB CUX2",-0.174839589765365,3.68373654075946,31.8295424432743,4.38815702156042e-08,6.46684206793145e-07,6.46684206793145e-07,"gpath_trio"
"13907","ABHD4","Exc L3-4 RORB CUX2",0.106618004309499,0.875578720583099,2.77450571262296,0.0969805511440119,0.1862702417489,0.1862702417489,"gpath_trio"
"13908","OXA1L","Exc L3-4 RORB CUX2",-0.0308308282041488,3.96336707909221,1.28605834747338,0.257820108037927,0.395312409155281,0.395312409155281,"gpath_trio"
"13909","SLC7A7","Exc L3-4 RORB CUX2",-0.124414299476716,0.586472889205486,4.16414631323029,0.0422983355270432,0.0963931909248952,0.0963931909248952,"gpath_trio"
"13910","MRPL52","Exc L3-4 RORB CUX2",-0.0873277480175042,2.69813055447844,5.80442904656203,0.016681475898073,0.045192530716211,0.045192530716211,"gpath_trio"
"13911","REM2","Exc L3-4 RORB CUX2",-0.131333501966555,-0.728452675424512,1.39094609178578,0.239323423046159,0.373018391529378,0.373018391529378,"gpath_trio"
"13912","RBM23","Exc L3-4 RORB CUX2",-0.0429950537698064,4.61194410849778,2.90350162294377,0.0895820742914283,0.175207507176378,0.175207507176378,"gpath_trio"
"13913","PRMT5-AS1","Exc L3-4 RORB CUX2",-0.224009183606756,-0.620778769563271,4.19873487084035,0.0414578274016018,0.0949388953265965,0.0949388953265965,"gpath_trio"
"13914","PRMT5","Exc L3-4 RORB CUX2",0.00795869660295673,3.08253565044897,0.0585937559112512,0.808923345001084,0.889471794495142,0.889471794495142,"gpath_trio"
"13915","AL132780.1","Exc L3-4 RORB CUX2",0.183230998005036,1.71022424042462,3.12212252987162,0.0784092629446462,0.157985307091605,0.157985307091605,"gpath_trio"
"13916","AL132780.3","Exc L3-4 RORB CUX2",-0.234964038457357,-0.00519612600237951,8.28441709903163,0.00433100718138906,0.014690327821877,0.014690327821877,"gpath_trio"
"13917","C14orf93","Exc L3-4 RORB CUX2",-0.0132374952644664,1.98048228318179,0.0896010774376432,0.764924049303213,0.859980088865552,0.859980088865552,"gpath_trio"
"13918","PSMB5","Exc L3-4 RORB CUX2",-0.154191045867799,4.98725094383379,24.3307634601302,1.44909077478242e-06,1.44944999411182e-05,1.44944999411182e-05,"gpath_trio"
"13919","CDH24","Exc L3-4 RORB CUX2",0.231086582125519,0.134854568996009,6.73505441602612,0.00999069760061188,0.029571937220121,0.029571937220121,"gpath_trio"
"13920","ACIN1","Exc L3-4 RORB CUX2",0.0352478485008136,6.10921548811294,5.24299438752184,0.0228368015604723,0.0582281831095377,0.0582281831095377,"gpath_trio"
"13921","C14orf119","Exc L3-4 RORB CUX2",-0.16958658355168,2.24064142847678,17.7753394174229,3.43373371982778e-05,0.000232001265229489,0.000232001265229489,"gpath_trio"
"13922","SLC7A8","Exc L3-4 RORB CUX2",0.0852208800097821,5.7868883732289,12.0476337825875,0.000607025672072404,0.00276825111529402,0.00276825111529402,"gpath_trio"
"13923","RNF212B","Exc L3-4 RORB CUX2",-0.262629435472329,2.2313020033636,30.7921030011646,7.06921952585822e-08,9.8224176263216e-07,9.8224176263216e-07,"gpath_trio"
"13924","HOMEZ","Exc L3-4 RORB CUX2",0.0731456496936738,2.69755061186642,5.33031302833728,0.0217422883125678,0.0560074906417334,0.0560074906417334,"gpath_trio"
"13925","PPP1R3E","Exc L3-4 RORB CUX2",-5.68633209662812e-05,4.64977931467142,4.23274541027853e-06,0.998360040026074,0.999130236836126,0.999130236836126,"gpath_trio"
"13926","BCL2L2","Exc L3-4 RORB CUX2",0.00103226245132293,1.7128748805613,0.000488719567759549,0.982379556439956,0.991025608624278,0.991025608624278,"gpath_trio"
"13927","BCL2L2-PABPN1","Exc L3-4 RORB CUX2",0.101010667072904,3.85032363199545,10.466354179704,0.00137313189941539,0.00554623713831474,0.00554623713831474,"gpath_trio"
"13928","PABPN1","Exc L3-4 RORB CUX2",-0.010010073640581,5.84538333597845,0.10619950399934,0.744775261092584,0.844480463808401,0.844480463808401,"gpath_trio"
"13929","SLC22A17","Exc L3-4 RORB CUX2",-0.138636372247732,7.13429958968445,35.5406766245399,8.10731975991864e-09,1.44364674453979e-07,1.44364674453979e-07,"gpath_trio"
"13930","MYH7","Exc L3-4 RORB CUX2",-0.0337184283734056,0.269943017273209,0.150844053091867,0.69804787439218,0.809048995568578,0.809048995568578,"gpath_trio"
"13931","NGDN","Exc L3-4 RORB CUX2",-0.108511233467933,3.44807711772983,17.8089576058312,3.37743205181121e-05,0.000228503325436925,0.000228503325436925,"gpath_trio"
"13932","ZFHX2","Exc L3-4 RORB CUX2",0.0762859439614298,5.92305401451375,10.7959610833403,0.00115711887632317,0.00480742860992996,0.00480742860992996,"gpath_trio"
"13933","AL135999.2","Exc L3-4 RORB CUX2",0.279948683284549,-0.885541046670431,5.13237557552328,0.025708639647488,0.064081023583898,0.064081023583898,"gpath_trio"
"13934","THTPA","Exc L3-4 RORB CUX2",-0.212308672850037,2.7882177769951,34.4815992852127,1.30924767663367e-08,2.21594562718828e-07,2.21594562718828e-07,"gpath_trio"
"13935","AP1G2","Exc L3-4 RORB CUX2",0.100264517284969,5.79997518622751,7.37359398325132,0.00706236563057436,0.0221318951714514,0.0221318951714514,"gpath_trio"
"13936","AL135999.1","Exc L3-4 RORB CUX2",-0.232933004742924,1.40393070052408,12.2586721241996,0.00054485180883578,0.00252408386756874,0.00252408386756874,"gpath_trio"
"13937","JPH4","Exc L3-4 RORB CUX2",0.0994873722570954,7.82917147612833,15.4671884933096,0.00010774632209592,0.000621258087535063,0.000621258087535063,"gpath_trio"
"13938","LINC00596","Exc L3-4 RORB CUX2",0.0116586949739105,0.831086127329012,0.0141908245385565,0.905268115589081,0.951989841831178,0.951989841831178,"gpath_trio"
"13939","DHRS4-AS1","Exc L3-4 RORB CUX2",-0.0835491711077254,3.80162728334185,5.93066304943865,0.0155523626833492,0.0427245257538903,0.0427245257538903,"gpath_trio"
"13940","DHRS4","Exc L3-4 RORB CUX2",0.0254907399536133,2.37082428261207,0.387733569623544,0.534038879564329,0.673179281175279,0.673179281175279,"gpath_trio"
"13941","DHRS4L2","Exc L3-4 RORB CUX2",0.0741030282817814,4.55235939155079,3.22758826035709,0.0735679099418477,0.150256386219556,0.150256386219556,"gpath_trio"
"13942","CARMIL3","Exc L3-4 RORB CUX2",0.154899067302614,1.80681696445855,5.23284542555745,0.0229676924918721,0.0584993303905466,0.0584993303905466,"gpath_trio"
"13943","CPNE6","Exc L3-4 RORB CUX2",-0.057734866594591,3.71879878018036,1.46509453958934,0.227220448250465,0.358194501140548,0.358194501140548,"gpath_trio"
"13944","NRL","Exc L3-4 RORB CUX2",0.0666664767776729,1.73004951134591,2.20177392341885,0.139063219535052,0.246711260474821,0.246711260474821,"gpath_trio"
"13945","PCK2","Exc L3-4 RORB CUX2",0.0541747951742788,0.0228816240887902,0.39673179474991,0.760051683847913,0.85665043137607,0.85665043137607,"gpath_trio"
"13946","DCAF11","Exc L3-4 RORB CUX2",-0.0231326945841818,2.42890592940572,0.259480681173497,0.774188493577804,0.866532752173769,0.866532752173769,"gpath_trio"
"13947","AL136295.3","Exc L3-4 RORB CUX2",-0.000581275365911462,1.17008743442329,8.86298886170434e-05,0.99249576986634,0.996546168170677,0.996546168170677,"gpath_trio"
"13948","FITM1","Exc L3-4 RORB CUX2",-0.0333223514703689,-0.0720563747307928,0.164636767067166,0.685256647850403,0.798717124659379,0.798717124659379,"gpath_trio"
"13949","PSME1","Exc L3-4 RORB CUX2",-0.168786135019659,1.51144205627867,9.90823408899684,0.00183718909152477,0.00709383539167699,0.00709383539167699,"gpath_trio"
"13950","EMC9","Exc L3-4 RORB CUX2",-0.184876867786593,3.00335030976974,24.3507255666257,1.43542770321293e-06,1.43792223993649e-05,1.43792223993649e-05,"gpath_trio"
"13951","AL136295.2","Exc L3-4 RORB CUX2",-0.220681370830303,-1.03374202062261,3.21369971746782,0.0741865644879265,0.151291046760031,0.151291046760031,"gpath_trio"
"13952","PSME2","Exc L3-4 RORB CUX2",-0.211731310127584,1.1921559078838,12.4465779589755,0.000494954147713235,0.00232117618087274,0.00232117618087274,"gpath_trio"
"13953","REC8","Exc L3-4 RORB CUX2",-0.0178967137447895,2.88765804260215,0.199130249191954,0.655795202085339,0.775083081550774,0.775083081550774,"gpath_trio"
"13954","IPO4","Exc L3-4 RORB CUX2",-0.186440360999474,-0.0587428296927153,4.77452736053315,0.0297766033124726,0.0722654844014357,0.0722654844014357,"gpath_trio"
"13955","AL136295.1","Exc L3-4 RORB CUX2",0.0268590245215998,3.70096980737681,0.918650397861389,0.961714418429938,0.980168842616133,0.980168842616133,"gpath_trio"
"13956","AL136295.6","Exc L3-4 RORB CUX2",0.0725055596089845,-1.02177656770325,0.372634901512019,0.60852386770571,0.736375864903229,0.736375864903229,"gpath_trio"
"13957","GMPR2","Exc L3-4 RORB CUX2",-0.148880288646649,3.3019336821674,20.060008294734,1.12474680525287e-05,8.80549739851638e-05,8.80549739851638e-05,"gpath_trio"
"13958","TINF2","Exc L3-4 RORB CUX2",-0.185744944610482,2.22916535613809,22.6591874596219,3.21420952353488e-06,2.91314811937629e-05,2.91314811937629e-05,"gpath_trio"
"13959","TGM1","Exc L3-4 RORB CUX2",0.0583424139326966,1.04242031764444,0.856086177720245,0.35569421676534,0.503517458829689,0.503517458829689,"gpath_trio"
"13960","RABGGTA","Exc L3-4 RORB CUX2",-0.0838316472801791,2.60412814795576,3.25200138471761,0.0724939017008885,0.148483702214764,0.148483702214764,"gpath_trio"
"13961","DHRS1","Exc L3-4 RORB CUX2",-0.0153043552814033,3.28610194009359,0.194097701322166,0.65989385550873,0.778832253123238,0.778832253123238,"gpath_trio"
"13962","NOP9","Exc L3-4 RORB CUX2",0.0811337945372531,-0.852460251609862,0.519659824605266,0.47163446848655,0.61687036639975,0.61687036639975,"gpath_trio"
"13963","LTB4R","Exc L3-4 RORB CUX2",0.0173895641402855,1.06922203705809,0.0546390434606458,0.815363036583969,0.89353336572958,0.89353336572958,"gpath_trio"
"13964","NYNRIN","Exc L3-4 RORB CUX2",0.228611484053677,0.513601174256217,6.24218091869543,0.0130922526794871,0.0370561444737167,0.0370561444737167,"gpath_trio"
"13965","CBLN3","Exc L3-4 RORB CUX2",-0.39652704663671,-0.21435664002831,5.46372153992754,0.0201744400545033,0.0527295411451747,0.0527295411451747,"gpath_trio"
"13966","KHNYN","Exc L3-4 RORB CUX2",0.0228466759690622,2.57579105881468,0.322073546186803,0.570853859193319,0.705480956154683,0.705480956154683,"gpath_trio"
"13967","SDR39U1","Exc L3-4 RORB CUX2",-0.0984033593839763,3.80956895001026,11.3291281168475,0.000878292420465333,0.00378703773945033,0.00378703773945033,"gpath_trio"
"13968","AL136018.1","Exc L3-4 RORB CUX2",-0.0587216451033625,0.162423836519521,0.323391991044017,0.570067127276083,0.704940502163345,0.704940502163345,"gpath_trio"
"13969","STXBP6","Exc L3-4 RORB CUX2",-0.0842796446789911,6.49892742966601,3.17430219089389,0.0759722829733041,0.154199276557989,0.154199276557989,"gpath_trio"
"13970","LINC02306","Exc L3-4 RORB CUX2",-0.0158123615569177,6.63903536058429,0.0581077926856807,0.809702018770623,0.889988462473294,0.889988462473294,"gpath_trio"
"13971","NOVA1","Exc L3-4 RORB CUX2",0.0423194433678652,8.37855940646295,5.57697219309496,0.0189359548718613,0.0500567203275422,0.0500567203275422,"gpath_trio"
"13972","LINC02588","Exc L3-4 RORB CUX2",0.0932281955870982,3.50054927739017,5.90624929135239,0.0157643801215451,0.0431776227195454,0.0431776227195454,"gpath_trio"
"13973","LINC02294","Exc L3-4 RORB CUX2",-0.0934105930612978,-1.02970265469224,0.508260759743014,0.476532062441693,0.620700778601662,0.620700778601662,"gpath_trio"
"13974","LINC02293","Exc L3-4 RORB CUX2",0.143068630270605,-0.137780107838069,2.07660043797994,0.15077617118944,0.262346636804394,0.262346636804394,"gpath_trio"
"13975","AL110292.1","Exc L3-4 RORB CUX2",-0.249100141243894,2.12899965246373,9.19170997119015,0.00267675507003655,0.00979034328099844,0.00979034328099844,"gpath_trio"
"13976","LINC00645","Exc L3-4 RORB CUX2",-0.304402553341258,-1.62485590412508,1.75629293256875,0.186255417609538,0.308261119792653,0.308261119792653,"gpath_trio"
"13977","AL139023.1","Exc L3-4 RORB CUX2",-0.121176770289513,-0.568249265302914,1.36750536409662,0.243311867759334,0.37754321889283,0.37754321889283,"gpath_trio"
"13978","LINC02300","Exc L3-4 RORB CUX2",-0.0949948591751522,0.786497350081575,1.91144048993733,0.167989672726219,0.284710319829593,0.284710319829593,"gpath_trio"
"13979","FOXG1-AS1","Exc L3-4 RORB CUX2",0.0860611474468321,3.44632892487184,7.20248463681165,0.0077475770072933,0.0239294804228632,0.0239294804228632,"gpath_trio"
"13980","FOXG1","Exc L3-4 RORB CUX2",-0.0272582664908692,5.3142239142918,1.57081808373617,0.211214107068599,0.339439562027335,0.339439562027335,"gpath_trio"
"13981","LINC01551","Exc L3-4 RORB CUX2",0.15078716719171,5.63902618062096,20.20824409906,1.04670467281702e-05,8.25215583199816e-05,8.25215583199816e-05,"gpath_trio"
"13982","LINC02282","Exc L3-4 RORB CUX2",0.107898256323506,-0.889636843202108,0.89094890646978,0.346096553727929,0.493149090434421,0.493149090434421,"gpath_trio"
"13983","LINC02281","Exc L3-4 RORB CUX2",-0.300862385689404,1.41689647863197,17.8270571241892,3.34750806574903e-05,0.000226630789350627,0.000226630789350627,"gpath_trio"
"13984","AL049777.1","Exc L3-4 RORB CUX2",-0.037006278544735,-0.634156100198453,0.103976266616522,0.74736828093024,0.84675437006613,0.84675437006613,"gpath_trio"
"13985","LINC02327","Exc L3-4 RORB CUX2",0.141651701677355,2.08911182307051,3.55764410438946,0.0603862786912361,0.128295405707212,0.128295405707212,"gpath_trio"
"13986","AL138974.1","Exc L3-4 RORB CUX2",-0.0869205515808257,-0.352835986339519,0.798563392247995,0.372349629864638,0.520737126197079,0.520737126197079,"gpath_trio"
"13987","AL158058.1","Exc L3-4 RORB CUX2",-0.0364478874997874,2.98419859937834,0.500700489295034,0.479826266946261,0.623301457449025,0.623301457449025,"gpath_trio"
"13988","PRKD1","Exc L3-4 RORB CUX2",0.160124668367488,6.89514851356121,16.3768124882653,6.85164384099016e-05,0.000421181945435638,0.000421181945435638,"gpath_trio"
"13989","AL133372.3","Exc L3-4 RORB CUX2",0.10142756790072,-0.059041590307454,0.981445410312024,0.322763255409926,0.468294403039969,0.468294403039969,"gpath_trio"
"13990","AL133372.2","Exc L3-4 RORB CUX2",0.0856051933832363,-0.239676956742776,0.993852982305536,0.319729364876551,0.46503784416296,0.46503784416296,"gpath_trio"
"13991","G2E3-AS1","Exc L3-4 RORB CUX2",-0.219263856178478,1.42144253971715,10.8155857590494,0.00114540686300001,0.00476367418285411,0.00476367418285411,"gpath_trio"
"13992","G2E3","Exc L3-4 RORB CUX2",0.0220634135844118,5.53735607411795,1.87168470095549,0.172463389137589,0.290438136548485,0.290438136548485,"gpath_trio"
"13993","SCFD1","Exc L3-4 RORB CUX2",0.041253003765155,6.86941798466811,5.83072614419497,0.0164394382374122,0.0446297260030085,0.0446297260030085,"gpath_trio"
"13994","AL121852.1","Exc L3-4 RORB CUX2",-0.0568640874192188,0.359516742497128,0.515628822986076,0.473356994283542,0.618083908822701,0.618083908822701,"gpath_trio"
"13995","COCH","Exc L3-4 RORB CUX2",-0.334920025582301,3.00019281218976,54.2448719309434,2.34164618038864e-12,1.02036094361427e-10,1.02036094361427e-10,"gpath_trio"
"13996","AL049830.3","Exc L3-4 RORB CUX2",-0.0414197029746019,1.07680299910231,0.420487228859177,0.517266297026647,0.658215873136045,0.658215873136045,"gpath_trio"
"13997","STRN3","Exc L3-4 RORB CUX2",0.0266615861502597,6.7785235507064,3.94257788159216,0.0481289582967061,0.106860728680102,0.106860728680102,"gpath_trio"
"13998","AP4S1","Exc L3-4 RORB CUX2",-0.00497657354218351,5.53404737505049,0.0612352421987534,0.804749430458222,0.887009383713649,0.887009383713649,"gpath_trio"
"13999","HECTD1","Exc L3-4 RORB CUX2",-0.0312732489771759,6.63888447182998,7.04174474684898,0.00845365059259332,0.0257321063225061,0.0257321063225061,"gpath_trio"
"14000","AL136418.1","Exc L3-4 RORB CUX2",-0.0626828476693929,1.15889057687476,1.27272750906641,0.260295535890202,0.398200063435306,0.398200063435306,"gpath_trio"
"14001","HEATR5A","Exc L3-4 RORB CUX2",0.0255522201074639,4.02318600639042,1.06284295307386,0.51702522483836,0.658085038856945,0.658085038856945,"gpath_trio"
"14002","AL139353.1","Exc L3-4 RORB CUX2",0.171794167941987,3.61521976716262,37.1486332778383,3.93160229285967e-09,7.65637801722431e-08,7.65637801722431e-08,"gpath_trio"
"14003","AL139353.2","Exc L3-4 RORB CUX2",-0.124725582617371,1.14914083311262,4.9624384846204,0.0312090634853095,0.0751722607230324,0.0751722607230324,"gpath_trio"
"14004","NUBPL","Exc L3-4 RORB CUX2",0.0512528022255977,5.86056160362813,5.28714595516302,0.022276370151504,0.0571073616084097,0.0571073616084097,"gpath_trio"
"14005","LINC02313","Exc L3-4 RORB CUX2",0.335517146175619,-0.878459630911988,7.84397695278368,0.00548192799549362,0.0179980304815433,0.0179980304815433,"gpath_trio"
"14006","AL352984.1","Exc L3-4 RORB CUX2",0.0959450040437441,1.50016522263079,2.46124118749949,0.117902702580141,0.217112725862938,0.217112725862938,"gpath_trio"
"14007","ARHGAP5-AS1","Exc L3-4 RORB CUX2",-0.0624403941391378,0.482363798948749,0.774346313374409,0.379688430289507,0.527817410672556,0.527817410672556,"gpath_trio"
"14008","ARHGAP5","Exc L3-4 RORB CUX2",0.102508782649467,6.43918299770787,36.3367082792515,5.66267381043635e-09,1.05622420013108e-07,1.05622420013108e-07,"gpath_trio"
"14009","AKAP6","Exc L3-4 RORB CUX2",0.0698994668341631,9.20536337351369,44.6910562187118,1.40103197068811e-10,3.7889839153663e-09,3.7889839153663e-09,"gpath_trio"
"14010","AL136298.1","Exc L3-4 RORB CUX2",-0.329898865723385,2.15735766754509,28.4850063754492,2.05726808612506e-07,2.55732493145861e-06,2.55732493145861e-06,"gpath_trio"
"14011","NPAS3","Exc L3-4 RORB CUX2",0.115325308280441,8.21038229689344,11.3820977927992,0.000854625866817464,0.00369605077449996,0.00369605077449996,"gpath_trio"
"14012","EGLN3","Exc L3-4 RORB CUX2",0.0635958634519438,4.29888670765892,4.6566942688271,0.0318485430782677,0.0764387766600109,0.0764387766600109,"gpath_trio"
"14013","EAPP","Exc L3-4 RORB CUX2",-0.0263856616217152,5.25293105306206,1.98346842553156,0.217261742394447,0.346721693783259,0.346721693783259,"gpath_trio"
"14014","SNX6","Exc L3-4 RORB CUX2",0.0125411163611857,5.694432319241,0.497688755018427,0.481148973705152,0.624577309516242,0.624577309516242,"gpath_trio"
"14015","CFL2","Exc L3-4 RORB CUX2",-0.128204424266216,3.42842126595117,14.9874320678377,0.000136958485696036,0.000764141993616572,0.000764141993616572,"gpath_trio"
"14016","BAZ1A","Exc L3-4 RORB CUX2",-0.087869650688766,3.43803026432355,7.40140123284893,0.00695704470022965,0.021872896497917,0.021872896497917,"gpath_trio"
"14017","SRP54","Exc L3-4 RORB CUX2",-0.0832744865230359,5.00738796754198,18.2709881202274,2.69188645380349e-05,0.000187078226680969,0.000187078226680969,"gpath_trio"
"14018","FAM177A1","Exc L3-4 RORB CUX2",-0.0357521319508265,4.79140138419559,3.05001367926732,0.0819174001821936,0.163389377031711,0.163389377031711,"gpath_trio"
"14019","PPP2R3C","Exc L3-4 RORB CUX2",0.0297302086958686,5.15212170902882,1.51648639656444,0.219264634461287,0.34897948881796,0.34897948881796,"gpath_trio"
"14020","AL121594.1","Exc L3-4 RORB CUX2",0.0107545105170975,-0.282650839221984,0.0104133690103087,0.918798882898662,0.959133644454623,0.959133644454623,"gpath_trio"
"14021","NFKBIA","Exc L3-4 RORB CUX2",0.00632915272127358,3.80582497963123,0.0336752715284465,0.854542283264423,0.919732758861549,0.919732758861549,"gpath_trio"
"14022","INSM2","Exc L3-4 RORB CUX2",-0.0536163175515065,0.19422125040044,0.36255386757076,0.547616005498929,0.685794718245866,0.685794718245866,"gpath_trio"
"14023","RALGAPA1","Exc L3-4 RORB CUX2",0.029589756357198,7.57723066004215,5.64606158629569,0.0182194892776094,0.0484820936992902,0.0484820936992902,"gpath_trio"
"14024","AL162311.3","Exc L3-4 RORB CUX2",0.198383012103913,2.09347957820004,5.68044113222749,0.0178735257174479,0.0477613750131803,0.0477613750131803,"gpath_trio"
"14025","BRMS1L","Exc L3-4 RORB CUX2",0.010080082175939,5.20237934312567,0.276428378208574,0.59949991525487,0.728872531654032,0.728872531654032,"gpath_trio"
"14026","LINC00609","Exc L3-4 RORB CUX2",-0.715055269958527,-0.0498696647788676,7.36009909876387,0.00711406766565119,0.0222659502256458,0.0222659502256458,"gpath_trio"
"14027","PTCSC3","Exc L3-4 RORB CUX2",-0.155642338541594,0.454008094458648,4.38277592625071,0.0372726792920973,0.0871452433327225,0.0871452433327225,"gpath_trio"
"14028","MBIP","Exc L3-4 RORB CUX2",0.000588357941514181,4.08460641813731,0.000469528777970678,0.982728920830374,0.991179122019337,0.991179122019337,"gpath_trio"
"14029","SLC25A21","Exc L3-4 RORB CUX2",0.143760206107259,4.54833353650385,11.1381408761715,0.000969307067768692,0.0041344122816561,0.0041344122816561,"gpath_trio"
"14030","SLC25A21-AS1","Exc L3-4 RORB CUX2",-0.0763870073947136,0.262285882662875,0.737463383786253,0.391265649709505,0.539118481763364,0.539118481763364,"gpath_trio"
"14031","MIPOL1","Exc L3-4 RORB CUX2",0.192004863344769,7.24421035196565,109.147436975683,1.46298204980921e-21,8.43304652997168e-19,8.43304652997168e-19,"gpath_trio"
"14032","AL121790.1","Exc L3-4 RORB CUX2",0.143947108393433,1.73988483486682,6.83947383715381,0.00943738790373933,0.0282028110932465,0.0282028110932465,"gpath_trio"
"14033","TTC6","Exc L3-4 RORB CUX2",0.153176197876112,4.73032143061776,3.10351898298405,0.0792984716660753,0.159394905436193,0.159394905436193,"gpath_trio"
"14034","AL359233.1","Exc L3-4 RORB CUX2",-0.0307122724934416,-0.0116152620810893,0.0822037258652445,0.77456124600427,0.866805698809416,0.866805698809416,"gpath_trio"
"14035","AL392023.2","Exc L3-4 RORB CUX2",0.205183714993583,4.88294212797883,16.083649690519,7.92554811414209e-05,0.000477405895672494,0.000477405895672494,"gpath_trio"
"14036","SSTR1","Exc L3-4 RORB CUX2",-0.0342878769398806,3.05384628772393,0.411843148837708,0.521600827412909,0.662092405502419,0.662092405502419,"gpath_trio"
"14037","CLEC14A","Exc L3-4 RORB CUX2",0.0644655584074394,0.343255924144568,0.723093940144297,0.395913285999013,0.544111072549733,0.544111072549733,"gpath_trio"
"14038","AL161751.1","Exc L3-4 RORB CUX2",0.091079075907845,0.858406863324108,1.27787907939833,0.259335446262766,0.397002248148668,0.397002248148668,"gpath_trio"
"14039","SEC23A","Exc L3-4 RORB CUX2",-0.0287551313967776,5.93971390470408,3.52370865984405,0.0616165897802078,0.130445725301296,0.130445725301296,"gpath_trio"
"14040","GEMIN2","Exc L3-4 RORB CUX2",-0.0431402048612456,3.27488040945392,2.33454666118155,0.127747409207067,0.231252039547112,0.231252039547112,"gpath_trio"
"14041","TRAPPC6B","Exc L3-4 RORB CUX2",-0.0517355076242333,5.74982568511377,9.50138774314431,0.00227406246452864,0.00851981619718946,0.00851981619718946,"gpath_trio"
"14042","PNN","Exc L3-4 RORB CUX2",-0.00849644905071682,5.52112672885306,0.123651482934027,0.725392220253661,0.830012933508259,0.830012933508259,"gpath_trio"
"14043","MIA2","Exc L3-4 RORB CUX2",-0.0112405657647225,6.22971650489976,0.449030692493708,0.503390322958153,0.645948487238395,0.645948487238395,"gpath_trio"
"14044","AL132639.2","Exc L3-4 RORB CUX2",0.0304773278231175,0.130931444542194,0.14290096223763,0.705722356433357,0.815414268429242,0.815414268429242,"gpath_trio"
"14045","FBXO33","Exc L3-4 RORB CUX2",0.0348497884870841,6.74118904174488,3.82356165484712,0.0516078195654791,0.113123398493431,0.113123398493431,"gpath_trio"
"14046","AL049875.1","Exc L3-4 RORB CUX2",0.138900894779766,4.42532227172325,24.6373539705568,1.25299859972326e-06,1.27351369014694e-05,1.27351369014694e-05,"gpath_trio"
"14047","LINC02315","Exc L3-4 RORB CUX2",-0.13421694789603,-1.33196922139095,0.356205197807887,0.551140685280802,0.688883174867739,0.688883174867739,"gpath_trio"
"14048","AL121821.1","Exc L3-4 RORB CUX2",0.0476679283797918,3.38307819832452,1.96042913005247,0.256367112061955,0.393533172475838,0.393533172475838,"gpath_trio"
"14049","LRFN5","Exc L3-4 RORB CUX2",0.16465157922702,9.96072731582963,90.3605538618696,1.39045530361374e-18,2.89200368560899e-16,2.89200368560899e-16,"gpath_trio"
"14050","AL450442.1","Exc L3-4 RORB CUX2",0.100115858048424,4.15515256298875,3.69106089186791,0.0557980995127553,0.120180063805897,0.120180063805897,"gpath_trio"
"14051","LINC02307","Exc L3-4 RORB CUX2",0.0128649704469546,2.99466730546575,0.0110610013304551,0.916320975575189,0.957764774750256,0.957764774750256,"gpath_trio"
"14052","AL161752.1","Exc L3-4 RORB CUX2",-0.218362962684964,-1.70502184068209,0.879532323756789,0.34920349135211,0.496419140221872,0.496419140221872,"gpath_trio"
"14053","LINC02277","Exc L3-4 RORB CUX2",0.11013455777614,0.791218404761031,0.593701182138981,0.441691011820331,0.588580988340501,0.588580988340501,"gpath_trio"
"14054","LINC02302","Exc L3-4 RORB CUX2",-0.085329169882178,0.16512809294758,0.296802414719225,0.586360962100929,0.718221869369574,0.718221869369574,"gpath_trio"
"14055","AL049870.2","Exc L3-4 RORB CUX2",0.0123258264968549,-0.00555860737968944,0.0209385774682038,0.898452398763481,0.947828756800525,0.947828756800525,"gpath_trio"
"14056","C14orf28","Exc L3-4 RORB CUX2",-0.111652113303925,2.14819805772186,7.21853451170304,0.00768049317876758,0.0237440928411946,0.0237440928411946,"gpath_trio"
"14057","AL049870.3","Exc L3-4 RORB CUX2",-0.454305630090296,0.174419349557581,28.1894800189539,2.36081862138422e-07,2.88663731432888e-06,2.88663731432888e-06,"gpath_trio"
"14058","KLHL28","Exc L3-4 RORB CUX2",-0.0534507419172126,5.2782553679853,6.76393892179782,0.00983437298312168,0.0291863011083377,0.0291863011083377,"gpath_trio"
"14059","TOGARAM1","Exc L3-4 RORB CUX2",0.0342847783258605,6.68051198106832,6.58301758888742,0.0108568577152275,0.0316207744196211,0.0316207744196211,"gpath_trio"
"14060","PRPF39","Exc L3-4 RORB CUX2",0.0328818040518059,5.18025082675361,2.32625312449079,0.128423172510033,0.232162858905907,0.232162858905907,"gpath_trio"
"14061","FKBP3","Exc L3-4 RORB CUX2",-0.0613586829992716,6.19715779435244,7.59966833531827,0.00625141407233312,0.0200639960084824,0.0200639960084824,"gpath_trio"
"14062","FANCM","Exc L3-4 RORB CUX2",-0.00789679911048367,4.4827845265554,0.0763355109211744,0.782545730570222,0.872161093484379,0.872161093484379,"gpath_trio"
"14063","MIS18BP1","Exc L3-4 RORB CUX2",0.0316854786879903,5.29288455995193,0.828526757625111,0.363541917474207,0.511397168110593,0.511397168110593,"gpath_trio"
"14064","AL162632.1","Exc L3-4 RORB CUX2",0.302395261651615,-0.997449582975471,4.11976112526652,0.043403394572974,0.098367050720035,0.098367050720035,"gpath_trio"
"14065","LINC00871","Exc L3-4 RORB CUX2",0.0431191854187605,2.64627969738501,0.455096805274415,0.500523835136129,0.64335297998671,0.64335297998671,"gpath_trio"
"14066","MDGA2","Exc L3-4 RORB CUX2",0.128248128004081,9.84124803747381,33.8021837369874,1.78249987281972e-08,2.91425728801765e-07,2.91425728801765e-07,"gpath_trio"
"14067","AL358335.2","Exc L3-4 RORB CUX2",0.0423267939687547,1.3464228241849,0.265107885476968,0.607069911700119,0.73515218898859,0.73515218898859,"gpath_trio"
"14068","AL110505.1","Exc L3-4 RORB CUX2",0.132293099610945,-0.885214536989814,0.805140805200322,0.370390869155648,0.518644904581843,0.518644904581843,"gpath_trio"
"14069","RPS29","Exc L3-4 RORB CUX2",-0.020897904576844,4.85461411229664,0.693835777962811,0.811489372438431,0.891232359740966,0.891232359740966,"gpath_trio"
"14070","LRR1","Exc L3-4 RORB CUX2",0.057259310595193,1.10066689375932,0.786031578200319,0.676863482828373,0.792324964668548,0.792324964668548,"gpath_trio"
"14071","RPL36AL","Exc L3-4 RORB CUX2",-0.415717808858713,4.09174104464486,80.2395039666181,6.56128574722699e-17,8.43146114333149e-15,8.43146114333149e-15,"gpath_trio"
"14072","MGAT2","Exc L3-4 RORB CUX2",-0.0496282779820594,1.69655565416767,1.01690421995248,0.314191988650105,0.458869507095401,0.458869507095401,"gpath_trio"
"14073","DNAAF2","Exc L3-4 RORB CUX2",-0.0589252643703204,3.46027387767085,4.11875898134838,0.0434286948584199,0.0983866993162196,0.0983866993162196,"gpath_trio"
"14074","POLE2","Exc L3-4 RORB CUX2",-0.187051642131942,3.36506158195522,17.079133896877,4.83942494311834e-05,0.00031323515632792,0.00031323515632792,"gpath_trio"
"14075","KLHDC1","Exc L3-4 RORB CUX2",-0.00144444521758855,5.74537027312894,0.00512521769541102,0.942982736709808,0.972234092044173,0.972234092044173,"gpath_trio"
"14076","AL591767.1","Exc L3-4 RORB CUX2",-0.368295483878725,0.95524757820262,22.6190311087152,3.27658761315601e-06,2.96351527211267e-05,2.96351527211267e-05,"gpath_trio"
"14077","KLHDC2","Exc L3-4 RORB CUX2",-0.104683722568615,5.46261922877483,19.3382307089248,1.59769084624495e-05,0.000119338810895934,0.000119338810895934,"gpath_trio"
"14078","NEMF","Exc L3-4 RORB CUX2",-0.0320810607492525,6.98527728710122,3.75013586082985,0.0538867505246281,0.116912054181565,0.116912054181565,"gpath_trio"
"14079","AL627171.2","Exc L3-4 RORB CUX2",0.323082568449457,3.07618217656632,7.63154108853036,0.0061450377243259,0.0197764524317452,0.0197764524317452,"gpath_trio"
"14080","AL627171.1","Exc L3-4 RORB CUX2",-0.171171669088844,1.25292883941485,6.749733688905,0.00991093468856435,0.0293703154144809,0.0293703154144809,"gpath_trio"
"14081","ARF6","Exc L3-4 RORB CUX2",-0.159701138431078,2.56429164184383,18.8366831957955,2.04074926196149e-05,0.000146676581261393,0.000146676581261393,"gpath_trio"
"14082","LINC01588","Exc L3-4 RORB CUX2",0.164029806061034,3.68037864987742,13.4148492177727,0.000302440062305655,0.00152428884761843,0.00152428884761843,"gpath_trio"
"14083","VCPKMT","Exc L3-4 RORB CUX2",-0.032497503476291,3.90081309800321,1.77068998543678,0.37718855228881,0.525438760962962,0.525438760962962,"gpath_trio"
"14084","SOS2","Exc L3-4 RORB CUX2",0.0478747816713728,6.43900050549772,10.7469490800332,0.00118690509911604,0.00491196110249563,0.00491196110249563,"gpath_trio"
"14085","L2HGDH","Exc L3-4 RORB CUX2",0.0259166320548808,6.30607771321817,1.6364668236195,0.201951367854024,0.328181139464755,0.328181139464755,"gpath_trio"
"14086","ATP5S","Exc L3-4 RORB CUX2",-0.0873824187714419,4.03079403404342,11.7914533112192,0.000692293254841651,0.00309964856112523,0.00309964856112523,"gpath_trio"
"14087","AL359397.2","Exc L3-4 RORB CUX2",-0.0731478548388866,2.24692390872079,2.25935825829782,0.134022688114378,0.240219237092002,0.240219237092002,"gpath_trio"
"14088","CDKL1","Exc L3-4 RORB CUX2",0.122894350694471,7.18720757371256,28.3489206885209,2.19182048222876e-07,2.70293265458223e-06,2.70293265458223e-06,"gpath_trio"
"14089","MAP4K5","Exc L3-4 RORB CUX2",0.0728441349272216,7.29148351675822,20.6409407664904,8.48807640492666e-06,6.8389353621963e-05,6.8389353621963e-05,"gpath_trio"
"14090","AL118556.1","Exc L3-4 RORB CUX2",-0.161158021796734,-0.634324603025861,1.89721804514267,0.169574569094567,0.286818153209498,0.286818153209498,"gpath_trio"
"14091","ATL1","Exc L3-4 RORB CUX2",-0.0207715541658803,7.56893185264437,2.02618038658619,0.155807587592633,0.268967064232169,0.268967064232169,"gpath_trio"
"14092","SAV1","Exc L3-4 RORB CUX2",0.00560061446580347,3.74973322778293,0.0450520946918166,0.832074566004734,0.904136606298568,0.904136606298568,"gpath_trio"
"14093","NIN","Exc L3-4 RORB CUX2",0.0270347365516112,8.2418914651445,2.70861087430949,0.101016112723782,0.192536615418262,0.192536615418262,"gpath_trio"
"14094","AL358334.1","Exc L3-4 RORB CUX2",-0.0922490977019967,-0.787864893059012,0.603122616673553,0.438094999743262,0.584986870065545,0.584986870065545,"gpath_trio"
"14095","PYGL","Exc L3-4 RORB CUX2",-0.0656973335520412,3.35013074595447,0.910708399036191,0.340812904198936,0.48744508310035,0.48744508310035,"gpath_trio"
"14096","ABHD12B","Exc L3-4 RORB CUX2",0.0662291683538485,3.88223609459278,3.36320612149249,0.0678110396620247,0.140735287026165,0.140735287026165,"gpath_trio"
"14097","AL358334.2","Exc L3-4 RORB CUX2",0.252864477962873,-0.0242086233144843,4.61951895274942,0.0325331992992101,0.0778135501910568,0.0778135501910568,"gpath_trio"
"14098","TRIM9","Exc L3-4 RORB CUX2",0.0514286865332786,9.05008265861543,12.6802328926546,0.00043932658643315,0.00210033504295943,0.00210033504295943,"gpath_trio"
"14099","TMX1","Exc L3-4 RORB CUX2",-0.0166656836306388,3.2652834916046,0.252074614693689,0.616042957546264,0.742586285982905,0.742586285982905,"gpath_trio"
"14100","LINC00519","Exc L3-4 RORB CUX2",-0.250446305334396,-0.471969864267134,5.81530572280875,0.0165809218358266,0.0449442560846166,0.0449442560846166,"gpath_trio"
"14101","LINC00640","Exc L3-4 RORB CUX2",-0.0966318507392579,0.57398066347685,1.39972735138936,0.237849870722135,0.371151762844696,0.371151762844696,"gpath_trio"
"14102","AL358332.1","Exc L3-4 RORB CUX2",-0.187304402928642,-0.246864093505154,3.34752549185057,0.0684511525800852,0.141743306306495,0.141743306306495,"gpath_trio"
"14103","FRMD6-AS2","Exc L3-4 RORB CUX2",-0.1981671264612,2.68667624444411,7.10871529553024,0.00815174740211991,0.0249373015675162,0.0249373015675162,"gpath_trio"
"14104","FRMD6","Exc L3-4 RORB CUX2",-0.0892844644856318,5.92043148388876,4.62021041204291,0.0325203245893201,0.0777919787277132,0.0777919787277132,"gpath_trio"
"14105","AL122125.1","Exc L3-4 RORB CUX2",-0.194416550980255,0.36924058379006,5.49119899914803,0.0198664071080887,0.0520390500396895,0.0520390500396895,"gpath_trio"
"14106","FRMD6-AS1","Exc L3-4 RORB CUX2",0.0187532540673936,3.30487921181886,0.169860368822253,0.680575518261248,0.795101689786362,0.795101689786362,"gpath_trio"
"14107","GNG2","Exc L3-4 RORB CUX2",-0.0421750859661894,5.88780631281177,2.53996467078797,0.112212140583197,0.209027133976146,0.209027133976146,"gpath_trio"
"14108","RTRAF","Exc L3-4 RORB CUX2",-0.0743329863457014,3.99494563550786,8.60222930918331,0.00365691052458907,0.012729152835332,0.012729152835332,"gpath_trio"
"14109","NID2","Exc L3-4 RORB CUX2",-0.0486457686571892,0.921848681940892,0.388708842719594,0.533525407359059,0.672868356158593,0.672868356158593,"gpath_trio"
"14110","LINC02319","Exc L3-4 RORB CUX2",0.159855287606455,0.0385434091840097,2.03763287556415,0.154648159226352,0.26726285869382,0.26726285869382,"gpath_trio"
"14111","PTGDR","Exc L3-4 RORB CUX2",0.101247557139376,2.14602690450204,0.912724248502745,0.340280023049632,0.486959105194094,0.486959105194094,"gpath_trio"
"14112","PTGER2","Exc L3-4 RORB CUX2",0.012057580461199,-0.247413465298868,0.00640953233375561,0.936251475812226,0.969256646372725,0.969256646372725,"gpath_trio"
"14113","TXNDC16","Exc L3-4 RORB CUX2",0.0383215661832736,6.0844612948267,3.76810523937774,0.0533192975886028,0.115917761729532,0.115917761729532,"gpath_trio"
"14114","GPR137C","Exc L3-4 RORB CUX2",0.0469481950658582,6.45067950525073,2.37578159223876,0.124446053168325,0.226433903559791,0.226433903559791,"gpath_trio"
"14115","ERO1A","Exc L3-4 RORB CUX2",0.000890570527384953,5.5672109722166,0.00316860095556451,0.955153756229671,0.977684529766621,0.977684529766621,"gpath_trio"
"14116","AL133453.1","Exc L3-4 RORB CUX2",-0.322221796574648,1.60042246200241,27.4716793457157,3.30047946118921e-07,3.88943768279745e-06,3.88943768279745e-06,"gpath_trio"
"14117","PSMC6","Exc L3-4 RORB CUX2",-0.0761240137506089,5.49144043264146,17.8926879562821,3.24123362067492e-05,0.000220545997629398,0.000220545997629398,"gpath_trio"
"14118","STYX","Exc L3-4 RORB CUX2",0.042066999623123,3.28837500144673,2.00250096702086,0.158236463479893,0.272289702348216,0.272289702348216,"gpath_trio"
"14119","GNPNAT1","Exc L3-4 RORB CUX2",0.00212884418504354,4.08083372378182,0.00780723248890448,0.929659725292586,0.965449434131444,0.965449434131444,"gpath_trio"
"14120","AL139317.3","Exc L3-4 RORB CUX2",0.0547769496407063,-0.580325093647598,0.347150060029629,0.590567923545854,0.72149133205387,0.72149133205387,"gpath_trio"
"14121","AL139317.1","Exc L3-4 RORB CUX2",-0.231447667234181,-0.179804480908094,6.82920087341424,0.00949039308709858,0.0283153919745954,0.0283153919745954,"gpath_trio"
"14122","FERMT2","Exc L3-4 RORB CUX2",0.0203713911623812,4.61386038110739,0.441443980725358,0.507015128883186,0.649214916553584,0.649214916553584,"gpath_trio"
"14123","DDHD1","Exc L3-4 RORB CUX2",0.0138458184561129,7.04062617244357,0.857808279022824,0.56696946852777,0.702013564965494,0.702013564965494,"gpath_trio"
"14124","AL356020.1","Exc L3-4 RORB CUX2",-0.106472281422788,1.99150938802012,5.80692429113596,0.0166583517330682,0.0451420075506582,0.0451420075506582,"gpath_trio"
"14125","LINC02331","Exc L3-4 RORB CUX2",0.0476931544981385,-1.09831998230141,0.105805694786986,0.745232368553026,0.844903795198499,0.844903795198499,"gpath_trio"
"14126","BMP4","Exc L3-4 RORB CUX2",-0.169201011124203,2.23390693599688,7.61251355009662,0.00620831694839159,0.0199574242246336,0.0199574242246336,"gpath_trio"
"14127","CDKN3","Exc L3-4 RORB CUX2",-0.0489903735509648,2.14651184657907,1.41390164389585,0.235494578051644,0.368131342956138,0.368131342956138,"gpath_trio"
"14128","CNIH1","Exc L3-4 RORB CUX2",-0.0605172438026283,5.06903068896108,8.02548090275884,0.00497372826685151,0.0165258510842769,0.0165258510842769,"gpath_trio"
"14129","GMFB","Exc L3-4 RORB CUX2",-0.0913443920221279,4.92301130627495,10.9541868167068,0.00106605560830708,0.0044779662497596,0.0044779662497596,"gpath_trio"
"14130","CGRRF1","Exc L3-4 RORB CUX2",0.0221877291624585,3.95223715228623,0.904738487804882,0.674649989441713,0.790513621616131,0.790513621616131,"gpath_trio"
"14131","SAMD4A","Exc L3-4 RORB CUX2",0.193393862002538,5.30576280426275,28.1163599932351,2.44266493251317e-07,2.97258217287882e-06,2.97258217287882e-06,"gpath_trio"
"14132","GCH1","Exc L3-4 RORB CUX2",0.127388315540175,2.40732562564996,8.04717398278829,0.00491631179590788,0.0163620241640451,0.0163620241640451,"gpath_trio"
"14133","WDHD1","Exc L3-4 RORB CUX2",-0.00795391764021023,3.90125913829902,0.0840484975728036,0.772115246745755,0.865028048816949,0.865028048816949,"gpath_trio"
"14134","SOCS4","Exc L3-4 RORB CUX2",0.0227972625941328,3.80541364160147,0.697266612017054,0.404470283484458,0.552745916771588,0.552745916771588,"gpath_trio"
"14135","MAPK1IP1L","Exc L3-4 RORB CUX2",0.0114402069179463,5.32380621207311,0.331141496736773,0.565485375376466,0.700831216485561,0.700831216485561,"gpath_trio"
"14136","AL158801.2","Exc L3-4 RORB CUX2",-0.131613275067428,-0.329265556503676,0.983300995991721,0.322307114742509,0.467870853024605,0.467870853024605,"gpath_trio"
"14137","FBXO34","Exc L3-4 RORB CUX2",0.119099580477977,7.6836803762959,55.9418344338682,1.14857822876746e-12,5.33930086759989e-11,5.33930086759989e-11,"gpath_trio"
"14138","AL158801.3","Exc L3-4 RORB CUX2",-0.369393063380987,3.18624265412586,41.7055916426087,5.18355424632007e-10,1.22028246113778e-08,1.22028246113778e-08,"gpath_trio"
"14139","ATG14","Exc L3-4 RORB CUX2",-0.00164873300912429,5.06394075527304,0.00577220527560526,0.939497388915208,0.970873319744113,0.970873319744113,"gpath_trio"
"14140","TBPL2","Exc L3-4 RORB CUX2",-0.224099165316029,0.484232731730394,10.3440839148671,0.00146335548583381,0.00585893965602245,0.00585893965602245,"gpath_trio"
"14141","KTN1-AS1","Exc L3-4 RORB CUX2",0.079195233354628,5.03278065956672,7.15509979513775,0.00794917313894962,0.0244287232411742,0.0244287232411742,"gpath_trio"
"14142","KTN1","Exc L3-4 RORB CUX2",-0.0373368458773408,7.09039371347652,3.35910787710269,0.067977713827738,0.141023174958829,0.141023174958829,"gpath_trio"
"14143","AL355773.1","Exc L3-4 RORB CUX2",0.0577635898600211,2.74500136619835,1.99891190299396,0.15860836910438,0.272844802752462,0.272844802752462,"gpath_trio"
"14144","PELI2","Exc L3-4 RORB CUX2",0.356020502949495,4.27053724550708,22.6628826691014,3.20853011124626e-06,2.90930764019745e-05,2.90930764019745e-05,"gpath_trio"
"14145","LINC02284","Exc L3-4 RORB CUX2",0.341903636197255,-0.241448328879656,8.85524708838837,0.00319766126496768,0.0113678970961626,0.0113678970961626,"gpath_trio"
"14146","TMEM260","Exc L3-4 RORB CUX2",0.078992466192824,6.14717794019342,23.5295690137527,2.12110244259607e-06,2.0137996131471e-05,2.0137996131471e-05,"gpath_trio"
"14147","AL161757.5","Exc L3-4 RORB CUX2",-0.158607125967141,0.306968280963363,3.97347611906794,0.0472671416150082,0.105395068753624,0.105395068753624,"gpath_trio"
"14148","OTX2-AS1","Exc L3-4 RORB CUX2",0.00846523140152693,1.28338776001155,0.0172359775741044,0.895650702136879,0.945932424252224,0.945932424252224,"gpath_trio"
"14149","AL161757.4","Exc L3-4 RORB CUX2",-0.496228767667657,-0.0638784540481623,33.5815780013893,1.97071221816081e-08,3.17818697053511e-07,3.17818697053511e-07,"gpath_trio"
"14150","EXOC5","Exc L3-4 RORB CUX2",0.0136205920303202,6.23148313265723,0.747965886289387,0.387918224158941,0.535897711065915,0.535897711065915,"gpath_trio"
"14151","AP5M1","Exc L3-4 RORB CUX2",0.0558647868861175,5.54345011383196,10.3859351456879,0.00143181213830131,0.00574851968176649,0.00574851968176649,"gpath_trio"
"14152","NAA30","Exc L3-4 RORB CUX2",-0.0697638842760468,4.55704263203683,11.1765938794881,0.000950240325799876,0.0040616734264857,0.0040616734264857,"gpath_trio"
"14153","SLC35F4","Exc L3-4 RORB CUX2",0.10837378746806,-1.17803218597692,0.322211778318632,0.570771274528926,0.705427445091072,0.705427445091072,"gpath_trio"
"14154","ARMH4","Exc L3-4 RORB CUX2",0.0306821728320312,5.55728336356482,3.20249135213921,0.549268484146236,0.687385196838431,0.687385196838431,"gpath_trio"
"14155","ACTR10","Exc L3-4 RORB CUX2",-0.00119307323950625,5.99969828229964,0.00564347507387783,0.94017456212675,0.971067112350719,0.971067112350719,"gpath_trio"
"14156","PSMA3","Exc L3-4 RORB CUX2",-0.122176397813029,4.69436995581228,41.1928062417929,6.49933408487332e-10,1.50027534510663e-08,1.50027534510663e-08,"gpath_trio"
"14157","ARID4A","Exc L3-4 RORB CUX2",-0.0369455806522313,6.71653679664412,4.79097111987071,0.0294989043501377,0.071686388251509,0.071686388251509,"gpath_trio"
"14158","AL139021.2","Exc L3-4 RORB CUX2",-0.210181307136401,1.45555847619278,16.362692727389,6.89981729467285e-05,0.000423305479077111,0.000423305479077111,"gpath_trio"
"14159","AL139021.1","Exc L3-4 RORB CUX2",-0.260379445661499,2.66126636221046,34.7545497467015,1.15688756807029e-08,1.98471145287568e-07,1.98471145287568e-07,"gpath_trio"
"14160","TIMM9","Exc L3-4 RORB CUX2",-0.0135793708784541,4.22470369931423,0.368550074042647,0.84597833470354,0.913683774231473,0.913683774231473,"gpath_trio"
"14161","KIAA0586","Exc L3-4 RORB CUX2",0.0858673379873137,6.053742894048,30.0250074028369,1.00715666358336e-07,1.34654643391612e-06,1.34654643391612e-06,"gpath_trio"
"14162","DACT1","Exc L3-4 RORB CUX2",-0.0874167057009052,-0.255096331936785,0.713546400307957,0.399045588077362,0.547217850514522,0.547217850514522,"gpath_trio"
"14163","LINC01500","Exc L3-4 RORB CUX2",-0.102794130353131,0.105050131971483,1.28079414904586,0.258794118688343,0.396444293434876,0.396444293434876,"gpath_trio"
"14164","DAAM1","Exc L3-4 RORB CUX2",0.0480422626272822,7.42049858623384,9.16849572240493,0.0027097344063626,0.0098894521795162,0.0098894521795162,"gpath_trio"
"14165","GPR135","Exc L3-4 RORB CUX2",0.126812087958733,5.62221436264036,26.6134304928415,4.93397160194843e-07,5.51461297899032e-06,5.51461297899032e-06,"gpath_trio"
"14166","L3HYPDH","Exc L3-4 RORB CUX2",0.0957768325262445,4.30482918145234,14.3889890477982,0.000184946542690497,0.000995277807090099,0.000995277807090099,"gpath_trio"
"14167","JKAMP","Exc L3-4 RORB CUX2",-0.0204553632053464,4.81095999849227,0.974888300691602,0.324381993482774,0.469907856574636,0.469907856574636,"gpath_trio"
"14168","CCDC175","Exc L3-4 RORB CUX2",0.0349029165124956,5.46494617937599,1.44255080900068,0.230819981822762,0.362650349137468,0.362650349137468,"gpath_trio"
"14169","RTN1","Exc L3-4 RORB CUX2",-0.00609011952276707,9.26966224765453,0.18062974503754,0.671184115016342,0.787871037438454,0.787871037438454,"gpath_trio"
"14170","LRRC9","Exc L3-4 RORB CUX2",0.0529103398736806,5.42457968151685,5.39125022375549,0.0210109595834863,0.0544154184334834,0.0544154184334834,"gpath_trio"
"14171","AL157911.1","Exc L3-4 RORB CUX2",0.111009144841996,3.23348677961281,7.19696533461063,0.00777078521081279,0.0239754689750953,0.0239754689750953,"gpath_trio"
"14172","PCNX4","Exc L3-4 RORB CUX2",0.06060879265289,6.48607563425355,4.43174275380894,0.0362359299899098,0.0850861135412511,0.0850861135412511,"gpath_trio"
"14173","DHRS7","Exc L3-4 RORB CUX2",-0.0917238409137193,3.62287653170623,9.16567364634741,0.00271377181117197,0.00990060511580372,0.00990060511580372,"gpath_trio"
"14174","PPM1A","Exc L3-4 RORB CUX2",-0.00126132839717916,6.24688741820126,0.0041557799833304,0.948649239614843,0.974894007941183,0.974894007941183,"gpath_trio"
"14175","C14orf39","Exc L3-4 RORB CUX2",0.052837841459211,-0.0526371078577405,0.391111158910326,0.53226441838161,0.671784910420864,0.671784910420864,"gpath_trio"
"14176","SIX4","Exc L3-4 RORB CUX2",0.176113714630822,2.16807420398539,13.8089033561831,0.000247769542883966,0.00128767401537455,0.00128767401537455,"gpath_trio"
"14177","MNAT1","Exc L3-4 RORB CUX2",0.0726599993489798,8.19966176772878,24.4796203084201,1.35028469252096e-06,1.36073894463588e-05,1.36073894463588e-05,"gpath_trio"
"14178","TRMT5","Exc L3-4 RORB CUX2",-0.0154860004417254,2.35368599076818,0.179601804588159,0.672066050042489,0.788750871408499,0.788750871408499,"gpath_trio"
"14179","SLC38A6","Exc L3-4 RORB CUX2",0.109398751835316,6.55080467807957,47.821560015972,3.60930916850334e-11,1.16322384144656e-09,1.16322384144656e-09,"gpath_trio"
"14180","PRKCH","Exc L3-4 RORB CUX2",-0.150850071549463,3.62669016198124,3.87542500557843,0.050060067820601,0.110402477949347,0.110402477949347,"gpath_trio"
"14181","AL359220.1","Exc L3-4 RORB CUX2",-0.439767298881272,-1.23878626836656,6.72147691003913,0.0100671688392675,0.0297851783739876,0.0297851783739876,"gpath_trio"
"14182","HIF1A-AS1","Exc L3-4 RORB CUX2",0.132111065519465,0.322945799466809,2.88023224639202,0.0908697212538652,0.177147224494804,0.177147224494804,"gpath_trio"
"14183","HIF1A","Exc L3-4 RORB CUX2",0.0313333303061374,5.67844222223346,3.86793084507785,0.0502806297294738,0.110779917526716,0.110779917526716,"gpath_trio"
"14184","HIF1A-AS2","Exc L3-4 RORB CUX2",-0.0533977693378327,2.61300462784363,0.63806270983823,0.425142232045214,0.573436009803954,0.573436009803954,"gpath_trio"
"14185","SNAPC1","Exc L3-4 RORB CUX2",0.019843621624427,3.94260856215344,0.654544941936933,0.41923211646596,0.567514278200765,0.567514278200765,"gpath_trio"
"14186","SYT16","Exc L3-4 RORB CUX2",0.0641587071827038,8.35193130714596,31.0506508745724,6.27587606295539e-08,8.84806426066561e-07,8.84806426066561e-07,"gpath_trio"
"14187","AL390816.2","Exc L3-4 RORB CUX2",-0.278811953171915,1.03771935731346,12.6703826025913,0.000441538177535508,0.00210803974289826,0.00210803974289826,"gpath_trio"
"14188","KCNH5","Exc L3-4 RORB CUX2",0.113288937542577,8.0277976345601,18.7981993036659,2.07949865201899e-05,0.000149089855381959,0.000149089855381959,"gpath_trio"
"14189","RHOJ","Exc L3-4 RORB CUX2",0.0359241885491129,3.17222199604996,0.154709033755852,0.694397576587523,0.80611491499242,0.80611491499242,"gpath_trio"
"14190","GPHB5","Exc L3-4 RORB CUX2",0.217393994080311,-0.46200978298635,4.14004910791393,0.0428945412666702,0.0975095628231067,0.0975095628231067,"gpath_trio"
"14191","PPP2R5E","Exc L3-4 RORB CUX2",0.0096992102135949,7.15383730867697,0.576011941247437,0.448567242356105,0.594758419724923,0.594758419724923,"gpath_trio"
"14192","AL136038.3","Exc L3-4 RORB CUX2",0.0523541272433448,0.638639623954839,0.436064180510732,0.509612839432575,0.651672626960272,0.651672626960272,"gpath_trio"
"14193","WDR89","Exc L3-4 RORB CUX2",0.0375076114307146,4.016722311499,2.28769673203,0.131617810590651,0.236771228592634,0.236771228592634,"gpath_trio"
"14194","SGPP1","Exc L3-4 RORB CUX2",0.0171372857674671,5.37875570461944,1.21537904481045,0.271288820660465,0.410750615896801,0.410750615896801,"gpath_trio"
"14195","SYNE2","Exc L3-4 RORB CUX2",-0.0366960144931848,3.73343920360743,1.56020489501489,0.21275858362996,0.341371435083064,0.341371435083064,"gpath_trio"
"14196","ESR2","Exc L3-4 RORB CUX2",-0.134629376184377,4.00763562455696,17.1335639814922,4.71106761394446e-05,0.000306007048008144,0.000306007048008144,"gpath_trio"
"14197","MTHFD1","Exc L3-4 RORB CUX2",-0.0258908968858594,5.0704444559727,1.47004718518586,0.226438774659287,0.35732516845922,0.35732516845922,"gpath_trio"
"14198","AL122035.1","Exc L3-4 RORB CUX2",-0.0642453589578281,3.03889597096076,2.73932457964928,0.0991126490877733,0.189643180514589,0.189643180514589,"gpath_trio"
"14199","ZBTB25","Exc L3-4 RORB CUX2",0.0447056546516613,4.94555936545415,4.91937746790663,0.0274215679924248,0.0674670895423378,0.0674670895423378,"gpath_trio"
"14200","AKAP5","Exc L3-4 RORB CUX2",-0.0653804489505703,4.66164698958071,6.28966961523201,0.0127542338981064,0.0362622137675165,0.0362622137675165,"gpath_trio"
"14201","ZBTB1","Exc L3-4 RORB CUX2",0.120230264354401,5.85784663160574,34.5919029915714,1.24537773918883e-08,2.12029501165693e-07,2.12029501165693e-07,"gpath_trio"
"14202","AL049869.3","Exc L3-4 RORB CUX2",-0.415980997658978,2.4208450256363,38.5732459999493,2.07867772070792e-09,4.24731333358998e-08,4.24731333358998e-08,"gpath_trio"
"14203","PPP1R36","Exc L3-4 RORB CUX2",0.0355056904106795,1.75200647354873,0.536389249486887,0.59024128228913,0.721340200927846,0.721340200927846,"gpath_trio"
"14204","AL049869.2","Exc L3-4 RORB CUX2",-0.249081727218921,0.421219119016815,11.6653421219361,0.000738649327252643,0.00327246058428982,0.00327246058428982,"gpath_trio"
"14205","SPTB","Exc L3-4 RORB CUX2",0.0609119419171486,5.33003892382183,7.05911366462744,0.00837426207205636,0.0255174048185677,0.0255174048185677,"gpath_trio"
"14206","CHURC1","Exc L3-4 RORB CUX2",-0.320100705330164,-0.344049777331995,8.98183825086866,0.0029904803310574,0.0107527985032507,0.0107527985032507,"gpath_trio"
"14207","CHURC1-FNTB","Exc L3-4 RORB CUX2",-0.0922850238021663,3.96925173081778,8.00927004016841,0.00501708338877621,0.0166424954568497,0.0166424954568497,"gpath_trio"
"14208","RAB15","Exc L3-4 RORB CUX2",-0.0403263116596422,5.8823426558851,4.2673859516578,0.0398414409101772,0.0919996646861424,0.0919996646861424,"gpath_trio"
"14209","FNTB","Exc L3-4 RORB CUX2",-0.0853613118710267,2.40163654103791,5.14210752938536,0.0241733157621097,0.0608859732210441,0.0608859732210441,"gpath_trio"
"14210","MAX","Exc L3-4 RORB CUX2",-0.0845195099252345,6.10022101398666,26.3180511724548,5.66834887058656e-07,6.24548619829446e-06,6.24548619829446e-06,"gpath_trio"
"14211","AL139022.1","Exc L3-4 RORB CUX2",-0.705880033035489,1.71985939345164,86.4393303571639,6.10362000752067e-18,1.02617111376441e-15,1.02617111376441e-15,"gpath_trio"
"14212","AL355076.2","Exc L3-4 RORB CUX2",-0.0443151289040744,0.672869854186143,0.451789419578301,0.502083245395201,0.644741230720399,0.644741230720399,"gpath_trio"
"14213","FUT8","Exc L3-4 RORB CUX2",0.0468820119623425,7.17719483789585,7.98776262093968,0.00507520307209166,0.0168159339759319,0.0168159339759319,"gpath_trio"
"14214","AL391261.2","Exc L3-4 RORB CUX2",-0.151036039751254,1.35759552439197,5.69303153535706,0.0177485416300307,0.0474654554495981,0.0474654554495981,"gpath_trio"
"14215","AL359232.1","Exc L3-4 RORB CUX2",0.0221617253923504,5.26316361952529,0.563616949461103,0.45348546240905,0.599624407137408,0.599624407137408,"gpath_trio"
"14216","CCDC196","Exc L3-4 RORB CUX2",0.0159392339823675,2.00097531585412,0.0495466684679121,0.824028744429311,0.899074139790241,0.899074139790241,"gpath_trio"
"14217","GPHN","Exc L3-4 RORB CUX2",0.101983129458405,9.81833133849812,46.0219995029759,7.85581646483993e-11,2.29033377425066e-09,2.29033377425066e-09,"gpath_trio"
"14218","FAM71D","Exc L3-4 RORB CUX2",0.163702971011218,2.24588763287105,8.61514379500727,0.00363190957732134,0.0126552289676093,0.0126552289676093,"gpath_trio"
"14219","MPP5","Exc L3-4 RORB CUX2",-0.00236445133646027,5.10615735422863,0.0143168729455747,0.90485032577863,0.951837229551476,0.951837229551476,"gpath_trio"
"14220","ATP6V1D","Exc L3-4 RORB CUX2",-0.205316123012503,5.5746649005161,118.835290501606,4.89915753692619e-23,3.95362013229944e-20,3.95362013229944e-20,"gpath_trio"
"14221","EIF2S1","Exc L3-4 RORB CUX2",-0.0814510412881989,4.75907106373506,20.6326820813635,8.52205656824967e-06,6.86357250556635e-05,6.86357250556635e-05,"gpath_trio"
"14222","TMEM229B","Exc L3-4 RORB CUX2",0.0341277523025317,4.20676953965846,1.62606952400694,0.203385783705792,0.329927489447967,0.329927489447967,"gpath_trio"
"14223","PLEKHH1","Exc L3-4 RORB CUX2",-0.419324183838124,2.27069055517052,2.62206574692918,0.106599440122874,0.200825819822485,0.200825819822485,"gpath_trio"
"14224","PIGH","Exc L3-4 RORB CUX2",-0.0679960176215145,3.49537909669658,7.34693802345134,0.00716486586203825,0.022379806280635,0.022379806280635,"gpath_trio"
"14225","ARG2","Exc L3-4 RORB CUX2",-0.00633198080039844,4.4299956965833,0.0184075780841994,0.892183563496037,0.944059251052025,0.944059251052025,"gpath_trio"
"14226","VTI1B","Exc L3-4 RORB CUX2",-0.149602148876073,3.85062134318856,32.3141778383489,3.5144463677219e-08,5.30718229556807e-07,5.30718229556807e-07,"gpath_trio"
"14227","RDH11","Exc L3-4 RORB CUX2",-0.0707724537317093,3.33178050824103,4.51273046705966,0.0345873265104849,0.0819013277404969,0.0819013277404969,"gpath_trio"
"14228","RDH12","Exc L3-4 RORB CUX2",-0.20008707921685,0.567182735094255,7.63150446762571,0.00614515887457798,0.0197764524317452,0.0197764524317452,"gpath_trio"
"14229","ZFYVE26","Exc L3-4 RORB CUX2",0.0417647086279927,4.61533552811152,3.98183857153111,0.0470367221934039,0.105020569970333,0.105020569970333,"gpath_trio"
"14230","RAD51B","Exc L3-4 RORB CUX2",0.0932925556570836,4.71974544587327,7.28054603218166,0.00742686973965566,0.0230731593775105,0.0230731593775105,"gpath_trio"
"14231","ACTN1","Exc L3-4 RORB CUX2",0.0690262251419168,7.92500670102338,22.9278139462112,2.82668261200272e-06,2.59337524771054e-05,2.59337524771054e-05,"gpath_trio"
"14232","ACTN1-AS1","Exc L3-4 RORB CUX2",0.0186116067148864,-0.581347175832972,0.028909504145401,0.986113499151186,0.992802079096215,0.992802079096215,"gpath_trio"
"14233","DCAF5","Exc L3-4 RORB CUX2",0.0866282894949707,6.78461383425317,34.044319436746,1.5967149643228e-08,2.63184022918403e-07,2.63184022918403e-07,"gpath_trio"
"14234","AL359317.2","Exc L3-4 RORB CUX2",-0.229432208150609,3.15010746710254,39.6305420310468,1.29829584286932e-09,2.78824610886826e-08,2.78824610886826e-08,"gpath_trio"
"14235","EXD2","Exc L3-4 RORB CUX2",0.0753484246175297,5.36115216154726,18.8612114920327,2.01643382158912e-05,0.00014523938718515,0.00014523938718515,"gpath_trio"
"14236","AL359317.1","Exc L3-4 RORB CUX2",0.0502626700223884,2.77371771101584,1.40628460893389,0.236756726902633,0.369714146905302,0.369714146905302,"gpath_trio"
"14237","GALNT16","Exc L3-4 RORB CUX2",0.0640875652676529,5.74694063213016,5.54071775269401,0.0193235791440798,0.050841576582135,0.050841576582135,"gpath_trio"
"14238","ERH","Exc L3-4 RORB CUX2",-0.241679157530429,4.80416925576332,102.788656563123,1.42979671379006e-20,5.44266956617255e-18,5.44266956617255e-18,"gpath_trio"
"14239","SLC39A9","Exc L3-4 RORB CUX2",0.0218495321227448,5.31042246709266,1.92398345694443,0.16660607539133,0.282780432810033,0.282780432810033,"gpath_trio"
"14240","PLEKHD1","Exc L3-4 RORB CUX2",0.00770791784193172,3.315559785031,0.0220314017374435,0.882118642888478,0.937589034928617,0.937589034928617,"gpath_trio"
"14241","CCDC177","Exc L3-4 RORB CUX2",0.0090091434065859,1.74069593010114,0.0336322848917221,0.854634110943066,0.91978252364645,0.91978252364645,"gpath_trio"
"14242","SUSD6","Exc L3-4 RORB CUX2",0.0449982493665417,5.01660934218562,4.72115054394288,0.0306970684126318,0.074169264098784,0.074169264098784,"gpath_trio"
"14243","SRSF5","Exc L3-4 RORB CUX2",-0.111687908927092,6.86176067878261,18.66541276978,2.21901101753738e-05,0.000157746819164259,0.000157746819164259,"gpath_trio"
"14244","SLC10A1","Exc L3-4 RORB CUX2",-0.197932830817495,1.22095412655429,7.13782892120144,0.00802398729039234,0.0246211321039795,0.0246211321039795,"gpath_trio"
"14245","SLC8A3","Exc L3-4 RORB CUX2",0.0668554722840226,6.01992932691665,6.44499858247594,0.0117103091670669,0.0337074457762269,0.0337074457762269,"gpath_trio"
"14246","AL160191.1","Exc L3-4 RORB CUX2",0.0724786794529132,2.26827868744261,1.7083829686195,0.192350061932568,0.315809122679815,0.315809122679815,"gpath_trio"
"14247","COX16","Exc L3-4 RORB CUX2",-0.127552996039124,0.45567725328177,3.58987132189237,0.059242215566308,0.126180065754442,0.126180065754442,"gpath_trio"
"14248","SYNJ2BP-COX16","Exc L3-4 RORB CUX2",0.0414275730231704,2.1168901506303,0.725862619295674,0.395011613433269,0.543167891290636,0.543167891290636,"gpath_trio"
"14249","AL357153.2","Exc L3-4 RORB CUX2",0.0581918728280253,6.50504160238936,6.47107653161989,0.0115438990537978,0.0333187644363908,0.0333187644363908,"gpath_trio"
"14250","ADAM21","Exc L3-4 RORB CUX2",-0.223872434421369,-0.585724458965506,4.05711420737424,0.0805444402941772,0.161245159123544,0.161245159123544,"gpath_trio"
"14251","MED6","Exc L3-4 RORB CUX2",-0.0804670214148621,4.77477361609864,14.9537350877445,0.000139289987582815,0.000775648771593512,0.000775648771593512,"gpath_trio"
"14252","AL357153.3","Exc L3-4 RORB CUX2",0.126567820604253,-1.18224717665255,0.833548240185991,0.362094304872661,0.509929680357806,0.509929680357806,"gpath_trio"
"14253","TTC9","Exc L3-4 RORB CUX2",-0.035826041109856,4.2182033946651,2.02147729710694,0.920984465550366,0.959699119543662,0.959699119543662,"gpath_trio"
"14254","MAP3K9","Exc L3-4 RORB CUX2",-0.00570630892340097,5.98760580474741,0.0768271947066372,0.781864292306493,0.872046476996405,0.872046476996405,"gpath_trio"
"14255","AC004816.1","Exc L3-4 RORB CUX2",-0.0839904466207477,2.81192492593722,6.34820933479959,0.01234994133342,0.0353017946162863,0.0353017946162863,"gpath_trio"
"14256","AC004825.2","Exc L3-4 RORB CUX2",-0.229436913146062,-0.828556992385419,3.9905698686578,0.0467974109076177,0.104613602776863,0.104613602776863,"gpath_trio"
"14257","PCNX1","Exc L3-4 RORB CUX2",0.0623628457045474,7.42728770745102,23.9732829945572,1.71728536230474e-06,1.6761602411465e-05,1.6761602411465e-05,"gpath_trio"
"14258","AC004817.3","Exc L3-4 RORB CUX2",0.452896805469073,-1.45778701365606,7.5589754347268,0.00638998410590435,0.0204145572979605,0.0204145572979605,"gpath_trio"
"14259","AC004817.1","Exc L3-4 RORB CUX2",0.180859669629293,1.97264803160357,9.76084695739664,0.00198458384625197,0.00758601347065812,0.00758601347065812,"gpath_trio"
"14260","AC004817.4","Exc L3-4 RORB CUX2",0.088976478825525,1.78141739448394,1.89332207757898,0.170011724051167,0.287364823452773,0.287364823452773,"gpath_trio"
"14261","AC005476.2","Exc L3-4 RORB CUX2",0.0353473977813859,2.2778910140215,0.708330626114764,0.400771965904208,0.5490306520077,0.5490306520077,"gpath_trio"
"14262","SIPA1L1","Exc L3-4 RORB CUX2",0.0536657108845336,9.6742483558751,21.5075004172949,5.58699297092957e-06,4.7400161138984e-05,4.7400161138984e-05,"gpath_trio"
"14263","AC005993.1","Exc L3-4 RORB CUX2",0.116228632151742,-1.03236121324599,0.760978118095714,0.383827444479945,0.531836234676651,0.531836234676651,"gpath_trio"
"14264","RGS6","Exc L3-4 RORB CUX2",0.168958567816288,9.83073403555059,85.240223261255,9.62846456217108e-18,1.55403418033441e-15,1.55403418033441e-15,"gpath_trio"
"14265","AC004828.1","Exc L3-4 RORB CUX2",-0.163315441906118,0.335074086200171,3.49561412045701,0.0626554597952355,0.132170002234303,0.132170002234303,"gpath_trio"
"14266","DPF3","Exc L3-4 RORB CUX2",0.125973169576316,4.90709943028474,6.40945191074444,0.0119411440526622,0.0342903366638024,0.0342903366638024,"gpath_trio"
"14267","DCAF4","Exc L3-4 RORB CUX2",-0.0268158733016279,3.62172534180542,0.992988085146138,0.42907260739341,0.576871908180865,0.576871908180865,"gpath_trio"
"14268","ZFYVE1","Exc L3-4 RORB CUX2",0.0110577077560319,4.79560230676427,0.258921316202094,0.611293707116908,0.738691964789119,0.738691964789119,"gpath_trio"
"14269","RBM25","Exc L3-4 RORB CUX2",-0.0115633019299149,7.35381636033739,0.284634378862419,0.594135412495737,0.724436304676959,0.724436304676959,"gpath_trio"
"14270","PSEN1","Exc L3-4 RORB CUX2",0.0354662007674593,5.72885164812494,5.70269793494986,0.017653200330095,0.0472665317398363,0.0472665317398363,"gpath_trio"
"14271","AC004846.2","Exc L3-4 RORB CUX2",0.175394120351004,0.143651803279381,3.97840168934346,0.04713127762197,0.105173490324438,0.105173490324438,"gpath_trio"
"14272","NUMB","Exc L3-4 RORB CUX2",0.0437108198781928,7.05832288919556,5.92882425471837,0.0155682279388303,0.042750646340806,0.042750646340806,"gpath_trio"
"14273","AC005280.2","Exc L3-4 RORB CUX2",0.16680448415863,0.248105757605878,3.64172517430041,0.0574497837005154,0.122976062191819,0.122976062191819,"gpath_trio"
"14274","HEATR4","Exc L3-4 RORB CUX2",0.0980828860509557,5.05513832503933,10.3521914766886,0.00145718993822864,0.00583657077700275,0.00583657077700275,"gpath_trio"
"14275","RIOX1","Exc L3-4 RORB CUX2",-0.153764896269227,1.39221932583584,10.0827756793216,0.00167699626449779,0.00656598704045618,0.00656598704045618,"gpath_trio"
"14276","AC005225.3","Exc L3-4 RORB CUX2",0.00869590676475961,3.09340998733403,0.0631191470671617,0.8018306799438,0.884807414968341,0.884807414968341,"gpath_trio"
"14277","ACOT1","Exc L3-4 RORB CUX2",-0.0539114055646794,0.385044219265166,0.198603609777803,0.656221184576772,0.775495688779076,0.775495688779076,"gpath_trio"
"14278","ACOT2","Exc L3-4 RORB CUX2",-0.194650140401035,1.72463092047446,12.1059669104261,0.000589151444749018,0.0026974667704275,0.0026974667704275,"gpath_trio"
"14279","ACOT4","Exc L3-4 RORB CUX2",-0.238010128279271,1.01130347909192,15.1103133302554,0.000128786460410873,0.000724962845644352,0.000724962845644352,"gpath_trio"
"14280","ACOT6","Exc L3-4 RORB CUX2",-0.2706845967448,1.62314655043887,20.4748393578138,9.1986045593486e-06,7.3381513240355e-05,7.3381513240355e-05,"gpath_trio"
"14281","AC005225.2","Exc L3-4 RORB CUX2",0.189987842255805,4.1817547292945,36.0265674036484,6.51155109380291e-09,1.18887369518076e-07,1.18887369518076e-07,"gpath_trio"
"14282","DNAL1","Exc L3-4 RORB CUX2",-0.0221809364759631,5.10687345691336,1.60165234898886,0.206802099473707,0.334206372707629,0.334206372707629,"gpath_trio"
"14283","AC006146.1","Exc L3-4 RORB CUX2",-0.195532206942663,-0.57074705846867,3.56831722905398,0.0600047874692842,0.127605838219965,0.127605838219965,"gpath_trio"
"14284","PNMA1","Exc L3-4 RORB CUX2",-0.157284920557133,5.2880855933375,24.36119656109,1.4283129463713e-06,1.43221738036983e-05,1.43221738036983e-05,"gpath_trio"
"14285","ELMSAN1","Exc L3-4 RORB CUX2",0.077219067512992,4.61963521524641,11.7495609972792,0.000707354312377181,0.00315378414413472,0.00315378414413472,"gpath_trio"
"14286","AC005520.2","Exc L3-4 RORB CUX2",0.174391091706003,-0.42832449783365,1.22546457524052,0.269313987921401,0.408496331577645,0.408496331577645,"gpath_trio"
"14287","AC005480.1","Exc L3-4 RORB CUX2",-0.138165422250501,3.50925005683235,17.4561201012605,4.01807105013205e-05,0.000266221948888059,0.000266221948888059,"gpath_trio"
"14288","FAM161B","Exc L3-4 RORB CUX2",0.0154984265331186,2.47475221378181,0.100347200262685,0.751667568959493,0.850193037156348,0.850193037156348,"gpath_trio"
"14289","COQ6","Exc L3-4 RORB CUX2",-0.0662318751321135,3.89040041419905,7.78243622293682,0.00566609372426621,0.0184973205318885,0.0184973205318885,"gpath_trio"
"14290","ENTPD5","Exc L3-4 RORB CUX2",0.034690109968154,3.27115265024806,1.18476329642482,0.382860468050485,0.531056029076558,0.531056029076558,"gpath_trio"
"14291","BBOF1","Exc L3-4 RORB CUX2",-0.0156500652623082,4.45469022298283,0.473368965864448,0.492054698296904,0.635829343376676,0.635829343376676,"gpath_trio"
"14292","ALDH6A1","Exc L3-4 RORB CUX2",0.0584373514737739,3.47473783106376,3.17035616576131,0.076153682422427,0.154474215048508,0.154474215048508,"gpath_trio"
"14293","LIN52","Exc L3-4 RORB CUX2",0.0606895145665803,5.92514411445733,14.4777246233056,0.000176875136125347,0.000956177886208166,0.000956177886208166,"gpath_trio"
"14294","ABCD4","Exc L3-4 RORB CUX2",0.129693585859815,5.83450617603419,42.7593475918141,3.26098383539692e-10,8.08235244215393e-09,8.08235244215393e-09,"gpath_trio"
"14295","VRTN","Exc L3-4 RORB CUX2",-0.0913210428429887,0.227293697911219,1.61365618552671,0.205114159198508,0.331964581675356,0.331964581675356,"gpath_trio"
"14296","SYNDIG1L","Exc L3-4 RORB CUX2",0.25545771910414,-0.0818536258693201,6.94079325542465,0.0089306772186993,0.0269281740976324,0.0269281740976324,"gpath_trio"
"14297","NPC2","Exc L3-4 RORB CUX2",0.0779056644364424,1.70670649258101,1.68598964240963,0.195280949122821,0.319622591515466,0.319622591515466,"gpath_trio"
"14298","ISCA2","Exc L3-4 RORB CUX2",-0.22705232575006,2.27370298688089,36.0441969375627,6.46002367736916e-09,1.18267674855647e-07,1.18267674855647e-07,"gpath_trio"
"14299","LTBP2","Exc L3-4 RORB CUX2",0.0245828608113391,0.464465399611808,0.107666819158941,0.743080308013866,0.843548790234658,0.843548790234658,"gpath_trio"
"14300","AREL1","Exc L3-4 RORB CUX2",-0.0514893483549009,4.95401170465987,7.18289319702312,0.00783028176930869,0.0241258299779784,0.0241258299779784,"gpath_trio"
"14301","FCF1","Exc L3-4 RORB CUX2",-0.0388283739767357,3.87986728815214,2.18419354405296,0.140644392492604,0.24881625907912,0.24881625907912,"gpath_trio"
"14302","YLPM1","Exc L3-4 RORB CUX2",0.0371475898324251,7.16492703023012,6.70752408598634,0.0101420803068596,0.0299716522910346,0.0299716522910346,"gpath_trio"
"14303","PROX2","Exc L3-4 RORB CUX2",-0.57084273028656,-0.103991338600424,31.7305692985534,4.59196819889056e-08,6.74257339247576e-07,6.74257339247576e-07,"gpath_trio"
"14304","DLST","Exc L3-4 RORB CUX2",-0.0423558655833637,4.706211789446,3.66769184827401,0.0565740485990078,0.121552867996271,0.121552867996271,"gpath_trio"
"14305","RPS6KL1","Exc L3-4 RORB CUX2",-0.130293253975333,4.82927423607162,20.672772562493,8.35838208413773e-06,6.74791350730207e-05,6.74791350730207e-05,"gpath_trio"
"14306","EIF2B2","Exc L3-4 RORB CUX2",-0.166106078301173,2.70009618771409,25.4484440048842,8.53795201884917e-07,8.97907935929677e-06,8.97907935929677e-06,"gpath_trio"
"14307","AL049780.1","Exc L3-4 RORB CUX2",0.15971227798845,1.92874590997358,11.6526766744251,0.00074347610261851,0.00329083597418351,0.00329083597418351,"gpath_trio"
"14308","MLH3","Exc L3-4 RORB CUX2",0.0246692560841299,5.70216912003611,1.43491958977032,0.232054059655363,0.364050595143619,0.364050595143619,"gpath_trio"
"14309","ACYP1","Exc L3-4 RORB CUX2",-0.178537141286389,4.34304111837812,40.5105478849881,8.78777905962133e-10,1.96121064743208e-08,1.96121064743208e-08,"gpath_trio"
"14310","ZC2HC1C","Exc L3-4 RORB CUX2",-0.0531455946207546,2.28122097025919,2.08140733166803,0.152669661979834,0.264887377919088,0.264887377919088,"gpath_trio"
"14311","NEK9","Exc L3-4 RORB CUX2",-0.00269819157891875,5.38986399034788,0.0320551853171088,0.858046027691882,0.921782673518835,0.921782673518835,"gpath_trio"
"14312","AL049780.2","Exc L3-4 RORB CUX2",0.0946659520880138,1.17529717394231,1.54008580416126,0.215723551565942,0.344730507155872,0.344730507155872,"gpath_trio"
"14313","TMED10","Exc L3-4 RORB CUX2",-0.0582579428606627,5.14179622509482,10.9847793593512,0.00104930885017116,0.00441589613103945,0.00441589613103945,"gpath_trio"
"14314","AL691403.1","Exc L3-4 RORB CUX2",-0.149949812476135,0.44608085847734,3.97886956595207,0.0471183935603921,0.105156370584171,0.105156370584171,"gpath_trio"
"14315","FOS","Exc L3-4 RORB CUX2",-1.14805445611087,-1.4112660206389,14.1369256744791,0.000210139138777563,0.00111362151952649,0.00111362151952649,"gpath_trio"
"14316","AF111167.2","Exc L3-4 RORB CUX2",0.0995104226280196,1.56129255507116,3.50484520776077,0.0623120605193668,0.131624523189009,0.131624523189009,"gpath_trio"
"14317","JDP2","Exc L3-4 RORB CUX2",0.127894403911841,5.28422459637869,33.2721073054243,2.26905613181001e-08,3.58763381342218e-07,3.58763381342218e-07,"gpath_trio"
"14318","TTLL5","Exc L3-4 RORB CUX2",0.10704367634919,7.05891436927234,36.9939155135114,4.21428410061441e-09,8.13618963922446e-08,8.13618963922446e-08,"gpath_trio"
"14319","ERG28","Exc L3-4 RORB CUX2",-0.0469041118943575,4.0331292871781,3.21602204496057,0.0740827282718381,0.15112427127243,0.15112427127243,"gpath_trio"
"14320","AF107885.2","Exc L3-4 RORB CUX2",-0.23545791032256,2.02028634151312,24.4596215102364,1.36315286938301e-06,1.3730209256017e-05,1.3730209256017e-05,"gpath_trio"
"14321","IFT43","Exc L3-4 RORB CUX2",0.082307607009091,6.32159203037007,26.2442497921412,5.86848192753985e-07,6.43110390484066e-06,6.43110390484066e-06,"gpath_trio"
"14322","TGFB3","Exc L3-4 RORB CUX2",0.00886060813474842,0.656466816726581,0.0144713241195886,0.904340929850302,0.951503429451361,0.951503429451361,"gpath_trio"
"14323","GPATCH2L","Exc L3-4 RORB CUX2",0.00669121970220354,6.66698319607778,0.216277655788156,0.642280154450597,0.763988097166487,0.763988097166487,"gpath_trio"
"14324","AC016526.1","Exc L3-4 RORB CUX2",-0.101406083345409,-0.535531271837825,0.670396793057792,0.413663105154586,0.561959002524663,0.561959002524663,"gpath_trio"
"14325","ESRRB","Exc L3-4 RORB CUX2",-0.0203649921587687,1.86554416425981,0.0900160360838487,0.764396497089968,0.859662931020139,0.859662931020139,"gpath_trio"
"14326","AC008050.1","Exc L3-4 RORB CUX2",0.0656539425618935,4.35038356572173,2.93593380681068,0.087820472535906,0.172637438703294,0.172637438703294,"gpath_trio"
"14327","AC007376.2","Exc L3-4 RORB CUX2",0.078222596079563,3.81815429527409,5.2042640808347,0.0233405283514973,0.0591874257782125,0.0591874257782125,"gpath_trio"
"14328","VASH1","Exc L3-4 RORB CUX2",-0.00971318933018373,4.22765550816289,0.114863597087389,0.734947069778319,0.837184651029562,0.837184651029562,"gpath_trio"
"14329","VASH1-AS1","Exc L3-4 RORB CUX2",-0.0233222305068568,2.89690976118614,0.516037316478365,0.473181972578419,0.618012966710015,0.618012966710015,"gpath_trio"
"14330","ANGEL1","Exc L3-4 RORB CUX2",0.00040152868333447,4.44452387315057,0.000262952143447548,0.987074667203161,0.993476248980981,0.993476248980981,"gpath_trio"
"14331","LRRC74A","Exc L3-4 RORB CUX2",-0.137739870222976,-0.788636653332686,1.5479107711408,0.214564551407058,0.343177408009942,0.343177408009942,"gpath_trio"
"14332","LINC01629","Exc L3-4 RORB CUX2",-0.29637864708119,-1.05348618313919,5.19180316193764,0.0235050494839379,0.0594779498295378,0.0594779498295378,"gpath_trio"
"14333","IRF2BPL","Exc L3-4 RORB CUX2",-0.1116557799629,3.58133073870493,8.99564695569981,0.00296872740944656,0.0106896440274111,0.0106896440274111,"gpath_trio"
"14334","AC007686.3","Exc L3-4 RORB CUX2",-0.0779875920474902,1.70538044294172,2.62164457602005,0.106627429326057,0.2008597933383,0.2008597933383,"gpath_trio"
"14335","LINC02288","Exc L3-4 RORB CUX2",-0.0826200682908842,0.257590045072018,0.926873697413502,0.336571120112275,0.483090662227174,0.483090662227174,"gpath_trio"
"14336","AC007686.2","Exc L3-4 RORB CUX2",-0.149778645151123,0.791166532540939,4.84888746081214,0.0285422473802984,0.0697058274903185,0.0697058274903185,"gpath_trio"
"14337","TMEM63C","Exc L3-4 RORB CUX2",0.012802958332221,5.08870039047903,0.260526052977975,0.610192030327059,0.737825844282194,0.737825844282194,"gpath_trio"
"14338","ZDHHC22","Exc L3-4 RORB CUX2",0.0347805880916579,4.59042077724301,0.738593620396941,0.390903426718572,0.53873055769159,0.53873055769159,"gpath_trio"
"14339","NGB","Exc L3-4 RORB CUX2",0.0522324661176239,4.27132608785718,1.27044478487999,0.260722376104423,0.398701882657981,0.398701882657981,"gpath_trio"
"14340","POMT2","Exc L3-4 RORB CUX2",0.0331102498420516,4.30230892362493,1.79156274785036,0.181905096743873,0.302899911423543,0.302899911423543,"gpath_trio"
"14341","GSTZ1","Exc L3-4 RORB CUX2",0.00520563467222721,2.66898148644731,0.0126011173469249,0.910708074531881,0.954370216272632,0.954370216272632,"gpath_trio"
"14342","TMED8","Exc L3-4 RORB CUX2",-0.0140466996844993,6.25089530720508,0.876572088547075,0.350011060429851,0.497391923939723,0.497391923939723,"gpath_trio"
"14343","SAMD15","Exc L3-4 RORB CUX2",0.149912961879048,1.89701821803012,8.93583349071993,0.0030641355000494,0.0109685829867808,0.0109685829867808,"gpath_trio"
"14344","NOXRED1","Exc L3-4 RORB CUX2",0.054259405240986,2.34007796494995,1.4947948343114,0.222581087860258,0.352782893202979,0.352782893202979,"gpath_trio"
"14345","VIPAS39","Exc L3-4 RORB CUX2",-0.0209426894123639,4.46448894738498,1.08960644000586,0.443551205964201,0.590085432266914,0.590085432266914,"gpath_trio"
"14346","AHSA1","Exc L3-4 RORB CUX2",-0.040639878737041,4.76307102175256,2.64626267641938,0.105004939022438,0.19854238733967,0.19854238733967,"gpath_trio"
"14347","ISM2","Exc L3-4 RORB CUX2",-0.047487305414474,0.628653947417161,0.361121341672237,0.971421758821056,0.985184518614566,0.985184518614566,"gpath_trio"
"14348","SPTLC2","Exc L3-4 RORB CUX2",0.00113291188328656,5.58006361609398,0.00345023965981092,0.953205320674998,0.977100205166292,0.977100205166292,"gpath_trio"
"14349","ALKBH1","Exc L3-4 RORB CUX2",0.0376341517536496,4.69187943052847,4.25102745189792,0.0402204623697286,0.0926733472258194,0.0926733472258194,"gpath_trio"
"14350","SLIRP","Exc L3-4 RORB CUX2",-0.177273557142078,4.4208837423329,45.5399922303377,9.68371157032811e-11,2.74390759940669e-09,2.74390759940669e-09,"gpath_trio"
"14351","SNW1","Exc L3-4 RORB CUX2",-0.0326103775737687,4.67855073719659,3.2198274215687,0.0739129208929612,0.150869402976072,0.150869402976072,"gpath_trio"
"14352","C14orf178","Exc L3-4 RORB CUX2",0.0297367402086236,1.62903167422976,0.314747218440156,0.791234363297352,0.878149835653214,0.878149835653214,"gpath_trio"
"14353","ADCK1","Exc L3-4 RORB CUX2",-0.0333524849589705,4.04339706991401,1.33960781495792,0.248165296470547,0.383657843394121,0.383657843394121,"gpath_trio"
"14354","NRXN3","Exc L3-4 RORB CUX2",0.0767974737743221,11.810367098599,17.8548260233286,3.30211857129724e-05,0.000224008884249905,0.000224008884249905,"gpath_trio"
"14355","AC026888.1","Exc L3-4 RORB CUX2",-0.0520006104634655,-0.419268610853027,0.200250165684434,0.654891577603823,0.774196593200396,0.774196593200396,"gpath_trio"
"14356","AC022469.2","Exc L3-4 RORB CUX2",-0.173222997445108,-0.00945979639132424,2.9636943200881,0.0863425820030317,0.170346332085973,0.170346332085973,"gpath_trio"
"14357","AC008056.2","Exc L3-4 RORB CUX2",-0.571040775390796,2.54781387204011,49.8069300719831,1.53936300418201e-11,5.5359444936492e-10,5.5359444936492e-10,"gpath_trio"
"14358","AC008056.1","Exc L3-4 RORB CUX2",-0.435676227874045,4.14283033513991,97.8494871982657,8.64417534567451e-20,2.52748170433309e-17,2.52748170433309e-17,"gpath_trio"
"14359","AF123462.1","Exc L3-4 RORB CUX2",0.225709896380536,3.09462772908284,23.4160356129492,2.23904436716048e-06,2.11284939698142e-05,2.11284939698142e-05,"gpath_trio"
"14360","DIO2","Exc L3-4 RORB CUX2",0.108137581547998,3.10782116534002,4.65190448598238,0.0319359004682375,0.0765921259834097,0.0765921259834097,"gpath_trio"
"14361","DIO2-AS1","Exc L3-4 RORB CUX2",-0.357018798689422,1.22643153529045,26.9119756618358,4.28919229577078e-07,4.8806798966258e-06,4.8806798966258e-06,"gpath_trio"
"14362","CEP128","Exc L3-4 RORB CUX2",0.117066081918193,5.20504219184672,17.178156549824,4.6084819612642e-05,0.000300116602867996,0.000300116602867996,"gpath_trio"
"14363","TSHR","Exc L3-4 RORB CUX2",-0.188281269093373,2.36849913974496,14.6331090592409,0.000163591838521963,0.000892017660048814,0.000892017660048814,"gpath_trio"
"14364","AC007262.2","Exc L3-4 RORB CUX2",0.217012941736659,5.27818652918529,21.9666715134976,4.4799827057975e-06,3.8958470297183e-05,3.8958470297183e-05,"gpath_trio"
"14365","GTF2A1","Exc L3-4 RORB CUX2",-0.0268880455835975,5.56394515362597,3.12800324067242,0.851558165013331,0.917794004975904,0.917794004975904,"gpath_trio"
"14366","AL136040.1","Exc L3-4 RORB CUX2",0.152138095131154,-0.794680111098191,1.81653299359221,0.178899663190817,0.299080270539835,0.299080270539835,"gpath_trio"
"14367","SEL1L","Exc L3-4 RORB CUX2",-0.0369046076309687,5.54111676175058,5.14220611294531,0.0241719706308768,0.0608859732210441,0.0608859732210441,"gpath_trio"
"14368","AL355838.1","Exc L3-4 RORB CUX2",0.0146419506931043,1.39146453860695,0.0391642121520968,0.843278329065236,0.911694994313871,0.911694994313871,"gpath_trio"
"14369","LINC02301","Exc L3-4 RORB CUX2",0.111012621859441,3.02680899701938,2.54008200180132,0.112203889840287,0.209027133976146,0.209027133976146,"gpath_trio"
"14370","AL162872.1","Exc L3-4 RORB CUX2",-0.00138090778187421,0.419789644824803,0.000203024667307604,0.988642515983411,0.994657296163433,0.994657296163433,"gpath_trio"
"14371","AL357172.1","Exc L3-4 RORB CUX2",-0.0374055989367915,-0.777271197094178,0.0735171755205804,0.786498102681669,0.87509940892274,0.87509940892274,"gpath_trio"
"14372","AL049775.2","Exc L3-4 RORB CUX2",0.0281672993452589,1.7574788708569,0.144779204175583,0.703885984387389,0.814131728201317,0.814131728201317,"gpath_trio"
"14373","AL049775.1","Exc L3-4 RORB CUX2",0.0950414356752047,3.55135294731124,7.91675869642147,0.0192321485059654,0.0506737098221042,0.0506737098221042,"gpath_trio"
"14374","FLRT2","Exc L3-4 RORB CUX2",0.0999485605902511,9.78172381652657,19.4194541497179,1.53570329708132e-05,0.000115521305065681,0.000115521305065681,"gpath_trio"
"14375","LINC02328","Exc L3-4 RORB CUX2",-0.0337144027949988,3.47768567139707,0.305715297230261,0.580796486023942,0.71339842347233,0.71339842347233,"gpath_trio"
"14376","LINC02316","Exc L3-4 RORB CUX2",-0.0638955957270544,0.0676502455200531,0.683655639141754,0.409088897875988,0.557434047997302,0.557434047997302,"gpath_trio"
"14377","LINC02309","Exc L3-4 RORB CUX2",0.338291632613279,-1.19571183076486,5.02655722285691,0.025805006958816,0.0642577160446943,0.0642577160446943,"gpath_trio"
"14378","AL358292.1","Exc L3-4 RORB CUX2",-0.363993543593056,-0.88181259080474,9.66160446250845,0.00209058343253794,0.00792214890147501,0.00792214890147501,"gpath_trio"
"14379","LINC02296","Exc L3-4 RORB CUX2",0.00675398104689733,7.76526944854217,0.0145943218248876,0.903937240144779,0.951332569861525,0.951332569861525,"gpath_trio"
"14380","LINC02330","Exc L3-4 RORB CUX2",-0.252309363742432,0.541058760013577,5.25956528279978,0.0226247569515121,0.057823970284881,0.057823970284881,"gpath_trio"
"14381","AL359237.1","Exc L3-4 RORB CUX2",-0.277522811205603,2.29586673539582,11.8484316717262,0.000672330518043925,0.00302841442320522,0.00302841442320522,"gpath_trio"
"14382","AL136501.1","Exc L3-4 RORB CUX2",-0.473009723819587,-0.951118821261021,11.4311934213846,0.000833270004500856,0.00362467062113083,0.00362467062113083,"gpath_trio"
"14383","GALC","Exc L3-4 RORB CUX2",-0.0373754606084729,4.59005438032314,1.90047506217037,0.16921010336851,0.286319333799418,0.286319333799418,"gpath_trio"
"14384","AL157955.1","Exc L3-4 RORB CUX2",0.0108268657694834,0.819354403528338,0.0150245568877801,0.902538579215295,0.950829563012607,0.950829563012607,"gpath_trio"
"14385","AL157955.2","Exc L3-4 RORB CUX2",0.0160294665176787,1.02439687178397,0.0338182071533033,0.854237380337217,0.919544215387656,0.919544215387656,"gpath_trio"
"14386","LINC01146","Exc L3-4 RORB CUX2",-0.117891562539773,0.105570733512402,1.55706756843589,0.213217717167357,0.34180909367115,0.34180909367115,"gpath_trio"
"14387","KCNK10","Exc L3-4 RORB CUX2",0.0840824857181697,6.07313203562584,16.8609864404597,5.39042982771561e-05,0.000344101180337292,0.000344101180337292,"gpath_trio"
"14388","SPATA7","Exc L3-4 RORB CUX2",0.0254183407857246,6.78567746114702,0.590151851586965,0.44305755343535,0.58970089329451,0.58970089329451,"gpath_trio"
"14389","PTPN21","Exc L3-4 RORB CUX2",0.0266759817137539,4.63849322341901,1.12922701898703,0.288926252735034,0.431017979069011,0.431017979069011,"gpath_trio"
"14390","AL162171.2","Exc L3-4 RORB CUX2",-0.25586795255638,-0.117788886075689,8.84861623826247,0.00320890981840849,0.011402499937222,0.011402499937222,"gpath_trio"
"14391","ZC3H14","Exc L3-4 RORB CUX2",0.0277989442608775,6.83269637596686,3.23532709436075,0.0732256077084988,0.149633002686009,0.149633002686009,"gpath_trio"
"14392","EML5","Exc L3-4 RORB CUX2",0.0414565729045732,6.74455528053614,7.53176137031296,0.00648441320959731,0.0206508344914958,0.0206508344914958,"gpath_trio"
"14393","AL121768.1","Exc L3-4 RORB CUX2",0.247362276919277,-0.119051799695419,8.56917478075158,0.00437849440920238,0.0148065914692689,0.0148065914692689,"gpath_trio"
"14394","TTC8","Exc L3-4 RORB CUX2",-0.0365114255736552,6.19532561871692,2.99408800765303,0.084755487959716,0.167871240353785,0.167871240353785,"gpath_trio"
"14395","AL137785.1","Exc L3-4 RORB CUX2",0.208708862601649,-0.529290438731227,2.95142813084836,0.0869922320367957,0.171369651846364,0.171369651846364,"gpath_trio"
"14396","FOXN3","Exc L3-4 RORB CUX2",0.0830208758810267,6.94143381588414,17.1278834099133,4.72430084828681e-05,0.000306669142902788,0.000306669142902788,"gpath_trio"
"14397","AL357093.2","Exc L3-4 RORB CUX2",0.0264518131669229,0.19485978211705,0.108827144107428,0.913520733291702,0.956125793430177,0.956125793430177,"gpath_trio"
"14398","AL356805.1","Exc L3-4 RORB CUX2",-0.497517447008339,0.808834689070746,40.1692124798695,1.02224183323158e-09,2.24414896468412e-08,2.24414896468412e-08,"gpath_trio"
"14399","FOXN3-AS1","Exc L3-4 RORB CUX2",0.246555603481699,-0.425739876601625,5.53972422781512,0.0193343171500744,0.0508631957885971,0.0508631957885971,"gpath_trio"
"14400","AL137230.1","Exc L3-4 RORB CUX2",0.0158004970556023,-0.80892192158475,0.0170648120338583,0.896167159849387,0.94625909090707,0.94625909090707,"gpath_trio"
"14401","EFCAB11","Exc L3-4 RORB CUX2",-0.00646629603387339,4.79398823819989,0.0415413047889047,0.838656063649908,0.909100666819745,0.909100666819745,"gpath_trio"
"14402","TDP1","Exc L3-4 RORB CUX2",0.00948175013083809,4.62493043630569,0.162126177200603,0.687537343524257,0.80065452310609,0.80065452310609,"gpath_trio"
"14403","KCNK13","Exc L3-4 RORB CUX2",0.197105904760228,3.1544319569737,5.52993129736989,0.0194404917857392,0.0510825633989695,0.0510825633989695,"gpath_trio"
"14404","PSMC1","Exc L3-4 RORB CUX2",-0.155504205892311,5.03690175680553,56.3092033225124,9.84980330896696e-13,4.642985555103e-11,4.642985555103e-11,"gpath_trio"
"14405","NRDE2","Exc L3-4 RORB CUX2",-0.00379497585128161,4.54778253263893,0.0193688726593257,0.889421893006091,0.942342542348382,0.942342542348382,"gpath_trio"
"14406","CALM1","Exc L3-4 RORB CUX2",-0.116564801113772,9.83358900746966,21.6658920790618,5.17690687746862e-06,4.44065035088986e-05,4.44065035088986e-05,"gpath_trio"
"14407","AL512791.1","Exc L3-4 RORB CUX2",-0.264240309740985,0.00128164944532876,7.71842126968199,0.00586441441313132,0.0190063551461726,0.0190063551461726,"gpath_trio"
"14408","LINC00642","Exc L3-4 RORB CUX2",-0.0473241332361248,0.208346805091694,0.367028717584766,0.570374055554786,0.705103956545209,0.705103956545209,"gpath_trio"
"14409","TTC7B","Exc L3-4 RORB CUX2",0.0544369609933452,7.29174204852903,12.4852293823037,0.000485280574548901,0.00228590604518424,0.00228590604518424,"gpath_trio"
"14410","RPS6KA5","Exc L3-4 RORB CUX2",0.135163692042701,7.30805070687702,28.6179001208075,1.93391987228243e-07,2.41142357375142e-06,2.41142357375142e-06,"gpath_trio"
"14411","DGLUCY","Exc L3-4 RORB CUX2",0.0867138685781721,6.05958274896679,23.1097345071246,2.59139335849402e-06,2.40595310665517e-05,2.40595310665517e-05,"gpath_trio"
"14412","GPR68","Exc L3-4 RORB CUX2",-0.0345773156701783,2.22701950747882,0.622362321790034,0.430889526353596,0.57838963367823,0.57838963367823,"gpath_trio"
"14413","AL135818.2","Exc L3-4 RORB CUX2",0.161446566276251,0.572129265191799,3.35021662670247,0.068340834929074,0.141587219623544,0.141587219623544,"gpath_trio"
"14414","CCDC88C","Exc L3-4 RORB CUX2",0.020989900620513,4.10091524771338,0.217907605530853,0.641029773294648,0.762770609036834,0.762770609036834,"gpath_trio"
"14415","PPP4R3A","Exc L3-4 RORB CUX2",0.00102826478461511,5.50287349066641,0.00333127426690476,0.954018230597229,0.97734499279298,0.97734499279298,"gpath_trio"
"14416","CATSPERB","Exc L3-4 RORB CUX2",0.0195408751887979,2.84343066849106,0.0765020337738906,0.78231467796571,0.872096288427351,0.872096288427351,"gpath_trio"
"14417","TC2N","Exc L3-4 RORB CUX2",0.0102636771427205,2.36099910470004,0.0141525924505269,0.905395208228681,0.952050610125424,0.952050610125424,"gpath_trio"
"14418","FBLN5","Exc L3-4 RORB CUX2",-0.0795834765033843,2.26287239046687,1.3325175332265,0.249417719614293,0.385298812650717,0.385298812650717,"gpath_trio"
"14419","TRIP11","Exc L3-4 RORB CUX2",0.06955119396059,6.37062536199162,14.9008679490035,0.000143029275968943,0.000793623664101605,0.000793623664101605,"gpath_trio"
"14420","ATXN3","Exc L3-4 RORB CUX2",0.0260489934617673,6.09186209065198,2.44703051261029,0.118963690559303,0.218725944522794,0.218725944522794,"gpath_trio"
"14421","NDUFB1","Exc L3-4 RORB CUX2",-0.132581541477166,4.76021452606239,28.4145445936794,2.12586110471488e-07,2.63771511608996e-06,2.63771511608996e-06,"gpath_trio"
"14422","CPSF2","Exc L3-4 RORB CUX2",0.0436266810746131,4.54158430309171,4.41398399477457,0.0366083709175564,0.0858208091170927,0.0858208091170927,"gpath_trio"
"14423","SLC24A4","Exc L3-4 RORB CUX2",-0.0134916195290556,6.15852033783901,0.106589215839192,0.744323831915437,0.844267004931676,0.844267004931676,"gpath_trio"
"14424","RIN3","Exc L3-4 RORB CUX2",-0.11239798324447,3.83729923359411,5.95495247820855,0.0153443581793734,0.0422566784423777,0.0422566784423777,"gpath_trio"
"14425","LGMN","Exc L3-4 RORB CUX2",0.0197208649011997,5.08892144693488,0.656701043473349,0.418468103996136,0.566765370950676,0.566765370950676,"gpath_trio"
"14426","GOLGA5","Exc L3-4 RORB CUX2",-0.0158558183406954,4.57486856379668,0.697149428224125,0.956750491149002,0.978577498551641,0.978577498551641,"gpath_trio"
"14427","CHGA","Exc L3-4 RORB CUX2",-0.0783851581246614,6.77113607406089,5.11411452048119,0.0245584493154245,0.0616865929953547,0.0616865929953547,"gpath_trio"
"14428","ITPK1","Exc L3-4 RORB CUX2",0.0653943764665547,6.64957271404375,9.06506645884219,0.00286179706858934,0.0103617482680308,0.0103617482680308,"gpath_trio"
"14429","ITPK1-AS1","Exc L3-4 RORB CUX2",-0.26646655740014,-0.25930559901048,7.20136799861221,0.0077522666132964,0.023936635892754,0.023936635892754,"gpath_trio"
"14430","MOAP1","Exc L3-4 RORB CUX2",-0.195075434205849,5.50428495576962,54.5679231356952,2.04403058026762e-12,9.06336636415367e-11,9.06336636415367e-11,"gpath_trio"
"14431","AL110118.2","Exc L3-4 RORB CUX2",-0.113772940160104,2.18346829324539,7.82087531045977,0.00555033016728593,0.0181900440423966,0.0181900440423966,"gpath_trio"
"14432","GON7","Exc L3-4 RORB CUX2",-0.136763162056096,2.60992362876818,17.2798482112207,4.38291832754249e-05,0.000287375291706759,0.000287375291706759,"gpath_trio"
"14433","UBR7","Exc L3-4 RORB CUX2",-0.0997329508193691,3.82125726092484,17.0755538657718,4.8479905084839e-05,0.000313588356872916,0.000313588356872916,"gpath_trio"
"14434","BTBD7","Exc L3-4 RORB CUX2",0.0505974924797982,6.46598499431482,12.4532582592073,0.000493268316479124,0.00231511941381751,0.00231511941381751,"gpath_trio"
"14435","UNC79","Exc L3-4 RORB CUX2",0.0212885059653924,9.14237064647983,1.9074808832554,0.168429195598409,0.285263517561946,0.285263517561946,"gpath_trio"
"14436","FAM181A-AS1","Exc L3-4 RORB CUX2",0.105234625775297,-1.17860989860821,0.569018158443213,0.451331975305898,0.597560217994257,0.597560217994257,"gpath_trio"
"14437","ASB2","Exc L3-4 RORB CUX2",0.0268716472059216,3.9850098586546,0.443962522594837,0.505806852052564,0.648202581474972,0.648202581474972,"gpath_trio"
"14438","OTUB2","Exc L3-4 RORB CUX2",0.00969191376104753,2.12257855758527,0.0510611424463636,0.821404514574401,0.897715930744233,0.897715930744233,"gpath_trio"
"14439","DDX24","Exc L3-4 RORB CUX2",-0.0520176042091459,7.25481385110334,3.97087102179359,0.0473391670400057,0.105509025080879,0.105509025080879,"gpath_trio"
"14440","IFI27L1","Exc L3-4 RORB CUX2",-0.168040345109838,2.50548585880105,15.2381227945656,0.000120810384634844,0.000686770783321492,0.000686770783321492,"gpath_trio"
"14441","IFI27","Exc L3-4 RORB CUX2",0.0898245996221232,0.858317256649081,1.69543097430352,0.194038895241042,0.31806424370231,0.31806424370231,"gpath_trio"
"14442","IFI27L2","Exc L3-4 RORB CUX2",-0.283090268872858,1.6483116251994,22.3376472533435,3.74941707726847e-06,3.33676619029076e-05,3.33676619029076e-05,"gpath_trio"
"14443","PPP4R4","Exc L3-4 RORB CUX2",0.125916246532539,6.92229640293682,31.4002054920759,5.34407117389883e-08,7.6683240350931e-07,7.6683240350931e-07,"gpath_trio"
"14444","DICER1","Exc L3-4 RORB CUX2",0.00769930305775485,6.52506186306474,0.401988917872927,0.526621272182764,0.666954436050676,0.666954436050676,"gpath_trio"
"14445","DICER1-AS1","Exc L3-4 RORB CUX2",0.0683957365202894,3.89681549889052,5.927686338096,0.0155780543733137,0.0427659881591515,0.0427659881591515,"gpath_trio"
"14446","SYNE3","Exc L3-4 RORB CUX2",0.105617469958902,1.78853345111242,4.10847133883071,0.0436893228481704,0.0988706773372784,0.0988706773372784,"gpath_trio"
"14447","SNHG10","Exc L3-4 RORB CUX2",-0.0840555148357636,2.16130559009194,4.16618485858715,0.0710201318556524,0.145966579001283,0.145966579001283,"gpath_trio"
"14448","GLRX5","Exc L3-4 RORB CUX2",-0.133679170519593,4.1995245231532,19.3802936365372,1.56527981500612e-05,0.000117439643985677,0.000117439643985677,"gpath_trio"
"14449","TUNAR","Exc L3-4 RORB CUX2",-0.011538485767733,3.92619136602919,0.0589949924671919,0.80828300436637,0.889160495811238,0.889160495811238,"gpath_trio"
"14450","C14orf132","Exc L3-4 RORB CUX2",0.0729874675519768,6.70727918419247,8.69414199947654,0.00348274076167602,0.0122198773681415,0.0122198773681415,"gpath_trio"
"14451","AL355102.2","Exc L3-4 RORB CUX2",0.204753495634104,-0.704074877855255,2.86893506477617,0.0915021420863244,0.178087566717306,0.178087566717306,"gpath_trio"
"14452","ATG2B","Exc L3-4 RORB CUX2",0.0353092376713694,6.32644106485223,5.09408869944381,0.0248378974715261,0.0622644857713767,0.0622644857713767,"gpath_trio"
"14453","GSKIP","Exc L3-4 RORB CUX2",-0.121248797875753,4.19133506823244,22.7159083472675,3.12813960457304e-06,2.84536593878544e-05,2.84536593878544e-05,"gpath_trio"
"14454","AK7","Exc L3-4 RORB CUX2",0.0556595355163347,2.39068521735032,1.30976814287345,0.283988406940723,0.425286973725437,0.425286973725437,"gpath_trio"
"14455","AL163051.1","Exc L3-4 RORB CUX2",-0.00215702938085243,0.403405297759739,0.000958764245262478,0.97532206948173,0.986818873187856,0.986818873187856,"gpath_trio"
"14456","PAPOLA","Exc L3-4 RORB CUX2",0.0925337768272227,6.46933263364206,31.6686981274307,4.72420405453519e-08,6.90658092755417e-07,6.90658092755417e-07,"gpath_trio"
"14457","AL137786.1","Exc L3-4 RORB CUX2",-0.0349084933550715,2.26482703394476,0.322204546923649,0.570775594233788,0.705427445091072,0.705427445091072,"gpath_trio"
"14458","LINC02299","Exc L3-4 RORB CUX2",-0.0690289064514591,-0.73593555490102,0.239149920185041,0.625233018582758,0.749811338638004,0.749811338638004,"gpath_trio"
"14459","VRK1","Exc L3-4 RORB CUX2",0.0319715402515763,5.3744075559347,1.66464656712115,0.198123375322248,0.323262361271844,0.323262361271844,"gpath_trio"
"14460","LINC02325","Exc L3-4 RORB CUX2",-0.143952014523884,-0.342226497780952,1.84625714695509,0.175396903208778,0.294419878711797,0.294419878711797,"gpath_trio"
"14461","BCL11B","Exc L3-4 RORB CUX2",0.0378273708170311,4.30091156772717,0.578248570108328,0.447688654952978,0.593944802635387,0.593944802635387,"gpath_trio"
"14462","SETD3","Exc L3-4 RORB CUX2",0.0474075805450536,6.1938028346185,7.7070766961199,0.00590029724953684,0.0190962957941229,0.0190962957941229,"gpath_trio"
"14463","CCNK","Exc L3-4 RORB CUX2",-0.0163813464270121,4.3890003185527,0.792253613592927,0.794460921125531,0.880138950808993,0.880138950808993,"gpath_trio"
"14464","CCDC85C","Exc L3-4 RORB CUX2",0.0995006290458755,3.7454683389176,9.43110176295641,0.00235966757079233,0.00879968451769597,0.00879968451769597,"gpath_trio"
"14465","AL160313.1","Exc L3-4 RORB CUX2",0.178988012799104,3.0523930322189,23.0703952393638,2.64053686461259e-06,2.44707539014971e-05,2.44707539014971e-05,"gpath_trio"
"14466","HHIPL1","Exc L3-4 RORB CUX2",0.0894785512898852,4.5399442033052,10.2660856090682,0.0015240472283738,0.00605984486252295,0.00605984486252295,"gpath_trio"
"14467","CYP46A1","Exc L3-4 RORB CUX2",0.0824066376133478,6.73336690108074,11.789699225108,0.000692917288732363,0.0031017542267973,0.0031017542267973,"gpath_trio"
"14468","EML1","Exc L3-4 RORB CUX2",0.0388994933702825,5.99340090358875,3.95435294653511,0.0477985761560798,0.106286374291735,0.106286374291735,"gpath_trio"
"14469","EVL","Exc L3-4 RORB CUX2",0.0382649570819831,7.88263875221492,8.21622218745191,0.00449153637833453,0.0151396794298946,0.0151396794298946,"gpath_trio"
"14470","AL157912.1","Exc L3-4 RORB CUX2",-0.373776551415851,1.50668774453488,35.3701338762565,8.75656391259965e-09,1.54426291028582e-07,1.54426291028582e-07,"gpath_trio"
"14471","DEGS2","Exc L3-4 RORB CUX2",-0.0816888161057629,1.18307727276789,1.60467030519761,0.206376178580387,0.333598221525464,0.333598221525464,"gpath_trio"
"14472","AL133523.1","Exc L3-4 RORB CUX2",0.239753767326574,2.81359231411877,25.3054718808167,9.13424333117984e-07,9.5335416040638e-06,9.5335416040638e-06,"gpath_trio"
"14473","YY1","Exc L3-4 RORB CUX2",-0.0340654773147956,6.08011616810888,5.75882609927426,0.0171100129467434,0.046172646895565,0.046172646895565,"gpath_trio"
"14474","SLC25A29","Exc L3-4 RORB CUX2",-0.0111736291477178,5.46052367652995,0.155713220715736,0.693457803358256,0.805394691310391,0.805394691310391,"gpath_trio"
"14475","AL157871.1","Exc L3-4 RORB CUX2",-0.239954797016073,-0.812088697827933,4.22092827798297,0.0409278365176946,0.0939919296237323,0.0939919296237323,"gpath_trio"
"14476","WARS","Exc L3-4 RORB CUX2",-0.0130671180519511,4.78935013158427,0.231597412081187,0.63074664172188,0.754271441926319,0.754271441926319,"gpath_trio"
"14477","AL157871.4","Exc L3-4 RORB CUX2",-0.324269865453859,1.28026990017071,30.9363793934425,6.61478895524513e-08,9.24832759335208e-07,9.24832759335208e-07,"gpath_trio"
"14478","WDR25","Exc L3-4 RORB CUX2",0.031239375256456,5.02670908051891,2.38422915754267,0.123781550683174,0.225560066108763,0.225560066108763,"gpath_trio"
"14479","BEGAIN","Exc L3-4 RORB CUX2",0.068364630917041,5.70798718072285,5.54246718042964,0.019304686425796,0.0508183779541277,0.0508183779541277,"gpath_trio"
"14480","MEG3","Exc L3-4 RORB CUX2",-0.0441622642297484,6.28805206281916,1.19148845559031,0.276039966162614,0.416226182162237,0.416226182162237,"gpath_trio"
"14481","AL117190.2","Exc L3-4 RORB CUX2",-0.0769641279734191,5.68196824677298,2.82165934888873,0.0942013228516703,0.181989053771182,0.181989053771182,"gpath_trio"
"14482","AL117190.1","Exc L3-4 RORB CUX2",0.0129153330275545,4.54286096126174,0.123879485212573,0.725149470010798,0.829876371743596,0.829876371743596,"gpath_trio"
"14483","MEG8","Exc L3-4 RORB CUX2",0.0304844933021668,8.01204402828334,1.34488966102256,0.247237338564807,0.382457480044001,0.382457480044001,"gpath_trio"
"14484","MIR381HG","Exc L3-4 RORB CUX2",0.194123498789225,-0.677311242492787,3.59025793056023,0.05922863257199,0.126168056397413,0.126168056397413,"gpath_trio"
"14485","MEG9","Exc L3-4 RORB CUX2",-0.134873872459889,3.56331216047667,9.26591409438874,0.0025740626810163,0.00947082831989184,0.00947082831989184,"gpath_trio"
"14486","AL132709.1","Exc L3-4 RORB CUX2",0.0757985024699591,-0.350537705835434,0.443709500511456,0.505928016078107,0.648234327726141,0.648234327726141,"gpath_trio"
"14487","AL359682.1","Exc L3-4 RORB CUX2",0.116075302452313,0.253185520092026,1.6827257525467,0.195712502764274,0.32015728073212,0.32015728073212,"gpath_trio"
"14488","DIO3OS","Exc L3-4 RORB CUX2",0.0889328609653357,0.679503818122637,0.925658676488893,0.336887462546595,0.483407151982756,0.483407151982756,"gpath_trio"
"14489","AL049836.1","Exc L3-4 RORB CUX2",-0.231390724275643,0.427392295442009,10.7548684155941,0.00118203985106048,0.00489584356295325,0.00489584356295325,"gpath_trio"
"14490","LINC02320","Exc L3-4 RORB CUX2",-0.0731704969436084,3.50877908483856,2.68575429656839,0.102458705705325,0.194744031833063,0.194744031833063,"gpath_trio"
"14491","PPP2R5C","Exc L3-4 RORB CUX2",0.0567018501413178,7.49190110308261,23.5605449023025,2.09002780595088e-06,1.98523121398583e-05,1.98523121398583e-05,"gpath_trio"
"14492","AL137779.2","Exc L3-4 RORB CUX2",-0.284247419895213,1.36672835424708,19.8685333962758,1.23433592760625e-05,9.54859177126383e-05,9.54859177126383e-05,"gpath_trio"
"14493","AL137779.1","Exc L3-4 RORB CUX2",-0.113621432977326,0.0286896865824209,1.76392609149218,0.185300221366451,0.307158981683358,0.307158981683358,"gpath_trio"
"14494","AL118558.3","Exc L3-4 RORB CUX2",0.0145877302248561,0.986990820024386,0.0477104446280344,0.827267612359126,0.901145946727789,0.901145946727789,"gpath_trio"
"14495","AL118558.4","Exc L3-4 RORB CUX2",-0.163083739882006,0.0545977979301337,3.4453571308133,0.0645609820333629,0.135242219138521,0.135242219138521,"gpath_trio"
"14496","DYNC1H1","Exc L3-4 RORB CUX2",-0.0122320187507058,7.71944706120815,0.696932700224904,0.40458267271457,0.552862057844518,0.552862057844518,"gpath_trio"
"14497","HSP90AA1","Exc L3-4 RORB CUX2",-0.0871361365325768,7.97888084381255,10.2326463531102,0.00155084731973641,0.0061518569948254,0.0061518569948254,"gpath_trio"
"14498","WDR20","Exc L3-4 RORB CUX2",0.0429331055773464,5.7285772074465,6.69553649112188,0.010208735080398,0.0301151059735248,0.0301151059735248,"gpath_trio"
"14499","MOK","Exc L3-4 RORB CUX2",0.0942585913776816,6.45885953256594,23.8507444067291,1.82033718935846e-06,1.76394345798784e-05,1.76394345798784e-05,"gpath_trio"
"14500","ZNF839","Exc L3-4 RORB CUX2",0.00970131082686173,3.9841156874026,0.115667814906276,0.73405603119989,0.836631294155596,0.836631294155596,"gpath_trio"
"14501","CINP","Exc L3-4 RORB CUX2",-0.0211839026287847,4.29221975088454,0.753010312808264,0.386325003731896,0.534445551816696,0.534445551816696,"gpath_trio"
"14502","TECPR2","Exc L3-4 RORB CUX2",0.056967837650246,6.68525393998991,16.6653773911041,5.93840896535222e-05,0.000373115543058178,0.000373115543058178,"gpath_trio"
"14503","ANKRD9","Exc L3-4 RORB CUX2",-0.0888159529359717,3.94567338871984,6.5943851806442,0.01078949238114,0.0314522900937159,0.0314522900937159,"gpath_trio"
"14504","RCOR1","Exc L3-4 RORB CUX2",0.0828681634303069,5.52312947973782,12.8095984679614,0.000411304445472197,0.00198423414332893,0.00198423414332893,"gpath_trio"
"14505","TRAF3","Exc L3-4 RORB CUX2",0.0304019157892404,7.19237964497421,1.5562157745843,0.213342577328595,0.341926915094277,0.341926915094277,"gpath_trio"
"14506","AMN","Exc L3-4 RORB CUX2",-0.0748309500313815,-0.638903587563584,0.422501440140447,0.702153149625977,0.812686581016814,0.812686581016814,"gpath_trio"
"14507","CDC42BPB","Exc L3-4 RORB CUX2",0.0199070850189491,6.45337740094058,1.83106007669826,0.177177723834706,0.296742535145708,0.296742535145708,"gpath_trio"
"14508","AL117209.1","Exc L3-4 RORB CUX2",-0.419257460773054,1.49870806511851,31.2392470257282,5.75440912574533e-08,8.19302781312012e-07,8.19302781312012e-07,"gpath_trio"
"14509","LBHD2","Exc L3-4 RORB CUX2",-0.34708503017884,-0.696310386469753,6.23259485885661,0.0131616021661465,0.0372419808838717,0.0372419808838717,"gpath_trio"
"14510","TNFAIP2","Exc L3-4 RORB CUX2",-0.135601793762285,2.33141381183252,6.22052528569392,0.0132494594289458,0.0374380733864119,0.0374380733864119,"gpath_trio"
"14511","AL161669.3","Exc L3-4 RORB CUX2",-0.330084220642499,-0.743591765257916,7.86733320523847,0.00541365137845954,0.0178086444742249,0.0178086444742249,"gpath_trio"
"14512","AL138976.2","Exc L3-4 RORB CUX2",-0.213805951444045,0.968162704156046,9.95311978632342,0.00179455814528279,0.00694651008846514,0.00694651008846514,"gpath_trio"
"14513","EIF5","Exc L3-4 RORB CUX2",-0.109181502190649,5.98820199941479,27.2934354908977,3.58744661923109e-07,4.17397552151022e-06,4.17397552151022e-06,"gpath_trio"
"14514","MARK3","Exc L3-4 RORB CUX2",0.0404793891098768,7.85567882481087,5.20990391325212,0.0232664612874851,0.0590515607592164,0.0590515607592164,"gpath_trio"
"14515","CKB","Exc L3-4 RORB CUX2",-0.222328288940625,8.10793760002598,32.7483097588109,2.8816994371157e-08,4.43127180974155e-07,4.43127180974155e-07,"gpath_trio"
"14516","AL133367.1","Exc L3-4 RORB CUX2",0.109407626564761,0.345604076510242,1.84018544676954,0.17610589667114,0.295451297893382,0.295451297893382,"gpath_trio"
"14517","TRMT61A","Exc L3-4 RORB CUX2",-0.151066387910843,2.63802386914259,15.4794890659074,0.000107086750218477,0.00061869277939799,0.00061869277939799,"gpath_trio"
"14518","AL139300.2","Exc L3-4 RORB CUX2",-0.125721082859303,0.607703064003881,2.68867927898264,0.102272837625296,0.194527623181894,0.194527623181894,"gpath_trio"
"14519","BAG5","Exc L3-4 RORB CUX2",-0.024832424874601,4.58665251391157,1.11990886613991,0.290920247773707,0.433382474799929,0.433382474799929,"gpath_trio"
"14520","KLC1","Exc L3-4 RORB CUX2",-0.136009142758475,7.15183773580215,41.088701212225,6.80514372969815e-10,1.56193145331809e-08,1.56193145331809e-08,"gpath_trio"
"14521","AL049840.1","Exc L3-4 RORB CUX2",-0.474930921785015,1.57962342375636,40.6226428191142,8.36239101285497e-10,1.88083878131939e-08,1.88083878131939e-08,"gpath_trio"
"14522","XRCC3","Exc L3-4 RORB CUX2",-0.0557989198287899,2.0980443016454,1.45717904405606,0.228476523652414,0.359724821655022,0.359724821655022,"gpath_trio"
"14523","ZFYVE21","Exc L3-4 RORB CUX2",-0.0720083790446873,5.24631526890903,8.23531829210822,0.00444597917866314,0.0149945887545184,0.0149945887545184,"gpath_trio"
"14524","PPP1R13B","Exc L3-4 RORB CUX2",0.0633652693641708,7.18030184195922,17.495510798691,3.94083616560994e-05,0.000261706285849837,0.000261706285849837,"gpath_trio"
"14525","LINC00637","Exc L3-4 RORB CUX2",-0.0260126618156471,1.33863557935582,0.108330514709882,0.742317850188116,0.84325803083025,0.84325803083025,"gpath_trio"
"14526","AL132712.1","Exc L3-4 RORB CUX2",-0.131655899094858,0.403869136494398,1.61629757486465,0.204744931634224,0.331572402931487,0.331572402931487,"gpath_trio"
"14527","ATP5MPL","Exc L3-4 RORB CUX2",-0.262002015921361,5.90895419886438,151.070611068201,1.11138266869879e-27,5.6055363352495e-24,5.6055363352495e-24,"gpath_trio"
"14528","TDRD9","Exc L3-4 RORB CUX2",-0.0544751674043187,3.27045313115961,0.529615508460396,0.467423380181497,0.612673252024539,0.612673252024539,"gpath_trio"
"14529","ASPG","Exc L3-4 RORB CUX2",-0.145602547347587,-0.384529600850382,1.99401198174242,0.159117723564339,0.273375614091941,0.273375614091941,"gpath_trio"
"14530","KIF26A","Exc L3-4 RORB CUX2",-0.0378569079050802,-0.499810473907494,0.124367971978132,0.72463023044433,0.829470348891595,0.829470348891595,"gpath_trio"
"14531","AL590079.1","Exc L3-4 RORB CUX2",0.000721982470213958,1.75421962457282,0.000109615677086401,0.991654528987422,0.99629650526972,0.99629650526972,"gpath_trio"
"14532","TMEM179","Exc L3-4 RORB CUX2",-0.0932650289878186,5.43888347607681,5.28845894078373,0.0222599252506112,0.0570858004234245,0.0570858004234245,"gpath_trio"
"14533","INF2","Exc L3-4 RORB CUX2",-0.0609914207522642,4.70594108961669,3.35175142725386,0.0682780045392652,0.141471576623157,0.141471576623157,"gpath_trio"
"14534","ADSSL1","Exc L3-4 RORB CUX2",-0.0683754415777047,0.512934890735335,0.697899299125405,0.404257456656059,0.552556404754119,0.552556404754119,"gpath_trio"
"14535","SIVA1","Exc L3-4 RORB CUX2",-0.0701140989226539,4.01591577001077,6.6264587318349,0.0106017387771456,0.0310345443744794,0.0310345443744794,"gpath_trio"
"14536","AKT1","Exc L3-4 RORB CUX2",-0.0121973615314984,4.17343565304333,0.24603724336462,0.620298330004205,0.746011686815347,0.746011686815347,"gpath_trio"
"14537","AL583722.2","Exc L3-4 RORB CUX2",-0.123754747470218,-0.729488117884142,1.22675125955523,0.269063343272592,0.408177528425035,0.408177528425035,"gpath_trio"
"14538","AL583810.1","Exc L3-4 RORB CUX2",-0.0478734804334028,-0.0449113850882537,0.300573990710951,0.642470158207153,0.764124001758493,0.764124001758493,"gpath_trio"
"14539","CEP170B","Exc L3-4 RORB CUX2",-0.110860061097784,4.96399079689837,22.2615456066244,3.88876226531953e-06,3.44255281714882e-05,3.44255281714882e-05,"gpath_trio"
"14540","AHNAK2","Exc L3-4 RORB CUX2",-0.0329295097305129,3.74207423490346,0.676379890743108,0.411589670057812,0.55980865675121,0.55980865675121,"gpath_trio"
"14541","CLBA1","Exc L3-4 RORB CUX2",0.0617052314285941,3.05776969408666,3.16711867059298,0.0763028603971804,0.154636290643735,0.154636290643735,"gpath_trio"
"14542","CDCA4","Exc L3-4 RORB CUX2",0.0692675028045583,1.66526867912185,2.19853685467992,0.389202373687319,0.537025206326952,0.537025206326952,"gpath_trio"
"14543","GPR132","Exc L3-4 RORB CUX2",-0.0327469008517783,0.413284656308995,0.15210488604468,0.751541136691012,0.850097691900716,0.850097691900716,"gpath_trio"
"14544","LINC02298","Exc L3-4 RORB CUX2",-0.146230720663578,0.903342494367537,4.79820039688977,0.0293776782101,0.07144342549286,0.07144342549286,"gpath_trio"
"14545","JAG2","Exc L3-4 RORB CUX2",-0.0185434831400736,4.35812223821553,0.628984878997033,0.428451015757884,0.576270929519746,0.576270929519746,"gpath_trio"
"14546","NUDT14","Exc L3-4 RORB CUX2",-0.25077279943366,3.39405667610891,36.7273068680243,4.75039065845312e-09,9.04946284915686e-08,9.04946284915686e-08,"gpath_trio"
"14547","BRF1","Exc L3-4 RORB CUX2",0.0119693032608897,5.26881098727583,0.499463945186293,0.480368613750545,0.623724854062121,0.623724854062121,"gpath_trio"
"14548","BTBD6","Exc L3-4 RORB CUX2",-0.0508157310186741,3.98674295066361,2.10926090009379,0.147615680983251,0.258283150787168,0.258283150787168,"gpath_trio"
"14549","PACS2","Exc L3-4 RORB CUX2",0.0503878810119824,5.90020922157059,9.22758480742678,0.00262659440417,0.00963307436904741,0.00963307436904741,"gpath_trio"
"14550","TEX22","Exc L3-4 RORB CUX2",0.0813430570845892,2.85822639853223,6.00105718104812,0.0149574324857028,0.0414002195635964,0.0414002195635964,"gpath_trio"
"14551","AL928654.1","Exc L3-4 RORB CUX2",0.0884078926556093,1.63152744912988,2.55305082395772,0.111296045558857,0.207907196217586,0.207907196217586,"gpath_trio"
"14552","MTA1","Exc L3-4 RORB CUX2",-0.0031846843724633,4.65950127690617,0.0181374215517724,0.892972839749702,0.94456703412941,0.94456703412941,"gpath_trio"
"14553","CRIP2","Exc L3-4 RORB CUX2",-0.0903217256785605,5.39964305717181,7.95512715556661,0.0051647167943392,0.0170900707439386,0.0170900707439386,"gpath_trio"
"14554","TEDC1","Exc L3-4 RORB CUX2",-0.0910947136901528,2.28937994317598,4.01901014543016,0.0460268205180238,0.103245619741064,0.103245619741064,"gpath_trio"
"14555","TMEM121","Exc L3-4 RORB CUX2",-0.0605171293955095,3.18245757703783,1.88549041362623,0.170894431059631,0.288446009087932,0.288446009087932,"gpath_trio"
"14556","AC087386.1","Exc L3-4 RORB CUX2",0.0326233710658341,4.08988593371304,0.32330761043374,0.570117414548106,0.704959477721748,0.704959477721748,"gpath_trio"
"14557","AC012414.5","Exc L3-4 RORB CUX2",0.0693067383641164,3.28785855428901,0.648254779847651,0.421472984888416,0.569653478269162,0.569653478269162,"gpath_trio"
"14558","LINC01193","Exc L3-4 RORB CUX2",0.147886010277643,0.826161773244145,0.925025234429484,0.337052543925869,0.483472099090254,0.483472099090254,"gpath_trio"
"14559","AC068446.2","Exc L3-4 RORB CUX2",0.0702836062433487,2.53687160732405,0.473126531207355,0.49216548228763,0.635891040996025,0.635891040996025,"gpath_trio"
"14560","LINC02203","Exc L3-4 RORB CUX2",0.0357732280966254,-1.17702083829374,0.0287952231823421,0.865384669997168,0.926821157289596,0.926821157289596,"gpath_trio"
"14561","NIPA1","Exc L3-4 RORB CUX2",-0.0423307236764724,6.15858819964389,5.08686665132543,0.0249394900603361,0.0624958653542765,0.0624958653542765,"gpath_trio"
"14562","NIPA2","Exc L3-4 RORB CUX2",-0.0680089270784778,4.35961968057242,11.5436856775026,0.000786361970514153,0.00345188267082746,0.00345188267082746,"gpath_trio"
"14563","CYFIP1","Exc L3-4 RORB CUX2",0.051724887402706,6.3397262030461,6.48954259977807,0.0114275416513688,0.033024344208411,0.033024344208411,"gpath_trio"
"14564","TUBGCP5","Exc L3-4 RORB CUX2",-0.0715503691867852,5.05072242391832,8.35110396555062,0.00417971156297613,0.0142658908447037,0.0142658908447037,"gpath_trio"
"14565","MAGEL2","Exc L3-4 RORB CUX2",-0.257691217840714,1.29918703655888,13.3593626606183,0.00031106666357788,0.0015634703382371,0.0015634703382371,"gpath_trio"
"14566","NDN","Exc L3-4 RORB CUX2",-0.178441099485262,3.27705971147338,6.88206444253256,0.00922086964319102,0.0276543845772824,0.0276543845772824,"gpath_trio"
"14567","AC021439.1","Exc L3-4 RORB CUX2",-0.026600546955354,1.61547852970159,0.0523176027297478,0.81925825289301,0.896292785213192,0.896292785213192,"gpath_trio"
"14568","PWRN4","Exc L3-4 RORB CUX2",0.155516124100505,0.495583072257729,1.59871579844785,0.207217533573103,0.334743673619774,0.334743673619774,"gpath_trio"
"14569","AC087463.1","Exc L3-4 RORB CUX2",0.275548976466688,-0.127058152750751,3.28793078408378,0.0709439016309239,0.145871709682418,0.145871709682418,"gpath_trio"
"14570","AC087463.4","Exc L3-4 RORB CUX2",0.202785957800771,0.667636742249777,2.33987754508523,0.127315146221055,0.23065580774154,0.23065580774154,"gpath_trio"
"14571","PWRN3","Exc L3-4 RORB CUX2",0.0959169227174395,0.220559747968561,0.26596107791284,0.60649231210413,0.734585003103849,0.734585003103849,"gpath_trio"
"14572","PWRN1","Exc L3-4 RORB CUX2",0.133561910419709,4.66441890000523,2.68567363942158,0.102463836327532,0.194744031833063,0.194744031833063,"gpath_trio"
"14573","NPAP1","Exc L3-4 RORB CUX2",0.197494803205702,0.0269372086337649,2.8606753968522,0.0919675634094648,0.178786432047211,0.178786432047211,"gpath_trio"
"14574","SNRPN","Exc L3-4 RORB CUX2",0.104608232083698,7.45869166509205,10.0133990423546,0.00173888992413722,0.00677260699217537,0.00677260699217537,"gpath_trio"
"14575","AC124312.1","Exc L3-4 RORB CUX2",0.0638380156544807,8.83095770453158,12.9591724687195,0.000381158500946001,0.00185886669698891,0.00185886669698891,"gpath_trio"
"14576","AC124312.2","Exc L3-4 RORB CUX2",-0.160374593930547,0.570638904713544,3.00444529410947,0.0842219238180815,0.167044564788615,0.167044564788615,"gpath_trio"
"14577","PWAR6","Exc L3-4 RORB CUX2",-0.00484598099230448,8.23000751182704,0.0442978766393341,0.833465234644571,0.905062764893386,0.905062764893386,"gpath_trio"
"14578","AC124312.3","Exc L3-4 RORB CUX2",0.269741858232216,0.405948688592892,7.8102182061056,0.00558217978783985,0.0182884828222912,0.0182884828222912,"gpath_trio"
"14579","UBE3A","Exc L3-4 RORB CUX2",-0.0139873885979761,7.1850019737996,0.955883637191709,0.329134962954979,0.475461683919283,0.475461683919283,"gpath_trio"
"14580","LINC02250","Exc L3-4 RORB CUX2",-0.294102732213906,2.02894220283482,22.169537838893,4.06424389049611e-06,3.57905370976687e-05,3.57905370976687e-05,"gpath_trio"
"14581","ATP10A","Exc L3-4 RORB CUX2",-0.171256410080057,0.824773262572792,4.93382857041021,0.0271975639434673,0.0670222123561077,0.0670222123561077,"gpath_trio"
"14582","LINC02346","Exc L3-4 RORB CUX2",0.150609960527207,2.96512785848063,5.14295440423627,0.0241617630586418,0.060872074139373,0.060872074139373,"gpath_trio"
"14583","LINC00929","Exc L3-4 RORB CUX2",0.133441436496535,-1.39382375122884,0.571072386772053,0.4505171528897,0.596785050705034,0.596785050705034,"gpath_trio"
"14584","LINC02248","Exc L3-4 RORB CUX2",0.0239360362482664,-0.703940880801168,0.0292096156622038,0.864428866976859,0.926419781740139,0.926419781740139,"gpath_trio"
"14585","GABRB3","Exc L3-4 RORB CUX2",0.0922108637880686,9.45881786337485,45.255895923782,1.09563376255975e-10,3.05309546403909e-09,3.05309546403909e-09,"gpath_trio"
"14586","GABRA5","Exc L3-4 RORB CUX2",0.0603593359007471,5.21628571140107,3.2131150989257,0.0742127287862183,0.151328259880933,0.151328259880933,"gpath_trio"
"14587","GABRG3","Exc L3-4 RORB CUX2",0.0606969337451121,8.49588698085271,4.45611626997606,0.0357312476878462,0.0841164436525435,0.0841164436525435,"gpath_trio"
"14588","AC104002.3","Exc L3-4 RORB CUX2",-0.336058427411354,0.88831091992502,19.7392075781857,1.31440874086662e-05,0.000100944790053232,0.000100944790053232,"gpath_trio"
"14589","OCA2","Exc L3-4 RORB CUX2",0.0525885649142389,4.96866860595176,1.64406303313012,0.200910950732128,0.326790168730041,0.326790168730041,"gpath_trio"
"14590","HERC2","Exc L3-4 RORB CUX2",0.0560993698593836,7.80606952792971,14.3359412789255,0.000189949259048248,0.00101704519673524,0.00101704519673524,"gpath_trio"
"14591","GOLGA8M","Exc L3-4 RORB CUX2",-0.0796310176605141,0.907988196740727,1.40370663675749,0.237185762705755,0.37034461439429,0.37034461439429,"gpath_trio"
"14592","GOLGA6L7","Exc L3-4 RORB CUX2",-0.3882609347909,2.13006027980453,35.1657491655605,9.60417045384215e-09,1.68052158635096e-07,1.68052158635096e-07,"gpath_trio"
"14593","APBA2","Exc L3-4 RORB CUX2",0.0139915572289643,7.80948567269842,0.419397412643425,0.517809278312787,0.6586886626709,0.6586886626709,"gpath_trio"
"14594","FAM189A1","Exc L3-4 RORB CUX2",0.0811038820661642,7.09958913241165,11.8386609879791,0.000675711670447742,0.00303889499582773,0.00303889499582773,"gpath_trio"
"14595","AC022613.1","Exc L3-4 RORB CUX2",-0.0326503025610142,2.23892193751122,0.448839358647118,0.503481192219855,0.64600184768733,0.64600184768733,"gpath_trio"
"14596","TJP1","Exc L3-4 RORB CUX2",0.12032796961154,8.69371969609107,73.1337733692361,1.0559571455233e-15,1.01447311480632e-13,1.01447311480632e-13,"gpath_trio"
"14597","AC022613.2","Exc L3-4 RORB CUX2",-0.386682924634782,0.54026170128221,19.4880226325825,1.48527085581536e-05,0.000111936270138494,0.000111936270138494,"gpath_trio"
"14598","AC111152.2","Exc L3-4 RORB CUX2",0.155733405720371,0.501147733728618,0.561152316084028,0.454473494182843,0.600419274778263,0.600419274778263,"gpath_trio"
"14599","LINC02249","Exc L3-4 RORB CUX2",0.0668338742831219,-1.13949812628396,0.232291143402662,0.630235601752786,0.753893860564835,0.753893860564835,"gpath_trio"
"14600","CHRFAM7A","Exc L3-4 RORB CUX2",-0.18028736588692,0.451902027880591,5.87857372371081,0.0160083540603714,0.0436680020508373,0.0436680020508373,"gpath_trio"
"14601","AC026150.1","Exc L3-4 RORB CUX2",0.0150837046801984,-0.472643958235407,0.0202013602930038,0.887086216556407,0.940905547501472,0.940905547501472,"gpath_trio"
"14602","AC091057.2","Exc L3-4 RORB CUX2",0.0332311832477318,1.26240630273726,0.32247096701498,0.871117678774416,0.93042507116702,0.93042507116702,"gpath_trio"
"14603","AC091057.6","Exc L3-4 RORB CUX2",-0.0407117960520681,1.61275146786167,0.566933953744017,0.816038235104601,0.893981939250398,0.893981939250398,"gpath_trio"
"14604","FAN1","Exc L3-4 RORB CUX2",0.0309308057668053,5.0335987109485,1.75875585570756,0.185943552788611,0.307972348535442,0.307972348535442,"gpath_trio"
"14605","MTMR10","Exc L3-4 RORB CUX2",0.0953025017301693,3.80152660799435,13.6924971539368,0.00026278482423153,0.00135488981059829,0.00135488981059829,"gpath_trio"
"14606","TRPM1","Exc L3-4 RORB CUX2",-0.0779928320109391,0.685212249446405,1.46756110406068,0.226830745214015,0.357732386317772,0.357732386317772,"gpath_trio"
"14607","AC009562.1","Exc L3-4 RORB CUX2",-0.026621020679671,-1.09120614415839,0.0474561310072816,0.827721307276831,0.901494135948503,0.901494135948503,"gpath_trio"
"14608","LINC02352","Exc L3-4 RORB CUX2",-0.0358440063602966,1.8640856334329,0.453735453884614,0.501164701920989,0.643766577184258,0.643766577184258,"gpath_trio"
"14609","KLF13","Exc L3-4 RORB CUX2",0.0132851772880849,5.38254671949552,0.381502376449815,0.537340868168909,0.676224120727675,0.676224120727675,"gpath_trio"
"14610","OTUD7A","Exc L3-4 RORB CUX2",0.0807148062898566,8.56014536968675,24.2517325087722,1.50448601365409e-06,1.4959588627635e-05,1.4959588627635e-05,"gpath_trio"
"14611","CHRNA7","Exc L3-4 RORB CUX2",0.123103263857113,3.641353358589,6.0803050633221,0.0143158133435758,0.0398814601224304,0.0398814601224304,"gpath_trio"
"14612","LINC02256","Exc L3-4 RORB CUX2",-0.0197662762199878,5.82368546751557,0.258263608635387,0.611746476347752,0.739041027563827,0.739041027563827,"gpath_trio"
"14613","AC123768.3","Exc L3-4 RORB CUX2",-0.0537525933598861,2.79408384097258,1.63484845628521,0.202173850246553,0.328417458609754,0.328417458609754,"gpath_trio"
"14614","GOLGA8N","Exc L3-4 RORB CUX2",0.11035792876374,2.02122369391233,4.0147638703427,0.0461410136879655,0.103467261437668,0.103467261437668,"gpath_trio"
"14615","ARHGAP11A","Exc L3-4 RORB CUX2",0.160484440965113,0.537032388480316,3.82616394172462,0.0515289589734687,0.113011930350009,0.113011930350009,"gpath_trio"
"14616","SCG5","Exc L3-4 RORB CUX2",-0.197758021134969,6.7003353946122,76.6113164070572,2.69002076990117e-16,2.9335767044733e-14,2.9335767044733e-14,"gpath_trio"
"14617","FMN1","Exc L3-4 RORB CUX2",0.112102323702798,9.37485075776252,26.8391915758568,4.43808532107056e-07,5.02742118768099e-06,5.02742118768099e-06,"gpath_trio"
"14618","RYR3","Exc L3-4 RORB CUX2",0.166170492177533,5.58519764482927,10.5155135783363,0.00133847446045281,0.00543288459943928,0.00543288459943928,"gpath_trio"
"14619","AC010809.3","Exc L3-4 RORB CUX2",-0.0342155671157074,-0.945175198434711,0.0706914310165304,0.81626017967121,0.894018708181825,0.894018708181825,"gpath_trio"
"14620","AC010809.2","Exc L3-4 RORB CUX2",0.213732047525372,1.7172157308757,17.5039286456614,3.92452687969557e-05,0.000260737021114765,0.000260737021114765,"gpath_trio"
"14621","AC010809.1","Exc L3-4 RORB CUX2",0.167028255964752,2.74106137484851,13.7897016981902,0.000250185029815745,0.00129743995049379,0.00129743995049379,"gpath_trio"
"14622","AVEN","Exc L3-4 RORB CUX2",0.123894073703826,4.39992947618838,18.9152518844898,1.96389169717364e-05,0.000142114472706163,0.000142114472706163,"gpath_trio"
"14623","CHRM5","Exc L3-4 RORB CUX2",-0.00220445181491561,3.12376494449223,0.00163203585346926,0.967806458236259,0.983305398343986,0.983305398343986,"gpath_trio"
"14624","EMC7","Exc L3-4 RORB CUX2",-0.118572290525231,4.11791085443853,23.0378251422297,2.68193625455744e-06,2.48088326160918e-05,2.48088326160918e-05,"gpath_trio"
"14625","PGBD4","Exc L3-4 RORB CUX2",-0.0259059313113666,2.68622901220608,0.447687240628371,0.504028956376381,0.646581305709512,0.646581305709512,"gpath_trio"
"14626","KATNBL1","Exc L3-4 RORB CUX2",0.0116022839366729,6.69241259472073,0.501489459097599,0.47948075097494,0.623053210802487,0.623053210802487,"gpath_trio"
"14627","EMC4","Exc L3-4 RORB CUX2",-0.190576344605963,3.93918115212615,44.4122694169639,1.58210568262983e-10,4.25019735646563e-09,4.25019735646563e-09,"gpath_trio"
"14628","SLC12A6","Exc L3-4 RORB CUX2",0.0424390556289395,5.95155753864858,8.75804411863571,0.00336667405191646,0.0118974687331257,0.0118974687331257,"gpath_trio"
"14629","NOP10","Exc L3-4 RORB CUX2",-0.241878877702159,3.0138088724373,39.6522549257236,1.28583322155174e-09,2.77154756888957e-08,2.77154756888957e-08,"gpath_trio"
"14630","NUTM1","Exc L3-4 RORB CUX2",-0.115397902730065,-0.645381991914267,1.16927393331606,0.280552382060036,0.421435194125769,0.421435194125769,"gpath_trio"
"14631","LPCAT4","Exc L3-4 RORB CUX2",-0.0735153452481429,6.06149422065125,4.44267724725933,0.036008596247649,0.0846705628550488,0.0846705628550488,"gpath_trio"
"14632","GOLGA8A","Exc L3-4 RORB CUX2",0.00872407891739909,6.79588068567262,0.049634012862711,0.823876261848655,0.898956386305928,0.898956386305928,"gpath_trio"
"14633","GOLGA8B","Exc L3-4 RORB CUX2",-0.0899113677777677,7.06412629201537,2.99906095545616,0.0844988452317454,0.167478554136012,0.167478554136012,"gpath_trio"
"14634","GJD2","Exc L3-4 RORB CUX2",0.0104463520199942,0.395497122118518,0.0144926103730936,0.904270942227957,0.951479412717692,0.951479412717692,"gpath_trio"
"14635","AC087457.1","Exc L3-4 RORB CUX2",0.196151842964704,3.4255503438842,9.79926050121091,0.00194504249521022,0.00745181016727426,0.00745181016727426,"gpath_trio"
"14636","ACTC1","Exc L3-4 RORB CUX2",-0.235244867494523,0.751701185078907,8.89744964549254,0.00312700826217953,0.0111698639676827,0.0111698639676827,"gpath_trio"
"14637","AQR","Exc L3-4 RORB CUX2",-0.0291513929589627,6.02012803816733,4.09815675605773,0.0439522962614608,0.0993457395013226,0.0993457395013226,"gpath_trio"
"14638","ZNF770","Exc L3-4 RORB CUX2",-0.0489873948822936,4.89874251894829,4.28310891038501,0.0394806978010646,0.0913339156216579,0.0913339156216579,"gpath_trio"
"14639","AC114546.1","Exc L3-4 RORB CUX2",-0.229669008153179,-0.408964023747335,5.90385269334206,0.0157853539617949,0.0432174672518946,0.0432174672518946,"gpath_trio"
"14640","AC021231.1","Exc L3-4 RORB CUX2",0.0160095875788626,4.26027509159706,0.133223142964642,0.715410019562353,0.822650164985493,0.822650164985493,"gpath_trio"
"14641","DPH6","Exc L3-4 RORB CUX2",0.0891903097726996,5.73518421641428,8.56458260944967,0.00373080060445343,0.0129416957006272,0.0129416957006272,"gpath_trio"
"14642","DPH6-DT","Exc L3-4 RORB CUX2",0.195931161387542,6.45948583488946,23.6171490008704,2.034426622104e-06,1.93697768291402e-05,1.93697768291402e-05,"gpath_trio"
"14643","AC021351.1","Exc L3-4 RORB CUX2",-0.164128922869789,1.604714390109,6.80877027671524,0.0095967227941035,0.0285945772221294,0.0285945772221294,"gpath_trio"
"14644","AC040918.1","Exc L3-4 RORB CUX2",0.423697140982969,-1.13588625034064,8.87908478549103,0.00315755521844546,0.011256707374378,0.011256707374378,"gpath_trio"
"14645","C15orf41","Exc L3-4 RORB CUX2",0.0847538529972738,5.5331213947896,13.054691932907,0.000363091017417624,0.00178145945437757,0.00178145945437757,"gpath_trio"
"14646","AC013640.1","Exc L3-4 RORB CUX2",-0.452810011768782,0.660310315434042,36.8300420084529,4.53610283516505e-09,8.69922763302802e-08,8.69922763302802e-08,"gpath_trio"
"14647","MEIS2","Exc L3-4 RORB CUX2",0.0366390972696493,6.89656831703968,1.01047994543072,0.315722467192187,0.460737849953156,0.460737849953156,"gpath_trio"
"14648","AC078909.1","Exc L3-4 RORB CUX2",-0.143207357333046,3.19598530231567,6.77003563827924,0.00980170099000208,0.0291150349636767,0.0291150349636767,"gpath_trio"
"14649","AC078909.2","Exc L3-4 RORB CUX2",0.0316405758458293,0.56588863771599,0.157318950764137,0.691962326715323,0.804167047320371,0.804167047320371,"gpath_trio"
"14650","AC068875.1","Exc L3-4 RORB CUX2",0.0167897454737402,1.58269846243416,0.0724367930971654,0.953344815405896,0.977125160069801,0.977125160069801,"gpath_trio"
"14651","LINC02345","Exc L3-4 RORB CUX2",-0.378082498133811,-0.421104877918935,11.6507319699413,0.000744220062522172,0.00329340639644326,0.00329340639644326,"gpath_trio"
"14652","LINC01852","Exc L3-4 RORB CUX2",-0.172442702368935,-0.467720767860631,2.82824444090063,0.0938201862703699,0.181426460079048,0.181426460079048,"gpath_trio"
"14653","AC087473.1","Exc L3-4 RORB CUX2",-0.0178104125762577,0.778094597795175,0.077809691766021,0.986158793808582,0.992802079096215,0.992802079096215,"gpath_trio"
"14654","SPRED1","Exc L3-4 RORB CUX2",-0.0291720600978513,6.17715227012566,0.741505793730645,0.389972338256834,0.537667732135012,0.537667732135012,"gpath_trio"
"14655","FAM98B","Exc L3-4 RORB CUX2",-0.0171210238601728,4.82158904084587,0.890535962273535,0.779161640996536,0.870109404030723,0.870109404030723,"gpath_trio"
"14656","RASGRP1","Exc L3-4 RORB CUX2",-0.0371602637770875,5.37146990691118,1.07609948342492,0.300535532698505,0.443937939097403,0.443937939097403,"gpath_trio"
"14657","AC116158.1","Exc L3-4 RORB CUX2",0.135504096501281,-0.852168580305821,1.4836590457386,0.224307068683124,0.354710386477664,0.354710386477664,"gpath_trio"
"14658","C15orf53","Exc L3-4 RORB CUX2",-0.252738386401681,2.33781353077237,26.7020453494597,4.73298062117233e-07,5.30193692571637e-06,5.30193692571637e-06,"gpath_trio"
"14659","AC013652.1","Exc L3-4 RORB CUX2",0.0359756972299966,6.17428039822451,0.907445600059238,0.341677803667128,0.488233289789109,0.488233289789109,"gpath_trio"
"14660","AC022196.1","Exc L3-4 RORB CUX2",0.0739819165936986,1.30822294917333,1.49106738911253,0.287451107096378,0.42926173839152,0.42926173839152,"gpath_trio"
"14661","THBS1","Exc L3-4 RORB CUX2",0.314285926329094,-0.65276464452413,5.63374534571574,0.018345115425173,0.0487369663572375,0.0487369663572375,"gpath_trio"
"14662","FSIP1","Exc L3-4 RORB CUX2",-0.00825324940459504,5.30567471863548,0.0956241303006144,0.757393078921054,0.854800031731499,0.854800031731499,"gpath_trio"
"14663","AC023908.3","Exc L3-4 RORB CUX2",0.19458719747475,0.443420230927101,7.88355852596619,0.00536673475156326,0.0176658302517195,0.0176658302517195,"gpath_trio"
"14664","GPR176","Exc L3-4 RORB CUX2",0.0284631206989873,5.17445206915732,1.09381040395579,0.296599792584288,0.43971364331966,0.43971364331966,"gpath_trio"
"14665","EIF2AK4","Exc L3-4 RORB CUX2",0.0216579304638559,6.11094094576904,2.30761814245997,0.129956214583274,0.234304435140085,0.234304435140085,"gpath_trio"
"14666","SRP14","Exc L3-4 RORB CUX2",-0.270356500701448,6.07301852606982,69.7807608946485,4.00418190990111e-15,3.45232350565192e-13,3.45232350565192e-13,"gpath_trio"
"14667","SRP14-AS1","Exc L3-4 RORB CUX2",0.169359058287504,2.29016829225908,11.0884242671692,0.00099453766671845,0.00422327876784776,0.00422327876784776,"gpath_trio"
"14668","BMF","Exc L3-4 RORB CUX2",0.166699608245195,-0.807994430323321,1.77783259427295,0.183582681882991,0.305098592049267,0.305098592049267,"gpath_trio"
"14669","BUB1B","Exc L3-4 RORB CUX2",-0.0560289393239146,0.0308546385593612,0.427663880043085,0.51371544784578,0.655009110806334,0.655009110806334,"gpath_trio"
"14670","BUB1B-PAK6","Exc L3-4 RORB CUX2",0.0993952609480275,1.98389212155087,3.26934414486902,0.0717412219283214,0.147121279976,0.147121279976,"gpath_trio"
"14671","PAK6","Exc L3-4 RORB CUX2",-0.123402707028698,3.84234855896662,12.7155009467727,0.000431500076747277,0.0020673270122005,0.0020673270122005,"gpath_trio"
"14672","PLCB2","Exc L3-4 RORB CUX2",0.00123909381218958,2.51140731052512,0.000882824193921143,0.97631925001252,0.987481296663674,0.987481296663674,"gpath_trio"
"14673","INAFM2","Exc L3-4 RORB CUX2",0.0320400684735489,2.68269902225264,0.714041550948861,0.949918615391681,0.975496694773856,0.975496694773856,"gpath_trio"
"14674","DISP2","Exc L3-4 RORB CUX2",0.0111813399560262,5.02569440011067,0.200596572808222,0.654612687418435,0.77395751105643,0.77395751105643,"gpath_trio"
"14675","KNSTRN","Exc L3-4 RORB CUX2",0.0288489663104254,2.85891485445866,0.483428175944933,0.487494505967305,0.630906514714887,0.630906514714887,"gpath_trio"
"14676","IVD","Exc L3-4 RORB CUX2",0.0859011182020964,5.26906497794083,11.6932182915021,0.000728137779660047,0.00323429760119803,0.00323429760119803,"gpath_trio"
"14677","BAHD1","Exc L3-4 RORB CUX2",0.0389160244976519,4.43163019309882,1.9910566423338,0.159425840406566,0.273737560017231,0.273737560017231,"gpath_trio"
"14678","AC091045.1","Exc L3-4 RORB CUX2",-0.222230246574688,1.86864589217846,12.9875267825656,0.000375701958635641,0.00183690665603456,0.00183690665603456,"gpath_trio"
"14679","CCDC32","Exc L3-4 RORB CUX2",0.0320407267024071,4.8523549383365,0.748585392210188,0.387722055104109,0.535736761983795,0.535736761983795,"gpath_trio"
"14680","RPUSD2","Exc L3-4 RORB CUX2",-0.126471473267324,2.27854537892958,12.9635503432392,0.000380310790234838,0.00185601601184999,0.00185601601184999,"gpath_trio"
"14681","KNL1","Exc L3-4 RORB CUX2",-0.0774641660934243,1.10662378062727,2.01097236431266,0.15736258835144,0.271025287689116,0.271025287689116,"gpath_trio"
"14682","RMDN3","Exc L3-4 RORB CUX2",-0.00177311001601462,5.4114660066396,0.0101853087179487,0.919689926919762,0.959599542197158,0.959599542197158,"gpath_trio"
"14683","GCHFR","Exc L3-4 RORB CUX2",-0.123981350139771,1.90669577579538,4.89496996129297,0.0278043007618807,0.0682440456732092,0.0682440456732092,"gpath_trio"
"14684","DNAJC17","Exc L3-4 RORB CUX2",-0.0433740097450262,4.92414031490112,4.86510977366953,0.0282801575419328,0.0691662235917681,0.0691662235917681,"gpath_trio"
"14685","C15orf62","Exc L3-4 RORB CUX2",0.0153615194064851,-1.30810781242755,0.00650865333507717,0.935761507873219,0.969109144570926,0.969109144570926,"gpath_trio"
"14686","ZFYVE19","Exc L3-4 RORB CUX2",-0.079142282429032,3.61117542235613,7.62426382513341,0.00616916083765102,0.0198441996013408,0.0198441996013408,"gpath_trio"
"14687","SPINT1","Exc L3-4 RORB CUX2",-0.173563190570321,0.234619748953924,4.95862390878777,0.0268176662522936,0.0662965833402799,0.0662965833402799,"gpath_trio"
"14688","RHOV","Exc L3-4 RORB CUX2",-0.346171101372124,1.23256709600259,32.5424958208782,3.16591055676432e-08,4.80965703936146e-07,4.80965703936146e-07,"gpath_trio"
"14689","VPS18","Exc L3-4 RORB CUX2",-0.102317799619713,3.21963854370876,8.79824201698032,0.00329569759817142,0.0116793780156523,0.0116793780156523,"gpath_trio"
"14690","AC020661.1","Exc L3-4 RORB CUX2",0.0020548161676848,-0.628916227321724,0.000199433000666587,0.988743418933135,0.994659456341205,0.994659456341205,"gpath_trio"
"14691","DLL4","Exc L3-4 RORB CUX2",-0.119114656027662,0.565697296074205,2.72573394648766,0.0999500172345246,0.190937562513638,0.190937562513638,"gpath_trio"
"14692","CHAC1","Exc L3-4 RORB CUX2",-0.0361754785925044,1.41338901329408,0.374347342448203,0.541178706102079,0.679716142414831,0.679716142414831,"gpath_trio"
"14693","INO80","Exc L3-4 RORB CUX2",0.0184976093918447,6.2228238413506,1.35419781142878,0.245612358448052,0.380439871914737,0.380439871914737,"gpath_trio"
"14694","AC020661.3","Exc L3-4 RORB CUX2",-0.565253852730947,2.32759168529294,76.8309083994008,2.46871801537401e-16,2.721660434982e-14,2.721660434982e-14,"gpath_trio"
"14695","AC020661.2","Exc L3-4 RORB CUX2",-0.483779263017044,0.816988540008598,33.0715724222115,2.48633215770361e-08,3.88248848929336e-07,3.88248848929336e-07,"gpath_trio"
"14696","INO80-AS1","Exc L3-4 RORB CUX2",-0.416097725355461,1.56062233037294,39.9215485623776,1.14093219048452e-09,2.4804210067915e-08,2.4804210067915e-08,"gpath_trio"
"14697","EXD1","Exc L3-4 RORB CUX2",-0.133060672063764,0.420057201233153,3.08188051222151,0.0803465122358269,0.161004259471375,0.161004259471375,"gpath_trio"
"14698","CHP1","Exc L3-4 RORB CUX2",-0.136050827438857,5.30138890968045,30.8555636706342,6.86557664275457e-08,9.57904624948641e-07,9.57904624948641e-07,"gpath_trio"
"14699","OIP5","Exc L3-4 RORB CUX2",0.0335665665456364,1.4645751835667,0.372591966423047,0.54212796347245,0.680696518736413,0.680696518736413,"gpath_trio"
"14700","NUSAP1","Exc L3-4 RORB CUX2",-0.171237685732469,0.857971897940374,6.83089198966933,0.00948164640756706,0.0282998413514346,0.0282998413514346,"gpath_trio"
"14701","NDUFAF1","Exc L3-4 RORB CUX2",-0.0572757274358749,4.00023513669866,5.63874865315772,0.0182939732479412,0.0486363412300428,0.0486363412300428,"gpath_trio"
"14702","RTF1","Exc L3-4 RORB CUX2",-0.126917447851798,6.7234081466417,18.1597755928052,2.84281228119387e-05,0.000196618915917334,0.000196618915917334,"gpath_trio"
"14703","ITPKA","Exc L3-4 RORB CUX2",-0.0101426251556239,5.64878299309103,0.107667979972207,0.743078972193694,0.843548790234658,0.843548790234658,"gpath_trio"
"14704","LTK","Exc L3-4 RORB CUX2",-0.011052996318199,2.22559104721655,0.0464805193985331,0.829473716819269,0.902428399311301,0.902428399311301,"gpath_trio"
"14705","RPAP1","Exc L3-4 RORB CUX2",-0.0125632668008286,3.79389382814594,0.326451862851492,0.621739855488429,0.747166960593197,0.747166960593197,"gpath_trio"
"14706","TYRO3","Exc L3-4 RORB CUX2",0.019045860752445,6.40412337108971,1.08620310904284,0.298282094397176,0.441426656424876,0.441426656424876,"gpath_trio"
"14707","MGA","Exc L3-4 RORB CUX2",0.0983668625986789,6.3429930539617,35.4532671932203,8.43377553587856e-09,1.49386673780816e-07,1.49386673780816e-07,"gpath_trio"
"14708","MAPKBP1","Exc L3-4 RORB CUX2",0.0608026055633619,6.68666539820145,16.0038744732012,8.2462753875667e-05,0.00049396854496484,0.00049396854496484,"gpath_trio"
"14709","AC020659.2","Exc L3-4 RORB CUX2",-0.00940986823404358,-0.181792103667367,0.00584762419033014,0.939104179655234,0.970815065820062,0.970815065820062,"gpath_trio"
"14710","SPTBN5","Exc L3-4 RORB CUX2",-0.0409791201664464,0.794628933484082,0.32878858982535,0.56686888811401,0.701932106898678,0.701932106898678,"gpath_trio"
"14711","EHD4","Exc L3-4 RORB CUX2",0.209088102295871,0.73343644600022,7.9312410509879,0.00523125804784414,0.0172790817150058,0.0172790817150058,"gpath_trio"
"14712","PLA2G4E","Exc L3-4 RORB CUX2",0.388931139479964,-0.177602526691698,10.8520433761057,0.00112396852249114,0.00468030236145689,0.00468030236145689,"gpath_trio"
"14713","PLA2G4D","Exc L3-4 RORB CUX2",0.162375707984115,-0.888649557483168,1.48467709995215,0.224148608843364,0.35448758982636,0.35448758982636,"gpath_trio"
"14714","VPS39","Exc L3-4 RORB CUX2",-0.0484034463503247,5.37762684119373,8.63970394686081,0.00358484574327116,0.0125106837693298,0.0125106837693298,"gpath_trio"
"14715","AC036103.1","Exc L3-4 RORB CUX2",-0.0608965700978777,-0.244616921981877,0.454974532540551,0.500581338905909,0.643360235438246,0.643360235438246,"gpath_trio"
"14716","TMEM87A","Exc L3-4 RORB CUX2",-0.0412598350285127,5.63161142333365,4.68823242205016,0.0312795704222458,0.0753061256884021,0.0753061256884021,"gpath_trio"
"14717","GANC","Exc L3-4 RORB CUX2",0.00199650587861665,4.67190466010997,0.00611609979226249,0.937724740197691,0.969954279244247,0.969954279244247,"gpath_trio"
"14718","ZNF106","Exc L3-4 RORB CUX2",0.0448040211024801,6.76546762482275,7.70911713814397,0.00589382674692985,0.019086349056069,0.019086349056069,"gpath_trio"
"14719","SNAP23","Exc L3-4 RORB CUX2",0.0236472141320523,5.03704652705643,0.753274354641018,0.386241867136038,0.534423542244673,0.534423542244673,"gpath_trio"
"14720","AC018362.1","Exc L3-4 RORB CUX2",0.164682525233461,0.541740879490942,4.94143565493161,0.0270804180335535,0.0667906398321446,0.0667906398321446,"gpath_trio"
"14721","LRRC57","Exc L3-4 RORB CUX2",0.037216197820103,4.62521369239738,2.30260430326187,0.130372180575382,0.234802601598672,0.234802601598672,"gpath_trio"
"14722","HAUS2","Exc L3-4 RORB CUX2",-0.0541628745939404,4.41815444641612,5.8284125789892,0.0164605852322798,0.0446780986225272,0.0446780986225272,"gpath_trio"
"14723","STARD9","Exc L3-4 RORB CUX2",0.0951743458521226,5.71347593625131,16.7711423440124,5.63545641326072e-05,0.000356971218642182,0.000356971218642182,"gpath_trio"
"14724","CDAN1","Exc L3-4 RORB CUX2",0.0707406868601262,3.57617009568123,6.15099038312395,0.013767581397463,0.0386208223990289,0.0386208223990289,"gpath_trio"
"14725","TTBK2","Exc L3-4 RORB CUX2",0.0157460034098664,7.77379578585324,1.28199658354795,0.258571235777621,0.396193110185577,0.396193110185577,"gpath_trio"
"14726","AC090510.1","Exc L3-4 RORB CUX2",-0.105566727871271,0.368581971903642,1.49078178706608,0.223201238071615,0.353349417615727,0.353349417615727,"gpath_trio"
"14727","UBR1","Exc L3-4 RORB CUX2",0.0198791904572641,7.17407930472407,2.18079912260927,0.140952017353535,0.249229355837648,0.249229355837648,"gpath_trio"
"14728","AC068724.3","Exc L3-4 RORB CUX2",-0.12192796890709,4.00265118547936,16.5416370233375,6.31387160366859e-05,0.000393519801062755,0.000393519801062755,"gpath_trio"
"14729","TMEM62","Exc L3-4 RORB CUX2",0.0439392520416084,5.42032897547341,6.32889890299051,0.0124818190300219,0.0356282822482585,0.0356282822482585,"gpath_trio"
"14730","CCNDBP1","Exc L3-4 RORB CUX2",-0.124468843698984,4.72487160556295,22.1200859983967,4.16184666585922e-06,3.65225126070943e-05,3.65225126070943e-05,"gpath_trio"
"14731","LCMT2","Exc L3-4 RORB CUX2",-0.00783226731029513,1.42930027114333,0.0234671523210198,0.878367324950531,0.93514832616765,0.93514832616765,"gpath_trio"
"14732","ADAL","Exc L3-4 RORB CUX2",-0.0180466703492007,4.55380808802209,0.337523102421933,0.561765676535429,0.69753954481181,0.69753954481181,"gpath_trio"
"14733","ZSCAN29","Exc L3-4 RORB CUX2",-0.0292271227618078,2.93072337291602,0.716615057864982,0.856677323978116,0.920851670907267,0.920851670907267,"gpath_trio"
"14734","TUBGCP4","Exc L3-4 RORB CUX2",0.00117267898303922,4.80823336165136,0.00254859146767756,0.959775797337532,0.979750116174416,0.979750116174416,"gpath_trio"
"14735","TP53BP1","Exc L3-4 RORB CUX2",0.0455979951512106,6.34191615632405,9.839915504988,0.00190406916268784,0.00732124935338808,0.00732124935338808,"gpath_trio"
"14736","MAP1A","Exc L3-4 RORB CUX2",0.00408446874885879,7.10357295022234,0.0183857956329657,0.892246982502819,0.944059251052025,0.944059251052025,"gpath_trio"
"14737","PPIP5K1","Exc L3-4 RORB CUX2",0.0410442930712258,6.72745860736667,5.73280185104323,0.0173596743937795,0.0466870220426022,0.0466870220426022,"gpath_trio"
"14738","CKMT1B","Exc L3-4 RORB CUX2",-0.0363393299071207,5.61569265312568,0.93061038915953,0.335600735457497,0.482040782988395,0.482040782988395,"gpath_trio"
"14739","STRC","Exc L3-4 RORB CUX2",0.145396824347639,2.84962331548508,5.99692841779836,0.0149916663627799,0.0414665298696304,0.0414665298696304,"gpath_trio"
"14740","AC011330.3","Exc L3-4 RORB CUX2",0.0618988473130574,5.76010175570368,5.03426380356724,0.0256926798454672,0.0640570706725531,0.0640570706725531,"gpath_trio"
"14741","CATSPER2","Exc L3-4 RORB CUX2",0.0736053546517686,7.44385466846915,8.43237740601277,0.00400261935241548,0.0137428259760011,0.0137428259760011,"gpath_trio"
"14742","CKMT1A","Exc L3-4 RORB CUX2",-0.102129643064554,4.0770942880291,8.92747397271159,0.00307771733875451,0.0110113401860919,0.0110113401860919,"gpath_trio"
"14743","PDIA3","Exc L3-4 RORB CUX2",-0.0295326288893161,5.37544628862113,1.62687147727215,0.20327471778271,0.329800356354337,0.329800356354337,"gpath_trio"
"14744","AC018512.1","Exc L3-4 RORB CUX2",0.000256626458146964,0.746333751804908,7.09051888483563e-06,0.997877435110198,0.999007436259013,0.999007436259013,"gpath_trio"
"14745","SERF2","Exc L3-4 RORB CUX2",-0.150997534923282,5.28113397067929,21.1597018908319,6.60655182151279e-06,5.49184932010798e-05,5.49184932010798e-05,"gpath_trio"
"14746","HYPK","Exc L3-4 RORB CUX2",0.0971170171320718,0.0319203620147114,1.23023911953306,0.268385381242877,0.407362393965359,0.407362393965359,"gpath_trio"
"14747","MFAP1","Exc L3-4 RORB CUX2",-0.00153490519934875,4.08249201702133,0.00412586690772055,0.948834127429538,0.974894007941183,0.974894007941183,"gpath_trio"
"14748","WDR76","Exc L3-4 RORB CUX2",-0.0418929744294578,1.85667818448803,0.720663069820859,0.396707401560034,0.544831302006377,0.544831302006377,"gpath_trio"
"14749","FRMD5","Exc L3-4 RORB CUX2",0.104056785271558,9.49110684839962,25.8662235612498,7.0112576213824e-07,7.52004904366773e-06,7.52004904366773e-06,"gpath_trio"
"14750","CASC4","Exc L3-4 RORB CUX2",0.0409848510526402,7.88217739138649,10.0530311991182,0.00170325247964509,0.00665564957908962,0.00665564957908962,"gpath_trio"
"14751","AC090519.2","Exc L3-4 RORB CUX2",-0.0995502546325411,-0.509661762875847,1.21008088728422,0.311182404648813,0.455661562911148,0.455661562911148,"gpath_trio"
"14752","AC025043.1","Exc L3-4 RORB CUX2",-0.468549801618155,4.52399778186784,104.316228490885,8.23785147269483e-21,3.43943447352093e-18,3.43943447352093e-18,"gpath_trio"
"14753","CTDSPL2","Exc L3-4 RORB CUX2",0.00791559905612784,5.99860448643444,0.16337781271204,0.686397770584011,0.799676862950572,0.799676862950572,"gpath_trio"
"14754","EIF3J-DT","Exc L3-4 RORB CUX2",0.0204403273568659,4.37359672806215,0.605132755394115,0.437333590883573,0.584594862129093,0.584594862129093,"gpath_trio"
"14755","EIF3J","Exc L3-4 RORB CUX2",-0.041089061210087,5.16493885312443,4.05512734853939,0.1971552427413,0.322120453405677,0.322120453405677,"gpath_trio"
"14756","SPG11","Exc L3-4 RORB CUX2",0.0202116334105423,6.40234970028999,2.23793701770729,0.135873334184789,0.242716886592715,0.242716886592715,"gpath_trio"
"14757","B2M","Exc L3-4 RORB CUX2",0.330705883203382,1.32483641984159,2.37683324390403,0.124363111521305,0.226328826906227,0.226328826906227,"gpath_trio"
"14758","TRIM69","Exc L3-4 RORB CUX2",0.0809654234408918,5.38722381229245,6.56738319503767,0.0109502187113636,0.0318421248921536,0.0318421248921536,"gpath_trio"
"14759","SORD","Exc L3-4 RORB CUX2",0.0515837884962935,3.49550215418792,2.88763525986002,0.0904578865664392,0.176576830178541,0.176576830178541,"gpath_trio"
"14760","DUOXA1","Exc L3-4 RORB CUX2",0.0255097910267461,0.492080044823734,0.114320483952372,0.960298582786705,0.979777690587217,0.979777690587217,"gpath_trio"
"14761","DUOX1","Exc L3-4 RORB CUX2",-0.424064279080819,3.22814235232171,69.8797091367504,3.84894760591984e-15,3.33272609225033e-13,3.33272609225033e-13,"gpath_trio"
"14762","SHF","Exc L3-4 RORB CUX2",-0.00303917119452675,3.98354544490018,0.0066981678927165,0.934835056283471,0.968685015948589,0.968685015948589,"gpath_trio"
"14763","AC051619.4","Exc L3-4 RORB CUX2",-0.0818158357352215,1.83865413929505,2.22809792102284,0.136732985952802,0.243799203853096,0.243799203853096,"gpath_trio"
"14764","AC051619.5","Exc L3-4 RORB CUX2",-0.167984617368791,2.89395934492877,2.40926150143945,0.12183558719346,0.222910399168229,0.222910399168229,"gpath_trio"
"14765","SLC28A2","Exc L3-4 RORB CUX2",-0.463476294134197,0.27169682705689,14.97089358717,0.000138097800195324,0.000769713105431212,0.000769713105431212,"gpath_trio"
"14766","GATM","Exc L3-4 RORB CUX2",0.0865090587180277,4.0855275625905,9.60173793067256,0.00215730451978369,0.00814134281455965,0.00814134281455965,"gpath_trio"
"14767","AC025580.3","Exc L3-4 RORB CUX2",-0.0655644198495898,2.20521303599039,1.50811286899426,0.220537795864211,0.350585249435869,0.350585249435869,"gpath_trio"
"14768","SPATA5L1","Exc L3-4 RORB CUX2",0.0482891562137379,3.89565531992218,3.80468061916898,0.052183858271042,0.114063850554526,0.114063850554526,"gpath_trio"
"14769","C15orf48","Exc L3-4 RORB CUX2",-0.00807422154725492,-0.28552862323812,0.00840906393263774,0.951903992727462,0.97649174013711,0.97649174013711,"gpath_trio"
"14770","AC025580.2","Exc L3-4 RORB CUX2",-0.337307324778247,2.22703454015693,49.384020180455,1.8448082090389e-11,6.47287054214952e-10,6.47287054214952e-10,"gpath_trio"
"14771","SLC30A4","Exc L3-4 RORB CUX2",0.0521572670400522,4.91564151658152,5.04353583436424,0.0255582126349711,0.0638036059786242,0.0638036059786242,"gpath_trio"
"14772","AC090527.1","Exc L3-4 RORB CUX2",-0.016997599408009,-1.3837189913714,0.0304927239401715,0.861512823146008,0.924509988625577,0.924509988625577,"gpath_trio"
"14773","AC090527.2","Exc L3-4 RORB CUX2",0.168840182764394,1.10585652790661,6.75347175550452,0.00989072826944502,0.029325949372004,0.029325949372004,"gpath_trio"
"14774","SQOR","Exc L3-4 RORB CUX2",0.0172819418475968,-0.431443987033557,0.0314571240502573,0.910634398166401,0.954342578723554,0.954342578723554,"gpath_trio"
"14775","AC068722.1","Exc L3-4 RORB CUX2",0.0741246197283067,3.51340286581349,1.46852617733621,0.226678488779772,0.357596774144969,0.357596774144969,"gpath_trio"
"14776","AC073941.1","Exc L3-4 RORB CUX2",-0.0881410336282065,0.584295746286856,1.01812803935637,0.313901538589467,0.458544894724676,0.458544894724676,"gpath_trio"
"14777","SEMA6D","Exc L3-4 RORB CUX2",0.0808314375409466,8.32674282709218,8.01537713199455,0.00500070494515931,0.0166045461271542,0.0166045461271542,"gpath_trio"
"14778","AC023905.1","Exc L3-4 RORB CUX2",-0.27514428726651,1.88922187124989,16.8498606311127,5.42017751128661e-05,0.000345613404836306,0.000345613404836306,"gpath_trio"
"14779","AC012050.1","Exc L3-4 RORB CUX2",-0.18522699037259,-0.806807993636323,1.59132546956785,0.208267437659322,0.335928650046116,0.335928650046116,"gpath_trio"
"14780","LINC01491","Exc L3-4 RORB CUX2",-0.0683409302239561,-1.38374977413256,0.188827147038744,0.664254981665596,0.782149191963547,0.782149191963547,"gpath_trio"
"14781","AC092078.2","Exc L3-4 RORB CUX2",-0.25333171129918,-0.338212860171567,6.6786712433151,0.0103032774539959,0.0303280745016585,0.0303280745016585,"gpath_trio"
"14782","SLC24A5","Exc L3-4 RORB CUX2",-0.416839151612846,1.30197454064895,30.2558486287862,9.05278581855506e-08,1.22003977213993e-06,1.22003977213993e-06,"gpath_trio"
"14783","MYEF2","Exc L3-4 RORB CUX2",-0.0551980651256089,6.54325819259485,9.66472744566351,0.00208716126679655,0.00791347184208835,0.00791347184208835,"gpath_trio"
"14784","SLC12A1","Exc L3-4 RORB CUX2",-0.0565178028556236,3.31097176756733,2.214494654928,0.137931622888409,0.245307694972995,0.245307694972995,"gpath_trio"
"14785","AC066612.1","Exc L3-4 RORB CUX2",-0.0665050568959882,0.983991956089763,1.2375164895707,0.266977699418086,0.405715206821323,0.405715206821323,"gpath_trio"
"14786","AC023355.1","Exc L3-4 RORB CUX2",-0.00640119069453993,1.36636244235536,0.0131224275727131,0.908887714710383,0.953353938041072,0.953353938041072,"gpath_trio"
"14787","DUT","Exc L3-4 RORB CUX2",-0.0442628043793744,5.49842846705247,4.10643903955952,0.0437410048558058,0.0989654337743503,0.0989654337743503,"gpath_trio"
"14788","FBN1","Exc L3-4 RORB CUX2",0.0410843628182887,7.13951694047108,3.56395905275671,0.527822108148131,0.66801399108516,0.66801399108516,"gpath_trio"
"14789","AC084757.3","Exc L3-4 RORB CUX2",-0.211700989434922,-0.41639182204314,3.64056503205253,0.0574892462729403,0.123008329998576,0.123008329998576,"gpath_trio"
"14790","CEP152","Exc L3-4 RORB CUX2",0.0483395024434045,4.08823899904898,1.6621713636657,0.198456161298129,0.323613691375833,0.323613691375833,"gpath_trio"
"14791","SHC4","Exc L3-4 RORB CUX2",-0.157976371214956,0.157973076708747,0.5899097853137,0.44315099041789,0.589786346835604,0.589786346835604,"gpath_trio"
"14792","EID1","Exc L3-4 RORB CUX2",-0.173552735327255,6.5093134069619,55.65381957078,1.29580049333318e-12,5.94153976204476e-11,5.94153976204476e-11,"gpath_trio"
"14793","SECISBP2L","Exc L3-4 RORB CUX2",0.016738774557354,7.08120466824958,1.47927394106664,0.224991153198799,0.3555135115747,0.3555135115747,"gpath_trio"
"14794","AC013452.2","Exc L3-4 RORB CUX2",-0.271985579549936,-0.085598453564213,5.60006023809273,0.0186933252450641,0.0495194884363654,0.0495194884363654,"gpath_trio"
"14795","COPS2","Exc L3-4 RORB CUX2",-0.0382693427949761,5.42152144567621,7.24334073421365,0.0371091785532894,0.0868132742709431,0.0868132742709431,"gpath_trio"
"14796","GALK2","Exc L3-4 RORB CUX2",0.0576605280159048,6.54174566249012,19.2564828438729,1.66263614513899e-05,0.000123413113422293,0.000123413113422293,"gpath_trio"
"14797","FAM227B","Exc L3-4 RORB CUX2",-0.0713610727579686,3.52900210382391,2.61577122891226,0.107018592712952,0.201408592162668,0.201408592162668,"gpath_trio"
"14798","FGF7","Exc L3-4 RORB CUX2",-0.0639332936922223,2.15371501517849,1.61181533104499,0.205371950439807,0.332294418166902,0.332294418166902,"gpath_trio"
"14799","DTWD1","Exc L3-4 RORB CUX2",0.0932948193894042,6.02836084953484,22.499142477644,3.47019772644606e-06,3.11576498135511e-05,3.11576498135511e-05,"gpath_trio"
"14800","ATP8B4","Exc L3-4 RORB CUX2",-0.0364972462724946,5.0936255886325,0.849093329241233,0.357663157706698,0.505276535728075,0.505276535728075,"gpath_trio"
"14801","SLC27A2","Exc L3-4 RORB CUX2",0.102854840740322,3.47054838305345,7.33838969852554,0.00719805983488309,0.0224660979530888,0.0224660979530888,"gpath_trio"
"14802","HDC","Exc L3-4 RORB CUX2",-0.159683438162014,-0.434409368668219,2.46960423436175,0.117283225510611,0.216208797028195,0.216208797028195,"gpath_trio"
"14803","GABPB1","Exc L3-4 RORB CUX2",-0.000952962177483334,5.07660060867149,0.0025371919758991,0.959865780243115,0.979750116174416,0.979750116174416,"gpath_trio"
"14804","GABPB1-AS1","Exc L3-4 RORB CUX2",-0.091800489433838,6.10555138911637,2.61920974833572,0.106789396472446,0.201089795952174,0.201089795952174,"gpath_trio"
"14805","AC022087.1","Exc L3-4 RORB CUX2",-0.316369456670253,-0.622594494546254,7.00246908052856,0.00863604057081523,0.0261649074209637,0.0261649074209637,"gpath_trio"
"14806","USP8","Exc L3-4 RORB CUX2",0.0130285695510199,6.14685904808993,0.797634982615969,0.372627280457514,0.521001355204077,0.521001355204077,"gpath_trio"
"14807","USP50","Exc L3-4 RORB CUX2",-0.0683519202588472,1.02123293193937,1.05654389180154,0.304960039297245,0.448863266420217,0.448863266420217,"gpath_trio"
"14808","TRPM7","Exc L3-4 RORB CUX2",0.0716268893938617,7.12298644942073,22.6162729673405,3.28091669916778e-06,2.96561354864292e-05,2.96561354864292e-05,"gpath_trio"
"14809","AC084756.1","Exc L3-4 RORB CUX2",-0.0977677800958081,-0.0356305628830425,1.05659598951031,0.304948140172362,0.448863266420217,0.448863266420217,"gpath_trio"
"14810","SPPL2A","Exc L3-4 RORB CUX2",0.0271498079917916,6.1374447011598,2.04748350760994,0.153658766836594,0.266100053298565,0.266100053298565,"gpath_trio"
"14811","AC021752.1","Exc L3-4 RORB CUX2",0.0179520674492799,4.10801014634757,0.18895769347179,0.664146091172494,0.782092728513525,0.782092728513525,"gpath_trio"
"14812","AP4E1","Exc L3-4 RORB CUX2",0.06194702774728,5.11933825946212,13.6414479210226,0.000269657991479024,0.00138501781519585,0.00138501781519585,"gpath_trio"
"14813","MIR4713HG","Exc L3-4 RORB CUX2",0.00741202836334505,2.12609019347624,0.025122713079818,0.874184706710402,0.932357872397806,0.932357872397806,"gpath_trio"
"14814","TNFAIP8L3","Exc L3-4 RORB CUX2",0.0271794435769592,3.03952075351755,0.288542367875386,0.591615515458235,0.722335886897306,0.722335886897306,"gpath_trio"
"14815","CYP19A1","Exc L3-4 RORB CUX2",-0.0928577419182563,-1.14059140839611,0.517988761984639,0.472347310655405,0.617407181144421,0.617407181144421,"gpath_trio"
"14816","GLDN","Exc L3-4 RORB CUX2",-0.00920634759897086,2.79673705136631,0.00248209894868762,0.96030354665039,0.979777690587217,0.979777690587217,"gpath_trio"
"14817","AC066613.2","Exc L3-4 RORB CUX2",-0.0557728147293464,1.34561854904689,0.423545572766027,0.515747857413079,0.65687047202018,0.65687047202018,"gpath_trio"
"14818","DMXL2","Exc L3-4 RORB CUX2",0.00824277052640612,7.03558963098951,0.33524599120069,0.563087522890923,0.698621903592914,0.698621903592914,"gpath_trio"
"14819","SCG3","Exc L3-4 RORB CUX2",-0.0616322574427231,5.87728457488039,6.34360074785415,0.0123812835064002,0.0353813590285587,0.0353813590285587,"gpath_trio"
"14820","AC020892.1","Exc L3-4 RORB CUX2",0.0502529806036874,-0.687866702852992,0.197851584011974,0.899065855548343,0.948327162424207,0.948327162424207,"gpath_trio"
"14821","AC020892.2","Exc L3-4 RORB CUX2",-0.215958881831008,1.40641573591904,14.5282575908678,0.000172439287208007,0.000934451415369738,0.000934451415369738,"gpath_trio"
"14822","LYSMD2","Exc L3-4 RORB CUX2",-0.0741868025626431,4.90627773281096,10.6540851533071,0.00124550232761359,0.00511251464081469,0.00511251464081469,"gpath_trio"
"14823","TMOD2","Exc L3-4 RORB CUX2",0.00296101701631392,7.47401760143289,0.0525098609059342,0.818932242959543,0.896033306913563,0.896033306913563,"gpath_trio"
"14824","TMOD3","Exc L3-4 RORB CUX2",0.0274092345555803,5.67920827152432,1.68135135745656,0.195894561795253,0.320389628755575,0.320389628755575,"gpath_trio"
"14825","AC090971.2","Exc L3-4 RORB CUX2",-0.222620204140819,1.20558538238081,11.9181623416187,0.000648694562774239,0.00293439748967943,0.00293439748967943,"gpath_trio"
"14826","LEO1","Exc L3-4 RORB CUX2",-0.0148064948453931,4.37139922107384,0.42617022269851,0.514450956608193,0.655739704926099,0.655739704926099,"gpath_trio"
"14827","MAPK6","Exc L3-4 RORB CUX2",-0.0471793537531078,5.70078784878535,5.52707665118983,0.0194715558181679,0.0511575255412862,0.0511575255412862,"gpath_trio"
"14828","AC090970.2","Exc L3-4 RORB CUX2",0.107115585667518,-0.558218081844505,1.1218639262492,0.290500427377333,0.43279029111931,0.43279029111931,"gpath_trio"
"14829","AC023906.5","Exc L3-4 RORB CUX2",-0.219471272588667,-0.0979654267403934,6.83195426180423,0.00947615644539419,0.0282896502346593,0.0282896502346593,"gpath_trio"
"14830","BCL2L10","Exc L3-4 RORB CUX2",-0.107203734775652,-0.276956071111657,1.33280118268085,0.249367466785979,0.385280183979715,0.385280183979715,"gpath_trio"
"14831","GNB5","Exc L3-4 RORB CUX2",0.0178846044125286,7.10550473090589,1.59096888842236,0.208318254840287,0.335956897793988,0.335956897793988,"gpath_trio"
"14832","AC023906.3","Exc L3-4 RORB CUX2",-0.368060672929397,1.75720452842034,33.0753701351772,2.48202834767581e-08,3.88177689258601e-07,3.88177689258601e-07,"gpath_trio"
"14833","AC023906.4","Exc L3-4 RORB CUX2",-0.327649377922592,2.21550952884728,27.1994245869355,3.74882190745925e-07,4.3332834068865e-06,4.3332834068865e-06,"gpath_trio"
"14834","CERNA1","Exc L3-4 RORB CUX2",-0.0605466714726205,2.98284561378024,2.24627383998301,0.135149695962457,0.241710221034073,0.241710221034073,"gpath_trio"
"14835","MYO5C","Exc L3-4 RORB CUX2",0.0211010472678626,5.70539524070751,0.592254760101917,0.442247116780209,0.588971917687023,0.588971917687023,"gpath_trio"
"14836","MYO5A","Exc L3-4 RORB CUX2",0.0579885292057543,8.53222030764703,24.2826874979249,1.4825382143156e-06,1.47777709850876e-05,1.47777709850876e-05,"gpath_trio"
"14837","ARPP19","Exc L3-4 RORB CUX2",-0.11873295043348,7.4885538477828,14.4813065503356,0.000176556932289599,0.000954761736029654,0.000954761736029654,"gpath_trio"
"14838","AC025917.1","Exc L3-4 RORB CUX2",-0.274221066176407,0.318098169988199,11.2623790396746,0.000909068459535924,0.00390388594532509,0.00390388594532509,"gpath_trio"
"14839","FAM214A","Exc L3-4 RORB CUX2",0.152858613254143,6.0403415791436,64.9302080483655,2.82548980992159e-14,1.91933524966896e-12,1.91933524966896e-12,"gpath_trio"
"14840","WDR72","Exc L3-4 RORB CUX2",-0.0458026441521954,-0.266831096701365,0.251713381926656,0.853467753893089,0.919213748387416,0.919213748387416,"gpath_trio"
"14841","AC084759.2","Exc L3-4 RORB CUX2",0.182115264667771,-1.51499937153051,1.01979288831194,0.313506983743669,0.458200767678103,0.458200767678103,"gpath_trio"
"14842","UNC13C","Exc L3-4 RORB CUX2",0.199931109385578,7.11966160531749,35.6021927008997,7.88524201196475e-09,1.41283088447059e-07,1.41283088447059e-07,"gpath_trio"
"14843","AC025272.1","Exc L3-4 RORB CUX2",0.0897155322594222,-0.438315577859562,0.765304109370626,0.382481061037931,0.530675703627004,0.530675703627004,"gpath_trio"
"14844","RSL24D1","Exc L3-4 RORB CUX2",-0.150883226806426,3.98841437304197,28.8180772521502,1.76206196032672e-07,2.23301507849194e-06,2.23301507849194e-06,"gpath_trio"
"14845","RAB27A","Exc L3-4 RORB CUX2",0.141572561776402,4.5885454773301,12.557923402414,0.00046760424798454,0.00221661553174062,0.00221661553174062,"gpath_trio"
"14846","PIGB","Exc L3-4 RORB CUX2",0.0610221810327298,4.47330079901139,7.02659358594858,0.00852353539537941,0.0258979407532801,0.0258979407532801,"gpath_trio"
"14847","CCPG1","Exc L3-4 RORB CUX2",0.036663964413169,7.86226101627648,2.76264372572529,0.0976937538992368,0.187265699279535,0.187265699279535,"gpath_trio"
"14848","C15orf65","Exc L3-4 RORB CUX2",0.0307951777220845,2.28366128318716,0.558491631982993,0.644691332455845,0.766100207235085,0.766100207235085,"gpath_trio"
"14849","DNAAF4","Exc L3-4 RORB CUX2",-0.00400071183427515,5.4063663883874,0.0186811015538712,0.891390437492304,0.943585816486029,0.943585816486029,"gpath_trio"
"14850","PYGO1","Exc L3-4 RORB CUX2",0.26984277438285,-2.01792411836833,0.400539444994417,0.527384655285225,0.667621559197017,0.667621559197017,"gpath_trio"
"14851","NEDD4","Exc L3-4 RORB CUX2",0.211127523186748,2.58283952996052,15.0336916001012,0.000133822080509878,0.000748921074698137,0.000748921074698137,"gpath_trio"
"14852","RFX7","Exc L3-4 RORB CUX2",0.101279722422719,7.22044956933184,39.2720524399043,1.52260663832059e-09,3.21324151967761e-08,3.21324151967761e-08,"gpath_trio"
"14853","TEX9","Exc L3-4 RORB CUX2",0.0553204816340137,4.09929850565599,1.88111299174902,0.171390114265659,0.289137516122558,0.289137516122558,"gpath_trio"
"14854","AC084782.1","Exc L3-4 RORB CUX2",0.101186470564051,0.132691455512638,1.57643617593029,0.210401946742545,0.338478532456012,0.338478532456012,"gpath_trio"
"14855","AC084782.2","Exc L3-4 RORB CUX2",0.238135894290446,-0.57162643646279,5.56748690200436,0.0190365817168308,0.0502700309079923,0.0502700309079923,"gpath_trio"
"14856","MNS1","Exc L3-4 RORB CUX2",0.111457506520529,3.83542174804377,8.96574182090535,0.00301604302814412,0.010825238941969,0.010825238941969,"gpath_trio"
"14857","AC090518.1","Exc L3-4 RORB CUX2",0.253525518005313,3.4925762047504,35.0063357485711,1.03223900288302e-08,1.78912559133719e-07,1.78912559133719e-07,"gpath_trio"
"14858","ZNF280D","Exc L3-4 RORB CUX2",0.0536608973963822,5.96774335619113,10.5231744860287,0.00133315437995491,0.00541501703555272,0.00541501703555272,"gpath_trio"
"14859","AC090517.4","Exc L3-4 RORB CUX2",0.0982440334831961,5.87867088007655,18.3538775899473,2.5846941639651e-05,0.000180249584369153,0.000180249584369153,"gpath_trio"
"14860","TCF12","Exc L3-4 RORB CUX2",0.0699588003780322,7.01400669867328,10.3282674953385,0.00147546005780869,0.00589803975951859,0.00589803975951859,"gpath_trio"
"14861","LINC00926","Exc L3-4 RORB CUX2",0.0268306551073943,0.448292551176067,0.108136835766009,0.742540081684972,0.843415502082779,0.843415502082779,"gpath_trio"
"14862","POLR2M","Exc L3-4 RORB CUX2",-0.0887453181091264,3.3019299635032,7.46747472339293,0.00671321835157565,0.0212520289099386,0.0212520289099386,"gpath_trio"
"14863","ALDH1A2","Exc L3-4 RORB CUX2",0.110755038175372,3.23197123046567,3.38646221062863,0.0668735069987875,0.139161733233681,0.139161733233681,"gpath_trio"
"14864","AQP9","Exc L3-4 RORB CUX2",0.153564913572462,1.53934756674156,4.19212088200518,0.0416171724693935,0.0952281336701843,0.0952281336701843,"gpath_trio"
"14865","LIPC","Exc L3-4 RORB CUX2",0.255949853613895,0.518682749416858,5.25879614518563,0.0226345534055771,0.0578260244342811,0.0578260244342811,"gpath_trio"
"14866","ADAM10","Exc L3-4 RORB CUX2",0.082269325703546,6.33299536813792,25.6374891421464,7.80939999312757e-07,8.3010877166148e-06,8.3010877166148e-06,"gpath_trio"
"14867","AC090515.2","Exc L3-4 RORB CUX2",0.0707488417794807,-0.570952014152249,0.446064991741334,0.504801973527613,0.647243712482974,0.647243712482974,"gpath_trio"
"14868","MINDY2","Exc L3-4 RORB CUX2",0.0160075365141642,6.04299289126037,1.02083668080351,0.313259945506583,0.458061424888286,0.458061424888286,"gpath_trio"
"14869","AC090515.4","Exc L3-4 RORB CUX2",-0.290604509245725,-0.748893490134701,7.00365913965962,0.00863045498766032,0.0261558403749507,0.0261558403749507,"gpath_trio"
"14870","RNF111","Exc L3-4 RORB CUX2",0.00855156873682584,6.59810582584297,0.336440142636096,0.912523348647468,0.955478438808525,0.955478438808525,"gpath_trio"
"14871","SLTM","Exc L3-4 RORB CUX2",0.0197298298919627,6.28956090794778,1.09601829673904,0.296113822449385,0.439271791758555,0.439271791758555,"gpath_trio"
"14872","CCNB2","Exc L3-4 RORB CUX2",-0.13596581846545,0.057073491307304,3.07494044250783,0.109306941626753,0.204893389140551,0.204893389140551,"gpath_trio"
"14873","MYO1E","Exc L3-4 RORB CUX2",-0.151539313259537,3.955622530964,4.88951251454347,0.0278906412469947,0.0683959751012662,0.0683959751012662,"gpath_trio"
"14874","FAM81A","Exc L3-4 RORB CUX2",-0.0459162442388185,7.39304087536041,3.13459416312554,0.0778191954757415,0.157078766255436,0.157078766255436,"gpath_trio"
"14875","GCNT3","Exc L3-4 RORB CUX2",-0.0941589466381277,-0.96884117959981,0.517418491858403,0.472590976382927,0.617560913823794,0.617560913823794,"gpath_trio"
"14876","GTF2A2","Exc L3-4 RORB CUX2",-0.115103683120268,4.61959031036328,26.8234851291304,4.47089445642949e-07,5.0560703844431e-06,5.0560703844431e-06,"gpath_trio"
"14877","BNIP2","Exc L3-4 RORB CUX2",0.0248039281974518,4.12184271342092,1.20981944237535,0.272385216549391,0.411984180727984,0.411984180727984,"gpath_trio"
"14878","FOXB1","Exc L3-4 RORB CUX2",-0.159410750194706,-0.430214976290881,2.72059710288561,0.100268537374701,0.191397867217494,0.191397867217494,"gpath_trio"
"14879","ICE2","Exc L3-4 RORB CUX2",0.0547881772850503,5.43905049646411,11.4599220224318,0.00082102620795169,0.0035812306368004,0.0035812306368004,"gpath_trio"
"14880","RORA-AS1","Exc L3-4 RORB CUX2",-0.106419664522234,3.59577130043909,8.72483474391285,0.00342649023255709,0.0120707945594271,0.0120707945594271,"gpath_trio"
"14881","RORA","Exc L3-4 RORB CUX2",0.253160531365938,9.83227299721996,106.997353317867,3.14787579246406e-21,1.58770985282406e-18,1.58770985282406e-18,"gpath_trio"
"14882","AC012404.1","Exc L3-4 RORB CUX2",-0.320112638846043,3.77255240602199,40.2531512925773,9.84907336134154e-10,2.17401591974908e-08,2.17401591974908e-08,"gpath_trio"
"14883","AC104574.2","Exc L3-4 RORB CUX2",-0.029838160326653,1.08285735322137,0.1753456360263,0.675749715183552,0.791572345342168,0.791572345342168,"gpath_trio"
"14884","AC018618.1","Exc L3-4 RORB CUX2",0.0204946887506561,-0.526185443379102,0.0310195796578664,0.86033381081081,0.923551911945733,0.923551911945733,"gpath_trio"
"14885","AC009554.1","Exc L3-4 RORB CUX2",-0.38139514292838,3.24174459248201,69.5981816821302,4.30738380184115e-15,3.68226560178582e-13,3.68226560178582e-13,"gpath_trio"
"14886","VPS13C","Exc L3-4 RORB CUX2",0.0512264612133185,7.37515380764397,12.7276429129679,0.000428838501387444,0.00205799637618737,0.00205799637618737,"gpath_trio"
"14887","AC032011.1","Exc L3-4 RORB CUX2",0.183426881512421,-0.463341765318336,3.91061699682022,0.0490379930233257,0.108587587448754,0.108587587448754,"gpath_trio"
"14888","TLN2","Exc L3-4 RORB CUX2",0.0335356307388577,8.14852867189974,3.8050173123935,0.0521735264235842,0.114053623967473,0.114053623967473,"gpath_trio"
"14889","AC100839.1","Exc L3-4 RORB CUX2",-0.559056521604037,0.51393232050483,47.5316328001885,4.08970001084132e-11,1.2993653184051e-09,1.2993653184051e-09,"gpath_trio"
"14890","AC100839.2","Exc L3-4 RORB CUX2",-0.0253875907317637,0.650049418005847,0.0913323890713665,0.762731689456532,0.858352330124036,0.858352330124036,"gpath_trio"
"14891","AC103740.1","Exc L3-4 RORB CUX2",-0.0358948986469642,0.408933569350248,0.204304774644846,0.651645206336438,0.771443612125199,0.771443612125199,"gpath_trio"
"14892","TPM1","Exc L3-4 RORB CUX2",-0.0219356489728331,6.05078978587755,1.35713719014041,0.245101938464174,0.379911770783245,0.379911770783245,"gpath_trio"
"14893","AC087612.1","Exc L3-4 RORB CUX2",-0.0433453499875409,-0.538454700318613,0.158774880247842,0.861776514380036,0.924535987169959,0.924535987169959,"gpath_trio"
"14894","LACTB","Exc L3-4 RORB CUX2",-0.0781520128584716,3.94491208380581,9.69780045472296,0.00205126898991201,0.00780247961377728,0.00780247961377728,"gpath_trio"
"14895","RPS27L","Exc L3-4 RORB CUX2",-0.147201461464968,4.13630156012786,24.4845856327971,1.34710883026551e-06,1.36025628881915e-05,1.36025628881915e-05,"gpath_trio"
"14896","RAB8B","Exc L3-4 RORB CUX2",0.0338886025111049,4.68331862411311,2.26035274615198,0.133937462261815,0.240130480861291,0.240130480861291,"gpath_trio"
"14897","APH1B","Exc L3-4 RORB CUX2",-0.00795506103949236,4.72687254522729,0.106762319600396,0.744123607299283,0.844170300867774,0.844170300867774,"gpath_trio"
"14898","CA12","Exc L3-4 RORB CUX2",-0.0637651344061747,0.257016943754729,0.508448107098994,0.476450900464836,0.620649151468524,0.620649151468524,"gpath_trio"
"14899","LINC02568","Exc L3-4 RORB CUX2",-0.189478263527609,-0.706362615073382,2.8537997845078,0.0923569678588058,0.179370603249077,0.179370603249077,"gpath_trio"
"14900","USP3","Exc L3-4 RORB CUX2",-0.368892897480057,0.332321738434997,2.19756782871463,0.139439680742249,0.247226958342111,0.247226958342111,"gpath_trio"
"14901","USP3-AS1","Exc L3-4 RORB CUX2",0.137678111054701,4.91652451035827,14.4340714413537,0.000180800184002586,0.000974784530265144,0.000974784530265144,"gpath_trio"
"14902","FBXL22","Exc L3-4 RORB CUX2",0.068877755414414,2.01742189370468,1.67652653817341,0.196535260491278,0.321281777123459,0.321281777123459,"gpath_trio"
"14903","HERC1","Exc L3-4 RORB CUX2",0.0482693504472046,8.89771399713071,22.0106859773908,4.38627373978376e-06,3.82259493305129e-05,3.82259493305129e-05,"gpath_trio"
"14904","AC073167.1","Exc L3-4 RORB CUX2",-0.477148478312897,3.98753685149445,107.759624554042,2.39777293056657e-21,1.34375191317168e-18,1.34375191317168e-18,"gpath_trio"
"14905","DAPK2","Exc L3-4 RORB CUX2",0.255901585786297,3.26038748760427,11.4148421277149,0.000840321566149852,0.00364905027918064,0.00364905027918064,"gpath_trio"
"14906","FAM96A","Exc L3-4 RORB CUX2",-0.0427188753126462,3.78433972795275,2.86020291949498,0.0919942649681944,0.178814064737578,0.178814064737578,"gpath_trio"
"14907","SNX1","Exc L3-4 RORB CUX2",0.000667862513018909,5.92060340903489,0.00202731694199449,0.964121355993121,0.981439444833806,0.981439444833806,"gpath_trio"
"14908","PPIB","Exc L3-4 RORB CUX2",-0.123198657269377,3.74656406938632,19.7198621759298,1.32683043577309e-05,0.00010180050772739,0.00010180050772739,"gpath_trio"
"14909","CSNK1G1","Exc L3-4 RORB CUX2",0.0615171324154513,4.63230235906948,8.58040908550255,0.00369955309117359,0.01285492269242,0.01285492269242,"gpath_trio"
"14910","PCLAF","Exc L3-4 RORB CUX2",0.0422996804375438,-0.910763127585372,0.119624716833065,0.8306303107614,0.903443124675791,0.903443124675791,"gpath_trio"
"14911","TRIP4","Exc L3-4 RORB CUX2",0.0608817522255222,5.55975411684584,12.2913803139939,0.00053581230162175,0.00248792018071779,0.00248792018071779,"gpath_trio"
"14912","ZNF609","Exc L3-4 RORB CUX2",0.0740317162442416,7.81636786475809,19.5936097501836,1.41086658962919e-05,0.000107129218839928,0.000107129218839928,"gpath_trio"
"14913","OAZ2","Exc L3-4 RORB CUX2",-0.0887094563377939,4.97870869419975,21.6285033920787,5.27087846540793e-06,4.50975288547943e-05,4.50975288547943e-05,"gpath_trio"
"14914","AC100830.3","Exc L3-4 RORB CUX2",0.146193110618269,-0.930209632340819,1.51338838569875,0.230062162596703,0.36174141769063,0.36174141769063,"gpath_trio"
"14915","AC100830.1","Exc L3-4 RORB CUX2",0.0490051914300038,0.91817211801099,0.429655678580264,0.575884685551542,0.709370405774599,0.709370405774599,"gpath_trio"
"14916","RBPMS2","Exc L3-4 RORB CUX2",-0.200218012627931,0.337475469705336,5.64599800231106,0.0182201355354656,0.0484820936992902,0.0484820936992902,"gpath_trio"
"14917","PIF1","Exc L3-4 RORB CUX2",-0.0068611030999216,2.34952070102626,0.0147849668148045,0.903314921864698,0.951267279915454,0.951267279915454,"gpath_trio"
"14918","AC069368.1","Exc L3-4 RORB CUX2",-0.0434971968327828,1.07059580896213,0.581494838421074,0.446418225671905,0.592766072326621,0.592766072326621,"gpath_trio"
"14919","ANKDD1A","Exc L3-4 RORB CUX2",0.0837562190135974,5.60332523857701,15.7502564811031,9.35601791648436e-05,0.00055074328113382,0.00055074328113382,"gpath_trio"
"14920","AC103691.1","Exc L3-4 RORB CUX2",0.0156685802834702,-0.692183875798494,0.0258909012285387,0.905427264261537,0.952050610125424,0.952050610125424,"gpath_trio"
"14921","SPG21","Exc L3-4 RORB CUX2",-0.0475669434689042,4.43683266831632,3.7124554244838,0.0550976660089793,0.119052737681392,0.119052737681392,"gpath_trio"
"14922","MTFMT","Exc L3-4 RORB CUX2",-0.0514807725074156,5.8879253528707,5.71185930670815,0.017563331253348,0.0470696344362774,0.0470696344362774,"gpath_trio"
"14923","AC013553.4","Exc L3-4 RORB CUX2",-0.0386672274354232,-0.994708433014656,0.0873544264810126,0.767803681574959,0.861968687094474,0.861968687094474,"gpath_trio"
"14924","UBAP1L","Exc L3-4 RORB CUX2",0.0532051152027258,6.47455169419015,6.22636376208612,0.0132068842449246,0.0373439228649409,0.0373439228649409,"gpath_trio"
"14925","PDCD7","Exc L3-4 RORB CUX2",0.138230978595569,6.34801141585557,11.4331169808635,0.000832444430709954,0.00362186033848896,0.00362186033848896,"gpath_trio"
"14926","CLPX","Exc L3-4 RORB CUX2",-0.0702143837334633,4.84098859649119,13.3509629624284,0.000312394186991525,0.00156818928155114,0.00156818928155114,"gpath_trio"
"14927","CILP","Exc L3-4 RORB CUX2",-0.0112717574830939,-0.651875998373297,0.0127141701017019,0.910310114719221,0.954145570472665,0.954145570472665,"gpath_trio"
"14928","PARP16","Exc L3-4 RORB CUX2",0.0386790950347649,4.64077366032871,4.5349375034762,0.0341492020433441,0.0810051969943535,0.0810051969943535,"gpath_trio"
"14929","IGDCC3","Exc L3-4 RORB CUX2",0.00990851986169378,3.1176652483179,0.0528404454549022,0.818373140252649,0.895761615917816,0.895761615917816,"gpath_trio"
"14930","IGDCC4","Exc L3-4 RORB CUX2",0.0345114362115181,1.7227512556578,0.279083467387286,0.597753176921524,0.727388704645112,0.727388704645112,"gpath_trio"
"14931","DPP8","Exc L3-4 RORB CUX2",-0.0382889068920703,6.32650728840122,8.37987358081863,0.00411612329875741,0.0140774347435889,0.0140774347435889,"gpath_trio"
"14932","HACD3","Exc L3-4 RORB CUX2",-0.0228518107318078,6.26562324865533,2.25083014381102,0.134756040370294,0.24121223622311,0.24121223622311,"gpath_trio"
"14933","INTS14","Exc L3-4 RORB CUX2",-0.00368763087598768,3.80768186061646,0.0203393682557804,0.886703789965333,0.940577254219397,0.940577254219397,"gpath_trio"
"14934","SLC24A1","Exc L3-4 RORB CUX2",-0.267041787354022,1.39557924049267,23.5219176193477,2.12884987561547e-06,2.02020443276303e-05,2.02020443276303e-05,"gpath_trio"
"14935","AC011939.3","Exc L3-4 RORB CUX2",-0.0397380760544896,-1.0657384128749,0.113632126755116,0.736318253189549,0.838283435364774,0.838283435364774,"gpath_trio"
"14936","DENND4A","Exc L3-4 RORB CUX2",0.0723117139961892,8.06281330941916,25.1614532181874,9.77746966084422e-07,1.01471425106755e-05,1.01471425106755e-05,"gpath_trio"
"14937","RAB11A","Exc L3-4 RORB CUX2",-0.28054668526714,6.60065948174657,152.271537092817,7.58748514125096e-28,5.6055363352495e-24,5.6055363352495e-24,"gpath_trio"
"14938","MEGF11","Exc L3-4 RORB CUX2",-0.110532123142431,1.59468166921463,0.33780516763684,0.561602355367719,0.697379671295853,0.697379671295853,"gpath_trio"
"14939","AC055855.2","Exc L3-4 RORB CUX2",0.112592739426372,1.94140042725858,4.89393699658633,0.0278206214615506,0.0682740588720087,0.0682740588720087,"gpath_trio"
"14940","DIS3L","Exc L3-4 RORB CUX2",0.0282435896766669,4.42165423345801,0.972232842845048,0.325040602786323,0.470625388346064,0.470625388346064,"gpath_trio"
"14941","AC055855.1","Exc L3-4 RORB CUX2",0.0995873764631234,0.53055075859374,1.97652206471825,0.232045953999868,0.364050595143619,0.364050595143619,"gpath_trio"
"14942","TIPIN","Exc L3-4 RORB CUX2",0.139865481613799,4.20463669973359,17.2191719195402,4.51612365536551e-05,0.000295054387134065,0.000295054387134065,"gpath_trio"
"14943","MAP2K1","Exc L3-4 RORB CUX2",-0.0240783114687015,6.47795643983665,1.30005162334241,0.255253009350609,0.392210926401259,0.392210926401259,"gpath_trio"
"14944","AC116913.1","Exc L3-4 RORB CUX2",-0.125222154600946,0.155108477750036,2.4414468153968,0.119383479134278,0.219259143516983,0.219259143516983,"gpath_trio"
"14945","SNAPC5","Exc L3-4 RORB CUX2",-0.168642035410012,3.5497858787786,35.5848959286845,7.94705702962186e-09,1.42136105674452e-07,1.42136105674452e-07,"gpath_trio"
"14946","RPL4","Exc L3-4 RORB CUX2",-0.102253985872048,5.36571241461866,12.1469199923923,0.000576923340996679,0.00264833410798817,0.00264833410798817,"gpath_trio"
"14947","ZWILCH","Exc L3-4 RORB CUX2",-0.120846014448905,2.87701519709948,10.1035332663498,0.00165891797092804,0.00650635110098625,0.00650635110098625,"gpath_trio"
"14948","LCTL","Exc L3-4 RORB CUX2",-0.460842466329819,-0.857069808823646,14.9116309528223,0.00014225984371202,0.000790223663791303,0.000790223663791303,"gpath_trio"
"14949","LINC01169","Exc L3-4 RORB CUX2",-0.222809114478466,-0.254843091204744,5.8916573938894,0.0158925304894182,0.0434225084810418,0.0434225084810418,"gpath_trio"
"14950","SMAD6","Exc L3-4 RORB CUX2",-0.103609904234642,-0.502340101733953,0.396656377151372,0.529374165347258,0.669390397109429,0.669390397109429,"gpath_trio"
"14951","AC093334.1","Exc L3-4 RORB CUX2",-0.0731648202938502,-0.335354512664692,0.368077709301979,0.544583322824278,0.682971874058545,0.682971874058545,"gpath_trio"
"14952","LINC02206","Exc L3-4 RORB CUX2",-0.143776688361136,-1.0665239742042,1.25292455208671,0.26402761789368,0.402579997794763,0.402579997794763,"gpath_trio"
"14953","AC087482.1","Exc L3-4 RORB CUX2",-0.0354019967923696,1.09031544970039,0.366087727596281,0.545672250348457,0.683869900036037,0.683869900036037,"gpath_trio"
"14954","SMAD3","Exc L3-4 RORB CUX2",0.0466025359565495,6.71922228995357,3.53246614168797,0.0612965435060146,0.129873741360412,0.129873741360412,"gpath_trio"
"14955","AC012568.1","Exc L3-4 RORB CUX2",-0.513409678275941,-1.14152618831621,14.3302604332949,0.000225318828078199,0.00118380399908273,0.00118380399908273,"gpath_trio"
"14956","AAGAB","Exc L3-4 RORB CUX2",-0.0211752083452031,5.77190463955315,1.98217628724279,0.160355802746797,0.274686249580615,0.274686249580615,"gpath_trio"
"14957","IQCH","Exc L3-4 RORB CUX2",0.0345507970133517,4.97915963929719,1.57595666095008,0.210471120864534,0.338562818006854,0.338562818006854,"gpath_trio"
"14958","IQCH-AS1","Exc L3-4 RORB CUX2",0.0468634073735775,3.86199203773997,1.9321251872342,0.165714990407118,0.281541046860094,0.281541046860094,"gpath_trio"
"14959","C15orf61","Exc L3-4 RORB CUX2",-0.129864497020616,4.0544447643172,20.3683306797927,9.68558108375901e-06,7.68107697974993e-05,7.68107697974993e-05,"gpath_trio"
"14960","MAP2K5","Exc L3-4 RORB CUX2",0.0696370785541403,7.9441781791482,15.3614451102992,0.000113589057280556,0.000651224561135327,0.000651224561135327,"gpath_trio"
"14961","SKOR1","Exc L3-4 RORB CUX2",-0.089735998090755,0.534101325880514,1.7449177960279,0.187678293887264,0.310160960916262,0.310160960916262,"gpath_trio"
"14962","PIAS1","Exc L3-4 RORB CUX2",0.0140711118669965,7.80264604581537,0.905723490916091,0.342135495694909,0.488678486771312,0.488678486771312,"gpath_trio"
"14963","AC107871.1","Exc L3-4 RORB CUX2",0.0145290697383352,0.0449561946350852,0.0254009087130878,0.873495886522554,0.931978397090937,0.931978397090937,"gpath_trio"
"14964","CLN6","Exc L3-4 RORB CUX2",0.131876404217143,1.13325813493351,4.76229678632067,0.0299849276268205,0.0727273280681778,0.0727273280681778,"gpath_trio"
"14965","AC107871.2","Exc L3-4 RORB CUX2",0.206398091436191,-0.015087417215452,4.65840998818403,0.0318173123822322,0.0763788025427085,0.0763788025427085,"gpath_trio"
"14966","FEM1B","Exc L3-4 RORB CUX2",-0.0663715777459684,5.58066587007451,11.8632465707902,0.000667236610819293,0.00300882848084024,0.00300882848084024,"gpath_trio"
"14967","ITGA11","Exc L3-4 RORB CUX2",0.0965527723207669,0.544708156131214,0.821390979521888,0.365612905772722,0.513799967815357,0.513799967815357,"gpath_trio"
"14968","CORO2B","Exc L3-4 RORB CUX2",0.0599369589170684,7.12784998674563,12.3124224610141,0.000530077659363367,0.00246526435630611,0.00246526435630611,"gpath_trio"
"14969","ANP32A","Exc L3-4 RORB CUX2",0.0448152301604238,4.66118698587106,3.49131924003917,0.0628159215973003,0.132411578542005,0.132411578542005,"gpath_trio"
"14970","SPESP1","Exc L3-4 RORB CUX2",0.143106540289788,4.08838519755776,26.9820540974881,4.15060161266562e-07,4.75041441019445e-06,4.75041441019445e-06,"gpath_trio"
"14971","NOX5","Exc L3-4 RORB CUX2",0.131286706652489,3.13858407211183,1.47997610893521,0.224881444857111,0.355395828763295,0.355395828763295,"gpath_trio"
"14972","EWSAT1","Exc L3-4 RORB CUX2",-0.0974429618095013,0.210294966612576,0.630548320714922,0.427878387930713,0.575850565781612,0.575850565781612,"gpath_trio"
"14973","AC027088.2","Exc L3-4 RORB CUX2",-0.132755859588097,-0.977394639690088,0.971050486543006,0.325334423097203,0.470949414220139,0.470949414220139,"gpath_trio"
"14974","GLCE","Exc L3-4 RORB CUX2",-0.0757954099790732,5.68641200671024,5.92547278028048,0.0155971878963129,0.0428068651623063,0.0428068651623063,"gpath_trio"
"14975","AC026992.1","Exc L3-4 RORB CUX2",0.264428266376789,-0.683448267405801,4.6498520564327,0.0319734102256982,0.0766655040769505,0.0766655040769505,"gpath_trio"
"14976","PAQR5","Exc L3-4 RORB CUX2",-0.214388594192407,0.116446499584974,5.8795487665747,0.0159996923423146,0.0436502762685865,0.0436502762685865,"gpath_trio"
"14977","AC027237.3","Exc L3-4 RORB CUX2",0.0178123670593743,0.377089238078949,0.0533666710432365,0.891105655969553,0.943470174840032,0.943470174840032,"gpath_trio"
"14978","KIF23","Exc L3-4 RORB CUX2",0.0339622777131249,0.823450845320821,0.250392073994626,0.617222414628445,0.743386198742098,0.743386198742098,"gpath_trio"
"14979","RPLP1","Exc L3-4 RORB CUX2",-0.212004490604852,5.11923014228839,45.2754582978288,1.08635350332004e-10,3.03142212026028e-09,3.03142212026028e-09,"gpath_trio"
"14980","AC027237.2","Exc L3-4 RORB CUX2",0.0211775042387043,0.145935634543132,0.0714767834491158,0.789410539994707,0.876953782522615,0.876953782522615,"gpath_trio"
"14981","DRAIC","Exc L3-4 RORB CUX2",0.100299499454235,4.10754628617507,8.59444428403386,0.00367206649693287,0.012773093375107,0.012773093375107,"gpath_trio"
"14982","TLE3","Exc L3-4 RORB CUX2",-0.0413239023174172,3.72040513043738,1.01822989760487,0.313877380367476,0.458544894724676,0.458544894724676,"gpath_trio"
"14983","LARP6","Exc L3-4 RORB CUX2",-0.112949438802407,4.09452184023543,17.5604460057578,3.81678194710074e-05,0.000254693562030929,0.000254693562030929,"gpath_trio"
"14984","LRRC49","Exc L3-4 RORB CUX2",0.036915351595938,6.70446208259479,4.62719106837457,0.0323906467968295,0.0775645458903307,0.0775645458903307,"gpath_trio"
"14985","THAP10","Exc L3-4 RORB CUX2",-0.0557837406110473,2.42417741236183,1.86248799612815,0.648427919585481,0.768943353766948,0.768943353766948,"gpath_trio"
"14986","THSD4","Exc L3-4 RORB CUX2",0.0844805453615642,5.26030623194742,1.88304808949602,0.171170786491502,0.288824330930337,0.288824330930337,"gpath_trio"
"14987","THSD4-AS1","Exc L3-4 RORB CUX2",-0.0797293140212656,5.07507434530095,4.01280687798982,0.0461937433003509,0.103562481507343,0.103562481507343,"gpath_trio"
"14988","NR2E3","Exc L3-4 RORB CUX2",-0.094483167305804,-0.884299277259347,0.725829768718869,0.459472867525273,0.605240604748131,0.605240604748131,"gpath_trio"
"14989","AC104938.1","Exc L3-4 RORB CUX2",-0.433655302592206,-0.661769066331719,11.5896193110836,0.000767989157567265,0.00338300900740602,0.00338300900740602,"gpath_trio"
"14990","MYO9A","Exc L3-4 RORB CUX2",0.0420713549544277,8.15829583336372,15.7002733179624,9.59198819955574e-05,0.000563208271030375,0.000563208271030375,"gpath_trio"
"14991","AC022872.1","Exc L3-4 RORB CUX2",-0.458534193998066,2.33720376546155,76.3449967262446,2.98543757398363e-16,3.20378739654892e-14,3.20378739654892e-14,"gpath_trio"
"14992","SENP8","Exc L3-4 RORB CUX2",0.0509215771974386,3.09419273939409,2.50505275199628,0.114697275525141,0.212509645855424,0.212509645855424,"gpath_trio"
"14993","AC020779.2","Exc L3-4 RORB CUX2",0.128063394005868,0.422459624207636,2.52770282976726,0.113078111729351,0.210204635044657,0.210204635044657,"gpath_trio"
"14994","GRAMD2A","Exc L3-4 RORB CUX2",-0.0133555095926622,1.35566674710397,0.0526250472687285,0.818737223690042,0.896033306913563,0.896033306913563,"gpath_trio"
"14995","PKM","Exc L3-4 RORB CUX2",-0.118746615737074,7.64410883029026,41.6251971802646,5.37052984821818e-10,1.25696565763111e-08,1.25696565763111e-08,"gpath_trio"
"14996","PARP6","Exc L3-4 RORB CUX2",0.0169615016665004,4.84366150639678,0.649533469388333,0.598816008303503,0.728216574293139,0.728216574293139,"gpath_trio"
"14997","AC009690.3","Exc L3-4 RORB CUX2",0.15046317944168,3.44626284908692,19.9671323081322,1.17661729691472e-05,9.17243198039203e-05,9.17243198039203e-05,"gpath_trio"
"14998","AC009690.2","Exc L3-4 RORB CUX2",-0.244253118482254,3.62893719527505,42.1454807263095,4.27076528487792e-10,1.02209596230619e-08,1.02209596230619e-08,"gpath_trio"
"14999","AC009690.1","Exc L3-4 RORB CUX2",0.0783865838653793,6.10315509618838,11.4995941674111,0.000804418759131368,0.00351660855156562,0.00351660855156562,"gpath_trio"
"15000","HEXA-AS1","Exc L3-4 RORB CUX2",0.103124655946476,-0.172122607859759,1.24696734156479,0.265163353276264,0.403748728479141,0.403748728479141,"gpath_trio"
"15001","TMEM202-AS1","Exc L3-4 RORB CUX2",0.113101182530895,3.32261784673509,9.54302933123809,0.0022248481171386,0.00836002570899337,0.00836002570899337,"gpath_trio"
"15002","ARIH1","Exc L3-4 RORB CUX2",0.0383739044344935,7.48407844585694,7.76148685690372,0.00573022597071415,0.0186674162698463,0.0186674162698463,"gpath_trio"
"15003","LINC02259","Exc L3-4 RORB CUX2",-0.118972516809773,-0.23356023882215,1.42017417619709,0.234461353526549,0.366857283030722,0.366857283030722,"gpath_trio"
"15004","BBS4","Exc L3-4 RORB CUX2",-0.00489877984029204,4.22275310367202,0.039134820111941,0.860695896632059,0.923891445307357,0.923891445307357,"gpath_trio"
"15005","ADPGK","Exc L3-4 RORB CUX2",-0.0631124963520256,4.24714432443003,7.92351920857264,0.0052529570184349,0.0173422365974348,0.0173422365974348,"gpath_trio"
"15006","NEO1","Exc L3-4 RORB CUX2",0.0938795919522044,6.84496565930882,34.9092834949199,1.07859507232495e-08,1.85988509266289e-07,1.85988509266289e-07,"gpath_trio"
"15007","HCN4","Exc L3-4 RORB CUX2",0.234294597949259,2.59379547466335,18.7502670082864,2.1288047452384e-05,0.000152246138728056,0.000152246138728056,"gpath_trio"
"15008","REC114","Exc L3-4 RORB CUX2",-0.0126908564801701,1.03502807065649,0.0406641336754956,0.840345294188493,0.909840415919977,0.909840415919977,"gpath_trio"
"15009","NPTN","Exc L3-4 RORB CUX2",-0.00620042559514151,7.84960630448059,0.125342531375025,0.723597733968332,0.828842100017883,0.828842100017883,"gpath_trio"
"15010","CD276","Exc L3-4 RORB CUX2",0.0641827123110586,5.11533260176292,7.48731360852329,0.00664173679986571,0.0210852934598412,0.0210852934598412,"gpath_trio"
"15011","C15orf59","Exc L3-4 RORB CUX2",-0.0105093702773838,2.37869509708602,0.0413981005715229,0.838930564728867,0.909100666819745,0.909100666819745,"gpath_trio"
"15012","STOML1","Exc L3-4 RORB CUX2",-0.107403070184772,4.1160318589783,12.0274260764048,0.00061334545535717,0.00279139286303426,0.00279139286303426,"gpath_trio"
"15013","PML","Exc L3-4 RORB CUX2",0.0269238791812679,2.99886731250922,0.733326792712234,0.392595487032288,0.540582442729757,0.540582442729757,"gpath_trio"
"15014","ISLR2","Exc L3-4 RORB CUX2",-0.000142606523635303,2.87396354659876,8.58971634904475e-06,0.997663793276291,0.998951165286077,0.998951165286077,"gpath_trio"
"15015","AC010931.2","Exc L3-4 RORB CUX2",-0.0362179153588572,0.378624809488848,0.143797119261244,0.704844464958859,0.815053423542442,0.815053423542442,"gpath_trio"
"15016","AC010931.3","Exc L3-4 RORB CUX2",0.0415680053663214,3.2990411524109,0.217369588918728,0.641441869646265,0.763215954241177,0.763215954241177,"gpath_trio"
"15017","ISLR","Exc L3-4 RORB CUX2",-0.165964859578916,1.36753545548427,3.2725317576437,0.0716037978935778,0.146888904129418,0.146888904129418,"gpath_trio"
"15018","CCDC33","Exc L3-4 RORB CUX2",-0.291043617635073,0.151547935783343,14.8380914624455,0.000147601941562898,0.000816525684406765,0.000816525684406765,"gpath_trio"
"15019","SEMA7A","Exc L3-4 RORB CUX2",-0.182627530451281,3.90297977939924,22.9876918520061,2.74694586058622e-06,2.53057683732086e-05,2.53057683732086e-05,"gpath_trio"
"15020","UBL7","Exc L3-4 RORB CUX2",-0.0797283544737345,3.21238755374088,5.24812159684871,0.0227709721464509,0.0580789333823828,0.0580789333823828,"gpath_trio"
"15021","UBL7-AS1","Exc L3-4 RORB CUX2",0.00480417411598052,0.631829610382201,0.00403744891188965,0.949384594717027,0.975146838326851,0.975146838326851,"gpath_trio"
"15022","AC012435.2","Exc L3-4 RORB CUX2",-0.0924358930416112,0.900839508370585,2.8177345397134,0.0944292912082669,0.182359619998735,0.182359619998735,"gpath_trio"
"15023","ARID3B","Exc L3-4 RORB CUX2",-0.0370198150878873,3.04654116270889,0.83240475811005,0.362423248543373,0.510336482283175,0.510336482283175,"gpath_trio"
"15024","CLK3","Exc L3-4 RORB CUX2",-0.0601199812512304,3.43143925169842,4.84900606543316,0.0285403219823448,0.0697058274903185,0.0697058274903185,"gpath_trio"
"15025","EDC3","Exc L3-4 RORB CUX2",-0.0254258667190854,4.85896116930826,1.71083740298658,0.234774000702265,0.367232552656862,0.367232552656862,"gpath_trio"
"15026","CSK","Exc L3-4 RORB CUX2",0.0134094382276203,3.46872508583421,0.246944719599198,0.823311976669681,0.898794222073889,0.898794222073889,"gpath_trio"
"15027","LMAN1L","Exc L3-4 RORB CUX2",-0.0233268487666796,-0.979745002689193,0.0361129541147388,0.849430698016907,0.916186278133712,0.916186278133712,"gpath_trio"
"15028","CPLX3","Exc L3-4 RORB CUX2",-0.0595785727007337,-1.35531872093148,0.0491543633801777,0.824716033621188,0.899434887199712,0.899434887199712,"gpath_trio"
"15029","ULK3","Exc L3-4 RORB CUX2",-0.0323261415543889,5.50281031060475,1.42347462150057,0.233919909104585,0.366208905578102,0.366208905578102,"gpath_trio"
"15030","SCAMP2","Exc L3-4 RORB CUX2",0.0480594535072499,3.95720853795316,4.4422689961468,0.0678641445265057,0.140831013764889,0.140831013764889,"gpath_trio"
"15031","MPI","Exc L3-4 RORB CUX2",-0.0470212607869461,3.11375802879653,1.91159100862187,0.167972990985641,0.284705964306083,0.284705964306083,"gpath_trio"
"15032","FAM219B","Exc L3-4 RORB CUX2",-0.0435705988402487,4.74334860868063,3.94574841197437,0.0480397624308885,0.106705076191036,0.106705076191036,"gpath_trio"
"15033","COX5A","Exc L3-4 RORB CUX2",-0.213181713063663,4.52183113829712,56.9173165086094,7.64097291303984e-13,3.64436474043921e-11,3.64436474043921e-11,"gpath_trio"
"15034","RPP25","Exc L3-4 RORB CUX2",-0.00949465864025685,0.533779224565265,0.0147557367145309,0.903410071656206,0.951268173051355,0.951268173051355,"gpath_trio"
"15035","SCAMP5","Exc L3-4 RORB CUX2",-0.0191002574245885,7.145148218593,1.25028882965651,0.264529364789745,0.40301573870894,0.40301573870894,"gpath_trio"
"15036","PPCDC","Exc L3-4 RORB CUX2",0.0734311913851047,4.88304138972256,9.70104578056893,0.0020477811481659,0.00779068162629586,0.00779068162629586,"gpath_trio"
"15037","C15orf39","Exc L3-4 RORB CUX2",-0.0761247068643661,-0.317362954994439,0.594686711008919,0.441312724543387,0.588232308249394,0.588232308249394,"gpath_trio"
"15038","COMMD4","Exc L3-4 RORB CUX2",-0.0334000878581414,3.85848473394765,1.69179229649714,0.194516478396518,0.318562379385482,0.318562379385482,"gpath_trio"
"15039","AC068338.3","Exc L3-4 RORB CUX2",-0.205757182535404,1.56872853446903,14.0903742092977,0.000214958774626032,0.00113707217568962,0.00113707217568962,"gpath_trio"
"15040","NEIL1","Exc L3-4 RORB CUX2",-0.0350811801338332,5.51341562282249,1.96509574616756,0.162162023986699,0.276927275599429,0.276927275599429,"gpath_trio"
"15041","MAN2C1","Exc L3-4 RORB CUX2",0.0623007508107222,5.58132649960043,8.38261046731954,0.00411012594287511,0.0140640757967275,0.0140640757967275,"gpath_trio"
"15042","SIN3A","Exc L3-4 RORB CUX2",-0.0223513646966757,4.8017618590976,1.14032013711172,0.286575148356024,0.428238916975245,0.428238916975245,"gpath_trio"
"15043","PTPN9","Exc L3-4 RORB CUX2",0.0439106034541023,6.72315998384041,5.11878821222149,0.024493704717436,0.0615699592168293,0.0615699592168293,"gpath_trio"
"15044","SNUPN","Exc L3-4 RORB CUX2",-0.0190650938027581,3.77927014664143,0.575498943115317,0.448769136378106,0.594918462307295,0.594918462307295,"gpath_trio"
"15045","IMP3","Exc L3-4 RORB CUX2",-0.21833057370741,3.37438953229958,47.8400268365263,3.58071276988391e-11,1.15585408211853e-09,1.15585408211853e-09,"gpath_trio"
"15046","SNX33","Exc L3-4 RORB CUX2",-0.0288095690656288,0.918881192296874,0.193021628626777,0.764249863693457,0.859557420003094,0.859557420003094,"gpath_trio"
"15047","DNM1P35","Exc L3-4 RORB CUX2",-0.0901916191014541,2.31547611477174,3.2080706129212,0.074438906576794,0.151682147276721,0.151682147276721,"gpath_trio"
"15048","UBE2Q2","Exc L3-4 RORB CUX2",0.0458496158470434,5.24103209686545,5.46175172492172,0.0201967125571778,0.0527604138082432,0.0527604138082432,"gpath_trio"
"15049","FBXO22","Exc L3-4 RORB CUX2",0.0204026046183951,6.01505909944335,0.937769002657594,0.333752175959604,0.480199492246322,0.480199492246322,"gpath_trio"
"15050","NRG4","Exc L3-4 RORB CUX2",0.155096145501032,5.67665967032184,8.4290030704394,0.00400981670326313,0.013755832679533,0.013755832679533,"gpath_trio"
"15051","TMEM266","Exc L3-4 RORB CUX2",0.059928741745099,5.96989471361721,8.97312484608328,0.00300429043225404,0.0107907351737093,0.0107907351737093,"gpath_trio"
"15052","AC091100.1","Exc L3-4 RORB CUX2",-0.333960718716829,0.378290098211935,14.9515970471463,0.000139439269982409,0.000776051661212439,0.000776051661212439,"gpath_trio"
"15053","ETFA","Exc L3-4 RORB CUX2",-0.0714500904154598,5.04120254383076,6.5990347347839,0.0107620632330303,0.0314006894565814,0.0314006894565814,"gpath_trio"
"15054","SCAPER","Exc L3-4 RORB CUX2",0.0911427605098701,8.32935891013785,20.9508678676806,7.30719559614576e-06,5.97094658372785e-05,5.97094658372785e-05,"gpath_trio"
"15055","RCN2","Exc L3-4 RORB CUX2",-0.10059661748218,5.65693133718048,22.9898602910884,2.74410128721006e-06,2.52911116808876e-05,2.52911116808876e-05,"gpath_trio"
"15056","PSTPIP1","Exc L3-4 RORB CUX2",0.0275035489849291,-0.696426373847542,0.0517592060763766,0.820208710179999,0.896959742565092,0.896959742565092,"gpath_trio"
"15057","TSPAN3","Exc L3-4 RORB CUX2",0.0261569245704291,6.03592530028452,2.15344016888176,0.143459413978226,0.252468045796468,0.252468045796468,"gpath_trio"
"15058","PEAK1","Exc L3-4 RORB CUX2",0.0956191084183579,7.64391349601979,25.4192809856695,8.65630294526151e-07,9.09114585739984e-06,9.09114585739984e-06,"gpath_trio"
"15059","HMG20A","Exc L3-4 RORB CUX2",0.0197160876989962,6.22449324195453,1.83126408892011,0.177153678922113,0.296726896824711,0.296726896824711,"gpath_trio"
"15060","AC046168.2","Exc L3-4 RORB CUX2",0.0169661570873086,1.38277207700076,0.0538939991052217,0.816603498300687,0.89419592989927,0.89419592989927,"gpath_trio"
"15061","LINGO1","Exc L3-4 RORB CUX2",-0.131759525169507,8.56889511691971,4.22316351827527,0.0408748560338755,0.093880944954854,0.093880944954854,"gpath_trio"
"15062","LINGO1-AS1","Exc L3-4 RORB CUX2",-0.108518603804111,-1.00005277917789,0.50105476975582,0.479671065272405,0.623260368511031,0.623260368511031,"gpath_trio"
"15063","TBC1D2B","Exc L3-4 RORB CUX2",0.0729111959130215,5.25363076704129,15.404289878173,0.000111183961414002,0.000638888186137138,0.000638888186137138,"gpath_trio"
"15064","CIB2","Exc L3-4 RORB CUX2",-0.0523887837466817,1.29863107675081,0.780605899406658,0.377772088980784,0.525987018301402,0.525987018301402,"gpath_trio"
"15065","IDH3A","Exc L3-4 RORB CUX2",-0.0933373164618792,5.41453650964486,17.3459497567485,4.24232514072194e-05,0.000278972978207513,0.000278972978207513,"gpath_trio"
"15066","DNAJA4","Exc L3-4 RORB CUX2",0.0536650977414543,4.87658359088811,2.35158315018395,0.126371707640927,0.229234778066508,0.229234778066508,"gpath_trio"
"15067","WDR61","Exc L3-4 RORB CUX2",-0.0632397804325091,5.42399959927797,9.37260341145461,0.00243342292368256,0.00903631648910283,0.00903631648910283,"gpath_trio"
"15068","CRABP1","Exc L3-4 RORB CUX2",0.194611811837123,-0.27240135116133,3.27616277753616,0.071447603428051,0.146602454102635,0.146602454102635,"gpath_trio"
"15069","IREB2","Exc L3-4 RORB CUX2",-0.0198525607473558,6.04975595504347,1.88336090927604,0.249824239850153,0.385838171857678,0.385838171857678,"gpath_trio"
"15070","HYKK","Exc L3-4 RORB CUX2",0.129021218629954,2.09313686945564,7.83618943521222,0.00550488900277254,0.0180645959061379,0.0180645959061379,"gpath_trio"
"15071","PSMA4","Exc L3-4 RORB CUX2",-0.115951939742949,4.61185313457894,18.5987686845028,2.29256382113741e-05,0.00016228938628578,0.00016228938628578,"gpath_trio"
"15072","CHRNA5","Exc L3-4 RORB CUX2",0.0137626416646372,0.944471710129724,0.0289285980661223,0.865076270786409,0.926719787772304,0.926719787772304,"gpath_trio"
"15073","CHRNB4","Exc L3-4 RORB CUX2",-0.337857823269062,0.424384116641267,24.3016957536197,1.46922152766182e-06,1.46667710641154e-05,1.46667710641154e-05,"gpath_trio"
"15074","ADAMTS7","Exc L3-4 RORB CUX2",-0.0673348885828294,0.282771575535424,0.471074490735909,0.493104870792706,0.636737760384207,0.636737760384207,"gpath_trio"
"15075","MORF4L1","Exc L3-4 RORB CUX2",-0.0724396126129575,6.74996898040898,12.2865630082333,0.000537134016992418,0.00249290977520636,0.00249290977520636,"gpath_trio"
"15076","CTSH","Exc L3-4 RORB CUX2",0.127361869225526,2.36609078662469,7.79641080025274,0.00562372360182736,0.0183917366942563,0.0183917366942563,"gpath_trio"
"15077","RASGRF1","Exc L3-4 RORB CUX2",-0.0235418785094111,6.85784512781122,0.862784386255424,0.353822184890069,0.501500813556073,0.501500813556073,"gpath_trio"
"15078","AC011944.1","Exc L3-4 RORB CUX2",-0.572353933159353,1.40351730298643,49.4534845540612,1.79073375978229e-11,6.31609328734402e-10,6.31609328734402e-10,"gpath_trio"
"15079","ANKRD34C-AS1","Exc L3-4 RORB CUX2",0.155028725376565,6.78195864592669,38.7005171237026,1.96397559179826e-09,4.04318444536019e-08,4.04318444536019e-08,"gpath_trio"
"15080","ANKRD34C","Exc L3-4 RORB CUX2",-0.0788812066113444,1.47839909969471,1.63358937957072,0.616887444989355,0.743048823912337,0.743048823912337,"gpath_trio"
"15081","TMED3","Exc L3-4 RORB CUX2",0.0317467282934267,4.06261175394017,1.01079911964619,0.315646198278118,0.460659870533928,0.460659870533928,"gpath_trio"
"15082","KIAA1024","Exc L3-4 RORB CUX2",0.127356377679554,0.792462839290437,2.46705349838383,0.117471782311774,0.216497050163519,0.216497050163519,"gpath_trio"
"15083","MTHFS","Exc L3-4 RORB CUX2",0.0411118636399468,1.3887569253761,0.565798823543554,0.452613600615815,0.598746271878832,0.598746271878832,"gpath_trio"
"15084","ST20-AS1","Exc L3-4 RORB CUX2",-0.106959440481172,-0.0883985957177097,1.29684656232344,0.255838179098732,0.392960431162308,0.392960431162308,"gpath_trio"
"15085","ZFAND6","Exc L3-4 RORB CUX2",0.0402932791367398,4.50765020702042,2.67912196696138,0.102881535431045,0.195372268196661,0.195372268196661,"gpath_trio"
"15086","FAH","Exc L3-4 RORB CUX2",0.123565171635783,0.432701943988731,2.42526824237208,0.120609139346278,0.22112771594976,0.22112771594976,"gpath_trio"
"15087","LINC00927","Exc L3-4 RORB CUX2",0.108156070972645,-0.269281260864897,1.35300374202197,0.318702727231799,0.463994468589499,0.463994468589499,"gpath_trio"
"15088","AC016705.2","Exc L3-4 RORB CUX2",0.164595338674586,3.75049618099701,21.1977918042882,6.48628062946173e-06,5.40523385788478e-05,5.40523385788478e-05,"gpath_trio"
"15089","ARNT2","Exc L3-4 RORB CUX2",0.00647046016275863,8.16254949676134,0.0706430151980069,0.790613468498237,0.877903391873627,0.877903391873627,"gpath_trio"
"15090","AC016705.1","Exc L3-4 RORB CUX2",-0.0530266595869809,-0.562912483780129,0.228982807213449,0.632681218567837,0.75582328189283,0.75582328189283,"gpath_trio"
"15091","AC108451.1","Exc L3-4 RORB CUX2",-0.384043996563588,0.383374611912685,18.8953746665724,1.98305480436553e-05,0.000143090596130453,0.000143090596130453,"gpath_trio"
"15092","ABHD17C","Exc L3-4 RORB CUX2",0.0368945456616494,4.26909938282558,2.13015798487532,0.145632971343333,0.255513105213649,0.255513105213649,"gpath_trio"
"15093","CEMIP","Exc L3-4 RORB CUX2",0.222536432588304,5.54427048156416,19.4129677993453,1.54056284435597e-05,0.000115757375735127,0.000115757375735127,"gpath_trio"
"15094","AC027808.1","Exc L3-4 RORB CUX2",0.0575155490576627,2.66627879532858,1.33489762332035,0.248996436551676,0.38479533568978,0.38479533568978,"gpath_trio"
"15095","MESD","Exc L3-4 RORB CUX2",-0.0378825477168586,4.36066699655133,2.71257568365249,0.279073743246527,0.419681962271447,0.419681962271447,"gpath_trio"
"15096","TLNRD1","Exc L3-4 RORB CUX2",-0.0155239155655559,3.54301345887642,0.269845802212846,0.951745200495952,0.976378491813578,0.976378491813578,"gpath_trio"
"15097","CFAP161","Exc L3-4 RORB CUX2",0.207896970327928,5.64519918016596,22.6278565489259,3.26277425381987e-06,2.95450945111381e-05,2.95450945111381e-05,"gpath_trio"
"15098","IL16","Exc L3-4 RORB CUX2",-0.0773714953053829,2.79180482102518,0.757659432388156,0.384864901399783,0.532956921253389,0.532956921253389,"gpath_trio"
"15099","STARD5","Exc L3-4 RORB CUX2",-0.074313260906914,1.77453229941102,1.82319595200932,0.178107482773143,0.297953438221241,0.297953438221241,"gpath_trio"
"15100","TMC3-AS1","Exc L3-4 RORB CUX2",0.12864801373672,3.72998384122598,11.7886248556496,0.000693299789105155,0.00310277800470197,0.00310277800470197,"gpath_trio"
"15101","TMC3","Exc L3-4 RORB CUX2",0.131205407620407,0.756210304590386,3.7507403020781,0.053867558704025,0.116882985249915,0.116882985249915,"gpath_trio"
"15102","AC060809.1","Exc L3-4 RORB CUX2",0.0891591577804639,3.47123794080766,3.22357198599518,0.0737462373135933,0.150559637502706,0.150559637502706,"gpath_trio"
"15103","AC023034.2","Exc L3-4 RORB CUX2",-0.108822701789837,-1.44874112893642,0.357773027090843,0.550266305438421,0.688259312598893,0.688259312598893,"gpath_trio"
"15104","AC104041.1","Exc L3-4 RORB CUX2",-0.133032115556326,2.71419866741768,1.88994817747924,0.170391349862822,0.287837685965204,0.287837685965204,"gpath_trio"
"15105","AC025219.1","Exc L3-4 RORB CUX2",-0.121467598003489,-0.255171709622529,1.06995522574057,0.301916672652936,0.445554010004607,0.445554010004607,"gpath_trio"
"15106","MEX3B","Exc L3-4 RORB CUX2",0.0386990620539665,1.48925001364464,0.403166686350692,0.526016710461631,0.666523497899975,0.666523497899975,"gpath_trio"
"15107","EFL1","Exc L3-4 RORB CUX2",0.0792781562709006,4.67003496213987,11.9315682932274,0.000644248243024929,0.00291821021621642,0.00291821021621642,"gpath_trio"
"15108","SAXO2","Exc L3-4 RORB CUX2",0.0608837266352091,4.43788047782431,2.31818675026877,0.129084267684281,0.233086467424181,0.233086467424181,"gpath_trio"
"15109","GOLGA6L10","Exc L3-4 RORB CUX2",0.171550119829571,2.45485708072191,2.30792628233366,0.129930698760687,0.234300308142372,0.234300308142372,"gpath_trio"
"15110","GOLGA6L9","Exc L3-4 RORB CUX2",0.0850480742085787,2.41523536542351,2.50163901422398,0.114943531727608,0.212829088895419,0.212829088895419,"gpath_trio"
"15111","RPS17","Exc L3-4 RORB CUX2",-0.387494297520019,1.23430480680573,21.841132500324,4.75853349131411e-06,4.10973515356431e-05,4.10973515356431e-05,"gpath_trio"
"15112","AC245033.1","Exc L3-4 RORB CUX2",0.16849571391169,0.843022793431502,5.9313344301568,0.0155465741408622,0.0427144400506461,0.0427144400506461,"gpath_trio"
"15113","AC245033.2","Exc L3-4 RORB CUX2",-0.126736041040959,1.56885321742948,2.58720634257747,0.108943729216947,0.204288478199825,0.204288478199825,"gpath_trio"
"15114","CPEB1","Exc L3-4 RORB CUX2",0.0579367503260215,4.96217807413939,3.53909341481581,0.061055530284985,0.129499087836372,0.129499087836372,"gpath_trio"
"15115","CPEB1-AS1","Exc L3-4 RORB CUX2",-0.0212056668661845,3.33656065751732,0.455929290051235,0.500132623749247,0.643114750576738,0.643114750576738,"gpath_trio"
"15116","AP3B2","Exc L3-4 RORB CUX2",0.0432330139938553,6.62769466747747,9.66319336367727,0.00208884159882775,0.00791703536658837,0.00791703536658837,"gpath_trio"
"15117","AC105339.3","Exc L3-4 RORB CUX2",-0.257929154985641,0.0317106407986259,9.26721092656459,0.00257230422478127,0.00947082831989184,0.00947082831989184,"gpath_trio"
"15118","SNHG21","Exc L3-4 RORB CUX2",-0.112888791366217,2.99341454222197,11.9286939362835,0.00064519895619399,0.00292186059286504,0.00292186059286504,"gpath_trio"
"15119","FSD2","Exc L3-4 RORB CUX2",-0.201259010040536,1.77523718279219,12.6473203102254,0.000446760492755167,0.00212881269280479,0.00212881269280479,"gpath_trio"
"15120","WHAMM","Exc L3-4 RORB CUX2",-0.020138623550225,3.92876410980757,0.791645650394478,0.374425461811603,0.522661986580578,0.522661986580578,"gpath_trio"
"15121","HOMER2","Exc L3-4 RORB CUX2",0.109570658774419,5.30222826921832,26.790432521136,4.54074034367828e-07,5.12456196712529e-06,5.12456196712529e-06,"gpath_trio"
"15122","AC022558.2","Exc L3-4 RORB CUX2",-0.27363508581517,2.58913124076892,53.3146749897844,3.46638637608579e-12,1.44827869727887e-10,1.44827869727887e-10,"gpath_trio"
"15123","C15orf40","Exc L3-4 RORB CUX2",0.0518683371306271,4.27409002600979,3.27867886530458,0.0713395851222006,0.146444614786926,0.146444614786926,"gpath_trio"
"15124","BTBD1","Exc L3-4 RORB CUX2",0.00545397822704441,5.35867825316949,0.0828017140843735,0.773765140829301,0.86623276315754,0.86623276315754,"gpath_trio"
"15125","TM6SF1","Exc L3-4 RORB CUX2",0.00585456195982229,4.72953387401711,0.0414433686845599,0.838843739142632,0.909100666819745,0.909100666819745,"gpath_trio"
"15126","HDGFL3","Exc L3-4 RORB CUX2",0.0068650046554378,6.4764094368438,0.254529811930804,0.614330687129681,0.741186557399911,0.741186557399911,"gpath_trio"
"15127","AC103876.1","Exc L3-4 RORB CUX2",-0.0158840622371492,4.35860099195668,0.254148298928705,0.61459607495773,0.741418070573559,0.741418070573559,"gpath_trio"
"15128","SH3GL3","Exc L3-4 RORB CUX2",0.0493130914782805,8.1821459655661,6.66949585213699,0.010355091497016,0.0304450555162194,0.0304450555162194,"gpath_trio"
"15129","ADAMTSL3","Exc L3-4 RORB CUX2",0.0529681762870595,4.75219114748667,2.01662902398997,0.156782141023378,0.270302486339656,0.270302486339656,"gpath_trio"
"15130","UBE2Q2L","Exc L3-4 RORB CUX2",0.0153303200516585,3.55066444980268,0.158305679485634,0.691047728120138,0.803458779633955,0.803458779633955,"gpath_trio"
"15131","GOLGA6L4","Exc L3-4 RORB CUX2",0.076136640143591,1.96607336803291,1.83715791480909,0.176460662422838,0.295836285888379,0.295836285888379,"gpath_trio"
"15132","AC048382.5","Exc L3-4 RORB CUX2",0.0528859839304287,2.5496633359893,1.57771528198485,0.852617673941547,0.918532902846305,0.918532902846305,"gpath_trio"
"15133","ZSCAN2","Exc L3-4 RORB CUX2",-0.0333495252213532,1.8836868698524,0.452147021024288,0.747973815442706,0.847172707504666,0.847172707504666,"gpath_trio"
"15134","WDR73","Exc L3-4 RORB CUX2",0.0433816876823207,4.32725455866516,2.68377447448356,0.102584724421349,0.194918705518998,0.194918705518998,"gpath_trio"
"15135","NMB","Exc L3-4 RORB CUX2",-0.073986473824379,-0.512589258495295,0.414781805139209,0.520120084628232,0.66087811483654,0.66087811483654,"gpath_trio"
"15136","SEC11A","Exc L3-4 RORB CUX2",-0.0426459588290366,4.59956091163941,4.8344387009485,0.0287778260648533,0.0702046724133512,0.0702046724133512,"gpath_trio"
"15137","ZNF592","Exc L3-4 RORB CUX2",0.0192715907053671,4.75082518167543,1.19831757170236,0.274671227549303,0.41468921767621,0.41468921767621,"gpath_trio"
"15138","ALPK3","Exc L3-4 RORB CUX2",0.13232416665093,2.4296055540882,6.67982234312673,0.0102967960344605,0.0303184972877557,0.0303184972877557,"gpath_trio"
"15139","SLC28A1","Exc L3-4 RORB CUX2",-0.0664071328479618,0.0179876426793905,0.327992684609934,0.567338371622667,0.702341022733467,0.702341022733467,"gpath_trio"
"15140","PDE8A","Exc L3-4 RORB CUX2",-0.0162830308103136,5.41199205436505,0.233593376508196,0.629278841789906,0.753275395597233,0.753275395597233,"gpath_trio"
"15141","AKAP13","Exc L3-4 RORB CUX2",0.0109411142172508,6.81807596496482,0.189322580367053,0.663841971350086,0.7818209026883,0.7818209026883,"gpath_trio"
"15142","AC087286.2","Exc L3-4 RORB CUX2",-0.405801260136229,1.77177392598741,50.1035753164184,1.3560387658848e-11,4.92938416247313e-10,4.92938416247313e-10,"gpath_trio"
"15143","AC021739.2","Exc L3-4 RORB CUX2",0.07020272259463,2.33183389657181,1.43789051371229,0.231572670383736,0.3635215238867,0.3635215238867,"gpath_trio"
"15144","AC021739.3","Exc L3-4 RORB CUX2",0.150350510069198,0.154615712844636,3.05823428494008,0.0815089980765607,0.162766898023966,0.162766898023966,"gpath_trio"
"15145","KLHL25","Exc L3-4 RORB CUX2",0.044122376157794,4.30441514458648,1.81608013259754,0.178953653577655,0.299120957823463,0.299120957823463,"gpath_trio"
"15146","AGBL1","Exc L3-4 RORB CUX2",0.0630230436833008,4.31959886390935,0.58442183785877,0.445277543992671,0.591757753115878,0.591757753115878,"gpath_trio"
"15147","AC016987.1","Exc L3-4 RORB CUX2",-0.43236203998569,-0.696863456645175,14.338631761839,0.000189845748155956,0.00101676080940972,0.00101676080940972,"gpath_trio"
"15148","AC020687.1","Exc L3-4 RORB CUX2",-0.0350308038460795,1.95456590508968,0.507740815593366,0.476757429177739,0.620833998170844,0.620833998170844,"gpath_trio"
"15149","NTRK3","Exc L3-4 RORB CUX2",0.0118674513811312,9.30992221392723,0.460104548289995,0.498178352575572,0.641441589330025,0.641441589330025,"gpath_trio"
"15150","NTRK3-AS1","Exc L3-4 RORB CUX2",0.00400505084354114,2.12323474238277,0.00782138123626946,0.929596183138001,0.965443646333217,0.965443646333217,"gpath_trio"
"15151","MRPL46","Exc L3-4 RORB CUX2",-0.139110923716598,2.50802994958284,12.7906785662848,0.000415286505396456,0.00200009674060002,0.00200009674060002,"gpath_trio"
"15152","MRPS11","Exc L3-4 RORB CUX2",-0.085413467645297,4.85074234873276,18.2299670489911,2.74658825850982e-05,0.000190420680809057,0.000190420680809057,"gpath_trio"
"15153","DET1","Exc L3-4 RORB CUX2",0.0567789782370135,3.77223466951321,4.46180361187166,0.0356145530791266,0.08390046804897,0.08390046804897,"gpath_trio"
"15154","LINC01586","Exc L3-4 RORB CUX2",-0.220252050628584,2.38373574222982,23.3815620481849,2.27615210285537e-06,2.14185488223447e-05,2.14185488223447e-05,"gpath_trio"
"15155","AEN","Exc L3-4 RORB CUX2",0.101633569370921,2.06959495252641,2.81503336369314,0.094586536825303,0.182575907046545,0.182575907046545,"gpath_trio"
"15156","AC103982.1","Exc L3-4 RORB CUX2",-0.131683661379609,-0.784054270617344,1.01931186154877,0.313620916102883,0.458334080577737,0.458334080577737,"gpath_trio"
"15157","ACAN","Exc L3-4 RORB CUX2",0.0984415300805778,0.846624019624965,1.08692452252265,0.298122031427971,0.441374622738631,0.441374622738631,"gpath_trio"
"15158","HAPLN3","Exc L3-4 RORB CUX2",-0.1504133775507,1.87454195400155,3.80202222245922,0.0522655109932215,0.11419283997057,0.11419283997057,"gpath_trio"
"15159","MFGE8","Exc L3-4 RORB CUX2",-0.0795470640995351,4.74461372042712,2.4489307607572,0.118821202484749,0.218524864186855,0.218524864186855,"gpath_trio"
"15160","AC013565.1","Exc L3-4 RORB CUX2",-0.0561121592191453,0.410594030804909,0.548195570884138,0.463387241659595,0.609044794819695,0.609044794819695,"gpath_trio"
"15161","ABHD2","Exc L3-4 RORB CUX2",0.0587750958788991,7.53659926860223,14.9707228366416,0.000138109612969566,0.000769713105431212,0.000769713105431212,"gpath_trio"
"15162","FANCI","Exc L3-4 RORB CUX2",0.0361201175741813,3.99504570354039,1.73817685619824,0.188530186811182,0.311052181241916,0.311052181241916,"gpath_trio"
"15163","POLG","Exc L3-4 RORB CUX2",-0.00479213020638999,4.4053783252074,0.0454929598020999,0.831267304172233,0.903648788279261,0.903648788279261,"gpath_trio"
"15164","MIR9-3HG","Exc L3-4 RORB CUX2",0.0850261058361866,5.28972464878638,10.7367807777785,0.00119318193525598,0.00493215610955899,0.00493215610955899,"gpath_trio"
"15165","RHCG","Exc L3-4 RORB CUX2",0.0978699830898979,3.29720702212633,5.94891588258013,0.0153957821873862,0.0423578215778693,0.0423578215778693,"gpath_trio"
"15166","AC013391.3","Exc L3-4 RORB CUX2",0.0391639948706509,0.74030526416449,0.218854046585228,0.640306344311197,0.762134542565097,0.762134542565097,"gpath_trio"
"15167","TICRR","Exc L3-4 RORB CUX2",-0.0947493688942862,-0.153566405167864,1.15604757504226,0.283283469197759,0.424609508994412,0.424609508994412,"gpath_trio"
"15168","KIF7","Exc L3-4 RORB CUX2",0.109412011485685,3.00745840880005,6.41684121619152,0.011892774742217,0.0341790214279528,0.0341790214279528,"gpath_trio"
"15169","PLIN1","Exc L3-4 RORB CUX2",0.0632609983348224,0.195292215793159,0.58658643547495,0.444436886964298,0.590951966948178,0.590951966948178,"gpath_trio"
"15170","PEX11A","Exc L3-4 RORB CUX2",0.0272816130017466,2.49160790077444,0.537113184253297,0.464291781562759,0.609876078717928,0.609876078717928,"gpath_trio"
"15171","WDR93","Exc L3-4 RORB CUX2",-0.165649071693288,1.46497005116517,7.59124268435513,0.00627984992000848,0.020136041343956,0.020136041343956,"gpath_trio"
"15172","MESP1","Exc L3-4 RORB CUX2",-0.197247257876005,2.82955173319574,15.4706021797695,0.000107562864230438,0.000620732490231433,0.000620732490231433,"gpath_trio"
"15173","MESP2","Exc L3-4 RORB CUX2",-0.170279485567664,0.292223208094329,5.54162534194777,0.0193137753517239,0.0508351029606881,0.0508351029606881,"gpath_trio"
"15174","ANPEP","Exc L3-4 RORB CUX2",0.0548690444197591,-0.346923150504024,0.275107956739946,0.600372590430014,0.729493917846635,0.729493917846635,"gpath_trio"
"15175","AP3S2","Exc L3-4 RORB CUX2",-0.11393170082015,2.71441728771394,9.54257833806177,0.00222537525639148,0.00836002570899337,0.00836002570899337,"gpath_trio"
"15176","ZNF710","Exc L3-4 RORB CUX2",0.0820953026158592,4.02905863318353,10.0827116342162,0.00167705235288578,0.00656598704045618,0.00656598704045618,"gpath_trio"
"15177","ZNF710-AS1","Exc L3-4 RORB CUX2",-0.195180326236391,2.58549291506185,18.4997767435814,2.40639917074391e-05,0.000169042838683003,0.000169042838683003,"gpath_trio"
"15178","IDH2","Exc L3-4 RORB CUX2",-0.132877458763694,4.87864501710982,22.9022565555899,2.86142480373511e-06,2.62167327045213e-05,2.62167327045213e-05,"gpath_trio"
"15179","IDH2-DT","Exc L3-4 RORB CUX2",0.0681626809401046,0.81019645529726,1.14221055663166,0.286176925596732,0.427897339147046,0.427897339147046,"gpath_trio"
"15180","SEMA4B","Exc L3-4 RORB CUX2",0.0568375043051214,5.4096694896428,8.48461695769765,0.003892867185021,0.0134162274441064,0.0134162274441064,"gpath_trio"
"15181","CIB1","Exc L3-4 RORB CUX2",-0.122195540259199,2.43321002841571,7.97037478023588,0.00512269515058509,0.0169593657143181,0.0169593657143181,"gpath_trio"
"15182","AC091167.7","Exc L3-4 RORB CUX2",0.160526594220416,1.28932440106879,9.88778304465882,0.00185695419713185,0.00715372368285948,0.00715372368285948,"gpath_trio"
"15183","AC091167.6","Exc L3-4 RORB CUX2",0.139839819009554,5.04203605408427,29.1323415962692,1.52279702675486e-07,1.96058902455515e-06,1.96058902455515e-06,"gpath_trio"
"15184","ZNF774","Exc L3-4 RORB CUX2",0.0492120092282211,3.73181759452185,2.3473279275789,0.126713759085713,0.229731316458867,0.229731316458867,"gpath_trio"
"15185","IQGAP1","Exc L3-4 RORB CUX2",-0.00246860784897208,5.77753321590333,0.0146626156820346,0.903713838516648,0.951332569861525,0.951332569861525,"gpath_trio"
"15186","AC018946.1","Exc L3-4 RORB CUX2",-0.30501542038137,-0.528410038621199,8.11735003900198,0.00473518624819045,0.0158446739728292,0.0158446739728292,"gpath_trio"
"15187","CRTC3","Exc L3-4 RORB CUX2",0.0190210969291411,6.70037973408272,1.22877958582305,0.268668821172843,0.407670988805815,0.407670988805815,"gpath_trio"
"15188","AC103739.2","Exc L3-4 RORB CUX2",-0.197700234212573,-0.438916315087918,3.77777927168147,0.0530164419198989,0.11542539197466,0.11542539197466,"gpath_trio"
"15189","CRTC3-AS1","Exc L3-4 RORB CUX2",-0.0810582199474797,2.63091359830444,3.99609556263781,0.0466466278596173,0.104334336703745,0.104334336703745,"gpath_trio"
"15190","BLM","Exc L3-4 RORB CUX2",-0.018651276708985,-0.473197439731577,0.0189613244079082,0.890583996238644,0.943177539323604,0.943177539323604,"gpath_trio"
"15191","FURIN","Exc L3-4 RORB CUX2",-0.0577068071996371,3.80628166175448,4.3559984380446,0.037852804955879,0.0881746149387898,0.0881746149387898,"gpath_trio"
"15192","FES","Exc L3-4 RORB CUX2",-0.112410295322608,2.51734897531299,4.64097168600018,0.0321362399267892,0.0769918822613671,0.0769918822613671,"gpath_trio"
"15193","MAN2A2","Exc L3-4 RORB CUX2",-0.0255881663334713,4.88409868160995,1.15469229196566,0.283565222886799,0.424936067605267,0.424936067605267,"gpath_trio"
"15194","HDDC3","Exc L3-4 RORB CUX2",-0.108354818561197,3.06388321867488,11.6638383314043,0.000739220746515549,0.00327345363561206,0.00327345363561206,"gpath_trio"
"15195","UNC45A","Exc L3-4 RORB CUX2",-0.0521465510538429,5.03726046030627,4.24753035150394,0.0403019820659171,0.0928293741500032,0.0928293741500032,"gpath_trio"
"15196","RCCD1","Exc L3-4 RORB CUX2",0.0219021143821501,3.19393025772333,0.564617277005646,0.453085411058183,0.599134703290218,0.599134703290218,"gpath_trio"
"15197","PRC1","Exc L3-4 RORB CUX2",-0.21627480769214,1.00097499413782,10.5147508086959,0.00133900534544151,0.00543331312234162,0.00543331312234162,"gpath_trio"
"15198","AC068831.7","Exc L3-4 RORB CUX2",0.0493339501312751,1.39229543606835,0.871887547960971,0.351299607670374,0.498801434636484,0.498801434636484,"gpath_trio"
"15199","PRC1-AS1","Exc L3-4 RORB CUX2",0.102587482719228,3.45973249563817,9.73209345539776,0.00201471786512617,0.0076860014689591,0.0076860014689591,"gpath_trio"
"15200","VPS33B-DT","Exc L3-4 RORB CUX2",-0.0465720732037465,-0.0758708229375601,0.322389136633289,0.570665348848005,0.7054208328539,0.7054208328539,"gpath_trio"
"15201","SV2B","Exc L3-4 RORB CUX2",-0.00218246805765494,8.68594075494975,0.0124091311746481,0.911388054040342,0.954735655551373,0.954735655551373,"gpath_trio"
"15202","AC104035.1","Exc L3-4 RORB CUX2",0.0941256584110453,3.07892237703329,3.82027979550697,0.0517074573299952,0.11329256642405,0.11329256642405,"gpath_trio"
"15203","SLCO3A1","Exc L3-4 RORB CUX2",0.141916599183858,6.91534179414189,43.0708915989669,2.84442520321412e-10,7.17742939605213e-09,7.17742939605213e-09,"gpath_trio"
"15204","AC116903.2","Exc L3-4 RORB CUX2",-0.301966720751978,1.4523666328933,21.3100433279983,6.14455833070444e-06,5.16957732785497e-05,5.16957732785497e-05,"gpath_trio"
"15205","LINC00930","Exc L3-4 RORB CUX2",0.0154887172378689,0.287533662930851,0.0223476859762657,0.881281765324395,0.937062170958895,0.937062170958895,"gpath_trio"
"15206","AC091544.5","Exc L3-4 RORB CUX2",-0.129845784469313,-0.480736681959341,1.52947973561723,0.217306450528441,0.346765612545385,0.346765612545385,"gpath_trio"
"15207","FAM174B","Exc L3-4 RORB CUX2",0.0638679306665258,5.45125598022087,10.7321819514306,0.00119603186328553,0.00494214628205017,0.00494214628205017,"gpath_trio"
"15208","AC013394.1","Exc L3-4 RORB CUX2",-0.0142579455174156,5.67046848614897,0.541747143348356,0.462373050726661,0.607989069830567,0.607989069830567,"gpath_trio"
"15209","CHD2","Exc L3-4 RORB CUX2",0.0249869960347776,7.09690543678885,2.86736753418229,0.0915902721727326,0.178224704965748,0.178224704965748,"gpath_trio"
"15210","RGMA","Exc L3-4 RORB CUX2",0.0556334117832756,3.58694602860763,0.622843747145409,0.430711550301108,0.578266156074057,0.578266156074057,"gpath_trio"
"15211","AC091078.1","Exc L3-4 RORB CUX2",0.224173887918823,4.48356992860194,6.35793264936267,0.0122840836852533,0.0351434186542803,0.0351434186542803,"gpath_trio"
"15212","AC110023.1","Exc L3-4 RORB CUX2",0.245272326785829,4.93999956172545,6.24989958705515,0.0130366875364449,0.0369247748206901,0.0369247748206901,"gpath_trio"
"15213","LINC01579","Exc L3-4 RORB CUX2",-0.166379065285449,1.20385544600868,3.06469515250619,0.081189570861071,0.162194236273107,0.162194236273107,"gpath_trio"
"15214","LINC02207","Exc L3-4 RORB CUX2",-0.00962501372620017,0.391151174185426,0.00567127851485455,0.940027652377989,0.971004764684239,0.971004764684239,"gpath_trio"
"15215","AC103996.2","Exc L3-4 RORB CUX2",0.147334988393659,-1.08417645629302,0.936790480130827,0.334007520621023,0.480470711481579,0.480470711481579,"gpath_trio"
"15216","LINC01580","Exc L3-4 RORB CUX2",0.169106753856174,1.74769749473653,2.27273706125615,0.132881233125892,0.23863974348539,0.23863974348539,"gpath_trio"
"15217","AC087636.1","Exc L3-4 RORB CUX2",-0.238959909267296,1.60370453731159,6.30746119496308,0.0126299319749998,0.0359797906799803,0.0359797906799803,"gpath_trio"
"15218","LINC01197","Exc L3-4 RORB CUX2",0.0685486972154877,7.0504679846021,4.3984298152708,0.0369378902420899,0.0864727240234583,0.0864727240234583,"gpath_trio"
"15219","LINC00924","Exc L3-4 RORB CUX2",0.0459426598609902,0.485973804146636,0.247478380222875,0.619276686322414,0.745104195285944,0.745104195285944,"gpath_trio"
"15220","AC015574.1","Exc L3-4 RORB CUX2",-0.0897344786553744,-0.300819078401134,0.883373032010915,0.464403057959996,0.609942822364619,0.609942822364619,"gpath_trio"
"15221","AC012409.2","Exc L3-4 RORB CUX2",0.00307290730335115,0.797063575158021,0.00271653960595567,0.958472751810234,0.979296453346068,0.979296453346068,"gpath_trio"
"15222","NR2F2-AS1","Exc L3-4 RORB CUX2",1.79664427296337,-1.6912666229137,24.8184074524579,1.15254037551073e-06,1.17973120628762e-05,1.17973120628762e-05,"gpath_trio"
"15223","AC020704.1","Exc L3-4 RORB CUX2",0.0478488232403431,4.52264895946255,0.563279298550176,0.453620621282884,0.599763813774309,0.599763813774309,"gpath_trio"
"15224","LINC02253","Exc L3-4 RORB CUX2",-0.469727001136301,2.84890917034562,66.0306153125896,1.8088493257222e-14,1.28952421012175e-12,1.28952421012175e-12,"gpath_trio"
"15225","LINC02254","Exc L3-4 RORB CUX2",0.0456284571756631,5.38391489998128,0.919832911882318,0.338409828787605,0.484798572448338,0.484798572448338,"gpath_trio"
"15226","AC026523.1","Exc L3-4 RORB CUX2",0.175196938755754,1.48893214999513,4.43522179707049,0.0361634353750654,0.0849455476413953,0.0849455476413953,"gpath_trio"
"15227","LINC00923","Exc L3-4 RORB CUX2",0.115479050948558,5.95955516958708,3.58178529058805,0.0595270727231788,0.12669677098746,0.12669677098746,"gpath_trio"
"15228","ARRDC4","Exc L3-4 RORB CUX2",-0.030933321346913,2.83286368540297,0.831801432355436,0.680143444344856,0.79497382699427,0.79497382699427,"gpath_trio"
"15229","AC024651.1","Exc L3-4 RORB CUX2",0.304815789818697,-0.899732046023975,3.63286260391608,0.0577519821047274,0.123505007310036,0.123505007310036,"gpath_trio"
"15230","AC022523.1","Exc L3-4 RORB CUX2",-0.00237164775927331,3.25749351070142,0.000688043990274378,0.979093535576787,0.988927327391212,0.988927327391212,"gpath_trio"
"15231","AC015722.2","Exc L3-4 RORB CUX2",0.0257708674582936,-0.790257414500757,0.0340973314093395,0.85364388171661,0.919256221704436,0.919256221704436,"gpath_trio"
"15232","FAM169B","Exc L3-4 RORB CUX2",0.0940437491955686,2.97570953258324,2.42260538136641,0.120812212521899,0.221399435700727,0.221399435700727,"gpath_trio"
"15233","IGF1R","Exc L3-4 RORB CUX2",0.133269735679339,8.29109722884513,63.9308976915903,4.24228647719046e-14,2.76984238437921e-12,2.76984238437921e-12,"gpath_trio"
"15234","AC069029.1","Exc L3-4 RORB CUX2",-0.0964446241355059,-0.229870316479762,1.1169490229417,0.291557310542626,0.434076358954873,0.434076358954873,"gpath_trio"
"15235","AC036108.1","Exc L3-4 RORB CUX2",0.0837789715358731,5.54678128673744,4.94071966926478,0.0270914213672738,0.0668014453782387,0.0668014453782387,"gpath_trio"
"15236","SYNM","Exc L3-4 RORB CUX2",-0.00802029090161788,4.9045542222473,0.0856503161889406,0.7700148860581,0.863346133501288,0.863346133501288,"gpath_trio"
"15237","TTC23","Exc L3-4 RORB CUX2",-0.00274899955050067,2.4351438143347,0.00392369547144719,0.950101773942228,0.97563512441006,0.97563512441006,"gpath_trio"
"15238","AC036108.3","Exc L3-4 RORB CUX2",0.0829797301002621,2.2559103155131,2.98900060626926,0.0850189147268204,0.168327439118116,0.168327439118116,"gpath_trio"
"15239","LRRC28","Exc L3-4 RORB CUX2",0.0850736432365413,7.34366807343173,32.0778597152638,3.91607436299885e-08,5.8566938675687e-07,5.8566938675687e-07,"gpath_trio"
"15240","AC015660.4","Exc L3-4 RORB CUX2",0.244026432814414,-0.127899596016212,6.06696882974113,0.0144217589921402,0.0401269763812752,0.0401269763812752,"gpath_trio"
"15241","MEF2A","Exc L3-4 RORB CUX2",0.0656793346875237,8.13742627686379,13.2125184005612,0.000335122628616488,0.00166570560047737,0.00166570560047737,"gpath_trio"
"15242","LYSMD4","Exc L3-4 RORB CUX2",-0.0242344987779681,4.02000859525188,0.513280789460241,0.474365067959457,0.61895273107296,0.61895273107296,"gpath_trio"
"15243","AC090825.1","Exc L3-4 RORB CUX2",0.119996805149449,2.34922432735843,0.373521688892883,0.541624814156511,0.680191760075171,0.680191760075171,"gpath_trio"
"15244","ADAMTS17","Exc L3-4 RORB CUX2",0.308926103609617,3.68776866729044,19.03904181781,1.84869402202389e-05,0.000134939948966469,0.000134939948966469,"gpath_trio"
"15245","AC084855.2","Exc L3-4 RORB CUX2",-0.0861497050281327,-1.02882302409581,0.291633763626899,0.589637702578195,0.720925137486871,0.720925137486871,"gpath_trio"
"15246","SPATA41","Exc L3-4 RORB CUX2",0.125996816064421,0.349268650983136,2.72267939073438,0.100139286825303,0.191244804212466,0.191244804212466,"gpath_trio"
"15247","CERS3-AS1","Exc L3-4 RORB CUX2",0.0262039343408346,0.0509717062077591,0.0729306088564774,0.787330872739006,0.875559494956975,0.875559494956975,"gpath_trio"
"15248","CERS3","Exc L3-4 RORB CUX2",-0.00675688030891574,1.39695039968837,0.00670001550876957,0.934826089514341,0.968685015948589,0.968685015948589,"gpath_trio"
"15249","AC027020.2","Exc L3-4 RORB CUX2",0.0105706635986185,1.77014800231085,0.0124100093645977,0.911384931575374,0.954735655551373,0.954735655551373,"gpath_trio"
"15250","LINS1","Exc L3-4 RORB CUX2",-0.0198599393648906,4.75036452332201,0.403023442122046,0.526090173061337,0.666532858673228,0.666532858673228,"gpath_trio"
"15251","ASB7","Exc L3-4 RORB CUX2",0.0518688816558157,4.87137035247557,7.54086193466904,0.00645267690373638,0.0205822539972935,0.0205822539972935,"gpath_trio"
"15252","AC087762.1","Exc L3-4 RORB CUX2",-0.0957684581632568,1.64588119569415,3.06859708487799,0.0809973161111643,0.161858246091793,0.161858246091793,"gpath_trio"
"15253","AC015712.1","Exc L3-4 RORB CUX2",-0.290881115988211,-0.238153866299084,5.37435505684752,0.0212111194630215,0.0548556464899816,0.0548556464899816,"gpath_trio"
"15254","AC015712.4","Exc L3-4 RORB CUX2",-0.656218804244486,-0.522447861431834,13.2713732727518,0.000325261998539384,0.00162349352314005,0.00162349352314005,"gpath_trio"
"15255","ALDH1A3","Exc L3-4 RORB CUX2",-0.194616611028958,2.78173926773083,9.04906861649464,0.00288608485649483,0.0104367739702067,0.0104367739702067,"gpath_trio"
"15256","AC015712.7","Exc L3-4 RORB CUX2",0.0566938764706191,0.592278517965537,0.493585113646543,0.482960914847893,0.626606846112941,0.626606846112941,"gpath_trio"
"15257","AC015712.2","Exc L3-4 RORB CUX2",0.124437140013339,4.05488717259051,17.137280098696,4.70243101216431e-05,0.000305642866206234,0.000305642866206234,"gpath_trio"
"15258","LRRK1","Exc L3-4 RORB CUX2",0.0846967728409103,7.42260043116911,13.2327326183764,0.000331702134537255,0.00165196014917036,0.00165196014917036,"gpath_trio"
"15259","AC090907.1","Exc L3-4 RORB CUX2",-0.0182959237852544,1.069829588084,0.0507626969352525,0.821918382449005,0.897839805398704,0.897839805398704,"gpath_trio"
"15260","AC090907.2","Exc L3-4 RORB CUX2",-0.0249253350481648,4.58389922721692,0.268183637242802,0.60499316132358,0.733473771390134,0.733473771390134,"gpath_trio"
"15261","CHSY1","Exc L3-4 RORB CUX2",0.0587589321300974,5.49536456744082,6.76394942595505,0.0098343165953652,0.0291863011083377,0.0291863011083377,"gpath_trio"
"15262","SELENOS","Exc L3-4 RORB CUX2",-0.0844533366692932,3.36706115568916,8.05320481492774,0.00490047071385807,0.0163200720785881,0.0163200720785881,"gpath_trio"
"15263","SNRPA1","Exc L3-4 RORB CUX2",-0.16217709440511,5.13152387112671,50.3072304644228,1.24308167390498e-11,4.55984959473326e-10,4.55984959473326e-10,"gpath_trio"
"15264","AC023024.1","Exc L3-4 RORB CUX2",0.0303685256526924,1.31975018576284,0.260267023501772,0.791164218179534,0.878149835653214,0.878149835653214,"gpath_trio"
"15265","PCSK6","Exc L3-4 RORB CUX2",0.0814436856985713,4.82736999071743,1.9973521538009,0.158770304828308,0.273020968967057,0.273020968967057,"gpath_trio"
"15266","TM2D3","Exc L3-4 RORB CUX2",-0.138493970755958,5.52525950778924,41.1690907726836,6.56775637894499e-10,1.51433697080246e-08,1.51433697080246e-08,"gpath_trio"
"15267","TARSL2","Exc L3-4 RORB CUX2",-0.0167207582424386,6.36288879927496,0.632594164336459,0.427130822020776,0.575145357078215,0.575145357078215,"gpath_trio"
"15268","WASIR2","Exc L3-4 RORB CUX2",-0.168150824770423,0.00216297529660134,1.65636077992918,0.199239975515141,0.324664122931748,0.324664122931748,"gpath_trio"
"15269","POLR3K","Exc L3-4 RORB CUX2",-0.200542496936026,2.98245178209461,40.2069774378622,1.00527114935747e-09,2.20929688870229e-08,2.20929688870229e-08,"gpath_trio"
"15270","SNRNP25","Exc L3-4 RORB CUX2",-0.235356196166032,3.82169802966981,61.0539758504823,1.37730609705124e-13,7.91656709629879e-12,7.91656709629879e-12,"gpath_trio"
"15271","RHBDF1","Exc L3-4 RORB CUX2",-0.0575342529434935,0.834885914696164,0.6151423399821,0.433572127647526,0.581049135614425,0.581049135614425,"gpath_trio"
"15272","MPG","Exc L3-4 RORB CUX2",-0.197198739393189,4.69618505657892,62.3739429694843,8.01253808201e-14,4.8399088564237e-12,4.8399088564237e-12,"gpath_trio"
"15273","NPRL3","Exc L3-4 RORB CUX2",0.0272662876087336,5.93805366467746,1.98643892326715,0.15990864113201,0.274263099110626,0.274263099110626,"gpath_trio"
"15274","Z69720.1","Exc L3-4 RORB CUX2",0.0462558759070588,-0.505487365814633,0.196837065565684,0.657655053301477,0.776826153416704,0.776826153416704,"gpath_trio"
"15275","Z69666.1","Exc L3-4 RORB CUX2",-0.193008863281208,-0.928350678702889,2.58034282968297,0.109411975945604,0.205033124159629,0.205033124159629,"gpath_trio"
"15276","HBM","Exc L3-4 RORB CUX2",-0.0838622033513424,-0.915151942989492,0.460514482849926,0.56434045626159,0.699961189295314,0.699961189295314,"gpath_trio"
"15277","HBA2","Exc L3-4 RORB CUX2",0.05315618645214,-0.101459961798668,0.135560878351092,0.713034174650359,0.820745696726152,0.820745696726152,"gpath_trio"
"15278","HBA1","Exc L3-4 RORB CUX2",0.236793538909974,-0.0289115279399239,3.4419629220382,0.064691897602718,0.135460200740512,0.135460200740512,"gpath_trio"
"15279","HBQ1","Exc L3-4 RORB CUX2",-0.296870700863661,0.305885014900402,9.19736154646387,0.00266878844864399,0.00977006114160635,0.00977006114160635,"gpath_trio"
"15280","Z69706.1","Exc L3-4 RORB CUX2",-0.0106590175028936,0.457476758457405,0.0174392454115587,0.89504075915428,0.945867502341389,0.945867502341389,"gpath_trio"
"15281","LUC7L","Exc L3-4 RORB CUX2",0.0127739664646964,6.64898843721546,0.378132767910687,0.539142029723199,0.677791030014054,0.677791030014054,"gpath_trio"
"15282","FAM234A","Exc L3-4 RORB CUX2",0.0627767396862871,4.05540343905746,3.88334259272279,0.0498281609660023,0.110035370784709,0.110035370784709,"gpath_trio"
"15283","RGS11","Exc L3-4 RORB CUX2",0.0856693953347238,5.67175186258841,9.31992686196466,0.00250185297880377,0.00925465417076751,0.00925465417076751,"gpath_trio"
"15284","ARHGDIG","Exc L3-4 RORB CUX2",0.0771166083307004,5.53271153613242,2.6347213002337,0.105762174924057,0.199565271145982,0.199565271145982,"gpath_trio"
"15285","PDIA2","Exc L3-4 RORB CUX2",0.0374757698787032,4.54107789413461,1.24379221334083,0.265771180657515,0.404323672233104,0.404323672233104,"gpath_trio"
"15286","AXIN1","Exc L3-4 RORB CUX2",0.0392190154414471,5.04562165291429,2.92253797468725,0.0885434666858398,0.173737058975571,0.173737058975571,"gpath_trio"
"15287","MRPL28","Exc L3-4 RORB CUX2",-0.123341578835019,3.68305906380321,10.5003961601094,0.00134903625865913,0.00546961545788743,0.00546961545788743,"gpath_trio"
"15288","TMEM8A","Exc L3-4 RORB CUX2",0.0057829447919095,3.69145342016443,0.0352042775373397,0.885139995725576,0.939631645028335,0.939631645028335,"gpath_trio"
"15289","NME4","Exc L3-4 RORB CUX2",-0.0425960604950631,4.09165258363346,1.80545974535563,0.180225266338035,0.300797877926031,0.300797877926031,"gpath_trio"
"15290","DECR2","Exc L3-4 RORB CUX2",-0.0205927430373831,1.78608329013091,0.154588297636542,0.694510805139589,0.806199970868309,0.806199970868309,"gpath_trio"
"15291","RAB11FIP3","Exc L3-4 RORB CUX2",0.059402658852517,7.14128209571778,7.71216073927127,0.00588418863949716,0.019060608203802,0.019060608203802,"gpath_trio"
"15292","CAPN15","Exc L3-4 RORB CUX2",0.054603974932481,3.93220455591452,3.76735518853981,0.0533428555780996,0.115919920711729,0.115919920711729,"gpath_trio"
"15293","PIGQ","Exc L3-4 RORB CUX2",0.027375371387095,5.31052059413433,1.21158725282623,0.272035987872182,0.411634745017722,0.411634745017722,"gpath_trio"
"15294","RAB40C","Exc L3-4 RORB CUX2",0.0489892254034088,6.57945238813648,4.28146909350941,0.0395181597091399,0.0913996184950014,0.0913996184950014,"gpath_trio"
"15295","WFIKKN1","Exc L3-4 RORB CUX2",-0.0721382312236355,1.53918028231883,0.833815889599114,0.362017370350497,0.509892519325697,0.509892519325697,"gpath_trio"
"15296","METTL26","Exc L3-4 RORB CUX2",-0.128798485011313,4.78341807695042,16.2587520060339,7.26516514764072e-05,0.000441623099890484,0.000441623099890484,"gpath_trio"
"15297","MCRIP2","Exc L3-4 RORB CUX2",-0.0679236922450848,3.79990259875789,5.32213459713118,0.0218424408538088,0.0562152371763736,0.0562152371763736,"gpath_trio"
"15298","WDR90","Exc L3-4 RORB CUX2",-0.106340715675842,2.85222082575792,6.55065394816589,0.0110510363579153,0.0320936603600031,0.0320936603600031,"gpath_trio"
"15299","RHOT2","Exc L3-4 RORB CUX2",-0.169229928700383,5.64712164277381,42.9123159511801,3.04927765198965e-10,7.65163888419046e-09,7.65163888419046e-09,"gpath_trio"
"15300","RHBDL1","Exc L3-4 RORB CUX2",-0.080393523927215,5.44200612556287,11.0661493694862,0.00100605790494374,0.00426412147736132,0.00426412147736132,"gpath_trio"
"15301","STUB1","Exc L3-4 RORB CUX2",-0.158609655412605,5.27209965264351,25.138875453215,9.88237881512026e-07,1.02454775228701e-05,1.02454775228701e-05,"gpath_trio"
"15302","JMJD8","Exc L3-4 RORB CUX2",-0.136554237749691,2.68361214853501,16.3054780897211,7.09855958877267e-05,0.000432669002125343,0.000432669002125343,"gpath_trio"
"15303","WDR24","Exc L3-4 RORB CUX2",-0.0626243509397761,2.43748061969718,3.46617880685127,0.0637640799129465,0.13399024187519,0.13399024187519,"gpath_trio"
"15304","FBXL16","Exc L3-4 RORB CUX2",-0.0695250647269574,5.80819599399258,5.67098358708953,0.0179680114154151,0.0479630365580842,0.0479630365580842,"gpath_trio"
"15305","METRN","Exc L3-4 RORB CUX2",-0.0250310131587629,4.26531809621193,0.540456241301967,0.462906285373935,0.608531589719107,0.608531589719107,"gpath_trio"
"15306","FAM173A","Exc L3-4 RORB CUX2",-0.206007520879869,4.95420880962529,42.2036712644625,4.16282584373953e-10,9.98632715784126e-09,9.98632715784126e-09,"gpath_trio"
"15307","CCDC78","Exc L3-4 RORB CUX2",-0.105486405287619,1.45102176437857,3.37281575545876,0.0674219402154313,0.140100694597417,0.140100694597417,"gpath_trio"
"15308","HAGHL","Exc L3-4 RORB CUX2",-0.0745942787320176,5.2234485623229,4.67256906891908,0.0315608035284751,0.0758293689635567,0.0758293689635567,"gpath_trio"
"15309","NARFL","Exc L3-4 RORB CUX2",-0.0914876326461312,4.30544469769373,6.6617123519076,0.0103992562591575,0.0305526423516094,0.0305526423516094,"gpath_trio"
"15310","MSLNL","Exc L3-4 RORB CUX2",-0.0794039595831903,1.51187934245665,1.09591898803397,0.29613565884526,0.439271885685106,0.439271885685106,"gpath_trio"
"15311","RPUSD1","Exc L3-4 RORB CUX2",-0.097072103673063,3.16175568799369,6.9173156541924,0.00904553908613562,0.0272359591592728,0.0272359591592728,"gpath_trio"
"15312","CHTF18","Exc L3-4 RORB CUX2",-0.0331962125118558,2.36750683275771,0.533860114926276,0.465646364432922,0.610979149481933,0.610979149481933,"gpath_trio"
"15313","GNG13","Exc L3-4 RORB CUX2",-0.0308934392459282,1.73518499884885,0.263214901448189,0.608355649156622,0.73623007578282,0.73623007578282,"gpath_trio"
"15314","PRR25","Exc L3-4 RORB CUX2",0.15527512197371,2.40331946910961,8.52759156192237,0.00380489360841067,0.0131625048953507,0.0131625048953507,"gpath_trio"
"15315","LMF1","Exc L3-4 RORB CUX2",0.120661895030288,6.24357938565765,18.0026654070909,3.07074781891301e-05,0.000210641221155684,0.000210641221155684,"gpath_trio"
"15316","LMF1-AS1","Exc L3-4 RORB CUX2",-0.227900298376795,-0.697265054227488,2.57171183035364,0.110003965315452,0.20589386772792,0.20589386772792,"gpath_trio"
"15317","SOX8","Exc L3-4 RORB CUX2",0.0287696072493559,3.35331182920105,0.70713630258242,0.401168806249103,0.549425067278234,0.549425067278234,"gpath_trio"
"15318","AC009041.1","Exc L3-4 RORB CUX2",-0.226713179015631,-0.892585624404483,3.45184434467227,0.0643115587516654,0.134831725845874,0.134831725845874,"gpath_trio"
"15319","CACNA1H","Exc L3-4 RORB CUX2",-0.0638512890782976,1.51189434800688,0.669940386658384,0.413821906864092,0.562136881967617,0.562136881967617,"gpath_trio"
"15320","AC120498.9","Exc L3-4 RORB CUX2",0.00614106692783267,-0.523445238106177,0.00373041611056823,0.951344702192473,0.976241576151737,0.976241576151737,"gpath_trio"
"15321","UBE2I","Exc L3-4 RORB CUX2",-0.00737895224415425,5.30411475713104,0.164599707360162,0.685290166226644,0.798717124659379,0.798717124659379,"gpath_trio"
"15322","AL031714.1","Exc L3-4 RORB CUX2",-0.278785629548441,-0.773309043653441,5.02228308558452,0.0258675257855902,0.0643657292457181,0.0643657292457181,"gpath_trio"
"15323","BAIAP3","Exc L3-4 RORB CUX2",-0.0740276438032628,6.45368666553779,4.2737580230356,0.0396948242953139,0.0917240957688647,0.0917240957688647,"gpath_trio"
"15324","TSR3","Exc L3-4 RORB CUX2",-0.164646902411588,2.5077845408823,11.1794496134309,0.000948839648894521,0.00405740566266362,0.00405740566266362,"gpath_trio"
"15325","GNPTG","Exc L3-4 RORB CUX2",0.0426103137977508,5.24319598653253,3.00105131834364,0.0843963639141087,0.167313983883747,0.167313983883747,"gpath_trio"
"15326","AL031709.1","Exc L3-4 RORB CUX2",0.0151038320949919,-0.150221372214617,0.0263091885267078,0.871273493584823,0.930542230443293,0.930542230443293,"gpath_trio"
"15327","UNKL","Exc L3-4 RORB CUX2",0.0366028803996596,4.58773313656074,2.40493742468258,0.122169280635345,0.223277945177831,0.223277945177831,"gpath_trio"
"15328","C16orf91","Exc L3-4 RORB CUX2",-0.306960400719516,2.57145547556221,50.5947709956713,1.09955171279375e-11,4.0703588634154e-10,4.0703588634154e-10,"gpath_trio"
"15329","CCDC154","Exc L3-4 RORB CUX2",0.00205752667836595,2.46819172931206,0.0016327631829554,0.96779928930161,0.983305398343986,0.983305398343986,"gpath_trio"
"15330","CLCN7","Exc L3-4 RORB CUX2",0.0127846257333791,5.53904767933262,0.398058060254051,0.528648057329889,0.668723716636185,0.668723716636185,"gpath_trio"
"15331","TELO2","Exc L3-4 RORB CUX2",-0.0788358186228375,3.32876226678448,6.19911316142738,0.0134068200385369,0.0377874537967981,0.0377874537967981,"gpath_trio"
"15332","IFT140","Exc L3-4 RORB CUX2",0.158480999622491,5.04372866611388,95.740485936503,1.87847341943388e-19,4.79724066292133e-17,4.79724066292133e-17,"gpath_trio"
"15333","TMEM204","Exc L3-4 RORB CUX2",0.0550390480288777,0.0652559549315271,0.347399763815502,0.737660306996975,0.839407503208691,0.839407503208691,"gpath_trio"
"15334","AL133297.2","Exc L3-4 RORB CUX2",-0.331619295790469,0.640234638963306,23.5854798629284,2.06534785112413e-06,1.96549023096365e-05,1.96549023096365e-05,"gpath_trio"
"15335","CRAMP1","Exc L3-4 RORB CUX2",0.0975256533940581,1.96904320112298,3.48930168060867,0.0628914520285801,0.132529250540694,0.132529250540694,"gpath_trio"
"15336","JPT2","Exc L3-4 RORB CUX2",0.0764630196255349,2.71912222374754,3.97497441153391,0.0472257696819644,0.105337744978843,0.105337744978843,"gpath_trio"
"15337","MAPK8IP3","Exc L3-4 RORB CUX2",0.0161177592091046,7.12855890115508,1.07673281864078,0.300393633279818,0.44382581848556,0.44382581848556,"gpath_trio"
"15338","NME3","Exc L3-4 RORB CUX2",-0.109473151418444,5.41096150006168,19.212807465741,1.69842275130563e-05,0.000125423422428957,0.000125423422428957,"gpath_trio"
"15339","MRPS34","Exc L3-4 RORB CUX2",-0.161052621744205,3.79047846702899,16.7254954291856,5.76423867219485e-05,0.000363530838423042,0.000363530838423042,"gpath_trio"
"15340","EME2","Exc L3-4 RORB CUX2",-0.0294198419529346,4.29328995510379,0.722264185748338,0.396184090916138,0.544334924695797,0.544334924695797,"gpath_trio"
"15341","SPSB3","Exc L3-4 RORB CUX2",-0.0841622141185193,4.59937608070331,12.8822292929377,0.000396374792737113,0.00192047585097773,0.00192047585097773,"gpath_trio"
"15342","NUBP2","Exc L3-4 RORB CUX2",-0.12700014460642,3.15872397010534,18.0808366184899,2.95511267935086e-05,0.000203687729094307,0.000203687729094307,"gpath_trio"
"15343","HAGH","Exc L3-4 RORB CUX2",-0.00128191001609112,6.45365895738654,0.00455081485387776,0.946267567431753,0.97402796800692,0.97402796800692,"gpath_trio"
"15344","FAHD1","Exc L3-4 RORB CUX2",-0.0460032407113998,4.03902182324904,2.62281799630718,0.10654946903466,0.200769173230062,0.200769173230062,"gpath_trio"
"15345","MEIOB","Exc L3-4 RORB CUX2",-0.182531136463513,1.50562369965257,12.6732482479491,0.000440893617257369,0.00210632932232238,0.00210632932232238,"gpath_trio"
"15346","MSRB1","Exc L3-4 RORB CUX2",-0.231746930410087,0.720019468552785,11.2256716923862,0.00092645882557077,0.00396758794436219,0.00396758794436219,"gpath_trio"
"15347","NDUFB10","Exc L3-4 RORB CUX2",-0.223002591875807,3.97653411242652,58.5771969648953,3.83093359770411e-13,1.96165191202235e-11,1.96165191202235e-11,"gpath_trio"
"15348","RPS2","Exc L3-4 RORB CUX2",-0.140619810484211,5.05356141971011,20.2583638001657,1.02157597465202e-05,8.07613451747829e-05,8.07613451747829e-05,"gpath_trio"
"15349","SNHG9","Exc L3-4 RORB CUX2",-0.25723675771853,3.41937090189585,33.2801451559174,2.26075823572957e-08,3.57731744359561e-07,3.57731744359561e-07,"gpath_trio"
"15350","AC005363.2","Exc L3-4 RORB CUX2",-0.0915203522819971,0.088027789288728,0.923420378236792,0.337471273135282,0.483768732626101,0.483768732626101,"gpath_trio"
"15351","TBL3","Exc L3-4 RORB CUX2",-0.0426194774124865,2.35119398709424,1.15139008451393,0.284253221647747,0.425544700660938,0.425544700660938,"gpath_trio"
"15352","NOXO1","Exc L3-4 RORB CUX2",-0.154235620053489,1.04104648136459,6.33790615980599,0.0124201250303454,0.0354823028160887,0.0354823028160887,"gpath_trio"
"15353","GFER","Exc L3-4 RORB CUX2",-0.0340154955052803,2.45028845660482,0.778273708801037,0.378484475096005,0.526651788748321,0.526651788748321,"gpath_trio"
"15354","AC005606.2","Exc L3-4 RORB CUX2",-0.0802166565418266,-0.389750451617159,0.759819029607204,0.384189334730686,0.532167513092454,0.532167513092454,"gpath_trio"
"15355","SYNGR3","Exc L3-4 RORB CUX2",-0.0879488761414886,5.28358545108656,10.9332555818611,0.00107767027111325,0.00451640999578517,0.00451640999578517,"gpath_trio"
"15356","ZNF598","Exc L3-4 RORB CUX2",-0.104510717293078,2.97922119005549,10.7983379298431,0.00115569390376864,0.00480249732410552,0.00480249732410552,"gpath_trio"
"15357","NPW","Exc L3-4 RORB CUX2",0.0337729140527554,1.24338330470738,0.359933675181058,0.961638696254522,0.980168842616133,0.980168842616133,"gpath_trio"
"15358","SLC9A3R2","Exc L3-4 RORB CUX2",-0.0580724055544467,2.82077961745502,1.49455626703579,0.222617896505984,0.352813516261447,0.352813516261447,"gpath_trio"
"15359","NTHL1","Exc L3-4 RORB CUX2",-0.187229823682777,2.69489613767173,20.9972086932263,7.14549766156693e-06,5.86256264018352e-05,5.86256264018352e-05,"gpath_trio"
"15360","TSC2","Exc L3-4 RORB CUX2",-0.041842106163411,5.49614282452887,5.20338543156507,0.0233520896536066,0.05920930108854,0.05920930108854,"gpath_trio"
"15361","PKD1","Exc L3-4 RORB CUX2",0.0604691470660628,7.5991728719256,7.93534127244151,0.00521977352253488,0.0172524460709602,0.0172524460709602,"gpath_trio"
"15362","RAB26","Exc L3-4 RORB CUX2",-0.023613838891967,5.54384245694401,0.587175483295616,0.444208546703241,0.590726216448348,0.590726216448348,"gpath_trio"
"15363","SNHG19","Exc L3-4 RORB CUX2",-0.249071450120394,2.57809950473256,22.9578374304245,2.78641343446427e-06,2.56225574477286e-05,2.56225574477286e-05,"gpath_trio"
"15364","TRAF7","Exc L3-4 RORB CUX2",-0.0760322250178434,3.7151697482036,7.4972924683785,0.0066060781847795,0.0209852979653482,0.0209852979653482,"gpath_trio"
"15365","CASKIN1","Exc L3-4 RORB CUX2",0.0424297533830533,5.39922467522624,4.86326035070244,0.0283099093288236,0.0692222058791681,0.0692222058791681,"gpath_trio"
"15366","MLST8","Exc L3-4 RORB CUX2",-0.0198162543604253,4.10739931360504,0.315469158144207,0.574827134972222,0.70874151732962,0.70874151732962,"gpath_trio"
"15367","BRICD5","Exc L3-4 RORB CUX2",-0.0669799551419485,3.52382362833257,3.30500588297772,0.0702198347655618,0.144707371439756,0.144707371439756,"gpath_trio"
"15368","PGP","Exc L3-4 RORB CUX2",-0.0364795595542107,6.74514357109775,1.44706699411221,0.230093393744862,0.361762330018906,0.361762330018906,"gpath_trio"
"15369","E4F1","Exc L3-4 RORB CUX2",-0.0991204917312728,3.9734596575005,11.6965071170513,0.000726907708015968,0.00323014572809524,0.00323014572809524,"gpath_trio"
"15370","DNASE1L2","Exc L3-4 RORB CUX2",0.0088287660777205,1.9386557998024,0.0283142180077243,0.86650303384236,0.927657134930731,0.927657134930731,"gpath_trio"
"15371","ECI1","Exc L3-4 RORB CUX2",0.0187997192167173,2.87118981544671,0.28592018556156,0.59330387167244,0.723913251345115,0.723913251345115,"gpath_trio"
"15372","AC009065.8","Exc L3-4 RORB CUX2",0.122192584615916,-0.597033941562557,1.06801462340228,0.302354599072858,0.446004535811575,0.446004535811575,"gpath_trio"
"15373","RNPS1","Exc L3-4 RORB CUX2",-0.0507082182233294,6.72739795586389,8.10281373131352,0.00477213426272082,0.0159453144667758,0.0159453144667758,"gpath_trio"
"15374","AC009065.4","Exc L3-4 RORB CUX2",-0.0931625276665495,2.27819915168689,3.91408752507302,0.0489384071183357,0.108390862181625,0.108390862181625,"gpath_trio"
"15375","ABCA3","Exc L3-4 RORB CUX2",0.0179234243694968,6.9445033115637,1.52360675092483,0.218188942649612,0.34784369165989,0.34784369165989,"gpath_trio"
"15376","CCNF","Exc L3-4 RORB CUX2",0.0166078734102043,4.0559446791227,0.400283397529782,0.527498940798775,0.667688759057362,0.667688759057362,"gpath_trio"
"15377","AC106820.3","Exc L3-4 RORB CUX2",0.0963083854587257,-0.766055928513756,0.65080216881008,0.420563323502694,0.56876915969495,0.56876915969495,"gpath_trio"
"15378","AC106820.5","Exc L3-4 RORB CUX2",0.134729859058236,0.336272895342946,2.86899644448775,0.0914986930661263,0.178087566717306,0.178087566717306,"gpath_trio"
"15379","TEDC2","Exc L3-4 RORB CUX2",-0.0908502477066278,2.19108003257219,4.14554551968683,0.0427577724468517,0.0972534452215596,0.0972534452215596,"gpath_trio"
"15380","AC106820.2","Exc L3-4 RORB CUX2",-0.00450044957010741,0.303792300817615,0.0013291438471292,0.970945600289475,0.985006661931923,0.985006661931923,"gpath_trio"
"15381","TBC1D24","Exc L3-4 RORB CUX2",0.0992070150888696,2.18655536112777,5.25149779814047,0.0227277324358689,0.0580040114786087,0.0580040114786087,"gpath_trio"
"15382","AMDHD2","Exc L3-4 RORB CUX2",-0.0252440151916613,4.14645555875622,0.76887131637664,0.381375880213941,0.529579350493238,0.529579350493238,"gpath_trio"
"15383","PDPK1","Exc L3-4 RORB CUX2",-0.0056017240391832,6.60290349674024,0.0787908883853203,0.779165920168829,0.870109404030723,0.870109404030723,"gpath_trio"
"15384","AC093525.6","Exc L3-4 RORB CUX2",-0.103888169076288,1.96529478890511,2.79797482859252,0.0955862231624253,0.184153175353507,0.184153175353507,"gpath_trio"
"15385","AC093525.7","Exc L3-4 RORB CUX2",0.0448165363998763,1.06480105821354,0.377649582330265,0.539401214376372,0.678074615243523,0.678074615243523,"gpath_trio"
"15386","AC093525.4","Exc L3-4 RORB CUX2",-0.0748313590353278,4.06942653642168,1.98302558848788,0.160266594735237,0.274648766061106,0.274648766061106,"gpath_trio"
"15387","KCTD5","Exc L3-4 RORB CUX2",-0.00602111782082417,3.15702457854478,0.051022237426678,0.821471412170716,0.897740411708152,0.897740411708152,"gpath_trio"
"15388","PRSS27","Exc L3-4 RORB CUX2",-0.0602541540006734,-0.162592412334131,0.385390679948727,0.535276063193052,0.674401709543485,0.674401709543485,"gpath_trio"
"15389","SRRM2-AS1","Exc L3-4 RORB CUX2",-0.0732666733039568,0.947425428420842,1.43866430439576,0.231447489082381,0.363381563598213,0.363381563598213,"gpath_trio"
"15390","SRRM2","Exc L3-4 RORB CUX2",0.0288587980290837,7.11292486455181,1.2530761249246,0.263998799997535,0.402579997794763,0.402579997794763,"gpath_trio"
"15391","ELOB","Exc L3-4 RORB CUX2",-0.222019394864145,4.66898276424686,36.035501278081,6.48538763825657e-09,1.18624384045173e-07,1.18624384045173e-07,"gpath_trio"
"15392","PRSS21","Exc L3-4 RORB CUX2",-0.271418210332336,-1.55059816089345,2.0172668166792,0.156716848710979,0.270213009379027,0.270213009379027,"gpath_trio"
"15393","FLYWCH2","Exc L3-4 RORB CUX2",-0.0341182592308336,3.98397477573834,1.71783484412511,0.191128497118439,0.314289463637176,0.314289463637176,"gpath_trio"
"15394","FLYWCH1","Exc L3-4 RORB CUX2",-0.0598393319037368,5.63310941025465,7.39201259300607,0.006992422666716,0.0219627733005025,0.0219627733005025,"gpath_trio"
"15395","AC004034.1","Exc L3-4 RORB CUX2",-0.141552403381837,1.76690312659298,6.28040592019813,0.0128194556056013,0.0364168567787957,0.0364168567787957,"gpath_trio"
"15396","KREMEN2","Exc L3-4 RORB CUX2",-0.154796601104752,-0.89908528907415,1.09677389092385,0.295947747243625,0.439057710172817,0.439057710172817,"gpath_trio"
"15397","PKMYT1","Exc L3-4 RORB CUX2",0.0736697381367672,0.146431638177827,0.79035315169091,0.374815109752236,0.523097318708589,0.523097318708589,"gpath_trio"
"15398","PAQR4","Exc L3-4 RORB CUX2",-0.137600848168357,3.26555511700061,12.0123982425653,0.000618088631283898,0.00280917732285484,0.00280917732285484,"gpath_trio"
"15399","AC004233.4","Exc L3-4 RORB CUX2",0.057706695299143,0.42223297146826,0.504634508912619,0.478107476627046,0.622098062840974,0.622098062840974,"gpath_trio"
"15400","AC004233.3","Exc L3-4 RORB CUX2",0.0685111487126444,0.610137713471872,0.79100340309693,0.374619007996212,0.522859805349262,0.522859805349262,"gpath_trio"
"15401","CLDN9","Exc L3-4 RORB CUX2",0.089252678796826,1.26274251302545,1.71042175274409,0.192085795773669,0.315477933062013,0.315477933062013,"gpath_trio"
"15402","CLDN6","Exc L3-4 RORB CUX2",-0.0345651789294373,-0.9572693821957,0.0943857174169705,0.758919877446652,0.855852908188162,0.855852908188162,"gpath_trio"
"15403","HCFC1R1","Exc L3-4 RORB CUX2",-0.13757342174124,4.61733249089701,21.0201070179101,7.0669385637803e-06,5.80755541850377e-05,5.80755541850377e-05,"gpath_trio"
"15404","THOC6","Exc L3-4 RORB CUX2",-0.0268609636030611,0.971366088178187,0.230576352807046,0.63150052759112,0.754904493935583,0.754904493935583,"gpath_trio"
"15405","BICDL2","Exc L3-4 RORB CUX2",-0.189809071779061,1.41809050934777,7.79903399567236,0.00561580655851733,0.0183772941093474,0.0183772941093474,"gpath_trio"
"15406","MMP25","Exc L3-4 RORB CUX2",-0.143811842717302,0.668609700841453,3.73825582628296,0.0542654406438844,0.117550234294878,0.117550234294878,"gpath_trio"
"15407","MMP25-AS1","Exc L3-4 RORB CUX2",-0.0653131461283619,3.76970787442203,4.55568703685646,0.0337451059803857,0.0801798979100554,0.0801798979100554,"gpath_trio"
"15408","ZNF213-AS1","Exc L3-4 RORB CUX2",0.0105400419285098,3.80344137586611,0.155098058852327,0.694033088509129,0.805830890922634,0.805830890922634,"gpath_trio"
"15409","ZNF205","Exc L3-4 RORB CUX2",-0.0192645737638844,2.60599523521582,0.272608663969313,0.602031730864274,0.730967730094023,0.730967730094023,"gpath_trio"
"15410","ZNF213","Exc L3-4 RORB CUX2",-0.276839732271099,3.94820680753605,57.7523316126753,5.39631158092584e-13,2.67495297654002e-11,2.67495297654002e-11,"gpath_trio"
"15411","AC108134.2","Exc L3-4 RORB CUX2",0.560513878007152,-0.237333163205393,12.3005331150099,0.000533310166399007,0.00247820263405556,0.00247820263405556,"gpath_trio"
"15412","AJ003147.2","Exc L3-4 RORB CUX2",0.129783388100162,2.2645331756908,3.37229485466652,0.0674429701203259,0.140129961089349,0.140129961089349,"gpath_trio"
"15413","ZNF200","Exc L3-4 RORB CUX2",0.0037415111952649,2.86658483326219,0.0108946781002811,0.916950187823182,0.957975767144773,0.957975767144773,"gpath_trio"
"15414","MEFV","Exc L3-4 RORB CUX2",0.311822214858576,-1.30759756669724,4.87823294813121,0.0280699825565872,0.0687271720969839,0.0687271720969839,"gpath_trio"
"15415","ZNF263","Exc L3-4 RORB CUX2",0.0089824122381359,4.02538195383509,0.0982281406701698,0.754217660533038,0.852121929845665,0.852121929845665,"gpath_trio"
"15416","TIGD7","Exc L3-4 RORB CUX2",0.0345479532449777,3.86891374011261,1.3541924310365,0.711923641163734,0.820090182738286,0.820090182738286,"gpath_trio"
"15417","ZNF75A","Exc L3-4 RORB CUX2",0.0180597299892092,5.08396782593944,0.660075178547037,0.41727664553653,0.565839247459302,0.565839247459302,"gpath_trio"
"15418","AC025283.3","Exc L3-4 RORB CUX2",-0.0182001668977844,3.01755596558864,0.253103096936364,0.615324420339593,0.741941798969118,0.741941798969118,"gpath_trio"
"15419","ZSCAN32","Exc L3-4 RORB CUX2",-0.0434246688937878,2.62736448058778,1.44993246029823,0.582793878572618,0.715372748856326,0.715372748856326,"gpath_trio"
"15420","ZNF597","Exc L3-4 RORB CUX2",-0.118382445100138,1.8373828185676,6.27584682811687,0.0128516808205148,0.0364929852996321,0.0364929852996321,"gpath_trio"
"15421","NAA60","Exc L3-4 RORB CUX2",-0.0317721404865776,3.52564717985972,1.23428248090577,0.267602118595326,0.406419206764582,0.406419206764582,"gpath_trio"
"15422","CLUAP1","Exc L3-4 RORB CUX2",0.046021940609532,5.57369400634526,6.85148616270134,0.00937579516423984,0.028045860151158,0.028045860151158,"gpath_trio"
"15423","NLRC3","Exc L3-4 RORB CUX2",-0.183935972458198,1.84712564831542,10.6905757064291,0.00122213294899551,0.00502784099632636,0.00502784099632636,"gpath_trio"
"15424","AC004494.1","Exc L3-4 RORB CUX2",0.13079426049167,2.22064274844442,7.71200096284972,0.00588469419728248,0.019060608203802,0.019060608203802,"gpath_trio"
"15425","AC006111.1","Exc L3-4 RORB CUX2",0.109252932546464,-0.520371032734006,1.14403137861806,0.437590264457636,0.584738613421168,0.584738613421168,"gpath_trio"
"15426","SLX4","Exc L3-4 RORB CUX2",-0.0668627070964111,4.18666522372023,6.33348268216869,0.0124503835422386,0.035558676099188,0.035558676099188,"gpath_trio"
"15427","DNASE1","Exc L3-4 RORB CUX2",-0.0769349676161099,5.43040600983692,13.5352119149689,0.000284552414516869,0.00144970832395905,0.00144970832395905,"gpath_trio"
"15428","TRAP1","Exc L3-4 RORB CUX2",0.0637053418776743,6.15422545694426,13.0174538002478,0.000370028797470437,0.00181285356701459,0.00181285356701459,"gpath_trio"
"15429","CREBBP","Exc L3-4 RORB CUX2",0.0559560178044794,7.02002034683242,12.9246957303481,0.000387901853665602,0.00188895001151425,0.00188895001151425,"gpath_trio"
"15430","ADCY9","Exc L3-4 RORB CUX2",0.0933044889569009,7.55617363004116,34.1364646641594,1.53125965708328e-08,2.53846865913354e-07,2.53846865913354e-07,"gpath_trio"
"15431","SRL","Exc L3-4 RORB CUX2",-0.0734661321528651,-0.17970269973576,0.653555085079893,0.419583569324138,0.567822545687851,0.567822545687851,"gpath_trio"
"15432","LINC01569","Exc L3-4 RORB CUX2",0.101952174942207,0.243256577035015,1.86762044983692,0.172928439241702,0.291075526589466,0.291075526589466,"gpath_trio"
"15433","TFAP4","Exc L3-4 RORB CUX2",0.105701598025142,2.83798173460558,7.19090422712038,0.0077963541227048,0.0240396522123749,0.0240396522123749,"gpath_trio"
"15434","GLIS2","Exc L3-4 RORB CUX2",0.0399077232009466,2.18864392030532,0.847569612004953,0.358094174156509,0.505743784641762,0.505743784641762,"gpath_trio"
"15435","GLIS2-AS1","Exc L3-4 RORB CUX2",0.00738394735379331,0.434556639003609,0.0104081585088989,0.918819129931821,0.959133644454623,0.959133644454623,"gpath_trio"
"15436","PAM16","Exc L3-4 RORB CUX2",0.048468153525215,1.07843578040342,0.695901610074117,0.610123568273263,0.737787280622937,0.737787280622937,"gpath_trio"
"15437","CORO7","Exc L3-4 RORB CUX2",0.053411062571947,0.215862792901949,0.550450220617846,0.458803449132147,0.604516691891397,0.604516691891397,"gpath_trio"
"15438","VASN","Exc L3-4 RORB CUX2",0.0866473490686791,1.91852119652057,2.98548606792758,0.085201418295178,0.168622583294606,0.168622583294606,"gpath_trio"
"15439","DNAJA3","Exc L3-4 RORB CUX2",-0.093847231363431,4.9389210913303,18.4396929917988,2.47826546559853e-05,0.000173849116023819,0.000173849116023819,"gpath_trio"
"15440","NMRAL1","Exc L3-4 RORB CUX2",-0.0536073833552703,4.27887727258259,4.22625739706599,0.0408016433229422,0.0937661640323908,0.0937661640323908,"gpath_trio"
"15441","HMOX2","Exc L3-4 RORB CUX2",-0.0433038599467649,5.19104927200704,4.50347496309674,0.0347716714062376,0.0822606086562903,0.0822606086562903,"gpath_trio"
"15442","CDIP1","Exc L3-4 RORB CUX2",-0.0614586367791381,6.21843698098144,7.12318545994723,0.00808798781476953,0.024772302134959,0.024772302134959,"gpath_trio"
"15443","C16orf96","Exc L3-4 RORB CUX2",-0.0942045844633855,0.861128584787887,2.16686491453949,0.142222816207575,0.250948514691955,0.250948514691955,"gpath_trio"
"15444","UBALD1","Exc L3-4 RORB CUX2",-0.0542666113529336,4.36560643081383,4.179500562066,0.0419230220141742,0.0957433743644968,0.0957433743644968,"gpath_trio"
"15445","MGRN1","Exc L3-4 RORB CUX2",0.0570206963872203,5.9677118227696,7.53574807148761,0.00647049072640663,0.0206257686012718,0.0206257686012718,"gpath_trio"
"15446","AC023830.1","Exc L3-4 RORB CUX2",-0.105037038507807,-0.609777833047956,0.871986163001561,0.440228524464982,0.587136278249555,0.587136278249555,"gpath_trio"
"15447","NUDT16L1","Exc L3-4 RORB CUX2",-0.0868752978857621,3.71678288509592,7.14156967073493,0.0080077217949288,0.0245824387116081,0.0245824387116081,"gpath_trio"
"15448","ANKS3","Exc L3-4 RORB CUX2",0.012374698872322,5.90009305195029,0.489737036775151,0.484670269685542,0.628299344015024,0.628299344015024,"gpath_trio"
"15449","C16orf71","Exc L3-4 RORB CUX2",-0.0865408013049766,0.579495260826028,1.72390476889964,0.190348812603233,0.313444677266045,0.313444677266045,"gpath_trio"
"15450","ZNF500","Exc L3-4 RORB CUX2",0.096366353606762,4.39445674453033,15.8609607321372,8.85410937790008e-05,0.000524307768415421,0.000524307768415421,"gpath_trio"
"15451","SEPT12","Exc L3-4 RORB CUX2",-0.0139889670522084,0.0765653627616136,0.0207122271292746,0.885677151806662,0.940008250800369,0.940008250800369,"gpath_trio"
"15452","SMIM22","Exc L3-4 RORB CUX2",-0.218942403433317,-0.548684550071427,3.50951340011349,0.062139170759127,0.13133592780781,0.13133592780781,"gpath_trio"
"15453","ROGDI","Exc L3-4 RORB CUX2",-0.0393793543210977,5.45190260417163,1.98330939947984,0.160236796764225,0.274639144908525,0.274639144908525,"gpath_trio"
"15454","GLYR1","Exc L3-4 RORB CUX2",0.0187230290045842,6.38748580574525,1.51894335216748,0.218892738464748,0.348580077237848,0.348580077237848,"gpath_trio"
"15455","UBN1","Exc L3-4 RORB CUX2",-0.00514393343271145,4.86042672099204,0.0568627257444048,0.811712889584024,0.891340762093756,0.891340762093756,"gpath_trio"
"15456","PPL","Exc L3-4 RORB CUX2",-0.0245730365442934,3.95227565719332,0.476037265302662,0.490838136908645,0.634501147698591,0.634501147698591,"gpath_trio"
"15457","SEC14L5","Exc L3-4 RORB CUX2",0.0685313606458043,6.31774048698787,10.0675332740697,0.00169039913490881,0.00661439149472173,0.00661439149472173,"gpath_trio"
"15458","NAGPA-AS1","Exc L3-4 RORB CUX2",0.0686609792473035,2.32237967502101,2.23123747151885,0.136458016915483,0.24343801319921,0.24343801319921,"gpath_trio"
"15459","NAGPA","Exc L3-4 RORB CUX2",-0.066645285715662,6.16896675095343,11.4074336997457,0.000843536446345942,0.00366064697892652,0.00366064697892652,"gpath_trio"
"15460","ALG1","Exc L3-4 RORB CUX2",0.107861191165287,3.98935498891574,11.3871056268108,0.00085242225260589,0.00368810185424058,0.00368810185424058,"gpath_trio"
"15461","C16orf89","Exc L3-4 RORB CUX2",-0.0850608453411587,-0.180401990429862,0.760752272735285,0.383897919755303,0.531873405511827,0.531873405511827,"gpath_trio"
"15462","EEF2KMT","Exc L3-4 RORB CUX2",-0.164514262648251,0.796915722361933,7.35016844543884,0.00715236285427123,0.022354596527486,0.022354596527486,"gpath_trio"
"15463","AC026458.2","Exc L3-4 RORB CUX2",0.00824958639905189,3.49523916706432,0.0631474799259002,0.801787139453694,0.884807414968341,0.884807414968341,"gpath_trio"
"15464","RBFOX1","Exc L3-4 RORB CUX2",0.0772633320011949,12.8686380154845,26.2127389976898,5.9560924392889e-07,6.52003065451185e-06,6.52003065451185e-06,"gpath_trio"
"15465","LINC01570","Exc L3-4 RORB CUX2",-0.142018532855863,-0.511685631747899,1.35624478035796,0.245256766812293,0.380067657189218,0.380067657189218,"gpath_trio"
"15466","TMEM114","Exc L3-4 RORB CUX2",-0.237077758876277,-0.0669365161034372,6.59870189278402,0.0107640243754217,0.0314006894565814,0.0314006894565814,"gpath_trio"
"15467","METTL22","Exc L3-4 RORB CUX2",-0.0266872262990226,4.27656139779659,1.09049974747494,0.447556539170526,0.593847627607061,0.593847627607061,"gpath_trio"
"15468","ABAT","Exc L3-4 RORB CUX2",-0.0091585500822963,6.2983588061403,0.282610834707878,0.595448956265996,0.725521360832617,0.725521360832617,"gpath_trio"
"15469","TMEM186","Exc L3-4 RORB CUX2",-0.105644565438581,2.01886996129075,6.23354719667769,0.0131546955886702,0.0372276593493367,0.0372276593493367,"gpath_trio"
"15470","PMM2","Exc L3-4 RORB CUX2",0.0364912598455155,4.76148560726507,2.34757235646004,0.126694082935712,0.229716286800394,0.229716286800394,"gpath_trio"
"15471","AC022167.2","Exc L3-4 RORB CUX2",0.0550986619672763,1.38887862844844,1.06968825776638,0.30197686927017,0.445610249965308,0.445610249965308,"gpath_trio"
"15472","CARHSP1","Exc L3-4 RORB CUX2",-0.231781208152333,2.28268243203307,14.2993191208716,0.0001934828555064,0.00103404413505738,0.00103404413505738,"gpath_trio"
"15473","AC022167.4","Exc L3-4 RORB CUX2",0.160261419223207,-0.912317067397309,1.58357209039217,0.209375720878041,0.337284826630029,0.337284826630029,"gpath_trio"
"15474","USP7","Exc L3-4 RORB CUX2",-0.0455527664135966,5.76705421101628,9.14690162052616,0.00274078500617811,0.00997930653305242,0.00997930653305242,"gpath_trio"
"15475","AC022167.3","Exc L3-4 RORB CUX2",-0.0586170377224403,-0.517223533376557,0.409334579733633,0.522870772942773,0.663245384729358,0.663245384729358,"gpath_trio"
"15476","C16orf72","Exc L3-4 RORB CUX2",-0.00810736615508506,5.30390162726165,0.225124961428816,0.635560640509876,0.758409884798412,0.758409884798412,"gpath_trio"
"15477","AC087190.1","Exc L3-4 RORB CUX2",-0.501449711038802,1.17498349268223,35.6328419319779,7.77689711486191e-09,1.39465688259857e-07,1.39465688259857e-07,"gpath_trio"
"15478","LINC02177","Exc L3-4 RORB CUX2",0.0907048519903584,2.03906263182704,2.38774501604705,0.123506154023756,0.225190841159447,0.225190841159447,"gpath_trio"
"15479","AC007221.1","Exc L3-4 RORB CUX2",0.0440166050748952,1.69206738281299,0.6226719788069,0.99973586894131,0.999912280893192,0.999912280893192,"gpath_trio"
"15480","AC007221.2","Exc L3-4 RORB CUX2",-0.0429223570205095,2.47048156579018,0.518941422137315,0.471940710952845,0.617054247031396,0.617054247031396,"gpath_trio"
"15481","AC007218.1","Exc L3-4 RORB CUX2",0.0133611851440655,-0.247280731435622,0.0143004470486959,0.904904663717942,0.951837229551476,0.951837229551476,"gpath_trio"
"15482","GRIN2A","Exc L3-4 RORB CUX2",0.0755590305725174,10.0338434180885,26.3158047882481,5.67433764633148e-07,6.24548619829446e-06,6.24548619829446e-06,"gpath_trio"
"15483","AC007218.2","Exc L3-4 RORB CUX2",-0.380244339859103,-0.689881457342567,9.89093944918124,0.00185388955472608,0.00714447275022248,0.00714447275022248,"gpath_trio"
"15484","AC133565.1","Exc L3-4 RORB CUX2",-0.366775631327346,3.03005508732557,62.9092000951463,6.43673520721141e-14,3.9712884649997e-12,3.9712884649997e-12,"gpath_trio"
"15485","ATF7IP2","Exc L3-4 RORB CUX2",0.193186734687946,6.62356377636443,32.8658064989447,2.73113934106626e-08,4.20937633353796e-07,4.20937633353796e-07,"gpath_trio"
"15486","EMP2","Exc L3-4 RORB CUX2",0.0171650953561258,0.182696333110398,0.0441145538328544,0.946193297578011,0.97402796800692,0.97402796800692,"gpath_trio"
"15487","TEKT5","Exc L3-4 RORB CUX2",0.148342762962204,1.55858889895847,4.04685202876426,0.0452854647182966,0.101854431515232,0.101854431515232,"gpath_trio"
"15488","NUBP1","Exc L3-4 RORB CUX2",-0.148405823494765,3.50625488818441,19.2076093185384,1.70273357402269e-05,0.000125649780014293,0.000125649780014293,"gpath_trio"
"15489","TVP23A","Exc L3-4 RORB CUX2",0.0821185970516211,5.80168185206523,17.1405391868205,4.69486978714013e-05,0.000305348155885081,0.000305348155885081,"gpath_trio"
"15490","AC133065.1","Exc L3-4 RORB CUX2",0.113319583363463,1.22173613100046,1.93719702733976,0.165162664921205,0.280805948554622,0.280805948554622,"gpath_trio"
"15491","CIITA","Exc L3-4 RORB CUX2",-0.261731835109061,0.352877289080465,5.66287910612871,0.0180493922552719,0.0480967344980528,0.0480967344980528,"gpath_trio"
"15492","DEXI","Exc L3-4 RORB CUX2",-0.0846205114758398,4.05754013327997,9.92171302064565,0.00182427976275719,0.00705073643939201,0.00705073643939201,"gpath_trio"
"15493","CLEC16A","Exc L3-4 RORB CUX2",0.0454390287374646,7.22823127892973,7.02053385377461,0.00855165231369198,0.0259677280898157,0.0259677280898157,"gpath_trio"
"15494","AC007014.1","Exc L3-4 RORB CUX2",-0.40822043220952,1.72184266702449,35.7996622527881,7.21298388502187e-09,1.30396012437559e-07,1.30396012437559e-07,"gpath_trio"
"15495","AC007220.1","Exc L3-4 RORB CUX2",0.0331183549714412,2.56296435721976,0.535774945160311,0.464848261099482,0.610408335568996,0.610408335568996,"gpath_trio"
"15496","RMI2","Exc L3-4 RORB CUX2",-0.133405516511807,1.88581997980708,5.99209608024295,0.0150318371476176,0.0415605474103311,0.0415605474103311,"gpath_trio"
"15497","AC009121.2","Exc L3-4 RORB CUX2",0.10777634906731,-1.21821629329615,0.508937222267692,0.476239114009945,0.62051192100927,0.62051192100927,"gpath_trio"
"15498","AC099489.1","Exc L3-4 RORB CUX2",-0.211956508865443,1.20480956095708,13.006251196574,0.000372142174614462,0.0018214565336105,0.0018214565336105,"gpath_trio"
"15499","SNN","Exc L3-4 RORB CUX2",-0.114385614898583,5.48980421995692,14.4500787344612,0.000179350740376326,0.000968004597938036,0.000968004597938036,"gpath_trio"
"15500","TXNDC11","Exc L3-4 RORB CUX2",-0.0030195953323387,5.1600637369699,0.0269883426697658,0.869637345519758,0.929675076145828,0.929675076145828,"gpath_trio"
"15501","AC007613.1","Exc L3-4 RORB CUX2",0.0134239480699208,-0.167857790983087,0.0223301439670859,0.881328021690363,0.937062170958895,0.937062170958895,"gpath_trio"
"15502","ZC3H7A","Exc L3-4 RORB CUX2",0.0137395773893012,5.11936674486356,0.576566809015567,0.448349029785596,0.594586319327181,0.594586319327181,"gpath_trio"
"15503","RSL1D1","Exc L3-4 RORB CUX2",-0.0808098254310954,4.14974495468551,10.707913722277,0.00121118636519199,0.00499094871686037,0.00499094871686037,"gpath_trio"
"15504","AC007216.4","Exc L3-4 RORB CUX2",-0.0301074218492777,4.35584361035053,1.88300349149515,0.171175837667114,0.288824330930337,0.288824330930337,"gpath_trio"
"15505","GSPT1","Exc L3-4 RORB CUX2",-0.00759750309037916,6.15885759717314,0.178120520385315,0.67334219122521,0.789644441533053,0.789644441533053,"gpath_trio"
"15506","AC007216.2","Exc L3-4 RORB CUX2",-0.253517162710718,0.835937573162192,3.93838104735333,0.0482472974795263,0.107024653837212,0.107024653837212,"gpath_trio"
"15507","NPIPB2","Exc L3-4 RORB CUX2",0.102826635193058,2.39852796774954,1.32040667481894,0.251575029096999,0.387998336749561,0.387998336749561,"gpath_trio"
"15508","SNX29","Exc L3-4 RORB CUX2",0.0484404902200036,6.58090870881222,6.81321324112607,0.0095734956000892,0.0285337972716501,0.0285337972716501,"gpath_trio"
"15509","AC010333.2","Exc L3-4 RORB CUX2",-0.259568653009526,1.24867155810771,15.7570611402396,9.3243513740111e-05,0.000549722345860693,0.000549722345860693,"gpath_trio"
"15510","CPPED1","Exc L3-4 RORB CUX2",0.111373874083009,4.497486225459,19.1748666269776,1.73014275227994e-05,0.000127299890690182,0.000127299890690182,"gpath_trio"
"15511","AC109597.1","Exc L3-4 RORB CUX2",-0.401538059409284,0.299636478532765,19.7721483653026,1.29352750936827e-05,9.96086469105849e-05,9.96086469105849e-05,"gpath_trio"
"15512","SHISA9","Exc L3-4 RORB CUX2",0.201284842232499,8.63436883189236,44.9043726087415,1.27671600236705e-10,3.48548651525781e-09,3.48548651525781e-09,"gpath_trio"
"15513","U91319.1","Exc L3-4 RORB CUX2",0.151935615193749,6.38072569865324,22.0445231762691,4.31558183721233e-06,3.77239443525818e-05,3.77239443525818e-05,"gpath_trio"
"15514","U95743.1","Exc L3-4 RORB CUX2",-0.151436998551542,0.272012647849146,2.92522592507705,0.0883978751615318,0.173552659729847,0.173552659729847,"gpath_trio"
"15515","ERCC4","Exc L3-4 RORB CUX2",-0.0186918487102198,4.68407817434588,0.765061596376878,0.382556360772706,0.530743678901757,0.530743678901757,"gpath_trio"
"15516","AC010401.1","Exc L3-4 RORB CUX2",-0.0577897022481321,-0.639090205531927,0.241142020878972,0.623796723122513,0.748706611606327,0.748706611606327,"gpath_trio"
"15517","LINC02185","Exc L3-4 RORB CUX2",-0.137234468683115,-0.968425580801538,1.31025441939912,0.253401208492312,0.390025829653499,0.390025829653499,"gpath_trio"
"15518","MKL2","Exc L3-4 RORB CUX2",0.069297807742208,9.36729223303048,28.6500851826566,1.90518698982615e-07,2.38148373728268e-06,2.38148373728268e-06,"gpath_trio"
"15519","AC130650.1","Exc L3-4 RORB CUX2",-0.39779279657442,4.69860901302179,43.5809970416724,2.27489854957717e-10,5.90683117602566e-09,5.90683117602566e-09,"gpath_trio"
"15520","MIR193BHG","Exc L3-4 RORB CUX2",0.0868782050867677,3.83886776757148,5.20815332961165,0.0232894251509176,0.0590875443183805,0.0590875443183805,"gpath_trio"
"15521","AC040173.1","Exc L3-4 RORB CUX2",0.171392266333462,2.03094626913244,13.1334494950146,0.000348849806417658,0.00172302847327844,0.00172302847327844,"gpath_trio"
"15522","PARN","Exc L3-4 RORB CUX2",-0.0574042213871713,6.15797551516851,12.2144113888913,0.000557331518709895,0.00256950717321118,0.00256950717321118,"gpath_trio"
"15523","BFAR","Exc L3-4 RORB CUX2",0.0424481541935935,4.21252301370023,3.74669373942869,0.0539961815082561,0.117111692316606,0.117111692316606,"gpath_trio"
"15524","PLA2G10","Exc L3-4 RORB CUX2",-0.11987879563045,0.863286769469207,2.94635189072233,0.196904797898933,0.321768532124653,0.321768532124653,"gpath_trio"
"15525","NPIPA3","Exc L3-4 RORB CUX2",-0.797488674949681,-1.23578767140476,18.7973885790803,2.08032292924621e-05,0.000149095968374928,0.000149095968374928,"gpath_trio"
"15526","NPIPA2","Exc L3-4 RORB CUX2",-0.0857356054980231,1.17017383129695,0.733338020556448,0.392591868688127,0.540582442729757,0.540582442729757,"gpath_trio"
"15527","NOMO1","Exc L3-4 RORB CUX2",-0.111568281073187,4.26754463560428,10.4483824443379,0.0013860291838467,0.00559150945493046,0.00559150945493046,"gpath_trio"
"15528","NPIPA1","Exc L3-4 RORB CUX2",-0.0693086572891653,5.24915478079038,1.42885303656449,0.233040818820727,0.365222658925531,0.365222658925531,"gpath_trio"
"15529","PDXDC1","Exc L3-4 RORB CUX2",-0.111875528257397,7.10181319124237,15.2855232677845,0.000117981261475974,0.000673534790684147,0.000673534790684147,"gpath_trio"
"15530","AC138932.5","Exc L3-4 RORB CUX2",0.267015955218343,0.663541815302456,5.87007539299794,0.0160840546266166,0.0438211751643469,0.0438211751643469,"gpath_trio"
"15531","NTAN1","Exc L3-4 RORB CUX2",-0.043064648159755,4.22872966578013,3.0004193243704,0.0844288898517053,0.167356342381426,0.167356342381426,"gpath_trio"
"15532","RRN3","Exc L3-4 RORB CUX2",-0.0241731895091048,4.44099033440028,1.50601342709625,0.220858397592736,0.350907085480662,0.350907085480662,"gpath_trio"
"15533","NPIPA5","Exc L3-4 RORB CUX2",-0.0499064844854356,3.27412834495007,0.233496812542119,0.629349674904565,0.753275395597233,0.753275395597233,"gpath_trio"
"15534","AC140504.1","Exc L3-4 RORB CUX2",-0.0422876957070133,1.35578449343009,0.584056280760005,0.445419757700067,0.591809972473027,0.591809972473027,"gpath_trio"
"15535","C16orf45","Exc L3-4 RORB CUX2",-0.0343058026615212,7.0148733934401,4.09016428578908,0.0441572190132335,0.0997505199408785,0.0997505199408785,"gpath_trio"
"15536","MARF1","Exc L3-4 RORB CUX2",-0.0092916684872163,5.43387626943828,0.282156886404496,0.595744456399103,0.725837575206951,0.725837575206951,"gpath_trio"
"15537","MYH11","Exc L3-4 RORB CUX2",-0.0981814905712875,0.368297630363632,1.45045826641965,0.229549607078455,0.361076198566025,0.361076198566025,"gpath_trio"
"15538","FOPNL","Exc L3-4 RORB CUX2",-0.0113386257000638,4.31832535314353,0.25681304280178,0.612747624782777,0.739586199820073,0.739586199820073,"gpath_trio"
"15539","ABCC1","Exc L3-4 RORB CUX2",0.100035553261976,5.39843267223817,32.1712719719532,3.75205675011269e-08,5.63227268850621e-07,5.63227268850621e-07,"gpath_trio"
"15540","ABCC6","Exc L3-4 RORB CUX2",-0.164588901862391,0.944153945219265,8.71542980211236,0.00344362712864117,0.0121142877238998,0.0121142877238998,"gpath_trio"
"15541","NOMO3","Exc L3-4 RORB CUX2",-0.0972568001800468,2.24785491265699,3.96888861674968,0.0473940543772566,0.105596360801894,0.105596360801894,"gpath_trio"
"15542","AC136624.2","Exc L3-4 RORB CUX2",-0.0884493848123455,-0.513344734699727,0.63786137993303,0.425215196137993,0.573481956152417,0.573481956152417,"gpath_trio"
"15543","AC138969.1","Exc L3-4 RORB CUX2",0.103066836524444,1.34832882577438,1.38786294656442,0.239843434485169,0.373440381025279,0.373440381025279,"gpath_trio"
"15544","NPIPA7","Exc L3-4 RORB CUX2",-0.0224767257144768,-0.236734955069853,0.0445736594678183,0.832955307051108,0.904804734301396,0.904804734301396,"gpath_trio"
"15545","XYLT1","Exc L3-4 RORB CUX2",0.0726256995676898,7.90649222675254,8.28087019228668,0.00433920971266141,0.0147082587286532,0.0147082587286532,"gpath_trio"
"15546","AC109446.3","Exc L3-4 RORB CUX2",-0.410342489413916,-0.360135701947875,13.7766013190153,0.000251846706325821,0.00130482981513185,0.00130482981513185,"gpath_trio"
"15547","AC010601.1","Exc L3-4 RORB CUX2",0.028995313720917,0.153530937157727,0.144298884987517,0.927919430504036,0.964292495643295,0.964292495643295,"gpath_trio"
"15548","NPIPA8","Exc L3-4 RORB CUX2",0.320091114809808,3.59154974792576,4.14851022990643,0.0426841923121717,0.0971079814950457,0.0971079814950457,"gpath_trio"
"15549","AC126755.2","Exc L3-4 RORB CUX2",-0.124300828929395,0.578112760553047,1.97576352200681,0.161031219023303,0.275532596369701,0.275532596369701,"gpath_trio"
"15550","NOMO2","Exc L3-4 RORB CUX2",-0.0448990141471922,3.41967188137395,1.56314117851825,0.212329939816776,0.340873441219341,0.340873441219341,"gpath_trio"
"15551","RPS15A","Exc L3-4 RORB CUX2",-0.180594627230156,3.25266601817052,21.0343037283845,7.01867195144095e-06,5.77902928614101e-05,5.77902928614101e-05,"gpath_trio"
"15552","ARL6IP1","Exc L3-4 RORB CUX2",-0.0515887304075986,-0.971164918982853,0.120566116627641,0.72870218854595,0.832242663680415,0.832242663680415,"gpath_trio"
"15553","AC138811.1","Exc L3-4 RORB CUX2",0.0483128956416085,0.480350836053643,0.424656841699055,0.515198056135236,0.656443146553517,0.656443146553517,"gpath_trio"
"15554","SMG1","Exc L3-4 RORB CUX2",0.0629464813564928,6.97194533272706,19.3895362265875,1.55824766889142e-05,0.000116999057386991,0.000116999057386991,"gpath_trio"
"15555","AC092287.1","Exc L3-4 RORB CUX2",-0.0895148835802396,-0.167808357775521,0.981279917769335,0.322803978343338,0.468294403039969,0.468294403039969,"gpath_trio"
"15556","TMC7","Exc L3-4 RORB CUX2",-0.168155694706703,2.88445703554796,20.0256658197623,1.14365173010141e-05,8.9396255927144e-05,8.9396255927144e-05,"gpath_trio"
"15557","AC099518.4","Exc L3-4 RORB CUX2",0.138516492135704,-0.142737542052149,2.38972965956211,0.123350999124889,0.224968939373046,0.224968939373046,"gpath_trio"
"15558","COQ7","Exc L3-4 RORB CUX2",-0.0630743562199511,3.47363774036322,3.74196152499127,0.054147013614105,0.117350520965149,0.117350520965149,"gpath_trio"
"15559","AC099518.3","Exc L3-4 RORB CUX2",0.0278691996252598,-0.707417148148573,0.0612644242468453,0.804703857629101,0.887007612285806,0.887007612285806,"gpath_trio"
"15560","SYT17","Exc L3-4 RORB CUX2",0.199739298990798,4.13408989850536,9.3189535115616,0.00250313576052705,0.00925770191908951,0.00925770191908951,"gpath_trio"
"15561","CLEC19A","Exc L3-4 RORB CUX2",0.152317586625626,-1.03884121843837,1.12576049159623,0.289666007693616,0.431849009017789,0.431849009017789,"gpath_trio"
"15562","AC130456.2","Exc L3-4 RORB CUX2",-0.175996564587463,-0.0961350717794812,3.77166410554403,0.0532076698268922,0.115774885543308,0.115774885543308,"gpath_trio"
"15563","TMC5","Exc L3-4 RORB CUX2",-0.0290540817665243,1.25729308616682,0.300351273662826,0.720772354301149,0.82697806233085,0.82697806233085,"gpath_trio"
"15564","GDE1","Exc L3-4 RORB CUX2",-0.0944395447931219,4.3152773665484,14.6707330755048,0.000160530562221091,0.000878173560957294,0.000878173560957294,"gpath_trio"
"15565","CCP110","Exc L3-4 RORB CUX2",0.0109956081154539,5.18214465784426,0.352850715289476,0.732412900677171,0.835345710394139,0.835345710394139,"gpath_trio"
"15566","VPS35L","Exc L3-4 RORB CUX2",0.0242943655030386,6.53654620655878,2.84890430539677,0.0926353243052504,0.179722147765623,0.179722147765623,"gpath_trio"
"15567","KNOP1","Exc L3-4 RORB CUX2",-0.104768246554964,4.25921414592869,3.6738414226022,0.0563687468456389,0.121163378181415,0.121163378181415,"gpath_trio"
"15568","AC002550.1","Exc L3-4 RORB CUX2",-0.302903717283848,-0.471583863831268,6.87135809247578,0.00927481106736385,0.0277907482649914,0.0277907482649914,"gpath_trio"
"15569","IQCK","Exc L3-4 RORB CUX2",0.0130377162882324,5.32229700784922,0.378654998738656,0.53886215754613,0.67756584783379,0.67756584783379,"gpath_trio"
"15570","AC027130.1","Exc L3-4 RORB CUX2",-0.50564535232687,1.40535303209606,52.1772473904701,5.609742045367e-12,2.19334391017983e-10,2.19334391017983e-10,"gpath_trio"
"15571","GPR139","Exc L3-4 RORB CUX2",-0.0656638105279699,-1.05557023455587,0.218925958123423,0.640251455476766,0.762134542565097,0.762134542565097,"gpath_trio"
"15572","ACSM3","Exc L3-4 RORB CUX2",-0.352730786978872,2.02941874895612,48.6056283874618,2.57603594401306e-11,8.69089049673302e-10,8.69089049673302e-10,"gpath_trio"
"15573","ACSM1","Exc L3-4 RORB CUX2",0.125008682213263,0.323820247301464,1.90238390927068,0.168996919867115,0.286104964195606,0.286104964195606,"gpath_trio"
"15574","THUMPD1","Exc L3-4 RORB CUX2",-0.0803273585285311,4.98811474564416,17.9614756465778,3.13351002882783e-05,0.000214300219768141,0.000214300219768141,"gpath_trio"
"15575","AC004381.1","Exc L3-4 RORB CUX2",-0.128923321503508,-0.435539629752979,1.78287975311966,0.182963921215972,0.304286300431312,0.304286300431312,"gpath_trio"
"15576","ERI2","Exc L3-4 RORB CUX2",-0.0806097423762691,3.81523185365978,7.66400990367049,0.00603858321050432,0.0194800793527222,0.0194800793527222,"gpath_trio"
"15577","REXO5","Exc L3-4 RORB CUX2",-0.0494009532104953,2.56958404283663,0.812871687823639,0.368106993415712,0.516522366960772,0.516522366960772,"gpath_trio"
"15578","LYRM1","Exc L3-4 RORB CUX2",0.0112521491015647,3.98658418277775,0.264953212810425,0.607174748927179,0.735190887024717,0.735190887024717,"gpath_trio"
"15579","DNAH3","Exc L3-4 RORB CUX2",-0.175815812587177,2.27373606945486,13.8583055328218,0.000241663174185767,0.00125950776006145,0.00125950776006145,"gpath_trio"
"15580","AC008551.1","Exc L3-4 RORB CUX2",-0.0833385113623306,-1.26425471022095,0.315051594740771,0.575080181664673,0.708836917466079,0.708836917466079,"gpath_trio"
"15581","TMEM159","Exc L3-4 RORB CUX2",-0.0125548950888578,1.89087003352923,0.0341247582649801,0.853585700086448,0.919242633673753,0.919242633673753,"gpath_trio"
"15582","ANKS4B","Exc L3-4 RORB CUX2",-0.204722374410328,0.343771390226343,5.56592580188819,0.0190531962230845,0.0503073202199619,0.0503073202199619,"gpath_trio"
"15583","CRYM","Exc L3-4 RORB CUX2",-0.100349237172582,6.82353645996257,9.08491113759159,0.00283195923907738,0.0102664514311572,0.0102664514311572,"gpath_trio"
"15584","NPIPB3","Exc L3-4 RORB CUX2",0.142545477614714,1.75425970214726,3.11187929288305,0.0788975230544668,0.158731305108084,0.158731305108084,"gpath_trio"
"15585","METTL9","Exc L3-4 RORB CUX2",-0.0137475403831439,5.75455007818033,0.466277416101675,0.566584272722633,0.701814023639733,0.701814023639733,"gpath_trio"
"15586","IGSF6","Exc L3-4 RORB CUX2",-0.192693344696808,0.383917662007172,5.36009387663524,0.0213816200259649,0.0552335702975469,0.0552335702975469,"gpath_trio"
"15587","OTOA","Exc L3-4 RORB CUX2",0.0344710486203364,2.27393322160352,0.45910450414304,0.498645250930646,0.641919853083575,0.641919853083575,"gpath_trio"
"15588","NPIPB4","Exc L3-4 RORB CUX2",0.0387547534065704,4.08640424221431,0.708081018469786,0.400854856275328,0.549106920515667,0.549106920515667,"gpath_trio"
"15589","AC092119.2","Exc L3-4 RORB CUX2",0.00802487401203858,1.21526881116271,0.0191228604136069,0.890121876209064,0.942823844659542,0.942823844659542,"gpath_trio"
"15590","UQCRC2","Exc L3-4 RORB CUX2",-0.0476854654454002,6.28436978224144,7.50792311438631,0.00656830691978904,0.0208850420972015,0.0208850420972015,"gpath_trio"
"15591","PDZD9","Exc L3-4 RORB CUX2",-0.299191802704181,1.41193504343406,23.2737986146595,2.39620687426813e-06,2.24331664447144e-05,2.24331664447144e-05,"gpath_trio"
"15592","MOSMO","Exc L3-4 RORB CUX2",0.0976523277590488,7.50594246662461,19.6303973418868,1.38583870940593e-05,0.000105506777216093,0.000105506777216093,"gpath_trio"
"15593","VWA3A","Exc L3-4 RORB CUX2",0.105689341443714,6.56364173995197,5.61278008317639,0.0185610370642077,0.0492217550988843,0.0492217550988843,"gpath_trio"
"15594","SDR42E2","Exc L3-4 RORB CUX2",0.209559163434768,1.87957684361759,13.6174985786265,0.000272945103918178,0.00139905169500743,0.00139905169500743,"gpath_trio"
"15595","EEF2K","Exc L3-4 RORB CUX2",0.132030809087935,5.29412533962182,17.6862541524923,3.58756771016365e-05,0.000240622269124175,0.000240622269124175,"gpath_trio"
"15596","AC009034.1","Exc L3-4 RORB CUX2",-0.276508105892819,-1.06839582878425,4.43339793342051,0.0362014210910595,0.0850248743320285,0.0850248743320285,"gpath_trio"
"15597","POLR3E","Exc L3-4 RORB CUX2",-0.0332153615145555,3.99858359749652,1.39181198281435,0.239177627081947,0.372848758026447,0.372848758026447,"gpath_trio"
"15598","CDR2","Exc L3-4 RORB CUX2",0.0968711852000999,6.52719044611808,29.1007239958575,1.54530587403962e-07,1.98450324689684e-06,1.98450324689684e-06,"gpath_trio"
"15599","AC092338.2","Exc L3-4 RORB CUX2",-0.309112990196493,1.88798117291246,29.0765268861989,1.56275868390146e-07,2.0056397231369e-06,2.0056397231369e-06,"gpath_trio"
"15600","NPIPB5","Exc L3-4 RORB CUX2",0.183350792837062,5.53271303665267,40.395442349443,9.24732801380517e-10,2.05467888412466e-08,2.05467888412466e-08,"gpath_trio"
"15601","AC009021.1","Exc L3-4 RORB CUX2",-0.0154426880800761,0.123461549592337,0.0295981587009347,0.863539005318354,0.925740963101498,0.925740963101498,"gpath_trio"
"15602","AC130466.1","Exc L3-4 RORB CUX2",0.360758809869061,-0.644261530290456,8.70676230048024,0.00345949800457974,0.0121552372417966,0.0121552372417966,"gpath_trio"
"15603","HS3ST2","Exc L3-4 RORB CUX2",0.342389979082317,2.745758825635,1.48114106505399,0.224699571548832,0.355206488704407,0.355206488704407,"gpath_trio"
"15604","USP31","Exc L3-4 RORB CUX2",0.0378049603074007,6.26728084868421,4.82227134898475,0.0289777877196743,0.0706327011289633,0.0706327011289633,"gpath_trio"
"15605","SCNN1B","Exc L3-4 RORB CUX2",-0.230100334285754,-0.428398024412974,6.40108974472816,0.0119961269297033,0.0344074297422184,0.0344074297422184,"gpath_trio"
"15606","COG7","Exc L3-4 RORB CUX2",-0.0106353396303256,5.91658348542198,0.45750009729883,0.737680051146969,0.839407503208691,0.839407503208691,"gpath_trio"
"15607","AC008915.2","Exc L3-4 RORB CUX2",-0.0430940357891254,-0.316294205652488,0.204103129621945,0.6518057349815,0.771588376650341,0.771588376650341,"gpath_trio"
"15608","GGA2","Exc L3-4 RORB CUX2",0.05989176538264,6.56760876423235,19.368950943719,1.57395370422849e-05,0.000117950553771975,0.000117950553771975,"gpath_trio"
"15609","EARS2","Exc L3-4 RORB CUX2",0.0905496926384608,4.02236248847707,12.4214743457953,0.000501341789976152,0.00234894640559581,0.00234894640559581,"gpath_trio"
"15610","UBFD1","Exc L3-4 RORB CUX2",-0.0688290914497978,4.52203705913619,12.3262323910859,0.000526347973309448,0.00244961254014259,0.00244961254014259,"gpath_trio"
"15611","NDUFAB1","Exc L3-4 RORB CUX2",-0.115126006877205,4.19996995338459,16.4049897416712,6.75652540244348e-05,0.000416476932460425,0.000416476932460425,"gpath_trio"
"15612","PALB2","Exc L3-4 RORB CUX2",0.037920173100464,3.63185240615432,1.80509684619987,0.180268902577603,0.300845819298796,0.300845819298796,"gpath_trio"
"15613","AC008870.4","Exc L3-4 RORB CUX2",-0.238374521103949,-0.334210161108322,6.57517413978216,0.0109035917850741,0.0317339821500101,0.0317339821500101,"gpath_trio"
"15614","DCTN5","Exc L3-4 RORB CUX2",0.0294048469300457,6.099436383506,2.24122806033518,0.135587151384672,0.242312939957991,0.242312939957991,"gpath_trio"
"15615","PLK1","Exc L3-4 RORB CUX2",0.0581926156318148,2.31502315364393,1.9715102353312,0.161480988784366,0.276050020582494,0.276050020582494,"gpath_trio"
"15616","PRKCB","Exc L3-4 RORB CUX2",-0.0027968255364697,9.83229213429536,0.0288457031395998,0.865267860266106,0.926821157289596,0.926821157289596,"gpath_trio"
"15617","LINC2194","Exc L3-4 RORB CUX2",0.185897558070452,-0.270789675343012,3.64730000865165,0.0572605573087761,0.122662109121316,0.122662109121316,"gpath_trio"
"15618","CACNG3","Exc L3-4 RORB CUX2",0.0588038307061002,7.94795351693344,6.50214597696918,0.011348822277369,0.032840288216569,0.032840288216569,"gpath_trio"
"15619","RBBP6","Exc L3-4 RORB CUX2",0.0622677336353678,6.31745160677037,5.74317222904718,0.0172597366531041,0.0464906791690753,0.0464906791690753,"gpath_trio"
"15620","TNRC6A","Exc L3-4 RORB CUX2",0.0775689975198844,9.45680876866096,38.8756186289242,1.81652323621834e-09,3.78208011255986e-08,3.78208011255986e-08,"gpath_trio"
"15621","LINC01567","Exc L3-4 RORB CUX2",-0.359909734973709,2.48622791011377,47.0522375543741,5.02977824607402e-11,1.54218504733349e-09,1.54218504733349e-09,"gpath_trio"
"15622","AC008731.1","Exc L3-4 RORB CUX2",-0.508481526958468,3.54769715202927,122.652734944476,1.31663556229717e-23,1.47572902607475e-20,1.47572902607475e-20,"gpath_trio"
"15623","ARHGAP17","Exc L3-4 RORB CUX2",0.055895778936887,5.37168563820323,11.7751074067375,0.000698130707536915,0.00311955415826296,0.00311955415826296,"gpath_trio"
"15624","LINC02175","Exc L3-4 RORB CUX2",0.169166514094913,1.05404264649312,5.21393909141825,0.0232136184508453,0.058978368074713,0.058978368074713,"gpath_trio"
"15625","LCMT1","Exc L3-4 RORB CUX2",-0.0228980253449379,5.84765012733525,2.06069516923383,0.278319980833867,0.418881433295283,0.418881433295283,"gpath_trio"
"15626","LCMT1-AS2","Exc L3-4 RORB CUX2",-0.365334083552151,-0.88396226141936,10.5646331342468,0.00130473529100764,0.00531778474668266,0.00531778474668266,"gpath_trio"
"15627","AQP8","Exc L3-4 RORB CUX2",-0.0071969743276671,0.310873804255108,0.0083866440309481,0.927103352650308,0.963732521268234,0.963732521268234,"gpath_trio"
"15628","ZKSCAN2","Exc L3-4 RORB CUX2",-0.0379290910178588,2.31768740041717,0.92583892739081,0.336840507226607,0.483399031223319,0.483399031223319,"gpath_trio"
"15629","AC008741.2","Exc L3-4 RORB CUX2",0.0117483977146777,2.98148529879036,0.10654320881233,0.849253391635863,0.916054507569989,0.916054507569989,"gpath_trio"
"15630","HS3ST4","Exc L3-4 RORB CUX2",0.127170772926291,5.31373928890539,3.16523526259501,0.076389789836326,0.154750879601152,0.154750879601152,"gpath_trio"
"15631","AC009158.1","Exc L3-4 RORB CUX2",-0.161555975338375,-1.52054514330607,0.793019904259988,0.374011792084044,0.522310271220713,0.522310271220713,"gpath_trio"
"15632","KDM8","Exc L3-4 RORB CUX2",0.0511586903561287,2.24332904344087,1.50429239636982,0.221121630398629,0.351197590857339,0.351197590857339,"gpath_trio"
"15633","NSMCE1","Exc L3-4 RORB CUX2",-0.0480081809202064,3.09290805982383,2.11383129863056,0.147179440897399,0.257688555072899,0.257688555072899,"gpath_trio"
"15634","AC106739.1","Exc L3-4 RORB CUX2",0.0046349560329496,2.34167677363318,0.00964353129528215,0.998499690254314,0.99914350019248,0.99914350019248,"gpath_trio"
"15635","IL21R-AS1","Exc L3-4 RORB CUX2",-0.125196376257429,0.980159209205873,1.67154031450805,0.197199986122107,0.322120453405677,0.322120453405677,"gpath_trio"
"15636","GTF3C1","Exc L3-4 RORB CUX2",0.00110249422862205,5.85777744463262,0.00406370997652622,0.949220473827601,0.975112568202429,0.975112568202429,"gpath_trio"
"15637","KIAA0556","Exc L3-4 RORB CUX2",0.0528503796628719,5.74374459832942,11.0128502567026,0.00103417824819581,0.00436496781534527,0.00436496781534527,"gpath_trio"
"15638","GSG1L","Exc L3-4 RORB CUX2",0.0940401182984727,3.84548489948464,2.85487382635049,0.0922960202995654,0.179286752315014,0.179286752315014,"gpath_trio"
"15639","XPO6","Exc L3-4 RORB CUX2",0.00580800187822403,6.1605531535793,0.140427061550495,0.708162288229852,0.816970160397831,0.816970160397831,"gpath_trio"
"15640","AC138904.3","Exc L3-4 RORB CUX2",0.0733740526727006,5.08561670530021,2.47311111971916,0.117024536478175,0.215929213777866,0.215929213777866,"gpath_trio"
"15641","AC138904.1","Exc L3-4 RORB CUX2",0.0500959609723978,0.0728722387569125,0.365101968689783,0.546213161609325,0.684335250292997,0.684335250292997,"gpath_trio"
"15642","SBK1","Exc L3-4 RORB CUX2",0.01642995737844,4.60989447080811,0.215632724625046,0.642776483019586,0.764367979916286,0.764367979916286,"gpath_trio"
"15643","NPIPB6","Exc L3-4 RORB CUX2",0.128268559308762,1.30789591216136,2.26532568251201,0.133512203044562,0.239495749659824,0.239495749659824,"gpath_trio"
"15644","EIF3CL","Exc L3-4 RORB CUX2",-0.0512683137985568,0.0920484932078983,0.357337063597687,0.550509181110579,0.688392384337792,0.688392384337792,"gpath_trio"
"15645","AC138894.1","Exc L3-4 RORB CUX2",0.124754111053457,1.39120183500618,3.62930378596419,0.0578738092239478,0.123752421949459,0.123752421949459,"gpath_trio"
"15646","IL27","Exc L3-4 RORB CUX2",-0.247624447811676,-0.168203446431236,7.93748838265384,0.00521376989444012,0.0172354264493412,0.0172354264493412,"gpath_trio"
"15647","NUPR1","Exc L3-4 RORB CUX2",-0.245231621330509,-0.143853607585582,3.29101571966878,0.0708124923095472,0.145660892367977,0.145660892367977,"gpath_trio"
"15648","AC020765.2","Exc L3-4 RORB CUX2",-0.176009980295468,0.412814031970006,5.33649244511923,0.0216669330931158,0.0558847321853248,0.0558847321853248,"gpath_trio"
"15649","SGF29","Exc L3-4 RORB CUX2",-0.0223800859576705,3.40183403323169,0.354095029200577,0.552321660075647,0.689761033242103,0.689761033242103,"gpath_trio"
"15650","SULT1A2","Exc L3-4 RORB CUX2",-0.0219418586528163,2.56192848835094,0.0609750184939578,0.80515632558002,0.887261678603486,0.887261678603486,"gpath_trio"
"15651","SULT1A1","Exc L3-4 RORB CUX2",0.0692607436938049,5.91271971494463,7.43614569316772,0.00682771493141378,0.0215375385318731,0.0215375385318731,"gpath_trio"
"15652","EIF3C","Exc L3-4 RORB CUX2",0.00136216213203149,0.193033007187459,0.000288943468701408,0.98645097859498,0.993046678965806,0.993046678965806,"gpath_trio"
"15653","NPIPB9","Exc L3-4 RORB CUX2",0.00841700454185172,-0.880186806303267,0.00286838334457714,0.957329011862001,0.978696255961244,0.978696255961244,"gpath_trio"
"15654","AC145285.2","Exc L3-4 RORB CUX2",-0.0743399015282337,-0.294493070307701,0.618651903307467,0.551920134999576,0.689430296799979,0.689430296799979,"gpath_trio"
"15655","AC145285.6","Exc L3-4 RORB CUX2",-0.0440075116747184,0.0514614327302926,0.261312213024783,0.609653880284299,0.737440316250119,0.737440316250119,"gpath_trio"
"15656","ATXN2L","Exc L3-4 RORB CUX2",0.0240737816029882,5.54727903947463,0.987185106859982,0.321355079409071,0.466763047305833,0.466763047305833,"gpath_trio"
"15657","AC133550.1","Exc L3-4 RORB CUX2",-0.123288846202098,-0.0950730194944121,1.47586770456699,0.225524267843357,0.356188516027848,0.356188516027848,"gpath_trio"
"15658","TUFM","Exc L3-4 RORB CUX2",-0.176273322603366,4.57970803039039,33.3095632624733,2.23064865994851e-08,3.53521890922711e-07,3.53521890922711e-07,"gpath_trio"
"15659","SH2B1","Exc L3-4 RORB CUX2",0.0462020321372874,5.60938383439998,8.57295722304887,0.00371423239065205,0.0128997484044423,0.0128997484044423,"gpath_trio"
"15660","AC133550.2","Exc L3-4 RORB CUX2",-0.0633782728533563,3.36599034986768,2.68568399333932,0.102463177696305,0.194744031833063,0.194744031833063,"gpath_trio"
"15661","ATP2A1","Exc L3-4 RORB CUX2",-0.0679939762471919,1.61943480583857,1.8308905368578,0.179297045608902,0.299620466757194,0.299620466757194,"gpath_trio"
"15662","ATP2A1-AS1","Exc L3-4 RORB CUX2",-0.0855579109505233,0.101709889681799,1.09422107127084,0.296509324587106,0.439632220441307,0.439632220441307,"gpath_trio"
"15663","RABEP2","Exc L3-4 RORB CUX2",-0.0396845533789099,3.32822358217762,1.89704576829786,0.169593872354628,0.286826756203757,0.286826756203757,"gpath_trio"
"15664","NFATC2IP","Exc L3-4 RORB CUX2",0.0229644070451366,5.39476633170606,1.94391096825367,0.164434764734194,0.279979017513071,0.279979017513071,"gpath_trio"
"15665","AC109460.2","Exc L3-4 RORB CUX2",-0.222323734826274,1.13575194505487,13.3067304310424,0.000319480401123954,0.00160017802698008,0.00160017802698008,"gpath_trio"
"15666","SPNS1","Exc L3-4 RORB CUX2",-0.0163704302598794,4.05146044810679,0.546105492846912,0.460579955891432,0.606421758801125,0.606421758801125,"gpath_trio"
"15667","LAT","Exc L3-4 RORB CUX2",-0.0144838379956082,2.70007406000538,0.0606508893707063,0.805664436220171,0.887533034877249,0.887533034877249,"gpath_trio"
"15668","AC009093.2","Exc L3-4 RORB CUX2",0.208284415486295,4.72770092145673,15.5944867808082,0.000101114988680445,0.00058891307639376,0.00058891307639376,"gpath_trio"
"15669","AC009093.4","Exc L3-4 RORB CUX2",0.176929344160358,-1.22341525818109,1.39415036334478,0.238784439076291,0.372344895129825,0.372344895129825,"gpath_trio"
"15670","NPIPB11","Exc L3-4 RORB CUX2",-0.0820320537780486,2.35768139083812,1.75265200214293,0.186706413538575,0.308880844045981,0.308880844045981,"gpath_trio"
"15671","NPIPB12","Exc L3-4 RORB CUX2",-0.0550641888221609,1.05595528389643,0.515813629457541,0.473277799723107,0.61805810145729,0.61805810145729,"gpath_trio"
"15672","QPRT","Exc L3-4 RORB CUX2",0.441318855009437,0.557328886467479,13.2293973428481,0.000332264051990463,0.0016543502588617,0.0016543502588617,"gpath_trio"
"15673","KIF22","Exc L3-4 RORB CUX2",-0.106384923888746,3.09368162772877,10.0329463167975,0.00172121880577141,0.0067141510839981,0.0067141510839981,"gpath_trio"
"15674","MAZ","Exc L3-4 RORB CUX2",0.0233722951484657,4.51451782880211,0.711350339776846,0.399771144990023,0.548031721830109,0.548031721830109,"gpath_trio"
"15675","AC009133.1","Exc L3-4 RORB CUX2",-0.227234512559389,1.79392299370405,14.9346804351494,0.000140626157798455,0.000782225732998025,0.000782225732998025,"gpath_trio"
"15676","MVP","Exc L3-4 RORB CUX2",-0.0147387288695186,2.28629498463985,0.0658850298049805,0.797628188313092,0.881809890910002,0.881809890910002,"gpath_trio"
"15677","CDIPT","Exc L3-4 RORB CUX2",-0.0800972534604437,4.7983395833384,11.9925547001293,0.000624408978854055,0.00283470997938356,0.00283470997938356,"gpath_trio"
"15678","SEZ6L2","Exc L3-4 RORB CUX2",-0.0507932279271157,6.68447206847503,3.82993757738213,0.0514148291536079,0.112822947375902,0.112822947375902,"gpath_trio"
"15679","ASPHD1","Exc L3-4 RORB CUX2",-0.0690731736994543,5.17391284622081,10.1959734756553,0.00158079216766088,0.00625710849177129,0.00625710849177129,"gpath_trio"
"15680","KCTD13","Exc L3-4 RORB CUX2",-0.00568610257708317,4.71506095132091,0.0443321944854499,0.833401690155564,0.905042474910567,0.905042474910567,"gpath_trio"
"15681","AC120114.1","Exc L3-4 RORB CUX2",0.0147137509834474,-0.774800225157254,0.0156335210952039,0.900593187463405,0.94939218084827,0.94939218084827,"gpath_trio"
"15682","TMEM219","Exc L3-4 RORB CUX2",-0.0816190741620497,4.08257244821491,13.207284996288,0.000336014008405625,0.00166931362215796,0.00166931362215796,"gpath_trio"
"15683","TAOK2","Exc L3-4 RORB CUX2",-0.0473006210584667,4.20576835398981,4.76081826170689,0.0300102148015295,0.0727624184137552,0.0727624184137552,"gpath_trio"
"15684","HIRIP3","Exc L3-4 RORB CUX2",-0.0246851570304354,2.37738826136751,0.377217749379026,0.832958529376944,0.904804734301396,0.904804734301396,"gpath_trio"
"15685","INO80E","Exc L3-4 RORB CUX2",-0.049438642042355,3.5118600714886,2.91209383550063,0.0891116546102163,0.174495548069602,0.174495548069602,"gpath_trio"
"15686","DOC2A","Exc L3-4 RORB CUX2",-0.0691258450351198,5.96072145887801,6.14876618033535,0.0137844965845034,0.0386414087247959,0.0386414087247959,"gpath_trio"
"15687","FAM57B","Exc L3-4 RORB CUX2",-0.0955286607928903,3.8596176937457,9.98413682407248,0.00176569021487729,0.00685185614255611,0.00685185614255611,"gpath_trio"
"15688","AC093512.2","Exc L3-4 RORB CUX2",0.0788522012175761,0.755997859453488,1.41663807407395,0.375070243816177,0.523344779652214,0.523344779652214,"gpath_trio"
"15689","PPP4C","Exc L3-4 RORB CUX2",-0.0392525050487493,3.85094990576991,2.50190284211334,0.114924479125267,0.212813342482997,0.212813342482997,"gpath_trio"
"15690","YPEL3","Exc L3-4 RORB CUX2",-0.0321039478952545,6.69417828891885,1.30323075270568,0.254674209748363,0.391608847335318,0.391608847335318,"gpath_trio"
"15691","AC012645.1","Exc L3-4 RORB CUX2",-0.0199185773519865,1.8932224946429,0.196188617599606,0.994716925387496,0.997121037462752,0.997121037462752,"gpath_trio"
"15692","GDPD3","Exc L3-4 RORB CUX2",0.0585988666353027,0.555411054863332,0.705323526658064,0.401772235983014,0.549990152053013,0.549990152053013,"gpath_trio"
"15693","MAPK3","Exc L3-4 RORB CUX2",-0.0147625587673074,5.09582043366924,0.160232745411387,0.689271011758167,0.801927260700991,0.801927260700991,"gpath_trio"
"15694","CORO1A","Exc L3-4 RORB CUX2",-0.241207631260529,3.86559816601126,42.4556572975213,3.72626762435843e-10,9.02047253255066e-09,9.02047253255066e-09,"gpath_trio"
"15695","AC012645.3","Exc L3-4 RORB CUX2",-0.225409249692508,0.495667138992699,7.14648128656157,0.00798641668605304,0.02452823209638,0.02452823209638,"gpath_trio"
"15696","SULT1A3","Exc L3-4 RORB CUX2",-0.165423082983211,0.0646365221840322,2.28125598928828,0.13216010465786,0.237513817163044,0.237513817163044,"gpath_trio"
"15697","NPIPB13","Exc L3-4 RORB CUX2",-0.00360104827836003,3.75513643604833,0.00486103083668961,0.944469244667739,0.973030715322151,0.973030715322151,"gpath_trio"
"15698","CD2BP2","Exc L3-4 RORB CUX2",-0.0615050219844138,3.93166803097872,5.40853966531063,0.0208081646809622,0.0540080692703477,0.0540080692703477,"gpath_trio"
"15699","TBC1D10B","Exc L3-4 RORB CUX2",-0.0518513071988437,4.28384089082803,5.32052561586034,0.0218622008783164,0.0562517411962803,0.0562517411962803,"gpath_trio"
"15700","MYLPF","Exc L3-4 RORB CUX2",-0.0932324685834784,1.198281727581,1.01332770439178,0.315042829899361,0.460012238055989,0.460012238055989,"gpath_trio"
"15701","ZNF48","Exc L3-4 RORB CUX2",0.0204011662521308,3.27664626405412,0.477179630626163,0.494509546965471,0.638020727123385,0.638020727123385,"gpath_trio"
"15702","SEPT1","Exc L3-4 RORB CUX2",-0.0285704853814966,3.56947408940052,0.921689732606005,0.337923607669361,0.484205169369983,0.484205169369983,"gpath_trio"
"15703","ZNF771","Exc L3-4 RORB CUX2",0.063314982028135,4.37404709264982,7.08449566733003,0.00825962654930646,0.0252252445704296,0.0252252445704296,"gpath_trio"
"15704","DCTPP1","Exc L3-4 RORB CUX2",-0.180165990276277,2.12623596899716,19.1102611002821,1.78554128425714e-05,0.000130993801490501,0.000130993801490501,"gpath_trio"
"15705","SEPHS2","Exc L3-4 RORB CUX2",-0.158135858683785,3.28580296222403,24.439851878662,1.37599537918813e-06,1.38388368769294e-05,1.38388368769294e-05,"gpath_trio"
"15706","ITGAL","Exc L3-4 RORB CUX2",-0.384258280779796,2.23996078953264,62.8643914454497,6.55572513770486e-14,4.03237056869498e-12,4.03237056869498e-12,"gpath_trio"
"15707","AC116348.3","Exc L3-4 RORB CUX2",0.078258717968719,-1.21989765177144,0.347601852907091,0.55598577093272,0.692579212680145,0.692579212680145,"gpath_trio"
"15708","ZNF768","Exc L3-4 RORB CUX2",-0.0717474560892975,2.79288287471716,4.21739573774497,0.0410117140886277,0.0941416920853413,0.0941416920853413,"gpath_trio"
"15709","AC002310.5","Exc L3-4 RORB CUX2",-0.125111634699762,0.362607539469577,3.36999054396162,0.0675360848363262,0.140294533728674,0.140294533728674,"gpath_trio"
"15710","AC002310.4","Exc L3-4 RORB CUX2",-0.0236546806585361,2.80838610917836,0.495028998129446,0.482322094487406,0.625898775087375,0.625898775087375,"gpath_trio"
"15711","AC002310.1","Exc L3-4 RORB CUX2",-0.180622463167525,0.482355601682906,5.04609787316181,0.0536496672384764,0.116510445267628,0.116510445267628,"gpath_trio"
"15712","ZNF688","Exc L3-4 RORB CUX2",-0.00902633390441928,3.44003067087968,0.0866356537026739,0.76873345606856,0.862532533017252,0.862532533017252,"gpath_trio"
"15713","AC002310.2","Exc L3-4 RORB CUX2",-0.179894446425419,1.16305570957849,8.11344811857415,0.00474507514856526,0.0158706716051565,0.0158706716051565,"gpath_trio"
"15714","ZNF785","Exc L3-4 RORB CUX2",0.0923823668818098,4.9058741335313,16.4384958113792,6.64515777873904e-05,0.000410993434046781,0.000410993434046781,"gpath_trio"
"15715","AC093249.2","Exc L3-4 RORB CUX2",0.110366979699345,3.12953080512094,9.89631660569602,0.00184868060383596,0.0071286565715578,0.0071286565715578,"gpath_trio"
"15716","ZNF689","Exc L3-4 RORB CUX2",-0.108494587860787,2.15823997930775,5.99869955945475,0.0149769709037366,0.0414372446493261,0.0414372446493261,"gpath_trio"
"15717","PRR14","Exc L3-4 RORB CUX2",-0.0642931903542242,3.64065172980347,4.9092226409497,0.0275801309240568,0.0677828165906745,0.0677828165906745,"gpath_trio"
"15718","FBRS","Exc L3-4 RORB CUX2",-0.0471708706508259,3.90255974685783,3.88994000073342,0.0496357945096509,0.109658580183115,0.109658580183115,"gpath_trio"
"15719","AC093249.6","Exc L3-4 RORB CUX2",-0.0859434426478453,0.88340684655532,1.90224111482768,0.169012856692029,0.286107936210915,0.286107936210915,"gpath_trio"
"15720","SRCAP","Exc L3-4 RORB CUX2",0.0774586358762542,0.565956293294531,1.10217524029054,0.294764046110778,0.437784498695888,0.437784498695888,"gpath_trio"
"15721","AC106886.5","Exc L3-4 RORB CUX2",-0.212540626203589,0.0415463981750577,6.8528170660093,0.0112351415412045,0.0325627037198392,0.0325627037198392,"gpath_trio"
"15722","PHKG2","Exc L3-4 RORB CUX2",-0.0867839414580632,4.30916295518442,14.0053303707599,0.000224378535527999,0.0011797854975964,0.0011797854975964,"gpath_trio"
"15723","CCDC189","Exc L3-4 RORB CUX2",-0.200431072622418,3.28193520941657,22.7851778622677,3.02618032028168e-06,2.75759656556834e-05,2.75759656556834e-05,"gpath_trio"
"15724","RNF40","Exc L3-4 RORB CUX2",-0.0563578017488021,4.29720914879476,7.56413102209806,0.00637225475579322,0.0203772768581595,0.0203772768581595,"gpath_trio"
"15725","ZNF629","Exc L3-4 RORB CUX2",-0.0674862135399581,2.33135341168274,3.19360253711498,0.0750917470309968,0.152765553731003,0.152765553731003,"gpath_trio"
"15726","BCL7C","Exc L3-4 RORB CUX2",-0.170205297103002,2.92988588563057,10.0194359913719,0.00173341273451447,0.00675388217822119,0.00675388217822119,"gpath_trio"
"15727","MIR762HG","Exc L3-4 RORB CUX2",-0.029578751960295,3.27197638904826,0.762402364339307,0.495600798008155,0.639060852602232,0.639060852602232,"gpath_trio"
"15728","FBXL19-AS1","Exc L3-4 RORB CUX2",0.204164724991345,1.05049642352055,10.1297555678276,0.00163636420350446,0.00643164773148305,0.00643164773148305,"gpath_trio"
"15729","FBXL19","Exc L3-4 RORB CUX2",0.0453509852550052,4.49404555773474,3.809987978919,0.052021248508695,0.113819400136961,0.113819400136961,"gpath_trio"
"15730","ORAI3","Exc L3-4 RORB CUX2",-0.0621660538882639,1.58877379936061,1.20421202144312,0.273496693567089,0.413225177317158,0.413225177317158,"gpath_trio"
"15731","SETD1A","Exc L3-4 RORB CUX2",-0.00114617180578488,3.83038515563818,0.00259900880365802,0.959380222054485,0.979750116174416,0.979750116174416,"gpath_trio"
"15732","STX1B","Exc L3-4 RORB CUX2",-0.035945211946045,6.31709151463244,2.24724461722513,0.135065714437793,0.241637916891237,0.241637916891237,"gpath_trio"
"15733","STX4","Exc L3-4 RORB CUX2",-0.134412079438281,3.16571323056359,21.5516455116864,5.4695035477617e-06,4.65011521601738e-05,4.65011521601738e-05,"gpath_trio"
"15734","AC135050.3","Exc L3-4 RORB CUX2",0.0766511135851594,2.60483469838996,4.64487913034504,0.0320644863336506,0.0768564823311633,0.0768564823311633,"gpath_trio"
"15735","AC135050.1","Exc L3-4 RORB CUX2",0.141925032521028,-0.0938630610005289,3.08281910435984,0.0803007421347731,0.160928526131822,0.160928526131822,"gpath_trio"
"15736","ZNF668","Exc L3-4 RORB CUX2",0.00595282253432718,2.96801938022043,0.0389067874433277,0.843787548578216,0.911979136535214,0.911979136535214,"gpath_trio"
"15737","AC135050.4","Exc L3-4 RORB CUX2",-0.169901757036711,0.269886261856193,4.23335415801886,0.0406342303884388,0.0934452978555514,0.0934452978555514,"gpath_trio"
"15738","ZNF646","Exc L3-4 RORB CUX2",0.0800164234533683,2.24482915416646,4.10567422353212,0.0437604711256222,0.0989919154537255,0.0989919154537255,"gpath_trio"
"15739","AC135050.2","Exc L3-4 RORB CUX2",-0.0320413056750905,2.49931119990437,0.597132623650191,0.440376037810635,0.587255374633456,0.587255374633456,"gpath_trio"
"15740","BCKDK","Exc L3-4 RORB CUX2",-0.188828030988404,2.90452968224615,28.4886074099431,2.05382319472339e-07,2.55461670490409e-06,2.55461670490409e-06,"gpath_trio"
"15741","KAT8","Exc L3-4 RORB CUX2",0.0283185044314313,4.95582613385307,2.00843255578971,0.157624004415388,0.271359696994663,0.271359696994663,"gpath_trio"
"15742","PRSS36","Exc L3-4 RORB CUX2",0.0811651820947177,0.00783028639135261,0.848879827104043,0.852653492168803,0.918532902846305,0.918532902846305,"gpath_trio"
"15743","FUS","Exc L3-4 RORB CUX2",-0.0209583416107458,6.48803197902239,1.21879670377615,0.270617583853045,0.410072837181551,0.410072837181551,"gpath_trio"
"15744","TRIM72","Exc L3-4 RORB CUX2",0.0590795356035826,1.00842970401522,0.646560772761967,0.422079540748776,0.570335040390775,0.570335040390775,"gpath_trio"
"15745","PYDC1","Exc L3-4 RORB CUX2",-0.259031283735866,0.249184630374874,6.82133030123851,0.0095312103550558,0.0284287653626923,0.0284287653626923,"gpath_trio"
"15746","ITGAD","Exc L3-4 RORB CUX2",-0.168520805500674,-0.867705471669598,2.05607323580637,0.152801903693779,0.265015488927865,0.265015488927865,"gpath_trio"
"15747","ZNF843","Exc L3-4 RORB CUX2",-0.00920035127176992,1.78522017444484,0.0381368329237366,0.845321152906725,0.913169536297557,0.913169536297557,"gpath_trio"
"15748","AC026471.4","Exc L3-4 RORB CUX2",0.0530379647949187,3.6409270214205,4.00617176641841,0.0463729972608927,0.103860481764932,0.103860481764932,"gpath_trio"
"15749","AC026471.1","Exc L3-4 RORB CUX2",0.0661063144963639,1.4997489412883,1.27883840347966,0.620363720926943,0.746011686815347,0.746011686815347,"gpath_trio"
"15750","ARMC5","Exc L3-4 RORB CUX2",-0.0626042756367595,2.88990402298879,2.96191362841154,0.0864365635623714,0.170494758591641,0.170494758591641,"gpath_trio"
"15751","C16orf58","Exc L3-4 RORB CUX2",-0.0335642085496208,4.35607700675556,2.16725934893822,0.142186666242919,0.250928620665753,0.250928620665753,"gpath_trio"
"15752","AC026471.2","Exc L3-4 RORB CUX2",0.168615499150023,0.0342284869588475,4.19259185762462,0.0416058042822684,0.0952157537447691,0.0952157537447691,"gpath_trio"
"15753","ZNF720","Exc L3-4 RORB CUX2",0.0343917196826702,5.14508594770597,2.67408813542034,0.103203738116659,0.195843039680349,0.195843039680349,"gpath_trio"
"15754","ZNF267","Exc L3-4 RORB CUX2",-0.136835869054973,3.38754423405391,16.4520890001066,6.6005086438958e-05,0.000408619428211983,0.000408619428211983,"gpath_trio"
"15755","TP53TG3D","Exc L3-4 RORB CUX2",-0.274751535398793,-0.0541739553485761,3.86169199752917,0.0504650344590256,0.11107703144347,0.11107703144347,"gpath_trio"
"15756","AC137761.1","Exc L3-4 RORB CUX2",-0.018451584809512,-0.727565666597315,0.016813056423518,0.896931592742554,0.946669718749754,0.946669718749754,"gpath_trio"
"15757","AC145350.2","Exc L3-4 RORB CUX2",-0.031333703800832,2.27384184891557,0.0752862990632478,0.78400780519061,0.873435459862523,0.873435459862523,"gpath_trio"
"15758","AC141257.2","Exc L3-4 RORB CUX2",0.130926206488588,-0.0573009486374634,0.747992919545313,0.387909661005002,0.535897711065915,0.535897711065915,"gpath_trio"
"15759","AC136944.1","Exc L3-4 RORB CUX2",-0.035512054193729,1.97026617571055,0.420939635762732,0.517041187158436,0.658085038856945,0.658085038856945,"gpath_trio"
"15760","AC136944.2","Exc L3-4 RORB CUX2",0.0408749405602049,0.91482737729134,0.233938916769421,0.629025523611118,0.753106043490256,0.753106043490256,"gpath_trio"
"15761","AC023824.3","Exc L3-4 RORB CUX2",0.30220384249851,-0.253565596888367,2.96389761449441,0.0863318595827483,0.170341835411437,0.170341835411437,"gpath_trio"
"15762","SHCBP1","Exc L3-4 RORB CUX2",0.0197622961053994,2.00139510560416,0.0564564329039776,0.812374110012341,0.891676571642046,0.891676571642046,"gpath_trio"
"15763","AC092368.3","Exc L3-4 RORB CUX2",-0.173357482643775,0.121796848173847,2.68973686005036,0.102205724930822,0.194436633708564,0.194436633708564,"gpath_trio"
"15764","VPS35","Exc L3-4 RORB CUX2",-0.118207231945892,6.13862182705075,61.1723827827003,1.31184953287549e-13,7.6053345763687e-12,7.6053345763687e-12,"gpath_trio"
"15765","ORC6","Exc L3-4 RORB CUX2",-0.114954659534611,3.2254700480839,10.1195297070462,0.00164512201001024,0.0064597774526969,0.0064597774526969,"gpath_trio"
"15766","MYLK3","Exc L3-4 RORB CUX2",0.0340482691824636,2.5708682143078,0.510931326950448,0.475377255851953,0.619796829314538,0.619796829314538,"gpath_trio"
"15767","C16orf87","Exc L3-4 RORB CUX2",-0.00481568554651408,5.27508350542585,0.0423581370265915,0.837099658897015,0.907836672485475,0.907836672485475,"gpath_trio"
"15768","GPT2","Exc L3-4 RORB CUX2",0.0621007708399363,5.03736941659366,6.22847248089385,0.0131915419271982,0.0373057693273372,0.0373057693273372,"gpath_trio"
"15769","DNAJA2","Exc L3-4 RORB CUX2",-0.106357184065863,4.30143257078621,18.7030879926396,2.17849150499692e-05,0.000155084919242459,0.000155084919242459,"gpath_trio"
"15770","AC018845.3","Exc L3-4 RORB CUX2",0.0582355682815782,1.08524625048649,1.36847248927887,0.243145710961076,0.377430539250575,0.377430539250575,"gpath_trio"
"15771","AC018845.1","Exc L3-4 RORB CUX2",-0.301170553873195,0.158839129211662,11.5636966206356,0.000778303506046122,0.00342022941286877,0.00342022941286877,"gpath_trio"
"15772","NETO2","Exc L3-4 RORB CUX2",0.0170102945463597,6.17601779242669,0.319855633053218,0.572182133538026,0.706689595600225,0.706689595600225,"gpath_trio"
"15773","ITFG1-AS1","Exc L3-4 RORB CUX2",-0.118156084674453,1.18523407855403,3.45887635089071,0.0640423564951105,0.134448963817779,0.134448963817779,"gpath_trio"
"15774","ITFG1","Exc L3-4 RORB CUX2",-0.000174915966893825,8.16580192385226,0.000102147394743535,0.991943828415542,0.996388685002916,0.996388685002916,"gpath_trio"
"15775","AC007494.2","Exc L3-4 RORB CUX2",0.0570226095824643,-0.464695478341769,0.339494941252238,0.941093813758464,0.9714917596091,0.9714917596091,"gpath_trio"
"15776","AC007533.1","Exc L3-4 RORB CUX2",-0.488732005727298,0.913333308791173,47.765013586287,3.6983133605517e-11,1.19000752869427e-09,1.19000752869427e-09,"gpath_trio"
"15777","PHKB","Exc L3-4 RORB CUX2",0.0286660552512304,6.65862564356897,2.05409124817859,0.152999131529944,0.265276510709575,0.265276510709575,"gpath_trio"
"15778","LINC02133","Exc L3-4 RORB CUX2",-0.102542605171532,0.929968332947152,1.64954767796746,0.200163680350782,0.325906081113472,0.325906081113472,"gpath_trio"
"15779","LINC02192","Exc L3-4 RORB CUX2",-0.102734346623981,1.16237326722355,0.77715747622574,0.378826109459896,0.527054462337314,0.527054462337314,"gpath_trio"
"15780","ABCC12","Exc L3-4 RORB CUX2",-0.289843068818913,1.61967749419804,23.7685194001463,1.89296871251389e-06,1.82294242362614e-05,1.82294242362614e-05,"gpath_trio"
"15781","ABCC11","Exc L3-4 RORB CUX2",-0.0157242058716484,0.22280183232866,0.0358063163746842,0.883588184232137,0.938478105653244,0.938478105653244,"gpath_trio"
"15782","LONP2","Exc L3-4 RORB CUX2",0.0514378596382842,7.2434433877923,18.7689046372277,2.10949388240415e-05,0.000150972114499836,0.000150972114499836,"gpath_trio"
"15783","SIAH1","Exc L3-4 RORB CUX2",-0.0856008333693654,4.48178915890629,17.0258502182184,4.96851008500955e-05,0.000320050098866755,0.000320050098866755,"gpath_trio"
"15784","N4BP1","Exc L3-4 RORB CUX2",0.0620918492272403,6.11773029543407,16.9006980140687,5.28559276517555e-05,0.000338422196246959,0.000338422196246959,"gpath_trio"
"15785","AC026470.2","Exc L3-4 RORB CUX2",-0.322842600704115,0.21748499991132,13.1790176251401,0.000340870448936095,0.00169052637838882,0.00169052637838882,"gpath_trio"
"15786","AC007611.1","Exc L3-4 RORB CUX2",0.0265883054194649,1.70459878997737,0.171030708052346,0.679538299903405,0.794488015794576,0.794488015794576,"gpath_trio"
"15787","CBLN1","Exc L3-4 RORB CUX2",-0.150951883302482,-0.62356419939935,0.826343989120519,0.364173679227703,0.512107338009264,0.512107338009264,"gpath_trio"
"15788","AC007614.1","Exc L3-4 RORB CUX2",0.100275257500707,1.80511267184135,0.39233863831414,0.531622187164208,0.671265341471893,0.671265341471893,"gpath_trio"
"15789","ZNF423","Exc L3-4 RORB CUX2",0.143713749134015,4.04435906530058,15.2442397895427,0.000120441457165869,0.000685059599188444,0.000685059599188444,"gpath_trio"
"15790","CNEP1R1","Exc L3-4 RORB CUX2",-0.00407647685738721,3.79868601718166,0.0222167914187893,0.881627368888279,0.937184897377155,0.937184897377155,"gpath_trio"
"15791","AC007610.1","Exc L3-4 RORB CUX2",0.0316335273618278,0.170181454732825,0.166468623984607,0.683605288163856,0.797486798236718,0.797486798236718,"gpath_trio"
"15792","HEATR3","Exc L3-4 RORB CUX2",0.0758245441244993,4.80679956458055,11.8641496844566,0.000666927359642742,0.00300877895366555,0.00300877895366555,"gpath_trio"
"15793","AC007610.2","Exc L3-4 RORB CUX2",-0.142693158313954,-0.204342983571087,2.2085943276753,0.138455201649151,0.245870406942313,0.245870406942313,"gpath_trio"
"15794","TENT4B","Exc L3-4 RORB CUX2",0.0902003605091085,6.0588918334505,15.5319837152429,0.000104317610602337,0.000605217782335386,0.000605217782335386,"gpath_trio"
"15795","ADCY7","Exc L3-4 RORB CUX2",0.125574208442766,2.43379235970536,4.55588383825796,0.0337412974452474,0.0801798979100554,0.0801798979100554,"gpath_trio"
"15796","BRD7","Exc L3-4 RORB CUX2",0.019774219990154,4.51455847222014,0.934237314553233,0.334662446939583,0.481107200741086,0.481107200741086,"gpath_trio"
"15797","AC007493.1","Exc L3-4 RORB CUX2",-0.508605295213052,0.759995565910072,48.9842021961612,2.18967336808796e-11,7.57747173261999e-10,7.57747173261999e-10,"gpath_trio"
"15798","AC007728.2","Exc L3-4 RORB CUX2",-0.230950866014478,-1.38954201695312,2.07885396724185,0.150555648365865,0.262053334982428,0.262053334982428,"gpath_trio"
"15799","CYLD","Exc L3-4 RORB CUX2",0.00149536079647952,5.7806877281677,0.00901888725332324,0.924413533444138,0.961987055100608,0.961987055100608,"gpath_trio"
"15800","LINC02128","Exc L3-4 RORB CUX2",0.010617946872446,-1.1388281351234,0.00734155595643005,0.931784453600391,0.966665879127263,0.966665879127263,"gpath_trio"
"15801","AC007344.1","Exc L3-4 RORB CUX2",-0.127947385182669,-0.399707857293574,1.64544071923177,0.200722934709973,0.326604638272625,0.326604638272625,"gpath_trio"
"15802","HNRNPA1P48","Exc L3-4 RORB CUX2",-0.191117164497534,0.896136242349436,8.70465790375961,0.00346336260403164,0.0121624613640276,0.0121624613640276,"gpath_trio"
"15803","TOX3","Exc L3-4 RORB CUX2",0.177532386781328,2.52683915523892,1.44608817257233,0.23025063649964,0.361953139424983,0.361953139424983,"gpath_trio"
"15804","AC007906.2","Exc L3-4 RORB CUX2",-0.354417368319281,-1.06307332309169,7.53273442593589,0.00648101223610358,0.0206465216900979,0.0206465216900979,"gpath_trio"
"15805","CHD9","Exc L3-4 RORB CUX2",0.0769675849639995,8.11995745571351,33.7973211987197,1.78644626334588e-08,2.91834440186261e-07,2.91834440186261e-07,"gpath_trio"
"15806","RBL2","Exc L3-4 RORB CUX2",0.0324527495330814,6.19862995726325,3.74499905680254,0.0540501453895641,0.117178345501231,0.117178345501231,"gpath_trio"
"15807","AKTIP","Exc L3-4 RORB CUX2",-0.0270898896232968,4.59488734715403,1.83783687244238,0.176381030277903,0.295776517817031,0.295776517817031,"gpath_trio"
"15808","RPGRIP1L","Exc L3-4 RORB CUX2",0.015716283524908,5.88227618672716,0.635377125949815,0.426117071949117,0.574276013799161,0.574276013799161,"gpath_trio"
"15809","FTO","Exc L3-4 RORB CUX2",0.0398040733713935,8.16140314899159,9.15330565130523,0.00273153876096925,0.00995239936328252,0.00995239936328252,"gpath_trio"
"15810","AC007347.1","Exc L3-4 RORB CUX2",-0.1492925215488,-0.257675003286313,2.16156622146408,0.142709450802514,0.251521199435723,0.251521199435723,"gpath_trio"
"15811","CRNDE","Exc L3-4 RORB CUX2",-0.486181661395782,2.02207744838916,63.4058748111095,5.25494294989704e-14,3.3130773129429e-12,3.3130773129429e-12,"gpath_trio"
"15812","LPCAT2","Exc L3-4 RORB CUX2",0.265429013072935,2.32122995226856,8.89502226257521,0.00313102841541522,0.0111779109221619,0.0111779109221619,"gpath_trio"
"15813","CES5A","Exc L3-4 RORB CUX2",0.0116746943398152,0.879267919144062,0.0263747005855644,0.871114731016766,0.93042507116702,0.93042507116702,"gpath_trio"
"15814","AC007495.1","Exc L3-4 RORB CUX2",0.118848186259507,4.90725473882519,28.35622665276,2.1843760952491e-07,2.69563793748302e-06,2.69563793748302e-06,"gpath_trio"
"15815","AC007495.2","Exc L3-4 RORB CUX2",-0.361206434464457,0.746711759397106,20.0909209317304,1.10800036936687e-05,8.68450172959461e-05,8.68450172959461e-05,"gpath_trio"
"15816","GNAO1","Exc L3-4 RORB CUX2",0.0698503222851842,7.89323977617758,21.4615320455828,5.71204832938292e-06,4.82986483844511e-05,4.82986483844511e-05,"gpath_trio"
"15817","AMFR","Exc L3-4 RORB CUX2",0.00168671063388814,4.85364165305371,0.00566557718398097,0.940057747896533,0.971004764684239,0.971004764684239,"gpath_trio"
"15818","AC092140.1","Exc L3-4 RORB CUX2",-0.461808458179446,0.845076682204951,36.8139906645308,4.5689289230196e-09,8.75385954624126e-08,8.75385954624126e-08,"gpath_trio"
"15819","NUDT21","Exc L3-4 RORB CUX2",-0.0622719644759267,5.27789153419612,9.86929525966867,0.00187500864360861,0.00721776366815564,0.00721776366815564,"gpath_trio"
"15820","OGFOD1","Exc L3-4 RORB CUX2",0.0100339968367521,4.51192769948214,0.205188284028488,0.650942971948115,0.770928938013103,0.770928938013103,"gpath_trio"
"15821","AC092140.2","Exc L3-4 RORB CUX2",0.189749518588217,0.272682104800618,5.60004795356655,0.0186934534786299,0.0495194884363654,0.0495194884363654,"gpath_trio"
"15822","BBS2","Exc L3-4 RORB CUX2",0.0310308252161975,5.71301772681294,3.9853941613754,0.0469391126684626,0.104849047618051,0.104849047618051,"gpath_trio"
"15823","MT4","Exc L3-4 RORB CUX2",0.00300884454726404,-0.890732886320622,0.000737396353868511,0.978356903387238,0.988705627297548,0.988705627297548,"gpath_trio"
"15824","MT3","Exc L3-4 RORB CUX2",-0.0579267182727591,4.91333796000275,2.16225633600775,0.14264596383968,0.251453239009658,0.251453239009658,"gpath_trio"
"15825","MT2A","Exc L3-4 RORB CUX2",0.192646700069985,1.87180132648871,4.34783061344913,0.0380316471373315,0.0885127211668484,0.0885127211668484,"gpath_trio"
"15826","MT1X","Exc L3-4 RORB CUX2",-0.0252228014964427,0.12110876817487,0.0285042306833845,0.866060084951932,0.927360503084269,0.927360503084269,"gpath_trio"
"15827","AC106779.1","Exc L3-4 RORB CUX2",0.169359110094943,3.1122355306849,25.6272365383,7.84725137144379e-07,8.33692977455916e-06,8.33692977455916e-06,"gpath_trio"
"15828","NUP93","Exc L3-4 RORB CUX2",0.0782920780409066,6.66405797193175,17.2728263186403,4.39812796602966e-05,0.000288278855473191,0.000288278855473191,"gpath_trio"
"15829","SLC12A3","Exc L3-4 RORB CUX2",0.226321581030888,1.79066927817763,9.7636995637887,0.00198161948049674,0.00757755364272586,0.00757755364272586,"gpath_trio"
"15830","HERPUD1","Exc L3-4 RORB CUX2",-0.110270012178467,5.18510038917424,16.0677322163098,7.98851711481343e-05,0.000480382512045785,0.000480382512045785,"gpath_trio"
"15831","NLRC5","Exc L3-4 RORB CUX2",-0.129236053684974,-0.477514726923851,0.604732286843933,0.437485119955077,0.584637185110317,0.584637185110317,"gpath_trio"
"15832","FAM192A","Exc L3-4 RORB CUX2",-0.0418564837073356,4.96019665840333,5.28344580109011,0.0223227820823226,0.0571888417156646,0.0571888417156646,"gpath_trio"
"15833","RSPRY1","Exc L3-4 RORB CUX2",0.014311872280952,4.7635816425873,0.504217718999789,0.478289095687754,0.622266234958434,0.622266234958434,"gpath_trio"
"15834","ARL2BP","Exc L3-4 RORB CUX2",-0.0196461347870201,4.97133122394015,1.17220822979229,0.279951017098252,0.420677176371014,0.420677176371014,"gpath_trio"
"15835","CX3CL1","Exc L3-4 RORB CUX2",-0.0200325124629872,5.16535003555483,0.688307911984033,0.407501567455623,0.555796655179638,0.555796655179638,"gpath_trio"
"15836","CIAPIN1","Exc L3-4 RORB CUX2",-0.0414543503721389,4.71963603624633,4.53476032679939,0.034152674380866,0.0810051969943535,0.0810051969943535,"gpath_trio"
"15837","COQ9","Exc L3-4 RORB CUX2",-0.0197822916823346,5.09961572249695,0.884953978019422,0.347721559858029,0.494800569201279,0.494800569201279,"gpath_trio"
"15838","POLR2C","Exc L3-4 RORB CUX2",-0.103446855682455,4.1535889217716,15.5316603181831,0.000104334445946095,0.000605217782335386,0.000605217782335386,"gpath_trio"
"15839","DOK4","Exc L3-4 RORB CUX2",-0.0885657932161175,2.85522139415954,6.22199793075816,0.013238707267173,0.0374129316592261,0.0374129316592261,"gpath_trio"
"15840","ADGRG5","Exc L3-4 RORB CUX2",-0.0708850872948488,-0.324746128023666,0.578428689746514,0.447618017535944,0.593890142298281,0.593890142298281,"gpath_trio"
"15841","ADGRG1","Exc L3-4 RORB CUX2",0.0454069505719113,3.5378970351025,0.636149817527018,0.425836247562212,0.574012580648602,0.574012580648602,"gpath_trio"
"15842","ADGRG3","Exc L3-4 RORB CUX2",0.0589380148650306,-0.893596481700885,0.212079218288177,0.645527514459379,0.766630421722273,0.766630421722273,"gpath_trio"
"15843","DRC7","Exc L3-4 RORB CUX2",-0.0783864382310925,0.315910563722751,1.03463990341524,0.428233767788227,0.576128051822318,0.576128051822318,"gpath_trio"
"15844","KATNB1","Exc L3-4 RORB CUX2",-0.0708278716871622,4.67344866813901,9.56462097372705,0.00219975956747708,0.00827679024129989,0.00827679024129989,"gpath_trio"
"15845","KIFC3","Exc L3-4 RORB CUX2",0.0228193674916539,5.37005863515576,1.13708508007468,0.2872582641642,0.429132579008718,0.429132579008718,"gpath_trio"
"15846","AC092118.2","Exc L3-4 RORB CUX2",0.126982641755654,0.577755920071059,2.18426523434031,0.140637903625716,0.24881625907912,0.24881625907912,"gpath_trio"
"15847","CNGB1","Exc L3-4 RORB CUX2",0.20032267545702,6.03715257252749,15.1743820304014,0.000124723567119021,0.000706031977167858,0.000706031977167858,"gpath_trio"
"15848","TEPP","Exc L3-4 RORB CUX2",-0.0553575679875951,0.244578681568481,0.383089877611023,0.536496106361176,0.67555916526256,0.67555916526256,"gpath_trio"
"15849","ZNF319","Exc L3-4 RORB CUX2",-0.0341777083378295,1.32252755623905,0.387881572137552,0.533960899929826,0.673123041494891,0.673123041494891,"gpath_trio"
"15850","USB1","Exc L3-4 RORB CUX2",-0.0693558633560313,3.89942517807697,7.18405124351926,0.00782536792507741,0.0241143726727412,0.0241143726727412,"gpath_trio"
"15851","MMP15","Exc L3-4 RORB CUX2",2.78535831914258e-05,1.60034681070899,3.80848298681157e-06,0.998444398993429,0.999137728768039,0.999137728768039,"gpath_trio"
"15852","CFAP20","Exc L3-4 RORB CUX2",-0.146528230931422,3.53319784038029,33.6123144465701,1.94333199249169e-08,3.1390490751417e-07,3.1390490751417e-07,"gpath_trio"
"15853","AC009107.2","Exc L3-4 RORB CUX2",-0.0973541085850248,0.617123089566919,1.852857443833,0.174629932252909,0.293449848675865,0.293449848675865,"gpath_trio"
"15854","CSNK2A2","Exc L3-4 RORB CUX2",0.038941500971201,5.13599991482407,6.20249947502857,0.0133818053586655,0.0377538698239514,0.0377538698239514,"gpath_trio"
"15855","AC009107.1","Exc L3-4 RORB CUX2",-0.0067587623205482,0.598463882109776,0.00903095441073376,0.924363135995751,0.961984229274439,0.961984229274439,"gpath_trio"
"15856","CCDC113","Exc L3-4 RORB CUX2",-0.0679214211835925,3.51324721378559,5.41774609764205,0.0207010115279469,0.0537645349609074,0.0537645349609074,"gpath_trio"
"15857","PRSS54","Exc L3-4 RORB CUX2",-0.366138944516819,-0.99560202563832,8.10418126795513,0.00476864572803329,0.0159389376347037,0.0159389376347037,"gpath_trio"
"15858","GINS3","Exc L3-4 RORB CUX2",0.0169555901835778,2.37140235916878,0.0859289432496995,0.769651723563839,0.863130823952221,0.863130823952221,"gpath_trio"
"15859","LINC02137","Exc L3-4 RORB CUX2",-0.0897394816681799,0.0527615473236206,1.15974887775506,0.90210932312916,0.950543458198716,0.950543458198716,"gpath_trio"
"15860","NDRG4","Exc L3-4 RORB CUX2",-0.192573370147219,7.53884240550046,44.0766704377275,1.83169521088647e-10,4.84330942065985e-09,4.84330942065985e-09,"gpath_trio"
"15861","SETD6","Exc L3-4 RORB CUX2",-0.0203893658527532,3.55560437686596,0.468735625567433,0.494179242334582,0.637730620528078,0.637730620528078,"gpath_trio"
"15862","CNOT1","Exc L3-4 RORB CUX2",-0.0212348084973087,5.40202585372692,1.27625657944133,0.938062389283975,0.970014542246695,0.970014542246695,"gpath_trio"
"15863","AC009118.3","Exc L3-4 RORB CUX2",0.00395383089218348,2.41905894612044,0.00975105593154777,0.970848997637669,0.98495818803882,0.98495818803882,"gpath_trio"
"15864","SLC38A7","Exc L3-4 RORB CUX2",0.0668574523855254,4.86199901515883,11.0160744991393,0.00103245462419115,0.00435860473803234,0.00435860473803234,"gpath_trio"
"15865","GOT2","Exc L3-4 RORB CUX2",-0.0973907347804142,5.5599081333245,29.6081319448659,1.22139520365873e-07,1.60951327457968e-06,1.60951327457968e-06,"gpath_trio"
"15866","AC092378.1","Exc L3-4 RORB CUX2",0.120856572667767,6.36433079057562,17.0375419893036,4.93989011117974e-05,0.000318511610716047,0.000318511610716047,"gpath_trio"
"15867","AC092378.2","Exc L3-4 RORB CUX2",0.0636198602970851,-0.102908199962053,0.513210213621677,0.513325755433315,0.654760518168244,0.654760518168244,"gpath_trio"
"15868","LINC02141","Exc L3-4 RORB CUX2",0.0738223270822342,2.7515737856771,2.46202830275519,0.117844243744113,0.217024885215653,0.217024885215653,"gpath_trio"
"15869","AC018554.1","Exc L3-4 RORB CUX2",0.139741594031139,0.470831988514827,3.81961718261106,0.0517275991906123,0.113312086174876,0.113312086174876,"gpath_trio"
"15870","CDH8","Exc L3-4 RORB CUX2",0.128937559534635,8.68181834158233,24.0542312095704,1.65246288946726e-06,1.6270589943876e-05,1.6270589943876e-05,"gpath_trio"
"15871","AC012174.1","Exc L3-4 RORB CUX2",-0.0339445157808961,1.46664659141347,0.288448094357566,0.591676044090684,0.722335886897306,0.722335886897306,"gpath_trio"
"15872","AC138305.1","Exc L3-4 RORB CUX2",-0.0395244991593238,4.31569256516414,0.240061454101714,0.624574889295,0.749333871998491,0.749333871998491,"gpath_trio"
"15873","AC012322.1","Exc L3-4 RORB CUX2",-0.205056218580899,-0.42340937835212,4.19957299618285,0.0414376812663803,0.094912967377287,0.094912967377287,"gpath_trio"
"15874","AC092131.1","Exc L3-4 RORB CUX2",-0.103264867876557,0.440464046432234,1.42878321706353,0.23305220495236,0.365222658925531,0.365222658925531,"gpath_trio"
"15875","CDH11","Exc L3-4 RORB CUX2",0.0355540396126099,4.83873349009502,1.10023051384855,0.295189528387816,0.438222864990742,0.438222864990742,"gpath_trio"
"15876","AC009055.1","Exc L3-4 RORB CUX2",0.00962358389201356,0.610882700366888,0.0183213080268269,0.954092175120582,0.97734499279298,0.97734499279298,"gpath_trio"
"15877","LINC00922","Exc L3-4 RORB CUX2",-0.15321374001153,-0.150176767528535,1.98894421077435,0.159646496096762,0.273953224355887,0.273953224355887,"gpath_trio"
"15878","CDH5","Exc L3-4 RORB CUX2",0.0207021059080291,-0.486060732655467,0.0496539957610527,0.8238413962538,0.898956386305928,0.898956386305928,"gpath_trio"
"15879","BEAN1","Exc L3-4 RORB CUX2",0.099838763269835,4.77092308746241,13.1061982816475,0.000353712117426204,0.00174307327041369,0.00174307327041369,"gpath_trio"
"15880","AC010542.3","Exc L3-4 RORB CUX2",-0.0440580648439294,3.47697768202922,1.56134206823597,0.212592454757957,0.341213426789322,0.341213426789322,"gpath_trio"
"15881","TK2","Exc L3-4 RORB CUX2",-0.0519222580453235,3.72357466231247,3.71623318125469,0.0549749637470101,0.118851253064287,0.118851253064287,"gpath_trio"
"15882","AC010542.2","Exc L3-4 RORB CUX2",-0.386182872202814,-0.560838343649023,9.93233947304989,0.00181416765678853,0.00701434121803537,0.00701434121803537,"gpath_trio"
"15883","AC010542.4","Exc L3-4 RORB CUX2",-0.166204662207976,-0.884211516089036,1.97684976765256,0.16091658268131,0.275461970552742,0.275461970552742,"gpath_trio"
"15884","AC010542.5","Exc L3-4 RORB CUX2",-0.0756808844012928,-0.441756021663158,0.606219837459649,0.436922667023143,0.584349672336222,0.584349672336222,"gpath_trio"
"15885","CMTM2","Exc L3-4 RORB CUX2",-0.0671757248942313,0.420603871619851,0.751215947948417,0.386890657947216,0.534917696277761,0.534917696277761,"gpath_trio"
"15886","CMTM3","Exc L3-4 RORB CUX2",0.132103072470637,-0.469737816241149,1.38016495586773,0.241147832523148,0.375079602278506,0.375079602278506,"gpath_trio"
"15887","CMTM4","Exc L3-4 RORB CUX2",0.0237559136705716,6.61007464073606,2.53620082051899,0.112477172150003,0.209338279347446,0.209338279347446,"gpath_trio"
"15888","DYNC1LI2","Exc L3-4 RORB CUX2",0.0105554345019038,6.26983301993704,0.432457895465985,0.511367107955874,0.652964012848719,0.652964012848719,"gpath_trio"
"15889","AC018557.1","Exc L3-4 RORB CUX2",0.109813926861944,1.41073896764114,4.37637398686956,0.132575913468371,0.23817622922746,0.23817622922746,"gpath_trio"
"15890","TERB1","Exc L3-4 RORB CUX2",-0.092275154569118,1.23921583647016,2.08565510933084,0.149892331574874,0.261214286043283,0.261214286043283,"gpath_trio"
"15891","NAE1","Exc L3-4 RORB CUX2",-0.0285866396927181,5.86606181094001,2.89661067992171,0.0899613077706227,0.175852086452118,0.175852086452118,"gpath_trio"
"15892","CA7","Exc L3-4 RORB CUX2",0.0619926861885811,4.23634870627324,4.23792023028003,0.0405269003095811,0.0932610959646315,0.0932610959646315,"gpath_trio"
"15893","PDP2","Exc L3-4 RORB CUX2",-0.0975991510161385,4.20732271315472,6.3964542714263,0.0120267187613651,0.0344829909074335,0.0344829909074335,"gpath_trio"
"15894","RRAD","Exc L3-4 RORB CUX2",0.0365738304889856,0.894648230433021,0.220332052097047,0.63918041080671,0.761343480325084,0.761343480325084,"gpath_trio"
"15895","FAM96B","Exc L3-4 RORB CUX2",-0.188198857653181,4.49608580486493,47.8563160437141,3.55567817362859e-11,1.15145757869915e-09,1.15145757869915e-09,"gpath_trio"
"15896","CES2","Exc L3-4 RORB CUX2",0.0378249163599597,3.84927530321875,1.77513382330592,0.183914540347756,0.305439237036219,0.305439237036219,"gpath_trio"
"15897","CES3","Exc L3-4 RORB CUX2",0.179117006986826,0.871623491631049,7.76673598334974,0.005714087170297,0.0186297460261445,0.0186297460261445,"gpath_trio"
"15898","CES4A","Exc L3-4 RORB CUX2",-0.137427742928062,6.16976332605522,24.7899510756576,1.16562056427391e-06,1.19191053645343e-05,1.19191053645343e-05,"gpath_trio"
"15899","CBFB","Exc L3-4 RORB CUX2",0.0862568923576935,3.61916812161896,4.98512895911425,0.0264177067573903,0.0654539262191328,0.0654539262191328,"gpath_trio"
"15900","C16orf70","Exc L3-4 RORB CUX2",-0.0379148578805728,4.95696957262553,4.83370551222568,0.0424617989148169,0.096678342524143,0.096678342524143,"gpath_trio"
"15901","TRADD","Exc L3-4 RORB CUX2",0.0242671024107282,1.04599185338554,0.150794796209436,0.7437751702045,0.844058052586106,0.844058052586106,"gpath_trio"
"15902","FBXL8","Exc L3-4 RORB CUX2",0.043754085124427,-0.990753985846025,0.126833795422193,0.722026526245511,0.827958369396804,0.827958369396804,"gpath_trio"
"15903","HSF4","Exc L3-4 RORB CUX2",-0.0511940899284177,5.21760620479941,4.59772623424372,0.0329417279036878,0.078611201220451,0.078611201220451,"gpath_trio"
"15904","NOL3","Exc L3-4 RORB CUX2",0.0319875902305672,2.98579695442709,0.590412016512888,0.442957164405855,0.589645077321729,0.589645077321729,"gpath_trio"
"15905","KIAA0895L","Exc L3-4 RORB CUX2",-0.0685099024155469,4.78272222243074,7.98019648352444,0.0113620519003628,0.032869142112105,0.032869142112105,"gpath_trio"
"15906","E2F4","Exc L3-4 RORB CUX2",-0.0172260508397203,4.16871069520682,0.413844006481469,0.520591818338684,0.661394202454845,0.661394202454845,"gpath_trio"
"15907","ELMO3","Exc L3-4 RORB CUX2",-0.138734975949188,-0.192638592195206,2.3879031356256,0.123493784616512,0.225188639247842,0.225188639247842,"gpath_trio"
"15908","LRRC29","Exc L3-4 RORB CUX2",0.0488890552796696,4.10454502101589,3.39560944147765,0.0665085772497182,0.138573845503776,0.138573845503776,"gpath_trio"
"15909","TMEM208","Exc L3-4 RORB CUX2",-0.286157258162971,3.24255506924142,65.5916917797036,2.16061202101595e-14,1.50831652332169e-12,1.50831652332169e-12,"gpath_trio"
"15910","FHOD1","Exc L3-4 RORB CUX2",0.0397173334428017,1.63098373101838,0.418268944784997,0.802151741886204,0.885113289901234,0.885113289901234,"gpath_trio"
"15911","SLC9A5","Exc L3-4 RORB CUX2",0.0987192030659463,4.6858693342189,17.3705895127051,4.19109427282463e-05,0.00027614411154225,0.00027614411154225,"gpath_trio"
"15912","PLEKHG4","Exc L3-4 RORB CUX2",-0.0261543480245922,-0.101103655947852,0.0776615393283608,0.780713304283229,0.871314581351687,0.871314581351687,"gpath_trio"
"15913","KCTD19","Exc L3-4 RORB CUX2",-0.160498522595197,0.0141068211077458,4.17112209469304,0.0421273835834869,0.0960921104379964,0.0960921104379964,"gpath_trio"
"15914","LRRC36","Exc L3-4 RORB CUX2",0.0475066158373573,0.184538932629749,0.370926877864513,0.919973693798715,0.959599542197158,0.959599542197158,"gpath_trio"
"15915","TPPP3","Exc L3-4 RORB CUX2",0.213524828139433,-0.0783533314866721,2.97105314782901,0.085955374774638,0.169765020663566,0.169765020663566,"gpath_trio"
"15916","ZDHHC1","Exc L3-4 RORB CUX2",0.0840622485584791,3.88802539922456,9.72284306554299,0.00202451138371195,0.00771439938943074,0.00771439938943074,"gpath_trio"
"15917","HSD11B2","Exc L3-4 RORB CUX2",0.169282940457251,2.96672080436591,6.69675738012325,0.0102019259282765,0.0301044106483806,0.0301044106483806,"gpath_trio"
"15918","ATP6V0D1","Exc L3-4 RORB CUX2",-0.1110718179171,5.56626874834811,21.8750797060904,4.68152671812683e-06,4.05190053788969e-05,4.05190053788969e-05,"gpath_trio"
"15919","AC009061.2","Exc L3-4 RORB CUX2",0.0754008179158956,5.11527128167467,7.0029292737709,0.0086338801965797,0.0261622909230993,0.0261622909230993,"gpath_trio"
"15920","AC027682.6","Exc L3-4 RORB CUX2",0.000820896259576826,2.65051967262845,0.000597399538133335,0.98051898782466,0.989989519535707,0.989989519535707,"gpath_trio"
"15921","RIPOR1","Exc L3-4 RORB CUX2",-0.0626159942341284,5.72274663799063,10.4359483103179,0.00634395514478641,0.0203125369062158,0.0203125369062158,"gpath_trio"
"15922","AC027682.2","Exc L3-4 RORB CUX2",-0.0591160740601853,-0.96007110765159,0.153798328298148,0.695252916160895,0.806895376826148,0.806895376826148,"gpath_trio"
"15923","AC027682.4","Exc L3-4 RORB CUX2",0.125971940080015,3.6988443948617,11.9981735702672,0.000622612675739358,0.0028284644749024,0.0028284644749024,"gpath_trio"
"15924","CTCF","Exc L3-4 RORB CUX2",0.000800703422263207,5.24186240434669,0.00134464386105317,0.97077675594475,0.98495818803882,0.98495818803882,"gpath_trio"
"15925","CARMIL2","Exc L3-4 RORB CUX2",0.024976731161222,4.30140924596188,0.752773680313222,0.386399531906216,0.534458422885501,0.534458422885501,"gpath_trio"
"15926","ACD","Exc L3-4 RORB CUX2",-0.103904746017579,2.92237542892377,8.36198872248655,0.00415553589295818,0.0141981739219545,0.0141981739219545,"gpath_trio"
"15927","PARD6A","Exc L3-4 RORB CUX2",-0.20361809411857,3.37913261131543,27.5029203161749,3.25262364483831e-07,3.84652297975457e-06,3.84652297975457e-06,"gpath_trio"
"15928","ENKD1","Exc L3-4 RORB CUX2",0.0220387950374055,2.18193398662646,0.244586470716925,0.714217928908843,0.82160975272673,0.82160975272673,"gpath_trio"
"15929","C16orf86","Exc L3-4 RORB CUX2",-0.50812893589588,0.288064361099533,33.4807165806374,2.06332542387553e-08,3.30115705207683e-07,3.30115705207683e-07,"gpath_trio"
"15930","GFOD2","Exc L3-4 RORB CUX2",0.0288426043701195,4.99378736718476,1.69490275458664,0.194108139486499,0.318151898134707,0.318151898134707,"gpath_trio"
"15931","RANBP10","Exc L3-4 RORB CUX2",0.0658969893133728,5.75582378667934,11.7463091935532,0.000708537247371672,0.00315696531928522,0.00315696531928522,"gpath_trio"
"15932","TSNAXIP1","Exc L3-4 RORB CUX2",-0.0400921231452978,3.55919688979508,1.96916629422344,0.161729467385125,0.276352333742263,0.276352333742263,"gpath_trio"
"15933","CENPT","Exc L3-4 RORB CUX2",-0.067245307776823,4.64244681560708,7.44338050136972,0.00680109717099616,0.0214628711754806,0.0214628711754806,"gpath_trio"
"15934","THAP11","Exc L3-4 RORB CUX2",-0.177874181688315,2.6896520120764,23.6212025420679,2.03050272777494e-06,1.93506814042794e-05,1.93506814042794e-05,"gpath_trio"
"15935","NUTF2","Exc L3-4 RORB CUX2",-0.0654184026573289,3.73383545659723,7.80965209994211,0.0055838768814594,0.0182910725902652,0.0182910725902652,"gpath_trio"
"15936","EDC4","Exc L3-4 RORB CUX2",0.105846478499576,-0.128239533737489,1.62525381275373,0.204103604684047,0.330746485257525,0.330746485257525,"gpath_trio"
"15937","PSKH1","Exc L3-4 RORB CUX2",0.123375964551903,3.4095325460681,16.8796206895382,5.34097635222685e-05,0.000341426482592448,0.000341426482592448,"gpath_trio"
"15938","DUS2","Exc L3-4 RORB CUX2",-0.0429459329554074,4.18049135581482,3.28824043312644,0.0709306996208639,0.145859429706547,0.145859429706547,"gpath_trio"
"15939","DDX28","Exc L3-4 RORB CUX2",-0.230302715440018,0.875927967060852,12.8588164555365,0.000401126310406232,0.00194163227265973,0.00194163227265973,"gpath_trio"
"15940","NFATC3","Exc L3-4 RORB CUX2",0.128617663515716,6.01858376478779,48.4258216701789,2.782946438417e-11,9.26500732591799e-10,9.26500732591799e-10,"gpath_trio"
"15941","AC020978.3","Exc L3-4 RORB CUX2",-0.275626842656711,-0.300911793109349,9.73116905388706,0.00201569436293743,0.0076860014689591,0.0076860014689591,"gpath_trio"
"15942","PLA2G15","Exc L3-4 RORB CUX2",-0.0357300437191649,3.57034574342242,1.94758362376632,0.164038148849006,0.279398028959789,0.279398028959789,"gpath_trio"
"15943","SLC7A6","Exc L3-4 RORB CUX2",0.0190725093761497,5.90485097459658,1.07098319138477,0.30168502942528,0.445277304020412,0.445277304020412,"gpath_trio"
"15944","SLC7A6OS","Exc L3-4 RORB CUX2",-0.119510858225596,3.92432603436415,16.9899990394167,5.05732059088377e-05,0.000325355366457526,0.000325355366457526,"gpath_trio"
"15945","PRMT7","Exc L3-4 RORB CUX2",0.00451843709374581,5.49745809481092,0.0655095368019664,0.798193127955427,0.882192744412225,0.882192744412225,"gpath_trio"
"15946","SMPD3","Exc L3-4 RORB CUX2",0.0419234253493958,5.28600853783998,2.61050066552058,0.107370959139494,0.201977538521146,0.201977538521146,"gpath_trio"
"15947","AC099521.1","Exc L3-4 RORB CUX2",0.0153627525615379,0.830403554326798,0.0682378876758249,0.794126698780465,0.880109105026142,0.880109105026142,"gpath_trio"
"15948","ZFP90","Exc L3-4 RORB CUX2",0.0702175950871427,6.16639882844471,15.9240993480283,8.58016210141957e-05,0.00051033245989428,0.00051033245989428,"gpath_trio"
"15949","AC126773.1","Exc L3-4 RORB CUX2",-0.117170545986556,1.57768089583393,4.17699960951809,0.0419839134722736,0.0958498873263688,0.0958498873263688,"gpath_trio"
"15950","AC126773.4","Exc L3-4 RORB CUX2",0.0145706818981801,2.49551263582916,0.128651767532129,0.720125116666464,0.826470460705724,0.826470460705724,"gpath_trio"
"15951","CDH3","Exc L3-4 RORB CUX2",0.0363753967832572,4.548234875302,1.59552612650764,0.207669900030002,0.335232275109097,0.335232275109097,"gpath_trio"
"15952","TANGO6","Exc L3-4 RORB CUX2",0.0731240188998728,6.31111330925462,31.5371415761785,5.01829647583374e-08,7.27328530172024e-07,7.27328530172024e-07,"gpath_trio"
"15953","AC009137.1","Exc L3-4 RORB CUX2",-0.328408987982114,0.974977457394551,31.4450347321497,5.2351358249283e-08,7.52807307683025e-07,7.52807307683025e-07,"gpath_trio"
"15954","HAS3","Exc L3-4 RORB CUX2",0.0701258320980919,-0.02470615553316,0.629926738901873,0.42810591036055,0.5760712827002,0.5760712827002,"gpath_trio"
"15955","CHTF8","Exc L3-4 RORB CUX2",0.050059744646804,3.62685036518113,3.17012241891647,0.0761644424877897,0.154480509419037,0.154480509419037,"gpath_trio"
"15956","UTP4","Exc L3-4 RORB CUX2",-0.0122565625082901,4.55561564216172,0.233288846791842,0.629502286612469,0.753408591825744,0.753408591825744,"gpath_trio"
"15957","SNTB2","Exc L3-4 RORB CUX2",-0.0288848156639642,6.61053191013277,1.10406678018101,0.294350956577467,0.437203161963513,0.437203161963513,"gpath_trio"
"15958","VPS4A","Exc L3-4 RORB CUX2",-0.055936644007642,4.74133364576909,3.98917305259312,0.0468356085074687,0.104652608443701,0.104652608443701,"gpath_trio"
"15959","COG8","Exc L3-4 RORB CUX2",0.0143604318725928,2.78806656876368,0.175518059043731,0.808379632767656,0.889213188544107,0.889213188544107,"gpath_trio"
"15960","AC026464.3","Exc L3-4 RORB CUX2",-0.0331823993423566,2.29487263605324,0.789485249292214,0.993248804828661,0.996680753988371,0.996680753988371,"gpath_trio"
"15961","NIP7","Exc L3-4 RORB CUX2",-0.153850639416637,2.4994994901467,18.2137395924151,2.76853702845151e-05,0.000191810558204015,0.000191810558204015,"gpath_trio"
"15962","TERF2","Exc L3-4 RORB CUX2",0.0444545451118342,4.1397752725312,3.68444895562188,0.0560164842041648,0.120586061547058,0.120586061547058,"gpath_trio"
"15963","CYB5B","Exc L3-4 RORB CUX2",-0.000390841990939039,5.84321524381609,0.000398806416677332,0.984082510422626,0.992119419395513,0.992119419395513,"gpath_trio"
"15964","NFAT5","Exc L3-4 RORB CUX2",0.0590008747160443,8.16743748496824,15.3923035032234,0.000111851569303141,0.000642541403955258,0.000642541403955258,"gpath_trio"
"15965","NQO1","Exc L3-4 RORB CUX2",-0.0745891412015593,1.29898948419182,1.90036068951246,0.169222886553867,0.286319333799418,0.286319333799418,"gpath_trio"
"15966","AC092115.3","Exc L3-4 RORB CUX2",0.118388626739889,2.16845841775463,7.02841795993775,0.00851508903841291,0.0258839718773513,0.0258839718773513,"gpath_trio"
"15967","NOB1","Exc L3-4 RORB CUX2",-0.109247746872935,3.11075540556359,10.1488468111404,0.00162014082036237,0.00637684242202842,0.00637684242202842,"gpath_trio"
"15968","WWP2","Exc L3-4 RORB CUX2",0.0872797132314126,5.39471580123404,20.6430332108884,8.47948886962543e-06,6.83474582280036e-05,6.83474582280036e-05,"gpath_trio"
"15969","CLEC18A","Exc L3-4 RORB CUX2",0.239372047257709,-0.317204319419842,3.14321052189838,0.0774143402836187,0.156449395494541,0.156449395494541,"gpath_trio"
"15970","PDPR","Exc L3-4 RORB CUX2",0.072344329962766,5.60158692747228,2.96506159382179,0.0862704953578337,0.170270343304544,0.170270343304544,"gpath_trio"
"15971","AC009060.1","Exc L3-4 RORB CUX2",-0.159446402625824,2.20217069848507,6.30359338716515,0.0126568476225954,0.036031028754884,0.036031028754884,"gpath_trio"
"15972","EXOSC6","Exc L3-4 RORB CUX2",-0.0805024345203044,5.10011427223294,8.25880740438211,0.00439059067695957,0.0148375488957553,0.0148375488957553,"gpath_trio"
"15973","AARS","Exc L3-4 RORB CUX2",-0.0535598435008131,6.01484944090208,8.34667380530192,0.00418959242830391,0.0142947788332541,0.0142947788332541,"gpath_trio"
"15974","DDX19B","Exc L3-4 RORB CUX2",0.0340717227095686,-0.818063056423705,0.0812106154718843,0.775890335174725,0.867715494021623,0.867715494021623,"gpath_trio"
"15975","AC012184.2","Exc L3-4 RORB CUX2",0.221293629350574,2.96653519067011,36.4449001270064,5.39358265941388e-09,1.01035775444452e-07,1.01035775444452e-07,"gpath_trio"
"15976","DDX19A","Exc L3-4 RORB CUX2",-0.077404595807697,3.22519836421456,6.91554496303467,0.00905426353867098,0.0272441489639583,0.0272441489639583,"gpath_trio"
"15977","ST3GAL2","Exc L3-4 RORB CUX2",0.0347799618394173,5.43597675892169,2.21085380296549,0.138254437818869,0.245707980032484,0.245707980032484,"gpath_trio"
"15978","AC012184.1","Exc L3-4 RORB CUX2",-0.0377921437963528,1.34443095179189,0.517574867938395,0.472524139533761,0.617513571388368,0.617513571388368,"gpath_trio"
"15979","FUK","Exc L3-4 RORB CUX2",0.0229856111822629,3.93492407228651,0.805688443974366,0.370228433232685,0.51854987294291,0.51854987294291,"gpath_trio"
"15980","COG4","Exc L3-4 RORB CUX2",0.0106390474419175,4.24312399241729,0.223231726558319,0.636984789425115,0.759525302993599,0.759525302993599,"gpath_trio"
"15981","SF3B3","Exc L3-4 RORB CUX2",-0.0266561790793479,5.29957774326286,2.03772890122011,0.204824982949802,0.331675417851534,0.331675417851534,"gpath_trio"
"15982","IL34","Exc L3-4 RORB CUX2",0.125395519412283,4.26587639710658,11.4968404962073,0.000805560372313685,0.00352083633263184,0.00352083633263184,"gpath_trio"
"15983","MTSS1L","Exc L3-4 RORB CUX2",-0.00489881114906294,4.21066213572023,0.0274426253478928,0.868554709933922,0.929057261226409,0.929057261226409,"gpath_trio"
"15984","VAC14","Exc L3-4 RORB CUX2",0.0893924929246747,4.79903224771847,18.0020637399286,3.07165537863704e-05,0.000210641221155684,0.000210641221155684,"gpath_trio"
"15985","AC027281.1","Exc L3-4 RORB CUX2",0.267802635997305,-0.85476212216725,4.7169700639425,0.0307704086887143,0.0743210061825154,0.0743210061825154,"gpath_trio"
"15986","HYDIN","Exc L3-4 RORB CUX2",0.148173487938522,7.73070584851556,35.8542083928489,7.03769583216279e-09,1.27455577570812e-07,1.27455577570812e-07,"gpath_trio"
"15987","CMTR2","Exc L3-4 RORB CUX2",0.0322199676518617,3.14820121580987,1.03090841102352,0.944908808477318,0.973134126541775,0.973134126541775,"gpath_trio"
"15988","CALB2","Exc L3-4 RORB CUX2",0.499461861254637,-2.09962990313947,23.0800408715024,0.00195173214076367,0.007474600596034,0.007474600596034,"gpath_trio"
"15989","LINC02136","Exc L3-4 RORB CUX2",0.221888815536857,-0.626484824172605,1.7156105635805,0.191415143653362,0.314658235411601,0.314658235411601,"gpath_trio"
"15990","AC010547.1","Exc L3-4 RORB CUX2",0.10638126928051,-0.000452411731576048,1.34766084625059,0.246752179571398,0.381853587700618,0.381853587700618,"gpath_trio"
"15991","ZNF19","Exc L3-4 RORB CUX2",0.0279979922684474,2.83796685292021,0.490331794338048,0.971125151921974,0.985007513676851,0.985007513676851,"gpath_trio"
"15992","CHST4","Exc L3-4 RORB CUX2",-0.19185476423694,-0.847384375143666,3.27853098151143,0.0713459290577794,0.146444614786926,0.146444614786926,"gpath_trio"
"15993","TAT-AS1","Exc L3-4 RORB CUX2",0.156980656342808,-0.297309874737165,2.54893913706932,0.111582988835068,0.208231134931782,0.208231134931782,"gpath_trio"
"15994","MARVELD3","Exc L3-4 RORB CUX2",-0.308346506661627,0.0319044419198241,10.8731962533936,0.00111171774509897,0.00463790436463436,0.00463790436463436,"gpath_trio"
"15995","PHLPP2","Exc L3-4 RORB CUX2",0.0232872786949277,6.55979453419714,2.68604816559462,0.10244001501021,0.194744031833063,0.194744031833063,"gpath_trio"
"15996","AC009097.1","Exc L3-4 RORB CUX2",-0.463396522436346,1.59046978020883,50.2495122789337,1.27409556704589e-11,4.66513213523607e-10,4.66513213523607e-10,"gpath_trio"
"15997","AP1G1","Exc L3-4 RORB CUX2",-0.0114248419432449,5.88263014410376,0.550084806906603,0.458952443040276,0.604673515205223,0.604673515205223,"gpath_trio"
"15998","IST1","Exc L3-4 RORB CUX2",-0.0145107274110399,5.54963788232662,0.76926586237237,0.381253921840201,0.529482885187999,0.529482885187999,"gpath_trio"
"15999","ZNF821","Exc L3-4 RORB CUX2",-0.0212188268531786,5.89648632013197,1.43509360064292,0.232025830636522,0.364050595143619,0.364050595143619,"gpath_trio"
"16000","PKD1L3","Exc L3-4 RORB CUX2",0.00415336912244402,2.179224444592,0.00974085296452101,0.921455881998476,0.959869070121716,0.959869070121716,"gpath_trio"
"16001","DHODH","Exc L3-4 RORB CUX2",-0.074958447268699,1.81039550244711,2.47995031061879,0.116521857792708,0.215257621185594,0.215257621185594,"gpath_trio"
"16002","TXNL4B","Exc L3-4 RORB CUX2",0.0590973577292767,3.44462379111042,3.88183783245634,0.0498721474773765,0.110108401768009,0.110108401768009,"gpath_trio"
"16003","DHX38","Exc L3-4 RORB CUX2",-0.103892295190526,3.64056038037172,14.9304004658169,0.000140928065685629,0.000783473057373261,0.000783473057373261,"gpath_trio"
"16004","PMFBP1","Exc L3-4 RORB CUX2",0.0794207782889891,2.25537947549152,2.04073161668799,0.154336142365824,0.266906537993357,0.266906537993357,"gpath_trio"
"16005","LINC01572","Exc L3-4 RORB CUX2",-0.266790601524166,5.02481461937192,33.8335671807356,1.75724012528043e-08,2.87996096893035e-07,2.87996096893035e-07,"gpath_trio"
"16006","AC004158.1","Exc L3-4 RORB CUX2",-0.065194670184654,6.24166241907507,1.40749053066978,0.236556357254049,0.369504839547881,0.369504839547881,"gpath_trio"
"16007","AC004943.2","Exc L3-4 RORB CUX2",-0.0441589240381108,2.47831324947315,0.722222704862005,0.454807370788209,0.600703024919942,0.600703024919942,"gpath_trio"
"16008","ZFHX3","Exc L3-4 RORB CUX2",-0.157865165890949,4.97578271996617,19.878650576161,1.228283885441e-05,9.51271684789716e-05,9.51271684789716e-05,"gpath_trio"
"16009","AC116667.2","Exc L3-4 RORB CUX2",-0.484368036921043,-0.703676399160747,19.7029296639117,1.33780024446653e-05,0.000102397275614982,0.000102397275614982,"gpath_trio"
"16010","AC140912.1","Exc L3-4 RORB CUX2",-0.270882085269239,2.79117132660982,21.878557430083,4.67370923927789e-06,4.04687055375242e-05,4.04687055375242e-05,"gpath_trio"
"16011","LINC01568","Exc L3-4 RORB CUX2",-0.232714441182004,-0.140650829965874,6.81153036211683,0.00958228662613583,0.0285557803075761,0.0285557803075761,"gpath_trio"
"16012","AC138627.1","Exc L3-4 RORB CUX2",0.0238416651955911,4.65079437920508,0.394940141273802,0.530265665467389,0.670265635035686,0.670265635035686,"gpath_trio"
"16013","AC009120.4","Exc L3-4 RORB CUX2",-0.288150107819502,-0.282431987453365,6.60994220157505,0.0106979989458764,0.031239271780729,0.031239271780729,"gpath_trio"
"16014","PSMD7","Exc L3-4 RORB CUX2",-0.0951611252772071,5.08445110372388,18.3780853464453,2.55421151311636e-05,0.000178493998188856,0.000178493998188856,"gpath_trio"
"16015","AC009053.2","Exc L3-4 RORB CUX2",0.118446520146411,0.585806475405063,2.23206877591745,0.136385313650601,0.243329828696576,0.243329828696576,"gpath_trio"
"16016","NPIPB15","Exc L3-4 RORB CUX2",0.0718924322045716,2.56869589658167,0.286282644346812,0.593069901575819,0.723671541326488,0.723671541326488,"gpath_trio"
"16017","CLEC18B","Exc L3-4 RORB CUX2",0.242312861527827,0.195151083499142,7.68202073537417,0.00598035044916912,0.0193200272717353,0.0193200272717353,"gpath_trio"
"16018","AC009053.3","Exc L3-4 RORB CUX2",0.000384999226453727,0.481805873544617,8.90379853037095e-06,0.997621465267504,0.998951165286077,0.998951165286077,"gpath_trio"
"16019","GLG1","Exc L3-4 RORB CUX2",0.0537253919657056,7.7948219385146,16.3252849004973,7.02911004702183e-05,0.000429734227874744,0.000429734227874744,"gpath_trio"
"16020","RFWD3","Exc L3-4 RORB CUX2",0.00718627051923978,3.88394611644718,0.0508583161441075,0.821753571444632,0.897787732320908,0.897787732320908,"gpath_trio"
"16021","MLKL","Exc L3-4 RORB CUX2",-0.170292528389064,-0.0984063696178747,4.27308462925649,0.039710291629361,0.0917493281748005,0.0917493281748005,"gpath_trio"
"16022","WDR59","Exc L3-4 RORB CUX2",0.0399916270327919,6.11092594577003,8.62100901882831,0.0036206130413115,0.0126180459679495,0.0126180459679495,"gpath_trio"
"16023","ZNRF1","Exc L3-4 RORB CUX2",0.0144826494574692,5.81716699271288,0.552471969729707,0.457980484708812,0.603708348840267,0.603708348840267,"gpath_trio"
"16024","LDHD","Exc L3-4 RORB CUX2",-0.222833664231517,0.599581782236905,10.1701407911519,0.00160223903991065,0.00632339057711215,0.00632339057711215,"gpath_trio"
"16025","AC099508.2","Exc L3-4 RORB CUX2",-0.0433740005102849,0.656959768969151,0.511187960610506,0.475266522703678,0.619692502782053,0.619692502782053,"gpath_trio"
"16026","ZFP1","Exc L3-4 RORB CUX2",-0.0622927781452739,3.36419766520471,4.48816697832758,0.0350788381247208,0.0828706743754382,0.0828706743754382,"gpath_trio"
"16027","BCAR1","Exc L3-4 RORB CUX2",0.0595699461024457,5.24155869825493,6.87839809421972,0.00923930516544048,0.0276973226913465,0.0276973226913465,"gpath_trio"
"16028","CFDP1","Exc L3-4 RORB CUX2",0.0189438325568676,5.99587716691959,1.30909906886903,0.253610068046137,0.390280939956584,0.390280939956584,"gpath_trio"
"16029","AC009163.4","Exc L3-4 RORB CUX2",-0.0235704436671252,1.03750000492829,0.181556461897556,0.719932296219872,0.826343180078279,0.826343180078279,"gpath_trio"
"16030","AC009163.7","Exc L3-4 RORB CUX2",-0.0522752894972866,0.212043723608729,0.371998074654308,0.542449818654832,0.68090847694233,0.68090847694233,"gpath_trio"
"16031","CHST6","Exc L3-4 RORB CUX2",-0.0141731245139054,-0.495235886242721,0.0160854104682859,0.899174343959928,0.948392011155978,0.948392011155978,"gpath_trio"
"16032","AC009163.1","Exc L3-4 RORB CUX2",-0.326554060002215,-0.167259449938739,9.6465518721185,0.00210715860798469,0.00797447475447218,0.00797447475447218,"gpath_trio"
"16033","TMEM231","Exc L3-4 RORB CUX2",0.0308433524655937,2.75040729728401,0.60024406988686,0.439188899181829,0.585913604275656,0.585913604275656,"gpath_trio"
"16034","AC025287.2","Exc L3-4 RORB CUX2",-0.0649422057358716,-0.201850365577426,0.428144570779257,0.513479135694494,0.654827371807107,0.654827371807107,"gpath_trio"
"16035","GABARAPL2","Exc L3-4 RORB CUX2",-0.267902128812056,5.51427790046611,87.0832158838708,4.78165822239251e-18,8.61338880685436e-16,8.61338880685436e-16,"gpath_trio"
"16036","ADAT1","Exc L3-4 RORB CUX2",0.0193123650648056,3.96222891553565,0.569089290570916,0.451303721725046,0.597560217994257,0.597560217994257,"gpath_trio"
"16037","KARS","Exc L3-4 RORB CUX2",-0.0876954449642923,3.70186030541642,11.7480706335908,0.000707896224433985,0.00315501541863584,0.00315501541863584,"gpath_trio"
"16038","TERF2IP","Exc L3-4 RORB CUX2",-0.106493396725373,7.06331462118504,23.1807202146277,2.5050428565906e-06,2.33545469647483e-05,2.33545469647483e-05,"gpath_trio"
"16039","AC025287.4","Exc L3-4 RORB CUX2",-0.345442848010551,0.539947646447854,16.280151752314,7.18837643241305e-05,0.000437614648533293,0.000437614648533293,"gpath_trio"
"16040","CPHXL","Exc L3-4 RORB CUX2",-0.683706945261664,0.724620770150053,56.6933208624306,8.38962431382822e-13,3.99199694649727e-11,3.99199694649727e-11,"gpath_trio"
"16041","AC105430.1","Exc L3-4 RORB CUX2",-0.562410521922876,0.792240911724855,40.889849262847,7.4302161972678e-10,1.69192564085641e-08,1.69192564085641e-08,"gpath_trio"
"16042","AC099511.1","Exc L3-4 RORB CUX2",-0.307313982407359,-1.14948389572401,4.57176927130537,0.0334353653302837,0.0795563740462878,0.0795563740462878,"gpath_trio"
"16043","AC010528.1","Exc L3-4 RORB CUX2",-0.0953455360652745,1.74335315902492,3.31617791255298,0.0697503973744279,0.143975267754152,0.143975267754152,"gpath_trio"
"16044","CNTNAP4","Exc L3-4 RORB CUX2",0.0639057366497903,5.79600216616901,1.64499806781336,0.20078332170694,0.32665136000625,0.32665136000625,"gpath_trio"
"16045","AC104151.1","Exc L3-4 RORB CUX2",0.0405880157836579,3.9941009936076,0.388724988106408,0.533516914497382,0.672868356158593,0.672868356158593,"gpath_trio"
"16046","AC106729.1","Exc L3-4 RORB CUX2",-0.0317838026138349,1.7570988316587,0.189674155870062,0.663549275782613,0.78154630386562,0.78154630386562,"gpath_trio"
"16047","MON1B","Exc L3-4 RORB CUX2",0.00895057129611118,1.66755990281231,0.0364017067975702,0.848837200952301,0.915869667082675,0.915869667082675,"gpath_trio"
"16048","SYCE1L","Exc L3-4 RORB CUX2",0.0482352265575254,0.246167185928296,0.272770104348679,0.601924267555532,0.730967730094023,0.730967730094023,"gpath_trio"
"16049","AC009139.2","Exc L3-4 RORB CUX2",-0.145102867737536,-0.346662905434097,2.1719799116905,0.141754830956419,0.250260003772174,0.250260003772174,"gpath_trio"
"16050","ADAMTS18","Exc L3-4 RORB CUX2",-1.25561435963266,-1.52513799680854,40.4905315815158,8.86600481513624e-10,1.97430074111891e-08,1.97430074111891e-08,"gpath_trio"
"16051","NUDT7","Exc L3-4 RORB CUX2",-0.0079183317550761,2.11036022799592,0.0269343273657626,0.946214801154453,0.97402796800692,0.97402796800692,"gpath_trio"
"16052","VAT1L","Exc L3-4 RORB CUX2",0.0976597726025548,3.96517474033629,5.79749649090801,0.0167458969876966,0.0453305342448381,0.0453305342448381,"gpath_trio"
"16053","AC079414.1","Exc L3-4 RORB CUX2",0.00812137301507159,-1.30336954611858,0.00279711097371455,0.957861979584984,0.978960007908332,0.978960007908332,"gpath_trio"
"16054","WWOX","Exc L3-4 RORB CUX2",0.128114702581675,8.16256639048912,20.0920052487492,1.10741755789421e-05,8.68330712418024e-05,8.68330712418024e-05,"gpath_trio"
"16055","AC046158.1","Exc L3-4 RORB CUX2",-0.470017774939834,0.27919527783839,20.1468697480006,1.0783295398439e-05,8.47829246545235e-05,8.47829246545235e-05,"gpath_trio"
"16056","AC092376.1","Exc L3-4 RORB CUX2",-0.114167806142517,-0.663111090187875,1.05759902574496,0.3047191640942,0.448639650850214,0.448639650850214,"gpath_trio"
"16057","LINC01229","Exc L3-4 RORB CUX2",-0.133473384623015,0.863680275909702,2.48553951197725,0.116112833258146,0.214737960489787,0.214737960489787,"gpath_trio"
"16058","MAFTRR","Exc L3-4 RORB CUX2",-0.0499604412263355,-0.27506129916416,0.309147458968386,0.578681959257335,0.711450854845627,0.711450854845627,"gpath_trio"
"16059","AC105411.1","Exc L3-4 RORB CUX2",-0.00201857194769293,3.62174932746662,0.00218802365220272,0.962727413732839,0.980663716654551,0.980663716654551,"gpath_trio"
"16060","DYNLRB2","Exc L3-4 RORB CUX2",0.0741974606352318,2.48680631585952,2.02451058171868,0.155977462662292,0.269168189993307,0.269168189993307,"gpath_trio"
"16061","CDYL2","Exc L3-4 RORB CUX2",0.0556485933834038,6.81224259374665,7.45470424769892,0.00675964970608098,0.0213552657987246,0.0213552657987246,"gpath_trio"
"16062","LINC02170","Exc L3-4 RORB CUX2",0.0627617702316771,2.77212989306319,2.26842468882876,0.133247959736767,0.239085520071974,0.239085520071974,"gpath_trio"
"16063","CMC2","Exc L3-4 RORB CUX2",-0.0672073384515271,6.27506211139953,13.4545784948974,0.000296412860175341,0.00149877931178885,0.00149877931178885,"gpath_trio"
"16064","CENPN","Exc L3-4 RORB CUX2",-0.0470071561257961,1.40582714806077,0.918252371616284,0.338824447026999,0.485151399486849,0.485151399486849,"gpath_trio"
"16065","AC092718.8","Exc L3-4 RORB CUX2",-0.0724278332567186,0.721370156934516,1.55643872091515,0.213309888323283,0.341911216255085,0.341911216255085,"gpath_trio"
"16066","ATMIN","Exc L3-4 RORB CUX2",-0.0690058097743334,4.8395812951675,8.89475148205084,0.00313147720109338,0.0111779109221619,0.0111779109221619,"gpath_trio"
"16067","AC092718.5","Exc L3-4 RORB CUX2",-0.524291535655543,-0.198495379728518,18.5508553920157,2.34696453834152e-05,0.000165559473989651,0.000165559473989651,"gpath_trio"
"16068","AC092718.6","Exc L3-4 RORB CUX2",-0.538999401565032,-0.639647459647079,24.494979652117,1.34048514259724e-06,1.35486683552941e-05,1.35486683552941e-05,"gpath_trio"
"16069","AC092718.1","Exc L3-4 RORB CUX2",0.222888177506787,-0.976153241547176,2.54412637818623,0.111919898599182,0.208686132554389,0.208686132554389,"gpath_trio"
"16070","BCO1","Exc L3-4 RORB CUX2",-0.166112725236096,2.59939383135915,8.68905176138329,0.00349216061718897,0.0122401564370722,0.0122401564370722,"gpath_trio"
"16071","AC009148.1","Exc L3-4 RORB CUX2",0.166250000947798,2.34840301486105,15.0047283006424,0.000135777164897331,0.000759020310835041,0.000759020310835041,"gpath_trio"
"16072","GAN","Exc L3-4 RORB CUX2",0.0417295121506375,5.21818534304226,5.10532141512469,0.0246807451139445,0.0619401761120282,0.0619401761120282,"gpath_trio"
"16073","CMIP","Exc L3-4 RORB CUX2",0.0766025143189246,7.93382200971117,30.5071164944532,8.06162192379807e-08,1.10341399126612e-06,1.10341399126612e-06,"gpath_trio"
"16074","PLCG2","Exc L3-4 RORB CUX2",0.24248031493486,5.44410732814952,5.51489365082823,0.0196047119286408,0.051460455784586,0.051460455784586,"gpath_trio"
"16075","AC092142.1","Exc L3-4 RORB CUX2",0.111607730393876,4.11317965602158,9.64595955657726,0.00210781357430592,0.00797545740090433,0.00797545740090433,"gpath_trio"
"16076","MPHOSPH6","Exc L3-4 RORB CUX2",0.0369601065124819,5.57029071262655,3.19694360446587,0.0749404412302033,0.152519257724135,0.152519257724135,"gpath_trio"
"16077","AC138304.1","Exc L3-4 RORB CUX2",0.120097256140052,-0.476958085970044,1.09906543951175,0.295444810788336,0.438537305595548,0.438537305595548,"gpath_trio"
"16078","CDH13","Exc L3-4 RORB CUX2",0.121118929383406,8.56229233784017,8.54927317000041,0.0037612844999746,0.0130339942952572,0.0130339942952572,"gpath_trio"
"16079","AC125793.1","Exc L3-4 RORB CUX2",-0.191817468655176,0.854753557661594,5.39331105961041,0.0209866795099399,0.0543595145863445,0.0543595145863445,"gpath_trio"
"16080","AC009142.1","Exc L3-4 RORB CUX2",-0.0203025826052455,-0.262809505639249,0.058641830788152,0.808846499271713,0.889435772758861,0.889435772758861,"gpath_trio"
"16081","AC009119.1","Exc L3-4 RORB CUX2",-0.0659859084818789,-0.512745019750067,0.424874033645198,0.515090720042533,0.656347835334939,0.656347835334939,"gpath_trio"
"16082","HSBP1","Exc L3-4 RORB CUX2",-0.150093702231395,4.46103193877468,64.2286001845104,3.75799660666016e-14,2.48582234555307e-12,2.48582234555307e-12,"gpath_trio"
"16083","MLYCD","Exc L3-4 RORB CUX2",-0.0733524108069321,1.33091463481657,1.99837975588245,0.158663596250865,0.272870007191305,0.272870007191305,"gpath_trio"
"16084","AC009119.2","Exc L3-4 RORB CUX2",0.0230748070020411,2.13578454783894,0.2818237230964,0.595961524982534,0.72599887056438,0.72599887056438,"gpath_trio"
"16085","OSGIN1","Exc L3-4 RORB CUX2",-0.0133911873865093,-0.218010109903689,0.0223905159409309,0.881168905303116,0.937043151195992,0.937043151195992,"gpath_trio"
"16086","NECAB2","Exc L3-4 RORB CUX2",-0.0629394471828654,3.4743244077835,0.950040954953432,0.330614816121484,0.47701880249238,0.47701880249238,"gpath_trio"
"16087","SLC38A8","Exc L3-4 RORB CUX2",0.00783010939378297,0.829806620762628,0.00758134675954851,0.930682150574427,0.965820436645396,0.965820436645396,"gpath_trio"
"16088","MBTPS1","Exc L3-4 RORB CUX2",0.00566983497678478,6.29739650155602,0.106826414844271,0.744049515590733,0.844170300867774,0.844170300867774,"gpath_trio"
"16089","AC040169.1","Exc L3-4 RORB CUX2",-0.164836150838289,0.997556633317474,6.6075759641665,0.0107118633597455,0.0312707051487288,0.0312707051487288,"gpath_trio"
"16090","HSDL1","Exc L3-4 RORB CUX2",-0.0668087946323226,4.09451079749226,8.39272871757757,0.00408803139171432,0.0139979689965778,0.0139979689965778,"gpath_trio"
"16091","DNAAF1","Exc L3-4 RORB CUX2",0.025458181092689,3.93970577030509,0.506243689801296,0.477407323145125,0.621439624779205,0.621439624779205,"gpath_trio"
"16092","TAF1C","Exc L3-4 RORB CUX2",-0.0635808370392982,4.27392546149929,2.92041040851607,0.0886588906007926,0.173912797070587,0.173912797070587,"gpath_trio"
"16093","ADAD2","Exc L3-4 RORB CUX2",-0.228916454133108,-0.965460449524125,1.96166156459792,0.162527989090432,0.277364420563312,0.277364420563312,"gpath_trio"
"16094","WFDC1","Exc L3-4 RORB CUX2",-0.0969992667653231,3.26927647954833,5.28502756158802,0.0223029293499408,0.0571590501260795,0.0571590501260795,"gpath_trio"
"16095","ATP2C2","Exc L3-4 RORB CUX2",-0.00728572444217976,2.46636453158759,0.0150150184064288,0.902569366109266,0.950829563012607,0.950829563012607,"gpath_trio"
"16096","ATP2C2-AS1","Exc L3-4 RORB CUX2",0.141200043665577,1.48984158470697,6.65974539285004,0.0104104478280777,0.0305766174015821,0.0305766174015821,"gpath_trio"
"16097","TLDC1","Exc L3-4 RORB CUX2",-0.00269515396714301,4.12523241802222,0.0115780617783641,0.914394867235589,0.956800557738516,0.956800557738516,"gpath_trio"
"16098","COTL1","Exc L3-4 RORB CUX2",-0.0230254314879656,3.22724055680067,0.413171054502224,0.52093079448142,0.661616542566109,0.661616542566109,"gpath_trio"
"16099","KLHL36","Exc L3-4 RORB CUX2",0.0728770469054291,4.53552779598947,12.1391089850858,0.000579235532624475,0.0026571343498633,0.0026571343498633,"gpath_trio"
"16100","USP10","Exc L3-4 RORB CUX2",0.0137157150859804,5.79535567062275,0.636450608873871,0.425727004468733,0.573942019054907,0.573942019054907,"gpath_trio"
"16101","CRISPLD2","Exc L3-4 RORB CUX2",0.0872649550192051,1.19952136771634,1.60487480307081,0.206347355693951,0.333578357461977,0.333578357461977,"gpath_trio"
"16102","LINC02176","Exc L3-4 RORB CUX2",-0.343142793774276,0.123744945909931,12.4370999545396,0.000497356058486931,0.00233081497792656,0.00233081497792656,"gpath_trio"
"16103","ZDHHC7","Exc L3-4 RORB CUX2",-0.031817383939713,4.48445435716576,2.53762444005448,0.112376846538903,0.209190153065359,0.209190153065359,"gpath_trio"
"16104","KIAA0513","Exc L3-4 RORB CUX2",-0.0384887740707669,6.59465216805587,4.76796388598939,0.0298882101107726,0.0725101778481044,0.0725101778481044,"gpath_trio"
"16105","GSE1","Exc L3-4 RORB CUX2",0.0866719193968737,6.18407917678829,7.13380805315711,0.00804150873494155,0.0246636422510559,0.0246636422510559,"gpath_trio"
"16106","GINS2","Exc L3-4 RORB CUX2",-0.00779258858741043,0.0306439213582763,0.00806098598660958,0.928528784357481,0.964776650585167,0.964776650585167,"gpath_trio"
"16107","C16orf74","Exc L3-4 RORB CUX2",0.00407979856695278,1.27538703198833,0.00326765938572059,0.954458902295369,0.977524981108105,0.977524981108105,"gpath_trio"
"16108","EMC8","Exc L3-4 RORB CUX2",-0.0389939645699807,3.66649106545056,2.33550519206635,0.127669564309524,0.231131861086203,0.231131861086203,"gpath_trio"
"16109","COX4I1","Exc L3-4 RORB CUX2",-0.259281664180678,5.84557349937617,77.4447814619123,1.94257897319768e-16,2.18375126972806e-14,2.18375126972806e-14,"gpath_trio"
"16110","AC009108.3","Exc L3-4 RORB CUX2",0.0439836047279622,-0.561217867348822,0.131652596048312,0.717019470055555,0.823843488146866,0.823843488146866,"gpath_trio"
"16111","MTHFSD","Exc L3-4 RORB CUX2",0.0036232387620878,3.24416383117209,0.0102763947606464,0.919332851951135,0.959599542197158,0.959599542197158,"gpath_trio"
"16112","LINC02188","Exc L3-4 RORB CUX2",-0.29888195997451,-1.28412009253118,3.67508766261619,0.0563272384914622,0.121125776653725,0.121125776653725,"gpath_trio"
"16113","C16orf95","Exc L3-4 RORB CUX2",0.0886839607539468,4.65069157657415,6.93580004647959,0.008954979498949,0.0269933828464509,0.0269933828464509,"gpath_trio"
"16114","AC010531.1","Exc L3-4 RORB CUX2",0.157014229887102,2.5470568860373,12.2933719059984,0.000535266838687491,0.00248595959266117,0.00248595959266117,"gpath_trio"
"16115","FBXO31","Exc L3-4 RORB CUX2",0.0836122410007282,4.77160015043128,16.8066880006142,5.53719375239174e-05,0.000351962457323577,0.000351962457323577,"gpath_trio"
"16116","AC010531.5","Exc L3-4 RORB CUX2",-0.213434025878311,-0.337795707327369,3.83390597925722,0.0512950989325933,0.112596955822551,0.112596955822551,"gpath_trio"
"16117","MAP1LC3B","Exc L3-4 RORB CUX2",-0.0960008929196237,5.51710554020353,24.9682725845963,1.07127550870685e-06,1.10439363250693e-05,1.10439363250693e-05,"gpath_trio"
"16118","AC010531.3","Exc L3-4 RORB CUX2",-0.127964387532073,-0.0208459312805932,2.10920042825339,0.147621462786956,0.258283150787168,0.258283150787168,"gpath_trio"
"16119","ZCCHC14","Exc L3-4 RORB CUX2",0.0953217946122831,6.33523076043044,38.9840566125334,1.73085969650783e-09,3.61866262974565e-08,3.61866262974565e-08,"gpath_trio"
"16120","AC092720.1","Exc L3-4 RORB CUX2",0.0796268006835073,2.40287061712323,3.93917679901907,0.0482248357567014,0.107002877522033,0.107002877522033,"gpath_trio"
"16121","AC092720.2","Exc L3-4 RORB CUX2",0.0411847755341492,0.356419153153285,0.221476482874891,0.638311755277704,0.760613056684643,0.760613056684643,"gpath_trio"
"16122","JPH3","Exc L3-4 RORB CUX2",0.0727603848936409,6.39768128344278,17.403282738768,4.12408429679916e-05,0.000272351557079944,0.000272351557079944,"gpath_trio"
"16123","KLHDC4","Exc L3-4 RORB CUX2",-0.017033892971594,4.57185526426459,0.122299989197682,0.726836323958092,0.831099684643761,0.831099684643761,"gpath_trio"
"16124","AC126696.3","Exc L3-4 RORB CUX2",-0.0577936595425689,0.153536098507113,0.370931674237354,0.543028632675441,0.681445709039437,0.681445709039437,"gpath_trio"
"16125","AC126696.1","Exc L3-4 RORB CUX2",0.0502569628253269,1.13934863863065,0.481622292919495,0.488307969002854,0.631716144574067,0.631716144574067,"gpath_trio"
"16126","SLC7A5","Exc L3-4 RORB CUX2",0.052456841163524,4.53227830270512,3.02297997964819,0.0832761841003008,0.165624705660841,0.165624705660841,"gpath_trio"
"16127","CA5A","Exc L3-4 RORB CUX2",-0.155375279242853,0.562953969536775,5.42802452214652,0.020582060148516,0.0535313991873548,0.0535313991873548,"gpath_trio"
"16128","BANP","Exc L3-4 RORB CUX2",0.118096937505802,5.79939293684309,14.3146511261903,0.000191995456258826,0.00102691101008001,0.00102691101008001,"gpath_trio"
"16129","AC134312.4","Exc L3-4 RORB CUX2",-0.0318103825231028,3.22915286447271,0.216522410738202,0.642092030734323,0.76380996943863,0.76380996943863,"gpath_trio"
"16130","AC134312.1","Exc L3-4 RORB CUX2",0.195073442787443,2.81674259075219,20.979729261512,7.20605961411727e-06,5.90264931850653e-05,5.90264931850653e-05,"gpath_trio"
"16131","AC138512.1","Exc L3-4 RORB CUX2",-0.0640589864966855,2.76829062312595,1.64722723323595,0.200479434381787,0.326288527642187,0.326288527642187,"gpath_trio"
"16132","ZNF469","Exc L3-4 RORB CUX2",0.0441188385663102,1.57990829228202,0.513634914930924,0.474212809001348,0.618838513687076,0.618838513687076,"gpath_trio"
"16133","ZFPM1","Exc L3-4 RORB CUX2",0.0513500286412731,3.87351848106611,1.75407097291152,0.18652874471985,0.30863753175781,0.30863753175781,"gpath_trio"
"16134","AC116552.1","Exc L3-4 RORB CUX2",0.188737653022687,3.16439769015864,20.6461896548335,8.46655122835405e-06,6.82704520511762e-05,6.82704520511762e-05,"gpath_trio"
"16135","ZC3H18","Exc L3-4 RORB CUX2",0.0296764930467216,4.63614372027445,2.21952163912555,0.137487302129576,0.244754815182582,0.244754815182582,"gpath_trio"
"16136","MVD","Exc L3-4 RORB CUX2",0.028680618757385,5.2481650571939,0.702824097462702,0.402606409184672,0.550870417450035,0.550870417450035,"gpath_trio"
"16137","SNAI3-AS1","Exc L3-4 RORB CUX2",0.0406627470732097,4.88065521774447,1.72373813401168,0.190370167117617,0.313451246355824,0.313451246355824,"gpath_trio"
"16138","SNAI3","Exc L3-4 RORB CUX2",-0.406118776414672,3.42585298225012,45.6779274942138,9.1206699917681e-11,2.62121819207865e-09,2.62121819207865e-09,"gpath_trio"
"16139","RNF166","Exc L3-4 RORB CUX2",0.0157022082044857,3.41214881941237,0.290264947115032,0.762004301277164,0.857844806554701,0.857844806554701,"gpath_trio"
"16140","CTU2","Exc L3-4 RORB CUX2",-0.178494017204207,2.17903340536121,18.3198420420601,2.62817597330541e-05,0.000183218556535717,0.000183218556535717,"gpath_trio"
"16141","AC138028.2","Exc L3-4 RORB CUX2",0.0807260160950187,0.0516556288769201,0.702636898902792,0.402668987568633,0.550906000828328,0.550906000828328,"gpath_trio"
"16142","AC138028.1","Exc L3-4 RORB CUX2",0.106000442874607,0.0342372894656377,1.06180702979513,0.30376097804832,0.447620899286017,0.447620899286017,"gpath_trio"
"16143","CDT1","Exc L3-4 RORB CUX2",-0.298643964697173,-0.884009109181196,5.52603401422029,0.0194829145827126,0.0511740400606987,0.0511740400606987,"gpath_trio"
"16144","APRT","Exc L3-4 RORB CUX2",-0.259452423424266,2.51208589273548,36.0977509744631,6.30600569127626e-09,1.15868547196265e-07,1.15868547196265e-07,"gpath_trio"
"16145","GALNS","Exc L3-4 RORB CUX2",0.0195336955567233,3.60760895546945,0.427958762572428,0.513570458296757,0.654865629891106,0.654865629891106,"gpath_trio"
"16146","TRAPPC2L","Exc L3-4 RORB CUX2",-0.192289548994407,3.07128015643122,31.8928907308458,4.26252322695917e-08,6.30472185512473e-07,6.30472185512473e-07,"gpath_trio"
"16147","CBFA2T3","Exc L3-4 RORB CUX2",0.165702942018879,3.56315543169826,19.1361628355821,1.76311844122238e-05,0.000129584388166344,0.000129584388166344,"gpath_trio"
"16148","AC092384.2","Exc L3-4 RORB CUX2",0.128533731402586,-1.1685911357236,0.713475574528621,0.399068958345485,0.547217850514522,0.547217850514522,"gpath_trio"
"16149","AC092384.1","Exc L3-4 RORB CUX2",0.185827836536509,1.95976992690238,9.11850672124163,0.00278216912757003,0.0101080969113498,0.0101080969113498,"gpath_trio"
"16150","AC135782.1","Exc L3-4 RORB CUX2",-0.1060741333306,3.14964749842582,4.35646551188468,0.037842604779721,0.0881610336525256,0.0881610336525256,"gpath_trio"
"16151","ACSF3","Exc L3-4 RORB CUX2",0.0349328483984943,4.53920502329935,2.52573501848952,0.113217773083214,0.210406095426846,0.210406095426846,"gpath_trio"
"16152","LINC00304","Exc L3-4 RORB CUX2",-0.077780714938244,-0.582786368236462,0.495561534128225,0.51262291006977,0.654051869396944,0.654051869396944,"gpath_trio"
"16153","CDH15","Exc L3-4 RORB CUX2",0.293266328935675,-1.71701467244379,1.70516516721164,0.192768020229127,0.316323642351806,0.316323642351806,"gpath_trio"
"16154","AC009113.1","Exc L3-4 RORB CUX2",-0.0178989318559345,1.79195649401727,0.134391026783123,0.714220165716054,0.82160975272673,0.82160975272673,"gpath_trio"
"16155","ZNF778","Exc L3-4 RORB CUX2",-0.00400899133434249,3.65055481755891,0.0197714356293878,0.888286178384117,0.941515380597796,0.941515380597796,"gpath_trio"
"16156","ANKRD11","Exc L3-4 RORB CUX2",0.0954368149648765,8.08541606855868,31.8139753321497,4.4195980423133e-08,6.50842266450152e-07,6.50842266450152e-07,"gpath_trio"
"16157","AC137932.3","Exc L3-4 RORB CUX2",-0.159404577333129,0.325404578602828,4.61406984074393,0.0326348472719395,0.0780104317193578,0.0780104317193578,"gpath_trio"
"16158","SPG7","Exc L3-4 RORB CUX2",-0.0297372415647819,6.84918301191376,3.47292435750687,0.0635081777027796,0.133535954679893,0.133535954679893,"gpath_trio"
"16159","AC092123.1","Exc L3-4 RORB CUX2",-0.0491787337778566,1.49752358980563,0.909221598487178,0.351966123329588,0.499396338573349,0.499396338573349,"gpath_trio"
"16160","RPL13","Exc L3-4 RORB CUX2",-0.164537468221019,5.94013321985389,34.4746678011745,1.31336993904777e-08,2.22105938979788e-07,2.22105938979788e-07,"gpath_trio"
"16161","CPNE7","Exc L3-4 RORB CUX2",0.0984641909393674,3.95920886858309,4.2627713014989,0.0399479775067275,0.092171825960456,0.092171825960456,"gpath_trio"
"16162","DPEP1","Exc L3-4 RORB CUX2",-0.0373797746728414,-0.263664759823567,0.165087439218419,0.984449208145253,0.992134637067724,0.992134637067724,"gpath_trio"
"16163","CHMP1A","Exc L3-4 RORB CUX2",-0.0467485334074138,4.46918922694483,4.56203430852061,0.0336224999528117,0.0799450720740102,0.0799450720740102,"gpath_trio"
"16164","SPATA33","Exc L3-4 RORB CUX2",0.044097630861861,4.14744352506449,2.50824073917856,0.114467832547478,0.212123497900741,0.212123497900741,"gpath_trio"
"16165","CDK10","Exc L3-4 RORB CUX2",0.0404511385655223,5.5240754495008,2.1262581364754,0.146000684996092,0.256034950871804,0.256034950871804,"gpath_trio"
"16166","LINC02166","Exc L3-4 RORB CUX2",-0.0442202277921773,0.300317644167257,0.265011278148941,0.60713538766567,0.735187350468453,0.735187350468453,"gpath_trio"
"16167","SPATA2L","Exc L3-4 RORB CUX2",-0.17097392593191,3.5728872674151,16.839977984647,5.44674071325169e-05,0.000346868667581606,0.000346868667581606,"gpath_trio"
"16168","VPS9D1","Exc L3-4 RORB CUX2",-0.00483564246966939,6.36370970935612,0.0508419826266461,0.821781712652799,0.897787732320908,0.897787732320908,"gpath_trio"
"16169","VPS9D1-AS1","Exc L3-4 RORB CUX2",-0.097224306540629,1.22333326752551,2.2158635455114,0.13781047046459,0.245153603596967,0.245153603596967,"gpath_trio"
"16170","ZNF276","Exc L3-4 RORB CUX2",-0.0348364850519153,4.57478340262281,2.51396456742561,0.814937414242631,0.893437897160269,0.893437897160269,"gpath_trio"
"16171","FANCA","Exc L3-4 RORB CUX2",-0.077466042952092,4.33353884316281,8.40644457062944,0.00405827513504998,0.0139031585752476,0.0139031585752476,"gpath_trio"
"16172","SPIRE2","Exc L3-4 RORB CUX2",0.0280269387650538,5.23416673019727,2.25652903998783,0.134265480664171,0.240544877571424,0.240544877571424,"gpath_trio"
"16173","TCF25","Exc L3-4 RORB CUX2",0.00633230122252557,7.46063839665308,0.0749575551746681,0.784468161600857,0.873772713537089,0.873772713537089,"gpath_trio"
"16174","MC1R","Exc L3-4 RORB CUX2",0.107090561311836,1.54271151126467,3.959343690679,0.047659274205047,0.106023360578545,0.106023360578545,"gpath_trio"
"16175","TUBB3","Exc L3-4 RORB CUX2",-0.343301764617723,0.327548026719124,10.9023114150513,0.00109507768883142,0.00457889997350754,0.00457889997350754,"gpath_trio"
"16176","DEF8","Exc L3-4 RORB CUX2",-0.0257857603306317,5.14400172329355,1.71139583732601,0.636836621261016,0.759483291005557,0.759483291005557,"gpath_trio"
"16177","CENPBD1","Exc L3-4 RORB CUX2",0.0301742849797208,1.88123854464307,0.45742954418198,0.499428918086454,0.642600664693509,0.642600664693509,"gpath_trio"
"16178","DBNDD1","Exc L3-4 RORB CUX2",-0.0373255621491111,4.29661665346112,1.93529296078656,0.165369770100114,0.281049204933855,0.281049204933855,"gpath_trio"
"16179","GAS8","Exc L3-4 RORB CUX2",0.0198901842700647,5.68517052006784,0.151807268881223,0.697133163892754,0.80836034148723,0.80836034148723,"gpath_trio"
"16180","PRDM7","Exc L3-4 RORB CUX2",-0.299876732340978,-0.846841429448702,7.01803897995707,0.00856325618321388,0.0259951389552122,0.0259951389552122,"gpath_trio"
"16181","FAM157C","Exc L3-4 RORB CUX2",0.0353910453420648,5.36662674445197,0.212525808871334,0.645180246095399,0.766398461197284,0.766398461197284,"gpath_trio"
"16182","AC133919.1","Exc L3-4 RORB CUX2",-0.302672605459172,1.37347592221095,24.1322244953514,1.5923455494488e-06,1.57247045815612e-05,1.57247045815612e-05,"gpath_trio"
"16183","AC133919.2","Exc L3-4 RORB CUX2",-0.660235011776826,1.85909076754574,47.3634672000899,4.39738322212547e-11,1.38188795181279e-09,1.38188795181279e-09,"gpath_trio"
"16184","LINC02193","Exc L3-4 RORB CUX2",0.064779755090111,3.54110289570199,2.21574816288744,0.137820677670225,0.245153603596967,0.245153603596967,"gpath_trio"
"16185","AC240565.1","Exc L3-4 RORB CUX2",-0.00183386731876093,2.08205571042137,0.00127675328678907,0.971523722746285,0.985196838723614,0.985196838723614,"gpath_trio"
"16186","DOC2B","Exc L3-4 RORB CUX2",0.0122061853559053,3.45914415816797,0.0574908915944185,0.810695478679433,0.890754391438873,0.890754391438873,"gpath_trio"
"16187","RPH3AL","Exc L3-4 RORB CUX2",0.108359964127538,4.13137302185717,4.68225574234441,0.0313865691351796,0.0755186681338399,0.0755186681338399,"gpath_trio"
"16188","AC141424.1","Exc L3-4 RORB CUX2",-0.0215792766199196,-0.604190671191105,0.0403896050351931,0.98160171206452,0.990619957305282,0.990619957305282,"gpath_trio"
"16189","C17orf97","Exc L3-4 RORB CUX2",-0.060623180127516,3.54598038572952,2.61646710170768,0.786741580160422,0.87509940892274,0.87509940892274,"gpath_trio"
"16190","RFLNB","Exc L3-4 RORB CUX2",0.0320396610964484,2.70185403370012,0.275537546009627,0.600088379261885,0.729280347666317,0.729280347666317,"gpath_trio"
"16191","AC015853.2","Exc L3-4 RORB CUX2",-0.283567292376328,-0.228253602931587,4.75346700394408,0.030136275659861,0.0730241846550199,0.0730241846550199,"gpath_trio"
"16192","VPS53","Exc L3-4 RORB CUX2",0.025598476519105,7.6277092374441,2.07500868042542,0.150932156623445,0.262572756736916,0.262572756736916,"gpath_trio"
"16193","AC015853.3","Exc L3-4 RORB CUX2",-0.487478174582402,2.75066066873535,79.1928506038383,9.84127178892339e-17,1.17483821503864e-14,1.17483821503864e-14,"gpath_trio"
"16194","FAM57A","Exc L3-4 RORB CUX2",-0.0581083907322329,2.52271340297965,2.38033023533271,0.124087754325843,0.225985777534201,0.225985777534201,"gpath_trio"
"16195","GEMIN4","Exc L3-4 RORB CUX2",-0.110391942836535,1.2153557997308,3.55005214555838,0.0606592188980109,0.128792406163175,0.128792406163175,"gpath_trio"
"16196","GLOD4","Exc L3-4 RORB CUX2",-0.0624051158594075,4.37324555876709,8.7625106657458,0.00335871092073926,0.0118734874410224,0.0118734874410224,"gpath_trio"
"16197","MRM3","Exc L3-4 RORB CUX2",-0.1255729518745,2.20645504208104,9.12148009372288,0.0027778058020955,0.0100940619699706,0.0100940619699706,"gpath_trio"
"16198","NXN","Exc L3-4 RORB CUX2",0.15871987326269,4.40453816310165,9.13999202003979,0.00275079709654578,0.0100121471085714,0.0100121471085714,"gpath_trio"
"16199","TIMM22","Exc L3-4 RORB CUX2",-0.0746409643669156,3.43721906561927,6.08068364879986,0.0143128175830711,0.0398786210106974,0.0398786210106974,"gpath_trio"
"16200","ABR","Exc L3-4 RORB CUX2",0.0504409504045243,7.70902916861083,8.7136320187223,0.00344691287371516,0.0121215735100581,0.0121215735100581,"gpath_trio"
"16201","AC016292.1","Exc L3-4 RORB CUX2",0.172795752924479,0.0538497780491889,4.38806121155199,0.0371592869422565,0.0869204190214522,0.0869204190214522,"gpath_trio"
"16202","AC144836.1","Exc L3-4 RORB CUX2",0.0703072285159097,0.362601440324365,0.798996753010081,0.372220128189654,0.520592103031284,0.520592103031284,"gpath_trio"
"16203","TRARG1","Exc L3-4 RORB CUX2",0.0186422856630404,-0.368034811535113,0.0361943631786907,0.849263123151875,0.916054507569989,0.916054507569989,"gpath_trio"
"16204","YWHAE","Exc L3-4 RORB CUX2",-0.0744474829424624,6.8868044236545,14.4545056451801,0.00017895197303425,0.00096636939399518,0.00096636939399518,"gpath_trio"
"16205","CRK","Exc L3-4 RORB CUX2",0.0863695346595553,5.57101105843876,18.8587648992394,2.01884596227555e-05,0.000145361232294466,0.000145361232294466,"gpath_trio"
"16206","MYO1C","Exc L3-4 RORB CUX2",0.00846361449322813,1.99172297975956,0.0275349167918625,0.868335891115022,0.929027767049137,0.929027767049137,"gpath_trio"
"16207","INPP5K","Exc L3-4 RORB CUX2",-0.0223247929482409,3.55417851516154,0.666932345167661,0.414870788118699,0.563182488917692,0.563182488917692,"gpath_trio"
"16208","PITPNA-AS1","Exc L3-4 RORB CUX2",-0.214553396422147,0.679030328181753,8.86649859686442,0.00317866646946396,0.0113143253389971,0.0113143253389971,"gpath_trio"
"16209","PITPNA","Exc L3-4 RORB CUX2",-0.00912482070398174,6.20414010709491,0.294140058758341,0.588044145322673,0.719671861200178,0.719671861200178,"gpath_trio"
"16210","SLC43A2","Exc L3-4 RORB CUX2",0.0377383493268145,5.67227786605589,5.45455772784659,0.0202782720632334,0.0529186572080888,0.0529186572080888,"gpath_trio"
"16211","SCARF1","Exc L3-4 RORB CUX2",-0.108846964992255,1.94199977825266,5.4979444200061,0.0197915393502871,0.0518766150957572,0.0518766150957572,"gpath_trio"
"16212","RILP","Exc L3-4 RORB CUX2",-0.246606090171983,1.97121917285026,24.3119116133699,1.46211456158692e-06,1.46030501386218e-05,1.46030501386218e-05,"gpath_trio"
"16213","PRPF8","Exc L3-4 RORB CUX2",-0.0469550777519662,5.57301767747397,5.67609137770322,0.017916917696125,0.0478583098794282,0.0478583098794282,"gpath_trio"
"16214","TLCD2","Exc L3-4 RORB CUX2",0.150747402986208,0.452848209747643,2.21355608474258,0.138014759555398,0.245390656035089,0.245390656035089,"gpath_trio"
"16215","MIR22HG","Exc L3-4 RORB CUX2",-0.0794552653429078,2.55812156616337,2.24185070004293,0.135533084150393,0.242259233873853,0.242259233873853,"gpath_trio"
"16216","WDR81","Exc L3-4 RORB CUX2",0.00904115820036508,3.22631147018246,0.0808211704610907,0.776413931467135,0.86815668499415,0.86815668499415,"gpath_trio"
"16217","SERPINF2","Exc L3-4 RORB CUX2",0.0888009536498362,1.15854674981445,1.3124403125313,0.25300663272112,0.389649527873938,0.389649527873938,"gpath_trio"
"16218","SERPINF1","Exc L3-4 RORB CUX2",-0.209175735944411,4.05770741201338,32.4073394007424,3.36778127094032e-08,5.09332737190562e-07,5.09332737190562e-07,"gpath_trio"
"16219","SMYD4","Exc L3-4 RORB CUX2",0.0545315670708681,4.39350818959138,7.11203022589505,0.00813709533175935,0.0249038073905104,0.0249038073905104,"gpath_trio"
"16220","RPA1","Exc L3-4 RORB CUX2",0.00923743457752607,4.76620664706758,0.14088601684733,0.707707791556844,0.816700820006607,0.816700820006607,"gpath_trio"
"16221","RTN4RL1","Exc L3-4 RORB CUX2",0.114543376111899,6.77830688006552,19.6256678093263,1.38903104642003e-05,0.000105709925920498,0.000105709925920498,"gpath_trio"
"16222","AC099684.2","Exc L3-4 RORB CUX2",-0.106654049505861,-0.387038581623626,1.70018247787498,0.19341732408472,0.317225795740934,0.317225795740934,"gpath_trio"
"16223","DPH1","Exc L3-4 RORB CUX2",-0.0910444784524537,3.76093753972794,2.0773623730444,0.150701569701444,0.262239448743026,0.262239448743026,"gpath_trio"
"16224","AC090617.5","Exc L3-4 RORB CUX2",-0.20413873314275,0.172802580984279,4.03303294274644,0.0456518354952608,0.10255067041076,0.10255067041076,"gpath_trio"
"16225","HIC1","Exc L3-4 RORB CUX2",0.160706673866756,-0.773169933593838,1.75657284989972,0.186215966395338,0.308221111003852,0.308221111003852,"gpath_trio"
"16226","SMG6","Exc L3-4 RORB CUX2",0.0759302966664046,6.87813398669785,34.2456489402481,1.45719539431322e-08,2.42966256861729e-07,2.42966256861729e-07,"gpath_trio"
"16227","AC090617.4","Exc L3-4 RORB CUX2",-0.305836779319332,0.888898963760449,15.6262661989687,9.95250324837569e-05,0.000581331074221134,0.000581331074221134,"gpath_trio"
"16228","SRR","Exc L3-4 RORB CUX2",0.0599879582316981,2.71228226733304,2.37143327857109,0.190596124588389,0.313677671302624,0.313677671302624,"gpath_trio"
"16229","TSR1","Exc L3-4 RORB CUX2",-0.0180625364865484,3.64034867926356,0.489738817352217,0.484669476421888,0.628299344015024,0.628299344015024,"gpath_trio"
"16230","SGSM2","Exc L3-4 RORB CUX2",-0.014767877732295,6.04126229135709,0.579327067515676,0.447265960420537,0.593579183757686,0.593579183757686,"gpath_trio"
"16231","AC006435.2","Exc L3-4 RORB CUX2",-0.00100916057793167,-0.356376647995543,5.58545291173049e-06,0.998116128509191,0.999007436259013,0.999007436259013,"gpath_trio"
"16232","MNT","Exc L3-4 RORB CUX2",0.00878196970174387,4.31382040800037,0.0992099095929607,0.753032470889986,0.851116532224396,0.851116532224396,"gpath_trio"
"16233","METTL16","Exc L3-4 RORB CUX2",0.000428180855583267,5.33131499890234,0.000476152090762941,0.982607551196648,0.991155809479145,0.991155809479145,"gpath_trio"
"16234","PAFAH1B1","Exc L3-4 RORB CUX2",-0.0112391432898687,7.91884837122307,0.729524527223266,0.393823594455045,0.541968535440602,0.541968535440602,"gpath_trio"
"16235","CLUH","Exc L3-4 RORB CUX2",-0.024665668860061,4.47003730579846,1.35443591211295,0.245570964014166,0.380425691860642,0.380425691860642,"gpath_trio"
"16236","AC005696.1","Exc L3-4 RORB CUX2",-0.158973080357749,-0.0284851239053994,2.7114386107856,0.100839197769488,0.192235737975944,0.192235737975944,"gpath_trio"
"16237","AC005696.4","Exc L3-4 RORB CUX2",-0.0233041862820986,2.93648097966531,0.490326405884656,0.484407817599716,0.628241689385078,0.628241689385078,"gpath_trio"
"16238","RAP1GAP2","Exc L3-4 RORB CUX2",0.0775096142402597,7.73267218718619,14.5159454662854,0.000173509553897124,0.000939998724456091,0.000939998724456091,"gpath_trio"
"16239","AC090282.1","Exc L3-4 RORB CUX2",-0.0574384252630777,0.728093223512909,0.614843117958081,0.44637972429389,0.592753961536841,0.592753961536841,"gpath_trio"
"16240","OR3A2","Exc L3-4 RORB CUX2",0.0847293939215168,2.64001377699887,1.34563155081682,0.247107339104372,0.382289809326576,0.382289809326576,"gpath_trio"
"16241","OR3A3","Exc L3-4 RORB CUX2",-0.386004477737861,0.199028590053705,19.8997958740409,1.21573162970621e-05,9.42635881219172e-05,9.42635881219172e-05,"gpath_trio"
"16242","SPATA22","Exc L3-4 RORB CUX2",0.177925080830663,0.554483262606573,3.1268526516305,0.0781848995130046,0.157659205164904,0.157659205164904,"gpath_trio"
"16243","TRPV3","Exc L3-4 RORB CUX2",-0.034873879076249,1.65760120025868,0.430754853019254,0.512199196853034,0.653819601171146,0.653819601171146,"gpath_trio"
"16244","TRPV1","Exc L3-4 RORB CUX2",0.0145740333185557,2.81831838888814,0.185318331888382,0.975260519498861,0.986818873187856,0.986818873187856,"gpath_trio"
"16245","CTNS","Exc L3-4 RORB CUX2",0.01859872020357,2.66904625428094,0.313158934331932,0.576229922863435,0.709690415345205,0.709690415345205,"gpath_trio"
"16246","AC027796.4","Exc L3-4 RORB CUX2",0.183230454057841,0.166445561329091,6.64621208428539,0.010487787218343,0.0307813655993701,0.0307813655993701,"gpath_trio"
"16247","TAX1BP3","Exc L3-4 RORB CUX2",-0.118387539597356,1.50411353945868,4.70451208224663,0.0309900577380921,0.0748055054876773,0.0748055054876773,"gpath_trio"
"16248","P2RX5-TAX1BP3","Exc L3-4 RORB CUX2",-0.0506926577857176,0.663971272483105,0.584367006623696,0.630462884478273,0.754021500643142,0.754021500643142,"gpath_trio"
"16249","EMC6","Exc L3-4 RORB CUX2",-0.350291724570506,3.05123444560303,81.0345895683372,4.82640240100966e-17,6.49268743982068e-15,6.49268743982068e-15,"gpath_trio"
"16250","ITGAE","Exc L3-4 RORB CUX2",-0.0631114286294471,3.7569193088117,6.74801141260971,0.00992025891854149,0.0293893133159434,0.0293893133159434,"gpath_trio"
"16251","NCBP3","Exc L3-4 RORB CUX2",0.0134323061970662,4.83553457868574,0.350911217747198,0.554112564131652,0.690886241152771,0.690886241152771,"gpath_trio"
"16252","CAMKK1","Exc L3-4 RORB CUX2",0.00561648723132784,6.99595628721931,0.0415688230159031,0.83860337180371,0.909100666819745,0.909100666819745,"gpath_trio"
"16253","ATP2A3","Exc L3-4 RORB CUX2",-0.00440014406223858,-0.132994798556467,0.00264355238542255,0.959033921328394,0.97967136014179,0.97967136014179,"gpath_trio"
"16254","ZZEF1","Exc L3-4 RORB CUX2",0.0235752969496173,6.30441705472276,2.09834090770207,0.148663937829856,0.259679216079424,0.259679216079424,"gpath_trio"
"16255","CYB5D2","Exc L3-4 RORB CUX2",-0.00655822498567086,5.0426838001194,0.0820914646886134,0.813826654007608,0.892673992529957,0.892673992529957,"gpath_trio"
"16256","ANKFY1","Exc L3-4 RORB CUX2",0.0276175754167816,6.39950061021237,4.05345376173706,0.0451115410680312,0.101519837261297,0.101519837261297,"gpath_trio"
"16257","UBE2G1","Exc L3-4 RORB CUX2",0.00753113024336781,6.15366558903837,0.20540845036221,0.650768262297722,0.770767270861603,0.770767270861603,"gpath_trio"
"16258","SPNS3","Exc L3-4 RORB CUX2",-0.162569176532161,0.754688125662714,5.87055916426352,0.0160797353847782,0.0438153243365613,0.0438153243365613,"gpath_trio"
"16259","AC127521.1","Exc L3-4 RORB CUX2",-0.099018001331647,1.71243014376126,3.50158212508094,0.0624332171337582,0.131839036599704,0.131839036599704,"gpath_trio"
"16260","AC118754.1","Exc L3-4 RORB CUX2",0.157205627165402,-0.812788070988623,1.70512538878239,0.192773193690977,0.316323642351806,0.316323642351806,"gpath_trio"
"16261","SPNS2","Exc L3-4 RORB CUX2",0.0132497539102686,5.46924311738351,0.203905012532321,0.651963548122152,0.771729909843019,0.771729909843019,"gpath_trio"
"16262","MYBBP1A","Exc L3-4 RORB CUX2",-0.038106316567819,4.29191765122297,2.76424804994347,0.0975969583772371,0.18718166379512,0.18718166379512,"gpath_trio"
"16263","ALOX15","Exc L3-4 RORB CUX2",0.0109489193662882,0.032885640172635,0.00924653325021434,0.923468449436367,0.961251468753416,0.961251468753416,"gpath_trio"
"16264","PELP1","Exc L3-4 RORB CUX2",-0.0945983574081684,4.54274790374809,20.5868605343482,8.71310304027924e-06,6.9923171773124e-05,6.9923171773124e-05,"gpath_trio"
"16265","AC091153.2","Exc L3-4 RORB CUX2",-0.390431050008232,1.43280404373208,36.7318942363343,4.74060782016048e-09,9.03986415611887e-08,9.03986415611887e-08,"gpath_trio"
"16266","ARRB2","Exc L3-4 RORB CUX2",-0.0395191598245693,4.71162770128042,3.06689846207032,0.0810809493367948,0.162009324836074,0.162009324836074,"gpath_trio"
"16267","MED11","Exc L3-4 RORB CUX2",-0.0957915578033354,2.45280546192375,3.90098231942574,0.0493155877899427,0.109070596761905,0.109070596761905,"gpath_trio"
"16268","VMO1","Exc L3-4 RORB CUX2",-0.0845525123692446,0.42774922322469,1.46498207394532,0.227238236436078,0.358194501140548,0.358194501140548,"gpath_trio"
"16269","PSMB6","Exc L3-4 RORB CUX2",-0.295963982116991,3.23235763660349,60.2179669410588,1.94345470899679e-13,1.07717578994534e-11,1.07717578994534e-11,"gpath_trio"
"16270","AC233723.1","Exc L3-4 RORB CUX2",-0.0549726764481118,-0.0845572030560035,0.401799023193,0.526718863542038,0.666977773204059,0.666977773204059,"gpath_trio"
"16271","PLD2","Exc L3-4 RORB CUX2",-0.0603965960455388,1.81854281122166,1.38166979438879,0.240892162720622,0.374739716469161,0.374739716469161,"gpath_trio"
"16272","MINK1","Exc L3-4 RORB CUX2",0.0444688429381139,5.62796084889704,5.78109966755061,0.0168992951518691,0.0456967269386087,0.0456967269386087,"gpath_trio"
"16273","CHRNE","Exc L3-4 RORB CUX2",-0.123433394573236,-0.695113621047177,1.09150351944888,0.297108649439,0.440294329545455,0.440294329545455,"gpath_trio"
"16274","C17orf107","Exc L3-4 RORB CUX2",-0.0904421792571109,-0.33144276998413,0.880033826197826,0.34906300679528,0.496289370126481,0.496289370126481,"gpath_trio"
"16275","SLC25A11","Exc L3-4 RORB CUX2",-0.109157198119498,3.96372472768452,10.3325998947941,0.00147213428158283,0.00589016164018498,0.00589016164018498,"gpath_trio"
"16276","RNF167","Exc L3-4 RORB CUX2",-0.10602176055348,3.99763390277257,19.7078437575493,1.33460720900035e-05,0.000102223615951337,0.000102223615951337,"gpath_trio"
"16277","PFN1","Exc L3-4 RORB CUX2",-0.113698264638379,3.50741725400971,6.55195864642093,0.0110431393268991,0.0320753434955644,0.0320753434955644,"gpath_trio"
"16278","SPAG7","Exc L3-4 RORB CUX2",-0.121161622957406,3.74870815223226,18.5764596591366,2.31773288136325e-05,0.000163726403646721,0.000163726403646721,"gpath_trio"
"16279","CAMTA2","Exc L3-4 RORB CUX2",-0.0148660118051513,5.6844498552378,0.884958565416477,0.849977555997311,0.916384181705005,0.916384181705005,"gpath_trio"
"16280","AC004771.4","Exc L3-4 RORB CUX2",-0.0916522311686272,-0.947931501614103,0.440821525956708,0.507314519354059,0.649557049436323,0.649557049436323,"gpath_trio"
"16281","INCA1","Exc L3-4 RORB CUX2",-0.12614428620556,0.517534612732725,3.78819162352495,0.0526925187734945,0.114951510191961,0.114951510191961,"gpath_trio"
"16282","KIF1C","Exc L3-4 RORB CUX2",0.116868753070293,3.84919045851233,19.6238856615917,1.39023588830729e-05,0.000105761723403467,0.000105761723403467,"gpath_trio"
"16283","SLC52A1","Exc L3-4 RORB CUX2",-0.122590851310027,1.06472904522984,3.21668114536807,0.0740532870871854,0.151108713907692,0.151108713907692,"gpath_trio"
"16284","ZFP3","Exc L3-4 RORB CUX2",-0.0295744154724181,1.90453804515521,0.352210955223198,0.553380135018403,0.690570482599941,0.690570482599941,"gpath_trio"
"16285","ZNF232","Exc L3-4 RORB CUX2",-0.0273933043778106,2.28129539589153,0.391404168148221,0.532110985231466,0.67167687364129,0.67167687364129,"gpath_trio"
"16286","USP6","Exc L3-4 RORB CUX2",-0.133594657657211,2.71465619491051,10.5456524095395,0.00131766876044742,0.00536291451321903,0.00536291451321903,"gpath_trio"
"16287","ZNF594","Exc L3-4 RORB CUX2",0.0881343364978398,4.60167594668361,14.180500059749,0.00020541345330065,0.00109144493556508,0.00109144493556508,"gpath_trio"
"16288","AC087500.1","Exc L3-4 RORB CUX2",0.100474657482167,6.04015995180975,22.5706867886695,3.35331053494548e-06,3.02562790887858e-05,3.02562790887858e-05,"gpath_trio"
"16289","SCIMP","Exc L3-4 RORB CUX2",-0.308831484159234,2.94006922606393,32.9765783839996,2.59647084871843e-08,4.0171625285962e-07,4.0171625285962e-07,"gpath_trio"
"16290","RABEP1","Exc L3-4 RORB CUX2",0.0267191939303919,7.48662772463936,4.26549801752922,0.0398849905885618,0.092068613858608,0.092068613858608,"gpath_trio"
"16291","NUP88","Exc L3-4 RORB CUX2",-0.0101775803138154,5.49028623303835,0.2711001649671,0.60303783122227,0.731718785403819,0.731718785403819,"gpath_trio"
"16292","RPAIN","Exc L3-4 RORB CUX2",-0.115316453644638,5.39532892472477,41.2419584756842,6.35980388448947e-10,1.47143398359604e-08,1.47143398359604e-08,"gpath_trio"
"16293","AC004148.2","Exc L3-4 RORB CUX2",-0.216190156933107,1.46423191294458,9.68670413667684,0.00206324040456921,0.00784210157539257,0.00784210157539257,"gpath_trio"
"16294","C1QBP","Exc L3-4 RORB CUX2",-0.188386883254456,4.42065778510069,43.0941885508563,2.81552175345684e-10,7.12712062434024e-09,7.12712062434024e-09,"gpath_trio"
"16295","DHX33","Exc L3-4 RORB CUX2",-0.0249286880708312,3.34538851986416,0.728938991507444,0.673655442464678,0.789769742361295,0.789769742361295,"gpath_trio"
"16296","DERL2","Exc L3-4 RORB CUX2",-0.0230135714115586,3.27011895288927,0.688837968038504,0.407321290199182,0.555588332754275,0.555588332754275,"gpath_trio"
"16297","MIS12","Exc L3-4 RORB CUX2",-0.12525369091073,3.16179496988204,12.0555322012054,0.000604573547520311,0.002758939452889,0.002758939452889,"gpath_trio"
"16298","NLRP1","Exc L3-4 RORB CUX2",-0.174943021132425,6.44173969153864,28.0395658559113,2.5317114456528e-07,3.07139377125948e-06,3.07139377125948e-06,"gpath_trio"
"16299","AC007846.2","Exc L3-4 RORB CUX2",-0.0604646261362503,0.370621751037913,0.777446472176878,0.452519650879375,0.598661243048616,0.598661243048616,"gpath_trio"
"16300","WSCD1","Exc L3-4 RORB CUX2",0.276770676915871,1.65437058894281,18.9321841201178,1.94771562759076e-05,0.000141045092557945,0.000141045092557945,"gpath_trio"
"16301","AIPL1","Exc L3-4 RORB CUX2",-0.0276008929893494,-0.243006824715069,0.0874549519643577,0.870415966070705,0.929970985302996,0.929970985302996,"gpath_trio"
"16302","PIMREG","Exc L3-4 RORB CUX2",-0.165193675763056,-0.878308324814587,1.99606280954779,0.158904309458189,0.273166650854384,0.273166650854384,"gpath_trio"
"16303","PITPNM3","Exc L3-4 RORB CUX2",0.0608362001189004,5.45030894449583,7.382388471541,0.00702888005122592,0.0220574980608933,0.0220574980608933,"gpath_trio"
"16304","KIAA0753","Exc L3-4 RORB CUX2",0.0570412106763616,5.76693149632086,11.8020081465541,0.000688550317086219,0.00308494395896391,0.00308494395896391,"gpath_trio"
"16305","TXNDC17","Exc L3-4 RORB CUX2",-0.221324482915466,1.81366492753229,20.253826355976,1.02382558964431e-05,8.09074863731844e-05,8.09074863731844e-05,"gpath_trio"
"16306","MED31","Exc L3-4 RORB CUX2",-0.15227202426708,4.79503678581598,35.459852573584,8.40872500523312e-09,1.49204948971485e-07,1.49204948971485e-07,"gpath_trio"
"16307","C17orf100","Exc L3-4 RORB CUX2",-0.023861404801209,3.37581595226479,0.369290279762324,0.945248334910968,0.973376130912045,0.973376130912045,"gpath_trio"
"16308","FBXO39","Exc L3-4 RORB CUX2",0.234340870162458,-0.548963858082464,2.97395587813294,0.0858031588234082,0.169576167469604,0.169576167469604,"gpath_trio"
"16309","TEKT1","Exc L3-4 RORB CUX2",0.0991432096845217,2.01047102843073,2.83707663856949,0.0933116360014572,0.180598835027763,0.180598835027763,"gpath_trio"
"16310","ALOX12-AS1","Exc L3-4 RORB CUX2",0.0205114395937175,5.75274781131699,0.402822065584087,0.526193479735083,0.66662188092027,0.66662188092027,"gpath_trio"
"16311","ALOX12","Exc L3-4 RORB CUX2",-0.182646062917489,-0.00799170724121826,3.99938521669482,0.046557105819809,0.104191859114215,0.104191859114215,"gpath_trio"
"16312","RNASEK","Exc L3-4 RORB CUX2",-0.00397977080984453,-0.798171759121368,0.0019772698145128,0.964566683800492,0.981694639846387,0.981694639846387,"gpath_trio"
"16313","SLC16A13","Exc L3-4 RORB CUX2",0.102547462810645,1.98782781681457,2.39717271044913,0.122771052188916,0.224199589966321,0.224199589966321,"gpath_trio"
"16314","SLC16A11","Exc L3-4 RORB CUX2",-0.175909847036593,0.439178883975701,5.63943206884909,0.0182869991082139,0.0486279434569942,0.0486279434569942,"gpath_trio"
"16315","CLEC10A","Exc L3-4 RORB CUX2",-0.160932744605036,-1.24952748670725,1.13205233252424,0.288325117788251,0.430335399532781,0.430335399532781,"gpath_trio"
"16316","ASGR2","Exc L3-4 RORB CUX2",-0.149805588601061,1.13827809472942,3.32432755637319,0.0694100898028587,0.143434247851344,0.143434247851344,"gpath_trio"
"16317","ASGR1","Exc L3-4 RORB CUX2",-0.105547100998659,2.97170195892321,5.90743916878109,0.015753977643328,0.043154989674697,0.043154989674697,"gpath_trio"
"16318","DLG4","Exc L3-4 RORB CUX2",0.0095082205735219,5.95842690217727,0.132893828658754,0.715746596920617,0.822896489222331,0.822896489222331,"gpath_trio"
"16319","ACADVL","Exc L3-4 RORB CUX2",-0.0770650681963385,5.95710692090437,5.89839278300787,0.0158332445538932,0.0433133164575994,0.0433133164575994,"gpath_trio"
"16320","DVL2","Exc L3-4 RORB CUX2",-0.00260194196571258,4.17175712454883,0.0133295765303477,0.908174563961427,0.952952713783834,0.952952713783834,"gpath_trio"
"16321","PHF23","Exc L3-4 RORB CUX2",-0.172261002045521,2.60096532836715,18.901397867883,1.97722809555778e-05,0.000142812598932205,0.000142812598932205,"gpath_trio"
"16322","GABARAP","Exc L3-4 RORB CUX2",-0.348655061002151,0.878789490196321,18.8215469398376,2.05590200165494e-05,0.000147552626647458,0.000147552626647458,"gpath_trio"
"16323","ELP5","Exc L3-4 RORB CUX2",-0.143209399143364,3.43856419654429,24.4940127633586,1.34109991105439e-06,1.35486683552941e-05,1.35486683552941e-05,"gpath_trio"
"16324","YBX2","Exc L3-4 RORB CUX2",-0.139302382391541,0.871208419890585,3.40746540329927,0.0660387634094728,0.137808445571588,0.137808445571588,"gpath_trio"
"16325","EIF5A","Exc L3-4 RORB CUX2",-0.0906336366446813,4.45336287755826,2.65758230769482,0.104268051345244,0.197466247619478,0.197466247619478,"gpath_trio"
"16326","GPS2","Exc L3-4 RORB CUX2",-0.278700916435364,2.71832030261393,16.3445453950813,6.96223626211725e-05,0.000426346455341429,0.000426346455341429,"gpath_trio"
"16327","NEURL4","Exc L3-4 RORB CUX2",0.0782393152852256,1.06525056540108,1.42640564405768,0.23344034169824,0.365656746410093,0.365656746410093,"gpath_trio"
"16328","ACAP1","Exc L3-4 RORB CUX2",-0.111351941353925,-0.439103563211274,1.09445564010453,0.296457666170956,0.439587932897181,0.439587932897181,"gpath_trio"
"16329","TNK1","Exc L3-4 RORB CUX2",-0.0209536550833019,0.419219142802673,0.0698888442999178,0.982313142230478,0.991025608624278,0.991025608624278,"gpath_trio"
"16330","TMEM256-PLSCR3","Exc L3-4 RORB CUX2",0.122677905998592,1.71049530102426,5.46234734442082,0.0201899752481194,0.0527564759267983,0.0527564759267983,"gpath_trio"
"16331","NLGN2","Exc L3-4 RORB CUX2",-0.0860571696988789,5.16265284094531,15.6324138697022,9.92203958243991e-05,0.000580055487034846,0.000580055487034846,"gpath_trio"
"16332","CHRNB1","Exc L3-4 RORB CUX2",-0.126342115737174,1.04479491809241,4.56948544838858,0.0334791685959308,0.0796512059460972,0.0796512059460972,"gpath_trio"
"16333","ZBTB4","Exc L3-4 RORB CUX2",0.0603264690389372,6.41535125401001,12.4903387949775,0.000484016265743175,0.00228154863583378,0.00228154863583378,"gpath_trio"
"16334","POLR2A","Exc L3-4 RORB CUX2",0.0486686458349145,5.23276760513001,5.17776527457269,0.0236918419911429,0.0598601017121239,0.0598601017121239,"gpath_trio"
"16335","EIF4A1","Exc L3-4 RORB CUX2",-0.123531427490116,4.24561409016614,19.5272477908168,1.45717736915751e-05,0.00011010694165825,0.00011010694165825,"gpath_trio"
"16336","CD68","Exc L3-4 RORB CUX2",-0.104658514238578,-0.805628961633334,0.73362003817319,0.392500999959332,0.540526121104405,0.540526121104405,"gpath_trio"
"16337","AC016876.1","Exc L3-4 RORB CUX2",-0.199566020951713,0.231121404376722,4.89997432611572,0.0277253742923442,0.0680817218047765,0.0680817218047765,"gpath_trio"
"16338","MPDU1","Exc L3-4 RORB CUX2",-0.116068781389796,3.05177597690838,11.6750733586508,0.000734962442571339,0.00325958832246137,0.00325958832246137,"gpath_trio"
"16339","SOX15","Exc L3-4 RORB CUX2",-0.131759979804703,2.9975609184275,11.0705873373548,0.00100375186401122,0.00425703045121429,0.00425703045121429,"gpath_trio"
"16340","FXR2","Exc L3-4 RORB CUX2",-0.0522310081193634,4.69367026150135,7.01001321563044,0.00860069484493786,0.026081319479426,0.026081319479426,"gpath_trio"
"16341","SHBG","Exc L3-4 RORB CUX2",0.13780699174349,0.840703020596757,3.30366738349593,0.0702763050355743,0.144808952516874,0.144808952516874,"gpath_trio"
"16342","SAT2","Exc L3-4 RORB CUX2",-0.162851532758955,6.16770438039457,30.2895246808331,8.91311642776399e-08,1.20443485552672e-06,1.20443485552672e-06,"gpath_trio"
"16343","ATP1B2","Exc L3-4 RORB CUX2",0.084330504008301,-0.801569144539557,0.147421813039654,0.701326452112369,0.811776315052613,0.811776315052613,"gpath_trio"
"16344","TP53","Exc L3-4 RORB CUX2",0.0207738102850449,1.70932333218928,0.171371821926644,0.679236768975177,0.794227530663857,0.794227530663857,"gpath_trio"
"16345","WRAP53","Exc L3-4 RORB CUX2",-0.0873915429420913,1.75917594927357,3.92218639956918,0.0487068467245515,0.107972819763523,0.107972819763523,"gpath_trio"
"16346","EFNB3","Exc L3-4 RORB CUX2",0.00766819624644776,3.72270664139614,0.031451035004252,0.859375955843007,0.922818283432652,0.922818283432652,"gpath_trio"
"16347","DNAH2","Exc L3-4 RORB CUX2",-0.128755303674012,3.52458091164578,15.9981584139095,8.26975502391898e-05,0.000495081031476455,0.000495081031476455,"gpath_trio"
"16348","KDM6B","Exc L3-4 RORB CUX2",0.112305337815774,3.98762113476537,13.3912210635795,0.000306083480819657,0.00154034278511763,0.00154034278511763,"gpath_trio"
"16349","TMEM88","Exc L3-4 RORB CUX2",0.162890365214789,-0.183877078819083,2.74711683947442,0.0986360153805815,0.188874488449433,0.188874488449433,"gpath_trio"
"16350","NAA38","Exc L3-4 RORB CUX2",-0.13447100030262,4.69052609458169,26.3567240387027,5.56624364028898e-07,6.14663193447347e-06,6.14663193447347e-06,"gpath_trio"
"16351","CYB5D1","Exc L3-4 RORB CUX2",-0.0134928995524899,2.63252656525507,0.152439905401233,0.696534203425515,0.807897985173609,0.807897985173609,"gpath_trio"
"16352","CHD3","Exc L3-4 RORB CUX2",0.0634195026109756,4.95351088808459,6.30918408729733,0.0126179616245937,0.0359558440361834,0.0359558440361834,"gpath_trio"
"16353","RNF227","Exc L3-4 RORB CUX2",-0.0412398388535356,1.41387921579371,0.63527492151066,0.426154237703858,0.574287739341081,0.574287739341081,"gpath_trio"
"16354","KCNAB3","Exc L3-4 RORB CUX2",0.221503214798216,2.03724196984258,11.1281040599283,0.000974347586807486,0.00415152324473939,0.00415152324473939,"gpath_trio"
"16355","TRAPPC1","Exc L3-4 RORB CUX2",-0.293115205626429,2.8222776336256,26.0771402525711,6.34843383711872e-07,6.88230266866578e-06,6.88230266866578e-06,"gpath_trio"
"16356","CNTROB","Exc L3-4 RORB CUX2",-0.0582244896642784,2.60315658744638,2.15872810899701,0.142970878561724,0.251827961845887,0.251827961845887,"gpath_trio"
"16357","GUCY2D","Exc L3-4 RORB CUX2",-0.0452048537449919,0.512387652829882,0.377562637472867,0.602962190370376,0.731715018990817,0.731715018990817,"gpath_trio"
"16358","ALOX15B","Exc L3-4 RORB CUX2",-0.0400810752477512,1.86115436164058,0.174345115730653,0.676623272507238,0.792183824493641,0.792183824493641,"gpath_trio"
"16359","ALOX12B","Exc L3-4 RORB CUX2",-0.112443415335571,1.35613087500188,3.32283247621534,0.0694723862507589,0.143533578352182,0.143533578352182,"gpath_trio"
"16360","ALOXE3","Exc L3-4 RORB CUX2",0.0860575760162617,1.80758539387728,2.65798560723837,0.104241902574303,0.197435259522771,0.197435259522771,"gpath_trio"
"16361","HES7","Exc L3-4 RORB CUX2",-0.228050287284848,1.12371089422176,9.09943026446541,0.00281033041046036,0.0101938899732179,0.0101938899732179,"gpath_trio"
"16362","PER1","Exc L3-4 RORB CUX2",-0.010192695382772,4.92616890125494,0.0948729412295889,0.75831789376399,0.855460943116109,0.855460943116109,"gpath_trio"
"16363","TMEM107","Exc L3-4 RORB CUX2",-0.0466220290216775,3.44746785965299,1.79822876385518,0.181097064973686,0.301853377878727,0.301853377878727,"gpath_trio"
"16364","AC129492.4","Exc L3-4 RORB CUX2",-0.0901906211868223,-0.122579107250894,0.977783616358071,0.323665910212907,0.46915855900711,0.46915855900711,"gpath_trio"
"16365","BORCS6","Exc L3-4 RORB CUX2",-0.138571007728517,1.32437745603234,5.3975452933652,0.0209368848652267,0.054281483437355,0.054281483437355,"gpath_trio"
"16366","LINC00324","Exc L3-4 RORB CUX2",0.18849177252826,-1.12858690852839,1.30339664823536,0.254644051027998,0.391603302804319,0.391603302804319,"gpath_trio"
"16367","CTC1","Exc L3-4 RORB CUX2",-0.0299254889961456,3.98643160469616,1.66880009626079,0.197566418631871,0.32256231252715,0.32256231252715,"gpath_trio"
"16368","PFAS","Exc L3-4 RORB CUX2",-0.0146613674336219,2.83748721817626,0.234520806469146,0.628599457374312,0.752774621744331,0.752774621744331,"gpath_trio"
"16369","AC135178.5","Exc L3-4 RORB CUX2",-0.000212719968727242,-0.768443264194116,1.73639489099244e-05,0.996678414237608,0.99846005299388,0.99846005299388,"gpath_trio"
"16370","SLC25A35","Exc L3-4 RORB CUX2",-0.133482593649714,-0.139364618440499,2.12070651114352,0.146525960143266,0.256678062506763,0.256678062506763,"gpath_trio"
"16371","RANGRF","Exc L3-4 RORB CUX2",-0.141057055369406,2.55566460374024,18.8751108597825,2.00278542312488e-05,0.000144359399469613,0.000144359399469613,"gpath_trio"
"16372","ARHGEF15","Exc L3-4 RORB CUX2",-0.255249727587468,-0.918353362470189,4.10229810081097,0.0438465106296223,0.0991485487505749,0.0991485487505749,"gpath_trio"
"16373","AC135178.3","Exc L3-4 RORB CUX2",-0.151680770972928,0.13264020316043,3.22389356672252,0.07373194157272,0.15054568578379,0.15054568578379,"gpath_trio"
"16374","NDEL1","Exc L3-4 RORB CUX2",-0.104573888432521,5.22886859164267,29.2272332808682,1.45721045989923e-07,1.8881965978463e-06,1.8881965978463e-06,"gpath_trio"
"16375","MYH10","Exc L3-4 RORB CUX2",0.0552131959552349,8.06315509432133,18.9740520154554,1.90829389547372e-05,0.000138455705440635,0.000138455705440635,"gpath_trio"
"16376","PIK3R6","Exc L3-4 RORB CUX2",-0.0604518635193963,0.533642087439758,0.767392006396672,0.381833644163313,0.530105544384451,0.530105544384451,"gpath_trio"
"16377","NTN1","Exc L3-4 RORB CUX2",-0.180208612249474,2.48921617972458,16.1574571448892,7.64007655330403e-05,0.000462045996591453,0.000462045996591453,"gpath_trio"
"16378","AC005695.1","Exc L3-4 RORB CUX2",-0.0794426450715736,-0.823848686536871,0.344346841811739,0.557839978505696,0.694060188513981,0.694060188513981,"gpath_trio"
"16379","STX8","Exc L3-4 RORB CUX2",0.0933012722514621,7.0171954354648,46.0705989985611,7.69201453888523e-11,2.24907816408709e-09,2.24907816408709e-09,"gpath_trio"
"16380","AC005695.2","Exc L3-4 RORB CUX2",-0.245627490708337,2.50139429115277,32.2945259294226,3.54619880444997e-08,5.35112646819583e-07,5.35112646819583e-07,"gpath_trio"
"16381","AC087501.1","Exc L3-4 RORB CUX2",-0.154099649823277,0.957939592084548,5.04482892639709,0.0255395181601791,0.0637808553830988,0.0637808553830988,"gpath_trio"
"16382","CFAP52","Exc L3-4 RORB CUX2",0.0215936247581491,4.57588228074144,0.590255744015471,0.443017460565582,0.589686433127308,0.589686433127308,"gpath_trio"
"16383","AC118755.2","Exc L3-4 RORB CUX2",-0.0613672215216799,1.41684648265949,1.49180622933343,0.223042730062793,0.353237073476478,0.353237073476478,"gpath_trio"
"16384","USP43","Exc L3-4 RORB CUX2",-0.0223069590640421,6.5673787871338,0.884842720646073,0.3477518157408,0.494808722940309,0.494808722940309,"gpath_trio"
"16385","AC027045.2","Exc L3-4 RORB CUX2",-0.0752692866713374,0.50521991796112,0.967881273139767,0.36615462703776,0.514212000590756,0.514212000590756,"gpath_trio"
"16386","DHRS7C","Exc L3-4 RORB CUX2",-0.102738017298466,-0.1934047388515,1.16068118881371,0.28996044451907,0.432177302613197,0.432177302613197,"gpath_trio"
"16387","GSG1L2","Exc L3-4 RORB CUX2",-0.0643126615413918,1.35094579965539,1.23013869016377,0.268404872514573,0.407362393965359,0.407362393965359,"gpath_trio"
"16388","AC027045.3","Exc L3-4 RORB CUX2",-0.298149417432053,-1.14536605603837,3.87224327372442,0.0501576931988689,0.110569434034875,0.110569434034875,"gpath_trio"
"16389","GLP2R","Exc L3-4 RORB CUX2",-0.0583054093421524,2.19593214663352,0.424100473624449,0.515473191417,0.656640591057278,0.656640591057278,"gpath_trio"
"16390","RCVRN","Exc L3-4 RORB CUX2",0.0151037791761152,1.15797177508785,0.0149156817121516,0.902890582179793,0.951118290281816,0.951118290281816,"gpath_trio"
"16391","GAS7","Exc L3-4 RORB CUX2",-0.00895044600477636,8.1303503105956,0.275247709850227,0.600280100373614,0.729465471241003,0.729465471241003,"gpath_trio"
"16392","AC005291.2","Exc L3-4 RORB CUX2",-0.344218912042143,0.15956901867593,8.85341032042771,0.00320077310623885,0.0113769551477042,0.0113769551477042,"gpath_trio"
"16393","MYH13","Exc L3-4 RORB CUX2",-0.29118117227371,1.61247725198349,22.7097714949902,3.13733833660883e-06,2.85244709063016e-05,2.85244709063016e-05,"gpath_trio"
"16394","AC005291.1","Exc L3-4 RORB CUX2",-0.109043732361655,-0.660261279285384,1.02412631899605,0.312483041599451,0.457116983454011,0.457116983454011,"gpath_trio"
"16395","MYHAS","Exc L3-4 RORB CUX2",-0.0372191076104099,0.446688442941777,0.217263977413791,0.641522836197173,0.763267277247035,0.763267277247035,"gpath_trio"
"16396","MYH3","Exc L3-4 RORB CUX2",-0.038900563895415,0.884116543177774,0.346911947614175,0.556377793618826,0.692939192929182,0.692939192929182,"gpath_trio"
"16397","SCO1","Exc L3-4 RORB CUX2",-0.00234322350399108,3.50551694085219,0.00709416503018783,0.932940871190996,0.967417869874503,0.967417869874503,"gpath_trio"
"16398","ADPRM","Exc L3-4 RORB CUX2",-0.000738910298192505,2.43904361479149,0.000309265028769514,0.985982666118089,0.992802079096215,0.992802079096215,"gpath_trio"
"16399","TMEM220","Exc L3-4 RORB CUX2",-0.113686761304375,1.22690395524314,3.59335455118955,0.0591199569276171,0.126016389964572,0.126016389964572,"gpath_trio"
"16400","TMEM220-AS1","Exc L3-4 RORB CUX2",0.0933192870440069,1.27707471497444,1.83418722938254,0.235912835539031,0.368699469904714,0.368699469904714,"gpath_trio"
"16401","AC015908.2","Exc L3-4 RORB CUX2",0.117659051783971,-0.85655333990137,0.658430446594773,0.41785679262935,0.566207320256372,0.566207320256372,"gpath_trio"
"16402","SHISA6","Exc L3-4 RORB CUX2",-0.0676477527002026,4.94319274799201,1.01982658854689,0.313499003795249,0.458200767678103,0.458200767678103,"gpath_trio"
"16403","DNAH9","Exc L3-4 RORB CUX2",0.0859556593181617,5.35976322574504,6.9389158394366,0.00893980674306221,0.0269516737957681,0.0269516737957681,"gpath_trio"
"16404","AC005410.2","Exc L3-4 RORB CUX2",-0.0458658324023707,2.39501958345763,1.32908555597121,0.250026736053709,0.386091802516921,0.386091802516921,"gpath_trio"
"16405","ZNF18","Exc L3-4 RORB CUX2",-0.0632991120905879,3.30052613066445,3.99284330431614,0.0467353117492289,0.104497940212866,0.104497940212866,"gpath_trio"
"16406","MAP2K4","Exc L3-4 RORB CUX2",0.0333624700284402,7.7940234340634,5.20823455434569,0.023288359135373,0.0590875443183805,0.0590875443183805,"gpath_trio"
"16407","LINC00670","Exc L3-4 RORB CUX2",-0.10560837808266,-0.0876452724942891,1.61900953658253,0.2043666582472,0.331067672998214,0.331067672998214,"gpath_trio"
"16408","MYOCD","Exc L3-4 RORB CUX2",-0.12731017533003,0.672195160922344,3.86024512060268,0.0505079031699876,0.111147136393379,0.111147136393379,"gpath_trio"
"16409","AC005358.2","Exc L3-4 RORB CUX2",-0.150492536191119,-0.718297887579438,1.83429005113275,0.176797482431142,0.296253256482416,0.296253256482416,"gpath_trio"
"16410","ARHGAP44","Exc L3-4 RORB CUX2",0.0714244573710791,7.84980889607168,27.0735812127745,3.97637835618807e-07,4.57113580262646e-06,4.57113580262646e-06,"gpath_trio"
"16411","ELAC2","Exc L3-4 RORB CUX2",-0.064938267260719,3.79009804717771,6.6953046755858,0.0102100284936263,0.0301151059735248,0.0301151059735248,"gpath_trio"
"16412","HS3ST3A1","Exc L3-4 RORB CUX2",0.264452382629199,2.09984197862822,13.2332172039484,0.000331620573316461,0.00165196014917036,0.00165196014917036,"gpath_trio"
"16413","AC005304.1","Exc L3-4 RORB CUX2",0.0445455860236949,0.62826803486747,0.415172771812828,0.795592476658913,0.880566705108451,0.880566705108451,"gpath_trio"
"16414","AC005304.3","Exc L3-4 RORB CUX2",0.0323909672562855,1.86447782471445,0.363929005431408,0.903074874275035,0.951230418331171,0.951230418331171,"gpath_trio"
"16415","COX10","Exc L3-4 RORB CUX2",0.0762742614754108,4.5267161276504,11.6066794381694,0.000761277119133791,0.00336151584121782,0.00336151584121782,"gpath_trio"
"16416","AC005224.1","Exc L3-4 RORB CUX2",0.0840185458296375,1.72905214341911,2.21973776790695,0.137468235314061,0.244742468007517,0.244742468007517,"gpath_trio"
"16417","HS3ST3B1","Exc L3-4 RORB CUX2",-0.0220234350537001,-0.348190031816836,0.0311310929321021,0.860085590198563,0.923334581081042,0.923334581081042,"gpath_trio"
"16418","TEKT3","Exc L3-4 RORB CUX2",-0.108719796271397,0.783591547491893,2.90352059454717,0.0895810326259743,0.175207507176378,0.175207507176378,"gpath_trio"
"16419","AC005703.4","Exc L3-4 RORB CUX2",0.103305637378398,2.17987268252556,3.65462182772473,0.0570130438191569,0.122261709082854,0.122261709082854,"gpath_trio"
"16420","AC005324.3","Exc L3-4 RORB CUX2",0.0596189938162221,-0.544225153554149,0.285075153315242,0.593850088788022,0.724268072701334,0.724268072701334,"gpath_trio"
"16421","TRIM16","Exc L3-4 RORB CUX2",0.0226909850691703,4.30429909892917,0.689412102234371,0.407126153708551,0.555472384599311,0.555472384599311,"gpath_trio"
"16422","AC005324.4","Exc L3-4 RORB CUX2",0.106507761626559,1.13555896601997,3.18553364385912,0.193442645719729,0.317241536123844,0.317241536123844,"gpath_trio"
"16423","TBC1D26","Exc L3-4 RORB CUX2",-0.0678005457908796,0.626111815139503,0.572831200253212,0.449821337143491,0.596068668431523,0.596068668431523,"gpath_trio"
"16424","AC005324.1","Exc L3-4 RORB CUX2",0.0403871445556689,-0.450701520675949,0.141396106952701,0.707203647129885,0.816237619041501,0.816237619041501,"gpath_trio"
"16425","AC015922.4","Exc L3-4 RORB CUX2",-0.316859658338593,0.300314954395255,11.1253843992195,0.00097571799910741,0.00415560705762972,0.00415560705762972,"gpath_trio"
"16426","ADORA2B","Exc L3-4 RORB CUX2",-0.118772094538232,0.143106337288728,1.93791394789554,0.165084762787108,0.280706707899696,0.280706707899696,"gpath_trio"
"16427","ZSWIM7","Exc L3-4 RORB CUX2",-0.0321821429265184,4.71843519895292,1.7643201585926,0.42735472124505,0.575367467542135,0.575367467542135,"gpath_trio"
"16428","TTC19","Exc L3-4 RORB CUX2",0.00099137606952423,6.86335501123536,0.00348278001818487,0.952985426277129,0.977050181549254,0.977050181549254,"gpath_trio"
"16429","AC002553.2","Exc L3-4 RORB CUX2",0.138623302495798,1.3462343831842,5.36978372030634,0.0212656176036696,0.054976144945417,0.054976144945417,"gpath_trio"
"16430","NCOR1","Exc L3-4 RORB CUX2",0.0200059117923765,7.51484708680253,2.07987189507272,0.150456157625051,0.26194392530132,0.26194392530132,"gpath_trio"
"16431","PIGL","Exc L3-4 RORB CUX2",-0.0608385587054593,6.13782145294489,8.07742183204203,0.00483738571215328,0.0161339488746392,0.0161339488746392,"gpath_trio"
"16432","CENPV","Exc L3-4 RORB CUX2",-0.00380033239145359,4.54174343485169,0.028380672417916,0.866347945019086,0.927559405317164,0.927559405317164,"gpath_trio"
"16433","UBB","Exc L3-4 RORB CUX2",-0.179397651166619,6.10573691383294,19.5264432056521,1.45774818664943e-05,0.000110108834390311,0.000110108834390311,"gpath_trio"
"16434","TRPV2","Exc L3-4 RORB CUX2",-0.0579189990045028,2.69368197869952,0.841714181698328,0.359757194300501,0.507630535390447,0.507630535390447,"gpath_trio"
"16435","LRRC75A","Exc L3-4 RORB CUX2",-0.101154314483016,3.34260468848536,7.70698093661411,0.00590060109436274,0.0190962957941229,0.0190962957941229,"gpath_trio"
"16436","ZNF287","Exc L3-4 RORB CUX2",-0.0522981204227736,2.86489630382609,2.25404195104549,0.44168937864061,0.588580988340501,0.588580988340501,"gpath_trio"
"16437","ZNF624","Exc L3-4 RORB CUX2",-0.0614432189878684,2.59748435331015,2.52038205440757,0.24455402782648,0.379266470243619,0.379266470243619,"gpath_trio"
"16438","AC098850.3","Exc L3-4 RORB CUX2",0.0504311874792572,7.72931245930919,1.56474844033229,0.212095745041504,0.340551663844993,0.340551663844993,"gpath_trio"
"16439","TNFRSF13B","Exc L3-4 RORB CUX2",-0.187617225638681,-1.00711207343793,2.18392395606781,0.14066879660009,0.24883761257403,0.24883761257403,"gpath_trio"
"16440","AC104024.2","Exc L3-4 RORB CUX2",0.0123572773088264,2.4314524805805,0.0492266846661487,0.824588568753816,0.899393111023854,0.899393111023854,"gpath_trio"
"16441","MPRIP","Exc L3-4 RORB CUX2",-0.00548998786714669,7.45434169185138,0.0932729273548631,0.76030118064739,0.856716212929405,0.856716212929405,"gpath_trio"
"16442","MPRIP-AS1","Exc L3-4 RORB CUX2",-0.219097660669722,1.29518083528799,8.22661649613642,0.00446667984034255,0.0150618863076903,0.0150618863076903,"gpath_trio"
"16443","AC055811.1","Exc L3-4 RORB CUX2",-0.303184413306503,1.12481010785355,18.7133775165565,2.16755591602796e-05,0.000154469942090654,0.000154469942090654,"gpath_trio"
"16444","PLD6","Exc L3-4 RORB CUX2",0.0410699156064299,2.82437819033125,0.995980870539011,0.319212844435593,0.464517108055599,0.464517108055599,"gpath_trio"
"16445","AC055811.2","Exc L3-4 RORB CUX2",0.129930514404704,2.3581638798631,4.91864804795891,0.0274329256747441,0.0674868034981054,0.0674868034981054,"gpath_trio"
"16446","COPS3","Exc L3-4 RORB CUX2",-0.110737336168865,4.2638109743866,26.0199509151624,6.52163819457953e-07,7.04735139665999e-06,7.04735139665999e-06,"gpath_trio"
"16447","NT5M","Exc L3-4 RORB CUX2",-0.000584288367535329,4.14104480212991,0.000528100163384579,0.981683509611128,0.990619957305282,0.990619957305282,"gpath_trio"
"16448","MED9","Exc L3-4 RORB CUX2",0.0217426599849655,4.70506202595012,1.10889486325426,0.293299928683929,0.435866680995747,0.435866680995747,"gpath_trio"
"16449","RASD1","Exc L3-4 RORB CUX2",-0.0467695220225801,5.62757560625518,1.46625648653819,0.227036766692908,0.357988805629497,0.357988805629497,"gpath_trio"
"16450","PEMT","Exc L3-4 RORB CUX2",0.0384955215402304,3.60979932309245,2.02629583009415,0.15579585092915,0.268967064232169,0.268967064232169,"gpath_trio"
"16451","AC020558.1","Exc L3-4 RORB CUX2",0.143204476571823,2.89584900762854,13.1934105530389,0.00033838884595413,0.00167987080883971,0.00167987080883971,"gpath_trio"
"16452","RAI1","Exc L3-4 RORB CUX2",0.0846869659594799,6.14568211054383,22.5068509967657,3.45740827721121e-06,3.10843190698468e-05,3.10843190698468e-05,"gpath_trio"
"16453","RAI1-AS1","Exc L3-4 RORB CUX2",-0.06053214873084,-0.525442715022944,0.331215849765256,0.565441762494748,0.700831216485561,0.700831216485561,"gpath_trio"
"16454","SMCR5","Exc L3-4 RORB CUX2",-0.449031630979325,2.77951703177546,57.0451269727378,7.24436088799636e-13,3.48818570203643e-11,3.48818570203643e-11,"gpath_trio"
"16455","SREBF1","Exc L3-4 RORB CUX2",0.0921324841670528,3.96794447061324,7.32021931142329,0.00726914377965245,0.0226599159076774,0.0226599159076774,"gpath_trio"
"16456","TOM1L2","Exc L3-4 RORB CUX2",0.0440526570794306,6.96190878119799,11.2569115043286,0.000911637527081704,0.00391325257635604,0.00391325257635604,"gpath_trio"
"16457","DRC3","Exc L3-4 RORB CUX2",-0.13964607042047,3.11617843062431,14.3401049416988,0.000189551683173513,0.00101545544557239,0.00101545544557239,"gpath_trio"
"16458","ATPAF2","Exc L3-4 RORB CUX2",0.00424789110502499,4.69885750469014,0.0392130317854306,0.843181953877024,0.911688510609837,0.911688510609837,"gpath_trio"
"16459","GID4","Exc L3-4 RORB CUX2",0.0172302893871905,3.81540734372394,0.6390510448166,0.424784322406516,0.573130723236237,0.573130723236237,"gpath_trio"
"16460","DRG2","Exc L3-4 RORB CUX2",-0.031599062881097,4.27416028807983,1.49033259304954,0.223270782874806,0.35343178065902,0.35343178065902,"gpath_trio"
"16461","MYO15A","Exc L3-4 RORB CUX2",0.00326775794004786,3.77007639468575,0.00852199355980294,0.926519140533111,0.963326143555327,0.963326143555327,"gpath_trio"
"16462","AC087164.1","Exc L3-4 RORB CUX2",-0.250075661807894,2.16050354895156,13.3947424171038,0.00030553768118003,0.00153803745931854,0.00153803745931854,"gpath_trio"
"16463","ALKBH5","Exc L3-4 RORB CUX2",0.0107328422754289,5.33157838119434,0.336550861793074,0.562329323356073,0.697925822673716,0.697925822673716,"gpath_trio"
"16464","LLGL1","Exc L3-4 RORB CUX2",-0.010595367849169,1.33327534470532,0.0148392502025229,0.903138471530785,0.951230418331171,0.951230418331171,"gpath_trio"
"16465","FLII","Exc L3-4 RORB CUX2",-0.0215979961440439,3.57228900215198,0.517980307792383,0.472350921485211,0.617407181144421,0.617407181144421,"gpath_trio"
"16466","MIEF2","Exc L3-4 RORB CUX2",0.00195300104334163,2.4445848019009,0.00280444457088065,0.957806827772707,0.978960007908332,0.978960007908332,"gpath_trio"
"16467","AC127537.1","Exc L3-4 RORB CUX2",0.254757713266139,-0.114175600077969,9.38046371199319,0.00242337715088264,0.00900514400872167,0.00900514400872167,"gpath_trio"
"16468","TOP3A","Exc L3-4 RORB CUX2",-0.00100017734815411,5.02572081763288,0.00347940163068734,0.953008207942684,0.977050181549254,0.977050181549254,"gpath_trio"
"16469","SMCR8","Exc L3-4 RORB CUX2",-0.0286724596736171,3.43466751482622,1.25189290173124,0.26422386548612,0.402713340347697,0.402713340347697,"gpath_trio"
"16470","SHMT1","Exc L3-4 RORB CUX2",0.0358392655820813,3.27413615706847,1.17329313162419,0.332659631542644,0.479112511876988,0.479112511876988,"gpath_trio"
"16471","LINC02076","Exc L3-4 RORB CUX2",0.230918876473552,-0.372107209534898,3.2763816417183,0.071438200359731,0.146602454102635,0.146602454102635,"gpath_trio"
"16472","ZNF286B","Exc L3-4 RORB CUX2",-0.0477250647330425,3.0103120584206,2.306605695147,0.130040090816894,0.234392819818711,0.234392819818711,"gpath_trio"
"16473","TRIM16L","Exc L3-4 RORB CUX2",-0.126425049154123,2.87453075317063,13.6508556256033,0.000268377778318466,0.00137914459438998,0.00137914459438998,"gpath_trio"
"16474","FBXW10","Exc L3-4 RORB CUX2",-0.0980878899197567,0.5744986810477,2.08057870464603,0.150387119090346,0.261895565614824,0.261895565614824,"gpath_trio"
"16475","TVP23B","Exc L3-4 RORB CUX2",-0.00360414883830384,2.99899280934698,0.00892567979102186,0.924803958232417,0.962294076916758,0.962294076916758,"gpath_trio"
"16476","AC107982.3","Exc L3-4 RORB CUX2",-0.220310894832283,-0.612210721482834,4.33058706355678,0.0384121438338932,0.0892405575597415,0.0892405575597415,"gpath_trio"
"16477","PRPSAP2","Exc L3-4 RORB CUX2",-0.0477665594101755,5.24375164461013,4.13979283470094,0.0429009294711437,0.0975130973501941,0.0975130973501941,"gpath_trio"
"16478","SLC5A10","Exc L3-4 RORB CUX2",-0.241527430949615,0.416111643184531,10.3947320417452,0.00142527056743265,0.0057246334258319,0.0057246334258319,"gpath_trio"
"16479","FAM83G","Exc L3-4 RORB CUX2",-0.0983429925335338,-0.822219330332898,0.781402170893576,0.377529295466804,0.525757819841428,0.525757819841428,"gpath_trio"
"16480","AC007952.4","Exc L3-4 RORB CUX2",0.265204297209471,0.999608543510119,8.7431642322503,0.00339334217674808,0.0119799216748353,0.0119799216748353,"gpath_trio"
"16481","EPN2","Exc L3-4 RORB CUX2",0.105363685928908,5.99762238370594,25.9574754269166,6.7163137297609e-07,7.23060989850193e-06,7.23060989850193e-06,"gpath_trio"
"16482","EPN2-AS1","Exc L3-4 RORB CUX2",-0.407210357365508,0.302711277443635,9.43868367194435,0.00235027686418818,0.00877277256891703,0.00877277256891703,"gpath_trio"
"16483","AC124066.1","Exc L3-4 RORB CUX2",0.0550493966088992,0.489564600974361,0.577472338723448,0.447993268064962,0.594231701723248,0.594231701723248,"gpath_trio"
"16484","B9D1","Exc L3-4 RORB CUX2",0.0288313390875719,4.77517907324253,1.19383656853243,0.275568372655216,0.415701504285852,0.415701504285852,"gpath_trio"
"16485","MAPK7","Exc L3-4 RORB CUX2",-0.0976511032070855,1.26304144100699,3.4609405609066,0.0639635632600337,0.134325480250982,0.134325480250982,"gpath_trio"
"16486","RNF112","Exc L3-4 RORB CUX2",-0.0814816275705,4.62315493288503,8.43087221207495,0.00400582824678715,0.0137491638106381,0.0137491638106381,"gpath_trio"
"16487","AC004448.3","Exc L3-4 RORB CUX2",-0.0545060059933281,-0.533151111847541,0.245398089541852,0.620752630239148,0.746434873946526,0.746434873946526,"gpath_trio"
"16488","AC004448.2","Exc L3-4 RORB CUX2",-0.138624561168087,1.93118441148994,10.0878352813903,0.00167257129011347,0.00655225743262898,0.00655225743262898,"gpath_trio"
"16489","LINC02094","Exc L3-4 RORB CUX2",0.0874088109527745,1.46198411642521,2.23667927919587,0.135982884203395,0.242781393553432,0.242781393553432,"gpath_trio"
"16490","SLC47A1","Exc L3-4 RORB CUX2",-0.194069619699332,2.97801798669071,12.9044650314018,0.000391915105337547,0.00190481504461215,0.00190481504461215,"gpath_trio"
"16491","AC025627.1","Exc L3-4 RORB CUX2",-0.178932657070052,1.51203170271392,12.5929718943775,0.000459317044866673,0.00218123581509379,0.00218123581509379,"gpath_trio"
"16492","ALDH3A2","Exc L3-4 RORB CUX2",0.0400727234221512,5.98313079024505,2.77547528765065,0.0969225082227314,0.186176483232753,0.186176483232753,"gpath_trio"
"16493","SLC47A2","Exc L3-4 RORB CUX2",-0.0944006146271801,1.31055934885718,1.98703694709099,0.159846021144081,0.274202319240017,0.274202319240017,"gpath_trio"
"16494","AC005722.2","Exc L3-4 RORB CUX2",-0.0474662053658375,-0.940614856518245,0.145208502481596,0.703468173552708,0.813835105305688,0.813835105305688,"gpath_trio"
"16495","ULK2","Exc L3-4 RORB CUX2",0.0132594558249233,6.84833133447642,0.775560900682384,0.379315516513839,0.527408032092812,0.527408032092812,"gpath_trio"
"16496","AC015726.1","Exc L3-4 RORB CUX2",-0.0334291076365183,1.64075441771622,0.335779554526035,0.591653434123647,0.722335886897306,0.722335886897306,"gpath_trio"
"16497","AKAP10","Exc L3-4 RORB CUX2",0.0158520076213677,6.53883473621938,1.05314657070761,0.305737292421271,0.449679221010362,0.449679221010362,"gpath_trio"
"16498","AC005730.2","Exc L3-4 RORB CUX2",-0.232298143858789,0.0860644827754115,6.94453066492226,0.00891253148610058,0.0268975800646341,0.0268975800646341,"gpath_trio"
"16499","SPECC1","Exc L3-4 RORB CUX2",0.122598369082976,7.66457751093904,49.1752462208463,2.01744702894043e-11,7.04186744098152e-10,7.04186744098152e-10,"gpath_trio"
"16500","AC004702.1","Exc L3-4 RORB CUX2",0.0872740007655763,2.50200378134491,3.52379633743738,0.0616133767057623,0.130445725301296,0.130445725301296,"gpath_trio"
"16501","LINC01984","Exc L3-4 RORB CUX2",0.237675922097182,-0.435271696834057,4.9787538636205,0.0265133331273363,0.0656714981382928,0.0656714981382928,"gpath_trio"
"16502","CCDC144NL","Exc L3-4 RORB CUX2",0.0809009340913028,4.1352065170236,1.19788161901711,0.274758348104789,0.414758673626197,0.414758673626197,"gpath_trio"
"16503","AC090774.3","Exc L3-4 RORB CUX2",0.191404665082137,1.64183881080156,9.1336171531137,0.00276006751701209,0.0100422654924651,0.0100422654924651,"gpath_trio"
"16504","CCDC144NL-AS1","Exc L3-4 RORB CUX2",-0.0288540711850257,5.76238476692179,0.547351448539059,0.460069383552131,0.605868134018553,0.605868134018553,"gpath_trio"
"16505","USP22","Exc L3-4 RORB CUX2",-0.0355397470516835,6.93581939726227,4.7100953505092,0.0308914153141591,0.0745941716293429,0.0745941716293429,"gpath_trio"
"16506","LINC01563","Exc L3-4 RORB CUX2",0.423829849000341,-1.0561346640182,2.41253794392915,0.12158811029711,0.222518153596172,0.222518153596172,"gpath_trio"
"16507","DHRS7B","Exc L3-4 RORB CUX2",0.0351755292793329,5.71943107595567,2.64476204964544,0.105103057135633,0.198637393696618,0.198637393696618,"gpath_trio"
"16508","TMEM11","Exc L3-4 RORB CUX2",-0.169549686963853,3.0821565083691,31.0982380721706,6.13995979121893e-08,8.68070699284106e-07,8.68070699284106e-07,"gpath_trio"
"16509","AC087294.1","Exc L3-4 RORB CUX2",0.19236653545573,2.92079671464632,26.9098336902896,4.29350120236371e-07,4.8828290167806e-06,4.8828290167806e-06,"gpath_trio"
"16510","NATD1","Exc L3-4 RORB CUX2",0.0429327765547861,1.40367644103195,0.675753068013455,0.415347413854574,0.563677793254139,0.563677793254139,"gpath_trio"
"16511","MAP2K3","Exc L3-4 RORB CUX2",0.0894856444569841,3.81045850321027,9.31049691927489,0.00251430905994454,0.00929051012534453,0.00929051012534453,"gpath_trio"
"16512","KCNJ12","Exc L3-4 RORB CUX2",0.0230121171428532,3.39046872415065,0.465131578360215,0.495842518983559,0.639209125910115,0.639209125910115,"gpath_trio"
"16513","AC068418.2","Exc L3-4 RORB CUX2",0.064089789512346,-0.230812505501457,0.49007058387719,0.484521708850983,0.628271590582066,0.628271590582066,"gpath_trio"
"16514","C17orf51","Exc L3-4 RORB CUX2",0.00922094697782784,5.6107937166739,0.12177154999877,0.727403409803443,0.831559598412538,0.831559598412538,"gpath_trio"
"16515","AC233702.7","Exc L3-4 RORB CUX2",-0.0773277509818281,-0.791668517827137,0.481912721757554,0.488176992372568,0.631587201559354,0.631587201559354,"gpath_trio"
"16516","AC138761.3","Exc L3-4 RORB CUX2",-0.213918572068908,-0.101526870362154,2.54948356417333,0.111544947785422,0.208209386173334,0.208209386173334,"gpath_trio"
"16517","MTRNR2L1","Exc L3-4 RORB CUX2",0.0636724971444767,2.14235570645339,0.0339373151144818,0.85398381386791,0.919523932395355,0.919523932395355,"gpath_trio"
"16518","WSB1","Exc L3-4 RORB CUX2",-0.104680625823563,6.82780106127963,11.2809219923964,0.000900410316450971,0.0038699996025561,0.0038699996025561,"gpath_trio"
"16519","AC026254.2","Exc L3-4 RORB CUX2",0.0933247712363705,0.496425040441833,1.88535701790497,0.339722275527785,0.486306330019012,0.486306330019012,"gpath_trio"
"16520","KSR1","Exc L3-4 RORB CUX2",0.121861642949713,4.57267132627844,27.4467832783453,3.33912461978023e-07,3.92580648042343e-06,3.92580648042343e-06,"gpath_trio"
"16521","LGALS9","Exc L3-4 RORB CUX2",0.168213563562321,-0.821769399096246,1.23369292663605,0.267716146083336,0.406531179228609,0.406531179228609,"gpath_trio"
"16522","NOS2","Exc L3-4 RORB CUX2",0.0195304260490642,3.25007467651456,0.222338196448363,0.681917662667438,0.796024350188946,0.796024350188946,"gpath_trio"
"16523","AC005697.1","Exc L3-4 RORB CUX2",-0.0816449003855336,3.80358574324715,1.32821897826906,0.250180802837976,0.386229466565452,0.386229466565452,"gpath_trio"
"16524","AC005697.2","Exc L3-4 RORB CUX2",-0.496033586039081,0.820217506338591,39.0334851856719,1.69317586221731e-09,3.54722980480106e-08,3.54722980480106e-08,"gpath_trio"
"16525","LINC01992","Exc L3-4 RORB CUX2",-0.140794541978494,0.253788287287433,3.3238179639328,0.0694313165536755,0.143463417807292,0.143463417807292,"gpath_trio"
"16526","NLK","Exc L3-4 RORB CUX2",0.0427776512995013,8.70371006497559,7.37510196209734,0.00705661227033176,0.0221204401109296,0.0221204401109296,"gpath_trio"
"16527","TMEM97","Exc L3-4 RORB CUX2",0.0339503640880007,2.97624065338825,0.631850758166195,0.427402239383439,0.57539304547984,0.57539304547984,"gpath_trio"
"16528","IFT20","Exc L3-4 RORB CUX2",-0.0263572571385064,5.15132290606866,1.19559780889007,0.275215313235586,0.415301789581196,0.415301789581196,"gpath_trio"
"16529","TNFAIP1","Exc L3-4 RORB CUX2",-0.0889272870080056,4.07327877763394,15.9260379066811,8.57188831599266e-05,0.000509990701194786,0.000509990701194786,"gpath_trio"
"16530","POLDIP2","Exc L3-4 RORB CUX2",-0.107091825137335,4.50905769228609,28.1645610391476,2.3883956875415e-07,2.91153371577944e-06,2.91153371577944e-06,"gpath_trio"
"16531","TMEM199","Exc L3-4 RORB CUX2",-0.119011884374894,3.27141352550583,17.0550041896184,4.89745544450709e-05,0.000315977497898723,0.000315977497898723,"gpath_trio"
"16532","SARM1","Exc L3-4 RORB CUX2",0.0969536208838349,5.74578425104815,31.4096087530237,5.32103312246377e-08,7.64070058688302e-07,7.64070058688302e-07,"gpath_trio"
"16533","VTN","Exc L3-4 RORB CUX2",0.0215165708374639,-0.419773469413256,0.04575134540304,0.971757511800548,0.985334864581397,0.985334864581397,"gpath_trio"
"16534","SLC46A1","Exc L3-4 RORB CUX2",-0.0497659926137132,1.98279710409156,1.26761744891652,0.361278073534402,0.509135591894143,0.509135591894143,"gpath_trio"
"16535","AC015917.2","Exc L3-4 RORB CUX2",-0.158481153622196,-1.05757301907673,1.29938102359514,0.25537530811617,0.392309208957872,0.392309208957872,"gpath_trio"
"16536","AC005726.1","Exc L3-4 RORB CUX2",0.21548199919448,5.70396674009625,50.3845848600611,1.20270679749376e-11,4.4315049282065e-10,4.4315049282065e-10,"gpath_trio"
"16537","AC005726.5","Exc L3-4 RORB CUX2",-0.402791942358601,3.34611696601042,43.5531766083604,2.30276297354359e-10,5.95587488159576e-09,5.95587488159576e-09,"gpath_trio"
"16538","KIAA0100","Exc L3-4 RORB CUX2",0.0229522475504629,4.86264028190039,1.01306664926966,0.442955783454216,0.589645077321729,0.589645077321729,"gpath_trio"
"16539","SDF2","Exc L3-4 RORB CUX2",-0.144155905672934,3.70660640487525,31.5496532774654,4.98954900001335e-08,7.24202525721362e-07,7.24202525721362e-07,"gpath_trio"
"16540","SUPT6H","Exc L3-4 RORB CUX2",0.0232008639058552,5.59691501842028,2.46724174739629,0.117457854966394,0.216497050163519,0.216497050163519,"gpath_trio"
"16541","PROCA1","Exc L3-4 RORB CUX2",-0.0388228518219332,0.739588133752747,0.348272372435713,0.555605266133808,0.692276200855335,0.692276200855335,"gpath_trio"
"16542","RPL23A","Exc L3-4 RORB CUX2",-0.253121832053559,4.16614534959496,52.7582049914846,4.38585962367141e-12,1.76969435815141e-10,1.76969435815141e-10,"gpath_trio"
"16543","NEK8","Exc L3-4 RORB CUX2",0.0417623838613026,0.962169026654805,0.405542706941618,0.524800837163311,0.665275330805516,0.665275330805516,"gpath_trio"
"16544","FAM222B","Exc L3-4 RORB CUX2",0.0902973051876028,6.93259836577761,27.6706666130695,3.0073910240244e-07,3.58594053839789e-06,3.58594053839789e-06,"gpath_trio"
"16545","ERAL1","Exc L3-4 RORB CUX2",-0.0827476073007448,3.55673808553282,10.6110082880525,0.00258459989589011,0.00950151291902023,0.00950151291902023,"gpath_trio"
"16546","FLOT2","Exc L3-4 RORB CUX2",0.0555310503099222,5.31379103011303,8.50152179828668,0.00385801522086326,0.0133120330222193,0.0133120330222193,"gpath_trio"
"16547","DHRS13","Exc L3-4 RORB CUX2",0.0404740680220101,0.406213807539422,0.250360791773302,0.633477841253702,0.756541523485996,0.756541523485996,"gpath_trio"
"16548","PHF12","Exc L3-4 RORB CUX2",-0.00878365819183386,4.76621830128418,0.236400166347522,0.755023874737476,0.852889511356583,0.852889511356583,"gpath_trio"
"16549","AC024267.4","Exc L3-4 RORB CUX2",-0.274532728290633,0.313963671988468,10.1822233063142,0.00159217116338238,0.00629470830543128,0.00629470830543128,"gpath_trio"
"16550","PIPOX","Exc L3-4 RORB CUX2",0.117074870262684,2.88933066053791,8.8747343842699,0.00316483602560143,0.0112757422013481,0.0112757422013481,"gpath_trio"
"16551","SEZ6","Exc L3-4 RORB CUX2",-0.00650714749139868,3.78351179491456,0.0384128402399994,0.844769565292333,0.912720290246496,0.912720290246496,"gpath_trio"
"16552","MYO18A","Exc L3-4 RORB CUX2",0.1159095656146,4.98067306754296,35.323174493442,8.94437760339018e-09,1.57325909458062e-07,1.57325909458062e-07,"gpath_trio"
"16553","AC024619.3","Exc L3-4 RORB CUX2",-0.396141797149672,1.47135563303744,31.3025555618221,5.58934891335305e-08,7.98054595377904e-07,7.98054595377904e-07,"gpath_trio"
"16554","NUFIP2","Exc L3-4 RORB CUX2",0.0695752588450885,6.02919797763496,24.8645604613624,1.12516579028774e-06,1.1528806408865e-05,1.1528806408865e-05,"gpath_trio"
"16555","AC068025.2","Exc L3-4 RORB CUX2",-0.16564614577261,0.45081927744668,2.93834505838014,0.0876910179915803,0.172450169410287,0.172450169410287,"gpath_trio"
"16556","AC068025.1","Exc L3-4 RORB CUX2",-0.0678403586092664,1.23268102946917,0.420470786477072,0.517274481713606,0.658215873136045,0.658215873136045,"gpath_trio"
"16557","TAOK1","Exc L3-4 RORB CUX2",0.02220025601009,7.66435054141968,2.55539298156261,0.111132957961886,0.207660222921278,0.207660222921278,"gpath_trio"
"16558","ABHD15-AS1","Exc L3-4 RORB CUX2",-0.272169545828085,3.70001251422769,64.6584002624677,3.15533117698477e-14,2.12530336483539e-12,2.12530336483539e-12,"gpath_trio"
"16559","ABHD15","Exc L3-4 RORB CUX2",-0.0197643459963417,-0.454040905826576,0.0380512462802858,0.84549261448418,0.913305857322821,0.913305857322821,"gpath_trio"
"16560","GIT1","Exc L3-4 RORB CUX2",0.0461794931358277,5.65991585498233,6.59366673653194,0.0107937371381368,0.0314590783584135,0.0314590783584135,"gpath_trio"
"16561","CORO6","Exc L3-4 RORB CUX2",-0.0493650802460712,6.19412961822152,3.97099632841374,0.0473356999121994,0.105509025080879,0.105509025080879,"gpath_trio"
"16562","SSH2","Exc L3-4 RORB CUX2",0.0679483150461608,8.26554363508575,28.8164065935544,1.76343048337616e-07,2.23334651614024e-06,2.23334651614024e-06,"gpath_trio"
"16563","AC023389.1","Exc L3-4 RORB CUX2",-0.182932231244985,3.22516772784968,12.2368464151232,0.00055096985273413,0.00254774622482491,0.00254774622482491,"gpath_trio"
"16564","EFCAB5","Exc L3-4 RORB CUX2",0.0989727314102763,4.73839474618201,8.52452021614414,0.0038111128726129,0.0131817593356704,0.0131817593356704,"gpath_trio"
"16565","AC104984.2","Exc L3-4 RORB CUX2",-0.0129075079000834,1.45729236264692,0.0408464778793695,0.839992590982154,0.909708940939048,0.909708940939048,"gpath_trio"
"16566","NSRP1","Exc L3-4 RORB CUX2",0.00707640883836695,5.22381189893308,0.135986070611057,0.712604557100798,0.820461051482239,0.820461051482239,"gpath_trio"
"16567","AC104984.3","Exc L3-4 RORB CUX2",-0.317448342056432,0.413417280124316,14.8223083274945,0.000148774736989838,0.000822002907780471,0.000822002907780471,"gpath_trio"
"16568","SLC6A4","Exc L3-4 RORB CUX2",-0.135367204636051,0.4689540931987,3.53569641330706,0.0611789415940159,0.129712033899675,0.129712033899675,"gpath_trio"
"16569","BLMH","Exc L3-4 RORB CUX2",-0.0283912167016955,4.49379124917722,1.83523505519585,0.176686412930624,0.296140930537122,0.296140930537122,"gpath_trio"
"16570","CPD","Exc L3-4 RORB CUX2",0.0277676967314256,6.48261631173945,2.87824555544726,0.0909805902697666,0.177329089816688,0.177329089816688,"gpath_trio"
"16571","GOSR1","Exc L3-4 RORB CUX2",0.0290432586540824,5.92588336946108,3.28142932308437,0.0712217064295551,0.146249152897331,0.146249152897331,"gpath_trio"
"16572","AC127024.3","Exc L3-4 RORB CUX2",-0.117769528653046,-0.25811178329276,1.1592885696922,0.282611130866269,0.423822163474836,0.423822163474836,"gpath_trio"
"16573","AC127024.2","Exc L3-4 RORB CUX2",0.148070803971922,4.34998368097583,11.9236373731181,0.000646874913722241,0.00292813582776446,0.00292813582776446,"gpath_trio"
"16574","CRLF3","Exc L3-4 RORB CUX2",-0.179543766884888,6.23069537321367,51.9498299971236,6.17794963651647e-12,2.39246300058919e-10,2.39246300058919e-10,"gpath_trio"
"16575","AC127024.5","Exc L3-4 RORB CUX2",0.146827713974311,2.02604059739836,7.03646599854331,0.00847793159540793,0.0257943402107307,0.0257943402107307,"gpath_trio"
"16576","AC127024.6","Exc L3-4 RORB CUX2",-0.00031942462663922,1.44512204673172,5.61451393062749e-05,0.994027247969333,0.996942718621062,0.996942718621062,"gpath_trio"
"16577","ATAD5","Exc L3-4 RORB CUX2",-0.0427462465536434,4.12494836807382,2.38074027591765,0.124055511853324,0.225967854066522,0.225967854066522,"gpath_trio"
"16578","AC130324.2","Exc L3-4 RORB CUX2",0.153960831525429,4.06714044955369,17.1935416843658,4.57361564391628e-05,0.000298253475706784,0.000298253475706784,"gpath_trio"
"16579","AC130324.1","Exc L3-4 RORB CUX2",0.0651455558825979,-0.0964141266032738,0.641177194248725,0.829185615455777,0.902260923996565,0.902260923996565,"gpath_trio"
"16580","TEFM","Exc L3-4 RORB CUX2",-0.000496585348716153,4.98717731351035,0.000425711209089358,0.98355442383745,0.991862966156181,0.991862966156181,"gpath_trio"
"16581","AC130324.3","Exc L3-4 RORB CUX2",0.0530046089774579,-0.798082598836736,0.213738438415008,0.705467570204098,0.815353358665656,0.815353358665656,"gpath_trio"
"16582","ADAP2","Exc L3-4 RORB CUX2",0.0409985730511545,2.37751880717665,0.907707970487212,0.341608145122498,0.488201765803386,0.488201765803386,"gpath_trio"
"16583","RNF135","Exc L3-4 RORB CUX2",-0.0189077123037885,-0.45018518746871,0.0411124500610625,0.83947959489181,0.909312970217559,0.909312970217559,"gpath_trio"
"16584","AC138207.2","Exc L3-4 RORB CUX2",-0.192129554822215,-0.814749487088323,2.70463692043351,0.101265316639622,0.192903226935752,0.192903226935752,"gpath_trio"
"16585","NF1","Exc L3-4 RORB CUX2",0.00164858972396404,8.03932823521285,0.00985450886264424,0.921000486245935,0.959699119543662,0.959699119543662,"gpath_trio"
"16586","OMG","Exc L3-4 RORB CUX2",-0.072755464146834,5.12608921955372,8.12693122024078,0.00471099358249686,0.0157776054991491,0.0157776054991491,"gpath_trio"
"16587","RAB11FIP4","Exc L3-4 RORB CUX2",0.0357176384437104,7.05373129387521,4.42136720442257,0.0364530410718412,0.0855162911191159,0.0855162911191159,"gpath_trio"
"16588","AC007923.4","Exc L3-4 RORB CUX2",-0.130979380137814,0.581720125683463,3.8418352974466,0.0943571653434046,0.182255223628836,0.182255223628836,"gpath_trio"
"16589","COPRS","Exc L3-4 RORB CUX2",-0.125309032846568,4.83562897472234,14.2467497673455,0.000198672102827665,0.00105925202815754,0.00105925202815754,"gpath_trio"
"16590","UTP6","Exc L3-4 RORB CUX2",-0.0548299972606537,4.87847731281664,5.5676994758122,0.0190343204981398,0.0502700309079923,0.0502700309079923,"gpath_trio"
"16591","AC004253.1","Exc L3-4 RORB CUX2",-0.358582802412735,1.98935726840269,34.7338428568153,1.16779124192622e-08,2.00171523414287e-07,2.00171523414287e-07,"gpath_trio"
"16592","SUZ12","Exc L3-4 RORB CUX2",0.0222740373633083,6.74536184719947,1.5039145084338,0.221179479054807,0.351223611958342,0.351223611958342,"gpath_trio"
"16593","LRRC37B","Exc L3-4 RORB CUX2",0.119904209921759,6.4612327312763,48.3003589727721,2.93717516695848e-11,9.73029704324917e-10,9.73029704324917e-10,"gpath_trio"
"16594","AC116407.2","Exc L3-4 RORB CUX2",-0.235079301171368,1.71974275024719,18.7706331335139,2.10771195597123e-05,0.000150898114661886,0.000150898114661886,"gpath_trio"
"16595","AC116407.1","Exc L3-4 RORB CUX2",-0.32755506207004,-0.482490002714882,9.72269233705698,0.00202467136391751,0.00771439938943074,0.00771439938943074,"gpath_trio"
"16596","RHOT1","Exc L3-4 RORB CUX2",0.052464075954933,7.22274283953511,16.0301241157027,8.13931514121053e-05,0.000488178958646361,0.000488178958646361,"gpath_trio"
"16597","RHBDL3","Exc L3-4 RORB CUX2",0.104228509985754,7.16530558037746,12.8842648657799,0.00039596439502902,0.00191968350179371,0.00191968350179371,"gpath_trio"
"16598","C17orf75","Exc L3-4 RORB CUX2",-0.0543468906897402,3.90106226469869,4.11115263110655,0.0436212356307178,0.0987276675846682,0.0987276675846682,"gpath_trio"
"16599","AC005899.3","Exc L3-4 RORB CUX2",0.229989981765209,-0.441211922068237,5.33455720079171,0.0216905032117218,0.0559224918121016,0.0559224918121016,"gpath_trio"
"16600","ZNF207","Exc L3-4 RORB CUX2",0.0109969953449373,6.61567960796633,0.446169770393234,0.504751984082567,0.647220749896135,0.647220749896135,"gpath_trio"
"16601","AC005899.6","Exc L3-4 RORB CUX2",-0.0800400286306358,0.93439428452755,1.5584334933728,0.213017675096478,0.341596979180624,0.341596979180624,"gpath_trio"
"16602","AC005899.7","Exc L3-4 RORB CUX2",0.154470694202251,1.77529162832974,8.61438004357164,0.00363338323092293,0.0126581776349283,0.0126581776349283,"gpath_trio"
"16603","AC005899.5","Exc L3-4 RORB CUX2",0.0799008805770641,2.20521931399112,3.2222518835492,0.0738049532971511,0.150664265179604,0.150664265179604,"gpath_trio"
"16604","AC005899.8","Exc L3-4 RORB CUX2",-0.378094002825195,2.47133261383135,45.5102594689865,9.80959995922730e-11,2.76795355492882e-09,2.76795355492882e-09,"gpath_trio"
"16605","AC005899.1","Exc L3-4 RORB CUX2",0.0455090481372416,1.31363590055996,0.615092277613409,0.433590817183404,0.581049135614425,0.581049135614425,"gpath_trio"
"16606","PSMD11","Exc L3-4 RORB CUX2",-0.0319717659480404,5.7422099882248,3.54277763427999,0.0609219857666903,0.129270200130729,0.129270200130729,"gpath_trio"
"16607","CDK5R1","Exc L3-4 RORB CUX2",-0.0767331095123406,6.47347989519921,7.11324835890546,0.00813171797161332,0.0248986811469569,0.0248986811469569,"gpath_trio"
"16608","MYO1D","Exc L3-4 RORB CUX2",0.0460018138919998,7.97919955649209,5.50490307131258,0.0197146125711239,0.0517018469546893,0.0517018469546893,"gpath_trio"
"16609","AC079336.5","Exc L3-4 RORB CUX2",0.143641282425761,-0.111534764581489,2.2368830880719,0.135965125542506,0.242773378867161,0.242773378867161,"gpath_trio"
"16610","AC079336.4","Exc L3-4 RORB CUX2",-0.336353124909371,2.33922508874761,31.692415138626,4.67306585116893e-08,6.84670323510045e-07,6.84670323510045e-07,"gpath_trio"
"16611","AC025211.1","Exc L3-4 RORB CUX2",-0.274032654427004,1.41645686027195,19.9909446048451,1.16309198181337e-05,9.07751672459758e-05,9.07751672459758e-05,"gpath_trio"
"16612","AC084809.2","Exc L3-4 RORB CUX2",-0.189688856905628,-1.06149068527663,2.1576474573519,0.143070563234159,0.251959550737531,0.251959550737531,"gpath_trio"
"16613","SPACA3","Exc L3-4 RORB CUX2",-0.275757688809444,-0.605974068644428,3.7302203322204,0.0545231892806407,0.118026324435293,0.118026324435293,"gpath_trio"
"16614","ASIC2","Exc L3-4 RORB CUX2",0.0940709813515119,9.63116502663723,10.021939445083,0.00173114657316696,0.00674765883184764,0.00674765883184764,"gpath_trio"
"16615","AC011824.2","Exc L3-4 RORB CUX2",-0.353631693721307,2.19772915075232,27.2562592922538,3.65040598210614e-07,4.23745343434933e-06,4.23745343434933e-06,"gpath_trio"
"16616","AC011824.1","Exc L3-4 RORB CUX2",-0.475951247936398,-0.182337974871924,20.1999029095881,1.05094700502005e-05,8.28236555714039e-05,8.28236555714039e-05,"gpath_trio"
"16617","AC004147.2","Exc L3-4 RORB CUX2",0.117114334645985,0.962604731457852,4.06659408672957,0.044767460216395,0.100885710067893,0.100885710067893,"gpath_trio"
"16618","LINC01989","Exc L3-4 RORB CUX2",-0.0503898316883885,0.664188404372863,0.430550230126944,0.512299331918143,0.653846293456749,0.653846293456749,"gpath_trio"
"16619","TMEM132E","Exc L3-4 RORB CUX2",0.0282032165765156,3.7720435413088,0.355989321793246,0.551261284012273,0.68894075739514,0.68894075739514,"gpath_trio"
"16620","CCT6B","Exc L3-4 RORB CUX2",0.0204565440029898,2.40575558486344,0.205674592978761,0.960008395428269,0.979750116174416,0.979750116174416,"gpath_trio"
"16621","ZNF830","Exc L3-4 RORB CUX2",-0.0628842429368137,3.2568154145536,2.91884102178308,0.0887441374976709,0.174012340753767,0.174012340753767,"gpath_trio"
"16622","LIG3","Exc L3-4 RORB CUX2",0.00872821632823022,3.60190788599343,0.104160138725162,0.847598551728963,0.914943862018825,0.914943862018825,"gpath_trio"
"16623","RFFL","Exc L3-4 RORB CUX2",-0.00316894706065809,2.16691576641218,0.0051481249816884,0.94285567759704,0.972202458117157,0.972202458117157,"gpath_trio"
"16624","AC004223.3","Exc L3-4 RORB CUX2",0.116769287206864,-0.255786190777599,1.55879841871444,0.212964269056676,0.341563780681272,0.341563780681272,"gpath_trio"
"16625","AC004223.4","Exc L3-4 RORB CUX2",0.305209394062108,-1.1439089217864,4.57991803814246,0.033279563951342,0.0792323817227194,0.0792323817227194,"gpath_trio"
"16626","NLE1","Exc L3-4 RORB CUX2",-0.0830739717238078,1.8980017609762,4.07869545712525,0.0444530432123584,0.100317689799701,0.100317689799701,"gpath_trio"
"16627","AC022916.1","Exc L3-4 RORB CUX2",0.0376435951433888,0.526958087089375,0.255644553192052,0.613556679404215,0.74034126836005,0.74034126836005,"gpath_trio"
"16628","SLFN5","Exc L3-4 RORB CUX2",0.0738222819751106,3.48160364879765,2.24622350273859,0.135154052217367,0.241710221034073,0.241710221034073,"gpath_trio"
"16629","SLFN11","Exc L3-4 RORB CUX2",0.177189407903011,-0.306120535300737,1.3940634543254,0.23879903831895,0.372344895129825,0.372344895129825,"gpath_trio"
"16630","LINC02001","Exc L3-4 RORB CUX2",-0.0232174701194361,3.77735098169265,0.502708437371765,0.484982087058697,0.628582397944829,0.628582397944829,"gpath_trio"
"16631","PEX12","Exc L3-4 RORB CUX2",-0.154825121141706,0.841461230997777,5.8415812934895,0.0163405932795953,0.0443882414724431,0.0443882414724431,"gpath_trio"
"16632","AP2B1","Exc L3-4 RORB CUX2",-0.00693579727179735,6.75536696454323,0.219535339719192,0.639786765804966,0.761830726560537,0.761830726560537,"gpath_trio"
"16633","TAF15","Exc L3-4 RORB CUX2",0.00333540269030261,7.34686599130206,0.0303602817833014,0.861810853789461,0.924535987169959,0.924535987169959,"gpath_trio"
"16634","GAS2L2","Exc L3-4 RORB CUX2",0.172126380263907,0.0703975588664703,4.58777258269912,0.0331301101508398,0.0789510952389787,0.0789510952389787,"gpath_trio"
"16635","MMP28","Exc L3-4 RORB CUX2",0.0794925066912177,2.75847898299887,5.18959528948612,0.0235343259511273,0.0595441467348877,0.0595441467348877,"gpath_trio"
"16636","AC015849.3","Exc L3-4 RORB CUX2",-0.440886820091372,3.10348300960712,56.6345077382769,8.59817288806714e-13,4.07202201917264e-11,4.07202201917264e-11,"gpath_trio"
"16637","HEATR9","Exc L3-4 RORB CUX2",-0.23110561271647,0.278819381010619,8.72138299901787,0.00343276954979059,0.0120865838860428,0.0120865838860428,"gpath_trio"
"16638","AC015849.1","Exc L3-4 RORB CUX2",0.197405535872333,2.04958327888927,16.5887454697709,6.16817591598453e-05,0.000385869609627869,0.000385869609627869,"gpath_trio"
"16639","CCL5","Exc L3-4 RORB CUX2",-0.00773422012484312,-0.615053410721436,0.00484161471251945,0.944580077304904,0.973030715322151,0.973030715322151,"gpath_trio"
"16640","AC015849.5","Exc L3-4 RORB CUX2",-0.213954527364209,-0.472486245571252,4.52202983040772,0.0344031433021838,0.0815321762153834,0.0815321762153834,"gpath_trio"
"16641","RDM1","Exc L3-4 RORB CUX2",-0.101059078918087,0.225662567692688,1.39010683546265,0.239464837838287,0.373032878815449,0.373032878815449,"gpath_trio"
"16642","AC243829.2","Exc L3-4 RORB CUX2",-0.837770827197437,1.17923876762531,13.4220369579269,0.000301340485035907,0.00151974894692794,0.00151974894692794,"gpath_trio"
"16643","TBC1D3B","Exc L3-4 RORB CUX2",0.301526731016819,0.186880719411326,5.9293027047754,0.0155640982219206,0.0427451240984546,0.0427451240984546,"gpath_trio"
"16644","AC243829.1","Exc L3-4 RORB CUX2",-0.0214408734867522,4.33566940842598,0.0411658053926481,0.839376893602135,0.909279898433369,0.909279898433369,"gpath_trio"
"16645","CCL3L1","Exc L3-4 RORB CUX2",-0.599266859645265,-0.618427724578114,4.25345507339051,0.0401639753457821,0.0925839941608953,0.0925839941608953,"gpath_trio"
"16646","CCL4L2","Exc L3-4 RORB CUX2",-0.11637336103158,0.602205594726274,0.923868835650858,0.337354193933347,0.48369844805666,0.48369844805666,"gpath_trio"
"16647","ZNHIT3","Exc L3-4 RORB CUX2",-0.118251536820562,4.02021734118304,22.7831334632803,3.02914086874302e-06,2.75904817277158e-05,2.75904817277158e-05,"gpath_trio"
"16648","MYO19","Exc L3-4 RORB CUX2",0.0522896985740627,5.0145210461293,4.9730346480165,0.0265994294363308,0.0658054554111556,0.0658054554111556,"gpath_trio"
"16649","PIGW","Exc L3-4 RORB CUX2",-0.150650284313068,0.777788712510891,5.38156352089663,0.0211254777016204,0.0546698964379416,0.0546698964379416,"gpath_trio"
"16650","GGNBP2","Exc L3-4 RORB CUX2",-0.0469805432737254,5.86308792155307,7.15275569131623,0.00795928508085903,0.0244560731809825,0.0244560731809825,"gpath_trio"
"16651","DHRS11","Exc L3-4 RORB CUX2",-0.120942068023722,3.50852412229042,8.77348874254873,0.00333922059961308,0.0118128661401357,0.0118128661401357,"gpath_trio"
"16652","MRM1","Exc L3-4 RORB CUX2",0.0375559437216322,2.36574365363303,0.820418835297146,0.453999629189969,0.599989684194132,0.599989684194132,"gpath_trio"
"16653","AC243830.2","Exc L3-4 RORB CUX2",-0.215927356915258,1.76881142669977,12.6917378055555,0.000436757745667394,0.00209003499023712,0.00209003499023712,"gpath_trio"
"16654","LHX1-DT","Exc L3-4 RORB CUX2",-0.325455838067621,0.104655704352381,7.85369782137835,0.00545340451897771,0.0179160456229238,0.0179160456229238,"gpath_trio"
"16655","LHX1","Exc L3-4 RORB CUX2",-0.299444813092207,-0.880545405558571,2.48352891803149,0.116259787086875,0.21491833955356,0.21491833955356,"gpath_trio"
"16656","AATF","Exc L3-4 RORB CUX2",0.0881154866828009,5.09227888884102,25.1239836970175,9.95219606794854e-07,1.03019782283664e-05,1.03019782283664e-05,"gpath_trio"
"16657","AC244093.5","Exc L3-4 RORB CUX2",-0.488389194397953,-0.994877864166467,16.4784980916025,6.51463038976889e-05,0.000404283814560404,0.000404283814560404,"gpath_trio"
"16658","ACACA","Exc L3-4 RORB CUX2",0.0858994043927162,8.16325134220879,33.325736343719,2.21426816803314e-08,3.51223812089137e-07,3.51223812089137e-07,"gpath_trio"
"16659","C17orf78","Exc L3-4 RORB CUX2",-0.111203152129591,1.04313705762002,2.94662049171605,0.0872483076394328,0.171746961325549,0.171746961325549,"gpath_trio"
"16660","TADA2A","Exc L3-4 RORB CUX2",-0.00159843609243291,5.45294167287536,0.00558298001344224,0.940495472745905,0.971307712446821,0.971307712446821,"gpath_trio"
"16661","DUSP14","Exc L3-4 RORB CUX2",0.000594864751998447,3.96989141050748,0.000486705605049314,0.982415894007223,0.991025608624278,0.991025608624278,"gpath_trio"
"16662","SYNRG","Exc L3-4 RORB CUX2",0.00145666560066435,5.84279653135728,0.00866283406716743,0.925916174040503,0.962931357802241,0.962931357802241,"gpath_trio"
"16663","DDX52","Exc L3-4 RORB CUX2",0.00501141635664278,4.6448827707432,0.057342944554491,0.810934570338696,0.890906390578479,0.890906390578479,"gpath_trio"
"16664","AC243585.2","Exc L3-4 RORB CUX2",-0.295535202469668,-0.0900017777350234,9.27501705963519,0.00256174530638602,0.00943813213227502,0.00943813213227502,"gpath_trio"
"16665","AC243571.2","Exc L3-4 RORB CUX2",-0.14546750626721,1.28829569734474,3.90434190414522,0.0492186021605051,0.108891906852527,0.108891906852527,"gpath_trio"
"16666","TBC1D3L","Exc L3-4 RORB CUX2",-0.166401746443543,0.37935873661084,1.54180216822909,0.215468691789755,0.344350511474835,0.344350511474835,"gpath_trio"
"16667","TBC1D3D","Exc L3-4 RORB CUX2",0.0721231271633788,1.26823610878518,0.0416656994099612,0.838418633698406,0.90902278239818,0.90902278239818,"gpath_trio"
"16668","TBC1D3","Exc L3-4 RORB CUX2",0.580631011649072,-0.170198884680798,2.53435917716205,0.112607104010417,0.209522117809662,0.209522117809662,"gpath_trio"
"16669","MRPL45","Exc L3-4 RORB CUX2",-0.00119008868138948,4.58137539175629,0.00216999016667482,0.962881218149312,0.980770867681243,0.980770867681243,"gpath_trio"
"16670","GPR179","Exc L3-4 RORB CUX2",0.181764167795567,0.243588696295297,5.11828196153421,0.0245007091844039,0.0615798938327332,0.0615798938327332,"gpath_trio"
"16671","SOCS7","Exc L3-4 RORB CUX2",0.0236495145784738,5.87779550348993,2.03673920395879,0.154738277953106,0.267395696591341,0.267395696591341,"gpath_trio"
"16672","ARHGAP23","Exc L3-4 RORB CUX2",0.0970801584968954,4.1333517176046,9.51032681707631,0.00226340485505693,0.0084861908475699,0.0084861908475699,"gpath_trio"
"16673","SRCIN1","Exc L3-4 RORB CUX2",0.0302517301794513,6.58915081221166,2.76524580796858,0.097536812548855,0.187124875729664,0.187124875729664,"gpath_trio"
"16674","EPOP","Exc L3-4 RORB CUX2",-0.0161692755793657,2.96870420309439,0.117970314637863,0.731523923698889,0.834614893435791,0.834614893435791,"gpath_trio"
"16675","AC006449.6","Exc L3-4 RORB CUX2",-0.243111312312216,-0.29937084187404,6.11709819126466,0.0140276816946032,0.0392195784629462,0.0392195784629462,"gpath_trio"
"16676","MLLT6","Exc L3-4 RORB CUX2",0.0567312642204452,5.48132725998679,10.3659560459009,0.00144678300628478,0.00579834071350723,0.00579834071350723,"gpath_trio"
"16677","CISD3","Exc L3-4 RORB CUX2",-0.0518870059759678,2.89294894054248,2.17427284913127,0.141545608840151,0.249994104731687,0.249994104731687,"gpath_trio"
"16678","PCGF2","Exc L3-4 RORB CUX2",0.00242649729632033,3.75111315059172,0.00784843310358674,0.929474853996629,0.965411613436058,0.965411613436058,"gpath_trio"
"16679","AC006449.5","Exc L3-4 RORB CUX2",-0.142163690775278,-0.127688911806712,2.52755052315036,0.113088914559975,0.21020534837364,0.21020534837364,"gpath_trio"
"16680","PSMB3","Exc L3-4 RORB CUX2",-0.152079131392752,3.90589369749154,27.1239595458086,3.88365298461194e-07,4.4696348525126e-06,4.4696348525126e-06,"gpath_trio"
"16681","PIP4K2B","Exc L3-4 RORB CUX2",-0.0172383965585584,6.35625786012373,0.896217398062233,0.557253392577965,0.693630578230628,0.693630578230628,"gpath_trio"
"16682","CWC25","Exc L3-4 RORB CUX2",-0.13335440584805,4.24415562823115,23.1666717236646,2.52189821414124e-06,2.34791400416703e-05,2.34791400416703e-05,"gpath_trio"
"16683","RPL23","Exc L3-4 RORB CUX2",-0.244564290372457,4.35544114856729,71.6196731675214,1.92430330528926e-15,1.77273146959867e-13,1.77273146959867e-13,"gpath_trio"
"16684","LASP1","Exc L3-4 RORB CUX2",0.00265006205416053,5.07601522075494,0.0209185457688292,0.885113120956467,0.939631645028335,0.939631645028335,"gpath_trio"
"16685","LINC00672","Exc L3-4 RORB CUX2",-0.0880960400313126,4.14541137314021,10.8878774858868,0.00110329509432141,0.00460753022726858,0.00460753022726858,"gpath_trio"
"16686","FBXO47","Exc L3-4 RORB CUX2",-0.223739467585953,-0.331693541979739,5.16095830569565,0.0239175207729394,0.0603320807194364,0.0603320807194364,"gpath_trio"
"16687","PLXDC1","Exc L3-4 RORB CUX2",-0.00975175516854836,4.45855659661821,0.128270836941512,0.720522268817364,0.826738143285578,0.826738143285578,"gpath_trio"
"16688","ARL5C","Exc L3-4 RORB CUX2",0.0674669902342957,0.28119455982987,0.497027357570038,0.481440252395781,0.624915208909791,0.624915208909791,"gpath_trio"
"16689","CACNB1","Exc L3-4 RORB CUX2",-0.0567422125584797,4.91699474140741,5.16341928809488,0.0238843357095235,0.0602559050818601,0.0602559050818601,"gpath_trio"
"16690","RPL19","Exc L3-4 RORB CUX2",-0.279383969173236,5.02418611375601,48.0985263508893,3.20358457807924e-11,1.04752542727308e-09,1.04752542727308e-09,"gpath_trio"
"16691","STAC2","Exc L3-4 RORB CUX2",-0.0368911606396401,5.21838937473353,1.43452699583098,0.2321177637403,0.364122220936206,0.364122220936206,"gpath_trio"
"16692","FBXL20","Exc L3-4 RORB CUX2",0.0851822406512743,7.57623922846795,33.5714435639483,1.9798251238706e-08,3.18940883735876e-07,3.18940883735876e-07,"gpath_trio"
"16693","AC005288.1","Exc L3-4 RORB CUX2",0.0576569714004522,0.858919379790738,0.822581094748061,0.365266365693366,0.513357640394543,0.513357640394543,"gpath_trio"
"16694","MED1","Exc L3-4 RORB CUX2",-0.0114241044052504,4.46400465133592,0.28815648770172,0.591863351897934,0.722417758154808,0.722417758154808,"gpath_trio"
"16695","CDK12","Exc L3-4 RORB CUX2",0.0721444533817351,6.42332104929726,37.0230973859561,4.15944016505073e-09,8.04570520900272e-08,8.04570520900272e-08,"gpath_trio"
"16696","AC009283.1","Exc L3-4 RORB CUX2",-0.0279559700658704,1.44373449646546,0.278132958682979,0.598377274714548,0.727982275392546,0.727982275392546,"gpath_trio"
"16697","NEUROD2","Exc L3-4 RORB CUX2",0.0354980072674443,5.91171016825076,1.476353527914,0.225448137952472,0.356124035639768,0.356124035639768,"gpath_trio"
"16698","AC087491.1","Exc L3-4 RORB CUX2",-0.116092694748341,-0.64528637681713,1.29355986717664,0.38345191227134,0.531620555942432,0.531620555942432,"gpath_trio"
"16699","PPP1R1B","Exc L3-4 RORB CUX2",-0.159370889388951,4.0330261986621,24.0528805894579,1.65352390788884e-06,1.62730950447109e-05,1.62730950447109e-05,"gpath_trio"
"16700","STARD3","Exc L3-4 RORB CUX2",-0.00233402027812376,4.86814290231006,0.0111212869712045,0.916094093088139,0.957626856375814,0.957626856375814,"gpath_trio"
"16701","TCAP","Exc L3-4 RORB CUX2",0.0221587173112723,1.86916706691396,0.186049492710489,0.872001569079871,0.930876324471474,0.930876324471474,"gpath_trio"
"16702","PNMT","Exc L3-4 RORB CUX2",-0.127042219987083,1.61651213418288,4.3040073343996,0.0390065388769765,0.0903924789619804,0.0903924789619804,"gpath_trio"
"16703","PGAP3","Exc L3-4 RORB CUX2",-0.0335503420109216,3.91840707234565,1.18736939646006,0.276869699038268,0.417134357262121,0.417134357262121,"gpath_trio"
"16704","ERBB2","Exc L3-4 RORB CUX2",0.0482450742134409,0.861274035812696,0.646048913714554,0.522591102925357,0.66293231272127,0.66293231272127,"gpath_trio"
"16705","MIEN1","Exc L3-4 RORB CUX2",-0.1504170599652,4.09000052323355,18.9035430292214,1.9751571013552e-05,0.000142724908738686,0.000142724908738686,"gpath_trio"
"16706","GRB7","Exc L3-4 RORB CUX2",0.00942246532068525,1.34069837724105,0.0139151308526594,0.906188516801072,0.952400115291598,0.952400115291598,"gpath_trio"
"16707","IKZF3","Exc L3-4 RORB CUX2",-0.0458973220033174,2.31979493554511,0.411777211464096,0.521634137765848,0.662093031105755,0.662093031105755,"gpath_trio"
"16708","GSDMB","Exc L3-4 RORB CUX2",0.056644068482545,5.0447522919729,4.94251523539407,0.0270638357829272,0.0667579027901401,0.0667579027901401,"gpath_trio"
"16709","ORMDL3","Exc L3-4 RORB CUX2",-0.11300464182069,3.16535503443937,10.8761014861839,0.00111004582456706,0.00463188717903629,0.00463188717903629,"gpath_trio"
"16710","GSDMA","Exc L3-4 RORB CUX2",0.0445408024744848,0.156447963886515,0.26216592415764,0.609070645368358,0.736911560438178,0.736911560438178,"gpath_trio"
"16711","PSMD3","Exc L3-4 RORB CUX2",-0.117792136721339,4.97094087280696,30.6695075636503,7.48005780491765e-08,1.03647092180092e-06,1.03647092180092e-06,"gpath_trio"
"16712","MED24","Exc L3-4 RORB CUX2",0.0364387550090402,5.08673332557653,3.27102577436427,0.0716686882862559,0.146987474451074,0.146987474451074,"gpath_trio"
"16713","THRA","Exc L3-4 RORB CUX2",-0.0534422847682271,5.77721779727384,6.4523850073037,0.0116629243604756,0.0335979865762222,0.0335979865762222,"gpath_trio"
"16714","NR1D1","Exc L3-4 RORB CUX2",0.112976084528201,4.46629472110487,8.92781735913401,0.00307715822237589,0.0110112925038016,0.0110112925038016,"gpath_trio"
"16715","MSL1","Exc L3-4 RORB CUX2",-0.065623546563068,5.6974930862674,14.9915475767788,0.000136676457679735,0.00076299046311252,0.00076299046311252,"gpath_trio"
"16716","CASC3","Exc L3-4 RORB CUX2",0.00505158356763413,5.52478388972402,0.0748735154148804,0.784586020789582,0.873794166264079,0.873794166264079,"gpath_trio"
"16717","RAPGEFL1","Exc L3-4 RORB CUX2",0.0188803592565658,6.51145769215435,1.27851460795873,0.259217309000008,0.396881627766196,0.396881627766196,"gpath_trio"
"16718","WIPF2","Exc L3-4 RORB CUX2",0.00306997247476108,7.38007639506842,0.0390604579555328,0.843483358504791,0.911770079180999,0.911770079180999,"gpath_trio"
"16719","CDC6","Exc L3-4 RORB CUX2",0.018716501020718,2.00339958108816,0.155382336131901,0.693767075386138,0.805594420317062,0.805594420317062,"gpath_trio"
"16720","RARA","Exc L3-4 RORB CUX2",0.00281990733359463,3.84651561787583,0.00865907416855074,0.995528692899529,0.997655045661036,0.997655045661036,"gpath_trio"
"16721","RARA-AS1","Exc L3-4 RORB CUX2",-0.238436713804951,0.334915706424842,9.48354304397748,0.00229549138127213,0.00859052840236789,0.00859052840236789,"gpath_trio"
"16722","TOP2A","Exc L3-4 RORB CUX2",-0.0960136504867485,-1.00925602102393,0.521594425777353,0.470811379622055,0.616113354340984,0.616113354340984,"gpath_trio"
"16723","IGFBP4","Exc L3-4 RORB CUX2",-0.090281194167845,2.4443743142974,3.02973128625848,0.0829345681043377,0.165042899142337,0.165042899142337,"gpath_trio"
"16724","SMARCE1","Exc L3-4 RORB CUX2",-0.119179731204799,0.988738010832665,3.64363021038635,0.0573850461099215,0.122850520508029,0.122850520508029,"gpath_trio"
"16725","AC073508.2","Exc L3-4 RORB CUX2",0.0828359629499837,2.07438219996667,4.81397555009526,0.0291149575633348,0.0709022528976579,0.0709022528976579,"gpath_trio"
"16726","AC073508.3","Exc L3-4 RORB CUX2",0.0433559706191899,-0.259907301513081,0.200857376144882,0.820223558393229,0.896959742565092,0.896959742565092,"gpath_trio"
"16727","KRT10","Exc L3-4 RORB CUX2",-0.251795844623941,3.88730509988062,57.7180026069106,5.47392081637713e-13,2.70677334486296e-11,2.70677334486296e-11,"gpath_trio"
"16728","TMEM99","Exc L3-4 RORB CUX2",-0.117465669089361,1.47300153162071,4.96003863699655,0.0267961588660984,0.0662554525076484,0.0662554525076484,"gpath_trio"
"16729","AC004231.3","Exc L3-4 RORB CUX2",0.139183455056121,-0.834419735864818,1.01867542495566,0.313771741107824,0.458487515204087,0.458487515204087,"gpath_trio"
"16730","AC004231.1","Exc L3-4 RORB CUX2",-0.141897522123282,0.735752708577287,3.45350727451424,0.0642477883319104,0.134782066090911,0.134782066090911,"gpath_trio"
"16731","KRT23","Exc L3-4 RORB CUX2",-0.291503451911232,-0.597189108127075,8.45319770400168,0.00395850212677334,0.0136191644624236,0.0136191644624236,"gpath_trio"
"16732","KRT17","Exc L3-4 RORB CUX2",-0.184210440597045,1.99103915934941,5.20833444253321,0.0232870482453901,0.0590875443183805,0.0590875443183805,"gpath_trio"
"16733","EIF1","Exc L3-4 RORB CUX2",-0.129372986087312,6.82075184249154,19.1942439040393,1.71386840775619e-05,0.000126286687824986,0.000126286687824986,"gpath_trio"
"16734","HAP1","Exc L3-4 RORB CUX2",-0.101026725808317,1.20299485020188,1.56666932928698,0.211816255334308,0.340219550943903,0.340219550943903,"gpath_trio"
"16735","JUP","Exc L3-4 RORB CUX2",-0.115335469895216,-0.197306389397536,0.820304177695616,0.36592976266042,0.513998885946621,0.513998885946621,"gpath_trio"
"16736","P3H4","Exc L3-4 RORB CUX2",0.0196465197411561,3.99474545396463,0.518899558004898,0.471958566837248,0.617054247031396,0.617054247031396,"gpath_trio"
"16737","FKBP10","Exc L3-4 RORB CUX2",-0.089816853972477,-0.189079735827785,0.602017883720911,0.438514322352515,0.585353080154955,0.585353080154955,"gpath_trio"
"16738","NT5C3B","Exc L3-4 RORB CUX2",-0.145210772068616,4.42729692146012,40.2345409724556,9.93064409063505e-10,2.18723520227688e-08,2.18723520227688e-08,"gpath_trio"
"16739","KLHL10","Exc L3-4 RORB CUX2",-0.197061773528875,0.338786688925618,7.77268430047946,0.00569585506491342,0.0185824508303086,0.0185824508303086,"gpath_trio"
"16740","KLHL11","Exc L3-4 RORB CUX2",0.0338496446079152,2.31934283735349,0.623032422052257,0.430641830352508,0.578235663234233,0.578235663234233,"gpath_trio"
"16741","ACLY","Exc L3-4 RORB CUX2",-0.0610642236460675,4.4224849525877,5.7221424016875,0.0174630244361868,0.0469021545705932,0.0469021545705932,"gpath_trio"
"16742","TTC25","Exc L3-4 RORB CUX2",0.0485730511055415,3.62707146515296,2.73999255929651,0.0990716914862722,0.189600775539323,0.189600775539323,"gpath_trio"
"16743","CNP","Exc L3-4 RORB CUX2",0.0538136123364898,1.02765678568102,0.033394345171389,0.855143496464411,0.920002100552925,0.920002100552925,"gpath_trio"
"16744","DNAJC7","Exc L3-4 RORB CUX2",-0.00356670564628518,5.87114708975106,0.0390788826819102,0.843446928619594,0.911770079180999,0.911770079180999,"gpath_trio"
"16745","NKIRAS2","Exc L3-4 RORB CUX2",-0.0489262957555098,3.20613419597858,2.19609877072945,0.139571437712989,0.247403238396913,0.247403238396913,"gpath_trio"
"16746","ZNF385C","Exc L3-4 RORB CUX2",-0.0312841961986717,0.703897356971209,0.177660727890247,0.673739578697301,0.789769742361295,0.789769742361295,"gpath_trio"
"16747","DHX58","Exc L3-4 RORB CUX2",0.0506407081870757,2.35321860586506,1.15132899515413,0.28426596930892,0.425544700660938,0.425544700660938,"gpath_trio"
"16748","KAT2A","Exc L3-4 RORB CUX2",-0.0111717911281168,5.84990698187687,0.182639680434524,0.66946819241737,0.786451658438363,0.786451658438363,"gpath_trio"
"16749","HSPB9","Exc L3-4 RORB CUX2",0.299428419673561,-0.378131808566161,8.7214743815483,0.00343260315756174,0.0120865838860428,0.0120865838860428,"gpath_trio"
"16750","KCNH4","Exc L3-4 RORB CUX2",0.184979901789746,4.03511339598848,8.48874865557443,0.00388431937738101,0.0133936324455071,0.0133936324455071,"gpath_trio"
"16751","HCRT","Exc L3-4 RORB CUX2",-0.131136494709772,0.592088562182261,2.55731467033059,0.11099934564874,0.207468204415725,0.207468204415725,"gpath_trio"
"16752","GHDC","Exc L3-4 RORB CUX2",-0.0300952443299782,2.58298882521573,0.809492129371569,0.369102961942188,0.517667866331849,0.517667866331849,"gpath_trio"
"16753","STAT5B","Exc L3-4 RORB CUX2",0.0849546099469918,5.39354002277251,22.6973490767293,3.15604248779633e-06,2.86695762600845e-05,2.86695762600845e-05,"gpath_trio"
"16754","STAT3","Exc L3-4 RORB CUX2",0.0317823643242174,5.2316970068487,3.32775183578953,0.0692676346905062,0.143198537747819,0.143198537747819,"gpath_trio"
"16755","ATP6V0A1","Exc L3-4 RORB CUX2",0.0130388117754949,7.7815692004681,0.751301310057165,0.386863721652509,0.534917112215706,0.534917112215706,"gpath_trio"
"16756","NAGLU","Exc L3-4 RORB CUX2",-0.0620223829453688,2.30502154708275,1.55535739613361,0.213468490973711,0.342075202970184,0.342075202970184,"gpath_trio"
"16757","HSD17B1","Exc L3-4 RORB CUX2",-0.0711058953184544,1.15911012053253,1.44447571703776,0.409678757887276,0.557975022632936,0.557975022632936,"gpath_trio"
"16758","AC067852.2","Exc L3-4 RORB CUX2",-0.186895089189914,1.55023877005693,13.0690209601302,0.000360456732772458,0.00177068774864484,0.00177068774864484,"gpath_trio"
"16759","COASY","Exc L3-4 RORB CUX2",-0.103250686393995,3.41448073782699,12.8891789861619,0.00039497542320937,0.00191599643261578,0.00191599643261578,"gpath_trio"
"16760","MLX","Exc L3-4 RORB CUX2",-0.116659738788747,3.51133270674571,13.9121278478283,0.000235184119547973,0.00122923306007263,0.00122923306007263,"gpath_trio"
"16761","PSMC3IP","Exc L3-4 RORB CUX2",0.0500649081406302,0.493150781442235,0.471038284322353,0.525038645643926,0.665534975864929,0.665534975864929,"gpath_trio"
"16762","RETREG3","Exc L3-4 RORB CUX2",0.0332195330598562,5.26727587713935,3.16260890245257,0.0765111893904758,0.154934582550723,0.154934582550723,"gpath_trio"
"16763","TUBG1","Exc L3-4 RORB CUX2",-0.222524508243209,3.41390217134683,43.914165806908,1.96646907571015e-10,5.15910449966869e-09,5.15910449966869e-09,"gpath_trio"
"16764","TUBG2","Exc L3-4 RORB CUX2",-0.0809049159839797,5.67360017939048,11.7709702632986,0.000699616089951019,0.00312549925039013,0.00312549925039013,"gpath_trio"
"16765","PLEKHH3","Exc L3-4 RORB CUX2",-0.119530223312563,3.27571056774866,9.81987083461743,0.00192415950116084,0.00738301976719665,0.00738301976719665,"gpath_trio"
"16766","CCR10","Exc L3-4 RORB CUX2",-0.0418183820672486,3.09688825550932,1.1677761836273,0.280859967327593,0.421823110312974,0.421823110312974,"gpath_trio"
"16767","AC100793.2","Exc L3-4 RORB CUX2",0.232464884758547,0.372632659393888,6.55827539242591,0.0110049878911591,0.0319783423165972,0.0319783423165972,"gpath_trio"
"16768","CNTNAP1","Exc L3-4 RORB CUX2",-0.0304328426301169,5.57846501910697,1.4482819268451,0.229898401652099,0.36151210080523,0.36151210080523,"gpath_trio"
"16769","AC100793.3","Exc L3-4 RORB CUX2",-0.178930110671957,1.73965157460381,10.1724808237509,0.0016002841264608,0.00631691102550315,0.00631691102550315,"gpath_trio"
"16770","EZH1","Exc L3-4 RORB CUX2",0.0426837179097204,6.07455412391964,8.27592403632931,0.00435067472314683,0.0147421670371997,0.0147421670371997,"gpath_trio"
"16771","RAMP2-AS1","Exc L3-4 RORB CUX2",-0.136007429499207,-0.0308699736821136,2.20472496388069,0.13879977466426,0.24635219968782,0.24635219968782,"gpath_trio"
"16772","VPS25","Exc L3-4 RORB CUX2",-0.149436770699006,2.50136353416865,14.8127582257936,0.000149488960197778,0.000825154520380346,0.000825154520380346,"gpath_trio"
"16773","COA3","Exc L3-4 RORB CUX2",-0.232789673241368,3.71851932005824,51.8866336994094,6.34591460559923e-12,2.44329822839627e-10,2.44329822839627e-10,"gpath_trio"
"16774","CNTD1","Exc L3-4 RORB CUX2",-0.161263172536255,1.28217381673184,8.21573037307977,0.00449271599144737,0.0151396794298946,0.0151396794298946,"gpath_trio"
"16775","BECN1","Exc L3-4 RORB CUX2",-0.0263015784229682,4.45631047728992,1.27734853734693,0.259434119001675,0.397093039288278,0.397093039288278,"gpath_trio"
"16776","PSME3","Exc L3-4 RORB CUX2",-0.0680924483853801,3.98170040791251,9.28117307202185,0.00255344966333749,0.00941272555414469,0.00941272555414469,"gpath_trio"
"16777","AOC2","Exc L3-4 RORB CUX2",0.0395728977358784,1.32411382510931,0.538894139631412,0.463552858943408,0.609152597455566,0.609152597455566,"gpath_trio"
"16778","AOC3","Exc L3-4 RORB CUX2",-0.0993049364624435,-0.537879333822208,0.837484520741847,0.36096511825293,0.508860991316612,0.508860991316612,"gpath_trio"
"16779","LINC00671","Exc L3-4 RORB CUX2",-0.0972022801002592,-0.725017628430752,0.843090901556885,0.5104057155334,0.652371236529567,0.652371236529567,"gpath_trio"
"16780","RUNDC1","Exc L3-4 RORB CUX2",-0.0155993509777658,4.93294130094539,0.37297115800196,0.578529296360243,0.711393219605528,0.711393219605528,"gpath_trio"
"16781","RPL27","Exc L3-4 RORB CUX2",-0.15323941628138,4.33006747881462,19.4912302628611,1.48295308363415e-05,0.000111803357482508,0.000111803357482508,"gpath_trio"
"16782","IFI35","Exc L3-4 RORB CUX2",0.0267543761635301,0.281022481162781,0.11226540525414,0.737849758182142,0.839553261030101,0.839553261030101,"gpath_trio"
"16783","VAT1","Exc L3-4 RORB CUX2",-0.0952854603878436,2.56880468163943,5.4714740518336,0.0200870312052132,0.0525146889419692,0.0525146889419692,"gpath_trio"
"16784","RND2","Exc L3-4 RORB CUX2",-0.163102042451306,2.17312984011742,10.3230608320362,0.00147946710357307,0.00590703518990436,0.00590703518990436,"gpath_trio"
"16785","BRCA1","Exc L3-4 RORB CUX2",-0.0108574653683763,3.30767285057734,0.125907995582039,0.723000723522403,0.828498216350363,0.828498216350363,"gpath_trio"
"16786","NBR1","Exc L3-4 RORB CUX2",-0.0413570194555156,5.22282117923775,5.509671606049,0.019662076900869,0.0515908962771534,0.0515908962771534,"gpath_trio"
"16787","TMEM106A","Exc L3-4 RORB CUX2",0.187002176987876,1.19168479936218,8.18244489491264,0.00457329371040142,0.0153802634784712,0.0153802634784712,"gpath_trio"
"16788","LINC00910","Exc L3-4 RORB CUX2",-0.0753913195610801,1.03214362236464,1.67039927685845,0.197352472696496,0.322291252764432,0.322291252764432,"gpath_trio"
"16789","ARL4D","Exc L3-4 RORB CUX2",-0.272596569105938,2.78145144504032,28.447346503021,2.09364645751341e-07,2.60094318228652e-06,2.60094318228652e-06,"gpath_trio"
"16790","DHX8","Exc L3-4 RORB CUX2",0.030154668316539,4.45503712960475,1.99372810223786,0.159147290582892,0.273375614091941,0.273375614091941,"gpath_trio"
"16791","ETV4","Exc L3-4 RORB CUX2",-0.289579014353987,2.20487175558518,31.9959832648162,4.06577980307783e-08,6.04919672028726e-07,6.04919672028726e-07,"gpath_trio"
"16792","AC068675.1","Exc L3-4 RORB CUX2",0.0919010529885168,4.38206290275893,5.67854825092206,0.0178923951553613,0.0477991356275708,0.0477991356275708,"gpath_trio"
"16793","MEOX1","Exc L3-4 RORB CUX2",-0.352423409138549,0.312578597142891,14.0264286727245,0.000222003231207051,0.00116942955342095,0.00116942955342095,"gpath_trio"
"16794","AC004149.1","Exc L3-4 RORB CUX2",-0.0908747803397663,-0.3582308737906,0.728169899209638,0.39426246937856,0.542433532440838,0.542433532440838,"gpath_trio"
"16795","DUSP3","Exc L3-4 RORB CUX2",-0.0822206527983086,5.19039696049784,17.00302838056,5.02485983120478e-05,0.000323379084552872,0.000323379084552872,"gpath_trio"
"16796","MPP3","Exc L3-4 RORB CUX2",0.108207899029395,2.68651217878282,5.94456276618159,0.0154329759978451,0.0424370029653163,0.0424370029653163,"gpath_trio"
"16797","MPP2","Exc L3-4 RORB CUX2",0.0361128067722156,5.37590240927462,2.76998698090778,0.0972515648700903,0.18668414093759,0.18668414093759,"gpath_trio"
"16798","AC007993.3","Exc L3-4 RORB CUX2",-0.00555961319727606,-0.440066048654582,0.00246191646984232,0.960465132801602,0.979843449346295,0.979843449346295,"gpath_trio"
"16799","LINC01976","Exc L3-4 RORB CUX2",0.123852865530457,0.345116805296055,2.44451971508235,0.119152251585037,0.218974009448727,0.218974009448727,"gpath_trio"
"16800","PYY","Exc L3-4 RORB CUX2",0.0550362518697561,2.69855715973424,1.79445267137234,0.181554276040193,0.30239061496829,0.30239061496829,"gpath_trio"
"16801","TMEM101","Exc L3-4 RORB CUX2",-0.108244177242522,2.66992359028897,8.38501996469417,0.00410485340835921,0.0140484168810258,0.0140484168810258,"gpath_trio"
"16802","LSM12","Exc L3-4 RORB CUX2",-0.0614643382134124,4.60217472252441,9.78624213862396,0.00342756629415098,0.0120724773017626,0.0120724773017626,"gpath_trio"
"16803","G6PC3","Exc L3-4 RORB CUX2",-0.0977646915904183,2.58433451403519,6.15659281671376,0.0137250697579825,0.0385229942080268,0.0385229942080268,"gpath_trio"
"16804","HDAC5","Exc L3-4 RORB CUX2",0.0535769488312547,5.1440814486606,6.68604746927218,0.010261817479951,0.0302369165558656,0.0302369165558656,"gpath_trio"
"16805","C17orf53","Exc L3-4 RORB CUX2",-0.130963750814076,0.449692815429593,3.47839674902916,0.0633013838797317,0.133226102626078,0.133226102626078,"gpath_trio"
"16806","ASB16","Exc L3-4 RORB CUX2",-0.226077728156647,0.454371259349123,10.4895385201897,0.00135667434914193,0.00549187101546974,0.00549187101546974,"gpath_trio"
"16807","ASB16-AS1","Exc L3-4 RORB CUX2",-0.00579971462737396,2.54467329827532,0.0303747382263713,0.861778290358854,0.924535987169959,0.924535987169959,"gpath_trio"
"16808","TMUB2","Exc L3-4 RORB CUX2",-0.0433893880833959,4.41259739941303,2.84679822598563,0.0927553577436114,0.179815445611354,0.179815445611354,"gpath_trio"
"16809","ATXN7L3","Exc L3-4 RORB CUX2",-0.0864466278198143,5.13092058492034,10.1825155214829,0.00159192847297575,0.00629470830543128,0.00629470830543128,"gpath_trio"
"16810","AC004596.1","Exc L3-4 RORB CUX2",0.0784481509480109,0.167726600622174,0.980691087508843,0.56184604800456,0.697596407070711,0.697596407070711,"gpath_trio"
"16811","UBTF","Exc L3-4 RORB CUX2",0.0386597877672357,4.76123302398169,2.52551929752768,0.113233095054865,0.210415187688303,0.210415187688303,"gpath_trio"
"16812","AC003102.1","Exc L3-4 RORB CUX2",0.0309231659148293,2.3232876909713,0.456868158884248,0.499692042914592,0.642734266229002,0.642734266229002,"gpath_trio"
"16813","SLC4A1","Exc L3-4 RORB CUX2",-0.0577661295750816,-0.823188903116339,0.267889161313418,0.666215171895118,0.783638054835952,0.783638054835952,"gpath_trio"
"16814","RUNDC3A-AS1","Exc L3-4 RORB CUX2",-0.194390068966301,3.67655912633351,22.1779769659717,4.0478202561894e-06,3.56614732177385e-05,3.56614732177385e-05,"gpath_trio"
"16815","RUNDC3A","Exc L3-4 RORB CUX2",-0.0230670132033841,6.6899199109754,1.57857732448553,0.210093397849707,0.338063032510595,0.338063032510595,"gpath_trio"
"16816","SLC25A39","Exc L3-4 RORB CUX2",0.0618315183296165,4.7362786249559,3.39502107929129,0.0665319855027062,0.138593991483438,0.138593991483438,"gpath_trio"
"16817","GRN","Exc L3-4 RORB CUX2",-0.0195919832701967,3.32473180434381,0.359722627464407,0.549182635196983,0.68737264502135,0.68737264502135,"gpath_trio"
"16818","FAM171A2","Exc L3-4 RORB CUX2",-0.0886828182937742,4.82861788155932,5.71589840341006,0.0175238605557766,0.0470075637166326,0.0470075637166326,"gpath_trio"
"16819","ITGA2B","Exc L3-4 RORB CUX2",0.0275031808438748,3.95590325971873,0.578069424549061,0.447758927600834,0.593998971879723,0.593998971879723,"gpath_trio"
"16820","GPATCH8","Exc L3-4 RORB CUX2",0.0507347534227883,8.80706985541998,8.53193326256737,0.00379611969096689,0.013136657764195,0.013136657764195,"gpath_trio"
"16821","MEIOC","Exc L3-4 RORB CUX2",-0.31960764539472,1.23912650964519,33.5651763278231,1.98548190399696e-08,3.1943458862152e-07,3.1943458862152e-07,"gpath_trio"
"16822","CCDC43","Exc L3-4 RORB CUX2",-0.0558658002729632,3.66994668361038,5.22498847581568,0.0230695607675345,0.0587069107574431,0.0587069107574431,"gpath_trio"
"16823","DBF4B","Exc L3-4 RORB CUX2",0.0330672424297138,4.76576714223881,1.0312337149822,0.310813102012828,0.455352140956271,0.455352140956271,"gpath_trio"
"16824","ADAM11","Exc L3-4 RORB CUX2",-0.0058355240619664,6.0469127363755,0.0836759030651303,0.772606910911091,0.865428009894393,0.865428009894393,"gpath_trio"
"16825","GJC1","Exc L3-4 RORB CUX2",0.0998282264770395,2.33234678911095,2.0440835514795,0.153999438913078,0.266529868754512,0.266529868754512,"gpath_trio"
"16826","HIGD1B","Exc L3-4 RORB CUX2",-0.479762178937671,0.319436866380928,26.8274628103191,4.46256240202491e-07,5.04947820868494e-06,5.04947820868494e-06,"gpath_trio"
"16827","EFTUD2","Exc L3-4 RORB CUX2",-0.0134830392631624,5.04723050663342,0.607776881067774,0.857467409763443,0.921504553985908,0.921504553985908,"gpath_trio"
"16828","GFAP","Exc L3-4 RORB CUX2",2.79883712423227,-1.46842563996785,56.5935920875935,8.74633363016815e-13,4.13248901612746e-11,4.13248901612746e-11,"gpath_trio"
"16829","KIF18B","Exc L3-4 RORB CUX2",0.059561574422553,-0.67768101297438,0.310514402724682,0.652620560153282,0.772326360927526,0.772326360927526,"gpath_trio"
"16830","DCAKD","Exc L3-4 RORB CUX2",0.0744608865189952,5.05760955877324,10.8156549450255,0.00114536578714683,0.00476367418285411,0.00476367418285411,"gpath_trio"
"16831","NMT1","Exc L3-4 RORB CUX2",-0.0712470717556384,6.31585351373823,13.0571269038948,0.00726881310968156,0.0226599159076774,0.0226599159076774,"gpath_trio"
"16832","PLCD3","Exc L3-4 RORB CUX2",0.143125871761652,1.51560109891212,5.56275504426252,0.0190869884654383,0.0503833563116862,0.0503833563116862,"gpath_trio"
"16833","ACBD4","Exc L3-4 RORB CUX2",-0.025089298782424,3.49405535602855,0.623574025501576,0.430441789958658,0.578057852121143,0.578057852121143,"gpath_trio"
"16834","AC142472.1","Exc L3-4 RORB CUX2",-0.0721916778648361,0.354596666270751,0.832096103342608,0.362512109757958,0.510360189159297,0.510360189159297,"gpath_trio"
"16835","HEXIM1","Exc L3-4 RORB CUX2",-0.110198089661292,4.0907075886589,13.9933311557341,0.000225740929179259,0.00118571289929486,0.00118571289929486,"gpath_trio"
"16836","AC138150.1","Exc L3-4 RORB CUX2",0.0510816836707481,3.44594759279952,2.00920588190508,0.157544355400513,0.271284173843405,0.271284173843405,"gpath_trio"
"16837","HEXIM2","Exc L3-4 RORB CUX2",-0.0660955834565611,1.86496028754697,2.21058298811293,0.138278483533523,0.245707980032484,0.245707980032484,"gpath_trio"
"16838","AC008105.3","Exc L3-4 RORB CUX2",0.0524894131352756,4.85264667716132,3.15351553950865,0.0769331311887082,0.155664017824911,0.155664017824911,"gpath_trio"
"16839","FMNL1","Exc L3-4 RORB CUX2",-0.0764017096270091,4.05231638957758,6.57531209030855,0.0109027680343251,0.0317339821500101,0.0317339821500101,"gpath_trio"
"16840","AC008105.1","Exc L3-4 RORB CUX2",0.0101251259094928,3.05284820306712,0.0817094105622823,0.85402921661582,0.919523932395355,0.919523932395355,"gpath_trio"
"16841","MAP3K14-AS1","Exc L3-4 RORB CUX2",0.0552099805887373,0.144497054340284,0.507208132155585,0.476988498297158,0.621054724307529,0.621054724307529,"gpath_trio"
"16842","SPATA32","Exc L3-4 RORB CUX2",0.0778652236884147,-1.0899637790786,0.317931703805774,0.57333928081408,0.707570154580363,0.707570154580363,"gpath_trio"
"16843","MAP3K14","Exc L3-4 RORB CUX2",0.161858393876303,3.8440114756875,27.2999375602672,3.57654830663157e-07,4.16610058234942e-06,4.16610058234942e-06,"gpath_trio"
"16844","ARHGAP27","Exc L3-4 RORB CUX2",0.0647594901047241,1.98988130479631,1.27165741995617,0.260495520563627,0.398445574478482,0.398445574478482,"gpath_trio"
"16845","PLEKHM1","Exc L3-4 RORB CUX2",0.0828938511467373,4.83702275866423,12.7498292701963,0.000424018159730942,0.00203728658551364,0.00203728658551364,"gpath_trio"
"16846","AC091132.2","Exc L3-4 RORB CUX2",-0.201856766419225,0.527584962096377,6.50488525525148,0.0113317872744289,0.0327956976418883,0.0327956976418883,"gpath_trio"
"16847","AC091132.5","Exc L3-4 RORB CUX2",-0.333177076399614,0.786629050967201,10.2445880438148,0.00154122183830359,0.0061184869318723,0.0061184869318723,"gpath_trio"
"16848","LINC02210-CRHR1","Exc L3-4 RORB CUX2",0.00766715130549139,6.60665347779363,0.171617641421835,0.679019692411267,0.794065748573922,0.794065748573922,"gpath_trio"
"16849","MAPT-AS1","Exc L3-4 RORB CUX2",0.18434846890941,3.69915305180829,22.5128689979613,3.44745674496039e-06,3.1022497693834e-05,3.1022497693834e-05,"gpath_trio"
"16850","MAPT","Exc L3-4 RORB CUX2",0.0465707727061083,8.67659319997072,5.94532154836663,0.0154264861273457,0.0424249396972738,0.0424249396972738,"gpath_trio"
"16851","CR936218.2","Exc L3-4 RORB CUX2",-0.0831853502654512,-0.31511225799576,0.51240244546566,0.474743062220297,0.619275394580396,0.619275394580396,"gpath_trio"
"16852","KANSL1","Exc L3-4 RORB CUX2",0.115062951450874,8.09866620237964,8.47006322501725,0.00392313025947563,0.0135066813967442,0.0135066813967442,"gpath_trio"
"16853","KANSL1-AS1","Exc L3-4 RORB CUX2",-0.0575190663182572,0.198165165608588,0.281340012460954,0.596276973978837,0.726077853540231,0.726077853540231,"gpath_trio"
"16854","ARL17B","Exc L3-4 RORB CUX2",0.0183179970222632,5.89404110551155,0.0153082588413722,0.901627382109812,0.950134888172654,0.950134888172654,"gpath_trio"
"16855","LRRC37A","Exc L3-4 RORB CUX2",-0.0942884137094896,3.30007112196535,0.830368084836194,0.363010161978546,0.510934143847995,0.510934143847995,"gpath_trio"
"16856","LRRC37A2","Exc L3-4 RORB CUX2",0.00354949215759255,5.25765498161975,0.00129779269283114,0.971290154575284,0.985108529487048,0.985108529487048,"gpath_trio"
"16857","ARL17A","Exc L3-4 RORB CUX2",-0.0740027590815364,4.60832704257748,0.697604671973614,0.40435654459243,0.552627915401184,0.552627915401184,"gpath_trio"
"16858","NSF","Exc L3-4 RORB CUX2",-0.0583530866231423,8.65338412857066,2.37820974502782,0.124254642891017,0.226187622514325,0.226187622514325,"gpath_trio"
"16859","WNT3","Exc L3-4 RORB CUX2",0.112388788861821,4.27206910482085,8.27422966982162,0.00435460933982019,0.0147530215668971,0.0147530215668971,"gpath_trio"
"16860","WNT9B","Exc L3-4 RORB CUX2",0.121146692454948,1.50897283742879,4.36791195815569,0.0375935356175579,0.0877327450646884,0.0877327450646884,"gpath_trio"
"16861","AC005670.1","Exc L3-4 RORB CUX2",0.114741731394066,0.551504255252059,2.55652914905202,0.111053940347917,0.207531793860618,0.207531793860618,"gpath_trio"
"16862","AC005670.2","Exc L3-4 RORB CUX2",0.0669054084758836,6.11878839869875,4.63112836348707,0.0323177444170502,0.0774083454367787,0.0774083454367787,"gpath_trio"
"16863","RPRML","Exc L3-4 RORB CUX2",-0.223267786265638,4.73882350557707,29.1066042461101,1.54109439168961e-07,1.98035537276037e-06,1.98035537276037e-06,"gpath_trio"
"16864","CDC27","Exc L3-4 RORB CUX2",-0.00675281272153706,7.28197799742531,0.214466924365578,0.643675959575861,0.765287434995757,0.765287434995757,"gpath_trio"
"16865","AC068234.1","Exc L3-4 RORB CUX2",-0.165549331372873,-0.721153159225592,2.058455568873,0.152565220523465,0.264751705148883,0.264751705148883,"gpath_trio"
"16866","AC068234.3","Exc L3-4 RORB CUX2",0.0044555861607054,-1.37442318774093,0.00153460059159769,0.968781741727032,0.983812968320882,0.983812968320882,"gpath_trio"
"16867","AC068234.2","Exc L3-4 RORB CUX2",0.132836681571391,1.04194807692139,4.22987716236756,0.0407161620191776,0.0936017056445885,0.0936017056445885,"gpath_trio"
"16868","EFCAB13","Exc L3-4 RORB CUX2",-0.152345933821567,1.84578391604768,6.54266140084717,0.0110995408445067,0.0322113401234067,0.0322113401234067,"gpath_trio"
"16869","AC040934.1","Exc L3-4 RORB CUX2",0.199860467066819,3.15100182169706,23.997515922581,1.69761489264844e-06,1.66339875955232e-05,1.66339875955232e-05,"gpath_trio"
"16870","NPEPPS","Exc L3-4 RORB CUX2",0.0191835129181855,7.38087899530519,1.72873921928798,0.189730490224951,0.312729790873234,0.312729790873234,"gpath_trio"
"16871","AC025682.1","Exc L3-4 RORB CUX2",0.0776484345762038,4.69727194016562,8.44630042609916,0.00397306168243442,0.0136622668217342,0.0136622668217342,"gpath_trio"
"16872","KPNB1","Exc L3-4 RORB CUX2",-0.0358560572781735,6.54249609194651,4.52447101754817,0.0343549643252931,0.0814371290403933,0.0814371290403933,"gpath_trio"
"16873","TBKBP1","Exc L3-4 RORB CUX2",0.0152503474004791,3.74459016961029,0.317664090488785,0.573500602466832,0.707694259769548,0.707694259769548,"gpath_trio"
"16874","OSBPL7","Exc L3-4 RORB CUX2",0.0392051461696154,3.72989831398913,2.20897675677038,0.138421198131172,0.245853303309833,0.245853303309833,"gpath_trio"
"16875","MRPL10","Exc L3-4 RORB CUX2",-0.0315872659803464,3.31285931110153,0.891673021406807,0.345900972333574,0.493009686812423,0.493009686812423,"gpath_trio"
"16876","SCRN2","Exc L3-4 RORB CUX2",-0.0715819361700807,3.6294444725046,3.7395882623163,0.0542228267805095,0.117489585468455,0.117489585468455,"gpath_trio"
"16877","SP2","Exc L3-4 RORB CUX2",0.0719692476937602,3.16795276694257,5.73257515489353,0.0173618657302687,0.0466870220426022,0.0466870220426022,"gpath_trio"
"16878","SP2-AS1","Exc L3-4 RORB CUX2",-0.191634088559078,2.24524751183272,19.3683325900875,1.57442796187325e-05,0.000117950553771975,0.000117950553771975,"gpath_trio"
"16879","PNPO","Exc L3-4 RORB CUX2",-0.0751717245171293,3.33147360589161,4.68136087177724,0.0314026227757633,0.0755411712589125,0.0755411712589125,"gpath_trio"
"16880","AC018521.2","Exc L3-4 RORB CUX2",-0.327080428208782,-0.0122874558475582,11.4580279645386,0.00082182776595659,0.00358262212147239,0.00358262212147239,"gpath_trio"
"16881","CDK5RAP3","Exc L3-4 RORB CUX2",-0.0984796826574167,5.02694474950368,10.3058554335187,0.00149278747094017,0.00594844701288129,0.00594844701288129,"gpath_trio"
"16882","NFE2L1","Exc L3-4 RORB CUX2",-0.114863718568975,5.76234105312661,23.4466318796929,2.20662251829097e-06,2.0842045555487e-05,2.0842045555487e-05,"gpath_trio"
"16883","AC004477.3","Exc L3-4 RORB CUX2",-0.0701730326791522,-0.66281704932552,0.431591265266528,0.511790240615526,0.653341477320311,0.653341477320311,"gpath_trio"
"16884","CBX1","Exc L3-4 RORB CUX2",-0.0358378542644838,4.91348203588887,2.18353256105726,0.140704235643009,0.248878480983492,0.248878480983492,"gpath_trio"
"16885","SNX11","Exc L3-4 RORB CUX2",-0.0419755706505044,2.86161480953803,1.8143783033281,0.776240593518989,0.868059086206175,0.868059086206175,"gpath_trio"
"16886","SKAP1","Exc L3-4 RORB CUX2",-0.120366568874617,2.20707644108178,2.00241661672599,0.158245192566683,0.272289702348216,0.272289702348216,"gpath_trio"
"16887","SKAP1-AS1","Exc L3-4 RORB CUX2",-0.0456712521249427,-0.993981916469394,0.110993540645907,0.739284315133639,0.840901001173884,0.840901001173884,"gpath_trio"
"16888","LINC02086","Exc L3-4 RORB CUX2",-0.203534861792134,-0.454373161536659,4.20577346057332,0.0412889609139144,0.0946374413953989,0.0946374413953989,"gpath_trio"
"16889","TTLL6","Exc L3-4 RORB CUX2",0.0251645495937252,1.34904722790361,0.144760454397876,0.908716117844326,0.953279191227761,0.953279191227761,"gpath_trio"
"16890","CALCOCO2","Exc L3-4 RORB CUX2",0.0294975176891043,5.57418928300137,2.68033089743545,0.1028043198368,0.195262394342632,0.195262394342632,"gpath_trio"
"16891","ATP5MC1","Exc L3-4 RORB CUX2",-0.244449241263919,4.72585333954004,58.74788407753,3.56917350190479e-13,1.84163875705701e-11,1.84163875705701e-11,"gpath_trio"
"16892","UBE2Z","Exc L3-4 RORB CUX2",0.0259697036185415,5.50925482895806,1.34574342409816,0.24708774312151,0.382289809326576,0.382289809326576,"gpath_trio"
"16893","SNF8","Exc L3-4 RORB CUX2",-0.0619299230560414,4.80967466549986,7.30418957407165,0.00733245285619195,0.0228263884330226,0.0228263884330226,"gpath_trio"
"16894","AC091133.1","Exc L3-4 RORB CUX2",0.0202579616509293,2.35705548456775,0.27280981909986,0.820691536169878,0.897270296881982,0.897270296881982,"gpath_trio"
"16895","B4GALNT2","Exc L3-4 RORB CUX2",-0.22802372748856,-0.240646541506447,6.79059031779392,0.00969237222754124,0.0288497506182716,0.0288497506182716,"gpath_trio"
"16896","GNGT2","Exc L3-4 RORB CUX2",-0.173469717186228,-1.12810007161855,1.71739547110712,0.191185079904594,0.314356885662199,0.314356885662199,"gpath_trio"
"16897","PHOSPHO1","Exc L3-4 RORB CUX2",-0.131553015959086,-0.281259091913954,1.53173582503609,0.216968580572027,0.34630863236081,0.34630863236081,"gpath_trio"
"16898","ZNF652","Exc L3-4 RORB CUX2",0.00919168429625732,6.04004378365385,0.278898353487112,0.597874614750288,0.727466398443222,0.727466398443222,"gpath_trio"
"16899","AC091180.2","Exc L3-4 RORB CUX2",0.0614778953387015,0.398581987128747,0.684602615630296,0.408765057925964,0.557068025105128,0.557068025105128,"gpath_trio"
"16900","AC091180.5","Exc L3-4 RORB CUX2",-0.0137338904832551,1.50655108914917,0.0752341633991822,0.784080741132684,0.873435459862523,0.873435459862523,"gpath_trio"
"16901","PHB","Exc L3-4 RORB CUX2",-0.116532755127855,3.72066624743324,16.6892311658398,5.86867209896401e-05,0.000369308981898312,0.000369308981898312,"gpath_trio"
"16902","AC006487.1","Exc L3-4 RORB CUX2",-0.16651624759278,-0.313934651878807,3.0089994591388,0.0839884689972012,0.16672905264376,0.16672905264376,"gpath_trio"
"16903","NXPH3","Exc L3-4 RORB CUX2",-0.0933395930221836,0.0362242390515298,0.82929452729213,0.363320062548033,0.511137873669927,0.511137873669927,"gpath_trio"
"16904","SPOP","Exc L3-4 RORB CUX2",0.0391990212679432,6.11898342454816,6.15059315919127,0.013770600730543,0.038623921832157,0.038623921832157,"gpath_trio"
"16905","SLC35B1","Exc L3-4 RORB CUX2",-0.212102113549562,3.96416537124994,70.2891697924309,3.26844365072469e-15,2.89214257251625e-13,2.89214257251625e-13,"gpath_trio"
"16906","AC015795.1","Exc L3-4 RORB CUX2",0.00224499774754768,0.155795803404295,0.000774823143504438,0.977814589028849,0.988396679876598,0.988396679876598,"gpath_trio"
"16907","FAM117A","Exc L3-4 RORB CUX2",0.106109487737916,3.61948368401325,9.95728786823543,0.00179065101821827,0.00693537805577916,0.00693537805577916,"gpath_trio"
"16908","KAT7","Exc L3-4 RORB CUX2",0.0076364886107445,4.65513764911948,0.126132347069155,0.722764274279017,0.828274310342469,0.828274310342469,"gpath_trio"
"16909","TAC4","Exc L3-4 RORB CUX2",-0.427621091536576,1.98824510802262,42.4977836933799,3.65792612684269e-10,8.89140477217486e-09,8.89140477217486e-09,"gpath_trio"
"16910","FLJ45513","Exc L3-4 RORB CUX2",-0.0264378731291947,-0.62107924312874,0.0572269918422744,0.907377057753117,0.952718408200494,0.952718408200494,"gpath_trio"
"16911","AC027801.1","Exc L3-4 RORB CUX2",-0.202955098464047,3.04012562140292,15.4600498269817,0.000108130993226088,0.00062294197268313,0.00062294197268313,"gpath_trio"
"16912","AC027801.3","Exc L3-4 RORB CUX2",-0.0421950209818616,1.69676169520182,0.330223395269131,0.566024439681182,0.701273831403086,0.701273831403086,"gpath_trio"
"16913","DLX4","Exc L3-4 RORB CUX2",-0.210828988554032,-0.193513237912321,2.81081810840238,0.0948324955306963,0.182928157312534,0.182928157312534,"gpath_trio"
"16914","AC009720.2","Exc L3-4 RORB CUX2",-0.111487874372494,-0.479270264564703,1.03045936868067,0.310994473322473,0.455528988036905,0.455528988036905,"gpath_trio"
"16915","AC009720.1","Exc L3-4 RORB CUX2",-0.124678076561454,0.644202832359556,3.07745216174065,0.0805628410345005,0.161253844838875,0.161253844838875,"gpath_trio"
"16916","ITGA3","Exc L3-4 RORB CUX2",-0.00531749875252894,5.48562513609192,0.0591613892851657,0.80801812539651,0.889106391048519,0.889106391048519,"gpath_trio"
"16917","PDK2","Exc L3-4 RORB CUX2",-0.0571765861397271,4.97356927677616,4.99706336216172,0.0262396593393766,0.065155092575006,0.065155092575006,"gpath_trio"
"16918","SAMD14","Exc L3-4 RORB CUX2",-0.12447824583081,4.08752545334594,6.97414108700456,0.00877010438118029,0.0265153388116758,0.0265153388116758,"gpath_trio"
"16919","PPP1R9B","Exc L3-4 RORB CUX2",-0.0715692167776368,4.47558803578763,8.08185509201418,0.0048259276402708,0.0160983945341375,0.0160983945341375,"gpath_trio"
"16920","AC015909.2","Exc L3-4 RORB CUX2",0.116540431559442,0.83994998668902,3.18262587780234,0.0755911718418647,0.153611189757214,0.153611189757214,"gpath_trio"
"16921","COL1A1","Exc L3-4 RORB CUX2",-0.00346406578382411,-0.50736319916726,0.000272214377164292,0.986849016501155,0.993375574541823,0.993375574541823,"gpath_trio"
"16922","TMEM92-AS1","Exc L3-4 RORB CUX2",-0.195142994689325,-0.730188721143018,2.26781300249241,0.133300069891288,0.23915775100549,0.23915775100549,"gpath_trio"
"16923","XYLT2","Exc L3-4 RORB CUX2",0.0287706501202097,3.27832646278612,0.474205431859856,0.491672784026984,0.635376532010274,0.635376532010274,"gpath_trio"
"16924","MRPL27","Exc L3-4 RORB CUX2",-0.203151394129747,3.74750849858896,42.5027144267951,3.65001010897755e-10,8.88286537377829e-09,8.88286537377829e-09,"gpath_trio"
"16925","EME1","Exc L3-4 RORB CUX2",-0.112386891147351,-1.23308993799133,0.300010197867866,0.584345914112804,0.716580283079614,0.716580283079614,"gpath_trio"
"16926","LRRC59","Exc L3-4 RORB CUX2",-0.0769989969899086,3.21183641963221,7.10507214707831,0.00816788154611935,0.0249790829457265,0.0249790829457265,"gpath_trio"
"16927","CHAD","Exc L3-4 RORB CUX2",0.160647361581822,1.14037580005913,1.94140794486979,0.164705701351098,0.280274757486371,0.280274757486371,"gpath_trio"
"16928","RSAD1","Exc L3-4 RORB CUX2",-0.0259426046958577,4.79451285328761,1.24420711327431,0.265691655903628,0.404278539697993,0.404278539697993,"gpath_trio"
"16929","AC021491.1","Exc L3-4 RORB CUX2",-0.396826129192897,-0.090264918022476,17.7344108926002,3.50356274549748e-05,0.000236086768171048,0.000236086768171048,"gpath_trio"
"16930","MYCBPAP","Exc L3-4 RORB CUX2",0.0713336007614607,2.23058628274767,1.84848467357674,0.175137623871316,0.294109149515507,0.294109149515507,"gpath_trio"
"16931","EPN3","Exc L3-4 RORB CUX2",-0.0702450964397548,1.71842570544189,1.21258504612714,0.271839123630121,0.411389027995531,0.411389027995531,"gpath_trio"
"16932","SPATA20","Exc L3-4 RORB CUX2",-0.0922177725239228,4.06188236487112,7.79065316992493,0.00564114086333423,0.0184367433853504,0.0184367433853504,"gpath_trio"
"16933","CACNA1G","Exc L3-4 RORB CUX2",0.0688563357031889,5.14229816569578,2.4871224667242,0.115997280562412,0.214563595429235,0.214563595429235,"gpath_trio"
"16934","ABCC3","Exc L3-4 RORB CUX2",-0.0484073450121951,2.24719683124008,0.595363844575961,0.441053102060642,0.587925096403928,0.587925096403928,"gpath_trio"
"16935","ANKRD40","Exc L3-4 RORB CUX2",-0.067148964612893,4.29236047929954,6.00625165401884,0.0149144772841398,0.0412983227021026,0.0412983227021026,"gpath_trio"
"16936","AC005921.2","Exc L3-4 RORB CUX2",-0.46588988596022,1.42638319984677,43.5508239872931,2.30513504268567e-10,5.95587488159576e-09,5.95587488159576e-09,"gpath_trio"
"16937","LUC7L3","Exc L3-4 RORB CUX2",-0.0630795817542548,7.90296115247822,5.87811139709412,0.0160124628033123,0.0436706732743594,0.0436706732743594,"gpath_trio"
"16938","TOB1","Exc L3-4 RORB CUX2",0.0774369658339024,3.92967401055633,4.67875124568221,0.0314494877227973,0.0756159474207407,0.0756159474207407,"gpath_trio"
"16939","AC005920.1","Exc L3-4 RORB CUX2",-0.0984707502665672,-0.870533768851389,0.729461801840245,0.39384390077297,0.541968535440602,0.541968535440602,"gpath_trio"
"16940","SPAG9","Exc L3-4 RORB CUX2",0.0340505971365811,7.09870087432532,8.83474551300191,0.00323257119550413,0.0114778465099077,0.0114778465099077,"gpath_trio"
"16941","AC005920.2","Exc L3-4 RORB CUX2",-0.322593494549297,2.64805689642915,61.3872463439834,1.20097160546676e-13,7.04348899427087e-12,7.04348899427087e-12,"gpath_trio"
"16942","NME1-NME2","Exc L3-4 RORB CUX2",-0.0033733526468777,0.955025363517766,0.00306948813623311,0.955859984940668,0.977964156203559,0.977964156203559,"gpath_trio"
"16943","MBTD1","Exc L3-4 RORB CUX2",0.1055074448043,6.37382793342818,59.3453648950067,2.78685924102794e-13,1.48350620548123e-11,1.48350620548123e-11,"gpath_trio"
"16944","UTP18","Exc L3-4 RORB CUX2",-0.00963891429510227,4.61595088899425,0.226607278109546,0.634450711626005,0.757354186560242,0.757354186560242,"gpath_trio"
"16945","LINC02071","Exc L3-4 RORB CUX2",-0.150225676912977,-0.547451362015429,2.34956612252193,0.165842698806148,0.281734291715563,0.281734291715563,"gpath_trio"
"16946","LINC02072","Exc L3-4 RORB CUX2",0.163742455093491,-1.20162544439599,1.34793895412841,0.246703555058033,0.381807626825392,0.381807626825392,"gpath_trio"
"16947","LINC02073","Exc L3-4 RORB CUX2",0.119222003203732,-1.12464137347029,0.582230188284403,0.446131225426558,0.5925019730749,0.5925019730749,"gpath_trio"
"16948","CA10","Exc L3-4 RORB CUX2",0.0575712188294846,9.23802957691002,8.79182429559504,0.00330692564933496,0.0117088846920556,0.0117088846920556,"gpath_trio"
"16949","LINC01982","Exc L3-4 RORB CUX2",0.0570006125703022,0.778328443277835,0.714646210734245,0.500519082070853,0.64335297998671,0.64335297998671,"gpath_trio"
"16950","TOM1L1","Exc L3-4 RORB CUX2",-0.0281949046480566,6.38968854577347,1.40135608602,0.237577775639707,0.370841905108789,0.370841905108789,"gpath_trio"
"16951","COX11","Exc L3-4 RORB CUX2",-0.0645483705562024,5.19687152905002,9.30963073558841,0.00251545638195333,0.00929304751985138,0.00929304751985138,"gpath_trio"
"16952","STXBP4","Exc L3-4 RORB CUX2",0.0772760573876831,4.97998078180048,8.90244806385189,0.0031187466681769,0.0111462735217837,0.0111462735217837,"gpath_trio"
"16953","HLF","Exc L3-4 RORB CUX2",0.00246615558733369,6.59400317560959,0.013170429707627,0.908721953194166,0.953279191227761,0.953279191227761,"gpath_trio"
"16954","MMD","Exc L3-4 RORB CUX2",-0.0378254863952441,4.52215630875196,1.72002471330734,0.388682826586218,0.536487836483741,0.536487836483741,"gpath_trio"
"16955","SMIM36","Exc L3-4 RORB CUX2",0.211270795497195,-0.574380663734543,2.88750014458193,0.0904653848428718,0.176576830178541,0.176576830178541,"gpath_trio"
"16956","PCTP","Exc L3-4 RORB CUX2",-0.0122656149168757,3.86271588486823,0.134568794002841,0.714039569431312,0.821542532835856,0.821542532835856,"gpath_trio"
"16957","AC090618.1","Exc L3-4 RORB CUX2",-0.321327834243236,-0.564421663341193,9.50515473059682,0.00226956503869958,0.00850612570235259,0.00850612570235259,"gpath_trio"
"16958","ANKFN1","Exc L3-4 RORB CUX2",-0.0263222348878511,4.29586131840874,0.231135623442862,0.631087343292164,0.754544693073332,0.754544693073332,"gpath_trio"
"16959","C17orf67","Exc L3-4 RORB CUX2",0.145041945418011,3.87121838553947,15.5196815416312,0.000104959979102914,0.000608671336131445,0.000608671336131445,"gpath_trio"
"16960","DGKE","Exc L3-4 RORB CUX2",0.0520774690436632,6.04063603118137,7.06796472993496,0.00833410208671052,0.0254180664549334,0.0254180664549334,"gpath_trio"
"16961","TRIM25","Exc L3-4 RORB CUX2",0.0886128516494449,2.58452672765357,3.28844012527379,0.0709221870710576,0.145856791453475,0.145856791453475,"gpath_trio"
"16962","COIL","Exc L3-4 RORB CUX2",-0.0738983202146406,3.89764070575546,6.1661208362043,0.0136530823697804,0.0383636402242785,0.0383636402242785,"gpath_trio"
"16963","SCPEP1","Exc L3-4 RORB CUX2",-0.0573891498380351,6.33716635531237,4.70333364286404,0.0310109200369287,0.0748296282827349,0.0748296282827349,"gpath_trio"
"16964","AC007114.1","Exc L3-4 RORB CUX2",0.0199693399573539,1.00969544981797,0.0898405543479712,0.971141732567348,0.985007513676851,0.985007513676851,"gpath_trio"
"16965","AKAP1","Exc L3-4 RORB CUX2",0.0505017707521809,4.77125366057646,6.01450689833197,0.0148464742072912,0.0411326032864734,0.0411326032864734,"gpath_trio"
"16966","AC007114.2","Exc L3-4 RORB CUX2",-0.283656640747105,0.929367035085924,13.0529576880631,0.00036341116926347,0.00178259672742293,0.00178259672742293,"gpath_trio"
"16967","MSI2","Exc L3-4 RORB CUX2",0.0962425643777397,6.21147167965133,17.7731225958777,3.43747954093446e-05,0.000232176597717954,0.000232176597717954,"gpath_trio"
"16968","AC015845.2","Exc L3-4 RORB CUX2",0.119822180145007,2.9794222237788,5.44546054159063,0.0203818995675857,0.0531153252634293,0.0531153252634293,"gpath_trio"
"16969","MRPS23","Exc L3-4 RORB CUX2",-0.103490935788327,4.0740964330504,23.3969289975888,2.25953477822774e-06,2.1297220288015e-05,2.1297220288015e-05,"gpath_trio"
"16970","CUEDC1","Exc L3-4 RORB CUX2",-0.00572230320537941,2.45284223708255,0.0025088373821617,0.960090482675696,0.979750116174416,0.979750116174416,"gpath_trio"
"16971","VEZF1","Exc L3-4 RORB CUX2",-0.00622646264001624,2.68976815195791,0.016925311174584,0.896590027457658,0.946656050029215,0.946656050029215,"gpath_trio"
"16972","AC015813.2","Exc L3-4 RORB CUX2",0.0762526252676644,4.26731380210789,8.45180786628307,0.00396143154996678,0.0136269192703461,0.0136269192703461,"gpath_trio"
"16973","SRSF1","Exc L3-4 RORB CUX2",-0.0696967054783583,1.4203395181659,1.26336440080585,0.696054200854639,0.807619824145523,0.807619824145523,"gpath_trio"
"16974","DYNLL2","Exc L3-4 RORB CUX2",-0.169861865970439,5.83037552607725,31.0412238435491,6.30315942732839e-08,8.88032412334848e-07,8.88032412334848e-07,"gpath_trio"
"16975","EPX","Exc L3-4 RORB CUX2",-0.379439120284259,1.05197262562282,28.6098553577402,1.94116984960831e-07,2.41779438209385e-06,2.41779438209385e-06,"gpath_trio"
"16976","AC005962.1","Exc L3-4 RORB CUX2",-0.0444823283683797,0.583593807184138,0.461427619625501,0.497561777957639,0.6407703862055,0.6407703862055,"gpath_trio"
"16977","MKS1","Exc L3-4 RORB CUX2",-0.0318198265711936,3.24902085779713,0.986151119637833,0.321608156545067,0.467097009451928,0.467097009451928,"gpath_trio"
"16978","LPO","Exc L3-4 RORB CUX2",0.0108527235723986,0.67614577558369,0.02457656793667,0.978678985899432,0.988775028319947,0.988775028319947,"gpath_trio"
"16979","MPO","Exc L3-4 RORB CUX2",-0.316054957861639,-0.0549512272435035,12.3960688397361,0.000507891586643143,0.00237412251170653,0.00237412251170653,"gpath_trio"
"16980","TSPOAP1","Exc L3-4 RORB CUX2",0.0729752166495086,6.10957787635654,14.0138836363288,0.000223412492438325,0.00117531865317945,0.00117531865317945,"gpath_trio"
"16981","TSPOAP1-AS1","Exc L3-4 RORB CUX2",0.074025481572503,3.53607182864569,5.98284342300009,0.0151090653171991,0.0417397497979587,0.0417397497979587,"gpath_trio"
"16982","SUPT4H1","Exc L3-4 RORB CUX2",-0.134925423525278,2.91555967915122,14.0608006362249,0.0002181880592163,0.00115203980494343,0.00115203980494343,"gpath_trio"
"16983","RNF43","Exc L3-4 RORB CUX2",-0.0445523086946596,0.890000882672759,0.201575237315977,0.653826330645174,0.773481073106977,0.773481073106977,"gpath_trio"
"16984","HSF5","Exc L3-4 RORB CUX2",-0.0277512062563999,2.05973844874212,0.315113039598021,0.575042931757631,0.708836917466079,0.708836917466079,"gpath_trio"
"16985","MTMR4","Exc L3-4 RORB CUX2",-0.0875216504111301,5.42432188307474,24.1475844818899,1.58076904635507e-06,1.56410080972111e-05,1.56410080972111e-05,"gpath_trio"
"16986","SEPT4-AS1","Exc L3-4 RORB CUX2",-0.155593529116488,1.29124830561179,4.62442083828988,0.0324420434901752,0.0776323363081822,0.0776323363081822,"gpath_trio"
"16987","SEPT4","Exc L3-4 RORB CUX2",-0.0341927759067241,3.43918286626781,0.698660980932212,0.404001455164112,0.552398235623704,0.552398235623704,"gpath_trio"
"16988","TEX14","Exc L3-4 RORB CUX2",-0.0506795529531697,2.02594301816661,1.26634018216385,0.261492077181072,0.399666867964252,0.399666867964252,"gpath_trio"
"16989","RAD51C","Exc L3-4 RORB CUX2",-0.0498837950476163,4.99948403617345,3.9703022964039,0.047354906576429,0.105532446722573,0.105532446722573,"gpath_trio"
"16990","PPM1E","Exc L3-4 RORB CUX2",0.0986053582036613,7.98221282644668,29.5576742414847,1.25027262546049e-07,1.6422037902777e-06,1.6422037902777e-06,"gpath_trio"
"16991","TRIM37","Exc L3-4 RORB CUX2",-0.041695776481693,6.98711335595345,6.69313213714559,0.0102221583797905,0.0301389255633282,0.0301389255633282,"gpath_trio"
"16992","AC099850.1","Exc L3-4 RORB CUX2",0.0503643304199248,2.95812522139789,1.97604620608423,0.161001377109283,0.275504901033061,0.275504901033061,"gpath_trio"
"16993","SKA2","Exc L3-4 RORB CUX2",-0.0523884709813404,3.69786561271863,3.64460384137095,0.0573519899430751,0.122818851194304,0.122818851194304,"gpath_trio"
"16994","PRR11","Exc L3-4 RORB CUX2",0.0603546303805998,1.4794017434005,1.25559370522357,0.435123203292891,0.582483619297597,0.582483619297597,"gpath_trio"
"16995","AC099850.2","Exc L3-4 RORB CUX2",0.0506655304863128,0.147289270806672,0.313701650905631,0.575899770814481,0.709370405774599,0.709370405774599,"gpath_trio"
"16996","GDPD1","Exc L3-4 RORB CUX2",0.00235896410422853,6.52609981350336,0.0137328176915578,0.906802254963968,0.952404367426626,0.952404367426626,"gpath_trio"
"16997","YPEL2","Exc L3-4 RORB CUX2",0.0333978187895146,6.09566823359139,2.87465266088553,0.0911814701346612,0.17760051747121,0.17760051747121,"gpath_trio"
"16998","AC091059.1","Exc L3-4 RORB CUX2",-0.0947580078761641,-0.332968395541847,1.0010110834843,0.317996185934317,0.463318628672264,0.463318628672264,"gpath_trio"
"16999","LINC01476","Exc L3-4 RORB CUX2",0.0659097883299612,4.48306501471439,2.06114981727972,0.152298051661021,0.264447301167148,0.264447301167148,"gpath_trio"
"17000","DHX40","Exc L3-4 RORB CUX2",0.0477401988781525,4.49695605720039,5.71885109936073,0.0174950646487373,0.0469615392879556,0.0469615392879556,"gpath_trio"
"17001","AC091271.1","Exc L3-4 RORB CUX2",0.0619062258243382,2.02976663000585,1.15871004697752,0.282730995561434,0.423907389673895,0.423907389673895,"gpath_trio"
"17002","CLTC","Exc L3-4 RORB CUX2",-0.0642294728461058,7.28890435807597,15.7501965940934,9.35629709335587e-05,0.00055074328113382,0.00055074328113382,"gpath_trio"
"17003","PTRH2","Exc L3-4 RORB CUX2",-0.0811228725503273,4.16565938306322,11.1719246791594,0.000952535006461648,0.00407061930848628,0.00407061930848628,"gpath_trio"
"17004","VMP1","Exc L3-4 RORB CUX2",0.00872995072935953,6.59898310835994,0.313477002502018,0.576036386142799,0.709495365716177,0.709495365716177,"gpath_trio"
"17005","TUBD1","Exc L3-4 RORB CUX2",0.0586884301228725,4.00786070172435,3.87449494307012,0.0500873846511221,0.110450648741544,0.110450648741544,"gpath_trio"
"17006","RPS6KB1","Exc L3-4 RORB CUX2",0.0777801759087681,5.51111843093673,18.2634769206799,2.7018195517848e-05,0.000187510180451525,0.000187510180451525,"gpath_trio"
"17007","AC005702.1","Exc L3-4 RORB CUX2",-0.0788916910832107,1.8511123808102,2.76737365724476,0.0974086794327011,0.186914600300052,0.186914600300052,"gpath_trio"
"17008","RNFT1","Exc L3-4 RORB CUX2",-0.0520802862965471,4.21554879279129,3.60702128694658,0.0586428648903863,0.12509196438608,0.12509196438608,"gpath_trio"
"17009","RNFT1-DT","Exc L3-4 RORB CUX2",-0.226045646068615,0.806033482719393,10.6126556752184,0.00127258744237979,0.00520779952332905,0.00520779952332905,"gpath_trio"
"17010","HEATR6","Exc L3-4 RORB CUX2",0.017387256389594,4.11995816093688,0.470613758032514,0.493316200257599,0.636969877772612,0.636969877772612,"gpath_trio"
"17011","AC025048.4","Exc L3-4 RORB CUX2",0.0524931291082864,0.627460351842034,0.436441760051369,0.603946170403478,0.732440586751692,0.732440586751692,"gpath_trio"
"17012","CA4","Exc L3-4 RORB CUX2",-0.0436089865507654,4.92647813006024,0.726606300228264,0.39476992544089,0.542946570711702,0.542946570711702,"gpath_trio"
"17013","USP32","Exc L3-4 RORB CUX2",0.0244448712357816,6.75373104043922,2.16125519483035,0.142738074085683,0.251549671967038,0.251549671967038,"gpath_trio"
"17014","C17orf64","Exc L3-4 RORB CUX2",-0.0890644534248734,-0.861299966443255,0.631653515618957,0.427474296339943,0.575451653343454,0.575451653343454,"gpath_trio"
"17015","APPBP2","Exc L3-4 RORB CUX2",0.00855772190478816,6.36496316771334,0.444797798606316,0.505407219497497,0.64781389157319,0.64781389157319,"gpath_trio"
"17016","AC011921.1","Exc L3-4 RORB CUX2",-0.022902524114634,-0.27501819358599,0.0643082496755577,0.800012178782983,0.883428883795658,0.883428883795658,"gpath_trio"
"17017","PPM1D","Exc L3-4 RORB CUX2",0.0355959306953149,4.78137496946811,2.32770868388155,0.128304283552492,0.23203385313596,0.23203385313596,"gpath_trio"
"17018","BCAS3","Exc L3-4 RORB CUX2",0.10499150769611,8.45095874673068,44.9345143234591,1.26007061449789e-10,3.45406584884442e-09,3.45406584884442e-09,"gpath_trio"
"17019","AC005884.1","Exc L3-4 RORB CUX2",-0.236286652912795,1.49557884887113,16.49733724819,6.45406093247478e-05,0.000401018414883519,0.000401018414883519,"gpath_trio"
"17020","AC005746.2","Exc L3-4 RORB CUX2",-0.348183161849371,0.996151848812633,22.0352198672318,4.33490250693226e-06,3.78600251417136e-05,3.78600251417136e-05,"gpath_trio"
"17021","NACA2","Exc L3-4 RORB CUX2",-0.369218815633863,2.01606306151762,38.7632019492915,1.90984991010429e-09,3.95597761153531e-08,3.95597761153531e-08,"gpath_trio"
"17022","BRIP1","Exc L3-4 RORB CUX2",0.0685058319449387,3.21207515783519,2.19999485683962,0.139222312564326,0.246884957017252,0.246884957017252,"gpath_trio"
"17023","INTS2","Exc L3-4 RORB CUX2",-0.0216866881652533,4.68511233580515,1.31254123057375,0.252988434331122,0.389649527873938,0.389649527873938,"gpath_trio"
"17024","MED13","Exc L3-4 RORB CUX2",0.0501206571980933,6.93873093862555,10.8944162465854,0.00109956474644159,0.00459480504545548,0.00459480504545548,"gpath_trio"
"17025","EFCAB3","Exc L3-4 RORB CUX2",-0.125749419916717,1.57171481198998,6.51824630829883,0.0566276433570493,0.121642110810101,0.121642110810101,"gpath_trio"
"17026","METTL2A","Exc L3-4 RORB CUX2",0.00729672815001788,3.43592536957388,0.0785927521146363,0.779436528354496,0.870330526873587,0.870330526873587,"gpath_trio"
"17027","TLK2","Exc L3-4 RORB CUX2",0.0357264238877808,6.1676011788798,6.13933377005616,0.0138564700878587,0.0387946550128433,0.0387946550128433,"gpath_trio"
"17028","AC080038.2","Exc L3-4 RORB CUX2",0.241091576773119,-0.803391463078942,4.15435607723787,0.0425394984037816,0.0968115488207888,0.0968115488207888,"gpath_trio"
"17029","MRC2","Exc L3-4 RORB CUX2",0.0734294975470294,1.72753217774785,2.26692485316739,0.133375772952218,0.239272294087764,0.239272294087764,"gpath_trio"
"17030","AC005821.1","Exc L3-4 RORB CUX2",-0.10197943614066,0.626501986880864,1.71806682022597,0.191098630980706,0.31426596674566,0.31426596674566,"gpath_trio"
"17031","MARCH10","Exc L3-4 RORB CUX2",-0.0214606032320159,2.379714166973,0.276132724767058,0.599695082963447,0.728978026076251,0.728978026076251,"gpath_trio"
"17032","AC068512.1","Exc L3-4 RORB CUX2",-0.00275368414456985,0.145457056625468,0.00145152164506494,0.969638111420061,0.984274158384893,0.984274158384893,"gpath_trio"
"17033","AC005972.4","Exc L3-4 RORB CUX2",0.0318095817788475,3.49648640289215,0.555611526824946,0.456707135831344,0.602456090199329,0.602456090199329,"gpath_trio"
"17034","TANC2","Exc L3-4 RORB CUX2",0.072903643396001,9.23424855871588,25.4153281158932,8.67247173287851e-07,9.1033879922385e-06,9.1033879922385e-06,"gpath_trio"
"17035","AC006270.1","Exc L3-4 RORB CUX2",-0.467717277316586,1.01168366073869,40.5883593104779,8.4902405798562e-10,1.90322892998443e-08,1.90322892998443e-08,"gpath_trio"
"17036","AC015923.1","Exc L3-4 RORB CUX2",-0.499324951694773,4.31419291398806,118.183218510024,6.1402561865534e-23,4.42427387727553e-20,4.42427387727553e-20,"gpath_trio"
"17037","AC005828.1","Exc L3-4 RORB CUX2",-0.332894785663758,-0.287383360909867,9.19821631440974,0.00266758565535941,0.00976760164465492,0.00976760164465492,"gpath_trio"
"17038","AC005828.3","Exc L3-4 RORB CUX2",-0.230004957284022,1.17357168919167,11.41568852938,0.000839955065655198,0.00364824401498248,0.00364824401498248,"gpath_trio"
"17039","CYB561","Exc L3-4 RORB CUX2",-0.0598372232045246,5.02351343917064,1.47710026922357,0.22533118187696,0.355967159530785,0.355967159530785,"gpath_trio"
"17040","ACE","Exc L3-4 RORB CUX2",0.128152158950557,1.44873961486238,5.66821225055731,0.0179957966993001,0.0480117956107353,0.0480117956107353,"gpath_trio"
"17041","KCNH6","Exc L3-4 RORB CUX2",-0.0149108790514914,1.27200406344841,0.0689604879164777,0.793064315479537,0.879559813358236,0.879559813358236,"gpath_trio"
"17042","DCAF7","Exc L3-4 RORB CUX2",0.0260734110188248,6.02123037720805,3.47691348949041,0.0633573626949749,0.133302199642415,0.133302199642415,"gpath_trio"
"17043","TACO1","Exc L3-4 RORB CUX2",-0.0737262733269284,2.73887479967837,3.95234128110822,0.0478548480431939,0.106388050608423,0.106388050608423,"gpath_trio"
"17044","MAP3K3","Exc L3-4 RORB CUX2",0.0707472329052807,6.27899916718076,23.6923954398348,1.96282006750483e-06,1.88212428050903e-05,1.88212428050903e-05,"gpath_trio"
"17045","STRADA","Exc L3-4 RORB CUX2",-0.219358668649505,0.219500095506731,6.25166025767311,0.0130240470382365,0.0368941517827046,0.0368941517827046,"gpath_trio"
"17046","AC046185.1","Exc L3-4 RORB CUX2",-0.211988788167403,-0.491553193189242,4.52208730076716,0.0344020082575018,0.0815321762153834,0.0815321762153834,"gpath_trio"
"17047","CCDC47","Exc L3-4 RORB CUX2",-0.0539318712298427,4.11553876198652,4.84813714184993,0.0285544310256836,0.0697187033696195,0.0697187033696195,"gpath_trio"
"17048","DDX42","Exc L3-4 RORB CUX2",-0.00902588343380734,5.63332795862472,0.263888625500709,0.60789737946801,0.735845060944807,0.735845060944807,"gpath_trio"
"17049","FTSJ3","Exc L3-4 RORB CUX2",0.0665410607819218,2.09435788261241,2.01909158729005,0.156530214190685,0.269914279598041,0.269914279598041,"gpath_trio"
"17050","PSMC5","Exc L3-4 RORB CUX2",-0.19355088461771,3.77495116589851,50.186853540464,1.30864830895613e-11,4.77431819768352e-10,4.77431819768352e-10,"gpath_trio"
"17051","SMARCD2","Exc L3-4 RORB CUX2",0.0983540192714518,4.23694624414802,8.39423748119166,0.00408474724663664,0.013989097895246,0.013989097895246,"gpath_trio"
"17052","PRR29-AS1","Exc L3-4 RORB CUX2",0.125591558882495,-0.349750553969705,1.72220818714051,0.190566363379275,0.31367189207611,0.31367189207611,"gpath_trio"
"17053","ERN1","Exc L3-4 RORB CUX2",0.0202783462766033,3.52747521252504,0.51654517371012,0.47296452431184,0.617888964449354,0.617888964449354,"gpath_trio"
"17054","SNHG25","Exc L3-4 RORB CUX2",-0.158184079435247,3.00206366810785,11.5637502116336,0.000778282038010627,0.00342022941286877,0.00342022941286877,"gpath_trio"
"17055","TEX2","Exc L3-4 RORB CUX2",-0.0173310696869375,5.40297909602141,0.987667598014368,0.321237075714768,0.466625243181326,0.466625243181326,"gpath_trio"
"17056","PECAM1","Exc L3-4 RORB CUX2",0.00355393274870323,0.875663076024594,0.00286624082637589,0.985324875796142,0.99250733282676,0.99250733282676,"gpath_trio"
"17057","POLG2","Exc L3-4 RORB CUX2",-0.0283215451731668,3.38975933616715,1.04913906629965,0.306657460830812,0.450802555542235,0.450802555542235,"gpath_trio"
"17058","DDX5","Exc L3-4 RORB CUX2",-0.0397061796306334,7.2122593226579,3.82890677273595,0.0514459780772571,0.112866747249746,0.112866747249746,"gpath_trio"
"17059","CEP95","Exc L3-4 RORB CUX2",0.0818146252669349,5.5588292734432,18.1083136283246,2.91552256131032e-05,0.000201165074125977,0.000201165074125977,"gpath_trio"
"17060","SMURF2","Exc L3-4 RORB CUX2",0.0246784778778466,5.72810654145279,2.05957462611497,0.152454187078604,0.264604544417656,0.264604544417656,"gpath_trio"
"17061","LRRC37A3","Exc L3-4 RORB CUX2",0.0346158553758938,7.02859680043033,0.430030419284157,0.512553861852569,0.654051869396944,0.654051869396944,"gpath_trio"
"17062","AC103810.2","Exc L3-4 RORB CUX2",0.0275748029402501,1.73615072590455,0.0234872341299973,0.878315700569537,0.935142712490918,0.935142712490918,"gpath_trio"
"17063","AC037487.1","Exc L3-4 RORB CUX2",-0.243472760385646,-0.489040792586534,4.58053945841007,0.0332677139874927,0.0792228670559094,0.0792228670559094,"gpath_trio"
"17064","GNA13","Exc L3-4 RORB CUX2",0.0606585166410124,4.12837572702885,7.37772023470376,0.00704663427849752,0.022096028375612,0.022096028375612,"gpath_trio"
"17065","RGS9","Exc L3-4 RORB CUX2",-0.0587498460385002,0.789887854504524,0.731013593854855,0.39334197658842,0.541407120036379,0.541407120036379,"gpath_trio"
"17066","AXIN2","Exc L3-4 RORB CUX2",-0.0406600101134201,3.14583242083423,1.8035774925677,0.180451728269274,0.301001539299927,0.301001539299927,"gpath_trio"
"17067","AC004805.1","Exc L3-4 RORB CUX2",0.126137530237604,4.54793013907495,19.084753740804,1.80790473475916e-05,0.000132345711261851,0.000132345711261851,"gpath_trio"
"17068","CEP112","Exc L3-4 RORB CUX2",0.0953072671441913,7.22477089877677,25.9579680414322,6.7147559935307e-07,7.23060989850193e-06,7.23060989850193e-06,"gpath_trio"
"17069","APOH","Exc L3-4 RORB CUX2",-0.102862024073712,-0.180700876697373,1.43207277115088,0.255156267487521,0.392092139276468,0.392092139276468,"gpath_trio"
"17070","PRKCA","Exc L3-4 RORB CUX2",0.0460288385387094,8.13251494170353,6.63585552705071,0.0105473727495853,0.0309365354080154,0.0309365354080154,"gpath_trio"
"17071","PRKCA-AS1","Exc L3-4 RORB CUX2",-0.487776712490347,3.07529012282771,88.028748944018,3.34408770362347e-18,6.24694161301884e-16,6.24694161301884e-16,"gpath_trio"
"17072","CACNG4","Exc L3-4 RORB CUX2",0.109465568902366,0.356092100153699,0.383882768729174,0.536077182834843,0.675158072519693,0.675158072519693,"gpath_trio"
"17073","HELZ","Exc L3-4 RORB CUX2",0.0261516462811957,6.95652236962311,5.36146132232031,0.0213652097078884,0.0552053158115584,0.0552053158115584,"gpath_trio"
"17074","AC007448.3","Exc L3-4 RORB CUX2",-0.132858571337473,0.0728635403907169,2.65012830732105,0.10475265026235,0.198216537145273,0.198216537145273,"gpath_trio"
"17075","PSMD12","Exc L3-4 RORB CUX2",-0.068805079323066,5.52836092903071,19.2750915855698,1.64762125615484e-05,0.000122433734228081,0.000122433734228081,"gpath_trio"
"17076","PITPNC1","Exc L3-4 RORB CUX2",0.0719448787583428,5.49572243941323,3.17578576944502,0.0759042035051486,0.154117105378268,0.154117105378268,"gpath_trio"
"17077","NOL11","Exc L3-4 RORB CUX2",-0.0211503921779715,3.80282721489719,0.831505153991019,0.504572340321219,0.647186418690498,0.647186418690498,"gpath_trio"
"17078","BPTF","Exc L3-4 RORB CUX2",0.0888854213094726,7.68645963831551,35.1970266781143,9.46928262455202e-09,1.65835743880501e-07,1.65835743880501e-07,"gpath_trio"
"17079","C17orf58","Exc L3-4 RORB CUX2",-0.16061435022658,2.42369119218631,14.3225306592262,0.000191235559988238,0.00102338923680709,0.00102338923680709,"gpath_trio"
"17080","KPNA2","Exc L3-4 RORB CUX2",-0.121712998075777,3.72060370736295,19.297160216229,1.62999238381837e-05,0.000121392479498555,0.000121392479498555,"gpath_trio"
"17081","AC145343.1","Exc L3-4 RORB CUX2",0.302310183837143,-0.991661344197676,6.31488991670707,0.0125784022525526,0.0358583107877984,0.0358583107877984,"gpath_trio"
"17082","AC005332.7","Exc L3-4 RORB CUX2",0.132790794609932,2.16105135888459,9.38184875979919,0.00242161140161418,0.00900405640021491,0.00900405640021491,"gpath_trio"
"17083","AC005332.4","Exc L3-4 RORB CUX2",0.0374046170347375,0.491858304295277,0.254236417750339,0.614534755609343,0.741388428775848,0.741388428775848,"gpath_trio"
"17084","AC005332.6","Exc L3-4 RORB CUX2",0.0457800527574725,1.44738547415174,0.630851086373146,0.461955871513372,0.607596080817303,0.607596080817303,"gpath_trio"
"17085","AC005332.8","Exc L3-4 RORB CUX2",-0.0603878148391771,0.522893547220868,0.601552405197748,0.438691188378217,0.585550428417501,0.585550428417501,"gpath_trio"
"17086","AC005332.3","Exc L3-4 RORB CUX2",0.12326981781209,-0.0511239523713282,1.79039140768502,0.182047515596198,0.303012014450399,0.303012014450399,"gpath_trio"
"17087","AC005332.5","Exc L3-4 RORB CUX2",0.0422830074825238,2.22209520146061,0.830241837345496,0.363046586422624,0.510949764986148,0.510949764986148,"gpath_trio"
"17088","AMZ2","Exc L3-4 RORB CUX2",-0.0700168946823643,4.14980730479841,6.26874277553708,0.0129020618255674,0.0366154307681562,0.0366154307681562,"gpath_trio"
"17089","ARSG","Exc L3-4 RORB CUX2",0.0159533525690597,5.483860277782,0.556788875199995,0.456231067126736,0.602031642310281,0.602031642310281,"gpath_trio"
"17090","SLC16A6","Exc L3-4 RORB CUX2",0.0340780232068221,3.18698034877259,0.527249904631335,0.468418482905602,0.613857933914942,0.613857933914942,"gpath_trio"
"17091","WIPI1","Exc L3-4 RORB CUX2",0.0861672803912097,3.8168178624676,6.80471195027295,0.0096179899469887,0.0286452534957923,0.0286452534957923,"gpath_trio"
"17092","PRKAR1A","Exc L3-4 RORB CUX2",-0.128553619480148,6.38335612991806,60.9522705939701,1.43615350529341e-13,8.23136277536775e-12,8.23136277536775e-12,"gpath_trio"
"17093","FAM20A","Exc L3-4 RORB CUX2",-0.0987381788351561,1.9621784118664,2.14056449879189,0.144656873920326,0.254027731901565,0.254027731901565,"gpath_trio"
"17094","AC079210.1","Exc L3-4 RORB CUX2",0.164625514259555,-0.0944231565975214,3.97865034305752,0.0731694306608405,0.149548502034491,0.149548502034491,"gpath_trio"
"17095","LINC01482","Exc L3-4 RORB CUX2",-0.119491477598368,2.40533864504849,3.00455257405707,0.0842164163470745,0.167044564788615,0.167044564788615,"gpath_trio"
"17096","ABCA9-AS1","Exc L3-4 RORB CUX2",-0.259694924896009,2.23923207507872,24.2500897061346,1.50565993030315e-06,1.4963886253136e-05,1.4963886253136e-05,"gpath_trio"
"17097","ABCA9","Exc L3-4 RORB CUX2",0.116103392107127,5.59115852629507,10.5959538111815,0.0012836756228895,0.00524283040189154,0.00524283040189154,"gpath_trio"
"17098","ABCA6","Exc L3-4 RORB CUX2",0.112700103905789,5.59622901250953,10.3079331287848,0.00149117245435159,0.00594318535490782,0.00594318535490782,"gpath_trio"
"17099","ABCA10","Exc L3-4 RORB CUX2",0.12157589753543,6.64139383463118,18.8430972231572,2.03436238874094e-05,0.000146269640744293,0.000146269640744293,"gpath_trio"
"17100","ABCA5","Exc L3-4 RORB CUX2",0.00285554424567397,7.38678326409047,0.0324281126173429,0.857231544323796,0.921349230554183,0.921349230554183,"gpath_trio"
"17101","MAP2K6","Exc L3-4 RORB CUX2",0.107027308353511,5.46523864507977,13.0074471368212,0.000371915976443305,0.0018212147632873,0.0018212147632873,"gpath_trio"
"17102","AC002546.1","Exc L3-4 RORB CUX2",-0.103483102854391,-0.624561341822171,0.764196337046567,0.382825193647795,0.531043611237917,0.531043611237917,"gpath_trio"
"17103","LINC01483","Exc L3-4 RORB CUX2",-0.0142933958832194,2.79463355565497,0.0642556660043057,0.800092215312483,0.883468909415431,0.883468909415431,"gpath_trio"
"17104","AC005208.1","Exc L3-4 RORB CUX2",-0.0887347888835941,0.694122036301855,1.99717643913653,0.158788559662993,0.273020968967057,0.273020968967057,"gpath_trio"
"17105","KCNJ16","Exc L3-4 RORB CUX2",0.168907309044028,0.452002853642192,3.27187419299557,0.0716321235002022,0.146927418830478,0.146927418830478,"gpath_trio"
"17106","KCNJ2","Exc L3-4 RORB CUX2",0.195014744476161,2.18335336549005,11.1479747777992,0.000964394204729951,0.00411606792477825,0.00411606792477825,"gpath_trio"
"17107","CASC17","Exc L3-4 RORB CUX2",0.144500396034011,-0.813770119603423,0.747532824110567,0.38805543943321,0.536047246731276,0.536047246731276,"gpath_trio"
"17108","AC005144.1","Exc L3-4 RORB CUX2",-0.0736679459356691,-1.10036862326848,0.351070989950075,0.554022430396172,0.690886241152771,0.690886241152771,"gpath_trio"
"17109","ROCR","Exc L3-4 RORB CUX2",-0.00841322330461033,-0.424504811265565,0.00623733873890152,0.937111805001669,0.969603109545422,0.969603109545422,"gpath_trio"
"17110","LINC01152","Exc L3-4 RORB CUX2",-0.287021641246322,-0.656394854444542,6.12907214108969,0.0139352130291438,0.0389988795759433,0.0389988795759433,"gpath_trio"
"17111","SOX9","Exc L3-4 RORB CUX2",0.124222517309002,2.43885725372341,6.71551312333664,0.0100979082892055,0.0298542350138805,0.0298542350138805,"gpath_trio"
"17112","LINC00511","Exc L3-4 RORB CUX2",0.0999548083612245,5.80072718947933,8.98491175440599,0.00298562456177286,0.0107389865455103,0.0107389865455103,"gpath_trio"
"17113","LINC02003","Exc L3-4 RORB CUX2",-0.00755642269461418,-1.0206220697419,0.00446448895258653,0.946778873368109,0.974083052803376,0.974083052803376,"gpath_trio"
"17114","SLC39A11","Exc L3-4 RORB CUX2",-0.0423076205231499,6.02378342492549,1.08692733531126,0.298121407559935,0.441374622738631,0.441374622738631,"gpath_trio"
"17115","SSTR2","Exc L3-4 RORB CUX2",0.0030935941184318,4.80501738418391,0.00568974842279124,0.939930259920164,0.970972503527359,0.970972503527359,"gpath_trio"
"17116","COG1","Exc L3-4 RORB CUX2",-0.0446923964879394,5.10753992008284,3.43993058835305,0.0647704216322101,0.135610549650253,0.135610549650253,"gpath_trio"
"17117","FAM104A","Exc L3-4 RORB CUX2",-0.0397892072190726,4.17615722065826,3.53468017344176,0.0612159129526333,0.129757411622124,0.129757411622124,"gpath_trio"
"17118","C17orf80","Exc L3-4 RORB CUX2",0.0442710131030985,4.08653327678166,3.14367259004626,0.0773926936744933,0.156421317860439,0.156421317860439,"gpath_trio"
"17119","CDC42EP4","Exc L3-4 RORB CUX2",0.0990272395449716,1.00561642012733,0.773791951879026,0.379858808049805,0.528017876009703,0.528017876009703,"gpath_trio"
"17120","SDK2","Exc L3-4 RORB CUX2",0.182648176468445,4.58596865332353,22.4152846984543,3.61245750796049e-06,3.23342192649081e-05,3.23342192649081e-05,"gpath_trio"
"17121","LINC00469","Exc L3-4 RORB CUX2",-0.0682332390669291,-0.54817470408752,0.482760193978511,0.487795136463817,0.631174119943401,0.631174119943401,"gpath_trio"
"17122","AC137735.1","Exc L3-4 RORB CUX2",-0.0218353070263328,-1.02410602926837,0.0297378218231011,0.86322061214669,0.925567381487004,0.925567381487004,"gpath_trio"
"17123","LINC02074","Exc L3-4 RORB CUX2",-0.0133886329174296,2.1829924827528,0.0359676364809618,0.84973031143156,0.916313487259165,0.916313487259165,"gpath_trio"
"17124","RPL38","Exc L3-4 RORB CUX2",-0.436767278029232,4.12360833329036,101.799959901365,2.04558140136266e-20,7.11544909870547e-18,7.11544909870547e-18,"gpath_trio"
"17125","DNAI2","Exc L3-4 RORB CUX2",-0.117812751658566,-0.222989697446409,1.70520470871273,0.192762877742943,0.316323642351806,0.316323642351806,"gpath_trio"
"17126","GPRC5C","Exc L3-4 RORB CUX2",-0.00924007786777613,-1.83455942312623,0.00114816512653092,0.972995183030083,0.985690707924104,0.985690707924104,"gpath_trio"
"17127","RAB37","Exc L3-4 RORB CUX2",0.0563929380974076,5.45828068042308,4.25619105817083,0.0401004135912928,0.0924812350485062,0.0924812350485062,"gpath_trio"
"17128","CD300LF","Exc L3-4 RORB CUX2",-0.111861176407541,0.708464126454757,2.46389727843872,0.117705564450337,0.216868471487264,0.216868471487264,"gpath_trio"
"17129","NAT9","Exc L3-4 RORB CUX2",-0.105559078981695,4.57021095646195,20.4084977295699,9.49893980271951e-06,7.55087117887573e-05,7.55087117887573e-05,"gpath_trio"
"17130","TMEM104","Exc L3-4 RORB CUX2",0.0176586062702444,3.4941969997018,0.428085841317573,0.513507997489975,0.654827371807107,0.654827371807107,"gpath_trio"
"17131","GRIN2C","Exc L3-4 RORB CUX2",-0.238825989058023,-1.7880986230489,0.0949283668337943,0.775081754731687,0.867195785365561,0.867195785365561,"gpath_trio"
"17132","FDXR","Exc L3-4 RORB CUX2",-0.0705506993024102,1.37903856120158,1.97499263116133,0.16111263133515,0.275597278129392,0.275597278129392,"gpath_trio"
"17133","FADS6","Exc L3-4 RORB CUX2",0.0519036509679791,3.85499375958219,3.45302260534841,0.0642663675286449,0.134793010176776,0.134793010176776,"gpath_trio"
"17134","HID1","Exc L3-4 RORB CUX2",-0.00265760721782715,5.0043990646784,0.0178366194636644,0.893858723716983,0.945035083829394,0.945035083829394,"gpath_trio"
"17135","CDR2L","Exc L3-4 RORB CUX2",-0.0171784386333112,2.22502990241731,0.18048036665961,0.95633339797576,0.978349287772474,0.978349287772474,"gpath_trio"
"17136","MRPL58","Exc L3-4 RORB CUX2",-0.0454885230268761,2.85724199300818,1.53179955726079,0.722727170520232,0.828274310342469,0.828274310342469,"gpath_trio"
"17137","KCTD2","Exc L3-4 RORB CUX2",-0.0928628471773144,5.38716529301474,13.101512201298,0.000354555144112527,0.00174680098473022,0.00174680098473022,"gpath_trio"
"17138","ATP5PD","Exc L3-4 RORB CUX2",-0.253588382888744,3.89368022071657,53.0753482302827,3.83528013897437e-12,1.58112899937377e-10,1.58112899937377e-10,"gpath_trio"
"17139","ARMC7","Exc L3-4 RORB CUX2",0.045626090776275,2.76423161624916,0.806475080766504,0.369995282174662,0.518414807825114,0.518414807825114,"gpath_trio"
"17140","NT5C","Exc L3-4 RORB CUX2",-0.254341380058736,2.80249530017091,31.1941068880678,5.87509712714783e-08,8.32959132397803e-07,8.32959132397803e-07,"gpath_trio"
"17141","JPT1","Exc L3-4 RORB CUX2",-0.146968849608334,4.78176211570853,40.679565661028,8.1543892302026e-10,1.84021032124538e-08,1.84021032124538e-08,"gpath_trio"
"17142","SUMO2","Exc L3-4 RORB CUX2",-0.0686321045898571,3.29505727472251,4.04661836788003,0.590463504165883,0.72142047952117,0.72142047952117,"gpath_trio"
"17143","NUP85","Exc L3-4 RORB CUX2",-0.0314602954976667,4.47698543621908,1.71590836296522,0.191376736570198,0.31462073503127,0.31462073503127,"gpath_trio"
"17144","GGA3","Exc L3-4 RORB CUX2",-0.00409899959476456,5.00397660706544,0.0500690433818045,0.838860456249447,0.909100666819745,0.909100666819745,"gpath_trio"
"17145","MRPS7","Exc L3-4 RORB CUX2",-0.176695043326945,3.90647961674487,47.3160303104094,4.48832485052115e-11,1.40173303187716e-09,1.40173303187716e-09,"gpath_trio"
"17146","MIF4GD","Exc L3-4 RORB CUX2",-0.104236386712736,2.54110177112927,4.98966981641944,0.0263498139815016,0.0653240964704835,0.0653240964704835,"gpath_trio"
"17147","AC022211.2","Exc L3-4 RORB CUX2",-0.112262830187364,-1.20049951630337,0.554686517080091,0.457081720802854,0.602759900463925,0.602759900463925,"gpath_trio"
"17148","SLC25A19","Exc L3-4 RORB CUX2",-0.0378904733977015,2.10406369530749,0.953000426858032,0.469629379200491,0.615085219772132,0.615085219772132,"gpath_trio"
"17149","GRB2","Exc L3-4 RORB CUX2",-0.0235670353501776,6.04849349957369,2.36336389990129,0.125430096745214,0.227875029431309,0.227875029431309,"gpath_trio"
"17150","AC011933.4","Exc L3-4 RORB CUX2",-0.358892790033176,2.34339061114931,51.865141541292,6.40408030589454e-12,2.46099657469376e-10,2.46099657469376e-10,"gpath_trio"
"17151","TMEM94","Exc L3-4 RORB CUX2",-0.0293265219173707,4.94901144646408,2.07229243698684,0.254870903468899,0.391802840405749,0.391802840405749,"gpath_trio"
"17152","CASKIN2","Exc L3-4 RORB CUX2",-0.0833155999282316,1.11925144688729,2.07276501236314,0.151152338304088,0.262819824638884,0.262819824638884,"gpath_trio"
"17153","TSEN54","Exc L3-4 RORB CUX2",-0.107745927778553,4.27496215817227,15.1111900411051,0.000128729968175088,0.000724847085663522,0.000724847085663522,"gpath_trio"
"17154","LLGL2","Exc L3-4 RORB CUX2",0.0546154488454223,1.79518894191631,0.776087765236136,0.379153914957904,0.527256012839517,0.527256012839517,"gpath_trio"
"17155","RECQL5","Exc L3-4 RORB CUX2",-0.00878804808989644,3.75771597160862,0.102725433611225,0.791335892727521,0.878173907358512,0.878173907358512,"gpath_trio"
"17156","SAP30BP","Exc L3-4 RORB CUX2",-0.0259351869737165,4.74462076902125,1.95785375825662,0.16293487772556,0.277903318787753,0.277903318787753,"gpath_trio"
"17157","GALK1","Exc L3-4 RORB CUX2",-0.241996960458226,1.44962383342504,19.3467085141384,1.59110419614469e-05,0.000118945487371761,0.000118945487371761,"gpath_trio"
"17158","H3F3B","Exc L3-4 RORB CUX2",-0.199133540741653,5.20049988484614,35.9454780137555,6.75395156869899e-09,1.22536846131747e-07,1.22536846131747e-07,"gpath_trio"
"17159","UNK","Exc L3-4 RORB CUX2",0.0573781903608388,4.84830559599747,6.10093094807658,0.0141535423770221,0.0395167059862193,0.0395167059862193,"gpath_trio"
"17160","UNC13D","Exc L3-4 RORB CUX2",0.131150188932107,1.2884299140421,4.95796551817753,0.0268276815843398,0.0663132168542091,0.0663132168542091,"gpath_trio"
"17161","WBP2","Exc L3-4 RORB CUX2",-0.106470170902561,6.27709819364251,17.7055499869065,3.55366576259365e-05,0.000238665801465802,0.000238665801465802,"gpath_trio"
"17162","TRIM47","Exc L3-4 RORB CUX2",-0.10636624727431,1.32556871128843,2.10709121001731,0.147823289206769,0.258569001191829,0.258569001191829,"gpath_trio"
"17163","TRIM65","Exc L3-4 RORB CUX2",0.0549526043916343,2.57150621332422,2.17794858859268,0.141210938626523,0.249568617239911,0.249568617239911,"gpath_trio"
"17164","AC087289.3","Exc L3-4 RORB CUX2",0.0806320625632469,2.13671309678602,2.69903106808847,0.101618005577653,0.193427989671587,0.193427989671587,"gpath_trio"
"17165","FBF1","Exc L3-4 RORB CUX2",-0.0025779786449179,3.89589736523919,0.00579062240112386,0.939401130831498,0.970827073184574,0.970827073184574,"gpath_trio"
"17166","ACOX1","Exc L3-4 RORB CUX2",-0.0433699362708597,4.72060184155682,5.92019542263834,0.015642902638367,0.0429031485493547,0.0429031485493547,"gpath_trio"
"17167","TEN1","Exc L3-4 RORB CUX2",-0.0481117125945806,1.71828888427471,0.887270908893301,0.347092295988404,0.494163606824818,0.494163606824818,"gpath_trio"
"17168","CDK3","Exc L3-4 RORB CUX2",0.0557013523742644,1.77667712062836,1.00066884868422,0.470330136614458,0.61568326668808,0.61568326668808,"gpath_trio"
"17169","EVPL","Exc L3-4 RORB CUX2",-0.0125717545649974,-0.28577425573068,0.0127022967890222,0.910351825825444,0.954145570472665,0.954145570472665,"gpath_trio"
"17170","SRP68","Exc L3-4 RORB CUX2",-0.0907846808214708,4.51490985114255,22.2685777612489,3.87566948293603e-06,3.43397592526282e-05,3.43397592526282e-05,"gpath_trio"
"17171","ZACN","Exc L3-4 RORB CUX2",0.157756973887624,-0.725620219899435,2.17783565300813,0.141221207911622,0.249568617239911,0.249568617239911,"gpath_trio"
"17172","EXOC7","Exc L3-4 RORB CUX2",-0.0886131457055631,5.60071944191364,26.2868524483741,5.7520979232267e-07,6.31796549737427e-06,6.31796549737427e-06,"gpath_trio"
"17173","RNF157-AS1","Exc L3-4 RORB CUX2",-0.230539406855409,0.7928798738714,7.79327340298018,0.00563320760535118,0.0184167822780684,0.0184167822780684,"gpath_trio"
"17174","RNF157","Exc L3-4 RORB CUX2",0.0387972595273468,6.76255472391562,4.00072552697003,0.0465206839423183,0.104133451518503,0.104133451518503,"gpath_trio"
"17175","UBALD2","Exc L3-4 RORB CUX2",-0.010958960180684,3.09709437518899,0.101692304425116,0.750064206986694,0.848855408983931,0.848855408983931,"gpath_trio"
"17176","QRICH2","Exc L3-4 RORB CUX2",0.146831885935684,4.48915419870518,22.8323384261076,2.95869177987309e-06,2.70220039198459e-05,2.70220039198459e-05,"gpath_trio"
"17177","PRPSAP1","Exc L3-4 RORB CUX2",0.0390308037953722,5.51294722823639,2.89152775813639,0.0902421617946857,0.176247397309563,0.176247397309563,"gpath_trio"
"17178","UBE2O","Exc L3-4 RORB CUX2",0.066056034533133,6.80017367036614,19.0192012907383,1.86668658219292e-05,0.000135909064582253,0.000135909064582253,"gpath_trio"
"17179","AANAT","Exc L3-4 RORB CUX2",0.102861036438875,0.724879875450092,2.0522228330312,0.153185323323126,0.265530878773439,0.265530878773439,"gpath_trio"
"17180","RHBDF2","Exc L3-4 RORB CUX2",-0.590921972640196,-1.8121890227008,4.6591833215715,0.0318067925487122,0.0763658264512994,0.0763658264512994,"gpath_trio"
"17181","CYGB","Exc L3-4 RORB CUX2",-0.0258353396183297,2.55413703038281,0.250055297824008,0.61745908916258,0.743519246161747,0.743519246161747,"gpath_trio"
"17182","PRCD","Exc L3-4 RORB CUX2",0.138756748176073,2.34627302963351,7.59563113348497,0.00626502273398902,0.0200980813576449,0.0200980813576449,"gpath_trio"
"17183","AC015802.4","Exc L3-4 RORB CUX2",0.175096614326027,0.142473108869333,5.04474060533844,0.0255407945794327,0.0637808553830988,0.0637808553830988,"gpath_trio"
"17184","ST6GALNAC2","Exc L3-4 RORB CUX2",-0.124823128368369,0.0847747545986164,1.99580747493018,0.158930862340955,0.273166650854384,0.273166650854384,"gpath_trio"
"17185","ST6GALNAC1","Exc L3-4 RORB CUX2",-0.105094555592621,-1.24348357978252,0.625595584055724,0.429696375015218,0.577518111113984,0.577518111113984,"gpath_trio"
"17186","AC005837.1","Exc L3-4 RORB CUX2",0.144925346356531,-0.447334099340488,1.71817335134306,0.191084917293007,0.31426596674566,0.31426596674566,"gpath_trio"
"17187","MXRA7","Exc L3-4 RORB CUX2",-0.0268912228829482,4.98688987458605,1.10991620510743,0.293078210119795,0.435729763387389,0.435729763387389,"gpath_trio"
"17188","JMJD6","Exc L3-4 RORB CUX2",0.0253238689623431,3.68169116981998,1.10746807537532,0.293610024407356,0.436263237768331,0.436263237768331,"gpath_trio"
"17189","METTL23","Exc L3-4 RORB CUX2",0.0331084763742836,1.91146331858305,0.547633929597479,0.504703722285441,0.647220749896135,0.647220749896135,"gpath_trio"
"17190","AC005837.2","Exc L3-4 RORB CUX2",0.188159828136346,0.00226311875935866,4.27295090564724,0.0689044972590292,0.14257930586676,0.14257930586676,"gpath_trio"
"17191","SRSF2","Exc L3-4 RORB CUX2",-0.127541490361582,5.39365721910554,19.8154658377774,1.26657830066475e-05,9.77552303592626e-05,9.77552303592626e-05,"gpath_trio"
"17192","MFSD11","Exc L3-4 RORB CUX2",0.0631740608032035,6.43941207782779,13.585282369686,0.000277431137087068,0.00141952147875516,0.00141952147875516,"gpath_trio"
"17193","LINC02080","Exc L3-4 RORB CUX2",0.254561015387585,1.50919589916326,6.71958020225989,0.0100754973929793,0.0297979002800242,0.0297979002800242,"gpath_trio"
"17194","LINC00868","Exc L3-4 RORB CUX2",0.0975643582035072,-0.892231396406423,0.673379808398663,0.755828391984706,0.853702710127166,0.853702710127166,"gpath_trio"
"17195","MGAT5B","Exc L3-4 RORB CUX2",0.0464339532583582,7.25920492309726,3.98643154596746,0.046910674471057,0.104797127389389,0.104797127389389,"gpath_trio"
"17196","SEC14L1","Exc L3-4 RORB CUX2",0.037990317540354,6.50320263592069,2.44437157853777,0.119163387029414,0.218974527126189,0.218974527126189,"gpath_trio"
"17197","SEPT9","Exc L3-4 RORB CUX2",0.00845806204875843,6.2982504325987,0.140898080983216,0.70769585602446,0.816700820006607,0.816700820006607,"gpath_trio"
"17198","AC111182.1","Exc L3-4 RORB CUX2",0.124738238870684,-1.3038643718358,0.674450410499858,0.412256645557276,0.560463465237066,0.560463465237066,"gpath_trio"
"17199","AC021683.3","Exc L3-4 RORB CUX2",-0.0196058255442834,2.20973995836731,0.183798411184745,0.668484032068754,0.785569975942865,0.785569975942865,"gpath_trio"
"17200","AC021683.2","Exc L3-4 RORB CUX2",0.169334834708546,2.74629062209836,5.74934175795413,0.0172005655033979,0.0463622466593562,0.0463622466593562,"gpath_trio"
"17201","TNRC6C","Exc L3-4 RORB CUX2",0.0807342825532004,8.14866385861852,26.6323305774819,4.89039240238374e-07,5.47219449351592e-06,5.47219449351592e-06,"gpath_trio"
"17202","C17orf99","Exc L3-4 RORB CUX2",-0.177625326721016,-0.619788086839497,3.09683840466101,0.0796204497280259,0.159865691506474,0.159865691506474,"gpath_trio"
"17203","SYNGR2","Exc L3-4 RORB CUX2",0.0269159930258396,1.96871149667159,0.332014466781311,0.564973732434257,0.70044521918891,0.70044521918891,"gpath_trio"
"17204","TK1","Exc L3-4 RORB CUX2",-0.015277897603382,-0.630339522903456,0.0216703693048955,0.883081462737304,0.938109714880934,0.938109714880934,"gpath_trio"
"17205","AFMID","Exc L3-4 RORB CUX2",0.0866308416933043,4.31520156107727,7.34194021660874,0.00718425366339311,0.0224325166921399,0.0224325166921399,"gpath_trio"
"17206","LINC01993","Exc L3-4 RORB CUX2",-0.191073620575861,-0.0712485394096527,5.61774680777527,0.0185096469937107,0.0491228792552109,0.0491228792552109,"gpath_trio"
"17207","AC087645.2","Exc L3-4 RORB CUX2",-0.236829501778888,-0.68942655918746,4.23996424446644,0.0404789507976757,0.0931625407646711,0.0931625407646711,"gpath_trio"
"17208","AC061992.1","Exc L3-4 RORB CUX2",-0.042063351336479,-0.89307665785506,0.116941997844615,0.732651341936366,0.835570425300519,0.835570425300519,"gpath_trio"
"17209","PGS1","Exc L3-4 RORB CUX2",-0.023078770727605,4.6368418317836,1.07520522546239,0.300736039795658,0.444171209650049,0.444171209650049,"gpath_trio"
"17210","DNAH17","Exc L3-4 RORB CUX2",-0.162172428394346,2.39973306813572,8.66169309164895,0.003543238532634,0.0123976478314067,0.0123976478314067,"gpath_trio"
"17211","CYTH1","Exc L3-4 RORB CUX2",0.040029016722846,5.34142749588176,5.28920194556683,0.0222506248626954,0.0570692037382253,0.0570692037382253,"gpath_trio"
"17212","USP36","Exc L3-4 RORB CUX2",0.0571338152581439,5.26684997352023,11.06180060221,0.00100832282987153,0.00427013289098619,0.00427013289098619,"gpath_trio"
"17213","TIMP2","Exc L3-4 RORB CUX2",0.0666638971667888,4.97426003199028,1.84066665978826,0.176049584357576,0.295417147501797,0.295417147501797,"gpath_trio"
"17214","CANT1","Exc L3-4 RORB CUX2",-0.0421931161254026,3.21711702715043,1.68674519323613,0.48640193193667,0.629896590077817,0.629896590077817,"gpath_trio"
"17215","ENGASE","Exc L3-4 RORB CUX2",0.0346756446047299,3.33686396044073,0.876840338950792,0.34993747009569,0.497357411706977,0.497357411706977,"gpath_trio"
"17216","RBFOX3","Exc L3-4 RORB CUX2",0.0887547692561147,8.80935439372735,13.5157250642564,0.000287373856618644,0.00146002708569155,0.00146002708569155,"gpath_trio"
"17217","CBX2","Exc L3-4 RORB CUX2",-0.186680015603464,-0.987052565638464,2.00865779859333,0.15760080069876,0.271342904428868,0.271342904428868,"gpath_trio"
"17218","CBX8","Exc L3-4 RORB CUX2",-0.0685264615633421,0.303262020658546,0.7947249925103,0.373499429368913,0.52183871104694,0.52183871104694,"gpath_trio"
"17219","CBX4","Exc L3-4 RORB CUX2",-0.0499356352605653,3.72900673785705,2.14308210460862,0.144421845073271,0.253785447639861,0.253785447639861,"gpath_trio"
"17220","TBC1D16","Exc L3-4 RORB CUX2",0.0825552948391555,3.63858855207093,9.287504654011,0.00254494606756737,0.00938824043027458,0.00938824043027458,"gpath_trio"
"17221","CCDC40","Exc L3-4 RORB CUX2",0.0565536539242781,3.62807906370738,2.56587635739248,0.110406219285339,0.206550952715292,0.206550952715292,"gpath_trio"
"17222","GAA","Exc L3-4 RORB CUX2",-0.041525264376814,4.47313479597986,2.08594765515226,0.149863874128875,0.26118725471234,0.26118725471234,"gpath_trio"
"17223","EIF4A3","Exc L3-4 RORB CUX2",-0.181396230062978,2.64484201847706,21.0598783485525,6.93256172291137e-06,5.71575123660551e-05,5.71575123660551e-05,"gpath_trio"
"17224","CARD14","Exc L3-4 RORB CUX2",-0.0678347504224789,0.538432075787254,0.919241380187156,0.338564923349978,0.484951887013547,0.484951887013547,"gpath_trio"
"17225","AC087741.1","Exc L3-4 RORB CUX2",0.180452158450981,2.09460318094521,6.91552232056898,0.00905437515753857,0.0272441489639583,0.0272441489639583,"gpath_trio"
"17226","SGSH","Exc L3-4 RORB CUX2",-0.123971520939118,1.93281130384591,5.60824347146244,0.018608106440049,0.0493193047067774,0.0493193047067774,"gpath_trio"
"17227","SLC26A11","Exc L3-4 RORB CUX2",0.0494798507679206,4.69745589785223,3.29502010041265,0.0706423083552942,0.145444287281157,0.145444287281157,"gpath_trio"
"17228","RNF213","Exc L3-4 RORB CUX2",-0.0763397367252827,5.0321054880263,3.65037944871095,0.0571563175340538,0.122490833466065,0.122490833466065,"gpath_trio"
"17229","AC124319.3","Exc L3-4 RORB CUX2",0.0787235204883328,-0.462990747462438,0.603435716557186,0.437976268690526,0.584917943336787,0.584917943336787,"gpath_trio"
"17230","AC124319.2","Exc L3-4 RORB CUX2",0.117011480127814,6.2892704698317,35.3876817938495,8.68740690207648e-09,1.53340712379172e-07,1.53340712379172e-07,"gpath_trio"
"17231","ENDOV","Exc L3-4 RORB CUX2",-0.0629667753965976,4.60957420765295,6.66989767192016,0.01035281677256,0.0304428040207548,0.0304428040207548,"gpath_trio"
"17232","NPTX1","Exc L3-4 RORB CUX2",-0.0376767534234106,6.07382726246988,1.74740126640973,0.187365577970086,0.309768133700442,0.309768133700442,"gpath_trio"
"17233","RPTOR","Exc L3-4 RORB CUX2",0.0961777372807543,6.85976652440773,35.0309639174341,1.0207988241351e-08,1.77081825253014e-07,1.77081825253014e-07,"gpath_trio"
"17234","CHMP6","Exc L3-4 RORB CUX2",-0.00985005598801117,3.16811510982913,0.0707089676248406,0.790518038855855,0.877845741629066,0.877845741629066,"gpath_trio"
"17235","BAIAP2-DT","Exc L3-4 RORB CUX2",-0.0574732807949865,3.72744330710497,2.37433254567999,0.124560437743939,0.226601157031919,0.226601157031919,"gpath_trio"
"17236","BAIAP2","Exc L3-4 RORB CUX2",0.0867405720722971,7.21603678147646,16.7915358229973,5.57886654145739e-05,0.000353942240483971,0.000353942240483971,"gpath_trio"
"17237","AATK","Exc L3-4 RORB CUX2",-0.0012131624689188,5.96329733993737,0.00537327065661838,0.941621684757348,0.9714917596091,0.9714917596091,"gpath_trio"
"17238","PVALEF","Exc L3-4 RORB CUX2",0.0788807417822531,3.31140122689068,4.41318202153387,0.0366252849702351,0.0858489810069124,0.0858489810069124,"gpath_trio"
"17239","CEP131","Exc L3-4 RORB CUX2",-0.0270951193908347,2.44813323231782,0.455898180996747,0.500147233534028,0.643114750576738,0.643114750576738,"gpath_trio"
"17240","TEPSIN","Exc L3-4 RORB CUX2",0.00408212264103411,2.98192872742425,0.0147241172855032,0.9035131069356,0.951327014896181,0.951327014896181,"gpath_trio"
"17241","NDUFAF8","Exc L3-4 RORB CUX2",-0.110562255318142,4.17781049974693,12.8907194346455,0.000394665923278556,0.00191495550797135,0.00191495550797135,"gpath_trio"
"17242","SLC38A10","Exc L3-4 RORB CUX2",-0.012826057946365,4.782596156475,0.29132822180753,0.589832577478683,0.721116970708546,0.721116970708546,"gpath_trio"
"17243","AC027601.4","Exc L3-4 RORB CUX2",-0.0154287222118508,0.97602292910037,0.0509111581877373,0.821662561793976,0.897775386723545,0.897775386723545,"gpath_trio"
"17244","AC110285.6","Exc L3-4 RORB CUX2",-0.0162372875681088,1.70650595553044,0.088527341990084,0.876978832896834,0.934212363572186,0.934212363572186,"gpath_trio"
"17245","AC110285.2","Exc L3-4 RORB CUX2",0.20658277996225,1.56679438869114,6.2449698461276,0.0130721475276773,0.0370148177362652,0.0370148177362652,"gpath_trio"
"17246","BAHCC1","Exc L3-4 RORB CUX2",-0.0166137403960897,4.51846733501267,0.435174050247774,0.510044870345164,0.652101444357738,0.652101444357738,"gpath_trio"
"17247","LINC01971","Exc L3-4 RORB CUX2",-0.00341953588723542,-0.0922801079381754,0.00168041995385633,0.967332995637682,0.983022373796919,0.983022373796919,"gpath_trio"
"17248","ACTG1","Exc L3-4 RORB CUX2",-0.217392702793371,6.90737290101764,39.5162503250846,1.36593359064888e-09,2.91307718724536e-08,2.91307718724536e-08,"gpath_trio"
"17249","AC139149.1","Exc L3-4 RORB CUX2",-0.00749459345601341,0.864119738490713,0.0124993703083285,0.911067785281015,0.954598419529706,0.954598419529706,"gpath_trio"
"17250","FAAP100","Exc L3-4 RORB CUX2",-0.0912380170109492,3.09887748026035,7.13951013816354,0.00801667283226826,0.0246061728877243,0.0246061728877243,"gpath_trio"
"17251","NPLOC4","Exc L3-4 RORB CUX2",0.00539586825542668,6.32896242807384,0.0949214194527516,0.758258089742551,0.855441310773135,0.855441310773135,"gpath_trio"
"17252","TSPAN10","Exc L3-4 RORB CUX2",0.0463014578240668,0.805504934023681,0.301835850502433,0.583205334648995,0.715791645885848,0.715791645885848,"gpath_trio"
"17253","PDE6G","Exc L3-4 RORB CUX2",0.13937022034183,-0.574333922758978,1.95128574939817,0.233382924692784,0.365613346113491,0.365613346113491,"gpath_trio"
"17254","OXLD1","Exc L3-4 RORB CUX2",-0.233479852324951,3.26842746245867,42.698228081346,3.34966300184607e-10,8.28179547331428e-09,8.28179547331428e-09,"gpath_trio"
"17255","CCDC137","Exc L3-4 RORB CUX2",-0.0110856260172536,3.43594100135147,0.113409471125642,0.766152415502385,0.860641702826315,0.860641702826315,"gpath_trio"
"17256","ARL16","Exc L3-4 RORB CUX2",-0.11103875187627,3.84735164228948,11.0583057469877,0.00101014678346166,0.00427606197153568,0.00427606197153568,"gpath_trio"
"17257","HGS","Exc L3-4 RORB CUX2",-0.0521872916034072,4.95947371624618,6.05224070815612,0.0145397065155145,0.040399198312974,0.040399198312974,"gpath_trio"
"17258","AC139530.3","Exc L3-4 RORB CUX2",-0.0542550165213778,-0.10416791589544,0.395108499147253,0.981170314546155,0.990448869006738,0.990448869006738,"gpath_trio"
"17259","AC139530.1","Exc L3-4 RORB CUX2",-0.0623855564704832,1.84557401634082,1.94758856647159,0.164037615819205,0.279398028959789,0.279398028959789,"gpath_trio"
"17260","AC139530.2","Exc L3-4 RORB CUX2",0.0305176549003528,-0.713823460353264,0.0768728852742997,0.781801087877013,0.872046476996405,0.872046476996405,"gpath_trio"
"17261","SLC25A10","Exc L3-4 RORB CUX2",-0.142175481319408,1.00230220286239,5.42248707841601,0.02064605583531,0.0536840026391777,0.0536840026391777,"gpath_trio"
"17262","MCRIP1","Exc L3-4 RORB CUX2",-0.0802875840119049,4.73153437277612,10.6620743463084,0.00124034722616434,0.00509550097492683,0.00509550097492683,"gpath_trio"
"17263","P4HB","Exc L3-4 RORB CUX2",-0.0139226192955657,4.8018952058703,0.60354463215321,0.437934978237059,0.584917943336787,0.584917943336787,"gpath_trio"
"17264","ARHGDIA","Exc L3-4 RORB CUX2",-0.059989192086492,5.17252002328105,5.72934070220933,0.0173931625677802,0.0467558547300318,0.0467558547300318,"gpath_trio"
"17265","AC145207.5","Exc L3-4 RORB CUX2",-0.046788415286879,0.638075513537522,0.537619952998473,0.464081330352289,0.609679028446795,0.609679028446795,"gpath_trio"
"17266","ALYREF","Exc L3-4 RORB CUX2",-0.228823044722013,0.711762337543334,9.26569861159784,0.00257435498669101,0.00947082831989184,0.00947082831989184,"gpath_trio"
"17267","ANAPC11","Exc L3-4 RORB CUX2",-0.178939486271143,3.82420433249237,36.3798863650244,5.55369512618548e-09,1.03938589212237e-07,1.03938589212237e-07,"gpath_trio"
"17268","NPB","Exc L3-4 RORB CUX2",-0.164478585964185,-0.0527383886891258,2.24522489682884,0.135240505610663,0.241843396622507,0.241843396622507,"gpath_trio"
"17269","PCYT2","Exc L3-4 RORB CUX2",-0.0837997225130553,3.86111732402801,6.70608532585132,0.0101500564893183,0.0299908303561798,0.0299908303561798,"gpath_trio"
"17270","SIRT7","Exc L3-4 RORB CUX2",0.0679067067304406,4.57172777462944,7.93010375965664,0.00523444813840369,0.0172867885402348,0.0172867885402348,"gpath_trio"
"17271","MAFG","Exc L3-4 RORB CUX2",0.0339454834804781,4.48360514069012,0.794164314586265,0.373667798785431,0.522001650775243,0.522001650775243,"gpath_trio"
"17272","MAFG-DT","Exc L3-4 RORB CUX2",-0.206668177976206,1.72124844361772,8.64844458816308,0.00356824738412952,0.0124700140264703,0.0124700140264703,"gpath_trio"
"17273","PYCR1","Exc L3-4 RORB CUX2",0.0308608020737635,0.573574076129995,0.235285580612386,0.628040472899869,0.752328496660424,0.752328496660424,"gpath_trio"
"17274","MYADML2","Exc L3-4 RORB CUX2",0.00955903814807962,-0.240747404596409,0.00950001514055328,0.922429820113301,0.960470091407967,0.960470091407967,"gpath_trio"
"17275","AC145207.1","Exc L3-4 RORB CUX2",0.0224732939821925,2.48811654198997,0.191821962613689,0.661768147867784,0.780405212954907,0.780405212954907,"gpath_trio"
"17276","NOTUM","Exc L3-4 RORB CUX2",-0.000864343776190158,-0.516244727404295,3.58118663466248e-05,0.995229835481886,0.99740509318201,0.99740509318201,"gpath_trio"
"17277","ASPSCR1","Exc L3-4 RORB CUX2",-0.0587653148281206,4.67820637797447,5.4414483963097,0.0204277776199507,0.0532193199228442,0.0532193199228442,"gpath_trio"
"17278","CENPX","Exc L3-4 RORB CUX2",-0.205189140366606,2.95585784922177,30.0294226410761,1.00510339287051e-07,1.34469237076675e-06,1.34469237076675e-06,"gpath_trio"
"17279","LRRC45","Exc L3-4 RORB CUX2",-0.00885629508289331,2.62929805412365,0.0474766960026175,0.827684572111651,0.901494135948503,0.901494135948503,"gpath_trio"
"17280","RAC3","Exc L3-4 RORB CUX2",-0.123957450661812,3.45373651052543,14.0227510346225,0.000222415425717544,0.00117068385438337,0.00117068385438337,"gpath_trio"
"17281","DCXR","Exc L3-4 RORB CUX2",-0.0942436086732599,3.04031127623687,4.22399160127843,0.0408552469077273,0.0938508576649269,0.0938508576649269,"gpath_trio"
"17282","RFNG","Exc L3-4 RORB CUX2",-0.0416557240570847,4.82276439262426,1.91839176845508,0.167221260057154,0.283609195322787,0.283609195322787,"gpath_trio"
"17283","GPS1","Exc L3-4 RORB CUX2",-0.0600902894195179,4.41993401642835,5.27016411042419,0.0224902098238592,0.057537405934106,0.057537405934106,"gpath_trio"
"17284","DUS1L","Exc L3-4 RORB CUX2",-0.0266408731789705,4.6442414185513,1.20599377897463,0.273142904208253,0.412845227180215,0.412845227180215,"gpath_trio"
"17285","FASN","Exc L3-4 RORB CUX2",-0.051805450734123,4.79424989849773,3.84110102323518,0.051078773908659,0.112170922347578,0.112170922347578,"gpath_trio"
"17286","CCDC57","Exc L3-4 RORB CUX2",0.0787631756390031,6.91789073052354,15.1141941921653,0.000128536581494683,0.000724364673646711,0.000724364673646711,"gpath_trio"
"17287","SLC16A3","Exc L3-4 RORB CUX2",-0.202890785183337,1.35550681568816,10.1747228212919,0.00159841339584822,0.00631076130356903,0.00631076130356903,"gpath_trio"
"17288","CSNK1D","Exc L3-4 RORB CUX2",-0.0664307018885048,5.50354489908465,14.8220264515601,0.000148795767990795,0.000822002907780471,0.000822002907780471,"gpath_trio"
"17289","LINC01970","Exc L3-4 RORB CUX2",-0.0198785235424773,-0.729264103450764,0.0343268288622512,0.853157783418764,0.918928956300975,0.918928956300975,"gpath_trio"
"17290","AC132872.1","Exc L3-4 RORB CUX2",0.0135369595672611,2.69652280594057,0.0966244328807165,0.75616773116028,0.853799192755688,0.853799192755688,"gpath_trio"
"17291","AC132938.1","Exc L3-4 RORB CUX2",0.027751035014388,1.96078019023727,0.32511931012081,0.569039622678408,0.70410146504366,0.70410146504366,"gpath_trio"
"17292","OGFOD3","Exc L3-4 RORB CUX2",0.041595181193219,4.10460900536879,1.92004785067171,0.167038789671349,0.283360597125996,0.283360597125996,"gpath_trio"
"17293","HEXDC","Exc L3-4 RORB CUX2",0.0739400066189774,4.28093205393439,4.75667498586863,0.0300811963776826,0.0729082336520598,0.0729082336520598,"gpath_trio"
"17294","CYBC1","Exc L3-4 RORB CUX2",-0.0526539623894337,3.53653062091786,2.74463964700237,0.0987872659604655,0.189110265751247,0.189110265751247,"gpath_trio"
"17295","NARF","Exc L3-4 RORB CUX2",-0.0251178795556548,5.6024311717409,1.6454197583726,0.200725793729695,0.326604638272625,0.326604638272625,"gpath_trio"
"17296","FOXK2","Exc L3-4 RORB CUX2",0.0272212278146072,6.63058993552186,2.84881856384323,0.0926402077242308,0.179722147765623,0.179722147765623,"gpath_trio"
"17297","AC124283.1","Exc L3-4 RORB CUX2",-0.232213993601594,0.226517742265878,4.4569215618738,0.035714700027469,0.0840971140352692,0.0840971140352692,"gpath_trio"
"17298","WDR45B","Exc L3-4 RORB CUX2",-0.0795685601455841,5.31441163858456,17.2299390443267,4.49219039776363e-05,0.000293585815597283,0.000293585815597283,"gpath_trio"
"17299","RAB40B","Exc L3-4 RORB CUX2",-0.00323797490124278,5.94570363739988,0.0180441100447297,0.893246843336985,0.944693640466555,0.944693640466555,"gpath_trio"
"17300","AC024361.2","Exc L3-4 RORB CUX2",-0.0443095410887909,0.527770569495196,0.36807798910173,0.59705411863349,0.726731031277868,0.726731031277868,"gpath_trio"
"17301","FN3KRP","Exc L3-4 RORB CUX2",-0.131069667962756,3.79630373273272,28.883047133463,1.7096652115145e-07,2.17496144473482e-06,2.17496144473482e-06,"gpath_trio"
"17302","FN3K","Exc L3-4 RORB CUX2",0.00377415564732121,4.19871588658863,0.0146910302752731,0.903621044760529,0.951332569861525,0.951332569861525,"gpath_trio"
"17303","TBCD","Exc L3-4 RORB CUX2",0.0521605381418716,6.67963530605543,7.57005284729654,0.00635195279005234,0.020328465662961,0.020328465662961,"gpath_trio"
"17304","B3GNTL1","Exc L3-4 RORB CUX2",0.0437579205586513,3.92467010396015,1.49999608149368,0.221780401150529,0.351845529072259,0.351845529072259,"gpath_trio"
"17305","METRNL","Exc L3-4 RORB CUX2",-0.179524175273279,0.147306875598506,2.09147276361945,0.149327569493881,0.260477582097445,0.260477582097445,"gpath_trio"
"17306","AC139099.2","Exc L3-4 RORB CUX2",-0.0374746073548776,-1.24862743604964,0.054174849134856,0.81613484168989,0.894000822369282,0.894000822369282,"gpath_trio"
"17307","AC139099.3","Exc L3-4 RORB CUX2",-0.00295192284242683,0.499695472340168,0.0011078193151608,0.973473713266278,0.985813037721456,0.985813037721456,"gpath_trio"
"17308","AP001005.3","Exc L3-4 RORB CUX2",0.130071481909163,-0.50239859021887,1.0231986808175,0.312701863318885,0.45738853711727,0.45738853711727,"gpath_trio"
"17309","USP14","Exc L3-4 RORB CUX2",-0.0288098591347134,6.30081103013728,3.73702971827219,0.0543046854767569,0.117616428287018,0.117616428287018,"gpath_trio"
"17310","THOC1","Exc L3-4 RORB CUX2",0.0343942058567493,5.69814957749774,4.45487801445811,0.035756707917451,0.0841567408113129,0.0841567408113129,"gpath_trio"
"17311","CLUL1","Exc L3-4 RORB CUX2",-0.12181896507331,2.35568989887403,2.00631354238078,0.157842488945263,0.271666286851278,0.271666286851278,"gpath_trio"
"17312","AP001178.3","Exc L3-4 RORB CUX2",-0.114048179337525,-0.00104337832508327,0.998603491064026,0.318577746597127,0.463956890009303,0.463956890009303,"gpath_trio"
"17313","ENOSF1","Exc L3-4 RORB CUX2",-0.119720657784188,1.56680980878954,0.6277052419458,0.428920560896431,0.57674435591079,0.57674435591079,"gpath_trio"
"17314","AP000894.3","Exc L3-4 RORB CUX2",-0.212070028606039,2.49143456897357,13.7898119265492,0.000250171095560913,0.00129743995049379,0.00129743995049379,"gpath_trio"
"17315","ADCYAP1","Exc L3-4 RORB CUX2",-0.141822693482507,4.36090342642769,10.4663182014817,0.00137315759632625,0.00554623713831474,0.00554623713831474,"gpath_trio"
"17316","AP005328.2","Exc L3-4 RORB CUX2",-0.0816711244007867,0.468746988577549,0.91857384877361,0.3387400594684,0.485133860990628,0.485133860990628,"gpath_trio"
"17317","AP005328.1","Exc L3-4 RORB CUX2",0.0290565017490276,6.38386926564485,1.15648074833695,0.283193490610961,0.424506179736692,0.424506179736692,"gpath_trio"
"17318","LINC00470","Exc L3-4 RORB CUX2",0.0077076920019548,2.80361185816513,0.0131729839279194,0.908713141514864,0.953279191227761,0.953279191227761,"gpath_trio"
"17319","AC008109.1","Exc L3-4 RORB CUX2",-0.0343471270445493,0.92953826460345,0.181500946786378,0.670438973795273,0.787362843955971,0.787362843955971,"gpath_trio"
"17320","AC019183.1","Exc L3-4 RORB CUX2",-0.0125098018577902,0.672107893048137,0.0187057371246709,0.891319293853311,0.943560014350432,0.943560014350432,"gpath_trio"
"17321","AP005230.1","Exc L3-4 RORB CUX2",0.0416504461389655,4.42829113919131,0.708593920010384,0.400684557614157,0.548948183475867,0.548948183475867,"gpath_trio"
"17322","METTL4","Exc L3-4 RORB CUX2",0.0486185306440843,4.01624195137826,3.73132569826957,0.0544876559727487,0.11797472196289,0.11797472196289,"gpath_trio"
"17323","NDC80","Exc L3-4 RORB CUX2",-0.0861080607855,-0.0346446997195204,0.99421961058048,0.319640291471606,0.465008860718174,0.465008860718174,"gpath_trio"
"17324","SMCHD1","Exc L3-4 RORB CUX2",0.0349855830456774,6.72409109733489,6.30086208563831,0.0126758901867919,0.0360801473643519,0.0360801473643519,"gpath_trio"
"17325","AP001011.1","Exc L3-4 RORB CUX2",-0.363538964361329,2.89785168162659,69.2375755889795,4.97596846315541e-15,4.11435097312133e-13,4.11435097312133e-13,"gpath_trio"
"17326","EMILIN2","Exc L3-4 RORB CUX2",-0.217359852708493,-0.303915996538562,4.21640341654609,0.0410353086920037,0.0941744230305057,0.0941744230305057,"gpath_trio"
"17327","LPIN2","Exc L3-4 RORB CUX2",0.0459700483267527,5.26375159643782,6.39172269513778,0.0120580280110024,0.0345604084560269,0.0345604084560269,"gpath_trio"
"17328","AP000919.2","Exc L3-4 RORB CUX2",-0.310035496249935,0.245540799907508,11.424601266243,0.000836105623282694,0.00363387148080801,0.00363387148080801,"gpath_trio"
"17329","MYOM1","Exc L3-4 RORB CUX2",0.149368325042459,2.74116875590345,9.5727517829742,0.00219038698198324,0.00824921735327831,0.00824921735327831,"gpath_trio"
"17330","AP005329.2","Exc L3-4 RORB CUX2",-0.134468751422553,0.613104322044655,3.32955282363409,0.0691928372497574,0.143058566459711,0.143058566459711,"gpath_trio"
"17331","MYL12A","Exc L3-4 RORB CUX2",-0.0338467869004903,0.470447792163903,0.218999399711083,0.640195410128497,0.762134542565097,0.762134542565097,"gpath_trio"
"17332","AP005329.1","Exc L3-4 RORB CUX2",0.236452188056826,-0.828818634678092,3.65121738890796,0.0571279881533032,0.122456136952071,0.122456136952071,"gpath_trio"
"17333","MYL12B","Exc L3-4 RORB CUX2",-0.13991411318656,4.95823494100468,34.8386321319836,1.11365737374481e-08,1.91543371826953e-07,1.91543371826953e-07,"gpath_trio"
"17334","AP001025.1","Exc L3-4 RORB CUX2",0.292152570606534,2.67396856699868,18.7148012970428,2.16604711991096e-05,0.00015441696340708,0.00015441696340708,"gpath_trio"
"17335","TGIF1","Exc L3-4 RORB CUX2",0.0854203518697576,1.26219670250085,1.7223269374191,0.190551126686075,0.31367189207611,0.31367189207611,"gpath_trio"
"17336","DLGAP1","Exc L3-4 RORB CUX2",0.0773546132971239,11.4520971006244,29.5207428066388,1.27184488679197e-07,1.66728203970293e-06,1.66728203970293e-06,"gpath_trio"
"17337","DLGAP1-AS1","Exc L3-4 RORB CUX2",-0.277544435734562,1.70268185564627,18.2658419782174,2.69868791376339e-05,0.000187486324587384,0.000187486324587384,"gpath_trio"
"17338","DLGAP1-AS2","Exc L3-4 RORB CUX2",-0.300824756668869,0.315469515022838,12.2086162192786,0.000558986898625552,0.00257596178158303,0.00257596178158303,"gpath_trio"
"17339","AP002478.1","Exc L3-4 RORB CUX2",-0.290344943929557,-1.04305365384022,5.27628473559903,0.0224128917024012,0.0573759789488574,0.0573759789488574,"gpath_trio"
"17340","DLGAP1-AS3","Exc L3-4 RORB CUX2",-0.221386236408404,2.40277879096914,22.6697111572075,3.19806163219154e-06,2.90111930887879e-05,2.90111930887879e-05,"gpath_trio"
"17341","DLGAP1-AS4","Exc L3-4 RORB CUX2",0.0464402078891283,6.48568531062195,2.9746359660406,0.0857675381969594,0.169543413984289,0.169543413984289,"gpath_trio"
"17342","DLGAP1-AS5","Exc L3-4 RORB CUX2",-0.220369910340602,2.07211594918466,14.4042666338639,0.000183530720750489,0.000988449623903129,0.000988449623903129,"gpath_trio"
"17343","AP005203.1","Exc L3-4 RORB CUX2",-0.345777373820371,0.986599678679383,28.3780808657256,2.16225986978964e-07,2.67465314978577e-06,2.67465314978577e-06,"gpath_trio"
"17344","AP001496.2","Exc L3-4 RORB CUX2",0.0023733126184782,0.120383605832238,0.000733746784671181,0.978410515338546,0.988705627297548,0.988705627297548,"gpath_trio"
"17345","LINC00667","Exc L3-4 RORB CUX2",-0.0686635244557352,4.57379632022457,4.07619032824868,0.0445179387826367,0.100437657926238,0.100437657926238,"gpath_trio"
"17346","ZBTB14","Exc L3-4 RORB CUX2",-0.0605404290557265,1.9866110836883,2.41197970102106,0.121626340991364,0.222567930113448,0.222567930113448,"gpath_trio"
"17347","AP005671.1","Exc L3-4 RORB CUX2",0.105954263851497,3.17127290191925,9.76851810265856,0.00197662242402148,0.0075613116049741,0.0075613116049741,"gpath_trio"
"17348","EPB41L3","Exc L3-4 RORB CUX2",0.0369295329585268,8.57552639976207,7.22993823818066,0.00763319244743578,0.0236377064661576,0.0236377064661576,"gpath_trio"
"17349","AP005059.2","Exc L3-4 RORB CUX2",-0.277509678390595,0.104684285448307,10.5764086611262,0.00129677655654582,0.00528748323126756,0.00528748323126756,"gpath_trio"
"17350","AP005059.1","Exc L3-4 RORB CUX2",-0.593798687364035,2.3314246199199,78.3995961056932,1.33927185640765e-16,1.56183871115747e-14,1.56183871115747e-14,"gpath_trio"
"17351","MIR3976HG","Exc L3-4 RORB CUX2",0.176975724701848,5.01196243677101,16.0855251108358,7.91816221044886e-05,0.00047714731958126,0.00047714731958126,"gpath_trio"
"17352","TMEM200C","Exc L3-4 RORB CUX2",0.0723104329551867,3.43803353091854,2.79165269274771,0.0959596547212743,0.184678625775227,0.184678625775227,"gpath_trio"
"17353","AP005433.1","Exc L3-4 RORB CUX2",0.160840073559135,4.08227151841512,16.3926424391128,6.79804062310843e-05,0.000418396795519257,0.000418396795519257,"gpath_trio"
"17354","L3MBTL4","Exc L3-4 RORB CUX2",0.0691065222852314,6.98179770060548,4.48420881349986,0.0351587255495546,0.0830010868198297,0.0830010868198297,"gpath_trio"
"17355","AP001021.1","Exc L3-4 RORB CUX2",0.131280042525044,0.743023533900039,3.25812398954934,0.072227211098785,0.148012593592482,0.148012593592482,"gpath_trio"
"17356","AP001021.2","Exc L3-4 RORB CUX2",-0.291311453532897,2.19550414059795,19.6431926871309,1.37723926740738e-05,0.000104891665609452,0.000104891665609452,"gpath_trio"
"17357","LINC01387","Exc L3-4 RORB CUX2",0.0559569481389417,-0.582007244955336,0.212610728301365,0.645114262932253,0.766372783967009,0.766372783967009,"gpath_trio"
"17358","AP005205.2","Exc L3-4 RORB CUX2",0.170687464312649,-1.40793633825567,1.05184895677634,0.306034845571745,0.450018440919093,0.450018440919093,"gpath_trio"
"17359","ARHGAP28","Exc L3-4 RORB CUX2",0.238914659183963,5.11642234265089,22.687635256537,3.17074686017596e-06,2.87892969865212e-05,2.87892969865212e-05,"gpath_trio"
"17360","AP005210.1","Exc L3-4 RORB CUX2",-0.135218615147683,-0.896608103307177,0.803380123094209,0.370913784216291,0.519160926638245,0.519160926638245,"gpath_trio"
"17361","LAMA1","Exc L3-4 RORB CUX2",-0.0514080716403942,0.970814536021563,0.702950983944597,0.402564000526274,0.550870417450035,0.550870417450035,"gpath_trio"
"17362","PTPRM","Exc L3-4 RORB CUX2",0.343989249548854,5.08808895850972,15.2679499780111,0.000119022212834049,0.000678134183543332,0.000678134183543332,"gpath_trio"
"17363","RAB12","Exc L3-4 RORB CUX2",0.00669784513082592,5.67144649667579,0.127304408810005,0.858851963076756,0.922421070946876,0.922421070946876,"gpath_trio"
"17364","GACAT2","Exc L3-4 RORB CUX2",0.0731462770064061,2.1754096555266,1.72570116057089,0.19011878036937,0.313267428450837,0.313267428450837,"gpath_trio"
"17365","MTCL1","Exc L3-4 RORB CUX2",0.0623345173724218,7.04500733885122,6.94646772331604,0.00890314170706184,0.0268732621095112,0.0268732621095112,"gpath_trio"
"17366","NDUFV2","Exc L3-4 RORB CUX2",-0.0446512917381175,4.97315395527017,4.34934870366209,0.0379983398340369,0.0884523486963995,0.0884523486963995,"gpath_trio"
"17367","AP005899.1","Exc L3-4 RORB CUX2",-0.405218049978771,0.472209114833906,14.5108241779549,0.000173956718708806,0.000941915405246954,0.000941915405246954,"gpath_trio"
"17368","NDUFV2-AS1","Exc L3-4 RORB CUX2",0.093586586315744,2.84205813156053,6.2317732425818,0.0131675637356212,0.0372484013413008,0.0372484013413008,"gpath_trio"
"17369","ANKRD12","Exc L3-4 RORB CUX2",0.0737913604393371,7.75053708284717,14.5495466670967,0.000170604448939251,0.000926000741821196,0.000926000741821196,"gpath_trio"
"17370","AP001033.1","Exc L3-4 RORB CUX2",0.120254979848322,0.789641595682077,3.18031355627474,0.0756968368160807,0.153794932806085,0.153794932806085,"gpath_trio"
"17371","TWSG1","Exc L3-4 RORB CUX2",0.0592605409432519,5.11990709102139,6.76445085966524,0.00983162521840134,0.0291863011083377,0.0291863011083377,"gpath_trio"
"17372","RALBP1","Exc L3-4 RORB CUX2",-0.0235538076393833,5.5524992029587,1.55869062566691,0.212980042675113,0.341563780681272,0.341563780681272,"gpath_trio"
"17373","PPP4R1","Exc L3-4 RORB CUX2",0.0367122240375373,5.53788418348401,4.41217308413588,0.118305121499427,0.217694803561741,0.217694803561741,"gpath_trio"
"17374","PPP4R1-AS1","Exc L3-4 RORB CUX2",-0.0421484385337825,-0.347615442493771,0.227467348298589,0.633808749442003,0.756766971651324,0.756766971651324,"gpath_trio"
"17375","RAB31","Exc L3-4 RORB CUX2",0.248692693119299,2.11235202037442,5.44784336134735,0.020354703304471,0.0530700619239729,0.0530700619239729,"gpath_trio"
"17376","VAPA","Exc L3-4 RORB CUX2",-0.0493854969224902,6.63160887869145,11.6612389739082,0.000740209526733183,0.00327709616015843,0.00327709616015843,"gpath_trio"
"17377","NAPG","Exc L3-4 RORB CUX2",-0.0426797920858398,6.11580230941278,2.16483317272437,0.142409190280195,0.251189492385289,0.251189492385289,"gpath_trio"
"17378","AP001099.1","Exc L3-4 RORB CUX2",0.150882313384115,1.21124701267375,3.32009338536547,0.0695866739045273,0.143710834888304,0.143710834888304,"gpath_trio"
"17379","LINC01887","Exc L3-4 RORB CUX2",0.0323575294705515,0.501329415858644,0.138978045201467,0.709602812854427,0.818070671390746,0.818070671390746,"gpath_trio"
"17380","GNAL","Exc L3-4 RORB CUX2",-0.0760363952653826,5.96792291336429,2.35445269076617,0.126141625542347,0.228888435588546,0.228888435588546,"gpath_trio"
"17381","MPPE1","Exc L3-4 RORB CUX2",-0.0804742408205883,5.00024121355214,5.93872114819356,0.0154830343045979,0.0425456574632611,0.0425456574632611,"gpath_trio"
"17382","AP001269.4","Exc L3-4 RORB CUX2",-0.305430184231234,0.0567909348831347,10.3245115022308,0.00147834955451039,0.00590374154042895,0.00590374154042895,"gpath_trio"
"17383","IMPA2","Exc L3-4 RORB CUX2",-0.150238715054785,0.718521879321681,2.59127718176287,0.108667052293339,0.203940258606336,0.203940258606336,"gpath_trio"
"17384","ANKRD62","Exc L3-4 RORB CUX2",0.114591338006216,3.47805667388292,2.32076103473635,0.128872874128577,0.232819027602182,0.232819027602182,"gpath_trio"
"17385","CIDEA","Exc L3-4 RORB CUX2",-0.0849139769076417,1.65936251529069,1.50207282100633,0.221461672568318,0.351444346218886,0.351444346218886,"gpath_trio"
"17386","TUBB6","Exc L3-4 RORB CUX2",-0.247403994213689,0.947228442309979,16.1746361902951,7.57514007831458e-05,0.000458806517802452,0.000458806517802452,"gpath_trio"
"17387","AFG3L2","Exc L3-4 RORB CUX2",-0.0473121045842106,5.11261965943545,5.90545805752006,0.015771301410459,0.0431884029616979,0.0431884029616979,"gpath_trio"
"17388","PRELID3A","Exc L3-4 RORB CUX2",0.0024239815495101,4.91454714870642,0.0145071477744885,0.904223174293541,0.951479412717692,0.951479412717692,"gpath_trio"
"17389","AP001029.1","Exc L3-4 RORB CUX2",-0.109892731964797,0.00494347359594773,1.4783653749052,0.225133205427237,0.355710111950388,0.355710111950388,"gpath_trio"
"17390","AP001029.2","Exc L3-4 RORB CUX2",-0.122045966456431,1.11133011038991,2.69757815884239,0.101709634729387,0.193584139685414,0.193584139685414,"gpath_trio"
"17391","SPIRE1","Exc L3-4 RORB CUX2",0.0690201482672934,7.71326027831215,39.7814824645237,1.21411654041315e-09,2.63384959170272e-08,2.63384959170272e-08,"gpath_trio"
"17392","PSMG2","Exc L3-4 RORB CUX2",0.0758303560802123,6.08840651696819,19.9287084705232,1.1987782713592e-05,9.31280386009695e-05,9.31280386009695e-05,"gpath_trio"
"17393","CEP76","Exc L3-4 RORB CUX2",-0.0496157762617773,4.11368165240633,3.6960512347529,0.0556338758998445,0.119928779386619,0.119928779386619,"gpath_trio"
"17394","PTPN2","Exc L3-4 RORB CUX2",0.0774539260502558,6.31717378761007,17.7999436294913,3.39243576225197e-05,0.000229441473360488,0.000229441473360488,"gpath_trio"
"17395","SEH1L","Exc L3-4 RORB CUX2",-0.0541280419889633,4.34373426060446,5.59141228431706,0.0187838247111061,0.0497131921220734,0.0497131921220734,"gpath_trio"
"17396","CEP192","Exc L3-4 RORB CUX2",0.0511902056928996,6.8476826588026,13.500295987572,0.000289627922821422,0.00146999832526345,0.00146999832526345,"gpath_trio"
"17397","LDLRAD4","Exc L3-4 RORB CUX2",0.0865430011002786,8.70988419276024,23.3634212192268,2.29592805064721e-06,2.15845053223706e-05,2.15845053223706e-05,"gpath_trio"
"17398","AP005131.5","Exc L3-4 RORB CUX2",-0.0929889453711486,-0.0879449243576235,0.808571537875536,0.369374916143467,0.517905270219921,0.517905270219921,"gpath_trio"
"17399","AP005131.1","Exc L3-4 RORB CUX2",-0.230524559868117,0.382504648000581,7.26901445070426,0.00747337233306002,0.0231961979722286,0.0231961979722286,"gpath_trio"
"17400","AP005131.3","Exc L3-4 RORB CUX2",-0.295471522589392,-0.734567454984197,5.76802480092292,0.0170226603875898,0.0459810112892789,0.0459810112892789,"gpath_trio"
"17401","FAM210A","Exc L3-4 RORB CUX2",0.0691231084856472,4.28136638210079,7.70695467966797,0.00590068441043679,0.0190962957941229,0.0190962957941229,"gpath_trio"
"17402","RNMT","Exc L3-4 RORB CUX2",-0.0793375995602097,6.38826056759479,19.3803448694376,1.56524074652539e-05,0.000117439643985677,0.000117439643985677,"gpath_trio"
"17403","ZNF519","Exc L3-4 RORB CUX2",0.10092130196492,6.48233062740838,28.3407925336779,2.20013274635866e-07,2.71152584958985e-06,2.71152584958985e-06,"gpath_trio"
"17404","ANKRD30B","Exc L3-4 RORB CUX2",-0.0193975509100101,4.91213729938038,0.106995719836443,0.743853923624136,0.84409994426666,0.84409994426666,"gpath_trio"
"17405","AP006565.1","Exc L3-4 RORB CUX2",-0.117226659821101,1.13654228701298,3.67433799066832,0.0563522038056066,0.12115363509997,0.12115363509997,"gpath_trio"
"17406","AP005121.1","Exc L3-4 RORB CUX2",-0.0651887383325208,0.314077008166693,0.413227424526655,0.520902385066859,0.661616542566109,0.661616542566109,"gpath_trio"
"17407","LINC01443","Exc L3-4 RORB CUX2",-0.381145660654858,0.635899816145176,18.5267742897261,2.37479769876823e-05,0.000167055591257493,0.000167055591257493,"gpath_trio"
"17408","AP005242.1","Exc L3-4 RORB CUX2",0.187369462427887,-0.820057232989209,2.17464504519193,0.141511680242015,0.249982045658347,0.249982045658347,"gpath_trio"
"17409","AP005901.2","Exc L3-4 RORB CUX2",0.658517288788021,0.0742471749446612,19.7515304849938,1.30655759533363e-05,0.000100380043738979,0.000100380043738979,"gpath_trio"
"17410","ROCK1","Exc L3-4 RORB CUX2",0.0727359952213008,6.94134543872652,22.2534070531779,3.9039708182121e-06,3.45298602619155e-05,3.45298602619155e-05,"gpath_trio"
"17411","GREB1L","Exc L3-4 RORB CUX2",-0.0145735345776576,4.94543450962952,0.107339624778561,0.743457149536785,0.843792078752511,0.843792078752511,"gpath_trio"
"17412","AC015878.1","Exc L3-4 RORB CUX2",-0.320040270264521,0.717244577649505,20.6260740132141,8.54934436078753e-06,6.88005674028274e-05,6.88005674028274e-05,"gpath_trio"
"17413","ESCO1","Exc L3-4 RORB CUX2",0.0276254173708835,5.58574519034217,2.16252268689719,0.14262146947937,0.25143202960034,0.25143202960034,"gpath_trio"
"17414","SNRPD1","Exc L3-4 RORB CUX2",-0.15461697779427,4.09320009337801,44.9873625896552,1.23141229950481e-10,3.38932375750471e-09,3.38932375750471e-09,"gpath_trio"
"17415","ABHD3","Exc L3-4 RORB CUX2",0.222463191439869,4.85758664964656,39.6291335453805,1.29910847203775e-09,2.78824610886826e-08,2.78824610886826e-08,"gpath_trio"
"17416","MIB1","Exc L3-4 RORB CUX2",0.0800810867606848,6.9722718215542,29.1680608438895,1.49776608647711e-07,1.93322713496136e-06,1.93322713496136e-06,"gpath_trio"
"17417","MIR133A1HG","Exc L3-4 RORB CUX2",0.236601220197398,-0.542570832238283,4.615701458462,0.0326043760534868,0.0779468286383573,0.0779468286383573,"gpath_trio"
"17418","LINC01900","Exc L3-4 RORB CUX2",-0.213259752600958,-0.0538898326594141,5.62715160220016,0.0253624978848928,0.0633983886541583,0.0633983886541583,"gpath_trio"
"17419","CTAGE1","Exc L3-4 RORB CUX2",0.00730595771076358,0.48190366867294,0.00763972036962012,0.930416480063509,0.965792986482882,0.965792986482882,"gpath_trio"
"17420","AC090912.1","Exc L3-4 RORB CUX2",0.014464817170237,2.19903542023271,0.10504509429266,0.746117893923808,0.845622634116782,0.845622634116782,"gpath_trio"
"17421","RBBP8","Exc L3-4 RORB CUX2",0.0547709975187553,4.59600360649882,5.86805333226616,0.0161021211716167,0.0438644740261094,0.0438644740261094,"gpath_trio"
"17422","CABLES1","Exc L3-4 RORB CUX2",0.17412990783518,4.54111242721084,29.3488952748846,1.37727422920816e-07,1.79383522106357e-06,1.79383522106357e-06,"gpath_trio"
"17423","TMEM241","Exc L3-4 RORB CUX2",0.014377369392547,7.28682613015781,0.538877285826755,0.463559842812159,0.609152597455566,0.609152597455566,"gpath_trio"
"17424","RIOK3","Exc L3-4 RORB CUX2",0.0337527026488082,5.66000660025028,3.54241368073578,0.060935164316351,0.129284566209105,0.129284566209105,"gpath_trio"
"17425","RMC1","Exc L3-4 RORB CUX2",0.0473884350021462,4.60736201763881,4.74690475507755,0.0302492756060476,0.0732540073643031,0.0732540073643031,"gpath_trio"
"17426","NPC1","Exc L3-4 RORB CUX2",-0.0645235780667656,4.95421357039508,6.44729219109684,0.0116955741295434,0.0336698356255049,0.0336698356255049,"gpath_trio"
"17427","ANKRD29","Exc L3-4 RORB CUX2",0.0485018523999346,4.88660012971782,1.97046570601781,0.161591664088441,0.276163644471352,0.276163644471352,"gpath_trio"
"17428","LAMA3","Exc L3-4 RORB CUX2",-0.0019028951991125,4.47367723503455,0.00193704425637089,0.964928727376062,0.981914509977406,0.981914509977406,"gpath_trio"
"17429","AC010754.1","Exc L3-4 RORB CUX2",0.0159055509974007,-0.541886227563071,0.0136314030282628,0.907145445313369,0.952616039933231,0.952616039933231,"gpath_trio"
"17430","TTC39C","Exc L3-4 RORB CUX2",-0.0563493400600915,7.35497871691003,5.44539967996278,0.0203825947057978,0.0531153252634293,0.0531153252634293,"gpath_trio"
"17431","TTC39C-AS1","Exc L3-4 RORB CUX2",-0.179294598909324,-0.379615053689591,3.20583313252537,0.0745394659343833,0.151856379402826,0.151856379402826,"gpath_trio"
"17432","AC090772.2","Exc L3-4 RORB CUX2",-0.476548534435201,1.68713471379851,64.1216007209177,3.92528723501339e-14,2.58799575053579e-12,2.58799575053579e-12,"gpath_trio"
"17433","AC090772.1","Exc L3-4 RORB CUX2",-0.548497988770329,1.10814996190299,54.3174925703975,2.27114514494524e-12,9.96094636940657e-11,9.96094636940657e-11,"gpath_trio"
"17434","CABYR","Exc L3-4 RORB CUX2",-0.0191060463995153,3.84541139509101,0.277589527874175,0.598734700844228,0.72816158837376,0.72816158837376,"gpath_trio"
"17435","AC090772.3","Exc L3-4 RORB CUX2",0.148032043868687,1.5509623760835,8.57067854210655,0.00371873302411834,0.0129109342215776,0.0129109342215776,"gpath_trio"
"17436","OSBPL1A","Exc L3-4 RORB CUX2",0.0922517509475145,8.17609956204792,21.8695785288524,4.69391966431166e-06,4.0608846152439e-05,4.0608846152439e-05,"gpath_trio"
"17437","AC023983.1","Exc L3-4 RORB CUX2",-0.26191038653787,-0.585473456581402,5.55430341673398,0.0191773662766566,0.0505689928939416,0.0505689928939416,"gpath_trio"
"17438","AC023983.2","Exc L3-4 RORB CUX2",-0.105044508907171,-0.560457037615751,0.933337024321186,0.397374796194347,0.545557986975287,0.545557986975287,"gpath_trio"
"17439","IMPACT","Exc L3-4 RORB CUX2",-0.0439968601083172,3.39802168240451,2.24108237585073,0.135599805473586,0.24231408994062,0.24231408994062,"gpath_trio"
"17440","HRH4","Exc L3-4 RORB CUX2",-0.0644291884051871,0.074165854360777,0.656103218837366,0.418679734135166,0.566941649518556,0.566941649518556,"gpath_trio"
"17441","AC007922.3","Exc L3-4 RORB CUX2",-0.258725867433838,0.434367230801887,1.97627082733912,0.160977669190662,0.275504901033061,0.275504901033061,"gpath_trio"
"17442","LINC01915","Exc L3-4 RORB CUX2",0.181231021198412,0.691370288934806,2.71069013806263,0.100885992176272,0.192306773635326,0.192306773635326,"gpath_trio"
"17443","AC018697.1","Exc L3-4 RORB CUX2",0.0629830644987478,4.91154883931373,1.64278003441761,0.201086231665584,0.326968247293554,0.326968247293554,"gpath_trio"
"17444","LINC01894","Exc L3-4 RORB CUX2",-0.324501225662929,0.637015233174715,11.0047308476203,0.00103853173792052,0.00437876234326989,0.00437876234326989,"gpath_trio"
"17445","ZNF521","Exc L3-4 RORB CUX2",-0.00456091360338972,5.28004068401969,0.00554763567134237,0.940683774868666,0.97138476114903,0.97138476114903,"gpath_trio"
"17446","SS18","Exc L3-4 RORB CUX2",0.0221658956225289,5.47089743710427,1.36424932459251,0.243872294162307,0.378354624325173,0.378354624325173,"gpath_trio"
"17447","PSMA8","Exc L3-4 RORB CUX2",-0.0615074879131461,-0.0803986290621651,0.531514083347695,0.46662719276871,0.61210686697716,0.61210686697716,"gpath_trio"
"17448","TAF4B","Exc L3-4 RORB CUX2",0.00968488589051529,5.70053369220246,0.25986475078677,0.610645505052628,0.738285675342289,0.738285675342289,"gpath_trio"
"17449","KCTD1","Exc L3-4 RORB CUX2",0.0684499361079598,8.55471033876993,17.7142465240511,3.53849253498742e-05,0.000237884328201837,0.000237884328201837,"gpath_trio"
"17450","AQP4-AS1","Exc L3-4 RORB CUX2",0.00337983210412641,8.25453002778459,0.0118584692871303,0.913368497179857,0.956016053468411,0.956016053468411,"gpath_trio"
"17451","PCAT18","Exc L3-4 RORB CUX2",-0.389164211364306,-0.573301525967622,10.1757462480726,0.00159756018664493,0.00630962051496411,0.00630962051496411,"gpath_trio"
"17452","AQP4","Exc L3-4 RORB CUX2",-0.0175005278533968,2.81439372186905,0.06805081242755,0.794402719494054,0.880138950808993,0.880138950808993,"gpath_trio"
"17453","CHST9","Exc L3-4 RORB CUX2",-0.304842271189939,3.09522155642982,31.5264156764626,5.04307387061887e-08,7.30394941419496e-07,7.30394941419496e-07,"gpath_trio"
"17454","LINC01908","Exc L3-4 RORB CUX2",0.0379299873617784,1.33285981930603,0.321926269679493,0.570941873081359,0.705535124852376,0.705535124852376,"gpath_trio"
"17455","AC090403.1","Exc L3-4 RORB CUX2",-0.29757180419456,0.588093668304104,13.7058994355358,0.000261010022703372,0.00134711619545677,0.00134711619545677,"gpath_trio"
"17456","AC021382.1","Exc L3-4 RORB CUX2",-0.179151647976325,-0.494521268071203,2.87380106146754,0.0912291542924215,0.177676241707656,0.177676241707656,"gpath_trio"
"17457","AC068408.1","Exc L3-4 RORB CUX2",-0.0408330196876983,-0.851125567675763,0.105612291260543,0.745457203045778,0.845111208779982,0.845111208779982,"gpath_trio"
"17458","CDH2","Exc L3-4 RORB CUX2",0.120724785093394,7.96182453902399,58.7051571443104,3.63295616253654e-13,1.86976761681568e-11,1.86976761681568e-11,"gpath_trio"
"17459","AC110015.1","Exc L3-4 RORB CUX2",-0.310479863642318,-0.409226439068394,7.01395172567169,0.00858230141870089,0.0260399048851328,0.0260399048851328,"gpath_trio"
"17460","DSC2","Exc L3-4 RORB CUX2",0.0739278803113651,1.70008508761781,1.59249245973563,0.20810123023227,0.33576793985413,0.33576793985413,"gpath_trio"
"17461","DSCAS","Exc L3-4 RORB CUX2",0.0106225251471019,1.3232968725623,0.0190908692931353,0.890213237547495,0.942834378052428,0.942834378052428,"gpath_trio"
"17462","DSC1","Exc L3-4 RORB CUX2",0.263022300157807,1.36441644596825,3.85831739362973,0.0505650788988064,0.11118806177476,0.11118806177476,"gpath_trio"
"17463","DSG1-AS1","Exc L3-4 RORB CUX2",0.083156070502554,0.937665447503307,1.49533229706413,0.222498189319973,0.352706919897104,0.352706919897104,"gpath_trio"
"17464","DSG3","Exc L3-4 RORB CUX2",-0.216221927217738,-0.570521274303596,3.42551331227721,0.0653304133336621,0.136598724117176,0.136598724117176,"gpath_trio"
"17465","DSG2","Exc L3-4 RORB CUX2",0.0682997364146446,0.256958736208382,0.541599399032932,0.46243402998636,0.608029624281466,0.608029624281466,"gpath_trio"
"17466","DSG2-AS1","Exc L3-4 RORB CUX2",0.0790770856861436,-1.32671200906034,0.266414265608579,0.606185987325194,0.734434439964316,0.734434439964316,"gpath_trio"
"17467","B4GALT6","Exc L3-4 RORB CUX2",-0.0582864657642174,6.19114699982522,9.7390118649038,0.00200742487363075,0.00766606034932812,0.00766606034932812,"gpath_trio"
"17468","AC017100.1","Exc L3-4 RORB CUX2",-0.0983305698099503,0.10666242288406,1.56556084410328,0.211977486528099,0.340415966783762,0.340415966783762,"gpath_trio"
"17469","TRAPPC8","Exc L3-4 RORB CUX2",0.0527748620473543,5.98849206788238,12.908092682964,0.000391192380906962,0.00190176055055372,0.00190176055055372,"gpath_trio"
"17470","AC022960.1","Exc L3-4 RORB CUX2",-0.393569644780859,-0.736684049207746,9.59370672409541,0.00216641925717895,0.00817268296813489,0.00817268296813489,"gpath_trio"
"17471","AC009831.1","Exc L3-4 RORB CUX2",-0.213856386216821,0.794752769361591,11.0722636661336,0.00100288221739213,0.00425423648778095,0.00425423648778095,"gpath_trio"
"17472","RNF125","Exc L3-4 RORB CUX2",-0.283794397278835,0.746496682281802,8.77535971836783,0.0033359104587132,0.0118047109848659,0.0118047109848659,"gpath_trio"
"17473","AC011825.4","Exc L3-4 RORB CUX2",-0.193891630365943,-0.435558802895736,3.75621763899748,0.0536939776407766,0.116581575430765,0.116581575430765,"gpath_trio"
"17474","RNF138","Exc L3-4 RORB CUX2",0.0347652212816102,4.92880632064437,3.46306430668451,0.0638826060101304,0.134183538938227,0.134183538938227,"gpath_trio"
"17475","AC011825.2","Exc L3-4 RORB CUX2",-0.0159711195948249,-0.0855319674375079,0.0398599110659983,0.841910786010819,0.910906877410793,0.910906877410793,"gpath_trio"
"17476","GAREM1","Exc L3-4 RORB CUX2",0.0450395757005256,7.43706708318856,2.79604306046801,0.0957001583667739,0.184319875422402,0.184319875422402,"gpath_trio"
"17477","MEP1B","Exc L3-4 RORB CUX2",-0.148318102611346,1.12616538411914,4.11934697579437,0.0434138483648052,0.0983686422686372,0.0983686422686372,"gpath_trio"
"17478","AC025887.2","Exc L3-4 RORB CUX2",-0.090689568701818,5.61314588622877,6.86654317153159,0.00929917587024541,0.0278561058919378,0.0278561058919378,"gpath_trio"
"17479","KLHL14","Exc L3-4 RORB CUX2",-0.37125750216481,2.25834396709919,15.76410414267,9.29169005828843e-05,0.000548128207385874,0.000548128207385874,"gpath_trio"
"17480","AC090371.2","Exc L3-4 RORB CUX2",-0.103282166354331,-0.291059756326714,0.776631745610047,0.378987165813437,0.527133131353746,0.527133131353746,"gpath_trio"
"17481","CCDC178","Exc L3-4 RORB CUX2",0.121791986645896,3.93450185190112,5.8920268682463,0.0158892723569893,0.0434203343780382,0.0434203343780382,"gpath_trio"
"17482","AC091198.1","Exc L3-4 RORB CUX2",0.138489212132967,-0.219862211613006,2.25812904965159,0.134128113359985,0.240386842590183,0.240386842590183,"gpath_trio"
"17483","ASXL3","Exc L3-4 RORB CUX2",0.0695076710263568,7.07933310985631,10.708135156382,0.00121104720792316,0.00499094871686037,0.00499094871686037,"gpath_trio"
"17484","NOL4","Exc L3-4 RORB CUX2",0.0867110192058163,8.17181318252284,38.7285617922806,1.93957148812682e-09,4.00449662034041e-08,4.00449662034041e-08,"gpath_trio"
"17485","AC104985.2","Exc L3-4 RORB CUX2",0.0102045159058046,-0.327474162438445,0.0112648394590228,0.919824912584023,0.959599542197158,0.959599542197158,"gpath_trio"
"17486","DTNA","Exc L3-4 RORB CUX2",0.0449594626323056,8.62912002448222,3.96023828003752,0.0476343499505312,0.105994980265245,0.105994980265245,"gpath_trio"
"17487","AC022601.1","Exc L3-4 RORB CUX2",-0.443362043647799,-0.372629327623598,17.8689414228013,3.27928568670091e-05,0.000222834586491044,0.000222834586491044,"gpath_trio"
"17488","MAPRE2","Exc L3-4 RORB CUX2",0.0727579479767942,7.78110861485646,27.3227216142061,3.53862243577541e-07,4.13146456260236e-06,4.13146456260236e-06,"gpath_trio"
"17489","AC015967.1","Exc L3-4 RORB CUX2",0.123035248196891,0.372203550633151,2.91600142939094,0.0888986074043024,0.174262678072381,0.174262678072381,"gpath_trio"
"17490","ZNF397","Exc L3-4 RORB CUX2",0.0129093740603882,4.64347290169737,0.440077536437384,0.507672766107213,0.649850774456762,0.649850774456762,"gpath_trio"
"17491","ZSCAN30","Exc L3-4 RORB CUX2",0.152964113333675,4.49057009292314,36.5694103077867,5.09982673677483e-09,9.6338019114637e-08,9.6338019114637e-08,"gpath_trio"
"17492","AC011815.2","Exc L3-4 RORB CUX2",0.0685152002267705,0.757873765812466,0.815216941127008,0.566103097390657,0.701328215526958,0.701328215526958,"gpath_trio"
"17493","ZNF24","Exc L3-4 RORB CUX2",0.01158735108071,5.12889234699244,0.258896059972204,0.611311080253736,0.738691964789119,0.738691964789119,"gpath_trio"
"17494","ZNF396","Exc L3-4 RORB CUX2",-0.0292919430044989,0.773907434005122,0.179520963334099,0.672135535088157,0.788750871408499,0.788750871408499,"gpath_trio"
"17495","GALNT1","Exc L3-4 RORB CUX2",0.127828551753515,6.31292555831997,41.6622686272766,5.28348106117957e-10,1.24091071489287e-08,1.24091071489287e-08,"gpath_trio"
"17496","AC090229.1","Exc L3-4 RORB CUX2",0.14381645222991,-0.326909456653042,2.10363255345338,0.1481549185459,0.258969457777121,0.258969457777121,"gpath_trio"
"17497","C18orf21","Exc L3-4 RORB CUX2",-0.0644531228753017,2.56794291748406,3.29296386664619,0.0707296420302374,0.145579527439302,0.145579527439302,"gpath_trio"
"17498","RPRD1A","Exc L3-4 RORB CUX2",-0.018852557032579,7.13604169958489,2.19572771564185,0.139604739141948,0.247432628673355,0.247432628673355,"gpath_trio"
"17499","SLC39A6","Exc L3-4 RORB CUX2",-0.0126005674491176,3.99163651178162,0.228679781697907,0.632906307814063,0.75604741311793,0.75604741311793,"gpath_trio"
"17500","ELP2","Exc L3-4 RORB CUX2",-0.0456892262963759,6.43049605310639,10.4869954909224,0.00135846967268911,0.0054968162147017,0.0054968162147017,"gpath_trio"
"17501","MOCOS","Exc L3-4 RORB CUX2",-0.102165283246037,0.613397512136525,2.39315826489037,0.123083470637339,0.224623158761494,0.224623158761494,"gpath_trio"
"17502","FHOD3","Exc L3-4 RORB CUX2",0.118754162315909,7.6306969895592,37.3058543517005,3.66392511903358e-09,7.16970798026211e-08,7.16970798026211e-08,"gpath_trio"
"17503","TPGS2","Exc L3-4 RORB CUX2",-0.00571217066663215,5.99926776389221,0.0784095317120528,0.875110947184633,0.933010799527029,0.933010799527029,"gpath_trio"
"17504","KIAA1328","Exc L3-4 RORB CUX2",0.106934543140994,7.2926856882838,19.7166005372238,1.32893640495921e-05,0.000101905328658503,0.000101905328658503,"gpath_trio"
"17505","AC016493.1","Exc L3-4 RORB CUX2",-0.22881040042899,0.67287878287671,7.22946599622787,0.00763514526390722,0.0236401251840589,0.0236401251840589,"gpath_trio"
"17506","AC015961.1","Exc L3-4 RORB CUX2",-0.13174057449625,0.138771469096325,2.60480045070195,0.107753492124912,0.202562226811957,0.202562226811957,"gpath_trio"
"17507","CELF4","Exc L3-4 RORB CUX2",0.0412026717748581,8.14596487392105,3.91647303450433,0.0488700801526004,0.108275188565639,0.108275188565639,"gpath_trio"
"17508","AC015961.2","Exc L3-4 RORB CUX2",-0.0357255914155243,1.45698276005078,0.462123192171769,0.497238147095334,0.640558049782796,0.640558049782796,"gpath_trio"
"17509","AC016205.1","Exc L3-4 RORB CUX2",-0.18710028969513,3.12346784793399,12.0815263974599,0.000596574349182158,0.00272860745743596,0.00272860745743596,"gpath_trio"
"17510","LINC01901","Exc L3-4 RORB CUX2",-0.135742186622981,-0.139436472738319,1.64382394176686,0.200943601267276,0.326806703391156,0.326806703391156,"gpath_trio"
"17511","LINC01902","Exc L3-4 RORB CUX2",0.149746689990223,4.17406922829324,7.06041879772632,0.00836832777794126,0.0255031741570944,0.0255031741570944,"gpath_trio"
"17512","AC021504.1","Exc L3-4 RORB CUX2",0.142020770709146,-0.104554942287958,0.819016331377244,0.366305729182328,0.514388396064138,0.514388396064138,"gpath_trio"
"17513","PIK3C3","Exc L3-4 RORB CUX2",0.0207083567344089,6.77855427178552,2.20949482389714,0.138375149430206,0.245813677175187,0.245813677175187,"gpath_trio"
"17514","LINC00907","Exc L3-4 RORB CUX2",-0.0778394881219183,4.32426011510903,5.32018331034759,0.0218664071623174,0.0562553895051968,0.0562553895051968,"gpath_trio"
"17515","RIT2","Exc L3-4 RORB CUX2",0.188028146394961,8.29383462656992,34.0845105485639,1.5678249622595e-08,2.59269414865454e-07,2.59269414865454e-07,"gpath_trio"
"17516","SYT4","Exc L3-4 RORB CUX2",-0.067242564084767,6.15899838857539,5.22343766472362,0.0230897232533639,0.0587285888346717,0.0587285888346717,"gpath_trio"
"17517","LINC01478","Exc L3-4 RORB CUX2",-0.36019926186077,2.14847395557237,32.4052881900989,3.37094304330401e-08,5.09429032948753e-07,5.09429032948753e-07,"gpath_trio"
"17518","SETBP1","Exc L3-4 RORB CUX2",0.075134588422995,8.45819743914553,16.9178705580652,5.24089978249209e-05,0.000336307738905146,0.000336307738905146,"gpath_trio"
"17519","AC090376.1","Exc L3-4 RORB CUX2",-0.316458280851495,-0.533671243531652,6.62118392448857,0.0106323833633207,0.0310971780740788,0.0310971780740788,"gpath_trio"
"17520","SLC14A2","Exc L3-4 RORB CUX2",-0.156119613307631,3.17328258216784,12.1860731610112,0.000565473974520272,0.00260228956111918,0.00260228956111918,"gpath_trio"
"17521","SLC14A2-AS1","Exc L3-4 RORB CUX2",0.00959134777175536,2.377645886957,0.027432796433906,0.868578036105327,0.929057261226409,0.929057261226409,"gpath_trio"
"17522","AC023421.2","Exc L3-4 RORB CUX2",-0.0714349131687384,1.88784178230642,1.62365661970961,0.203720390589593,0.330284384453957,0.330284384453957,"gpath_trio"
"17523","EPG5","Exc L3-4 RORB CUX2",0.032894562434588,5.99631392688083,5.30083296441251,0.0221055632620519,0.0567404247852286,0.0567404247852286,"gpath_trio"
"17524","PSTPIP2","Exc L3-4 RORB CUX2",-0.0533234593659978,1.06824088139871,0.819674842067123,0.366113420153367,0.514189923535967,0.514189923535967,"gpath_trio"
"17525","ATP5F1A","Exc L3-4 RORB CUX2",-0.204884630538661,5.72741139075828,68.7432807961815,6.0658554552317e-15,4.87564278124699e-13,4.87564278124699e-13,"gpath_trio"
"17526","HAUS1","Exc L3-4 RORB CUX2",-0.0250967318171962,3.02266911525679,0.48305668531912,0.487661660150691,0.631082360073136,0.631082360073136,"gpath_trio"
"17527","C18orf25","Exc L3-4 RORB CUX2",0.0392154440384353,5.76838360059761,4.99619535530255,0.0262525665729789,0.0651630820140071,0.0651630820140071,"gpath_trio"
"17528","RNF165","Exc L3-4 RORB CUX2",-0.0314990679197346,6.29246946795275,1.42936053890084,0.23295807585828,0.365184862505112,0.365184862505112,"gpath_trio"
"17529","LOXHD1","Exc L3-4 RORB CUX2",-0.111329205960119,2.87765704545225,1.59819574774975,0.207291208431733,0.334782271062296,0.334782271062296,"gpath_trio"
"17530","ST8SIA5","Exc L3-4 RORB CUX2",-0.0041410664397654,7.2143412709386,0.0275010986823578,0.868416028509007,0.929057261226409,0.929057261226409,"gpath_trio"
"17531","AC090241.3","Exc L3-4 RORB CUX2",0.00332466378830601,1.49024714080375,0.00441609201789918,0.947067700755024,0.974247155293769,0.974247155293769,"gpath_trio"
"17532","PIAS2","Exc L3-4 RORB CUX2",0.0420782613915488,7.08192880739218,10.1518843350979,0.00676064845880814,0.0213552657987246,0.0213552657987246,"gpath_trio"
"17533","KATNAL2","Exc L3-4 RORB CUX2",0.129940608368838,5.61599881902835,13.9657429767149,0.000228905227439634,0.00120077040135065,0.00120077040135065,"gpath_trio"
"17534","AC012254.1","Exc L3-4 RORB CUX2",-0.0115817893251463,0.718741846403666,0.0193703537757128,0.88941769252415,0.942342542348382,0.942342542348382,"gpath_trio"
"17535","HDHD2","Exc L3-4 RORB CUX2",-0.234713308188709,3.10928328854693,42.6358823972563,3.4426283561166e-10,8.49083460692573e-09,8.49083460692573e-09,"gpath_trio"
"17536","MIR4527HG","Exc L3-4 RORB CUX2",-0.136637187929021,0.400439424859018,1.64401699814792,0.20091723682416,0.326790168730041,0.326790168730041,"gpath_trio"
"17537","SMAD2","Exc L3-4 RORB CUX2",0.0655540396826466,6.28363314725046,19.9335344548958,1.19597185826196e-05,9.2945809863001e-05,9.2945809863001e-05,"gpath_trio"
"17538","ZBTB7C","Exc L3-4 RORB CUX2",0.153413698957624,6.73171463769707,23.9448012510199,1.74069935823732e-06,1.69539491243651e-05,1.69539491243651e-05,"gpath_trio"
"17539","CTIF","Exc L3-4 RORB CUX2",0.064784069923316,7.58847564603607,19.8875153145802,1.22300572374366e-05,9.47547637347478e-05,9.47547637347478e-05,"gpath_trio"
"17540","AC048380.1","Exc L3-4 RORB CUX2",-0.317168475310734,-0.0303138006497966,9.63242150359806,0.00212367923243258,0.00802946561362957,0.00802946561362957,"gpath_trio"
"17541","AC093567.1","Exc L3-4 RORB CUX2",-0.27996286462183,-0.492057068829282,4.36542931199713,0.0376474096363469,0.0878148752009859,0.0878148752009859,"gpath_trio"
"17542","SMAD7","Exc L3-4 RORB CUX2",0.0879867786019453,3.40640234807349,7.13162020159623,0.00805105912229068,0.0246891803909735,0.0246891803909735,"gpath_trio"
"17543","DYM","Exc L3-4 RORB CUX2",0.0695786518173899,7.60971701441152,25.3780589337039,8.82642523702638e-07,9.23615815129705e-06,9.23615815129705e-06,"gpath_trio"
"17544","AC016866.2","Exc L3-4 RORB CUX2",-0.497198176637596,0.518705150364989,33.124145570357,2.42741666230216e-08,3.80817505147326e-07,3.80817505147326e-07,"gpath_trio"
"17545","AC044840.1","Exc L3-4 RORB CUX2",-0.467580120023896,-0.11477239634869,23.660432605051,1.99292030444971e-06,1.90645647900773e-05,1.90645647900773e-05,"gpath_trio"
"17546","C18orf32","Exc L3-4 RORB CUX2",-0.0985578267188181,2.5775731314233,5.53508002534396,0.019384594031566,0.0509456003599153,0.0509456003599153,"gpath_trio"
"17547","ACAA2","Exc L3-4 RORB CUX2",0.134199425032031,0.00949869532076959,1.98971895862406,0.159565528639663,0.273867899736759,0.273867899736759,"gpath_trio"
"17548","SNHG22","Exc L3-4 RORB CUX2",0.188615106946761,4.52751842270573,40.6526532469079,8.25207139907247e-10,1.86017363660656e-08,1.86017363660656e-08,"gpath_trio"
"17549","CFAP53","Exc L3-4 RORB CUX2",0.0723297684897619,2.39383779531834,2.88857608963128,0.0904056936440215,0.176515520107242,0.176515520107242,"gpath_trio"
"17550","MBD1","Exc L3-4 RORB CUX2",-0.00668511517866926,4.66544233670588,0.114887668383652,0.798955786841584,0.882648833617839,0.882648833617839,"gpath_trio"
"17551","CXXC1","Exc L3-4 RORB CUX2",-0.0483924523090273,4.15988250743403,3.48845872321722,0.0629230382639181,0.132581963130501,0.132581963130501,"gpath_trio"
"17552","SKA1","Exc L3-4 RORB CUX2",-0.212737926657984,-0.993324171151564,3.07704092648956,0.0805829622634714,0.161253844838875,0.161253844838875,"gpath_trio"
"17553","MAPK4","Exc L3-4 RORB CUX2",0.0418319479203993,7.26567272070638,3.84583184698061,0.0509370667468433,0.111896267597731,0.111896267597731,"gpath_trio"
"17554","MRO","Exc L3-4 RORB CUX2",0.0567534732802979,1.17576243141832,0.755761258902509,0.385460088796039,0.533707864351114,0.533707864351114,"gpath_trio"
"17555","ME2","Exc L3-4 RORB CUX2",0.0808322134691204,5.78078056915,18.9403089710124,1.94000155474441e-05,0.000140587397151467,0.000140587397151467,"gpath_trio"
"17556","AC091551.1","Exc L3-4 RORB CUX2",-0.141252689458783,3.01577475079983,11.371833790347,0.000859160510668041,0.00371327405799651,0.00371327405799651,"gpath_trio"
"17557","SMAD4","Exc L3-4 RORB CUX2",0.0386176915460857,4.27978692970097,2.40783458627682,0.121945591261684,0.223036648621999,0.223036648621999,"gpath_trio"
"17558","MEX3C","Exc L3-4 RORB CUX2",-0.0114302922340238,3.40560625401369,0.168970185655986,0.972853245492191,0.985690707924104,0.985690707924104,"gpath_trio"
"17559","LINC01630","Exc L3-4 RORB CUX2",0.00724397075691325,2.13933038840694,0.00651065863876588,0.935751634293231,0.969109144570926,0.969109144570926,"gpath_trio"
"17560","DCC","Exc L3-4 RORB CUX2",0.0990414315279667,9.48677028256707,8.49550492271945,0.00387038316570983,0.0133524248235629,0.0133524248235629,"gpath_trio"
"17561","AC103949.1","Exc L3-4 RORB CUX2",-0.128642417540202,1.11826619858742,3.45332780489996,0.0642546674069425,0.134782482318056,0.134782482318056,"gpath_trio"
"17562","MBD2","Exc L3-4 RORB CUX2",0.0227281141821528,5.7898153474035,1.37176117190628,0.242581737531974,0.376837644102314,0.376837644102314,"gpath_trio"
"17563","AC093462.1","Exc L3-4 RORB CUX2",-0.130294405594836,-0.0720953810527617,2.10739545574706,0.352950316382731,0.500440834424175,0.500440834424175,"gpath_trio"
"17564","POLI","Exc L3-4 RORB CUX2",0.012812085579971,4.29424621458242,0.164480278043928,0.685398213105237,0.798747051143608,0.798747051143608,"gpath_trio"
"17565","STARD6","Exc L3-4 RORB CUX2",-0.0525048697665511,1.09816972686476,0.846197571981384,0.358482898507305,0.506151058673446,0.506151058673446,"gpath_trio"
"17566","C18orf54","Exc L3-4 RORB CUX2",0.211256316096546,0.141747610399028,6.07035595020343,0.0143947743236066,0.0400737645893146,0.0400737645893146,"gpath_trio"
"17567","RAB27B","Exc L3-4 RORB CUX2",0.160412702443111,6.79673314663623,26.7070203674829,4.72194490438666e-07,5.29251324700004e-06,5.29251324700004e-06,"gpath_trio"
"17568","CCDC68","Exc L3-4 RORB CUX2",0.12739996561713,3.96474108107447,6.1927046485209,0.0134542922522799,0.0378842074235517,0.0378842074235517,"gpath_trio"
"17569","TCF4","Exc L3-4 RORB CUX2",0.0883462104473274,9.04545825665133,31.46040880516,5.19829514232773e-08,7.48477138239289e-07,7.48477138239289e-07,"gpath_trio"
"17570","TCF4-AS1","Exc L3-4 RORB CUX2",-0.314988777639273,1.34494106518712,20.1184995502906,1.09327303668436e-05,8.58574679451422e-05,8.58574679451422e-05,"gpath_trio"
"17571","AC022031.2","Exc L3-4 RORB CUX2",-0.0494507777212119,-0.000977396808702178,0.399746807781383,0.527775614225646,0.667997052509561,0.667997052509561,"gpath_trio"
"17572","LINC01416","Exc L3-4 RORB CUX2",0.030628865928198,0.046407092578722,0.142061718453864,0.706547353158859,0.815760149363625,0.815760149363625,"gpath_trio"
"17573","AC006305.1","Exc L3-4 RORB CUX2",0.180329218759119,-0.707223413817897,2.05334950189564,0.153073017348949,0.265381810175737,0.265381810175737,"gpath_trio"
"17574","TXNL1","Exc L3-4 RORB CUX2",-0.0823738598185141,6.0307673691135,30.9535468878651,6.56271694916588e-08,9.19189003220049e-07,9.19189003220049e-07,"gpath_trio"
"17575","WDR7","Exc L3-4 RORB CUX2",0.041901423938312,8.13245669944809,12.3036139980072,0.000532470608884421,0.00247525219683023,0.00247525219683023,"gpath_trio"
"17576","ST8SIA3","Exc L3-4 RORB CUX2",0.0189075036805589,6.72587307035255,0.736021320711335,0.391728509277665,0.53968332932784,0.53968332932784,"gpath_trio"
"17577","ONECUT2","Exc L3-4 RORB CUX2",0.022241484141446,5.57473378487708,0.169233406516615,0.681132887532961,0.795566313533731,0.795566313533731,"gpath_trio"
"17578","FECH","Exc L3-4 RORB CUX2",0.0655307952277028,4.64915414173984,7.63301878240672,0.00614015122485535,0.0197666428851854,0.0197666428851854,"gpath_trio"
"17579","NARS","Exc L3-4 RORB CUX2",-0.130380230617607,5.57083159687727,47.1646809525912,4.7913556055399e-11,1.47806726822274e-09,1.47806726822274e-09,"gpath_trio"
"17580","AC027097.1","Exc L3-4 RORB CUX2",-0.0565840300854007,-0.864989305510841,0.212983621812666,0.644824710402045,0.766201692229298,0.766201692229298,"gpath_trio"
"17581","AC027097.2","Exc L3-4 RORB CUX2",-0.0558156854761172,3.25829133538089,2.09267552994968,0.149211110030571,0.260341965308896,0.260341965308896,"gpath_trio"
"17582","ATP8B1","Exc L3-4 RORB CUX2",0.0043959352220656,5.85305808524435,0.0175986206530682,0.894565049503254,0.945606720828259,0.945606720828259,"gpath_trio"
"17583","NEDD4L","Exc L3-4 RORB CUX2",0.0297848372824161,8.41199048600784,4.09920631307118,0.0439254610607929,0.0993048158786975,0.0993048158786975,"gpath_trio"
"17584","AC090236.1","Exc L3-4 RORB CUX2",-0.430468807063762,-0.114499722080467,17.0448240620167,4.92214895901589e-05,0.000317469166394327,0.000317469166394327,"gpath_trio"
"17585","ALPK2","Exc L3-4 RORB CUX2",-0.0879305528455752,0.445176397480205,1.91680429104342,0.167396386832029,0.283847882361421,0.283847882361421,"gpath_trio"
"17586","MALT1","Exc L3-4 RORB CUX2",0.0144248805274027,6.14062699462886,0.897866922340144,0.469938716680318,0.615330582101857,0.615330582101857,"gpath_trio"
"17587","AC104365.1","Exc L3-4 RORB CUX2",-0.423231771188516,2.17672865199618,63.6973378684771,4.66592143897846e-14,2.99664702468549e-12,2.99664702468549e-12,"gpath_trio"
"17588","ZNF532","Exc L3-4 RORB CUX2",0.0897260047433409,7.14291399200512,28.0472887348208,2.52261008084857e-07,3.06403722944731e-06,3.06403722944731e-06,"gpath_trio"
"17589","SEC11C","Exc L3-4 RORB CUX2",-0.069184720546646,3.83804307886786,5.86557493380198,0.0161242936894116,0.0439062991161854,0.0439062991161854,"gpath_trio"
"17590","GRP","Exc L3-4 RORB CUX2",0.049351237079771,-0.597929252133895,0.127725805245651,0.721091669340315,0.827143512907377,0.827143512907377,"gpath_trio"
"17591","LMAN1","Exc L3-4 RORB CUX2",0.034955708701968,4.40830332981154,1.95677422167363,0.163050445708265,0.278044353153938,0.278044353153938,"gpath_trio"
"17592","AC016229.2","Exc L3-4 RORB CUX2",0.00420961262827489,-1.11603934545228,0.000408558984935847,0.983889085984483,0.992101274976856,0.992101274976856,"gpath_trio"
"17593","CCBE1","Exc L3-4 RORB CUX2",0.167757252518033,4.84882917827962,2.43328023638711,0.120000423025425,0.220211800485533,0.220211800485533,"gpath_trio"
"17594","AC090771.2","Exc L3-4 RORB CUX2",-0.129322173593429,-0.627444355138542,1.32940654588673,0.297362590169011,0.440605923667728,0.440605923667728,"gpath_trio"
"17595","MC4R","Exc L3-4 RORB CUX2",-0.0499475203779998,-0.313548575656787,0.183596290326733,0.668655437090258,0.785679874391144,0.785679874391144,"gpath_trio"
"17596","AC113137.1","Exc L3-4 RORB CUX2",0.0931375920935468,1.00956590090029,0.658776141745182,0.417734755657793,0.566194067544238,0.566194067544238,"gpath_trio"
"17597","CDH20","Exc L3-4 RORB CUX2",0.543552383222108,5.52638014538612,37.2283328588375,3.7935302971751e-09,7.40895195987489e-08,7.40895195987489e-08,"gpath_trio"
"17598","AC105094.2","Exc L3-4 RORB CUX2",0.0866318791368741,-0.59277628181017,0.77731669642003,0.48697771366699,0.630480355081276,0.630480355081276,"gpath_trio"
"17599","RNF152","Exc L3-4 RORB CUX2",0.45701161543215,-1.8418358736006,1.6544488163073,0.251967251458864,0.38844675034465,0.38844675034465,"gpath_trio"
"17600","PIGN","Exc L3-4 RORB CUX2",0.0804327528091587,6.26132321272602,14.9071198697931,0.000142581822510778,0.000791576298611706,0.000791576298611706,"gpath_trio"
"17601","KIAA1468","Exc L3-4 RORB CUX2",0.0429064828818042,6.89208824748142,10.366973571112,0.00144601670413706,0.00579642102244489,0.00579642102244489,"gpath_trio"
"17602","TNFRSF11A","Exc L3-4 RORB CUX2",0.0424220517457885,3.7901366670815,0.982984940376182,0.322384747310284,0.467888085532334,0.467888085532334,"gpath_trio"
"17603","ZCCHC2","Exc L3-4 RORB CUX2",0.049139643679767,6.16044714161844,8.43103740777446,0.00400547594049276,0.0137491638106381,0.0137491638106381,"gpath_trio"
"17604","PHLPP1","Exc L3-4 RORB CUX2",0.0840421571545489,5.86283521813352,10.1667105404898,0.00160510914869141,0.00633347879422046,0.00633347879422046,"gpath_trio"
"17605","BCL2","Exc L3-4 RORB CUX2",0.0449251550740488,6.34894809982233,1.27972467479475,0.258992556604903,0.396688037466134,0.396688037466134,"gpath_trio"
"17606","KDSR","Exc L3-4 RORB CUX2",-0.00322241958380908,4.65087514143037,0.0246604088385448,0.875338089313148,0.933154343561044,0.933154343561044,"gpath_trio"
"17607","AC036176.1","Exc L3-4 RORB CUX2",0.0860122460920729,2.22495922075476,4.17089743648377,0.0421328777662709,0.0960921104379964,0.0960921104379964,"gpath_trio"
"17608","VPS4B","Exc L3-4 RORB CUX2",0.0148777379478351,5.30735693962345,0.748012616875492,0.387903421776395,0.535897711065915,0.535897711065915,"gpath_trio"
"17609","SERPINB7","Exc L3-4 RORB CUX2",0.339857373376159,0.941962966084288,9.08077044818933,0.00283815867418715,0.010283737652968,0.010283737652968,"gpath_trio"
"17610","SERPINB2","Exc L3-4 RORB CUX2",-0.0529740337902182,-1.0527925689103,0.151078455096549,0.697824967370308,0.808883580390461,0.808883580390461,"gpath_trio"
"17611","AC009802.1","Exc L3-4 RORB CUX2",0.115314136439196,-0.146367183466336,1.57521305162265,0.210578446405418,0.338654456455106,0.338654456455106,"gpath_trio"
"17612","SERPINB8","Exc L3-4 RORB CUX2",-0.127840043516995,1.32121546006302,4.19018195662756,0.0416640079326092,0.0953028752880261,0.0953028752880261,"gpath_trio"
"17613","LINC01924","Exc L3-4 RORB CUX2",-0.0749678145785646,1.10253986232421,0.817215481590361,0.366832361835614,0.515020382744155,0.515020382744155,"gpath_trio"
"17614","LINC01538","Exc L3-4 RORB CUX2",-0.143826213039731,-0.396350828646471,2.09986459319681,0.148517166681902,0.259506498227057,0.259506498227057,"gpath_trio"
"17615","CDH7","Exc L3-4 RORB CUX2",0.184433197182113,3.84018693936654,7.43607917103674,0.00682796017099681,0.0215375385318731,0.0215375385318731,"gpath_trio"
"17616","AC110597.1","Exc L3-4 RORB CUX2",0.107446896512028,-0.29451509244266,1.1187571276392,0.291167930405287,0.433624639841048,0.433624639841048,"gpath_trio"
"17617","DSEL","Exc L3-4 RORB CUX2",-0.0121634562208815,2.99339273875151,0.0756848634660245,0.783451123098761,0.873025485143193,0.873025485143193,"gpath_trio"
"17618","AC110597.3","Exc L3-4 RORB CUX2",-0.422474113213261,-0.231687331943894,15.8620845002063,8.84915688146126e-05,0.000524168350215739,0.000524168350215739,"gpath_trio"
"17619","AC114689.3","Exc L3-4 RORB CUX2",0.0729561956082499,2.97867613379457,2.47248832975364,0.117070430897662,0.215994142053985,0.215994142053985,"gpath_trio"
"17620","TMX3","Exc L3-4 RORB CUX2",-0.036626799334862,6.01669796051154,5.53914628579291,0.0193405663967229,0.0508663703629104,0.0508663703629104,"gpath_trio"
"17621","CCDC102B","Exc L3-4 RORB CUX2",0.0443496238819151,6.2395006628796,2.24746761204757,0.135046431541695,0.241624845366593,0.241624845366593,"gpath_trio"
"17622","AC090337.1","Exc L3-4 RORB CUX2",-0.176860247830563,-1.4996035424868,1.155279204569,0.283443164228714,0.424817312110119,0.424817312110119,"gpath_trio"
"17623","AC026585.1","Exc L3-4 RORB CUX2",0.15177973379989,-1.5762975261552,0.813924345696348,0.367797537688011,0.516230002092111,0.516230002092111,"gpath_trio"
"17624","DOK6","Exc L3-4 RORB CUX2",0.0730537885028122,7.04103623357511,7.86346671100387,0.00542489359929803,0.0178369016241587,0.0178369016241587,"gpath_trio"
"17625","AC119868.2","Exc L3-4 RORB CUX2",-0.355969151727902,1.76401610010932,35.2873385497718,9.0904335538283e-09,1.59616620494766e-07,1.59616620494766e-07,"gpath_trio"
"17626","AC068254.1","Exc L3-4 RORB CUX2",-0.0887761430461075,-1.35002929175619,0.326613310549903,0.568153823670142,0.703221067027307,0.703221067027307,"gpath_trio"
"17627","CD226","Exc L3-4 RORB CUX2",0.0986987386963721,2.73127199062716,4.35940834620707,0.0377784044134353,0.0880578537157277,0.0880578537157277,"gpath_trio"
"17628","RTTN","Exc L3-4 RORB CUX2",0.080947868385181,4.96212583432228,9.75833197246672,0.0019872011183291,0.00759457900403289,0.00759457900403289,"gpath_trio"
"17629","SOCS6","Exc L3-4 RORB CUX2",0.030636641149839,4.23946751698068,1.41880793945084,0.234685932794148,0.367125200874391,0.367125200874391,"gpath_trio"
"17630","LINC01909","Exc L3-4 RORB CUX2",0.111276365548838,0.625428913533561,2.01926657230896,0.156512330354102,0.269906510376443,0.269906510376443,"gpath_trio"
"17631","GTSCR1","Exc L3-4 RORB CUX2",-0.302465616165755,-0.231040282649433,8.83500997324051,0.00323211840059167,0.0114778465099077,0.0114778465099077,"gpath_trio"
"17632","AC091691.2","Exc L3-4 RORB CUX2",-0.1642622241859,-0.462151444517217,2.41757634317802,0.121196772966308,0.221922753185266,0.221922753185266,"gpath_trio"
"17633","LINC01899","Exc L3-4 RORB CUX2",-0.474961862142955,-0.0773007903762448,19.6032929942261,1.404234733361e-05,0.000106705972676302,0.000106705972676302,"gpath_trio"
"17634","AC069114.1","Exc L3-4 RORB CUX2",-0.291667961371052,-0.797174587279236,4.75210010624849,0.0301597766665045,0.0730723542988744,0.0730723542988744,"gpath_trio"
"17635","CBLN2","Exc L3-4 RORB CUX2",0.156050445191507,9.08605058128735,16.5837450904818,6.18347799843384e-05,0.00038670697029883,0.00038670697029883,"gpath_trio"
"17636","NETO1","Exc L3-4 RORB CUX2",0.0923133001606629,7.41424614067463,13.4790214203035,0.00029276544395479,0.0014829381952769,0.0014829381952769,"gpath_trio"
"17637","AC091138.1","Exc L3-4 RORB CUX2",0.0480773648243781,5.11934806994881,3.09668678405189,0.0796277736777473,0.159865691506474,0.159865691506474,"gpath_trio"
"17638","AC090125.1","Exc L3-4 RORB CUX2",0.17490170657751,1.05626820634913,5.40286115746345,0.0208745444136941,0.0541455301550886,0.0541455301550886,"gpath_trio"
"17639","FBXO15","Exc L3-4 RORB CUX2",0.184519383204666,3.03191579698507,17.5474842254939,3.8412246457152e-05,0.000256018193681216,0.000256018193681216,"gpath_trio"
"17640","TIMM21","Exc L3-4 RORB CUX2",-0.0322065689141787,3.56201242679265,1.43032668827055,0.42606550604261,0.574244878375955,0.574244878375955,"gpath_trio"
"17641","CYB5A","Exc L3-4 RORB CUX2",-0.0982652685730922,3.64114465325798,6.55661599649013,0.0110149969909141,0.0320028174383197,0.0320028174383197,"gpath_trio"
"17642","C18orf63","Exc L3-4 RORB CUX2",-0.0879138323725132,-0.530040381856294,0.433429808895973,0.510893293050591,0.652714930864003,0.652714930864003,"gpath_trio"
"17643","CNDP2","Exc L3-4 RORB CUX2",-0.0802012286156411,4.10001120716892,9.87366424442526,0.00187072596117991,0.00720402677358363,0.00720402677358363,"gpath_trio"
"17644","LINC00909","Exc L3-4 RORB CUX2",0.0320509066604891,3.46936919901037,1.13060528488082,0.288632802656916,0.43067574836205,0.43067574836205,"gpath_trio"
"17645","ZNF407","Exc L3-4 RORB CUX2",0.103781537713714,6.77070223633151,32.6396215865354,3.02842401047595e-08,4.62516687443999e-07,4.62516687443999e-07,"gpath_trio"
"17646","ZADH2","Exc L3-4 RORB CUX2",0.0163367934040981,5.71803081014012,0.630717422765022,0.4278165218461,0.575835501250588,0.575835501250588,"gpath_trio"
"17647","TSHZ1","Exc L3-4 RORB CUX2",0.0701013301467937,6.26784689780895,9.19818303881592,0.00266763246899869,0.00976760164465492,0.00976760164465492,"gpath_trio"
"17648","AC116003.1","Exc L3-4 RORB CUX2",0.0454513979862897,-0.527313031177549,0.188948714961845,0.705599649737222,0.815412586404426,0.815412586404426,"gpath_trio"
"17649","ZNF516","Exc L3-4 RORB CUX2",0.190542937872252,4.53431706656511,15.313574932779,0.000116338714956574,0.000664935422836202,0.000664935422836202,"gpath_trio"
"17650","AC009716.1","Exc L3-4 RORB CUX2",0.00343332645726804,-1.05869205583616,0.00187325269286156,0.97777716557537,0.988396679876598,0.988396679876598,"gpath_trio"
"17651","LINC00908","Exc L3-4 RORB CUX2",-0.360317565490416,1.3122780073746,37.0437445607734,4.12107170795072e-09,7.9868032380313e-08,7.9868032380313e-08,"gpath_trio"
"17652","LINC00683","Exc L3-4 RORB CUX2",0.259058446410403,-0.716730779793373,3.79399888346389,0.052512773945512,0.114608958713837,0.114608958713837,"gpath_trio"
"17653","ZNF236-DT","Exc L3-4 RORB CUX2",0.0723451864217586,3.69717691735285,6.69464583620532,0.010213705406949,0.0301215475201279,0.0301215475201279,"gpath_trio"
"17654","ZNF236","Exc L3-4 RORB CUX2",0.0636229916106141,6.19307919786701,13.5158540627626,0.000287355086227967,0.00146002708569155,0.00146002708569155,"gpath_trio"
"17655","AC093330.1","Exc L3-4 RORB CUX2",0.0871559569741977,0.115608373188355,1.18858200918475,0.276625106693608,0.416847141233893,0.416847141233893,"gpath_trio"
"17656","MBP","Exc L3-4 RORB CUX2",0.0500884366628186,6.05786936490572,1.37967956602071,0.241230370248418,0.375179056410873,0.375179056410873,"gpath_trio"
"17657","AC100863.1","Exc L3-4 RORB CUX2",0.037759933514972,0.925441882848785,0.149138828173209,0.69967550854782,0.810469850430744,0.810469850430744,"gpath_trio"
"17658","AC124254.1","Exc L3-4 RORB CUX2",-0.891898362816284,-1.75085626327513,9.0500463255275,0.0028856142884886,0.0104367739702067,0.0104367739702067,"gpath_trio"
"17659","ATP9B","Exc L3-4 RORB CUX2",0.0877208894462438,7.90658046634626,29.1908417830187,1.48201927154887e-07,1.91787933313011e-06,1.91787933313011e-06,"gpath_trio"
"17660","NFATC1","Exc L3-4 RORB CUX2",-0.366880475082748,-1.47345354742629,2.91437231321201,0.0889873613980101,0.174387568354041,0.174387568354041,"gpath_trio"
"17661","AC068473.4","Exc L3-4 RORB CUX2",0.102929213774265,-0.0338112235917446,1.67348448706909,0.196940489329931,0.321800791466053,0.321800791466053,"gpath_trio"
"17662","AC068473.1","Exc L3-4 RORB CUX2",0.0915402557710229,1.20400873328475,2.66515116931962,0.103778510340149,0.196742289617788,0.196742289617788,"gpath_trio"
"17663","CTDP1","Exc L3-4 RORB CUX2",0.0354156541695539,3.85262885410815,1.98240806666718,0.160331451702808,0.274686249580615,0.274686249580615,"gpath_trio"
"17664","PQLC1","Exc L3-4 RORB CUX2",0.00069343688473018,5.49312489148775,0.00116209887335421,0.9728318798009,0.985690707924104,0.985690707924104,"gpath_trio"
"17665","HSBP1L1","Exc L3-4 RORB CUX2",-0.0214666072218291,2.16070183672791,0.20472332616253,0.825342455421108,0.899871223589867,0.899871223589867,"gpath_trio"
"17666","TXNL4A","Exc L3-4 RORB CUX2",0.0112954638064799,5.91586446024568,0.29420254009029,0.588004530775276,0.719667035209366,0.719667035209366,"gpath_trio"
"17667","AC090360.1","Exc L3-4 RORB CUX2",-0.00546306973368298,2.05213361757464,0.0112391322104124,0.915652376164331,0.957270955921673,0.957270955921673,"gpath_trio"
"17668","ADNP2","Exc L3-4 RORB CUX2",0.05633615439212,5.24721803524835,7.36419373697883,0.00709833914219413,0.0222305172607524,0.0222305172607524,"gpath_trio"
"17669","PARD6G-AS1","Exc L3-4 RORB CUX2",0.22134015634419,3.89614510933944,43.6354461108525,2.2213435270239e-10,5.77520691465299e-09,5.77520691465299e-09,"gpath_trio"
"17670","PARD6G","Exc L3-4 RORB CUX2",0.156951249031547,3.05135706304079,15.5098338800304,0.000105477071731885,0.000611318564260494,0.000611318564260494,"gpath_trio"
"17671","AC139100.1","Exc L3-4 RORB CUX2",-0.0110742800611226,0.548167945850182,0.0219336008069804,0.882378662195507,0.937699100893316,0.937699100893316,"gpath_trio"
"17672","C20orf96","Exc L3-4 RORB CUX2",0.0255154152997225,3.2847781863516,0.478700324848075,0.48962897529438,0.633181499683617,0.633181499683617,"gpath_trio"
"17673","ZCCHC3","Exc L3-4 RORB CUX2",-0.0285721102529777,3.45599172431992,0.68911360216044,0.407227590644624,0.555510116758365,0.555510116758365,"gpath_trio"
"17674","NRSN2-AS1","Exc L3-4 RORB CUX2",0.155864216486206,4.48154692580254,31.2824550455196,5.6412312632575e-08,8.04892791628148e-07,8.04892791628148e-07,"gpath_trio"
"17675","SOX12","Exc L3-4 RORB CUX2",0.0427414114712748,3.71541633220044,1.70464001961823,0.330806208395775,0.477124339032368,0.477124339032368,"gpath_trio"
"17676","NRSN2","Exc L3-4 RORB CUX2",-0.0443006613296246,5.41528270696542,4.28029910644657,0.0395449112084041,0.0914405253443613,0.0914405253443613,"gpath_trio"
"17677","TRIB3","Exc L3-4 RORB CUX2",0.131764598047757,2.6627838236539,7.68664394618432,0.00596549590267267,0.0192905721808657,0.0192905721808657,"gpath_trio"
"17678","RBCK1","Exc L3-4 RORB CUX2",-0.0222835224192457,4.6161249106896,0.825763633841246,0.373842481578265,0.522173363738681,0.522173363738681,"gpath_trio"
"17679","TBC1D20","Exc L3-4 RORB CUX2",-0.0185949635900375,4.74696240584108,0.982247509368125,0.525695662094517,0.666158531672437,0.666158531672437,"gpath_trio"
"17680","CSNK2A1","Exc L3-4 RORB CUX2",0.006123193219411,6.49903811650625,0.197147755018778,0.657402315810975,0.776618557295141,0.776618557295141,"gpath_trio"
"17681","FAM110A","Exc L3-4 RORB CUX2",0.0309788514715123,0.681113136292122,0.227652554587235,0.633670705313434,0.756648735610166,0.756648735610166,"gpath_trio"
"17682","ANGPT4","Exc L3-4 RORB CUX2",0.0410234424131212,-0.876440985387521,0.103810035859486,0.747563385792092,0.846854943222628,0.846854943222628,"gpath_trio"
"17683","RSPO4","Exc L3-4 RORB CUX2",0.0145718988127281,2.45926157276771,0.0479760176008485,0.826795181215513,0.900940324508944,0.900940324508944,"gpath_trio"
"17684","PSMF1","Exc L3-4 RORB CUX2",0.0358851604461722,5.40150203992145,4.24329961960294,0.0404008365266319,0.0930382573405634,0.0930382573405634,"gpath_trio"
"17685","TMEM74B","Exc L3-4 RORB CUX2",-0.00584116829481302,4.21503103004492,0.0368204826290491,0.847980775538401,0.915258514149756,0.915258514149756,"gpath_trio"
"17686","C20orf202","Exc L3-4 RORB CUX2",-0.287081827221838,-0.985840736351185,5.13654016232169,0.0242494071409913,0.0610395245252026,0.0610395245252026,"gpath_trio"
"17687","RAD21L1","Exc L3-4 RORB CUX2",-0.345900972243906,0.807720362678369,8.5953896516716,0.00367022261896983,0.0127710833628348,0.0127710833628348,"gpath_trio"
"17688","SNPH","Exc L3-4 RORB CUX2",0.00408584390725912,5.65618605039883,0.03083287842111,0.860750426604427,0.923900822342217,0.923900822342217,"gpath_trio"
"17689","SDCBP2","Exc L3-4 RORB CUX2",-0.131678569274301,3.5347341173438,12.6208653500571,0.000452828418978463,0.00215416490282728,0.00215416490282728,"gpath_trio"
"17690","AL136531.2","Exc L3-4 RORB CUX2",-0.0269583821801163,5.45440652793479,0.329056370679174,0.566711101105251,0.701828507524607,0.701828507524607,"gpath_trio"
"17691","SDCBP2-AS1","Exc L3-4 RORB CUX2",0.0837866842304167,3.86761452587901,4.65827497646792,0.0318197687916463,0.0763788025427085,0.0763788025427085,"gpath_trio"
"17692","NSFL1C","Exc L3-4 RORB CUX2",-0.0351610446777422,5.40967862817224,3.16951345316186,0.0761924827215802,0.154521847497777,0.154521847497777,"gpath_trio"
"17693","SIRPG","Exc L3-4 RORB CUX2",-0.162218793825572,0.0767809493479595,2.80101379303543,0.0954072863296467,0.183878678037889,0.183878678037889,"gpath_trio"
"17694","AL121760.1","Exc L3-4 RORB CUX2",0.106034573105591,2.63305330105344,6.0029189684879,0.0149420218861647,0.0413632397850401,0.0413632397850401,"gpath_trio"
"17695","AL117335.1","Exc L3-4 RORB CUX2",0.0666979203758787,3.07959736133407,2.38675132467634,0.123583920342769,0.225312271183388,0.225312271183388,"gpath_trio"
"17696","SIRPA","Exc L3-4 RORB CUX2",-0.0195162548049189,7.1868179884835,1.69294906398165,0.194364500922435,0.318457795548993,0.318457795548993,"gpath_trio"
"17697","PDYN-AS1","Exc L3-4 RORB CUX2",0.204862579220874,-0.164116754717735,3.90375004676645,0.0492356733818078,0.108917731412058,0.108917731412058,"gpath_trio"
"17698","PDYN","Exc L3-4 RORB CUX2",-0.0133478062501659,-0.516076564819123,0.0142893899999088,0.904941258985222,0.951837229551476,0.951837229551476,"gpath_trio"
"17699","STK35","Exc L3-4 RORB CUX2",0.0852366064594732,4.89293521745331,14.5690136002242,0.000168943993009699,0.00091847077848846,0.00091847077848846,"gpath_trio"
"17700","AL121899.1","Exc L3-4 RORB CUX2",-0.327488454333003,-0.2827252394996,12.9217813698513,0.000388477403965701,0.00189129624155599,0.00189129624155599,"gpath_trio"
"17701","TGM3","Exc L3-4 RORB CUX2",0.0296981298943941,0.195026772521579,0.136745633338621,0.984293254267546,0.992134637067724,0.992134637067724,"gpath_trio"
"17702","TGM6","Exc L3-4 RORB CUX2",0.0273868249514812,-0.966652375338386,0.0516456305961009,0.820402688239675,0.897107004619807,0.897107004619807,"gpath_trio"
"17703","SNRPB","Exc L3-4 RORB CUX2",-0.123545967333424,3.45306503686684,14.7878004216615,0.000151371942544719,0.000834508214785664,0.000834508214785664,"gpath_trio"
"17704","AL049650.1","Exc L3-4 RORB CUX2",0.0755159805607292,4.34235614900517,9.19001868135109,0.00267914388355728,0.00979440655661916,0.00979440655661916,"gpath_trio"
"17705","ZNF343","Exc L3-4 RORB CUX2",0.151757938994345,2.62542906698503,8.4856517857642,0.003890724487927,0.0134111338704813,0.0134111338704813,"gpath_trio"
"17706","TMC2","Exc L3-4 RORB CUX2",0.0210408965961913,3.52271462221946,0.337292929338518,0.561899018854274,0.697619243408306,0.697619243408306,"gpath_trio"
"17707","NOP56","Exc L3-4 RORB CUX2",-0.0229180139788175,5.23849048211299,0.779910061086889,0.377984439790469,0.526153936317942,0.526153936317942,"gpath_trio"
"17708","IDH3B","Exc L3-4 RORB CUX2",-0.221791281331631,3.45060893141028,53.6726137662677,2.98029030169589e-12,1.26746234568721e-10,1.26746234568721e-10,"gpath_trio"
"17709","AL049712.1","Exc L3-4 RORB CUX2",0.257493355805544,-0.681592234856231,4.84835777429741,0.0285508478405876,0.0697183920580796,0.0697183920580796,"gpath_trio"
"17710","EBF4","Exc L3-4 RORB CUX2",-0.32629675069097,-0.0711812538633121,1.36876320438325,0.243095791852674,0.377382086844237,0.377382086844237,"gpath_trio"
"17711","PCED1A","Exc L3-4 RORB CUX2",-0.0742979381809162,3.19475346319767,4.24139438851697,0.0404454373961966,0.0931066521529287,0.0931066521529287,"gpath_trio"
"17712","VPS16","Exc L3-4 RORB CUX2",0.0330726041818476,2.73196054066539,0.853144328617246,0.356520715621386,0.504227510526566,0.504227510526566,"gpath_trio"
"17713","PTPRA","Exc L3-4 RORB CUX2",0.0407699057380485,7.71358967104135,7.95893749224054,0.00515418266844494,0.0170580110459115,0.0170580110459115,"gpath_trio"
"17714","GNRH2","Exc L3-4 RORB CUX2",0.174384356420075,-0.681968335065555,2.20864669458477,0.138450544911587,0.245870406942313,0.245870406942313,"gpath_trio"
"17715","MRPS26","Exc L3-4 RORB CUX2",-0.190482019562669,4.80208886706817,73.9548365536452,7.63550233358415e-16,7.55128723431668e-14,7.55128723431668e-14,"gpath_trio"
"17716","AVP","Exc L3-4 RORB CUX2",-0.328927079938747,-0.736705738669722,7.65220234954811,0.00607707532042668,0.0195823342260994,0.0195823342260994,"gpath_trio"
"17717","UBOX5-AS1","Exc L3-4 RORB CUX2",-0.298573146315643,2.85839835793326,59.4960130654131,2.61852324327338e-13,1.41253225756792e-11,1.41253225756792e-11,"gpath_trio"
"17718","UBOX5","Exc L3-4 RORB CUX2",0.0350905034044011,4.22604795201618,1.85200249054623,0.17472906074306,0.293591971390959,0.293591971390959,"gpath_trio"
"17719","LZTS3","Exc L3-4 RORB CUX2",0.0200069851508657,6.81112332073003,0.610480523452775,0.435317791049242,0.582690644519443,0.582690644519443,"gpath_trio"
"17720","DDRGK1","Exc L3-4 RORB CUX2",-0.157668775907449,5.58978687282543,20.9628858880894,7.26490883765205e-06,5.94361459041485e-05,5.94361459041485e-05,"gpath_trio"
"17721","ITPA","Exc L3-4 RORB CUX2",-0.0452349048530336,4.22847982971318,3.24390045591756,0.0728483987136961,0.148998017442094,0.148998017442094,"gpath_trio"
"17722","SLC4A11","Exc L3-4 RORB CUX2",-0.105563862818487,-0.290738373691071,0.974980649688439,0.324359120866759,0.469907856574636,0.469907856574636,"gpath_trio"
"17723","C20orf194","Exc L3-4 RORB CUX2",0.0227353332126914,8.20023112159778,2.94621862976605,0.0872697496905563,0.171755653107694,0.171755653107694,"gpath_trio"
"17724","ATRN","Exc L3-4 RORB CUX2",-0.00173882543562455,6.92575362913263,0.0178461080320245,0.893830663554106,0.945035083829394,0.945035083829394,"gpath_trio"
"17725","ADAM33","Exc L3-4 RORB CUX2",-0.200872761188017,-0.188931964328419,1.39008955494768,0.239467750678309,0.373032878815449,0.373032878815449,"gpath_trio"
"17726","SIGLEC1","Exc L3-4 RORB CUX2",-0.240844945746994,-0.625934404820887,4.97422980996369,0.0265814134861636,0.0657876170448758,0.0657876170448758,"gpath_trio"
"17727","HSPA12B","Exc L3-4 RORB CUX2",-0.383442181840283,-0.182524697528499,17.9140849423469,3.20732948028969e-05,0.000218607676570421,0.000218607676570421,"gpath_trio"
"17728","C20orf27","Exc L3-4 RORB CUX2",-0.101623815576323,3.21359007191887,8.66376405791294,0.00353934547313614,0.0123861743140541,0.0123861743140541,"gpath_trio"
"17729","SPEF1","Exc L3-4 RORB CUX2",-0.204827217559499,3.73105216022368,28.5579183442152,1.98864084728592e-07,2.47506656964796e-06,2.47506656964796e-06,"gpath_trio"
"17730","CENPB","Exc L3-4 RORB CUX2",-0.0850808400732514,2.92920132991541,5.625604883997,0.0184286424178222,0.0489272089458565,0.0489272089458565,"gpath_trio"
"17731","CDC25B","Exc L3-4 RORB CUX2",0.000858775933208663,5.66765135167475,0.00119000726399739,0.972507715555748,0.985690707924104,0.985690707924104,"gpath_trio"
"17732","LINC01730","Exc L3-4 RORB CUX2",0.125590150073126,-0.590798073354639,1.17345830202355,0.279695319082378,0.420386877932427,0.420386877932427,"gpath_trio"
"17733","AP5S1","Exc L3-4 RORB CUX2",0.0204592798933594,2.50439323489829,0.329457164692473,0.961660098596266,0.980168842616133,0.980168842616133,"gpath_trio"
"17734","MAVS","Exc L3-4 RORB CUX2",0.0776905418675605,4.91607899482776,11.6652722668237,0.000738675861256795,0.00327246058428982,0.00327246058428982,"gpath_trio"
"17735","AL353194.1","Exc L3-4 RORB CUX2",-0.0687683748772373,2.54834778768162,2.36967550793957,0.124928849852537,0.227168954103194,0.227168954103194,"gpath_trio"
"17736","PANK2","Exc L3-4 RORB CUX2",-0.0187507096169205,5.58898929910401,1.12930116843412,0.288910455686071,0.431017979069011,0.431017979069011,"gpath_trio"
"17737","RNF24","Exc L3-4 RORB CUX2",0.00705410473112302,7.14517140204222,0.120818481343756,0.728429680886939,0.832072744417054,0.832072744417054,"gpath_trio"
"17738","SMOX","Exc L3-4 RORB CUX2",0.0326049587486829,1.89087284505883,0.60891575411352,0.435906143591038,0.583376878736264,0.583376878736264,"gpath_trio"
"17739","ADRA1D","Exc L3-4 RORB CUX2",-0.135708011414021,1.0561151640544,1.49647645824552,0.222321836903201,0.352527244117498,0.352527244117498,"gpath_trio"
"17740","AL121781.1","Exc L3-4 RORB CUX2",0.204410918026814,-1.02790509034911,2.33234505419883,0.12792640887655,0.23153452041665,0.23153452041665,"gpath_trio"
"17741","PRNP","Exc L3-4 RORB CUX2",-0.0286549626693607,8.09690538966045,1.21127406562073,0.272097816546445,0.411697423790651,0.411697423790651,"gpath_trio"
"17742","SLC23A2","Exc L3-4 RORB CUX2",0.0951149883426794,7.05147886566957,31.6944792820957,4.66864169766142e-08,6.84519231470342e-07,6.84519231470342e-07,"gpath_trio"
"17743","TMEM230","Exc L3-4 RORB CUX2",-0.043981561395269,5.28312889836781,6.43129806791432,0.0117987271396096,0.0339232321564236,0.0339232321564236,"gpath_trio"
"17744","PCNA","Exc L3-4 RORB CUX2",-0.0432043135146024,2.30925736783046,1.33096254305884,0.249693431488872,0.385665669904149,0.385665669904149,"gpath_trio"
"17745","CDS2","Exc L3-4 RORB CUX2",-0.0232672489904114,5.90254717801985,1.92773130954501,0.166195202784778,0.282257665168315,0.282257665168315,"gpath_trio"
"17746","LINC00658","Exc L3-4 RORB CUX2",0.0617088806575382,2.83831730299685,0.62672225512372,0.429281784010341,0.577076225506972,0.577076225506972,"gpath_trio"
"17747","LINC00654","Exc L3-4 RORB CUX2",0.0507338257521294,0.748181669073148,0.499798387016957,0.725091861968348,0.829857517314012,0.829857517314012,"gpath_trio"
"17748","AL109935.1","Exc L3-4 RORB CUX2",-0.319075226557668,-0.291225157157347,7.85259986196382,0.00545661856150771,0.0179207682693176,0.0179207682693176,"gpath_trio"
"17749","GPCPD1","Exc L3-4 RORB CUX2",-0.0574130409621306,4.98217324769113,2.98328912526574,0.0853157179319944,0.168815673722831,0.168815673722831,"gpath_trio"
"17750","SHLD1","Exc L3-4 RORB CUX2",0.0582576459629738,4.61647883173782,3.8335814474683,0.0513048791984381,0.112606172522681,0.112606172522681,"gpath_trio"
"17751","CHGB","Exc L3-4 RORB CUX2",-0.263289756941561,5.19514552788052,53.102999152093,3.7907124003614e-12,1.5703823958376e-10,1.5703823958376e-10,"gpath_trio"
"17752","TRMT6","Exc L3-4 RORB CUX2",-0.054125907495365,3.40772111403236,2.66381780263569,0.103864566231177,0.196865158995766,0.196865158995766,"gpath_trio"
"17753","MCM8","Exc L3-4 RORB CUX2",0.0320992054197321,3.05491182698406,1.00789653027065,0.438199783285983,0.585010629155288,0.585010629155288,"gpath_trio"
"17754","MCM8-AS1","Exc L3-4 RORB CUX2",-0.156763986185222,-0.0183291426103963,3.25957467848504,0.0721641766722812,0.147913467882076,0.147913467882076,"gpath_trio"
"17755","AL035461.2","Exc L3-4 RORB CUX2",0.0978219730765036,0.190262819642487,1.54878047228565,0.214436195026293,0.343017672499093,0.343017672499093,"gpath_trio"
"17756","CRLS1","Exc L3-4 RORB CUX2",-0.00937102425540125,5.3240123312664,0.196873624789313,0.657625300964714,0.776826153416704,0.776826153416704,"gpath_trio"
"17757","CASC20","Exc L3-4 RORB CUX2",-0.0814142418373389,-1.50281000393433,0.199812569934074,0.655244297575367,0.774526745688533,0.774526745688533,"gpath_trio"
"17758","BMP2","Exc L3-4 RORB CUX2",0.439630576646527,-0.496888068389916,15.2195402745781,0.000121938173951574,0.000692287734179228,0.000692287734179228,"gpath_trio"
"17759","AL096799.1","Exc L3-4 RORB CUX2",-0.0507701144406177,-1.5286305543018,0.0831826753263241,0.820993389361526,0.897378614629707,0.897378614629707,"gpath_trio"
"17760","LINC01428","Exc L3-4 RORB CUX2",-0.180597061167253,-0.202825391855479,2.30013052410485,0.130577963826145,0.235089275405361,0.235089275405361,"gpath_trio"
"17761","HAO1","Exc L3-4 RORB CUX2",-0.0593336733000128,-1.4666291284213,0.125809728187266,0.723104364537724,0.828569918472686,0.828569918472686,"gpath_trio"
"17762","TMX4","Exc L3-4 RORB CUX2",-0.123567795729666,6.54706806495311,37.4871820038964,3.37794121865074e-09,6.6748250819078e-08,6.6748250819078e-08,"gpath_trio"
"17763","AL021396.1","Exc L3-4 RORB CUX2",-0.238925476487608,0.862092022036515,3.36952305181062,0.0675549925532705,0.140304918134881,0.140304918134881,"gpath_trio"
"17764","PLCB1","Exc L3-4 RORB CUX2",0.0598123585711998,11.1496257310179,7.45281383948338,0.00676655092427505,0.0213705643233014,0.0213705643233014,"gpath_trio"
"17765","PLCB4","Exc L3-4 RORB CUX2",0.0631687608574998,6.54783009552225,6.14204253677217,0.0138357612459368,0.0387528089874739,0.0387528089874739,"gpath_trio"
"17766","LAMP5-AS1","Exc L3-4 RORB CUX2",-0.0273894997717542,-0.687953050843635,0.0590488632229967,0.808197206874908,0.889157958812372,0.889157958812372,"gpath_trio"
"17767","LAMP5","Exc L3-4 RORB CUX2",-0.243026294313541,4.51855808189977,28.818480384913,1.76173189401147e-07,2.23301507849194e-06,2.23301507849194e-06,"gpath_trio"
"17768","PAK5","Exc L3-4 RORB CUX2",0.129543883590595,7.65343226616832,58.2899967691783,4.31582047596521e-13,2.17679195256495e-11,2.17679195256495e-11,"gpath_trio"
"17769","ANKEF1","Exc L3-4 RORB CUX2",0.0208859374332665,1.65203773907019,0.109728411175646,0.74072036648158,0.841964808933792,0.841964808933792,"gpath_trio"
"17770","SNAP25-AS1","Exc L3-4 RORB CUX2",-0.180759116418953,6.68489500293628,38.8079262231149,1.87215451514606e-09,3.88587626986335e-08,3.88587626986335e-08,"gpath_trio"
"17771","AL354824.1","Exc L3-4 RORB CUX2",0.147389176192359,1.9067274791006,8.0016380210852,0.00503762888794183,0.0167051549661779,0.0167051549661779,"gpath_trio"
"17772","SNAP25","Exc L3-4 RORB CUX2",-0.0684063311500185,9.87584279097592,9.99939085339061,0.00175166737535886,0.00681316547095911,0.00681316547095911,"gpath_trio"
"17773","MKKS","Exc L3-4 RORB CUX2",-0.0376361728236341,4.26998246658753,2.65513620682524,0.104426804300984,0.197711221543952,0.197711221543952,"gpath_trio"
"17774","SLX4IP","Exc L3-4 RORB CUX2",0.0813494497854011,5.25819964517175,8.65421810264762,0.00355732672984701,0.0124426260011553,0.0124426260011553,"gpath_trio"
"17775","JAG1","Exc L3-4 RORB CUX2",-0.00469105748840737,2.77987599756584,0.0050509197512331,0.943396818950362,0.97243450174852,0.97243450174852,"gpath_trio"
"17776","AL050403.2","Exc L3-4 RORB CUX2",0.0303865577549936,3.10148645203039,0.251542454797329,0.616415466067727,0.742813405084004,0.742813405084004,"gpath_trio"
"17777","LINC00687","Exc L3-4 RORB CUX2",-0.0773710103673454,0.343875243523747,1.02572749160359,0.44543338653483,0.591809972473027,0.591809972473027,"gpath_trio"
"17778","BTBD3","Exc L3-4 RORB CUX2",-0.042662659122485,6.1294757579705,5.15593355059248,0.0239854265423795,0.0604655729716989,0.0604655729716989,"gpath_trio"
"17779","AL136460.1","Exc L3-4 RORB CUX2",0.0856776869563736,-0.173766801495718,0.691812422527949,0.406311818780182,0.554736478574147,0.554736478574147,"gpath_trio"
"17780","LINC01722","Exc L3-4 RORB CUX2",-0.108080467480367,-0.542778985974936,0.837653393283354,0.360916783512965,0.508839700026141,0.508839700026141,"gpath_trio"
"17781","SPTLC3","Exc L3-4 RORB CUX2",-0.114730167457221,-0.152351786958951,1.23974732276801,0.266548034709377,0.405214874558186,0.405214874558186,"gpath_trio"
"17782","ISM1","Exc L3-4 RORB CUX2",0.0461738833407636,0.21935297868654,0.281302335887507,0.596301559123077,0.726077853540231,0.726077853540231,"gpath_trio"
"17783","TASP1","Exc L3-4 RORB CUX2",0.0106525489925877,6.82452416262061,0.466674436521447,0.495129332401289,0.63869784406624,0.63869784406624,"gpath_trio"
"17784","ESF1","Exc L3-4 RORB CUX2",-0.0658234265741594,6.33812384974736,6.90470754744199,0.00910785040532066,0.0273626542085227,0.0273626542085227,"gpath_trio"
"17785","NDUFAF5","Exc L3-4 RORB CUX2",0.000116381924535904,5.25924916790276,4.85950361490117e-05,0.994443326155505,0.997062623257495,0.997062623257495,"gpath_trio"
"17786","SEL1L2","Exc L3-4 RORB CUX2",0.0173868708899983,1.80693196757729,0.108473973223789,0.888398372771329,0.941515380597796,0.941515380597796,"gpath_trio"
"17787","MACROD2","Exc L3-4 RORB CUX2",0.116615936007639,9.68578635561078,42.8715623209941,3.10428703417894e-10,7.76071758544735e-09,7.76071758544735e-09,"gpath_trio"
"17788","FLRT3","Exc L3-4 RORB CUX2",0.100901871844064,4.77857221582432,10.1607236608611,0.00161013097273432,0.00634728699050566,0.00634728699050566,"gpath_trio"
"17789","MACROD2-AS1","Exc L3-4 RORB CUX2",-0.367470597781289,1.44320928954038,30.9294317310348,6.63598079204805e-08,9.27153133515023e-07,9.27153133515023e-07,"gpath_trio"
"17790","KIF16B","Exc L3-4 RORB CUX2",0.127474357911484,6.42943890430701,47.6741055849229,3.84606676765846e-11,1.23165709583348e-09,1.23165709583348e-09,"gpath_trio"
"17791","AL049794.1","Exc L3-4 RORB CUX2",0.235246797864771,-0.707706130490095,3.87409265799579,0.0500992050600455,0.110464640665182,0.110464640665182,"gpath_trio"
"17792","SNRPB2","Exc L3-4 RORB CUX2",-0.165023752302697,4.23351676069453,40.0557790887888,1.07497415071313e-09,2.34968618533449e-08,2.34968618533449e-08,"gpath_trio"
"17793","PCSK2","Exc L3-4 RORB CUX2",0.0971190664335436,8.6061872643031,30.5333454481146,7.96468738628993e-08,1.091627500125e-06,1.091627500125e-06,"gpath_trio"
"17794","BFSP1","Exc L3-4 RORB CUX2",-0.0561188039372859,2.10745994109918,1.45913453571979,0.228165436658383,0.359347204104831,0.359347204104831,"gpath_trio"
"17795","DSTN","Exc L3-4 RORB CUX2",-0.135267413032792,6.58770995153156,50.1674946795645,1.31951353318387e-11,4.80526814656762e-10,4.80526814656762e-10,"gpath_trio"
"17796","RRBP1","Exc L3-4 RORB CUX2",0.122472135727063,3.29991612116899,11.1353261416031,0.000970717950831784,0.004138778276373,0.004138778276373,"gpath_trio"
"17797","SNX5","Exc L3-4 RORB CUX2",0.0273054668561882,4.31228908931684,1.60697320230612,0.206051873268238,0.333154074626279,0.333154074626279,"gpath_trio"
"17798","OVOL2","Exc L3-4 RORB CUX2",-0.0343558761312859,4.21683909986966,0.860100858945575,0.354570555325877,0.50231451117896,0.50231451117896,"gpath_trio"
"17799","MGME1","Exc L3-4 RORB CUX2",-0.0165031542955389,2.20533033010662,0.166800428481962,0.683307312661874,0.797319855342669,0.797319855342669,"gpath_trio"
"17800","AL160411.1","Exc L3-4 RORB CUX2",-0.0605239983701277,-0.852899759618712,0.294639840185847,0.58772742521844,0.719415168291592,0.719415168291592,"gpath_trio"
"17801","PET117","Exc L3-4 RORB CUX2",-0.363918986944808,-0.464594911727167,8.1196315517528,0.0047294138512347,0.0158290230849245,0.0158290230849245,"gpath_trio"
"17802","KAT14","Exc L3-4 RORB CUX2",-0.0351514336732154,3.96140336663305,2.11951219735199,0.146639241722894,0.256840056367648,0.256840056367648,"gpath_trio"
"17803","ZNF133","Exc L3-4 RORB CUX2",0.10203721364222,5.87340544680905,21.4721131520311,5.68301431217527e-06,4.80732971690298e-05,4.80732971690298e-05,"gpath_trio"
"17804","AL049646.1","Exc L3-4 RORB CUX2",-0.30563742867168,-0.486834190033054,9.26188792091217,0.00257952985536505,0.00948806104503007,0.00948806104503007,"gpath_trio"
"17805","DZANK1","Exc L3-4 RORB CUX2",0.0224203470818268,5.21117976808042,1.07807739638536,0.300092666311078,0.443446095570643,0.443446095570643,"gpath_trio"
"17806","POLR3F","Exc L3-4 RORB CUX2",-0.0962183096342724,4.3494759740485,16.2453130883793,7.31381236638811e-05,0.000444312449538934,0.000444312449538934,"gpath_trio"
"17807","RBBP9","Exc L3-4 RORB CUX2",-0.0913549261928789,2.25288355232637,4.30358281279483,0.0707769347381954,0.145660892367977,0.145660892367977,"gpath_trio"
"17808","SEC23B","Exc L3-4 RORB CUX2",-0.0831250758396534,4.3505983107419,12.9377886004386,0.000385326841900633,0.00187731684021861,0.00187731684021861,"gpath_trio"
"17809","SMIM26","Exc L3-4 RORB CUX2",-0.411283676141209,-0.965930101535197,5.89199168445983,0.0158895825880077,0.0434203343780382,0.0434203343780382,"gpath_trio"
"17810","AL121900.2","Exc L3-4 RORB CUX2",0.00109641469458565,0.754689244856873,0.000375548500562087,0.984553566768025,0.992134637067724,0.992134637067724,"gpath_trio"
"17811","DTD1","Exc L3-4 RORB CUX2",-0.121648325152663,3.77187787793113,23.5017420169481,2.14941612074194e-06,2.03684688755137e-05,2.03684688755137e-05,"gpath_trio"
"17812","AL121900.1","Exc L3-4 RORB CUX2",-0.21470536163202,-0.139115186785693,5.61833270411118,0.0185035945601028,0.0491132772332686,0.0491132772332686,"gpath_trio"
"17813","LINC00652","Exc L3-4 RORB CUX2",-0.0507183201367957,0.175513871285485,0.39746754503454,0.6167754609015,0.742980948393107,0.742980948393107,"gpath_trio"
"17814","AL035563.1","Exc L3-4 RORB CUX2",-0.0829484584250776,0.819641298849268,1.512774000108,0.219827998300668,0.349710602879355,0.349710602879355,"gpath_trio"
"17815","SLC24A3","Exc L3-4 RORB CUX2",-1.02025279711316,-0.324976449675892,19.0645632209917,1.82580748452573e-05,0.00013351093149803,0.00013351093149803,"gpath_trio"
"17816","NAA20","Exc L3-4 RORB CUX2",-0.13655463518122,4.59925269415932,48.2257026049625,3.03301053769901e-11,9.98221657391149e-10,9.98221657391149e-10,"gpath_trio"
"17817","CRNKL1","Exc L3-4 RORB CUX2",-0.0678163928908959,3.44757218983193,7.32276068124317,0.0560990942666761,0.120751011077584,0.120751011077584,"gpath_trio"
"17818","CFAP61","Exc L3-4 RORB CUX2",0.0430704841025977,4.94664569774232,1.48933262512742,0.223425692866797,0.353566032911414,0.353566032911414,"gpath_trio"
"17819","AL121721.1","Exc L3-4 RORB CUX2",-0.134311266976403,0.447779402411358,0.503432134611721,0.478631726845554,0.622511287332971,0.622511287332971,"gpath_trio"
"17820","INSM1","Exc L3-4 RORB CUX2",-0.0500164579737451,1.10858689993617,0.515624530550479,0.473358833963794,0.618083908822701,0.618083908822701,"gpath_trio"
"17821","RALGAPA2","Exc L3-4 RORB CUX2",0.0988132424867073,6.47779794260247,35.3324912240912,8.90679491379424e-09,1.56801559673472e-07,1.56801559673472e-07,"gpath_trio"
"17822","KIZ","Exc L3-4 RORB CUX2",0.0736739913922726,6.36290574241095,19.3710029926364,1.57238088318734e-05,0.000117928566239051,0.000117928566239051,"gpath_trio"
"17823","KIZ-AS1","Exc L3-4 RORB CUX2",-0.392646532320898,2.59065827875234,52.8318566166447,4.25127783840773e-12,1.72227972670434e-10,1.72227972670434e-10,"gpath_trio"
"17824","AL117332.1","Exc L3-4 RORB CUX2",0.0267185145685731,-1.14300373379203,0.0434403206677813,0.835061551368118,0.906162155704162,0.906162155704162,"gpath_trio"
"17825","XRN2","Exc L3-4 RORB CUX2",0.00825923188070087,5.51476609638204,0.242776514319647,0.622623753045023,0.748060637070233,0.748060637070233,"gpath_trio"
"17826","THBD","Exc L3-4 RORB CUX2",-0.228460972426241,-1.22558380950726,1.87017249970907,0.172636253034803,0.290656463738392,0.290656463738392,"gpath_trio"
"17827","AL118508.1","Exc L3-4 RORB CUX2",-0.128284424756623,0.809669292101678,1.40750297230393,0.236554291093174,0.369504839547881,0.369504839547881,"gpath_trio"
"17828","NXT1","Exc L3-4 RORB CUX2",-0.0473971121112122,1.16673453781065,0.851698566635857,0.356927864483285,0.504626465728821,0.504626465728821,"gpath_trio"
"17829","LINC01431","Exc L3-4 RORB CUX2",-0.175156485861655,-0.762275881499772,2.30497678425739,0.130175165365715,0.234552465950995,0.234552465950995,"gpath_trio"
"17830","GZF1","Exc L3-4 RORB CUX2",-0.0422348219874109,3.09364507260195,1.94143018463424,0.164703291778743,0.280274757486371,0.280274757486371,"gpath_trio"
"17831","NAPB","Exc L3-4 RORB CUX2",-0.0935708375315528,6.99444830577983,24.5983351051733,1.27638470080523e-06,1.29532501703952e-05,1.29532501703952e-05,"gpath_trio"
"17832","CST3","Exc L3-4 RORB CUX2",0.358146360970816,2.48757626487399,12.0795091012554,0.000597191261557199,0.00273080999590129,0.00273080999590129,"gpath_trio"
"17833","LINC01721","Exc L3-4 RORB CUX2",0.0488057278513567,3.57050047309616,0.658634168072542,0.417784868636422,0.566207320256372,0.566207320256372,"gpath_trio"
"17834","AL158090.1","Exc L3-4 RORB CUX2",0.108009948341209,2.3413177224546,3.99769445396476,0.0466030941139156,0.104278485428979,0.104278485428979,"gpath_trio"
"17835","SYNDIG1","Exc L3-4 RORB CUX2",0.0910570132072246,7.41670272782046,33.5989350893806,1.95520291109877e-08,3.15569749851341e-07,3.15569749851341e-07,"gpath_trio"
"17836","AL157413.1","Exc L3-4 RORB CUX2",-0.0723696546384342,-0.206300936774676,0.568470591770583,0.451549560874544,0.59773062073643,0.59773062073643,"gpath_trio"
"17837","APMAP","Exc L3-4 RORB CUX2",-0.147228742482208,5.19155528255989,44.9049988259456,1.27636793587359e-10,3.48548651525781e-09,3.48548651525781e-09,"gpath_trio"
"17838","AL035252.2","Exc L3-4 RORB CUX2",0.06243666595938,-0.55640921323328,0.309398008215443,0.578528200863675,0.711393219605528,0.711393219605528,"gpath_trio"
"17839","ENTPD6","Exc L3-4 RORB CUX2",-0.0784652559642507,5.44758773255433,14.9865439660045,0.000137019423004062,0.000764270627345025,0.000764270627345025,"gpath_trio"
"17840","AL035252.3","Exc L3-4 RORB CUX2",0.188103823173054,1.58024852027793,15.6802285842332,9.68830580696583e-05,0.000568532779684513,0.000568532779684513,"gpath_trio"
"17841","AL121772.1","Exc L3-4 RORB CUX2",-0.0920840989620601,-0.940517903429871,0.530101408433643,0.467219405083613,0.612604893583018,0.612604893583018,"gpath_trio"
"17842","PYGB","Exc L3-4 RORB CUX2",-0.00354881141944863,6.06202554598294,0.0239549811044034,0.877119591439265,0.934312975569545,0.934312975569545,"gpath_trio"
"17843","ABHD12","Exc L3-4 RORB CUX2",-0.0230904359799656,6.11215726403236,2.44584027588742,0.885108322801466,0.939631645028335,0.939631645028335,"gpath_trio"
"17844","GINS1","Exc L3-4 RORB CUX2",0.0306029514087179,3.46261231032534,1.15397046815486,0.38373131719208,0.531797161314672,0.531797161314672,"gpath_trio"
"17845","NINL","Exc L3-4 RORB CUX2",0.0350294085414605,2.16034302502557,0.264293906020093,0.607622062357663,0.7356000664906,0.7356000664906,"gpath_trio"
"17846","NANP","Exc L3-4 RORB CUX2",0.00544631541415373,1.81615910112059,0.011002872051062,0.916540335459276,0.957798576507437,0.957798576507437,"gpath_trio"
"17847","ZNF337-AS1","Exc L3-4 RORB CUX2",0.0351767020149563,3.47905414966041,0.888611104248472,0.34672901486201,0.493841007754398,0.493841007754398,"gpath_trio"
"17848","ZNF337","Exc L3-4 RORB CUX2",0.149687449278646,5.58076116188904,36.9806076273595,4.23953639377669e-09,8.16930723442642e-08,8.16930723442642e-08,"gpath_trio"
"17849","AL031673.1","Exc L3-4 RORB CUX2",0.0285693526185744,-1.01152812142954,0.0427764253891453,0.836308700752592,0.90712516331632,0.90712516331632,"gpath_trio"
"17850","AL390198.1","Exc L3-4 RORB CUX2",0.205025088828683,-0.392765860389485,4.55302569475805,0.0337966531482025,0.0802812159539413,0.0802812159539413,"gpath_trio"
"17851","FAM182B","Exc L3-4 RORB CUX2",0.106610997797183,6.68027348621202,3.76820876436434,0.0533160468922595,0.115917761729532,0.115917761729532,"gpath_trio"
"17852","AL078587.1","Exc L3-4 RORB CUX2",-0.161198970783822,-0.464804287638911,1.91077715297369,0.168063212017547,0.284811029185553,0.284811029185553,"gpath_trio"
"17853","LINC01597","Exc L3-4 RORB CUX2",-0.0586301750230066,-0.189131170280866,0.261494854309653,0.609529003135078,0.737333471534368,0.737333471534368,"gpath_trio"
"17854","LINC01598","Exc L3-4 RORB CUX2",0.163916514104299,2.56920461301277,4.91430442110842,0.0275006616473295,0.0676204568842013,0.0676204568842013,"gpath_trio"
"17855","HM13","Exc L3-4 RORB CUX2",0.0609714687777295,6.35532817853294,17.3905308490998,4.15009130752944e-05,0.000273889735457659,0.000273889735457659,"gpath_trio"
"17856","BCL2L1","Exc L3-4 RORB CUX2",0.0396859396227143,5.38916343517059,5.39472695639644,0.0209700148309715,0.0543303004000064,0.0543303004000064,"gpath_trio"
"17857","AL117381.1","Exc L3-4 RORB CUX2",-0.31015836212674,1.62193855170481,30.4715840722854,8.19484182564982e-08,1.11936989730863e-06,1.11936989730863e-06,"gpath_trio"
"17858","TPX2","Exc L3-4 RORB CUX2",-0.0359770524460015,2.1877617439072,0.69133853219983,0.461901452874316,0.607596080817303,0.607596080817303,"gpath_trio"
"17859","DUSP15","Exc L3-4 RORB CUX2",-0.0400744245487204,1.13390694505868,0.445474950263788,0.505083638504889,0.647542594079455,0.647542594079455,"gpath_trio"
"17860","TTLL9","Exc L3-4 RORB CUX2",0.0608520939690646,2.72171688391438,1.7574500457915,0.1861064466359,0.308065110016351,0.308065110016351,"gpath_trio"
"17861","PDRG1","Exc L3-4 RORB CUX2",-0.101390633620088,2.81802088431341,8.64929930822352,0.00356662851142671,0.0124665159767904,0.0124665159767904,"gpath_trio"
"17862","XKR7","Exc L3-4 RORB CUX2",0.131297172637805,3.14013875674381,16.4669469081363,6.55205288521649e-05,0.000406378996707052,0.000406378996707052,"gpath_trio"
"17863","CCM2L","Exc L3-4 RORB CUX2",0.0249462197537569,1.78885674755012,0.285662410230218,0.593470383885425,0.724013042156126,0.724013042156126,"gpath_trio"
"17864","HCK","Exc L3-4 RORB CUX2",-0.146121199016954,0.669630399945852,4.80721694260292,0.0292272131519824,0.0711289535996677,0.0711289535996677,"gpath_trio"
"17865","TM9SF4","Exc L3-4 RORB CUX2",-0.0164049964237158,5.72362833158277,1.12891505526016,0.387016376184935,0.535054847497503,0.535054847497503,"gpath_trio"
"17866","PLAGL2","Exc L3-4 RORB CUX2",0.0811883004422383,3.27742218714499,6.45660846203547,0.0116359194755265,0.033536382202678,0.033536382202678,"gpath_trio"
"17867","POFUT1","Exc L3-4 RORB CUX2",0.0158957917411376,3.90004638182643,0.428633530038771,0.513238953076694,0.65469119109271,0.65469119109271,"gpath_trio"
"17868","KIF3B","Exc L3-4 RORB CUX2",0.00117736220179819,5.88825837418291,0.00670468005975549,0.939330725457887,0.970827073184574,0.970827073184574,"gpath_trio"
"17869","AL121583.1","Exc L3-4 RORB CUX2",-0.0212475998448132,1.14038594139452,0.147595814626847,0.701157557268741,0.811673956730367,0.811673956730367,"gpath_trio"
"17870","ASXL1","Exc L3-4 RORB CUX2",0.00784257563049534,6.34149562588249,0.222972350671301,0.637180475027114,0.759648440118122,0.759648440118122,"gpath_trio"
"17871","NOL4L","Exc L3-4 RORB CUX2",0.0553587773909303,6.01551532506028,9.49413288600446,0.00228274974420607,0.00854760135288743,0.00854760135288743,"gpath_trio"
"17872","AL034550.2","Exc L3-4 RORB CUX2",0.065038603439157,0.67381989557051,0.874258050969311,0.394237274299358,0.542433532440838,0.542433532440838,"gpath_trio"
"17873","NOL4L-DT","Exc L3-4 RORB CUX2",-0.141446555410299,-0.58106061883675,1.75961897918055,0.185835973436972,0.307844713366526,0.307844713366526,"gpath_trio"
"17874","C20orf203","Exc L3-4 RORB CUX2",0.112742409956164,0.388655098042829,1.566661065446,0.211817456784168,0.340219550943903,0.340219550943903,"gpath_trio"
"17875","FO393400.1","Exc L3-4 RORB CUX2",0.0456869696919175,4.20195521422571,2.21269076557652,0.138091457831716,0.245505389650588,0.245505389650588,"gpath_trio"
"17876","DNMT3B","Exc L3-4 RORB CUX2",0.0631123401074228,1.61781482008058,0.896151952667144,0.344694556512173,0.491602762451087,0.491602762451087,"gpath_trio"
"17877","MAPRE1","Exc L3-4 RORB CUX2",0.0144539953863772,3.12768932611659,0.241689716616478,0.90645410861873,0.952400115291598,0.952400115291598,"gpath_trio"
"17878","AL035071.2","Exc L3-4 RORB CUX2",-0.411044845333312,1.19710052990146,36.0783092737898,6.36148570146725e-09,1.16675430933729e-07,1.16675430933729e-07,"gpath_trio"
"17879","AL035071.1","Exc L3-4 RORB CUX2",-0.0515443258644472,2.75142771794451,1.88316646334178,0.171157380288166,0.288824330930337,0.288824330930337,"gpath_trio"
"17880","EFCAB8","Exc L3-4 RORB CUX2",-0.028648292070357,0.610161598669356,0.185001073244431,0.667466437112251,0.784694095258998,0.784694095258998,"gpath_trio"
"17881","CDK5RAP1","Exc L3-4 RORB CUX2",0.0178788126205062,5.72840124694371,1.13317912908987,0.996647346924031,0.99846005299388,0.99846005299388,"gpath_trio"
"17882","SNTA1","Exc L3-4 RORB CUX2",-0.0265416791232666,4.66305237078794,1.15761517852671,0.282958019275519,0.424216247223274,0.424216247223274,"gpath_trio"
"17883","CBFA2T2","Exc L3-4 RORB CUX2",0.0206328580723132,7.2425524007204,2.70664105129986,0.101139554616013,0.192717275630721,0.192717275630721,"gpath_trio"
"17884","AL121906.2","Exc L3-4 RORB CUX2",-0.0264051271923046,-0.99512224747468,0.0487148029031336,0.825488111013717,0.899887752726089,0.899887752726089,"gpath_trio"
"17885","NECAB3","Exc L3-4 RORB CUX2",-0.072384273526798,3.8282165256574,3.56651374595541,0.0600690681403715,0.127715612786594,0.127715612786594,"gpath_trio"
"17886","E2F1","Exc L3-4 RORB CUX2",-0.0954986731261027,1.71832174666659,3.87861343229103,0.04996654081536,0.110244418301606,0.110244418301606,"gpath_trio"
"17887","PXMP4","Exc L3-4 RORB CUX2",0.0772911599530287,3.77135936117248,8.020034019221,0.00498825263569604,0.0165713810184699,0.0165713810184699,"gpath_trio"
"17888","ZNF341","Exc L3-4 RORB CUX2",0.0334222523071726,4.37799926772198,1.76127649173459,0.185629585430457,0.307553328903628,0.307553328903628,"gpath_trio"
"17889","ZNF341-AS1","Exc L3-4 RORB CUX2",-0.175205016054807,-0.255720615486139,3.49425577253967,0.0627061617165986,0.132249300923309,0.132249300923309,"gpath_trio"
"17890","CHMP4B","Exc L3-4 RORB CUX2",-0.176196083697345,5.11103161330369,63.3674531785624,5.33799114884277e-14,3.34453327415847e-12,3.34453327415847e-12,"gpath_trio"
"17891","AL034549.1","Exc L3-4 RORB CUX2",-0.0556681370260785,0.692593924092495,0.580240198947736,0.446908563402084,0.593182912278753,0.593182912278753,"gpath_trio"
"17892","RALY","Exc L3-4 RORB CUX2",0.00711713246787602,5.12547989641961,0.126177583433555,0.722716627327965,0.828274310342469,0.828274310342469,"gpath_trio"
"17893","EIF2S2","Exc L3-4 RORB CUX2",-0.0763954051077223,4.90625773717018,8.86197666187812,0.00318628648531344,0.011337447943774,0.011337447943774,"gpath_trio"
"17894","ASIP","Exc L3-4 RORB CUX2",-0.198638301033078,1.50902813314085,11.493858484951,0.000806798510195326,0.00352472064599192,0.00352472064599192,"gpath_trio"
"17895","AHCY","Exc L3-4 RORB CUX2",-0.0952163142984882,3.00214660736958,8.14556777647625,0.00466429833899087,0.0156419911883545,0.0156419911883545,"gpath_trio"
"17896","ITCH","Exc L3-4 RORB CUX2",0.0132681521200582,6.86028823642183,0.622419153463569,0.430868510682382,0.57838963367823,0.57838963367823,"gpath_trio"
"17897","DYNLRB1","Exc L3-4 RORB CUX2",-0.137057637706225,6.17424056077229,44.9669947364071,1.24237860368405e-10,3.41484854622966e-09,3.41484854622966e-09,"gpath_trio"
"17898","MAP1LC3A","Exc L3-4 RORB CUX2",-0.180442672625388,5.71053886054155,24.4418433471487,1.3746961874528e-06,1.3832666125616e-05,1.3832666125616e-05,"gpath_trio"
"17899","PIGU","Exc L3-4 RORB CUX2",0.0214430964096475,5.48539304606684,1.18959025166296,0.27642194496942,0.416669091070593,0.416669091070593,"gpath_trio"
"17900","NCOA6","Exc L3-4 RORB CUX2",0.0608364621607439,6.14237974753127,22.2303932579268,3.94730300560111e-06,3.48690661758184e-05,3.48690661758184e-05,"gpath_trio"
"17901","TP53INP2","Exc L3-4 RORB CUX2",-0.00726087420105827,2.2714838278641,0.0273705620755204,0.956466467949035,0.978435807264566,0.978435807264566,"gpath_trio"
"17902","GGT7","Exc L3-4 RORB CUX2",-0.0103521537366542,6.73077100142596,0.310381223734021,0.577925602970156,0.710954209751396,0.710954209751396,"gpath_trio"
"17903","ACSS2","Exc L3-4 RORB CUX2",0.132948438364783,4.60506402697294,40.9844767254125,7.12584994008883e-10,1.6281316256092e-08,1.6281316256092e-08,"gpath_trio"
"17904","GSS","Exc L3-4 RORB CUX2",-0.137697804708126,4.00930015972974,27.4292230258245,3.36665722287746e-07,3.95356865375744e-06,3.95356865375744e-06,"gpath_trio"
"17905","MYH7B","Exc L3-4 RORB CUX2",-0.0202414012852131,2.43413761024691,0.243347313017219,0.622215284496355,0.747658925831683,0.747658925831683,"gpath_trio"
"17906","TRPC4AP","Exc L3-4 RORB CUX2",0.0419891284920391,6.29675483822435,5.9630841825127,0.0152753679388157,0.0421011677821867,0.0421011677821867,"gpath_trio"
"17907","EDEM2","Exc L3-4 RORB CUX2",-0.0477719757355788,3.01334183244635,1.87922885386051,0.171603977984142,0.289280602926977,0.289280602926977,"gpath_trio"
"17908","PROCR","Exc L3-4 RORB CUX2",-0.307105456348271,0.838532658528309,24.2998497518409,1.47050947217333e-06,1.46723682498006e-05,1.46723682498006e-05,"gpath_trio"
"17909","MMP24OS","Exc L3-4 RORB CUX2",0.0443835518635403,3.32876952316065,1.62674848887895,0.203291746307599,0.329801462026038,0.329801462026038,"gpath_trio"
"17910","MMP24","Exc L3-4 RORB CUX2",0.0182470556413652,5.68047466139022,0.862164924375523,0.353994745134504,0.501639670091215,0.501639670091215,"gpath_trio"
"17911","EIF6","Exc L3-4 RORB CUX2",-0.0282876786845974,0.440758223762444,0.193285781015741,0.981585050297304,0.990619957305282,0.990619957305282,"gpath_trio"
"17912","UQCC1","Exc L3-4 RORB CUX2",-0.0226026236721829,6.30795435902033,2.4957627199842,0.115368803904672,0.213577318661843,0.213577318661843,"gpath_trio"
"17913","GDF5","Exc L3-4 RORB CUX2",0.0518587294489199,0.526573735946386,0.456305331923416,0.909336760717634,0.953676204578586,0.953676204578586,"gpath_trio"
"17914","CEP250","Exc L3-4 RORB CUX2",0.071978402510163,4.82062184383463,16.0864051228711,7.91469889378148e-05,0.000477081117962478,0.000477081117962478,"gpath_trio"
"17915","FO393401.1","Exc L3-4 RORB CUX2",-0.332982587454761,1.4419870677588,32.8773507144921,2.71678174841002e-08,4.19044891239848e-07,4.19044891239848e-07,"gpath_trio"
"17916","ERGIC3","Exc L3-4 RORB CUX2",-0.0170808825509717,3.99019853698353,0.433553173007394,0.552666655792099,0.689978328007772,0.689978328007772,"gpath_trio"
"17917","SPAG4","Exc L3-4 RORB CUX2",-0.169795169362056,0.989895583632189,6.67942467928302,0.0102990346573587,0.0303200093699418,0.0303200093699418,"gpath_trio"
"17918","CPNE1","Exc L3-4 RORB CUX2",-0.0247333292804229,5.39401506021708,1.43861659637538,0.569425466069526,0.704449275076814,0.704449275076814,"gpath_trio"
"17919","NFS1","Exc L3-4 RORB CUX2",-0.0249036643263366,2.52374609503877,0.431666861997638,0.511753306250807,0.653341477320311,0.653341477320311,"gpath_trio"
"17920","ROMO1","Exc L3-4 RORB CUX2",-0.251804126695112,1.74530187808487,21.0062201864389,7.11447637599949e-06,5.84186246991411e-05,5.84186246991411e-05,"gpath_trio"
"17921","RBM39","Exc L3-4 RORB CUX2",-0.0123420687750422,7.26097603118817,0.761477838669537,0.383671571626862,0.531797161314672,0.531797161314672,"gpath_trio"
"17922","PHF20","Exc L3-4 RORB CUX2",0.0436756574332205,6.40635103960328,7.6413413156645,0.00611270439009718,0.0196908527974151,0.0196908527974151,"gpath_trio"
"17923","SCAND1","Exc L3-4 RORB CUX2",-0.262101818301716,3.80324237719235,29.5961600178297,1.22818533557913e-07,1.61540912481816e-06,1.61540912481816e-06,"gpath_trio"
"17924","CNBD2","Exc L3-4 RORB CUX2",-0.167845390464593,2.03404185112519,15.0437838909066,0.000133147556402861,0.000745559797509774,0.000745559797509774,"gpath_trio"
"17925","NORAD","Exc L3-4 RORB CUX2",-0.170738703585094,7.50161318917206,34.4819772754833,1.30902325566221e-08,2.21594562718828e-07,2.21594562718828e-07,"gpath_trio"
"17926","AL035420.1","Exc L3-4 RORB CUX2",-0.0437642994754199,-0.307720785366623,0.225271270699686,0.635450888120692,0.758368628679974,0.758368628679974,"gpath_trio"
"17927","EPB41L1","Exc L3-4 RORB CUX2",0.0800470025098805,7.2320852329003,33.9383267779591,1.67550759658558e-08,2.75496053472812e-07,2.75496053472812e-07,"gpath_trio"
"17928","AL121895.1","Exc L3-4 RORB CUX2",0.0234025798541031,2.64893097726234,0.303649264200738,0.582076841097268,0.71475351607653,0.71475351607653,"gpath_trio"
"17929","AAR2","Exc L3-4 RORB CUX2",0.0292194261118752,3.3339956780064,1.2597859649903,0.262727008267904,0.401128908112983,0.401128908112983,"gpath_trio"
"17930","DLGAP4","Exc L3-4 RORB CUX2",0.0814558585555908,7.20986538307019,33.7167772059312,1.85311279697616e-08,3.00776755261417e-07,3.00776755261417e-07,"gpath_trio"
"17931","DLGAP4-AS1","Exc L3-4 RORB CUX2",-0.195200378550927,2.28551705473771,19.6098252915237,1.39977871798033e-05,0.000106407443991157,0.000106407443991157,"gpath_trio"
"17932","MYL9","Exc L3-4 RORB CUX2",-0.125042676712484,-0.831234675755771,0.966525219417918,0.326462235056612,0.472209319778258,0.472209319778258,"gpath_trio"
"17933","RAB5IF","Exc L3-4 RORB CUX2",-0.304559761229506,2.76276830599263,55.7917763760978,1.22304714007482e-12,5.64644760892667e-11,5.64644760892667e-11,"gpath_trio"
"17934","SLA2","Exc L3-4 RORB CUX2",0.077774993525748,1.854063908096,2.72143788710227,0.100216326665492,0.191319491907296,0.191319491907296,"gpath_trio"
"17935","NDRG3","Exc L3-4 RORB CUX2",-0.0502438720820112,6.54274851993356,8.32764514235132,0.00423230623945888,0.014409824318359,0.014409824318359,"gpath_trio"
"17936","DSN1","Exc L3-4 RORB CUX2",-0.0905347544035851,3.54445875055737,10.1570733354622,0.0016132007457625,0.00635670411049969,0.00635670411049969,"gpath_trio"
"17937","SOGA1","Exc L3-4 RORB CUX2",0.00899780038294339,5.51824332922155,0.158384758750971,0.690974572672238,0.803458779633955,0.803458779633955,"gpath_trio"
"17938","SAMHD1","Exc L3-4 RORB CUX2",-0.0289009935775537,3.86155660396238,1.12745168609804,0.289304805582402,0.431497991254318,0.431497991254318,"gpath_trio"
"17939","RBL1","Exc L3-4 RORB CUX2",0.0548341564711374,4.61096559170972,6.64030690697303,0.0105217194227579,0.0308764639060569,0.0308764639060569,"gpath_trio"
"17940","MROH8","Exc L3-4 RORB CUX2",-0.0457994654504457,4.85566811062584,2.93979996049563,0.0876130082243598,0.172313554389399,0.172313554389399,"gpath_trio"
"17941","RPN2","Exc L3-4 RORB CUX2",-0.0672748882156388,4.50358837417448,6.47587003660945,0.0115135773217877,0.0332360026423045,0.0332360026423045,"gpath_trio"
"17942","MANBAL","Exc L3-4 RORB CUX2",-0.133678141456004,3.89567061121781,29.267857841476,1.43001076062336e-07,1.85533550453866e-06,1.85533550453866e-06,"gpath_trio"
"17943","SRC","Exc L3-4 RORB CUX2",0.0182085114886916,4.35881958759772,0.84805920914009,0.357955602950202,0.505583470282856,0.505583470282856,"gpath_trio"
"17944","BLCAP","Exc L3-4 RORB CUX2",-0.0896820124540912,6.07439873433155,27.6122064263294,3.09066082745205e-07,3.67004603848412e-06,3.67004603848412e-06,"gpath_trio"
"17945","NNAT","Exc L3-4 RORB CUX2",-0.197669194301358,4.73050058088667,17.4754554362104,3.97996981796481e-05,0.000263957564357134,0.000263957564357134,"gpath_trio"
"17946","CTNNBL1","Exc L3-4 RORB CUX2",-0.0184303211151853,5.40253574736689,0.962923085795926,0.99071584181716,0.995700513532988,0.995700513532988,"gpath_trio"
"17947","VSTM2L","Exc L3-4 RORB CUX2",-0.108947602629943,6.03581756013085,13.885970925315,0.000238310534771277,0.00124460653352589,0.00124460653352589,"gpath_trio"
"17948","TTI1","Exc L3-4 RORB CUX2",0.0342528860861353,4.79980799078469,2.9191202762439,0.0887289622519014,0.174012340753767,0.174012340753767,"gpath_trio"
"17949","RPRD1B","Exc L3-4 RORB CUX2",-0.00702354654656292,5.10823384580697,0.140695018714299,0.707896831415595,0.816842323667025,0.816842323667025,"gpath_trio"
"17950","TGM2","Exc L3-4 RORB CUX2",0.109644190550747,-0.261948512451858,1.15005468000677,0.284532049590513,0.425848227039214,0.425848227039214,"gpath_trio"
"17951","LBP","Exc L3-4 RORB CUX2",-0.146693380268131,-0.394037102038354,2.88226699372965,0.113990185411058,0.211410385210291,0.211410385210291,"gpath_trio"
"17952","AL391095.2","Exc L3-4 RORB CUX2",0.0645260153837646,1.71130130809262,0.965961896100035,0.326602993100884,0.472311331503858,0.472311331503858,"gpath_trio"
"17953","AL391095.1","Exc L3-4 RORB CUX2",0.0218102958107053,0.958285770608948,0.0334834083750212,0.854952609426228,0.919926402199709,0.919926402199709,"gpath_trio"
"17954","RALGAPB","Exc L3-4 RORB CUX2",-0.0157588334117281,6.15098242945126,1.30390721987043,0.254551260166288,0.391520292281381,0.391520292281381,"gpath_trio"
"17955","ARHGAP40","Exc L3-4 RORB CUX2",-0.0106449000976375,-1.26110939472807,0.00344039722437308,0.953272036594207,0.977100205166292,0.977100205166292,"gpath_trio"
"17956","ACTR5","Exc L3-4 RORB CUX2",0.0186198841090678,3.53195258869049,0.40186669914851,0.526684079561237,0.666977773204059,0.666977773204059,"gpath_trio"
"17957","PPP1R16B","Exc L3-4 RORB CUX2",0.0910716459031591,7.65540983947527,47.2055384618253,4.70757362565555e-11,1.45923344577347e-09,1.45923344577347e-09,"gpath_trio"
"17958","FAM83D","Exc L3-4 RORB CUX2",0.102403136247423,2.49303397106897,4.23187434861913,0.0406690791809037,0.0935147791742344,0.0935147791742344,"gpath_trio"
"17959","DHX35","Exc L3-4 RORB CUX2",-0.0409953760068209,4.92882431369626,3.09806240146186,0.07956135196758,0.159804679122685,0.159804679122685,"gpath_trio"
"17960","AL118523.1","Exc L3-4 RORB CUX2",-0.0117105843959865,1.28624410790763,0.0332312661388376,0.855493702962215,0.920002100552925,0.920002100552925,"gpath_trio"
"17961","AL133419.1","Exc L3-4 RORB CUX2",0.128393403102633,-0.444442008743836,1.38191019895669,0.240851349034015,0.374705117732977,0.374705117732977,"gpath_trio"
"17962","TOP1","Exc L3-4 RORB CUX2",0.00799574037204022,6.83871885738374,0.250025135546319,0.617480295883027,0.743519246161747,0.743519246161747,"gpath_trio"
"17963","PLCG1-AS1","Exc L3-4 RORB CUX2",-0.198159556602968,1.24090764783636,11.5998516501964,0.000763956210923347,0.00337113222996031,0.00337113222996031,"gpath_trio"
"17964","PLCG1","Exc L3-4 RORB CUX2",-0.0116172420155315,4.35873645227452,0.304602988582563,0.965365546258123,0.982154332998872,0.982154332998872,"gpath_trio"
"17965","ZHX3","Exc L3-4 RORB CUX2",0.116966040878835,7.0542724571138,60.2509482099397,1.91719725027975e-13,1.06554971141581e-11,1.06554971141581e-11,"gpath_trio"
"17966","EMILIN3","Exc L3-4 RORB CUX2",0.0514197590115009,2.16515800991846,0.483926965577224,0.487270222791705,0.630731944807803,0.630731944807803,"gpath_trio"
"17967","CHD6","Exc L3-4 RORB CUX2",0.00617810878104335,7.73646960568275,0.180798930964425,0.671039243979808,0.787838497863863,0.787838497863863,"gpath_trio"
"17968","AL049812.2","Exc L3-4 RORB CUX2",-0.0042393909871058,-0.203340492463493,0.00227014554182865,0.962034912268253,0.980255270455152,0.980255270455152,"gpath_trio"
"17969","PTPRT","Exc L3-4 RORB CUX2",0.162236105899381,9.69782836407746,30.653897390526,7.53407192854625e-08,1.04038262257646e-06,1.04038262257646e-06,"gpath_trio"
"17970","AL021395.1","Exc L3-4 RORB CUX2",0.0546085893882927,3.41050738704013,2.48780990111357,0.115947138916459,0.214490512345457,0.214490512345457,"gpath_trio"
"17971","SRSF6","Exc L3-4 RORB CUX2",0.0741275549303588,4.56815208444579,5.66362248608386,0.0180419117030867,0.0480966660425178,0.0480966660425178,"gpath_trio"
"17972","L3MBTL1","Exc L3-4 RORB CUX2",0.0492333433508412,3.87542322743212,2.11150089505001,0.147401692619021,0.258010510896127,0.258010510896127,"gpath_trio"
"17973","Z98752.3","Exc L3-4 RORB CUX2",0.0580881294896881,0.798373890946392,0.856789430397093,0.461981195489795,0.607596080817303,0.607596080817303,"gpath_trio"
"17974","Z98752.4","Exc L3-4 RORB CUX2",-0.208148577382738,-0.896478714246691,3.65121820129065,0.0571279606952578,0.122456136952071,0.122456136952071,"gpath_trio"
"17975","IFT52","Exc L3-4 RORB CUX2",0.0515585372371959,5.02478601840023,7.67153389874905,0.00601418605189685,0.019413792575523,0.019413792575523,"gpath_trio"
"17976","MYBL2","Exc L3-4 RORB CUX2",-0.244859492344911,-0.121056275954927,8.24201431419324,0.00443011701911059,0.014956092848152,0.014956092848152,"gpath_trio"
"17977","TOX2","Exc L3-4 RORB CUX2",0.0400070365639184,5.07445456601825,1.40988212031404,0.236159593386629,0.36902794489778,0.36902794489778,"gpath_trio"
"17978","JPH2","Exc L3-4 RORB CUX2",-0.0371879256568114,1.42737598106086,0.428295107324763,0.513405169472504,0.654813138305415,0.654813138305415,"gpath_trio"
"17979","OSER1","Exc L3-4 RORB CUX2",-0.0782919356010002,3.00618342021096,7.04405403708317,0.00844305093545233,0.0257075992488305,0.0257075992488305,"gpath_trio"
"17980","OSER1-DT","Exc L3-4 RORB CUX2",0.0165498654453033,3.5182335827865,0.363926282513213,0.546859596635655,0.685017531486672,0.685017531486672,"gpath_trio"
"17981","GDAP1L1","Exc L3-4 RORB CUX2",0.0202793372879741,5.39383872141431,1.19165558216723,0.276006366919526,0.4162066262502,0.4162066262502,"gpath_trio"
"17982","FITM2","Exc L3-4 RORB CUX2",-0.0117919991481983,3.45538194605444,0.143218072748086,0.705411350311582,0.815340027275655,0.815340027275655,"gpath_trio"
"17983","HNF4A","Exc L3-4 RORB CUX2",-0.0433496084438016,0.738705994467843,0.366652707378438,0.545362680034581,0.683650054561039,0.683650054561039,"gpath_trio"
"17984","LINC01620","Exc L3-4 RORB CUX2",-0.0136786419238378,-0.581495714605947,0.0192770634401597,0.889682586541849,0.942519753385938,0.942519753385938,"gpath_trio"
"17985","TTPAL","Exc L3-4 RORB CUX2",-0.178068950183862,3.41125967283747,32.6195679888151,3.05630847368554e-08,4.65717699823307e-07,4.65717699823307e-07,"gpath_trio"
"17986","SERINC3","Exc L3-4 RORB CUX2",-0.0938427579545952,6.77134048673429,34.3662822039819,1.37955916643695e-08,2.31745263804042e-07,2.31745263804042e-07,"gpath_trio"
"17987","PKIG","Exc L3-4 RORB CUX2",0.0281518639657413,7.0305118282778,2.04687519333831,0.153719656152973,0.266182650663998,0.266182650663998,"gpath_trio"
"17988","AL139352.1","Exc L3-4 RORB CUX2",0.0598633146601704,4.1986993160514,1.37360478600239,0.242266277895246,0.376483370807462,0.376483370807462,"gpath_trio"
"17989","KCNK15-AS1","Exc L3-4 RORB CUX2",0.0825077660256527,3.41538122369312,5.5349648536994,0.0193858425756168,0.0509456003599153,0.0509456003599153,"gpath_trio"
"17990","WISP2","Exc L3-4 RORB CUX2",-0.103889942607992,0.0355226414130241,1.37167990801028,0.24259565410661,0.376837644102314,0.376837644102314,"gpath_trio"
"17991","KCNK15","Exc L3-4 RORB CUX2",-0.120745620828329,-0.831901113602413,0.785206098321265,0.376372463662977,0.524545071456242,0.524545071456242,"gpath_trio"
"17992","RIMS4","Exc L3-4 RORB CUX2",0.08761691133882,4.40271221423872,13.5663604375939,0.000280100794947186,0.00142991739323367,0.00142991739323367,"gpath_trio"
"17993","YWHAB","Exc L3-4 RORB CUX2",-0.0807292954523892,7.57177555649173,13.9077260013722,0.000235707323561302,0.00123164860213656,0.00123164860213656,"gpath_trio"
"17994","PABPC1L","Exc L3-4 RORB CUX2",0.0251352379944325,2.76147691855387,0.368348176081262,0.841214316795204,0.910470195941871,0.910470195941871,"gpath_trio"
"17995","TOMM34","Exc L3-4 RORB CUX2",-0.0803638095658651,4.23386838802517,6.67151854393696,0.013704005427298,0.0384745768850177,0.0384745768850177,"gpath_trio"
"17996","STK4","Exc L3-4 RORB CUX2",-0.0327817358393002,6.05526035673582,2.47904055284948,0.116588586250866,0.215322906609333,0.215322906609333,"gpath_trio"
"17997","KCNS1","Exc L3-4 RORB CUX2",-0.113950580171175,3.97584866846608,11.5555216751526,0.000781585377702503,0.00343390352681794,0.00343390352681794,"gpath_trio"
"17998","MATN4","Exc L3-4 RORB CUX2",-0.152878655446565,1.77495158852153,9.15100488598331,0.00273485696760805,0.00995951973312139,0.00995951973312139,"gpath_trio"
"17999","RBPJL","Exc L3-4 RORB CUX2",-0.0317658419155336,-0.273354544261066,0.0599818055466387,0.806717878784123,0.888244445203849,0.888244445203849,"gpath_trio"
"18000","SYS1-DBNDD2","Exc L3-4 RORB CUX2",0.0998820723334898,4.01502503281936,14.5456663239055,0.000170937401347516,0.000927558384127525,0.000927558384127525,"gpath_trio"
"18001","TP53TG5","Exc L3-4 RORB CUX2",-0.488046178397829,1.955571348848,10.438073263617,0.00139348316659524,0.00561596541870934,0.00561596541870934,"gpath_trio"
"18002","PIGT","Exc L3-4 RORB CUX2",-0.0169130449922419,4.03162103595657,0.481656436573354,0.705991571538302,0.815577030847762,0.815577030847762,"gpath_trio"
"18003","AL031663.3","Exc L3-4 RORB CUX2",-0.0644116518417152,-0.630239572825606,0.323616864631209,0.973075779121277,0.985690707924104,0.985690707924104,"gpath_trio"
"18004","WFDC2","Exc L3-4 RORB CUX2",-0.0900001059891789,1.85806438187756,2.7041864860574,0.10129360568047,0.192903226935752,0.192903226935752,"gpath_trio"
"18005","WFDC8","Exc L3-4 RORB CUX2",-0.240259758644589,-1.33955998055421,2.66424597634282,0.103836923208413,0.196834532155382,0.196834532155382,"gpath_trio"
"18006","WFDC9","Exc L3-4 RORB CUX2",0.0859720201653269,-1.47846655863581,0.263729225948932,0.608005736798263,0.735920324095757,0.735920324095757,"gpath_trio"
"18007","WFDC10B","Exc L3-4 RORB CUX2",-0.134919622490804,1.04779248561289,4.68734017626074,0.0312955196880682,0.0753355339108431,0.0753355339108431,"gpath_trio"
"18008","WFDC13","Exc L3-4 RORB CUX2",0.25378339709181,-1.3533328632202,2.39403506164656,0.123015159580773,0.224518802654433,0.224518802654433,"gpath_trio"
"18009","WFDC3","Exc L3-4 RORB CUX2",-0.0542359055725647,0.892466248713494,0.737239284728567,0.565458802586328,0.700831216485561,0.700831216485561,"gpath_trio"
"18010","DNTTIP1","Exc L3-4 RORB CUX2",-0.0482660139464774,4.13393684155316,3.82248107985195,0.0516406034099847,0.113170668454969,0.113170668454969,"gpath_trio"
"18011","TNNC2","Exc L3-4 RORB CUX2",0.00180004781113388,1.96148250820852,0.00156165133610514,0.968507940590317,0.983671350252197,0.983671350252197,"gpath_trio"
"18012","SNX21","Exc L3-4 RORB CUX2",-0.0823627296897226,2.87656809324261,5.60631240111898,0.0186281797988783,0.0493660222569774,0.0493660222569774,"gpath_trio"
"18013","ACOT8","Exc L3-4 RORB CUX2",-0.0562739728783445,4.39953216579836,5.96367836938598,0.015270339420164,0.0420930588607473,0.0420930588607473,"gpath_trio"
"18014","ZSWIM3","Exc L3-4 RORB CUX2",0.0244578320508587,3.39392197554614,0.612055548306835,0.434726808166757,0.582107476920709,0.582107476920709,"gpath_trio"
"18015","ZSWIM1","Exc L3-4 RORB CUX2",0.0737944791709078,1.02071620074076,1.6520604628534,0.199822415604836,0.325481772551879,0.325481772551879,"gpath_trio"
"18016","NEURL2","Exc L3-4 RORB CUX2",-0.101401764262383,1.58155257395721,2.84312432456704,0.0929651544688304,0.180128076929976,0.180128076929976,"gpath_trio"
"18017","CTSA","Exc L3-4 RORB CUX2",-0.021597739089168,5.01863026504755,0.710283516953926,0.400124305216032,0.548441324664273,0.548441324664273,"gpath_trio"
"18018","PLTP","Exc L3-4 RORB CUX2",0.100347941815492,0.648341144166508,1.81710052037144,0.317339353425774,0.462595480878973,0.462595480878973,"gpath_trio"
"18019","PCIF1","Exc L3-4 RORB CUX2",-0.0774872988540814,2.41697774713931,3.84418122076446,0.0509864620665834,0.111992582710215,0.111992582710215,"gpath_trio"
"18020","ZNF335","Exc L3-4 RORB CUX2",-0.0162551007003446,4.96846343100602,0.498284043939762,0.940214372870332,0.971067112350719,0.971067112350719,"gpath_trio"
"18021","SLC12A5-AS1","Exc L3-4 RORB CUX2",0.0111977385351926,-0.109300623369833,0.0145926337104659,0.903942768983665,0.951332569861525,0.951332569861525,"gpath_trio"
"18022","SLC12A5","Exc L3-4 RORB CUX2",-0.112068921392621,6.90148155108849,19.1470108733176,1.75381226837888e-05,0.000128947385257084,0.000128947385257084,"gpath_trio"
"18023","NCOA5","Exc L3-4 RORB CUX2",0.0751654416402153,5.14085906600395,10.5542908957071,0.00131176636818405,0.00534536184167101,0.00534536184167101,"gpath_trio"
"18024","CD40","Exc L3-4 RORB CUX2",0.13084634887531,-0.0894658485361144,1.43604303528602,0.231871881332224,0.363877971832423,0.363877971832423,"gpath_trio"
"18025","CDH22","Exc L3-4 RORB CUX2",0.0235251108284178,7.31241244864319,0.599815234362886,0.439352223811017,0.586045032422298,0.586045032422298,"gpath_trio"
"18026","SLC35C2","Exc L3-4 RORB CUX2",-0.0571863330211384,4.40945890491378,6.43146516612793,0.0117976446042545,0.0339232321564236,0.0339232321564236,"gpath_trio"
"18027","AL133227.1","Exc L3-4 RORB CUX2",-0.463578290941661,1.42607480738188,57.2826832021825,6.56147857600349e-13,3.18982723544266e-11,3.18982723544266e-11,"gpath_trio"
"18028","ELMO2","Exc L3-4 RORB CUX2",0.00641075712025055,4.65367349815573,0.0512888451548062,0.821013513535409,0.897378614629707,0.897378614629707,"gpath_trio"
"18029","ZNF334","Exc L3-4 RORB CUX2",0.0861756279017826,3.49112091215361,5.05632012460864,0.0253740142795843,0.0634193183957648,0.0634193183957648,"gpath_trio"
"18030","SLC13A3","Exc L3-4 RORB CUX2",0.0239595182945109,6.54302296875812,1.14959197792978,0.284628741404322,0.425961342469565,0.425961342469565,"gpath_trio"
"18031","TP53RK","Exc L3-4 RORB CUX2",-0.080561461240596,2.23903409065392,4.85855614536721,0.0283857340310908,0.069373351417975,0.069373351417975,"gpath_trio"
"18032","ZMYND8","Exc L3-4 RORB CUX2",0.102828804461923,8.00310961281327,21.4605140383426,5.71484958604811e-06,4.83020906571096e-05,4.83020906571096e-05,"gpath_trio"
"18033","AL031666.1","Exc L3-4 RORB CUX2",0.105751558502792,-0.398634945995773,0.924711745925269,0.337134282447634,0.483554965760061,0.483554965760061,"gpath_trio"
"18034","LINC01754","Exc L3-4 RORB CUX2",-0.0107997285384713,0.957887480132305,0.0295738244149882,0.863594559810259,0.925740963101498,0.925740963101498,"gpath_trio"
"18035","NCOA3","Exc L3-4 RORB CUX2",0.0546106226012076,5.96118763436659,5.94363922617427,0.015440878863643,0.0424529478160257,0.0424529478160257,"gpath_trio"
"18036","SULF2","Exc L3-4 RORB CUX2",-0.0702186832034356,2.51149882285114,0.392565388961496,0.531503701826006,0.671255715319864,0.671255715319864,"gpath_trio"
"18037","PREX1","Exc L3-4 RORB CUX2",0.0949842614101209,4.08829132367185,4.3662266607261,0.0376300981096166,0.0877983012035596,0.0877983012035596,"gpath_trio"
"18038","AL133342.1","Exc L3-4 RORB CUX2",0.0667182182995393,-1.19015964022886,0.224324624733916,0.636161779682985,0.759001866939527,0.759001866939527,"gpath_trio"
"18039","ARFGEF2","Exc L3-4 RORB CUX2",0.0443303825454146,7.14555441602644,8.26191728818787,0.00438331062643272,0.0148184919943884,0.0148184919943884,"gpath_trio"
"18040","CSE1L-AS1","Exc L3-4 RORB CUX2",0.11280669459918,-0.842646896208403,0.955778176448564,0.48905830555777,0.632544993873772,0.632544993873772,"gpath_trio"
"18041","CSE1L","Exc L3-4 RORB CUX2",-0.0815807933396623,4.96614786995011,13.0358092217803,0.000366592355677039,0.00179689037312543,0.00179689037312543,"gpath_trio"
"18042","STAU1","Exc L3-4 RORB CUX2",0.00760210462907676,6.13991898578531,0.262741828500795,0.608677878404357,0.736480520379507,0.736480520379507,"gpath_trio"
"18043","DDX27","Exc L3-4 RORB CUX2",0.0511902744601562,4.19160038105091,3.7625975343775,0.0534925449813385,0.116219265022454,0.116219265022454,"gpath_trio"
"18044","ZNFX1","Exc L3-4 RORB CUX2",-0.0150764052019145,4.63078101831209,0.379811230189104,0.538243460011053,0.677083290043833,0.677083290043833,"gpath_trio"
"18045","ZFAS1","Exc L3-4 RORB CUX2",-0.127110746878882,4.42145042184356,28.2323100773383,2.31416892795445e-07,2.84165295931108e-06,2.84165295931108e-06,"gpath_trio"
"18046","KCNB1","Exc L3-4 RORB CUX2",0.0467567204292393,8.1515708978129,8.89705129765885,0.00312766763061373,0.0111701720544248,0.0111701720544248,"gpath_trio"
"18047","PTGIS","Exc L3-4 RORB CUX2",0.0928141538136795,2.34039322263987,2.09871891761657,0.148627510137666,0.259638065375999,0.259638065375999,"gpath_trio"
"18048","B4GALT5","Exc L3-4 RORB CUX2",-0.0329277257271515,6.13089626179608,4.28312089772476,0.0953170513290385,0.183757430536393,0.183757430536393,"gpath_trio"
"18049","SLC9A8","Exc L3-4 RORB CUX2",-0.0722281592205798,4.49153885923427,4.87707530674476,0.0280884568720299,0.0687498946977091,0.0687498946977091,"gpath_trio"
"18050","SPATA2","Exc L3-4 RORB CUX2",-0.0472079015973528,4.21109485025662,3.59123740872882,0.0591942347832021,0.126108097861785,0.126108097861785,"gpath_trio"
"18051","RNF114","Exc L3-4 RORB CUX2",-0.0355601976276237,5.07237895933099,3.33913467641542,0.0687963490264876,0.142370124280376,0.142370124280376,"gpath_trio"
"18052","SNAI1","Exc L3-4 RORB CUX2",-0.135318214949498,-0.294213967602106,1.96766431687724,0.161888920749884,0.276535189988375,0.276535189988375,"gpath_trio"
"18053","AL161937.2","Exc L3-4 RORB CUX2",-0.0344795021746012,-0.334414193607109,0.135210184611644,0.71338909466421,0.82093457590979,0.82093457590979,"gpath_trio"
"18054","LINC01273","Exc L3-4 RORB CUX2",-0.105559207470431,1.36764412539597,2.87683935057213,0.0910591540168891,0.177411881467878,0.177411881467878,"gpath_trio"
"18055","CEBPB-AS1","Exc L3-4 RORB CUX2",0.101735520158435,2.48832258684165,5.74110215877714,0.0172796377608405,0.0465380712621756,0.0465380712621756,"gpath_trio"
"18056","CEBPB","Exc L3-4 RORB CUX2",-0.0511117333065879,4.35590589483455,2.84375448901613,0.0929291323442247,0.180117710158971,0.180117710158971,"gpath_trio"
"18057","LINC01270","Exc L3-4 RORB CUX2",0.0820263926735688,-1.23031001852639,0.318912297053079,0.572748927388598,0.70717317075061,0.70717317075061,"gpath_trio"
"18058","PTPN1","Exc L3-4 RORB CUX2",0.0169453752474003,6.21405363157317,0.647979200700363,0.751386811470593,0.849970783370856,0.849970783370856,"gpath_trio"
"18059","RIPOR3","Exc L3-4 RORB CUX2",-0.151788093558899,1.30202487855548,7.74489483018487,0.00578154781154707,0.0188012132653066,0.0188012132653066,"gpath_trio"
"18060","PARD6B","Exc L3-4 RORB CUX2",0.0169545471999462,3.8166072185317,0.412343076899159,0.521348395409013,0.661938570004836,0.661938570004836,"gpath_trio"
"18061","BCAS4","Exc L3-4 RORB CUX2",0.0044791322370384,5.06538910452734,0.05027894943359,0.822754689425009,0.89846148087413,0.89846148087413,"gpath_trio"
"18062","ADNP","Exc L3-4 RORB CUX2",0.0510466599991833,6.48849144615359,12.9443035953424,0.000384051996746142,0.00187246230893026,0.00187246230893026,"gpath_trio"
"18063","ADNP-AS1","Exc L3-4 RORB CUX2",-0.0548600717624571,1.52171827802386,1.22168526915483,0.311442313721367,0.455942869118974,0.455942869118974,"gpath_trio"
"18064","DPM1","Exc L3-4 RORB CUX2",0.0620755100061183,5.73572883554898,11.4110515637056,0.000841964916657747,0.00365461320859941,0.00365461320859941,"gpath_trio"
"18065","MOCS3","Exc L3-4 RORB CUX2",-0.115431960370123,1.6180262173231,6.18147401797935,0.013537905289783,0.0380877477647987,0.0380877477647987,"gpath_trio"
"18066","KCNG1","Exc L3-4 RORB CUX2",0.028080049794562,3.47029887379771,0.249580778860872,0.617792903072027,0.743762490719546,0.743762490719546,"gpath_trio"
"18067","NFATC2","Exc L3-4 RORB CUX2",-0.128771354620431,-0.196058165856153,0.5304561567254,0.46707310493455,0.612452872225045,0.612452872225045,"gpath_trio"
"18068","ATP9A","Exc L3-4 RORB CUX2",-0.0056531516268758,7.7119569561851,0.135120641384357,0.713479800749242,0.820992127993837,0.820992127993837,"gpath_trio"
"18069","SALL4","Exc L3-4 RORB CUX2",-0.209821665374192,-0.628445291751431,4.18129082505639,0.0418794912844957,0.0956656178288836,0.0956656178288836,"gpath_trio"
"18070","LINC01429","Exc L3-4 RORB CUX2",-0.201173244548834,1.16575578786942,12.3313114477629,0.000524982978319564,0.00244495189002705,0.00244495189002705,"gpath_trio"
"18071","ZFP64","Exc L3-4 RORB CUX2",0.0212296641057813,4.99005438460408,0.959153699890861,0.609804506095569,0.737507812578931,0.737507812578931,"gpath_trio"
"18072","LINC01524","Exc L3-4 RORB CUX2",-0.0713311860025297,1.50563511593131,1.06099825666074,0.303944836248275,0.44782641286124,0.44782641286124,"gpath_trio"
"18073","TSHZ2","Exc L3-4 RORB CUX2",0.321341893958272,6.57774049837671,15.1185921354528,0.000128254003166284,0.00072297415866996,0.00072297415866996,"gpath_trio"
"18074","AL391097.1","Exc L3-4 RORB CUX2",-0.310841323312318,-0.895389316481535,5.12472878770886,0.0244116672141633,0.0613877985003475,0.0613877985003475,"gpath_trio"
"18075","AL109930.1","Exc L3-4 RORB CUX2",-0.148964117115655,2.75788450355207,4.27095138380651,0.0397593326494753,0.0918416002064534,0.0918416002064534,"gpath_trio"
"18076","AL354993.2","Exc L3-4 RORB CUX2",-0.0685600503275312,0.442601277381307,0.727959919758677,0.394330562098887,0.54246610904267,0.54246610904267,"gpath_trio"
"18077","AL157838.1","Exc L3-4 RORB CUX2",-0.140830363359389,-0.411315040758941,2.02858277778741,0.155563554289378,0.268683734936067,0.268683734936067,"gpath_trio"
"18078","ZNF217","Exc L3-4 RORB CUX2",0.0576224824878751,0.161197697449875,0.571016133760412,0.450539435305495,0.596785050705034,0.596785050705034,"gpath_trio"
"18079","AC005808.1","Exc L3-4 RORB CUX2",-0.0371224496441434,-0.193375843053542,0.190782246613607,0.662628869341677,0.780872513958431,0.780872513958431,"gpath_trio"
"18080","CYP24A1","Exc L3-4 RORB CUX2",0.0644526948868377,0.224805505786867,0.229840104872146,0.632045402960768,0.75533206994038,0.75533206994038,"gpath_trio"
"18081","PFDN4","Exc L3-4 RORB CUX2",-0.115382811774144,4.40679940685387,26.095324156548,6.29434117774234e-07,6.83467886226866e-06,6.83467886226866e-06,"gpath_trio"
"18082","DOK5","Exc L3-4 RORB CUX2",0.0973653663885968,5.54584743189373,10.2637879377949,0.0015258735058285,0.00606471591412331,0.00606471591412331,"gpath_trio"
"18083","LINC01440","Exc L3-4 RORB CUX2",-0.0771853037188175,-0.224479452117629,0.612795844765228,0.434449456718429,0.581890578855095,0.581890578855095,"gpath_trio"
"18084","CBLN4","Exc L3-4 RORB CUX2",-0.125892251136901,4.88569807397048,13.3962708292921,0.000305301089368145,0.00153755603544741,0.00153755603544741,"gpath_trio"
"18085","FAM210B","Exc L3-4 RORB CUX2",-0.0922568828544393,3.83403326448705,8.28212800901819,0.00433629908113945,0.0147033334389897,0.0147033334389897,"gpath_trio"
"18086","AURKA","Exc L3-4 RORB CUX2",-0.103914785961248,1.04471836870018,3.07998111278655,0.0804392223188265,0.161094035167989,0.161094035167989,"gpath_trio"
"18087","CSTF1","Exc L3-4 RORB CUX2",-0.0543388069729823,2.80494018794765,2.90134139314376,0.0947724677388041,0.182899802623912,0.182899802623912,"gpath_trio"
"18088","CASS4","Exc L3-4 RORB CUX2",0.230618384888679,1.90038170321719,14.5125975687454,0.000173801743089755,0.000941328903848537,0.000941328903848537,"gpath_trio"
"18089","RTF2","Exc L3-4 RORB CUX2",0.0410036452621982,4.270826584342,3.51284755405511,0.0620160027482359,0.131117586010389,0.131117586010389,"gpath_trio"
"18090","GCNT7","Exc L3-4 RORB CUX2",-0.386338214151001,0.423935684444472,25.5679904383707,8.06963941633332e-07,8.5327555149122e-06,8.5327555149122e-06,"gpath_trio"
"18091","FAM209A","Exc L3-4 RORB CUX2",0.0801457566605677,-0.203532818159361,0.753442131739775,0.386189053872302,0.53438711672659,0.53438711672659,"gpath_trio"
"18092","FAM209B","Exc L3-4 RORB CUX2",-0.0756775584639672,-0.605053321236519,0.45290311534681,0.501557221090308,0.644229766059526,0.644229766059526,"gpath_trio"
"18093","RAE1","Exc L3-4 RORB CUX2",-0.0416096572258592,3.97388398085274,2.63745974424567,0.10558196101851,0.199326160306298,0.199326160306298,"gpath_trio"
"18094","AL109955.1","Exc L3-4 RORB CUX2",-0.155343174867484,-0.100808526467388,2.60284309340275,0.107885194281874,0.202718058548645,0.202718058548645,"gpath_trio"
"18095","RBM38","Exc L3-4 RORB CUX2",0.109514092278405,2.18460218002208,6.14789900287249,0.0137910973470947,0.0386545413972818,0.0386545413972818,"gpath_trio"
"18096","PMEPA1","Exc L3-4 RORB CUX2",0.0850455861252655,4.71707164780528,5.19989895119596,0.0233980238389842,0.0593017708796962,0.0593017708796962,"gpath_trio"
"18097","RAB22A","Exc L3-4 RORB CUX2",-0.00413435492597784,5.17181172111772,0.0419926643070609,0.837794085167256,0.908394457368162,0.908394457368162,"gpath_trio"
"18098","VAPB","Exc L3-4 RORB CUX2",-0.066639002692389,5.51562608368921,16.4332003511501,6.66263432820844e-05,0.000411569649637493,0.000411569649637493,"gpath_trio"
"18099","APCDD1L","Exc L3-4 RORB CUX2",-0.132443574476588,-0.453051366926663,1.73966041209302,0.188342313508942,0.310924324936004,0.310924324936004,"gpath_trio"
"18100","STX16-NPEPL1","Exc L3-4 RORB CUX2",0.0619250059138571,4.04254575941255,2.52481304323786,0.11328327412031,0.210430904647569,0.210430904647569,"gpath_trio"
"18101","NPEPL1","Exc L3-4 RORB CUX2",-0.0660010643300345,3.72312664116271,2.5302952185597,0.112894413543939,0.209959881383571,0.209959881383571,"gpath_trio"
"18102","GNAS","Exc L3-4 RORB CUX2",0.044733629608118,8.39111627178341,2.21391393288156,0.137983055424782,0.245358218368532,0.245358218368532,"gpath_trio"
"18103","AL121917.1","Exc L3-4 RORB CUX2",0.060491360241765,0.649919460700806,0.788471353189444,0.375383434445866,0.523674390349175,0.523674390349175,"gpath_trio"
"18104","NELFCD","Exc L3-4 RORB CUX2",-0.06282977184784,4.93610467041885,8.11960358407647,0.00472948456782775,0.0158290230849245,0.0158290230849245,"gpath_trio"
"18105","CTSZ","Exc L3-4 RORB CUX2",-0.184535086406089,1.76478978224303,7.46790361801021,0.00671166466477909,0.02125044485435,0.02125044485435,"gpath_trio"
"18106","ATP5F1E","Exc L3-4 RORB CUX2",-0.279030958853085,4.47755799787695,49.5806090489763,1.6958777758872e-11,6.02365037474018e-10,6.02365037474018e-10,"gpath_trio"
"18107","PRELID3B","Exc L3-4 RORB CUX2",-0.0453226288691121,2.11577455910497,0.983023291704541,0.322375325775147,0.467888085532334,0.467888085532334,"gpath_trio"
"18108","ZNF831","Exc L3-4 RORB CUX2",0.136554035788831,4.96236905503856,19.9625256824208,1.17925215712246e-05,9.18313951880455e-05,9.18313951880455e-05,"gpath_trio"
"18109","EDN3","Exc L3-4 RORB CUX2",-0.132329841004973,-0.143852934450562,1.90181725101549,0.169060172961113,0.286164022945755,0.286164022945755,"gpath_trio"
"18110","PHACTR3","Exc L3-4 RORB CUX2",0.0501707902559655,7.68109097207812,5.69301866360052,0.0177486689423429,0.0474654554495981,0.0474654554495981,"gpath_trio"
"18111","SYCP2","Exc L3-4 RORB CUX2",0.0872214991009234,5.1114933582261,4.5725780841701,0.0334198669118126,0.0795288764975017,0.0795288764975017,"gpath_trio"
"18112","FAM217B","Exc L3-4 RORB CUX2",-0.0660921346017343,6.31072626950399,9.13086594718952,0.00276407822095047,0.0100514199905688,0.0100514199905688,"gpath_trio"
"18113","PPP1R3D","Exc L3-4 RORB CUX2",0.114080452035146,0.753599145109551,2.87919222609461,0.090927742082272,0.177243207392255,0.177243207392255,"gpath_trio"
"18114","CDH26","Exc L3-4 RORB CUX2",0.0603573883368445,3.81744649663567,3.28438504252728,0.0710952646570632,0.146048973063461,0.146048973063461,"gpath_trio"
"18115","C20orf197","Exc L3-4 RORB CUX2",-0.0472225524628691,-1.14180752930903,0.132195231249722,0.716462169931627,0.823279915151684,0.823279915151684,"gpath_trio"
"18116","MIR646HG","Exc L3-4 RORB CUX2",-0.0225700754927677,5.74231457695313,0.050711607123517,0.822006508646821,0.897887455979947,0.897887455979947,"gpath_trio"
"18117","AL117372.1","Exc L3-4 RORB CUX2",-0.0841549638527668,0.194523102925457,1.05252509996912,0.40122372528784,0.549461771409676,0.549461771409676,"gpath_trio"
"18118","CDH4","Exc L3-4 RORB CUX2",0.0914345440968657,6.45795126854968,7.89419702475213,0.00533619952275701,0.0175796579640142,0.0175796579640142,"gpath_trio"
"18119","AL162457.2","Exc L3-4 RORB CUX2",0.0740654426671971,1.36358426415528,0.702866648268859,0.402592186906651,0.550870417450035,0.550870417450035,"gpath_trio"
"18120","TAF4","Exc L3-4 RORB CUX2",0.116769878015104,4.85005344139078,36.6263574950681,4.97090405187253e-09,9.41671260530782e-08,9.41671260530782e-08,"gpath_trio"
"18121","AL137077.2","Exc L3-4 RORB CUX2",0.108048034751488,0.27537642192485,2.46096027980043,0.117923573322453,0.217131339945285,0.217131339945285,"gpath_trio"
"18122","LSM14B","Exc L3-4 RORB CUX2",-0.146118473435626,3.88310581769666,28.8441868516149,1.74081303035832e-07,2.20886181682259e-06,2.20886181682259e-06,"gpath_trio"
"18123","PSMA7","Exc L3-4 RORB CUX2",-0.183699113377347,5.09428113090765,64.6545265650857,3.16030240124222e-14,2.12530336483539e-12,2.12530336483539e-12,"gpath_trio"
"18124","SS18L1","Exc L3-4 RORB CUX2",-0.00281472511316138,5.37851197585812,0.0235288010718214,0.878208916000989,0.935078366071351,0.935078366071351,"gpath_trio"
"18125","MTG2","Exc L3-4 RORB CUX2",0.0152738054723508,5.22724934766969,0.523788428846569,0.568600578374069,0.703687686706959,0.703687686706959,"gpath_trio"
"18126","HRH3","Exc L3-4 RORB CUX2",0.305428326316009,3.37783296377537,32.0313371536532,4.00044167622138e-08,5.96552949141131e-07,5.96552949141131e-07,"gpath_trio"
"18127","OSBPL2","Exc L3-4 RORB CUX2",-0.0312506023081951,4.6199171049528,2.7148341464454,0.100627208696894,0.191958579374039,0.191958579374039,"gpath_trio"
"18128","ADRM1","Exc L3-4 RORB CUX2",-0.187266956955713,3.30959122266767,31.5989082117665,4.87798446825161e-08,7.10565607559396e-07,7.10565607559396e-07,"gpath_trio"
"18129","AL354836.1","Exc L3-4 RORB CUX2",0.221256137853624,0.88051261137505,8.18646664070488,0.00456347965262247,0.0153523765202031,0.0153523765202031,"gpath_trio"
"18130","LAMA5","Exc L3-4 RORB CUX2",0.0604591530107905,4.01425442164965,3.69687806070558,0.0556067163193642,0.119897728902798,0.119897728902798,"gpath_trio"
"18131","AL121832.2","Exc L3-4 RORB CUX2",-0.113990392830617,0.951965489874827,2.75392560524345,0.0982215982387638,0.188134505313497,0.188134505313497,"gpath_trio"
"18132","RPS21","Exc L3-4 RORB CUX2",-0.205228994746151,3.03859609403087,28.9243674956587,1.67716247278184e-07,2.13885922176824e-06,2.13885922176824e-06,"gpath_trio"
"18133","CABLES2","Exc L3-4 RORB CUX2",-0.0475110169495141,3.24623664565516,3.37083362316551,0.0675020008867758,0.140238169899156,0.140238169899156,"gpath_trio"
"18134","RBBP8NL","Exc L3-4 RORB CUX2",-0.635822641402475,-1.20467094719494,11.0244237344457,0.001028004853151,0.00434254562653296,0.00434254562653296,"gpath_trio"
"18135","MIR1-1HG-AS1","Exc L3-4 RORB CUX2",0.0922792123994197,0.722751015463215,0.997001554858418,0.318965475669373,0.464211983807547,0.464211983807547,"gpath_trio"
"18136","MIR1-1HG","Exc L3-4 RORB CUX2",0.347362707095306,-1.47151044591848,4.58502626428482,0.0331822858646939,0.0790660939317585,0.0790660939317585,"gpath_trio"
"18137","SLCO4A1","Exc L3-4 RORB CUX2",0.00340292819698931,3.09557298246621,0.00573831934929174,0.939674899897685,0.970927133447907,0.970927133447907,"gpath_trio"
"18138","NTSR1","Exc L3-4 RORB CUX2",0.0289199157357278,1.2180733854363,0.185934190795794,0.66667960712324,0.783997497884784,0.783997497884784,"gpath_trio"
"18139","MRGBP","Exc L3-4 RORB CUX2",-0.0811782829090935,3.17724378281937,6.63569076321383,0.0105483235227627,0.0309365354080154,0.0309365354080154,"gpath_trio"
"18140","OGFR","Exc L3-4 RORB CUX2",-0.0453932194628573,5.90910499644022,3.63291116910405,0.0577503214949883,0.123505007310036,0.123505007310036,"gpath_trio"
"18141","COL9A3","Exc L3-4 RORB CUX2",-0.0192684368377749,0.544458247581082,0.0338848392442822,0.854095471866826,0.919537693643512,0.919537693643512,"gpath_trio"
"18142","TCFL5","Exc L3-4 RORB CUX2",0.0211144006971118,4.14063061328415,0.509095148156878,0.47617076504824,0.620470527988648,0.620470527988648,"gpath_trio"
"18143","DIDO1","Exc L3-4 RORB CUX2",0.0220289597653852,5.8340111641965,2.12683180194894,0.145946528581216,0.255974199263325,0.255974199263325,"gpath_trio"
"18144","GID8","Exc L3-4 RORB CUX2",0.0279072497560343,4.96426205583032,1.76858386298471,0.184722878780972,0.306554584141326,0.306554584141326,"gpath_trio"
"18145","SLC17A9","Exc L3-4 RORB CUX2",0.132253485871695,-0.606385820618459,1.69355850427436,0.290236617780215,0.432493076572557,0.432493076572557,"gpath_trio"
"18146","LINC01749","Exc L3-4 RORB CUX2",-0.0842577711101405,0.56817102916769,1.64002298627453,0.201463506236784,0.327520244828938,0.327520244828938,"gpath_trio"
"18147","HAR1B","Exc L3-4 RORB CUX2",0.0915565937864796,1.87044669392507,3.14160357667012,0.0774896722361416,0.156570269140126,0.156570269140126,"gpath_trio"
"18148","HAR1A","Exc L3-4 RORB CUX2",-0.146234276175874,2.01635600584395,9.9743872290744,0.00177471285198496,0.00688157443567105,0.00688157443567105,"gpath_trio"
"18149","YTHDF1","Exc L3-4 RORB CUX2",-0.0353678588527081,4.34975686805817,2.18482336574306,0.14058739731712,0.248780873684142,0.248780873684142,"gpath_trio"
"18150","NKAIN4","Exc L3-4 RORB CUX2",0.193500729986962,0.865871819322264,7.37652142106622,0.115802047055938,0.214270731720549,0.214270731720549,"gpath_trio"
"18151","ARFGAP1","Exc L3-4 RORB CUX2",-0.0893739584749823,4.80974891741549,11.7678618468467,0.000700734237689696,0.00312910873071926,0.00312910873071926,"gpath_trio"
"18152","CHRNA4","Exc L3-4 RORB CUX2",-0.0220193632137398,2.88240567204475,0.215135890910565,0.643159454158786,0.764718410399193,0.764718410399193,"gpath_trio"
"18153","AL121827.1","Exc L3-4 RORB CUX2",-0.119790015776721,0.0480795294891007,1.57079083621468,0.211218055102412,0.339439562027335,0.339439562027335,"gpath_trio"
"18154","KCNQ2","Exc L3-4 RORB CUX2",0.0657720121394879,7.18719699454762,9.27302928662709,0.00256442984418928,0.00944629762762801,0.00944629762762801,"gpath_trio"
"18155","EEF1A2","Exc L3-4 RORB CUX2",0.189173143953051,6.64235935347336,11.5942358903282,0.000766166915958964,0.00337645642845612,0.00337645642845612,"gpath_trio"
"18156","PPDPF","Exc L3-4 RORB CUX2",-0.111120896787092,4.9271907614105,8.21253098358807,0.00450039746106403,0.015160380493733,0.015160380493733,"gpath_trio"
"18157","GMEB2","Exc L3-4 RORB CUX2",0.0736649400020629,3.59542816802503,6.28729862898734,0.0127708942400232,0.0362993507033626,0.0362993507033626,"gpath_trio"
"18158","MHENCR","Exc L3-4 RORB CUX2",-0.0761936334206021,3.04521592860946,4.19625284608072,0.041517548928326,0.0950648677368037,0.0950648677368037,"gpath_trio"
"18159","STMN3","Exc L3-4 RORB CUX2",-0.0870830121802695,6.7439324541644,17.7239647943974,3.52161423193346e-05,0.00023690752627295,0.00023690752627295,"gpath_trio"
"18160","ARFRP1","Exc L3-4 RORB CUX2",-0.0756891987942314,4.14069802724498,7.16682188253793,0.00789880475042076,0.0243072583648168,0.0243072583648168,"gpath_trio"
"18161","SLC2A4RG","Exc L3-4 RORB CUX2",0.0590238650745979,3.13262057716586,1.65028377164386,0.200063639259071,0.325769485234201,0.325769485234201,"gpath_trio"
"18162","ZBTB46","Exc L3-4 RORB CUX2",0.0843484171039636,6.35586360264314,16.2243563728746,7.39033262693559e-05,0.000448690823799053,0.000448690823799053,"gpath_trio"
"18163","AL121845.1","Exc L3-4 RORB CUX2",0.408572282849105,-1.01730924364732,8.85979315996916,0.00318997264327285,0.0113465617203861,0.0113465617203861,"gpath_trio"
"18164","ZBTB46-AS1","Exc L3-4 RORB CUX2",-0.147160377765363,0.823014159070669,3.8904907826025,0.0496197706142209,0.109658580183115,0.109658580183115,"gpath_trio"
"18165","AL118506.1","Exc L3-4 RORB CUX2",-0.0957715594156648,-0.226646684043321,1.07986525084925,0.299693080849051,0.443050333855763,0.443050333855763,"gpath_trio"
"18166","TPD52L2","Exc L3-4 RORB CUX2",0.0328656572451629,5.48753473276523,1.90877814686232,0.168285051462846,0.28506724712535,0.28506724712535,"gpath_trio"
"18167","DNAJC5","Exc L3-4 RORB CUX2",-0.0791958109272137,6.32648064819162,16.1707062914211,7.58994551751589e-05,0.000459427395187168,0.000459427395187168,"gpath_trio"
"18168","UCKL1","Exc L3-4 RORB CUX2",-0.0879864594952371,3.253456495844,6.02535531938194,0.0147575979820055,0.0409313361681277,0.0409313361681277,"gpath_trio"
"18169","UCKL1-AS1","Exc L3-4 RORB CUX2",-0.130300417542464,-0.440887735705608,1.78060312396344,0.183242725174427,0.304674631646124,0.304674631646124,"gpath_trio"
"18170","ZNF512B","Exc L3-4 RORB CUX2",-0.0482784421188944,3.97765627060231,3.12769699918853,0.0781449228220183,0.1575943440558,0.1575943440558,"gpath_trio"
"18171","SAMD10","Exc L3-4 RORB CUX2",-0.0114340574498011,2.67222954390781,0.102821967276991,0.748726655761313,0.847817268899618,0.847817268899618,"gpath_trio"
"18172","PRPF6","Exc L3-4 RORB CUX2",-0.0273923285269641,4.91709932384424,2.25954136188743,0.134006991883556,0.240212444358128,0.240212444358128,"gpath_trio"
"18173","C20orf204","Exc L3-4 RORB CUX2",-0.0646438316471995,0.907570801233919,0.85452607355321,0.356132192122388,0.503819295706414,0.503819295706414,"gpath_trio"
"18174","TCEA2","Exc L3-4 RORB CUX2",-0.111647343813439,5.23094115334417,27.9591116862756,2.62852118567916e-07,3.17928147008855e-06,3.17928147008855e-06,"gpath_trio"
"18175","RGS19","Exc L3-4 RORB CUX2",-0.108455333723516,1.41359692296321,4.14192449250943,0.0428478235749243,0.0974143385873447,0.0974143385873447,"gpath_trio"
"18176","OPRL1","Exc L3-4 RORB CUX2",-0.148355304232331,3.19897857559726,11.7807507076267,0.000696109732241279,0.0031146626409332,0.0031146626409332,"gpath_trio"
"18177","LKAAEAR1","Exc L3-4 RORB CUX2",-0.165346359141288,1.38204335235927,7.6503521985491,0.00608312953610231,0.0195987126143188,0.0195987126143188,"gpath_trio"
"18178","MYT1","Exc L3-4 RORB CUX2",0.0165250363904372,2.2005646653901,0.10440380139755,0.994722857542621,0.997121037462752,0.997121037462752,"gpath_trio"
"18179","PCMTD2","Exc L3-4 RORB CUX2",0.0567716083186049,5.33671244866403,6.20195323125268,0.0133858371881138,0.0377546854844394,0.0377546854844394,"gpath_trio"
"18180","LINC00266-1","Exc L3-4 RORB CUX2",-0.142311389983913,2.80243789221633,10.5270026114479,0.00133050403834804,0.00540642879630852,0.00540642879630852,"gpath_trio"
"18181","AC016588.2","Exc L3-4 RORB CUX2",0.0260903197919282,2.70253241044416,0.437865849670065,0.508740322676071,0.650721867114038,0.650721867114038,"gpath_trio"
"18182","MIER2","Exc L3-4 RORB CUX2",0.0665721560823227,3.76272925270978,7.71554805723822,0.00892279704081527,0.026920506998422,0.026920506998422,"gpath_trio"
"18183","THEG","Exc L3-4 RORB CUX2",-0.156501587117398,0.383186140631909,3.86274564662609,0.0504338408249616,0.111031511345846,0.111031511345846,"gpath_trio"
"18184","C2CD4C","Exc L3-4 RORB CUX2",-0.055783843265101,3.79791432761064,1.58733098831328,0.208837543242963,0.336579120860104,0.336579120860104,"gpath_trio"
"18185","SHC2","Exc L3-4 RORB CUX2",0.0535891797547575,5.40987271586916,3.79672643235248,0.052428576999121,0.114466169554154,0.114466169554154,"gpath_trio"
"18186","ODF3L2","Exc L3-4 RORB CUX2",0.100204728750959,-0.267748442034775,1.40917071015615,0.248146407573255,0.383657843394121,0.383657843394121,"gpath_trio"
"18187","MADCAM1","Exc L3-4 RORB CUX2",-0.0214089601244689,3.6934544947532,0.310430587297765,0.577895381795724,0.710954209751396,0.710954209751396,"gpath_trio"
"18188","AC005775.1","Exc L3-4 RORB CUX2",0.0762805502848719,1.44407883582985,2.31145427049484,0.288735104229395,0.430796533636152,0.430796533636152,"gpath_trio"
"18189","TPGS1","Exc L3-4 RORB CUX2",0.0175232929086715,3.17574338866237,0.211785529065612,0.89565554232514,0.945932424252224,0.945932424252224,"gpath_trio"
"18190","CDC34","Exc L3-4 RORB CUX2",-0.0380840964428148,4.19860679407448,2.06549489214201,0.159472049746287,0.273770303236158,0.273770303236158,"gpath_trio"
"18191","GZMM","Exc L3-4 RORB CUX2",0.15485742164622,-0.677012280572362,1.80305442531537,0.180514719467095,0.30105682939974,0.30105682939974,"gpath_trio"
"18192","BSG","Exc L3-4 RORB CUX2",-0.0206366637805847,6.6123867004064,0.721385780103875,0.396471066234079,0.544617945208181,0.544617945208181,"gpath_trio"
"18193","HCN2","Exc L3-4 RORB CUX2",0.0502237631668906,4.74414319493342,2.59213243829948,0.108609023015619,0.203869281665436,0.203869281665436,"gpath_trio"
"18194","POLRMT","Exc L3-4 RORB CUX2",0.00450256389886916,2.28902709068341,0.0134268217458227,0.90784171555037,0.952798787938934,0.952798787938934,"gpath_trio"
"18195","FGF22","Exc L3-4 RORB CUX2",-0.0315544310577806,3.31205527393384,0.543041985091846,0.461839172379048,0.607596080817303,0.607596080817303,"gpath_trio"
"18196","RNF126","Exc L3-4 RORB CUX2",-0.0721113809177621,4.46711646735678,8.28356284778589,0.00433298125785254,0.0146945531815725,0.0146945531815725,"gpath_trio"
"18197","AC004156.1","Exc L3-4 RORB CUX2",-0.159741884960814,-0.723666966448897,2.00752064493791,0.157717986157358,0.271475161737455,0.271475161737455,"gpath_trio"
"18198","FSTL3","Exc L3-4 RORB CUX2",0.0285100729680207,3.45889282321697,0.588530146720097,0.44368411037059,0.590223323666534,0.590223323666534,"gpath_trio"
"18199","PALM","Exc L3-4 RORB CUX2",0.0993298897138294,6.12338149672551,27.5327067639146,3.207648512004e-07,3.79855364668797e-06,3.79855364668797e-06,"gpath_trio"
"18200","PTBP1","Exc L3-4 RORB CUX2",-0.0429004298113433,4.09256009099927,3.14401336203152,0.0773767336504455,0.156404729125111,0.156404729125111,"gpath_trio"
"18201","PLPPR3","Exc L3-4 RORB CUX2",0.130030196232415,3.7444620997807,6.09366310034995,0.0142105025343909,0.0396428219899525,0.0396428219899525,"gpath_trio"
"18202","AZU1","Exc L3-4 RORB CUX2",0.0828831667329667,1.63146012864435,2.17770477401968,0.141233109854037,0.249568617239911,0.249568617239911,"gpath_trio"
"18203","PRTN3","Exc L3-4 RORB CUX2",-0.141951790256169,1.01890912189983,3.07188032528201,0.0808359279184137,0.161631798389891,0.161631798389891,"gpath_trio"
"18204","ELANE","Exc L3-4 RORB CUX2",-0.187211244441663,-0.40257151599445,2.04080338872245,0.154328924043108,0.266906537993357,0.266906537993357,"gpath_trio"
"18205","CFD","Exc L3-4 RORB CUX2",-0.151678066363789,-0.41810553682458,1.82455826657314,0.177946014589279,0.297753747129482,0.297753747129482,"gpath_trio"
"18206","MED16","Exc L3-4 RORB CUX2",-0.0310093612652705,3.4391122556815,0.492717688794471,0.483345362985021,0.627024993455684,0.627024993455684,"gpath_trio"
"18207","R3HDM4","Exc L3-4 RORB CUX2",-0.0394426389293141,3.43405603093846,1.66430658174201,0.198169046656587,0.323284589334248,0.323284589334248,"gpath_trio"
"18208","KISS1R","Exc L3-4 RORB CUX2",-0.173560080624699,0.692451845213641,2.67403573780835,0.103207097788425,0.195843039680349,0.195843039680349,"gpath_trio"
"18209","ARID3A","Exc L3-4 RORB CUX2",0.0257528338052998,4.98305283662048,1.04619425323384,0.307335921774987,0.451503839059955,0.451503839059955,"gpath_trio"
"18210","WDR18","Exc L3-4 RORB CUX2",-0.0422727615116651,3.66603392113308,1.55108141854735,0.214097047835339,0.342752206159927,0.342752206159927,"gpath_trio"
"18211","GRIN3B","Exc L3-4 RORB CUX2",-0.242221312680383,-0.956764284168723,3.84047028821152,0.0510976986160776,0.112200268783126,0.112200268783126,"gpath_trio"
"18212","TMEM259","Exc L3-4 RORB CUX2",-0.0782033107254295,5.57259698832033,8.58455450315414,0.00369141283271111,0.0128359624095048,0.0128359624095048,"gpath_trio"
"18213","ABCA7","Exc L3-4 RORB CUX2",0.0107092678698729,4.71887163567316,0.125273649487411,0.723670562171748,0.828842100017883,0.828842100017883,"gpath_trio"
"18214","ARHGAP45","Exc L3-4 RORB CUX2",-0.0350060282901595,-0.203805771847789,0.161251552558046,0.688336699472246,0.80119961413792,0.80119961413792,"gpath_trio"
"18215","POLR2E","Exc L3-4 RORB CUX2",-0.140755107498485,4.63118240333628,26.1472937542725,6.14229691145308e-07,6.70930374599707e-06,6.70930374599707e-06,"gpath_trio"
"18216","GPX4","Exc L3-4 RORB CUX2",-0.183344848121487,5.75673754609553,45.8379537003536,8.50867328048163e-11,2.46641499186375e-09,2.46641499186375e-09,"gpath_trio"
"18217","SBNO2","Exc L3-4 RORB CUX2",0.0693896199766829,2.83575412905104,4.38359471825326,0.0372550887970951,0.0871142114605232,0.0871142114605232,"gpath_trio"
"18218","STK11","Exc L3-4 RORB CUX2",0.00157900415949058,4.5267226311192,0.00477488802362312,0.977248421109908,0.9880451367167,0.9880451367167,"gpath_trio"
"18219","CBARP","Exc L3-4 RORB CUX2",-0.101080445731444,3.78554635420963,7.01939909458845,0.00855692816502144,0.0259798383339816,0.0259798383339816,"gpath_trio"
"18220","AC004221.1","Exc L3-4 RORB CUX2",-0.106762616741606,-0.378361713848842,1.23083631063161,0.361035978343933,0.508901059392779,0.508901059392779,"gpath_trio"
"18221","ATP5F1D","Exc L3-4 RORB CUX2",-0.162718800040647,5.20355111115842,19.4376252128758,1.52217202757003e-05,0.000114588883045617,0.000114588883045617,"gpath_trio"
"18222","MIDN","Exc L3-4 RORB CUX2",-0.129954635715338,2.96292608179758,5.21166358321421,0.0232434020423436,0.0590078817420766,0.0590078817420766,"gpath_trio"
"18223","CIRBP","Exc L3-4 RORB CUX2",-0.171256478103511,6.08254810863087,45.0256907227864,1.21103994998635e-10,3.34237086059843e-09,3.34237086059843e-09,"gpath_trio"
"18224","C19orf24","Exc L3-4 RORB CUX2",-0.154805379862564,2.64752011443178,10.7044890883047,0.00121334060600977,0.00499676397759688,0.00499676397759688,"gpath_trio"
"18225","EFNA2","Exc L3-4 RORB CUX2",0.0319476448971962,-0.373953158159318,0.115109716037054,0.861928634607648,0.924535987169959,0.924535987169959,"gpath_trio"
"18226","MUM1","Exc L3-4 RORB CUX2",-0.0837079804842142,5.7731977548031,11.8683154483052,0.00066550277276529,0.00300369540056817,0.00300369540056817,"gpath_trio"
"18227","NDUFS7","Exc L3-4 RORB CUX2",-0.0799916600231628,4.70913921122552,8.98078138506414,0.0029921519188629,0.0107567115044653,0.0107567115044653,"gpath_trio"
"18228","GAMT","Exc L3-4 RORB CUX2",0.00625121024877261,4.10959093956821,0.0470077769291063,0.828524282449684,0.901937378341336,0.901937378341336,"gpath_trio"
"18229","DAZAP1","Exc L3-4 RORB CUX2",0.0665795403678843,4.92200360792361,9.36918533086521,0.00243780463068891,0.0090509216827657,0.0090509216827657,"gpath_trio"
"18230","RPS15","Exc L3-4 RORB CUX2",-0.257605224770994,5.73866382515077,54.0676591729333,2.52309240040292e-12,1.08767925594293e-10,1.08767925594293e-10,"gpath_trio"
"18231","AC027307.3","Exc L3-4 RORB CUX2",0.047461158217702,-0.0223228792925375,0.361943057158247,0.585586151916767,0.717577782733283,0.717577782733283,"gpath_trio"
"18232","APC2","Exc L3-4 RORB CUX2",0.00399535352761812,5.86196594174284,0.0367324567709721,0.84816037364696,0.915403388344697,0.915403388344697,"gpath_trio"
"18233","C19orf25","Exc L3-4 RORB CUX2",-0.0176727219672358,4.64279254019542,0.614427563990833,0.433839087985402,0.581343225299248,0.581343225299248,"gpath_trio"
"18234","PCSK4","Exc L3-4 RORB CUX2",0.0980633883450537,2.85544047520865,6.97471062080986,0.00876738801363218,0.0265110990969768,0.0265110990969768,"gpath_trio"
"18235","REEP6","Exc L3-4 RORB CUX2",-0.0136435788784001,1.88496824135405,0.0632367538567447,0.801650015721641,0.884704833826602,0.884704833826602,"gpath_trio"
"18236","AC027307.1","Exc L3-4 RORB CUX2",-0.146145500480481,-0.329262957143392,1.99376775286688,0.159143160456984,0.273375614091941,0.273375614091941,"gpath_trio"
"18237","PLK5","Exc L3-4 RORB CUX2",0.154205343671339,3.67466697446053,11.7567823876706,0.000704734509054663,0.00314418812918572,0.00314418812918572,"gpath_trio"
"18238","MEX3D","Exc L3-4 RORB CUX2",0.0548075959708909,1.189992520957,0.832046175359058,0.362526486782745,0.510360189159297,0.510360189159297,"gpath_trio"
"18239","MBD3","Exc L3-4 RORB CUX2",0.00683552209310387,3.78132872606439,0.046056498200013,0.830241349855696,0.903148561225447,0.903148561225447,"gpath_trio"
"18240","AC005943.1","Exc L3-4 RORB CUX2",0.0151206273591603,0.797897834985045,0.0657192268532677,0.797877431314775,0.881988777424556,0.881988777424556,"gpath_trio"
"18241","UQCR11","Exc L3-4 RORB CUX2",-0.455574883812593,0.662039131628213,9.60836571702824,0.00214981204679715,0.00811905275245386,0.00811905275245386,"gpath_trio"
"18242","TCF3","Exc L3-4 RORB CUX2",0.0459225527684581,2.9683020917027,2.13129101482467,0.145526335657888,0.255370428972592,0.255370428972592,"gpath_trio"
"18243","ATP8B3","Exc L3-4 RORB CUX2",-0.0922103456846599,-0.18212148932174,1.08603010485221,0.298320496030557,0.441426656424876,0.441426656424876,"gpath_trio"
"18244","REXO1","Exc L3-4 RORB CUX2",0.0106994474011787,4.35079444307732,0.236863043965484,0.626891019381812,0.751308442201976,0.751308442201976,"gpath_trio"
"18245","AC012615.2","Exc L3-4 RORB CUX2",0.148478673570118,-0.35688787934112,2.54626717484812,0.111769896591488,0.208477967629212,0.208477967629212,"gpath_trio"
"18246","KLF16","Exc L3-4 RORB CUX2",-0.0654816450946754,3.20036068116746,2.79691354917263,0.0956487987598118,0.184238544489135,0.184238544489135,"gpath_trio"
"18247","AC012615.1","Exc L3-4 RORB CUX2",-0.18713265149048,2.34545350008919,21.5525663869002,5.46707947579152e-06,4.65011521601738e-05,4.65011521601738e-05,"gpath_trio"
"18248","ABHD17A","Exc L3-4 RORB CUX2",0.0481822274566147,4.96409181398711,3.3944547213313,0.066554526670833,0.138612323276975,0.138612323276975,"gpath_trio"
"18249","SCAMP4","Exc L3-4 RORB CUX2",0.040926018249627,3.78210780801111,1.86278002698927,0.4500754101349,0.596287851291805,0.596287851291805,"gpath_trio"
"18250","CSNK1G2","Exc L3-4 RORB CUX2",0.050669261806649,4.5770077847151,3.8035882728817,0.0522173932658007,0.114122273060344,0.114122273060344,"gpath_trio"
"18251","BTBD2","Exc L3-4 RORB CUX2",0.09504141586276,5.33301318718437,20.0956362806,1.10546816497499e-05,8.67476477182823e-05,8.67476477182823e-05,"gpath_trio"
"18252","MKNK2","Exc L3-4 RORB CUX2",0.230949329180672,4.14593355010201,37.506388879602,3.34899935377488e-09,6.6371377173289e-08,6.6371377173289e-08,"gpath_trio"
"18253","MOB3A","Exc L3-4 RORB CUX2",0.037625459269554,4.04896461098645,2.02329851867746,0.156100902497586,0.269335132804995,0.269335132804995,"gpath_trio"
"18254","IZUMO4","Exc L3-4 RORB CUX2",0.0669684190753298,1.67322101611327,1.25036431119392,0.264514979270811,0.40301573870894,0.40301573870894,"gpath_trio"
"18255","AP3D1","Exc L3-4 RORB CUX2",-0.0405847842398658,5.72863087530121,4.53936274499066,0.0340625957777719,0.0808295542009584,0.0808295542009584,"gpath_trio"
"18256","DOT1L","Exc L3-4 RORB CUX2",0.0392536046302041,3.89951654457717,1.53929159250925,0.21584160458139,0.344837216695403,0.344837216695403,"gpath_trio"
"18257","PLEKHJ1","Exc L3-4 RORB CUX2",-0.169207085675098,3.93360634180905,32.7974981010113,2.81767592280592e-08,4.33943601088622e-07,4.33943601088622e-07,"gpath_trio"
"18258","SF3A2","Exc L3-4 RORB CUX2",0.00432282394295739,3.53136948656557,0.0197196010316359,0.888431749104985,0.941515380597796,0.941515380597796,"gpath_trio"
"18259","AMH","Exc L3-4 RORB CUX2",0.169345801164451,1.17952246336591,3.40843955390578,0.0660003197669777,0.137756719563291,0.137756719563291,"gpath_trio"
"18260","JSRP1","Exc L3-4 RORB CUX2",-0.0400874767872658,0.790455590203617,0.388580534448578,0.533592909309736,0.672911423010621,0.672911423010621,"gpath_trio"
"18261","AC005258.1","Exc L3-4 RORB CUX2",-0.107931616575492,1.75800368758652,1.83157276334836,0.177117305699014,0.296715240594338,0.296715240594338,"gpath_trio"
"18262","PEAK3","Exc L3-4 RORB CUX2",0.104514553704321,-1.08345979977523,0.542690890954215,0.461983835426886,0.607596080817303,0.607596080817303,"gpath_trio"
"18263","LINGO3","Exc L3-4 RORB CUX2",-0.00277206123712993,0.550244031014974,0.000770104625791991,0.977882227083415,0.988415527625646,0.988415527625646,"gpath_trio"
"18264","LSM7","Exc L3-4 RORB CUX2",-0.164863906888146,3.79282543370235,29.3822282021966,1.35615623178005e-07,1.77090304052832e-06,1.77090304052832e-06,"gpath_trio"
"18265","SPPL2B","Exc L3-4 RORB CUX2",-0.0515089585334662,4.97337906733336,6.63310577460636,0.0105632518427175,0.0309533196698368,0.0309533196698368,"gpath_trio"
"18266","TMPRSS9","Exc L3-4 RORB CUX2",-0.152357986000275,2.02773484143097,7.75722481802261,0.00574336433199781,0.0186951234911352,0.0186951234911352,"gpath_trio"
"18267","TIMM13","Exc L3-4 RORB CUX2",-0.19785779446589,3.65457735872999,32.1538923379194,3.78203887548243e-08,5.67305831322364e-07,5.67305831322364e-07,"gpath_trio"
"18268","LMNB2","Exc L3-4 RORB CUX2",0.0389122271177443,3.03933752563593,2.04803963677763,0.153603125046382,0.266057542318272,0.266057542318272,"gpath_trio"
"18269","LINC01775","Exc L3-4 RORB CUX2",0.0413318596203887,-1.27729418435806,0.0864549037242203,0.768967925863986,0.862651685070391,0.862651685070391,"gpath_trio"
"18270","GADD45B","Exc L3-4 RORB CUX2",-0.184864740218212,2.06808799149787,10.7061748857165,0.00121227968003021,0.00499341415773979,0.00499341415773979,"gpath_trio"
"18271","GNG7","Exc L3-4 RORB CUX2",0.0833255351418038,5.23464167310476,10.1078527237956,0.00165518110920399,0.00649421992963642,0.00649421992963642,"gpath_trio"
"18272","DIRAS1","Exc L3-4 RORB CUX2",-0.130516110745928,5.61784544531568,16.0387235708166,8.10458126622301e-05,0.000486781563102261,0.000486781563102261,"gpath_trio"
"18273","AC006538.2","Exc L3-4 RORB CUX2",0.0693232349444344,0.849962901613294,1.17525650908679,0.317030724001116,0.462212375829058,0.462212375829058,"gpath_trio"
"18274","SGTA","Exc L3-4 RORB CUX2",-0.0105435886646339,4.56907132902321,0.164654568616501,0.685240548934359,0.798717124659379,0.798717124659379,"gpath_trio"
"18275","THOP1","Exc L3-4 RORB CUX2",-0.0202387298560411,4.72692531215581,0.991364141074666,0.32033490316271,0.465683576257938,0.465683576257938,"gpath_trio"
"18276","ZNF554","Exc L3-4 RORB CUX2",-0.0422657159595506,2.8526824188526,1.88631317316988,0.170801449633292,0.288337314563775,0.288337314563775,"gpath_trio"
"18277","ZNF555","Exc L3-4 RORB CUX2",-0.00942508048923038,3.38668659596169,0.0893063921208782,0.765299502593715,0.860162532859509,0.860162532859509,"gpath_trio"
"18278","AC006130.1","Exc L3-4 RORB CUX2",-0.065060206848553,-0.26851785805898,0.470182302337239,0.493514238978468,0.637184805541444,0.637184805541444,"gpath_trio"
"18279","ZNF556","Exc L3-4 RORB CUX2",0.0069284309426754,0.528978773382495,0.0102309054094546,0.919510978305977,0.959599542197158,0.959599542197158,"gpath_trio"
"18280","ZNF57","Exc L3-4 RORB CUX2",-0.0391692033301429,1.8179069667362,0.600439242756514,0.794212884137109,0.880128332415848,0.880128332415848,"gpath_trio"
"18281","AC119403.1","Exc L3-4 RORB CUX2",-0.0270296037815003,2.18729220410773,0.368834538534031,0.544170239680654,0.682581110765805,0.682581110765805,"gpath_trio"
"18282","ZNF77","Exc L3-4 RORB CUX2",-0.0840098130975055,2.24360166372161,5.01201333964641,0.0260183920979835,0.0646852816484063,0.0646852816484063,"gpath_trio"
"18283","TLE6","Exc L3-4 RORB CUX2",-0.0213788089834195,0.015505561019799,0.0674381565778598,0.795309512329348,0.880404357269937,0.880404357269937,"gpath_trio"
"18284","TLE2","Exc L3-4 RORB CUX2",-0.0515048657004825,3.74730099730179,0.897188976960017,0.344416045162815,0.491275007859149,0.491275007859149,"gpath_trio"
"18285","AES","Exc L3-4 RORB CUX2",-0.0568057556172182,6.74678343055963,6.18525160333439,0.0135097209590672,0.0380296665758589,0.0380296665758589,"gpath_trio"
"18286","GNA11","Exc L3-4 RORB CUX2",-0.00475977936920608,4.92301648090888,0.0445208426568127,0.833052838469942,0.90485845892813,0.90485845892813,"gpath_trio"
"18287","GNA15","Exc L3-4 RORB CUX2",-0.1784836006129,0.8585178678506,3.87587603926074,0.0500468262308052,0.110391377993487,0.110391377993487,"gpath_trio"
"18288","NCLN","Exc L3-4 RORB CUX2",-0.0628701977896044,4.61393618799041,8.50385746151898,0.00385322507929434,0.0132977789898671,0.0132977789898671,"gpath_trio"
"18289","CELF5","Exc L3-4 RORB CUX2",0.0367384792787618,7.61538838461682,2.52320656981478,0.113397505163117,0.210604314339122,0.210604314339122,"gpath_trio"
"18290","NFIC","Exc L3-4 RORB CUX2",0.0706399832772498,6.46130722972401,11.5181575925916,0.000796765602904639,0.00348995788940536,0.00348995788940536,"gpath_trio"
"18291","SMIM24","Exc L3-4 RORB CUX2",-0.374579812414488,0.391775516726803,13.7254926966401,0.00025843725074461,0.00133588817160454,0.00133588817160454,"gpath_trio"
"18292","DOHH","Exc L3-4 RORB CUX2",-0.142881914458204,3.19815851735158,21.8659213549285,4.70217682370699e-06,4.06628450142686e-05,4.06628450142686e-05,"gpath_trio"
"18293","FZR1","Exc L3-4 RORB CUX2",-0.025843849014603,3.94828992877899,1.24099495213029,0.266308114913301,0.404880649463138,0.404880649463138,"gpath_trio"
"18294","MFSD12","Exc L3-4 RORB CUX2",-0.0552964743965669,4.34368209791869,6.85837171246514,0.00934067681304318,0.0279555191667625,0.0279555191667625,"gpath_trio"
"18295","C19orf71","Exc L3-4 RORB CUX2",0.0452699253335039,0.791035224323505,0.502318890719631,0.479117955461868,0.622904783011567,0.622904783011567,"gpath_trio"
"18296","AC005786.3","Exc L3-4 RORB CUX2",-0.0638049235352699,1.74141131557683,1.67173913905416,0.197173429705564,0.322120453405677,0.322120453405677,"gpath_trio"
"18297","HMG20B","Exc L3-4 RORB CUX2",0.0387829573363506,0.445658126780089,0.17064781432627,0.679877182485745,0.794838161711184,0.794838161711184,"gpath_trio"
"18298","TBXA2R","Exc L3-4 RORB CUX2",-0.0918744961296265,-0.435570434591676,0.934228947512682,0.334664607444877,0.481107200741086,0.481107200741086,"gpath_trio"
"18299","CACTIN","Exc L3-4 RORB CUX2",0.0439588166488337,2.86887200824698,1.58676785244713,0.208918064982645,0.336672841018709,0.336672841018709,"gpath_trio"
"18300","PIP5K1C","Exc L3-4 RORB CUX2",0.0236243765838626,5.80979798767947,1.49871751020097,0.221976904666267,0.352101898863271,0.352101898863271,"gpath_trio"
"18301","TJP3","Exc L3-4 RORB CUX2",-0.00679259213030946,0.863329848425707,0.0100585945590088,0.920189364571589,0.959655628876122,0.959655628876122,"gpath_trio"
"18302","APBA3","Exc L3-4 RORB CUX2",0.0391372185421953,2.61901785185064,1.26065772591708,0.262562334733569,0.401059592917153,0.401059592917153,"gpath_trio"
"18303","MRPL54","Exc L3-4 RORB CUX2",-0.164417660884054,2.49193857394664,11.6472953619514,0.000745536612840846,0.00329778582856042,0.00329778582856042,"gpath_trio"
"18304","MATK","Exc L3-4 RORB CUX2",0.0203133519452726,5.35161084595309,0.766794049479464,0.382018899946883,0.530283980910821,0.530283980910821,"gpath_trio"
"18305","ZFR2","Exc L3-4 RORB CUX2",0.0535227262471018,6.53254110390249,10.4388240988532,0.00139293890300875,0.00561489358006026,0.00561489358006026,"gpath_trio"
"18306","ATCAY","Exc L3-4 RORB CUX2",0.00620948761517106,7.14946133452509,0.152848694025621,0.69614793688187,0.807635688705677,0.807635688705677,"gpath_trio"
"18307","DAPK3","Exc L3-4 RORB CUX2",-0.0786298700803907,4.54931870083718,10.8600029665706,0.00111934263404468,0.00466489106421223,0.00466489106421223,"gpath_trio"
"18308","EEF2","Exc L3-4 RORB CUX2",-0.114699454400994,5.70993329095666,21.3536588476714,6.01674428709743e-06,5.06415586116774e-05,5.06415586116774e-05,"gpath_trio"
"18309","PIAS4","Exc L3-4 RORB CUX2",0.128851369383186,4.58285616311999,31.4864249630763,5.13654804008393e-08,7.41802839718635e-07,7.41802839718635e-07,"gpath_trio"
"18310","ZBTB7A","Exc L3-4 RORB CUX2",0.117473839300003,6.52057215800842,25.8881263821792,6.93929120635477e-07,7.44681915362806e-06,7.44681915362806e-06,"gpath_trio"
"18311","MAP2K2","Exc L3-4 RORB CUX2",-0.00770866987261773,5.59936860922379,0.0935938344080228,0.759901918890523,0.856569484032925,0.856569484032925,"gpath_trio"
"18312","CREB3L3","Exc L3-4 RORB CUX2",0.0253733350420375,0.810248622132177,0.139653288570908,0.877890218359065,0.934865309662635,0.934865309662635,"gpath_trio"
"18313","SIRT6","Exc L3-4 RORB CUX2",-0.0942141117030602,3.85272262819765,9.41587897604476,0.00237863794610768,0.00886060202413633,0.00886060202413633,"gpath_trio"
"18314","ANKRD24","Exc L3-4 RORB CUX2",0.126352576265594,5.97972151316854,26.7740723535436,4.57571891795553e-07,5.15726978601971e-06,5.15726978601971e-06,"gpath_trio"
"18315","EBI3","Exc L3-4 RORB CUX2",0.21798196775754,0.262112724025637,4.08717017250478,0.0442342467982322,0.099902152597597,0.099902152597597,"gpath_trio"
"18316","YJU2","Exc L3-4 RORB CUX2",0.0326495184744208,2.97676644536965,0.698161836071497,0.404169191112284,0.552521576818697,0.552521576818697,"gpath_trio"
"18317","SHD","Exc L3-4 RORB CUX2",-0.12398199395142,3.21968999883775,6.94692365289638,0.00890093309735979,0.0268706157772308,0.0268706157772308,"gpath_trio"
"18318","TMIGD2","Exc L3-4 RORB CUX2",-0.125528148938127,-0.956686433682504,1.01523735497085,0.320721366635478,0.466077474023681,0.466077474023681,"gpath_trio"
"18319","FSD1","Exc L3-4 RORB CUX2",-0.0102376436880444,5.68467929972735,0.174787095207848,0.676237016580401,0.792068684615657,0.792068684615657,"gpath_trio"
"18320","STAP2","Exc L3-4 RORB CUX2",0.0155308009023806,1.81401516737344,0.10182938658453,0.749901462845475,0.84881405410403,0.84881405410403,"gpath_trio"
"18321","AC104521.1","Exc L3-4 RORB CUX2",0.0603322774306296,-0.852813376249189,0.242436179100165,0.622867584132964,0.748130827521733,0.748130827521733,"gpath_trio"
"18322","MPND","Exc L3-4 RORB CUX2",-0.083380076889642,2.63310986018313,4.47711103190876,0.0353024596243176,0.0832819367306604,0.0832819367306604,"gpath_trio"
"18323","AC007292.3","Exc L3-4 RORB CUX2",-0.143581794268686,0.305327149133364,4.42106916617441,0.0364592978094866,0.0855210246839196,0.0855210246839196,"gpath_trio"
"18324","AC007292.2","Exc L3-4 RORB CUX2",0.0404650986726378,-1.04626450452949,0.100010435171678,0.752070841594203,0.850553799493416,0.850553799493416,"gpath_trio"
"18325","SH3GL1","Exc L3-4 RORB CUX2",0.0426378588915449,5.77316874129452,5.74430813092673,0.0172488265091887,0.0464674956366515,0.0464674956366515,"gpath_trio"
"18326","AC007292.1","Exc L3-4 RORB CUX2",-0.0523314692597947,0.555813765111162,0.428240655180314,0.51343192242148,0.654813138305415,0.654813138305415,"gpath_trio"
"18327","CHAF1A","Exc L3-4 RORB CUX2",-0.0124263857294706,3.53532681141667,0.144622284935591,0.885126463839364,0.939631645028335,0.939631645028335,"gpath_trio"
"18328","UBXN6","Exc L3-4 RORB CUX2",-0.090678498249978,5.05095400442523,14.0995520219671,0.000213966498183431,0.00113271427469187,0.00113271427469187,"gpath_trio"
"18329","AC011498.1","Exc L3-4 RORB CUX2",0.056609195948357,1.70601266459189,0.699360786025198,0.403766459406149,0.552120666837404,0.552120666837404,"gpath_trio"
"18330","HDGFL2","Exc L3-4 RORB CUX2",0.00138195713128219,4.84057391998157,0.00446671281482567,0.946765639493845,0.974083052803376,0.974083052803376,"gpath_trio"
"18331","PLIN5","Exc L3-4 RORB CUX2",0.0224053798915973,0.781387153138091,0.0985786415968617,0.75737267698064,0.854800031731499,0.854800031731499,"gpath_trio"
"18332","SEMA6B","Exc L3-4 RORB CUX2",0.0242455891123973,5.40124168847586,1.63934191480908,0.452309466810137,0.598461666637888,0.598461666637888,"gpath_trio"
"18333","TNFAIP8L1","Exc L3-4 RORB CUX2",0.0197215504761786,3.97461857630829,0.653479327655149,0.437937071667123,0.584917943336787,0.584917943336787,"gpath_trio"
"18334","MYDGF","Exc L3-4 RORB CUX2",-0.0899405201395053,3.9061158217236,13.0880759477054,0.000356983661432385,0.00175662082180448,0.00175662082180448,"gpath_trio"
"18335","DPP9","Exc L3-4 RORB CUX2",0.0855695733704884,4.62652419219149,15.2303473748472,0.000121280989197461,0.000688863726649429,0.000688863726649429,"gpath_trio"
"18336","DPP9-AS1","Exc L3-4 RORB CUX2",-0.128416746076039,-0.137211570468921,1.88803369441112,0.170607199298855,0.288081707888718,0.288081707888718,"gpath_trio"
"18337","MIR7-3HG","Exc L3-4 RORB CUX2",-0.0549939210662105,3.91257544008083,1.53374548612742,0.216668144906593,0.345911199136703,0.345911199136703,"gpath_trio"
"18338","AC005523.1","Exc L3-4 RORB CUX2",0.0445678320581746,-0.12838234156295,0.290972850247844,0.590059400012207,0.721263156331189,0.721263156331189,"gpath_trio"
"18339","FEM1A","Exc L3-4 RORB CUX2",-0.056252275032287,3.04890609274507,2.9249418535439,0.0884132494193836,0.17356066131241,0.17356066131241,"gpath_trio"
"18340","AC005523.2","Exc L3-4 RORB CUX2",-0.212974099113927,0.294343922633893,5.27556719137003,0.0224219416391456,0.0573850964388994,0.0573850964388994,"gpath_trio"
"18341","TICAM1","Exc L3-4 RORB CUX2",0.0183002485430429,2.91670466431449,0.251845597840851,0.61620320744959,0.742646338727328,0.742646338727328,"gpath_trio"
"18342","KDM4B","Exc L3-4 RORB CUX2",0.1117623221584,6.66894845762155,37.3704617760871,3.55932916335313e-09,6.99897328173972e-08,6.99897328173972e-08,"gpath_trio"
"18343","PTPRS","Exc L3-4 RORB CUX2",0.0456820677252722,7.07338043815288,6.3824936299567,0.0121193402505727,0.0347164119771836,0.0347164119771836,"gpath_trio"
"18344","TINCR","Exc L3-4 RORB CUX2",-0.155805118998421,3.1140661650804,12.5414973729061,0.000471540320289497,0.0022305570836672,0.0022305570836672,"gpath_trio"
"18345","SAFB2","Exc L3-4 RORB CUX2",0.00435916526600436,5.87678522010442,0.0548389749254947,0.815031680864279,0.893437897160269,0.893437897160269,"gpath_trio"
"18346","SAFB","Exc L3-4 RORB CUX2",-0.0597013270089972,5.65254745502966,13.1243029847669,0.0015008775409722,0.0059771425955614,0.0059771425955614,"gpath_trio"
"18347","RPL36","Exc L3-4 RORB CUX2",-0.223788293302267,4.58930339920483,43.0873011487617,2.82403565548138e-10,7.13971420417756e-09,7.13971420417756e-09,"gpath_trio"
"18348","C19orf70","Exc L3-4 RORB CUX2",-0.264478558052458,3.95986919387121,63.3044366436183,5.47707605856731e-14,3.41049411980233e-12,3.41049411980233e-12,"gpath_trio"
"18349","LONP1","Exc L3-4 RORB CUX2",-0.0328307507746345,4.73248683130064,1.25888418103673,0.262897488541048,0.401298088167939,0.401298088167939,"gpath_trio"
"18350","CATSPERD","Exc L3-4 RORB CUX2",-0.160241211836375,1.0652201577652,8.16039404423232,0.00462748920140699,0.0155440964754145,0.0155440964754145,"gpath_trio"
"18351","PRR22","Exc L3-4 RORB CUX2",-0.134003458352181,1.44738639813581,5.4509810743133,0.0203189487046169,0.0529973872159853,0.0529973872159853,"gpath_trio"
"18352","DUS3L","Exc L3-4 RORB CUX2",-0.225988536406825,2.1473364500254,20.9134040887908,7.44062024861988e-06,6.07259358883115e-05,6.07259358883115e-05,"gpath_trio"
"18353","NRTN","Exc L3-4 RORB CUX2",0.0300553584365162,-0.464725777831806,0.0881364406399791,0.766796814240576,0.861173776848342,0.861173776848342,"gpath_trio"
"18354","FUT3","Exc L3-4 RORB CUX2",0.0584915614017274,-1.4041253863227,0.190381317525295,0.662961522133925,0.781056212107231,0.781056212107231,"gpath_trio"
"18355","AC024592.3","Exc L3-4 RORB CUX2",0.0811399880214918,0.234706126052279,0.971124498337783,0.325316020523126,0.470949414220139,0.470949414220139,"gpath_trio"
"18356","AC104532.1","Exc L3-4 RORB CUX2",0.0673847797383145,-0.597352227468136,0.418137580796465,0.518438216896598,0.659322429771108,0.659322429771108,"gpath_trio"
"18357","AC104532.2","Exc L3-4 RORB CUX2",0.0493615389577557,1.39042536279508,0.601131145450567,0.625628671984161,0.750062898578586,0.750062898578586,"gpath_trio"
"18358","CAPS","Exc L3-4 RORB CUX2",-0.0164900168446576,2.26101383673733,0.0832934898654741,0.77311276696561,0.865760994312344,0.865760994312344,"gpath_trio"
"18359","RANBP3","Exc L3-4 RORB CUX2",0.0260825370259266,4.58701683336903,1.48081362338145,0.224750673932163,0.35524481718751,0.35524481718751,"gpath_trio"
"18360","AC011444.1","Exc L3-4 RORB CUX2",-0.0808758695411577,2.02638500293406,1.80082735335022,0.180783204432503,0.301454760676563,0.301454760676563,"gpath_trio"
"18361","RFX2","Exc L3-4 RORB CUX2",0.105634808776956,5.00004730907198,6.70152063569665,0.0101754050428569,0.0300393322709449,0.0300393322709449,"gpath_trio"
"18362","AC011444.2","Exc L3-4 RORB CUX2",-0.0862107760485896,-1.12792881001757,0.438887861609841,0.508246527578014,0.650213931127865,0.650213931127865,"gpath_trio"
"18363","AC011444.3","Exc L3-4 RORB CUX2",-0.099824444221464,0.573801490491526,2.11512786373759,0.147055951450962,0.257539394142636,0.257539394142636,"gpath_trio"
"18364","ACSBG2","Exc L3-4 RORB CUX2",-0.246122135571813,0.914656786927008,15.4293235766405,0.000109802652291565,0.000631850687388001,0.000631850687388001,"gpath_trio"
"18365","MLLT1","Exc L3-4 RORB CUX2",-0.0277352807694385,4.41519833610879,1.63072171231465,0.202742480854263,0.329175080575789,0.329175080575789,"gpath_trio"
"18366","ACER1","Exc L3-4 RORB CUX2",0.066924433730541,1.60143555383775,1.83131446883853,0.177147741719624,0.296726896824711,0.296726896824711,"gpath_trio"
"18367","AC011491.3","Exc L3-4 RORB CUX2",0.0340011289112493,0.631872739010286,0.307700767957828,0.683589155324268,0.797486798236718,0.797486798236718,"gpath_trio"
"18368","CLPP","Exc L3-4 RORB CUX2",-0.112038505551183,3.28343076689959,13.37836521053,0.000308084520150434,0.00154925353789507,0.00154925353789507,"gpath_trio"
"18369","ALKBH7","Exc L3-4 RORB CUX2",-0.0259694546978537,2.44313599292117,0.305009187789631,0.581233436672337,0.713848212385974,0.713848212385974,"gpath_trio"
"18370","PSPN","Exc L3-4 RORB CUX2",-0.092073462682603,1.30303601081895,2.77874038434642,0.0967273253558052,0.185854646576511,0.185854646576511,"gpath_trio"
"18371","GTF2F1","Exc L3-4 RORB CUX2",-0.0563535614029498,3.99857588796342,5.50193501715318,0.0197473858105755,0.0517743351173958,0.0517743351173958,"gpath_trio"
"18372","KHSRP","Exc L3-4 RORB CUX2",0.0672282019845329,4.99153326328598,8.82764707120115,0.00324474905844615,0.011511476958758,0.011511476958758,"gpath_trio"
"18373","SLC25A41","Exc L3-4 RORB CUX2",0.109472196733258,3.38726384339748,6.18760230444729,0.0134922131900159,0.0379856825437582,0.0379856825437582,"gpath_trio"
"18374","SLC25A23","Exc L3-4 RORB CUX2",0.0587311707353763,5.44683721867785,6.16385906472827,0.0136701353523507,0.0383848268244504,0.0383848268244504,"gpath_trio"
"18375","DENND1C","Exc L3-4 RORB CUX2",0.00414001400710053,0.197586137904466,0.00335426432827152,0.953860014233836,0.97734499279298,0.97734499279298,"gpath_trio"
"18376","TUBB4A","Exc L3-4 RORB CUX2",-0.00179314967777209,6.21414329722812,0.00178288979265546,0.966352314110703,0.982613134277313,0.982613134277313,"gpath_trio"
"18377","TNFSF9","Exc L3-4 RORB CUX2",-0.250189863865194,1.19359105267138,17.6965585308773,3.56942281785435e-05,0.000239484886432363,0.000239484886432363,"gpath_trio"
"18378","CD70","Exc L3-4 RORB CUX2",-0.184757274133507,-0.0286150624900001,5.82010923405333,0.0165367142119605,0.044836474832187,0.044836474832187,"gpath_trio"
"18379","GPR108","Exc L3-4 RORB CUX2",0.0507023625537346,1.37896795900191,0.653303868333444,0.419672834953176,0.567875455335543,0.567875455335543,"gpath_trio"
"18380","VAV1","Exc L3-4 RORB CUX2",-0.395094142346707,0.954006478657304,32.0189671923366,4.02318140231991e-08,5.99465914267387e-07,5.99465914267387e-07,"gpath_trio"
"18381","ADGRE1","Exc L3-4 RORB CUX2",-0.279298677356907,-0.030957434073261,10.9522593206815,0.00106711981750993,0.00448057072180289,0.00448057072180289,"gpath_trio"
"18382","ZNF557","Exc L3-4 RORB CUX2",-0.0700445789789976,3.53399082295505,7.10071099584352,0.00818723871115091,0.0250231087710149,0.0250231087710149,"gpath_trio"
"18383","INSR","Exc L3-4 RORB CUX2",0.0660807691459328,6.59045494724627,17.3647181803962,4.20324478123982e-05,0.000276763914691623,0.000276763914691623,"gpath_trio"
"18384","AC119396.1","Exc L3-4 RORB CUX2",-0.33196664897997,0.976120378424271,24.5464967151961,1.30813790260439e-06,1.32488364382749e-05,1.32488364382749e-05,"gpath_trio"
"18385","AC008878.3","Exc L3-4 RORB CUX2",-0.282055301576368,0.321830807343054,11.3538871634967,0.000867148282481393,0.00374538998053139,0.00374538998053139,"gpath_trio"
"18386","AC119396.2","Exc L3-4 RORB CUX2",-0.0171897250431484,-0.0766452953653824,0.0352630430893839,0.851192000373344,0.917448370954815,0.917448370954815,"gpath_trio"
"18387","PEX11G","Exc L3-4 RORB CUX2",-0.210841879575056,0.434963195236203,9.73056028006317,0.00201633770918983,0.00768700175413924,0.00768700175413924,"gpath_trio"
"18388","TEX45","Exc L3-4 RORB CUX2",-0.0450606702827883,0.0899798774715299,0.319440322392668,0.636898020669221,0.759511618808461,0.759511618808461,"gpath_trio"
"18389","AC008878.1","Exc L3-4 RORB CUX2",0.0638137875295103,-0.730006068962406,0.32568027217233,0.780871339632369,0.871370356661442,0.871370356661442,"gpath_trio"
"18390","ZNF358","Exc L3-4 RORB CUX2",0.090433018072574,3.40933503301112,6.00807587752897,0.114420377707367,0.212055035848442,0.212055035848442,"gpath_trio"
"18391","MCOLN1","Exc L3-4 RORB CUX2",0.0306045206116436,3.82549020315709,0.98322209635201,0.322326492500073,0.467870853024605,0.467870853024605,"gpath_trio"
"18392","PNPLA6","Exc L3-4 RORB CUX2",0.0113761629293146,5.12731851151635,0.348302620572569,0.623713948817733,0.748701667007661,0.748701667007661,"gpath_trio"
"18393","CAMSAP3","Exc L3-4 RORB CUX2",-0.00389048633768237,4.22368844427956,0.0304367371769858,0.861638726945563,0.924509988625577,0.924509988625577,"gpath_trio"
"18394","XAB2","Exc L3-4 RORB CUX2",-0.0292164042942328,2.74191838556825,0.827784016650787,0.363756719097809,0.511663655288175,0.511663655288175,"gpath_trio"
"18395","PET100","Exc L3-4 RORB CUX2",-0.544721664878573,0.196622280156462,25.4477633532438,8.5406955591031e-07,8.97907935929677e-06,8.97907935929677e-06,"gpath_trio"
"18396","AC008763.2","Exc L3-4 RORB CUX2",0.0531111931497398,-0.675459586474755,0.244263859398004,0.649218999000723,0.769623869267489,0.769623869267489,"gpath_trio"
"18397","STXBP2","Exc L3-4 RORB CUX2",0.071862230391355,-0.149348188852693,0.576815324180069,0.448251350050385,0.594495857695669,0.594495857695669,"gpath_trio"
"18398","TRAPPC5","Exc L3-4 RORB CUX2",-0.0139325072131977,1.71903244032497,0.0781466535392831,0.829769783562019,0.902701827088904,0.902701827088904,"gpath_trio"
"18399","CLEC4G","Exc L3-4 RORB CUX2",-0.00347271084967898,-0.748699867373156,0.000258051481686054,0.987195668454111,0.993548469074214,0.993548469074214,"gpath_trio"
"18400","CLEC4M","Exc L3-4 RORB CUX2",0.374219871767047,-1.49977422923776,3.47954772052155,0.0632579822968586,0.133159242960629,0.133159242960629,"gpath_trio"
"18401","EVI5L","Exc L3-4 RORB CUX2",0.0167960963522967,5.02229154795501,0.517262005465667,0.472657875734322,0.617598311561061,0.617598311561061,"gpath_trio"
"18402","PRR36","Exc L3-4 RORB CUX2",0.0364622463987565,4.4500487808495,1.27421975505671,0.260016974622458,0.397834253223729,0.397834253223729,"gpath_trio"
"18403","AC010336.3","Exc L3-4 RORB CUX2",-0.143546956730223,-0.52836187821631,1.45007446832562,0.229611070575697,0.361144721982122,0.361144721982122,"gpath_trio"
"18404","AC010336.1","Exc L3-4 RORB CUX2",0.0756218016233192,-0.301141216858558,0.556885653026358,0.45619196924108,0.602019724349095,0.602019724349095,"gpath_trio"
"18405","MAP2K7","Exc L3-4 RORB CUX2",0.0403486143393903,4.82715874179387,2.97542185612851,0.0857263960611085,0.16949529993462,0.16949529993462,"gpath_trio"
"18406","TGFBR3L","Exc L3-4 RORB CUX2",-0.304397104046771,3.5247106461413,47.8436024461466,3.57520229486418e-11,1.15585408211853e-09,1.15585408211853e-09,"gpath_trio"
"18407","SNAPC2","Exc L3-4 RORB CUX2",-0.211239030715631,2.23511831157575,19.4828549926335,1.48901260444358e-05,0.00011217636032356,0.00011217636032356,"gpath_trio"
"18408","CTXN1","Exc L3-4 RORB CUX2",0.0168272868232257,5.40137314472341,0.174495924841862,0.676491412397504,0.792183824493641,0.792183824493641,"gpath_trio"
"18409","TIMM44","Exc L3-4 RORB CUX2",-0.0842096557925264,4.3423957954438,7.03084671981032,0.0085038579175442,0.0258576237357128,0.0258576237357128,"gpath_trio"
"18410","ELAVL1","Exc L3-4 RORB CUX2",0.0496940895270947,5.38514764460917,7.47512973123176,0.00668554331324405,0.0211876902834902,0.0211876902834902,"gpath_trio"
"18411","AC008946.1","Exc L3-4 RORB CUX2",0.0606181662840376,1.98080023535529,1.48396689581228,0.270708806106646,0.410149456533612,0.410149456533612,"gpath_trio"
"18412","FBN3","Exc L3-4 RORB CUX2",-0.230024771727465,0.664087657287957,10.165985785059,0.0016057162261486,0.00633463528794447,0.00633463528794447,"gpath_trio"
"18413","CERS4","Exc L3-4 RORB CUX2",0.145791544819553,6.52015783583353,36.9824211302916,4.23608622868233e-09,8.16930723442642e-08,8.16930723442642e-08,"gpath_trio"
"18414","AC022146.2","Exc L3-4 RORB CUX2",-0.334204791696779,4.0208221359915,48.8475249635852,2.32191941727824e-11,7.95326387836817e-10,7.95326387836817e-10,"gpath_trio"
"18415","CD320","Exc L3-4 RORB CUX2",-0.0408840541075665,3.43944987027456,1.72761603097561,0.189873935089046,0.31291509887449,0.31291509887449,"gpath_trio"
"18416","RPS28","Exc L3-4 RORB CUX2",-0.199797935594023,4.13386582563436,36.3650388683057,5.59092844345312e-09,1.0453844425085e-07,1.0453844425085e-07,"gpath_trio"
"18417","KANK3","Exc L3-4 RORB CUX2",-0.0971368027015866,0.473476146307117,0.862452577536893,0.353914600745691,0.501561328325676,0.501561328325676,"gpath_trio"
"18418","RAB11B-AS1","Exc L3-4 RORB CUX2",0.0695258735831111,0.739592132074836,1.13074239525361,0.311167924299431,0.455661562911148,0.455661562911148,"gpath_trio"
"18419","RAB11B","Exc L3-4 RORB CUX2",-0.0249394477483257,5.07953719990737,1.07289177836967,0.301255555654901,0.444773570094228,0.444773570094228,"gpath_trio"
"18420","MARCH2","Exc L3-4 RORB CUX2",-0.000222946090685896,4.74053116491894,5.40633349775881e-05,0.994139023633429,0.996955701451657,0.996955701451657,"gpath_trio"
"18421","HNRNPM","Exc L3-4 RORB CUX2",-0.0647696209960722,5.86870405652984,13.1723789001112,0.000342021307470026,0.00169540046147611,0.00169540046147611,"gpath_trio"
"18422","PRAM1","Exc L3-4 RORB CUX2",-0.0634057452236752,1.19961847689778,0.944442578632693,0.332041140310985,0.478380480510576,0.478380480510576,"gpath_trio"
"18423","ZNF414","Exc L3-4 RORB CUX2",-0.0710505678521406,2.70088862992405,4.07606690065412,0.0445211387774149,0.100437657926238,0.100437657926238,"gpath_trio"
"18424","MYO1F","Exc L3-4 RORB CUX2",-0.0720559585580615,1.88042065801536,1.8538271564587,0.190942410709829,0.314137090114231,0.314137090114231,"gpath_trio"
"18425","ADAMTS10","Exc L3-4 RORB CUX2",0.116188175823552,5.51753935112295,44.2126153006097,1.72612891384728e-10,4.60643529588212e-09,4.60643529588212e-09,"gpath_trio"
"18426","AC130469.1","Exc L3-4 RORB CUX2",-0.0724681818516738,-0.530827210900559,0.455129019816951,0.500508686797852,0.64335297998671,0.64335297998671,"gpath_trio"
"18427","ZNF558","Exc L3-4 RORB CUX2",-0.106197581495385,2.72448072405424,10.2732946072691,0.00151833169568605,0.00603830907953206,0.00603830907953206,"gpath_trio"
"18428","MBD3L1","Exc L3-4 RORB CUX2",0.0236446188959026,-0.745095809880844,0.0435180043942184,0.912650619803496,0.955512519695669,0.955512519695669,"gpath_trio"
"18429","MUC16","Exc L3-4 RORB CUX2",-0.0461480855564524,-0.306517724550184,0.266156955516002,0.606359871316368,0.734540493522,0.734540493522,"gpath_trio"
"18430","ZNF317","Exc L3-4 RORB CUX2",-0.0151479570080002,3.05726440556925,0.25297441638792,0.895717126786344,0.945932424252224,0.945932424252224,"gpath_trio"
"18431","OR7D2","Exc L3-4 RORB CUX2",-0.157510543690177,0.361081615487892,1.1895156751419,0.276436965748693,0.416669091070593,0.416669091070593,"gpath_trio"
"18432","AC011451.1","Exc L3-4 RORB CUX2",-0.219813810525323,-0.772494119173676,3.39462366315036,0.0665478018914576,0.138612323276975,0.138612323276975,"gpath_trio"
"18433","ZNF699","Exc L3-4 RORB CUX2",-0.0612822421789123,2.84041226474386,3.75500862788909,0.0537322408099283,0.116639547916968,0.116639547916968,"gpath_trio"
"18434","ZNF559-ZNF177","Exc L3-4 RORB CUX2",-0.0174830076428479,3.71917403720097,0.142592841391387,0.706024924101916,0.815577030847762,0.815577030847762,"gpath_trio"
"18435","ZNF266","Exc L3-4 RORB CUX2",-0.0775336354957952,3.82881845873201,5.79147244559351,0.0168020854113441,0.0454521417503174,0.0454521417503174,"gpath_trio"
"18436","ZNF560","Exc L3-4 RORB CUX2",0.0285353121249293,-1.09091490543812,0.0414024938199742,0.838922136182036,0.909100666819745,0.909100666819745,"gpath_trio"
"18437","ZNF426","Exc L3-4 RORB CUX2",-0.056636438712774,3.43527512903177,3.44919199293381,0.0644134123574562,0.134989154909284,0.134989154909284,"gpath_trio"
"18438","ZNF426-DT","Exc L3-4 RORB CUX2",-0.33882076772895,-0.296507858364094,10.3149801194297,0.00148570800521416,0.00592843334754662,0.00592843334754662,"gpath_trio"
"18439","ZNF121","Exc L3-4 RORB CUX2",-0.0206032522576912,3.68116189757585,0.723709342896901,0.654192978349147,0.773824070016067,0.773824070016067,"gpath_trio"
"18440","ZNF561","Exc L3-4 RORB CUX2",0.0459170858692985,3.42140938249276,2.73834247839401,0.196302987664102,0.320985415302301,0.320985415302301,"gpath_trio"
"18441","ZNF562","Exc L3-4 RORB CUX2",0.0162070887175267,4.94205187459199,0.592003632043897,0.442343778050425,0.589028596225667,0.589028596225667,"gpath_trio"
"18442","ZNF846","Exc L3-4 RORB CUX2",0.0332814999959804,5.75522336508244,2.86416046029484,0.0917708700911845,0.178524472479958,0.178524472479958,"gpath_trio"
"18443","AC008752.1","Exc L3-4 RORB CUX2",-0.131335203164606,-0.120700940595084,2.04144311009053,0.173435528907165,0.291807338479031,0.291807338479031,"gpath_trio"
"18444","FBXL12","Exc L3-4 RORB CUX2",-0.0872800600479289,4.39129353062817,11.5343376104611,0.000790155512172002,0.00346482029785397,0.00346482029785397,"gpath_trio"
"18445","UBL5","Exc L3-4 RORB CUX2",-0.220145585709192,3.63753685902336,26.3684970601232,5.53553052400244e-07,6.11941525050681e-06,6.11941525050681e-06,"gpath_trio"
"18446","PIN1","Exc L3-4 RORB CUX2",-0.124064205181779,6.35510028940282,40.5469668487133,8.64723131063285e-10,1.9362696081245e-08,1.9362696081245e-08,"gpath_trio"
"18447","OLFM2","Exc L3-4 RORB CUX2",0.111581770993211,6.32789866940535,14.5640432117267,0.000169366383553981,0.000920271152222348,0.000920271152222348,"gpath_trio"
"18448","COL5A3","Exc L3-4 RORB CUX2",0.0493720415459217,3.78432328424491,0.671227970350701,0.413374137876817,0.561604258024565,0.561604258024565,"gpath_trio"
"18449","C19orf66","Exc L3-4 RORB CUX2",-0.0982678309863733,5.35213636655773,18.6479996462878,2.23799565417682e-05,0.000158704964228532,0.000158704964228532,"gpath_trio"
"18450","ANGPTL6","Exc L3-4 RORB CUX2",-0.0743282856053489,0.19743517289505,0.85589710327044,0.355747257060532,0.503557209794164,0.503557209794164,"gpath_trio"
"18451","P2RY11","Exc L3-4 RORB CUX2",-0.0529505598143273,2.93251580384616,1.54427480668679,0.215102166683681,0.343846463263075,0.343846463263075,"gpath_trio"
"18452","EIF3G","Exc L3-4 RORB CUX2",-0.186899932749476,2.88106884438191,28.3881519402063,2.1521442903954e-07,2.66540890477146e-06,2.66540890477146e-06,"gpath_trio"
"18453","DNMT1","Exc L3-4 RORB CUX2",-0.0330372765005659,4.76659441214071,1.9352019611161,0.242090514554851,0.376284755866264,0.376284755866264,"gpath_trio"
"18454","MRPL4","Exc L3-4 RORB CUX2",-0.0987345410556353,4.70718214973796,16.0678884195001,7.98789672354245e-05,0.000480382512045785,0.000480382512045785,"gpath_trio"
"18455","AC011511.2","Exc L3-4 RORB CUX2",0.0281624434655943,1.81206526989582,0.368649185240253,0.83894107632466,0.909100666819745,0.909100666819745,"gpath_trio"
"18456","ICAM1","Exc L3-4 RORB CUX2",-0.0173334757489129,-0.0235755646738748,0.0467886054987377,0.828918264675587,0.902115977442549,0.902115977442549,"gpath_trio"
"18457","ICAM5","Exc L3-4 RORB CUX2",0.0814994827971441,4.9557289903648,4.07552440904087,0.0445352063521983,0.100450087551505,0.100450087551505,"gpath_trio"
"18458","ZGLP1","Exc L3-4 RORB CUX2",0.0223259208011371,3.58453676584953,0.434406651505508,0.510417842310742,0.652371236529567,0.652371236529567,"gpath_trio"
"18459","AC011511.1","Exc L3-4 RORB CUX2",-0.120492494056199,3.88050971952983,5.41813249427628,0.0206965268645759,0.0537598080974403,0.0537598080974403,"gpath_trio"
"18460","RAVER1","Exc L3-4 RORB CUX2",0.110627729957866,2.22378913328854,6.95722310857892,0.00885119074247998,0.0267284498173228,0.0267284498173228,"gpath_trio"
"18461","AC114271.1","Exc L3-4 RORB CUX2",-0.216770541357836,0.459502983792405,9.25102604109123,0.00259433857135644,0.00953036793101167,0.00953036793101167,"gpath_trio"
"18462","TYK2","Exc L3-4 RORB CUX2",0.0599115328502137,4.34126345165254,6.96675110429541,0.00880542933269615,0.0266022067665686,0.0266022067665686,"gpath_trio"
"18463","CDC37","Exc L3-4 RORB CUX2",-0.111162591648835,5.67647330208538,16.2754143442856,7.20530449672553e-05,0.000438512875479449,0.000438512875479449,"gpath_trio"
"18464","PDE4A","Exc L3-4 RORB CUX2",0.0295780978633677,5.92856319217389,1.25633572587845,0.263380014454898,0.401852211421582,0.401852211421582,"gpath_trio"
"18465","KEAP1","Exc L3-4 RORB CUX2",-0.0356546805493163,3.59872209854372,1.98967976214837,0.159569623861492,0.273867899736759,0.273867899736759,"gpath_trio"
"18466","ATG4D","Exc L3-4 RORB CUX2",-0.023973379116582,3.87434201123446,0.869867539871452,0.351857240609276,0.499312079151167,0.499312079151167,"gpath_trio"
"18467","KRI1","Exc L3-4 RORB CUX2",0.116344944204954,3.16062183299654,10.9226680857031,0.00108359424152486,0.00453746654685846,0.00453746654685846,"gpath_trio"
"18468","CDKN2D","Exc L3-4 RORB CUX2",-0.16232741002155,5.19370034487629,38.6595273833183,2.0002027356677e-09,4.1135667881851e-08,4.1135667881851e-08,"gpath_trio"
"18469","AP1M2","Exc L3-4 RORB CUX2",-0.0367838076385341,0.64226776087557,0.190527305513505,0.66284034693966,0.781056212107231,0.781056212107231,"gpath_trio"
"18470","SLC44A2","Exc L3-4 RORB CUX2",0.0473498252154154,4.45048583938616,3.4446874775948,0.0645867882097756,0.13528223132602,0.13528223132602,"gpath_trio"
"18471","ILF3-DT","Exc L3-4 RORB CUX2",-0.0399295240124375,3.98176917450144,1.35925944692565,0.244734219382122,0.379516746812783,0.379516746812783,"gpath_trio"
"18472","ILF3","Exc L3-4 RORB CUX2",-0.0681134339173951,5.16447369344828,18.0603246190554,2.98502170258702e-05,0.000205398406717917,0.000205398406717917,"gpath_trio"
"18473","QTRT1","Exc L3-4 RORB CUX2",-0.0752930133825869,5.50231840108904,10.9979379945951,0.00104218828899852,0.00439142621774126,0.00439142621774126,"gpath_trio"
"18474","DNM2","Exc L3-4 RORB CUX2",0.0644340799201659,5.89289425506783,11.3406305038991,0.000873097133712837,0.00376785768399069,0.00376785768399069,"gpath_trio"
"18475","TMED1","Exc L3-4 RORB CUX2",-0.165871395004012,0.956235500181226,8.9900158056998,0.00297757857849237,0.0107176891741451,0.0107176891741451,"gpath_trio"
"18476","C19orf38","Exc L3-4 RORB CUX2",-0.0407908844070134,0.855024709972554,0.493675736835987,0.79586165285364,0.880629015868052,0.880629015868052,"gpath_trio"
"18477","CARM1","Exc L3-4 RORB CUX2",0.0376118955828184,5.3733536128229,5.19778167547882,0.0234259648388313,0.0593444048999775,0.0593444048999775,"gpath_trio"
"18478","YIPF2","Exc L3-4 RORB CUX2",-0.00789135276675335,3.97986838297773,0.108798765232329,0.981355869352812,0.990537055442915,0.990537055442915,"gpath_trio"
"18479","TIMM29","Exc L3-4 RORB CUX2",-0.0047816652747825,3.87809942599827,0.030616099825602,0.861235793595192,0.924323445886956,0.924323445886956,"gpath_trio"
"18480","SMARCA4","Exc L3-4 RORB CUX2",0.0817162124208034,6.69646166316549,21.5117593562031,5.57554771418509e-06,4.73229596691983e-05,4.73229596691983e-05,"gpath_trio"
"18481","AC011442.1","Exc L3-4 RORB CUX2",-0.0708594947931508,-0.328083133735141,0.504756945110417,0.478054145672396,0.622080907439408,0.622080907439408,"gpath_trio"
"18482","LDLR","Exc L3-4 RORB CUX2",0.162241670815482,4.20789884074222,4.71694080395731,0.0307709226588625,0.0743210061825154,0.0743210061825154,"gpath_trio"
"18483","SPC24","Exc L3-4 RORB CUX2",0.0309420971588655,1.352918393042,0.331944967502623,0.6800615520347,0.794961574384383,0.794961574384383,"gpath_trio"
"18484","KANK2","Exc L3-4 RORB CUX2",0.0563157220910754,2.12428093737417,1.21611603167397,0.27114389788994,0.410562003897444,0.410562003897444,"gpath_trio"
"18485","DOCK6","Exc L3-4 RORB CUX2",-0.24782666626945,2.60669418815249,23.6417529413739,2.01072695882248e-06,1.91803387206825e-05,1.91803387206825e-05,"gpath_trio"
"18486","AC011472.1","Exc L3-4 RORB CUX2",0.0173613744306207,3.01381062074279,0.137775887587058,0.710804433555562,0.819128317072226,0.819128317072226,"gpath_trio"
"18487","AC011472.4","Exc L3-4 RORB CUX2",-0.159296290330681,0.859097502937982,4.67116458093065,0.0315861502452914,0.0758812313882774,0.0758812313882774,"gpath_trio"
"18488","ANGPTL8","Exc L3-4 RORB CUX2",-0.231293864111026,-0.21251074208747,5.53505774852988,0.0193848355218407,0.0509456003599153,0.0509456003599153,"gpath_trio"
"18489","TSPAN16","Exc L3-4 RORB CUX2",-0.202040989969671,0.432365093375999,8.10447899993055,0.00476788657170152,0.0159389376347037,0.0159389376347037,"gpath_trio"
"18490","RAB3D","Exc L3-4 RORB CUX2",0.0134772689136843,3.99747623306842,0.249319439988672,0.617976918824099,0.743939634660552,0.743939634660552,"gpath_trio"
"18491","CCDC159","Exc L3-4 RORB CUX2",-0.0306760539328914,3.52263655088587,1.02628006646987,0.370180491840394,0.51854987294291,0.51854987294291,"gpath_trio"
"18492","PLPPR2","Exc L3-4 RORB CUX2",0.0150484284200347,4.85802782866206,0.376925554846892,0.539790016758612,0.678310718811581,0.678310718811581,"gpath_trio"
"18493","AC024575.1","Exc L3-4 RORB CUX2",0.202676694900732,-0.314608365215622,4.47462002647218,0.0353530504004126,0.0833817853435029,0.0833817853435029,"gpath_trio"
"18494","SWSAP1","Exc L3-4 RORB CUX2",-0.0480428498062433,0.829466980157575,0.510997559163441,0.484544590780922,0.628271590582066,0.628271590582066,"gpath_trio"
"18495","EPOR","Exc L3-4 RORB CUX2",-0.0873682061267465,1.52976400493046,3.8053626477131,0.052162931645046,0.114042820322801,0.114042820322801,"gpath_trio"
"18496","RGL3","Exc L3-4 RORB CUX2",-0.178135069362257,0.273159136171887,4.56807493506862,0.0335062520906607,0.0796968446037584,0.0796968446037584,"gpath_trio"
"18497","CCDC151","Exc L3-4 RORB CUX2",0.0290623652047091,2.342790159271,0.506889901135685,0.477126628898531,0.621154400079232,0.621154400079232,"gpath_trio"
"18498","PRKCSH","Exc L3-4 RORB CUX2",0.0936190763720171,4.6600890721206,19.9872427000317,1.16518428316393e-05,9.09032981934735e-05,9.09032981934735e-05,"gpath_trio"
"18499","ELAVL3","Exc L3-4 RORB CUX2",0.115717697429574,7.73534515674686,35.7025581449824,7.53601109296927e-09,1.35386486020174e-07,1.35386486020174e-07,"gpath_trio"
"18500","ECSIT","Exc L3-4 RORB CUX2",0.0175851843268379,5.04090246918568,0.518328049874745,0.47220243595074,0.61729308269981,0.61729308269981,"gpath_trio"
"18501","CNN1","Exc L3-4 RORB CUX2",-0.155022988471091,0.172070788354692,2.86959866810286,0.0914648607266726,0.178057401021738,0.178057401021738,"gpath_trio"
"18502","ELOF1","Exc L3-4 RORB CUX2",-0.278373864768222,4.07762173200911,96.0404684531896,1.68163892815708e-19,4.40611238643755e-17,4.40611238643755e-17,"gpath_trio"
"18503","ZNF627","Exc L3-4 RORB CUX2",-0.0223879504425871,3.14774181182487,0.499950763640157,0.480154975605785,0.623497209896793,0.623497209896793,"gpath_trio"
"18504","AC008543.1","Exc L3-4 RORB CUX2",-0.0244955709810384,2.39741676203779,0.26292233547298,0.608554884536879,0.736375864903229,0.736375864903229,"gpath_trio"
"18505","ZNF823","Exc L3-4 RORB CUX2",-0.0704585442119249,3.19018868223739,3.39609501377592,0.0664892652044224,0.138547916287877,0.138547916287877,"gpath_trio"
"18506","ZNF441","Exc L3-4 RORB CUX2",-0.0307794631783803,3.59609284004112,0.858589476246562,0.354993000102479,0.502736471786291,0.502736471786291,"gpath_trio"
"18507","ZNF491","Exc L3-4 RORB CUX2",0.0627842680451297,2.34840407986884,1.70849542466708,0.192335474326298,0.315809122679815,0.315809122679815,"gpath_trio"
"18508","ZNF440","Exc L3-4 RORB CUX2",0.0055575831133551,3.82958544463302,0.0444176322890074,0.833243601127514,0.905010575138918,0.905010575138918,"gpath_trio"
"18509","ZNF439","Exc L3-4 RORB CUX2",0.0695551905834766,5.23118752335048,8.2677644166154,0.00436965633606722,0.0147866180107609,0.0147866180107609,"gpath_trio"
"18510","ZNF69","Exc L3-4 RORB CUX2",0.0972620908333298,4.2600094020768,8.94393629904475,0.00305102925707638,0.0109283502090732,0.0109283502090732,"gpath_trio"
"18511","AC008770.2","Exc L3-4 RORB CUX2",0.0654202560945647,2.43923180093387,3.06104644488612,0.0813697967789228,0.162522091873554,0.162522091873554,"gpath_trio"
"18512","ZNF763","Exc L3-4 RORB CUX2",-0.0243640200191155,1.16111516531119,0.177886904213712,0.673544024369109,0.789768144347714,0.789768144347714,"gpath_trio"
"18513","ZNF433","Exc L3-4 RORB CUX2",-0.044743770951019,1.04316001956366,0.67618956246266,0.411655391069701,0.559834682496206,0.559834682496206,"gpath_trio"
"18514","ZNF844","Exc L3-4 RORB CUX2",0.0376545119296007,2.01754918135237,0.604731594252412,0.437485382087259,0.584637185110317,0.584637185110317,"gpath_trio"
"18515","ZNF788P","Exc L3-4 RORB CUX2",0.110282767231572,1.8528654571895,3.0432077020968,0.0822572038645096,0.163969873329363,0.163969873329363,"gpath_trio"
"18516","ZNF20","Exc L3-4 RORB CUX2",-0.00909083157083557,1.23995488519345,0.0295662184034813,0.863611928948367,0.925740963101498,0.925740963101498,"gpath_trio"
"18517","ZNF136","Exc L3-4 RORB CUX2",-0.122448278861507,3.39270827808557,13.5801722900128,0.000278149551604993,0.00142211535824398,0.00142211535824398,"gpath_trio"
"18518","ZNF44","Exc L3-4 RORB CUX2",-0.0323792718305624,5.10457352980578,2.04152157153621,0.154256715496946,0.266837797749369,0.266837797749369,"gpath_trio"
"18519","ZNF563","Exc L3-4 RORB CUX2",-0.0128849345549931,2.75470230564237,0.113161625282018,0.73684431896272,0.838787684651181,0.838787684651181,"gpath_trio"
"18520","ZNF442","Exc L3-4 RORB CUX2",0.0766562984842938,0.581982377650321,0.904798267869125,0.342381738679002,0.488995581045509,0.488995581045509,"gpath_trio"
"18521","AC008758.4","Exc L3-4 RORB CUX2",-0.0791987517893257,2.29685583605775,2.81681640438992,0.0944827072028987,0.182445311812642,0.182445311812642,"gpath_trio"
"18522","AC008758.5","Exc L3-4 RORB CUX2",-0.0807602393637629,3.1765447519925,3.29106509235989,0.0708103913097003,0.145660892367977,0.145660892367977,"gpath_trio"
"18523","AC008758.6","Exc L3-4 RORB CUX2",0.00757911093631131,3.7896237198209,0.0407881629594299,0.840105298580146,0.909729586222584,0.909729586222584,"gpath_trio"
"18524","AC008758.2","Exc L3-4 RORB CUX2",-0.301543180957217,0.0629789445303562,10.7769022754267,0.00116860998133058,0.00484618836039969,0.00484618836039969,"gpath_trio"
"18525","AC008758.1","Exc L3-4 RORB CUX2",-0.0235961210518258,1.42406224066399,0.193301850227773,0.660547817616259,0.779421699637854,0.779421699637854,"gpath_trio"
"18526","AC010422.6","Exc L3-4 RORB CUX2",0.0977132731298292,4.22292454320879,13.1672506411474,0.000342913019785458,0.00169898579915806,0.00169898579915806,"gpath_trio"
"18527","ZNF490","Exc L3-4 RORB CUX2",-0.035463578055014,4.12698755153211,1.6573415751054,0.199107416112094,0.324526750691671,0.324526750691671,"gpath_trio"
"18528","ZNF791","Exc L3-4 RORB CUX2",-0.0291714101430013,5.15178723374649,2.62298956204944,0.227981456338765,0.359113513556729,0.359113513556729,"gpath_trio"
"18529","AC010422.3","Exc L3-4 RORB CUX2",0.0440648027348258,-0.45828759393038,0.206294163700479,0.650066556705132,0.770117015943984,0.770117015943984,"gpath_trio"
"18530","MAN2B1","Exc L3-4 RORB CUX2",0.0328784609973557,3.61854214702642,1.27704187743292,0.747833195701955,0.847090827201557,0.847090827201557,"gpath_trio"
"18531","WDR83","Exc L3-4 RORB CUX2",-0.0741508611832741,3.46602360868671,8.36056703879777,0.00415868538079231,0.0142045148281242,0.0142045148281242,"gpath_trio"
"18532","DHPS","Exc L3-4 RORB CUX2",-0.0833531613213416,4.12435284541579,13.3392298489609,0.000314258174408749,0.00157709323273216,0.00157709323273216,"gpath_trio"
"18533","AC010422.2","Exc L3-4 RORB CUX2",0.150586034044162,1.91432204712975,12.304213969227,0.000532307269813243,0.00247506318702055,0.00247506318702055,"gpath_trio"
"18534","FBXW9","Exc L3-4 RORB CUX2",-0.0879599954083303,2.33798442178813,4.61039165135352,0.0327036489709154,0.0781563750282182,0.0781563750282182,"gpath_trio"
"18535","TNPO2","Exc L3-4 RORB CUX2",0.000515736552892745,5.86712308392857,0.00106437734230341,0.973998825862137,0.986120655982767,0.986120655982767,"gpath_trio"
"18536","TRIR","Exc L3-4 RORB CUX2",-0.163091101677646,4.82586358470306,49.8075798952877,1.5389352524616e-11,5.5359444936492e-10,5.5359444936492e-10,"gpath_trio"
"18537","ASNA1","Exc L3-4 RORB CUX2",-0.113888462949079,3.38664109904269,13.4136634450465,0.000302621852401559,0.00152482414390646,0.00152482414390646,"gpath_trio"
"18538","HOOK2","Exc L3-4 RORB CUX2",-0.0794262431583947,6.09614697177994,9.87213741869222,0.00187222149082991,0.00720841003387279,0.00720841003387279,"gpath_trio"
"18539","JUNB","Exc L3-4 RORB CUX2",-0.204651339983961,2.99476180209313,14.9890932545068,0.000136844576766481,0.0007637176587175,0.0007637176587175,"gpath_trio"
"18540","AC018761.2","Exc L3-4 RORB CUX2",0.0344122193876825,-0.374375408629497,0.101515911258576,0.750273799165571,0.848997358133681,0.848997358133681,"gpath_trio"
"18541","THSD8","Exc L3-4 RORB CUX2",-0.169543650236274,1.31764500148038,9.98645686160699,0.00176355006923193,0.00684882052873036,0.00684882052873036,"gpath_trio"
"18542","AC020934.1","Exc L3-4 RORB CUX2",0.0868843647301263,-0.998933977608772,0.605832974683159,0.605493234687211,0.733903635314778,0.733903635314778,"gpath_trio"
"18543","MAST1","Exc L3-4 RORB CUX2",0.0858072663253582,7.1297193625531,30.2969481640085,8.88262175549755e-08,1.20121294675208e-06,1.20121294675208e-06,"gpath_trio"
"18544","DNASE2","Exc L3-4 RORB CUX2",-0.09950740890483,1.44213411554004,3.55395315969328,0.0605188081016487,0.128536367349275,0.128536367349275,"gpath_trio"
"18545","GCDH","Exc L3-4 RORB CUX2",0.0767492043532911,3.69599723500173,8.21368187693437,0.00449763271185805,0.0151535971879987,0.0151535971879987,"gpath_trio"
"18546","SYCE2","Exc L3-4 RORB CUX2",-0.0861127422071433,1.50117258174156,3.0736493957854,0.0807491136065227,0.161551600026062,0.161551600026062,"gpath_trio"
"18547","FARSA","Exc L3-4 RORB CUX2",-0.0979890729208127,4.63938554389846,19.1343852530757,1.76464812811614e-05,0.000129640786874205,0.000129640786874205,"gpath_trio"
"18548","CALR","Exc L3-4 RORB CUX2",-0.130809598187468,4.57036628217951,17.7437942364472,3.48742764176472e-05,0.000235156593157097,0.000235156593157097,"gpath_trio"
"18549","AC092069.1","Exc L3-4 RORB CUX2",-0.17991923313564,0.26354920055441,2.71846478472039,0.100401083317111,0.191581562084813,0.191581562084813,"gpath_trio"
"18550","RAD23A","Exc L3-4 RORB CUX2",-0.0659650698960099,5.22155456896213,8.17372304342583,0.00459465161816543,0.0154469415758186,0.0154469415758186,"gpath_trio"
"18551","GADD45GIP1","Exc L3-4 RORB CUX2",-0.208466836907252,3.81960831614572,22.4471167747484,3.5577748824745e-06,3.1858902908976e-05,3.1858902908976e-05,"gpath_trio"
"18552","DAND5","Exc L3-4 RORB CUX2",0.177141171503978,-0.397481920460104,2.93527434766803,0.0878559136287744,0.172690282293504,0.172690282293504,"gpath_trio"
"18553","NFIX","Exc L3-4 RORB CUX2",0.105358312206111,7.57683214576239,34.2899569915175,1.42818036179695e-08,2.3891823216628e-07,2.3891823216628e-07,"gpath_trio"
"18554","TRMT1","Exc L3-4 RORB CUX2",0.0245865339355469,4.52657521059048,1.06895878412329,0.379548443850613,0.527659168597444,0.527659168597444,"gpath_trio"
"18555","NACC1","Exc L3-4 RORB CUX2",-0.00609420616827165,4.59855186486882,0.0583924309437377,0.909305560518316,0.953676204578586,0.953676204578586,"gpath_trio"
"18556","STX10","Exc L3-4 RORB CUX2",-0.139475692868957,3.93402655134003,23.4509784777183,2.20205521816982e-06,2.08086482560075e-05,2.08086482560075e-05,"gpath_trio"
"18557","IER2","Exc L3-4 RORB CUX2",-0.130347378844067,2.88013041225103,11.6878211795637,0.000730160974418937,0.00324257047301388,0.00324257047301388,"gpath_trio"
"18558","CACNA1A","Exc L3-4 RORB CUX2",0.104355879129499,9.6913909795767,31.4380105002193,5.25205549875243e-08,7.54702419425429e-07,7.54702419425429e-07,"gpath_trio"
"18559","CCDC130","Exc L3-4 RORB CUX2",0.000616432144820906,5.07991387122963,0.00113594727796795,0.973139194171645,0.985690707924104,0.985690707924104,"gpath_trio"
"18560","MRI1","Exc L3-4 RORB CUX2",0.0207474958305654,4.79849568361537,0.319509272559293,0.5723901123596,0.706859920233514,0.706859920233514,"gpath_trio"
"18561","AC008686.1","Exc L3-4 RORB CUX2",-0.229405399627207,0.375770339362545,6.71235613696905,0.0101153397433668,0.0298970083976596,0.0298970083976596,"gpath_trio"
"18562","C19orf53","Exc L3-4 RORB CUX2",-0.219046276554249,4.04475988541092,35.004094974038,1.03328627807064e-08,1.78940349013521e-07,1.78940349013521e-07,"gpath_trio"
"18563","ZSWIM4","Exc L3-4 RORB CUX2",0.0414725128119905,3.09794578248916,1.07471633587934,0.335238016330044,0.481725568337509,0.481725568337509,"gpath_trio"
"18564","AC020916.1","Exc L3-4 RORB CUX2",-0.0187646986596623,-0.538742054562711,0.022251323555981,0.881536092133833,0.937137246221945,0.937137246221945,"gpath_trio"
"18565","NANOS3","Exc L3-4 RORB CUX2",0.0610594179515858,3.37560460888542,4.08371247695525,0.0443233779783149,0.10006984676729,0.10006984676729,"gpath_trio"
"18566","C19orf57","Exc L3-4 RORB CUX2",-0.0352746461350866,2.39671493369804,0.802728558471042,0.371107558256361,0.519396114313013,0.519396114313013,"gpath_trio"
"18567","CC2D1A","Exc L3-4 RORB CUX2",0.00165975614898285,6.304688920725,0.00494916645596245,0.943968916152678,0.972902829291457,0.972902829291457,"gpath_trio"
"18568","PODNL1","Exc L3-4 RORB CUX2",-0.0545848560179126,0.265007880858649,0.512357413417306,0.474762454918215,0.619275394580396,0.619275394580396,"gpath_trio"
"18569","DCAF15","Exc L3-4 RORB CUX2",0.0142182215287843,3.29734606355621,0.207098982700957,0.649430514418038,0.769699018303199,0.769699018303199,"gpath_trio"
"18570","RFX1","Exc L3-4 RORB CUX2",0.0799015711160755,4.70657937659394,12.7443919763191,0.000425194382066104,0.00204147945220934,0.00204147945220934,"gpath_trio"
"18571","IL27RA","Exc L3-4 RORB CUX2",-0.0142502814612413,2.63931264938305,0.124721559383819,0.72425509803501,0.829182079381246,0.829182079381246,"gpath_trio"
"18572","PALM3","Exc L3-4 RORB CUX2",-0.103781161785305,0.637057897241459,2.21389927184749,0.137984354181381,0.245358218368532,0.245358218368532,"gpath_trio"
"18573","MISP3","Exc L3-4 RORB CUX2",-0.16444606843302,3.24599314828052,21.5387981245147,5.50343601142285e-06,4.67502406444026e-05,4.67502406444026e-05,"gpath_trio"
"18574","SAMD1","Exc L3-4 RORB CUX2",0.00824092014205765,3.37433630911671,0.0514611961246605,0.820718166492077,0.897270296881982,0.897270296881982,"gpath_trio"
"18575","PRKACA","Exc L3-4 RORB CUX2",-0.0521616475163398,5.59800149266948,8.89608698933025,0.0291235177081978,0.0709022528976579,0.0709022528976579,"gpath_trio"
"18576","ASF1B","Exc L3-4 RORB CUX2",-0.184251358408082,0.202470707949283,5.19923302075134,0.0234068081555605,0.0593037498405438,0.0593037498405438,"gpath_trio"
"18577","AC022098.1","Exc L3-4 RORB CUX2",-0.070359064239617,1.95551934353717,2.36257902727791,0.125492585625014,0.227968027641334,0.227968027641334,"gpath_trio"
"18578","ADGRL1","Exc L3-4 RORB CUX2",0.0787122336303646,7.26396365190731,24.4832915346033,1.34793581823157e-06,1.36041046187204e-05,1.36041046187204e-05,"gpath_trio"
"18579","AC011509.2","Exc L3-4 RORB CUX2",-0.0436484468010084,2.18515694172652,0.800995143198052,0.371623763777303,0.519974300173874,0.519974300173874,"gpath_trio"
"18580","LINC01841","Exc L3-4 RORB CUX2",-0.167174391249273,1.12301720838609,7.21367558191021,0.00770073875829847,0.0237993879363774,0.0237993879363774,"gpath_trio"
"18581","ADGRE5","Exc L3-4 RORB CUX2",-0.0335110561697194,1.06276050450043,0.284080479213875,0.594494367741525,0.724708390887328,0.724708390887328,"gpath_trio"
"18582","DDX39A","Exc L3-4 RORB CUX2",-0.0598926190979144,2.63389948226019,1.95085693290189,0.163685584630671,0.278945313134429,0.278945313134429,"gpath_trio"
"18583","PKN1","Exc L3-4 RORB CUX2",0.0864945812783502,4.5989738400586,12.9097250822586,0.000390867605537198,0.00190063965816172,0.00190063965816172,"gpath_trio"
"18584","GIPC1","Exc L3-4 RORB CUX2",0.0042663654476023,5.96855245468898,0.0313991202121121,0.859490849423694,0.92289253750189,0.92289253750189,"gpath_trio"
"18585","DNAJB1","Exc L3-4 RORB CUX2",0.0755317489041581,4.90961722008431,3.65689334443327,0.0569364878203167,0.122149472753604,0.122149472753604,"gpath_trio"
"18586","TECR","Exc L3-4 RORB CUX2",-0.0011723074199786,5.03766008038159,0.00234053648120333,0.961451263179736,0.980168842616133,0.980168842616133,"gpath_trio"
"18587","NDUFB7","Exc L3-4 RORB CUX2",-0.209791557806313,3.91558276673627,38.154002536125,2.50655859372477e-09,5.05193003280693e-08,5.05193003280693e-08,"gpath_trio"
"18588","ADGRE3","Exc L3-4 RORB CUX2",-0.0849609682916896,1.10030530516221,2.46600273702809,0.187246603129029,0.309596805288327,0.309596805288327,"gpath_trio"
"18589","ZNF333","Exc L3-4 RORB CUX2",-0.0497913059853335,4.40342717221815,4.05282531191183,0.0451280671483658,0.101542283070636,0.101542283070636,"gpath_trio"
"18590","OR7C1","Exc L3-4 RORB CUX2",-0.223453937618907,-0.158725007389363,5.45249914846034,0.0203016735524085,0.0529660240423953,0.0529660240423953,"gpath_trio"
"18591","SLC1A6","Exc L3-4 RORB CUX2",-0.063868654584994,3.17997709015391,2.63051589947698,0.106039588260624,0.199976508988418,0.199976508988418,"gpath_trio"
"18592","CCDC105","Exc L3-4 RORB CUX2",0.00812551921396681,-0.957534602367804,0.00485037401094433,0.944530049197909,0.973030715322151,0.973030715322151,"gpath_trio"
"18593","ILVBL","Exc L3-4 RORB CUX2",-0.00793465012039392,2.81636132221452,0.0600011893370575,0.80668727248911,0.888244445203849,0.888244445203849,"gpath_trio"
"18594","NOTCH3","Exc L3-4 RORB CUX2",-0.132768725257302,-0.0975291966743601,2.51336108271783,0.114100380209316,0.211559155474952,0.211559155474952,"gpath_trio"
"18595","AC004257.1","Exc L3-4 RORB CUX2",-0.150685311037049,-1.13052562514274,1.28552134347498,0.257919258833518,0.395434383081255,0.395434383081255,"gpath_trio"
"18596","BRD4","Exc L3-4 RORB CUX2",0.0421841562782887,6.75218317253143,7.50864674574009,0.00656574390238785,0.0208801833591858,0.0208801833591858,"gpath_trio"
"18597","AKAP8","Exc L3-4 RORB CUX2",0.00407297321364197,4.84829305884453,0.0255010768518036,0.873248815197982,0.931813341440699,0.931813341440699,"gpath_trio"
"18598","AKAP8L","Exc L3-4 RORB CUX2",0.0891244059134195,7.02858411546458,24.9603665141429,1.075290196423e-06,1.10692198429474e-05,1.10692198429474e-05,"gpath_trio"
"18599","WIZ","Exc L3-4 RORB CUX2",0.0222020877784761,2.88918354705845,0.482953550525468,0.487708083116474,0.631101954773579,0.631101954773579,"gpath_trio"
"18600","PGLYRP2","Exc L3-4 RORB CUX2",-0.0886330931281125,0.808276031446286,2.31561891350957,0.129295518768273,0.23340525153453,0.23340525153453,"gpath_trio"
"18601","CYP4F22","Exc L3-4 RORB CUX2",-0.23267895480257,-0.0712382537519518,7.59660530858064,0.00626173618559468,0.0200907327519677,0.0200907327519677,"gpath_trio"
"18602","CYP4F3","Exc L3-4 RORB CUX2",-0.0901153092756034,0.496982290682536,0.848091150125057,0.357946565227995,0.505583470282856,0.505583470282856,"gpath_trio"
"18603","AC004597.1","Exc L3-4 RORB CUX2",-0.150011406928344,0.687641733584024,0.689641840777004,0.407048108737156,0.555452194078344,0.555452194078344,"gpath_trio"
"18604","OR10H5","Exc L3-4 RORB CUX2",-0.254141295499053,-0.680861431645352,2.06082983758599,0.152329753808738,0.26446900962637,0.26446900962637,"gpath_trio"
"18605","TPM4","Exc L3-4 RORB CUX2",0.0413413033966498,5.43266761340607,4.25264346896914,0.0401828508052058,0.0925972604220477,0.0925972604220477,"gpath_trio"
"18606","RAB8A","Exc L3-4 RORB CUX2",0.0124386145104407,3.11243352485358,0.157703937596347,0.691605088370426,0.803890802435522,0.803890802435522,"gpath_trio"
"18607","HSH2D","Exc L3-4 RORB CUX2",0.0266139965256048,0.176146190126645,0.1163654890099,0.99771641192036,0.998954273473611,0.998954273473611,"gpath_trio"
"18608","FAM32A","Exc L3-4 RORB CUX2",-0.151638216902113,3.60752842247224,29.66792370265,1.18804608016189e-07,1.56761475914101e-06,1.56761475914101e-06,"gpath_trio"
"18609","AC020911.1","Exc L3-4 RORB CUX2",-0.193708686188785,-0.430906120315752,4.18614439565535,0.0417617156447871,0.095472250780009,0.095472250780009,"gpath_trio"
"18610","AP1M1","Exc L3-4 RORB CUX2",0.0155981351471582,5.63509919329271,0.725079918579209,0.395266213420691,0.543369845718345,0.543369845718345,"gpath_trio"
"18611","AC020911.2","Exc L3-4 RORB CUX2",-0.0550196727911643,3.3568359079622,1.07197549943972,0.301461639583051,0.445045264055909,0.445045264055909,"gpath_trio"
"18612","KLF2","Exc L3-4 RORB CUX2",-0.0122406663051476,0.425802182937607,0.0251409552170224,0.874139419237579,0.932357872397806,0.932357872397806,"gpath_trio"
"18613","AC020917.3","Exc L3-4 RORB CUX2",-0.0185946205612369,-0.527699848387206,0.0335196499204058,0.972780770580647,0.985690707924104,0.985690707924104,"gpath_trio"
"18614","EPS15L1","Exc L3-4 RORB CUX2",0.0120965050996828,6.4441591023797,0.388709850032264,0.533524877481205,0.672868356158593,0.672868356158593,"gpath_trio"
"18615","AC020917.2","Exc L3-4 RORB CUX2",-0.68599021653218,-0.364504087135625,37.9158731619409,2.78811650234714e-09,5.58038198758469e-08,5.58038198758469e-08,"gpath_trio"
"18616","AC008764.1","Exc L3-4 RORB CUX2",0.0427135635008411,1.87627327862586,0.87842743584067,0.980217988577778,0.989784680658492,0.989784680658492,"gpath_trio"
"18617","C19orf44","Exc L3-4 RORB CUX2",0.0809355881907673,3.15359503351678,5.99109687000954,0.0150401574038644,0.0415721572301637,0.0415721572301637,"gpath_trio"
"18618","AC008764.6","Exc L3-4 RORB CUX2",-0.13674729314252,0.710542960264607,4.60986184755207,0.0327135716689491,0.0781708289021732,0.0781708289021732,"gpath_trio"
"18619","AC008764.8","Exc L3-4 RORB CUX2",0.0780041712011668,2.06639581653025,2.91631864717552,0.094516276187791,0.182475203070687,0.182475203070687,"gpath_trio"
"18620","AC008764.2","Exc L3-4 RORB CUX2",-0.155391126360964,-0.432836610378471,2.35883985238817,0.125790763965649,0.228427422412869,0.228427422412869,"gpath_trio"
"18621","AC024075.3","Exc L3-4 RORB CUX2",-0.128092270747556,0.517514224820394,3.28225589747234,0.0711863222740295,0.146198787890572,0.146198787890572,"gpath_trio"
"18622","TMEM38A","Exc L3-4 RORB CUX2",0.0479447101609923,6.27596587694024,4.51308701401838,0.0345802456500102,0.0818941725541678,0.0818941725541678,"gpath_trio"
"18623","NWD1","Exc L3-4 RORB CUX2",0.0767472858289812,2.21280382228348,2.25119780828039,0.134724331155643,0.241176874983594,0.241176874983594,"gpath_trio"
"18624","SIN3B","Exc L3-4 RORB CUX2",0.0318090747176421,6.21993904745282,3.7785580840702,0.0529921402147791,0.115393030634988,0.115393030634988,"gpath_trio"
"18625","CPAMD8","Exc L3-4 RORB CUX2",-0.128995938809711,1.34200395963926,4.86800855744708,0.028233590494932,0.0690774543093929,0.0690774543093929,"gpath_trio"
"18626","HAUS8","Exc L3-4 RORB CUX2",-0.0336454716644904,2.07513337251213,0.65662964815318,0.418493369568883,0.566765370950676,0.566765370950676,"gpath_trio"
"18627","AC020908.1","Exc L3-4 RORB CUX2",-0.274004949148497,-0.825872213885767,5.94154428864012,0.015458821108152,0.042496443419467,0.042496443419467,"gpath_trio"
"18628","MYO9B","Exc L3-4 RORB CUX2",0.0974789638610047,6.20101921424972,11.5698914776697,0.000775825893165387,0.00341195246570537,0.00341195246570537,"gpath_trio"
"18629","AC020913.1","Exc L3-4 RORB CUX2",-0.439734839941592,0.0922722120041534,24.9384110766434,1.08651902499658e-06,1.11725389038257e-05,1.11725389038257e-05,"gpath_trio"
"18630","USE1","Exc L3-4 RORB CUX2",-0.139597600896291,3.34790372217561,18.9892391470942,1.8941944763898e-05,0.000137613876705669,0.000137613876705669,"gpath_trio"
"18631","OCEL1","Exc L3-4 RORB CUX2",-0.158178771414551,2.29553413388276,13.4826469626415,0.00029222832855388,0.00148058928392128,0.00148058928392128,"gpath_trio"
"18632","NR2F6","Exc L3-4 RORB CUX2",-0.103484280266317,3.71292212190714,10.9701111363237,0.00105730472692869,0.00444583636218975,0.00444583636218975,"gpath_trio"
"18633","USHBP1","Exc L3-4 RORB CUX2",-0.298616830305505,2.80392182104572,43.8517491053332,2.02085510433724e-10,5.28803524383966e-09,5.28803524383966e-09,"gpath_trio"
"18634","ANKLE1","Exc L3-4 RORB CUX2",-0.043008345200902,0.683287886931226,0.459804697890853,0.820448394988808,0.89710836100478,0.89710836100478,"gpath_trio"
"18635","ABHD8","Exc L3-4 RORB CUX2",0.0567369199411375,5.88213448814843,9.67938640796464,0.00207117425052518,0.0078652286341967,0.0078652286341967,"gpath_trio"
"18636","MRPL34","Exc L3-4 RORB CUX2",-0.148150353334713,4.26321664127011,30.2475583410491,9.08750688915249e-08,1.2239015453181e-06,1.2239015453181e-06,"gpath_trio"
"18637","DDA1","Exc L3-4 RORB CUX2",-0.147864921334623,4.42990188579524,44.8468183922735,1.30911818680795e-10,3.56429951671396e-09,3.56429951671396e-09,"gpath_trio"
"18638","ANO8","Exc L3-4 RORB CUX2",0.184923886455651,4.29579989263389,25.8521115505973,7.05802454690164e-07,7.56216915739461e-06,7.56216915739461e-06,"gpath_trio"
"18639","GTPBP3","Exc L3-4 RORB CUX2",-0.143499727086079,3.0888689364802,16.5079389716826,6.42022669260241e-05,0.000399162013939148,0.000399162013939148,"gpath_trio"
"18640","PLVAP","Exc L3-4 RORB CUX2",-0.0847161772234361,-0.237300610243332,0.89542487381181,0.350268340408678,0.497687426420528,0.497687426420528,"gpath_trio"
"18641","MVB12A","Exc L3-4 RORB CUX2",-0.0834644708494927,2.2175897294918,3.13011185877569,0.0780307103863847,0.157380448903039,0.157380448903039,"gpath_trio"
"18642","AC010319.4","Exc L3-4 RORB CUX2",-0.0283730515915189,1.09325047682255,0.158005831123425,0.896978356561105,0.946669718749754,0.946669718749754,"gpath_trio"
"18643","TMEM221","Exc L3-4 RORB CUX2",-0.168077954095508,0.590468079510885,6.25215323817727,0.013020510024072,0.0368893118572747,0.0368893118572747,"gpath_trio"
"18644","SLC27A1","Exc L3-4 RORB CUX2",0.107632004092857,5.13069010548115,22.0578094268334,4.2881404111596e-06,3.75491461784483e-05,3.75491461784483e-05,"gpath_trio"
"18645","AC010618.3","Exc L3-4 RORB CUX2",0.107962966966026,4.17576630107331,19.947415548885,1.18793669804892e-05,9.2428163837782e-05,9.2428163837782e-05,"gpath_trio"
"18646","PGLS","Exc L3-4 RORB CUX2",-0.0517695508869758,3.00630349728159,2.02066849973023,0.15636913462748,0.269682620200838,0.269682620200838,"gpath_trio"
"18647","FAM129C","Exc L3-4 RORB CUX2",0.100163100083331,1.22043467610615,3.24265992348094,0.0729028494079525,0.149064050552898,0.149064050552898,"gpath_trio"
"18648","COLGALT1","Exc L3-4 RORB CUX2",0.0121317401306555,4.02450560316541,0.303180620718024,0.58236805765809,0.715063578461368,0.715063578461368,"gpath_trio"
"18649","UNC13A","Exc L3-4 RORB CUX2",0.0186928130873756,7.7439805306177,0.804813372072646,0.370488037225691,0.518744961553773,0.518744961553773,"gpath_trio"
"18650","MAP1S","Exc L3-4 RORB CUX2",-0.0390737836334265,5.08239241501127,2.64865392534735,0.104848796300063,0.198342659667488,0.198342659667488,"gpath_trio"
"18651","AC008761.1","Exc L3-4 RORB CUX2",-0.215863969413907,1.56114066953501,12.6234704963429,0.000452227181647867,0.00215181212022304,0.00215181212022304,"gpath_trio"
"18652","FCHO1","Exc L3-4 RORB CUX2",0.045727001566578,5.22714144526024,3.51686400461831,0.06186797705723,0.130878309440035,0.130878309440035,"gpath_trio"
"18653","INSL3","Exc L3-4 RORB CUX2",-0.207132893353836,-0.257044143487574,3.72648021149662,0.0546436032702019,0.118210883119915,0.118210883119915,"gpath_trio"
"18654","JAK3","Exc L3-4 RORB CUX2",-0.036006862082676,3.31145459167464,1.02651468022491,0.311920570086392,0.456576761335917,0.456576761335917,"gpath_trio"
"18655","RPL18A","Exc L3-4 RORB CUX2",-0.221532018363881,1.2720723032779,7.12957589436716,0.00805999346647248,0.0247015598034456,0.0247015598034456,"gpath_trio"
"18656","SLC5A5","Exc L3-4 RORB CUX2",-0.124281662854607,-0.23180835154226,1.76717086312251,0.189192908469113,0.311971142489935,0.311971142489935,"gpath_trio"
"18657","CCDC124","Exc L3-4 RORB CUX2",-0.00402683774973034,3.97570474661477,0.0214943672131501,0.883553805538885,0.938478105653244,0.938478105653244,"gpath_trio"
"18658","KCNN1","Exc L3-4 RORB CUX2",0.0125574494244136,4.60287546000556,0.222335505462709,0.699188307991543,0.810106597875269,0.810106597875269,"gpath_trio"
"18659","ARRDC2","Exc L3-4 RORB CUX2",-0.0552390582675973,2.35364576261287,1.17646899925016,0.279080704130544,0.419681962271447,0.419681962271447,"gpath_trio"
"18660","IL12RB1","Exc L3-4 RORB CUX2",0.0129638688192265,0.469265904441621,0.030789824259579,0.860846684495403,0.923954985353766,0.923954985353766,"gpath_trio"
"18661","MAST3","Exc L3-4 RORB CUX2",0.0299295935901633,7.04324305751732,2.14218819665603,0.144505245516236,0.253887775693639,0.253887775693639,"gpath_trio"
"18662","AC007192.2","Exc L3-4 RORB CUX2",-0.55137431429184,3.3141293246178,52.8978719101859,4.13419152407817e-12,1.68159907254591e-10,1.68159907254591e-10,"gpath_trio"
"18663","MPV17L2","Exc L3-4 RORB CUX2",0.0292902106865431,1.10481284832664,0.224761877488573,0.687679347233793,0.800665444970093,0.800665444970093,"gpath_trio"
"18664","RAB3A","Exc L3-4 RORB CUX2",-0.196280863603852,6.44594377445065,32.2541096821988,3.61241417644841e-08,5.43559793866794e-07,5.43559793866794e-07,"gpath_trio"
"18665","AC005759.1","Exc L3-4 RORB CUX2",-0.0757991660333262,0.83010578525792,1.10584245556394,0.2939638472788,0.436724640563312,0.436724640563312,"gpath_trio"
"18666","AC008397.2","Exc L3-4 RORB CUX2",-0.00838946590833454,1.73606433405236,0.0168065483360699,0.896951430859312,0.946669718749754,0.946669718749754,"gpath_trio"
"18667","IQCN","Exc L3-4 RORB CUX2",0.0684388548205706,1.54725110810617,1.06283376571941,0.303527778268188,0.447407973008015,0.447407973008015,"gpath_trio"
"18668","JUND","Exc L3-4 RORB CUX2",0.071458714457869,6.50535636162413,3.7299619280788,0.0545314995520448,0.118030776623678,0.118030776623678,"gpath_trio"
"18669","LSM4","Exc L3-4 RORB CUX2",-0.122829251908579,4.36762773625587,20.8695227570736,7.60003732501158e-06,6.19768605626954e-05,6.19768605626954e-05,"gpath_trio"
"18670","PGPEP1","Exc L3-4 RORB CUX2",0.0128059769903298,4.40234494717184,0.256216163173965,0.907249725154175,0.952675959245588,0.952675959245588,"gpath_trio"
"18671","GDF15","Exc L3-4 RORB CUX2",-0.0442990110661241,-0.233949370013383,0.23966264304906,0.624862640628344,0.749613708728291,0.749613708728291,"gpath_trio"
"18672","SSBP4","Exc L3-4 RORB CUX2",0.0734064078615965,5.91533429355389,10.5657378835547,0.00130398651155297,0.00531580680351207,0.00531580680351207,"gpath_trio"
"18673","ISYNA1","Exc L3-4 RORB CUX2",-0.00740181018049947,1.27464035391926,0.0112633394596323,0.91556193099858,0.957268965479703,0.957268965479703,"gpath_trio"
"18674","ELL","Exc L3-4 RORB CUX2",0.0177682210845439,4.67089882758811,0.622029573210012,0.431012604052468,0.578439385801806,0.578439385801806,"gpath_trio"
"18675","FKBP8","Exc L3-4 RORB CUX2",0.0112260285733253,6.67584236701397,0.144796908250534,0.703868740034817,0.814131728201317,0.814131728201317,"gpath_trio"
"18676","KXD1","Exc L3-4 RORB CUX2",-0.0800964868818102,4.0172751232454,12.6668835372853,0.00044232650955764,0.00211117514320449,0.00211117514320449,"gpath_trio"
"18677","AC005253.1","Exc L3-4 RORB CUX2",-0.316114319729062,0.723730328577659,19.2173008413926,1.69470529468979e-05,0.000125332402200757,0.000125332402200757,"gpath_trio"
"18678","UBA52","Exc L3-4 RORB CUX2",-0.114924260505193,4.84437162647122,16.7182023801315,5.78508880904206e-05,0.000364617827936343,0.000364617827936343,"gpath_trio"
"18679","CRLF1","Exc L3-4 RORB CUX2",-0.131907622615903,5.28406114109844,12.4152784301353,0.000502931200780543,0.00235420811502261,0.00235420811502261,"gpath_trio"
"18680","REX1BD","Exc L3-4 RORB CUX2",-0.2372661421024,5.22494690503658,67.039163384846,1.20362953784317e-14,9.23316575132544e-13,9.23316575132544e-13,"gpath_trio"
"18681","TMEM59L","Exc L3-4 RORB CUX2",-0.0920354814426465,7.50274397998173,15.5335860975911,0.00010423423469708,0.000604984374284691,0.000604984374284691,"gpath_trio"
"18682","KLHL26","Exc L3-4 RORB CUX2",-0.0238709058355988,3.52211603573786,0.772687995468773,0.380198421389361,0.528417136368858,0.528417136368858,"gpath_trio"
"18683","CRTC1","Exc L3-4 RORB CUX2",0.100523271330374,6.6754780526931,35.2645915020406,9.18438960032573e-09,1.61126139292671e-07,1.61126139292671e-07,"gpath_trio"
"18684","UPF1","Exc L3-4 RORB CUX2",0.0867317816347,4.67410634853766,12.1285923934912,0.000582363515891273,0.0026696623342664,0.0026696623342664,"gpath_trio"
"18685","AC005197.1","Exc L3-4 RORB CUX2",-0.196399058256943,-0.591266683344397,3.01444157009658,0.118726447748077,0.218370506273814,0.218370506273814,"gpath_trio"
"18686","COPE","Exc L3-4 RORB CUX2",-0.0511679619714192,3.98663213192618,2.15326284983635,0.143475828594802,0.252474909890984,0.252474909890984,"gpath_trio"
"18687","AC002985.1","Exc L3-4 RORB CUX2",-0.0504238010651075,-0.730720183552441,0.218739088615133,0.654543287942245,0.773923296307682,0.773923296307682,"gpath_trio"
"18688","DDX49","Exc L3-4 RORB CUX2",-0.00747754047872433,3.8019087130862,0.0717597531283616,0.789003992460551,0.876695244142294,0.876695244142294,"gpath_trio"
"18689","SUGP2","Exc L3-4 RORB CUX2",-0.0210363332753784,7.36508558676415,1.48656586984714,0.223854979239932,0.354078730393228,0.354078730393228,"gpath_trio"
"18690","ARMC6","Exc L3-4 RORB CUX2",-0.0712917869534257,3.03379807402242,4.70191776269745,0.0841991121019779,0.167032161913216,0.167032161913216,"gpath_trio"
"18691","SLC25A42","Exc L3-4 RORB CUX2",0.120007477989977,5.18831864850614,30.2845180613706,8.9337426015778e-08,1.20641403605644e-06,1.20641403605644e-06,"gpath_trio"
"18692","TMEM161A","Exc L3-4 RORB CUX2",0.0660807758161115,4.34324908200065,7.52330150895578,0.00651405909424979,0.0207387000515211,0.0207387000515211,"gpath_trio"
"18693","BORCS8-MEF2B","Exc L3-4 RORB CUX2",0.122554475764619,-0.377668701315495,1.47051605080023,0.226364942111119,0.357236600992791,0.357236600992791,"gpath_trio"
"18694","RFXANK","Exc L3-4 RORB CUX2",-0.0248720244718025,1.51971625736234,0.2191230339925,0.742829091167819,0.843506327140808,0.843506327140808,"gpath_trio"
"18695","NR2C2AP","Exc L3-4 RORB CUX2",-0.063662239426503,1.93108853628653,1.94282774761957,0.16455195369974,0.280121193875802,0.280121193875802,"gpath_trio"
"18696","NCAN","Exc L3-4 RORB CUX2",0.0690227852166357,5.33205873778575,5.97004851450871,0.0152165374966768,0.0419852194223225,0.0419852194223225,"gpath_trio"
"18697","HAPLN4","Exc L3-4 RORB CUX2",-0.136732837309809,5.31393569128792,9.99333414257375,0.0017572215809632,0.00683213439890779,0.00683213439890779,"gpath_trio"
"18698","TM6SF2","Exc L3-4 RORB CUX2",0.00987639725352997,1.30720534040202,0.0272474664425537,0.869018671291498,0.929216222880325,0.929216222880325,"gpath_trio"
"18699","SUGP1","Exc L3-4 RORB CUX2",0.0314046631988512,4.95649703073564,2.48443227416862,0.116193735473566,0.214851608027736,0.214851608027736,"gpath_trio"
"18700","MAU2","Exc L3-4 RORB CUX2",0.0207554212591144,5.45519039265823,1.50370105539354,0.221212163367827,0.351247866830309,0.351247866830309,"gpath_trio"
"18701","GATAD2A","Exc L3-4 RORB CUX2",0.0139565191527891,4.12021967233401,0.275461929510905,0.895093053516818,0.945867502341389,0.945867502341389,"gpath_trio"
"18702","NDUFA13","Exc L3-4 RORB CUX2",-0.227966140407172,-0.66297167169714,1.61900261044684,0.204367623272355,0.331067672998214,0.331067672998214,"gpath_trio"
"18703","YJEFN3","Exc L3-4 RORB CUX2",-0.118232828142635,4.88510297431025,8.01389694074735,0.00500466958655158,0.0166122423344321,0.0166122423344321,"gpath_trio"
"18704","CILP2","Exc L3-4 RORB CUX2",0.0576721895586706,-0.798943182934702,0.216649379006467,0.641994491275254,0.763783397893517,0.763783397893517,"gpath_trio"
"18705","PBX4","Exc L3-4 RORB CUX2",0.0787043416379992,3.62193761195631,2.95689892757168,0.0867018289639842,0.170887983523679,0.170887983523679,"gpath_trio"
"18706","LPAR2","Exc L3-4 RORB CUX2",-0.0110954339415986,1.45509250599325,0.0246394042857894,0.875390754703254,0.933161179125972,0.933161179125972,"gpath_trio"
"18707","GMIP","Exc L3-4 RORB CUX2",0.140987774532994,1.67324538574082,5.81456060201748,0.0194766661205816,0.0511642889300435,0.0511642889300435,"gpath_trio"
"18708","ATP13A1","Exc L3-4 RORB CUX2",-0.0184513442258194,4.0517903067916,0.641533069607101,0.42388749465804,0.57215027796387,0.57215027796387,"gpath_trio"
"18709","ZNF101","Exc L3-4 RORB CUX2",0.029753745329359,2.30268457836185,0.621645216224535,0.560292409098852,0.696090581563737,0.696090581563737,"gpath_trio"
"18710","ZNF14","Exc L3-4 RORB CUX2",0.0412647322006446,4.1082719100924,1.75752755008883,0.186096773677457,0.308065110016351,0.308065110016351,"gpath_trio"
"18711","LINC00663","Exc L3-4 RORB CUX2",0.110334645763396,0.16245348676067,1.92082236374386,0.166953530954963,0.283239781955632,0.283239781955632,"gpath_trio"
"18712","AC011477.4","Exc L3-4 RORB CUX2",0.0428517971627763,3.14111821580027,1.12008399663325,0.954330877844791,0.977524981108105,0.977524981108105,"gpath_trio"
"18713","ZNF253","Exc L3-4 RORB CUX2",0.0535781846695752,4.38955901029442,3.99202353055892,0.0467576938809919,0.104536400049757,0.104536400049757,"gpath_trio"
"18714","ZNF93","Exc L3-4 RORB CUX2",0.000299804902568786,2.10090863050347,7.78425243878989e-05,0.99296724833982,0.996573188501436,0.996573188501436,"gpath_trio"
"18715","ZNF682","Exc L3-4 RORB CUX2",-0.0493673530931037,4.18471403118261,2.03328432274406,0.155087235422817,0.267929865957812,0.267929865957812,"gpath_trio"
"18716","ZNF90","Exc L3-4 RORB CUX2",-0.183248330764998,3.52316288582597,19.1630849902482,1.74011411510093e-05,0.000127986883967048,0.000127986883967048,"gpath_trio"
"18717","AC011447.3","Exc L3-4 RORB CUX2",-0.0495946623091363,4.27675416719373,1.56089733758519,0.212657406731769,0.341290524287124,0.341290524287124,"gpath_trio"
"18718","ZNF486","Exc L3-4 RORB CUX2",-0.00128175057207312,1.30305043804827,0.000463498789551573,0.999186890100796,0.999632822958622,0.999632822958622,"gpath_trio"
"18719","AC008554.1","Exc L3-4 RORB CUX2",0.124155703603593,-0.403191122186503,1.58216884075217,0.209577052912932,0.337477311829775,0.337477311829775,"gpath_trio"
"18720","ZNF737","Exc L3-4 RORB CUX2",0.00297635732550383,4.57116710416555,0.00860051215248439,0.926182372152967,0.963132279685898,0.963132279685898,"gpath_trio"
"18721","AC010636.2","Exc L3-4 RORB CUX2",-0.0108729730311224,3.43200430664941,0.0616027007529893,0.804176418861507,0.886721857734437,0.886721857734437,"gpath_trio"
"18722","ZNF66","Exc L3-4 RORB CUX2",0.0362319878380074,3.90478891932003,1.11122122426447,0.292795222261494,0.435405292925897,0.435405292925897,"gpath_trio"
"18723","ZNF85","Exc L3-4 RORB CUX2",-0.00159316211204943,2.43941102001433,0.00148575182958915,0.96928237217647,0.984111109589868,0.984111109589868,"gpath_trio"
"18724","ZNF430","Exc L3-4 RORB CUX2",-0.0374240427390057,4.40587790367698,2.36224363258106,0.188573939468148,0.311052181241916,0.311052181241916,"gpath_trio"
"18725","ZNF714","Exc L3-4 RORB CUX2",-0.0408644283340977,4.999208795087,0.727823637219192,0.394374765265516,0.5424770497874,0.5424770497874,"gpath_trio"
"18726","ZNF431","Exc L3-4 RORB CUX2",0.0300369576567124,5.01443183289454,1.6366565770581,0.201925300777162,0.328165212113681,0.328165212113681,"gpath_trio"
"18727","ZNF708","Exc L3-4 RORB CUX2",0.0344386067251202,5.01263749985426,2.62644648099105,0.10630879546324,0.200371818803333,0.200371818803333,"gpath_trio"
"18728","ZNF738","Exc L3-4 RORB CUX2",-0.109926549311165,2.72852335330744,5.79007933865821,0.016815107260619,0.0454812694708389,0.0454812694708389,"gpath_trio"
"18729","ZNF493","Exc L3-4 RORB CUX2",0.00187317141146448,4.6367384575768,0.00339735094392234,0.953564952848116,0.977201855219726,0.977201855219726,"gpath_trio"
"18730","AC010615.4","Exc L3-4 RORB CUX2",0.0820777187553281,6.21657624774349,5.06146570707882,0.0253002679068146,0.0632585084917568,0.0632585084917568,"gpath_trio"
"18731","LINC00664","Exc L3-4 RORB CUX2",0.0899129742891543,-0.506828442405965,0.46983547362199,0.493673530746603,0.637239897744932,0.637239897744932,"gpath_trio"
"18732","ZNF429","Exc L3-4 RORB CUX2",-0.0152109627960763,5.19539100513684,0.351508728964913,0.553775626711744,0.6907769923295,0.6907769923295,"gpath_trio"
"18733","AC123912.1","Exc L3-4 RORB CUX2",0.134433383729874,2.26360844772374,1.20688812239667,0.272965538713445,0.412608057506837,0.412608057506837,"gpath_trio"
"18734","AC123912.4","Exc L3-4 RORB CUX2",-0.293627979704427,-1.24986350470296,3.14770427059222,0.0772040983107974,0.156118340525242,0.156118340525242,"gpath_trio"
"18735","ZNF100","Exc L3-4 RORB CUX2",-0.0585754946488275,4.18748397496778,1.67535452413185,0.196691267045146,0.321469494581012,0.321469494581012,"gpath_trio"
"18736","AC092364.1","Exc L3-4 RORB CUX2",-0.00884681803589234,-0.702676052885255,0.00644111844492063,0.936094930227908,0.969256646372725,0.969256646372725,"gpath_trio"
"18737","ZNF43","Exc L3-4 RORB CUX2",-0.0489884628348768,4.31718914743201,2.84838778834465,0.0926647468454419,0.179726693143352,0.179726693143352,"gpath_trio"
"18738","ZNF208","Exc L3-4 RORB CUX2",0.0598299263801847,3.78764410776101,0.191385749355414,0.662128924515442,0.780568908807614,0.780568908807614,"gpath_trio"
"18739","AC003973.2","Exc L3-4 RORB CUX2",0.277584264056077,-1.07831583041257,3.80963239863689,0.0520321260932681,0.113830854904759,0.113830854904759,"gpath_trio"
"18740","ZNF257","Exc L3-4 RORB CUX2",0.0356860709350398,2.159944543011,0.191688829560709,0.66187820563366,0.780489379780179,0.780489379780179,"gpath_trio"
"18741","ZNF729","Exc L3-4 RORB CUX2",-0.588013753571508,-1.52103677818669,9.51809663519603,0.00225418274295421,0.00845790158807906,0.00845790158807906,"gpath_trio"
"18742","ZNF98","Exc L3-4 RORB CUX2",-0.37857283002375,1.07574559610849,2.20130468755036,0.139105161034262,0.246730755260005,0.246730755260005,"gpath_trio"
"18743","ZNF492","Exc L3-4 RORB CUX2",0.331684451013475,-0.364297164163927,5.87501199395947,0.0160400357773888,0.0437189572830073,0.0437189572830073,"gpath_trio"
"18744","AC024563.1","Exc L3-4 RORB CUX2",-0.137702888119119,1.0222328796783,3.28250081353986,0.0711758414991973,0.146198787890572,0.146198787890572,"gpath_trio"
"18745","ZNF99","Exc L3-4 RORB CUX2",-0.0879402046878686,0.443340213409088,1.24308839278718,0.644916715899558,0.766265885940729,0.766265885940729,"gpath_trio"
"18746","ZNF723","Exc L3-4 RORB CUX2",0.120328310519598,-0.372386824175437,0.447985709231927,0.503886954225867,0.646481354626828,0.646481354626828,"gpath_trio"
"18747","ZNF730","Exc L3-4 RORB CUX2",-0.369539872513968,-0.00564665124110274,15.4768495787603,0.000107227937011734,0.000619331127744555,0.000619331127744555,"gpath_trio"
"18748","ZNF724","Exc L3-4 RORB CUX2",0.111293598114722,0.0377158508872701,1.77104266791246,0.307906906565704,0.45201352251787,0.45201352251787,"gpath_trio"
"18749","AC092329.3","Exc L3-4 RORB CUX2",0.158419546455388,4.08513334776577,25.0755790687824,1.01825933030249e-06,1.05350676865912e-05,1.05350676865912e-05,"gpath_trio"
"18750","ZNF91","Exc L3-4 RORB CUX2",0.097221722100047,7.60215025354713,22.6196894461633,3.27555516261784e-06,2.96351527211267e-05,2.96351527211267e-05,"gpath_trio"
"18751","ZNF675","Exc L3-4 RORB CUX2",0.0827939527234879,6.1518451845032,7.37938984685358,0.0070402791212098,0.0220863988913711,0.0220863988913711,"gpath_trio"
"18752","ZNF681","Exc L3-4 RORB CUX2",0.0242922707933841,3.18646183754695,0.442273775683065,0.506616484324909,0.64886919573737,0.64886919573737,"gpath_trio"
"18753","AC139769.2","Exc L3-4 RORB CUX2",-0.322800226562324,0.286128818823217,13.3946683462347,0.000305549151769453,0.00153803745931854,0.00153803745931854,"gpath_trio"
"18754","ZNF726","Exc L3-4 RORB CUX2",-0.0441490936702418,1.45936759584619,0.579366356265309,0.447250573754711,0.593579183757686,0.593579183757686,"gpath_trio"
"18755","AC011503.1","Exc L3-4 RORB CUX2",-0.215029923992506,-0.395445928562026,4.51723317478932,0.0344980166748432,0.0817186199853189,0.0817186199853189,"gpath_trio"
"18756","ZNF254","Exc L3-4 RORB CUX2",0.0689628777437106,6.19117360523345,17.9280995461611,3.18531774257535e-05,0.000217254176661452,0.000217254176661452,"gpath_trio"
"18757","AC073534.2","Exc L3-4 RORB CUX2",-0.0506940998676609,-0.0383978909281331,0.353754318430073,0.552512788841537,0.689930969595252,0.689930969595252,"gpath_trio"
"18758","ERVK-28","Exc L3-4 RORB CUX2",-0.0359199600609616,-0.788725688849788,0.0698172315150723,0.791812393928649,0.878509406484299,0.878509406484299,"gpath_trio"
"18759","LINC00662","Exc L3-4 RORB CUX2",0.065620326636521,6.40930966453411,8.50938981979402,0.00384190322057889,0.0132700560649168,0.0132700560649168,"gpath_trio"
"18760","AC006504.5","Exc L3-4 RORB CUX2",0.102431714503129,6.85841450397111,7.47227134066808,0.0066958634628319,0.021213731997901,0.021213731997901,"gpath_trio"
"18761","AC006504.2","Exc L3-4 RORB CUX2",-0.175412018938418,2.60421923131902,5.88960953340965,0.0159106016898426,0.043448347197154,0.043448347197154,"gpath_trio"
"18762","AC010511.1","Exc L3-4 RORB CUX2",-0.0542045718740677,-0.43683173560104,0.317001664808724,0.573900309123184,0.707988182497263,0.707988182497263,"gpath_trio"
"18763","AC005580.1","Exc L3-4 RORB CUX2",-0.283496610735743,-0.99480616223173,4.4124136080896,0.0366414989524452,0.0858585646185344,0.0858585646185344,"gpath_trio"
"18764","AC005381.1","Exc L3-4 RORB CUX2",-0.226285126748264,0.118589222529037,3.44542008387098,0.0645585566039743,0.135242219138521,0.135242219138521,"gpath_trio"
"18765","AC005394.1","Exc L3-4 RORB CUX2",-0.177484380994437,1.2666947818586,1.99875768798237,0.158624371541751,0.272849066063162,0.272849066063162,"gpath_trio"
"18766","AC079466.2","Exc L3-4 RORB CUX2",-0.266192499486296,-0.574371114476022,3.24871153087415,0.0726376409069677,0.148717719230574,0.148717719230574,"gpath_trio"
"18767","UQCRFS1","Exc L3-4 RORB CUX2",-0.182814019261025,4.48795444355871,43.4350788922122,2.42493210981095e-10,6.24017924941786e-09,6.24017924941786e-09,"gpath_trio"
"18768","AC007786.1","Exc L3-4 RORB CUX2",0.0952606726886967,-0.595480519800359,0.795767450672264,0.373186666466964,0.521582334324281,0.521582334324281,"gpath_trio"
"18769","AC011474.2","Exc L3-4 RORB CUX2",0.0964723985034928,3.88948071763777,8.40897304116936,0.00405281394322093,0.0138891661804794,0.0138891661804794,"gpath_trio"
"18770","VSTM2B","Exc L3-4 RORB CUX2",0.0307579004321061,5.67002394092085,0.81608408856762,0.367163761298281,0.51541392180579,0.51541392180579,"gpath_trio"
"18771","POP4","Exc L3-4 RORB CUX2",-0.123837029533225,2.86502297631309,17.5984269033347,3.74606235359113e-05,0.000250503175285718,0.000250503175285718,"gpath_trio"
"18772","PLEKHF1","Exc L3-4 RORB CUX2",0.167506856817898,0.584550116523098,4.9625774981158,0.0459956374791038,0.103187144016559,0.103187144016559,"gpath_trio"
"18773","C19orf12","Exc L3-4 RORB CUX2",0.0274656560400729,5.61568716941162,2.03144876458277,0.155272999615361,0.268227824919933,0.268227824919933,"gpath_trio"
"18774","CCNE1","Exc L3-4 RORB CUX2",-0.00739903795925782,1.98970028817086,0.0280357221358636,0.867155021768663,0.928010426701823,0.928010426701823,"gpath_trio"
"18775","URI1","Exc L3-4 RORB CUX2",0.0603785123705,5.95289903960608,9.06131223403263,0.00286747786567201,0.0103771190185457,0.0103771190185457,"gpath_trio"
"18776","AC011507.1","Exc L3-4 RORB CUX2",0.0683049927274823,-0.871518202394547,0.250760627079022,0.697070549755381,0.808334195960157,0.808334195960157,"gpath_trio"
"18777","AC020912.1","Exc L3-4 RORB CUX2",-0.352494937388325,-0.874883892584048,8.38110563888286,0.0041134223735259,0.0140729686935535,0.0140729686935535,"gpath_trio"
"18778","LINC01791","Exc L3-4 RORB CUX2",-0.409136484125315,-1.11187217225133,8.96930807069186,0.00301036026813059,0.0108067648415542,0.0108067648415542,"gpath_trio"
"18779","TSHZ3","Exc L3-4 RORB CUX2",0.0632038458484445,6.15167755412495,2.45998493291067,0.11799607105619,0.217225178716911,0.217225178716911,"gpath_trio"
"18780","AC025809.1","Exc L3-4 RORB CUX2",0.0133683984437986,5.47624430872767,0.0858443023520239,0.769761976792826,0.863158508325659,0.863158508325659,"gpath_trio"
"18781","AC008992.1","Exc L3-4 RORB CUX2",-0.208177900783592,1.30612136791323,7.73580452320113,0.0058098655358161,0.0188720072750104,0.0188720072750104,"gpath_trio"
"18782","LINC01837","Exc L3-4 RORB CUX2",-0.0509999132593797,1.06908262040445,0.434121702904631,0.510556453738493,0.652507060317629,0.652507060317629,"gpath_trio"
"18783","ZNF507","Exc L3-4 RORB CUX2",0.0844371915621455,5.209682094609,22.200995149523,4.00336411919983e-06,3.53315271674789e-05,3.53315271674789e-05,"gpath_trio"
"18784","AC007773.1","Exc L3-4 RORB CUX2",0.135230914538524,0.846848169496248,3.36623392302623,0.0676881823661961,0.140548256971946,0.140548256971946,"gpath_trio"
"18785","DPY19L3","Exc L3-4 RORB CUX2",0.0867887688949072,5.18404308864441,7.58815217161068,0.00629031342365868,0.0201631829237867,0.0201631829237867,"gpath_trio"
"18786","PDCD5","Exc L3-4 RORB CUX2",-0.146945865128797,4.58364228573727,30.4234711785086,8.37877851337701e-08,1.14217470613095e-06,1.14217470613095e-06,"gpath_trio"
"18787","ANKRD27","Exc L3-4 RORB CUX2",0.0249093759048482,6.00488154971753,1.27914011513385,0.259101099865029,0.396797129789626,0.396797129789626,"gpath_trio"
"18788","AC008736.1","Exc L3-4 RORB CUX2",-0.105371310728542,1.20235746391074,4.09601512380132,0.0440071076372314,0.0994559646668694,0.0994559646668694,"gpath_trio"
"18789","NUDT19","Exc L3-4 RORB CUX2",-0.000358891858131303,2.78762488106909,9.98329397328673e-05,0.992035616604071,0.996417244847519,0.996417244847519,"gpath_trio"
"18790","TDRD12","Exc L3-4 RORB CUX2",-0.117754680165465,1.31755181780181,2.22285992556685,0.137193131567529,0.244446827640634,0.244446827640634,"gpath_trio"
"18791","SLC7A9","Exc L3-4 RORB CUX2",-0.0703026918598512,2.13170702607543,1.302696807133,0.25477130755657,0.391679580122976,0.391679580122976,"gpath_trio"
"18792","CEP89","Exc L3-4 RORB CUX2",0.0499413331360275,5.1925631035445,6.12183135585401,0.0139910541780565,0.0391442959426279,0.0391442959426279,"gpath_trio"
"18793","FAAP24","Exc L3-4 RORB CUX2",0.0748255012665222,-0.0909663806369978,0.786152529652154,0.376085416706282,0.524280844004459,0.524280844004459,"gpath_trio"
"18794","RHPN2","Exc L3-4 RORB CUX2",-0.10085501079421,1.55954121880014,2.11082557659988,0.147466169204949,0.25807858810807,0.25807858810807,"gpath_trio"
"18795","GPATCH1","Exc L3-4 RORB CUX2",0.00823817533509818,3.92354682451925,0.107634627987158,0.743117355580697,0.843548790234658,0.843548790234658,"gpath_trio"
"18796","WDR88","Exc L3-4 RORB CUX2",-0.181953837860593,1.95278326682942,10.3323558172109,0.00147232144492951,0.00589016164018498,0.00589016164018498,"gpath_trio"
"18797","LRP3","Exc L3-4 RORB CUX2",-0.00810362502163913,5.21398573434104,0.149208988854486,0.699608329802136,0.810438565328325,0.810438565328325,"gpath_trio"
"18798","CEBPA","Exc L3-4 RORB CUX2",-0.11737081770702,2.36063549756096,7.51655752457217,0.00653779181133807,0.0208044084848179,0.0208044084848179,"gpath_trio"
"18799","CEBPA-DT","Exc L3-4 RORB CUX2",-0.229847945046149,-0.766181878652371,4.32235613746311,0.0385951815500534,0.0896038881210965,0.0896038881210965,"gpath_trio"
"18800","AC008738.2","Exc L3-4 RORB CUX2",0.116723647717922,0.281226704265153,2.49312544390901,0.115560233056389,0.213872828356357,0.213872828356357,"gpath_trio"
"18801","CEBPG","Exc L3-4 RORB CUX2",-0.0252116593679965,3.79495091061839,0.865190511194771,0.353153016684104,0.500657867444438,0.500657867444438,"gpath_trio"
"18802","PEPD","Exc L3-4 RORB CUX2",0.0179319934477221,4.93023479009293,0.585098542236326,0.445014469771092,0.591486061508121,0.591486061508121,"gpath_trio"
"18803","CHST8","Exc L3-4 RORB CUX2",0.0986919628246493,2.86359685676493,2.78720750816443,0.0962231765360716,0.185097500630744,0.185097500630744,"gpath_trio"
"18804","KCTD15","Exc L3-4 RORB CUX2",0.0725532089140287,2.28439885597894,1.66436527156251,0.198161161777239,0.323284589334248,0.323284589334248,"gpath_trio"
"18805","LSM14A","Exc L3-4 RORB CUX2",0.0205438119022449,6.44075891321931,1.65687298767159,0.199170735077506,0.324577510516049,0.324577510516049,"gpath_trio"
"18806","KIAA0355","Exc L3-4 RORB CUX2",0.0582157770121054,5.09539852676148,9.28440049621321,0.00254911146674709,0.00940188735678656,0.00940188735678656,"gpath_trio"
"18807","AC010504.1","Exc L3-4 RORB CUX2",0.109169915918018,2.39013391367638,7.09522948246159,0.0082116356816574,0.0250938730502027,0.0250938730502027,"gpath_trio"
"18808","GPI","Exc L3-4 RORB CUX2",0.0471876737969993,6.91065882830083,3.81693553380422,0.0518092002784947,0.113478516514888,0.113478516514888,"gpath_trio"
"18809","PDCD2L","Exc L3-4 RORB CUX2",-0.166467209900935,2.4169715437721,17.7701927009102,3.44243660879595e-05,0.000232355833330406,0.000232355833330406,"gpath_trio"
"18810","AC008747.1","Exc L3-4 RORB CUX2",0.0661019505997821,-0.311674899042409,0.329164299254708,0.566647529485428,0.701828507524607,0.701828507524607,"gpath_trio"
"18811","UBA2","Exc L3-4 RORB CUX2",-0.0337192930275083,6.29202737443291,4.52056492911929,0.034432088536177,0.0815720275032141,0.0815720275032141,"gpath_trio"
"18812","WTIP","Exc L3-4 RORB CUX2",-0.027208320960056,3.61337669885664,0.43190974902436,0.511634670061462,0.653264316719828,0.653264316719828,"gpath_trio"
"18813","SCGB1B2P","Exc L3-4 RORB CUX2",0.114668221247488,0.911389408273527,3.14459054847538,0.0773497093022679,0.15636577005744,0.15636577005744,"gpath_trio"
"18814","SCGB2B2","Exc L3-4 RORB CUX2",0.0635719017542587,5.36597129670084,4.19254054728337,0.0416070426277018,0.0952157537447691,0.0952157537447691,"gpath_trio"
"18815","ZNF302","Exc L3-4 RORB CUX2",-0.174811916225384,5.63177187346907,55.2720726155794,1.52069504598549e-12,6.89438709050727e-11,6.89438709050727e-11,"gpath_trio"
"18816","AC020910.4","Exc L3-4 RORB CUX2",-0.208511533088839,0.970377150993094,9.11263261064615,0.00279080979983121,0.0101358393720242,0.0101358393720242,"gpath_trio"
"18817","ZNF181","Exc L3-4 RORB CUX2",0.0158425606395838,2.77060645488282,0.171639239941633,0.679000628052164,0.794065748573922,0.794065748573922,"gpath_trio"
"18818","ZNF30","Exc L3-4 RORB CUX2",0.122323928726168,4.0170635894825,12.1105988902683,0.000587755273299522,0.00269254374178425,0.00269254374178425,"gpath_trio"
"18819","GRAMD1A","Exc L3-4 RORB CUX2",0.0143382766092818,4.32359839923293,0.388004072033127,0.533896372753171,0.673083754314518,0.673083754314518,"gpath_trio"
"18820","SCN1B","Exc L3-4 RORB CUX2",-0.0655179893691168,6.15160348511068,2.5481347689824,0.111639219163829,0.208316800465246,0.208316800465246,"gpath_trio"
"18821","HPN","Exc L3-4 RORB CUX2",-0.165664914771247,0.532726339698187,3.17568378996466,0.0759088810975885,0.154117105378268,0.154117105378268,"gpath_trio"
"18822","LGI4","Exc L3-4 RORB CUX2",0.0220087407497074,5.95639229907965,0.381960925305731,0.537096609895496,0.676019970343854,0.676019970343854,"gpath_trio"
"18823","FXYD1","Exc L3-4 RORB CUX2",-0.0939409461104992,3.28646694187016,4.77936517856325,0.0296946197641253,0.0720925335428673,0.0720925335428673,"gpath_trio"
"18824","FXYD7","Exc L3-4 RORB CUX2",0.0312563857246035,6.33136913632089,1.03917216597384,0.308961664114424,0.453332162496519,0.453332162496519,"gpath_trio"
"18825","FXYD5","Exc L3-4 RORB CUX2",0.155549718818825,1.43825482149974,5.82311373110541,0.0165091254627203,0.0447797265676769,0.0447797265676769,"gpath_trio"
"18826","LSR","Exc L3-4 RORB CUX2",-0.0709439924796007,0.62586144581777,1.20948246949974,0.272451849072275,0.412047680287343,0.412047680287343,"gpath_trio"
"18827","USF2","Exc L3-4 RORB CUX2",0.0223726147513485,5.42661852626374,1.31991594106436,0.251662927522482,0.388083739414972,0.388083739414972,"gpath_trio"
"18828","HAMP","Exc L3-4 RORB CUX2",-0.297556989506459,-0.643973680298352,6.53322569597986,0.0111570866048562,0.0323583494974515,0.0323583494974515,"gpath_trio"
"18829","KRTDAP","Exc L3-4 RORB CUX2",0.152419511830911,0.176791044150741,3.4141038518931,0.0921457758480634,0.179012135554615,0.179012135554615,"gpath_trio"
"18830","DMKN","Exc L3-4 RORB CUX2",-0.136984582747133,3.83485233436635,10.4891119683447,0.00135697531658571,0.00549187101546974,0.00549187101546974,"gpath_trio"
"18831","SBSN","Exc L3-4 RORB CUX2",-0.0202908557473564,-1.1108040338455,0.0204656445043964,0.886355030734516,0.940377195260247,0.940377195260247,"gpath_trio"
"18832","GAPDHS","Exc L3-4 RORB CUX2",-0.441799945482658,-0.555480622848241,12.6886644204977,0.000437442479620572,0.00209281527776738,0.00209281527776738,"gpath_trio"
"18833","TMEM147-AS1","Exc L3-4 RORB CUX2",-0.128702664390485,1.6665000179914,6.5695424405469,0.0109372755579899,0.0318112434574833,0.0318112434574833,"gpath_trio"
"18834","TMEM147","Exc L3-4 RORB CUX2",-0.223710709515289,3.09061329210761,45.5133906248059,9.79626527042885e-11,2.76795355492882e-09,2.76795355492882e-09,"gpath_trio"
"18835","ATP4A","Exc L3-4 RORB CUX2",-0.0206862370734581,0.721470514925323,0.0661235879584749,0.797270162086982,0.881656764099622,0.881656764099622,"gpath_trio"
"18836","AD000090.1","Exc L3-4 RORB CUX2",-0.422042083460948,1.32467151701823,34.3012359487949,1.42088791047281e-08,2.37895548496174e-07,2.37895548496174e-07,"gpath_trio"
"18837","HAUS5","Exc L3-4 RORB CUX2",0.00696674241451109,2.49303085750035,0.0277461355534206,0.867836514955814,0.928591975032275,0.928591975032275,"gpath_trio"
"18838","RBM42","Exc L3-4 RORB CUX2",-0.0329320607638426,2.81360661536987,0.80406135560539,0.370711338529089,0.51894957360702,0.51894957360702,"gpath_trio"
"18839","COX6B1","Exc L3-4 RORB CUX2",-0.270644195758021,5.14670215521094,91.6248804198247,8.66187668734562e-19,1.89949306703476e-16,1.89949306703476e-16,"gpath_trio"
"18840","UPK1A","Exc L3-4 RORB CUX2",0.105516764968113,-0.664787421340134,0.827504774358238,0.36383752189865,0.511741634432882,0.511741634432882,"gpath_trio"
"18841","UPK1A-AS1","Exc L3-4 RORB CUX2",-0.0741823300476487,-1.13526737324047,0.251871934667055,0.616184774145688,0.742646338727328,0.742646338727328,"gpath_trio"
"18842","ZBTB32","Exc L3-4 RORB CUX2",-0.349175888513616,1.2208700280005,25.9152197909345,6.85130137969982e-07,7.36414519634757e-06,7.36414519634757e-06,"gpath_trio"
"18843","KMT2B","Exc L3-4 RORB CUX2",0.00135479421304879,4.69579648548263,0.00287321403572622,0.957293130026821,0.978696255961244,0.978696255961244,"gpath_trio"
"18844","AD000671.3","Exc L3-4 RORB CUX2",-0.00381053039531329,-0.701051610528071,0.00120990446870693,0.978111576686104,0.988597818728628,0.988597818728628,"gpath_trio"
"18845","HSPB6","Exc L3-4 RORB CUX2",0.122603424173379,0.526333462280127,2.08043983789652,0.150400680235238,0.261896575500253,0.261896575500253,"gpath_trio"
"18846","PROSER3","Exc L3-4 RORB CUX2",0.0271450655197422,3.26889507302259,0.771281853074392,0.380631620597321,0.528800643544343,0.528800643544343,"gpath_trio"
"18847","ARHGAP33","Exc L3-4 RORB CUX2",0.0328759176567099,4.24790565854729,1.23709649345685,0.267058688745299,0.405746595785557,0.405746595785557,"gpath_trio"
"18848","PRODH2","Exc L3-4 RORB CUX2",-0.141254420349226,-1.07274546071643,1.27853292665554,0.259213904761728,0.396881627766196,0.396881627766196,"gpath_trio"
"18849","NPHS1","Exc L3-4 RORB CUX2",-0.132149869739072,1.32915508030709,5.42121757911495,0.0206607564894574,0.0537011484896971,0.0537011484896971,"gpath_trio"
"18850","KIRREL2","Exc L3-4 RORB CUX2",-0.194271621076579,-1.00063498318684,2.07744180432393,0.150693794956892,0.262239448743026,0.262239448743026,"gpath_trio"
"18851","APLP1","Exc L3-4 RORB CUX2",-0.0660762932515617,7.00691976095987,6.8333417755731,0.00946899052847818,0.0282766258010727,0.0282766258010727,"gpath_trio"
"18852","NFKBID","Exc L3-4 RORB CUX2",0.0837663593197255,2.70772099044449,6.69305563990123,0.0102225857561266,0.0301389255633282,0.0301389255633282,"gpath_trio"
"18853","LRFN3","Exc L3-4 RORB CUX2",-0.049564644017561,3.15675550799656,2.28745231441697,0.131638344289613,0.236787053855469,0.236787053855469,"gpath_trio"
"18854","AF038458.3","Exc L3-4 RORB CUX2",0.103699491257963,2.26051871681745,6.96440191109888,0.00881668942964269,0.0266322367484715,0.0266322367484715,"gpath_trio"
"18855","AF038458.2","Exc L3-4 RORB CUX2",0.0263609572259705,1.2162723465116,0.218237852623264,0.640777125941609,0.762559931332034,0.762559931332034,"gpath_trio"
"18856","SDHAF1","Exc L3-4 RORB CUX2",-0.278020381591806,2.34050216206416,33.4583631017519,2.08443850096694e-08,3.32439104798483e-07,3.32439104798483e-07,"gpath_trio"
"18857","SYNE4","Exc L3-4 RORB CUX2",-0.0263919533312479,0.526280830887688,0.142841763213082,0.705780459567189,0.815434702311765,0.815434702311765,"gpath_trio"
"18858","ALKBH6","Exc L3-4 RORB CUX2",-0.116762301404817,3.75111105825065,14.7235338126732,0.000156332142279282,0.000857764745848384,0.000857764745848384,"gpath_trio"
"18859","AC002116.2","Exc L3-4 RORB CUX2",-0.230921345824973,2.20811870326062,23.8777928757926,1.79706533264071e-06,1.74390539134326e-05,1.74390539134326e-05,"gpath_trio"
"18860","CLIP3","Exc L3-4 RORB CUX2",-0.0542684065179281,6.27089292226019,4.12820643198731,0.0431908016591412,0.0980063461335253,0.0980063461335253,"gpath_trio"
"18861","THAP8","Exc L3-4 RORB CUX2",0.0698216077079283,2.35635570907214,2.99413335218612,0.0847531440043584,0.167871240353785,0.167871240353785,"gpath_trio"
"18862","WDR62","Exc L3-4 RORB CUX2",-0.0446816892971533,1.87716217371876,0.824326861127419,0.364758856141436,0.512787256822066,0.512787256822066,"gpath_trio"
"18863","POLR2I","Exc L3-4 RORB CUX2",-0.225707856720582,2.44285129586402,23.7918472030047,1.87207004542723e-06,1.80712981657868e-05,1.80712981657868e-05,"gpath_trio"
"18864","TBCB","Exc L3-4 RORB CUX2",-0.111416648442403,5.29308863411179,18.7149048430771,2.16593743248776e-05,0.00015441696340708,0.00015441696340708,"gpath_trio"
"18865","CAPNS1","Exc L3-4 RORB CUX2",-0.0719132087092392,5.38460631761825,6.26406986214794,0.0129353128886866,0.0366839945922481,0.0366839945922481,"gpath_trio"
"18866","AD001527.1","Exc L3-4 RORB CUX2",-0.240672269961264,-1.03465994027347,3.49907989870625,0.0625262945642316,0.131980329863295,0.131980329863295,"gpath_trio"
"18867","COX7A1","Exc L3-4 RORB CUX2",-0.437175474086978,2.23805760938256,30.8031845764075,7.03322476610955e-08,9.78588342456966e-07,9.78588342456966e-07,"gpath_trio"
"18868","ZNF565","Exc L3-4 RORB CUX2",-0.101044394291971,5.35134996117851,14.6990629322104,0.000158263903498146,0.000867420334983727,0.000867420334983727,"gpath_trio"
"18869","ZNF146","Exc L3-4 RORB CUX2",0.00295995955166795,4.92491262684424,0.018756090720416,0.891174028940324,0.943470174840032,0.943470174840032,"gpath_trio"
"18870","AC012617.1","Exc L3-4 RORB CUX2",0.0685316587648234,1.14934250942064,0.752093557313491,0.386613853264098,0.534681552618809,0.534681552618809,"gpath_trio"
"18871","LINC00665","Exc L3-4 RORB CUX2",-0.0228017593967767,4.21321249088766,0.430513451468917,0.512317333678528,0.653846293456749,0.653846293456749,"gpath_trio"
"18872","ZFP14","Exc L3-4 RORB CUX2",-0.0538782664107783,5.45926879198189,5.25113370366561,0.022732391346506,0.0580040114786087,0.0580040114786087,"gpath_trio"
"18873","ZFP82","Exc L3-4 RORB CUX2",0.027159751905597,4.74293662765647,1.42789078012476,0.2331978026303,0.365391796382546,0.365391796382546,"gpath_trio"
"18874","ZNF566","Exc L3-4 RORB CUX2",0.026142521942434,5.02684538956603,1.11027234876268,0.293000947068617,0.435646997354953,0.435646997354953,"gpath_trio"
"18875","AC092295.2","Exc L3-4 RORB CUX2",-0.126507229319417,-0.895368923472771,1.13417884152484,0.287873719291194,0.429829210087318,0.429829210087318,"gpath_trio"
"18876","ZNF260","Exc L3-4 RORB CUX2",-0.0867964219601138,3.92529925556545,6.90728143191838,0.00909509400177954,0.0273381289460522,0.0273381289460522,"gpath_trio"
"18877","AC092295.1","Exc L3-4 RORB CUX2",0.0183187578530804,1.21087113344849,0.106299116297366,0.744659786443719,0.844432531834173,0.844432531834173,"gpath_trio"
"18878","ZNF529","Exc L3-4 RORB CUX2",-0.0137985571429381,5.73643032213291,0.555319962919585,0.456825152949627,0.602500324296184,0.602500324296184,"gpath_trio"
"18879","ZNF529-AS1","Exc L3-4 RORB CUX2",0.00785959593745342,4.33715119248984,0.114935823328628,0.734866904287196,0.837184651029562,0.837184651029562,"gpath_trio"
"18880","ZNF382","Exc L3-4 RORB CUX2",0.0123540798051334,5.43737804752239,0.386064780361632,0.534919565147159,0.674016494417389,0.674016494417389,"gpath_trio"
"18881","ZNF461","Exc L3-4 RORB CUX2",-0.00657928581568139,4.39273433203313,0.0746047445572342,0.966397500779747,0.982613134277313,0.982613134277313,"gpath_trio"
"18882","AC074138.1","Exc L3-4 RORB CUX2",-0.0608647126700914,-0.462263083153006,0.389659542155864,0.533025733813783,0.672490412087616,0.672490412087616,"gpath_trio"
"18883","LINC01534","Exc L3-4 RORB CUX2",-0.140927151132268,0.449463683682965,4.20559000755804,0.0412933529915091,0.0946374413953989,0.0946374413953989,"gpath_trio"
"18884","ZNF567","Exc L3-4 RORB CUX2",0.028510163794928,4.04198630893686,1.21885977691351,0.270605215743033,0.410072837181551,0.410072837181551,"gpath_trio"
"18885","ZNF850","Exc L3-4 RORB CUX2",-0.124078971930543,1.55052135966765,5.53538736944317,0.0193812626083884,0.0509456003599153,0.0509456003599153,"gpath_trio"
"18886","AC020928.2","Exc L3-4 RORB CUX2",-0.278154675213881,0.192644892224321,10.7251523546979,0.00120040156955925,0.00495866127474569,0.00495866127474569,"gpath_trio"
"18887","AC020928.1","Exc L3-4 RORB CUX2",-0.00141707256727314,4.53053141515508,0.0020882953617268,0.963586139125082,0.981290715100122,0.981290715100122,"gpath_trio"
"18888","ZNF790","Exc L3-4 RORB CUX2",-0.0340693894619988,4.08038410676537,1.89281120258675,0.170069144152819,0.287437797041394,0.287437797041394,"gpath_trio"
"18889","ZNF345","Exc L3-4 RORB CUX2",0.0851072474077733,4.92430151312815,14.771264293593,0.000152632770182572,0.000840897361669411,0.000840897361669411,"gpath_trio"
"18890","ZNF829","Exc L3-4 RORB CUX2",0.0915411027613915,2.66707353817749,6.75968798141013,0.00985722001692807,0.0292455020355182,0.0292455020355182,"gpath_trio"
"18891","ZNF568","Exc L3-4 RORB CUX2",-0.000181944471532664,5.10161390884802,6.81373808677803e-05,0.993420237023651,0.996680753988371,0.996680753988371,"gpath_trio"
"18892","ZNF420","Exc L3-4 RORB CUX2",0.0732637021668762,5.44011980276755,7.90978684328003,0.00529177451215959,0.017447548746988,0.017447548746988,"gpath_trio"
"18893","AC010632.1","Exc L3-4 RORB CUX2",-0.0237574323236725,2.8332958898745,0.407295831835947,0.523906923752941,0.664350860258679,0.664350860258679,"gpath_trio"
"18894","AC012309.1","Exc L3-4 RORB CUX2",-0.0809258768175059,1.75833643742098,2.67437671463065,0.103185236922225,0.195838396510432,0.195838396510432,"gpath_trio"
"18895","ZNF585B","Exc L3-4 RORB CUX2",-0.0846851974865118,0.814528137164305,2.01257440503007,0.15719794917347,0.270787963163828,0.270787963163828,"gpath_trio"
"18896","ZNF383","Exc L3-4 RORB CUX2",-0.0297374499998921,3.89497450350257,1.29332337461342,0.256483349450833,0.393681647532756,0.393681647532756,"gpath_trio"
"18897","LINC01535","Exc L3-4 RORB CUX2",0.00484211520363739,3.57863724198456,0.0108207287007138,0.917231502277308,0.958110165915822,0.958110165915822,"gpath_trio"
"18898","AC016590.1","Exc L3-4 RORB CUX2",0.166880253883837,1.49495558205473,3.69465164310686,0.0556798819525674,0.119989491389986,0.119989491389986,"gpath_trio"
"18899","HKR1","Exc L3-4 RORB CUX2",0.00507217836691954,5.59975896601009,0.0955880467562228,0.757437411427906,0.854802247332215,0.854802247332215,"gpath_trio"
"18900","ZNF527","Exc L3-4 RORB CUX2",0.0537291127701994,2.84179146777497,2.86633288378908,0.0916484933299279,0.178320797852377,0.178320797852377,"gpath_trio"
"18901","ZNF569","Exc L3-4 RORB CUX2",0.0293279731491294,4.21491583791748,1.23507365945203,0.267449189877163,0.406248110658919,0.406248110658919,"gpath_trio"
"18902","ZNF570","Exc L3-4 RORB CUX2",0.0157217476822083,3.259730931694,0.263795842161872,0.730677948199487,0.833838316925428,0.833838316925428,"gpath_trio"
"18903","ZNF793-AS1","Exc L3-4 RORB CUX2",-0.0730526433641329,0.573233504785469,1.25170942746756,0.26425878627997,0.402736139386494,0.402736139386494,"gpath_trio"
"18904","ZNF793","Exc L3-4 RORB CUX2",0.0255825641640745,4.5381945155334,1.19079395346149,0.276179644665867,0.416405674548528,0.416405674548528,"gpath_trio"
"18905","ZNF540","Exc L3-4 RORB CUX2",-0.127182528864981,5.47179303922055,44.1064306451568,1.80804190785712e-10,4.79445436270082e-09,4.79445436270082e-09,"gpath_trio"
"18906","ZNF571","Exc L3-4 RORB CUX2",-0.00667608378482139,3.58545947487389,0.0600574658502722,0.806598443623792,0.888244445203849,0.888244445203849,"gpath_trio"
"18907","ZFP30","Exc L3-4 RORB CUX2",0.00320249341738346,5.04680777009773,0.0270757238214327,0.869428377976135,0.929605041373073,0.929605041373073,"gpath_trio"
"18908","AC093227.2","Exc L3-4 RORB CUX2",-0.0152682079506474,2.31592660538826,0.15070435080903,0.981292019378875,0.990522163955011,0.990522163955011,"gpath_trio"
"18909","ZNF607","Exc L3-4 RORB CUX2",-0.0273068753674106,-0.644953337613621,0.0609482594042366,0.805198219259045,0.887261678603486,0.887261678603486,"gpath_trio"
"18910","AC093227.1","Exc L3-4 RORB CUX2",0.0166379641531662,2.74683815952016,0.183016052915109,0.669148118735913,0.786121428725153,0.786121428725153,"gpath_trio"
"18911","ZNF573","Exc L3-4 RORB CUX2",0.013597075237984,5.15902772466504,0.439864553165789,0.507775402420653,0.649940917639683,0.649940917639683,"gpath_trio"
"18912","WDR87","Exc L3-4 RORB CUX2",-0.25108059410096,-0.49908799966873,6.28547417258957,0.012783729576809,0.0363307147784366,0.0363307147784366,"gpath_trio"
"18913","SIPA1L3","Exc L3-4 RORB CUX2",0.110090898550888,6.5063696301025,34.4313139103805,1.33945201163752e-08,2.25759768878754e-07,2.25759768878754e-07,"gpath_trio"
"18914","DPF1","Exc L3-4 RORB CUX2",0.0606046516365036,5.77997235347071,5.57371793609431,0.0189704159038123,0.0501281127517241,0.0501281127517241,"gpath_trio"
"18915","SPINT2","Exc L3-4 RORB CUX2",0.0507001449607575,2.59533774443463,2.1073898053821,0.147794698260152,0.258541406173465,0.258541406173465,"gpath_trio"
"18916","AC011479.1","Exc L3-4 RORB CUX2",0.137965655635469,1.44761128847162,5.97737556182078,0.0151548965786791,0.0418434430648489,0.0418434430648489,"gpath_trio"
"18917","YIF1B","Exc L3-4 RORB CUX2",-0.0727306498804478,3.85057635950898,9.16658429705588,0.00271246831654044,0.00989763940788631,0.00989763940788631,"gpath_trio"
"18918","KCNK6","Exc L3-4 RORB CUX2",0.15537278561738,1.48818561577249,7.76103937931147,0.00573160393483476,0.018668890762882,0.018668890762882,"gpath_trio"
"18919","CATSPERG","Exc L3-4 RORB CUX2",0.0800755140914184,3.39886303892411,5.08548534660182,0.0249589702902436,0.0625369132644889,0.0625369132644889,"gpath_trio"
"18920","PSMD8","Exc L3-4 RORB CUX2",-0.164839844269799,4.67282491121016,35.0709929157432,1.00247700592475e-08,1.74503654827712e-07,1.74503654827712e-07,"gpath_trio"
"18921","SPRED3","Exc L3-4 RORB CUX2",-0.203073709313151,2.90748999161297,7.36314016673394,0.00710238274658305,0.0222397286842019,0.0222397286842019,"gpath_trio"
"18922","FAM98C","Exc L3-4 RORB CUX2",0.0076506320129606,4.14972243152727,0.0774608697918722,0.946847163348781,0.974083052803376,0.974083052803376,"gpath_trio"
"18923","RASGRP4","Exc L3-4 RORB CUX2",-0.278559062156498,0.129866827158482,11.0648522395254,0.00100673293339384,0.00426608631195561,0.00426608631195561,"gpath_trio"
"18924","RYR1","Exc L3-4 RORB CUX2",0.0648551776970367,4.4800258329871,4.48004006398656,0.035243070265331,0.0831612798366144,0.0831612798366144,"gpath_trio"
"18925","MAP4K1","Exc L3-4 RORB CUX2",-0.0347168133223514,0.233014156430725,0.229019723351863,0.670710151145504,0.787543784155543,0.787543784155543,"gpath_trio"
"18926","AC008649.1","Exc L3-4 RORB CUX2",-0.112142240579696,-1.1676707643151,0.702582939547474,0.402687028213896,0.550906000828328,0.550906000828328,"gpath_trio"
"18927","EIF3K","Exc L3-4 RORB CUX2",-0.0133654709286268,5.44320027594069,0.35151377572935,0.553772782483886,0.6907769923295,0.6907769923295,"gpath_trio"
"18928","ACTN4","Exc L3-4 RORB CUX2",0.00092201632673217,7.06074865070587,0.00189804389247315,0.965283357889367,0.982154332998872,0.982154332998872,"gpath_trio"
"18929","AC008649.2","Exc L3-4 RORB CUX2",-0.333747530584252,-0.409648619579972,9.18567852736837,0.00268528398617468,0.00980731434125168,0.00980731434125168,"gpath_trio"
"18930","CAPN12","Exc L3-4 RORB CUX2",-0.064467430797481,1.25213229107131,0.992594337158903,0.320035405799627,0.465364761054453,0.465364761054453,"gpath_trio"
"18931","AC022144.1","Exc L3-4 RORB CUX2",-0.0542070545991377,0.0799784501203581,0.318717429821858,0.572866149238351,0.707231340159328,0.707231340159328,"gpath_trio"
"18932","LGALS4","Exc L3-4 RORB CUX2",-0.182860783962904,-0.29754303464445,3.90237403154607,0.0492753867587884,0.108993633138752,0.108993633138752,"gpath_trio"
"18933","ECH1","Exc L3-4 RORB CUX2",-0.150355807866106,3.37031842368145,16.1179211933639,7.79167296404215e-05,0.000470368049220678,0.000470368049220678,"gpath_trio"
"18934","HNRNPL","Exc L3-4 RORB CUX2",-0.00226481289136387,5.84011909367588,0.00609908570597306,0.937811243931969,0.969954279244247,0.969954279244247,"gpath_trio"
"18935","RINL","Exc L3-4 RORB CUX2",-0.117869564634611,1.74187159797774,5.34932614811169,0.0215113002040133,0.0555117014090519,0.0555117014090519,"gpath_trio"
"18936","SIRT2","Exc L3-4 RORB CUX2",0.0412401902907048,5.99440731808996,6.2158828065587,0.0132834145634408,0.037518254069357,0.037518254069357,"gpath_trio"
"18937","NFKBIB","Exc L3-4 RORB CUX2",0.0214267758124889,2.81201037886997,0.235532356134404,0.627860340728023,0.752202041222558,0.752202041222558,"gpath_trio"
"18938","CCER2","Exc L3-4 RORB CUX2",0.0415455113099073,2.30138507871885,0.715344257593474,0.398453017056936,0.546633321033842,0.546633321033842,"gpath_trio"
"18939","SARS2","Exc L3-4 RORB CUX2",-0.0950737822882137,2.00542568763439,3.56188082047144,0.0602345352907952,0.12801345723078,0.12801345723078,"gpath_trio"
"18940","AC011455.2","Exc L3-4 RORB CUX2",0.0599084464847775,-0.299035384476744,0.359101154849239,0.579165543931198,0.711958618621248,0.711958618621248,"gpath_trio"
"18941","MRPS12","Exc L3-4 RORB CUX2",-0.159049159976934,2.61930248813887,15.483209009939,0.000106888089417896,0.000618076011466335,0.000618076011466335,"gpath_trio"
"18942","FBXO17","Exc L3-4 RORB CUX2",0.165490736915964,4.25904690965435,15.6229045787966,9.96920122390717e-05,0.000582137871757821,0.000582137871757821,"gpath_trio"
"18943","FBXO27","Exc L3-4 RORB CUX2",0.110014005488758,5.37177280255101,19.7355345735855,1.3167580982195e-05,0.000101086737563084,0.000101086737563084,"gpath_trio"
"18944","ACP7","Exc L3-4 RORB CUX2",-0.0275682848792472,-0.693949460301005,0.036388263193895,0.848864778427704,0.915869667082675,0.915869667082675,"gpath_trio"
"18945","PAK4","Exc L3-4 RORB CUX2",0.0615533193075378,3.74125114553316,4.43072484113751,0.0362571696923742,0.0851260791974456,0.0851260791974456,"gpath_trio"
"18946","AC011443.1","Exc L3-4 RORB CUX2",-0.197282222267087,-0.506067452342207,2.38098627111398,0.124036173150177,0.225953028740842,0.225953028740842,"gpath_trio"
"18947","LRFN1","Exc L3-4 RORB CUX2",-0.0848435894425176,3.95791010483816,11.4353956569696,0.000831467521368849,0.00361839025962393,0.00361839025962393,"gpath_trio"
"18948","GMFG","Exc L3-4 RORB CUX2",0.0047951468328474,1.90374123031917,0.0101307768077926,0.919904474855949,0.959599542197158,0.959599542197158,"gpath_trio"
"18949","SAMD4B","Exc L3-4 RORB CUX2",0.0926409004327483,5.73755562137803,26.6949300182305,4.74880932294361e-07,5.31671632022128e-06,5.31671632022128e-06,"gpath_trio"
"18950","PAF1","Exc L3-4 RORB CUX2",-0.134252277647732,2.62143187859042,13.302008255916,0.000320246491382351,0.00160361701753262,0.00160361701753262,"gpath_trio"
"18951","MED29","Exc L3-4 RORB CUX2",-0.0637900547182853,4.17272340746348,7.16900934045415,0.00788944194765365,0.0242858546374599,0.0242858546374599,"gpath_trio"
"18952","PLEKHG2","Exc L3-4 RORB CUX2",-0.28986856223198,-0.199230920140645,9.19403126538372,0.00267347996971391,0.0097801375138673,0.0097801375138673,"gpath_trio"
"18953","RPS16","Exc L3-4 RORB CUX2",-0.218946427146259,4.11159058917192,39.4346789660972,1.41637150771782e-09,3.00792580717968e-08,3.00792580717968e-08,"gpath_trio"
"18954","SUPT5H","Exc L3-4 RORB CUX2",-0.0524402040591991,5.45789899517395,6.75177653167267,0.00989988666590664,0.0293461965155255,0.0293461965155255,"gpath_trio"
"18955","TIMM50","Exc L3-4 RORB CUX2",-0.0522654902448863,4.15935898185933,4.31519726159929,0.0387551274366571,0.0899028051091821,0.0899028051091821,"gpath_trio"
"18956","DLL3","Exc L3-4 RORB CUX2",-0.138862454123883,1.33418174095487,5.57271696194695,0.0189810288548334,0.0501442398697794,0.0501442398697794,"gpath_trio"
"18957","SELENOV","Exc L3-4 RORB CUX2",-0.0525223313265067,-1.10398451304687,0.157498420500147,0.691795729613166,0.804066070108632,0.804066070108632,"gpath_trio"
"18958","EID2B","Exc L3-4 RORB CUX2",-0.116649095205943,3.94055115891648,20.4854025843941,9.15167792896199e-06,7.30649395396945e-05,7.30649395396945e-05,"gpath_trio"
"18959","EID2","Exc L3-4 RORB CUX2",-0.15950466611166,3.3599651442303,20.7922276418955,7.88929286792564e-06,6.40964793532253e-05,6.40964793532253e-05,"gpath_trio"
"18960","AC005515.2","Exc L3-4 RORB CUX2",0.205769926186446,-1.48602036765285,1.03857292975553,0.309104571064495,0.453474747035063,0.453474747035063,"gpath_trio"
"18961","AC005393.1","Exc L3-4 RORB CUX2",0.11002471459389,0.551478499720164,2.15955569923313,0.142894590641972,0.251772678562601,0.251772678562601,"gpath_trio"
"18962","DYRK1B","Exc L3-4 RORB CUX2",-0.0218122657427372,3.56689467829196,0.648929409263058,0.421231790975831,0.569403777751249,0.569403777751249,"gpath_trio"
"18963","FBL","Exc L3-4 RORB CUX2",-0.0757643914354283,2.32755396128448,3.75514513896142,0.0920083670900025,0.178814064737578,0.178814064737578,"gpath_trio"
"18964","PSMC4","Exc L3-4 RORB CUX2",-0.154786699379508,3.72048974054436,31.8083819378322,4.43095051047443e-08,6.52038122165001e-07,6.52038122165001e-07,"gpath_trio"
"18965","ZNF546","Exc L3-4 RORB CUX2",0.109931214886933,3.74957280367728,16.6441008931165,6.00131921970884e-05,0.0003768335364383,0.0003768335364383,"gpath_trio"
"18966","ZNF780B","Exc L3-4 RORB CUX2",0.151434865914876,6.33901728583568,42.5587567349758,3.56124237520764e-10,8.72787172335244e-09,8.72787172335244e-09,"gpath_trio"
"18967","ZNF780A","Exc L3-4 RORB CUX2",0.0196197499112276,2.93652221303425,0.366362135821283,0.545521852630546,0.683766362874084,0.683766362874084,"gpath_trio"
"18968","MAP3K10","Exc L3-4 RORB CUX2",0.0363879414207112,5.31112125402781,3.16282280939951,0.0765012940618885,0.154930095131359,0.154930095131359,"gpath_trio"
"18969","TTC9B","Exc L3-4 RORB CUX2",-0.0806339966503099,5.32087822715823,4.22391313900811,0.0408571044793583,0.0938508576649269,0.0938508576649269,"gpath_trio"
"18970","CNTD2","Exc L3-4 RORB CUX2",0.217884265581073,1.49194444250534,13.0582604327833,0.000362433152221488,0.00177866427780796,0.00177866427780796,"gpath_trio"
"18971","AKT2","Exc L3-4 RORB CUX2",0.108832157561209,6.09620102043387,43.2847573909125,2.58994253935524e-10,6.62257170234372e-09,6.62257170234372e-09,"gpath_trio"
"18972","C19orf47","Exc L3-4 RORB CUX2",0.0101143835480239,2.70710700955875,0.104893763858456,0.746294501978514,0.845680272827259,0.845680272827259,"gpath_trio"
"18973","PLD3","Exc L3-4 RORB CUX2",0.00498658961663661,7.74394792137454,0.0669884329354246,0.795977951401284,0.880709398350385,0.880709398350385,"gpath_trio"
"18974","HIPK4","Exc L3-4 RORB CUX2",-0.369499829838409,3.04781824823492,39.0061564930129,1.71390750386165e-09,3.58693816290548e-08,3.58693816290548e-08,"gpath_trio"
"18975","PRX","Exc L3-4 RORB CUX2",-0.0609009630456338,0.660264403043822,0.835937507990388,0.361408321855771,0.509212437561294,0.509212437561294,"gpath_trio"
"18976","SERTAD1","Exc L3-4 RORB CUX2",-0.0340899717613283,-0.224046719018344,0.0884057106857901,0.76645124651078,0.860833596746367,0.860833596746367,"gpath_trio"
"18977","BLVRB","Exc L3-4 RORB CUX2",-0.032578562378899,3.45794287453731,0.801623217125341,0.371436609173712,0.519818675732279,0.519818675732279,"gpath_trio"
"18978","SPTBN4","Exc L3-4 RORB CUX2",0.097294359659194,8.8039290885463,38.2017968465267,2.45360023961848e-09,4.96005860063154e-08,4.96005860063154e-08,"gpath_trio"
"18979","SHKBP1","Exc L3-4 RORB CUX2",-0.138952601953952,1.66699964981331,5.82045467843063,0.0165335397409466,0.0448338930475266,0.0448338930475266,"gpath_trio"
"18980","LTBP4","Exc L3-4 RORB CUX2",0.00631453471816989,4.53403849699389,0.0384746441546935,0.844646335351733,0.912636022692867,0.912636022692867,"gpath_trio"
"18981","NUMBL","Exc L3-4 RORB CUX2",0.0256053061087115,5.1808899497968,0.687294163869916,0.407846679895268,0.556079392234035,0.556079392234035,"gpath_trio"
"18982","COQ8B","Exc L3-4 RORB CUX2",0.0516875116336023,3.84641263032176,3.32708369624808,0.0692954055532977,0.143241271212887,0.143241271212887,"gpath_trio"
"18983","ITPKC","Exc L3-4 RORB CUX2",0.0465778259089965,4.05876263339784,3.07812535877759,0.0805299141002211,0.161243649957519,0.161243649957519,"gpath_trio"
"18984","C19orf54","Exc L3-4 RORB CUX2",-0.140116404717288,-0.143548580657551,2.7309082216728,0.0996302991524844,0.190434986774171,0.190434986774171,"gpath_trio"
"18985","SNRPA","Exc L3-4 RORB CUX2",-0.0411511486117781,3.28706006379894,1.91739522309371,0.167331171942392,0.283761149360155,0.283761149360155,"gpath_trio"
"18986","RAB4B-EGLN2","Exc L3-4 RORB CUX2",-0.0201573383079276,0.501015695378578,0.0813626694711719,0.893244978226078,0.944693640466555,0.944693640466555,"gpath_trio"
"18987","AC008537.4","Exc L3-4 RORB CUX2",-0.241612777247541,0.693987389859921,14.2632190099794,0.000197031368911255,0.00105133770636989,0.00105133770636989,"gpath_trio"
"18988","AC008537.1","Exc L3-4 RORB CUX2",0.0679518979246367,6.15461229877228,3.3073479929888,0.0701211404916059,0.144563050216447,0.144563050216447,"gpath_trio"
"18989","AC008537.2","Exc L3-4 RORB CUX2",-0.337623873498615,0.443989484620241,14.6418768721701,0.000162873194894174,0.000888819774679459,0.000888819774679459,"gpath_trio"
"18990","HNRNPUL1","Exc L3-4 RORB CUX2",0.0442465291796214,4.99377584271548,6.16516707587337,0.0136602707089518,0.0383731497567672,0.0383731497567672,"gpath_trio"
"18991","TGFB1","Exc L3-4 RORB CUX2",-0.192286129377644,3.0111062687603,20.3210333951466,9.91011573179163e-06,7.84372635892099e-05,7.84372635892099e-05,"gpath_trio"
"18992","CCDC97","Exc L3-4 RORB CUX2",0.0961045937916418,2.52218551477311,7.38846412958582,0.00700584200522534,0.0219920433258785,0.0219920433258785,"gpath_trio"
"18993","AC011462.1","Exc L3-4 RORB CUX2",0.0746764737114228,0.861304582725391,1.32237449639086,0.504318645095825,0.646911792014768,0.646911792014768,"gpath_trio"
"18994","B9D2","Exc L3-4 RORB CUX2",-0.0596046761140012,0.964075303749725,1.02024322016077,0.613250311176308,0.740015851903942,0.740015851903942,"gpath_trio"
"18995","EXOSC5","Exc L3-4 RORB CUX2",-0.101627620488914,2.80406706018489,8.58553079834634,0.00368949837490792,0.0128315169304891,0.0128315169304891,"gpath_trio"
"18996","DMAC2","Exc L3-4 RORB CUX2",-0.127252536419337,3.89033957772142,19.3386695109459,1.5973492523444e-05,0.000119338810895934,0.000119338810895934,"gpath_trio"
"18997","AC243967.1","Exc L3-4 RORB CUX2",-0.0802049850867681,-0.202964824260133,0.782658919257568,0.377146544786799,0.525438760962962,0.525438760962962,"gpath_trio"
"18998","AC243967.2","Exc L3-4 RORB CUX2",-0.164550922617246,0.179399665819454,2.8385301735742,0.0932282319697506,0.180489356106873,0.180489356106873,"gpath_trio"
"18999","RPS19","Exc L3-4 RORB CUX2",-0.220138080694205,5.02013019040008,43.1136438508948,2.79161156097769e-10,7.07547276918654e-09,7.07547276918654e-09,"gpath_trio"
"19000","ARHGEF1","Exc L3-4 RORB CUX2",0.028810004224617,3.86298665336846,1.21807542230841,0.270759071544604,0.410194808771674,0.410194808771674,"gpath_trio"
"19001","AC010616.1","Exc L3-4 RORB CUX2",0.127402676914251,-0.499651608712616,1.42215273118838,0.242593758239706,0.376837644102314,0.376837644102314,"gpath_trio"
"19002","RABAC1","Exc L3-4 RORB CUX2",-0.192597117554945,5.05720537551151,26.3108032279533,5.68769458302939e-07,6.25677416644591e-06,6.25677416644591e-06,"gpath_trio"
"19003","AC010616.2","Exc L3-4 RORB CUX2",0.0838406826004144,2.69324050210843,5.66698187291019,0.0180081467135101,0.0480320412407543,0.0480320412407543,"gpath_trio"
"19004","GRIK5","Exc L3-4 RORB CUX2",0.109037787500049,6.29913456805098,29.4276714430638,1.32789134565439e-07,1.73624160068551e-06,1.73624160068551e-06,"gpath_trio"
"19005","ZNF574","Exc L3-4 RORB CUX2",-0.0179237692902569,2.1615187311604,0.163338045543885,0.686433899012541,0.799676862950572,0.799676862950572,"gpath_trio"
"19006","POU2F2","Exc L3-4 RORB CUX2",0.0774403340459962,5.65899026209493,8.99637175855394,0.00296759010441541,0.0106877066547428,0.0106877066547428,"gpath_trio"
"19007","DEDD2","Exc L3-4 RORB CUX2",-0.0297309607434671,3.55434775506676,0.887079171811926,0.347144311704427,0.494188293016993,0.494188293016993,"gpath_trio"
"19008","ZNF526","Exc L3-4 RORB CUX2",-0.0177047486291918,1.88426513868958,0.193710363470754,0.692983126134936,0.805028765461642,0.805028765461642,"gpath_trio"
"19009","GSK3A","Exc L3-4 RORB CUX2",-0.0370131304938412,5.26737806029916,1.78477537467842,0.182732153723261,0.304026158780042,0.304026158780042,"gpath_trio"
"19010","CIC","Exc L3-4 RORB CUX2",-0.00644480863162156,3.8287108668546,0.0457230626089012,0.830847590303671,0.903507881341027,0.903507881341027,"gpath_trio"
"19011","PAFAH1B3","Exc L3-4 RORB CUX2",-0.0976858578051299,2.81447301032715,5.5590881072115,0.0191261464689951,0.0504603118885807,0.0504603118885807,"gpath_trio"
"19012","PRR19","Exc L3-4 RORB CUX2",-0.0431970550841921,-0.137123775892538,0.280657125251409,0.596722907213504,0.726459368394427,0.726459368394427,"gpath_trio"
"19013","TMEM145","Exc L3-4 RORB CUX2",0.0176966282984432,5.10869218762904,0.587878303337558,0.443936341303899,0.590403143428225,0.590403143428225,"gpath_trio"
"19014","MEGF8","Exc L3-4 RORB CUX2",0.00188183618482283,5.72489482733735,0.00989611182262802,0.920834455323472,0.959681325177686,0.959681325177686,"gpath_trio"
"19015","CNFN","Exc L3-4 RORB CUX2",-0.201332992666696,-1.31763508905514,1.52849506873655,0.217454110807039,0.346946357100199,0.346946357100199,"gpath_trio"
"19016","LIPE-AS1","Exc L3-4 RORB CUX2",0.0452564551038612,5.99677153393299,2.69539797502709,0.101847300655729,0.19382787385429,0.19382787385429,"gpath_trio"
"19017","LIPE","Exc L3-4 RORB CUX2",-0.0806389950746933,2.81896909089967,5.23412664736094,0.0229511255288311,0.058471897656796,0.058471897656796,"gpath_trio"
"19018","CXCL17","Exc L3-4 RORB CUX2",-0.383268642248561,0.578730047074268,24.1987363152626,1.54282655071557e-06,1.53143008572851e-05,1.53143008572851e-05,"gpath_trio"
"19019","CEACAM1","Exc L3-4 RORB CUX2",-0.369535385037199,1.69869009139522,42.8160551637666,3.18082465746626e-10,7.92260956350393e-09,7.92260956350393e-09,"gpath_trio"
"19020","PSG8","Exc L3-4 RORB CUX2",-0.189181607041959,1.36326114357578,8.58015564895222,0.0037000513543932,0.01285492269242,0.01285492269242,"gpath_trio"
"19021","PSG8-AS1","Exc L3-4 RORB CUX2",-0.0620447177789126,1.70696890145847,0.934789648503135,0.334519866758194,0.48098811588238,0.48098811588238,"gpath_trio"
"19022","PSG1","Exc L3-4 RORB CUX2",-0.3734342627915,-1.06650280323579,8.24363725636012,0.00493127311205809,0.0164091101823803,0.0164091101823803,"gpath_trio"
"19023","PSG6","Exc L3-4 RORB CUX2",-0.512776918056572,-0.928382935229638,16.5757991890896,6.20787307201349e-05,0.000387992067000843,0.000387992067000843,"gpath_trio"
"19024","AC004784.1","Exc L3-4 RORB CUX2",-0.0635000498461844,4.87312156308608,2.01490155974886,0.156959141640319,0.270445869211157,0.270445869211157,"gpath_trio"
"19025","PSG11","Exc L3-4 RORB CUX2",-0.481267708544762,-0.32086193279264,19.8288670817119,1.25835652948744e-05,9.72322596032517e-05,9.72322596032517e-05,"gpath_trio"
"19026","PSG2","Exc L3-4 RORB CUX2",-0.66667314907921,-0.585544676437643,29.864277998008,1.08485760293637e-07,1.44468660985091e-06,1.44468660985091e-06,"gpath_trio"
"19027","PSG4","Exc L3-4 RORB CUX2",-0.500329880713701,-0.0331494642588731,9.80115924792455,0.00194310899136955,0.00744581650539046,0.00744581650539046,"gpath_trio"
"19028","PSG9","Exc L3-4 RORB CUX2",0.0556760623363549,0.837760729414177,0.605206494960295,0.437305698125686,0.584594862129093,0.584594862129093,"gpath_trio"
"19029","TEX101","Exc L3-4 RORB CUX2",-0.143403898439759,0.552165272222506,3.18388531365948,0.0755336871234219,0.153556241204659,0.153556241204659,"gpath_trio"
"19030","PHLDB3","Exc L3-4 RORB CUX2",0.126663919215492,2.8401521006848,8.21199288383542,0.00450169071624544,0.0151622053756681,0.0151622053756681,"gpath_trio"
"19031","ETHE1","Exc L3-4 RORB CUX2",0.0474250762839355,3.3269698194065,2.37918637204162,0.124177748487981,0.226088446507085,0.226088446507085,"gpath_trio"
"19032","ZNF575","Exc L3-4 RORB CUX2",-0.136013824204822,1.04270276741609,6.69914514161305,0.0149645786969418,0.0414086373900425,0.0414086373900425,"gpath_trio"
"19033","XRCC1","Exc L3-4 RORB CUX2",0.0202341851684241,3.11183230408808,0.375517942256061,0.698521965231065,0.809505465479736,0.809505465479736,"gpath_trio"
"19034","L34079.1","Exc L3-4 RORB CUX2",0.086476964723924,0.194657528048661,1.03968780485851,0.424109537772044,0.572335112010099,0.572335112010099,"gpath_trio"
"19035","PINLYP","Exc L3-4 RORB CUX2",-0.117388622191027,0.517071468552163,2.93138919027496,0.0880650289755829,0.173050741169026,0.173050741169026,"gpath_trio"
"19036","IRGQ","Exc L3-4 RORB CUX2",0.055410949755706,-0.391932556408404,0.375279877371937,0.589922773740824,0.721139842475832,0.721139842475832,"gpath_trio"
"19037","SRRM5","Exc L3-4 RORB CUX2",0.0317601840768934,1.08625528831719,0.329245696502698,0.566599594401188,0.701814023639733,0.701814023639733,"gpath_trio"
"19038","ZNF428","Exc L3-4 RORB CUX2",-0.271429109185179,4.69928562711573,89.0527559221993,2.2729135288842e-18,4.48188098031262e-16,4.48188098031262e-16,"gpath_trio"
"19039","CADM4","Exc L3-4 RORB CUX2",-0.0237316637324154,3.603354023337,0.618301720250282,0.432395132044431,0.57979341944679,0.57979341944679,"gpath_trio"
"19040","PLAUR","Exc L3-4 RORB CUX2",-0.0117151436448063,1.76968767527401,0.0394054628222179,0.842802680376608,0.911473818096922,0.911473818096922,"gpath_trio"
"19041","SMG9","Exc L3-4 RORB CUX2",0.107333688494536,4.91150198361945,31.4706239867777,5.17396144996051e-08,7.45604801806809e-07,7.45604801806809e-07,"gpath_trio"
"19042","KCNN4","Exc L3-4 RORB CUX2",0.05481972458615,1.02797163268524,0.426681557987322,0.514198957329442,0.655501324663306,0.655501324663306,"gpath_trio"
"19043","AC115522.1","Exc L3-4 RORB CUX2",-0.0541103275197242,1.20344411896585,0.868812810204421,0.756002888711054,0.853797669636395,0.853797669636395,"gpath_trio"
"19044","LYPD5","Exc L3-4 RORB CUX2",0.0494605074054752,3.87960873708282,2.67230748071141,0.10331797904643,0.196035006795987,0.196035006795987,"gpath_trio"
"19045","ZNF283","Exc L3-4 RORB CUX2",0.0570285682611549,4.04819110574372,6.40465384598545,0.0119726603344494,0.0343498893981111,0.0343498893981111,"gpath_trio"
"19046","ZNF404","Exc L3-4 RORB CUX2",-0.0372331795070178,2.69181304402229,0.970163765340198,0.325555008372365,0.471218508352769,0.471218508352769,"gpath_trio"
"19047","AC006213.2","Exc L3-4 RORB CUX2",-0.24904863217507,1.35042258532668,7.41663020374487,0.00690005036444895,0.0217207857860442,0.0217207857860442,"gpath_trio"
"19048","AC006213.3","Exc L3-4 RORB CUX2",0.0406036889001517,3.59848016508344,0.949737652051479,0.330691879973553,0.477061757487768,0.477061757487768,"gpath_trio"
"19049","ZNF45","Exc L3-4 RORB CUX2",-0.0121058235610371,2.26366076556634,0.0746106592121955,0.784955115790724,0.874073819465606,0.874073819465606,"gpath_trio"
"19050","ZNF221","Exc L3-4 RORB CUX2",0.123248808372851,1.9848601411379,5.84684866448784,0.0162928520370063,0.0442824046674663,0.0442824046674663,"gpath_trio"
"19051","ZNF155","Exc L3-4 RORB CUX2",0.105492120724965,4.9925933003298,12.2812054681714,0.000538607849143755,0.00249860044986784,0.00249860044986784,"gpath_trio"
"19052","AC006213.1","Exc L3-4 RORB CUX2",-0.107641424732531,-0.804365908392637,0.855057041721992,0.355983047715848,0.503714264810438,0.503714264810438,"gpath_trio"
"19053","ZNF230","Exc L3-4 RORB CUX2",-0.0911406746255786,2.38555017840607,5.06475675254283,0.0252532181974064,0.0631721856333137,0.0631721856333137,"gpath_trio"
"19054","AC067968.1","Exc L3-4 RORB CUX2",-0.0363124501493451,1.6881387483417,0.565061779809364,0.452907823338211,0.599017656735833,0.599017656735833,"gpath_trio"
"19055","ZNF284","Exc L3-4 RORB CUX2",-0.114757567656483,1.04717567905038,2.89256030819887,0.0901850314668347,0.176186986524972,0.176186986524972,"gpath_trio"
"19056","ZNF224","Exc L3-4 RORB CUX2",0.0184659124907412,4.91367115864091,0.778453825085657,0.378429389504472,0.526611459046263,0.526611459046263,"gpath_trio"
"19057","AC021092.1","Exc L3-4 RORB CUX2",-0.124197974585871,1.00359220224694,3.47752535765005,0.0633342641130074,0.13326749879849,0.13326749879849,"gpath_trio"
"19058","ZNF225","Exc L3-4 RORB CUX2",-0.0404833450083698,2.04110507905458,1.23113370044793,0.268211839742031,0.407161314281074,0.407161314281074,"gpath_trio"
"19059","ZNF234","Exc L3-4 RORB CUX2",-0.00213280762293346,3.06956300131246,0.00404372302807661,0.949345335455084,0.975146838326851,0.975146838326851,"gpath_trio"
"19060","ZNF226","Exc L3-4 RORB CUX2",-0.00163142359011219,3.95551455566748,0.00333623159315743,0.953984068335282,0.97734499279298,0.97734499279298,"gpath_trio"
"19061","ZNF227","Exc L3-4 RORB CUX2",0.0320291129844981,3.7120051974717,1.47313387748974,0.468648082997518,0.614039165766654,0.614039165766654,"gpath_trio"
"19062","ZNF235","Exc L3-4 RORB CUX2",0.0419245038891443,5.76783298595852,4.79621679311453,0.0294108887449892,0.0714983347909575,0.0714983347909575,"gpath_trio"
"19063","ZNF233","Exc L3-4 RORB CUX2",0.036608812505413,3.01732629023602,1.19282886983279,0.275770633594518,0.415913323822188,0.415913323822188,"gpath_trio"
"19064","ZNF112","Exc L3-4 RORB CUX2",0.0159842352042714,1.67414241024785,0.0974844806146149,0.876513935531434,0.934097607855533,0.934097607855533,"gpath_trio"
"19065","AC245748.1","Exc L3-4 RORB CUX2",-0.0674410441822168,0.730949731671011,0.99531193555518,0.319375101993813,0.464658018551885,0.464658018551885,"gpath_trio"
"19066","ZNF229","Exc L3-4 RORB CUX2",0.165659486667589,-0.201366544080052,1.63465313427129,0.202200721415665,0.328427626967317,0.328427626967317,"gpath_trio"
"19067","ZNF180","Exc L3-4 RORB CUX2",0.0180477817830182,2.774694990337,0.244902915381401,0.62110509914777,0.746636201829605,0.746636201829605,"gpath_trio"
"19068","IGSF23","Exc L3-4 RORB CUX2",-0.230035655479909,-0.403854841410584,3.98131613479795,0.0470510824795077,0.105041007969909,0.105041007969909,"gpath_trio"
"19069","AC243964.2","Exc L3-4 RORB CUX2",-0.448611030170295,3.05118606020895,100.09534695644,3.802085218142e-20,1.19854795743773e-17,1.19854795743773e-17,"gpath_trio"
"19070","PVR","Exc L3-4 RORB CUX2",0.0879182427740066,2.44381237621016,5.22128441800631,0.02311774864812,0.0587914287334807,0.0587914287334807,"gpath_trio"
"19071","CEACAM19","Exc L3-4 RORB CUX2",0.0273377628762457,4.48401988762384,1.05548850311759,0.305201220198542,0.449123124418565,0.449123124418565,"gpath_trio"
"19072","BCL3","Exc L3-4 RORB CUX2",-0.0161503719177621,0.343461371272448,0.0491006675302065,0.886730080557766,0.940577254219397,0.940577254219397,"gpath_trio"
"19073","CBLC","Exc L3-4 RORB CUX2",-0.0383555575000446,-0.430294381809032,0.160223144437984,0.689279832853328,0.801927260700991,0.801927260700991,"gpath_trio"
"19074","NECTIN2","Exc L3-4 RORB CUX2",-0.123224282898417,0.303299299226822,2.44741063406547,0.118935172359063,0.218696781295513,0.218696781295513,"gpath_trio"
"19075","AC011481.2","Exc L3-4 RORB CUX2",0.0394261517533255,-0.386898868908485,0.203499100159598,0.652287172369073,0.772022392499475,0.772022392499475,"gpath_trio"
"19076","TOMM40","Exc L3-4 RORB CUX2",-0.0966223675362798,4.32076972041961,16.8711117688181,5.36350092997903e-05,0.000342540776392298,0.000342540776392298,"gpath_trio"
"19077","APOE","Exc L3-4 RORB CUX2",0.0293661443838651,0.679062054233729,0.0184461874387972,0.892071247255392,0.944058823614012,0.944058823614012,"gpath_trio"
"19078","AC011481.1","Exc L3-4 RORB CUX2",0.0393764501034256,1.2316389544373,0.440367159528068,0.507533254591916,0.649795875833982,0.649795875833982,"gpath_trio"
"19079","CLPTM1","Exc L3-4 RORB CUX2",0.0177306429690359,5.798695870988,1.03277541461875,0.396926664167909,0.545095327042922,0.545095327042922,"gpath_trio"
"19080","RELB","Exc L3-4 RORB CUX2",-0.174995822087701,1.75975055987263,9.60850479804248,0.00214965510574039,0.00811905275245386,0.00811905275245386,"gpath_trio"
"19081","CLASRP","Exc L3-4 RORB CUX2",0.0535052072080198,5.78735909318452,11.0518528964589,0.00101352333987797,0.00428765640218874,0.00428765640218874,"gpath_trio"
"19082","ZNF296","Exc L3-4 RORB CUX2",-0.0797090314645742,0.0620269253968352,0.96561253901831,0.335457750530281,0.481947309577816,0.481947309577816,"gpath_trio"
"19083","GEMIN7-AS1","Exc L3-4 RORB CUX2",-0.0666031638102886,3.37575630191711,3.08931668785144,0.0799846640103276,0.160454469166586,0.160454469166586,"gpath_trio"
"19084","MARK4","Exc L3-4 RORB CUX2",0.101674699061857,6.16931610158415,59.756129199094,2.35162625945007e-13,1.28227188606501e-11,1.28227188606501e-11,"gpath_trio"
"19085","NKPD1","Exc L3-4 RORB CUX2",-0.14218798353467,1.10387949597844,3.75382242293834,0.0537698104448867,0.116708544994684,0.116708544994684,"gpath_trio"
"19086","TRAPPC6A","Exc L3-4 RORB CUX2",-0.0596884294038272,2.64985986951879,2.73315778212342,0.0994916493739371,0.190242064839274,0.190242064839274,"gpath_trio"
"19087","EXOC3L2","Exc L3-4 RORB CUX2",-0.26633187098988,1.43242646796154,11.0346698348679,0.00102257081929406,0.00432230594579041,0.00432230594579041,"gpath_trio"
"19088","CKM","Exc L3-4 RORB CUX2",-0.101454131178815,-0.297489237634638,1.17595292705551,0.279185935504446,0.419733806622028,0.419733806622028,"gpath_trio"
"19089","KLC3","Exc L3-4 RORB CUX2",0.166111015890119,-0.00271867646125998,2.63181194653286,0.105954007824516,0.199871164830258,0.199871164830258,"gpath_trio"
"19090","ERCC2","Exc L3-4 RORB CUX2",0.0105485487035631,3.68939514057858,0.136237470352329,0.712350899830241,0.820460576594733,0.820460576594733,"gpath_trio"
"19091","PPP1R13L","Exc L3-4 RORB CUX2",0.0664162878367606,0.779414723615444,1.18574768035093,0.277197237498065,0.417503118068194,0.417503118068194,"gpath_trio"
"19092","CD3EAP","Exc L3-4 RORB CUX2",-0.0547914282840106,1.93302877635599,1.23909302782432,0.477562508490135,0.621601523147643,0.621601523147643,"gpath_trio"
"19093","ERCC1","Exc L3-4 RORB CUX2",0.0489329623899806,5.1635895286719,5.90349797714754,0.0157884607206611,0.0432201078750799,0.0432201078750799,"gpath_trio"
"19094","FOSB","Exc L3-4 RORB CUX2",-0.141270599410059,2.05872592057583,5.90530993881267,0.0157725974236327,0.0431884029616979,0.0431884029616979,"gpath_trio"
"19095","RTN2","Exc L3-4 RORB CUX2",0.0400775619198452,5.05465514336284,3.72979257422895,0.0545369467006653,0.118030776623678,0.118030776623678,"gpath_trio"
"19096","PPM1N","Exc L3-4 RORB CUX2",0.139694287341129,1.69553719514652,8.08762554339086,0.00481105518934631,0.0160620616324776,0.0160620616324776,"gpath_trio"
"19097","VASP","Exc L3-4 RORB CUX2",0.0779803073779988,2.52079077912198,4.42689170584446,0.0660081169286788,0.13775874201263,0.13775874201263,"gpath_trio"
"19098","OPA3","Exc L3-4 RORB CUX2",0.051237034662841,4.08459933264241,4.68332860539422,0.0313673337316208,0.0754895888822983,0.0754895888822983,"gpath_trio"
"19099","EML2","Exc L3-4 RORB CUX2",0.0525023782389728,5.96725877438934,8.87266461099992,0.00316830601457597,0.0112834199195181,0.0112834199195181,"gpath_trio"
"19100","SNRPD2","Exc L3-4 RORB CUX2",-0.217990729066979,4.18081896112529,43.9587479566171,1.92852891434499e-10,5.07276021472101e-09,5.07276021472101e-09,"gpath_trio"
"19101","QPCTL","Exc L3-4 RORB CUX2",0.0742887313615039,3.30209609025532,4.79747114339111,0.0293898831829728,0.0714644923727221,0.0714644923727221,"gpath_trio"
"19102","FBXO46","Exc L3-4 RORB CUX2",0.0909741070025421,3.73857720577477,11.806467176363,0.000686975255346527,0.00307993906147026,0.00307993906147026,"gpath_trio"
"19103","BHMG1","Exc L3-4 RORB CUX2",-0.101360423646074,0.306366810674084,1.63757193671944,0.201799610564213,0.328013788521833,0.328013788521833,"gpath_trio"
"19104","DMPK","Exc L3-4 RORB CUX2",0.0545071988641143,4.78567753461807,5.18283740186009,0.0236241725440541,0.0597190428613322,0.0597190428613322,"gpath_trio"
"19105","DMWD","Exc L3-4 RORB CUX2",-0.00408328944652649,0.843869578061548,0.00390069414376739,0.950248053231869,0.975639335814786,0.975639335814786,"gpath_trio"
"19106","RSPH6A","Exc L3-4 RORB CUX2",-0.0186185605639647,0.361917094680196,0.0649242157350761,0.799077211769042,0.882702257643213,0.882702257643213,"gpath_trio"
"19107","SYMPK","Exc L3-4 RORB CUX2",0.00349333810568464,5.71113210087947,0.052196152791805,0.81946451915376,0.896410078331643,0.896410078331643,"gpath_trio"
"19108","IRF2BP1","Exc L3-4 RORB CUX2",-0.154299362693064,2.61923964094265,11.5968190678606,0.000765149212603002,0.00337344522820489,0.00337344522820489,"gpath_trio"
"19109","MYPOP","Exc L3-4 RORB CUX2",-0.00616010883936712,4.06729307348519,0.0732376002028731,0.808183821337016,0.889157958812372,0.889157958812372,"gpath_trio"
"19110","NOVA2","Exc L3-4 RORB CUX2",0.0929603556009476,6.13941732934155,22.737527958668,3.09594987915935e-06,2.81862765397292e-05,2.81862765397292e-05,"gpath_trio"
"19111","CCDC61","Exc L3-4 RORB CUX2",0.0724317751802731,2.94032071984098,3.77888246630128,0.0529820218406951,0.11538917005926,0.11538917005926,"gpath_trio"
"19112","PGLYRP1","Exc L3-4 RORB CUX2",-0.29018245799439,1.21103321813202,16.7691266275034,5.64108130735021e-05,0.000357066177856851,0.000357066177856851,"gpath_trio"
"19113","AC007785.3","Exc L3-4 RORB CUX2",0.0224982041840241,2.85332866323812,0.351292959773248,0.553897254565448,0.690830681927418,0.690830681927418,"gpath_trio"
"19114","IGFL4","Exc L3-4 RORB CUX2",0.0497018587111317,4.50303671972136,1.08086304896078,0.299470371908347,0.442818436913728,0.442818436913728,"gpath_trio"
"19115","AC007785.1","Exc L3-4 RORB CUX2",0.0702608946265568,4.47533819364839,2.71954844586308,0.100333698371714,0.191471090110606,0.191471090110606,"gpath_trio"
"19116","AC006262.2","Exc L3-4 RORB CUX2",-0.259502552816644,0.0643926058335337,7.89478933204052,0.00533450469817722,0.0175769446816471,0.0175769446816471,"gpath_trio"
"19117","IGFL2-AS1","Exc L3-4 RORB CUX2",-0.261727281801592,-0.0489099177163602,5.83345732675469,0.0164145103227028,0.0445770286391882,0.0445770286391882,"gpath_trio"
"19118","PPP5C","Exc L3-4 RORB CUX2",0.0154853682394459,5.25031894159524,0.681802851705168,0.40972359434266,0.557984178596866,0.557984178596866,"gpath_trio"
"19119","PNMA8C","Exc L3-4 RORB CUX2",-0.136842927832974,4.14939688180985,20.8996336730022,7.49027952845046e-06,6.11065060600437e-05,6.11065060600437e-05,"gpath_trio"
"19120","PNMA8A","Exc L3-4 RORB CUX2",-0.124331092327191,5.27652058817051,17.4671969490129,3.99619861408397e-05,0.000264859747171959,0.000264859747171959,"gpath_trio"
"19121","PPP5D1","Exc L3-4 RORB CUX2",0.0532491284679138,3.85431196089742,3.66487309591815,0.0566684185185767,0.121677878204798,0.121677878204798,"gpath_trio"
"19122","CALM3","Exc L3-4 RORB CUX2",-0.162735897352384,8.1326140996073,36.4546032927613,5.37008890686878e-09,1.00720286803567e-07,1.00720286803567e-07,"gpath_trio"
"19123","AC093503.2","Exc L3-4 RORB CUX2",-0.295251704026806,0.276505711446118,6.8492892889086,0.00938702849994702,0.0280692604100239,0.0280692604100239,"gpath_trio"
"19124","PTGIR","Exc L3-4 RORB CUX2",0.3556837417437,-1.1484842554753,6.65848100713722,0.0104176484712674,0.0305933126503375,0.0305933126503375,"gpath_trio"
"19125","DACT3","Exc L3-4 RORB CUX2",-0.0512281799940297,3.61783010913352,2.7044768465712,0.101275368909499,0.192903226935752,0.192903226935752,"gpath_trio"
"19126","DACT3-AS1","Exc L3-4 RORB CUX2",0.0889912940745433,2.87736845794347,4.92428671079312,0.0273452548762297,0.0673285961835408,0.0673285961835408,"gpath_trio"
"19127","PRKD2","Exc L3-4 RORB CUX2",0.0696838045488031,3.30144674322156,2.20677179328868,0.138617380942255,0.246093423135338,0.246093423135338,"gpath_trio"
"19128","STRN4","Exc L3-4 RORB CUX2",0.00153419492923793,4.80781877258434,0.00633957065335968,0.936599604666436,0.969296122019222,0.969296122019222,"gpath_trio"
"19129","FKRP","Exc L3-4 RORB CUX2",-0.00889010924873262,3.98068169385408,0.076627823732152,0.782140322242873,0.872046476996405,0.872046476996405,"gpath_trio"
"19130","AP2S1","Exc L3-4 RORB CUX2",-0.138715829708031,5.11777238025231,27.2391717254106,3.67971763135051e-07,4.26411850732318e-06,4.26411850732318e-06,"gpath_trio"
"19131","ARHGAP35","Exc L3-4 RORB CUX2",0.0501294555383846,6.5061364737095,9.65734309483239,0.00209526228584906,0.00793504541894208,0.00793504541894208,"gpath_trio"
"19132","NPAS1","Exc L3-4 RORB CUX2",-0.0468176931423447,3.29666326622131,1.31934969566365,0.251764398400667,0.388203863179178,0.388203863179178,"gpath_trio"
"19133","TMEM160","Exc L3-4 RORB CUX2",-0.288957033851464,5.36462369044196,65.3384722117039,2.39414334509094e-14,1.65417267079486e-12,1.65417267079486e-12,"gpath_trio"
"19134","ZC3H4","Exc L3-4 RORB CUX2",0.0497967353020035,3.93889098770405,3.47755302262784,0.0633332199482368,0.13326749879849,0.13326749879849,"gpath_trio"
"19135","SAE1","Exc L3-4 RORB CUX2",-0.00221053754221705,5.3387286173391,0.0138566943055895,0.906384791020242,0.952400115291598,0.952400115291598,"gpath_trio"
"19136","BBC3","Exc L3-4 RORB CUX2",-0.0420793533147171,2.92161284423047,0.846297080364616,0.358454686367849,0.506146647359418,0.506146647359418,"gpath_trio"
"19137","CCDC9","Exc L3-4 RORB CUX2",-0.043986926635606,2.49545629538725,1.57104360202959,0.214447677979235,0.343017672499093,0.343017672499093,"gpath_trio"
"19138","INAFM1","Exc L3-4 RORB CUX2",-0.149290310349127,3.34527375610904,16.1941435649679,7.50208030225397e-05,0.000455064552309002,0.000455064552309002,"gpath_trio"
"19139","C5AR1","Exc L3-4 RORB CUX2",0.24545685372285,2.94858575449956,26.196978447172,6.00040646383025e-07,6.56497833013965e-06,6.56497833013965e-06,"gpath_trio"
"19140","DHX34","Exc L3-4 RORB CUX2",0.0470996267658578,4.43598100276338,3.95191608911723,0.0478667508484493,0.106402787391744,0.106402787391744,"gpath_trio"
"19141","MEIS3","Exc L3-4 RORB CUX2",-0.0385081740548352,5.57957017966818,0.510115370079623,0.475729607203202,0.620168524473544,0.620168524473544,"gpath_trio"
"19142","SLC8A2","Exc L3-4 RORB CUX2",0.0459614933188152,6.43009910503417,4.48486320906794,0.0351455047191299,0.0829795854544701,0.0829795854544701,"gpath_trio"
"19143","KPTN","Exc L3-4 RORB CUX2",-0.0592089551639944,2.51144268144914,2.27616721508691,0.132590340162167,0.238180937830267,0.238180937830267,"gpath_trio"
"19144","NAPA-AS1","Exc L3-4 RORB CUX2",-0.165999800541388,1.38116860382947,7.75824309246224,0.0057402225414486,0.0186879118563378,0.0186879118563378,"gpath_trio"
"19145","NAPA","Exc L3-4 RORB CUX2",-0.0154140805052603,5.92543338361035,0.542895270879887,0.46189961497517,0.607596080817303,0.607596080817303,"gpath_trio"
"19146","ZNF541","Exc L3-4 RORB CUX2",-0.0347079236361203,2.42504442075479,0.602703947339281,0.458764558789683,0.604504929369855,0.604504929369855,"gpath_trio"
"19147","AC010519.1","Exc L3-4 RORB CUX2",0.0837374035233367,-0.579305788278015,0.619368556457057,0.431998792031629,0.579338980938455,0.579338980938455,"gpath_trio"
"19148","AC010331.1","Exc L3-4 RORB CUX2",-0.120645233005058,1.49221757687867,4.37525972628712,0.037434562999931,0.0874527916308023,0.0874527916308023,"gpath_trio"
"19149","BICRA-AS1","Exc L3-4 RORB CUX2",-0.244106112726771,0.772515047597672,11.66898956215,0.000737265217604295,0.00326764625772554,0.00326764625772554,"gpath_trio"
"19150","EHD2","Exc L3-4 RORB CUX2",-0.0730445008861318,1.14043504062759,1.18339120127103,0.596070299574019,0.72599887056438,0.72599887056438,"gpath_trio"
"19151","NOP53","Exc L3-4 RORB CUX2",-0.107192660870007,2.418586077399,6.52967529320285,0.0201865325070379,0.0527543126074469,0.0527543126074469,"gpath_trio"
"19152","NOP53-AS1","Exc L3-4 RORB CUX2",-0.208934568634082,0.478700230814587,7.01422567600733,0.00858102353848878,0.0260399048851328,0.0260399048851328,"gpath_trio"
"19153","SELENOW","Exc L3-4 RORB CUX2",-0.208275370682499,7.01718579616754,79.5667588117699,8.51312532234953e-17,1.0284569064575e-14,1.0284569064575e-14,"gpath_trio"
"19154","CRX","Exc L3-4 RORB CUX2",-0.0660497235168783,-0.165979011581624,0.555133689262657,0.45690057669139,0.602560408860556,0.602560408860556,"gpath_trio"
"19155","SULT2A1","Exc L3-4 RORB CUX2",-0.12218424622124,-0.223114089703167,1.94362870230428,0.184774110165195,0.306589166262259,0.306589166262259,"gpath_trio"
"19156","PLA2G4C","Exc L3-4 RORB CUX2",0.0736477944481864,5.80435681851149,6.78302705604553,0.00973245361937673,0.0289477003937676,0.0289477003937676,"gpath_trio"
"19157","LIG1","Exc L3-4 RORB CUX2",-0.00448192437309993,3.10096966237507,0.0184064588708293,0.892186821123278,0.944059251052025,0.944059251052025,"gpath_trio"
"19158","AC011466.3","Exc L3-4 RORB CUX2",-0.443032309451223,-0.111790530614284,22.3953351830708,3.6471599976671e-06,3.25870030792443e-05,3.25870030792443e-05,"gpath_trio"
"19159","ZSWIM9","Exc L3-4 RORB CUX2",0.0241571582794985,3.74377633375339,1.07303990840065,0.301222256267177,0.444756954053739,0.444756954053739,"gpath_trio"
"19160","CARD8","Exc L3-4 RORB CUX2",-0.105680023238983,1.44960063163238,3.77026239526139,0.0532516062672194,0.115820521392966,0.115820521392966,"gpath_trio"
"19161","AC011466.1","Exc L3-4 RORB CUX2",0.0848891445401145,1.4401812456841,2.12221718945714,0.146382813246798,0.256449570793171,0.256449570793171,"gpath_trio"
"19162","CCDC114","Exc L3-4 RORB CUX2",-0.0523157126786152,-0.238686314713123,0.334202687264609,0.563695157864576,0.699246791067255,0.699246791067255,"gpath_trio"
"19163","EMP3","Exc L3-4 RORB CUX2",0.0509847636337479,0.744965613316729,0.684780820453979,0.618182502680942,0.744098322987173,0.744098322987173,"gpath_trio"
"19164","TMEM143","Exc L3-4 RORB CUX2",-0.0237351464414467,4.11702993105755,0.620965936521174,0.431406382696706,0.578775353830698,0.578775353830698,"gpath_trio"
"19165","SYNGR4","Exc L3-4 RORB CUX2",0.0191054642336626,-0.426396810407271,0.0414748120152027,0.838783458965327,0.909100666819745,0.909100666819745,"gpath_trio"
"19166","KDELR1","Exc L3-4 RORB CUX2",-0.0701560346263521,4.10498660229426,9.08540819075808,0.00283121598315821,0.0102664514311572,0.0102664514311572,"gpath_trio"
"19167","GRWD1","Exc L3-4 RORB CUX2",-0.00139762188243473,1.93609554708868,0.000919914356553161,0.975827067290153,0.987179014319753,0.987179014319753,"gpath_trio"
"19168","KCNJ14","Exc L3-4 RORB CUX2",0.0463855966625821,2.05708938351853,1.1697957252415,0.280445324606099,0.421357195705098,0.421357195705098,"gpath_trio"
"19169","AC008403.1","Exc L3-4 RORB CUX2",0.115967715246572,-0.647370581686225,0.923973259176087,0.337326939832222,0.483693746347908,0.483693746347908,"gpath_trio"
"19170","CYTH2","Exc L3-4 RORB CUX2",-0.104621982952267,3.35873391014492,11.9198465870851,0.000648134243136103,0.00293252037570551,0.00293252037570551,"gpath_trio"
"19171","LMTK3","Exc L3-4 RORB CUX2",0.163844376245165,6.71372366887276,38.8378223050112,1.84737632367137e-09,3.84235230206906e-08,3.84235230206906e-08,"gpath_trio"
"19172","AC008403.3","Exc L3-4 RORB CUX2",-0.275693144146199,2.20317402899244,28.0001311575121,2.57870454608384e-07,3.12516897556454e-06,3.12516897556454e-06,"gpath_trio"
"19173","SULT2B1","Exc L3-4 RORB CUX2",-0.0495695637389227,0.960736286654223,0.623167036230043,0.430592097631087,0.578221217366026,0.578221217366026,"gpath_trio"
"19174","FAM83E","Exc L3-4 RORB CUX2",-0.00987906870001345,-0.711155737485221,0.00873525519027228,0.925608049206996,0.962832812206813,0.962832812206813,"gpath_trio"
"19175","RPL18","Exc L3-4 RORB CUX2",-0.16995086747403,5.10978455731904,26.6220922237933,4.91395118853528e-07,5.49550805037136e-06,5.49550805037136e-06,"gpath_trio"
"19176","AC022154.1","Exc L3-4 RORB CUX2",-0.0390129371286094,0.374746234510592,0.269720352955888,0.603961225554384,0.732440586751692,0.732440586751692,"gpath_trio"
"19177","SPHK2","Exc L3-4 RORB CUX2",-0.0245854928399762,4.27524279586553,1.11156216421432,0.420564972705292,0.56876915969495,0.56876915969495,"gpath_trio"
"19178","DBP","Exc L3-4 RORB CUX2",0.00447241211572108,3.58935422856347,0.0115017133311963,0.914676496038176,0.956997192962486,0.956997192962486,"gpath_trio"
"19179","CA11","Exc L3-4 RORB CUX2",-0.0636033445527194,6.55838198820867,8.13560866933044,0.00468919225203807,0.0157176364321097,0.0157176364321097,"gpath_trio"
"19180","NTN5","Exc L3-4 RORB CUX2",0.015574593560535,1.52466745131616,0.0691518830966711,0.792783919833496,0.879345515566594,0.879345515566594,"gpath_trio"
"19181","FUT2","Exc L3-4 RORB CUX2",-0.212845615586326,1.77888139177404,10.3605519619345,0.0014508597877777,0.00581237017839855,0.00581237017839855,"gpath_trio"
"19182","MAMSTR","Exc L3-4 RORB CUX2",-0.0506445548669035,2.30035181251303,1.45875679839975,0.228225488629659,0.359413725166136,0.359413725166136,"gpath_trio"
"19183","RASIP1","Exc L3-4 RORB CUX2",0.0948524493749055,2.82788915523119,5.79248016069911,0.0167926724777189,0.0454327701807669,0.0454327701807669,"gpath_trio"
"19184","IZUMO1","Exc L3-4 RORB CUX2",-0.00859930734646921,0.484002957904449,0.0129545949566488,0.909469704038653,0.953693525446626,0.953693525446626,"gpath_trio"
"19185","FUT1","Exc L3-4 RORB CUX2",-0.0559504088814983,1.57832900278015,1.11229449231671,0.292562751355299,0.435187901540453,0.435187901540453,"gpath_trio"
"19186","BCAT2","Exc L3-4 RORB CUX2",0.087659986651345,4.54464829060698,12.8501904207645,0.000402891474014746,0.00194924112427997,0.00194924112427997,"gpath_trio"
"19187","HSD17B14","Exc L3-4 RORB CUX2",0.087020105461043,3.37210090596831,5.27735470372429,0.0223994039376781,0.0573592001856981,0.0573592001856981,"gpath_trio"
"19188","PLEKHA4","Exc L3-4 RORB CUX2",-0.275932143367999,-0.281587205457929,10.0203008136778,0.00830269757791645,0.025333775504305,0.025333775504305,"gpath_trio"
"19189","PPP1R15A","Exc L3-4 RORB CUX2",-0.0699707608530822,3.2141133851244,2.99593065466085,0.0846602943591033,0.167716166407591,0.167716166407591,"gpath_trio"
"19190","TULP2","Exc L3-4 RORB CUX2",-0.00441317496960029,1.38651531371888,0.00580175223463952,0.939343034789437,0.970827073184574,0.970827073184574,"gpath_trio"
"19191","NUCB1","Exc L3-4 RORB CUX2",0.000407615549919001,4.9779607828077,0.00037516446199146,0.984561465612535,0.992134637067724,0.992134637067724,"gpath_trio"
"19192","NUCB1-AS1","Exc L3-4 RORB CUX2",-0.293353281055752,1.61407845672078,26.5528177247968,5.0763944185769e-07,5.65835676214304e-06,5.65835676214304e-06,"gpath_trio"
"19193","DHDH","Exc L3-4 RORB CUX2",0.0357238659048378,1.57931810232522,0.404755369000063,0.699211636286913,0.810106597875269,0.810106597875269,"gpath_trio"
"19194","BAX","Exc L3-4 RORB CUX2",-0.186085873613012,3.12809769217785,30.2115705741621,9.23979477376676e-08,1.24358145137254e-06,1.24358145137254e-06,"gpath_trio"
"19195","FTL","Exc L3-4 RORB CUX2",-0.0815634164072549,6.55246550598612,4.13052871990022,0.0431325363044226,0.0979181861079921,0.0979181861079921,"gpath_trio"
"19196","GYS1","Exc L3-4 RORB CUX2",0.120096098862954,5.13422722887178,28.9449581017491,1.66119945429237e-07,2.12118348040181e-06,2.12118348040181e-06,"gpath_trio"
"19197","RUVBL2","Exc L3-4 RORB CUX2",-0.00304254469522135,3.57465419360029,0.0101366352963381,0.919881397555807,0.959599542197158,0.959599542197158,"gpath_trio"
"19198","SNRNP70","Exc L3-4 RORB CUX2",-0.0231100081891285,7.09029445647578,1.4800870670294,0.224864114404759,0.355395828763295,0.355395828763295,"gpath_trio"
"19199","LIN7B","Exc L3-4 RORB CUX2",-0.119273587880524,4.14912689946831,17.5176511514233,3.89808637938178e-05,0.000259465168934435,0.000259465168934435,"gpath_trio"
"19200","C19orf73","Exc L3-4 RORB CUX2",-0.0803107952421977,0.796528018624017,1.54777954869055,0.214583926071824,0.343181189734368,0.343181189734368,"gpath_trio"
"19201","PPFIA3","Exc L3-4 RORB CUX2",0.0326359317477478,5.68266745924127,3.12595030250665,0.0782276468393249,0.157682363371304,0.157682363371304,"gpath_trio"
"19202","TRPM4","Exc L3-4 RORB CUX2",0.019223431478314,2.63971906413722,0.224138289143604,0.85370942040166,0.919277730390878,0.919277730390878,"gpath_trio"
"19203","SLC6A16","Exc L3-4 RORB CUX2",0.0316327857526164,3.05518609395323,0.352140735569198,0.553419658500243,0.690576546897724,0.690576546897724,"gpath_trio"
"19204","AC011450.1","Exc L3-4 RORB CUX2",0.274071911817792,-0.387897834057679,6.6474407782273,0.0104807411324159,0.0307651611154505,0.0307651611154505,"gpath_trio"
"19205","AC010643.1","Exc L3-4 RORB CUX2",0.0433777159752472,0.725544829092866,0.300553736146003,0.584005866575483,0.716478853988695,0.716478853988695,"gpath_trio"
"19206","SLC17A7","Exc L3-4 RORB CUX2",-0.0858624691941452,7.58576136700209,10.2526412851062,0.00153476502321566,0.00609525282349922,0.00609525282349922,"gpath_trio"
"19207","PIH1D1","Exc L3-4 RORB CUX2",-0.157081718879447,4.08676049315233,31.3642751078541,5.43303209839845e-08,7.77937704650027e-07,7.77937704650027e-07,"gpath_trio"
"19208","ALDH16A1","Exc L3-4 RORB CUX2",-0.154372199734355,-0.443822215386005,2.53828770209536,0.112330138842017,0.209141800584874,0.209141800584874,"gpath_trio"
"19209","RPL13A","Exc L3-4 RORB CUX2",-0.224204612834009,5.01505794053526,48.1324441567339,3.15716834872059e-11,1.03402388693893e-09,1.03402388693893e-09,"gpath_trio"
"19210","RPS11","Exc L3-4 RORB CUX2",-0.175826473085313,4.21916138620292,37.0315752753068,4.14364235844117e-09,8.02283921128124e-08,8.02283921128124e-08,"gpath_trio"
"19211","RCN3","Exc L3-4 RORB CUX2",-0.0858836088654262,0.911500539602268,1.70763094274185,0.192447646819303,0.315921221831958,0.315921221831958,"gpath_trio"
"19212","NOSIP","Exc L3-4 RORB CUX2",-0.0389284636618594,3.97589586324277,2.99840536401638,0.0845326304364349,0.167496151940196,0.167496151940196,"gpath_trio"
"19213","PRRG2","Exc L3-4 RORB CUX2",-0.0976498604029343,0.269925050770828,1.41567101408723,0.235202564289097,0.367843292583592,0.367843292583592,"gpath_trio"
"19214","PRR12","Exc L3-4 RORB CUX2",0.109846009856738,4.64242117711509,23.9858283018816,1.7070734397414e-06,1.66861466311932e-05,1.66861466311932e-05,"gpath_trio"
"19215","RRAS","Exc L3-4 RORB CUX2",-0.0537335212450256,0.803232148913112,0.506461778080705,0.559404015526462,0.695414909463208,0.695414909463208,"gpath_trio"
"19216","SCAF1","Exc L3-4 RORB CUX2",0.0529874959780939,4.42523375311968,3.29786545587492,0.0705216501767968,0.145240332004581,0.145240332004581,"gpath_trio"
"19217","IRF3","Exc L3-4 RORB CUX2",-0.028473679423297,3.31535254968687,0.580493171523478,0.446809629314016,0.593090615922776,0.593090615922776,"gpath_trio"
"19218","PRMT1","Exc L3-4 RORB CUX2",-0.0606578220470188,4.1280940308702,4.6015854102843,0.0328689924889552,0.0784771507058782,0.0784771507058782,"gpath_trio"
"19219","ADM5","Exc L3-4 RORB CUX2",0.0116939803350217,-0.72676306267844,0.0104951239196155,0.973086673233202,0.985690707924104,0.985690707924104,"gpath_trio"
"19220","CPT1C","Exc L3-4 RORB CUX2",0.086276222515202,5.89385562836955,16.5513810078381,6.28345236610006e-05,0.000392351134280621,0.000392351134280621,"gpath_trio"
"19221","TSKS","Exc L3-4 RORB CUX2",-0.0782734494945671,-0.211259363693869,0.81384152218213,0.367821872618295,0.516230002092111,0.516230002092111,"gpath_trio"
"19222","AP2A1","Exc L3-4 RORB CUX2",-0.0116842784707865,5.71059759819457,0.339970882154941,0.560351397281655,0.696090581563737,0.696090581563737,"gpath_trio"
"19223","FUZ","Exc L3-4 RORB CUX2",-0.0562977572347104,2.3571336888718,2.12619604356061,0.146006548192322,0.256034950871804,0.256034950871804,"gpath_trio"
"19224","MED25","Exc L3-4 RORB CUX2",0.0570143430303786,4.62277893115523,6.46218779085025,0.0116003441269329,0.0334481839017967,0.0334481839017967,"gpath_trio"
"19225","PTOV1-AS1","Exc L3-4 RORB CUX2",-0.0125738555371088,1.19138146820817,0.052509450724038,0.862556611970881,0.925052075617293,0.925052075617293,"gpath_trio"
"19226","PTOV1","Exc L3-4 RORB CUX2",0.0478801577047634,5.04862651168695,3.70870933030696,0.0552196283623245,0.119258965516593,0.119258965516593,"gpath_trio"
"19227","PNKP","Exc L3-4 RORB CUX2",-0.0289216737918852,3.95130980178936,1.00900564944848,0.316075075041653,0.461152345889886,0.461152345889886,"gpath_trio"
"19228","TBC1D17","Exc L3-4 RORB CUX2",0.00640560544064943,4.37302817270511,0.0879395300123634,0.767049883377604,0.861408471911278,0.861408471911278,"gpath_trio"
"19229","IL4I1","Exc L3-4 RORB CUX2",0.00310599282240062,-0.0725051306865793,0.00115344244704825,0.978779273544426,0.988816861595891,0.988816861595891,"gpath_trio"
"19230","ATF5","Exc L3-4 RORB CUX2",-0.00326919922798729,1.7170062734079,0.0034022287990645,0.953531667409351,0.977201855219726,0.977201855219726,"gpath_trio"
"19231","VRK3","Exc L3-4 RORB CUX2",-0.00417162489032334,4.55328940730833,0.0438791372888572,0.834242671496281,0.905517076313416,0.905517076313416,"gpath_trio"
"19232","ZNF473","Exc L3-4 RORB CUX2",0.0351982035286422,2.59695714735033,0.972039906258936,0.330657748446624,0.477046630070842,0.477046630070842,"gpath_trio"
"19233","AC010624.3","Exc L3-4 RORB CUX2",0.283274663545757,0.922887643259549,19.649604827791,1.37295014761538e-05,0.000104644009173178,0.000104644009173178,"gpath_trio"
"19234","AC010624.2","Exc L3-4 RORB CUX2",-0.295799491476158,1.21235243176534,19.0855241312509,1.80722516559588e-05,0.000132343984449716,0.000132343984449716,"gpath_trio"
"19235","IZUMO2","Exc L3-4 RORB CUX2",0.0291150276495175,-0.434313036955898,0.0563401874990716,0.812563755620273,0.891676571642046,0.891676571642046,"gpath_trio"
"19236","MYH14","Exc L3-4 RORB CUX2",-0.004418762704526,3.75385075273976,0.0100947782783557,0.920046425650596,0.959599542197158,0.959599542197158,"gpath_trio"
"19237","KCNC3","Exc L3-4 RORB CUX2",-0.00501003261453302,4.80008412475696,0.0233326892895268,0.878713573613399,0.935467592615182,0.935467592615182,"gpath_trio"
"19238","NR1H2","Exc L3-4 RORB CUX2",-0.0193679310682279,4.02919076887282,0.501608190273143,0.479428790017949,0.623025818912214,0.623025818912214,"gpath_trio"
"19239","NAPSA","Exc L3-4 RORB CUX2",0.00197668849192657,-0.325935225063908,0.000177010135906019,0.989395048455441,0.994918262602229,0.994918262602229,"gpath_trio"
"19240","AC008655.2","Exc L3-4 RORB CUX2",-0.189409801925303,-0.803844015962016,2.41306218998688,0.121543122831959,0.222456001373018,0.222456001373018,"gpath_trio"
"19241","POLD1","Exc L3-4 RORB CUX2",0.140461491289949,0.698339134838804,5.22935557430487,0.0230128816571016,0.0585922371822343,0.0585922371822343,"gpath_trio"
"19242","MYBPC2","Exc L3-4 RORB CUX2",-0.173041138564484,-0.175262490659606,3.4375060666471,0.0648642326273602,0.135764694808278,0.135764694808278,"gpath_trio"
"19243","FAM71E1","Exc L3-4 RORB CUX2",-0.191972696282896,0.944277412417823,11.1466789593415,0.000965040122110753,0.00411795356674798,0.00411795356674798,"gpath_trio"
"19244","EMC10","Exc L3-4 RORB CUX2",-0.0170182519692997,3.86891881539764,0.397266159987533,0.529058062014855,0.669116499570569,0.669116499570569,"gpath_trio"
"19245","JOSD2","Exc L3-4 RORB CUX2",-0.0979106690711725,2.75566422981679,8.04743963445602,0.00491561290852291,0.0163620241640451,0.0163620241640451,"gpath_trio"
"19246","ASPDH","Exc L3-4 RORB CUX2",-0.0925758233887989,2.68619293365749,4.02981179671793,0.0457376850119021,0.102704562488122,0.102704562488122,"gpath_trio"
"19247","LRRC4B","Exc L3-4 RORB CUX2",0.0462792979921601,6.59511334924901,7.22730669334482,0.00764408097325288,0.0236641604473495,0.0236641604473495,"gpath_trio"
"19248","SYT3","Exc L3-4 RORB CUX2",-0.0327045562892651,3.26373716292791,1.02051425062304,0.313336229006165,0.458083943492709,0.458083943492709,"gpath_trio"
"19249","C19orf81","Exc L3-4 RORB CUX2",-0.0769980861616653,0.769220035639089,1.33246123631271,0.375536621211308,0.52381438972194,0.52381438972194,"gpath_trio"
"19250","SHANK1","Exc L3-4 RORB CUX2",0.0307480328583429,5.44670846829244,1.48722583748881,0.223752489361942,0.35394436826699,0.35394436826699,"gpath_trio"
"19251","CLEC11A","Exc L3-4 RORB CUX2",-0.237105904293884,3.23002183979793,31.7946485666288,4.45894905513999e-08,6.55202455844497e-07,6.55202455844497e-07,"gpath_trio"
"19252","AC010325.1","Exc L3-4 RORB CUX2",0.122039059434788,0.981559902271081,3.7682676477896,0.0533141980402185,0.115917761729532,0.115917761729532,"gpath_trio"
"19253","C19orf48","Exc L3-4 RORB CUX2",-0.132047473232389,1.52961280435264,7.00566084702847,0.00862106830024233,0.0261315698174051,0.0261315698174051,"gpath_trio"
"19254","LINC01869","Exc L3-4 RORB CUX2",-0.235151805383097,-0.489354656604748,4.03877593366107,0.0454991976009165,0.102300937434357,0.102300937434357,"gpath_trio"
"19255","KLK5","Exc L3-4 RORB CUX2",0.00179503900863466,0.372808044879811,0.00054013867432667,0.981475953013291,0.99060870238847,0.99060870238847,"gpath_trio"
"19256","AC011483.1","Exc L3-4 RORB CUX2",-0.316766630853463,-0.752662679885632,8.26815897683696,0.00436873652569485,0.0147859854732249,0.0147859854732249,"gpath_trio"
"19257","KLK7","Exc L3-4 RORB CUX2",-0.0613069526236074,1.89040805054993,0.410521775204799,0.522269080964539,0.662607137998967,0.662607137998967,"gpath_trio"
"19258","KLK10","Exc L3-4 RORB CUX2",0.0835192216084841,-0.420876538633779,0.457176404908616,0.499547536897835,0.64264956574117,0.64264956574117,"gpath_trio"
"19259","KLK14","Exc L3-4 RORB CUX2",0.134922750379329,1.07271579125883,4.49601605605374,0.0349209851064625,0.0825654370705357,0.0825654370705357,"gpath_trio"
"19260","CTU1","Exc L3-4 RORB CUX2",0.0824459986663853,2.27943147326344,3.01222405128154,0.0838235958411014,0.166450890363604,0.166450890363604,"gpath_trio"
"19261","AC063977.6","Exc L3-4 RORB CUX2",0.0586015057466288,-0.379003968455805,0.232493499056815,0.630086712913413,0.753884440340891,0.753884440340891,"gpath_trio"
"19262","IGLON5","Exc L3-4 RORB CUX2",0.00850703535974393,3.73290244033305,0.057161034952146,0.811228995152232,0.891132798497021,0.891132798497021,"gpath_trio"
"19263","VSIG10L","Exc L3-4 RORB CUX2",-0.153768250472373,0.648202974685857,5.1997250743524,0.0234003171238295,0.0593017708796962,0.0593017708796962,"gpath_trio"
"19264","ETFB","Exc L3-4 RORB CUX2",-0.327232578460813,2.67092935475024,48.6128182788756,2.56809271945015e-11,8.69089049673302e-10,8.69089049673302e-10,"gpath_trio"
"19265","ZNF175","Exc L3-4 RORB CUX2",-0.000696840150390508,3.50691320669323,0.000655235307952449,0.979597963492515,0.989307148894303,0.989307148894303,"gpath_trio"
"19266","SPACA6P-AS","Exc L3-4 RORB CUX2",0.209993258197934,-0.829536809341203,3.49723307422614,0.0625950878482889,0.132070267448152,0.132070267448152,"gpath_trio"
"19267","SPACA6","Exc L3-4 RORB CUX2",0.0108499858649924,3.78015773742416,0.127568838198855,0.761831830558761,0.857844806554701,0.857844806554701,"gpath_trio"
"19268","HAS1","Exc L3-4 RORB CUX2",-0.240117047466236,1.4298748347692,18.5163637213159,2.38693353682495e-05,0.000167850763699698,0.000167850763699698,"gpath_trio"
"19269","FPR1","Exc L3-4 RORB CUX2",-0.0614308962659631,0.0698392325283375,0.591540103195219,0.442522279945615,0.589221686767607,0.589221686767607,"gpath_trio"
"19270","FPR2","Exc L3-4 RORB CUX2",-0.162489952141372,0.280740146248876,2.02353532035694,0.156076777199699,0.269316539514533,0.269316539514533,"gpath_trio"
"19271","ZNF577","Exc L3-4 RORB CUX2",0.0763030222092179,5.38306500985476,10.4307185026859,0.00139882594478826,0.00562850287915898,0.00562850287915898,"gpath_trio"
"19272","ZNF649-AS1","Exc L3-4 RORB CUX2",-0.118731986630338,-0.25745272869333,1.99527922614562,0.158985812362876,0.273214545521381,0.273214545521381,"gpath_trio"
"19273","ZNF649","Exc L3-4 RORB CUX2",0.113412376193697,2.05185406907058,5.54141201278176,0.0193160792712087,0.0508351029606881,0.0508351029606881,"gpath_trio"
"19274","ZNF613","Exc L3-4 RORB CUX2",-0.0642664908683119,1.77392571325359,1.62305465412803,0.20380396906676,0.330393336755474,0.330393336755474,"gpath_trio"
"19275","ZNF350-AS1","Exc L3-4 RORB CUX2",0.023003085349165,2.55575047643643,0.0899623637542433,0.764464657951993,0.859662931020139,0.859662931020139,"gpath_trio"
"19276","ZNF350","Exc L3-4 RORB CUX2",-0.0129231037689645,2.26701201652923,0.0592478318476858,0.807880677438871,0.889080841090754,0.889080841090754,"gpath_trio"
"19277","ZNF615","Exc L3-4 RORB CUX2",0.00218966581622868,3.50876832820126,0.00635106536820357,0.936542274805783,0.969296122019222,0.969296122019222,"gpath_trio"
"19278","ZNF614","Exc L3-4 RORB CUX2",0.023287346946354,2.98591324656005,0.589446256358556,0.443329996590051,0.589946750293799,0.589946750293799,"gpath_trio"
"19279","ZNF432","Exc L3-4 RORB CUX2",-0.0115863698865514,4.57992042526991,0.266147200738559,0.606366465455795,0.734540493522,0.734540493522,"gpath_trio"
"19280","ZNF616","Exc L3-4 RORB CUX2",-0.0733659012325685,2.38994994946577,4.33212166513254,0.170465457669961,0.287914659563956,0.287914659563956,"gpath_trio"
"19281","AC011468.3","Exc L3-4 RORB CUX2",-0.503338752374394,0.905809781991543,34.4467172028147,1.33012592612975e-08,2.24375339127657e-07,2.24375339127657e-07,"gpath_trio"
"19282","ZNF836","Exc L3-4 RORB CUX2",-0.139736199871385,2.74743036668434,18.0548487944643,7.51596707566678e-05,0.000455632919926614,0.000455632919926614,"gpath_trio"
"19283","AC010320.1","Exc L3-4 RORB CUX2",-0.0384099664535563,-0.798914862696805,0.130898595324389,0.858878165303714,0.922421070946876,0.922421070946876,"gpath_trio"
"19284","PPP2R1A","Exc L3-4 RORB CUX2",-0.0575549395372457,6.43319834923251,5.26809163811333,0.0225164530980405,0.0575972411884072,0.0575972411884072,"gpath_trio"
"19285","AC010320.2","Exc L3-4 RORB CUX2",-0.348582889811778,0.00369869585116206,16.8944863097759,5.30185415250123e-05,0.000339248041632453,0.000339248041632453,"gpath_trio"
"19286","ZNF766","Exc L3-4 RORB CUX2",-0.0308555848081042,4.21924325147208,1.55424973966683,0.213631101755913,0.342199879152484,0.342199879152484,"gpath_trio"
"19287","AC010320.3","Exc L3-4 RORB CUX2",-0.0314415539279288,1.24362321160317,0.315636991106351,0.574725488986409,0.708702814027309,0.708702814027309,"gpath_trio"
"19288","ZNF480","Exc L3-4 RORB CUX2",0.0611837940381665,1.59040482158868,0.982737545915761,0.32244553194669,0.467942641851854,0.467942641851854,"gpath_trio"
"19289","AC010320.4","Exc L3-4 RORB CUX2",-0.193918460358781,0.0254285445379017,4.94267229494805,0.0417969469684363,0.0955095033512518,0.0955095033512518,"gpath_trio"
"19290","ZNF610","Exc L3-4 RORB CUX2",0.0310505784786935,2.6822581947002,0.444383199025851,0.505605514208239,0.64802688832674,0.64802688832674,"gpath_trio"
"19291","ZNF880","Exc L3-4 RORB CUX2",-0.0537968281387119,2.27859863670614,0.854906604970384,0.356025295385155,0.50373871480437,0.50373871480437,"gpath_trio"
"19292","ZNF528","Exc L3-4 RORB CUX2",0.0880315631949335,3.89172090632809,6.60278049596461,0.0107400182103945,0.0313483604448365,0.0313483604448365,"gpath_trio"
"19293","ZNF534","Exc L3-4 RORB CUX2",0.0261605149570331,3.3106819620837,0.336499121846978,0.562359349578916,0.697925822673716,0.697925822673716,"gpath_trio"
"19294","ZNF578","Exc L3-4 RORB CUX2",0.0551980132223123,1.5224374791929,0.758863563318179,0.565188529322913,0.700625411925639,0.700625411925639,"gpath_trio"
"19295","ZNF808","Exc L3-4 RORB CUX2",0.0414968092428691,2.59485334493828,0.941001341287737,0.332921967064393,0.479353460285765,0.479353460285765,"gpath_trio"
"19296","ZNF701","Exc L3-4 RORB CUX2",0.0844121043892667,3.24030079149903,5.18346526812824,0.0236158099517527,0.0597053841825327,0.0597053841825327,"gpath_trio"
"19297","ZNF83","Exc L3-4 RORB CUX2",0.0560321725122538,5.48599078867976,1.58389854907401,0.209328915027456,0.337236353963022,0.337236353963022,"gpath_trio"
"19298","ZNF611","Exc L3-4 RORB CUX2",-0.00749827821098994,4.88395703186907,0.0887917152560189,0.765956865444546,0.860517861696387,0.860517861696387,"gpath_trio"
"19299","ZNF600","Exc L3-4 RORB CUX2",-0.0216298651912037,1.03924336812239,0.0852288633625555,0.770565428699743,0.863739831387186,0.863739831387186,"gpath_trio"
"19300","ZNF28","Exc L3-4 RORB CUX2",0.0175150819923297,2.48667252821418,0.188505350060371,0.664523588079148,0.782364960128997,0.782364960128997,"gpath_trio"
"19301","ZNF320","Exc L3-4 RORB CUX2",-0.0641145324192679,1.66703903344911,1.39931517450888,0.237918788849806,0.371201884235159,0.371201884235159,"gpath_trio"
"19302","AC010487.3","Exc L3-4 RORB CUX2",-0.102402702453218,0.0479335489031223,1.02201520668038,0.312981325997071,0.457697756740426,0.457697756740426,"gpath_trio"
"19303","ZNF160","Exc L3-4 RORB CUX2",0.0618283359790576,4.86412828846234,7.56499026265029,0.00636930486525144,0.0203710725517514,0.0203710725517514,"gpath_trio"
"19304","ZNF415","Exc L3-4 RORB CUX2",-0.0016638091108312,2.92535880826506,0.00243441589075373,0.960686382118892,0.97984437173106,0.97984437173106,"gpath_trio"
"19305","ZNF347","Exc L3-4 RORB CUX2",0.123669872852239,3.30222328275935,4.30357204724701,0.0390163534677364,0.090404838774731,0.090404838774731,"gpath_trio"
"19306","ZNF665","Exc L3-4 RORB CUX2",0.0274135702372071,2.08826146536168,0.202707588432893,0.652919345259558,0.772634629046371,0.772634629046371,"gpath_trio"
"19307","ZNF677","Exc L3-4 RORB CUX2",-0.0753060569099566,1.65350667126229,1.39212067969801,0.23912567588952,0.372825387254333,0.372825387254333,"gpath_trio"
"19308","AC092070.4","Exc L3-4 RORB CUX2",-0.0525903691641142,0.292009606104125,0.174424680966871,0.676553696209923,0.792183824493641,0.792183824493641,"gpath_trio"
"19309","ZNF845","Exc L3-4 RORB CUX2",-0.0261072465490524,1.26030848120203,0.194190055975737,0.659818070157804,0.778788367485736,0.778788367485736,"gpath_trio"
"19310","ZNF525","Exc L3-4 RORB CUX2",0.0294653166069454,2.41125446374878,0.321077270500049,0.571449763191519,0.706001161811935,0.706001161811935,"gpath_trio"
"19311","ZNF765","Exc L3-4 RORB CUX2",0.0837737074695943,2.40750013327086,2.23488743324708,0.136139127131756,0.242976547229581,0.242976547229581,"gpath_trio"
"19312","ZNF761","Exc L3-4 RORB CUX2",0.131894152608095,3.59952514033794,9.53894284522277,0.00222962923079634,0.00837356100731871,0.00837356100731871,"gpath_trio"
"19313","ZNF813","Exc L3-4 RORB CUX2",0.0194038469465837,-0.0898512200852197,0.0220207373783187,0.882146967088724,0.937589034928617,0.937589034928617,"gpath_trio"
"19314","ZNF331","Exc L3-4 RORB CUX2",0.0374897206834667,5.81809744321446,3.72776842841526,0.0546020968670966,0.118146429031926,0.118146429031926,"gpath_trio"
"19315","NLRP12","Exc L3-4 RORB CUX2",-0.0787052720609923,0.615280842211355,1.47392180740685,0.225829506298332,0.356558952071439,0.356558952071439,"gpath_trio"
"19316","AC008440.1","Exc L3-4 RORB CUX2",-0.0114460951761107,0.773178790618673,0.0391881174372051,0.843231129674855,0.911692821071287,0.911692821071287,"gpath_trio"
"19317","MYADM","Exc L3-4 RORB CUX2",-0.0390909026565935,3.85737789218505,0.957482966677761,0.328731420712606,0.474980764368462,0.474980764368462,"gpath_trio"
"19318","AC008440.2","Exc L3-4 RORB CUX2",-0.22738711663607,-0.290913728615605,2.81534645271327,0.094568296062032,0.182558164104057,0.182558164104057,"gpath_trio"
"19319","PRKCG","Exc L3-4 RORB CUX2",-0.0123458423517442,5.46219478715218,0.108807242111686,0.74177177927645,0.84287500123359,0.84287500123359,"gpath_trio"
"19320","CACNG7","Exc L3-4 RORB CUX2",0.0387932095350213,5.91690420343512,3.5170743319839,0.0618602359111647,0.130875656408111,0.130875656408111,"gpath_trio"
"19321","CACNG8","Exc L3-4 RORB CUX2",-0.0275234129720189,7.13407899876894,1.52307033637623,0.218269759662535,0.347917547696267,0.347917547696267,"gpath_trio"
"19322","CACNG6","Exc L3-4 RORB CUX2",-0.212188309888246,0.530697544863547,5.64459382061419,0.0182344134972898,0.0485136874993831,0.0485136874993831,"gpath_trio"
"19323","VSTM1","Exc L3-4 RORB CUX2",-0.01387704414514,-0.758235540406467,0.0160594174789233,0.918066507666947,0.958695227338543,0.958695227338543,"gpath_trio"
"19324","OSCAR","Exc L3-4 RORB CUX2",-0.282078443071372,0.895533860776487,14.6434465968185,0.000162744872598631,0.000888359795637822,0.000888359795637822,"gpath_trio"
"19325","NDUFA3","Exc L3-4 RORB CUX2",-0.0917567413318124,3.47346004931715,4.28923495864145,0.039341078419059,0.0910526852247923,0.0910526852247923,"gpath_trio"
"19326","TFPT","Exc L3-4 RORB CUX2",-0.224747970771793,2.86586982711493,31.2096600476229,5.83322791033044e-08,8.2935428534825e-07,8.2935428534825e-07,"gpath_trio"
"19327","PRPF31","Exc L3-4 RORB CUX2",-0.060102785959802,4.61721347263511,6.59448888612092,0.0107888798042556,0.0314522900937159,0.0314522900937159,"gpath_trio"
"19328","CNOT3","Exc L3-4 RORB CUX2",0.0439064897486571,3.72910896246336,2.82730636294781,0.0938743778153899,0.181480346414709,0.181480346414709,"gpath_trio"
"19329","LENG1","Exc L3-4 RORB CUX2",-0.163178208179196,1.07389378530862,8.03125608107185,0.00495837586612179,0.0164829845277652,0.0164829845277652,"gpath_trio"
"19330","TMC4","Exc L3-4 RORB CUX2",-0.0356053253328817,0.871119726745444,0.187471834935291,0.66538811922491,0.783072117211839,0.783072117211839,"gpath_trio"
"19331","MBOAT7","Exc L3-4 RORB CUX2",0.0320297581394428,5.84172713157216,2.29755466008932,0.130792626205161,0.235433728915874,0.235433728915874,"gpath_trio"
"19332","TSEN34","Exc L3-4 RORB CUX2",-0.14186989339148,2.43628373293582,15.6857418235671,9.66171663783076e-05,0.000567137425569495,0.000567137425569495,"gpath_trio"
"19333","RPS9","Exc L3-4 RORB CUX2",-0.207965939469994,4.70724360294647,60.015159670664,2.11307963693468e-13,1.16479184904801e-11,1.16479184904801e-11,"gpath_trio"
"19334","LAIR1","Exc L3-4 RORB CUX2",-0.172812038664245,-0.101044098999017,3.39043162928117,0.0667148830012768,0.138874614584271,0.138874614584271,"gpath_trio"
"19335","TTYH1","Exc L3-4 RORB CUX2",0.00560270201829938,5.54614018606203,0.0457935557611436,0.830719229969685,0.903491130169185,0.903491130169185,"gpath_trio"
"19336","AC245884.1","Exc L3-4 RORB CUX2",-0.0532473733517823,0.420601237407453,0.466000327660321,0.794784886643378,0.880258294248471,0.880258294248471,"gpath_trio"
"19337","AC245884.10","Exc L3-4 RORB CUX2",0.0423147114668581,-0.0487013122429702,0.202122933283629,0.977270914655849,0.9880451367167,0.9880451367167,"gpath_trio"
"19338","AC245884.8","Exc L3-4 RORB CUX2",-0.0191211653866044,0.514346539445284,0.0558792748361229,0.813317741771965,0.892261307245753,0.892261307245753,"gpath_trio"
"19339","LENG8-AS1","Exc L3-4 RORB CUX2",0.019981594728689,3.53205743841746,0.394790861105986,0.530343336945621,0.670279823521763,0.670279823521763,"gpath_trio"
"19340","LENG8","Exc L3-4 RORB CUX2",0.0772468318624109,6.16600569491565,8.28514035835994,0.00432933653286244,0.0146896004962159,0.0146896004962159,"gpath_trio"
"19341","LENG9","Exc L3-4 RORB CUX2",0.00471469427440569,0.528344546745135,0.00243162898923036,0.960708873219931,0.97984437173106,0.97984437173106,"gpath_trio"
"19342","CDC42EP5","Exc L3-4 RORB CUX2",-0.1867241182775,-0.325679448757458,3.42943039156774,0.0651777548141021,0.136321916169864,0.136321916169864,"gpath_trio"
"19343","NLRP7","Exc L3-4 RORB CUX2",-0.194214516406217,-0.375635846917983,4.47874937522578,0.0740471373707628,0.151108713907692,0.151108713907692,"gpath_trio"
"19344","NLRP2","Exc L3-4 RORB CUX2",0.0203712064359251,2.40841806717956,0.0347087392602978,0.852352571033945,0.918404887877048,0.918404887877048,"gpath_trio"
"19345","AC011476.3","Exc L3-4 RORB CUX2",-0.0106285790827151,4.28165710257075,0.0231511055278744,0.879182784898173,0.9358566817862,0.9358566817862,"gpath_trio"
"19346","GP6","Exc L3-4 RORB CUX2",0.000637425224275173,4.1205716587889,0.000197122954483775,0.988808797369605,0.994659456341205,0.994659456341205,"gpath_trio"
"19347","RDH13","Exc L3-4 RORB CUX2",-0.0748699799751583,4.53283913089687,11.9664655876049,0.00159781170810169,0.00630962051496411,0.00630962051496411,"gpath_trio"
"19348","PPP1R12C","Exc L3-4 RORB CUX2",-0.0279921583948261,4.66855752591459,1.81914322240006,0.812837186286834,0.891928110156471,0.891928110156471,"gpath_trio"
"19349","TNNT1","Exc L3-4 RORB CUX2",-0.146086173675237,-0.0113213705578985,3.12147756858405,0.0784399093084906,0.158015493789196,0.158015493789196,"gpath_trio"
"19350","DNAAF3","Exc L3-4 RORB CUX2",-0.0515477425872811,-0.0467973214785197,0.252590127510853,0.615682571311743,0.742240566251234,0.742240566251234,"gpath_trio"
"19351","AC010327.3","Exc L3-4 RORB CUX2",-0.144684160603948,0.145733919553431,2.63976472893793,0.105430534945204,0.199104793366892,0.199104793366892,"gpath_trio"
"19352","SYT5","Exc L3-4 RORB CUX2",-0.0456147500831014,5.49650530558137,2.23946609864029,0.135740283770027,0.242522159498787,0.242522159498787,"gpath_trio"
"19353","PTPRH","Exc L3-4 RORB CUX2",0.057777396034039,-0.0262450347876095,0.426913558577487,0.514084692510493,0.655397072442287,0.655397072442287,"gpath_trio"
"19354","AC010327.4","Exc L3-4 RORB CUX2",0.0739378916522853,0.181106768525532,0.703523317595493,0.402372793217272,0.550683405269062,0.550683405269062,"gpath_trio"
"19355","TMEM86B","Exc L3-4 RORB CUX2",0.0144721044231566,2.86157573148739,0.138370869584323,0.74268098772301,0.84348580385083,0.84348580385083,"gpath_trio"
"19356","PPP6R1","Exc L3-4 RORB CUX2",-0.00318807562393193,5.09404560402491,0.0256774533036207,0.872814977684175,0.931415893500768,0.931415893500768,"gpath_trio"
"19357","HSPBP1","Exc L3-4 RORB CUX2",-0.0759734411004664,4.29964007864536,8.34674102725424,0.00418944232023716,0.0142947788332541,0.0142947788332541,"gpath_trio"
"19358","BRSK1","Exc L3-4 RORB CUX2",0.0229379580273077,5.84050522911885,1.15692094651847,0.283102090026029,0.424400703393902,0.424400703393902,"gpath_trio"
"19359","TMEM150B","Exc L3-4 RORB CUX2",-0.231136177243553,-0.0621320663490696,7.89238518989133,0.00534138732821309,0.0175920041676102,0.0175920041676102,"gpath_trio"
"19360","KMT5C","Exc L3-4 RORB CUX2",0.036540471524576,3.19948156936312,1.18851935152732,0.276637738487266,0.416847141233893,0.416847141233893,"gpath_trio"
"19361","IL11","Exc L3-4 RORB CUX2",-0.0643512705585153,-0.106182545717573,0.443729327552726,0.505918519752505,0.648234327726141,0.648234327726141,"gpath_trio"
"19362","TMEM238","Exc L3-4 RORB CUX2",0.130061995829874,0.0392797415615987,2.621114130424,0.106662691989421,0.200888705273205,0.200888705273205,"gpath_trio"
"19363","RPL28","Exc L3-4 RORB CUX2",-0.103565118657296,5.58877012526325,16.5574951618338,6.26444075801652e-05,0.000391285115458152,0.000391285115458152,"gpath_trio"
"19364","UBE2S","Exc L3-4 RORB CUX2",-0.123604087322128,3.59453006359845,8.82516585182695,0.00324901682440366,0.0115240707511153,0.0115240707511153,"gpath_trio"
"19365","SHISA7","Exc L3-4 RORB CUX2",0.00648650974702546,4.96637083689169,0.0737297121932152,0.786197237400074,0.87497403268681,0.87497403268681,"gpath_trio"
"19366","ISOC2","Exc L3-4 RORB CUX2",-0.0544438171074077,3.48181429767456,2.36643617787546,0.125185826596391,0.22758073719475,0.22758073719475,"gpath_trio"
"19367","ZNF628","Exc L3-4 RORB CUX2",-0.0471567032011005,1.09044116566118,0.677982328968001,0.411036956881698,0.559295245504031,0.559295245504031,"gpath_trio"
"19368","NAT14","Exc L3-4 RORB CUX2",-0.081831042055756,4.38730980777657,7.32233843508491,0.00726081653798196,0.0226444541125036,0.0226444541125036,"gpath_trio"
"19369","SSC5D","Exc L3-4 RORB CUX2",0.129678192768389,1.74351648060692,4.53911565423611,0.0340674254889765,0.0808315076137952,0.0808315076137952,"gpath_trio"
"19370","ZNF579","Exc L3-4 RORB CUX2",0.0813818952914034,2.83971086478301,5.70333559562901,0.0250642841219419,0.0627696042899923,0.0627696042899923,"gpath_trio"
"19371","FIZ1","Exc L3-4 RORB CUX2",-0.0161479689002747,2.54322837913961,0.23570173414525,0.62773677186279,0.752143328918623,0.752143328918623,"gpath_trio"
"19372","ZNF524","Exc L3-4 RORB CUX2",-0.115070615632062,1.9756856020683,6.62325496046035,0.0106203405573511,0.0310709644351159,0.0310709644351159,"gpath_trio"
"19373","ZNF865","Exc L3-4 RORB CUX2",-0.00152249818861997,3.14121072666725,0.00262021556158731,0.959214983711491,0.979750116174416,0.979750116174416,"gpath_trio"
"19374","ZNF784","Exc L3-4 RORB CUX2",-0.0525997314315374,0.30179303206958,0.514938376573614,0.473653059738512,0.618403248568471,0.618403248568471,"gpath_trio"
"19375","CCDC106","Exc L3-4 RORB CUX2",-0.124099489907437,3.72548394403901,15.9106961947261,8.63758873601065e-05,0.000513294117081045,0.000513294117081045,"gpath_trio"
"19376","U2AF2","Exc L3-4 RORB CUX2",-0.0215548902533436,4.15719267564799,0.690173034492799,0.406867739900769,0.555345149347001,0.555345149347001,"gpath_trio"
"19377","AC008735.2","Exc L3-4 RORB CUX2",-0.0619149299048667,0.158579711127107,0.548820258062505,0.554732213652271,0.691487328417335,0.691487328417335,"gpath_trio"
"19378","EPN1","Exc L3-4 RORB CUX2",-0.00798433942622488,4.89015637848685,0.0752271227917565,0.784090592775208,0.873435459862523,0.873435459862523,"gpath_trio"
"19379","NLRP8","Exc L3-4 RORB CUX2",-0.201212692613164,0.577545050162517,9.33860255943483,0.00247736990034109,0.00917923558115363,0.00917923558115363,"gpath_trio"
"19380","NLRP5","Exc L3-4 RORB CUX2",-0.221536433922534,0.0109615357973281,7.45487607829529,0.00675902277168016,0.0213552657987246,0.0213552657987246,"gpath_trio"
"19381","LINC01864","Exc L3-4 RORB CUX2",-0.254718161181106,-1.27728870090786,3.31126782653841,0.0699562965808545,0.144282179873108,0.144282179873108,"gpath_trio"
"19382","ZNF787","Exc L3-4 RORB CUX2",0.0501324535578946,3.9614337607239,1.7645232595316,0.185226083341738,0.307061317290022,0.307061317290022,"gpath_trio"
"19383","ZNF444","Exc L3-4 RORB CUX2",-0.0127831725986159,4.54688518333893,0.32846550863708,0.691250693673912,0.803617767942329,0.803617767942329,"gpath_trio"
"19384","ZSCAN5A","Exc L3-4 RORB CUX2",0.0844135700673422,5.44613242085744,15.941877892464,8.50458534591922e-05,0.000507033124568322,0.000507033124568322,"gpath_trio"
"19385","EDDM13","Exc L3-4 RORB CUX2",-0.203909014218792,1.7174399894876,9.43719448087569,0.00235211830995971,0.00877639853956669,0.00877639853956669,"gpath_trio"
"19386","AC006116.8","Exc L3-4 RORB CUX2",-0.0368845150093363,1.05287066563577,0.415487201211298,0.519765751866528,0.660522517960668,0.660522517960668,"gpath_trio"
"19387","ZNF582","Exc L3-4 RORB CUX2",0.019354786162758,2.58343557749742,0.284420600997107,0.594273898230977,0.724527187382763,0.724527187382763,"gpath_trio"
"19388","ZNF582-AS1","Exc L3-4 RORB CUX2",0.00104586865765781,1.62957566519716,0.000472010100982922,0.982683351838945,0.991179122019337,0.991179122019337,"gpath_trio"
"19389","ZNF583","Exc L3-4 RORB CUX2",-0.00798974804978762,4.64749223609374,0.117706888722314,0.731812211553181,0.83484938468111,0.83484938468111,"gpath_trio"
"19390","ZNF667","Exc L3-4 RORB CUX2",0.0356245775609608,5.49609762842601,2.46068066860435,0.117944351816049,0.217149780789267,0.217149780789267,"gpath_trio"
"19391","ZNF667-AS1","Exc L3-4 RORB CUX2",-0.181798045679634,4.9431858055455,36.576372847578,5.08388495119315e-09,9.62170533680318e-08,9.62170533680318e-08,"gpath_trio"
"19392","ZNF471","Exc L3-4 RORB CUX2",0.141407959352923,4.47810543755039,28.0594109161392,2.50839074607831e-07,3.0504390176088e-06,3.0504390176088e-06,"gpath_trio"
"19393","AC005498.1","Exc L3-4 RORB CUX2",-0.0113229997933434,-0.248629439495789,0.0124363656285274,0.911291272060351,0.954735655551373,0.954735655551373,"gpath_trio"
"19394","AC005498.2","Exc L3-4 RORB CUX2",-0.029464652928747,-1.00352690193345,0.0502856121095074,0.822743142293847,0.89846148087413,0.89846148087413,"gpath_trio"
"19395","ZFP28","Exc L3-4 RORB CUX2",-0.00875998885272417,2.98395933259257,0.0790907125858855,0.778757127102501,0.869812602518571,0.869812602518571,"gpath_trio"
"19396","AC005498.3","Exc L3-4 RORB CUX2",0.0299927203279094,3.12063165291802,0.596360496775925,0.440671400086828,0.587460663258829,0.587460663258829,"gpath_trio"
"19397","ZNF470","Exc L3-4 RORB CUX2",0.0596090801087883,3.42683411128603,3.33924398089851,0.0687918402386579,0.142370124280376,0.142370124280376,"gpath_trio"
"19398","ZNF71","Exc L3-4 RORB CUX2",0.0627921596699475,3.66764310473606,5.30582372826519,0.0263984325142694,0.0654205104993717,0.0654205104993717,"gpath_trio"
"19399","SMIM17","Exc L3-4 RORB CUX2",0.0929556452211777,3.9196201515983,9.10787727695391,0.00279782487413454,0.0101574989123982,0.0101574989123982,"gpath_trio"
"19400","ZNF835","Exc L3-4 RORB CUX2",0.0619039933572719,2.16410461617326,2.72157399977179,0.100207877199928,0.191319491907296,0.191319491907296,"gpath_trio"
"19401","AC006115.1","Exc L3-4 RORB CUX2",-0.00820374089028261,1.94957849264664,0.0344655575825726,0.852864757096798,0.918662385180347,0.918662385180347,"gpath_trio"
"19402","AC006115.3","Exc L3-4 RORB CUX2",0.130170296363383,5.00304113924863,20.3980825280553,9.5469831913654e-06,7.5771198224153e-05,7.5771198224153e-05,"gpath_trio"
"19403","ZIM2-AS1","Exc L3-4 RORB CUX2",-0.251017264683467,1.48532758337696,26.3192461330337,5.66516575228803e-07,6.24548619829446e-06,6.24548619829446e-06,"gpath_trio"
"19404","ZIM2","Exc L3-4 RORB CUX2",-0.17526760696763,3.82524800076132,13.2853336115711,0.000322966616938461,0.00161523339036526,0.00161523339036526,"gpath_trio"
"19405","MIMT1","Exc L3-4 RORB CUX2",-0.143510091902453,1.82855250888718,7.46950122597228,0.00670588052281403,0.0212387974172328,0.0212387974172328,"gpath_trio"
"19406","ZNF264","Exc L3-4 RORB CUX2",-0.0107952732626386,4.91481248590534,0.304144245309351,0.581769576402051,0.71441969711555,0.71441969711555,"gpath_trio"
"19407","AURKC","Exc L3-4 RORB CUX2",-0.20713135306828,0.877547159041594,9.42088536316494,0.00237238193689961,0.00884219574671154,0.00884219574671154,"gpath_trio"
"19408","ZNF805","Exc L3-4 RORB CUX2",0.0610575935048851,2.60301479758654,2.4754152936645,0.116854911774054,0.215703561765698,0.215703561765698,"gpath_trio"
"19409","AC005261.3","Exc L3-4 RORB CUX2",-0.059532487575181,2.10807066707355,1.94967975719139,0.163812276545388,0.279083995887789,0.279083995887789,"gpath_trio"
"19410","ZNF460-AS1","Exc L3-4 RORB CUX2",0.0498798480003981,2.73251681982992,1.24458997455173,0.265618298447685,0.404256486036337,0.404256486036337,"gpath_trio"
"19411","ZNF460","Exc L3-4 RORB CUX2",0.0854122384207039,2.6781470158926,3.77879827175887,0.0529846479023043,0.11538917005926,0.11538917005926,"gpath_trio"
"19412","AC005261.1","Exc L3-4 RORB CUX2",0.012904070036926,5.3176744274572,0.344924532941855,0.557510039743633,0.693749771900808,0.693749771900808,"gpath_trio"
"19413","ZNF543","Exc L3-4 RORB CUX2",0.0882918325186346,2.45990448939797,5.29110347280363,0.0222268413905281,0.057029953586914,0.057029953586914,"gpath_trio"
"19414","AC005261.2","Exc L3-4 RORB CUX2",-0.25401577265627,-0.946699675487285,4.27005656765534,0.0397799225441326,0.0918786419379366,0.0918786419379366,"gpath_trio"
"19415","ZNF304","Exc L3-4 RORB CUX2",-0.0659218967206917,3.14411797102497,3.643688563684,0.0573830643586203,0.122850520508029,0.122850520508029,"gpath_trio"
"19416","AC003002.1","Exc L3-4 RORB CUX2",0.0684235509416587,1.07126918981165,1.20226740148429,0.273883479946779,0.413685648568261,0.413685648568261,"gpath_trio"
"19417","AC003002.2","Exc L3-4 RORB CUX2",0.0377275093386438,4.18893663740206,2.36515537380159,0.125287595894619,0.227698157569042,0.227698157569042,"gpath_trio"
"19418","ZNF749","Exc L3-4 RORB CUX2",-0.282906837712769,3.05253269394533,33.540137758902,2.00824484020237e-08,3.22069472584125e-07,3.22069472584125e-07,"gpath_trio"
"19419","AC004076.1","Exc L3-4 RORB CUX2",0.0544010833935461,5.74257570030636,4.92337416476749,0.0273594233682607,0.067355261312344,0.067355261312344,"gpath_trio"
"19420","AC004076.2","Exc L3-4 RORB CUX2",-0.112696517894684,2.54148931874112,4.25388231111089,0.0401540428534282,0.092573170445425,0.092573170445425,"gpath_trio"
"19421","AC003005.2","Exc L3-4 RORB CUX2",-0.0612357302678244,0.710270650958309,0.449780398926421,0.503034538784478,0.645716219378816,0.645716219378816,"gpath_trio"
"19422","AC003005.1","Exc L3-4 RORB CUX2",-0.0256468660932015,-0.195847470911128,0.0700275935015914,0.791506259714167,0.878300829060968,0.878300829060968,"gpath_trio"
"19423","ZNF773","Exc L3-4 RORB CUX2",0.0472805078665681,2.89926605763722,1.76913335370652,0.184654906490486,0.306466990658569,0.306466990658569,"gpath_trio"
"19424","ZNF549","Exc L3-4 RORB CUX2",0.0806366384227451,4.96088282286802,15.0750098767495,0.000131082304758587,0.00073603826843988,0.00073603826843988,"gpath_trio"
"19425","ZNF550","Exc L3-4 RORB CUX2",-0.0519529525621232,2.74492463632938,2.36592347187586,0.125226553768479,0.22762822977557,0.22762822977557,"gpath_trio"
"19426","ZNF416","Exc L3-4 RORB CUX2",-0.145619185088579,0.99447422813963,6.10468566518708,0.0141242083065782,0.0394457229492269,0.0394457229492269,"gpath_trio"
"19427","ZIK1","Exc L3-4 RORB CUX2",-0.0578415882482338,1.48202395637729,1.3829025826641,0.240682960600999,0.374500904683415,0.374500904683415,"gpath_trio"
"19428","ZNF530","Exc L3-4 RORB CUX2",-0.0462722544654498,1.16333201027475,0.638703166134404,0.424910249302341,0.573223957183198,0.573223957183198,"gpath_trio"
"19429","ZNF134","Exc L3-4 RORB CUX2",0.00197733308993169,3.67225525346703,0.00542578390721734,0.941337626238933,0.9714917596091,0.9714917596091,"gpath_trio"
"19430","AC003682.1","Exc L3-4 RORB CUX2",0.0045321980108165,1.51014377778513,0.00697094584973417,0.933524431108091,0.967873754951731,0.967873754951731,"gpath_trio"
"19431","ZNF211","Exc L3-4 RORB CUX2",-0.0359245274996048,2.70518587859692,1.05809919313012,0.304605067854901,0.448547550109246,0.448547550109246,"gpath_trio"
"19432","AC003006.1","Exc L3-4 RORB CUX2",-0.0616855503413904,2.22957886875689,1.80492500638816,0.180289569470515,0.300855422999805,0.300855422999805,"gpath_trio"
"19433","ZNF154","Exc L3-4 RORB CUX2",-0.00561094097290064,2.92061058040733,0.0264263639989453,0.870989672079134,0.930386860496454,0.930386860496454,"gpath_trio"
"19434","ZNF671","Exc L3-4 RORB CUX2",-0.105914836854463,2.17849660701984,6.30701222561605,0.0126330532633368,0.0359819977885098,0.0359819977885098,"gpath_trio"
"19435","ZNF776","Exc L3-4 RORB CUX2",-0.0917639672868771,2.78856982446418,6.59516189176917,0.0107849053063192,0.0314522900937159,0.0314522900937159,"gpath_trio"
"19436","ZNF586","Exc L3-4 RORB CUX2",0.0884440532344637,6.13333433111158,22.5405256750361,3.40209385319804e-06,3.06553119643905e-05,3.06553119643905e-05,"gpath_trio"
"19437","ZNF552","Exc L3-4 RORB CUX2",-0.0128331152503628,3.86734130372604,0.143032481085596,0.705593321485242,0.815412586404426,0.815412586404426,"gpath_trio"
"19438","AC010522.1","Exc L3-4 RORB CUX2",0.0851148804307486,2.27147383721224,3.8660866585052,0.0503350645605088,0.110855677664784,0.110855677664784,"gpath_trio"
"19439","ZNF814","Exc L3-4 RORB CUX2",-0.050984314658084,5.09343190374362,6.40466288912041,0.0119726008534411,0.0343498893981111,0.0343498893981111,"gpath_trio"
"19440","ZNF587","Exc L3-4 RORB CUX2",0.0699158613745589,4.5100183258183,8.50490275972255,0.00385108328226834,0.0132926612865293,0.0132926612865293,"gpath_trio"
"19441","AC010326.2","Exc L3-4 RORB CUX2",0.111463529436012,1.96958658955017,5.42976001210838,0.0205620458061787,0.0534931365750684,0.0534931365750684,"gpath_trio"
"19442","ZNF418","Exc L3-4 RORB CUX2",0.0602442876039149,2.88935834132297,2.91921451815438,0.088723841596541,0.174012340753767,0.174012340753767,"gpath_trio"
"19443","ZNF256","Exc L3-4 RORB CUX2",-0.11808799043559,1.17429426757685,4.01006816686344,0.0462676430169538,0.103679822352281,0.103679822352281,"gpath_trio"
"19444","C19orf18","Exc L3-4 RORB CUX2",-0.136832358711845,1.60446087199813,4.55257844980309,0.0338053238969815,0.0802851571067218,0.0802851571067218,"gpath_trio"
"19445","ZNF606","Exc L3-4 RORB CUX2",-0.0404404439891225,3.46606244554289,2.33127041838929,0.1280138831018,0.231598239437855,0.231598239437855,"gpath_trio"
"19446","ZSCAN1","Exc L3-4 RORB CUX2",-0.197939093184906,2.21537524594938,19.6602221153881,1.36587786991804e-05,0.000104301991012856,0.000104301991012856,"gpath_trio"
"19447","ZNF135","Exc L3-4 RORB CUX2",0.0226036947002026,4.77087775876103,0.465579077233767,0.495635484111501,0.639062379865051,0.639062379865051,"gpath_trio"
"19448","ZSCAN18","Exc L3-4 RORB CUX2",-0.0706941079905526,5.6190960614951,7.72675217542986,0.00583820658465965,0.0189427175692358,0.0189427175692358,"gpath_trio"
"19449","ZNF329","Exc L3-4 RORB CUX2",-0.00699764386777072,4.48824790373487,0.0958102867077033,0.906041258783611,0.952299161029401,0.952299161029401,"gpath_trio"
"19450","ZNF274","Exc L3-4 RORB CUX2",0.00734534309052432,2.98625314347184,0.0441431881209691,0.833751982564228,0.90521563778528,0.90521563778528,"gpath_trio"
"19451","AC020915.3","Exc L3-4 RORB CUX2",0.0950456357305279,4.15926275204026,10.1068943906825,0.00165600944321718,0.00649620659477087,0.00649620659477087,"gpath_trio"
"19452","ERVK3-1","Exc L3-4 RORB CUX2",-0.17454022345221,2.60770366852886,13.710765936972,0.000260368590195407,0.00134483776425815,0.00134483776425815,"gpath_trio"
"19453","AC010642.2","Exc L3-4 RORB CUX2",-0.173122094281937,3.3537408090553,29.335517880212,1.38584252438946e-07,1.80383051158434e-06,1.80383051158434e-06,"gpath_trio"
"19454","ZSCAN22","Exc L3-4 RORB CUX2",0.0863200140997342,1.52559622035553,2.82776560599926,0.0938478436638652,0.181462549925099,0.181462549925099,"gpath_trio"
"19455","A1BG","Exc L3-4 RORB CUX2",-0.111908470496451,2.03354378724252,6.26286150851281,0.0129439255938534,0.0366981027060136,0.0366981027060136,"gpath_trio"
"19456","A1BG-AS1","Exc L3-4 RORB CUX2",-0.0419359298103913,3.71812844921833,2.0399143437612,0.154418365041657,0.26699858904121,0.26699858904121,"gpath_trio"
"19457","ZNF497","Exc L3-4 RORB CUX2",-0.0461878750918622,2.32597954572651,1.560703021518,0.212685793613279,0.3413089314467,0.3413089314467,"gpath_trio"
"19458","AC012313.6","Exc L3-4 RORB CUX2",-0.055484933187131,1.04636728344318,0.83005343460818,0.363100953091009,0.510954992579417,0.510954992579417,"gpath_trio"
"19459","ZNF837","Exc L3-4 RORB CUX2",-0.103423473067738,0.816562870557289,2.51487550513152,0.113991951129271,0.211410385210291,0.211410385210291,"gpath_trio"
"19460","RPS5","Exc L3-4 RORB CUX2",-0.173986185178542,3.87631026287203,22.8302302930382,2.9616758642631e-06,2.70247899418852e-05,2.70247899418852e-05,"gpath_trio"
"19461","ZNF584","Exc L3-4 RORB CUX2",-0.020519126404926,2.91221444937618,0.207078527960327,0.64944666114376,0.769699018303199,0.769699018303199,"gpath_trio"
"19462","AC012313.1","Exc L3-4 RORB CUX2",-0.303592462677582,0.113427598486998,8.96327054960767,0.00301998739371221,0.0108317670451739,0.0108317670451739,"gpath_trio"
"19463","AC012313.5","Exc L3-4 RORB CUX2",0.139595193444152,0.857017738629117,4.05269170885329,0.0451315812785324,0.101542283070636,0.101542283070636,"gpath_trio"
"19464","ZNF132","Exc L3-4 RORB CUX2",-0.00514541910457918,1.60498059252168,0.0119878582515815,0.912899039335883,0.955611575582667,0.955611575582667,"gpath_trio"
"19465","AC012313.8","Exc L3-4 RORB CUX2",-0.0846277986977974,-0.762799838160785,0.489994842076558,0.484555437395635,0.628271590582066,0.628271590582066,"gpath_trio"
"19466","ZNF324B","Exc L3-4 RORB CUX2",-0.0296834733466018,1.89095070457425,0.425643625920663,0.514710702748859,0.655987898165396,0.655987898165396,"gpath_trio"
"19467","ZNF324","Exc L3-4 RORB CUX2",0.00447400806799676,3.86185035418488,0.0216627597578275,0.883101844114929,0.938109714880934,0.938109714880934,"gpath_trio"
"19468","ZNF446","Exc L3-4 RORB CUX2",-0.140083274215074,2.87134800088042,13.0090067486173,0.000371621203850473,0.00182021310698793,0.00182021310698793,"gpath_trio"
"19469","SLC27A5","Exc L3-4 RORB CUX2",0.0669215032674332,3.93918681234599,4.88612080804367,0.0279444417418743,0.068511254361686,0.068511254361686,"gpath_trio"
"19470","ZBTB45","Exc L3-4 RORB CUX2",-0.0663524749952216,2.33071424578544,3.12481826994956,0.0782813108384669,0.15775900970593,0.15775900970593,"gpath_trio"
"19471","TRIM28","Exc L3-4 RORB CUX2",-0.0407433424053953,4.28911021443987,2.88605992879047,0.0905453523629312,0.176685606337377,0.176685606337377,"gpath_trio"
"19472","CHMP2A","Exc L3-4 RORB CUX2",-0.162758167803401,3.2862042145235,22.1541293377471,4.09440481432222e-06,3.59776207007626e-05,3.59776207007626e-05,"gpath_trio"
"19473","UBE2M","Exc L3-4 RORB CUX2",-0.0926812251399968,5.14518310332263,6.08599285929378,0.0142708739572661,0.0397840575961521,0.0397840575961521,"gpath_trio"
"19474","MZF1-AS1","Exc L3-4 RORB CUX2",0.0753201425409681,3.06885790225763,4.90279624235494,0.0276809718291563,0.0679975169430449,0.0679975169430449,"gpath_trio"
"19475","MZF1","Exc L3-4 RORB CUX2",0.0342752797116127,5.4232706215399,2.68094211370992,0.102765305116119,0.195206668931146,0.195206668931146,"gpath_trio"
"19476","RPS4Y1","Exc L3-4 RORB CUX2",0.0628892765087387,3.97724401864037,0.376965165241559,0.539768732697143,0.678310718811581,0.678310718811581,"gpath_trio"
"19477","AC006157.1","Exc L3-4 RORB CUX2",-0.114900654030889,-0.372908220101256,1.46400262961076,0.482744695853789,0.626366598421133,0.626366598421133,"gpath_trio"
"19478","ZFY","Exc L3-4 RORB CUX2",0.133188525199135,3.82740805116437,1.26735116297901,0.261302234404392,0.399437231331156,0.399437231331156,"gpath_trio"
"19479","ZFY-AS1","Exc L3-4 RORB CUX2",-0.259682502570294,-0.0988584688238299,5.13986982394927,0.024203869344779,0.0609553194396352,0.0609553194396352,"gpath_trio"
"19480","AC010737.1","Exc L3-4 RORB CUX2",-0.0371613462115989,-0.676332131801675,0.120916773555797,0.728323629656208,0.832072006448972,0.832072006448972,"gpath_trio"
"19481","PCDH11Y","Exc L3-4 RORB CUX2",-0.127418992506088,4.89706239170453,1.28675951121751,0.257690718450789,0.395144048395885,0.395144048395885,"gpath_trio"
"19482","TBL1Y","Exc L3-4 RORB CUX2",-0.115641679030057,-0.202890245550668,1.08719590879539,0.298061846527912,0.441374622738631,0.441374622738631,"gpath_trio"
"19483","TTTY15","Exc L3-4 RORB CUX2",0.108362661250148,4.89622362685691,0.777068429349264,0.378853381950501,0.52705605991252,0.52705605991252,"gpath_trio"
"19484","USP9Y","Exc L3-4 RORB CUX2",0.238615048136317,7.08963912108718,3.43460939838011,0.0649765034539012,0.135943270474174,0.135943270474174,"gpath_trio"
"19485","DDX3Y","Exc L3-4 RORB CUX2",0.176043947732417,4.47915341280323,1.76740523191454,0.184868774523413,0.306645361013719,0.306645361013719,"gpath_trio"
"19486","UTY","Exc L3-4 RORB CUX2",0.297861392803305,6.5307771039822,4.65173416575454,0.0319390114447795,0.0765921259834097,0.0765921259834097,"gpath_trio"
"19487","TMSB4Y","Exc L3-4 RORB CUX2",-0.199839894722195,-0.00641285348061432,2.93652207083452,0.0877934720114622,0.172601178896048,0.172601178896048,"gpath_trio"
"19488","NLGN4Y","Exc L3-4 RORB CUX2",0.368722681954498,7.28280188008357,5.44045524457049,0.0204391506984709,0.0532283290746934,0.0532283290746934,"gpath_trio"
"19489","HSFY2","Exc L3-4 RORB CUX2",0.182695033026507,1.11086759873958,2.83338458224482,0.0935238537513143,0.180888097922804,0.180888097922804,"gpath_trio"
"19490","TTTY14","Exc L3-4 RORB CUX2",0.238549640385992,7.69598717126858,2.64378526019534,0.105166978559595,0.198722052812442,0.198722052812442,"gpath_trio"
"19491","AC010889.1","Exc L3-4 RORB CUX2",0.075301041308373,0.204512065483951,0.650390822615099,0.420710014232473,0.568889044044246,0.568889044044246,"gpath_trio"
"19492","KDM5D","Exc L3-4 RORB CUX2",0.137266884288884,5.09109470945648,1.01284510633309,0.315157869913704,0.46014691167383,0.46014691167383,"gpath_trio"
"19493","TTTY10","Exc L3-4 RORB CUX2",0.0815947721790265,4.70660491424697,0.653286630847681,0.419678961043517,0.567875455335543,0.567875455335543,"gpath_trio"
"19494","EIF1AY","Exc L3-4 RORB CUX2",-0.109332324879249,1.91810872550938,1.17229211696293,0.279933848996421,0.420677176371014,0.420677176371014,"gpath_trio"
"19495","LINC00266-4P","Exc L3-4 RORB CUX2",0.0658308447453237,0.28821617254892,0.643199811142954,0.423286850062806,0.571492484776626,0.571492484776626,"gpath_trio"
"19496","GAB4","Exc L3-4 RORB CUX2",0.135743027233952,-0.499994242922745,1.18559023212778,0.277229063425726,0.417519883145269,0.417519883145269,"gpath_trio"
"19497","AC006946.2","Exc L3-4 RORB CUX2",-0.0382877644859765,0.122582673826078,0.188375416938348,0.664632121519251,0.782364960128997,0.782364960128997,"gpath_trio"
"19498","AC006946.3","Exc L3-4 RORB CUX2",0.105533465460009,-0.279922897304681,1.19434642687753,0.275466107386467,0.415609386518245,0.415609386518245,"gpath_trio"
"19499","IL17RA","Exc L3-4 RORB CUX2",0.0487040654626755,3.23005176586551,0.88195121666653,0.348539405381248,0.495693817251189,0.495693817251189,"gpath_trio"
"19500","TMEM121B","Exc L3-4 RORB CUX2",-0.0401749431120475,2.81446189076469,1.22142023915107,0.270103729260065,0.409447947841447,0.409447947841447,"gpath_trio"
"19501","LINC01664","Exc L3-4 RORB CUX2",0.167281083541955,1.96327952017139,13.8261766845184,0.000245616860878483,0.00127714437325345,0.00127714437325345,"gpath_trio"
"19502","HDHD5","Exc L3-4 RORB CUX2",-0.020611402533604,4.5117967055457,0.524617521275552,0.469529825879993,0.614994756679144,0.614994756679144,"gpath_trio"
"19503","HDHD5-AS1","Exc L3-4 RORB CUX2",0.0655158406135588,3.17943284161324,2.72017408018139,0.100294817381043,0.191414997697716,0.191414997697716,"gpath_trio"
"19504","ADA2","Exc L3-4 RORB CUX2",-0.0377364753105961,0.994926534918553,0.366593377104163,0.545395173638658,0.683650054561039,0.683650054561039,"gpath_trio"
"19505","CECR2","Exc L3-4 RORB CUX2",-1.52478954040851,-0.855425082298449,59.1396169157383,3.03453890138057e-13,1.58605757345474e-11,1.58605757345474e-11,"gpath_trio"
"19506","SLC25A18","Exc L3-4 RORB CUX2",0.12141821801111,2.9622803445903,3.37382838576162,0.0673810782876657,0.140044633198069,0.140044633198069,"gpath_trio"
"19507","ATP6V1E1","Exc L3-4 RORB CUX2",-0.174729770324768,6.17492937751894,59.3507987178339,2.78060180275456e-13,1.48350620548123e-11,1.48350620548123e-11,"gpath_trio"
"19508","BCL2L13","Exc L3-4 RORB CUX2",0.0362773760047349,6.09084701167252,5.90191212893455,0.0158023580280192,0.0432522823518231,0.0432522823518231,"gpath_trio"
"19509","BID","Exc L3-4 RORB CUX2",0.168483998693515,4.32580237895295,20.9993982559493,7.13794772461687e-06,5.85875082767068e-05,5.85875082767068e-05,"gpath_trio"
"19510","MICAL3","Exc L3-4 RORB CUX2",0.0838473638421091,8.44994176211898,19.6457318278519,1.37553920201907e-05,0.000104801750002774,0.000104801750002774,"gpath_trio"
"19511","AC016027.1","Exc L3-4 RORB CUX2",-0.0558359019864067,-0.307343805525945,0.407687612715004,0.523707526186789,0.664264630806891,0.664264630806891,"gpath_trio"
"19512","PEX26","Exc L3-4 RORB CUX2",0.0406433577381575,5.13645926684486,4.66666342720441,0.0316675264163164,0.0760586125534741,0.0760586125534741,"gpath_trio"
"19513","TUBA8","Exc L3-4 RORB CUX2",0.141809916673805,3.34079243998664,14.3583726029821,0.000187817311578607,0.0010077602796009,0.0010077602796009,"gpath_trio"
"19514","AC008079.2","Exc L3-4 RORB CUX2",-0.234871146668825,1.58223596001902,16.9074486695978,5.26797775194999e-05,0.000337615791440886,0.000337615791440886,"gpath_trio"
"19515","USP18","Exc L3-4 RORB CUX2",-0.00744880341221455,1.42888424183386,0.0162712025995395,0.898596875051396,0.947931605446375,0.947931605446375,"gpath_trio"
"19516","AC023490.3","Exc L3-4 RORB CUX2",0.158998434223388,-0.430227523222631,2.39252143163821,0.123133112713113,0.224673107442079,0.224673107442079,"gpath_trio"
"19517","TMEM191B","Exc L3-4 RORB CUX2",-0.301706115751558,3.23749258878479,12.3712249461121,0.000514380726257837,0.00240222943339163,0.00240222943339163,"gpath_trio"
"19518","LINC01663","Exc L3-4 RORB CUX2",0.08097052200498,-1.96320347373965,0.0429027044000017,0.836070707989171,0.907050757090602,0.907050757090602,"gpath_trio"
"19519","AC007326.4","Exc L3-4 RORB CUX2",0.1148104333777,1.96134322107868,4.45555114250791,0.0357428651140007,0.0841339754608523,0.0841339754608523,"gpath_trio"
"19520","DGCR9","Exc L3-4 RORB CUX2",-0.044229388010623,2.38704973564812,0.659428903307178,0.417504463241097,0.565976036969489,0.565976036969489,"gpath_trio"
"19521","DGCR2","Exc L3-4 RORB CUX2",-0.0355861853125295,6.393358562824,3.77771512711682,0.0530184439865762,0.11542539197466,0.11542539197466,"gpath_trio"
"19522","AC004471.1","Exc L3-4 RORB CUX2",-0.108246800214888,-0.669503291601189,0.957096538798583,0.328828863594925,0.475087533874794,0.475087533874794,"gpath_trio"
"19523","ESS2","Exc L3-4 RORB CUX2",-0.0649608708342713,2.86945145510554,3.7305896207223,0.0545113153144321,0.118013283235183,0.118013283235183,"gpath_trio"
"19524","LINC01311","Exc L3-4 RORB CUX2",-0.19893264506053,0.849458435146749,11.6145101633005,0.000758216261526657,0.00334946640602152,0.00334946640602152,"gpath_trio"
"19525","SLC25A1","Exc L3-4 RORB CUX2",0.0535988152610366,3.18933591566498,2.15144049051843,0.20957884708378,0.337477311829775,0.337477311829775,"gpath_trio"
"19526","CLTCL1","Exc L3-4 RORB CUX2",0.168901543508547,2.26856822895362,1.46604158481694,0.227070725024203,0.358014369909604,0.358014369909604,"gpath_trio"
"19527","HIRA","Exc L3-4 RORB CUX2",0.00369430982926666,4.43109761206726,0.0335473370116281,0.854815754428312,0.919844714051692,0.919844714051692,"gpath_trio"
"19528","MRPL40","Exc L3-4 RORB CUX2",-0.310945712091894,2.3470496857893,46.2909119698077,6.99159042218632e-11,2.07739818508997e-09,2.07739818508997e-09,"gpath_trio"
"19529","AC000068.1","Exc L3-4 RORB CUX2",0.0410734217374552,-0.721140412358963,0.150775439850461,0.698113160590637,0.809078183301706,0.809078183301706,"gpath_trio"
"19530","UFD1","Exc L3-4 RORB CUX2",-0.0105822342880277,3.54649018142732,0.107747476914155,0.742987509085429,0.843547403427995,0.843547403427995,"gpath_trio"
"19531","CDC45","Exc L3-4 RORB CUX2",0.00792098647147427,-1.25854698477153,0.00290001570024081,0.957094597451719,0.978696255961244,0.978696255961244,"gpath_trio"
"19532","SEPT5","Exc L3-4 RORB CUX2",0.0285917603377155,-0.0426291604180721,0.0884655082398116,0.87038222859397,0.929970985302996,0.929970985302996,"gpath_trio"
"19533","GNB1L","Exc L3-4 RORB CUX2",0.00436376232223123,3.88693002928429,0.0205670798255914,0.88607567356364,0.940243063272048,0.940243063272048,"gpath_trio"
"19534","TXNRD2","Exc L3-4 RORB CUX2",0.0243305990506563,4.39371898733043,0.95181364861676,0.757538324590036,0.854868312932318,0.854868312932318,"gpath_trio"
"19535","COMT","Exc L3-4 RORB CUX2",0.0596985376386485,4.88654601419582,5.10509907926272,0.0246838456271472,0.0619401761120282,0.0619401761120282,"gpath_trio"
"19536","ARVCF","Exc L3-4 RORB CUX2",-0.0052177443242116,3.24254534596928,0.0246618883625449,0.875334380521728,0.933154343561044,0.933154343561044,"gpath_trio"
"19537","TANGO2","Exc L3-4 RORB CUX2",0.00948929140941427,5.45082172599295,0.191927605728624,0.661680847748688,0.780347875333476,0.780347875333476,"gpath_trio"
"19538","AC006547.1","Exc L3-4 RORB CUX2",-0.237273821468765,2.29695177763374,14.7823772939785,0.000151784270591962,0.00083645114973855,0.00083645114973855,"gpath_trio"
"19539","DGCR8","Exc L3-4 RORB CUX2",0.055828627272449,4.66384795102719,5.82465581764981,0.0164949838325884,0.0447534022085087,0.0447534022085087,"gpath_trio"
"19540","AC006547.2","Exc L3-4 RORB CUX2",0.206229232045418,0.545128012559231,7.27145450995015,0.00746350754864291,0.0231691436827005,0.0231691436827005,"gpath_trio"
"19541","TRMT2A","Exc L3-4 RORB CUX2",-0.0680331174024799,3.32775727667308,5.47290865069811,0.0200708995093185,0.0524861176410242,0.0524861176410242,"gpath_trio"
"19542","RANBP1","Exc L3-4 RORB CUX2",-0.27205757738106,4.36817703771284,92.4998736939799,6.24901108978074e-19,1.43422630217135e-16,1.43422630217135e-16,"gpath_trio"
"19543","ZDHHC8","Exc L3-4 RORB CUX2",0.00401731997167191,4.78521817775903,0.0281011552930202,0.867001537731584,0.927946932960221,0.927946932960221,"gpath_trio"
"19544","RTN4R","Exc L3-4 RORB CUX2",-0.078286239092286,4.75976007190811,7.60597458848869,0.00623021760915224,0.0200118835001825,0.0200118835001825,"gpath_trio"
"19545","DGCR6L","Exc L3-4 RORB CUX2",-0.143983452601728,3.64113130971651,22.6519023019608,3.2254363472697e-06,2.92201070077082e-05,2.92201070077082e-05,"gpath_trio"
"19546","ZNF74","Exc L3-4 RORB CUX2",-0.032318994609733,3.36441329557454,1.3543589249539,0.245584347499034,0.380425691860642,0.380425691860642,"gpath_trio"
"19547","SCARF2","Exc L3-4 RORB CUX2",0.0280066444160648,1.06744815319938,0.142186597356367,0.706424418166619,0.815699510459121,0.815699510459121,"gpath_trio"
"19548","KLHL22","Exc L3-4 RORB CUX2",0.162922329848415,6.14726539223828,69.2155931716235,5.01995654001876e-15,4.13378053856647e-13,4.13378053856647e-13,"gpath_trio"
"19549","MED15","Exc L3-4 RORB CUX2",0.016381122102667,6.10474112981006,1.57967256658589,0.209935776869233,0.337890251163684,0.337890251163684,"gpath_trio"
"19550","PI4KA","Exc L3-4 RORB CUX2",0.0269134722141877,8.56410216638371,2.89549916549753,0.0900226423057884,0.175954932040233,0.175954932040233,"gpath_trio"
"19551","SERPIND1","Exc L3-4 RORB CUX2",-0.320768273489789,1.11271975144137,13.0666741423323,0.000360886844551039,0.00177236905764781,0.00177236905764781,"gpath_trio"
"19552","SNAP29","Exc L3-4 RORB CUX2",0.0574656317869122,4.40708685287163,6.88329582041435,0.00921468640921367,0.0276399491980205,0.0276399491980205,"gpath_trio"
"19553","CRKL","Exc L3-4 RORB CUX2",-0.0109095200902593,5.13566528629062,0.314231624017577,0.575577733121614,0.709233540934989,0.709233540934989,"gpath_trio"
"19554","LINC01637","Exc L3-4 RORB CUX2",-0.0487933815718472,2.4746216149487,1.04394414464877,0.30785564661576,0.45201352251787,0.45201352251787,"gpath_trio"
"19555","AIFM3","Exc L3-4 RORB CUX2",-0.0363002640791094,3.73456231371759,0.574365170424332,0.449215844225329,0.595383632718829,0.595383632718829,"gpath_trio"
"19556","AC002470.1","Exc L3-4 RORB CUX2",-0.13601639123023,-0.514350920524967,1.64568445487343,0.200689693181898,0.326604384927384,0.326604384927384,"gpath_trio"
"19557","LZTR1","Exc L3-4 RORB CUX2",-0.0319084921820461,4.32781695006908,1.8244520615129,0.177958596425641,0.297753747129482,0.297753747129482,"gpath_trio"
"19558","THAP7","Exc L3-4 RORB CUX2",-0.176884746783865,3.45841713305809,23.1154711799121,2.58430460876843e-06,2.40107276292715e-05,2.40107276292715e-05,"gpath_trio"
"19559","THAP7-AS1","Exc L3-4 RORB CUX2",-0.000721706177303142,1.57946353300339,0.00015660258233378,0.990025053773883,0.995303740277461,0.995303740277461,"gpath_trio"
"19560","P2RX6","Exc L3-4 RORB CUX2",0.0494724375955749,4.28050656323874,1.327705844059,0.250272086878605,0.386308333981247,0.386308333981247,"gpath_trio"
"19561","SLC7A4","Exc L3-4 RORB CUX2",-0.237200216982718,1.04500282118466,15.0138409024941,0.0001351589417355,0.000755773738778744,0.000755773738778744,"gpath_trio"
"19562","AC002472.1","Exc L3-4 RORB CUX2",0.0188329019401848,0.627547821308322,0.032147932420439,0.85784301052969,0.921663698140998,0.921663698140998,"gpath_trio"
"19563","LRRC74B","Exc L3-4 RORB CUX2",0.105676183286041,0.735409695550303,1.52032559455022,0.218683848368628,0.348434470188518,0.348434470188518,"gpath_trio"
"19564","AP000550.1","Exc L3-4 RORB CUX2",-0.168953550169916,0.66072345757424,3.31170578890779,0.0699379045352114,0.144282179873108,0.144282179873108,"gpath_trio"
"19565","GGT2","Exc L3-4 RORB CUX2",-0.0457577671831517,2.29822995766949,0.43877721468979,0.508299947748484,0.650241040252721,0.650241040252721,"gpath_trio"
"19566","HIC2","Exc L3-4 RORB CUX2",0.0726460734017279,6.64556180756394,6.56253493348382,0.0109793382863123,0.0319113491093286,0.0319113491093286,"gpath_trio"
"19567","TMEM191C","Exc L3-4 RORB CUX2",-0.176271692444128,3.40394813109997,13.2617892888451,0.000326847397630422,0.00163059996221409,0.00163059996221409,"gpath_trio"
"19568","UBE2L3","Exc L3-4 RORB CUX2",-0.00142915212154752,5.9289123944325,0.00782021880976269,0.92960140142102,0.965443646333217,0.965443646333217,"gpath_trio"
"19569","YDJC","Exc L3-4 RORB CUX2",-0.144879604723352,2.80172051022321,12.4210212311086,0.000501457852237976,0.00234894640559581,0.00234894640559581,"gpath_trio"
"19570","SDF2L1","Exc L3-4 RORB CUX2",-0.306418823479216,1.48501375974224,25.7808801141364,7.29893815639876e-07,7.80371368867753e-06,7.80371368867753e-06,"gpath_trio"
"19571","PPIL2","Exc L3-4 RORB CUX2",0.0116972588755497,5.46882727588521,0.446427677056818,0.504628974097657,0.647186418690498,0.647186418690498,"gpath_trio"
"19572","YPEL1","Exc L3-4 RORB CUX2",0.171830973968138,5.84658913079236,38.0878228760003,2.58179840433841e-09,5.18802617604855e-08,5.18802617604855e-08,"gpath_trio"
"19573","MAPK1","Exc L3-4 RORB CUX2",0.0106211983649693,7.53257320425195,0.47536064802978,0.491146150759792,0.634858636057074,0.634858636057074,"gpath_trio"
"19574","PPM1F","Exc L3-4 RORB CUX2",0.0896888073529218,4.77385742445571,19.7027923792091,1.33788955896452e-05,0.000102397275614982,0.000102397275614982,"gpath_trio"
"19575","AC245452.1","Exc L3-4 RORB CUX2",-0.196165256852525,1.87402765178157,13.1298655934703,0.000349485368598191,0.00172477184722811,0.00172477184722811,"gpath_trio"
"19576","TOP3B","Exc L3-4 RORB CUX2",0.0276711806970987,3.87994433508775,0.918271403262244,0.338819450442278,0.485151399486849,0.485151399486849,"gpath_trio"
"19577","IGLV10-54","Exc L3-4 RORB CUX2",-0.044485043344509,1.37652331418307,0.168884401475357,0.68144367631672,0.795677288765182,0.795677288765182,"gpath_trio"
"19578","AC245060.6","Exc L3-4 RORB CUX2",-0.218068738082593,1.91224088256803,12.7704546760094,0.000419586346899849,0.00201839641123139,0.00201839641123139,"gpath_trio"
"19579","AC245060.5","Exc L3-4 RORB CUX2",0.19044149167347,4.95273993369586,7.72480651813242,0.00584431655607968,0.0189508820158801,0.0189508820158801,"gpath_trio"
"19580","ZNF280B","Exc L3-4 RORB CUX2",-0.0187103569437098,4.33744833280048,0.799133308708493,0.695847922702592,0.807426918992626,0.807426918992626,"gpath_trio"
"19581","GGTLC2","Exc L3-4 RORB CUX2",0.268928877497865,1.22628706213874,10.130020730682,0.00163613774190476,0.00643164773148305,0.00643164773148305,"gpath_trio"
"19582","RSPH14","Exc L3-4 RORB CUX2",-0.0398590436803916,2.42304676239329,0.873594038863791,0.350829464253788,0.498309239743747,0.498309239743747,"gpath_trio"
"19583","GNAZ","Exc L3-4 RORB CUX2",-0.0616854233695724,4.47316822506211,5.41907578726058,0.0206855829041734,0.0537521425929545,0.0537521425929545,"gpath_trio"
"19584","RAB36","Exc L3-4 RORB CUX2",0.0197563289161425,2.38863926930878,0.198684493270278,0.656155716402854,0.775463744269672,0.775463744269672,"gpath_trio"
"19585","BCR","Exc L3-4 RORB CUX2",0.0572789790617881,6.09361431928173,5.65340814757467,0.018144980124863,0.0483327405810527,0.0483327405810527,"gpath_trio"
"19586","LINC02556","Exc L3-4 RORB CUX2",0.281864050958961,0.759695760011397,10.7402024960213,0.00119106596057495,0.00492614919118484,0.00492614919118484,"gpath_trio"
"19587","PCAT14","Exc L3-4 RORB CUX2",0.101464700124362,1.48912606178487,2.45891574412619,0.118075601006302,0.217331926859059,0.217331926859059,"gpath_trio"
"19588","IGLL1","Exc L3-4 RORB CUX2",-0.0410451496860454,-0.329462842992602,0.0869019141061353,0.768388545469839,0.86238534183656,0.86238534183656,"gpath_trio"
"19589","AP000345.2","Exc L3-4 RORB CUX2",0.122979719928307,1.43020383342027,3.34784034071424,0.068438236094244,0.141743306306495,0.141743306306495,"gpath_trio"
"19590","DRICH1","Exc L3-4 RORB CUX2",0.133382079228295,2.28894715530266,5.79799519075675,0.016741254187202,0.0453240476686527,0.0453240476686527,"gpath_trio"
"19591","RGL4","Exc L3-4 RORB CUX2",-0.0666706326125989,-0.308767698245683,0.433807204192369,0.510709515437918,0.652578660710622,0.652578660710622,"gpath_trio"
"19592","ZNF70","Exc L3-4 RORB CUX2",0.0273523589568768,1.42090757879028,0.22131133476755,0.638436937835561,0.760672368796577,0.760672368796577,"gpath_trio"
"19593","VPREB3","Exc L3-4 RORB CUX2",-0.142334192155303,-0.671758331937643,1.43030192641679,0.232804686806001,0.36500113120229,0.36500113120229,"gpath_trio"
"19594","CHCHD10","Exc L3-4 RORB CUX2",-0.165156680616516,5.97584308320309,37.490714695872,3.37259911058985e-09,6.6748250819078e-08,6.6748250819078e-08,"gpath_trio"
"19595","MMP11","Exc L3-4 RORB CUX2",-0.0119084438137768,-0.0501598439519219,0.0209861368224007,0.955344377686204,0.977684529766621,0.977684529766621,"gpath_trio"
"19596","SMARCB1","Exc L3-4 RORB CUX2",-0.0152057724234932,4.8246940850472,0.564984037572676,0.452938875016046,0.599019456142164,0.599019456142164,"gpath_trio"
"19597","DERL3","Exc L3-4 RORB CUX2",0.0548191474226016,-0.178715265663353,0.210767312046428,0.646550222517358,0.767348122788852,0.767348122788852,"gpath_trio"
"19598","AP000350.5","Exc L3-4 RORB CUX2",-0.162607944016266,1.5958340692484,10.8380654752511,0.00113213927002778,0.00471043715669427,0.00471043715669427,"gpath_trio"
"19599","SLC2A11","Exc L3-4 RORB CUX2",0.102897618724078,1.45725870762316,3.53281040134524,0.0612839988024303,0.129873741360412,0.129873741360412,"gpath_trio"
"19600","AP000350.4","Exc L3-4 RORB CUX2",0.0635641004796273,1.91174647369844,1.66231575360601,0.198436730279281,0.323613691375833,0.323613691375833,"gpath_trio"
"19601","AP000350.7","Exc L3-4 RORB CUX2",-0.231647996195882,-0.52991058462296,5.02502161549094,0.0258274504516899,0.0642977311035098,0.0642977311035098,"gpath_trio"
"19602","AP000350.6","Exc L3-4 RORB CUX2",-0.079921165138513,0.425153639953187,0.276480508677111,0.599465516546222,0.728872531654032,0.728872531654032,"gpath_trio"
"19603","GSTT2B","Exc L3-4 RORB CUX2",-0.0225919565791928,3.93666869481483,0.127714985867717,0.721102986323953,0.827143512907377,0.827143512907377,"gpath_trio"
"19604","DDT","Exc L3-4 RORB CUX2",-0.339919227268526,3.36090028488418,81.0341199056458,4.82727690692988e-17,6.49268743982068e-15,6.49268743982068e-15,"gpath_trio"
"19605","CABIN1","Exc L3-4 RORB CUX2",0.0343335294469283,6.5602585318814,5.30560652972027,0.0220463132452921,0.0566345803283255,0.0566345803283255,"gpath_trio"
"19606","GGT5","Exc L3-4 RORB CUX2",-0.0912568255495029,-0.203751183043173,1.37209987540533,0.351533974003974,0.499028843620193,0.499028843620193,"gpath_trio"
"19607","SPECC1L","Exc L3-4 RORB CUX2",0.178292902546767,-0.105853311376011,2.32871336767676,0.128222293635434,0.231924401478831,0.231924401478831,"gpath_trio"
"19608","ADORA2A-AS1","Exc L3-4 RORB CUX2",-0.0745073924685518,0.314116641342556,1.09522931146324,0.688040612510577,0.800947398153649,0.800947398153649,"gpath_trio"
"19609","UPB1","Exc L3-4 RORB CUX2",-0.0982096479816237,0.422163345516296,1.50344793307871,0.221250929430998,0.351281773925426,0.351281773925426,"gpath_trio"
"19610","GUCD1","Exc L3-4 RORB CUX2",-0.0566363753674102,2.1465090049314,2.73370547332132,0.150065286292334,0.261447940496359,0.261447940496359,"gpath_trio"
"19611","SNRPD3","Exc L3-4 RORB CUX2",-0.00533282470158717,4.84933864132793,0.0829197423586068,0.958100102416863,0.979014868631494,0.979014868631494,"gpath_trio"
"19612","GGT1","Exc L3-4 RORB CUX2",-0.0438589370732878,2.65077068144512,1.24188196590381,0.266137705916311,0.404713063756808,0.404713063756808,"gpath_trio"
"19613","LRRC75B","Exc L3-4 RORB CUX2",-0.0307914800623421,2.72140077998107,0.871020270122213,0.356983875662092,0.504670288801255,0.504670288801255,"gpath_trio"
"19614","PIWIL3","Exc L3-4 RORB CUX2",-0.150433809144427,-0.472842455075769,2.516167212162,0.11389955820832,0.211289704038683,0.211289704038683,"gpath_trio"
"19615","SGSM1","Exc L3-4 RORB CUX2",0.108259426774049,7.55775508492685,31.6094077281933,4.85453008249937e-08,7.07660002994399e-07,7.07660002994399e-07,"gpath_trio"
"19616","TMEM211","Exc L3-4 RORB CUX2",-0.059717127631132,0.566437571724521,0.702722216211639,0.42684359999268,0.574884133075475,0.574884133075475,"gpath_trio"
"19617","KIAA1671","Exc L3-4 RORB CUX2",0.0875399522337004,6.68281586413143,19.7094762641074,1.33354816053498e-05,0.000102188363608208,0.000102188363608208,"gpath_trio"
"19618","AL022323.3","Exc L3-4 RORB CUX2",-0.295257735253776,-0.658669220081358,6.4980385961009,0.0113744148205091,0.0329001891044832,0.0329001891044832,"gpath_trio"
"19619","AL022323.4","Exc L3-4 RORB CUX2",-0.34644554080669,1.36555391708923,23.9240229593668,1.75798385258721e-06,1.70844529026719e-05,1.70844529026719e-05,"gpath_trio"
"19620","AL022323.1","Exc L3-4 RORB CUX2",0.0338245078627565,1.44851951711658,0.34235928871925,0.558977987742923,0.695190537708881,0.695190537708881,"gpath_trio"
"19621","CRYBB3","Exc L3-4 RORB CUX2",0.121237988808093,0.254295967060154,2.44224066961169,0.119323695921361,0.219173146116191,0.219173146116191,"gpath_trio"
"19622","CRYBB2","Exc L3-4 RORB CUX2",0.107692005784195,1.27787281982731,1.56484146545908,0.212082199742685,0.340551663844993,0.340551663844993,"gpath_trio"
"19623","LRP5L","Exc L3-4 RORB CUX2",0.0397850361930188,2.4928671779107,0.766722665857879,0.382041024165491,0.530283980910821,0.530283980910821,"gpath_trio"
"19624","AL022324.3","Exc L3-4 RORB CUX2",-0.0122088842638627,-0.385772948554716,0.0130134690258429,0.909265115258074,0.953676204578586,0.953676204578586,"gpath_trio"
"19625","AL022329.1","Exc L3-4 RORB CUX2",-0.180052679244746,-0.447483550597924,2.77168416603668,0.0971496779125748,0.186506304299762,0.186506304299762,"gpath_trio"
"19626","GRK3","Exc L3-4 RORB CUX2",0.0930165409605762,7.30259221480212,27.8172402948001,2.80843504218042e-07,3.36661776446762e-06,3.36661776446762e-06,"gpath_trio"
"19627","MYO18B","Exc L3-4 RORB CUX2",-0.195613808438626,1.4764251015946,15.9647241016017,8.40845542865271e-05,0.000501895231577125,0.000501895231577125,"gpath_trio"
"19628","SEZ6L","Exc L3-4 RORB CUX2",0.16201622442878,7.48176397815218,36.0314931317567,6.4971126213869e-09,1.18731202116377e-07,1.18731202116377e-07,"gpath_trio"
"19629","ASPHD2","Exc L3-4 RORB CUX2",-6.95725663670505e-05,4.56224974019433,5.91609667063737e-06,0.998061170212917,0.999007436259013,0.999007436259013,"gpath_trio"
"19630","HPS4","Exc L3-4 RORB CUX2",-0.0762554552737161,4.7718715527125,9.73737042134046,0.00200915274708916,0.00766975528335361,0.00766975528335361,"gpath_trio"
"19631","SRRD","Exc L3-4 RORB CUX2",-0.0567276987337955,2.77243728463623,2.79496761848048,0.0957636521113368,0.184389356875951,0.184389356875951,"gpath_trio"
"19632","TFIP11","Exc L3-4 RORB CUX2",-0.105105299487937,3.36334974073207,13.8281458175654,0.000245372666902063,0.00127620354595234,0.00127620354595234,"gpath_trio"
"19633","Z95115.1","Exc L3-4 RORB CUX2",-0.191874147149715,1.61496007429505,13.0496682595741,0.00036401920518463,0.00178514522717547,0.00178514522717547,"gpath_trio"
"19634","TPST2","Exc L3-4 RORB CUX2",0.146782237668285,5.51878552958756,35.3407640767736,8.87355669625264e-09,1.56352843971089e-07,1.56352843971089e-07,"gpath_trio"
"19635","CRYBB1","Exc L3-4 RORB CUX2",0.0397332162666064,0.512497545732081,0.177693856574592,0.673710926138197,0.789769742361295,0.789769742361295,"gpath_trio"
"19636","CRYBA4","Exc L3-4 RORB CUX2",-0.127115789119253,-0.741967975851358,0.88496912687454,0.347717440480473,0.494800569201279,0.494800569201279,"gpath_trio"
"19637","MIAT","Exc L3-4 RORB CUX2",0.132674946712501,8.86902566666898,27.0957649671369,3.9352749844627e-07,4.52646367226539e-06,4.52646367226539e-06,"gpath_trio"
"19638","Z99774.1","Exc L3-4 RORB CUX2",-0.111273450709076,3.58119846165186,0.686263486425992,0.408197996381249,0.556445579526466,0.556445579526466,"gpath_trio"
"19639","MIATNB","Exc L3-4 RORB CUX2",0.0758548808621172,4.03244981833204,2.45647727118712,0.118257206060782,0.217626482922218,0.217626482922218,"gpath_trio"
"19640","Z97353.2","Exc L3-4 RORB CUX2",-0.0731951457160736,0.0859184389117625,0.567706510814159,0.45185345734683,0.598054418550961,0.598054418550961,"gpath_trio"
"19641","AL020994.2","Exc L3-4 RORB CUX2",-0.142660521778467,1.36566851712152,2.58657478115185,0.108986723347301,0.204331490914202,0.204331490914202,"gpath_trio"
"19642","AL121885.2","Exc L3-4 RORB CUX2",-0.155976430155546,-1.19332270881048,1.26349141605069,0.281893167639094,0.423059931348563,0.423059931348563,"gpath_trio"
"19643","MN1","Exc L3-4 RORB CUX2",-0.103243562975876,1.84946876779521,1.3869999504839,0.239989236651739,0.373594355667348,0.373594355667348,"gpath_trio"
"19644","PITPNB","Exc L3-4 RORB CUX2",-0.0465343391343837,5.78571072770824,8.33553065886007,0.00421455165655257,0.0143699080870193,0.0143699080870193,"gpath_trio"
"19645","TTC28","Exc L3-4 RORB CUX2",0.120567122207884,7.83519630270212,45.3462824873084,1.05341303555779e-10,2.95898149080137e-09,2.95898149080137e-09,"gpath_trio"
"19646","CHEK2","Exc L3-4 RORB CUX2",-0.03739428230722,2.08472226427746,0.749638700591092,0.387388846488784,0.535349679972,0.535349679972,"gpath_trio"
"19647","HSCB","Exc L3-4 RORB CUX2",0.131323614682854,4.1484637316245,26.2540881810538,5.8413954539812e-07,6.40489963500385e-06,6.40489963500385e-06,"gpath_trio"
"19648","CCDC117","Exc L3-4 RORB CUX2",-0.037885832639814,3.3632703896108,1.52647648247817,0.471788739891229,0.616912167172567,0.616912167172567,"gpath_trio"
"19649","XBP1","Exc L3-4 RORB CUX2",-0.165523767242065,3.06051979500447,18.0188929840467,3.04637213210188e-05,0.000209263049932432,0.000209263049932432,"gpath_trio"
"19650","Z93930.2","Exc L3-4 RORB CUX2",0.0402210958480217,3.91948153652281,1.16739406144578,0.280938510277048,0.42190966538927,0.42190966538927,"gpath_trio"
"19651","ZNRF3","Exc L3-4 RORB CUX2",0.106750159823748,6.62177635792276,26.5929909867088,4.98154193527064e-07,5.55569975368078e-06,5.55569975368078e-06,"gpath_trio"
"19652","ZNRF3-AS1","Exc L3-4 RORB CUX2",-0.325089067522492,0.493432650080742,17.5271541500259,3.87988178928788e-05,0.000258423952125728,0.000258423952125728,"gpath_trio"
"19653","KREMEN1","Exc L3-4 RORB CUX2",0.0613577988705933,4.07366065380843,4.20559229435489,0.0412932982399056,0.0946374413953989,0.0946374413953989,"gpath_trio"
"19654","AL021393.1","Exc L3-4 RORB CUX2",-0.254329933955631,-0.366542759310185,6.20830268737084,0.0133390493369795,0.0376595746394573,0.0376595746394573,"gpath_trio"
"19655","EMID1","Exc L3-4 RORB CUX2",0.0883488245380147,2.21425444744093,1.43130848218463,0.232640814803622,0.364772552938763,0.364772552938763,"gpath_trio"
"19656","RHBDD3","Exc L3-4 RORB CUX2",0.0648488575722296,4.62159441450721,7.86470496350988,0.00542129064948409,0.0178279606932912,0.0178279606932912,"gpath_trio"
"19657","EWSR1","Exc L3-4 RORB CUX2",-0.000896577231636222,5.93484341334701,0.00209085602160131,0.963563836300909,0.981290715100122,0.981290715100122,"gpath_trio"
"19658","GAS2L1","Exc L3-4 RORB CUX2",-0.096757850758943,4.57684173634478,16.3611743369504,6.90501809552838e-05,0.000423430820903602,0.000423430820903602,"gpath_trio"
"19659","RASL10A","Exc L3-4 RORB CUX2",-0.0965141291751143,4.38182114267485,5.0316384985502,0.0257308874085051,0.0641206340744305,0.0641206340744305,"gpath_trio"
"19660","AP1B1","Exc L3-4 RORB CUX2",-0.0275212985375107,5.38308286435776,2.79526325962553,0.0957461929574162,0.184373336156903,0.184373336156903,"gpath_trio"
"19661","RFPL1S","Exc L3-4 RORB CUX2",0.0302750154725597,6.71546971404064,2.05640515817327,0.152768902373712,0.264991196405266,0.264991196405266,"gpath_trio"
"19662","RFPL1","Exc L3-4 RORB CUX2",-0.127749768780335,-0.0378609663071486,1.74185303890816,0.188065046309991,0.31062516064666,0.31062516064666,"gpath_trio"
"19663","AC000035.1","Exc L3-4 RORB CUX2",-0.0547149686175084,-0.0524002678746899,0.312184557630304,0.576823612177726,0.710161492383329,0.710161492383329,"gpath_trio"
"19664","NEFH","Exc L3-4 RORB CUX2",-0.137490054186598,4.33059919531974,6.17449343941594,0.013590147239461,0.0382187371837365,0.0382187371837365,"gpath_trio"
"19665","THOC5","Exc L3-4 RORB CUX2",0.0359949951531316,4.38021072822827,3.00569027233203,0.0841580339864287,0.166967089750831,0.166967089750831,"gpath_trio"
"19666","NIPSNAP1","Exc L3-4 RORB CUX2",0.00705410488186277,4.50101565014102,0.076844795918573,0.781839941896467,0.872046476996405,0.872046476996405,"gpath_trio"
"19667","NF2","Exc L3-4 RORB CUX2",0.049800673422697,5.39284782050683,6.81893047609305,0.00954369197894131,0.0284575799106032,0.0284575799106032,"gpath_trio"
"19668","ZMAT5","Exc L3-4 RORB CUX2",0.0173703006472946,3.01438790692424,0.26966886628285,0.603995739369908,0.732440586751692,0.732440586751692,"gpath_trio"
"19669","UQCR10","Exc L3-4 RORB CUX2",-0.273824414156504,5.21599160068306,90.0270503758753,1.5758113316258e-18,3.1993752278677e-16,3.1993752278677e-16,"gpath_trio"
"19670","ASCC2","Exc L3-4 RORB CUX2",0.0129705149312956,4.65063290045454,0.386425086258905,0.534729194340038,0.673838944148049,0.673838944148049,"gpath_trio"
"19671","MTMR3","Exc L3-4 RORB CUX2",0.0459089616924432,6.13555083179965,8.57839142582485,0.00370352177029223,0.0128647644138508,0.0128647644138508,"gpath_trio"
"19672","AC003681.1","Exc L3-4 RORB CUX2",-0.246544739178858,-0.192726162090235,6.21526634560913,0.0132879301333668,0.0375257545409679,0.0375257545409679,"gpath_trio"
"19673","HORMAD2-AS1","Exc L3-4 RORB CUX2",-0.165635567131568,-0.676903871274548,2.57950164551094,0.109469516549583,0.205112882475679,0.205112882475679,"gpath_trio"
"19674","HORMAD2","Exc L3-4 RORB CUX2",-0.0446196741084673,-0.426724408723601,0.191540803770888,0.705415622111354,0.815340027275655,0.815340027275655,"gpath_trio"
"19675","CASTOR1","Exc L3-4 RORB CUX2",-0.0188639200326017,0.208955866926507,0.0497126434631803,0.823739111913295,0.898952592786863,0.898952592786863,"gpath_trio"
"19676","TBC1D10A","Exc L3-4 RORB CUX2",0.102513232195502,2.01599602137531,4.69270838456373,0.0311996893761211,0.0751586547060589,0.0751586547060589,"gpath_trio"
"19677","SF3A1","Exc L3-4 RORB CUX2",-0.158732396451419,3.69909486763481,43.3982610902519,2.46434032151552e-10,6.32545368785948e-09,6.32545368785948e-09,"gpath_trio"
"19678","CCDC157","Exc L3-4 RORB CUX2",-0.118773647420337,2.54711584271374,12.9422325244975,0.000384456795774335,0.00187398305260865,0.00187398305260865,"gpath_trio"
"19679","RNF215","Exc L3-4 RORB CUX2",0.0215545122339004,3.88144777133306,0.594128158327287,0.734187438667492,0.836707426713927,0.836707426713927,"gpath_trio"
"19680","SEC14L2","Exc L3-4 RORB CUX2",0.171252240924846,2.61051985336458,11.863546040597,0.000667134047886662,0.00300882848084024,0.00300882848084024,"gpath_trio"
"19681","SEC14L4","Exc L3-4 RORB CUX2",-0.024970733011943,0.462604112910687,0.0816944307861803,0.775241748686882,0.867278600407999,0.867278600407999,"gpath_trio"
"19682","SEC14L6","Exc L3-4 RORB CUX2",0.0928094459701824,1.36043885260609,1.42236290598765,0.234102118393637,0.366408862574991,0.366408862574991,"gpath_trio"
"19683","GAL3ST1","Exc L3-4 RORB CUX2",0.21746824730426,1.77013510640342,11.4246012128475,0.000836105646290496,0.00363387148080801,0.00363387148080801,"gpath_trio"
"19684","PES1","Exc L3-4 RORB CUX2",-0.133827567845367,3.0809959208049,17.6986678705544,3.56571997135717e-05,0.000239316036001766,0.000239316036001766,"gpath_trio"
"19685","SLC35E4","Exc L3-4 RORB CUX2",0.0423404211206639,4.06655128199328,2.97776840582001,0.085603679553011,0.169285849341501,0.169285849341501,"gpath_trio"
"19686","DUSP18","Exc L3-4 RORB CUX2",0.131835786348334,4.27454237584199,17.5056933479709,3.92111650509732e-05,0.000260654120231758,0.000260654120231758,"gpath_trio"
"19687","OSBP2","Exc L3-4 RORB CUX2",0.0905670561352374,7.8056163317211,23.3964121992865,2.26009163006891e-06,2.1297220288015e-05,2.1297220288015e-05,"gpath_trio"
"19688","MORC2-AS1","Exc L3-4 RORB CUX2",-0.184462418496772,1.41993880721909,9.31825579138959,0.00250405570184797,0.00925940685204963,0.00925940685204963,"gpath_trio"
"19689","MORC2","Exc L3-4 RORB CUX2",-0.0326629815396592,3.75612747997208,1.89134435405129,0.17023413584038,0.287620273894955,0.287620273894955,"gpath_trio"
"19690","SELENOM","Exc L3-4 RORB CUX2",-0.244448440168782,4.32465994555984,32.9972418483951,2.57210134198562e-08,3.98251301416423e-07,3.98251301416423e-07,"gpath_trio"
"19691","INPP5J","Exc L3-4 RORB CUX2",0.0213758543034325,2.49271181463277,0.257955953811585,0.61195851670403,0.739208662106563,0.739208662106563,"gpath_trio"
"19692","RNF185","Exc L3-4 RORB CUX2",0.0930500056103421,4.6285054319295,9.68198014353879,0.00206835857715399,0.00785859402901728,0.00785859402901728,"gpath_trio"
"19693","LIMK2","Exc L3-4 RORB CUX2",0.226217516147185,3.43749214753076,27.4604944172396,3.31778518232488e-07,3.90299218970289e-06,3.90299218970289e-06,"gpath_trio"
"19694","PIK3IP1","Exc L3-4 RORB CUX2",-0.00960582336911249,3.27170593157771,0.0704221625389076,0.790933378315936,0.878113631274709,0.878113631274709,"gpath_trio"
"19695","PIK3IP1-AS1","Exc L3-4 RORB CUX2",-0.0203165536072399,2.39368997478413,0.241096585213456,0.623829399806808,0.748706611606327,0.748706611606327,"gpath_trio"
"19696","PATZ1","Exc L3-4 RORB CUX2",-0.130948106862278,2.29568673482634,10.5994263292399,0.00128136217691318,0.00523627342905071,0.00523627342905071,"gpath_trio"
"19697","LINC01521","Exc L3-4 RORB CUX2",0.0828759612704795,0.998739396151167,1.46781481606949,0.226790705949756,0.357712648935683,0.357712648935683,"gpath_trio"
"19698","DRG1","Exc L3-4 RORB CUX2",-0.0462984044447339,4.88174963938246,5.75862636788369,0.0171119147875162,0.046172646895565,0.046172646895565,"gpath_trio"
"19699","EIF4ENIF1","Exc L3-4 RORB CUX2",-0.0388544817745541,5.23249824851468,5.04025439670998,0.0256057172316207,0.0639034321063765,0.0639034321063765,"gpath_trio"
"19700","SFI1","Exc L3-4 RORB CUX2",0.0303271848611423,5.93083897339073,2.04785830240903,0.15362126537462,0.266057947371702,0.266057947371702,"gpath_trio"
"19701","PISD","Exc L3-4 RORB CUX2",0.00121498872266263,6.25046484902776,0.00509853367847711,0.943131104502411,0.972272285339777,0.972272285339777,"gpath_trio"
"19702","PRR14L","Exc L3-4 RORB CUX2",0.120060053663523,6.45150819951246,53.5703697608346,3.1116721945707e-12,1.31334699844067e-10,1.31334699844067e-10,"gpath_trio"
"19703","Z82190.2","Exc L3-4 RORB CUX2",0.132316033604692,3.01999360611699,13.1437724329778,0.000347025709259725,0.00171557061610266,0.00171557061610266,"gpath_trio"
"19704","YWHAH","Exc L3-4 RORB CUX2",-0.129212569810243,7.59402258684051,15.49695977544,0.000106156977496657,0.000614729340124875,0.000614729340124875,"gpath_trio"
"19705","SLC5A1","Exc L3-4 RORB CUX2",-0.0684615180294201,-0.145615700891116,0.543732477146655,0.723453575942767,0.828781778129881,0.828781778129881,"gpath_trio"
"19706","RFPL2","Exc L3-4 RORB CUX2",0.167182092122956,5.17148988809037,7.04280258318013,0.00844879341652713,0.0257212022300339,0.0257212022300339,"gpath_trio"
"19707","SLC5A4-AS1","Exc L3-4 RORB CUX2",0.220239761443466,6.90807175406016,12.3282321796648,0.000525810100595387,0.00244823881364226,0.00244823881364226,"gpath_trio"
"19708","SLC5A4","Exc L3-4 RORB CUX2",-0.171793549446859,2.18799425311138,6.0995259113025,0.0141645355740952,0.0395419268309631,0.0395419268309631,"gpath_trio"
"19709","AL008723.1","Exc L3-4 RORB CUX2",-0.0444283526765692,2.5530132807252,0.220012526905203,0.639423431311957,0.761567031539504,0.761567031539504,"gpath_trio"
"19710","AL008723.3","Exc L3-4 RORB CUX2",0.194128839561687,1.1864547723718,5.26628933965517,0.0225393011812091,0.0576410700127892,0.0576410700127892,"gpath_trio"
"19711","AL021937.3","Exc L3-4 RORB CUX2",-0.404028981472075,-1.61570281266795,3.0010323488153,0.0843973399935946,0.167313983883747,0.167313983883747,"gpath_trio"
"19712","RFPL3S","Exc L3-4 RORB CUX2",0.0443351799180957,1.1430635972972,0.535557516304479,0.464938775325135,0.61048745800095,0.61048745800095,"gpath_trio"
"19713","RTCB","Exc L3-4 RORB CUX2",-0.0679401254782891,4.96259428335699,11.8250590528418,0.000680447453417608,0.00305610582651386,0.00305610582651386,"gpath_trio"
"19714","BPIFC","Exc L3-4 RORB CUX2",-0.110795840736499,0.802418324691425,3.19936644411761,0.0748309249652928,0.152357847530001,0.152357847530001,"gpath_trio"
"19715","FBXO7","Exc L3-4 RORB CUX2",-0.0206249594512149,4.56780835146894,0.930907497270609,0.335523740621034,0.481964504594472,0.481964504594472,"gpath_trio"
"19716","SYN3","Exc L3-4 RORB CUX2",0.122567126325312,10.1086824361013,20.8166324424878,7.7967816323145e-06,6.34786398030448e-05,6.34786398030448e-05,"gpath_trio"
"19717","TIMP3","Exc L3-4 RORB CUX2",-0.412979997062804,5.43429413919126,48.3819706795912,2.83590060157214e-11,9.42574870456639e-10,9.42574870456639e-10,"gpath_trio"
"19718","LARGE1","Exc L3-4 RORB CUX2",0.13139641660811,8.8164798409054,51.9496941137239,6.17830593956365e-12,2.39246300058919e-10,2.39246300058919e-10,"gpath_trio"
"19719","Z73429.1","Exc L3-4 RORB CUX2",-0.0767324794725868,-1.04046251210711,0.343193938684526,0.558499554534968,0.694780373966255,0.694780373966255,"gpath_trio"
"19720","LINC01643","Exc L3-4 RORB CUX2",-0.199242174927174,0.499343945547844,8.41629022262694,0.00403705209836758,0.013837500184262,0.013837500184262,"gpath_trio"
"19721","Z82196.1","Exc L3-4 RORB CUX2",0.0901257865146075,-0.278097000396979,0.834279238103312,0.361884236608717,0.509776181649271,0.509776181649271,"gpath_trio"
"19722","Z82196.2","Exc L3-4 RORB CUX2",0.163369148019817,1.7597266724814,5.97860814156719,0.0151445526070344,0.0418263311220971,0.0418263311220971,"gpath_trio"
"19723","ISX-AS1","Exc L3-4 RORB CUX2",-0.100612412447413,0.32241044012694,1.29545065075832,0.256093559372061,0.39329280355723,0.39329280355723,"gpath_trio"
"19724","HMGXB4","Exc L3-4 RORB CUX2",-0.101474312365048,5.19549154461758,21.7530948726366,4.96426182141521e-06,4.27278081258753e-05,4.27278081258753e-05,"gpath_trio"
"19725","TOM1","Exc L3-4 RORB CUX2",0.00998444060392345,4.56724502501725,0.186284974944669,0.666384422294748,0.783741734860473,0.783741734860473,"gpath_trio"
"19726","RASD2","Exc L3-4 RORB CUX2",0.0309017358392108,3.72538530882223,0.46465950963265,0.496061079389409,0.639450020872872,0.639450020872872,"gpath_trio"
"19727","RBFOX2","Exc L3-4 RORB CUX2",0.0298891787426861,8.51192624465248,6.61354451671394,0.0106769275881209,0.0312093616473977,0.0312093616473977,"gpath_trio"
"19728","Z82217.1","Exc L3-4 RORB CUX2",-0.288205943560235,0.233161085920077,11.752497920923,0.000706287650781527,0.00314972443733804,0.00314972443733804,"gpath_trio"
"19729","Z95114.4","Exc L3-4 RORB CUX2",0.0527383117688219,1.3496421295006,0.893864192163366,0.345310057481407,0.492306579724923,0.492306579724923,"gpath_trio"
"19730","APOL2","Exc L3-4 RORB CUX2",-0.0499485751332493,4.94030183016741,2.76362828804486,0.0976343387062878,0.187207424938383,0.187207424938383,"gpath_trio"
"19731","APOL1","Exc L3-4 RORB CUX2",-0.189193084949209,-0.596331506125109,3.02946389302552,0.0829480692096464,0.165053486172662,0.165053486172662,"gpath_trio"
"19732","MYH9","Exc L3-4 RORB CUX2",0.0248054284604071,6.23375301119208,1.12721669398136,0.28935496028152,0.431497991254318,0.431497991254318,"gpath_trio"
"19733","FO393418.1","Exc L3-4 RORB CUX2",0.0598409366478298,2.00629567860756,1.56259343096,0.225726822712787,0.356424720061868,0.356424720061868,"gpath_trio"
"19734","TXN2","Exc L3-4 RORB CUX2",-0.112906009568541,4.07113674537873,25.2515462677152,9.3699264850751e-07,9.75429653438545e-06,9.75429653438545e-06,"gpath_trio"
"19735","FOXRED2","Exc L3-4 RORB CUX2",0.0010837833173278,3.19220784119607,0.000701842863106841,0.978884983153016,0.988832329215488,0.988832329215488,"gpath_trio"
"19736","EIF3D","Exc L3-4 RORB CUX2",-0.0977020252791558,3.83281164374556,12.6702629873028,0.000441565103022952,0.00210803974289826,0.00210803974289826,"gpath_trio"
"19737","CACNG2","Exc L3-4 RORB CUX2",0.150894154132402,6.99353964525306,73.7860192342618,8.16129576896214e-16,8.00237881949597e-14,8.00237881949597e-14,"gpath_trio"
"19738","AL049749.1","Exc L3-4 RORB CUX2",0.0163355010945504,1.61698151507708,0.0905021668293243,0.763780144805732,0.8591728141319,0.8591728141319,"gpath_trio"
"19739","IFT27","Exc L3-4 RORB CUX2",-0.0611491630185171,3.69713835690915,3.68093641732528,0.056132870192129,0.120772171923451,0.120772171923451,"gpath_trio"
"19740","MPST","Exc L3-4 RORB CUX2",0.135875543387299,0.669918969196044,3.76035573042604,0.0535632336200785,0.116347786206404,0.116347786206404,"gpath_trio"
"19741","KCTD17","Exc L3-4 RORB CUX2",-0.0729696292564429,5.02804287948195,10.547747674672,0.00131623465281843,0.00535815861997818,0.00535815861997818,"gpath_trio"
"19742","IL2RB","Exc L3-4 RORB CUX2",-0.251589430133876,-0.730434948186409,5.21664639453089,0.0231782350645945,0.0589091575243378,0.0589091575243378,"gpath_trio"
"19743","Z82188.2","Exc L3-4 RORB CUX2",0.112525478172174,1.61361611809027,4.12644080847222,0.0432351562434363,0.0980518522045108,0.0980518522045108,"gpath_trio"
"19744","C1QTNF6","Exc L3-4 RORB CUX2",0.0489228404530779,1.96904427406341,0.801541309789921,0.371461008576568,0.519818675732279,0.519818675732279,"gpath_trio"
"19745","SSTR3","Exc L3-4 RORB CUX2",-0.0541807808377409,2.77978629110567,1.90124648220265,0.169123912481772,0.286223885103577,0.286223885103577,"gpath_trio"
"19746","RAC2","Exc L3-4 RORB CUX2",-0.255553071310242,-0.740325567175632,4.78005405641236,0.029682965035234,0.0720729112511548,0.0720729112511548,"gpath_trio"
"19747","ELFN2","Exc L3-4 RORB CUX2",0.100963947117808,4.90663543654641,16.4143363009144,6.72527043714438e-05,0.000414803824730626,0.000414803824730626,"gpath_trio"
"19748","GGA1","Exc L3-4 RORB CUX2",-0.0120115347606196,4.96072911581044,0.398375834809707,0.647079389780337,0.76784064750137,0.76784064750137,"gpath_trio"
"19749","Z83844.2","Exc L3-4 RORB CUX2",-0.387968804293112,0.843931682021624,22.8049105361917,2.99775481995345e-06,2.73416381069443e-05,2.73416381069443e-05,"gpath_trio"
"19750","LGALS1","Exc L3-4 RORB CUX2",-0.302163061574358,3.71439574645946,30.9905697055399,6.45182418405443e-08,9.0518465169192e-07,9.0518465169192e-07,"gpath_trio"
"19751","NOL12","Exc L3-4 RORB CUX2",0.186628927734645,-0.55186571030689,3.78376248960469,0.052830048586497,0.115164368474617,0.115164368474617,"gpath_trio"
"19752","Z83844.1","Exc L3-4 RORB CUX2",0.0109143777811886,2.15228316729349,0.0321260559698542,0.857890869335691,0.921665066768602,0.921665066768602,"gpath_trio"
"19753","TRIOBP","Exc L3-4 RORB CUX2",0.100631258809657,2.62854125641286,3.23109508270536,0.073412583501619,0.1499695091277,0.1499695091277,"gpath_trio"
"19754","H1F0","Exc L3-4 RORB CUX2",-0.101784880761183,3.78425267957625,7.69301693558525,0.00594508136160605,0.0192276397034951,0.0192276397034951,"gpath_trio"
"19755","GCAT","Exc L3-4 RORB CUX2",-0.0574492283765847,3.59649084550347,3.70746171859001,0.0552603110122204,0.119301955556078,0.119301955556078,"gpath_trio"
"19756","GALR3","Exc L3-4 RORB CUX2",0.0972784401833622,-0.913864676210955,0.592849720250257,0.442018241935665,0.588861465336242,0.588861465336242,"gpath_trio"
"19757","ANKRD54","Exc L3-4 RORB CUX2",-0.0987720130119488,3.91716139269597,19.8977193978249,1.21695849897448e-05,9.43224652970037e-05,9.43224652970037e-05,"gpath_trio"
"19758","EIF3L","Exc L3-4 RORB CUX2",-0.0457654262287399,5.12145285368412,4.48577159435857,0.035127161176743,0.0829459827646056,0.0829459827646056,"gpath_trio"
"19759","C22orf23","Exc L3-4 RORB CUX2",0.0263644206000317,-0.08669657733962,0.102346801860464,0.759937407420339,0.856569484032925,0.856569484032925,"gpath_trio"
"19760","POLR2F","Exc L3-4 RORB CUX2",0.0251853173290691,5.07793541012731,0.785398307035597,0.376314142914814,0.524536260419122,0.524536260419122,"gpath_trio"
"19761","PICK1","Exc L3-4 RORB CUX2",-0.0661724354195943,5.28582667018044,8.4616548130822,0.00394072447230489,0.0135603131892804,0.0135603131892804,"gpath_trio"
"19762","AL031587.2","Exc L3-4 RORB CUX2",-0.367240791503616,1.88998795113189,44.0520239817412,1.85152023162907e-10,4.88293080694333e-09,4.88293080694333e-09,"gpath_trio"
"19763","SLC16A8","Exc L3-4 RORB CUX2",-0.17691851025017,-0.478191233684497,2.41793495156995,0.121169305801267,0.221912908408097,0.221912908408097,"gpath_trio"
"19764","BAIAP2L2","Exc L3-4 RORB CUX2",-0.226128927183438,4.14816206583601,21.087511310437,6.8407211606114e-06,5.65157860013657e-05,5.65157860013657e-05,"gpath_trio"
"19765","AL022322.1","Exc L3-4 RORB CUX2",0.151028672133637,0.352722973840675,3.60073953762944,0.0588616411997456,0.125505560262615,0.125505560262615,"gpath_trio"
"19766","PLA2G6","Exc L3-4 RORB CUX2",0.01893773502744,3.59293782698526,0.463284199612961,0.496698755096323,0.640108424405514,0.640108424405514,"gpath_trio"
"19767","AL022322.2","Exc L3-4 RORB CUX2",-0.262704367513121,0.284464822494939,12.5555059899982,0.000468181415993952,0.00221830908118318,0.00221830908118318,"gpath_trio"
"19768","MAFF","Exc L3-4 RORB CUX2",-0.225443028533242,-0.530107146845354,3.80101992009433,0.0522963320371906,0.114247807130517,0.114247807130517,"gpath_trio"
"19769","TMEM184B","Exc L3-4 RORB CUX2",0.0517447502211889,5.99785964385433,7.4842380183636,0.0066527670087526,0.0211070253815983,0.0211070253815983,"gpath_trio"
"19770","CSNK1E","Exc L3-4 RORB CUX2",0.0195857789971108,5.38703132751957,0.415861638419533,0.519577838577479,0.660480303276456,0.660480303276456,"gpath_trio"
"19771","TPTEP2-CSNK1E","Exc L3-4 RORB CUX2",0.0117240850117118,6.18170449281334,0.257088807674852,0.612557024633862,0.739444622269381,0.739444622269381,"gpath_trio"
"19772","KCNJ4","Exc L3-4 RORB CUX2",-0.1396340383989,5.41818876113974,21.5800217951759,5.39530384200165e-06,4.59477648849233e-05,4.59477648849233e-05,"gpath_trio"
"19773","KDELR3","Exc L3-4 RORB CUX2",-0.0718783004253981,0.538426442756631,1.19346840643757,0.27564224685851,0.415750772306402,0.415750772306402,"gpath_trio"
"19774","DDX17","Exc L3-4 RORB CUX2",-0.0288234624226994,7.92584787926033,2.56488231956902,0.110474902843359,0.206660284178467,0.206660284178467,"gpath_trio"
"19775","DMC1","Exc L3-4 RORB CUX2",-0.13312279106371,1.21949438159807,4.89418745109301,0.0735227312089714,0.15017931579842,0.15017931579842,"gpath_trio"
"19776","FAM227A","Exc L3-4 RORB CUX2",0.090337489377422,4.78649264066432,11.0856184017328,0.000995981390569229,0.00422851947700636,0.00422851947700636,"gpath_trio"
"19777","CBY1","Exc L3-4 RORB CUX2",0.0426636407754672,4.65164558056499,4.30303914653176,0.0390283725382239,0.0904223031647529,0.0904223031647529,"gpath_trio"
"19778","AL021707.2","Exc L3-4 RORB CUX2",0.0208639787543497,1.39079717057196,0.14678769029389,0.795477284040992,0.880500872332211,0.880500872332211,"gpath_trio"
"19779","TOMM22","Exc L3-4 RORB CUX2",-0.21692399067168,3.34390571235569,39.5162789732208,1.36591619878147e-09,2.91307718724536e-08,2.91307718724536e-08,"gpath_trio"
"19780","JOSD1","Exc L3-4 RORB CUX2",-0.0265765785378798,5.21923532429468,1.82167628790449,0.388155357410996,0.536069313973358,0.536069313973358,"gpath_trio"
"19781","GTPBP1","Exc L3-4 RORB CUX2",-0.0279697818122048,3.56854603398952,1.040362988959,0.538608580513607,0.677289211659313,0.677289211659313,"gpath_trio"
"19782","SUN2","Exc L3-4 RORB CUX2",-0.0624280257785534,4.88350684451032,4.89296452422686,0.0278359955573637,0.0683034797336187,0.0683034797336187,"gpath_trio"
"19783","AL021707.1","Exc L3-4 RORB CUX2",-0.275242388048767,1.02615189423597,17.2487292631226,4.4507305690994e-05,0.000291253614114759,0.000291253614114759,"gpath_trio"
"19784","NPTXR","Exc L3-4 RORB CUX2",-0.0402366982758823,6.76987695549513,2.19380609854099,0.139777343815433,0.247673275204317,0.247673275204317,"gpath_trio"
"19785","CBX6","Exc L3-4 RORB CUX2",-0.0499019767116743,6.353075112812,4.93778904259417,0.0271365082999952,0.0668880946795849,0.0668880946795849,"gpath_trio"
"19786","APOBEC3H","Exc L3-4 RORB CUX2",-0.531174587437866,-0.287943630607014,23.6444418919511,2.00815380575345e-06,1.91648547923727e-05,1.91648547923727e-05,"gpath_trio"
"19787","CBX7","Exc L3-4 RORB CUX2",-0.103923341029953,5.35361729532543,22.1996407751812,4.0059661694623e-06,3.53390325618285e-05,3.53390325618285e-05,"gpath_trio"
"19788","AL031846.2","Exc L3-4 RORB CUX2",-0.346250822045565,1.41360559200683,17.7327277343371,3.50646500050138e-05,0.000236203443689867,0.000236203443689867,"gpath_trio"
"19789","PDGFB","Exc L3-4 RORB CUX2",-0.114672447239203,2.83430458600765,7.80733063979842,0.00559084178116645,0.0183109144375054,0.0183109144375054,"gpath_trio"
"19790","AL031590.1","Exc L3-4 RORB CUX2",0.0780369370483279,4.24923643712869,4.26638743825064,0.0398644677314205,0.0920317698227953,0.0920317698227953,"gpath_trio"
"19791","RPL3","Exc L3-4 RORB CUX2",-0.263053283400218,4.91011870625541,48.6802696140836,2.49476632392503e-11,8.51639773015017e-10,8.51639773015017e-10,"gpath_trio"
"19792","SYNGR1","Exc L3-4 RORB CUX2",-0.0104423935318163,6.60880572953874,0.292236457873233,0.589253690026199,0.7206712655358,0.7206712655358,"gpath_trio"
"19793","TAB1","Exc L3-4 RORB CUX2",0.0554179622780868,4.81802929277534,6.78827042843064,0.00970464831068274,0.0288777698625404,0.0288777698625404,"gpath_trio"
"19794","MGAT3","Exc L3-4 RORB CUX2",0.0804126899935192,5.87526921717571,17.4152031771667,4.09992224954597e-05,0.000271022055650688,0.000271022055650688,"gpath_trio"
"19795","MIEF1","Exc L3-4 RORB CUX2",-0.105688432043495,3.37045629655545,12.3600831071026,0.000517318251171685,0.00241427150529464,0.00241427150529464,"gpath_trio"
"19796","ATF4","Exc L3-4 RORB CUX2",-0.188446028785729,4.54036841289514,29.4937896323694,1.28782554506992e-07,1.6860402577408e-06,1.6860402577408e-06,"gpath_trio"
"19797","RPS19BP1","Exc L3-4 RORB CUX2",-0.25029654408794,3.58551410134982,43.7501033294805,2.11268969637724e-10,5.51403811441279e-09,5.51403811441279e-09,"gpath_trio"
"19798","CACNA1I","Exc L3-4 RORB CUX2",0.155463366087276,5.28077534952384,33.3518101031307,2.18811523279356e-08,3.48698458306557e-07,3.48698458306557e-07,"gpath_trio"
"19799","ENTHD1","Exc L3-4 RORB CUX2",0.12078477671335,0.132067649342548,1.99223181635708,0.159303237791109,0.273573614439532,0.273573614439532,"gpath_trio"
"19800","GRAP2","Exc L3-4 RORB CUX2",-0.262646269031279,0.518675572924787,11.2904239672987,0.000896006198823749,0.00385271207614432,0.00385271207614432,"gpath_trio"
"19801","FAM83F","Exc L3-4 RORB CUX2",-0.121956743586596,-0.810007591787724,1.2709473595291,0.30710494071812,0.451230222051421,0.451230222051421,"gpath_trio"
"19802","TNRC6B","Exc L3-4 RORB CUX2",0.0425911874578917,8.99751870128914,15.0621349226051,0.000131929875283075,0.000739721532783645,0.000739721532783645,"gpath_trio"
"19803","SGSM3","Exc L3-4 RORB CUX2",-0.0425873045241925,2.66387675942225,0.681288977558955,0.409899885718495,0.558162135149206,0.558162135149206,"gpath_trio"
"19804","AL022238.2","Exc L3-4 RORB CUX2",-0.457327560518068,2.25963423549476,46.6856790671627,5.89335694028261e-11,1.78258585112746e-09,1.78258585112746e-09,"gpath_trio"
"19805","MKL1","Exc L3-4 RORB CUX2",0.0842401192437126,7.49436064109744,38.1813073516736,2.4761639273153e-09,4.99566072335862e-08,4.99566072335862e-08,"gpath_trio"
"19806","AL031594.1","Exc L3-4 RORB CUX2",-0.0795023215332459,-0.357988227894589,0.642174518164249,0.637096411052011,0.759613503514823,0.759613503514823,"gpath_trio"
"19807","MCHR1","Exc L3-4 RORB CUX2",-0.232644221280607,1.52803849651832,15.0454973231304,0.000133033380984133,0.000745127279665431,0.000745127279665431,"gpath_trio"
"19808","SLC25A17","Exc L3-4 RORB CUX2",-0.00256364913903597,4.40107020536032,0.00800972130928279,0.948524880897522,0.974875814698394,0.974875814698394,"gpath_trio"
"19809","ST13","Exc L3-4 RORB CUX2",-0.0500315790600133,5.59589916632105,7.11855366532747,0.00810834072153654,0.0248308703790224,0.0248308703790224,"gpath_trio"
"19810","XPNPEP3","Exc L3-4 RORB CUX2",0.0428305411567323,4.95937723571319,5.42099828980332,0.0206632969380678,0.0537011484896971,0.0537011484896971,"gpath_trio"
"19811","RBX1","Exc L3-4 RORB CUX2",-0.139629630169691,5.77230700055382,31.9027425919777,4.24331362121697e-08,6.28552513274981e-07,6.28552513274981e-07,"gpath_trio"
"19812","EP300","Exc L3-4 RORB CUX2",0.0745878180521756,6.52363922952728,26.9330874893559,4.2469555429602e-07,4.84080949600124e-06,4.84080949600124e-06,"gpath_trio"
"19813","AL035658.1","Exc L3-4 RORB CUX2",-0.33306485693281,-0.134684064580553,12.288502281774,0.000536601543912007,0.00249101153898406,0.00249101153898406,"gpath_trio"
"19814","EP300-AS1","Exc L3-4 RORB CUX2",0.00383729222051426,-0.461792983636299,0.00109708615368052,0.973602479244966,0.985844144523866,0.985844144523866,"gpath_trio"
"19815","L3MBTL2","Exc L3-4 RORB CUX2",-0.0373147473717518,4.27211069439694,2.54940131102917,0.111550694183275,0.208209386173334,0.208209386173334,"gpath_trio"
"19816","AL035681.1","Exc L3-4 RORB CUX2",-0.356080731864092,0.871683210909534,23.7720087231691,1.88982780360218e-06,1.82078681650783e-05,1.82078681650783e-05,"gpath_trio"
"19817","CHADL","Exc L3-4 RORB CUX2",0.148539364648103,0.697883590498439,2.35706065284606,0.125932923126648,0.228623839114561,0.228623839114561,"gpath_trio"
"19818","RANGAP1","Exc L3-4 RORB CUX2",-0.00130992659946592,6.05411392177273,0.00427033856732078,0.947947278529235,0.974613277497188,0.974613277497188,"gpath_trio"
"19819","ZC3H7B","Exc L3-4 RORB CUX2",0.0292761981997208,5.54005478748574,2.4737821080192,0.116975112608937,0.215857760622455,0.215857760622455,"gpath_trio"
"19820","TEF","Exc L3-4 RORB CUX2",0.0810821281878813,5.49287575830206,6.58150826839917,0.0108658346858125,0.0316423520188031,0.0316423520188031,"gpath_trio"
"19821","AL008582.1","Exc L3-4 RORB CUX2",0.175835463819359,-0.627417809189363,2.60016065491055,0.108065972801028,0.203001024325953,0.203001024325953,"gpath_trio"
"19822","TOB2","Exc L3-4 RORB CUX2",0.0820639661435021,4.40536318506994,8.90993688747031,0.00310641059903746,0.0111061197652987,0.0111061197652987,"gpath_trio"
"19823","PHF5A","Exc L3-4 RORB CUX2",-0.0991283321292035,2.57611750088903,8.10985022219305,0.00475421230943986,0.0158959617737735,0.0158959617737735,"gpath_trio"
"19824","ACO2","Exc L3-4 RORB CUX2",-0.0162674802663668,6.25533634089364,0.997033083919199,0.329310341770207,0.475680972665135,0.475680972665135,"gpath_trio"
"19825","POLR3H","Exc L3-4 RORB CUX2",-0.104333257941905,4.19808064043024,20.9707340862596,7.23742771598759e-06,5.92593766923903e-05,5.92593766923903e-05,"gpath_trio"
"19826","CSDC2","Exc L3-4 RORB CUX2",0.0312563515478432,3.04250635621202,0.619908805423556,0.431798295182736,0.579126565228887,0.579126565228887,"gpath_trio"
"19827","PMM1","Exc L3-4 RORB CUX2",-0.143630722293778,3.97491479139473,20.7989602988524,7.86366107525817e-06,6.3971517013441e-05,6.3971517013441e-05,"gpath_trio"
"19828","DESI1","Exc L3-4 RORB CUX2",0.00053530798147507,4.59261531713419,0.000838694833130999,0.976918526555531,0.987837373358954,0.987837373358954,"gpath_trio"
"19829","XRCC6","Exc L3-4 RORB CUX2",-0.0518180439157625,5.6049737685644,7.40171939053194,0.00695584905874562,0.0218725459414266,0.0218725459414266,"gpath_trio"
"19830","SNU13","Exc L3-4 RORB CUX2",-0.224054113533614,5.64274894090867,79.7586417226351,7.90325934095836e-17,9.72245470755091e-15,9.72245470755091e-15,"gpath_trio"
"19831","C22orf46","Exc L3-4 RORB CUX2",0.0201107822964815,2.58760840085353,0.232858567518375,0.629818305556269,0.753607989715778,0.753607989715778,"gpath_trio"
"19832","MEI1","Exc L3-4 RORB CUX2",-0.0300099312318013,1.7312530581939,0.321711946188679,0.571070002492856,0.70561840398661,0.70561840398661,"gpath_trio"
"19833","CCDC134","Exc L3-4 RORB CUX2",-0.000886267111096516,2.28319408535291,0.00039647906029545,0.984129017884137,0.992119419395513,0.992119419395513,"gpath_trio"
"19834","AL021453.1","Exc L3-4 RORB CUX2",0.0479276751927746,0.592238503412866,0.362204963853664,0.547808615573595,0.685993347352572,0.685993347352572,"gpath_trio"
"19835","SREBF2","Exc L3-4 RORB CUX2",0.0212453796314425,7.12005184511442,0.951842403862514,0.330157594054559,0.47656360163488,0.47656360163488,"gpath_trio"
"19836","SEPT3","Exc L3-4 RORB CUX2",-0.0180385816981949,6.41001805863493,1.10540478428776,0.294059201814873,0.436834135675949,0.436834135675949,"gpath_trio"
"19837","WBP2NL","Exc L3-4 RORB CUX2",-0.0920191477071646,4.73817690029001,5.57767305888883,0.0189285415612042,0.0500436805133395,0.0500436805133395,"gpath_trio"
"19838","NAGA","Exc L3-4 RORB CUX2",-0.159485290637012,0.593552675177913,5.47462191208346,0.0200516519923101,0.0524485380493302,0.0524485380493302,"gpath_trio"
"19839","SMDT1","Exc L3-4 RORB CUX2",-0.225003381653258,3.80139695673812,52.904465285084,4.12267742987029e-12,1.68030337671986e-10,1.68030337671986e-10,"gpath_trio"
"19840","NDUFA6","Exc L3-4 RORB CUX2",-0.288409452081715,3.20681945786496,76.8659153536896,2.43517446974629e-16,2.69943103995228e-14,2.69943103995228e-14,"gpath_trio"
"19841","AC254562.3","Exc L3-4 RORB CUX2",-0.172625867511178,0.312090559867349,1.89093066666429,0.170280700932508,0.287674856917881,0.287674856917881,"gpath_trio"
"19842","TCF20","Exc L3-4 RORB CUX2",0.0981620972606097,6.62357238737306,47.9787598445797,3.37305981533536e-11,1.09760454474824e-09,1.09760454474824e-09,"gpath_trio"
"19843","OGFRP1","Exc L3-4 RORB CUX2",-0.147263570782685,0.171719934720896,3.08031911758702,0.080422715753315,0.161076967171958,0.161076967171958,"gpath_trio"
"19844","LINC01315","Exc L3-4 RORB CUX2",0.0123633723060499,0.253691695398665,0.0228834001656365,0.879877981344182,0.936262567173991,0.936262567173991,"gpath_trio"
"19845","NFAM1","Exc L3-4 RORB CUX2",-0.0164685271858794,0.490991073590084,0.0529436997081395,0.81819888863069,0.895668072605761,0.895668072605761,"gpath_trio"
"19846","RRP7A","Exc L3-4 RORB CUX2",0.0994156982679604,4.18652734072176,4.69960389014075,0.0310770462732672,0.0749556713055997,0.0749556713055997,"gpath_trio"
"19847","SERHL2","Exc L3-4 RORB CUX2",0.0196827906207874,3.57062457165064,0.236109635493018,0.627439414635907,0.751831691529336,0.751831691529336,"gpath_trio"
"19848","POLDIP3","Exc L3-4 RORB CUX2",-0.0726246331328176,3.81506258844103,9.6390101573097,0.00211551357642145,0.00800159100193152,0.00800159100193152,"gpath_trio"
"19849","CYB5R3","Exc L3-4 RORB CUX2",-0.0675154647769275,4.58487899802475,10.3314080869662,0.00147304841261832,0.00589117870162098,0.00589117870162098,"gpath_trio"
"19850","ARFGAP3","Exc L3-4 RORB CUX2",0.00465615223002201,5.00488838820951,0.0531968699583007,0.817772394989397,0.895346940300162,0.895346940300162,"gpath_trio"
"19851","PACSIN2","Exc L3-4 RORB CUX2",0.00263426082983234,5.34974857674716,0.0191107123956685,0.890156559755884,0.942823844659542,0.942823844659542,"gpath_trio"
"19852","AL022476.1","Exc L3-4 RORB CUX2",-0.175185715230785,-0.290340006164877,3.49930248462915,0.0625180088239805,0.131976648323094,0.131976648323094,"gpath_trio"
"19853","TTLL1","Exc L3-4 RORB CUX2",0.0299255319792085,4.49905039821933,1.54618324392424,0.214819783895826,0.343503934382046,0.343503934382046,"gpath_trio"
"19854","MCAT","Exc L3-4 RORB CUX2",-0.10601534526451,2.7519884797653,8.64478452867624,0.00357518819055463,0.0124812981042463,0.0124812981042463,"gpath_trio"
"19855","TTLL12","Exc L3-4 RORB CUX2",-0.0286764018405045,3.98224962596513,0.750087443683226,0.387247013391012,0.535226998367038,0.535226998367038,"gpath_trio"
"19856","MPPED1","Exc L3-4 RORB CUX2",0.043240352603411,6.3220716395309,2.84329983492104,0.0929551202274819,0.180128076929976,0.180128076929976,"gpath_trio"
"19857","EFCAB6-AS1","Exc L3-4 RORB CUX2",0.03042392308779,0.686024815490019,0.193203230088767,0.896745118266174,0.946664161195307,0.946664161195307,"gpath_trio"
"19858","EFCAB6","Exc L3-4 RORB CUX2",0.0724358063561997,5.78975184860802,11.7757027010314,0.000697917239799617,0.00311929116370343,0.00311929116370343,"gpath_trio"
"19859","Z97055.2","Exc L3-4 RORB CUX2",0.228130779079,1.02737739635434,13.907185305244,0.000235771672185681,0.0012316658431761,0.0012316658431761,"gpath_trio"
"19860","SULT4A1","Exc L3-4 RORB CUX2",-0.13403436150555,6.65413927284632,65.6214672288505,2.13470543978653e-14,1.49707294865455e-12,1.49707294865455e-12,"gpath_trio"
"19861","PNPLA5","Exc L3-4 RORB CUX2",0.062759382577639,2.12355055239027,1.40343893926932,0.237230368162558,0.370385596477295,0.370385596477295,"gpath_trio"
"19862","PNPLA3","Exc L3-4 RORB CUX2",0.226352263002419,2.49372613478321,12.6039729274992,0.000456746754591302,0.00217031105869621,0.00217031105869621,"gpath_trio"
"19863","SAMM50","Exc L3-4 RORB CUX2",-0.00694698175343771,4.03927705690108,0.0819847756350793,0.774853519440503,0.867036592052809,0.867036592052809,"gpath_trio"
"19864","PARVB","Exc L3-4 RORB CUX2",0.0520537043820308,5.07661208493462,5.19592978820605,0.0234504321418154,0.0593914723149795,0.0593914723149795,"gpath_trio"
"19865","PARVG","Exc L3-4 RORB CUX2",-0.0608784998211118,0.654710412643062,0.725214072741182,0.395222558385389,0.543369845718345,0.543369845718345,"gpath_trio"
"19866","AL031595.2","Exc L3-4 RORB CUX2",-0.0186153049776859,0.110790935198634,0.020981737574298,0.88494093674921,0.939631645028335,0.939631645028335,"gpath_trio"
"19867","SHISAL1","Exc L3-4 RORB CUX2",-0.0610693952467252,4.18038985203139,3.10075568842407,0.0794314803556513,0.159591711894257,0.159591711894257,"gpath_trio"
"19868","RTL6","Exc L3-4 RORB CUX2",-0.166700670077519,3.44061054217348,19.3479871408185,1.59011318138493e-05,0.000118945487371761,0.000118945487371761,"gpath_trio"
"19869","PRR5","Exc L3-4 RORB CUX2",0.0327138699685612,2.04737560608222,0.437193352141551,0.509065698967816,0.651096771692386,0.651096771692386,"gpath_trio"
"19870","PRR5-ARHGAP8","Exc L3-4 RORB CUX2",0.0412527666661876,0.769697929706867,0.280448308251425,0.596859405916261,0.726581700015722,0.726581700015722,"gpath_trio"
"19871","PHF21B","Exc L3-4 RORB CUX2",0.387094910949005,0.81046858178369,4.12996322167862,0.04314671678246,0.0979393576829579,0.0979393576829579,"gpath_trio"
"19872","NUP50-DT","Exc L3-4 RORB CUX2",0.0702558571760864,6.31821797613716,10.9355771697372,0.00107637570044323,0.00451192182764223,0.00451192182764223,"gpath_trio"
"19873","NUP50","Exc L3-4 RORB CUX2",-0.0946566652091696,4.49160076013134,22.2745198604635,3.86464095385218e-06,3.42570875412864e-05,3.42570875412864e-05,"gpath_trio"
"19874","KIAA0930","Exc L3-4 RORB CUX2",0.0594265567430968,7.77247238233942,5.84383756394191,0.0163201256409709,0.0443386122820613,0.0443386122820613,"gpath_trio"
"19875","AL008718.2","Exc L3-4 RORB CUX2",0.168855605572296,-0.312943517324495,3.0377676822404,0.0825299094595372,0.164456288564509,0.164456288564509,"gpath_trio"
"19876","FAM118A","Exc L3-4 RORB CUX2",-0.0126096007704209,4.34505207902114,0.0230154534521029,0.879534538964057,0.936094604536814,0.936094604536814,"gpath_trio"
"19877","SMC1B","Exc L3-4 RORB CUX2",-0.151854530323177,0.867984868204659,6.70266519499499,0.0101690429668319,0.0300293386791324,0.0300293386791324,"gpath_trio"
"19878","RIBC2","Exc L3-4 RORB CUX2",0.21594099838061,1.19143666243863,4.22441090392187,0.0408453215510601,0.0938451614044685,0.0938451614044685,"gpath_trio"
"19879","FBLN1","Exc L3-4 RORB CUX2",-0.108433746001634,-0.366124522156844,1.08335974918278,0.29891404341109,0.442060608841719,0.442060608841719,"gpath_trio"
"19880","ATXN10","Exc L3-4 RORB CUX2",-0.012011829742296,7.32603155909782,0.554235701616265,0.457264455779492,0.60292205707805,0.60292205707805,"gpath_trio"
"19881","PRR34-AS1","Exc L3-4 RORB CUX2",-0.443589144135888,-0.865415543163875,11.2945065761055,0.000894120671705973,0.00384624404086738,0.00384624404086738,"gpath_trio"
"19882","MIRLET7BHG","Exc L3-4 RORB CUX2",0.18610804247678,5.22167221509793,70.5602915698896,2.93345594775537e-15,2.63033216648731e-13,2.63033216648731e-13,"gpath_trio"
"19883","AL121672.2","Exc L3-4 RORB CUX2",0.210050782024718,0.268946485164119,7.65827090677941,0.00605726070600501,0.0195278419213249,0.0195278419213249,"gpath_trio"
"19884","CDPF1","Exc L3-4 RORB CUX2",-0.152381077451999,0.961779193670348,6.91717061302839,0.00904625339907248,0.0272359591592728,0.0272359591592728,"gpath_trio"
"19885","GTSE1","Exc L3-4 RORB CUX2",-0.0782019109357468,0.340693588794799,0.984390991629597,0.322039569434949,0.467588939427859,0.467588939427859,"gpath_trio"
"19886","TRMU","Exc L3-4 RORB CUX2",-0.0713692400068099,4.96141005642403,13.2406973651689,0.00033036415838216,0.00164651603146247,0.00164651603146247,"gpath_trio"
"19887","CELSR1","Exc L3-4 RORB CUX2",-0.126347365920325,1.03947047851281,5.91719935159344,0.0156689177147928,0.0429511433282533,0.0429511433282533,"gpath_trio"
"19888","GRAMD4","Exc L3-4 RORB CUX2",0.0535422052218263,5.34811510538511,6.87408162832547,0.00926105839337613,0.0277584093130833,0.0277584093130833,"gpath_trio"
"19889","CERK","Exc L3-4 RORB CUX2",0.0123183942322017,4.35393838471097,0.315752830348332,0.574655353112232,0.708659642361815,0.708659642361815,"gpath_trio"
"19890","AL118516.1","Exc L3-4 RORB CUX2",-0.419700422472194,2.91781603005369,59.2409274879824,2.90992386832376e-13,1.53685115296942e-11,1.53685115296942e-11,"gpath_trio"
"19891","TBC1D22A","Exc L3-4 RORB CUX2",0.0643101659803298,6.79867587318878,15.207966225677,0.000122646002078905,0.000695833265450481,0.000695833265450481,"gpath_trio"
"19892","Z82186.1","Exc L3-4 RORB CUX2",-0.108893616695741,-1.05141567708215,0.590922716783933,0.44276020440455,0.589499579216116,0.589499579216116,"gpath_trio"
"19893","LINC01644","Exc L3-4 RORB CUX2",0.0881468911259766,-0.981397079559809,0.287914998258638,0.592018560392098,0.722563487955873,0.722563487955873,"gpath_trio"
"19894","LINC00898","Exc L3-4 RORB CUX2",-0.131659649029596,0.673478373185456,2.91841168859536,0.088767473841054,0.174041184134428,0.174041184134428,"gpath_trio"
"19895","AL117329.1","Exc L3-4 RORB CUX2",0.118394250365145,8.8598335331933,12.1760302379969,0.000568388561644274,0.00261391366108348,0.00261391366108348,"gpath_trio"
"19896","FP325330.3","Exc L3-4 RORB CUX2",0.137065756641298,1.33445290957612,4.53326510407969,0.0341819927954347,0.08105567755617,0.08105567755617,"gpath_trio"
"19897","FP325330.1","Exc L3-4 RORB CUX2",-0.0256581754661084,-0.53514461351688,0.0655129224289691,0.798188026486749,0.882192744412225,0.882192744412225,"gpath_trio"
"19898","FP325330.2","Exc L3-4 RORB CUX2",0.0771110253157086,-0.73657460219621,0.296553923668814,0.586517646841615,0.718370175147497,0.718370175147497,"gpath_trio"
"19899","FAM19A5","Exc L3-4 RORB CUX2",0.0698432150784842,7.83510414158104,10.4993480090377,0.00134977169235359,0.00547039853218838,0.00547039853218838,"gpath_trio"
"19900","LINC01310","Exc L3-4 RORB CUX2",-0.0555884404168411,3.72338717787943,0.911747662247942,0.340538038770702,0.487190110069417,0.487190110069417,"gpath_trio"
"19901","C22orf34","Exc L3-4 RORB CUX2",-0.307389990511165,-0.162061547619744,5.56037643898046,0.0191123792889544,0.0504371814459981,0.0504371814459981,"gpath_trio"
"19902","BRD1","Exc L3-4 RORB CUX2",0.0473996296135219,5.3184718605678,5.763189916697,0.017068515450842,0.046092531016027,0.046092531016027,"gpath_trio"
"19903","ZBED4","Exc L3-4 RORB CUX2",0.101452761858418,4.32468722027427,16.7956786049794,5.56744126028424e-05,0.000353550920447701,0.000353550920447701,"gpath_trio"
"19904","ALG12","Exc L3-4 RORB CUX2",0.0957792812930253,2.8719386644832,6.74639378889482,0.0099290248123368,0.029410963968418,0.029410963968418,"gpath_trio"
"19905","CRELD2","Exc L3-4 RORB CUX2",-0.179333212423919,3.42781937156536,26.5102306943618,5.1789389608725e-07,5.7567544647715e-06,5.7567544647715e-06,"gpath_trio"
"19906","PIM3","Exc L3-4 RORB CUX2",-0.159367475321412,3.37122053113598,15.796311043749,9.14380444859287e-05,0.000539934964190789,0.000539934964190789,"gpath_trio"
"19907","MOV10L1","Exc L3-4 RORB CUX2",-0.0620308419080749,3.08220711525491,1.03171120209185,0.310701331487078,0.455320648126084,0.455320648126084,"gpath_trio"
"19908","PANX2","Exc L3-4 RORB CUX2",-0.04173888578827,3.80546019133959,0.988375915310579,0.321063945085065,0.466474513329337,0.466474513329337,"gpath_trio"
"19909","TRABD","Exc L3-4 RORB CUX2",0.015066821843611,3.8097955488323,0.259423327458621,0.610948607222616,0.738564949545578,0.738564949545578,"gpath_trio"
"19910","AL022328.3","Exc L3-4 RORB CUX2",0.0313629585648116,1.22268308332349,0.195402532681523,0.658825114441852,0.777889429616923,0.777889429616923,"gpath_trio"
"19911","AL022328.4","Exc L3-4 RORB CUX2",-0.180471908573001,2.64375694475962,10.6077879990014,0.00127580892138545,0.00521886556953598,0.00521886556953598,"gpath_trio"
"19912","SELENOO","Exc L3-4 RORB CUX2",0.11009486994144,6.18321078100666,27.53227553981,3.20829512463757e-07,3.79855364668797e-06,3.79855364668797e-06,"gpath_trio"
"19913","TUBGCP6","Exc L3-4 RORB CUX2",-0.0370314450282381,4.55261585346435,2.14923550109004,0.143849217492635,0.252955457414269,0.252955457414269,"gpath_trio"
"19914","HDAC10","Exc L3-4 RORB CUX2",0.0929235491629885,3.66044980790633,7.29435496652052,0.00737157494180832,0.0229260867043291,0.0229260867043291,"gpath_trio"
"19915","MAPK12","Exc L3-4 RORB CUX2",-0.113658308262522,3.9302188889886,10.4901216429999,0.00135626301808937,0.00549187101546974,0.00549187101546974,"gpath_trio"
"19916","MAPK11","Exc L3-4 RORB CUX2",0.00684555733570874,4.97924067733289,0.0652736495401833,0.798548909795318,0.882440940741663,0.882440940741663,"gpath_trio"
"19917","PLXNB2","Exc L3-4 RORB CUX2",0.0114714042031392,4.4231770349764,0.170633497667797,0.967147054850485,0.982999205227268,0.982999205227268,"gpath_trio"
"19918","DENND6B","Exc L3-4 RORB CUX2",0.0358936200993473,5.74747415106589,2.84716209490769,0.0927346073333172,0.179794669429492,0.179794669429492,"gpath_trio"
"19919","PPP6R2","Exc L3-4 RORB CUX2",0.0497787707050642,7.21799163207013,10.5863436299265,0.001290100295353,0.00526451728534521,0.00526451728534521,"gpath_trio"
"19920","SBF1","Exc L3-4 RORB CUX2",-0.0559317161821591,4.19165519303891,4.49416982680888,0.0349580473146168,0.082624016468181,0.082624016468181,"gpath_trio"
"19921","LMF2","Exc L3-4 RORB CUX2",-0.0104406410477063,4.28893892637214,0.161389678931758,0.688210292793168,0.801098699348152,0.801098699348152,"gpath_trio"
"19922","NCAPH2","Exc L3-4 RORB CUX2",-0.039983951664923,2.84374364813917,1.31660284326344,0.252257349941663,0.388673593636249,0.388673593636249,"gpath_trio"
"19923","U62317.3","Exc L3-4 RORB CUX2",0.0603513606604913,3.28692666695805,2.81624835389634,0.0945157722456006,0.182475203070687,0.182475203070687,"gpath_trio"
"19924","TYMP","Exc L3-4 RORB CUX2",-0.29980453243603,-0.314005211694275,3.69931284849948,0.055526820541093,0.119761984650048,0.119761984650048,"gpath_trio"
"19925","CHKB","Exc L3-4 RORB CUX2",0.178864540900909,1.83210344033774,17.0878005869392,4.81875247016605e-05,0.000312297883345969,0.000312297883345969,"gpath_trio"
"19926","CHKB-DT","Exc L3-4 RORB CUX2",-0.0358941113935572,0.463413120234547,0.19674257019865,0.657731970100583,0.776871523726905,0.776871523726905,"gpath_trio"
"19927","MAPK8IP2","Exc L3-4 RORB CUX2",-0.0281651599684729,5.98894905168715,1.58275745349869,0.209492573338529,0.337419181470926,0.337419181470926,"gpath_trio"
"19928","ARSA","Exc L3-4 RORB CUX2",-0.100921574292189,3.58460351513421,9.5799145821983,0.00218216404061561,0.00822285385121778,0.00822285385121778,"gpath_trio"
"19929","SHANK3","Exc L3-4 RORB CUX2",0.211014052075602,5.48783879506434,48.2005797560078,3.06596457766203e-11,1.00742402857217e-09,1.00742402857217e-09,"gpath_trio"
"19930","RABL2B","Exc L3-4 RORB CUX2",0.0108750366344307,4.87553494762543,0.221352729923089,0.638405554875402,0.760672368796577,0.760672368796577,"gpath_trio"
"19931","GATD3B","Exc L3-4 RORB CUX2",-0.166661691642066,0.275971468253862,2.89163405090406,0.0902362788613827,0.176247397309563,0.176247397309563,"gpath_trio"
"19932","FP565260.2","Exc L3-4 RORB CUX2",0.223091016317556,1.8027106455706,18.4098236513264,2.51479680735637e-05,0.000176166755515329,0.000176166755515329,"gpath_trio"
"19933","FP565260.1","Exc L3-4 RORB CUX2",-0.179012700967002,1.08582821089352,2.64583505860444,0.105032888420818,0.198554389925801,0.198554389925801,"gpath_trio"
"19934","FP565260.6","Exc L3-4 RORB CUX2",-0.264605206594926,1.0983142137518,14.1625125648436,0.000207283551518644,0.00110022248142295,0.00110022248142295,"gpath_trio"
"19935","CU633967.1","Exc L3-4 RORB CUX2",0.279191652236477,2.91815648040384,3.53248533304043,0.0612958441073509,0.129873741360412,0.129873741360412,"gpath_trio"
"19936","FP236315.1","Exc L3-4 RORB CUX2",-0.0182697574596666,0.793467068079321,0.0475848860742917,0.827491449770497,0.901341107824197,0.901341107824197,"gpath_trio"
"19937","U2AF1L5","Exc L3-4 RORB CUX2",-0.163138484837178,1.54148942800396,0.741374222369116,0.390014335905668,0.537688890726859,0.537688890726859,"gpath_trio"
"19938","FP475955.1","Exc L3-4 RORB CUX2",0.150447203383392,3.57370547428634,1.55878884110838,0.212965670514615,0.341563780681272,0.341563780681272,"gpath_trio"
"19939","SMIM11B","Exc L3-4 RORB CUX2",0.192992006013706,1.161871832149,8.79499172270705,0.00330137922905686,0.0116933507630306,0.0116933507630306,"gpath_trio"
"19940","FP671120.1","Exc L3-4 RORB CUX2",0.37914594702604,6.33264638990213,15.3846379775497,0.00011228064697793,0.000644639172674938,0.000644639172674938,"gpath_trio"
"19941","FP236383.1","Exc L3-4 RORB CUX2",0.341906776215568,5.8302682276037,12.23997228196,0.000550089362244562,0.00254542497323029,0.00254542497323029,"gpath_trio"
"19942","CR392039.3","Exc L3-4 RORB CUX2",-0.120484792141267,-1.33037273124905,0.41260550193323,0.521215973933873,0.661853743335592,0.661853743335592,"gpath_trio"
"19943","CR381653.1","Exc L3-4 RORB CUX2",-0.116444561950293,3.62538105626549,1.71313064419254,0.191735329248714,0.314953612407816,0.314953612407816,"gpath_trio"
"19944","LINC01667","Exc L3-4 RORB CUX2",-0.15087405167001,-1.22074653535432,0.505294226565972,0.477820230843493,0.621850302407603,0.621850302407603,"gpath_trio"
"19945","CR382287.2","Exc L3-4 RORB CUX2",0.22284523893469,2.73230178467983,15.7581057975877,9.31949952579269e-05,0.000549608017927119,0.000549608017927119,"gpath_trio"
"19946","TPTE","Exc L3-4 RORB CUX2",-0.0643712710610995,0.546258184910082,0.869640355772997,0.351920031632044,0.499366059795786,0.499366059795786,"gpath_trio"
"19947","AP001464.1","Exc L3-4 RORB CUX2",-0.479269466118206,0.765719855885482,35.6964503303111,7.5568107292617e-09,1.35639374077273e-07,1.35639374077273e-07,"gpath_trio"
"19948","AP001347.1","Exc L3-4 RORB CUX2",0.222771673506257,6.78475684277827,35.3205809109633,8.95486828083119e-09,1.57373229586907e-07,1.57373229586907e-07,"gpath_trio"
"19949","LIPI","Exc L3-4 RORB CUX2",-0.274106784777404,1.02126204363189,10.5169439791648,0.00133747948488127,0.00543149126559574,0.00543149126559574,"gpath_trio"
"19950","RBM11","Exc L3-4 RORB CUX2",0.00135298803432203,3.77147556362969,0.0018160346768083,0.966041178311197,0.982501425237102,0.982501425237102,"gpath_trio"
"19951","HSPA13","Exc L3-4 RORB CUX2",-0.0951804700417142,4.78889545123207,15.2687767658733,0.000118973030060733,0.000678045446744431,0.000678045446744431,"gpath_trio"
"19952","SAMSN1","Exc L3-4 RORB CUX2",0.0184954282327551,1.723692681094,0.070006226518844,0.791537332043941,0.878300829060968,0.878300829060968,"gpath_trio"
"19953","AF127936.2","Exc L3-4 RORB CUX2",0.234037149909653,-0.681150851425748,3.90579859411153,0.049176612947554,0.108817465196948,0.108817465196948,"gpath_trio"
"19954","AF127577.4","Exc L3-4 RORB CUX2",0.187287458968889,3.37099261648667,35.4495079037219,8.44810947617205e-09,1.49509305861203e-07,1.49509305861203e-07,"gpath_trio"
"19955","AF127577.3","Exc L3-4 RORB CUX2",-0.0383585052105698,-0.269161694768333,0.171787839887181,0.678869501481789,0.793982156080875,0.793982156080875,"gpath_trio"
"19956","NRIP1","Exc L3-4 RORB CUX2",0.178121670131093,5.35483845836566,78.9578658620439,1.07809616293029e-16,1.27196433258003e-14,1.27196433258003e-14,"gpath_trio"
"19957","AF127577.2","Exc L3-4 RORB CUX2",-0.271969329732582,0.437872704546307,10.8721357168841,0.0011123287078902,0.00463949383537002,0.00463949383537002,"gpath_trio"
"19958","AJ009632.2","Exc L3-4 RORB CUX2",0.0744142686942043,9.19911037776788,2.52522104574142,0.113254282711981,0.210430904647569,0.210430904647569,"gpath_trio"
"19959","USP25","Exc L3-4 RORB CUX2",0.0915427222544523,7.63633152632761,29.1066398570001,1.54106892221833e-07,1.98035537276037e-06,1.98035537276037e-06,"gpath_trio"
"19960","MIR99AHG","Exc L3-4 RORB CUX2",0.152814179015944,9.60262580810393,63.4176594206715,5.22973252466305e-14,3.30751892429708e-12,3.30751892429708e-12,"gpath_trio"
"19961","AP001172.1","Exc L3-4 RORB CUX2",0.0567844346489242,1.50230166163589,0.742449646691968,0.389671250091307,0.537436250382289,0.537436250382289,"gpath_trio"
"19962","AP000962.1","Exc L3-4 RORB CUX2",-0.206309406872116,0.255814570084205,5.2342323624375,0.0229497591266456,0.058471897656796,0.058471897656796,"gpath_trio"
"19963","AF130359.1","Exc L3-4 RORB CUX2",0.118241219480733,0.425067979361453,1.77160713822877,0.184349259083295,0.30598488704282,0.30598488704282,"gpath_trio"
"19964","AF212831.1","Exc L3-4 RORB CUX2",0.308553991061694,-0.956426179218818,5.02753985990822,0.0257906560392666,0.0642299081091476,0.0642299081091476,"gpath_trio"
"19965","CXADR","Exc L3-4 RORB CUX2",0.0191193864940718,5.8330345947272,0.958981952612517,0.328353795645877,0.474503103442129,0.474503103442129,"gpath_trio"
"19966","BTG3","Exc L3-4 RORB CUX2",-0.00213485632616344,2.53183067081372,0.00140043110026212,0.970176980741267,0.984603555053695,0.984603555053695,"gpath_trio"
"19967","C21orf91-OT1","Exc L3-4 RORB CUX2",0.255950921164397,-0.292925733665274,5.92207499421479,0.0156266050689425,0.0428817678544498,0.0428817678544498,"gpath_trio"
"19968","C21orf91","Exc L3-4 RORB CUX2",0.125142662291685,1.15548164286142,1.5502378346823,0.214221313164972,0.342845866500342,0.342845866500342,"gpath_trio"
"19969","AL109761.1","Exc L3-4 RORB CUX2",0.111273299586947,-0.950073540780443,0.692295556203601,0.40614819943977,0.554550617467337,0.554550617467337,"gpath_trio"
"19970","CHODL-AS1","Exc L3-4 RORB CUX2",-0.0286817527850891,-0.707638020853844,0.0589920714928391,0.808287657654429,0.889160495811238,0.889160495811238,"gpath_trio"
"19971","CHODL","Exc L3-4 RORB CUX2",0.222201200100826,4.74154641763499,11.2325812224501,0.000923159701230623,0.00395429872023945,0.00395429872023945,"gpath_trio"
"19972","AF130417.1","Exc L3-4 RORB CUX2",-0.0969248840019761,-0.38646005854172,0.738808891773741,0.390834490287836,0.538672348787887,0.538672348787887,"gpath_trio"
"19973","TMPRSS15","Exc L3-4 RORB CUX2",-0.129878586131529,0.615270065481101,3.82660234797703,0.051515685987062,0.113007389886808,0.113007389886808,"gpath_trio"
"19974","MIR548XHG","Exc L3-4 RORB CUX2",-0.22284683315341,0.221912596904416,6.97885393341018,0.00874765273629322,0.0264672906350803,0.0264672906350803,"gpath_trio"
"19975","LINC00320","Exc L3-4 RORB CUX2",-0.027516152774644,3.69866939449084,0.19980834248517,0.655247707331444,0.774526745688533,0.774526745688533,"gpath_trio"
"19976","NCAM2","Exc L3-4 RORB CUX2",0.217117566157269,9.41386661530536,59.5823702539164,2.52668822857085e-13,1.37032083364024e-11,1.37032083364024e-11,"gpath_trio"
"19977","AP001117.1","Exc L3-4 RORB CUX2",0.223990830305484,-1.70741897555882,1.11077453899274,0.292892044576412,0.435517172709988,0.435517172709988,"gpath_trio"
"19978","AP000561.1","Exc L3-4 RORB CUX2",-0.459395941465474,-0.813344396908063,12.5726374471364,0.000464106766626302,0.00220210583647358,0.00220210583647358,"gpath_trio"
"19979","LINC01692","Exc L3-4 RORB CUX2",-0.103563883014108,0.287729095565717,2.11946314633877,0.146643896371695,0.256840056367648,0.256840056367648,"gpath_trio"
"19980","AP000146.1","Exc L3-4 RORB CUX2",0.0215246606395054,0.324523855738995,0.0499455014808493,0.823333620401681,0.898794222073889,0.898794222073889,"gpath_trio"
"19981","AP001341.1","Exc L3-4 RORB CUX2",0.260181768831275,3.22159461688845,17.4756614531187,3.97956582732589e-05,0.000263957564357134,0.000263957564357134,"gpath_trio"
"19982","LINC00158","Exc L3-4 RORB CUX2",0.18443537118964,3.99083720886052,28.8988883563495,1.69712994265068e-07,2.16159069400111e-06,2.16159069400111e-06,"gpath_trio"
"19983","AP000221.1","Exc L3-4 RORB CUX2",0.0916486280292203,-0.464860951790347,0.675315033639424,0.411957568388385,0.560132358959137,0.560132358959137,"gpath_trio"
"19984","MIR155HG","Exc L3-4 RORB CUX2",-0.408200818236396,0.931661156034331,25.7082499486295,7.55313993696625e-07,8.05415424039609e-06,8.05415424039609e-06,"gpath_trio"
"19985","AP000223.1","Exc L3-4 RORB CUX2",-0.221416325867336,-0.15973448681068,5.91753414858443,0.0156660084254649,0.0429490039385452,0.0429490039385452,"gpath_trio"
"19986","MRPL39","Exc L3-4 RORB CUX2",-0.0922634954654507,3.93843600267523,10.2879828892627,0.00150675388634314,0.00599699342216863,0.00599699342216863,"gpath_trio"
"19987","JAM2","Exc L3-4 RORB CUX2",-0.0286960493068636,4.46433609925145,0.411296610028139,0.521877042676283,0.662234689980125,0.662234689980125,"gpath_trio"
"19988","ATP5PF","Exc L3-4 RORB CUX2",-0.288465370381655,5.27575006932212,151.76166877228,8.92104495083859e-28,5.6055363352495e-24,5.6055363352495e-24,"gpath_trio"
"19989","GABPA","Exc L3-4 RORB CUX2",0.0498751069288232,4.47412744288021,6.69229534766354,0.0102268343745604,0.0301470460997598,0.0301470460997598,"gpath_trio"
"19990","APP","Exc L3-4 RORB CUX2",0.0534327452842855,9.20642860353062,10.5284616743659,0.00132949529360978,0.00540341812018076,0.00540341812018076,"gpath_trio"
"19991","AP001439.1","Exc L3-4 RORB CUX2",-0.436078067229379,2.09072182412774,36.9013562786223,4.39311319421029e-09,8.4490999707524e-08,8.4490999707524e-08,"gpath_trio"
"19992","AP000229.1","Exc L3-4 RORB CUX2",0.0614646379939649,3.57972779463598,3.44557048515652,0.0645527624013011,0.135242219138521,0.135242219138521,"gpath_trio"
"19993","AP001596.1","Exc L3-4 RORB CUX2",0.108583616027055,1.21463457667251,2.22581055261442,0.136933711787271,0.244049261069629,0.244049261069629,"gpath_trio"
"19994","CYYR1-AS1","Exc L3-4 RORB CUX2",0.127608767639844,3.17349080499811,5.32923933752712,0.0217554093202081,0.0560341354570661,0.0560341354570661,"gpath_trio"
"19995","CYYR1","Exc L3-4 RORB CUX2",-0.100786384254757,1.34404023087817,1.3866033795326,0.240056273129252,0.373669879668441,0.373669879668441,"gpath_trio"
"19996","ADAMTS1","Exc L3-4 RORB CUX2",0.103531644149237,-1.65856522212176,0.21407491821809,0.643980573598708,0.765469161159131,0.765469161159131,"gpath_trio"
"19997","AP001599.1","Exc L3-4 RORB CUX2",0.135591555520503,1.8355090915044,3.14884475681117,0.0771508385284769,0.156026279802729,0.156026279802729,"gpath_trio"
"19998","AP001605.1","Exc L3-4 RORB CUX2",0.160816060361388,0.48293260494137,2.8506181941988,0.0925377685907044,0.179617896108064,0.179617896108064,"gpath_trio"
"19999","AP001604.1","Exc L3-4 RORB CUX2",0.0448596671731374,-0.309119372607321,0.162024347160192,0.687630281133047,0.80065452310609,0.80065452310609,"gpath_trio"
"20000","AJ006995.1","Exc L3-4 RORB CUX2",0.159571807046619,-0.995121433491192,1.57967688806382,0.209935155225631,0.337890251163684,0.337890251163684,"gpath_trio"
"20001","LINC01695","Exc L3-4 RORB CUX2",0.0790070442319921,3.19930909630117,1.27146126526511,0.26053219984985,0.398471467816748,0.398471467816748,"gpath_trio"
"20002","AF165147.1","Exc L3-4 RORB CUX2",0.0125742838088164,5.05710687962448,0.0615317080116002,0.804286982610666,0.886761302475037,0.886761302475037,"gpath_trio"
"20003","N6AMT1","Exc L3-4 RORB CUX2",0.00232356647711651,2.71650902141152,0.0047035812152857,0.945374534695034,0.973406718254176,0.973406718254176,"gpath_trio"
"20004","LTN1","Exc L3-4 RORB CUX2",-0.00162082530848447,5.21560721188091,0.00970510252546995,0.921599680714015,0.959900545090617,0.959900545090617,"gpath_trio"
"20005","RWDD2B","Exc L3-4 RORB CUX2",-0.0862384280597542,2.81932885122813,3.02099398921108,0.083376965914675,0.165733272902527,0.165733272902527,"gpath_trio"
"20006","USP16","Exc L3-4 RORB CUX2",-0.0741676715676745,4.6023384299737,10.9527146423279,0.00106686832771887,0.00448044723391512,0.00448044723391512,"gpath_trio"
"20007","CCT8","Exc L3-4 RORB CUX2",-0.0869907387353075,5.05922085523456,16.8227711229789,5.49330547255956e-05,0.000349613368797757,0.000349613368797757,"gpath_trio"
"20008","MAP3K7CL","Exc L3-4 RORB CUX2",-0.0580092020398624,2.76782377645216,1.07973256752025,0.299722711940766,0.443059109187116,0.443059109187116,"gpath_trio"
"20009","BACH1","Exc L3-4 RORB CUX2",-0.0545946214659415,3.69747905313061,2.09513738595771,0.148973059090374,0.26008406603914,0.26008406603914,"gpath_trio"
"20010","GRIK1","Exc L3-4 RORB CUX2",0.434083983655482,5.11117490845389,7.86233915535789,0.00542817659208048,0.0178418805384854,0.0178418805384854,"gpath_trio"
"20011","TIAM1","Exc L3-4 RORB CUX2",0.044430279282602,7.03529731210456,1.85429274646789,0.174463660850491,0.293292588755825,0.293292588755825,"gpath_trio"
"20012","AP000253.1","Exc L3-4 RORB CUX2",-0.01183103907906,0.52740546117445,0.0269520323805902,0.86972428189226,0.929675076145828,0.929675076145828,"gpath_trio"
"20013","SOD1","Exc L3-4 RORB CUX2",-0.19822610801494,6.15496718610798,64.2338079540829,3.75004034318238e-14,2.48582234555307e-12,2.48582234555307e-12,"gpath_trio"
"20014","AP000254.1","Exc L3-4 RORB CUX2",-0.221067063983493,-0.674058167715473,4.27603870323899,0.049173728066872,0.108817465196948,0.108817465196948,"gpath_trio"
"20015","SCAF4","Exc L3-4 RORB CUX2",0.0397877327470764,5.22423139100941,5.32836471359741,0.0217661037364263,0.0560545242382437,0.0560545242382437,"gpath_trio"
"20016","HUNK","Exc L3-4 RORB CUX2",0.109886354177538,5.70640818159309,9.96916513670712,0.00177956490512422,0.00689773716827686,0.00689773716827686,"gpath_trio"
"20017","LINC00159","Exc L3-4 RORB CUX2",0.135286859928176,5.3265864123405,31.0868787390763,6.17213136577258e-08,8.70788463667565e-07,8.70788463667565e-07,"gpath_trio"
"20018","AP000265.1","Exc L3-4 RORB CUX2",0.138580484998496,0.513845257461401,2.04640249693501,0.153766989763038,0.266241762656136,0.266241762656136,"gpath_trio"
"20019","MIS18A","Exc L3-4 RORB CUX2",-0.0539715848491852,3.12047552951642,3.12615433151913,0.0782179790821129,0.157678629894247,0.157678629894247,"gpath_trio"
"20020","MIS18A-AS1","Exc L3-4 RORB CUX2",0.0291630123632815,-0.25902132803948,0.0984478642663725,0.961552124149315,0.980168842616133,0.980168842616133,"gpath_trio"
"20021","MRAP","Exc L3-4 RORB CUX2",-0.0606035703782139,-0.543990754133476,0.298640914114416,0.585204342789846,0.717371906437352,0.717371906437352,"gpath_trio"
"20022","URB1","Exc L3-4 RORB CUX2",0.00691492474762749,5.0789213035893,0.1223959527199,0.726733489927546,0.831076304233547,0.831076304233547,"gpath_trio"
"20023","URB1-AS1","Exc L3-4 RORB CUX2",-0.309277858491841,1.44030081604427,34.3885965990217,1.36566238011363e-08,2.29985296484077e-07,2.29985296484077e-07,"gpath_trio"
"20024","EVA1C","Exc L3-4 RORB CUX2",0.00276488707028468,5.51060766637774,0.017428150494137,0.895073957901512,0.945867502341389,0.945867502341389,"gpath_trio"
"20025","TCP10L","Exc L3-4 RORB CUX2",0.00545039191568878,1.54486586423221,0.0114761809950642,0.914770888792428,0.956997192962486,0.956997192962486,"gpath_trio"
"20026","AP000275.2","Exc L3-4 RORB CUX2",-0.00606751190118878,1.45732468046877,0.0101263801082241,0.919921798419071,0.959599542197158,0.959599542197158,"gpath_trio"
"20027","CFAP298","Exc L3-4 RORB CUX2",0.0305118953375105,0.256855890595362,0.0866387047142279,0.768729500563427,0.862532533017252,0.862532533017252,"gpath_trio"
"20028","SYNJ1","Exc L3-4 RORB CUX2",-0.0110756243875377,6.88193197879817,0.693251047474086,0.405824894665118,0.554221705128867,0.554221705128867,"gpath_trio"
"20029","PAXBP1-AS1","Exc L3-4 RORB CUX2",-0.0502424762827593,2.96745463745822,1.79063900772222,0.182017400023163,0.303011885920234,0.303011885920234,"gpath_trio"
"20030","PAXBP1","Exc L3-4 RORB CUX2",0.0657796471581156,5.6883059624802,14.0117258089325,0.000223655808036367,0.00117629195180754,0.00117629195180754,"gpath_trio"
"20031","C21orf62-AS1","Exc L3-4 RORB CUX2",0.115358467230735,3.77828389995681,7.31737192909249,0.00728034823688266,0.0226871735132978,0.0226871735132978,"gpath_trio"
"20032","C21orf62","Exc L3-4 RORB CUX2",-0.162761537971831,-0.130022310590506,2.65024486227729,0.104745053732186,0.198216537145273,0.198216537145273,"gpath_trio"
"20033","IL10RB","Exc L3-4 RORB CUX2",-0.173791522008394,0.604714771608589,4.30504049657709,0.0389832541919421,0.0903488975671949,0.0903488975671949,"gpath_trio"
"20034","IFNAR1","Exc L3-4 RORB CUX2",0.00400814868334954,5.09615224175976,0.0404626743230564,0.840735929635327,0.91011683105611,0.91011683105611,"gpath_trio"
"20035","IFNGR2","Exc L3-4 RORB CUX2",-0.0200933164911518,5.24593664815967,1.18633943480928,0.277077663989521,0.417354178810556,0.417354178810556,"gpath_trio"
"20036","TMEM50B","Exc L3-4 RORB CUX2",-0.0546176881497943,4.90279314589373,4.12514631691333,0.0432677060528925,0.0981036153761639,0.0981036153761639,"gpath_trio"
"20037","AP000302.1","Exc L3-4 RORB CUX2",-0.00529473271423417,-0.100011718586773,0.00382345615707616,0.950742451175351,0.97608707213768,0.97608707213768,"gpath_trio"
"20038","DNAJC28","Exc L3-4 RORB CUX2",0.0122013114852784,2.24464354436631,0.0739091935578103,0.785943527470361,0.874788186401552,0.874788186401552,"gpath_trio"
"20039","GART","Exc L3-4 RORB CUX2",-0.0570385918867443,4.73851090834952,6.26538623915384,0.0129259369802683,0.0366677135231879,0.0366677135231879,"gpath_trio"
"20040","SON","Exc L3-4 RORB CUX2",-0.0572549676610411,7.10125519255594,4.67689389695903,0.0314828876239753,0.0756872328186013,0.0756872328186013,"gpath_trio"
"20041","DONSON","Exc L3-4 RORB CUX2",0.0314476184675263,3.0510874751027,0.795542250226133,0.373254200930665,0.52160445409546,0.52160445409546,"gpath_trio"
"20042","AP000311.1","Exc L3-4 RORB CUX2",-0.331775782743678,4.42213949905447,120.423167192718,2.83167098512952e-23,2.59677100568127e-20,2.59677100568127e-20,"gpath_trio"
"20043","ITSN1","Exc L3-4 RORB CUX2",0.0404184348069478,7.60334580042825,14.6707765999924,0.000160527054709929,0.000878173560957294,0.000878173560957294,"gpath_trio"
"20044","LINC00649","Exc L3-4 RORB CUX2",-0.176292142922226,0.713092835025383,7.12901072212047,0.00806246526958788,0.0247053822621409,0.0247053822621409,"gpath_trio"
"20045","MRPS6","Exc L3-4 RORB CUX2",-0.02827389939368,5.03957454650912,0.752353630800375,0.386531878471841,0.534604829517336,0.534604829517336,"gpath_trio"
"20046","LINC00310","Exc L3-4 RORB CUX2",0.103147748638481,2.96465446204657,4.29177043816112,0.0392834446303328,0.0909711781593053,0.0909711781593053,"gpath_trio"
"20047","AP000317.1","Exc L3-4 RORB CUX2",-0.0164592544630609,3.73383484689194,0.13674049107146,0.711844159607402,0.820045447386475,0.820045447386475,"gpath_trio"
"20048","KCNE2","Exc L3-4 RORB CUX2",-0.215345575264773,0.929925547621092,8.69080791879391,0.00348890777686768,0.012233005630571,0.012233005630571,"gpath_trio"
"20049","AP000322.1","Exc L3-4 RORB CUX2",-0.00494244091617458,0.309891914679686,0.00423657773248327,0.948153155736273,0.974725600865188,0.974725600865188,"gpath_trio"
"20050","KCNE1","Exc L3-4 RORB CUX2",-0.0246861506802642,1.63942247548101,0.110256518801136,0.740119798128789,0.841519213663678,0.841519213663678,"gpath_trio"
"20051","RCAN1","Exc L3-4 RORB CUX2",-0.0222602637177952,5.55819168503148,1.05630542833737,0.341976688367963,0.48852083040598,0.48852083040598,"gpath_trio"
"20052","CLIC6","Exc L3-4 RORB CUX2",-0.392950627194959,-0.889502066448822,9.51331171754265,0.00225985748218333,0.00847604103049799,0.00847604103049799,"gpath_trio"
"20053","RUNX1","Exc L3-4 RORB CUX2",-0.0400919792748888,4.5175833238244,0.352897850937482,0.55299379322828,0.690286322570069,0.690286322570069,"gpath_trio"
"20054","SETD4","Exc L3-4 RORB CUX2",-0.0228569154357803,4.23733465908378,0.91156806727747,0.340585516826614,0.487223484505208,0.487223484505208,"gpath_trio"
"20055","CBR1","Exc L3-4 RORB CUX2",0.0269783997256214,3.00342033329596,0.4745806272325,0.491501638436816,0.635236742822727,0.635236742822727,"gpath_trio"
"20056","CBR3","Exc L3-4 RORB CUX2",-0.146081703744522,2.83453995263191,12.2415631394356,0.000549641800844937,0.00254393744713159,0.00254393744713159,"gpath_trio"
"20057","DOPEY2","Exc L3-4 RORB CUX2",0.0570802288038128,6.65443261181145,10.3693901644243,0.00144419841661928,0.00579373693682521,0.00579373693682521,"gpath_trio"
"20058","MORC3","Exc L3-4 RORB CUX2",0.0721094324578105,5.75184632443547,19.4176962987361,1.53701873785192e-05,0.000115577163757594,0.000115577163757594,"gpath_trio"
"20059","CHAF1B","Exc L3-4 RORB CUX2",-0.0373489928116021,3.20104028264732,1.249242015051,0.264728970887491,0.403269932622707,0.403269932622707,"gpath_trio"
"20060","AP000695.1","Exc L3-4 RORB CUX2",0.00226594110922692,0.450688091295319,0.00100424799595843,0.97474368388403,0.986577726501796,0.986577726501796,"gpath_trio"
"20061","AP000695.2","Exc L3-4 RORB CUX2",-0.136189611424495,0.312484195875229,2.68159999298285,0.102723330039999,0.195145309186157,0.195145309186157,"gpath_trio"
"20062","CLDN14","Exc L3-4 RORB CUX2",-0.247060482606259,-0.0274178505962156,10.1178720967544,0.00164654614614158,0.0064641114026866,0.0064641114026866,"gpath_trio"
"20063","HLCS","Exc L3-4 RORB CUX2",0.12000308273303,6.96681024847209,42.9869665435273,2.95105088170397e-10,7.41437752657254e-09,7.41437752657254e-09,"gpath_trio"
"20064","AP000704.1","Exc L3-4 RORB CUX2",0.0320838716240597,0.909143120651921,0.169191276775315,0.681170384137877,0.795566313533731,0.795566313533731,"gpath_trio"
"20065","RIPPLY3","Exc L3-4 RORB CUX2",-0.0230517911468094,-1.07131322471097,0.0343132535619611,0.884530035129842,0.939330111524611,0.939330111524611,"gpath_trio"
"20066","PIGP","Exc L3-4 RORB CUX2",0.0275949634281222,3.54493431106922,0.468712543693999,0.494189864750234,0.637730620528078,0.637730620528078,"gpath_trio"
"20067","TTC3","Exc L3-4 RORB CUX2",0.0690800627387526,9.00896320883567,19.8056084630392,1.27266054794377e-05,9.81870996358148e-05,9.81870996358148e-05,"gpath_trio"
"20068","TTC3-AS1","Exc L3-4 RORB CUX2",-0.484890427027069,1.71346805945877,45.4312605829461,1.01521590757748e-10,2.85662216671907e-09,2.85662216671907e-09,"gpath_trio"
"20069","DSCR9","Exc L3-4 RORB CUX2",0.178049844786459,0.305936479321353,6.26693188371948,0.0129149370859357,0.036641661610006,0.036641661610006,"gpath_trio"
"20070","AP001432.1","Exc L3-4 RORB CUX2",0.0424297216588481,1.39941071485836,0.557348283007236,0.456005141523549,0.601851611293838,0.601851611293838,"gpath_trio"
"20071","VPS26C","Exc L3-4 RORB CUX2",0.0262533100631345,5.30497916226272,2.28537277303192,0.131813193517205,0.237038165541458,0.237038165541458,"gpath_trio"
"20072","AP001412.1","Exc L3-4 RORB CUX2",-0.22454511378712,-0.588860649503012,3.9480799344088,0.056907570735828,0.122100418972172,0.122100418972172,"gpath_trio"
"20073","DYRK1A","Exc L3-4 RORB CUX2",0.0576928728346843,7.38402348426893,18.1401303402971,2.87034980365142e-05,0.00019825165110807,0.00019825165110807,"gpath_trio"
"20074","KCNJ6","Exc L3-4 RORB CUX2",0.18078429566285,7.86584656292977,107.072627802065,3.06431293127236e-21,1.58770985282406e-18,1.58770985282406e-18,"gpath_trio"
"20075","KCNJ15","Exc L3-4 RORB CUX2",-0.072857699814775,-0.848812919482256,0.355764641468145,0.55138685395893,0.689020116359332,0.689020116359332,"gpath_trio"
"20076","ERG","Exc L3-4 RORB CUX2",-0.253166093441677,0.646010714904181,9.08429618835238,0.00283287906405215,0.0102664514311572,0.0102664514311572,"gpath_trio"
"20077","ETS2","Exc L3-4 RORB CUX2",-0.198639426915475,5.74132799942377,33.6690188480177,1.89382262250743e-08,3.06890533406325e-07,3.06890533406325e-07,"gpath_trio"
"20078","AP001043.1","Exc L3-4 RORB CUX2",-0.02727685931943,2.44206485298956,0.201292574016815,0.654053214507991,0.77370411038984,0.77370411038984,"gpath_trio"
"20079","LINC01700","Exc L3-4 RORB CUX2",0.0562123352938788,0.641100330472967,0.543958570531902,0.461461847215841,0.607226243645942,0.607226243645942,"gpath_trio"
"20080","AF064858.1","Exc L3-4 RORB CUX2",0.124779390999124,2.22794235343047,5.71989506925049,0.0174848951897884,0.0469404870863581,0.0469404870863581,"gpath_trio"
"20081","AF064858.3","Exc L3-4 RORB CUX2",0.439654831487066,-0.838590196202829,13.3276438634426,0.00031610987182971,0.00158447618985451,0.00158447618985451,"gpath_trio"
"20082","PSMG1","Exc L3-4 RORB CUX2",-0.151844954603189,3.22763171131893,21.0448765821486,6.98294257401123e-06,5.75258744102395e-05,5.75258744102395e-05,"gpath_trio"
"20083","BRWD1","Exc L3-4 RORB CUX2",0.0431490151078469,7.76028437280841,9.1151935592346,0.00278703933873716,0.0101239680696835,0.0101239680696835,"gpath_trio"
"20084","AF129408.1","Exc L3-4 RORB CUX2",-0.315835429049966,-0.452389878879939,7.91417738104527,0.00527933179695463,0.0174179098942861,0.0174179098942861,"gpath_trio"
"20085","BRWD1-AS1","Exc L3-4 RORB CUX2",0.194885126483653,-0.0556659411448638,4.97498450189066,0.0265700437856611,0.0657730838497808,0.0657730838497808,"gpath_trio"
"20086","HMGN1","Exc L3-4 RORB CUX2",-0.0565688756083422,4.68819413469879,4.66365358637625,0.0317220639870555,0.0761714640488984,0.0761714640488984,"gpath_trio"
"20087","WRB","Exc L3-4 RORB CUX2",-0.032894255612859,5.29705989264261,1.15175112769353,0.284177896762896,0.425475997565227,0.425475997565227,"gpath_trio"
"20088","LCA5L","Exc L3-4 RORB CUX2",-0.156254140196062,1.521589253312,5.54962227118027,0.01922761573472,0.0506737098221042,0.0506737098221042,"gpath_trio"
"20089","SH3BGR","Exc L3-4 RORB CUX2",0.0178267316658944,3.08971297686478,0.210982413117486,0.64638227472829,0.767239065284653,0.767239065284653,"gpath_trio"
"20090","B3GALT5","Exc L3-4 RORB CUX2",0.174452324444675,4.22590447923216,13.6456018487261,0.000269091956757164,0.00138246249747283,0.00138246249747283,"gpath_trio"
"20091","B3GALT5-AS1","Exc L3-4 RORB CUX2",0.120537502685146,-0.249735862272673,1.08729437418324,0.29804001389152,0.441374622738631,0.441374622738631,"gpath_trio"
"20092","IGSF5","Exc L3-4 RORB CUX2",0.0655159731231713,1.19107338536209,0.696205474679063,0.404827603156516,0.553047903355322,0.553047903355322,"gpath_trio"
"20093","PCP4","Exc L3-4 RORB CUX2",-0.276620601639189,3.57529954045041,10.1228036032433,0.00164231293229352,0.00645125845191236,0.00645125845191236,"gpath_trio"
"20094","DSCAM","Exc L3-4 RORB CUX2",0.169609130418195,10.3288580979722,79.8706145556065,7.56791990667417e-17,9.48340274019574e-15,9.48340274019574e-15,"gpath_trio"
"20095","BACE2","Exc L3-4 RORB CUX2",0.246041512890845,4.83234998746412,20.1581843371501,1.07242756354644e-05,8.43517586532144e-05,8.43517586532144e-05,"gpath_trio"
"20096","MX2","Exc L3-4 RORB CUX2",-0.170429720844756,0.532978342980352,3.26878670165539,0.0717652835636702,0.147155665809233,0.147155665809233,"gpath_trio"
"20097","MX1","Exc L3-4 RORB CUX2",0.0131335642396032,4.14584407666687,0.125676709803437,0.723244729495696,0.828636629994643,0.828636629994643,"gpath_trio"
"20098","AP001610.1","Exc L3-4 RORB CUX2",-0.35684352128014,-0.146475279883233,11.593115456228,0.00076660876544343,0.00337766583158358,0.00337766583158358,"gpath_trio"
"20099","PRDM15","Exc L3-4 RORB CUX2",0.0436765196883145,4.22562129093181,2.47673386621784,0.116757966241726,0.215575360934092,0.215575360934092,"gpath_trio"
"20100","C2CD2","Exc L3-4 RORB CUX2",0.0718861761568509,5.90797974851341,11.0989812646936,0.000989124759687984,0.00420418971842412,0.00420418971842412,"gpath_trio"
"20101","ZBTB21","Exc L3-4 RORB CUX2",0.0348463637039545,4.01108090250254,1.36915437783343,0.243028642693878,0.377364955464403,0.377364955464403,"gpath_trio"
"20102","ZNF295-AS1","Exc L3-4 RORB CUX2",0.0472499958326904,0.891750423910198,0.437784309159239,0.774388266591036,0.86670827019162,0.86670827019162,"gpath_trio"
"20103","UMODL1","Exc L3-4 RORB CUX2",-0.0420409799708119,0.334177654326409,0.268809718635424,0.604572282997371,0.733007560665382,0.733007560665382,"gpath_trio"
"20104","ABCG1","Exc L3-4 RORB CUX2",0.135037291631539,4.13923684881159,19.9623437207156,1.17935635654139e-05,9.18313951880455e-05,9.18313951880455e-05,"gpath_trio"
"20105","RSPH1","Exc L3-4 RORB CUX2",0.0196617380899661,3.96898029528751,0.358892744422221,0.944623523682758,0.973030715322151,0.973030715322151,"gpath_trio"
"20106","SLC37A1","Exc L3-4 RORB CUX2",0.0770897110032409,5.12485989754441,10.924480125231,0.00108257801200791,0.0045341522508324,0.0045341522508324,"gpath_trio"
"20107","AP001628.1","Exc L3-4 RORB CUX2",0.116706326759223,1.77771615391015,3.31467537869548,0.0698133351396639,0.14406096312189,0.14406096312189,"gpath_trio"
"20108","WDR4","Exc L3-4 RORB CUX2",0.103782464017238,3.00498592639327,7.57321438939645,0.00634114121317084,0.0203067498374161,0.0203067498374161,"gpath_trio"
"20109","NDUFV3","Exc L3-4 RORB CUX2",0.0384974517932513,5.47486379149164,3.39004753198635,0.0667302144258749,0.138892198085425,0.138892198085425,"gpath_trio"
"20110","ERVH48-1","Exc L3-4 RORB CUX2",-0.120588772123708,-0.636015020522213,0.976358344785947,0.324018152923391,0.469549363254518,0.469549363254518,"gpath_trio"
"20111","PKNOX1","Exc L3-4 RORB CUX2",0.153052996080995,5.82811271406379,43.5503679019456,2.30559518340832e-10,5.95587488159576e-09,5.95587488159576e-09,"gpath_trio"
"20112","U2AF1","Exc L3-4 RORB CUX2",0.129841388714492,2.21257490994786,0.690686763269084,0.406693412963601,0.555144763636038,0.555144763636038,"gpath_trio"
"20113","HSF2BP","Exc L3-4 RORB CUX2",-0.0601199917882599,2.30267693064363,1.74350724927925,0.18785618009255,0.310426606058416,0.310426606058416,"gpath_trio"
"20114","RRP1B","Exc L3-4 RORB CUX2",0.0309372630214987,4.68918998708734,1.92655084077235,0.166324490293946,0.282432492044193,0.282432492044193,"gpath_trio"
"20115","PDXK","Exc L3-4 RORB CUX2",0.0388606447077383,6.77079044714373,6.2538786719689,0.0130081382853974,0.0368594367848163,0.0368594367848163,"gpath_trio"
"20116","CSTB","Exc L3-4 RORB CUX2",-0.217020789375428,4.70991904413754,58.12114871066,4.62931322974823e-13,2.32329339328783e-11,2.32329339328783e-11,"gpath_trio"
"20117","RRP1","Exc L3-4 RORB CUX2",-0.0649917309076085,3.71991496596642,5.24899035992279,0.0227598375245567,0.0580578735690897,0.0580578735690897,"gpath_trio"
"20118","AGPAT3","Exc L3-4 RORB CUX2",0.0593007150452,5.93200389093845,15.1337887975145,0.000127282421126753,0.00071830009684818,0.00071830009684818,"gpath_trio"
"20119","TRAPPC10","Exc L3-4 RORB CUX2",0.0462279875782798,5.64649333543938,5.73593177508616,0.0173294486306273,0.0466414778849485,0.0466414778849485,"gpath_trio"
"20120","PWP2","Exc L3-4 RORB CUX2",0.2502221958578,-0.0156139827615,1.04383646634909,0.307880546601564,0.45201352251787,0.45201352251787,"gpath_trio"
"20121","GATD3A","Exc L3-4 RORB CUX2",0.0864410993124499,2.06068271816895,0.529882862078932,0.467311130559209,0.612620171559815,0.612620171559815,"gpath_trio"
"20122","AIRE","Exc L3-4 RORB CUX2",-0.0671156974938709,0.801262414498288,0.574638206141063,0.449108204348752,0.59528007507628,0.59528007507628,"gpath_trio"
"20123","PFKL","Exc L3-4 RORB CUX2",-0.00355892323953086,5.11083881368194,0.0163755671221549,0.898273964133334,0.947690070929771,0.947690070929771,"gpath_trio"
"20124","C21orf2","Exc L3-4 RORB CUX2",-0.113887641979089,3.92139607791787,16.5898620394708,6.16476424949636e-05,0.000385775802523539,0.000385775802523539,"gpath_trio"
"20125","AP001062.1","Exc L3-4 RORB CUX2",0.0411125340541479,0.673066231828596,0.269439900811755,0.604149275863446,0.732538712695777,0.732538712695777,"gpath_trio"
"20126","TRPM2","Exc L3-4 RORB CUX2",0.119942224239369,6.38054081745833,25.8543183620019,7.05069048570719e-07,7.55832521515104e-06,7.55832521515104e-06,"gpath_trio"
"20127","TRPM2-AS","Exc L3-4 RORB CUX2",0.143009436346034,-0.350227217408578,2.10153904793163,0.569461577221231,0.704450752372207,0.704450752372207,"gpath_trio"
"20128","TSPEAR","Exc L3-4 RORB CUX2",0.107035926966634,1.1901094198228,2.45829345197968,0.118121916675266,0.21739734254,0.21739734254,"gpath_trio"
"20129","TSPEAR-AS2","Exc L3-4 RORB CUX2",0.459079680236342,-1.01166783489086,7.55324560563601,0.00641139277269136,0.0204732271587604,0.0204732271587604,"gpath_trio"
"20130","UBE2G2","Exc L3-4 RORB CUX2",0.093592372174911,6.20625066047024,30.6585581681643,7.51790366399148e-08,1.03948479676316e-06,1.03948479676316e-06,"gpath_trio"
"20131","SUMO3","Exc L3-4 RORB CUX2",-0.0847733211560055,4.98468939396648,7.22003891339823,0.00767423593978297,0.0237356599854548,0.0237356599854548,"gpath_trio"
"20132","PTTG1IP","Exc L3-4 RORB CUX2",0.0374907827973049,4.17447399683379,1.58497807264518,0.209174227468107,0.337014058390758,0.337014058390758,"gpath_trio"
"20133","ITGB2","Exc L3-4 RORB CUX2",-0.00440613111509792,0.512821375184262,0.00446995285884363,0.946746364393974,0.974083052803376,0.974083052803376,"gpath_trio"
"20134","ITGB2-AS1","Exc L3-4 RORB CUX2",-0.0863549568768985,-1.09438331273175,0.40411416294681,0.525531259387765,0.665992032546994,0.665992032546994,"gpath_trio"
"20135","LINC01547","Exc L3-4 RORB CUX2",-0.0586697814186258,0.252175061933825,0.591992489978564,0.442348067480301,0.589028596225667,0.589028596225667,"gpath_trio"
"20136","FAM207A","Exc L3-4 RORB CUX2",-0.0686971565031532,2.55594268508929,2.63512998229128,0.105735258504762,0.199533143796986,0.199533143796986,"gpath_trio"
"20137","AP001505.1","Exc L3-4 RORB CUX2",-0.0320207011150431,2.07888702258896,0.379459121631749,0.538431734911654,0.677270482695117,0.677270482695117,"gpath_trio"
"20138","ADARB1","Exc L3-4 RORB CUX2",0.0811717588189119,6.18902130688612,19.0702330579486,1.82076205344485e-05,0.000133238572463728,0.000133238572463728,"gpath_trio"
"20139","LINC00334","Exc L3-4 RORB CUX2",0.307241524728587,-0.448154061383929,3.56451648749253,0.0601403414538068,0.127840205334586,0.127840205334586,"gpath_trio"
"20140","POFUT2","Exc L3-4 RORB CUX2",-0.0418238930576295,3.29488827452833,1.6980287660798,0.193698773114526,0.317609943724444,0.317609943724444,"gpath_trio"
"20141","COL18A1","Exc L3-4 RORB CUX2",-0.109248909058709,3.23676768637243,1.09465875489406,0.296412944152016,0.439555494706737,0.439555494706737,"gpath_trio"
"20142","COL18A1-AS1","Exc L3-4 RORB CUX2",-0.198497573467554,-0.640237928743817,2.7648856760456,0.0975585169641145,0.187148719192832,0.187148719192832,"gpath_trio"
"20143","SLC19A1","Exc L3-4 RORB CUX2",0.122466085562419,2.77044998656628,10.978877945746,0.00105251837124783,0.00442755590907524,0.00442755590907524,"gpath_trio"
"20144","PCBP3","Exc L3-4 RORB CUX2",0.173619195226189,4.60108997593718,9.98983776727663,0.00176043605168654,0.00684067745430971,0.00684067745430971,"gpath_trio"
"20145","COL6A1","Exc L3-4 RORB CUX2",-0.00478894309588721,5.92594242168808,0.00990323267592734,0.920806072459821,0.959681325177686,0.959681325177686,"gpath_trio"
"20146","COL6A2","Exc L3-4 RORB CUX2",0.2306957465081,-0.583543827991463,2.0987939516036,0.148620280541001,0.259638065375999,0.259638065375999,"gpath_trio"
"20147","FTCD","Exc L3-4 RORB CUX2",0.0253265247032976,4.89229108752389,0.165759624741518,0.684243165043195,0.797954095650085,0.797954095650085,"gpath_trio"
"20148","SPATC1L","Exc L3-4 RORB CUX2",0.000103484323631893,3.45530002813899,1.49246887218796e-06,0.999026188240117,0.999521614071131,0.999521614071131,"gpath_trio"
"20149","LSS","Exc L3-4 RORB CUX2",0.00855162242886553,5.1480838381748,0.0563457515738018,0.812554673544322,0.891676571642046,0.891676571642046,"gpath_trio"
"20150","MCM3AP-AS1","Exc L3-4 RORB CUX2",0.0754252449744948,3.42975008586176,3.85165823007271,0.0507631176161437,0.1115748881039,0.1115748881039,"gpath_trio"
"20151","MCM3AP","Exc L3-4 RORB CUX2",-0.0642611849172261,5.16440880524516,11.9671746593602,0.000632588662015996,0.00286849096566315,0.00286849096566315,"gpath_trio"
"20152","YBEY","Exc L3-4 RORB CUX2",-0.0528930307412678,3.27197506152951,1.97752079657377,0.160845812729665,0.275402212664092,0.275402212664092,"gpath_trio"
"20153","C21orf58","Exc L3-4 RORB CUX2",0.00407484455456906,2.85203010263933,0.00936035236380244,0.923000326486439,0.960912925685738,0.960912925685738,"gpath_trio"
"20154","PCNT","Exc L3-4 RORB CUX2",0.0946220394970316,6.29109080839353,9.07376502829907,0.00284867879968972,0.0103181498714075,0.0103181498714075,"gpath_trio"
"20155","DIP2A","Exc L3-4 RORB CUX2",0.0500474651885912,5.6136094559856,8.7392628675832,0.00340037001587843,0.0119948511902936,0.0119948511902936,"gpath_trio"
"20156","PRMT2","Exc L3-4 RORB CUX2",-0.0235254073414612,5.56037475230707,1.17291565059769,0.279806280228873,0.420522325954821,0.420522325954821,"gpath_trio"
"20157","MT-ND1","Exc L3-4 RORB CUX2",-0.00702183818770678,10.821411223267,0.0156983766178389,0.90038828530433,0.949275379181379,0.949275379181379,"gpath_trio"
"20158","MT-ND2","Exc L3-4 RORB CUX2",-0.0102069745892455,10.0949180038914,0.0267364070283428,0.870241789266159,0.929932632332879,0.929932632332879,"gpath_trio"
"20159","MT-CO1","Exc L3-4 RORB CUX2",-0.0602208681375998,11.8417896907337,1.18919293669532,0.276501981775292,0.416704824256108,0.416704824256108,"gpath_trio"
"20160","MT-CO2","Exc L3-4 RORB CUX2",0.0763648101214927,11.9442130430242,1.92537872125034,0.166452977851458,0.282604462522357,0.282604462522357,"gpath_trio"
"20161","MT-ATP8","Exc L3-4 RORB CUX2",0.188606677017173,4.17781195170253,4.23563102005174,0.0405806729913611,0.0933540567389636,0.0933540567389636,"gpath_trio"
"20162","MT-ATP6","Exc L3-4 RORB CUX2",0.0905335098225323,11.8113973522071,2.66187385473518,0.103990170040199,0.197050970279047,0.197050970279047,"gpath_trio"
"20163","MT-CO3","Exc L3-4 RORB CUX2",0.00728168530116532,12.275175180611,0.0172756349914383,0.895531416536391,0.945932424252224,0.945932424252224,"gpath_trio"
"20164","MT-ND3","Exc L3-4 RORB CUX2",0.168037015596203,10.897170960074,5.59023890171439,0.0187961390293622,0.0497392582525423,0.0497392582525423,"gpath_trio"
"20165","MT-ND4L","Exc L3-4 RORB CUX2",0.130075318273516,6.56035059476281,3.10975045678725,0.0789994101634826,0.158920440726719,0.158920440726719,"gpath_trio"
"20166","MT-ND4","Exc L3-4 RORB CUX2",0.0453494999068127,11.185048124789,0.706891927680471,0.401250075746159,0.549461771409676,0.549461771409676,"gpath_trio"
"20167","MT-ND5","Exc L3-4 RORB CUX2",0.147155113668976,8.36683430145146,5.8847179982524,0.0159538530196698,0.0435369923808789,0.0435369923808789,"gpath_trio"
"20168","MT-ND6","Exc L3-4 RORB CUX2",-0.298122823525642,1.97556585100372,11.1788184244198,0.000949149052625431,0.00405786864520408,0.00405786864520408,"gpath_trio"
"20169","MT-CYB","Exc L3-4 RORB CUX2",0.0590194950176698,11.3022449659226,1.0340113168136,0.310163654364285,0.454664806132344,0.454664806132344,"gpath_trio"
"20170","AC011043.1","Exc L3-4 RORB CUX2",0.511194303732534,0.868533912984592,2.98399565306908,0.0852789414507554,0.168759455004315,0.168759455004315,"gpath_trio"
"20171","AL592183.1","Exc L3-4 RORB CUX2",0.0252835136551613,5.97217625966833,0.0867232290273505,0.768619948515475,0.862532533017252,0.862532533017252,"gpath_trio"
"20172","AC007325.4","Exc L3-4 RORB CUX2",-0.145199685719195,2.51011035778872,4.89192601494776,0.0278524234726044,0.068335478968721,0.068335478968721,"gpath_trio"
"20173","AL354822.1","Exc L3-4 RORB CUX2",-0.0226057794815636,1.87190862299497,0.0259574941297724,0.872129282476375,0.93096340073867,0.93096340073867,"gpath_trio"
"20174","AC004556.1","Exc L3-4 RORB CUX2",-0.122851675553983,-0.745925545499669,0.241722588063749,0.623379523602885,0.748478360333761,0.748478360333761,"gpath_trio"
"20175","AC240274.1","Exc L3-4 RORB CUX2",-0.0314191121148991,1.82564220469508,0.182306501794156,0.669751859082641,0.786693278818834,0.786693278818834,"gpath_trio"
